"NUM_POSTE","NOM_USUEL","LAT","LON","ALTI","AAAAMMJJHH","RR1","QRR1","DRR1","QDRR1","FF","QFF","DD","QDD","FXY","QFXY","DXY","QDXY","HXY","QHXY","FXI","QFXI","DXI","QDXI","HXI","QHXI","FF2","QFF2","DD2","QDD2","FXI2","QFXI2","DXI2","QDXI2","HXI2","QHXI2","FXI3S","QFXI3S","DXI3S","QDXI3S","HFXI3S","QHFXI3S","T","QT","TD","QTD","TN","QTN","HTN","QHTN","TX","QTX","HTX","QHTX","DG","QDG","T10","QT10","T20","QT20","T50","QT50","T100","QT100","TNSOL","QTNSOL","TN50","QTN50","TCHAUSSEE","QTCHAUSSEE","DHUMEC","QDHUMEC","U","QU","UN","QUN","HUN","QHUN","UX","QUX","HUX","QHUX","DHUMI40","QDHUMI40","DHUMI80","QDHUMI80","TSV","QTSV","PMER","QPMER","PSTAT","QPSTAT","PMERMIN","QPMERMIN","GEOP","QGEOP","N","QN","NBAS","QNBAS","CL","QCL","CM","QCM","CH","QCH","N1","QN1","C1","QC1","B1","QB1","N2","QN2","C2","QC2","B2","QB2","N3","QN3","C3","QC3","B3","QB3","N4","QN4","C4","QC4","B4","QB4","VV","QVV","DVV200","QDVV200","WW","QWW","W1","QW1","W2","QW2","SOL","QSOL","SOLNG","QSOLNG","TMER","QTMER","VVMER","QVVMER","ETATMER","QETATMER","DIRHOULE","QDIRHOULE","HVAGUE","QHVAGUE","PVAGUE","QPVAGUE","HNEIGEF","QHNEIGEF","NEIGETOT","QNEIGETOT","TSNEIGE","QTSNEIGE","TUBENEIGE","QTUBENEIGE","HNEIGEFI3","QHNEIGEFI3","HNEIGEFI1","QHNEIGEFI1","ESNEIGE","QESNEIGE","CHARGENEIGE","QCHARGENEIGE","GLO","QGLO","GLO2","QGLO2","DIR","QDIR","DIR2","QDIR2","DIF","QDIF","DIF2","QDIF2","UV","QUV","UV2","QUV2","UV_INDICE","QUV_INDICE","INFRAR","QINFRAR","INFRAR2","QINFRAR2","INS","QINS","INS2","QINS2","TLAGON","QTLAGON","TVEGETAUX","QTVEGETAUX","ECOULEMENT","QECOULEMENT"
"33167001","BORDEAUX_OBSERVATOIRE",44.831667,-0.525,74,1912010100,"","","","","","","","","","","","","","","","","","","","","","","","","","","","","","","","","","","","",5.1,9,"","","","","","","","","","","","","","","","","","","","","","","","","","","","","","","","","","","","","","","","","","","","",1031.2,9,1021.9,9,"","","","","","","","","","","","","","","","","","","","","","","","","","","","","","","","","","","","","","","","","","","","","","","","","","","","","","","","","","","","","","","","","","","","","","","","","","","","","","","","","","","","","","","","","","","","","","","","","","","","","","","","","","","","","","","",""
"33167001","BORDEAUX_OBSERVATOIRE",44.831667,-0.525,74,1912010103,"","","","","","","","","","","","","","","","","","","","","","","","","","","","","","","","","","","","",5.,9,"","","","","","","","","","","","","","","","","","","","","","","","","","","","","","","","","","","","","","","","","","","","",1031.6,9,1022.3,9,"","","","","","","","","","","","","","","","","","","","","","","","","","","","","","","","","","","","","","","","","","","","","","","","","","","","","","","","","","","","","","","","","","","","","","","","","","","","","","","","","","","","","","","","","","","","","","","","","","","","","","","","","","","","","","","",""
"33167001","BORDEAUX_OBSERVATOIRE",44.831667,-0.525,74,1912010107,"","","","","","","","","","","","","","","","","","","","","","","","","","","","","","","","","","","","",4.2,9,"","","","","","","","","","","","","","","","","","","","","","","","","","","","","","","","","","","","","","","","","","","","",1031.9,9,1022.6,9,"","","",9,"","","","","","","","","","","","","","","","","","","","","","","","","","","","","","","","","","","","","","","","","","","","","","","","","","","","","","","","","","","","","","","","","","","","","","","","","","","","","","","","","","","","","","","","","","","","","","","","","","","","","","","","","","","",""
"33167001","BORDEAUX_OBSERVATOIRE",44.831667,-0.525,74,1912010109,"","","","","","","","","","","","","","","","","","","","","","","","","","","","","","","","","","","","",5.,9,"","","","","","","","","","","","","","","","","","","","","","","","","","","","","","","","","","","","","","","","","","","","",1033.1,9,1023.8,9,"","","","","","","","","","","","","","","","","","","","","","","","","","","","","","","","","","","","","","","","","","","","","","","","","","","","","","","","","","","","","","","","","","","","","","","","","","","","","","","","","","","","","","","","","","","","","","","","","","","","","","","","","","","","","","","",""
"33167001","BORDEAUX_OBSERVATOIRE",44.831667,-0.525,74,1912010112,"","","","","","","","","","","","","","","","","","","","","","","","","","","","","","","","","","","","",5.4,9,"","","","","","","","","","","","","","","","","","","","","","","","","","","","","","","","","","","","","","","","","","","","",1032.5,9,1023.2,1,"","","","","","","","","","","","","","","","","","","","","","","","","","","","","","","","","","","","","","","","","","","","","","","","","","","","","","","","","","","","","","","","","","","","","","","","","","","","","","","","","","","","","","","","","","","","","","","","","","","","","","","","","","","","","","","",""
"33167001","BORDEAUX_OBSERVATOIRE",44.831667,-0.525,74,1912010115,"","","","","","","","","","","","","","","","","","","","","","","","","","","","","","","","","","","","",7.4,9,"","","","","","","","","","","","","","","","","","","","","","","","","","","","","","","","","","","","","","","","","","","","",1031.8,9,1022.6,9,"","","","","","","","","","","","","","","","","","","","","","","","","","","","","","","","","","","","","","","","","","","","","","","","","","","","","","","","","","","","","","","","","","","","","","","","","","","","","","","","","","","","","","","","","","","","","","","","","","","","","","","","","","","","","","","",""
"33167001","BORDEAUX_OBSERVATOIRE",44.831667,-0.525,74,1912010118,"","","","","","","","","","","","","","","","","","","","","","","","","","","","","","","","","","","","",5.5,9,"","","","","","","","","","","","","","","","","","","","","","","","","","","","","","","","","","","","","","","","","","","","",1032.4,9,1023.1,9,"","","","","","","","","","","","","","","","","","","","","","","","","","","","","","","","","","","","","","","","","","","","","","","","","","","","","","","","","","","","","","","","","","","","","","","","","","","","","","","","","","","","","","","","","","","","","","","","","","","","","","","","","","","","","","","",""
"33167001","BORDEAUX_OBSERVATOIRE",44.831667,-0.525,74,1912010121,"","","","","","","","","","","","","","","","","","","","","","","","","","","","","","","","","","","","",2.6,9,"","","","","","","","","","","","","","","","","","","","","","","","","","","","","","","","","","","","","","","","","","","","",1033.,9,1023.6,9,"","","","","","","","","","","","","","","","","","","","","","","","","","","","","","","","","","","","","","","","","","","","","","","","","","","","","","","","","","","","","","","","","","","","","","","","","","","","","","","","","","","","","","","","","","","","","","","","","","","","","","","","","","","","","","","",""
"33167001","BORDEAUX_OBSERVATOIRE",44.831667,-0.525,74,1912010200,"","","","","","","","","","","","","","","","","","","","","","","","","","","","","","","","","","","","",1.4,9,"","","","","","","","","","","","","","","","","","","","","","","","","","","","","","","","","","","","","","","","","","","","",1033.,9,1023.6,9,"","","","","","","","","","","","","","","","","","","","","","","","","","","","","","","","","","","","","","","","","","","","","","","","","","","","","","","","","","","","","","","","","","","","","","","","","","","","","","","","","","","","","","","","","","","","","","","","","","","","","","","","","","","","","","","",""
"33167001","BORDEAUX_OBSERVATOIRE",44.831667,-0.525,74,1912010203,"","","","","","","","","","","","","","","","","","","","","","","","","","","","","","","","","","","","",0.2,9,"","","","","","","","","","","","","","","","","","","","","","","","","","","","","","","","","","","","","","","","","","","","",1033.7,9,1024.2,9,"","","","","","","","","","","","","","","","","","","","","","","","","","","","","","","","","","","","","","","","","","","","","","","","","","","","","","","","","","","","","","","","","","","","","","","","","","","","","","","","","","","","","","","","","","","","","","","","","","","","","","","","","","","","","","","",""
"33167001","BORDEAUX_OBSERVATOIRE",44.831667,-0.525,74,1912010207,"","","","","","","","","","","","","","","","","","","","","","","","","","","","","","","","","","","","",0.2,9,"","","","","","","","","","","","","","","","","","","","","","","","","","","","","","","","","","","","","","","","","","","","",1033.4,9,1023.9,9,"","","",9,"","","","","","","","","","","","","","","","","","","","","","","","","","","","","","","","","","","","","","","","","","","","","","","","","","","","","","","","","","","","","","","","","","","","","","","","","","","","","","","","","","","","","","","","","","","","","","","","","","","","","","","","","","","",""
"33167001","BORDEAUX_OBSERVATOIRE",44.831667,-0.525,74,1912010209,"","","","","","","","","","","","","","","","","","","","","","","","","","","","","","","","","","","","",1.7,9,"","","","","","","","","","","","","","","","","","","","","","","","","","","","","","","","","","","","","","","","","","","","",1034.2,9,1024.8,9,"","","","","","","","","","","","","","","","","","","","","","","","","","","","","","","","","","","","","","","","","","","","","","","","","","","","","","","","","","","","","","","","","","","","","","","","","","","","","","","","","","","","","","","","","","","","","","","","","","","","","","","","","","","","","","","",""
"33167001","BORDEAUX_OBSERVATOIRE",44.831667,-0.525,74,1912010212,"","","","","","","","","","","","","","","","","","","","","","","","","","","","","","","","","","","","",2.4,9,"","","","","","","","","","","","","","","","","","","","","","","","","","","","","","","","","","","","","","","","","","","","",1033.6,9,1024.2,1,"","","","","","","","","","","","","","","","","","","","","","","","","","","","","","","","","","","","","","","","","","","","","","","","","","","","","","","","","","","","","","","","","","","","","","","","","","","","","","","","","","","","","","","","","","","","","","","","","","","","","","","","","","","","","","","",""
"33167001","BORDEAUX_OBSERVATOIRE",44.831667,-0.525,74,1912010215,"","","","","","","","","","","","","","","","","","","","","","","","","","","","","","","","","","","","",1.3,9,"","","","","","","","","","","","","","","","","","","","","","","","","","","","","","","","","","","","","","","","","","","","",1032.6,9,1023.2,9,"","","","","","","","","","","","","","","","","","","","","","","","","","","","","","","","","","","","","","","","","","","","","","","","","","","","","","","","","","","","","","","","","","","","","","","","","","","","","","","","","","","","","","","","","","","","","","","","","","","","","","","","","","","","","","","",""
"33167001","BORDEAUX_OBSERVATOIRE",44.831667,-0.525,74,1912010218,"","","","","","","","","","","","","","","","","","","","","","","","","","","","","","","","","","","","",1.8,9,"","","","","","","","","","","","","","","","","","","","","","","","","","","","","","","","","","","","","","","","","","","","",1033.,9,1023.6,9,"","","","","","","","","","","","","","","","","","","","","","","","","","","","","","","","","","","","","","","","","","","","","","","","","","","","","","","","","","","","","","","","","","","","","","","","","","","","","","","","","","","","","","","","","","","","","","","","","","","","","","","","","","","","","","","",""
"33167001","BORDEAUX_OBSERVATOIRE",44.831667,-0.525,74,1912010221,"","","","","","","","","","","","","","","","","","","","","","","","","","","","","","","","","","","","",0.9,9,"","","","","","","","","","","","","","","","","","","","","","","","","","","","","","","","","","","","","","","","","","","","",1033.5,9,1024.,9,"","","","","","","","","","","","","","","","","","","","","","","","","","","","","","","","","","","","","","","","","","","","","","","","","","","","","","","","","","","","","","","","","","","","","","","","","","","","","","","","","","","","","","","","","","","","","","","","","","","","","","","","","","","","","","","",""
"33167001","BORDEAUX_OBSERVATOIRE",44.831667,-0.525,74,1912010300,"","","","","","","","","","","","","","","","","","","","","","","","","","","","","","","","","","","","",-0.3,9,"","","","","","","","","","","","","","","","","","","","","","","","","","","","","","","","","","","","","","","","","","","","",1033.3,9,1023.8,9,"","","","","","","","","","","","","","","","","","","","","","","","","","","","","","","","","","","","","","","","","","","","","","","","","","","","","","","","","","","","","","","","","","","","","","","","","","","","","","","","","","","","","","","","","","","","","","","","","","","","","","","","","","","","","","","",""
"33167001","BORDEAUX_OBSERVATOIRE",44.831667,-0.525,74,1912010303,"","","","","","","","","","","","","","","","","","","","","","","","","","","","","","","","","","","","",-0.8,9,"","","","","","","","","","","","","","","","","","","","","","","","","","","","","","","","","","","","","","","","","","","","",1032.9,9,1023.4,9,"","","","","","","","","","","","","","","","","","","","","","","","","","","","","","","","","","","","","","","","","","","","","","","","","","","","","","","","","","","","","","","","","","","","","","","","","","","","","","","","","","","","","","","","","","","","","","","","","","","","","","","","","","","","","","","",""
"33167001","BORDEAUX_OBSERVATOIRE",44.831667,-0.525,74,1912010307,"","","","","","","","","","","","","","","","","","","","","","","","","","","","","","","","","","","","",-0.9,9,"","","","","","","","","","","","","","","","","","","","","","","","","","","","","","","","","","","","","","","","","","","","",1032.6,9,1023.1,9,"","","",9,"","","","","","","","","","","","","","","","","","","","","","","","","","","","","","","","","","","","","","","","","","","","","","","","","","","","","","","","","","","","","","","","","","","","","","","","","","","","","","","","","","","","","","","","","","","","","","","","","","","","","","","","","","","",""
"33167001","BORDEAUX_OBSERVATOIRE",44.831667,-0.525,74,1912010309,"","","","","","","","","","","","","","","","","","","","","","","","","","","","","","","","","","","","",-0.7,9,"","","","","","","","","","","","","","","","","","","","","","","","","","","","","","","","","","","","","","","","","","","","",1033.7,9,1024.2,9,"","","","","","","","","","","","","","","","","","","","","","","","","","","","","","","","","","","","","","","","","","","","","","","","","","","","","","","","","","","","","","","","","","","","","","","","","","","","","","","","","","","","","","","","","","","","","","","","","","","","","","","","","","","","","","","",""
"33167001","BORDEAUX_OBSERVATOIRE",44.831667,-0.525,74,1912010312,"","","","","","","","","","","","","","","","","","","","","","","","","","","","","","","","","","","","",-0.2,9,"","","","","","","","","","","","","","","","","","","","","","","","","","","","","","","","","","","","","","","","","","","","",1033.3,9,1023.8,1,"","","","","","","","","","","","","","","","","","","","","","","","","","","","","","","","","","","","","","","","","","","","","","","","","","","","","","","","","","","","","","","","","","","","","","","","","","","","","","","","","","","","","","","","","","","","","","","","","","","","","","","","","","","","","","","",""
"33167001","BORDEAUX_OBSERVATOIRE",44.831667,-0.525,74,1912010315,"","","","","","","","","","","","","","","","","","","","","","","","","","","","","","","","","","","","",0.2,9,"","","","","","","","","","","","","","","","","","","","","","","","","","","","","","","","","","","","","","","","","","","","",1032.2,9,1022.7,9,"","","","","","","","","","","","","","","","","","","","","","","","","","","","","","","","","","","","","","","","","","","","","","","","","","","","","","","","","","","","","","","","","","","","","","","","","","","","","","","","","","","","","","","","","","","","","","","","","","","","","","","","","","","","","","","",""
"33167001","BORDEAUX_OBSERVATOIRE",44.831667,-0.525,74,1912010318,"","","","","","","","","","","","","","","","","","","","","","","","","","","","","","","","","","","","",0.8,9,"","","","","","","","","","","","","","","","","","","","","","","","","","","","","","","","","","","","","","","","","","","","",1032.2,9,1022.8,9,"","","","","","","","","","","","","","","","","","","","","","","","","","","","","","","","","","","","","","","","","","","","","","","","","","","","","","","","","","","","","","","","","","","","","","","","","","","","","","","","","","","","","","","","","","","","","","","","","","","","","","","","","","","","","","","",""
"33167001","BORDEAUX_OBSERVATOIRE",44.831667,-0.525,74,1912010321,"","","","","","","","","","","","","","","","","","","","","","","","","","","","","","","","","","","","",0.2,9,"","","","","","","","","","","","","","","","","","","","","","","","","","","","","","","","","","","","","","","","","","","","",1032.3,9,1022.8,9,"","","","","","","","","","","","","","","","","","","","","","","","","","","","","","","","","","","","","","","","","","","","","","","","","","","","","","","","","","","","","","","","","","","","","","","","","","","","","","","","","","","","","","","","","","","","","","","","","","","","","","","","","","","","","","","",""
"33167001","BORDEAUX_OBSERVATOIRE",44.831667,-0.525,74,1912010400,"","","","","","","","","","","","","","","","","","","","","","","","","","","","","","","","","","","","",-0.3,9,"","","","","","","","","","","","","","","","","","","","","","","","","","","","","","","","","","","","","","","","","","","","",1031.5,9,1022.,9,"","","","","","","","","","","","","","","","","","","","","","","","","","","","","","","","","","","","","","","","","","","","","","","","","","","","","","","","","","","","","","","","","","","","","","","","","","","","","","","","","","","","","","","","","","","","","","","","","","","","","","","","","","","","","","","",""
"33167001","BORDEAUX_OBSERVATOIRE",44.831667,-0.525,74,1912010403,"","","","","","","","","","","","","","","","","","","","","","","","","","","","","","","","","","","","",0.2,9,"","","","","","","","","","","","","","","","","","","","","","","","","","","","","","","","","","","","","","","","","","","","",1030.9,9,1021.4,9,"","","","","","","","","","","","","","","","","","","","","","","","","","","","","","","","","","","","","","","","","","","","","","","","","","","","","","","","","","","","","","","","","","","","","","","","","","","","","","","","","","","","","","","","","","","","","","","","","","","","","","","","","","","","","","","",""
"33167001","BORDEAUX_OBSERVATOIRE",44.831667,-0.525,74,1912010407,"","","","","","","","","","","","","","","","","","","","","","","","","","","","","","","","","","","","",0.6,9,"","","","","","","","","","","","","","","","","","","","","","","","","","","","","","","","","","","","","","","","","","","","",1028.9,9,1019.5,9,"","","",9,"","","","","","","","","","","","","","","","","","","","","","","","","","","","","","","","","","","","","","","","","","","","","","","","","","","","","","","","","","","","","","","","","","","","","","","","","","","","","","","","","","","","","","","","","","","","","","","","","","","","","","","","","","","",""
"33167001","BORDEAUX_OBSERVATOIRE",44.831667,-0.525,74,1912010409,"","","","","","","","","","","","","","","","","","","","","","","","","","","","","","","","","","","","",0.7,9,"","","","","","","","","","","","","","","","","","","","","","","","","","","","","","","","","","","","","","","","","","","","",1029.2,9,1019.8,9,"","","","","","","","","","","","","","","","","","","","","","","","","","","","","","","","","","","","","","","","","","","","","","","","","","","","","","","","","","","","","","","","","","","","","","","","","","","","","","","","","","","","","","","","","","","","","","","","","","","","","","","","","","","","","","","",""
"33167001","BORDEAUX_OBSERVATOIRE",44.831667,-0.525,74,1912010412,"","","","","","","","","","","","","","","","","","","","","","","","","","","","","","","","","","","","",2.3,9,"","","","","","","","","","","","","","","","","","","","","","","","","","","","","","","","","","","","","","","","","","","","",1026.9,9,1017.6,1,"","","","","","","","","","","","","","","","","","","","","","","","","","","","","","","","","","","","","","","","","","","","","","","","","","","","","","","","","","","","","","","","","","","","","","","","","","","","","","","","","","","","","","","","","","","","","","","","","","","","","","","","","","","","","","","",""
"33167001","BORDEAUX_OBSERVATOIRE",44.831667,-0.525,74,1912010415,"","","","","","","","","","","","","","","","","","","","","","","","","","","","","","","","","","","","",4.,9,"","","","","","","","","","","","","","","","","","","","","","","","","","","","","","","","","","","","","","","","","","","","",1025.2,9,1015.9,9,"","","","","","","","","","","","","","","","","","","","","","","","","","","","","","","","","","","","","","","","","","","","","","","","","","","","","","","","","","","","","","","","","","","","","","","","","","","","","","","","","","","","","","","","","","","","","","","","","","","","","","","","","","","","","","","",""
"33167001","BORDEAUX_OBSERVATOIRE",44.831667,-0.525,74,1912010418,"","","","","","","","","","","","","","","","","","","","","","","","","","","","","","","","","","","","",4.6,9,"","","","","","","","","","","","","","","","","","","","","","","","","","","","","","","","","","","","","","","","","","","","",1024.2,9,1015.,9,"","","","","","","","","","","","","","","","","","","","","","","","","","","","","","","","","","","","","","","","","","","","","","","","","","","","","","","","","","","","","","","","","","","","","","","","","","","","","","","","","","","","","","","","","","","","","","","","","","","","","","","","","","","","","","","",""
"33167001","BORDEAUX_OBSERVATOIRE",44.831667,-0.525,74,1912010421,"","","","","","","","","","","","","","","","","","","","","","","","","","","","","","","","","","","","",4.8,9,"","","","","","","","","","","","","","","","","","","","","","","","","","","","","","","","","","","","","","","","","","","","",1023.1,9,1013.9,9,"","","","","","","","","","","","","","","","","","","","","","","","","","","","","","","","","","","","","","","","","","","","","","","","","","","","","","","","","","","","","","","","","","","","","","","","","","","","","","","","","","","","","","","","","","","","","","","","","","","","","","","","","","","","","","","",""
"33167001","BORDEAUX_OBSERVATOIRE",44.831667,-0.525,74,1912010500,"","","","","","","","","","","","","","","","","","","","","","","","","","","","","","","","","","","","",4.,9,"","","","","","","","","","","","","","","","","","","","","","","","","","","","","","","","","","","","","","","","","","","","",1021.9,9,1012.7,9,"","","","","","","","","","","","","","","","","","","","","","","","","","","","","","","","","","","","","","","","","","","","","","","","","","","","","","","","","","","","","","","","","","","","","","","","","","","","","","","","","","","","","","","","","","","","","","","","","","","","","","","","","","","","","","","",""
"33167001","BORDEAUX_OBSERVATOIRE",44.831667,-0.525,74,1912010503,"","","","","","","","","","","","","","","","","","","","","","","","","","","","","","","","","","","","",3.2,9,"","","","","","","","","","","","","","","","","","","","","","","","","","","","","","","","","","","","","","","","","","","","",1020.9,9,1011.6,9,"","","","","","","","","","","","","","","","","","","","","","","","","","","","","","","","","","","","","","","","","","","","","","","","","","","","","","","","","","","","","","","","","","","","","","","","","","","","","","","","","","","","","","","","","","","","","","","","","","","","","","","","","","","","","","","",""
"33167001","BORDEAUX_OBSERVATOIRE",44.831667,-0.525,74,1912010507,"","","","","","","","","","","","","","","","","","","","","","","","","","","","","","","","","","","","",2.4,9,"","","","","","","","","","","","","","","","","","","","","","","","","","","","","","","","","","","","","","","","","","","","",1018.6,9,1009.3,9,"","","",9,"","","","","","","","","","","","","","","","","","","","","","","","","","","","","","","","","","","","","","","","","","","","","","","","","","","","","","","","","","","","","","","","","","","","","","","","","","","","","","","","","","","","","","","","","","","","","","","","","","","","","","","","","","","",""
"33167001","BORDEAUX_OBSERVATOIRE",44.831667,-0.525,74,1912010509,"","","","","","","","","","","","","","","","","","","","","","","","","","","","","","","","","","","","",3.1,9,"","","","","","","","","","","","","","","","","","","","","","","","","","","","","","","","","","","","","","","","","","","","",1019.,9,1009.8,9,"","","","","","","","","","","","","","","","","","","","","","","","","","","","","","","","","","","","","","","","","","","","","","","","","","","","","","","","","","","","","","","","","","","","","","","","","","","","","","","","","","","","","","","","","","","","","","","","","","","","","","","","","","","","","","","",""
"33167001","BORDEAUX_OBSERVATOIRE",44.831667,-0.525,74,1912010512,"","","","","","","","","","","","","","","","","","","","","","","","","","","","","","","","","","","","",7.7,9,"","","","","","","","","","","","","","","","","","","","","","","","","","","","","","","","","","","","","","","","","","","","",1017.7,9,1008.6,1,"","","","","","","","","","","","","","","","","","","","","","","","","","","","","","","","","","","","","","","","","","","","","","","","","","","","","","","","","","","","","","","","","","","","","","","","","","","","","","","","","","","","","","","","","","","","","","","","","","","","","","","","","","","","","","","",""
"33167001","BORDEAUX_OBSERVATOIRE",44.831667,-0.525,74,1912010515,"","","","","","","","","","","","","","","","","","","","","","","","","","","","","","","","","","","","",9.6,9,"","","","","","","","","","","","","","","","","","","","","","","","","","","","","","","","","","","","","","","","","","","","",1016.6,9,1007.6,9,"","","","","","","","","","","","","","","","","","","","","","","","","","","","","","","","","","","","","","","","","","","","","","","","","","","","","","","","","","","","","","","","","","","","","","","","","","","","","","","","","","","","","","","","","","","","","","","","","","","","","","","","","","","","","","","",""
"33167001","BORDEAUX_OBSERVATOIRE",44.831667,-0.525,74,1912010518,"","","","","","","","","","","","","","","","","","","","","","","","","","","","","","","","","","","","",9.3,9,"","","","","","","","","","","","","","","","","","","","","","","","","","","","","","","","","","","","","","","","","","","","",1018.4,9,1009.4,9,"","","","","","","","","","","","","","","","","","","","","","","","","","","","","","","","","","","","","","","","","","","","","","","","","","","","","","","","","","","","","","","","","","","","","","","","","","","","","","","","","","","","","","","","","","","","","","","","","","","","","","","","","","","","","","","",""
"33167001","BORDEAUX_OBSERVATOIRE",44.831667,-0.525,74,1912010521,"","","","","","","","","","","","","","","","","","","","","","","","","","","","","","","","","","","","",7.9,9,"","","","","","","","","","","","","","","","","","","","","","","","","","","","","","","","","","","","","","","","","","","","",1019.7,9,1010.6,9,"","","","","","","","","","","","","","","","","","","","","","","","","","","","","","","","","","","","","","","","","","","","","","","","","","","","","","","","","","","","","","","","","","","","","","","","","","","","","","","","","","","","","","","","","","","","","","","","","","","","","","","","","","","","","","","",""
"33167001","BORDEAUX_OBSERVATOIRE",44.831667,-0.525,74,1912010600,"","","","","","","","","","","","","","","","","","","","","","","","","","","","","","","","","","","","",6.9,9,"","","","","","","","","","","","","","","","","","","","","","","","","","","","","","","","","","","","","","","","","","","","",1019.3,9,1010.2,9,"","","","","","","","","","","","","","","","","","","","","","","","","","","","","","","","","","","","","","","","","","","","","","","","","","","","","","","","","","","","","","","","","","","","","","","","","","","","","","","","","","","","","","","","","","","","","","","","","","","","","","","","","","","","","","","",""
"33167001","BORDEAUX_OBSERVATOIRE",44.831667,-0.525,74,1912010603,"","","","","","","","","","","","","","","","","","","","","","","","","","","","","","","","","","","","",7.1,9,"","","","","","","","","","","","","","","","","","","","","","","","","","","","","","","","","","","","","","","","","","","","",1018.3,9,1009.2,9,"","","","","","","","","","","","","","","","","","","","","","","","","","","","","","","","","","","","","","","","","","","","","","","","","","","","","","","","","","","","","","","","","","","","","","","","","","","","","","","","","","","","","","","","","","","","","","","","","","","","","","","","","","","","","","","",""
"33167001","BORDEAUX_OBSERVATOIRE",44.831667,-0.525,74,1912010607,"","","","","","","","","","","","","","","","","","","","","","","","","","","","","","","","","","","","",7.3,9,"","","","","","","","","","","","","","","","","","","","","","","","","","","","","","","","","","","","","","","","","","","","",1014.4,9,1005.3,9,"","","",9,"","","","","","","","","","","","","","","","","","","","","","","","","","","","","","","","","","","","","","","","","","","","","","","","","","","","","","","","","","","","","","","","","","","","","","","","","","","","","","","","","","","","","","","","","","","","","","","","","","","","","","","","","","","",""
"33167001","BORDEAUX_OBSERVATOIRE",44.831667,-0.525,74,1912010609,"","","","","","","","","","","","","","","","","","","","","","","","","","","","","","","","","","","","",8.1,9,"","","","","","","","","","","","","","","","","","","","","","","","","","","","","","","","","","","","","","","","","","","","",1012.7,9,1003.7,9,"","","","","","","","","","","","","","","","","","","","","","","","","","","","","","","","","","","","","","","","","","","","","","","","","","","","","","","","","","","","","","","","","","","","","","","","","","","","","","","","","","","","","","","","","","","","","","","","","","","","","","","","","","","","","","","",""
"33167001","BORDEAUX_OBSERVATOIRE",44.831667,-0.525,74,1912010612,"","","","","","","","","","","","","","","","","","","","","","","","","","","","","","","","","","","","",8.9,9,"","","","","","","","","","","","","","","","","","","","","","","","","","","","","","","","","","","","","","","","","","","","",1008.8,9,999.8,1,"","","","","","","","","","","","","","","","","","","","","","","","","","","","","","","","","","","","","","","","","","","","","","","","","","","","","","","","","","","","","","","","","","","","","","","","","","","","","","","","","","","","","","","","","","","","","","","","","","","","","","","","","","","","","","","",""
"33167001","BORDEAUX_OBSERVATOIRE",44.831667,-0.525,74,1912010615,"","","","","","","","","","","","","","","","","","","","","","","","","","","","","","","","","","","","",9.3,9,"","","","","","","","","","","","","","","","","","","","","","","","","","","","","","","","","","","","","","","","","","","","",1005.7,9,996.8,9,"","","","","","","","","","","","","","","","","","","","","","","","","","","","","","","","","","","","","","","","","","","","","","","","","","","","","","","","","","","","","","","","","","","","","","","","","","","","","","","","","","","","","","","","","","","","","","","","","","","","","","","","","","","","","","","",""
"33167001","BORDEAUX_OBSERVATOIRE",44.831667,-0.525,74,1912010618,"","","","","","","","","","","","","","","","","","","","","","","","","","","","","","","","","","","","",10.8,9,"","","","","","","","","","","","","","","","","","","","","","","","","","","","","","","","","","","","","","","","","","","","",1006.2,9,997.3,9,"","","","","","","","","","","","","","","","","","","","","","","","","","","","","","","","","","","","","","","","","","","","","","","","","","","","","","","","","","","","","","","","","","","","","","","","","","","","","","","","","","","","","","","","","","","","","","","","","","","","","","","","","","","","","","","",""
"33167001","BORDEAUX_OBSERVATOIRE",44.831667,-0.525,74,1912010621,"","","","","","","","","","","","","","","","","","","","","","","","","","","","","","","","","","","","",11.5,9,"","","","","","","","","","","","","","","","","","","","","","","","","","","","","","","","","","","","","","","","","","","","",1005.2,9,996.4,9,"","","","","","","","","","","","","","","","","","","","","","","","","","","","","","","","","","","","","","","","","","","","","","","","","","","","","","","","","","","","","","","","","","","","","","","","","","","","","","","","","","","","","","","","","","","","","","","","","","","","","","","","","","","","","","","",""
"33167001","BORDEAUX_OBSERVATOIRE",44.831667,-0.525,74,1912010700,"","","","","","","","","","","","","","","","","","","","","","","","","","","","","","","","","","","","",11.9,9,"","","","","","","","","","","","","","","","","","","","","","","","","","","","","","","","","","","","","","","","","","","","",1004.4,9,995.6,9,"","","","","","","","","","","","","","","","","","","","","","","","","","","","","","","","","","","","","","","","","","","","","","","","","","","","","","","","","","","","","","","","","","","","","","","","","","","","","","","","","","","","","","","","","","","","","","","","","","","","","","","","","","","","","","","",""
"33167001","BORDEAUX_OBSERVATOIRE",44.831667,-0.525,74,1912010703,"","","","","","","","","","","","","","","","","","","","","","","","","","","","","","","","","","","","",12.2,9,"","","","","","","","","","","","","","","","","","","","","","","","","","","","","","","","","","","","","","","","","","","","",1003.2,9,994.4,9,"","","","","","","","","","","","","","","","","","","","","","","","","","","","","","","","","","","","","","","","","","","","","","","","","","","","","","","","","","","","","","","","","","","","","","","","","","","","","","","","","","","","","","","","","","","","","","","","","","","","","","","","","","","","","","","",""
"33167001","BORDEAUX_OBSERVATOIRE",44.831667,-0.525,74,1912010707,"","","","","","","","","","","","","","","","","","","","","","","","","","","","","","","","","","","","",12.,9,"","","","","","","","","","","","","","","","","","","","","","","","","","","","","","","","","","","","","","","","","","","","",1001.8,9,993.,9,"","","",9,"","","","","","","","","","","","","","","","","","","","","","","","","","","","","","","","","","","","","","","","","","","","","","","","","","","","","","","","","","","","","","","","","","","","","","","","","","","","","","","","","","","","","","","","","","","","","","","","","","","","","","","","","","","",""
"33167001","BORDEAUX_OBSERVATOIRE",44.831667,-0.525,74,1912010709,"","","","","","","","","","","","","","","","","","","","","","","","","","","","","","","","","","","","",12.5,9,"","","","","","","","","","","","","","","","","","","","","","","","","","","","","","","","","","","","","","","","","","","","",1003.4,9,994.6,9,"","","","","","","","","","","","","","","","","","","","","","","","","","","","","","","","","","","","","","","","","","","","","","","","","","","","","","","","","","","","","","","","","","","","","","","","","","","","","","","","","","","","","","","","","","","","","","","","","","","","","","","","","","","","","","","",""
"33167001","BORDEAUX_OBSERVATOIRE",44.831667,-0.525,74,1912010712,"","","","","","","","","","","","","","","","","","","","","","","","","","","","","","","","","","","","",11.1,9,"","","","","","","","","","","","","","","","","","","","","","","","","","","","","","","","","","","","","","","","","","","","",1004.1,9,995.3,1,"","","","","","","","","","","","","","","","","","","","","","","","","","","","","","","","","","","","","","","","","","","","","","","","","","","","","","","","","","","","","","","","","","","","","","","","","","","","","","","","","","","","","","","","","","","","","","","","","","","","","","","","","","","","","","","",""
"33167001","BORDEAUX_OBSERVATOIRE",44.831667,-0.525,74,1912010715,"","","","","","","","","","","","","","","","","","","","","","","","","","","","","","","","","","","","",12.1,9,"","","","","","","","","","","","","","","","","","","","","","","","","","","","","","","","","","","","","","","","","","","","",1005.6,9,996.8,9,"","","","","","","","","","","","","","","","","","","","","","","","","","","","","","","","","","","","","","","","","","","","","","","","","","","","","","","","","","","","","","","","","","","","","","","","","","","","","","","","","","","","","","","","","","","","","","","","","","","","","","","","","","","","","","","",""
"33167001","BORDEAUX_OBSERVATOIRE",44.831667,-0.525,74,1912010718,"","","","","","","","","","","","","","","","","","","","","","","","","","","","","","","","","","","","",11.,9,"","","","","","","","","","","","","","","","","","","","","","","","","","","","","","","","","","","","","","","","","","","","",1009.2,9,1000.3,9,"","","","","","","","","","","","","","","","","","","","","","","","","","","","","","","","","","","","","","","","","","","","","","","","","","","","","","","","","","","","","","","","","","","","","","","","","","","","","","","","","","","","","","","","","","","","","","","","","","","","","","","","","","","","","","","",""
"33167001","BORDEAUX_OBSERVATOIRE",44.831667,-0.525,74,1912010721,"","","","","","","","","","","","","","","","","","","","","","","","","","","","","","","","","","","","",10.5,9,"","","","","","","","","","","","","","","","","","","","","","","","","","","","","","","","","","","","","","","","","","","","",1011.2,9,1002.3,9,"","","","","","","","","","","","","","","","","","","","","","","","","","","","","","","","","","","","","","","","","","","","","","","","","","","","","","","","","","","","","","","","","","","","","","","","","","","","","","","","","","","","","","","","","","","","","","","","","","","","","","","","","","","","","","","",""
"33167001","BORDEAUX_OBSERVATOIRE",44.831667,-0.525,74,1912010800,"","","","","","","","","","","","","","","","","","","","","","","","","","","","","","","","","","","","",9.3,9,"","","","","","","","","","","","","","","","","","","","","","","","","","","","","","","","","","","","","","","","","","","","",1014.8,9,1005.8,9,"","","","","","","","","","","","","","","","","","","","","","","","","","","","","","","","","","","","","","","","","","","","","","","","","","","","","","","","","","","","","","","","","","","","","","","","","","","","","","","","","","","","","","","","","","","","","","","","","","","","","","","","","","","","","","","",""
"33167001","BORDEAUX_OBSERVATOIRE",44.831667,-0.525,74,1912010803,"","","","","","","","","","","","","","","","","","","","","","","","","","","","","","","","","","","","",7.8,9,"","","","","","","","","","","","","","","","","","","","","","","","","","","","","","","","","","","","","","","","","","","","",1017.1,9,1008.,9,"","","","","","","","","","","","","","","","","","","","","","","","","","","","","","","","","","","","","","","","","","","","","","","","","","","","","","","","","","","","","","","","","","","","","","","","","","","","","","","","","","","","","","","","","","","","","","","","","","","","","","","","","","","","","","","",""
"33167001","BORDEAUX_OBSERVATOIRE",44.831667,-0.525,74,1912010807,"","","","","","","","","","","","","","","","","","","","","","","","","","","","","","","","","","","","",6.9,9,"","","","","","","","","","","","","","","","","","","","","","","","","","","","","","","","","","","","","","","","","","","","",1017.6,9,1008.5,9,"","","",9,"","","","","","","","","","","","","","","","","","","","","","","","","","","","","","","","","","","","","","","","","","","","","","","","","","","","","","","","","","","","","","","","","","","","","","","","","","","","","","","","","","","","","","","","","","","","","","","","","","","","","","","","","","","",""
"33167001","BORDEAUX_OBSERVATOIRE",44.831667,-0.525,74,1912010809,"","","","","","","","","","","","","","","","","","","","","","","","","","","","","","","","","","","","",7.6,9,"","","","","","","","","","","","","","","","","","","","","","","","","","","","","","","","","","","","","","","","","","","","",1018.5,9,1009.4,9,"","","","","","","","","","","","","","","","","","","","","","","","","","","","","","","","","","","","","","","","","","","","","","","","","","","","","","","","","","","","","","","","","","","","","","","","","","","","","","","","","","","","","","","","","","","","","","","","","","","","","","","","","","","","","","","",""
"33167001","BORDEAUX_OBSERVATOIRE",44.831667,-0.525,74,1912010812,"","","","","","","","","","","","","","","","","","","","","","","","","","","","","","","","","","","","",9.,9,"","","","","","","","","","","","","","","","","","","","","","","","","","","","","","","","","","","","","","","","","","","","",1017.2,9,1008.2,1,"","","","","","","","","","","","","","","","","","","","","","","","","","","","","","","","","","","","","","","","","","","","","","","","","","","","","","","","","","","","","","","","","","","","","","","","","","","","","","","","","","","","","","","","","","","","","","","","","","","","","","","","","","","","","","","",""
"33167001","BORDEAUX_OBSERVATOIRE",44.831667,-0.525,74,1912010815,"","","","","","","","","","","","","","","","","","","","","","","","","","","","","","","","","","","","",9.4,9,"","","","","","","","","","","","","","","","","","","","","","","","","","","","","","","","","","","","","","","","","","","","",1016.4,9,1007.4,9,"","","","","","","","","","","","","","","","","","","","","","","","","","","","","","","","","","","","","","","","","","","","","","","","","","","","","","","","","","","","","","","","","","","","","","","","","","","","","","","","","","","","","","","","","","","","","","","","","","","","","","","","","","","","","","","",""
"33167001","BORDEAUX_OBSERVATOIRE",44.831667,-0.525,74,1912010818,"","","","","","","","","","","","","","","","","","","","","","","","","","","","","","","","","","","","",11.3,9,"","","","","","","","","","","","","","","","","","","","","","","","","","","","","","","","","","","","","","","","","","","","",1016.4,9,1007.5,9,"","","","","","","","","","","","","","","","","","","","","","","","","","","","","","","","","","","","","","","","","","","","","","","","","","","","","","","","","","","","","","","","","","","","","","","","","","","","","","","","","","","","","","","","","","","","","","","","","","","","","","","","","","","","","","","",""
"33167001","BORDEAUX_OBSERVATOIRE",44.831667,-0.525,74,1912010821,"","","","","","","","","","","","","","","","","","","","","","","","","","","","","","","","","","","","",10.5,9,"","","","","","","","","","","","","","","","","","","","","","","","","","","","","","","","","","","","","","","","","","","","",1014.4,9,1005.4,9,"","","","","","","","","","","","","","","","","","","","","","","","","","","","","","","","","","","","","","","","","","","","","","","","","","","","","","","","","","","","","","","","","","","","","","","","","","","","","","","","","","","","","","","","","","","","","","","","","","","","","","","","","","","","","","","",""
"33167001","BORDEAUX_OBSERVATOIRE",44.831667,-0.525,74,1912010900,"","","","","","","","","","","","","","","","","","","","","","","","","","","","","","","","","","","","",10.8,9,"","","","","","","","","","","","","","","","","","","","","","","","","","","","","","","","","","","","","","","","","","","","",1012.8,9,1003.9,9,"","","","","","","","","","","","","","","","","","","","","","","","","","","","","","","","","","","","","","","","","","","","","","","","","","","","","","","","","","","","","","","","","","","","","","","","","","","","","","","","","","","","","","","","","","","","","","","","","","","","","","","","","","","","","","","",""
"33167001","BORDEAUX_OBSERVATOIRE",44.831667,-0.525,74,1912010903,"","","","","","","","","","","","","","","","","","","","","","","","","","","","","","","","","","","","",10.4,9,"","","","","","","","","","","","","","","","","","","","","","","","","","","","","","","","","","","","","","","","","","","","",1011.3,9,1002.4,9,"","","","","","","","","","","","","","","","","","","","","","","","","","","","","","","","","","","","","","","","","","","","","","","","","","","","","","","","","","","","","","","","","","","","","","","","","","","","","","","","","","","","","","","","","","","","","","","","","","","","","","","","","","","","","","","",""
"33167001","BORDEAUX_OBSERVATOIRE",44.831667,-0.525,74,1912010907,"","","","","","","","","","","","","","","","","","","","","","","","","","","","","","","","","","","","",9.9,9,"","","","","","","","","","","","","","","","","","","","","","","","","","","","","","","","","","","","","","","","","","","","",1010.3,9,1001.4,9,"","","",9,"","","","","","","","","","","","","","","","","","","","","","","","","","","","","","","","","","","","","","","","","","","","","","","","","","","","","","","","","","","","","","","","","","","","","","","","","","","","","","","","","","","","","","","","","","","","","","","","","","","","","","","","","","","",""
"33167001","BORDEAUX_OBSERVATOIRE",44.831667,-0.525,74,1912010909,"","","","","","","","","","","","","","","","","","","","","","","","","","","","","","","","","","","","",10.,9,"","","","","","","","","","","","","","","","","","","","","","","","","","","","","","","","","","","","","","","","","","","","",1011.,9,1002.1,9,"","","","","","","","","","","","","","","","","","","","","","","","","","","","","","","","","","","","","","","","","","","","","","","","","","","","","","","","","","","","","","","","","","","","","","","","","","","","","","","","","","","","","","","","","","","","","","","","","","","","","","","","","","","","","","","",""
"33167001","BORDEAUX_OBSERVATOIRE",44.831667,-0.525,74,1912010912,"","","","","","","","","","","","","","","","","","","","","","","","","","","","","","","","","","","","",10.5,9,"","","","","","","","","","","","","","","","","","","","","","","","","","","","","","","","","","","","","","","","","","","","",1009.5,9,1000.6,1,"","","","","","","","","","","","","","","","","","","","","","","","","","","","","","","","","","","","","","","","","","","","","","","","","","","","","","","","","","","","","","","","","","","","","","","","","","","","","","","","","","","","","","","","","","","","","","","","","","","","","","","","","","","","","","","",""
"33167001","BORDEAUX_OBSERVATOIRE",44.831667,-0.525,74,1912010915,"","","","","","","","","","","","","","","","","","","","","","","","","","","","","","","","","","","","",11.6,9,"","","","","","","","","","","","","","","","","","","","","","","","","","","","","","","","","","","","","","","","","","","","",1009.7,9,1000.8,9,"","","","","","","","","","","","","","","","","","","","","","","","","","","","","","","","","","","","","","","","","","","","","","","","","","","","","","","","","","","","","","","","","","","","","","","","","","","","","","","","","","","","","","","","","","","","","","","","","","","","","","","","","","","","","","","",""
"33167001","BORDEAUX_OBSERVATOIRE",44.831667,-0.525,74,1912010918,"","","","","","","","","","","","","","","","","","","","","","","","","","","","","","","","","","","","",9.2,9,"","","","","","","","","","","","","","","","","","","","","","","","","","","","","","","","","","","","","","","","","","","","",1012.9,9,1003.9,9,"","","","","","","","","","","","","","","","","","","","","","","","","","","","","","","","","","","","","","","","","","","","","","","","","","","","","","","","","","","","","","","","","","","","","","","","","","","","","","","","","","","","","","","","","","","","","","","","","","","","","","","","","","","","","","","",""
"33167001","BORDEAUX_OBSERVATOIRE",44.831667,-0.525,74,1912010921,"","","","","","","","","","","","","","","","","","","","","","","","","","","","","","","","","","","","",9.,9,"","","","","","","","","","","","","","","","","","","","","","","","","","","","","","","","","","","","","","","","","","","","",1015.6,9,1006.6,9,"","","","","","","","","","","","","","","","","","","","","","","","","","","","","","","","","","","","","","","","","","","","","","","","","","","","","","","","","","","","","","","","","","","","","","","","","","","","","","","","","","","","","","","","","","","","","","","","","","","","","","","","","","","","","","","",""
"33167001","BORDEAUX_OBSERVATOIRE",44.831667,-0.525,74,1912011000,"","","","","","","","","","","","","","","","","","","","","","","","","","","","","","","","","","","","",7.5,9,"","","","","","","","","","","","","","","","","","","","","","","","","","","","","","","","","","","","","","","","","","","","",1017.7,9,1008.6,9,"","","","","","","","","","","","","","","","","","","","","","","","","","","","","","","","","","","","","","","","","","","","","","","","","","","","","","","","","","","","","","","","","","","","","","","","","","","","","","","","","","","","","","","","","","","","","","","","","","","","","","","","","","","","","","","",""
"33167001","BORDEAUX_OBSERVATOIRE",44.831667,-0.525,74,1912011003,"","","","","","","","","","","","","","","","","","","","","","","","","","","","","","","","","","","","",6.9,9,"","","","","","","","","","","","","","","","","","","","","","","","","","","","","","","","","","","","","","","","","","","","",1019.,9,1009.9,9,"","","","","","","","","","","","","","","","","","","","","","","","","","","","","","","","","","","","","","","","","","","","","","","","","","","","","","","","","","","","","","","","","","","","","","","","","","","","","","","","","","","","","","","","","","","","","","","","","","","","","","","","","","","","","","","",""
"33167001","BORDEAUX_OBSERVATOIRE",44.831667,-0.525,74,1912011007,"","","","","","","","","","","","","","","","","","","","","","","","","","","","","","","","","","","","",5.6,9,"","","","","","","","","","","","","","","","","","","","","","","","","","","","","","","","","","","","","","","","","","","","",1019.3,9,1010.1,9,"","","",9,"","","","","","","","","","","","","","","","","","","","","","","","","","","","","","","","","","","","","","","","","","","","","","","","","","","","","","","","","","","","","","","","","","","","","","","","","","","","","","","","","","","","","","","","","","","","","","","","","","","","","","","","","","","",""
"33167001","BORDEAUX_OBSERVATOIRE",44.831667,-0.525,74,1912011009,"","","","","","","","","","","","","","","","","","","","","","","","","","","","","","","","","","","","",6.3,9,"","","","","","","","","","","","","","","","","","","","","","","","","","","","","","","","","","","","","","","","","","","","",1019.3,9,1010.2,9,"","","","","","","","","","","","","","","","","","","","","","","","","","","","","","","","","","","","","","","","","","","","","","","","","","","","","","","","","","","","","","","","","","","","","","","","","","","","","","","","","","","","","","","","","","","","","","","","","","","","","","","","","","","","","","","",""
"33167001","BORDEAUX_OBSERVATOIRE",44.831667,-0.525,74,1912011012,"","","","","","","","","","","","","","","","","","","","","","","","","","","","","","","","","","","","",8.6,9,"","","","","","","","","","","","","","","","","","","","","","","","","","","","","","","","","","","","","","","","","","","","",1018.6,9,1009.5,1,"","","","","","","","","","","","","","","","","","","","","","","","","","","","","","","","","","","","","","","","","","","","","","","","","","","","","","","","","","","","","","","","","","","","","","","","","","","","","","","","","","","","","","","","","","","","","","","","","","","","","","","","","","","","","","","",""
"33167001","BORDEAUX_OBSERVATOIRE",44.831667,-0.525,74,1912011015,"","","","","","","","","","","","","","","","","","","","","","","","","","","","","","","","","","","","",7.7,9,"","","","","","","","","","","","","","","","","","","","","","","","","","","","","","","","","","","","","","","","","","","","",1017.8,9,1008.7,9,"","","","","","","","","","","","","","","","","","","","","","","","","","","","","","","","","","","","","","","","","","","","","","","","","","","","","","","","","","","","","","","","","","","","","","","","","","","","","","","","","","","","","","","","","","","","","","","","","","","","","","","","","","","","","","","",""
"33167001","BORDEAUX_OBSERVATOIRE",44.831667,-0.525,74,1912011018,"","","","","","","","","","","","","","","","","","","","","","","","","","","","","","","","","","","","",7.2,9,"","","","","","","","","","","","","","","","","","","","","","","","","","","","","","","","","","","","","","","","","","","","",1017.2,9,1008.1,9,"","","","","","","","","","","","","","","","","","","","","","","","","","","","","","","","","","","","","","","","","","","","","","","","","","","","","","","","","","","","","","","","","","","","","","","","","","","","","","","","","","","","","","","","","","","","","","","","","","","","","","","","","","","","","","","",""
"33167001","BORDEAUX_OBSERVATOIRE",44.831667,-0.525,74,1912011021,"","","","","","","","","","","","","","","","","","","","","","","","","","","","","","","","","","","","",7.5,9,"","","","","","","","","","","","","","","","","","","","","","","","","","","","","","","","","","","","","","","","","","","","",1016.6,9,1007.5,9,"","","","","","","","","","","","","","","","","","","","","","","","","","","","","","","","","","","","","","","","","","","","","","","","","","","","","","","","","","","","","","","","","","","","","","","","","","","","","","","","","","","","","","","","","","","","","","","","","","","","","","","","","","","","","","","",""
"33167001","BORDEAUX_OBSERVATOIRE",44.831667,-0.525,74,1912011100,"","","","","","","","","","","","","","","","","","","","","","","","","","","","","","","","","","","","",6.6,9,"","","","","","","","","","","","","","","","","","","","","","","","","","","","","","","","","","","","","","","","","","","","",1015.4,9,1006.3,9,"","","","","","","","","","","","","","","","","","","","","","","","","","","","","","","","","","","","","","","","","","","","","","","","","","","","","","","","","","","","","","","","","","","","","","","","","","","","","","","","","","","","","","","","","","","","","","","","","","","","","","","","","","","","","","","",""
"33167001","BORDEAUX_OBSERVATOIRE",44.831667,-0.525,74,1912011103,"","","","","","","","","","","","","","","","","","","","","","","","","","","","","","","","","","","","",6.4,9,"","","","","","","","","","","","","","","","","","","","","","","","","","","","","","","","","","","","","","","","","","","","",1015.8,9,1006.7,9,"","","","","","","","","","","","","","","","","","","","","","","","","","","","","","","","","","","","","","","","","","","","","","","","","","","","","","","","","","","","","","","","","","","","","","","","","","","","","","","","","","","","","","","","","","","","","","","","","","","","","","","","","","","","","","","",""
"33167001","BORDEAUX_OBSERVATOIRE",44.831667,-0.525,74,1912011107,"","","","","","","","","","","","","","","","","","","","","","","","","","","","","","","","","","","","",6.7,9,"","","","","","","","","","","","","","","","","","","","","","","","","","","","","","","","","","","","","","","","","","","","",1016.9,9,1007.8,9,"","","",9,"","","","","","","","","","","","","","","","","","","","","","","","","","","","","","","","","","","","","","","","","","","","","","","","","","","","","","","","","","","","","","","","","","","","","","","","","","","","","","","","","","","","","","","","","","","","","","","","","","","","","","","","","","","",""
"33167001","BORDEAUX_OBSERVATOIRE",44.831667,-0.525,74,1912011109,"","","","","","","","","","","","","","","","","","","","","","","","","","","","","","","","","","","","",7.3,9,"","","","","","","","","","","","","","","","","","","","","","","","","","","","","","","","","","","","","","","","","","","","",1018.5,9,1009.4,9,"","","","","","","","","","","","","","","","","","","","","","","","","","","","","","","","","","","","","","","","","","","","","","","","","","","","","","","","","","","","","","","","","","","","","","","","","","","","","","","","","","","","","","","","","","","","","","","","","","","","","","","","","","","","","","","",""
"33167001","BORDEAUX_OBSERVATOIRE",44.831667,-0.525,74,1912011112,"","","","","","","","","","","","","","","","","","","","","","","","","","","","","","","","","","","","",11.2,9,"","","","","","","","","","","","","","","","","","","","","","","","","","","","","","","","","","","","","","","","","","","","",1019.3,9,1010.3,1,"","","","","","","","","","","","","","","","","","","","","","","","","","","","","","","","","","","","","","","","","","","","","","","","","","","","","","","","","","","","","","","","","","","","","","","","","","","","","","","","","","","","","","","","","","","","","","","","","","","","","","","","","","","","","","","",""
"33167001","BORDEAUX_OBSERVATOIRE",44.831667,-0.525,74,1912011115,"","","","","","","","","","","","","","","","","","","","","","","","","","","","","","","","","","","","",11.7,9,"","","","","","","","","","","","","","","","","","","","","","","","","","","","","","","","","","","","","","","","","","","","",1020.4,9,1011.4,9,"","","","","","","","","","","","","","","","","","","","","","","","","","","","","","","","","","","","","","","","","","","","","","","","","","","","","","","","","","","","","","","","","","","","","","","","","","","","","","","","","","","","","","","","","","","","","","","","","","","","","","","","","","","","","","","",""
"33167001","BORDEAUX_OBSERVATOIRE",44.831667,-0.525,74,1912011118,"","","","","","","","","","","","","","","","","","","","","","","","","","","","","","","","","","","","",10.3,9,"","","","","","","","","","","","","","","","","","","","","","","","","","","","","","","","","","","","","","","","","","","","",1022.5,9,1013.5,9,"","","","","","","","","","","","","","","","","","","","","","","","","","","","","","","","","","","","","","","","","","","","","","","","","","","","","","","","","","","","","","","","","","","","","","","","","","","","","","","","","","","","","","","","","","","","","","","","","","","","","","","","","","","","","","","",""
"33167001","BORDEAUX_OBSERVATOIRE",44.831667,-0.525,74,1912011121,"","","","","","","","","","","","","","","","","","","","","","","","","","","","","","","","","","","","",9.,9,"","","","","","","","","","","","","","","","","","","","","","","","","","","","","","","","","","","","","","","","","","","","",1023.7,9,1014.6,9,"","","","","","","","","","","","","","","","","","","","","","","","","","","","","","","","","","","","","","","","","","","","","","","","","","","","","","","","","","","","","","","","","","","","","","","","","","","","","","","","","","","","","","","","","","","","","","","","","","","","","","","","","","","","","","","",""
"33167001","BORDEAUX_OBSERVATOIRE",44.831667,-0.525,74,1912011200,"","","","","","","","","","","","","","","","","","","","","","","","","","","","","","","","","","","","",7.,9,"","","","","","","","","","","","","","","","","","","","","","","","","","","","","","","","","","","","","","","","","","","","",1024.8,9,1015.6,9,"","","","","","","","","","","","","","","","","","","","","","","","","","","","","","","","","","","","","","","","","","","","","","","","","","","","","","","","","","","","","","","","","","","","","","","","","","","","","","","","","","","","","","","","","","","","","","","","","","","","","","","","","","","","","","","",""
"33167001","BORDEAUX_OBSERVATOIRE",44.831667,-0.525,74,1912011203,"","","","","","","","","","","","","","","","","","","","","","","","","","","","","","","","","","","","",5.6,9,"","","","","","","","","","","","","","","","","","","","","","","","","","","","","","","","","","","","","","","","","","","","",1025.9,9,1016.7,9,"","","","","","","","","","","","","","","","","","","","","","","","","","","","","","","","","","","","","","","","","","","","","","","","","","","","","","","","","","","","","","","","","","","","","","","","","","","","","","","","","","","","","","","","","","","","","","","","","","","","","","","","","","","","","","","",""
"33167001","BORDEAUX_OBSERVATOIRE",44.831667,-0.525,74,1912011207,"","","","","","","","","","","","","","","","","","","","","","","","","","","","","","","","","","","","",4.,9,"","","","","","","","","","","","","","","","","","","","","","","","","","","","","","","","","","","","","","","","","","","","",1026.6,9,1017.3,9,"","","",9,"","","","","","","","","","","","","","","","","","","","","","","","","","","","","","","","","","","","","","","","","","","","","","","","","","","","","","","","","","","","","","","","","","","","","","","","","","","","","","","","","","","","","","","","","","","","","","","","","","","","","","","","","","","",""
"33167001","BORDEAUX_OBSERVATOIRE",44.831667,-0.525,74,1912011209,"","","","","","","","","","","","","","","","","","","","","","","","","","","","","","","","","","","","",4.3,9,"","","","","","","","","","","","","","","","","","","","","","","","","","","","","","","","","","","","","","","","","","","","",1027.6,9,1018.3,9,"","","","","","","","","","","","","","","","","","","","","","","","","","","","","","","","","","","","","","","","","","","","","","","","","","","","","","","","","","","","","","","","","","","","","","","","","","","","","","","","","","","","","","","","","","","","","","","","","","","","","","","","","","","","","","","",""
"33167001","BORDEAUX_OBSERVATOIRE",44.831667,-0.525,74,1912011212,"","","","","","","","","","","","","","","","","","","","","","","","","","","","","","","","","","","","",6.3,9,"","","","","","","","","","","","","","","","","","","","","","","","","","","","","","","","","","","","","","","","","","","","",1026.4,9,1017.2,1,"","","","","","","","","","","","","","","","","","","","","","","","","","","","","","","","","","","","","","","","","","","","","","","","","","","","","","","","","","","","","","","","","","","","","","","","","","","","","","","","","","","","","","","","","","","","","","","","","","","","","","","","","","","","","","","",""
"33167001","BORDEAUX_OBSERVATOIRE",44.831667,-0.525,74,1912011215,"","","","","","","","","","","","","","","","","","","","","","","","","","","","","","","","","","","","",8.7,9,"","","","","","","","","","","","","","","","","","","","","","","","","","","","","","","","","","","","","","","","","","","","",1025.3,9,1016.2,9,"","","","","","","","","","","","","","","","","","","","","","","","","","","","","","","","","","","","","","","","","","","","","","","","","","","","","","","","","","","","","","","","","","","","","","","","","","","","","","","","","","","","","","","","","","","","","","","","","","","","","","","","","","","","","","","",""
"33167001","BORDEAUX_OBSERVATOIRE",44.831667,-0.525,74,1912011218,"","","","","","","","","","","","","","","","","","","","","","","","","","","","","","","","","","","","",6.8,9,"","","","","","","","","","","","","","","","","","","","","","","","","","","","","","","","","","","","","","","","","","","","",1024.8,9,1015.6,9,"","","","","","","","","","","","","","","","","","","","","","","","","","","","","","","","","","","","","","","","","","","","","","","","","","","","","","","","","","","","","","","","","","","","","","","","","","","","","","","","","","","","","","","","","","","","","","","","","","","","","","","","","","","","","","","",""
"33167001","BORDEAUX_OBSERVATOIRE",44.831667,-0.525,74,1912011221,"","","","","","","","","","","","","","","","","","","","","","","","","","","","","","","","","","","","",6.2,9,"","","","","","","","","","","","","","","","","","","","","","","","","","","","","","","","","","","","","","","","","","","","",1024.3,9,1015.1,9,"","","","","","","","","","","","","","","","","","","","","","","","","","","","","","","","","","","","","","","","","","","","","","","","","","","","","","","","","","","","","","","","","","","","","","","","","","","","","","","","","","","","","","","","","","","","","","","","","","","","","","","","","","","","","","","",""
"33167001","BORDEAUX_OBSERVATOIRE",44.831667,-0.525,74,1912011300,"","","","","","","","","","","","","","","","","","","","","","","","","","","","","","","","","","","","",7.,9,"","","","","","","","","","","","","","","","","","","","","","","","","","","","","","","","","","","","","","","","","","","","",1023.6,9,1014.4,9,"","","","","","","","","","","","","","","","","","","","","","","","","","","","","","","","","","","","","","","","","","","","","","","","","","","","","","","","","","","","","","","","","","","","","","","","","","","","","","","","","","","","","","","","","","","","","","","","","","","","","","","","","","","","","","","",""
"33167001","BORDEAUX_OBSERVATOIRE",44.831667,-0.525,74,1912011303,"","","","","","","","","","","","","","","","","","","","","","","","","","","","","","","","","","","","",6.4,9,"","","","","","","","","","","","","","","","","","","","","","","","","","","","","","","","","","","","","","","","","","","","",1023.5,9,1014.3,9,"","","","","","","","","","","","","","","","","","","","","","","","","","","","","","","","","","","","","","","","","","","","","","","","","","","","","","","","","","","","","","","","","","","","","","","","","","","","","","","","","","","","","","","","","","","","","","","","","","","","","","","","","","","","","","","",""
"33167001","BORDEAUX_OBSERVATOIRE",44.831667,-0.525,74,1912011307,"","","","","","","","","","","","","","","","","","","","","","","","","","","","","","","","","","","","",6.5,9,"","","","","","","","","","","","","","","","","","","","","","","","","","","","","","","","","","","","","","","","","","","","",1022.9,9,1013.7,9,"","","",9,"","","","","","","","","","","","","","","","","","","","","","","","","","","","","","","","","","","","","","","","","","","","","","","","","","","","","","","","","","","","","","","","","","","","","","","","","","","","","","","","","","","","","","","","","","","","","","","","","","","","","","","","","","","",""
"33167001","BORDEAUX_OBSERVATOIRE",44.831667,-0.525,74,1912011309,"","","","","","","","","","","","","","","","","","","","","","","","","","","","","","","","","","","","",6.7,9,"","","","","","","","","","","","","","","","","","","","","","","","","","","","","","","","","","","","","","","","","","","","",1023.,9,1013.8,9,"","","","","","","","","","","","","","","","","","","","","","","","","","","","","","","","","","","","","","","","","","","","","","","","","","","","","","","","","","","","","","","","","","","","","","","","","","","","","","","","","","","","","","","","","","","","","","","","","","","","","","","","","","","","","","","",""
"33167001","BORDEAUX_OBSERVATOIRE",44.831667,-0.525,74,1912011312,"","","","","","","","","","","","","","","","","","","","","","","","","","","","","","","","","","","","",11.3,9,"","","","","","","","","","","","","","","","","","","","","","","","","","","","","","","","","","","","","","","","","","","","",1021.5,9,1012.5,1,"","","","","","","","","","","","","","","","","","","","","","","","","","","","","","","","","","","","","","","","","","","","","","","","","","","","","","","","","","","","","","","","","","","","","","","","","","","","","","","","","","","","","","","","","","","","","","","","","","","","","","","","","","","","","","","",""
"33167001","BORDEAUX_OBSERVATOIRE",44.831667,-0.525,74,1912011315,"","","","","","","","","","","","","","","","","","","","","","","","","","","","","","","","","","","","",12.4,9,"","","","","","","","","","","","","","","","","","","","","","","","","","","","","","","","","","","","","","","","","","","","",1020.,9,1011.1,9,"","","","","","","","","","","","","","","","","","","","","","","","","","","","","","","","","","","","","","","","","","","","","","","","","","","","","","","","","","","","","","","","","","","","","","","","","","","","","","","","","","","","","","","","","","","","","","","","","","","","","","","","","","","","","","","",""
"33167001","BORDEAUX_OBSERVATOIRE",44.831667,-0.525,74,1912011318,"","","","","","","","","","","","","","","","","","","","","","","","","","","","","","","","","","","","",9.,9,"","","","","","","","","","","","","","","","","","","","","","","","","","","","","","","","","","","","","","","","","","","","",1019.8,9,1010.7,9,"","","","","","","","","","","","","","","","","","","","","","","","","","","","","","","","","","","","","","","","","","","","","","","","","","","","","","","","","","","","","","","","","","","","","","","","","","","","","","","","","","","","","","","","","","","","","","","","","","","","","","","","","","","","","","","",""
"33167001","BORDEAUX_OBSERVATOIRE",44.831667,-0.525,74,1912011321,"","","","","","","","","","","","","","","","","","","","","","","","","","","","","","","","","","","","",7.6,9,"","","","","","","","","","","","","","","","","","","","","","","","","","","","","","","","","","","","","","","","","","","","",1019.1,9,1010.,9,"","","","","","","","","","","","","","","","","","","","","","","","","","","","","","","","","","","","","","","","","","","","","","","","","","","","","","","","","","","","","","","","","","","","","","","","","","","","","","","","","","","","","","","","","","","","","","","","","","","","","","","","","","","","","","","",""
"33167001","BORDEAUX_OBSERVATOIRE",44.831667,-0.525,74,1912011400,"","","","","","","","","","","","","","","","","","","","","","","","","","","","","","","","","","","","",7.2,9,"","","","","","","","","","","","","","","","","","","","","","","","","","","","","","","","","","","","","","","","","","","","",1017.8,9,1008.7,9,"","","","","","","","","","","","","","","","","","","","","","","","","","","","","","","","","","","","","","","","","","","","","","","","","","","","","","","","","","","","","","","","","","","","","","","","","","","","","","","","","","","","","","","","","","","","","","","","","","","","","","","","","","","","","","","",""
"33167001","BORDEAUX_OBSERVATOIRE",44.831667,-0.525,74,1912011403,"","","","","","","","","","","","","","","","","","","","","","","","","","","","","","","","","","","","",5.7,9,"","","","","","","","","","","","","","","","","","","","","","","","","","","","","","","","","","","","","","","","","","","","",1017.9,9,1008.8,9,"","","","","","","","","","","","","","","","","","","","","","","","","","","","","","","","","","","","","","","","","","","","","","","","","","","","","","","","","","","","","","","","","","","","","","","","","","","","","","","","","","","","","","","","","","","","","","","","","","","","","","","","","","","","","","","",""
"33167001","BORDEAUX_OBSERVATOIRE",44.831667,-0.525,74,1912011407,"","","","","","","","","","","","","","","","","","","","","","","","","","","","","","","","","","","","",4.,9,"","","","","","","","","","","","","","","","","","","","","","","","","","","","","","","","","","","","","","","","","","","","",1017.9,9,1008.7,9,"","","",9,"","","","","","","","","","","","","","","","","","","","","","","","","","","","","","","","","","","","","","","","","","","","","","","","","","","","","","","","","","","","","","","","","","","","","","","","","","","","","","","","","","","","","","","","","","","","","","","","","","","","","","","","","","","",""
"33167001","BORDEAUX_OBSERVATOIRE",44.831667,-0.525,74,1912011409,"","","","","","","","","","","","","","","","","","","","","","","","","","","","","","","","","","","","",5.5,9,"","","","","","","","","","","","","","","","","","","","","","","","","","","","","","","","","","","","","","","","","","","","",1018.7,9,1009.5,9,"","","","","","","","","","","","","","","","","","","","","","","","","","","","","","","","","","","","","","","","","","","","","","","","","","","","","","","","","","","","","","","","","","","","","","","","","","","","","","","","","","","","","","","","","","","","","","","","","","","","","","","","","","","","","","","",""
"33167001","BORDEAUX_OBSERVATOIRE",44.831667,-0.525,74,1912011412,"","","","","","","","","","","","","","","","","","","","","","","","","","","","","","","","","","","","",9.8,9,"","","","","","","","","","","","","","","","","","","","","","","","","","","","","","","","","","","","","","","","","","","","",1017.9,9,1008.9,1,"","","","","","","","","","","","","","","","","","","","","","","","","","","","","","","","","","","","","","","","","","","","","","","","","","","","","","","","","","","","","","","","","","","","","","","","","","","","","","","","","","","","","","","","","","","","","","","","","","","","","","","","","","","","","","","",""
"33167001","BORDEAUX_OBSERVATOIRE",44.831667,-0.525,74,1912011415,"","","","","","","","","","","","","","","","","","","","","","","","","","","","","","","","","","","","",13.2,9,"","","","","","","","","","","","","","","","","","","","","","","","","","","","","","","","","","","","","","","","","","","","",1017.3,9,1008.4,9,"","","","","","","","","","","","","","","","","","","","","","","","","","","","","","","","","","","","","","","","","","","","","","","","","","","","","","","","","","","","","","","","","","","","","","","","","","","","","","","","","","","","","","","","","","","","","","","","","","","","","","","","","","","","","","","",""
"33167001","BORDEAUX_OBSERVATOIRE",44.831667,-0.525,74,1912011418,"","","","","","","","","","","","","","","","","","","","","","","","","","","","","","","","","","","","",10.2,9,"","","","","","","","","","","","","","","","","","","","","","","","","","","","","","","","","","","","","","","","","","","","",1018.,9,1009.,9,"","","","","","","","","","","","","","","","","","","","","","","","","","","","","","","","","","","","","","","","","","","","","","","","","","","","","","","","","","","","","","","","","","","","","","","","","","","","","","","","","","","","","","","","","","","","","","","","","","","","","","","","","","","","","","","",""
"33167001","BORDEAUX_OBSERVATOIRE",44.831667,-0.525,74,1912011421,"","","","","","","","","","","","","","","","","","","","","","","","","","","","","","","","","","","","",7.5,9,"","","","","","","","","","","","","","","","","","","","","","","","","","","","","","","","","","","","","","","","","","","","",1018.6,9,1009.5,9,"","","","","","","","","","","","","","","","","","","","","","","","","","","","","","","","","","","","","","","","","","","","","","","","","","","","","","","","","","","","","","","","","","","","","","","","","","","","","","","","","","","","","","","","","","","","","","","","","","","","","","","","","","","","","","","",""
"33167001","BORDEAUX_OBSERVATOIRE",44.831667,-0.525,74,1912011500,"","","","","","","","","","","","","","","","","","","","","","","","","","","","","","","","","","","","",5.9,9,"","","","","","","","","","","","","","","","","","","","","","","","","","","","","","","","","","","","","","","","","","","","",1018.3,9,1009.2,9,"","","","","","","","","","","","","","","","","","","","","","","","","","","","","","","","","","","","","","","","","","","","","","","","","","","","","","","","","","","","","","","","","","","","","","","","","","","","","","","","","","","","","","","","","","","","","","","","","","","","","","","","","","","","","","","",""
"33167001","BORDEAUX_OBSERVATOIRE",44.831667,-0.525,74,1912011503,"","","","","","","","","","","","","","","","","","","","","","","","","","","","","","","","","","","","",1.9,9,"","","","","","","","","","","","","","","","","","","","","","","","","","","","","","","","","","","","","","","","","","","","",1017.3,9,1008.,9,"","","","","","","","","","","","","","","","","","","","","","","","","","","","","","","","","","","","","","","","","","","","","","","","","","","","","","","","","","","","","","","","","","","","","","","","","","","","","","","","","","","","","","","","","","","","","","","","","","","","","","","","","","","","","","","",""
"33167001","BORDEAUX_OBSERVATOIRE",44.831667,-0.525,74,1912011507,"","","","","","","","","","","","","","","","","","","","","","","","","","","","","","","","","","","","",4.6,9,"","","","","","","","","","","","","","","","","","","","","","","","","","","","","","","","","","","","","","","","","","","","",1016.7,9,1007.5,9,"","","",9,"","","","","","","","","","","","","","","","","","","","","","","","","","","","","","","","","","","","","","","","","","","","","","","","","","","","","","","","","","","","","","","","","","","","","","","","","","","","","","","","","","","","","","","","","","","","","","","","","","","","","","","","","","","",""
"33167001","BORDEAUX_OBSERVATOIRE",44.831667,-0.525,74,1912011509,"","","","","","","","","","","","","","","","","","","","","","","","","","","","","","","","","","","","",5.3,9,"","","","","","","","","","","","","","","","","","","","","","","","","","","","","","","","","","","","","","","","","","","","",1016.7,9,1007.5,9,"","","","","","","","","","","","","","","","","","","","","","","","","","","","","","","","","","","","","","","","","","","","","","","","","","","","","","","","","","","","","","","","","","","","","","","","","","","","","","","","","","","","","","","","","","","","","","","","","","","","","","","","","","","","","","","",""
"33167001","BORDEAUX_OBSERVATOIRE",44.831667,-0.525,74,1912011512,"","","","","","","","","","","","","","","","","","","","","","","","","","","","","","","","","","","","",7.1,9,"","","","","","","","","","","","","","","","","","","","","","","","","","","","","","","","","","","","","","","","","","","","",1014.8,9,1005.7,1,"","","","","","","","","","","","","","","","","","","","","","","","","","","","","","","","","","","","","","","","","","","","","","","","","","","","","","","","","","","","","","","","","","","","","","","","","","","","","","","","","","","","","","","","","","","","","","","","","","","","","","","","","","","","","","","",""
"33167001","BORDEAUX_OBSERVATOIRE",44.831667,-0.525,74,1912011515,"","","","","","","","","","","","","","","","","","","","","","","","","","","","","","","","","","","","",8.8,9,"","","","","","","","","","","","","","","","","","","","","","","","","","","","","","","","","","","","","","","","","","","","",1012.6,9,1003.6,9,"","","","","","","","","","","","","","","","","","","","","","","","","","","","","","","","","","","","","","","","","","","","","","","","","","","","","","","","","","","","","","","","","","","","","","","","","","","","","","","","","","","","","","","","","","","","","","","","","","","","","","","","","","","","","","","",""
"33167001","BORDEAUX_OBSERVATOIRE",44.831667,-0.525,74,1912011518,"","","","","","","","","","","","","","","","","","","","","","","","","","","","","","","","","","","","",7.8,9,"","","","","","","","","","","","","","","","","","","","","","","","","","","","","","","","","","","","","","","","","","","","",1011.7,9,1002.7,9,"","","","","","","","","","","","","","","","","","","","","","","","","","","","","","","","","","","","","","","","","","","","","","","","","","","","","","","","","","","","","","","","","","","","","","","","","","","","","","","","","","","","","","","","","","","","","","","","","","","","","","","","","","","","","","","",""
"33167001","BORDEAUX_OBSERVATOIRE",44.831667,-0.525,74,1912011521,"","","","","","","","","","","","","","","","","","","","","","","","","","","","","","","","","","","","",7.4,9,"","","","","","","","","","","","","","","","","","","","","","","","","","","","","","","","","","","","","","","","","","","","",1010.8,9,1001.8,9,"","","","","","","","","","","","","","","","","","","","","","","","","","","","","","","","","","","","","","","","","","","","","","","","","","","","","","","","","","","","","","","","","","","","","","","","","","","","","","","","","","","","","","","","","","","","","","","","","","","","","","","","","","","","","","","",""
"33167001","BORDEAUX_OBSERVATOIRE",44.831667,-0.525,74,1912011600,"","","","","","","","","","","","","","","","","","","","","","","","","","","","","","","","","","","","",7.2,9,"","","","","","","","","","","","","","","","","","","","","","","","","","","","","","","","","","","","","","","","","","","","",1009.7,9,1000.7,9,"","","","","","","","","","","","","","","","","","","","","","","","","","","","","","","","","","","","","","","","","","","","","","","","","","","","","","","","","","","","","","","","","","","","","","","","","","","","","","","","","","","","","","","","","","","","","","","","","","","","","","","","","","","","","","","",""
"33167001","BORDEAUX_OBSERVATOIRE",44.831667,-0.525,74,1912011603,"","","","","","","","","","","","","","","","","","","","","","","","","","","","","","","","","","","","",7.1,9,"","","","","","","","","","","","","","","","","","","","","","","","","","","","","","","","","","","","","","","","","","","","",1008.6,9,999.6,9,"","","","","","","","","","","","","","","","","","","","","","","","","","","","","","","","","","","","","","","","","","","","","","","","","","","","","","","","","","","","","","","","","","","","","","","","","","","","","","","","","","","","","","","","","","","","","","","","","","","","","","","","","","","","","","","",""
"33167001","BORDEAUX_OBSERVATOIRE",44.831667,-0.525,74,1912011607,"","","","","","","","","","","","","","","","","","","","","","","","","","","","","","","","","","","","",8.1,9,"","","","","","","","","","","","","","","","","","","","","","","","","","","","","","","","","","","","","","","","","","","","",1007.5,9,998.5,9,"","","",9,"","","","","","","","","","","","","","","","","","","","","","","","","","","","","","","","","","","","","","","","","","","","","","","","","","","","","","","","","","","","","","","","","","","","","","","","","","","","","","","","","","","","","","","","","","","","","","","","","","","","","","","","","","","",""
"33167001","BORDEAUX_OBSERVATOIRE",44.831667,-0.525,74,1912011609,"","","","","","","","","","","","","","","","","","","","","","","","","","","","","","","","","","","","",8.6,9,"","","","","","","","","","","","","","","","","","","","","","","","","","","","","","","","","","","","","","","","","","","","",1008.1,9,999.1,9,"","","","","","","","","","","","","","","","","","","","","","","","","","","","","","","","","","","","","","","","","","","","","","","","","","","","","","","","","","","","","","","","","","","","","","","","","","","","","","","","","","","","","","","","","","","","","","","","","","","","","","","","","","","","","","","",""
"33167001","BORDEAUX_OBSERVATOIRE",44.831667,-0.525,74,1912011612,"","","","","","","","","","","","","","","","","","","","","","","","","","","","","","","","","","","","",10.9,9,"","","","","","","","","","","","","","","","","","","","","","","","","","","","","","","","","","","","","","","","","","","","",1007.6,9,998.7,1,"","","","","","","","","","","","","","","","","","","","","","","","","","","","","","","","","","","","","","","","","","","","","","","","","","","","","","","","","","","","","","","","","","","","","","","","","","","","","","","","","","","","","","","","","","","","","","","","","","","","","","","","","","","","","","","",""
"33167001","BORDEAUX_OBSERVATOIRE",44.831667,-0.525,74,1912011615,"","","","","","","","","","","","","","","","","","","","","","","","","","","","","","","","","","","","",11.5,9,"","","","","","","","","","","","","","","","","","","","","","","","","","","","","","","","","","","","","","","","","","","","",1007.6,9,998.7,9,"","","","","","","","","","","","","","","","","","","","","","","","","","","","","","","","","","","","","","","","","","","","","","","","","","","","","","","","","","","","","","","","","","","","","","","","","","","","","","","","","","","","","","","","","","","","","","","","","","","","","","","","","","","","","","","",""
"33167001","BORDEAUX_OBSERVATOIRE",44.831667,-0.525,74,1912011618,"","","","","","","","","","","","","","","","","","","","","","","","","","","","","","","","","","","","",11.,9,"","","","","","","","","","","","","","","","","","","","","","","","","","","","","","","","","","","","","","","","","","","","",1008.6,9,999.7,9,"","","","","","","","","","","","","","","","","","","","","","","","","","","","","","","","","","","","","","","","","","","","","","","","","","","","","","","","","","","","","","","","","","","","","","","","","","","","","","","","","","","","","","","","","","","","","","","","","","","","","","","","","","","","","","","",""
"33167001","BORDEAUX_OBSERVATOIRE",44.831667,-0.525,74,1912011621,"","","","","","","","","","","","","","","","","","","","","","","","","","","","","","","","","","","","",10.7,9,"","","","","","","","","","","","","","","","","","","","","","","","","","","","","","","","","","","","","","","","","","","","",1009.5,9,1000.6,9,"","","","","","","","","","","","","","","","","","","","","","","","","","","","","","","","","","","","","","","","","","","","","","","","","","","","","","","","","","","","","","","","","","","","","","","","","","","","","","","","","","","","","","","","","","","","","","","","","","","","","","","","","","","","","","","",""
"33167001","BORDEAUX_OBSERVATOIRE",44.831667,-0.525,74,1912011700,"","","","","","","","","","","","","","","","","","","","","","","","","","","","","","","","","","","","",10.1,9,"","","","","","","","","","","","","","","","","","","","","","","","","","","","","","","","","","","","","","","","","","","","",1009.6,9,1000.7,9,"","","","","","","","","","","","","","","","","","","","","","","","","","","","","","","","","","","","","","","","","","","","","","","","","","","","","","","","","","","","","","","","","","","","","","","","","","","","","","","","","","","","","","","","","","","","","","","","","","","","","","","","","","","","","","","",""
"33167001","BORDEAUX_OBSERVATOIRE",44.831667,-0.525,74,1912011703,"","","","","","","","","","","","","","","","","","","","","","","","","","","","","","","","","","","","",9.9,9,"","","","","","","","","","","","","","","","","","","","","","","","","","","","","","","","","","","","","","","","","","","","",1009.5,9,1000.6,9,"","","","","","","","","","","","","","","","","","","","","","","","","","","","","","","","","","","","","","","","","","","","","","","","","","","","","","","","","","","","","","","","","","","","","","","","","","","","","","","","","","","","","","","","","","","","","","","","","","","","","","","","","","","","","","","",""
"33167001","BORDEAUX_OBSERVATOIRE",44.831667,-0.525,74,1912011707,"","","","","","","","","","","","","","","","","","","","","","","","","","","","","","","","","","","","",10.1,9,"","","","","","","","","","","","","","","","","","","","","","","","","","","","","","","","","","","","","","","","","","","","",1008.8,9,999.9,9,"","","",9,"","","","","","","","","","","","","","","","","","","","","","","","","","","","","","","","","","","","","","","","","","","","","","","","","","","","","","","","","","","","","","","","","","","","","","","","","","","","","","","","","","","","","","","","","","","","","","","","","","","","","","","","","","","",""
"33167001","BORDEAUX_OBSERVATOIRE",44.831667,-0.525,74,1912011709,"","","","","","","","","","","","","","","","","","","","","","","","","","","","","","","","","","","","",10.1,9,"","","","","","","","","","","","","","","","","","","","","","","","","","","","","","","","","","","","","","","","","","","","",1009.4,9,1000.5,9,"","","","","","","","","","","","","","","","","","","","","","","","","","","","","","","","","","","","","","","","","","","","","","","","","","","","","","","","","","","","","","","","","","","","","","","","","","","","","","","","","","","","","","","","","","","","","","","","","","","","","","","","","","","","","","","",""
"33167001","BORDEAUX_OBSERVATOIRE",44.831667,-0.525,74,1912011712,"","","","","","","","","","","","","","","","","","","","","","","","","","","","","","","","","","","","",9.7,9,"","","","","","","","","","","","","","","","","","","","","","","","","","","","","","","","","","","","","","","","","","","","",1009.5,9,1000.6,1,"","","","","","","","","","","","","","","","","","","","","","","","","","","","","","","","","","","","","","","","","","","","","","","","","","","","","","","","","","","","","","","","","","","","","","","","","","","","","","","","","","","","","","","","","","","","","","","","","","","","","","","","","","","","","","","",""
"33167001","BORDEAUX_OBSERVATOIRE",44.831667,-0.525,74,1912011715,"","","","","","","","","","","","","","","","","","","","","","","","","","","","","","","","","","","","",9.7,9,"","","","","","","","","","","","","","","","","","","","","","","","","","","","","","","","","","","","","","","","","","","","",1008.9,9,1000.,9,"","","","","","","","","","","","","","","","","","","","","","","","","","","","","","","","","","","","","","","","","","","","","","","","","","","","","","","","","","","","","","","","","","","","","","","","","","","","","","","","","","","","","","","","","","","","","","","","","","","","","","","","","","","","","","","",""
"33167001","BORDEAUX_OBSERVATOIRE",44.831667,-0.525,74,1912011718,"","","","","","","","","","","","","","","","","","","","","","","","","","","","","","","","","","","","",9.4,9,"","","","","","","","","","","","","","","","","","","","","","","","","","","","","","","","","","","","","","","","","","","","",1009.4,9,1000.5,9,"","","","","","","","","","","","","","","","","","","","","","","","","","","","","","","","","","","","","","","","","","","","","","","","","","","","","","","","","","","","","","","","","","","","","","","","","","","","","","","","","","","","","","","","","","","","","","","","","","","","","","","","","","","","","","","",""
"33167001","BORDEAUX_OBSERVATOIRE",44.831667,-0.525,74,1912011721,"","","","","","","","","","","","","","","","","","","","","","","","","","","","","","","","","","","","",8.8,9,"","","","","","","","","","","","","","","","","","","","","","","","","","","","","","","","","","","","","","","","","","","","",1010.1,9,1001.1,9,"","","","","","","","","","","","","","","","","","","","","","","","","","","","","","","","","","","","","","","","","","","","","","","","","","","","","","","","","","","","","","","","","","","","","","","","","","","","","","","","","","","","","","","","","","","","","","","","","","","","","","","","","","","","","","","",""
"33167001","BORDEAUX_OBSERVATOIRE",44.831667,-0.525,74,1912011800,"","","","","","","","","","","","","","","","","","","","","","","","","","","","","","","","","","","","",7.2,9,"","","","","","","","","","","","","","","","","","","","","","","","","","","","","","","","","","","","","","","","","","","","",1011.2,9,1002.2,9,"","","","","","","","","","","","","","","","","","","","","","","","","","","","","","","","","","","","","","","","","","","","","","","","","","","","","","","","","","","","","","","","","","","","","","","","","","","","","","","","","","","","","","","","","","","","","","","","","","","","","","","","","","","","","","","",""
"33167001","BORDEAUX_OBSERVATOIRE",44.831667,-0.525,74,1912011803,"","","","","","","","","","","","","","","","","","","","","","","","","","","","","","","","","","","","",6.,9,"","","","","","","","","","","","","","","","","","","","","","","","","","","","","","","","","","","","","","","","","","","","",1011.9,9,1002.8,9,"","","","","","","","","","","","","","","","","","","","","","","","","","","","","","","","","","","","","","","","","","","","","","","","","","","","","","","","","","","","","","","","","","","","","","","","","","","","","","","","","","","","","","","","","","","","","","","","","","","","","","","","","","","","","","","",""
"33167001","BORDEAUX_OBSERVATOIRE",44.831667,-0.525,74,1912011807,"","","","","","","","","","","","","","","","","","","","","","","","","","","","","","","","","","","","",4.5,9,"","","","","","","","","","","","","","","","","","","","","","","","","","","","","","","","","","","","","","","","","","","","",1013.2,9,1004.1,9,"","","",9,"","","","","","","","","","","","","","","","","","","","","","","","","","","","","","","","","","","","","","","","","","","","","","","","","","","","","","","","","","","","","","","","","","","","","","","","","","","","","","","","","","","","","","","","","","","","","","","","","","","","","","","","","","","",""
"33167001","BORDEAUX_OBSERVATOIRE",44.831667,-0.525,74,1912011809,"","","","","","","","","","","","","","","","","","","","","","","","","","","","","","","","","","","","",7.7,9,"","","","","","","","","","","","","","","","","","","","","","","","","","","","","","","","","","","","","","","","","","","","",1014.9,9,1005.8,9,"","","","","","","","","","","","","","","","","","","","","","","","","","","","","","","","","","","","","","","","","","","","","","","","","","","","","","","","","","","","","","","","","","","","","","","","","","","","","","","","","","","","","","","","","","","","","","","","","","","","","","","","","","","","","","","",""
"33167001","BORDEAUX_OBSERVATOIRE",44.831667,-0.525,74,1912011812,"","","","","","","","","","","","","","","","","","","","","","","","","","","","","","","","","","","","",10.,9,"","","","","","","","","","","","","","","","","","","","","","","","","","","","","","","","","","","","","","","","","","","","",1014.8,9,1005.8,1,"","","","","","","","","","","","","","","","","","","","","","","","","","","","","","","","","","","","","","","","","","","","","","","","","","","","","","","","","","","","","","","","","","","","","","","","","","","","","","","","","","","","","","","","","","","","","","","","","","","","","","","","","","","","","","","",""
"33167001","BORDEAUX_OBSERVATOIRE",44.831667,-0.525,74,1912011815,"","","","","","","","","","","","","","","","","","","","","","","","","","","","","","","","","","","","",8.5,9,"","","","","","","","","","","","","","","","","","","","","","","","","","","","","","","","","","","","","","","","","","","","",1014.5,9,1005.5,9,"","","","","","","","","","","","","","","","","","","","","","","","","","","","","","","","","","","","","","","","","","","","","","","","","","","","","","","","","","","","","","","","","","","","","","","","","","","","","","","","","","","","","","","","","","","","","","","","","","","","","","","","","","","","","","","",""
"33167001","BORDEAUX_OBSERVATOIRE",44.831667,-0.525,74,1912011818,"","","","","","","","","","","","","","","","","","","","","","","","","","","","","","","","","","","","",8.3,9,"","","","","","","","","","","","","","","","","","","","","","","","","","","","","","","","","","","","","","","","","","","","",1014.8,9,1005.8,9,"","","","","","","","","","","","","","","","","","","","","","","","","","","","","","","","","","","","","","","","","","","","","","","","","","","","","","","","","","","","","","","","","","","","","","","","","","","","","","","","","","","","","","","","","","","","","","","","","","","","","","","","","","","","","","","",""
"33167001","BORDEAUX_OBSERVATOIRE",44.831667,-0.525,74,1912011821,"","","","","","","","","","","","","","","","","","","","","","","","","","","","","","","","","","","","",7.8,9,"","","","","","","","","","","","","","","","","","","","","","","","","","","","","","","","","","","","","","","","","","","","",1015.1,9,1006.,9,"","","","","","","","","","","","","","","","","","","","","","","","","","","","","","","","","","","","","","","","","","","","","","","","","","","","","","","","","","","","","","","","","","","","","","","","","","","","","","","","","","","","","","","","","","","","","","","","","","","","","","","","","","","","","","","",""
"33167001","BORDEAUX_OBSERVATOIRE",44.831667,-0.525,74,1912011900,"","","","","","","","","","","","","","","","","","","","","","","","","","","","","","","","","","","","",8.2,9,"","","","","","","","","","","","","","","","","","","","","","","","","","","","","","","","","","","","","","","","","","","","",1015.3,9,1006.3,9,"","","","","","","","","","","","","","","","","","","","","","","","","","","","","","","","","","","","","","","","","","","","","","","","","","","","","","","","","","","","","","","","","","","","","","","","","","","","","","","","","","","","","","","","","","","","","","","","","","","","","","","","","","","","","","","",""
"33167001","BORDEAUX_OBSERVATOIRE",44.831667,-0.525,74,1912011903,"","","","","","","","","","","","","","","","","","","","","","","","","","","","","","","","","","","","",7.4,9,"","","","","","","","","","","","","","","","","","","","","","","","","","","","","","","","","","","","","","","","","","","","",1015.8,9,1006.7,9,"","","","","","","","","","","","","","","","","","","","","","","","","","","","","","","","","","","","","","","","","","","","","","","","","","","","","","","","","","","","","","","","","","","","","","","","","","","","","","","","","","","","","","","","","","","","","","","","","","","","","","","","","","","","","","","",""
"33167001","BORDEAUX_OBSERVATOIRE",44.831667,-0.525,74,1912011907,"","","","","","","","","","","","","","","","","","","","","","","","","","","","","","","","","","","","",7.3,9,"","","","","","","","","","","","","","","","","","","","","","","","","","","","","","","","","","","","","","","","","","","","",1015.2,9,1006.1,9,"","","",9,"","","","","","","","","","","","","","","","","","","","","","","","","","","","","","","","","","","","","","","","","","","","","","","","","","","","","","","","","","","","","","","","","","","","","","","","","","","","","","","","","","","","","","","","","","","","","","","","","","","","","","","","","","","",""
"33167001","BORDEAUX_OBSERVATOIRE",44.831667,-0.525,74,1912011909,"","","","","","","","","","","","","","","","","","","","","","","","","","","","","","","","","","","","",7.2,9,"","","","","","","","","","","","","","","","","","","","","","","","","","","","","","","","","","","","","","","","","","","","",1016.1,9,1007.,9,"","","","","","","","","","","","","","","","","","","","","","","","","","","","","","","","","","","","","","","","","","","","","","","","","","","","","","","","","","","","","","","","","","","","","","","","","","","","","","","","","","","","","","","","","","","","","","","","","","","","","","","","","","","","","","","",""
"33167001","BORDEAUX_OBSERVATOIRE",44.831667,-0.525,74,1912011912,"","","","","","","","","","","","","","","","","","","","","","","","","","","","","","","","","","","","",9.8,9,"","","","","","","","","","","","","","","","","","","","","","","","","","","","","","","","","","","","","","","","","","","","",1015.6,9,1006.6,1,"","","","","","","","","","","","","","","","","","","","","","","","","","","","","","","","","","","","","","","","","","","","","","","","","","","","","","","","","","","","","","","","","","","","","","","","","","","","","","","","","","","","","","","","","","","","","","","","","","","","","","","","","","","","","","","",""
"33167001","BORDEAUX_OBSERVATOIRE",44.831667,-0.525,74,1912011915,"","","","","","","","","","","","","","","","","","","","","","","","","","","","","","","","","","","","",9.4,9,"","","","","","","","","","","","","","","","","","","","","","","","","","","","","","","","","","","","","","","","","","","","",1014.6,9,1005.6,9,"","","","","","","","","","","","","","","","","","","","","","","","","","","","","","","","","","","","","","","","","","","","","","","","","","","","","","","","","","","","","","","","","","","","","","","","","","","","","","","","","","","","","","","","","","","","","","","","","","","","","","","","","","","","","","","",""
"33167001","BORDEAUX_OBSERVATOIRE",44.831667,-0.525,74,1912011918,"","","","","","","","","","","","","","","","","","","","","","","","","","","","","","","","","","","","",9.3,9,"","","","","","","","","","","","","","","","","","","","","","","","","","","","","","","","","","","","","","","","","","","","",1013.9,9,1004.9,9,"","","","","","","","","","","","","","","","","","","","","","","","","","","","","","","","","","","","","","","","","","","","","","","","","","","","","","","","","","","","","","","","","","","","","","","","","","","","","","","","","","","","","","","","","","","","","","","","","","","","","","","","","","","","","","","",""
"33167001","BORDEAUX_OBSERVATOIRE",44.831667,-0.525,74,1912011921,"","","","","","","","","","","","","","","","","","","","","","","","","","","","","","","","","","","","",9.5,9,"","","","","","","","","","","","","","","","","","","","","","","","","","","","","","","","","","","","","","","","","","","","",1013.4,9,1004.4,9,"","","","","","","","","","","","","","","","","","","","","","","","","","","","","","","","","","","","","","","","","","","","","","","","","","","","","","","","","","","","","","","","","","","","","","","","","","","","","","","","","","","","","","","","","","","","","","","","","","","","","","","","","","","","","","","",""
"33167001","BORDEAUX_OBSERVATOIRE",44.831667,-0.525,74,1912012000,"","","","","","","","","","","","","","","","","","","","","","","","","","","","","","","","","","","","",9.,9,"","","","","","","","","","","","","","","","","","","","","","","","","","","","","","","","","","","","","","","","","","","","",1013.,9,1004.,9,"","","","","","","","","","","","","","","","","","","","","","","","","","","","","","","","","","","","","","","","","","","","","","","","","","","","","","","","","","","","","","","","","","","","","","","","","","","","","","","","","","","","","","","","","","","","","","","","","","","","","","","","","","","","","","","",""
"33167001","BORDEAUX_OBSERVATOIRE",44.831667,-0.525,74,1912012003,"","","","","","","","","","","","","","","","","","","","","","","","","","","","","","","","","","","","",8.7,9,"","","","","","","","","","","","","","","","","","","","","","","","","","","","","","","","","","","","","","","","","","","","",1014.,9,1005.,9,"","","","","","","","","","","","","","","","","","","","","","","","","","","","","","","","","","","","","","","","","","","","","","","","","","","","","","","","","","","","","","","","","","","","","","","","","","","","","","","","","","","","","","","","","","","","","","","","","","","","","","","","","","","","","","","",""
"33167001","BORDEAUX_OBSERVATOIRE",44.831667,-0.525,74,1912012007,"","","","","","","","","","","","","","","","","","","","","","","","","","","","","","","","","","","","",8.8,9,"","","","","","","","","","","","","","","","","","","","","","","","","","","","","","","","","","","","","","","","","","","","",1014.4,9,1005.4,9,"","","",9,"","","","","","","","","","","","","","","","","","","","","","","","","","","","","","","","","","","","","","","","","","","","","","","","","","","","","","","","","","","","","","","","","","","","","","","","","","","","","","","","","","","","","","","","","","","","","","","","","","","","","","","","","","","",""
"33167001","BORDEAUX_OBSERVATOIRE",44.831667,-0.525,74,1912012009,"","","","","","","","","","","","","","","","","","","","","","","","","","","","","","","","","","","","",8.8,9,"","","","","","","","","","","","","","","","","","","","","","","","","","","","","","","","","","","","","","","","","","","","",1016.1,9,1007.1,9,"","","","","","","","","","","","","","","","","","","","","","","","","","","","","","","","","","","","","","","","","","","","","","","","","","","","","","","","","","","","","","","","","","","","","","","","","","","","","","","","","","","","","","","","","","","","","","","","","","","","","","","","","","","","","","","",""
"33167001","BORDEAUX_OBSERVATOIRE",44.831667,-0.525,74,1912012012,"","","","","","","","","","","","","","","","","","","","","","","","","","","","","","","","","","","","",11.,9,"","","","","","","","","","","","","","","","","","","","","","","","","","","","","","","","","","","","","","","","","","","","",1017.3,9,1008.3,1,"","","","","","","","","","","","","","","","","","","","","","","","","","","","","","","","","","","","","","","","","","","","","","","","","","","","","","","","","","","","","","","","","","","","","","","","","","","","","","","","","","","","","","","","","","","","","","","","","","","","","","","","","","","","","","","",""
"33167001","BORDEAUX_OBSERVATOIRE",44.831667,-0.525,74,1912012015,"","","","","","","","","","","","","","","","","","","","","","","","","","","","","","","","","","","","",13.8,9,"","","","","","","","","","","","","","","","","","","","","","","","","","","","","","","","","","","","","","","","","","","","",1017.7,9,1008.8,9,"","","","","","","","","","","","","","","","","","","","","","","","","","","","","","","","","","","","","","","","","","","","","","","","","","","","","","","","","","","","","","","","","","","","","","","","","","","","","","","","","","","","","","","","","","","","","","","","","","","","","","","","","","","","","","","",""
"33167001","BORDEAUX_OBSERVATOIRE",44.831667,-0.525,74,1912012018,"","","","","","","","","","","","","","","","","","","","","","","","","","","","","","","","","","","","",10.3,9,"","","","","","","","","","","","","","","","","","","","","","","","","","","","","","","","","","","","","","","","","","","","",1019.3,9,1010.3,9,"","","","","","","","","","","","","","","","","","","","","","","","","","","","","","","","","","","","","","","","","","","","","","","","","","","","","","","","","","","","","","","","","","","","","","","","","","","","","","","","","","","","","","","","","","","","","","","","","","","","","","","","","","","","","","","",""
"33167001","BORDEAUX_OBSERVATOIRE",44.831667,-0.525,74,1912012021,"","","","","","","","","","","","","","","","","","","","","","","","","","","","","","","","","","","","",8.2,9,"","","","","","","","","","","","","","","","","","","","","","","","","","","","","","","","","","","","","","","","","","","","",1019.9,9,1010.8,9,"","","","","","","","","","","","","","","","","","","","","","","","","","","","","","","","","","","","","","","","","","","","","","","","","","","","","","","","","","","","","","","","","","","","","","","","","","","","","","","","","","","","","","","","","","","","","","","","","","","","","","","","","","","","","","","",""
"33167001","BORDEAUX_OBSERVATOIRE",44.831667,-0.525,74,1912012100,"","","","","","","","","","","","","","","","","","","","","","","","","","","","","","","","","","","","",7.,9,"","","","","","","","","","","","","","","","","","","","","","","","","","","","","","","","","","","","","","","","","","","","",1019.7,9,1010.6,9,"","","","","","","","","","","","","","","","","","","","","","","","","","","","","","","","","","","","","","","","","","","","","","","","","","","","","","","","","","","","","","","","","","","","","","","","","","","","","","","","","","","","","","","","","","","","","","","","","","","","","","","","","","","","","","","",""
"33167001","BORDEAUX_OBSERVATOIRE",44.831667,-0.525,74,1912012103,"","","","","","","","","","","","","","","","","","","","","","","","","","","","","","","","","","","","",5.,9,"","","","","","","","","","","","","","","","","","","","","","","","","","","","","","","","","","","","","","","","","","","","",1019.,9,1009.8,9,"","","","","","","","","","","","","","","","","","","","","","","","","","","","","","","","","","","","","","","","","","","","","","","","","","","","","","","","","","","","","","","","","","","","","","","","","","","","","","","","","","","","","","","","","","","","","","","","","","","","","","","","","","","","","","","",""
"33167001","BORDEAUX_OBSERVATOIRE",44.831667,-0.525,74,1912012107,"","","","","","","","","","","","","","","","","","","","","","","","","","","","","","","","","","","","",5.7,9,"","","","","","","","","","","","","","","","","","","","","","","","","","","","","","","","","","","","","","","","","","","","",1017.2,9,1008.1,9,"","","",9,"","","","","","","","","","","","","","","","","","","","","","","","","","","","","","","","","","","","","","","","","","","","","","","","","","","","","","","","","","","","","","","","","","","","","","","","","","","","","","","","","","","","","","","","","","","","","","","","","","","","","","","","","","","",""
"33167001","BORDEAUX_OBSERVATOIRE",44.831667,-0.525,74,1912012109,"","","","","","","","","","","","","","","","","","","","","","","","","","","","","","","","","","","","",7.1,9,"","","","","","","","","","","","","","","","","","","","","","","","","","","","","","","","","","","","","","","","","","","","",1017.4,9,1008.3,9,"","","","","","","","","","","","","","","","","","","","","","","","","","","","","","","","","","","","","","","","","","","","","","","","","","","","","","","","","","","","","","","","","","","","","","","","","","","","","","","","","","","","","","","","","","","","","","","","","","","","","","","","","","","","","","","",""
"33167001","BORDEAUX_OBSERVATOIRE",44.831667,-0.525,74,1912012112,"","","","","","","","","","","","","","","","","","","","","","","","","","","","","","","","","","","","",9.2,9,"","","","","","","","","","","","","","","","","","","","","","","","","","","","","","","","","","","","","","","","","","","","",1016.9,9,1007.9,1,"","","","","","","","","","","","","","","","","","","","","","","","","","","","","","","","","","","","","","","","","","","","","","","","","","","","","","","","","","","","","","","","","","","","","","","","","","","","","","","","","","","","","","","","","","","","","","","","","","","","","","","","","","","","","","","",""
"33167001","BORDEAUX_OBSERVATOIRE",44.831667,-0.525,74,1912012115,"","","","","","","","","","","","","","","","","","","","","","","","","","","","","","","","","","","","",11.,9,"","","","","","","","","","","","","","","","","","","","","","","","","","","","","","","","","","","","","","","","","","","","",1015.1,9,1006.2,9,"","","","","","","","","","","","","","","","","","","","","","","","","","","","","","","","","","","","","","","","","","","","","","","","","","","","","","","","","","","","","","","","","","","","","","","","","","","","","","","","","","","","","","","","","","","","","","","","","","","","","","","","","","","","","","","",""
"33167001","BORDEAUX_OBSERVATOIRE",44.831667,-0.525,74,1912012118,"","","","","","","","","","","","","","","","","","","","","","","","","","","","","","","","","","","","",8.3,9,"","","","","","","","","","","","","","","","","","","","","","","","","","","","","","","","","","","","","","","","","","","","",1014.9,9,1005.9,9,"","","","","","","","","","","","","","","","","","","","","","","","","","","","","","","","","","","","","","","","","","","","","","","","","","","","","","","","","","","","","","","","","","","","","","","","","","","","","","","","","","","","","","","","","","","","","","","","","","","","","","","","","","","","","","","",""
"33167001","BORDEAUX_OBSERVATOIRE",44.831667,-0.525,74,1912012121,"","","","","","","","","","","","","","","","","","","","","","","","","","","","","","","","","","","","",8.1,9,"","","","","","","","","","","","","","","","","","","","","","","","","","","","","","","","","","","","","","","","","","","","",1014.,9,1005.,9,"","","","","","","","","","","","","","","","","","","","","","","","","","","","","","","","","","","","","","","","","","","","","","","","","","","","","","","","","","","","","","","","","","","","","","","","","","","","","","","","","","","","","","","","","","","","","","","","","","","","","","","","","","","","","","","",""
"33167001","BORDEAUX_OBSERVATOIRE",44.831667,-0.525,74,1912012200,"","","","","","","","","","","","","","","","","","","","","","","","","","","","","","","","","","","","",7.4,9,"","","","","","","","","","","","","","","","","","","","","","","","","","","","","","","","","","","","","","","","","","","","",1012.4,9,1003.4,9,"","","","","","","","","","","","","","","","","","","","","","","","","","","","","","","","","","","","","","","","","","","","","","","","","","","","","","","","","","","","","","","","","","","","","","","","","","","","","","","","","","","","","","","","","","","","","","","","","","","","","","","","","","","","","","","",""
"33167001","BORDEAUX_OBSERVATOIRE",44.831667,-0.525,74,1912012203,"","","","","","","","","","","","","","","","","","","","","","","","","","","","","","","","","","","","",6.5,9,"","","","","","","","","","","","","","","","","","","","","","","","","","","","","","","","","","","","","","","","","","","","",1011.5,9,1002.4,9,"","","","","","","","","","","","","","","","","","","","","","","","","","","","","","","","","","","","","","","","","","","","","","","","","","","","","","","","","","","","","","","","","","","","","","","","","","","","","","","","","","","","","","","","","","","","","","","","","","","","","","","","","","","","","","","",""
"33167001","BORDEAUX_OBSERVATOIRE",44.831667,-0.525,74,1912012207,"","","","","","","","","","","","","","","","","","","","","","","","","","","","","","","","","","","","",7.2,9,"","","","","","","","","","","","","","","","","","","","","","","","","","","","","","","","","","","","","","","","","","","","",1008.5,9,999.5,9,"","","",9,"","","","","","","","","","","","","","","","","","","","","","","","","","","","","","","","","","","","","","","","","","","","","","","","","","","","","","","","","","","","","","","","","","","","","","","","","","","","","","","","","","","","","","","","","","","","","","","","","","","","","","","","","","","",""
"33167001","BORDEAUX_OBSERVATOIRE",44.831667,-0.525,74,1912012209,"","","","","","","","","","","","","","","","","","","","","","","","","","","","","","","","","","","","",7.4,9,"","","","","","","","","","","","","","","","","","","","","","","","","","","","","","","","","","","","","","","","","","","","",1008.1,9,999.1,9,"","","","","","","","","","","","","","","","","","","","","","","","","","","","","","","","","","","","","","","","","","","","","","","","","","","","","","","","","","","","","","","","","","","","","","","","","","","","","","","","","","","","","","","","","","","","","","","","","","","","","","","","","","","","","","","",""
"33167001","BORDEAUX_OBSERVATOIRE",44.831667,-0.525,74,1912012212,"","","","","","","","","","","","","","","","","","","","","","","","","","","","","","","","","","","","",10.1,9,"","","","","","","","","","","","","","","","","","","","","","","","","","","","","","","","","","","","","","","","","","","","",1007.8,9,998.9,1,"","","","","","","","","","","","","","","","","","","","","","","","","","","","","","","","","","","","","","","","","","","","","","","","","","","","","","","","","","","","","","","","","","","","","","","","","","","","","","","","","","","","","","","","","","","","","","","","","","","","","","","","","","","","","","","",""
"33167001","BORDEAUX_OBSERVATOIRE",44.831667,-0.525,74,1912012215,"","","","","","","","","","","","","","","","","","","","","","","","","","","","","","","","","","","","",9.8,9,"","","","","","","","","","","","","","","","","","","","","","","","","","","","","","","","","","","","","","","","","","","","",1007.2,9,998.3,9,"","","","","","","","","","","","","","","","","","","","","","","","","","","","","","","","","","","","","","","","","","","","","","","","","","","","","","","","","","","","","","","","","","","","","","","","","","","","","","","","","","","","","","","","","","","","","","","","","","","","","","","","","","","","","","","",""
"33167001","BORDEAUX_OBSERVATOIRE",44.831667,-0.525,74,1912012218,"","","","","","","","","","","","","","","","","","","","","","","","","","","","","","","","","","","","",9.6,9,"","","","","","","","","","","","","","","","","","","","","","","","","","","","","","","","","","","","","","","","","","","","",1007.2,9,998.3,9,"","","","","","","","","","","","","","","","","","","","","","","","","","","","","","","","","","","","","","","","","","","","","","","","","","","","","","","","","","","","","","","","","","","","","","","","","","","","","","","","","","","","","","","","","","","","","","","","","","","","","","","","","","","","","","","",""
"33167001","BORDEAUX_OBSERVATOIRE",44.831667,-0.525,74,1912012221,"","","","","","","","","","","","","","","","","","","","","","","","","","","","","","","","","","","","",9.4,9,"","","","","","","","","","","","","","","","","","","","","","","","","","","","","","","","","","","","","","","","","","","","",1006.5,9,997.6,9,"","","","","","","","","","","","","","","","","","","","","","","","","","","","","","","","","","","","","","","","","","","","","","","","","","","","","","","","","","","","","","","","","","","","","","","","","","","","","","","","","","","","","","","","","","","","","","","","","","","","","","","","","","","","","","","",""
"33167001","BORDEAUX_OBSERVATOIRE",44.831667,-0.525,74,1912012300,"","","","","","","","","","","","","","","","","","","","","","","","","","","","","","","","","","","","",8.9,9,"","","","","","","","","","","","","","","","","","","","","","","","","","","","","","","","","","","","","","","","","","","","",1006.4,9,997.5,9,"","","","","","","","","","","","","","","","","","","","","","","","","","","","","","","","","","","","","","","","","","","","","","","","","","","","","","","","","","","","","","","","","","","","","","","","","","","","","","","","","","","","","","","","","","","","","","","","","","","","","","","","","","","","","","","",""
"33167001","BORDEAUX_OBSERVATOIRE",44.831667,-0.525,74,1912012303,"","","","","","","","","","","","","","","","","","","","","","","","","","","","","","","","","","","","",8.1,9,"","","","","","","","","","","","","","","","","","","","","","","","","","","","","","","","","","","","","","","","","","","","",1004.9,9,996.,9,"","","","","","","","","","","","","","","","","","","","","","","","","","","","","","","","","","","","","","","","","","","","","","","","","","","","","","","","","","","","","","","","","","","","","","","","","","","","","","","","","","","","","","","","","","","","","","","","","","","","","","","","","","","","","","","",""
"33167001","BORDEAUX_OBSERVATOIRE",44.831667,-0.525,74,1912012307,"","","","","","","","","","","","","","","","","","","","","","","","","","","","","","","","","","","","",9.,9,"","","","","","","","","","","","","","","","","","","","","","","","","","","","","","","","","","","","","","","","","","","","",1003.4,9,994.5,9,"","","",9,"","","","","","","","","","","","","","","","","","","","","","","","","","","","","","","","","","","","","","","","","","","","","","","","","","","","","","","","","","","","","","","","","","","","","","","","","","","","","","","","","","","","","","","","","","","","","","","","","","","","","","","","","","","",""
"33167001","BORDEAUX_OBSERVATOIRE",44.831667,-0.525,74,1912012309,"","","","","","","","","","","","","","","","","","","","","","","","","","","","","","","","","","","","",9.4,9,"","","","","","","","","","","","","","","","","","","","","","","","","","","","","","","","","","","","","","","","","","","","",1003.5,9,994.6,9,"","","","","","","","","","","","","","","","","","","","","","","","","","","","","","","","","","","","","","","","","","","","","","","","","","","","","","","","","","","","","","","","","","","","","","","","","","","","","","","","","","","","","","","","","","","","","","","","","","","","","","","","","","","","","","","",""
"33167001","BORDEAUX_OBSERVATOIRE",44.831667,-0.525,74,1912012312,"","","","","","","","","","","","","","","","","","","","","","","","","","","","","","","","","","","","",10.,9,"","","","","","","","","","","","","","","","","","","","","","","","","","","","","","","","","","","","","","","","","","","","",1003.5,9,994.6,1,"","","","","","","","","","","","","","","","","","","","","","","","","","","","","","","","","","","","","","","","","","","","","","","","","","","","","","","","","","","","","","","","","","","","","","","","","","","","","","","","","","","","","","","","","","","","","","","","","","","","","","","","","","","","","","","",""
"33167001","BORDEAUX_OBSERVATOIRE",44.831667,-0.525,74,1912012315,"","","","","","","","","","","","","","","","","","","","","","","","","","","","","","","","","","","","",12.5,9,"","","","","","","","","","","","","","","","","","","","","","","","","","","","","","","","","","","","","","","","","","","","",1003.,9,994.2,9,"","","","","","","","","","","","","","","","","","","","","","","","","","","","","","","","","","","","","","","","","","","","","","","","","","","","","","","","","","","","","","","","","","","","","","","","","","","","","","","","","","","","","","","","","","","","","","","","","","","","","","","","","","","","","","","",""
"33167001","BORDEAUX_OBSERVATOIRE",44.831667,-0.525,74,1912012318,"","","","","","","","","","","","","","","","","","","","","","","","","","","","","","","","","","","","",10.1,9,"","","","","","","","","","","","","","","","","","","","","","","","","","","","","","","","","","","","","","","","","","","","",1004.3,9,995.4,9,"","","","","","","","","","","","","","","","","","","","","","","","","","","","","","","","","","","","","","","","","","","","","","","","","","","","","","","","","","","","","","","","","","","","","","","","","","","","","","","","","","","","","","","","","","","","","","","","","","","","","","","","","","","","","","","",""
"33167001","BORDEAUX_OBSERVATOIRE",44.831667,-0.525,74,1912012321,"","","","","","","","","","","","","","","","","","","","","","","","","","","","","","","","","","","","",8.5,9,"","","","","","","","","","","","","","","","","","","","","","","","","","","","","","","","","","","","","","","","","","","","",1005.6,9,996.7,9,"","","","","","","","","","","","","","","","","","","","","","","","","","","","","","","","","","","","","","","","","","","","","","","","","","","","","","","","","","","","","","","","","","","","","","","","","","","","","","","","","","","","","","","","","","","","","","","","","","","","","","","","","","","","","","","",""
"33167001","BORDEAUX_OBSERVATOIRE",44.831667,-0.525,74,1912012400,"","","","","","","","","","","","","","","","","","","","","","","","","","","","","","","","","","","","",7.8,9,"","","","","","","","","","","","","","","","","","","","","","","","","","","","","","","","","","","","","","","","","","","","",1006.4,9,997.4,9,"","","","","","","","","","","","","","","","","","","","","","","","","","","","","","","","","","","","","","","","","","","","","","","","","","","","","","","","","","","","","","","","","","","","","","","","","","","","","","","","","","","","","","","","","","","","","","","","","","","","","","","","","","","","","","","",""
"33167001","BORDEAUX_OBSERVATOIRE",44.831667,-0.525,74,1912012403,"","","","","","","","","","","","","","","","","","","","","","","","","","","","","","","","","","","","",6.2,9,"","","","","","","","","","","","","","","","","","","","","","","","","","","","","","","","","","","","","","","","","","","","",1005.8,9,996.8,9,"","","","","","","","","","","","","","","","","","","","","","","","","","","","","","","","","","","","","","","","","","","","","","","","","","","","","","","","","","","","","","","","","","","","","","","","","","","","","","","","","","","","","","","","","","","","","","","","","","","","","","","","","","","","","","","",""
"33167001","BORDEAUX_OBSERVATOIRE",44.831667,-0.525,74,1912012407,"","","","","","","","","","","","","","","","","","","","","","","","","","","","","","","","","","","","",6.1,9,"","","","","","","","","","","","","","","","","","","","","","","","","","","","","","","","","","","","","","","","","","","","",1005.6,9,996.6,9,"","","",9,"","","","","","","","","","","","","","","","","","","","","","","","","","","","","","","","","","","","","","","","","","","","","","","","","","","","","","","","","","","","","","","","","","","","","","","","","","","","","","","","","","","","","","","","","","","","","","","","","","","","","","","","","","","",""
"33167001","BORDEAUX_OBSERVATOIRE",44.831667,-0.525,74,1912012409,"","","","","","","","","","","","","","","","","","","","","","","","","","","","","","","","","","","","",6.6,9,"","","","","","","","","","","","","","","","","","","","","","","","","","","","","","","","","","","","","","","","","","","","",1006.4,9,997.4,9,"","","","","","","","","","","","","","","","","","","","","","","","","","","","","","","","","","","","","","","","","","","","","","","","","","","","","","","","","","","","","","","","","","","","","","","","","","","","","","","","","","","","","","","","","","","","","","","","","","","","","","","","","","","","","","","",""
"33167001","BORDEAUX_OBSERVATOIRE",44.831667,-0.525,74,1912012412,"","","","","","","","","","","","","","","","","","","","","","","","","","","","","","","","","","","","",9.,9,"","","","","","","","","","","","","","","","","","","","","","","","","","","","","","","","","","","","","","","","","","","","",1006.7,9,997.8,1,"","","","","","","","","","","","","","","","","","","","","","","","","","","","","","","","","","","","","","","","","","","","","","","","","","","","","","","","","","","","","","","","","","","","","","","","","","","","","","","","","","","","","","","","","","","","","","","","","","","","","","","","","","","","","","","",""
"33167001","BORDEAUX_OBSERVATOIRE",44.831667,-0.525,74,1912012415,"","","","","","","","","","","","","","","","","","","","","","","","","","","","","","","","","","","","",10.7,9,"","","","","","","","","","","","","","","","","","","","","","","","","","","","","","","","","","","","","","","","","","","","",1006.8,9,997.9,9,"","","","","","","","","","","","","","","","","","","","","","","","","","","","","","","","","","","","","","","","","","","","","","","","","","","","","","","","","","","","","","","","","","","","","","","","","","","","","","","","","","","","","","","","","","","","","","","","","","","","","","","","","","","","","","","",""
"33167001","BORDEAUX_OBSERVATOIRE",44.831667,-0.525,74,1912012418,"","","","","","","","","","","","","","","","","","","","","","","","","","","","","","","","","","","","",9.,9,"","","","","","","","","","","","","","","","","","","","","","","","","","","","","","","","","","","","","","","","","","","","",1007.9,9,999.,9,"","","","","","","","","","","","","","","","","","","","","","","","","","","","","","","","","","","","","","","","","","","","","","","","","","","","","","","","","","","","","","","","","","","","","","","","","","","","","","","","","","","","","","","","","","","","","","","","","","","","","","","","","","","","","","","",""
"33167001","BORDEAUX_OBSERVATOIRE",44.831667,-0.525,74,1912012421,"","","","","","","","","","","","","","","","","","","","","","","","","","","","","","","","","","","","",7.,9,"","","","","","","","","","","","","","","","","","","","","","","","","","","","","","","","","","","","","","","","","","","","",1008.,9,999.,9,"","","","","","","","","","","","","","","","","","","","","","","","","","","","","","","","","","","","","","","","","","","","","","","","","","","","","","","","","","","","","","","","","","","","","","","","","","","","","","","","","","","","","","","","","","","","","","","","","","","","","","","","","","","","","","","",""
"33167001","BORDEAUX_OBSERVATOIRE",44.831667,-0.525,74,1912012500,"","","","","","","","","","","","","","","","","","","","","","","","","","","","","","","","","","","","",6.,9,"","","","","","","","","","","","","","","","","","","","","","","","","","","","","","","","","","","","","","","","","","","","",1008.1,9,999.1,9,"","","","","","","","","","","","","","","","","","","","","","","","","","","","","","","","","","","","","","","","","","","","","","","","","","","","","","","","","","","","","","","","","","","","","","","","","","","","","","","","","","","","","","","","","","","","","","","","","","","","","","","","","","","","","","","",""
"33167001","BORDEAUX_OBSERVATOIRE",44.831667,-0.525,74,1912012503,"","","","","","","","","","","","","","","","","","","","","","","","","","","","","","","","","","","","",4.8,9,"","","","","","","","","","","","","","","","","","","","","","","","","","","","","","","","","","","","","","","","","","","","",1007.8,9,998.7,9,"","","","","","","","","","","","","","","","","","","","","","","","","","","","","","","","","","","","","","","","","","","","","","","","","","","","","","","","","","","","","","","","","","","","","","","","","","","","","","","","","","","","","","","","","","","","","","","","","","","","","","","","","","","","","","","",""
"33167001","BORDEAUX_OBSERVATOIRE",44.831667,-0.525,74,1912012507,"","","","","","","","","","","","","","","","","","","","","","","","","","","","","","","","","","","","",3.5,9,"","","","","","","","","","","","","","","","","","","","","","","","","","","","","","","","","","","","","","","","","","","","",1007.1,9,998.,9,"","","",9,"","","","","","","","","","","","","","","","","","","","","","","","","","","","","","","","","","","","","","","","","","","","","","","","","","","","","","","","","","","","","","","","","","","","","","","","","","","","","","","","","","","","","","","","","","","","","","","","","","","","","","","","","","","",""
"33167001","BORDEAUX_OBSERVATOIRE",44.831667,-0.525,74,1912012509,"","","","","","","","","","","","","","","","","","","","","","","","","","","","","","","","","","","","",5.7,9,"","","","","","","","","","","","","","","","","","","","","","","","","","","","","","","","","","","","","","","","","","","","",1007.7,9,998.6,9,"","","","","","","","","","","","","","","","","","","","","","","","","","","","","","","","","","","","","","","","","","","","","","","","","","","","","","","","","","","","","","","","","","","","","","","","","","","","","","","","","","","","","","","","","","","","","","","","","","","","","","","","","","","","","","","",""
"33167001","BORDEAUX_OBSERVATOIRE",44.831667,-0.525,74,1912012512,"","","","","","","","","","","","","","","","","","","","","","","","","","","","","","","","","","","","",10.9,9,"","","","","","","","","","","","","","","","","","","","","","","","","","","","","","","","","","","","","","","","","","","","",1007.,9,998.1,1,"","","","","","","","","","","","","","","","","","","","","","","","","","","","","","","","","","","","","","","","","","","","","","","","","","","","","","","","","","","","","","","","","","","","","","","","","","","","","","","","","","","","","","","","","","","","","","","","","","","","","","","","","","","","","","","",""
"33167001","BORDEAUX_OBSERVATOIRE",44.831667,-0.525,74,1912012515,"","","","","","","","","","","","","","","","","","","","","","","","","","","","","","","","","","","","",11.8,9,"","","","","","","","","","","","","","","","","","","","","","","","","","","","","","","","","","","","","","","","","","","","",1006.2,9,997.4,9,"","","","","","","","","","","","","","","","","","","","","","","","","","","","","","","","","","","","","","","","","","","","","","","","","","","","","","","","","","","","","","","","","","","","","","","","","","","","","","","","","","","","","","","","","","","","","","","","","","","","","","","","","","","","","","","",""
"33167001","BORDEAUX_OBSERVATOIRE",44.831667,-0.525,74,1912012518,"","","","","","","","","","","","","","","","","","","","","","","","","","","","","","","","","","","","",9.6,9,"","","","","","","","","","","","","","","","","","","","","","","","","","","","","","","","","","","","","","","","","","","","",1006.8,9,997.9,9,"","","","","","","","","","","","","","","","","","","","","","","","","","","","","","","","","","","","","","","","","","","","","","","","","","","","","","","","","","","","","","","","","","","","","","","","","","","","","","","","","","","","","","","","","","","","","","","","","","","","","","","","","","","","","","","",""
"33167001","BORDEAUX_OBSERVATOIRE",44.831667,-0.525,74,1912012521,"","","","","","","","","","","","","","","","","","","","","","","","","","","","","","","","","","","","",7.5,9,"","","","","","","","","","","","","","","","","","","","","","","","","","","","","","","","","","","","","","","","","","","","",1008.,9,999.,9,"","","","","","","","","","","","","","","","","","","","","","","","","","","","","","","","","","","","","","","","","","","","","","","","","","","","","","","","","","","","","","","","","","","","","","","","","","","","","","","","","","","","","","","","","","","","","","","","","","","","","","","","","","","","","","","",""
"33167001","BORDEAUX_OBSERVATOIRE",44.831667,-0.525,74,1912012600,"","","","","","","","","","","","","","","","","","","","","","","","","","","","","","","","","","","","",7.,9,"","","","","","","","","","","","","","","","","","","","","","","","","","","","","","","","","","","","","","","","","","","","",1008.4,9,999.4,9,"","","","","","","","","","","","","","","","","","","","","","","","","","","","","","","","","","","","","","","","","","","","","","","","","","","","","","","","","","","","","","","","","","","","","","","","","","","","","","","","","","","","","","","","","","","","","","","","","","","","","","","","","","","","","","","",""
"33167001","BORDEAUX_OBSERVATOIRE",44.831667,-0.525,74,1912012603,"","","","","","","","","","","","","","","","","","","","","","","","","","","","","","","","","","","","",5.7,9,"","","","","","","","","","","","","","","","","","","","","","","","","","","","","","","","","","","","","","","","","","","","",1008.1,9,999.,9,"","","","","","","","","","","","","","","","","","","","","","","","","","","","","","","","","","","","","","","","","","","","","","","","","","","","","","","","","","","","","","","","","","","","","","","","","","","","","","","","","","","","","","","","","","","","","","","","","","","","","","","","","","","","","","","",""
"33167001","BORDEAUX_OBSERVATOIRE",44.831667,-0.525,74,1912012607,"","","","","","","","","","","","","","","","","","","","","","","","","","","","","","","","","","","","",3.9,9,"","","","","","","","","","","","","","","","","","","","","","","","","","","","","","","","","","","","","","","","","","","","",1007.8,9,998.7,9,"","","",9,"","","","","","","","","","","","","","","","","","","","","","","","","","","","","","","","","","","","","","","","","","","","","","","","","","","","","","","","","","","","","","","","","","","","","","","","","","","","","","","","","","","","","","","","","","","","","","","","","","","","","","","","","","","",""
"33167001","BORDEAUX_OBSERVATOIRE",44.831667,-0.525,74,1912012609,"","","","","","","","","","","","","","","","","","","","","","","","","","","","","","","","","","","","",5.8,9,"","","","","","","","","","","","","","","","","","","","","","","","","","","","","","","","","","","","","","","","","","","","",1008.5,9,999.4,9,"","","","","","","","","","","","","","","","","","","","","","","","","","","","","","","","","","","","","","","","","","","","","","","","","","","","","","","","","","","","","","","","","","","","","","","","","","","","","","","","","","","","","","","","","","","","","","","","","","","","","","","","","","","","","","","",""
"33167001","BORDEAUX_OBSERVATOIRE",44.831667,-0.525,74,1912012612,"","","","","","","","","","","","","","","","","","","","","","","","","","","","","","","","","","","","",10.,9,"","","","","","","","","","","","","","","","","","","","","","","","","","","","","","","","","","","","","","","","","","","","",1007.8,9,998.9,1,"","","","","","","","","","","","","","","","","","","","","","","","","","","","","","","","","","","","","","","","","","","","","","","","","","","","","","","","","","","","","","","","","","","","","","","","","","","","","","","","","","","","","","","","","","","","","","","","","","","","","","","","","","","","","","","",""
"33167001","BORDEAUX_OBSERVATOIRE",44.831667,-0.525,74,1912012615,"","","","","","","","","","","","","","","","","","","","","","","","","","","","","","","","","","","","",9.8,9,"","","","","","","","","","","","","","","","","","","","","","","","","","","","","","","","","","","","","","","","","","","","",1006.8,9,997.9,9,"","","","","","","","","","","","","","","","","","","","","","","","","","","","","","","","","","","","","","","","","","","","","","","","","","","","","","","","","","","","","","","","","","","","","","","","","","","","","","","","","","","","","","","","","","","","","","","","","","","","","","","","","","","","","","","",""
"33167001","BORDEAUX_OBSERVATOIRE",44.831667,-0.525,74,1912012618,"","","","","","","","","","","","","","","","","","","","","","","","","","","","","","","","","","","","",7.3,9,"","","","","","","","","","","","","","","","","","","","","","","","","","","","","","","","","","","","","","","","","","","","",1007.2,9,998.2,9,"","","","","","","","","","","","","","","","","","","","","","","","","","","","","","","","","","","","","","","","","","","","","","","","","","","","","","","","","","","","","","","","","","","","","","","","","","","","","","","","","","","","","","","","","","","","","","","","","","","","","","","","","","","","","","","",""
"33167001","BORDEAUX_OBSERVATOIRE",44.831667,-0.525,74,1912012621,"","","","","","","","","","","","","","","","","","","","","","","","","","","","","","","","","","","","",5.8,9,"","","","","","","","","","","","","","","","","","","","","","","","","","","","","","","","","","","","","","","","","","","","",1007.7,9,998.6,9,"","","","","","","","","","","","","","","","","","","","","","","","","","","","","","","","","","","","","","","","","","","","","","","","","","","","","","","","","","","","","","","","","","","","","","","","","","","","","","","","","","","","","","","","","","","","","","","","","","","","","","","","","","","","","","","",""
"33167001","BORDEAUX_OBSERVATOIRE",44.831667,-0.525,74,1912012700,"","","","","","","","","","","","","","","","","","","","","","","","","","","","","","","","","","","","",5.1,9,"","","","","","","","","","","","","","","","","","","","","","","","","","","","","","","","","","","","","","","","","","","","",1007.5,9,998.4,9,"","","","","","","","","","","","","","","","","","","","","","","","","","","","","","","","","","","","","","","","","","","","","","","","","","","","","","","","","","","","","","","","","","","","","","","","","","","","","","","","","","","","","","","","","","","","","","","","","","","","","","","","","","","","","","","",""
"33167001","BORDEAUX_OBSERVATOIRE",44.831667,-0.525,74,1912012703,"","","","","","","","","","","","","","","","","","","","","","","","","","","","","","","","","","","","",4.8,9,"","","","","","","","","","","","","","","","","","","","","","","","","","","","","","","","","","","","","","","","","","","","",1007.4,9,998.3,9,"","","","","","","","","","","","","","","","","","","","","","","","","","","","","","","","","","","","","","","","","","","","","","","","","","","","","","","","","","","","","","","","","","","","","","","","","","","","","","","","","","","","","","","","","","","","","","","","","","","","","","","","","","","","","","","",""
"33167001","BORDEAUX_OBSERVATOIRE",44.831667,-0.525,74,1912012707,"","","","","","","","","","","","","","","","","","","","","","","","","","","","","","","","","","","","",5.1,9,"","","","","","","","","","","","","","","","","","","","","","","","","","","","","","","","","","","","","","","","","","","","",1006.5,9,997.4,9,"","","",9,"","","","","","","","","","","","","","","","","","","","","","","","","","","","","","","","","","","","","","","","","","","","","","","","","","","","","","","","","","","","","","","","","","","","","","","","","","","","","","","","","","","","","","","","","","","","","","","","","","","","","","","","","","","",""
"33167001","BORDEAUX_OBSERVATOIRE",44.831667,-0.525,74,1912012709,"","","","","","","","","","","","","","","","","","","","","","","","","","","","","","","","","","","","",4.3,9,"","","","","","","","","","","","","","","","","","","","","","","","","","","","","","","","","","","","","","","","","","","","",1007.8,9,998.7,9,"","","","","","","","","","","","","","","","","","","","","","","","","","","","","","","","","","","","","","","","","","","","","","","","","","","","","","","","","","","","","","","","","","","","","","","","","","","","","","","","","","","","","","","","","","","","","","","","","","","","","","","","","","","","","","","",""
"33167001","BORDEAUX_OBSERVATOIRE",44.831667,-0.525,74,1912012712,"","","","","","","","","","","","","","","","","","","","","","","","","","","","","","","","","","","","",4.4,9,"","","","","","","","","","","","","","","","","","","","","","","","","","","","","","","","","","","","","","","","","","","","",1008.4,9,999.3,1,"","","","","","","","","","","","","","","","","","","","","","","","","","","","","","","","","","","","","","","","","","","","","","","","","","","","","","","","","","","","","","","","","","","","","","","","","","","","","","","","","","","","","","","","","","","","","","","","","","","","","","","","","","","","","","","",""
"33167001","BORDEAUX_OBSERVATOIRE",44.831667,-0.525,74,1912012715,"","","","","","","","","","","","","","","","","","","","","","","","","","","","","","","","","","","","",5.2,9,"","","","","","","","","","","","","","","","","","","","","","","","","","","","","","","","","","","","","","","","","","","","",1008.6,9,999.5,9,"","","","","","","","","","","","","","","","","","","","","","","","","","","","","","","","","","","","","","","","","","","","","","","","","","","","","","","","","","","","","","","","","","","","","","","","","","","","","","","","","","","","","","","","","","","","","","","","","","","","","","","","","","","","","","","",""
"33167001","BORDEAUX_OBSERVATOIRE",44.831667,-0.525,74,1912012718,"","","","","","","","","","","","","","","","","","","","","","","","","","","","","","","","","","","","",3.6,9,"","","","","","","","","","","","","","","","","","","","","","","","","","","","","","","","","","","","","","","","","","","","",1010.1,9,1001.,9,"","","","","","","","","","","","","","","","","","","","","","","","","","","","","","","","","","","","","","","","","","","","","","","","","","","","","","","","","","","","","","","","","","","","","","","","","","","","","","","","","","","","","","","","","","","","","","","","","","","","","","","","","","","","","","","",""
"33167001","BORDEAUX_OBSERVATOIRE",44.831667,-0.525,74,1912012721,"","","","","","","","","","","","","","","","","","","","","","","","","","","","","","","","","","","","",1.9,9,"","","","","","","","","","","","","","","","","","","","","","","","","","","","","","","","","","","","","","","","","","","","",1011.6,9,1002.4,9,"","","","","","","","","","","","","","","","","","","","","","","","","","","","","","","","","","","","","","","","","","","","","","","","","","","","","","","","","","","","","","","","","","","","","","","","","","","","","","","","","","","","","","","","","","","","","","","","","","","","","","","","","","","","","","","",""
"33167001","BORDEAUX_OBSERVATOIRE",44.831667,-0.525,74,1912012800,"","","","","","","","","","","","","","","","","","","","","","","","","","","","","","","","","","","","",0.5,9,"","","","","","","","","","","","","","","","","","","","","","","","","","","","","","","","","","","","","","","","","","","","",1012.5,9,1003.2,9,"","","","","","","","","","","","","","","","","","","","","","","","","","","","","","","","","","","","","","","","","","","","","","","","","","","","","","","","","","","","","","","","","","","","","","","","","","","","","","","","","","","","","","","","","","","","","","","","","","","","","","","","","","","","","","","",""
"33167001","BORDEAUX_OBSERVATOIRE",44.831667,-0.525,74,1912012803,"","","","","","","","","","","","","","","","","","","","","","","","","","","","","","","","","","","","",0.5,9,"","","","","","","","","","","","","","","","","","","","","","","","","","","","","","","","","","","","","","","","","","","","",1013.3,9,1004.,9,"","","","","","","","","","","","","","","","","","","","","","","","","","","","","","","","","","","","","","","","","","","","","","","","","","","","","","","","","","","","","","","","","","","","","","","","","","","","","","","","","","","","","","","","","","","","","","","","","","","","","","","","","","","","","","","",""
"33167001","BORDEAUX_OBSERVATOIRE",44.831667,-0.525,74,1912012807,"","","","","","","","","","","","","","","","","","","","","","","","","","","","","","","","","","","","",-0.6,9,"","","","","","","","","","","","","","","","","","","","","","","","","","","","","","","","","","","","","","","","","","","","",1014.6,9,1005.3,9,"","","",9,"","","","","","","","","","","","","","","","","","","","","","","","","","","","","","","","","","","","","","","","","","","","","","","","","","","","","","","","","","","","","","","","","","","","","","","","","","","","","","","","","","","","","","","","","","","","","","","","","","","","","","","","","","","",""
"33167001","BORDEAUX_OBSERVATOIRE",44.831667,-0.525,74,1912012809,"","","","","","","","","","","","","","","","","","","","","","","","","","","","","","","","","","","","","","","","","","","","","","","","","","","","","","","","","","","","","","","","","","","","","","","","","","","","","","","","","","","","",1006.6,9,"","","","","","","","","","","","","","","","","","","","","","","","","","","","","","","","","","","","","","","","","","","","","","","","","","","","","","","","","","","","","","","","","","","","","","","","","","","","","","","","","","","","","","","","","","","","","","","","","","","","","","","","","","","","","","","",""
"33167001","BORDEAUX_OBSERVATOIRE",44.831667,-0.525,74,1912012812,"","","","","","","","","","","","","","","","","","","","","","","","","","","","","","","","","","","","",1.,9,"","","","","","","","","","","","","","","","","","","","","","","","","","","","","","","","","","","","","","","","","","","","",1016.6,9,1007.3,1,"","","","","","","","","","","","","","","","","","","","","","","","","","","","","","","","","","","","","","","","","","","","","","","","","","","","","","","","","","","","","","","","","","","","","","","","","","","","","","","","","","","","","","","","","","","","","","","","","","","","","","","","","","","","","","","",""
"33167001","BORDEAUX_OBSERVATOIRE",44.831667,-0.525,74,1912012815,"","","","","","","","","","","","","","","","","","","","","","","","","","","","","","","","","","","","",1.3,9,"","","","","","","","","","","","","","","","","","","","","","","","","","","","","","","","","","","","","","","","","","","","",1016.8,9,1007.5,9,"","","","","","","","","","","","","","","","","","","","","","","","","","","","","","","","","","","","","","","","","","","","","","","","","","","","","","","","","","","","","","","","","","","","","","","","","","","","","","","","","","","","","","","","","","","","","","","","","","","","","","","","","","","","","","","",""
"33167001","BORDEAUX_OBSERVATOIRE",44.831667,-0.525,74,1912012818,"","","","","","","","","","","","","","","","","","","","","","","","","","","","","","","","","","","","",-0.7,9,"","","","","","","","","","","","","","","","","","","","","","","","","","","","","","","","","","","","","","","","","","","","",1019.6,9,1010.2,9,"","","","","","","","","","","","","","","","","","","","","","","","","","","","","","","","","","","","","","","","","","","","","","","","","","","","","","","","","","","","","","","","","","","","","","","","","","","","","","","","","","","","","","","","","","","","","","","","","","","","","","","","","","","","","","","",""
"33167001","BORDEAUX_OBSERVATOIRE",44.831667,-0.525,74,1912012821,"","","","","","","","","","","","","","","","","","","","","","","","","","","","","","","","","","","","",-0.8,9,"","","","","","","","","","","","","","","","","","","","","","","","","","","","","","","","","","","","","","","","","","","","",1020.,9,1010.6,9,"","","","","","","","","","","","","","","","","","","","","","","","","","","","","","","","","","","","","","","","","","","","","","","","","","","","","","","","","","","","","","","","","","","","","","","","","","","","","","","","","","","","","","","","","","","","","","","","","","","","","","","","","","","","","","","",""
"33167001","BORDEAUX_OBSERVATOIRE",44.831667,-0.525,74,1912012900,"","","","","","","","","","","","","","","","","","","","","","","","","","","","","","","","","","","","",-0.8,9,"","","","","","","","","","","","","","","","","","","","","","","","","","","","","","","","","","","","","","","","","","","","",1019.6,9,1010.2,9,"","","","","","","","","","","","","","","","","","","","","","","","","","","","","","","","","","","","","","","","","","","","","","","","","","","","","","","","","","","","","","","","","","","","","","","","","","","","","","","","","","","","","","","","","","","","","","","","","","","","","","","","","","","","","","","",""
"33167001","BORDEAUX_OBSERVATOIRE",44.831667,-0.525,74,1912012903,"","","","","","","","","","","","","","","","","","","","","","","","","","","","","","","","","","","","",-1.8,9,"","","","","","","","","","","","","","","","","","","","","","","","","","","","","","","","","","","","","","","","","","","","",1019.3,9,1009.9,9,"","","","","","","","","","","","","","","","","","","","","","","","","","","","","","","","","","","","","","","","","","","","","","","","","","","","","","","","","","","","","","","","","","","","","","","","","","","","","","","","","","","","","","","","","","","","","","","","","","","","","","","","","","","","","","","",""
"33167001","BORDEAUX_OBSERVATOIRE",44.831667,-0.525,74,1912012907,"","","","","","","","","","","","","","","","","","","","","","","","","","","","","","","","","","","","",-3.9,9,"","","","","","","","","","","","","","","","","","","","","","","","","","","","","","","","","","","","","","","","","","","","",1018.4,9,1008.9,9,"","","",9,"","","","","","","","","","","","","","","","","","","","","","","","","","","","","","","","","","","","","","","","","","","","","","","","","","","","","","","","","","","","","","","","","","","","","","","","","","","","","","","","","","","","","","","","","","","","","","","","","","","","","","","","","","","",""
"33167001","BORDEAUX_OBSERVATOIRE",44.831667,-0.525,74,1912012909,"","","","","","","","","","","","","","","","","","","","","","","","","","","","","","","","","","","","",-2.8,9,"","","","","","","","","","","","","","","","","","","","","","","","","","","","","","","","","","","","","","","","","","","","",1018.8,9,1009.3,9,"","","","","","","","","","","","","","","","","","","","","","","","","","","","","","","","","","","","","","","","","","","","","","","","","","","","","","","","","","","","","","","","","","","","","","","","","","","","","","","","","","","","","","","","","","","","","","","","","","","","","","","","","","","","","","","",""
"33167001","BORDEAUX_OBSERVATOIRE",44.831667,-0.525,74,1912012912,"","","","","","","","","","","","","","","","","","","","","","","","","","","","","","","","","","","","",2.3,9,"","","","","","","","","","","","","","","","","","","","","","","","","","","","","","","","","","","","","","","","","","","","",1017.2,9,1007.9,1,"","","","","","","","","","","","","","","","","","","","","","","","","","","","","","","","","","","","","","","","","","","","","","","","","","","","","","","","","","","","","","","","","","","","","","","","","","","","","","","","","","","","","","","","","","","","","","","","","","","","","","","","","","","","","","","",""
"33167001","BORDEAUX_OBSERVATOIRE",44.831667,-0.525,74,1912012915,"","","","","","","","","","","","","","","","","","","","","","","","","","","","","","","","","","","","",2.8,9,"","","","","","","","","","","","","","","","","","","","","","","","","","","","","","","","","","","","","","","","","","","","",1015.9,9,1006.7,9,"","","","","","","","","","","","","","","","","","","","","","","","","","","","","","","","","","","","","","","","","","","","","","","","","","","","","","","","","","","","","","","","","","","","","","","","","","","","","","","","","","","","","","","","","","","","","","","","","","","","","","","","","","","","","","","",""
"33167001","BORDEAUX_OBSERVATOIRE",44.831667,-0.525,74,1912012918,"","","","","","","","","","","","","","","","","","","","","","","","","","","","","","","","","","","","",0.6,9,"","","","","","","","","","","","","","","","","","","","","","","","","","","","","","","","","","","","","","","","","","","","",1016.4,9,1007.1,9,"","","","","","","","","","","","","","","","","","","","","","","","","","","","","","","","","","","","","","","","","","","","","","","","","","","","","","","","","","","","","","","","","","","","","","","","","","","","","","","","","","","","","","","","","","","","","","","","","","","","","","","","","","","","","","","",""
"33167001","BORDEAUX_OBSERVATOIRE",44.831667,-0.525,74,1912012921,"","","","","","","","","","","","","","","","","","","","","","","","","","","","","","","","","","","","",-0.1,9,"","","","","","","","","","","","","","","","","","","","","","","","","","","","","","","","","","","","","","","","","","","","",1016.8,9,1007.5,9,"","","","","","","","","","","","","","","","","","","","","","","","","","","","","","","","","","","","","","","","","","","","","","","","","","","","","","","","","","","","","","","","","","","","","","","","","","","","","","","","","","","","","","","","","","","","","","","","","","","","","","","","","","","","","","","",""
"33167001","BORDEAUX_OBSERVATOIRE",44.831667,-0.525,74,1912013000,"","","","","","","","","","","","","","","","","","","","","","","","","","","","","","","","","","","","",0.3,9,"","","","","","","","","","","","","","","","","","","","","","","","","","","","","","","","","","","","","","","","","","","","",1016.8,9,1007.5,9,"","","","","","","","","","","","","","","","","","","","","","","","","","","","","","","","","","","","","","","","","","","","","","","","","","","","","","","","","","","","","","","","","","","","","","","","","","","","","","","","","","","","","","","","","","","","","","","","","","","","","","","","","","","","","","","",""
"33167001","BORDEAUX_OBSERVATOIRE",44.831667,-0.525,74,1912013003,"","","","","","","","","","","","","","","","","","","","","","","","","","","","","","","","","","","","",-1.,9,"","","","","","","","","","","","","","","","","","","","","","","","","","","","","","","","","","","","","","","","","","","","",1016.9,9,1007.5,9,"","","","","","","","","","","","","","","","","","","","","","","","","","","","","","","","","","","","","","","","","","","","","","","","","","","","","","","","","","","","","","","","","","","","","","","","","","","","","","","","","","","","","","","","","","","","","","","","","","","","","","","","","","","","","","","",""
"33167001","BORDEAUX_OBSERVATOIRE",44.831667,-0.525,74,1912013007,"","","","","","","","","","","","","","","","","","","","","","","","","","","","","","","","","","","","",-3.,9,"","","","","","","","","","","","","","","","","","","","","","","","","","","","","","","","","","","","","","","","","","","","",1018.6,9,1009.1,9,"","","",9,"","","","","","","","","","","","","","","","","","","","","","","","","","","","","","","","","","","","","","","","","","","","","","","","","","","","","","","","","","","","","","","","","","","","","","","","","","","","","","","","","","","","","","","","","","","","","","","","","","","","","","","","","","","",""
"33167001","BORDEAUX_OBSERVATOIRE",44.831667,-0.525,74,1912013009,"","","","","","","","","","","","","","","","","","","","","","","","","","","","","","","","","","","","",-2.1,9,"","","","","","","","","","","","","","","","","","","","","","","","","","","","","","","","","","","","","","","","","","","","",1019.6,9,1010.2,9,"","","","","","","","","","","","","","","","","","","","","","","","","","","","","","","","","","","","","","","","","","","","","","","","","","","","","","","","","","","","","","","","","","","","","","","","","","","","","","","","","","","","","","","","","","","","","","","","","","","","","","","","","","","","","","","",""
"33167001","BORDEAUX_OBSERVATOIRE",44.831667,-0.525,74,1912013012,"","","","","","","","","","","","","","","","","","","","","","","","","","","","","","","","","","","","",1.4,9,"","","","","","","","","","","","","","","","","","","","","","","","","","","","","","","","","","","","","","","","","","","","",1020.2,9,1010.9,1,"","","","","","","","","","","","","","","","","","","","","","","","","","","","","","","","","","","","","","","","","","","","","","","","","","","","","","","","","","","","","","","","","","","","","","","","","","","","","","","","","","","","","","","","","","","","","","","","","","","","","","","","","","","","","","","",""
"33167001","BORDEAUX_OBSERVATOIRE",44.831667,-0.525,74,1912013015,"","","","","","","","","","","","","","","","","","","","","","","","","","","","","","","","","","","","",3.9,9,"","","","","","","","","","","","","","","","","","","","","","","","","","","","","","","","","","","","","","","","","","","","",1020.,9,1010.8,9,"","","","","","","","","","","","","","","","","","","","","","","","","","","","","","","","","","","","","","","","","","","","","","","","","","","","","","","","","","","","","","","","","","","","","","","","","","","","","","","","","","","","","","","","","","","","","","","","","","","","","","","","","","","","","","","",""
"33167001","BORDEAUX_OBSERVATOIRE",44.831667,-0.525,74,1912013018,"","","","","","","","","","","","","","","","","","","","","","","","","","","","","","","","","","","","",1.3,9,"","","","","","","","","","","","","","","","","","","","","","","","","","","","","","","","","","","","","","","","","","","","",1023.1,9,1013.8,9,"","","","","","","","","","","","","","","","","","","","","","","","","","","","","","","","","","","","","","","","","","","","","","","","","","","","","","","","","","","","","","","","","","","","","","","","","","","","","","","","","","","","","","","","","","","","","","","","","","","","","","","","","","","","","","","",""
"33167001","BORDEAUX_OBSERVATOIRE",44.831667,-0.525,74,1912013021,"","","","","","","","","","","","","","","","","","","","","","","","","","","","","","","","","","","","",0.4,9,"","","","","","","","","","","","","","","","","","","","","","","","","","","","","","","","","","","","","","","","","","","","",1024.6,9,1015.2,9,"","","","","","","","","","","","","","","","","","","","","","","","","","","","","","","","","","","","","","","","","","","","","","","","","","","","","","","","","","","","","","","","","","","","","","","","","","","","","","","","","","","","","","","","","","","","","","","","","","","","","","","","","","","","","","","",""
"33167001","BORDEAUX_OBSERVATOIRE",44.831667,-0.525,74,1912013100,"","","","","","","","","","","","","","","","","","","","","","","","","","","","","","","","","","","","",1.5,9,"","","","","","","","","","","","","","","","","","","","","","","","","","","","","","","","","","","","","","","","","","","","",1025.7,9,1016.3,9,"","","","","","","","","","","","","","","","","","","","","","","","","","","","","","","","","","","","","","","","","","","","","","","","","","","","","","","","","","","","","","","","","","","","","","","","","","","","","","","","","","","","","","","","","","","","","","","","","","","","","","","","","","","","","","","",""
"33167001","BORDEAUX_OBSERVATOIRE",44.831667,-0.525,74,1912013103,"","","","","","","","","","","","","","","","","","","","","","","","","","","","","","","","","","","","",1.4,9,"","","","","","","","","","","","","","","","","","","","","","","","","","","","","","","","","","","","","","","","","","","","",1025.6,9,1016.2,9,"","","","","","","","","","","","","","","","","","","","","","","","","","","","","","","","","","","","","","","","","","","","","","","","","","","","","","","","","","","","","","","","","","","","","","","","","","","","","","","","","","","","","","","","","","","","","","","","","","","","","","","","","","","","","","","",""
"33167001","BORDEAUX_OBSERVATOIRE",44.831667,-0.525,74,1912013107,"","","","","","","","","","","","","","","","","","","","","","","","","","","","","","","","","","","","",-0.5,9,"","","","","","","","","","","","","","","","","","","","","","","","","","","","","","","","","","","","","","","","","","","","",1024.8,9,1015.4,9,"","","",9,"","","","","","","","","","","","","","","","","","","","","","","","","","","","","","","","","","","","","","","","","","","","","","","","","","","","","","","","","","","","","","","","","","","","","","","","","","","","","","","","","","","","","","","","","","","","","","","","","","","","","","","","","","","",""
"33167001","BORDEAUX_OBSERVATOIRE",44.831667,-0.525,74,1912013109,"","","","","","","","","","","","","","","","","","","","","","","","","","","","","","","","","","","","",0.8,9,"","","","","","","","","","","","","","","","","","","","","","","","","","","","","","","","","","","","","","","","","","","","",1024.2,9,1014.8,9,"","","","","","","","","","","","","","","","","","","","","","","","","","","","","","","","","","","","","","","","","","","","","","","","","","","","","","","","","","","","","","","","","","","","","","","","","","","","","","","","","","","","","","","","","","","","","","","","","","","","","","","","","","","","","","","",""
"33167001","BORDEAUX_OBSERVATOIRE",44.831667,-0.525,74,1912013112,"","","","","","","","","","","","","","","","","","","","","","","","","","","","","","","","","","","","",3.4,9,"","","","","","","","","","","","","","","","","","","","","","","","","","","","","","","","","","","","","","","","","","","","",1023.4,9,1014.1,1,"","","","","","","","","","","","","","","","","","","","","","","","","","","","","","","","","","","","","","","","","","","","","","","","","","","","","","","","","","","","","","","","","","","","","","","","","","","","","","","","","","","","","","","","","","","","","","","","","","","","","","","","","","","","","","","",""
"33167001","BORDEAUX_OBSERVATOIRE",44.831667,-0.525,74,1912013115,"","","","","","","","","","","","","","","","","","","","","","","","","","","","","","","","","","","","",5.3,9,"","","","","","","","","","","","","","","","","","","","","","","","","","","","","","","","","","","","","","","","","","","","",1020.8,9,1011.6,9,"","","","","","","","","","","","","","","","","","","","","","","","","","","","","","","","","","","","","","","","","","","","","","","","","","","","","","","","","","","","","","","","","","","","","","","","","","","","","","","","","","","","","","","","","","","","","","","","","","","","","","","","","","","","","","","",""
"33167001","BORDEAUX_OBSERVATOIRE",44.831667,-0.525,74,1912013118,"","","","","","","","","","","","","","","","","","","","","","","","","","","","","","","","","","","","",2.,9,"","","","","","","","","","","","","","","","","","","","","","","","","","","","","","","","","","","","","","","","","","","","",1019.5,9,1010.2,9,"","","","","","","","","","","","","","","","","","","","","","","","","","","","","","","","","","","","","","","","","","","","","","","","","","","","","","","","","","","","","","","","","","","","","","","","","","","","","","","","","","","","","","","","","","","","","","","","","","","","","","","","","","","","","","","",""
"33167001","BORDEAUX_OBSERVATOIRE",44.831667,-0.525,74,1912013121,"","","","","","","","","","","","","","","","","","","","","","","","","","","","","","","","","","","","",0.6,9,"","","","","","","","","","","","","","","","","","","","","","","","","","","","","","","","","","","","","","","","","","","","",1017.9,9,1008.6,9,"","","","","","","","","","","","","","","","","","","","","","","","","","","","","","","","","","","","","","","","","","","","","","","","","","","","","","","","","","","","","","","","","","","","","","","","","","","","","","","","","","","","","","","","","","","","","","","","","","","","","","","","","","","","","","","",""
"33167001","BORDEAUX_OBSERVATOIRE",44.831667,-0.525,74,1912020100,"","","","","","","","","","","","","","","","","","","","","","","","","","","","","","","","","","","","",-0.8,9,"","","","","","","","","","","","","","","","","","","","","","","","","","","","","","","","","","","","","","","","","","","","",1016.6,9,1007.2,9,"","","","","","","","","","","","","","","","","","","","","","","","","","","","","","","","","","","","","","","","","","","","","","","","","","","","","","","","","","","","","","","","","","","","","","","","","","","","","","","","","","","","","","","","","","","","","","","","","","","","","","","","","","","","","","","",""
"33167001","BORDEAUX_OBSERVATOIRE",44.831667,-0.525,74,1912020103,"","","","","","","","","","","","","","","","","","","","","","","","","","","","","","","","","","","","",-0.5,9,"","","","","","","","","","","","","","","","","","","","","","","","","","","","","","","","","","","","","","","","","","","","",1013.7,9,1004.4,9,"","","","","","","","","","","","","","","","","","","","","","","","","","","","","","","","","","","","","","","","","","","","","","","","","","","","","","","","","","","","","","","","","","","","","","","","","","","","","","","","","","","","","","","","","","","","","","","","","","","","","","","","","","","","","","","",""
"33167001","BORDEAUX_OBSERVATOIRE",44.831667,-0.525,74,1912020107,"","","","","","","","","","","","","","","","","","","","","","","","","","","","","","","","","","","","",-1.1,9,"","","","","","","","","","","","","","","","","","","","","","","","","","","","","","","","","","","","","","","","","","","","",1009.9,9,1000.6,9,"","","",9,"","","","","","","","","","","","","","","","","","","","","","","","","","","","","","","","","","","","","","","","","","","","","","","","","","","","","","","","","","","","","","","","","","","","","","","","","","","","","","","","","","","","","","","","","","","","","","","","","","","","","","","","","","","",""
"33167001","BORDEAUX_OBSERVATOIRE",44.831667,-0.525,74,1912020109,"","","","","","","","","","","","","","","","","","","","","","","","","","","","","","","","","","","","",-0.7,9,"","","","","","","","","","","","","","","","","","","","","","","","","","","","","","","","","","","","","","","","","","","","",1008.7,9,999.4,9,"","","","","","","","","","","","","","","","","","","","","","","","","","","","","","","","","","","","","","","","","","","","","","","","","","","","","","","","","","","","","","","","","","","","","","","","","","","","","","","","","","","","","","","","","","","","","","","","","","","","","","","","","","","","","","","",""
"33167001","BORDEAUX_OBSERVATOIRE",44.831667,-0.525,74,1912020112,"","","","","","","","","","","","","","","","","","","","","","","","","","","","","","","","","","","","",4.8,9,"","","","","","","","","","","","","","","","","","","","","","","","","","","","","","","","","","","","","","","","","","","","",1005.6,9,996.5,1,"","","","","","","","","","","","","","","","","","","","","","","","","","","","","","","","","","","","","","","","","","","","","","","","","","","","","","","","","","","","","","","","","","","","","","","","","","","","","","","","","","","","","","","","","","","","","","","","","","","","","","","","","","","","","","","",""
"33167001","BORDEAUX_OBSERVATOIRE",44.831667,-0.525,74,1912020115,"","","","","","","","","","","","","","","","","","","","","","","","","","","","","","","","","","","","",9.,9,"","","","","","","","","","","","","","","","","","","","","","","","","","","","","","","","","","","","","","","","","","","","",1000.9,9,992.,9,"","","","","","","","","","","","","","","","","","","","","","","","","","","","","","","","","","","","","","","","","","","","","","","","","","","","","","","","","","","","","","","","","","","","","","","","","","","","","","","","","","","","","","","","","","","","","","","","","","","","","","","","","","","","","","","",""
"33167001","BORDEAUX_OBSERVATOIRE",44.831667,-0.525,74,1912020118,"","","","","","","","","","","","","","","","","","","","","","","","","","","","","","","","","","","","",5.5,9,"","","","","","","","","","","","","","","","","","","","","","","","","","","","","","","","","","","","","","","","","","","","",997.1,9,988.1,9,"","","","","","","","","","","","","","","","","","","","","","","","","","","","","","","","","","","","","","","","","","","","","","","","","","","","","","","","","","","","","","","","","","","","","","","","","","","","","","","","","","","","","","","","","","","","","","","","","","","","","","","","","","","","","","","",""
"33167001","BORDEAUX_OBSERVATOIRE",44.831667,-0.525,74,1912020121,"","","","","","","","","","","","","","","","","","","","","","","","","","","","","","","","","","","","",4.9,9,"","","","","","","","","","","","","","","","","","","","","","","","","","","","","","","","","","","","","","","","","","","","",994.6,9,985.6,9,"","","","","","","","","","","","","","","","","","","","","","","","","","","","","","","","","","","","","","","","","","","","","","","","","","","","","","","","","","","","","","","","","","","","","","","","","","","","","","","","","","","","","","","","","","","","","","","","","","","","","","","","","","","","","","","",""
"33167001","BORDEAUX_OBSERVATOIRE",44.831667,-0.525,74,1912020200,"","","","","","","","","","","","","","","","","","","","","","","","","","","","","","","","","","","","",4.6,9,"","","","","","","","","","","","","","","","","","","","","","","","","","","","","","","","","","","","","","","","","","","","",992.5,9,983.5,9,"","","","","","","","","","","","","","","","","","","","","","","","","","","","","","","","","","","","","","","","","","","","","","","","","","","","","","","","","","","","","","","","","","","","","","","","","","","","","","","","","","","","","","","","","","","","","","","","","","","","","","","","","","","","","","","",""
"33167001","BORDEAUX_OBSERVATOIRE",44.831667,-0.525,74,1912020203,"","","","","","","","","","","","","","","","","","","","","","","","","","","","","","","","","","","","",5.2,9,"","","","","","","","","","","","","","","","","","","","","","","","","","","","","","","","","","","","","","","","","","","","",990.4,9,981.5,9,"","","","","","","","","","","","","","","","","","","","","","","","","","","","","","","","","","","","","","","","","","","","","","","","","","","","","","","","","","","","","","","","","","","","","","","","","","","","","","","","","","","","","","","","","","","","","","","","","","","","","","","","","","","","","","","",""
"33167001","BORDEAUX_OBSERVATOIRE",44.831667,-0.525,74,1912020207,"","","","","","","","","","","","","","","","","","","","","","","","","","","","","","","","","","","","",4.9,9,"","","","","","","","","","","","","","","","","","","","","","","","","","","","","","","","","","","","","","","","","","","","",986.5,9,977.6,9,"","","",9,"","","","","","","","","","","","","","","","","","","","","","","","","","","","","","","","","","","","","","","","","","","","","","","","","","","","","","","","","","","","","","","","","","","","","","","","","","","","","","","","","","","","","","","","","","","","","","","","","","","","","","","","","","","",""
"33167001","BORDEAUX_OBSERVATOIRE",44.831667,-0.525,74,1912020209,"","","","","","","","","","","","","","","","","","","","","","","","","","","","","","","","","","","","",5.7,9,"","","","","","","","","","","","","","","","","","","","","","","","","","","","","","","","","","","","","","","","","","","","",986.3,9,977.4,9,"","","","","","","","","","","","","","","","","","","","","","","","","","","","","","","","","","","","","","","","","","","","","","","","","","","","","","","","","","","","","","","","","","","","","","","","","","","","","","","","","","","","","","","","","","","","","","","","","","","","","","","","","","","","","","","",""
"33167001","BORDEAUX_OBSERVATOIRE",44.831667,-0.525,74,1912020212,"","","","","","","","","","","","","","","","","","","","","","","","","","","","","","","","","","","","",9.3,9,"","","","","","","","","","","","","","","","","","","","","","","","","","","","","","","","","","","","","","","","","","","","",985.,9,976.3,1,"","","","","","","","","","","","","","","","","","","","","","","","","","","","","","","","","","","","","","","","","","","","","","","","","","","","","","","","","","","","","","","","","","","","","","","","","","","","","","","","","","","","","","","","","","","","","","","","","","","","","","","","","","","","","","","",""
"33167001","BORDEAUX_OBSERVATOIRE",44.831667,-0.525,74,1912020215,"","","","","","","","","","","","","","","","","","","","","","","","","","","","","","","","","","","","",8.2,9,"","","","","","","","","","","","","","","","","","","","","","","","","","","","","","","","","","","","","","","","","","","","",984.5,9,975.7,9,"","","","","","","","","","","","","","","","","","","","","","","","","","","","","","","","","","","","","","","","","","","","","","","","","","","","","","","","","","","","","","","","","","","","","","","","","","","","","","","","","","","","","","","","","","","","","","","","","","","","","","","","","","","","","","","",""
"33167001","BORDEAUX_OBSERVATOIRE",44.831667,-0.525,74,1912020218,"","","","","","","","","","","","","","","","","","","","","","","","","","","","","","","","","","","","",3.3,9,"","","","","","","","","","","","","","","","","","","","","","","","","","","","","","","","","","","","","","","","","","","","",987.5,9,978.5,9,"","","","","","","","","","","","","","","","","","","","","","","","","","","","","","","","","","","","","","","","","","","","","","","","","","","","","","","","","","","","","","","","","","","","","","","","","","","","","","","","","","","","","","","","","","","","","","","","","","","","","","","","","","","","","","","",""
"33167001","BORDEAUX_OBSERVATOIRE",44.831667,-0.525,74,1912020221,"","","","","","","","","","","","","","","","","","","","","","","","","","","","","","","","","","","","",1.5,9,"","","","","","","","","","","","","","","","","","","","","","","","","","","","","","","","","","","","","","","","","","","","",990.5,9,981.5,9,"","","","","","","","","","","","","","","","","","","","","","","","","","","","","","","","","","","","","","","","","","","","","","","","","","","","","","","","","","","","","","","","","","","","","","","","","","","","","","","","","","","","","","","","","","","","","","","","","","","","","","","","","","","","","","","",""
"33167001","BORDEAUX_OBSERVATOIRE",44.831667,-0.525,74,1912020300,"","","","","","","","","","","","","","","","","","","","","","","","","","","","","","","","","","","","",0.2,9,"","","","","","","","","","","","","","","","","","","","","","","","","","","","","","","","","","","","","","","","","","","","",994.5,9,985.4,9,"","","","","","","","","","","","","","","","","","","","","","","","","","","","","","","","","","","","","","","","","","","","","","","","","","","","","","","","","","","","","","","","","","","","","","","","","","","","","","","","","","","","","","","","","","","","","","","","","","","","","","","","","","","","","","","",""
"33167001","BORDEAUX_OBSERVATOIRE",44.831667,-0.525,74,1912020303,"","","","","","","","","","","","","","","","","","","","","","","","","","","","","","","","","","","","",-0.9,9,"","","","","","","","","","","","","","","","","","","","","","","","","","","","","","","","","","","","","","","","","","","","",997.4,9,988.2,9,"","","","","","","","","","","","","","","","","","","","","","","","","","","","","","","","","","","","","","","","","","","","","","","","","","","","","","","","","","","","","","","","","","","","","","","","","","","","","","","","","","","","","","","","","","","","","","","","","","","","","","","","","","","","","","","",""
"33167001","BORDEAUX_OBSERVATOIRE",44.831667,-0.525,74,1912020307,"","","","","","","","","","","","","","","","","","","","","","","","","","","","","","","","","","","","",-2.9,9,"","","","","","","","","","","","","","","","","","","","","","","","","","","","","","","","","","","","","","","","","","","","",1000.3,9,991.,9,"","","",9,"","","","","","","","","","","","","","","","","","","","","","","","","","","","","","","","","","","","","","","","","","","","","","","","","","","","","","","","","","","","","","","","","","","","","","","","","","","","","","","","","","","","","","","","","","","","","","","","","","","","","","","","","","","",""
"33167001","BORDEAUX_OBSERVATOIRE",44.831667,-0.525,74,1912020309,"","","","","","","","","","","","","","","","","","","","","","","","","","","","","","","","","","","","",-1.3,9,"","","","","","","","","","","","","","","","","","","","","","","","","","","","","","","","","","","","","","","","","","","","",1001.5,9,992.3,9,"","","","","","","","","","","","","","","","","","","","","","","","","","","","","","","","","","","","","","","","","","","","","","","","","","","","","","","","","","","","","","","","","","","","","","","","","","","","","","","","","","","","","","","","","","","","","","","","","","","","","","","","","","","","","","","",""
"33167001","BORDEAUX_OBSERVATOIRE",44.831667,-0.525,74,1912020312,"","","","","","","","","","","","","","","","","","","","","","","","","","","","","","","","","","","","",0.3,9,"","","","","","","","","","","","","","","","","","","","","","","","","","","","","","","","","","","","","","","","","","","","",1001.7,9,992.5,1,"","","","","","","","","","","","","","","","","","","","","","","","","","","","","","","","","","","","","","","","","","","","","","","","","","","","","","","","","","","","","","","","","","","","","","","","","","","","","","","","","","","","","","","","","","","","","","","","","","","","","","","","","","","","","","","",""
"33167001","BORDEAUX_OBSERVATOIRE",44.831667,-0.525,74,1912020315,"","","","","","","","","","","","","","","","","","","","","","","","","","","","","","","","","","","","",1.7,9,"","","","","","","","","","","","","","","","","","","","","","","","","","","","","","","","","","","","","","","","","","","","",999.5,9,990.4,9,"","","","","","","","","","","","","","","","","","","","","","","","","","","","","","","","","","","","","","","","","","","","","","","","","","","","","","","","","","","","","","","","","","","","","","","","","","","","","","","","","","","","","","","","","","","","","","","","","","","","","","","","","","","","","","","",""
"33167001","BORDEAUX_OBSERVATOIRE",44.831667,-0.525,74,1912020318,"","","","","","","","","","","","","","","","","","","","","","","","","","","","","","","","","","","","",-0.1,9,"","","","","","","","","","","","","","","","","","","","","","","","","","","","","","","","","","","","","","","","","","","","",998.7,9,989.5,9,"","","","","","","","","","","","","","","","","","","","","","","","","","","","","","","","","","","","","","","","","","","","","","","","","","","","","","","","","","","","","","","","","","","","","","","","","","","","","","","","","","","","","","","","","","","","","","","","","","","","","","","","","","","","","","","",""
"33167001","BORDEAUX_OBSERVATOIRE",44.831667,-0.525,74,1912020321,"","","","","","","","","","","","","","","","","","","","","","","","","","","","","","","","","","","","",-0.2,9,"","","","","","","","","","","","","","","","","","","","","","","","","","","","","","","","","","","","","","","","","","","","",996.4,9,987.2,9,"","","","","","","","","","","","","","","","","","","","","","","","","","","","","","","","","","","","","","","","","","","","","","","","","","","","","","","","","","","","","","","","","","","","","","","","","","","","","","","","","","","","","","","","","","","","","","","","","","","","","","","","","","","","","","","",""
"33167001","BORDEAUX_OBSERVATOIRE",44.831667,-0.525,74,1912020400,"","","","","","","","","","","","","","","","","","","","","","","","","","","","","","","","","","","","",-0.5,9,"","","","","","","","","","","","","","","","","","","","","","","","","","","","","","","","","","","","","","","","","","","","",993.4,9,984.3,9,"","","","","","","","","","","","","","","","","","","","","","","","","","","","","","","","","","","","","","","","","","","","","","","","","","","","","","","","","","","","","","","","","","","","","","","","","","","","","","","","","","","","","","","","","","","","","","","","","","","","","","","","","","","","","","","",""
"33167001","BORDEAUX_OBSERVATOIRE",44.831667,-0.525,74,1912020403,"","","","","","","","","","","","","","","","","","","","","","","","","","","","","","","","","","","","",-1.2,9,"","","","","","","","","","","","","","","","","","","","","","","","","","","","","","","","","","","","","","","","","","","","",992.2,9,983.,9,"","","","","","","","","","","","","","","","","","","","","","","","","","","","","","","","","","","","","","","","","","","","","","","","","","","","","","","","","","","","","","","","","","","","","","","","","","","","","","","","","","","","","","","","","","","","","","","","","","","","","","","","","","","","","","","",""
"33167001","BORDEAUX_OBSERVATOIRE",44.831667,-0.525,74,1912020407,"","","","","","","","","","","","","","","","","","","","","","","","","","","","","","","","","","","","",-1.5,9,"","","","","","","","","","","","","","","","","","","","","","","","","","","","","","","","","","","","","","","","","","","","",991.2,9,982.,9,"","","",9,"","","","","","","","","","","","","","","","","","","","","","","","","","","","","","","","","","","","","","","","","","","","","","","","","","","","","","","","","","","","","","","","","","","","","","","","","","","","","","","","","","","","","","","","","","","","","","","","","","","","","","","","","","","",""
"33167001","BORDEAUX_OBSERVATOIRE",44.831667,-0.525,74,1912020409,"","","","","","","","","","","","","","","","","","","","","","","","","","","","","","","","","","","","",1.,9,"","","","","","","","","","","","","","","","","","","","","","","","","","","","","","","","","","","","","","","","","","","","",991.7,9,982.6,9,"","","","","","","","","","","","","","","","","","","","","","","","","","","","","","","","","","","","","","","","","","","","","","","","","","","","","","","","","","","","","","","","","","","","","","","","","","","","","","","","","","","","","","","","","","","","","","","","","","","","","","","","","","","","","","","",""
"33167001","BORDEAUX_OBSERVATOIRE",44.831667,-0.525,74,1912020412,"","","","","","","","","","","","","","","","","","","","","","","","","","","","","","","","","","","","",4.4,9,"","","","","","","","","","","","","","","","","","","","","","","","","","","","","","","","","","","","","","","","","","","","",991.7,9,982.7,1,"","","","","","","","","","","","","","","","","","","","","","","","","","","","","","","","","","","","","","","","","","","","","","","","","","","","","","","","","","","","","","","","","","","","","","","","","","","","","","","","","","","","","","","","","","","","","","","","","","","","","","","","","","","","","","","",""
"33167001","BORDEAUX_OBSERVATOIRE",44.831667,-0.525,74,1912020415,"","","","","","","","","","","","","","","","","","","","","","","","","","","","","","","","","","","","",4.7,9,"","","","","","","","","","","","","","","","","","","","","","","","","","","","","","","","","","","","","","","","","","","","",992.9,9,983.9,9,"","","","","","","","","","","","","","","","","","","","","","","","","","","","","","","","","","","","","","","","","","","","","","","","","","","","","","","","","","","","","","","","","","","","","","","","","","","","","","","","","","","","","","","","","","","","","","","","","","","","","","","","","","","","","","","",""
"33167001","BORDEAUX_OBSERVATOIRE",44.831667,-0.525,74,1912020418,"","","","","","","","","","","","","","","","","","","","","","","","","","","","","","","","","","","","",5.3,9,"","","","","","","","","","","","","","","","","","","","","","","","","","","","","","","","","","","","","","","","","","","","",993.8,9,984.9,9,"","","","","","","","","","","","","","","","","","","","","","","","","","","","","","","","","","","","","","","","","","","","","","","","","","","","","","","","","","","","","","","","","","","","","","","","","","","","","","","","","","","","","","","","","","","","","","","","","","","","","","","","","","","","","","","",""
"33167001","BORDEAUX_OBSERVATOIRE",44.831667,-0.525,74,1912020421,"","","","","","","","","","","","","","","","","","","","","","","","","","","","","","","","","","","","",5.4,9,"","","","","","","","","","","","","","","","","","","","","","","","","","","","","","","","","","","","","","","","","","","","",992.9,9,984.,9,"","","","","","","","","","","","","","","","","","","","","","","","","","","","","","","","","","","","","","","","","","","","","","","","","","","","","","","","","","","","","","","","","","","","","","","","","","","","","","","","","","","","","","","","","","","","","","","","","","","","","","","","","","","","","","","",""
"33167001","BORDEAUX_OBSERVATOIRE",44.831667,-0.525,74,1912020500,"","","","","","","","","","","","","","","","","","","","","","","","","","","","","","","","","","","","",4.9,9,"","","","","","","","","","","","","","","","","","","","","","","","","","","","","","","","","","","","","","","","","","","","",990.3,9,981.4,9,"","","","","","","","","","","","","","","","","","","","","","","","","","","","","","","","","","","","","","","","","","","","","","","","","","","","","","","","","","","","","","","","","","","","","","","","","","","","","","","","","","","","","","","","","","","","","","","","","","","","","","","","","","","","","","","",""
"33167001","BORDEAUX_OBSERVATOIRE",44.831667,-0.525,74,1912020503,"","","","","","","","","","","","","","","","","","","","","","","","","","","","","","","","","","","","",5.9,9,"","","","","","","","","","","","","","","","","","","","","","","","","","","","","","","","","","","","","","","","","","","","",987.9,9,979.,9,"","","","","","","","","","","","","","","","","","","","","","","","","","","","","","","","","","","","","","","","","","","","","","","","","","","","","","","","","","","","","","","","","","","","","","","","","","","","","","","","","","","","","","","","","","","","","","","","","","","","","","","","","","","","","","","",""
"33167001","BORDEAUX_OBSERVATOIRE",44.831667,-0.525,74,1912020507,"","","","","","","","","","","","","","","","","","","","","","","","","","","","","","","","","","","","",7.1,9,"","","","","","","","","","","","","","","","","","","","","","","","","","","","","","","","","","","","","","","","","","","","",989.5,9,980.7,9,"","","",9,"","","","","","","","","","","","","","","","","","","","","","","","","","","","","","","","","","","","","","","","","","","","","","","","","","","","","","","","","","","","","","","","","","","","","","","","","","","","","","","","","","","","","","","","","","","","","","","","","","","","","","","","","","","",""
"33167001","BORDEAUX_OBSERVATOIRE",44.831667,-0.525,74,1912020509,"","","","","","","","","","","","","","","","","","","","","","","","","","","","","","","","","","","","",9.,9,"","","","","","","","","","","","","","","","","","","","","","","","","","","","","","","","","","","","","","","","","","","","",991.1,9,982.3,9,"","","","","","","","","","","","","","","","","","","","","","","","","","","","","","","","","","","","","","","","","","","","","","","","","","","","","","","","","","","","","","","","","","","","","","","","","","","","","","","","","","","","","","","","","","","","","","","","","","","","","","","","","","","","","","","",""
"33167001","BORDEAUX_OBSERVATOIRE",44.831667,-0.525,74,1912020512,"","","","","","","","","","","","","","","","","","","","","","","","","","","","","","","","","","","","",14.7,9,"","","","","","","","","","","","","","","","","","","","","","","","","","","","","","","","","","","","","","","","","","","","",991.2,9,982.6,1,"","","","","","","","","","","","","","","","","","","","","","","","","","","","","","","","","","","","","","","","","","","","","","","","","","","","","","","","","","","","","","","","","","","","","","","","","","","","","","","","","","","","","","","","","","","","","","","","","","","","","","","","","","","","","","","",""
"33167001","BORDEAUX_OBSERVATOIRE",44.831667,-0.525,74,1912020515,"","","","","","","","","","","","","","","","","","","","","","","","","","","","","","","","","","","","",12.6,9,"","","","","","","","","","","","","","","","","","","","","","","","","","","","","","","","","","","","","","","","","","","","",989.8,9,981.1,9,"","","","","","","","","","","","","","","","","","","","","","","","","","","","","","","","","","","","","","","","","","","","","","","","","","","","","","","","","","","","","","","","","","","","","","","","","","","","","","","","","","","","","","","","","","","","","","","","","","","","","","","","","","","","","","","",""
"33167001","BORDEAUX_OBSERVATOIRE",44.831667,-0.525,74,1912020518,"","","","","","","","","","","","","","","","","","","","","","","","","","","","","","","","","","","","",10.,9,"","","","","","","","","","","","","","","","","","","","","","","","","","","","","","","","","","","","","","","","","","","","",989.8,9,981.,9,"","","","","","","","","","","","","","","","","","","","","","","","","","","","","","","","","","","","","","","","","","","","","","","","","","","","","","","","","","","","","","","","","","","","","","","","","","","","","","","","","","","","","","","","","","","","","","","","","","","","","","","","","","","","","","","",""
"33167001","BORDEAUX_OBSERVATOIRE",44.831667,-0.525,74,1912020521,"","","","","","","","","","","","","","","","","","","","","","","","","","","","","","","","","","","","",9.3,9,"","","","","","","","","","","","","","","","","","","","","","","","","","","","","","","","","","","","","","","","","","","","",990.6,9,981.8,9,"","","","","","","","","","","","","","","","","","","","","","","","","","","","","","","","","","","","","","","","","","","","","","","","","","","","","","","","","","","","","","","","","","","","","","","","","","","","","","","","","","","","","","","","","","","","","","","","","","","","","","","","","","","","","","","",""
"33167001","BORDEAUX_OBSERVATOIRE",44.831667,-0.525,74,1912020600,"","","","","","","","","","","","","","","","","","","","","","","","","","","","","","","","","","","","",10.3,9,"","","","","","","","","","","","","","","","","","","","","","","","","","","","","","","","","","","","","","","","","","","","",991.5,9,982.7,9,"","","","","","","","","","","","","","","","","","","","","","","","","","","","","","","","","","","","","","","","","","","","","","","","","","","","","","","","","","","","","","","","","","","","","","","","","","","","","","","","","","","","","","","","","","","","","","","","","","","","","","","","","","","","","","","",""
"33167001","BORDEAUX_OBSERVATOIRE",44.831667,-0.525,74,1912020603,"","","","","","","","","","","","","","","","","","","","","","","","","","","","","","","","","","","","",8.7,9,"","","","","","","","","","","","","","","","","","","","","","","","","","","","","","","","","","","","","","","","","","","","",991.1,9,982.3,9,"","","","","","","","","","","","","","","","","","","","","","","","","","","","","","","","","","","","","","","","","","","","","","","","","","","","","","","","","","","","","","","","","","","","","","","","","","","","","","","","","","","","","","","","","","","","","","","","","","","","","","","","","","","","","","","",""
"33167001","BORDEAUX_OBSERVATOIRE",44.831667,-0.525,74,1912020607,"","","","","","","","","","","","","","","","","","","","","","","","","","","","","","","","","","","","",9.,9,"","","","","","","","","","","","","","","","","","","","","","","","","","","","","","","","","","","","","","","","","","","","",988.,9,979.2,9,"","","",9,"","","","","","","","","","","","","","","","","","","","","","","","","","","","","","","","","","","","","","","","","","","","","","","","","","","","","","","","","","","","","","","","","","","","","","","","","","","","","","","","","","","","","","","","","","","","","","","","","","","","","","","","","","","",""
"33167001","BORDEAUX_OBSERVATOIRE",44.831667,-0.525,74,1912020609,"","","","","","","","","","","","","","","","","","","","","","","","","","","","","","","","","","","","",9.1,9,"","","","","","","","","","","","","","","","","","","","","","","","","","","","","","","","","","","","","","","","","","","","",987.8,9,979.,9,"","","","","","","","","","","","","","","","","","","","","","","","","","","","","","","","","","","","","","","","","","","","","","","","","","","","","","","","","","","","","","","","","","","","","","","","","","","","","","","","","","","","","","","","","","","","","","","","","","","","","","","","","","","","","","","",""
"33167001","BORDEAUX_OBSERVATOIRE",44.831667,-0.525,74,1912020612,"","","","","","","","","","","","","","","","","","","","","","","","","","","","","","","","","","","","",12.4,9,"","","","","","","","","","","","","","","","","","","","","","","","","","","","","","","","","","","","","","","","","","","","",987.6,9,978.9,1,"","","","","","","","","","","","","","","","","","","","","","","","","","","","","","","","","","","","","","","","","","","","","","","","","","","","","","","","","","","","","","","","","","","","","","","","","","","","","","","","","","","","","","","","","","","","","","","","","","","","","","","","","","","","","","","",""
"33167001","BORDEAUX_OBSERVATOIRE",44.831667,-0.525,74,1912020615,"","","","","","","","","","","","","","","","","","","","","","","","","","","","","","","","","","","","",12.6,9,"","","","","","","","","","","","","","","","","","","","","","","","","","","","","","","","","","","","","","","","","","","","",988.8,9,980.1,9,"","","","","","","","","","","","","","","","","","","","","","","","","","","","","","","","","","","","","","","","","","","","","","","","","","","","","","","","","","","","","","","","","","","","","","","","","","","","","","","","","","","","","","","","","","","","","","","","","","","","","","","","","","","","","","","",""
"33167001","BORDEAUX_OBSERVATOIRE",44.831667,-0.525,74,1912020618,"","","","","","","","","","","","","","","","","","","","","","","","","","","","","","","","","","","","",12.8,9,"","","","","","","","","","","","","","","","","","","","","","","","","","","","","","","","","","","","","","","","","","","","",992.1,9,983.4,9,"","","","","","","","","","","","","","","","","","","","","","","","","","","","","","","","","","","","","","","","","","","","","","","","","","","","","","","","","","","","","","","","","","","","","","","","","","","","","","","","","","","","","","","","","","","","","","","","","","","","","","","","","","","","","","","",""
"33167001","BORDEAUX_OBSERVATOIRE",44.831667,-0.525,74,1912020621,"","","","","","","","","","","","","","","","","","","","","","","","","","","","","","","","","","","","",10.3,9,"","","","","","","","","","","","","","","","","","","","","","","","","","","","","","","","","","","","","","","","","","","","",995.5,9,986.7,9,"","","","","","","","","","","","","","","","","","","","","","","","","","","","","","","","","","","","","","","","","","","","","","","","","","","","","","","","","","","","","","","","","","","","","","","","","","","","","","","","","","","","","","","","","","","","","","","","","","","","","","","","","","","","","","","",""
"33167001","BORDEAUX_OBSERVATOIRE",44.831667,-0.525,74,1912020700,"","","","","","","","","","","","","","","","","","","","","","","","","","","","","","","","","","","","",9.8,9,"","","","","","","","","","","","","","","","","","","","","","","","","","","","","","","","","","","","","","","","","","","","",998.7,9,989.9,9,"","","","","","","","","","","","","","","","","","","","","","","","","","","","","","","","","","","","","","","","","","","","","","","","","","","","","","","","","","","","","","","","","","","","","","","","","","","","","","","","","","","","","","","","","","","","","","","","","","","","","","","","","","","","","","","",""
"33167001","BORDEAUX_OBSERVATOIRE",44.831667,-0.525,74,1912020703,"","","","","","","","","","","","","","","","","","","","","","","","","","","","","","","","","","","","",8.,9,"","","","","","","","","","","","","","","","","","","","","","","","","","","","","","","","","","","","","","","","","","","","",1001.1,9,992.2,9,"","","","","","","","","","","","","","","","","","","","","","","","","","","","","","","","","","","","","","","","","","","","","","","","","","","","","","","","","","","","","","","","","","","","","","","","","","","","","","","","","","","","","","","","","","","","","","","","","","","","","","","","","","","","","","","",""
"33167001","BORDEAUX_OBSERVATOIRE",44.831667,-0.525,74,1912020707,"","","","","","","","","","","","","","","","","","","","","","","","","","","","","","","","","","","","",6.3,9,"","","","","","","","","","","","","","","","","","","","","","","","","","","","","","","","","","","","","","","","","","","","",1001.1,9,992.1,9,"","","",9,"","","","","","","","","","","","","","","","","","","","","","","","","","","","","","","","","","","","","","","","","","","","","","","","","","","","","","","","","","","","","","","","","","","","","","","","","","","","","","","","","","","","","","","","","","","","","","","","","","","","","","","","","","","",""
"33167001","BORDEAUX_OBSERVATOIRE",44.831667,-0.525,74,1912020709,"","","","","","","","","","","","","","","","","","","","","","","","","","","","","","","","","","","","",6.9,9,"","","","","","","","","","","","","","","","","","","","","","","","","","","","","","","","","","","","","","","","","","","","",1001.1,9,992.1,9,"","","","","","","","","","","","","","","","","","","","","","","","","","","","","","","","","","","","","","","","","","","","","","","","","","","","","","","","","","","","","","","","","","","","","","","","","","","","","","","","","","","","","","","","","","","","","","","","","","","","","","","","","","","","","","","",""
"33167001","BORDEAUX_OBSERVATOIRE",44.831667,-0.525,74,1912020712,"","","","","","","","","","","","","","","","","","","","","","","","","","","","","","","","","","","","",10.9,9,"","","","","","","","","","","","","","","","","","","","","","","","","","","","","","","","","","","","","","","","","","","","",998.6,9,989.8,1,"","","","","","","","","","","","","","","","","","","","","","","","","","","","","","","","","","","","","","","","","","","","","","","","","","","","","","","","","","","","","","","","","","","","","","","","","","","","","","","","","","","","","","","","","","","","","","","","","","","","","","","","","","","","","","","",""
"33167001","BORDEAUX_OBSERVATOIRE",44.831667,-0.525,74,1912020715,"","","","","","","","","","","","","","","","","","","","","","","","","","","","","","","","","","","","",13.3,9,"","","","","","","","","","","","","","","","","","","","","","","","","","","","","","","","","","","","","","","","","","","","",995.4,9,986.7,9,"","","","","","","","","","","","","","","","","","","","","","","","","","","","","","","","","","","","","","","","","","","","","","","","","","","","","","","","","","","","","","","","","","","","","","","","","","","","","","","","","","","","","","","","","","","","","","","","","","","","","","","","","","","","","","","",""
"33167001","BORDEAUX_OBSERVATOIRE",44.831667,-0.525,74,1912020718,"","","","","","","","","","","","","","","","","","","","","","","","","","","","","","","","","","","","",12.3,9,"","","","","","","","","","","","","","","","","","","","","","","","","","","","","","","","","","","","","","","","","","","","",993.7,9,985.,9,"","","","","","","","","","","","","","","","","","","","","","","","","","","","","","","","","","","","","","","","","","","","","","","","","","","","","","","","","","","","","","","","","","","","","","","","","","","","","","","","","","","","","","","","","","","","","","","","","","","","","","","","","","","","","","","",""
"33167001","BORDEAUX_OBSERVATOIRE",44.831667,-0.525,74,1912020721,"","","","","","","","","","","","","","","","","","","","","","","","","","","","","","","","","","","","",11.1,9,"","","","","","","","","","","","","","","","","","","","","","","","","","","","","","","","","","","","","","","","","","","","",991.3,9,982.6,9,"","","","","","","","","","","","","","","","","","","","","","","","","","","","","","","","","","","","","","","","","","","","","","","","","","","","","","","","","","","","","","","","","","","","","","","","","","","","","","","","","","","","","","","","","","","","","","","","","","","","","","","","","","","","","","","",""
"33167001","BORDEAUX_OBSERVATOIRE",44.831667,-0.525,74,1912020800,"","","","","","","","","","","","","","","","","","","","","","","","","","","","","","","","","","","","",10.3,9,"","","","","","","","","","","","","","","","","","","","","","","","","","","","","","","","","","","","","","","","","","","","",989.3,9,980.6,9,"","","","","","","","","","","","","","","","","","","","","","","","","","","","","","","","","","","","","","","","","","","","","","","","","","","","","","","","","","","","","","","","","","","","","","","","","","","","","","","","","","","","","","","","","","","","","","","","","","","","","","","","","","","","","","","",""
"33167001","BORDEAUX_OBSERVATOIRE",44.831667,-0.525,74,1912020803,"","","","","","","","","","","","","","","","","","","","","","","","","","","","","","","","","","","","",10.1,9,"","","","","","","","","","","","","","","","","","","","","","","","","","","","","","","","","","","","","","","","","","","","",986.6,9,977.9,9,"","","","","","","","","","","","","","","","","","","","","","","","","","","","","","","","","","","","","","","","","","","","","","","","","","","","","","","","","","","","","","","","","","","","","","","","","","","","","","","","","","","","","","","","","","","","","","","","","","","","","","","","","","","","","","","",""
"33167001","BORDEAUX_OBSERVATOIRE",44.831667,-0.525,74,1912020807,"","","","","","","","","","","","","","","","","","","","","","","","","","","","","","","","","","","","",12.3,9,"","","","","","","","","","","","","","","","","","","","","","","","","","","","","","","","","","","","","","","","","","","","",987.,9,978.3,9,"","","",9,"","","","","","","","","","","","","","","","","","","","","","","","","","","","","","","","","","","","","","","","","","","","","","","","","","","","","","","","","","","","","","","","","","","","","","","","","","","","","","","","","","","","","","","","","","","","","","","","","","","","","","","","","","","",""
"33167001","BORDEAUX_OBSERVATOIRE",44.831667,-0.525,74,1912020809,"","","","","","","","","","","","","","","","","","","","","","","","","","","","","","","","","","","","",13.4,9,"","","","","","","","","","","","","","","","","","","","","","","","","","","","","","","","","","","","","","","","","","","","",988.7,9,980.1,9,"","","","","","","","","","","","","","","","","","","","","","","","","","","","","","","","","","","","","","","","","","","","","","","","","","","","","","","","","","","","","","","","","","","","","","","","","","","","","","","","","","","","","","","","","","","","","","","","","","","","","","","","","","","","","","","",""
"33167001","BORDEAUX_OBSERVATOIRE",44.831667,-0.525,74,1912020812,"","","","","","","","","","","","","","","","","","","","","","","","","","","","","","","","","","","","",12.8,9,"","","","","","","","","","","","","","","","","","","","","","","","","","","","","","","","","","","","","","","","","","","","",988.5,9,979.9,1,"","","","","","","","","","","","","","","","","","","","","","","","","","","","","","","","","","","","","","","","","","","","","","","","","","","","","","","","","","","","","","","","","","","","","","","","","","","","","","","","","","","","","","","","","","","","","","","","","","","","","","","","","","","","","","","",""
"33167001","BORDEAUX_OBSERVATOIRE",44.831667,-0.525,74,1912020815,"","","","","","","","","","","","","","","","","","","","","","","","","","","","","","","","","","","","",13.6,9,"","","","","","","","","","","","","","","","","","","","","","","","","","","","","","","","","","","","","","","","","","","","",986.4,9,977.8,9,"","","","","","","","","","","","","","","","","","","","","","","","","","","","","","","","","","","","","","","","","","","","","","","","","","","","","","","","","","","","","","","","","","","","","","","","","","","","","","","","","","","","","","","","","","","","","","","","","","","","","","","","","","","","","","","",""
"33167001","BORDEAUX_OBSERVATOIRE",44.831667,-0.525,74,1912020818,"","","","","","","","","","","","","","","","","","","","","","","","","","","","","","","","","","","","",13.,9,"","","","","","","","","","","","","","","","","","","","","","","","","","","","","","","","","","","","","","","","","","","","",986.5,9,977.9,9,"","","","","","","","","","","","","","","","","","","","","","","","","","","","","","","","","","","","","","","","","","","","","","","","","","","","","","","","","","","","","","","","","","","","","","","","","","","","","","","","","","","","","","","","","","","","","","","","","","","","","","","","","","","","","","","",""
"33167001","BORDEAUX_OBSERVATOIRE",44.831667,-0.525,74,1912020821,"","","","","","","","","","","","","","","","","","","","","","","","","","","","","","","","","","","","",12.1,9,"","","","","","","","","","","","","","","","","","","","","","","","","","","","","","","","","","","","","","","","","","","","",987.,9,978.3,9,"","","","","","","","","","","","","","","","","","","","","","","","","","","","","","","","","","","","","","","","","","","","","","","","","","","","","","","","","","","","","","","","","","","","","","","","","","","","","","","","","","","","","","","","","","","","","","","","","","","","","","","","","","","","","","","",""
"33167001","BORDEAUX_OBSERVATOIRE",44.831667,-0.525,74,1912020900,"","","","","","","","","","","","","","","","","","","","","","","","","","","","","","","","","","","","",11.9,9,"","","","","","","","","","","","","","","","","","","","","","","","","","","","","","","","","","","","","","","","","","","","",988.1,9,979.4,9,"","","","","","","","","","","","","","","","","","","","","","","","","","","","","","","","","","","","","","","","","","","","","","","","","","","","","","","","","","","","","","","","","","","","","","","","","","","","","","","","","","","","","","","","","","","","","","","","","","","","","","","","","","","","","","","",""
"33167001","BORDEAUX_OBSERVATOIRE",44.831667,-0.525,74,1912020903,"","","","","","","","","","","","","","","","","","","","","","","","","","","","","","","","","","","","",12.3,9,"","","","","","","","","","","","","","","","","","","","","","","","","","","","","","","","","","","","","","","","","","","","",989.1,9,980.4,9,"","","","","","","","","","","","","","","","","","","","","","","","","","","","","","","","","","","","","","","","","","","","","","","","","","","","","","","","","","","","","","","","","","","","","","","","","","","","","","","","","","","","","","","","","","","","","","","","","","","","","","","","","","","","","","","",""
"33167001","BORDEAUX_OBSERVATOIRE",44.831667,-0.525,74,1912020907,"","","","","","","","","","","","","","","","","","","","","","","","","","","","","","","","","","","","",12.1,9,"","","","","","","","","","","","","","","","","","","","","","","","","","","","","","","","","","","","","","","","","","","","",992.,9,983.3,9,"","","",9,"","","","","","","","","","","","","","","","","","","","","","","","","","","","","","","","","","","","","","","","","","","","","","","","","","","","","","","","","","","","","","","","","","","","","","","","","","","","","","","","","","","","","","","","","","","","","","","","","","","","","","","","","","","",""
"33167001","BORDEAUX_OBSERVATOIRE",44.831667,-0.525,74,1912020909,"","","","","","","","","","","","","","","","","","","","","","","","","","","","","","","","","","","","",12.1,9,"","","","","","","","","","","","","","","","","","","","","","","","","","","","","","","","","","","","","","","","","","","","",994.,9,985.3,9,"","","","","","","","","","","","","","","","","","","","","","","","","","","","","","","","","","","","","","","","","","","","","","","","","","","","","","","","","","","","","","","","","","","","","","","","","","","","","","","","","","","","","","","","","","","","","","","","","","","","","","","","","","","","","","","",""
"33167001","BORDEAUX_OBSERVATOIRE",44.831667,-0.525,74,1912020912,"","","","","","","","","","","","","","","","","","","","","","","","","","","","","","","","","","","","",13.9,9,"","","","","","","","","","","","","","","","","","","","","","","","","","","","","","","","","","","","","","","","","","","","",995.2,9,986.5,1,"","","","","","","","","","","","","","","","","","","","","","","","","","","","","","","","","","","","","","","","","","","","","","","","","","","","","","","","","","","","","","","","","","","","","","","","","","","","","","","","","","","","","","","","","","","","","","","","","","","","","","","","","","","","","","","",""
"33167001","BORDEAUX_OBSERVATOIRE",44.831667,-0.525,74,1912020915,"","","","","","","","","","","","","","","","","","","","","","","","","","","","","","","","","","","","",9.8,9,"","","","","","","","","","","","","","","","","","","","","","","","","","","","","","","","","","","","","","","","","","","","",997.4,9,988.6,9,"","","","","","","","","","","","","","","","","","","","","","","","","","","","","","","","","","","","","","","","","","","","","","","","","","","","","","","","","","","","","","","","","","","","","","","","","","","","","","","","","","","","","","","","","","","","","","","","","","","","","","","","","","","","","","","",""
"33167001","BORDEAUX_OBSERVATOIRE",44.831667,-0.525,74,1912020918,"","","","","","","","","","","","","","","","","","","","","","","","","","","","","","","","","","","","",10.,9,"","","","","","","","","","","","","","","","","","","","","","","","","","","","","","","","","","","","","","","","","","","","",1000.7,9,991.9,9,"","","","","","","","","","","","","","","","","","","","","","","","","","","","","","","","","","","","","","","","","","","","","","","","","","","","","","","","","","","","","","","","","","","","","","","","","","","","","","","","","","","","","","","","","","","","","","","","","","","","","","","","","","","","","","","",""
"33167001","BORDEAUX_OBSERVATOIRE",44.831667,-0.525,74,1912020921,"","","","","","","","","","","","","","","","","","","","","","","","","","","","","","","","","","","","",7.9,9,"","","","","","","","","","","","","","","","","","","","","","","","","","","","","","","","","","","","","","","","","","","","",1002.9,9,994.,9,"","","","","","","","","","","","","","","","","","","","","","","","","","","","","","","","","","","","","","","","","","","","","","","","","","","","","","","","","","","","","","","","","","","","","","","","","","","","","","","","","","","","","","","","","","","","","","","","","","","","","","","","","","","","","","","",""
"33167001","BORDEAUX_OBSERVATOIRE",44.831667,-0.525,74,1912021000,"","","","","","","","","","","","","","","","","","","","","","","","","","","","","","","","","","","","",5.9,9,"","","","","","","","","","","","","","","","","","","","","","","","","","","","","","","","","","","","","","","","","","","","",1003.8,9,994.8,9,"","","","","","","","","","","","","","","","","","","","","","","","","","","","","","","","","","","","","","","","","","","","","","","","","","","","","","","","","","","","","","","","","","","","","","","","","","","","","","","","","","","","","","","","","","","","","","","","","","","","","","","","","","","","","","","",""
"33167001","BORDEAUX_OBSERVATOIRE",44.831667,-0.525,74,1912021003,"","","","","","","","","","","","","","","","","","","","","","","","","","","","","","","","","","","","",5.2,9,"","","","","","","","","","","","","","","","","","","","","","","","","","","","","","","","","","","","","","","","","","","","",1001.8,9,992.8,9,"","","","","","","","","","","","","","","","","","","","","","","","","","","","","","","","","","","","","","","","","","","","","","","","","","","","","","","","","","","","","","","","","","","","","","","","","","","","","","","","","","","","","","","","","","","","","","","","","","","","","","","","","","","","","","","",""
"33167001","BORDEAUX_OBSERVATOIRE",44.831667,-0.525,74,1912021007,"","","","","","","","","","","","","","","","","","","","","","","","","","","","","","","","","","","","",6.9,9,"","","","","","","","","","","","","","","","","","","","","","","","","","","","","","","","","","","","","","","","","","","","",996.4,9,987.5,9,"","","",9,"","","","","","","","","","","","","","","","","","","","","","","","","","","","","","","","","","","","","","","","","","","","","","","","","","","","","","","","","","","","","","","","","","","","","","","","","","","","","","","","","","","","","","","","","","","","","","","","","","","","","","","","","","","",""
"33167001","BORDEAUX_OBSERVATOIRE",44.831667,-0.525,74,1912021009,"","","","","","","","","","","","","","","","","","","","","","","","","","","","","","","","","","","","",7.9,9,"","","","","","","","","","","","","","","","","","","","","","","","","","","","","","","","","","","","","","","","","","","","",993.5,9,984.6,9,"","","","","","","","","","","","","","","","","","","","","","","","","","","","","","","","","","","","","","","","","","","","","","","","","","","","","","","","","","","","","","","","","","","","","","","","","","","","","","","","","","","","","","","","","","","","","","","","","","","","","","","","","","","","","","","",""
"33167001","BORDEAUX_OBSERVATOIRE",44.831667,-0.525,74,1912021012,"","","","","","","","","","","","","","","","","","","","","","","","","","","","","","","","","","","","",9.9,9,"","","","","","","","","","","","","","","","","","","","","","","","","","","","","","","","","","","","","","","","","","","","",990.5,9,981.7,1,"","","","","","","","","","","","","","","","","","","","","","","","","","","","","","","","","","","","","","","","","","","","","","","","","","","","","","","","","","","","","","","","","","","","","","","","","","","","","","","","","","","","","","","","","","","","","","","","","","","","","","","","","","","","","","","",""
"33167001","BORDEAUX_OBSERVATOIRE",44.831667,-0.525,74,1912021015,"","","","","","","","","","","","","","","","","","","","","","","","","","","","","","","","","","","","",14.7,9,"","","","","","","","","","","","","","","","","","","","","","","","","","","","","","","","","","","","","","","","","","","","",988.4,9,979.8,9,"","","","","","","","","","","","","","","","","","","","","","","","","","","","","","","","","","","","","","","","","","","","","","","","","","","","","","","","","","","","","","","","","","","","","","","","","","","","","","","","","","","","","","","","","","","","","","","","","","","","","","","","","","","","","","","",""
"33167001","BORDEAUX_OBSERVATOIRE",44.831667,-0.525,74,1912021018,"","","","","","","","","","","","","","","","","","","","","","","","","","","","","","","","","","","","",13.8,9,"","","","","","","","","","","","","","","","","","","","","","","","","","","","","","","","","","","","","","","","","","","","",991.5,9,982.9,9,"","","","","","","","","","","","","","","","","","","","","","","","","","","","","","","","","","","","","","","","","","","","","","","","","","","","","","","","","","","","","","","","","","","","","","","","","","","","","","","","","","","","","","","","","","","","","","","","","","","","","","","","","","","","","","","",""
"33167001","BORDEAUX_OBSERVATOIRE",44.831667,-0.525,74,1912021021,"","","","","","","","","","","","","","","","","","","","","","","","","","","","","","","","","","","","",11.7,9,"","","","","","","","","","","","","","","","","","","","","","","","","","","","","","","","","","","","","","","","","","","","",994.3,9,985.6,9,"","","","","","","","","","","","","","","","","","","","","","","","","","","","","","","","","","","","","","","","","","","","","","","","","","","","","","","","","","","","","","","","","","","","","","","","","","","","","","","","","","","","","","","","","","","","","","","","","","","","","","","","","","","","","","","",""
"33167001","BORDEAUX_OBSERVATOIRE",44.831667,-0.525,74,1912021100,"","","","","","","","","","","","","","","","","","","","","","","","","","","","","","","","","","","","",9.7,9,"","","","","","","","","","","","","","","","","","","","","","","","","","","","","","","","","","","","","","","","","","","","",996.7,9,987.9,9,"","","","","","","","","","","","","","","","","","","","","","","","","","","","","","","","","","","","","","","","","","","","","","","","","","","","","","","","","","","","","","","","","","","","","","","","","","","","","","","","","","","","","","","","","","","","","","","","","","","","","","","","","","","","","","","",""
"33167001","BORDEAUX_OBSERVATOIRE",44.831667,-0.525,74,1912021103,"","","","","","","","","","","","","","","","","","","","","","","","","","","","","","","","","","","","",7.6,9,"","","","","","","","","","","","","","","","","","","","","","","","","","","","","","","","","","","","","","","","","","","","",996.9,9,988.,9,"","","","","","","","","","","","","","","","","","","","","","","","","","","","","","","","","","","","","","","","","","","","","","","","","","","","","","","","","","","","","","","","","","","","","","","","","","","","","","","","","","","","","","","","","","","","","","","","","","","","","","","","","","","","","","","",""
"33167001","BORDEAUX_OBSERVATOIRE",44.831667,-0.525,74,1912021107,"","","","","","","","","","","","","","","","","","","","","","","","","","","","","","","","","","","","",7.5,9,"","","","","","","","","","","","","","","","","","","","","","","","","","","","","","","","","","","","","","","","","","","","",998.4,9,989.5,9,"","","",9,"","","","","","","","","","","","","","","","","","","","","","","","","","","","","","","","","","","","","","","","","","","","","","","","","","","","","","","","","","","","","","","","","","","","","","","","","","","","","","","","","","","","","","","","","","","","","","","","","","","","","","","","","","","",""
"33167001","BORDEAUX_OBSERVATOIRE",44.831667,-0.525,74,1912021109,"","","","","","","","","","","","","","","","","","","","","","","","","","","","","","","","","","","","",10.,9,"","","","","","","","","","","","","","","","","","","","","","","","","","","","","","","","","","","","","","","","","","","","",1000.1,9,991.3,9,"","","","","","","","","","","","","","","","","","","","","","","","","","","","","","","","","","","","","","","","","","","","","","","","","","","","","","","","","","","","","","","","","","","","","","","","","","","","","","","","","","","","","","","","","","","","","","","","","","","","","","","","","","","","","","","",""
"33167001","BORDEAUX_OBSERVATOIRE",44.831667,-0.525,74,1912021112,"","","","","","","","","","","","","","","","","","","","","","","","","","","","","","","","","","","","",13.6,9,"","","","","","","","","","","","","","","","","","","","","","","","","","","","","","","","","","","","","","","","","","","","",1001.6,9,992.9,1,"","","","","","","","","","","","","","","","","","","","","","","","","","","","","","","","","","","","","","","","","","","","","","","","","","","","","","","","","","","","","","","","","","","","","","","","","","","","","","","","","","","","","","","","","","","","","","","","","","","","","","","","","","","","","","","",""
"33167001","BORDEAUX_OBSERVATOIRE",44.831667,-0.525,74,1912021115,"","","","","","","","","","","","","","","","","","","","","","","","","","","","","","","","","","","","",12.8,9,"","","","","","","","","","","","","","","","","","","","","","","","","","","","","","","","","","","","","","","","","","","","",1002.6,9,993.8,9,"","","","","","","","","","","","","","","","","","","","","","","","","","","","","","","","","","","","","","","","","","","","","","","","","","","","","","","","","","","","","","","","","","","","","","","","","","","","","","","","","","","","","","","","","","","","","","","","","","","","","","","","","","","","","","","",""
"33167001","BORDEAUX_OBSERVATOIRE",44.831667,-0.525,74,1912021118,"","","","","","","","","","","","","","","","","","","","","","","","","","","","","","","","","","","","",11.,9,"","","","","","","","","","","","","","","","","","","","","","","","","","","","","","","","","","","","","","","","","","","","",1003.9,9,995.1,9,"","","","","","","","","","","","","","","","","","","","","","","","","","","","","","","","","","","","","","","","","","","","","","","","","","","","","","","","","","","","","","","","","","","","","","","","","","","","","","","","","","","","","","","","","","","","","","","","","","","","","","","","","","","","","","","",""
"33167001","BORDEAUX_OBSERVATOIRE",44.831667,-0.525,74,1912021121,"","","","","","","","","","","","","","","","","","","","","","","","","","","","","","","","","","","","",9.6,9,"","","","","","","","","","","","","","","","","","","","","","","","","","","","","","","","","","","","","","","","","","","","",1006.3,9,997.4,9,"","","","","","","","","","","","","","","","","","","","","","","","","","","","","","","","","","","","","","","","","","","","","","","","","","","","","","","","","","","","","","","","","","","","","","","","","","","","","","","","","","","","","","","","","","","","","","","","","","","","","","","","","","","","","","","",""
"33167001","BORDEAUX_OBSERVATOIRE",44.831667,-0.525,74,1912021200,"","","","","","","","","","","","","","","","","","","","","","","","","","","","","","","","","","","","",10.5,9,"","","","","","","","","","","","","","","","","","","","","","","","","","","","","","","","","","","","","","","","","","","","",1008.9,9,1000.,9,"","","","","","","","","","","","","","","","","","","","","","","","","","","","","","","","","","","","","","","","","","","","","","","","","","","","","","","","","","","","","","","","","","","","","","","","","","","","","","","","","","","","","","","","","","","","","","","","","","","","","","","","","","","","","","","",""
"33167001","BORDEAUX_OBSERVATOIRE",44.831667,-0.525,74,1912021203,"","","","","","","","","","","","","","","","","","","","","","","","","","","","","","","","","","","","",7.6,9,"","","","","","","","","","","","","","","","","","","","","","","","","","","","","","","","","","","","","","","","","","","","",1011.4,9,1002.4,9,"","","","","","","","","","","","","","","","","","","","","","","","","","","","","","","","","","","","","","","","","","","","","","","","","","","","","","","","","","","","","","","","","","","","","","","","","","","","","","","","","","","","","","","","","","","","","","","","","","","","","","","","","","","","","","","",""
"33167001","BORDEAUX_OBSERVATOIRE",44.831667,-0.525,74,1912021207,"","","","","","","","","","","","","","","","","","","","","","","","","","","","","","","","","","","","",5.8,9,"","","","","","","","","","","","","","","","","","","","","","","","","","","","","","","","","","","","","","","","","","","","",1012.7,9,1003.6,9,"","","",9,"","","","","","","","","","","","","","","","","","","","","","","","","","","","","","","","","","","","","","","","","","","","","","","","","","","","","","","","","","","","","","","","","","","","","","","","","","","","","","","","","","","","","","","","","","","","","","","","","","","","","","","","","","","",""
"33167001","BORDEAUX_OBSERVATOIRE",44.831667,-0.525,74,1912021209,"","","","","","","","","","","","","","","","","","","","","","","","","","","","","","","","","","","","",7.2,9,"","","","","","","","","","","","","","","","","","","","","","","","","","","","","","","","","","","","","","","","","","","","",1013.7,9,1004.6,9,"","","","","","","","","","","","","","","","","","","","","","","","","","","","","","","","","","","","","","","","","","","","","","","","","","","","","","","","","","","","","","","","","","","","","","","","","","","","","","","","","","","","","","","","","","","","","","","","","","","","","","","","","","","","","","","",""
"33167001","BORDEAUX_OBSERVATOIRE",44.831667,-0.525,74,1912021212,"","","","","","","","","","","","","","","","","","","","","","","","","","","","","","","","","","","","",13.,9,"","","","","","","","","","","","","","","","","","","","","","","","","","","","","","","","","","","","","","","","","","","","",1013.2,9,1004.3,1,"","","","","","","","","","","","","","","","","","","","","","","","","","","","","","","","","","","","","","","","","","","","","","","","","","","","","","","","","","","","","","","","","","","","","","","","","","","","","","","","","","","","","","","","","","","","","","","","","","","","","","","","","","","","","","","",""
"33167001","BORDEAUX_OBSERVATOIRE",44.831667,-0.525,74,1912021215,"","","","","","","","","","","","","","","","","","","","","","","","","","","","","","","","","","","","",12.6,9,"","","","","","","","","","","","","","","","","","","","","","","","","","","","","","","","","","","","","","","","","","","","",1012.7,9,1003.8,9,"","","","","","","","","","","","","","","","","","","","","","","","","","","","","","","","","","","","","","","","","","","","","","","","","","","","","","","","","","","","","","","","","","","","","","","","","","","","","","","","","","","","","","","","","","","","","","","","","","","","","","","","","","","","","","","",""
"33167001","BORDEAUX_OBSERVATOIRE",44.831667,-0.525,74,1912021218,"","","","","","","","","","","","","","","","","","","","","","","","","","","","","","","","","","","","",10.6,9,"","","","","","","","","","","","","","","","","","","","","","","","","","","","","","","","","","","","","","","","","","","","",1013.2,9,1004.3,9,"","","","","","","","","","","","","","","","","","","","","","","","","","","","","","","","","","","","","","","","","","","","","","","","","","","","","","","","","","","","","","","","","","","","","","","","","","","","","","","","","","","","","","","","","","","","","","","","","","","","","","","","","","","","","","","",""
"33167001","BORDEAUX_OBSERVATOIRE",44.831667,-0.525,74,1912021221,"","","","","","","","","","","","","","","","","","","","","","","","","","","","","","","","","","","","",8.4,9,"","","","","","","","","","","","","","","","","","","","","","","","","","","","","","","","","","","","","","","","","","","","",1014.5,9,1005.5,9,"","","","","","","","","","","","","","","","","","","","","","","","","","","","","","","","","","","","","","","","","","","","","","","","","","","","","","","","","","","","","","","","","","","","","","","","","","","","","","","","","","","","","","","","","","","","","","","","","","","","","","","","","","","","","","","",""
"33167001","BORDEAUX_OBSERVATOIRE",44.831667,-0.525,74,1912021300,"","","","","","","","","","","","","","","","","","","","","","","","","","","","","","","","","","","","",7.,9,"","","","","","","","","","","","","","","","","","","","","","","","","","","","","","","","","","","","","","","","","","","","",1014.9,9,1005.8,9,"","","","","","","","","","","","","","","","","","","","","","","","","","","","","","","","","","","","","","","","","","","","","","","","","","","","","","","","","","","","","","","","","","","","","","","","","","","","","","","","","","","","","","","","","","","","","","","","","","","","","","","","","","","","","","","",""
"33167001","BORDEAUX_OBSERVATOIRE",44.831667,-0.525,74,1912021303,"","","","","","","","","","","","","","","","","","","","","","","","","","","","","","","","","","","","",6.5,9,"","","","","","","","","","","","","","","","","","","","","","","","","","","","","","","","","","","","","","","","","","","","",1015.,9,1005.9,9,"","","","","","","","","","","","","","","","","","","","","","","","","","","","","","","","","","","","","","","","","","","","","","","","","","","","","","","","","","","","","","","","","","","","","","","","","","","","","","","","","","","","","","","","","","","","","","","","","","","","","","","","","","","","","","","",""
"33167001","BORDEAUX_OBSERVATOIRE",44.831667,-0.525,74,1912021307,"","","","","","","","","","","","","","","","","","","","","","","","","","","","","","","","","","","","",5.9,9,"","","","","","","","","","","","","","","","","","","","","","","","","","","","","","","","","","","","","","","","","","","","",1015.3,9,1006.2,9,"","","",9,"","","","","","","","","","","","","","","","","","","","","","","","","","","","","","","","","","","","","","","","","","","","","","","","","","","","","","","","","","","","","","","","","","","","","","","","","","","","","","","","","","","","","","","","","","","","","","","","","","","","","","","","","","","",""
"33167001","BORDEAUX_OBSERVATOIRE",44.831667,-0.525,74,1912021309,"","","","","","","","","","","","","","","","","","","","","","","","","","","","","","","","","","","","",7.4,9,"","","","","","","","","","","","","","","","","","","","","","","","","","","","","","","","","","","","","","","","","","","","",1016.1,9,1007.,9,"","","","","","","","","","","","","","","","","","","","","","","","","","","","","","","","","","","","","","","","","","","","","","","","","","","","","","","","","","","","","","","","","","","","","","","","","","","","","","","","","","","","","","","","","","","","","","","","","","","","","","","","","","","","","","","",""
"33167001","BORDEAUX_OBSERVATOIRE",44.831667,-0.525,74,1912021312,"","","","","","","","","","","","","","","","","","","","","","","","","","","","","","","","","","","","",10.4,9,"","","","","","","","","","","","","","","","","","","","","","","","","","","","","","","","","","","","","","","","","","","","",1015.6,9,1006.6,1,"","","","","","","","","","","","","","","","","","","","","","","","","","","","","","","","","","","","","","","","","","","","","","","","","","","","","","","","","","","","","","","","","","","","","","","","","","","","","","","","","","","","","","","","","","","","","","","","","","","","","","","","","","","","","","","",""
"33167001","BORDEAUX_OBSERVATOIRE",44.831667,-0.525,74,1912021315,"","","","","","","","","","","","","","","","","","","","","","","","","","","","","","","","","","","","",11.,9,"","","","","","","","","","","","","","","","","","","","","","","","","","","","","","","","","","","","","","","","","","","","",1014.9,9,1006.,9,"","","","","","","","","","","","","","","","","","","","","","","","","","","","","","","","","","","","","","","","","","","","","","","","","","","","","","","","","","","","","","","","","","","","","","","","","","","","","","","","","","","","","","","","","","","","","","","","","","","","","","","","","","","","","","","",""
"33167001","BORDEAUX_OBSERVATOIRE",44.831667,-0.525,74,1912021318,"","","","","","","","","","","","","","","","","","","","","","","","","","","","","","","","","","","","",8.2,9,"","","","","","","","","","","","","","","","","","","","","","","","","","","","","","","","","","","","","","","","","","","","",1016.5,9,1007.5,9,"","","","","","","","","","","","","","","","","","","","","","","","","","","","","","","","","","","","","","","","","","","","","","","","","","","","","","","","","","","","","","","","","","","","","","","","","","","","","","","","","","","","","","","","","","","","","","","","","","","","","","","","","","","","","","","",""
"33167001","BORDEAUX_OBSERVATOIRE",44.831667,-0.525,74,1912021321,"","","","","","","","","","","","","","","","","","","","","","","","","","","","","","","","","","","","",7.1,9,"","","","","","","","","","","","","","","","","","","","","","","","","","","","","","","","","","","","","","","","","","","","",1017.8,9,1008.7,9,"","","","","","","","","","","","","","","","","","","","","","","","","","","","","","","","","","","","","","","","","","","","","","","","","","","","","","","","","","","","","","","","","","","","","","","","","","","","","","","","","","","","","","","","","","","","","","","","","","","","","","","","","","","","","","","",""
"33167001","BORDEAUX_OBSERVATOIRE",44.831667,-0.525,74,1912021400,"","","","","","","","","","","","","","","","","","","","","","","","","","","","","","","","","","","","",6.1,9,"","","","","","","","","","","","","","","","","","","","","","","","","","","","","","","","","","","","","","","","","","","","",1017.9,9,1008.8,9,"","","","","","","","","","","","","","","","","","","","","","","","","","","","","","","","","","","","","","","","","","","","","","","","","","","","","","","","","","","","","","","","","","","","","","","","","","","","","","","","","","","","","","","","","","","","","","","","","","","","","","","","","","","","","","","",""
"33167001","BORDEAUX_OBSERVATOIRE",44.831667,-0.525,74,1912021403,"","","","","","","","","","","","","","","","","","","","","","","","","","","","","","","","","","","","",5.5,9,"","","","","","","","","","","","","","","","","","","","","","","","","","","","","","","","","","","","","","","","","","","","",1018.3,9,1009.1,9,"","","","","","","","","","","","","","","","","","","","","","","","","","","","","","","","","","","","","","","","","","","","","","","","","","","","","","","","","","","","","","","","","","","","","","","","","","","","","","","","","","","","","","","","","","","","","","","","","","","","","","","","","","","","","","","",""
"33167001","BORDEAUX_OBSERVATOIRE",44.831667,-0.525,74,1912021407,"","","","","","","","","","","","","","","","","","","","","","","","","","","","","","","","","","","","",5.8,9,"","","","","","","","","","","","","","","","","","","","","","","","","","","","","","","","","","","","","","","","","","","","",1018.1,9,1009.,9,"","","",9,"","","","","","","","","","","","","","","","","","","","","","","","","","","","","","","","","","","","","","","","","","","","","","","","","","","","","","","","","","","","","","","","","","","","","","","","","","","","","","","","","","","","","","","","","","","","","","","","","","","","","","","","","","","",""
"33167001","BORDEAUX_OBSERVATOIRE",44.831667,-0.525,74,1912021409,"","","","","","","","","","","","","","","","","","","","","","","","","","","","","","","","","","","","",6.6,9,"","","","","","","","","","","","","","","","","","","","","","","","","","","","","","","","","","","","","","","","","","","","",1018.6,9,1009.5,9,"","","","","","","","","","","","","","","","","","","","","","","","","","","","","","","","","","","","","","","","","","","","","","","","","","","","","","","","","","","","","","","","","","","","","","","","","","","","","","","","","","","","","","","","","","","","","","","","","","","","","","","","","","","","","","","",""
"33167001","BORDEAUX_OBSERVATOIRE",44.831667,-0.525,74,1912021412,"","","","","","","","","","","","","","","","","","","","","","","","","","","","","","","","","","","","",10.,9,"","","","","","","","","","","","","","","","","","","","","","","","","","","","","","","","","","","","","","","","","","","","",1019.1,9,1010.1,1,"","","","","","","","","","","","","","","","","","","","","","","","","","","","","","","","","","","","","","","","","","","","","","","","","","","","","","","","","","","","","","","","","","","","","","","","","","","","","","","","","","","","","","","","","","","","","","","","","","","","","","","","","","","","","","","",""
"33167001","BORDEAUX_OBSERVATOIRE",44.831667,-0.525,74,1912021415,"","","","","","","","","","","","","","","","","","","","","","","","","","","","","","","","","","","","",9.1,9,"","","","","","","","","","","","","","","","","","","","","","","","","","","","","","","","","","","","","","","","","","","","",1018.1,9,1009.1,9,"","","","","","","","","","","","","","","","","","","","","","","","","","","","","","","","","","","","","","","","","","","","","","","","","","","","","","","","","","","","","","","","","","","","","","","","","","","","","","","","","","","","","","","","","","","","","","","","","","","","","","","","","","","","","","","",""
"33167001","BORDEAUX_OBSERVATOIRE",44.831667,-0.525,74,1912021418,"","","","","","","","","","","","","","","","","","","","","","","","","","","","","","","","","","","","",8.2,9,"","","","","","","","","","","","","","","","","","","","","","","","","","","","","","","","","","","","","","","","","","","","",1018.5,9,1009.4,9,"","","","","","","","","","","","","","","","","","","","","","","","","","","","","","","","","","","","","","","","","","","","","","","","","","","","","","","","","","","","","","","","","","","","","","","","","","","","","","","","","","","","","","","","","","","","","","","","","","","","","","","","","","","","","","","",""
"33167001","BORDEAUX_OBSERVATOIRE",44.831667,-0.525,74,1912021421,"","","","","","","","","","","","","","","","","","","","","","","","","","","","","","","","","","","","",7.4,9,"","","","","","","","","","","","","","","","","","","","","","","","","","","","","","","","","","","","","","","","","","","","",1019.5,9,1010.4,9,"","","","","","","","","","","","","","","","","","","","","","","","","","","","","","","","","","","","","","","","","","","","","","","","","","","","","","","","","","","","","","","","","","","","","","","","","","","","","","","","","","","","","","","","","","","","","","","","","","","","","","","","","","","","","","","",""
"33167001","BORDEAUX_OBSERVATOIRE",44.831667,-0.525,74,1912021500,"","","","","","","","","","","","","","","","","","","","","","","","","","","","","","","","","","","","",7.4,9,"","","","","","","","","","","","","","","","","","","","","","","","","","","","","","","","","","","","","","","","","","","","",1020.6,9,1011.5,9,"","","","","","","","","","","","","","","","","","","","","","","","","","","","","","","","","","","","","","","","","","","","","","","","","","","","","","","","","","","","","","","","","","","","","","","","","","","","","","","","","","","","","","","","","","","","","","","","","","","","","","","","","","","","","","","",""
"33167001","BORDEAUX_OBSERVATOIRE",44.831667,-0.525,74,1912021503,"","","","","","","","","","","","","","","","","","","","","","","","","","","","","","","","","","","","",6.3,9,"","","","","","","","","","","","","","","","","","","","","","","","","","","","","","","","","","","","","","","","","","","","",1021.6,9,1012.4,9,"","","","","","","","","","","","","","","","","","","","","","","","","","","","","","","","","","","","","","","","","","","","","","","","","","","","","","","","","","","","","","","","","","","","","","","","","","","","","","","","","","","","","","","","","","","","","","","","","","","","","","","","","","","","","","","",""
"33167001","BORDEAUX_OBSERVATOIRE",44.831667,-0.525,74,1912021507,"","","","","","","","","","","","","","","","","","","","","","","","","","","","","","","","","","","","",3.9,9,"","","","","","","","","","","","","","","","","","","","","","","","","","","","","","","","","","","","","","","","","","","","",1022.9,9,1013.6,9,"","","",9,"","","","","","","","","","","","","","","","","","","","","","","","","","","","","","","","","","","","","","","","","","","","","","","","","","","","","","","","","","","","","","","","","","","","","","","","","","","","","","","","","","","","","","","","","","","","","","","","","","","","","","","","","","","",""
"33167001","BORDEAUX_OBSERVATOIRE",44.831667,-0.525,74,1912021509,"","","","","","","","","","","","","","","","","","","","","","","","","","","","","","","","","","","","",6.,9,"","","","","","","","","","","","","","","","","","","","","","","","","","","","","","","","","","","","","","","","","","","","",1024.,9,1014.8,9,"","","","","","","","","","","","","","","","","","","","","","","","","","","","","","","","","","","","","","","","","","","","","","","","","","","","","","","","","","","","","","","","","","","","","","","","","","","","","","","","","","","","","","","","","","","","","","","","","","","","","","","","","","","","","","","",""
"33167001","BORDEAUX_OBSERVATOIRE",44.831667,-0.525,74,1912021512,"","","","","","","","","","","","","","","","","","","","","","","","","","","","","","","","","","","","",9.3,9,"","","","","","","","","","","","","","","","","","","","","","","","","","","","","","","","","","","","","","","","","","","","",1024.,9,1014.9,1,"","","","","","","","","","","","","","","","","","","","","","","","","","","","","","","","","","","","","","","","","","","","","","","","","","","","","","","","","","","","","","","","","","","","","","","","","","","","","","","","","","","","","","","","","","","","","","","","","","","","","","","","","","","","","","","",""
"33167001","BORDEAUX_OBSERVATOIRE",44.831667,-0.525,74,1912021515,"","","","","","","","","","","","","","","","","","","","","","","","","","","","","","","","","","","","",11.2,9,"","","","","","","","","","","","","","","","","","","","","","","","","","","","","","","","","","","","","","","","","","","","",1023.7,9,1014.7,9,"","","","","","","","","","","","","","","","","","","","","","","","","","","","","","","","","","","","","","","","","","","","","","","","","","","","","","","","","","","","","","","","","","","","","","","","","","","","","","","","","","","","","","","","","","","","","","","","","","","","","","","","","","","","","","","",""
"33167001","BORDEAUX_OBSERVATOIRE",44.831667,-0.525,74,1912021518,"","","","","","","","","","","","","","","","","","","","","","","","","","","","","","","","","","","","",10.7,9,"","","","","","","","","","","","","","","","","","","","","","","","","","","","","","","","","","","","","","","","","","","","",1024.,9,1015.,9,"","","","","","","","","","","","","","","","","","","","","","","","","","","","","","","","","","","","","","","","","","","","","","","","","","","","","","","","","","","","","","","","","","","","","","","","","","","","","","","","","","","","","","","","","","","","","","","","","","","","","","","","","","","","","","","",""
"33167001","BORDEAUX_OBSERVATOIRE",44.831667,-0.525,74,1912021521,"","","","","","","","","","","","","","","","","","","","","","","","","","","","","","","","","","","","",9.8,9,"","","","","","","","","","","","","","","","","","","","","","","","","","","","","","","","","","","","","","","","","","","","",1025.,9,1015.9,9,"","","","","","","","","","","","","","","","","","","","","","","","","","","","","","","","","","","","","","","","","","","","","","","","","","","","","","","","","","","","","","","","","","","","","","","","","","","","","","","","","","","","","","","","","","","","","","","","","","","","","","","","","","","","","","","",""
"33167001","BORDEAUX_OBSERVATOIRE",44.831667,-0.525,74,1912021600,"","","","","","","","","","","","","","","","","","","","","","","","","","","","","","","","","","","","",9.,9,"","","","","","","","","","","","","","","","","","","","","","","","","","","","","","","","","","","","","","","","","","","","",1024.6,9,1015.5,9,"","","","","","","","","","","","","","","","","","","","","","","","","","","","","","","","","","","","","","","","","","","","","","","","","","","","","","","","","","","","","","","","","","","","","","","","","","","","","","","","","","","","","","","","","","","","","","","","","","","","","","","","","","","","","","","",""
"33167001","BORDEAUX_OBSERVATOIRE",44.831667,-0.525,74,1912021603,"","","","","","","","","","","","","","","","","","","","","","","","","","","","","","","","","","","","",8.1,9,"","","","","","","","","","","","","","","","","","","","","","","","","","","","","","","","","","","","","","","","","","","","",1024.1,9,1015.,9,"","","","","","","","","","","","","","","","","","","","","","","","","","","","","","","","","","","","","","","","","","","","","","","","","","","","","","","","","","","","","","","","","","","","","","","","","","","","","","","","","","","","","","","","","","","","","","","","","","","","","","","","","","","","","","","",""
"33167001","BORDEAUX_OBSERVATOIRE",44.831667,-0.525,74,1912021607,"","","","","","","","","","","","","","","","","","","","","","","","","","","","","","","","","","","","",6.,9,"","","","","","","","","","","","","","","","","","","","","","","","","","","","","","","","","","","","","","","","","","","","",1023.2,9,1014.,9,"","","",9,"","","","","","","","","","","","","","","","","","","","","","","","","","","","","","","","","","","","","","","","","","","","","","","","","","","","","","","","","","","","","","","","","","","","","","","","","","","","","","","","","","","","","","","","","","","","","","","","","","","","","","","","","","","",""
"33167001","BORDEAUX_OBSERVATOIRE",44.831667,-0.525,74,1912021609,"","","","","","","","","","","","","","","","","","","","","","","","","","","","","","","","","","","","",8.4,9,"","","","","","","","","","","","","","","","","","","","","","","","","","","","","","","","","","","","","","","","","","","","",1023.5,9,1014.4,9,"","","","","","","","","","","","","","","","","","","","","","","","","","","","","","","","","","","","","","","","","","","","","","","","","","","","","","","","","","","","","","","","","","","","","","","","","","","","","","","","","","","","","","","","","","","","","","","","","","","","","","","","","","","","","","","",""
"33167001","BORDEAUX_OBSERVATOIRE",44.831667,-0.525,74,1912021612,"","","","","","","","","","","","","","","","","","","","","","","","","","","","","","","","","","","","",12.7,9,"","","","","","","","","","","","","","","","","","","","","","","","","","","","","","","","","","","","","","","","","","","","",1022.3,9,1013.4,1,"","","","","","","","","","","","","","","","","","","","","","","","","","","","","","","","","","","","","","","","","","","","","","","","","","","","","","","","","","","","","","","","","","","","","","","","","","","","","","","","","","","","","","","","","","","","","","","","","","","","","","","","","","","","","","","",""
"33167001","BORDEAUX_OBSERVATOIRE",44.831667,-0.525,74,1912021615,"","","","","","","","","","","","","","","","","","","","","","","","","","","","","","","","","","","","",15.4,9,"","","","","","","","","","","","","","","","","","","","","","","","","","","","","","","","","","","","","","","","","","","","",1020.8,9,1012.,9,"","","","","","","","","","","","","","","","","","","","","","","","","","","","","","","","","","","","","","","","","","","","","","","","","","","","","","","","","","","","","","","","","","","","","","","","","","","","","","","","","","","","","","","","","","","","","","","","","","","","","","","","","","","","","","","",""
"33167001","BORDEAUX_OBSERVATOIRE",44.831667,-0.525,74,1912021618,"","","","","","","","","","","","","","","","","","","","","","","","","","","","","","","","","","","","",12.3,9,"","","","","","","","","","","","","","","","","","","","","","","","","","","","","","","","","","","","","","","","","","","","",1020.7,9,1011.8,9,"","","","","","","","","","","","","","","","","","","","","","","","","","","","","","","","","","","","","","","","","","","","","","","","","","","","","","","","","","","","","","","","","","","","","","","","","","","","","","","","","","","","","","","","","","","","","","","","","","","","","","","","","","","","","","","",""
"33167001","BORDEAUX_OBSERVATOIRE",44.831667,-0.525,74,1912021621,"","","","","","","","","","","","","","","","","","","","","","","","","","","","","","","","","","","","",11.3,9,"","","","","","","","","","","","","","","","","","","","","","","","","","","","","","","","","","","","","","","","","","","","",1020.8,9,1011.8,9,"","","","","","","","","","","","","","","","","","","","","","","","","","","","","","","","","","","","","","","","","","","","","","","","","","","","","","","","","","","","","","","","","","","","","","","","","","","","","","","","","","","","","","","","","","","","","","","","","","","","","","","","","","","","","","","",""
"33167001","BORDEAUX_OBSERVATOIRE",44.831667,-0.525,74,1912021700,"","","","","","","","","","","","","","","","","","","","","","","","","","","","","","","","","","","","",9.6,9,"","","","","","","","","","","","","","","","","","","","","","","","","","","","","","","","","","","","","","","","","","","","",1020.9,9,1011.9,9,"","","","","","","","","","","","","","","","","","","","","","","","","","","","","","","","","","","","","","","","","","","","","","","","","","","","","","","","","","","","","","","","","","","","","","","","","","","","","","","","","","","","","","","","","","","","","","","","","","","","","","","","","","","","","","","",""
"33167001","BORDEAUX_OBSERVATOIRE",44.831667,-0.525,74,1912021703,"","","","","","","","","","","","","","","","","","","","","","","","","","","","","","","","","","","","",7.7,9,"","","","","","","","","","","","","","","","","","","","","","","","","","","","","","","","","","","","","","","","","","","","",1020.7,9,1011.6,9,"","","","","","","","","","","","","","","","","","","","","","","","","","","","","","","","","","","","","","","","","","","","","","","","","","","","","","","","","","","","","","","","","","","","","","","","","","","","","","","","","","","","","","","","","","","","","","","","","","","","","","","","","","","","","","","",""
"33167001","BORDEAUX_OBSERVATOIRE",44.831667,-0.525,74,1912021707,"","","","","","","","","","","","","","","","","","","","","","","","","","","","","","","","","","","","",7.3,9,"","","","","","","","","","","","","","","","","","","","","","","","","","","","","","","","","","","","","","","","","","","","",1020.3,9,1011.2,9,"","","",9,"","","","","","","","","","","","","","","","","","","","","","","","","","","","","","","","","","","","","","","","","","","","","","","","","","","","","","","","","","","","","","","","","","","","","","","","","","","","","","","","","","","","","","","","","","","","","","","","","","","","","","","","","","","",""
"33167001","BORDEAUX_OBSERVATOIRE",44.831667,-0.525,74,1912021709,"","","","","","","","","","","","","","","","","","","","","","","","","","","","","","","","","","","","",9.,9,"","","","","","","","","","","","","","","","","","","","","","","","","","","","","","","","","","","","","","","","","","","","",1021.,9,1011.9,9,"","","","","","","","","","","","","","","","","","","","","","","","","","","","","","","","","","","","","","","","","","","","","","","","","","","","","","","","","","","","","","","","","","","","","","","","","","","","","","","","","","","","","","","","","","","","","","","","","","","","","","","","","","","","","","","",""
"33167001","BORDEAUX_OBSERVATOIRE",44.831667,-0.525,74,1912021712,"","","","","","","","","","","","","","","","","","","","","","","","","","","","","","","","","","","","",13.1,9,"","","","","","","","","","","","","","","","","","","","","","","","","","","","","","","","","","","","","","","","","","","","",1020.2,9,1011.3,1,"","","","","","","","","","","","","","","","","","","","","","","","","","","","","","","","","","","","","","","","","","","","","","","","","","","","","","","","","","","","","","","","","","","","","","","","","","","","","","","","","","","","","","","","","","","","","","","","","","","","","","","","","","","","","","","",""
"33167001","BORDEAUX_OBSERVATOIRE",44.831667,-0.525,74,1912021715,"","","","","","","","","","","","","","","","","","","","","","","","","","","","","","","","","","","","",15.3,9,"","","","","","","","","","","","","","","","","","","","","","","","","","","","","","","","","","","","","","","","","","","","",1017.9,9,1009.1,9,"","","","","","","","","","","","","","","","","","","","","","","","","","","","","","","","","","","","","","","","","","","","","","","","","","","","","","","","","","","","","","","","","","","","","","","","","","","","","","","","","","","","","","","","","","","","","","","","","","","","","","","","","","","","","","","",""
"33167001","BORDEAUX_OBSERVATOIRE",44.831667,-0.525,74,1912021718,"","","","","","","","","","","","","","","","","","","","","","","","","","","","","","","","","","","","",13.1,9,"","","","","","","","","","","","","","","","","","","","","","","","","","","","","","","","","","","","","","","","","","","","",1017.4,9,1008.5,9,"","","","","","","","","","","","","","","","","","","","","","","","","","","","","","","","","","","","","","","","","","","","","","","","","","","","","","","","","","","","","","","","","","","","","","","","","","","","","","","","","","","","","","","","","","","","","","","","","","","","","","","","","","","","","","","",""
"33167001","BORDEAUX_OBSERVATOIRE",44.831667,-0.525,74,1912021721,"","","","","","","","","","","","","","","","","","","","","","","","","","","","","","","","","","","","",10.7,9,"","","","","","","","","","","","","","","","","","","","","","","","","","","","","","","","","","","","","","","","","","","","",1016.4,9,1007.4,9,"","","","","","","","","","","","","","","","","","","","","","","","","","","","","","","","","","","","","","","","","","","","","","","","","","","","","","","","","","","","","","","","","","","","","","","","","","","","","","","","","","","","","","","","","","","","","","","","","","","","","","","","","","","","","","","",""
"33167001","BORDEAUX_OBSERVATOIRE",44.831667,-0.525,74,1912021800,"","","","","","","","","","","","","","","","","","","","","","","","","","","","","","","","","","","","",9.7,9,"","","","","","","","","","","","","","","","","","","","","","","","","","","","","","","","","","","","","","","","","","","","",1015.4,9,1006.4,9,"","","","","","","","","","","","","","","","","","","","","","","","","","","","","","","","","","","","","","","","","","","","","","","","","","","","","","","","","","","","","","","","","","","","","","","","","","","","","","","","","","","","","","","","","","","","","","","","","","","","","","","","","","","","","","","",""
"33167001","BORDEAUX_OBSERVATOIRE",44.831667,-0.525,74,1912021803,"","","","","","","","","","","","","","","","","","","","","","","","","","","","","","","","","","","","",9.8,9,"","","","","","","","","","","","","","","","","","","","","","","","","","","","","","","","","","","","","","","","","","","","",1013.6,9,1004.6,9,"","","","","","","","","","","","","","","","","","","","","","","","","","","","","","","","","","","","","","","","","","","","","","","","","","","","","","","","","","","","","","","","","","","","","","","","","","","","","","","","","","","","","","","","","","","","","","","","","","","","","","","","","","","","","","","",""
"33167001","BORDEAUX_OBSERVATOIRE",44.831667,-0.525,74,1912021807,"","","","","","","","","","","","","","","","","","","","","","","","","","","","","","","","","","","","",10.,9,"","","","","","","","","","","","","","","","","","","","","","","","","","","","","","","","","","","","","","","","","","","","",1012.5,9,1003.5,9,"","","",9,"","","","","","","","","","","","","","","","","","","","","","","","","","","","","","","","","","","","","","","","","","","","","","","","","","","","","","","","","","","","","","","","","","","","","","","","","","","","","","","","","","","","","","","","","","","","","","","","","","","","","","","","","","","",""
"33167001","BORDEAUX_OBSERVATOIRE",44.831667,-0.525,74,1912021809,"","","","","","","","","","","","","","","","","","","","","","","","","","","","","","","","","","","","",11.,9,"","","","","","","","","","","","","","","","","","","","","","","","","","","","","","","","","","","","","","","","","","","","",1012.6,9,1003.7,9,"","","","","","","","","","","","","","","","","","","","","","","","","","","","","","","","","","","","","","","","","","","","","","","","","","","","","","","","","","","","","","","","","","","","","","","","","","","","","","","","","","","","","","","","","","","","","","","","","","","","","","","","","","","","","","","",""
"33167001","BORDEAUX_OBSERVATOIRE",44.831667,-0.525,74,1912021812,"","","","","","","","","","","","","","","","","","","","","","","","","","","","","","","","","","","","",13.,9,"","","","","","","","","","","","","","","","","","","","","","","","","","","","","","","","","","","","","","","","","","","","",1011.1,9,1002.3,1,"","","","","","","","","","","","","","","","","","","","","","","","","","","","","","","","","","","","","","","","","","","","","","","","","","","","","","","","","","","","","","","","","","","","","","","","","","","","","","","","","","","","","","","","","","","","","","","","","","","","","","","","","","","","","","","",""
"33167001","BORDEAUX_OBSERVATOIRE",44.831667,-0.525,74,1912021815,"","","","","","","","","","","","","","","","","","","","","","","","","","","","","","","","","","","","",13.9,9,"","","","","","","","","","","","","","","","","","","","","","","","","","","","","","","","","","","","","","","","","","","","",1010.,9,1001.2,9,"","","","","","","","","","","","","","","","","","","","","","","","","","","","","","","","","","","","","","","","","","","","","","","","","","","","","","","","","","","","","","","","","","","","","","","","","","","","","","","","","","","","","","","","","","","","","","","","","","","","","","","","","","","","","","","",""
"33167001","BORDEAUX_OBSERVATOIRE",44.831667,-0.525,74,1912021818,"","","","","","","","","","","","","","","","","","","","","","","","","","","","","","","","","","","","",12.4,9,"","","","","","","","","","","","","","","","","","","","","","","","","","","","","","","","","","","","","","","","","","","","",1010.2,9,1001.3,9,"","","","","","","","","","","","","","","","","","","","","","","","","","","","","","","","","","","","","","","","","","","","","","","","","","","","","","","","","","","","","","","","","","","","","","","","","","","","","","","","","","","","","","","","","","","","","","","","","","","","","","","","","","","","","","","",""
"33167001","BORDEAUX_OBSERVATOIRE",44.831667,-0.525,74,1912021821,"","","","","","","","","","","","","","","","","","","","","","","","","","","","","","","","","","","","",10.9,9,"","","","","","","","","","","","","","","","","","","","","","","","","","","","","","","","","","","","","","","","","","","","",1009.3,9,1000.4,9,"","","","","","","","","","","","","","","","","","","","","","","","","","","","","","","","","","","","","","","","","","","","","","","","","","","","","","","","","","","","","","","","","","","","","","","","","","","","","","","","","","","","","","","","","","","","","","","","","","","","","","","","","","","","","","","",""
"33167001","BORDEAUX_OBSERVATOIRE",44.831667,-0.525,74,1912021900,"","","","","","","","","","","","","","","","","","","","","","","","","","","","","","","","","","","","",10.8,9,"","","","","","","","","","","","","","","","","","","","","","","","","","","","","","","","","","","","","","","","","","","","",1007.9,9,999.,9,"","","","","","","","","","","","","","","","","","","","","","","","","","","","","","","","","","","","","","","","","","","","","","","","","","","","","","","","","","","","","","","","","","","","","","","","","","","","","","","","","","","","","","","","","","","","","","","","","","","","","","","","","","","","","","","",""
"33167001","BORDEAUX_OBSERVATOIRE",44.831667,-0.525,74,1912021903,"","","","","","","","","","","","","","","","","","","","","","","","","","","","","","","","","","","","",9.9,9,"","","","","","","","","","","","","","","","","","","","","","","","","","","","","","","","","","","","","","","","","","","","",1006.8,9,997.9,9,"","","","","","","","","","","","","","","","","","","","","","","","","","","","","","","","","","","","","","","","","","","","","","","","","","","","","","","","","","","","","","","","","","","","","","","","","","","","","","","","","","","","","","","","","","","","","","","","","","","","","","","","","","","","","","","",""
"33167001","BORDEAUX_OBSERVATOIRE",44.831667,-0.525,74,1912021907,"","","","","","","","","","","","","","","","","","","","","","","","","","","","","","","","","","","","",8.1,9,"","","","","","","","","","","","","","","","","","","","","","","","","","","","","","","","","","","","","","","","","","","","",1006.8,9,997.8,9,"","","",9,"","","","","","","","","","","","","","","","","","","","","","","","","","","","","","","","","","","","","","","","","","","","","","","","","","","","","","","","","","","","","","","","","","","","","","","","","","","","","","","","","","","","","","","","","","","","","","","","","","","","","","","","","","","",""
"33167001","BORDEAUX_OBSERVATOIRE",44.831667,-0.525,74,1912021909,"","","","","","","","","","","","","","","","","","","","","","","","","","","","","","","","","","","","",10.9,9,"","","","","","","","","","","","","","","","","","","","","","","","","","","","","","","","","","","","","","","","","","","","",1006.6,9,997.7,9,"","","","","","","","","","","","","","","","","","","","","","","","","","","","","","","","","","","","","","","","","","","","","","","","","","","","","","","","","","","","","","","","","","","","","","","","","","","","","","","","","","","","","","","","","","","","","","","","","","","","","","","","","","","","","","","",""
"33167001","BORDEAUX_OBSERVATOIRE",44.831667,-0.525,74,1912021912,"","","","","","","","","","","","","","","","","","","","","","","","","","","","","","","","","","","","",13.4,9,"","","","","","","","","","","","","","","","","","","","","","","","","","","","","","","","","","","","","","","","","","","","",1007.4,9,998.6,1,"","","","","","","","","","","","","","","","","","","","","","","","","","","","","","","","","","","","","","","","","","","","","","","","","","","","","","","","","","","","","","","","","","","","","","","","","","","","","","","","","","","","","","","","","","","","","","","","","","","","","","","","","","","","","","","",""
"33167001","BORDEAUX_OBSERVATOIRE",44.831667,-0.525,74,1912021915,"","","","","","","","","","","","","","","","","","","","","","","","","","","","","","","","","","","","",10.5,9,"","","","","","","","","","","","","","","","","","","","","","","","","","","","","","","","","","","","","","","","","","","","",1010.,9,1001.1,9,"","","","","","","","","","","","","","","","","","","","","","","","","","","","","","","","","","","","","","","","","","","","","","","","","","","","","","","","","","","","","","","","","","","","","","","","","","","","","","","","","","","","","","","","","","","","","","","","","","","","","","","","","","","","","","","",""
"33167001","BORDEAUX_OBSERVATOIRE",44.831667,-0.525,74,1912021918,"","","","","","","","","","","","","","","","","","","","","","","","","","","","","","","","","","","","",8.3,9,"","","","","","","","","","","","","","","","","","","","","","","","","","","","","","","","","","","","","","","","","","","","",1012.5,9,1003.5,9,"","","","","","","","","","","","","","","","","","","","","","","","","","","","","","","","","","","","","","","","","","","","","","","","","","","","","","","","","","","","","","","","","","","","","","","","","","","","","","","","","","","","","","","","","","","","","","","","","","","","","","","","","","","","","","","",""
"33167001","BORDEAUX_OBSERVATOIRE",44.831667,-0.525,74,1912021921,"","","","","","","","","","","","","","","","","","","","","","","","","","","","","","","","","","","","",7.4,9,"","","","","","","","","","","","","","","","","","","","","","","","","","","","","","","","","","","","","","","","","","","","",1013.7,9,1004.6,9,"","","","","","","","","","","","","","","","","","","","","","","","","","","","","","","","","","","","","","","","","","","","","","","","","","","","","","","","","","","","","","","","","","","","","","","","","","","","","","","","","","","","","","","","","","","","","","","","","","","","","","","","","","","","","","","",""
"33167001","BORDEAUX_OBSERVATOIRE",44.831667,-0.525,74,1912022000,"","","","","","","","","","","","","","","","","","","","","","","","","","","","","","","","","","","","",6.2,9,"","","","","","","","","","","","","","","","","","","","","","","","","","","","","","","","","","","","","","","","","","","","",1014.5,9,1005.4,9,"","","","","","","","","","","","","","","","","","","","","","","","","","","","","","","","","","","","","","","","","","","","","","","","","","","","","","","","","","","","","","","","","","","","","","","","","","","","","","","","","","","","","","","","","","","","","","","","","","","","","","","","","","","","","","","",""
"33167001","BORDEAUX_OBSERVATOIRE",44.831667,-0.525,74,1912022003,"","","","","","","","","","","","","","","","","","","","","","","","","","","","","","","","","","","","",5.4,9,"","","","","","","","","","","","","","","","","","","","","","","","","","","","","","","","","","","","","","","","","","","","",1014.6,9,1005.5,9,"","","","","","","","","","","","","","","","","","","","","","","","","","","","","","","","","","","","","","","","","","","","","","","","","","","","","","","","","","","","","","","","","","","","","","","","","","","","","","","","","","","","","","","","","","","","","","","","","","","","","","","","","","","","","","","",""
"33167001","BORDEAUX_OBSERVATOIRE",44.831667,-0.525,74,1912022007,"","","","","","","","","","","","","","","","","","","","","","","","","","","","","","","","","","","","",5.5,9,"","","","","","","","","","","","","","","","","","","","","","","","","","","","","","","","","","","","","","","","","","","","",1015.7,9,1006.6,9,"","","",9,"","","","","","","","","","","","","","","","","","","","","","","","","","","","","","","","","","","","","","","","","","","","","","","","","","","","","","","","","","","","","","","","","","","","","","","","","","","","","","","","","","","","","","","","","","","","","","","","","","","","","","","","","","","",""
"33167001","BORDEAUX_OBSERVATOIRE",44.831667,-0.525,74,1912022009,"","","","","","","","","","","","","","","","","","","","","","","","","","","","","","","","","","","","",8.1,9,"","","","","","","","","","","","","","","","","","","","","","","","","","","","","","","","","","","","","","","","","","","","",1016.5,9,1007.4,9,"","","","","","","","","","","","","","","","","","","","","","","","","","","","","","","","","","","","","","","","","","","","","","","","","","","","","","","","","","","","","","","","","","","","","","","","","","","","","","","","","","","","","","","","","","","","","","","","","","","","","","","","","","","","","","","",""
"33167001","BORDEAUX_OBSERVATOIRE",44.831667,-0.525,74,1912022012,"","","","","","","","","","","","","","","","","","","","","","","","","","","","","","","","","","","","",13.6,9,"","","","","","","","","","","","","","","","","","","","","","","","","","","","","","","","","","","","","","","","","","","","",1016.3,9,1007.4,1,"","","","","","","","","","","","","","","","","","","","","","","","","","","","","","","","","","","","","","","","","","","","","","","","","","","","","","","","","","","","","","","","","","","","","","","","","","","","","","","","","","","","","","","","","","","","","","","","","","","","","","","","","","","","","","","",""
"33167001","BORDEAUX_OBSERVATOIRE",44.831667,-0.525,74,1912022015,"","","","","","","","","","","","","","","","","","","","","","","","","","","","","","","","","","","","",13.,9,"","","","","","","","","","","","","","","","","","","","","","","","","","","","","","","","","","","","","","","","","","","","",1015.2,9,1006.3,9,"","","","","","","","","","","","","","","","","","","","","","","","","","","","","","","","","","","","","","","","","","","","","","","","","","","","","","","","","","","","","","","","","","","","","","","","","","","","","","","","","","","","","","","","","","","","","","","","","","","","","","","","","","","","","","","",""
"33167001","BORDEAUX_OBSERVATOIRE",44.831667,-0.525,74,1912022018,"","","","","","","","","","","","","","","","","","","","","","","","","","","","","","","","","","","","","","","","","","","","","","","","","","","","","","","","","","","","","","","","","","","","","","","","","","","","","","","","","","","","",1006.2,9,"","","","","","","","","","","","","","","","","","","","","","","","","","","","","","","","","","","","","","","","","","","","","","","","","","","","","","","","","","","","","","","","","","","","","","","","","","","","","","","","","","","","","","","","","","","","","","","","","","","","","","","","","","","","","","","",""
"33167001","BORDEAUX_OBSERVATOIRE",44.831667,-0.525,74,1912022021,"","","","","","","","","","","","","","","","","","","","","","","","","","","","","","","","","","","","",8.6,9,"","","","","","","","","","","","","","","","","","","","","","","","","","","","","","","","","","","","","","","","","","","","",1015.4,9,1006.4,9,"","","","","","","","","","","","","","","","","","","","","","","","","","","","","","","","","","","","","","","","","","","","","","","","","","","","","","","","","","","","","","","","","","","","","","","","","","","","","","","","","","","","","","","","","","","","","","","","","","","","","","","","","","","","","","","",""
"33167001","BORDEAUX_OBSERVATOIRE",44.831667,-0.525,74,1912022100,"","","","","","","","","","","","","","","","","","","","","","","","","","","","","","","","","","","","",8.3,9,"","","","","","","","","","","","","","","","","","","","","","","","","","","","","","","","","","","","","","","","","","","","",1015.7,9,1006.7,9,"","","","","","","","","","","","","","","","","","","","","","","","","","","","","","","","","","","","","","","","","","","","","","","","","","","","","","","","","","","","","","","","","","","","","","","","","","","","","","","","","","","","","","","","","","","","","","","","","","","","","","","","","","","","","","","",""
"33167001","BORDEAUX_OBSERVATOIRE",44.831667,-0.525,74,1912022103,"","","","","","","","","","","","","","","","","","","","","","","","","","","","","","","","","","","","",7.8,9,"","","","","","","","","","","","","","","","","","","","","","","","","","","","","","","","","","","","","","","","","","","","",1016.1,9,1007.,9,"","","","","","","","","","","","","","","","","","","","","","","","","","","","","","","","","","","","","","","","","","","","","","","","","","","","","","","","","","","","","","","","","","","","","","","","","","","","","","","","","","","","","","","","","","","","","","","","","","","","","","","","","","","","","","","",""
"33167001","BORDEAUX_OBSERVATOIRE",44.831667,-0.525,74,1912022107,"","","","","","","","","","","","","","","","","","","","","","","","","","","","","","","","","","","","",8.,9,"","","","","","","","","","","","","","","","","","","","","","","","","","","","","","","","","","","","","","","","","","","","",1017.2,9,1008.1,9,"","","",9,"","","","","","","","","","","","","","","","","","","","","","","","","","","","","","","","","","","","","","","","","","","","","","","","","","","","","","","","","","","","","","","","","","","","","","","","","","","","","","","","","","","","","","","","","","","","","","","","","","","","","","","","","","","",""
"33167001","BORDEAUX_OBSERVATOIRE",44.831667,-0.525,74,1912022109,"","","","","","","","","","","","","","","","","","","","","","","","","","","","","","","","","","","","",10.4,9,"","","","","","","","","","","","","","","","","","","","","","","","","","","","","","","","","","","","","","","","","","","","",1018.4,9,1009.4,9,"","","","","","","","","","","","","","","","","","","","","","","","","","","","","","","","","","","","","","","","","","","","","","","","","","","","","","","","","","","","","","","","","","","","","","","","","","","","","","","","","","","","","","","","","","","","","","","","","","","","","","","","","","","","","","","",""
"33167001","BORDEAUX_OBSERVATOIRE",44.831667,-0.525,74,1912022112,"","","","","","","","","","","","","","","","","","","","","","","","","","","","","","","","","","","","",15.9,9,"","","","","","","","","","","","","","","","","","","","","","","","","","","","","","","","","","","","","","","","","","","","",1019.3,9,1010.5,1,"","","","","","","","","","","","","","","","","","","","","","","","","","","","","","","","","","","","","","","","","","","","","","","","","","","","","","","","","","","","","","","","","","","","","","","","","","","","","","","","","","","","","","","","","","","","","","","","","","","","","","","","","","","","","","","",""
"33167001","BORDEAUX_OBSERVATOIRE",44.831667,-0.525,74,1912022115,"","","","","","","","","","","","","","","","","","","","","","","","","","","","","","","","","","","","",16.8,9,"","","","","","","","","","","","","","","","","","","","","","","","","","","","","","","","","","","","","","","","","","","","",1019.4,9,1010.6,9,"","","","","","","","","","","","","","","","","","","","","","","","","","","","","","","","","","","","","","","","","","","","","","","","","","","","","","","","","","","","","","","","","","","","","","","","","","","","","","","","","","","","","","","","","","","","","","","","","","","","","","","","","","","","","","","",""
"33167001","BORDEAUX_OBSERVATOIRE",44.831667,-0.525,74,1912022118,"","","","","","","","","","","","","","","","","","","","","","","","","","","","","","","","","","","","",13.1,9,"","","","","","","","","","","","","","","","","","","","","","","","","","","","","","","","","","","","","","","","","","","","",1021.1,9,1012.2,9,"","","","","","","","","","","","","","","","","","","","","","","","","","","","","","","","","","","","","","","","","","","","","","","","","","","","","","","","","","","","","","","","","","","","","","","","","","","","","","","","","","","","","","","","","","","","","","","","","","","","","","","","","","","","","","","",""
"33167001","BORDEAUX_OBSERVATOIRE",44.831667,-0.525,74,1912022121,"","","","","","","","","","","","","","","","","","","","","","","","","","","","","","","","","","","","",10.4,9,"","","","","","","","","","","","","","","","","","","","","","","","","","","","","","","","","","","","","","","","","","","","",1023.4,9,1014.4,9,"","","","","","","","","","","","","","","","","","","","","","","","","","","","","","","","","","","","","","","","","","","","","","","","","","","","","","","","","","","","","","","","","","","","","","","","","","","","","","","","","","","","","","","","","","","","","","","","","","","","","","","","","","","","","","","",""
"33167001","BORDEAUX_OBSERVATOIRE",44.831667,-0.525,74,1912022200,"","","","","","","","","","","","","","","","","","","","","","","","","","","","","","","","","","","","",9.4,9,"","","","","","","","","","","","","","","","","","","","","","","","","","","","","","","","","","","","","","","","","","","","",1024.1,9,1015.,9,"","","","","","","","","","","","","","","","","","","","","","","","","","","","","","","","","","","","","","","","","","","","","","","","","","","","","","","","","","","","","","","","","","","","","","","","","","","","","","","","","","","","","","","","","","","","","","","","","","","","","","","","","","","","","","","",""
"33167001","BORDEAUX_OBSERVATOIRE",44.831667,-0.525,74,1912022203,"","","","","","","","","","","","","","","","","","","","","","","","","","","","","","","","","","","","",10.,9,"","","","","","","","","","","","","","","","","","","","","","","","","","","","","","","","","","","","","","","","","","","","",1023.8,9,1014.7,9,"","","","","","","","","","","","","","","","","","","","","","","","","","","","","","","","","","","","","","","","","","","","","","","","","","","","","","","","","","","","","","","","","","","","","","","","","","","","","","","","","","","","","","","","","","","","","","","","","","","","","","","","","","","","","","","",""
"33167001","BORDEAUX_OBSERVATOIRE",44.831667,-0.525,74,1912022207,"","","","","","","","","","","","","","","","","","","","","","","","","","","","","","","","","","","","",9.,9,"","","","","","","","","","","","","","","","","","","","","","","","","","","","","","","","","","","","","","","","","","","","",1024.3,9,1015.2,9,"","","",9,"","","","","","","","","","","","","","","","","","","","","","","","","","","","","","","","","","","","","","","","","","","","","","","","","","","","","","","","","","","","","","","","","","","","","","","","","","","","","","","","","","","","","","","","","","","","","","","","","","","","","","","","","","","",""
"33167001","BORDEAUX_OBSERVATOIRE",44.831667,-0.525,74,1912022209,"","","","","","","","","","","","","","","","","","","","","","","","","","","","","","","","","","","","",12.1,9,"","","","","","","","","","","","","","","","","","","","","","","","","","","","","","","","","","","","","","","","","","","","",1024.8,9,1015.8,9,"","","","","","","","","","","","","","","","","","","","","","","","","","","","","","","","","","","","","","","","","","","","","","","","","","","","","","","","","","","","","","","","","","","","","","","","","","","","","","","","","","","","","","","","","","","","","","","","","","","","","","","","","","","","","","","",""
"33167001","BORDEAUX_OBSERVATOIRE",44.831667,-0.525,74,1912022212,"","","","","","","","","","","","","","","","","","","","","","","","","","","","","","","","","","","","",16.5,9,"","","","","","","","","","","","","","","","","","","","","","","","","","","","","","","","","","","","","","","","","","","","",1025.,9,1016.2,1,"","","","","","","","","","","","","","","","","","","","","","","","","","","","","","","","","","","","","","","","","","","","","","","","","","","","","","","","","","","","","","","","","","","","","","","","","","","","","","","","","","","","","","","","","","","","","","","","","","","","","","","","","","","","","","","",""
"33167001","BORDEAUX_OBSERVATOIRE",44.831667,-0.525,74,1912022215,"","","","","","","","","","","","","","","","","","","","","","","","","","","","","","","","","","","","",16.3,9,"","","","","","","","","","","","","","","","","","","","","","","","","","","","","","","","","","","","","","","","","","","","",1024.7,9,1015.9,9,"","","","","","","","","","","","","","","","","","","","","","","","","","","","","","","","","","","","","","","","","","","","","","","","","","","","","","","","","","","","","","","","","","","","","","","","","","","","","","","","","","","","","","","","","","","","","","","","","","","","","","","","","","","","","","","",""
"33167001","BORDEAUX_OBSERVATOIRE",44.831667,-0.525,74,1912022218,"","","","","","","","","","","","","","","","","","","","","","","","","","","","","","","","","","","","",14.7,9,"","","","","","","","","","","","","","","","","","","","","","","","","","","","","","","","","","","","","","","","","","","","",1024.9,9,1016.,9,"","","","","","","","","","","","","","","","","","","","","","","","","","","","","","","","","","","","","","","","","","","","","","","","","","","","","","","","","","","","","","","","","","","","","","","","","","","","","","","","","","","","","","","","","","","","","","","","","","","","","","","","","","","","","","","",""
"33167001","BORDEAUX_OBSERVATOIRE",44.831667,-0.525,74,1912022221,"","","","","","","","","","","","","","","","","","","","","","","","","","","","","","","","","","","","",13.4,9,"","","","","","","","","","","","","","","","","","","","","","","","","","","","","","","","","","","","","","","","","","","","",1025.7,9,1016.7,9,"","","","","","","","","","","","","","","","","","","","","","","","","","","","","","","","","","","","","","","","","","","","","","","","","","","","","","","","","","","","","","","","","","","","","","","","","","","","","","","","","","","","","","","","","","","","","","","","","","","","","","","","","","","","","","","",""
"33167001","BORDEAUX_OBSERVATOIRE",44.831667,-0.525,74,1912022300,"","","","","","","","","","","","","","","","","","","","","","","","","","","","","","","","","","","","",13.1,9,"","","","","","","","","","","","","","","","","","","","","","","","","","","","","","","","","","","","","","","","","","","","",1024.8,9,1015.8,9,"","","","","","","","","","","","","","","","","","","","","","","","","","","","","","","","","","","","","","","","","","","","","","","","","","","","","","","","","","","","","","","","","","","","","","","","","","","","","","","","","","","","","","","","","","","","","","","","","","","","","","","","","","","","","","","",""
"33167001","BORDEAUX_OBSERVATOIRE",44.831667,-0.525,74,1912022303,"","","","","","","","","","","","","","","","","","","","","","","","","","","","","","","","","","","","",10.8,9,"","","","","","","","","","","","","","","","","","","","","","","","","","","","","","","","","","","","","","","","","","","","",1023.2,9,1014.2,9,"","","","","","","","","","","","","","","","","","","","","","","","","","","","","","","","","","","","","","","","","","","","","","","","","","","","","","","","","","","","","","","","","","","","","","","","","","","","","","","","","","","","","","","","","","","","","","","","","","","","","","","","","","","","","","","",""
"33167001","BORDEAUX_OBSERVATOIRE",44.831667,-0.525,74,1912022307,"","","","","","","","","","","","","","","","","","","","","","","","","","","","","","","","","","","","",11.3,9,"","","","","","","","","","","","","","","","","","","","","","","","","","","","","","","","","","","","","","","","","","","","",1021.6,9,1012.6,9,"","","",9,"","","","","","","","","","","","","","","","","","","","","","","","","","","","","","","","","","","","","","","","","","","","","","","","","","","","","","","","","","","","","","","","","","","","","","","","","","","","","","","","","","","","","","","","","","","","","","","","","","","","","","","","","","","",""
"33167001","BORDEAUX_OBSERVATOIRE",44.831667,-0.525,74,1912022309,"","","","","","","","","","","","","","","","","","","","","","","","","","","","","","","","","","","","",13.,9,"","","","","","","","","","","","","","","","","","","","","","","","","","","","","","","","","","","","","","","","","","","","",1021.1,9,1012.2,9,"","","","","","","","","","","","","","","","","","","","","","","","","","","","","","","","","","","","","","","","","","","","","","","","","","","","","","","","","","","","","","","","","","","","","","","","","","","","","","","","","","","","","","","","","","","","","","","","","","","","","","","","","","","","","","","",""
"33167001","BORDEAUX_OBSERVATOIRE",44.831667,-0.525,74,1912022312,"","","","","","","","","","","","","","","","","","","","","","","","","","","","","","","","","","","","",15.8,9,"","","","","","","","","","","","","","","","","","","","","","","","","","","","","","","","","","","","","","","","","","","","",1021.,9,1012.2,1,"","","","","","","","","","","","","","","","","","","","","","","","","","","","","","","","","","","","","","","","","","","","","","","","","","","","","","","","","","","","","","","","","","","","","","","","","","","","","","","","","","","","","","","","","","","","","","","","","","","","","","","","","","","","","","","",""
"33167001","BORDEAUX_OBSERVATOIRE",44.831667,-0.525,74,1912022315,"","","","","","","","","","","","","","","","","","","","","","","","","","","","","","","","","","","","",17.7,9,"","","","","","","","","","","","","","","","","","","","","","","","","","","","","","","","","","","","","","","","","","","","",1020.3,9,1011.5,9,"","","","","","","","","","","","","","","","","","","","","","","","","","","","","","","","","","","","","","","","","","","","","","","","","","","","","","","","","","","","","","","","","","","","","","","","","","","","","","","","","","","","","","","","","","","","","","","","","","","","","","","","","","","","","","","",""
"33167001","BORDEAUX_OBSERVATOIRE",44.831667,-0.525,74,1912022318,"","","","","","","","","","","","","","","","","","","","","","","","","","","","","","","","","","","","",14.8,9,"","","","","","","","","","","","","","","","","","","","","","","","","","","","","","","","","","","","","","","","","","","","",1021.4,9,1012.5,9,"","","","","","","","","","","","","","","","","","","","","","","","","","","","","","","","","","","","","","","","","","","","","","","","","","","","","","","","","","","","","","","","","","","","","","","","","","","","","","","","","","","","","","","","","","","","","","","","","","","","","","","","","","","","","","","",""
"33167001","BORDEAUX_OBSERVATOIRE",44.831667,-0.525,74,1912022321,"","","","","","","","","","","","","","","","","","","","","","","","","","","","","","","","","","","","",12.9,9,"","","","","","","","","","","","","","","","","","","","","","","","","","","","","","","","","","","","","","","","","","","","",1020.8,9,1011.9,9,"","","","","","","","","","","","","","","","","","","","","","","","","","","","","","","","","","","","","","","","","","","","","","","","","","","","","","","","","","","","","","","","","","","","","","","","","","","","","","","","","","","","","","","","","","","","","","","","","","","","","","","","","","","","","","","",""
"33167001","BORDEAUX_OBSERVATOIRE",44.831667,-0.525,74,1912022400,"","","","","","","","","","","","","","","","","","","","","","","","","","","","","","","","","","","","",10.7,9,"","","","","","","","","","","","","","","","","","","","","","","","","","","","","","","","","","","","","","","","","","","","",1020.4,9,1011.4,9,"","","","","","","","","","","","","","","","","","","","","","","","","","","","","","","","","","","","","","","","","","","","","","","","","","","","","","","","","","","","","","","","","","","","","","","","","","","","","","","","","","","","","","","","","","","","","","","","","","","","","","","","","","","","","","","",""
"33167001","BORDEAUX_OBSERVATOIRE",44.831667,-0.525,74,1912022403,"","","","","","","","","","","","","","","","","","","","","","","","","","","","","","","","","","","","",8.9,9,"","","","","","","","","","","","","","","","","","","","","","","","","","","","","","","","","","","","","","","","","","","","",1019.,9,1010.,9,"","","","","","","","","","","","","","","","","","","","","","","","","","","","","","","","","","","","","","","","","","","","","","","","","","","","","","","","","","","","","","","","","","","","","","","","","","","","","","","","","","","","","","","","","","","","","","","","","","","","","","","","","","","","","","","",""
"33167001","BORDEAUX_OBSERVATOIRE",44.831667,-0.525,74,1912022407,"","","","","","","","","","","","","","","","","","","","","","","","","","","","","","","","","","","","",8.7,9,"","","","","","","","","","","","","","","","","","","","","","","","","","","","","","","","","","","","","","","","","","","","",1020.5,9,1011.4,9,"","","",9,"","","","","","","","","","","","","","","","","","","","","","","","","","","","","","","","","","","","","","","","","","","","","","","","","","","","","","","","","","","","","","","","","","","","","","","","","","","","","","","","","","","","","","","","","","","","","","","","","","","","","","","","","","","",""
"33167001","BORDEAUX_OBSERVATOIRE",44.831667,-0.525,74,1912022409,"","","","","","","","","","","","","","","","","","","","","","","","","","","","","","","","","","","","",10.3,9,"","","","","","","","","","","","","","","","","","","","","","","","","","","","","","","","","","","","","","","","","","","","",1020.4,9,1011.4,9,"","","","","","","","","","","","","","","","","","","","","","","","","","","","","","","","","","","","","","","","","","","","","","","","","","","","","","","","","","","","","","","","","","","","","","","","","","","","","","","","","","","","","","","","","","","","","","","","","","","","","","","","","","","","","","","",""
"33167001","BORDEAUX_OBSERVATOIRE",44.831667,-0.525,74,1912022412,"","","","","","","","","","","","","","","","","","","","","","","","","","","","","","","","","","","","",15.7,9,"","","","","","","","","","","","","","","","","","","","","","","","","","","","","","","","","","","","","","","","","","","","",1019.9,9,1011.1,1,"","","","","","","","","","","","","","","","","","","","","","","","","","","","","","","","","","","","","","","","","","","","","","","","","","","","","","","","","","","","","","","","","","","","","","","","","","","","","","","","","","","","","","","","","","","","","","","","","","","","","","","","","","","","","","","",""
"33167001","BORDEAUX_OBSERVATOIRE",44.831667,-0.525,74,1912022415,"","","","","","","","","","","","","","","","","","","","","","","","","","","","","","","","","","","","",18.8,9,"","","","","","","","","","","","","","","","","","","","","","","","","","","","","","","","","","","","","","","","","","","","",1017.8,9,1009.1,9,"","","","","","","","","","","","","","","","","","","","","","","","","","","","","","","","","","","","","","","","","","","","","","","","","","","","","","","","","","","","","","","","","","","","","","","","","","","","","","","","","","","","","","","","","","","","","","","","","","","","","","","","","","","","","","","",""
"33167001","BORDEAUX_OBSERVATOIRE",44.831667,-0.525,74,1912022418,"","","","","","","","","","","","","","","","","","","","","","","","","","","","","","","","","","","","",13.6,9,"","","","","","","","","","","","","","","","","","","","","","","","","","","","","","","","","","","","","","","","","","","","",1019.4,9,1010.5,9,"","","","","","","","","","","","","","","","","","","","","","","","","","","","","","","","","","","","","","","","","","","","","","","","","","","","","","","","","","","","","","","","","","","","","","","","","","","","","","","","","","","","","","","","","","","","","","","","","","","","","","","","","","","","","","","",""
"33167001","BORDEAUX_OBSERVATOIRE",44.831667,-0.525,74,1912022421,"","","","","","","","","","","","","","","","","","","","","","","","","","","","","","","","","","","","",12.3,9,"","","","","","","","","","","","","","","","","","","","","","","","","","","","","","","","","","","","","","","","","","","","",1018.9,9,1010.,9,"","","","","","","","","","","","","","","","","","","","","","","","","","","","","","","","","","","","","","","","","","","","","","","","","","","","","","","","","","","","","","","","","","","","","","","","","","","","","","","","","","","","","","","","","","","","","","","","","","","","","","","","","","","","","","","",""
"33167001","BORDEAUX_OBSERVATOIRE",44.831667,-0.525,74,1912022500,"","","","","","","","","","","","","","","","","","","","","","","","","","","","","","","","","","","","",10.9,9,"","","","","","","","","","","","","","","","","","","","","","","","","","","","","","","","","","","","","","","","","","","","",1018.2,9,1009.2,9,"","","","","","","","","","","","","","","","","","","","","","","","","","","","","","","","","","","","","","","","","","","","","","","","","","","","","","","","","","","","","","","","","","","","","","","","","","","","","","","","","","","","","","","","","","","","","","","","","","","","","","","","","","","","","","","",""
"33167001","BORDEAUX_OBSERVATOIRE",44.831667,-0.525,74,1912022503,"","","","","","","","","","","","","","","","","","","","","","","","","","","","","","","","","","","","",10.,9,"","","","","","","","","","","","","","","","","","","","","","","","","","","","","","","","","","","","","","","","","","","","",1016.6,9,1007.6,9,"","","","","","","","","","","","","","","","","","","","","","","","","","","","","","","","","","","","","","","","","","","","","","","","","","","","","","","","","","","","","","","","","","","","","","","","","","","","","","","","","","","","","","","","","","","","","","","","","","","","","","","","","","","","","","","",""
"33167001","BORDEAUX_OBSERVATOIRE",44.831667,-0.525,74,1912022507,"","","","","","","","","","","","","","","","","","","","","","","","","","","","","","","","","","","","",9.5,9,"","","","","","","","","","","","","","","","","","","","","","","","","","","","","","","","","","","","","","","","","","","","",1014.9,9,1005.9,9,"","","",9,"","","","","","","","","","","","","","","","","","","","","","","","","","","","","","","","","","","","","","","","","","","","","","","","","","","","","","","","","","","","","","","","","","","","","","","","","","","","","","","","","","","","","","","","","","","","","","","","","","","","","","","","","","","",""
"33167001","BORDEAUX_OBSERVATOIRE",44.831667,-0.525,74,1912022509,"","","","","","","","","","","","","","","","","","","","","","","","","","","","","","","","","","","","",10.,9,"","","","","","","","","","","","","","","","","","","","","","","","","","","","","","","","","","","","","","","","","","","","",1014.9,9,1005.9,9,"","","","","","","","","","","","","","","","","","","","","","","","","","","","","","","","","","","","","","","","","","","","","","","","","","","","","","","","","","","","","","","","","","","","","","","","","","","","","","","","","","","","","","","","","","","","","","","","","","","","","","","","","","","","","","","",""
"33167001","BORDEAUX_OBSERVATOIRE",44.831667,-0.525,74,1912022512,"","","","","","","","","","","","","","","","","","","","","","","","","","","","","","","","","","","","",11.1,9,"","","","","","","","","","","","","","","","","","","","","","","","","","","","","","","","","","","","","","","","","","","","",1013.8,9,1004.9,1,"","","","","","","","","","","","","","","","","","","","","","","","","","","","","","","","","","","","","","","","","","","","","","","","","","","","","","","","","","","","","","","","","","","","","","","","","","","","","","","","","","","","","","","","","","","","","","","","","","","","","","","","","","","","","","","",""
"33167001","BORDEAUX_OBSERVATOIRE",44.831667,-0.525,74,1912022515,"","","","","","","","","","","","","","","","","","","","","","","","","","","","","","","","","","","","",12.1,9,"","","","","","","","","","","","","","","","","","","","","","","","","","","","","","","","","","","","","","","","","","","","",1013.2,9,1004.3,9,"","","","","","","","","","","","","","","","","","","","","","","","","","","","","","","","","","","","","","","","","","","","","","","","","","","","","","","","","","","","","","","","","","","","","","","","","","","","","","","","","","","","","","","","","","","","","","","","","","","","","","","","","","","","","","","",""
"33167001","BORDEAUX_OBSERVATOIRE",44.831667,-0.525,74,1912022518,"","","","","","","","","","","","","","","","","","","","","","","","","","","","","","","","","","","","",12.7,9,"","","","","","","","","","","","","","","","","","","","","","","","","","","","","","","","","","","","","","","","","","","","",1013.6,9,1004.7,9,"","","","","","","","","","","","","","","","","","","","","","","","","","","","","","","","","","","","","","","","","","","","","","","","","","","","","","","","","","","","","","","","","","","","","","","","","","","","","","","","","","","","","","","","","","","","","","","","","","","","","","","","","","","","","","","",""
"33167001","BORDEAUX_OBSERVATOIRE",44.831667,-0.525,74,1912022521,"","","","","","","","","","","","","","","","","","","","","","","","","","","","","","","","","","","","",10.3,9,"","","","","","","","","","","","","","","","","","","","","","","","","","","","","","","","","","","","","","","","","","","","",1016.1,9,1007.1,9,"","","","","","","","","","","","","","","","","","","","","","","","","","","","","","","","","","","","","","","","","","","","","","","","","","","","","","","","","","","","","","","","","","","","","","","","","","","","","","","","","","","","","","","","","","","","","","","","","","","","","","","","","","","","","","","",""
"33167001","BORDEAUX_OBSERVATOIRE",44.831667,-0.525,74,1912022600,"","","","","","","","","","","","","","","","","","","","","","","","","","","","","","","","","","","","",10.1,9,"","","","","","","","","","","","","","","","","","","","","","","","","","","","","","","","","","","","","","","","","","","","",1018.6,9,1009.6,9,"","","","","","","","","","","","","","","","","","","","","","","","","","","","","","","","","","","","","","","","","","","","","","","","","","","","","","","","","","","","","","","","","","","","","","","","","","","","","","","","","","","","","","","","","","","","","","","","","","","","","","","","","","","","","","","",""
"33167001","BORDEAUX_OBSERVATOIRE",44.831667,-0.525,74,1912022603,"","","","","","","","","","","","","","","","","","","","","","","","","","","","","","","","","","","","",8.6,9,"","","","","","","","","","","","","","","","","","","","","","","","","","","","","","","","","","","","","","","","","","","","",1020.1,9,1011.,9,"","","","","","","","","","","","","","","","","","","","","","","","","","","","","","","","","","","","","","","","","","","","","","","","","","","","","","","","","","","","","","","","","","","","","","","","","","","","","","","","","","","","","","","","","","","","","","","","","","","","","","","","","","","","","","","",""
"33167001","BORDEAUX_OBSERVATOIRE",44.831667,-0.525,74,1912022607,"","","","","","","","","","","","","","","","","","","","","","","","","","","","","","","","","","","","",8.2,9,"","","","","","","","","","","","","","","","","","","","","","","","","","","","","","","","","","","","","","","","","","","","",1023.1,9,1014.,9,"","","",9,"","","","","","","","","","","","","","","","","","","","","","","","","","","","","","","","","","","","","","","","","","","","","","","","","","","","","","","","","","","","","","","","","","","","","","","","","","","","","","","","","","","","","","","","","","","","","","","","","","","","","","","","","","","",""
"33167001","BORDEAUX_OBSERVATOIRE",44.831667,-0.525,74,1912022609,"","","","","","","","","","","","","","","","","","","","","","","","","","","","","","","","","","","","",9.9,9,"","","","","","","","","","","","","","","","","","","","","","","","","","","","","","","","","","","","","","","","","","","","",1024.5,9,1015.4,9,"","","","","","","","","","","","","","","","","","","","","","","","","","","","","","","","","","","","","","","","","","","","","","","","","","","","","","","","","","","","","","","","","","","","","","","","","","","","","","","","","","","","","","","","","","","","","","","","","","","","","","","","","","","","","","","",""
"33167001","BORDEAUX_OBSERVATOIRE",44.831667,-0.525,74,1912022612,"","","","","","","","","","","","","","","","","","","","","","","","","","","","","","","","","","","","",14.,9,"","","","","","","","","","","","","","","","","","","","","","","","","","","","","","","","","","","","","","","","","","","","",1025.2,9,1016.3,1,"","","","","","","","","","","","","","","","","","","","","","","","","","","","","","","","","","","","","","","","","","","","","","","","","","","","","","","","","","","","","","","","","","","","","","","","","","","","","","","","","","","","","","","","","","","","","","","","","","","","","","","","","","","","","","","",""
"33167001","BORDEAUX_OBSERVATOIRE",44.831667,-0.525,74,1912022615,"","","","","","","","","","","","","","","","","","","","","","","","","","","","","","","","","","","","",13.,9,"","","","","","","","","","","","","","","","","","","","","","","","","","","","","","","","","","","","","","","","","","","","",1025.7,9,1016.7,9,"","","","","","","","","","","","","","","","","","","","","","","","","","","","","","","","","","","","","","","","","","","","","","","","","","","","","","","","","","","","","","","","","","","","","","","","","","","","","","","","","","","","","","","","","","","","","","","","","","","","","","","","","","","","","","","",""
"33167001","BORDEAUX_OBSERVATOIRE",44.831667,-0.525,74,1912022618,"","","","","","","","","","","","","","","","","","","","","","","","","","","","","","","","","","","","",11.8,9,"","","","","","","","","","","","","","","","","","","","","","","","","","","","","","","","","","","","","","","","","","","","",1027.2,9,1018.2,9,"","","","","","","","","","","","","","","","","","","","","","","","","","","","","","","","","","","","","","","","","","","","","","","","","","","","","","","","","","","","","","","","","","","","","","","","","","","","","","","","","","","","","","","","","","","","","","","","","","","","","","","","","","","","","","","",""
"33167001","BORDEAUX_OBSERVATOIRE",44.831667,-0.525,74,1912022621,"","","","","","","","","","","","","","","","","","","","","","","","","","","","","","","","","","","","",10.5,9,"","","","","","","","","","","","","","","","","","","","","","","","","","","","","","","","","","","","","","","","","","","","",1028.9,9,1019.8,9,"","","","","","","","","","","","","","","","","","","","","","","","","","","","","","","","","","","","","","","","","","","","","","","","","","","","","","","","","","","","","","","","","","","","","","","","","","","","","","","","","","","","","","","","","","","","","","","","","","","","","","","","","","","","","","","",""
"33167001","BORDEAUX_OBSERVATOIRE",44.831667,-0.525,74,1912022700,"","","","","","","","","","","","","","","","","","","","","","","","","","","","","","","","","","","","",9.3,9,"","","","","","","","","","","","","","","","","","","","","","","","","","","","","","","","","","","","","","","","","","","","",1029.5,9,1020.4,9,"","","","","","","","","","","","","","","","","","","","","","","","","","","","","","","","","","","","","","","","","","","","","","","","","","","","","","","","","","","","","","","","","","","","","","","","","","","","","","","","","","","","","","","","","","","","","","","","","","","","","","","","","","","","","","","",""
"33167001","BORDEAUX_OBSERVATOIRE",44.831667,-0.525,74,1912022703,"","","","","","","","","","","","","","","","","","","","","","","","","","","","","","","","","","","","",8.9,9,"","","","","","","","","","","","","","","","","","","","","","","","","","","","","","","","","","","","","","","","","","","","",1029.4,9,1020.3,9,"","","","","","","","","","","","","","","","","","","","","","","","","","","","","","","","","","","","","","","","","","","","","","","","","","","","","","","","","","","","","","","","","","","","","","","","","","","","","","","","","","","","","","","","","","","","","","","","","","","","","","","","","","","","","","","",""
"33167001","BORDEAUX_OBSERVATOIRE",44.831667,-0.525,74,1912022707,"","","","","","","","","","","","","","","","","","","","","","","","","","","","","","","","","","","","",9.9,9,"","","","","","","","","","","","","","","","","","","","","","","","","","","","","","","","","","","","","","","","","","","","",1030.7,9,1021.6,9,"","","",9,"","","","","","","","","","","","","","","","","","","","","","","","","","","","","","","","","","","","","","","","","","","","","","","","","","","","","","","","","","","","","","","","","","","","","","","","","","","","","","","","","","","","","","","","","","","","","","","","","","","","","","","","","","","",""
"33167001","BORDEAUX_OBSERVATOIRE",44.831667,-0.525,74,1912022709,"","","","","","","","","","","","","","","","","","","","","","","","","","","","","","","","","","","","",10.2,9,"","","","","","","","","","","","","","","","","","","","","","","","","","","","","","","","","","","","","","","","","","","","",1032.1,9,1023.,9,"","","","","","","","","","","","","","","","","","","","","","","","","","","","","","","","","","","","","","","","","","","","","","","","","","","","","","","","","","","","","","","","","","","","","","","","","","","","","","","","","","","","","","","","","","","","","","","","","","","","","","","","","","","","","","","",""
"33167001","BORDEAUX_OBSERVATOIRE",44.831667,-0.525,74,1912022712,"","","","","","","","","","","","","","","","","","","","","","","","","","","","","","","","","","","","",14.8,9,"","","","","","","","","","","","","","","","","","","","","","","","","","","","","","","","","","","","","","","","","","","","",1032.1,9,1023.1,1,"","","","","","","","","","","","","","","","","","","","","","","","","","","","","","","","","","","","","","","","","","","","","","","","","","","","","","","","","","","","","","","","","","","","","","","","","","","","","","","","","","","","","","","","","","","","","","","","","","","","","","","","","","","","","","","",""
"33167001","BORDEAUX_OBSERVATOIRE",44.831667,-0.525,74,1912022715,"","","","","","","","","","","","","","","","","","","","","","","","","","","","","","","","","","","","",17.8,9,"","","","","","","","","","","","","","","","","","","","","","","","","","","","","","","","","","","","","","","","","","","","",1030.6,9,1021.8,9,"","","","","","","","","","","","","","","","","","","","","","","","","","","","","","","","","","","","","","","","","","","","","","","","","","","","","","","","","","","","","","","","","","","","","","","","","","","","","","","","","","","","","","","","","","","","","","","","","","","","","","","","","","","","","","","",""
"33167001","BORDEAUX_OBSERVATOIRE",44.831667,-0.525,74,1912022718,"","","","","","","","","","","","","","","","","","","","","","","","","","","","","","","","","","","","",14.,9,"","","","","","","","","","","","","","","","","","","","","","","","","","","","","","","","","","","","","","","","","","","","",1030.6,9,1021.6,9,"","","","","","","","","","","","","","","","","","","","","","","","","","","","","","","","","","","","","","","","","","","","","","","","","","","","","","","","","","","","","","","","","","","","","","","","","","","","","","","","","","","","","","","","","","","","","","","","","","","","","","","","","","","","","","","",""
"33167001","BORDEAUX_OBSERVATOIRE",44.831667,-0.525,74,1912022721,"","","","","","","","","","","","","","","","","","","","","","","","","","","","","","","","","","","","",12.5,9,"","","","","","","","","","","","","","","","","","","","","","","","","","","","","","","","","","","","","","","","","","","","",1030.6,9,1021.6,9,"","","","","","","","","","","","","","","","","","","","","","","","","","","","","","","","","","","","","","","","","","","","","","","","","","","","","","","","","","","","","","","","","","","","","","","","","","","","","","","","","","","","","","","","","","","","","","","","","","","","","","","","","","","","","","","",""
"33167001","BORDEAUX_OBSERVATOIRE",44.831667,-0.525,74,1912022800,"","","","","","","","","","","","","","","","","","","","","","","","","","","","","","","","","","","","",10.9,9,"","","","","","","","","","","","","","","","","","","","","","","","","","","","","","","","","","","","","","","","","","","","",1030.2,9,1021.1,9,"","","","","","","","","","","","","","","","","","","","","","","","","","","","","","","","","","","","","","","","","","","","","","","","","","","","","","","","","","","","","","","","","","","","","","","","","","","","","","","","","","","","","","","","","","","","","","","","","","","","","","","","","","","","","","","",""
"33167001","BORDEAUX_OBSERVATOIRE",44.831667,-0.525,74,1912022803,"","","","","","","","","","","","","","","","","","","","","","","","","","","","","","","","","","","","",9.3,9,"","","","","","","","","","","","","","","","","","","","","","","","","","","","","","","","","","","","","","","","","","","","",1028.9,9,1019.8,9,"","","","","","","","","","","","","","","","","","","","","","","","","","","","","","","","","","","","","","","","","","","","","","","","","","","","","","","","","","","","","","","","","","","","","","","","","","","","","","","","","","","","","","","","","","","","","","","","","","","","","","","","","","","","","","","",""
"33167001","BORDEAUX_OBSERVATOIRE",44.831667,-0.525,74,1912022807,"","","","","","","","","","","","","","","","","","","","","","","","","","","","","","","","","","","","",8.8,9,"","","","","","","","","","","","","","","","","","","","","","","","","","","","","","","","","","","","","","","","","","","","",1027.7,9,1018.6,9,"","","",9,"","","","","","","","","","","","","","","","","","","","","","","","","","","","","","","","","","","","","","","","","","","","","","","","","","","","","","","","","","","","","","","","","","","","","","","","","","","","","","","","","","","","","","","","","","","","","","","","","","","","","","","","","","","",""
"33167001","BORDEAUX_OBSERVATOIRE",44.831667,-0.525,74,1912022809,"","","","","","","","","","","","","","","","","","","","","","","","","","","","","","","","","","","","",11.3,9,"","","","","","","","","","","","","","","","","","","","","","","","","","","","","","","","","","","","","","","","","","","","",1026.9,9,1017.9,9,"","","","","","","","","","","","","","","","","","","","","","","","","","","","","","","","","","","","","","","","","","","","","","","","","","","","","","","","","","","","","","","","","","","","","","","","","","","","","","","","","","","","","","","","","","","","","","","","","","","","","","","","","","","","","","","",""
"33167001","BORDEAUX_OBSERVATOIRE",44.831667,-0.525,74,1912022812,"","","","","","","","","","","","","","","","","","","","","","","","","","","","","","","","","","","","",15.,9,"","","","","","","","","","","","","","","","","","","","","","","","","","","","","","","","","","","","","","","","","","","","",1024.8,9,1015.9,1,"","","","","","","","","","","","","","","","","","","","","","","","","","","","","","","","","","","","","","","","","","","","","","","","","","","","","","","","","","","","","","","","","","","","","","","","","","","","","","","","","","","","","","","","","","","","","","","","","","","","","","","","","","","","","","","",""
"33167001","BORDEAUX_OBSERVATOIRE",44.831667,-0.525,74,1912022815,"","","","","","","","","","","","","","","","","","","","","","","","","","","","","","","","","","","","",18.9,9,"","","","","","","","","","","","","","","","","","","","","","","","","","","","","","","","","","","","","","","","","","","","",1021.8,9,1013.1,9,"","","","","","","","","","","","","","","","","","","","","","","","","","","","","","","","","","","","","","","","","","","","","","","","","","","","","","","","","","","","","","","","","","","","","","","","","","","","","","","","","","","","","","","","","","","","","","","","","","","","","","","","","","","","","","","",""
"33167001","BORDEAUX_OBSERVATOIRE",44.831667,-0.525,74,1912022818,"","","","","","","","","","","","","","","","","","","","","","","","","","","","","","","","","","","","",16.,9,"","","","","","","","","","","","","","","","","","","","","","","","","","","","","","","","","","","","","","","","","","","","",1020.5,9,1011.7,9,"","","","","","","","","","","","","","","","","","","","","","","","","","","","","","","","","","","","","","","","","","","","","","","","","","","","","","","","","","","","","","","","","","","","","","","","","","","","","","","","","","","","","","","","","","","","","","","","","","","","","","","","","","","","","","","",""
"33167001","BORDEAUX_OBSERVATOIRE",44.831667,-0.525,74,1912022821,"","","","","","","","","","","","","","","","","","","","","","","","","","","","","","","","","","","","",14.1,9,"","","","","","","","","","","","","","","","","","","","","","","","","","","","","","","","","","","","","","","","","","","","",1019.9,9,1011.,9,"","","","","","","","","","","","","","","","","","","","","","","","","","","","","","","","","","","","","","","","","","","","","","","","","","","","","","","","","","","","","","","","","","","","","","","","","","","","","","","","","","","","","","","","","","","","","","","","","","","","","","","","","","","","","","","",""
"33167001","BORDEAUX_OBSERVATOIRE",44.831667,-0.525,74,1912022900,"","","","","","","","","","","","","","","","","","","","","","","","","","","","","","","","","","","","",11.5,9,"","","","","","","","","","","","","","","","","","","","","","","","","","","","","","","","","","","","","","","","","","","","",1019.2,9,1010.2,9,"","","","","","","","","","","","","","","","","","","","","","","","","","","","","","","","","","","","","","","","","","","","","","","","","","","","","","","","","","","","","","","","","","","","","","","","","","","","","","","","","","","","","","","","","","","","","","","","","","","","","","","","","","","","","","","",""
"33167001","BORDEAUX_OBSERVATOIRE",44.831667,-0.525,74,1912022903,"","","","","","","","","","","","","","","","","","","","","","","","","","","","","","","","","","","","",9.8,9,"","","","","","","","","","","","","","","","","","","","","","","","","","","","","","","","","","","","","","","","","","","","",1019.2,9,1010.2,9,"","","","","","","","","","","","","","","","","","","","","","","","","","","","","","","","","","","","","","","","","","","","","","","","","","","","","","","","","","","","","","","","","","","","","","","","","","","","","","","","","","","","","","","","","","","","","","","","","","","","","","","","","","","","","","","",""
"33167001","BORDEAUX_OBSERVATOIRE",44.831667,-0.525,74,1912022907,"","","","","","","","","","","","","","","","","","","","","","","","","","","","","","","","","","","","",9.6,9,"","","","","","","","","","","","","","","","","","","","","","","","","","","","","","","","","","","","","","","","","","","","",1019.3,9,1010.3,9,"","","",9,"","","","","","","","","","","","","","","","","","","","","","","","","","","","","","","","","","","","","","","","","","","","","","","","","","","","","","","","","","","","","","","","","","","","","","","","","","","","","","","","","","","","","","","","","","","","","","","","","","","","","","","","","","","",""
"33167001","BORDEAUX_OBSERVATOIRE",44.831667,-0.525,74,1912022909,"","","","","","","","","","","","","","","","","","","","","","","","","","","","","","","","","","","","",10.5,9,"","","","","","","","","","","","","","","","","","","","","","","","","","","","","","","","","","","","","","","","","","","","",1020.3,9,1011.3,9,"","","","","","","","","","","","","","","","","","","","","","","","","","","","","","","","","","","","","","","","","","","","","","","","","","","","","","","","","","","","","","","","","","","","","","","","","","","","","","","","","","","","","","","","","","","","","","","","","","","","","","","","","","","","","","","",""
"33167001","BORDEAUX_OBSERVATOIRE",44.831667,-0.525,74,1912022912,"","","","","","","","","","","","","","","","","","","","","","","","","","","","","","","","","","","","",11.,9,"","","","","","","","","","","","","","","","","","","","","","","","","","","","","","","","","","","","","","","","","","","","",1022.3,9,1013.3,1,"","","","","","","","","","","","","","","","","","","","","","","","","","","","","","","","","","","","","","","","","","","","","","","","","","","","","","","","","","","","","","","","","","","","","","","","","","","","","","","","","","","","","","","","","","","","","","","","","","","","","","","","","","","","","","","",""
"33167001","BORDEAUX_OBSERVATOIRE",44.831667,-0.525,74,1912022915,"","","","","","","","","","","","","","","","","","","","","","","","","","","","","","","","","","","","",8.8,9,"","","","","","","","","","","","","","","","","","","","","","","","","","","","","","","","","","","","","","","","","","","","",1023.7,9,1014.6,9,"","","","","","","","","","","","","","","","","","","","","","","","","","","","","","","","","","","","","","","","","","","","","","","","","","","","","","","","","","","","","","","","","","","","","","","","","","","","","","","","","","","","","","","","","","","","","","","","","","","","","","","","","","","","","","","",""
"33167001","BORDEAUX_OBSERVATOIRE",44.831667,-0.525,74,1912022918,"","","","","","","","","","","","","","","","","","","","","","","","","","","","","","","","","","","","",9.,9,"","","","","","","","","","","","","","","","","","","","","","","","","","","","","","","","","","","","","","","","","","","","",1024.2,9,1015.1,9,"","","","","","","","","","","","","","","","","","","","","","","","","","","","","","","","","","","","","","","","","","","","","","","","","","","","","","","","","","","","","","","","","","","","","","","","","","","","","","","","","","","","","","","","","","","","","","","","","","","","","","","","","","","","","","","",""
"33167001","BORDEAUX_OBSERVATOIRE",44.831667,-0.525,74,1912022921,"","","","","","","","","","","","","","","","","","","","","","","","","","","","","","","","","","","","",8.8,9,"","","","","","","","","","","","","","","","","","","","","","","","","","","","","","","","","","","","","","","","","","","","",1024.1,9,1015.,9,"","","","","","","","","","","","","","","","","","","","","","","","","","","","","","","","","","","","","","","","","","","","","","","","","","","","","","","","","","","","","","","","","","","","","","","","","","","","","","","","","","","","","","","","","","","","","","","","","","","","","","","","","","","","","","","",""
"33167001","BORDEAUX_OBSERVATOIRE",44.831667,-0.525,74,1912030100,"","","","","","","","","","","","","","","","","","","","","","","","","","","","","","","","","","","","",8.8,9,"","","","","","","","","","","","","","","","","","","","","","","","","","","","","","","","","","","","","","","","","","","","",1022.2,9,1013.1,9,"","","","","","","","","","","","","","","","","","","","","","","","","","","","","","","","","","","","","","","","","","","","","","","","","","","","","","","","","","","","","","","","","","","","","","","","","","","","","","","","","","","","","","","","","","","","","","","","","","","","","","","","","","","","","","","",""
"33167001","BORDEAUX_OBSERVATOIRE",44.831667,-0.525,74,1912030103,"","","","","","","","","","","","","","","","","","","","","","","","","","","","","","","","","","","","",9.9,9,"","","","","","","","","","","","","","","","","","","","","","","","","","","","","","","","","","","","","","","","","","","","",1020.1,9,1011.1,9,"","","","","","","","","","","","","","","","","","","","","","","","","","","","","","","","","","","","","","","","","","","","","","","","","","","","","","","","","","","","","","","","","","","","","","","","","","","","","","","","","","","","","","","","","","","","","","","","","","","","","","","","","","","","","","","",""
"33167001","BORDEAUX_OBSERVATOIRE",44.831667,-0.525,74,1912030107,"","","","","","","","","","","","","","","","","","","","","","","","","","","","","","","","","","","","",10.6,9,"","","","","","","","","","","","","","","","","","","","","","","","","","","","","","","","","","","","","","","","","","","","",1018.1,9,1009.1,9,"","","",9,"","","","","","","","","","","","","","","","","","","","","","","","","","","","","","","","","","","","","","","","","","","","","","","","","","","","","","","","","","","","","","","","","","","","","","","","","","","","","","","","","","","","","","","","","","","","","","","","","","","","","","","","","","","",""
"33167001","BORDEAUX_OBSERVATOIRE",44.831667,-0.525,74,1912030109,"","","","","","","","","","","","","","","","","","","","","","","","","","","","","","","","","","","","",11.4,9,"","","","","","","","","","","","","","","","","","","","","","","","","","","","","","","","","","","","","","","","","","","","",1018.1,9,1009.1,9,"","","","","","","","","","","","","","","","","","","","","","","","","","","","","","","","","","","","","","","","","","","","","","","","","","","","","","","","","","","","","","","","","","","","","","","","","","","","","","","","","","","","","","","","","","","","","","","","","","","","","","","","","","","","","","","",""
"33167001","BORDEAUX_OBSERVATOIRE",44.831667,-0.525,74,1912030112,"","","","","","","","","","","","","","","","","","","","","","","","","","","","","","","","","","","","",12.7,9,"","","","","","","","","","","","","","","","","","","","","","","","","","","","","","","","","","","","","","","","","","","","",1017.1,9,1008.2,1,"","","","","","","","","","","","","","","","","","","","","","","","","","","","","","","","","","","","","","","","","","","","","","","","","","","","","","","","","","","","","","","","","","","","","","","","","","","","","","","","","","","","","","","","","","","","","","","","","","","","","","","","","","","","","","","",""
"33167001","BORDEAUX_OBSERVATOIRE",44.831667,-0.525,74,1912030115,"","","","","","","","","","","","","","","","","","","","","","","","","","","","","","","","","","","","",14.7,9,"","","","","","","","","","","","","","","","","","","","","","","","","","","","","","","","","","","","","","","","","","","","",1015.8,9,1007.,9,"","","","","","","","","","","","","","","","","","","","","","","","","","","","","","","","","","","","","","","","","","","","","","","","","","","","","","","","","","","","","","","","","","","","","","","","","","","","","","","","","","","","","","","","","","","","","","","","","","","","","","","","","","","","","","","",""
"33167001","BORDEAUX_OBSERVATOIRE",44.831667,-0.525,74,1912030118,"","","","","","","","","","","","","","","","","","","","","","","","","","","","","","","","","","","","",12.6,9,"","","","","","","","","","","","","","","","","","","","","","","","","","","","","","","","","","","","","","","","","","","","",1017.8,9,1008.9,9,"","","","","","","","","","","","","","","","","","","","","","","","","","","","","","","","","","","","","","","","","","","","","","","","","","","","","","","","","","","","","","","","","","","","","","","","","","","","","","","","","","","","","","","","","","","","","","","","","","","","","","","","","","","","","","","",""
"33167001","BORDEAUX_OBSERVATOIRE",44.831667,-0.525,74,1912030121,"","","","","","","","","","","","","","","","","","","","","","","","","","","","","","","","","","","","",11.8,9,"","","","","","","","","","","","","","","","","","","","","","","","","","","","","","","","","","","","","","","","","","","","",1019.3,9,1010.3,9,"","","","","","","","","","","","","","","","","","","","","","","","","","","","","","","","","","","","","","","","","","","","","","","","","","","","","","","","","","","","","","","","","","","","","","","","","","","","","","","","","","","","","","","","","","","","","","","","","","","","","","","","","","","","","","","",""
"33167001","BORDEAUX_OBSERVATOIRE",44.831667,-0.525,74,1912030200,"","","","","","","","","","","","","","","","","","","","","","","","","","","","","","","","","","","","",10.1,9,"","","","","","","","","","","","","","","","","","","","","","","","","","","","","","","","","","","","","","","","","","","","",1020.8,9,1011.8,9,"","","","","","","","","","","","","","","","","","","","","","","","","","","","","","","","","","","","","","","","","","","","","","","","","","","","","","","","","","","","","","","","","","","","","","","","","","","","","","","","","","","","","","","","","","","","","","","","","","","","","","","","","","","","","","","",""
"33167001","BORDEAUX_OBSERVATOIRE",44.831667,-0.525,74,1912030203,"","","","","","","","","","","","","","","","","","","","","","","","","","","","","","","","","","","","",9.,9,"","","","","","","","","","","","","","","","","","","","","","","","","","","","","","","","","","","","","","","","","","","","",1021.1,9,1012.,9,"","","","","","","","","","","","","","","","","","","","","","","","","","","","","","","","","","","","","","","","","","","","","","","","","","","","","","","","","","","","","","","","","","","","","","","","","","","","","","","","","","","","","","","","","","","","","","","","","","","","","","","","","","","","","","","",""
"33167001","BORDEAUX_OBSERVATOIRE",44.831667,-0.525,74,1912030207,"","","","","","","","","","","","","","","","","","","","","","","","","","","","","","","","","","","","",8.2,9,"","","","","","","","","","","","","","","","","","","","","","","","","","","","","","","","","","","","","","","","","","","","",1020.7,9,1011.6,9,"","","",9,"","","","","","","","","","","","","","","","","","","","","","","","","","","","","","","","","","","","","","","","","","","","","","","","","","","","","","","","","","","","","","","","","","","","","","","","","","","","","","","","","","","","","","","","","","","","","","","","","","","","","","","","","","","",""
"33167001","BORDEAUX_OBSERVATOIRE",44.831667,-0.525,74,1912030209,"","","","","","","","","","","","","","","","","","","","","","","","","","","","","","","","","","","","",11.,9,"","","","","","","","","","","","","","","","","","","","","","","","","","","","","","","","","","","","","","","","","","","","",1019.9,9,1010.9,9,"","","","","","","","","","","","","","","","","","","","","","","","","","","","","","","","","","","","","","","","","","","","","","","","","","","","","","","","","","","","","","","","","","","","","","","","","","","","","","","","","","","","","","","","","","","","","","","","","","","","","","","","","","","","","","","",""
"33167001","BORDEAUX_OBSERVATOIRE",44.831667,-0.525,74,1912030212,"","","","","","","","","","","","","","","","","","","","","","","","","","","","","","","","","","","","",15.3,9,"","","","","","","","","","","","","","","","","","","","","","","","","","","","","","","","","","","","","","","","","","","","",1017.1,9,1008.3,1,"","","","","","","","","","","","","","","","","","","","","","","","","","","","","","","","","","","","","","","","","","","","","","","","","","","","","","","","","","","","","","","","","","","","","","","","","","","","","","","","","","","","","","","","","","","","","","","","","","","","","","","","","","","","","","","",""
"33167001","BORDEAUX_OBSERVATOIRE",44.831667,-0.525,74,1912030215,"","","","","","","","","","","","","","","","","","","","","","","","","","","","","","","","","","","","",16.,9,"","","","","","","","","","","","","","","","","","","","","","","","","","","","","","","","","","","","","","","","","","","","",1013.5,9,1004.7,9,"","","","","","","","","","","","","","","","","","","","","","","","","","","","","","","","","","","","","","","","","","","","","","","","","","","","","","","","","","","","","","","","","","","","","","","","","","","","","","","","","","","","","","","","","","","","","","","","","","","","","","","","","","","","","","","",""
"33167001","BORDEAUX_OBSERVATOIRE",44.831667,-0.525,74,1912030218,"","","","","","","","","","","","","","","","","","","","","","","","","","","","","","","","","","","","",15.2,9,"","","","","","","","","","","","","","","","","","","","","","","","","","","","","","","","","","","","","","","","","","","","",1010.6,9,1001.8,9,"","","","","","","","","","","","","","","","","","","","","","","","","","","","","","","","","","","","","","","","","","","","","","","","","","","","","","","","","","","","","","","","","","","","","","","","","","","","","","","","","","","","","","","","","","","","","","","","","","","","","","","","","","","","","","","",""
"33167001","BORDEAUX_OBSERVATOIRE",44.831667,-0.525,74,1912030221,"","","","","","","","","","","","","","","","","","","","","","","","","","","","","","","","","","","","",13.3,9,"","","","","","","","","","","","","","","","","","","","","","","","","","","","","","","","","","","","","","","","","","","","",1007.9,9,999.1,9,"","","","","","","","","","","","","","","","","","","","","","","","","","","","","","","","","","","","","","","","","","","","","","","","","","","","","","","","","","","","","","","","","","","","","","","","","","","","","","","","","","","","","","","","","","","","","","","","","","","","","","","","","","","","","","","",""
"33167001","BORDEAUX_OBSERVATOIRE",44.831667,-0.525,74,1912030300,"","","","","","","","","","","","","","","","","","","","","","","","","","","","","","","","","","","","",10.2,9,"","","","","","","","","","","","","","","","","","","","","","","","","","","","","","","","","","","","","","","","","","","","",1010.8,9,1001.9,9,"","","","","","","","","","","","","","","","","","","","","","","","","","","","","","","","","","","","","","","","","","","","","","","","","","","","","","","","","","","","","","","","","","","","","","","","","","","","","","","","","","","","","","","","","","","","","","","","","","","","","","","","","","","","","","","",""
"33167001","BORDEAUX_OBSERVATOIRE",44.831667,-0.525,74,1912030303,"","","","","","","","","","","","","","","","","","","","","","","","","","","","","","","","","","","","",8.5,9,"","","","","","","","","","","","","","","","","","","","","","","","","","","","","","","","","","","","","","","","","","","","",1011.6,9,1002.6,9,"","","","","","","","","","","","","","","","","","","","","","","","","","","","","","","","","","","","","","","","","","","","","","","","","","","","","","","","","","","","","","","","","","","","","","","","","","","","","","","","","","","","","","","","","","","","","","","","","","","","","","","","","","","","","","","",""
"33167001","BORDEAUX_OBSERVATOIRE",44.831667,-0.525,74,1912030307,"","","","","","","","","","","","","","","","","","","","","","","","","","","","","","","","","","","","",8.7,9,"","","","","","","","","","","","","","","","","","","","","","","","","","","","","","","","","","","","","","","","","","","","",1012.4,9,1003.4,9,"","","",9,"","","","","","","","","","","","","","","","","","","","","","","","","","","","","","","","","","","","","","","","","","","","","","","","","","","","","","","","","","","","","","","","","","","","","","","","","","","","","","","","","","","","","","","","","","","","","","","","","","","","","","","","","","","",""
"33167001","BORDEAUX_OBSERVATOIRE",44.831667,-0.525,74,1912030309,"","","","","","","","","","","","","","","","","","","","","","","","","","","","","","","","","","","","",10.,9,"","","","","","","","","","","","","","","","","","","","","","","","","","","","","","","","","","","","","","","","","","","","",1013.6,9,1004.6,9,"","","","","","","","","","","","","","","","","","","","","","","","","","","","","","","","","","","","","","","","","","","","","","","","","","","","","","","","","","","","","","","","","","","","","","","","","","","","","","","","","","","","","","","","","","","","","","","","","","","","","","","","","","","","","","","",""
"33167001","BORDEAUX_OBSERVATOIRE",44.831667,-0.525,74,1912030312,"","","","","","","","","","","","","","","","","","","","","","","","","","","","","","","","","","","","",11.1,9,"","","","","","","","","","","","","","","","","","","","","","","","","","","","","","","","","","","","","","","","","","","","",1014.3,9,1005.4,1,"","","","","","","","","","","","","","","","","","","","","","","","","","","","","","","","","","","","","","","","","","","","","","","","","","","","","","","","","","","","","","","","","","","","","","","","","","","","","","","","","","","","","","","","","","","","","","","","","","","","","","","","","","","","","","","",""
"33167001","BORDEAUX_OBSERVATOIRE",44.831667,-0.525,74,1912030315,"","","","","","","","","","","","","","","","","","","","","","","","","","","","","","","","","","","","",11.8,9,"","","","","","","","","","","","","","","","","","","","","","","","","","","","","","","","","","","","","","","","","","","","",1015.3,9,1006.4,9,"","","","","","","","","","","","","","","","","","","","","","","","","","","","","","","","","","","","","","","","","","","","","","","","","","","","","","","","","","","","","","","","","","","","","","","","","","","","","","","","","","","","","","","","","","","","","","","","","","","","","","","","","","","","","","","",""
"33167001","BORDEAUX_OBSERVATOIRE",44.831667,-0.525,74,1912030318,"","","","","","","","","","","","","","","","","","","","","","","","","","","","","","","","","","","","",9.8,9,"","","","","","","","","","","","","","","","","","","","","","","","","","","","","","","","","","","","","","","","","","","","",1017.5,9,1008.5,9,"","","","","","","","","","","","","","","","","","","","","","","","","","","","","","","","","","","","","","","","","","","","","","","","","","","","","","","","","","","","","","","","","","","","","","","","","","","","","","","","","","","","","","","","","","","","","","","","","","","","","","","","","","","","","","","",""
"33167001","BORDEAUX_OBSERVATOIRE",44.831667,-0.525,74,1912030321,"","","","","","","","","","","","","","","","","","","","","","","","","","","","","","","","","","","","",7.6,9,"","","","","","","","","","","","","","","","","","","","","","","","","","","","","","","","","","","","","","","","","","","","",1019.4,9,1010.3,9,"","","","","","","","","","","","","","","","","","","","","","","","","","","","","","","","","","","","","","","","","","","","","","","","","","","","","","","","","","","","","","","","","","","","","","","","","","","","","","","","","","","","","","","","","","","","","","","","","","","","","","","","","","","","","","","",""
"33167001","BORDEAUX_OBSERVATOIRE",44.831667,-0.525,74,1912030400,"","","","","","","","","","","","","","","","","","","","","","","","","","","","","","","","","","","","",8.,9,"","","","","","","","","","","","","","","","","","","","","","","","","","","","","","","","","","","","","","","","","","","","",1020.1,9,1011.,9,"","","","","","","","","","","","","","","","","","","","","","","","","","","","","","","","","","","","","","","","","","","","","","","","","","","","","","","","","","","","","","","","","","","","","","","","","","","","","","","","","","","","","","","","","","","","","","","","","","","","","","","","","","","","","","","",""
"33167001","BORDEAUX_OBSERVATOIRE",44.831667,-0.525,74,1912030403,"","","","","","","","","","","","","","","","","","","","","","","","","","","","","","","","","","","","",7.5,9,"","","","","","","","","","","","","","","","","","","","","","","","","","","","","","","","","","","","","","","","","","","","",1020.2,9,1011.1,9,"","","","","","","","","","","","","","","","","","","","","","","","","","","","","","","","","","","","","","","","","","","","","","","","","","","","","","","","","","","","","","","","","","","","","","","","","","","","","","","","","","","","","","","","","","","","","","","","","","","","","","","","","","","","","","","",""
"33167001","BORDEAUX_OBSERVATOIRE",44.831667,-0.525,74,1912030407,"","","","","","","","","","","","","","","","","","","","","","","","","","","","","","","","","","","","",8.2,9,"","","","","","","","","","","","","","","","","","","","","","","","","","","","","","","","","","","","","","","","","","","","",1019.9,9,1010.8,9,"","","",9,"","","","","","","","","","","","","","","","","","","","","","","","","","","","","","","","","","","","","","","","","","","","","","","","","","","","","","","","","","","","","","","","","","","","","","","","","","","","","","","","","","","","","","","","","","","","","","","","","","","","","","","","","","","",""
"33167001","BORDEAUX_OBSERVATOIRE",44.831667,-0.525,74,1912030409,"","","","","","","","","","","","","","","","","","","","","","","","","","","","","","","","","","","","",10.4,9,"","","","","","","","","","","","","","","","","","","","","","","","","","","","","","","","","","","","","","","","","","","","",1019.1,9,1010.1,9,"","","","","","","","","","","","","","","","","","","","","","","","","","","","","","","","","","","","","","","","","","","","","","","","","","","","","","","","","","","","","","","","","","","","","","","","","","","","","","","","","","","","","","","","","","","","","","","","","","","","","","","","","","","","","","","",""
"33167001","BORDEAUX_OBSERVATOIRE",44.831667,-0.525,74,1912030412,"","","","","","","","","","","","","","","","","","","","","","","","","","","","","","","","","","","","",14.2,9,"","","","","","","","","","","","","","","","","","","","","","","","","","","","","","","","","","","","","","","","","","","","",1016.6,9,1007.8,1,"","","","","","","","","","","","","","","","","","","","","","","","","","","","","","","","","","","","","","","","","","","","","","","","","","","","","","","","","","","","","","","","","","","","","","","","","","","","","","","","","","","","","","","","","","","","","","","","","","","","","","","","","","","","","","","",""
"33167001","BORDEAUX_OBSERVATOIRE",44.831667,-0.525,74,1912030415,"","","","","","","","","","","","","","","","","","","","","","","","","","","","","","","","","","","","",14.4,9,"","","","","","","","","","","","","","","","","","","","","","","","","","","","","","","","","","","","","","","","","","","","",1015.6,9,1006.8,9,"","","","","","","","","","","","","","","","","","","","","","","","","","","","","","","","","","","","","","","","","","","","","","","","","","","","","","","","","","","","","","","","","","","","","","","","","","","","","","","","","","","","","","","","","","","","","","","","","","","","","","","","","","","","","","","",""
"33167001","BORDEAUX_OBSERVATOIRE",44.831667,-0.525,74,1912030418,"","","","","","","","","","","","","","","","","","","","","","","","","","","","","","","","","","","","",14.,9,"","","","","","","","","","","","","","","","","","","","","","","","","","","","","","","","","","","","","","","","","","","","",1015.8,9,1007.,9,"","","","","","","","","","","","","","","","","","","","","","","","","","","","","","","","","","","","","","","","","","","","","","","","","","","","","","","","","","","","","","","","","","","","","","","","","","","","","","","","","","","","","","","","","","","","","","","","","","","","","","","","","","","","","","","",""
"33167001","BORDEAUX_OBSERVATOIRE",44.831667,-0.525,74,1912030421,"","","","","","","","","","","","","","","","","","","","","","","","","","","","","","","","","","","","",11.9,9,"","","","","","","","","","","","","","","","","","","","","","","","","","","","","","","","","","","","","","","","","","","","",1016.,9,1007.1,9,"","","","","","","","","","","","","","","","","","","","","","","","","","","","","","","","","","","","","","","","","","","","","","","","","","","","","","","","","","","","","","","","","","","","","","","","","","","","","","","","","","","","","","","","","","","","","","","","","","","","","","","","","","","","","","","",""
"33167001","BORDEAUX_OBSERVATOIRE",44.831667,-0.525,74,1912030500,"","","","","","","","","","","","","","","","","","","","","","","","","","","","","","","","","","","","",11.6,9,"","","","","","","","","","","","","","","","","","","","","","","","","","","","","","","","","","","","","","","","","","","","",1014.9,9,1006.,9,"","","","","","","","","","","","","","","","","","","","","","","","","","","","","","","","","","","","","","","","","","","","","","","","","","","","","","","","","","","","","","","","","","","","","","","","","","","","","","","","","","","","","","","","","","","","","","","","","","","","","","","","","","","","","","","",""
"33167001","BORDEAUX_OBSERVATOIRE",44.831667,-0.525,74,1912030503,"","","","","","","","","","","","","","","","","","","","","","","","","","","","","","","","","","","","",12.5,9,"","","","","","","","","","","","","","","","","","","","","","","","","","","","","","","","","","","","","","","","","","","","",1014.3,9,1005.4,9,"","","","","","","","","","","","","","","","","","","","","","","","","","","","","","","","","","","","","","","","","","","","","","","","","","","","","","","","","","","","","","","","","","","","","","","","","","","","","","","","","","","","","","","","","","","","","","","","","","","","","","","","","","","","","","","",""
"33167001","BORDEAUX_OBSERVATOIRE",44.831667,-0.525,74,1912030507,"","","","","","","","","","","","","","","","","","","","","","","","","","","","","","","","","","","","",13.2,9,"","","","","","","","","","","","","","","","","","","","","","","","","","","","","","","","","","","","","","","","","","","","",1014.9,9,1006.,9,"","","",9,"","","","","","","","","","","","","","","","","","","","","","","","","","","","","","","","","","","","","","","","","","","","","","","","","","","","","","","","","","","","","","","","","","","","","","","","","","","","","","","","","","","","","","","","","","","","","","","","","","","","","","","","","","","",""
"33167001","BORDEAUX_OBSERVATOIRE",44.831667,-0.525,74,1912030509,"","","","","","","","","","","","","","","","","","","","","","","","","","","","","","","","","","","","",13.4,9,"","","","","","","","","","","","","","","","","","","","","","","","","","","","","","","","","","","","","","","","","","","","",1015.9,9,1007.,9,"","","","","","","","","","","","","","","","","","","","","","","","","","","","","","","","","","","","","","","","","","","","","","","","","","","","","","","","","","","","","","","","","","","","","","","","","","","","","","","","","","","","","","","","","","","","","","","","","","","","","","","","","","","","","","","",""
"33167001","BORDEAUX_OBSERVATOIRE",44.831667,-0.525,74,1912030512,"","","","","","","","","","","","","","","","","","","","","","","","","","","","","","","","","","","","",15.7,9,"","","","","","","","","","","","","","","","","","","","","","","","","","","","","","","","","","","","","","","","","","","","",1014.2,9,1005.4,1,"","","","","","","","","","","","","","","","","","","","","","","","","","","","","","","","","","","","","","","","","","","","","","","","","","","","","","","","","","","","","","","","","","","","","","","","","","","","","","","","","","","","","","","","","","","","","","","","","","","","","","","","","","","","","","","",""
"33167001","BORDEAUX_OBSERVATOIRE",44.831667,-0.525,74,1912030515,"","","","","","","","","","","","","","","","","","","","","","","","","","","","","","","","","","","","",12.6,9,"","","","","","","","","","","","","","","","","","","","","","","","","","","","","","","","","","","","","","","","","","","","",1013.3,9,1004.4,9,"","","","","","","","","","","","","","","","","","","","","","","","","","","","","","","","","","","","","","","","","","","","","","","","","","","","","","","","","","","","","","","","","","","","","","","","","","","","","","","","","","","","","","","","","","","","","","","","","","","","","","","","","","","","","","","",""
"33167001","BORDEAUX_OBSERVATOIRE",44.831667,-0.525,74,1912030518,"","","","","","","","","","","","","","","","","","","","","","","","","","","","","","","","","","","","",11.3,9,"","","","","","","","","","","","","","","","","","","","","","","","","","","","","","","","","","","","","","","","","","","","",1013.9,9,1005.,9,"","","","","","","","","","","","","","","","","","","","","","","","","","","","","","","","","","","","","","","","","","","","","","","","","","","","","","","","","","","","","","","","","","","","","","","","","","","","","","","","","","","","","","","","","","","","","","","","","","","","","","","","","","","","","","","",""
"33167001","BORDEAUX_OBSERVATOIRE",44.831667,-0.525,74,1912030521,"","","","","","","","","","","","","","","","","","","","","","","","","","","","","","","","","","","","",10.6,9,"","","","","","","","","","","","","","","","","","","","","","","","","","","","","","","","","","","","","","","","","","","","",1015.3,9,1006.3,9,"","","","","","","","","","","","","","","","","","","","","","","","","","","","","","","","","","","","","","","","","","","","","","","","","","","","","","","","","","","","","","","","","","","","","","","","","","","","","","","","","","","","","","","","","","","","","","","","","","","","","","","","","","","","","","","",""
"33167001","BORDEAUX_OBSERVATOIRE",44.831667,-0.525,74,1912030600,"","","","","","","","","","","","","","","","","","","","","","","","","","","","","","","","","","","","",9.9,9,"","","","","","","","","","","","","","","","","","","","","","","","","","","","","","","","","","","","","","","","","","","","",1015.4,9,1006.4,9,"","","","","","","","","","","","","","","","","","","","","","","","","","","","","","","","","","","","","","","","","","","","","","","","","","","","","","","","","","","","","","","","","","","","","","","","","","","","","","","","","","","","","","","","","","","","","","","","","","","","","","","","","","","","","","","",""
"33167001","BORDEAUX_OBSERVATOIRE",44.831667,-0.525,74,1912030603,"","","","","","","","","","","","","","","","","","","","","","","","","","","","","","","","","","","","",9.1,9,"","","","","","","","","","","","","","","","","","","","","","","","","","","","","","","","","","","","","","","","","","","","",1015.2,9,1006.2,9,"","","","","","","","","","","","","","","","","","","","","","","","","","","","","","","","","","","","","","","","","","","","","","","","","","","","","","","","","","","","","","","","","","","","","","","","","","","","","","","","","","","","","","","","","","","","","","","","","","","","","","","","","","","","","","","",""
"33167001","BORDEAUX_OBSERVATOIRE",44.831667,-0.525,74,1912030607,"","","","","","","","","","","","","","","","","","","","","","","","","","","","","","","","","","","","",8.3,9,"","","","","","","","","","","","","","","","","","","","","","","","","","","","","","","","","","","","","","","","","","","","",1015.2,9,1006.2,9,"","","",9,"","","","","","","","","","","","","","","","","","","","","","","","","","","","","","","","","","","","","","","","","","","","","","","","","","","","","","","","","","","","","","","","","","","","","","","","","","","","","","","","","","","","","","","","","","","","","","","","","","","","","","","","","","","",""
"33167001","BORDEAUX_OBSERVATOIRE",44.831667,-0.525,74,1912030609,"","","","","","","","","","","","","","","","","","","","","","","","","","","","","","","","","","","","",8.6,9,"","","","","","","","","","","","","","","","","","","","","","","","","","","","","","","","","","","","","","","","","","","","",1015.2,9,1006.2,9,"","","","","","","","","","","","","","","","","","","","","","","","","","","","","","","","","","","","","","","","","","","","","","","","","","","","","","","","","","","","","","","","","","","","","","","","","","","","","","","","","","","","","","","","","","","","","","","","","","","","","","","","","","","","","","","",""
"33167001","BORDEAUX_OBSERVATOIRE",44.831667,-0.525,74,1912030612,"","","","","","","","","","","","","","","","","","","","","","","","","","","","","","","","","","","","",12.6,9,"","","","","","","","","","","","","","","","","","","","","","","","","","","","","","","","","","","","","","","","","","","","",1015.,9,1006.1,1,"","","","","","","","","","","","","","","","","","","","","","","","","","","","","","","","","","","","","","","","","","","","","","","","","","","","","","","","","","","","","","","","","","","","","","","","","","","","","","","","","","","","","","","","","","","","","","","","","","","","","","","","","","","","","","","",""
"33167001","BORDEAUX_OBSERVATOIRE",44.831667,-0.525,74,1912030615,"","","","","","","","","","","","","","","","","","","","","","","","","","","","","","","","","","","","",11.5,9,"","","","","","","","","","","","","","","","","","","","","","","","","","","","","","","","","","","","","","","","","","","","",1014.5,9,1005.6,9,"","","","","","","","","","","","","","","","","","","","","","","","","","","","","","","","","","","","","","","","","","","","","","","","","","","","","","","","","","","","","","","","","","","","","","","","","","","","","","","","","","","","","","","","","","","","","","","","","","","","","","","","","","","","","","","",""
"33167001","BORDEAUX_OBSERVATOIRE",44.831667,-0.525,74,1912030618,"","","","","","","","","","","","","","","","","","","","","","","","","","","","","","","","","","","","",6.7,9,"","","","","","","","","","","","","","","","","","","","","","","","","","","","","","","","","","","","","","","","","","","","",1014.9,9,1005.8,9,"","","","","","","","","","","","","","","","","","","","","","","","","","","","","","","","","","","","","","","","","","","","","","","","","","","","","","","","","","","","","","","","","","","","","","","","","","","","","","","","","","","","","","","","","","","","","","","","","","","","","","","","","","","","","","","",""
"33167001","BORDEAUX_OBSERVATOIRE",44.831667,-0.525,74,1912030621,"","","","","","","","","","","","","","","","","","","","","","","","","","","","","","","","","","","","",6.7,9,"","","","","","","","","","","","","","","","","","","","","","","","","","","","","","","","","","","","","","","","","","","","",1015.1,9,1006.,9,"","","","","","","","","","","","","","","","","","","","","","","","","","","","","","","","","","","","","","","","","","","","","","","","","","","","","","","","","","","","","","","","","","","","","","","","","","","","","","","","","","","","","","","","","","","","","","","","","","","","","","","","","","","","","","","",""
"33167001","BORDEAUX_OBSERVATOIRE",44.831667,-0.525,74,1912030700,"","","","","","","","","","","","","","","","","","","","","","","","","","","","","","","","","","","","",5.5,9,"","","","","","","","","","","","","","","","","","","","","","","","","","","","","","","","","","","","","","","","","","","","",1015.1,9,1006.,9,"","","","","","","","","","","","","","","","","","","","","","","","","","","","","","","","","","","","","","","","","","","","","","","","","","","","","","","","","","","","","","","","","","","","","","","","","","","","","","","","","","","","","","","","","","","","","","","","","","","","","","","","","","","","","","","",""
"33167001","BORDEAUX_OBSERVATOIRE",44.831667,-0.525,74,1912030703,"","","","","","","","","","","","","","","","","","","","","","","","","","","","","","","","","","","","",5.7,9,"","","","","","","","","","","","","","","","","","","","","","","","","","","","","","","","","","","","","","","","","","","","",1015.3,9,1006.2,9,"","","","","","","","","","","","","","","","","","","","","","","","","","","","","","","","","","","","","","","","","","","","","","","","","","","","","","","","","","","","","","","","","","","","","","","","","","","","","","","","","","","","","","","","","","","","","","","","","","","","","","","","","","","","","","","",""
"33167001","BORDEAUX_OBSERVATOIRE",44.831667,-0.525,74,1912030707,"","","","","","","","","","","","","","","","","","","","","","","","","","","","","","","","","","","","",5.2,9,"","","","","","","","","","","","","","","","","","","","","","","","","","","","","","","","","","","","","","","","","","","","",1016.4,9,1007.2,9,"","","",9,"","","","","","","","","","","","","","","","","","","","","","","","","","","","","","","","","","","","","","","","","","","","","","","","","","","","","","","","","","","","","","","","","","","","","","","","","","","","","","","","","","","","","","","","","","","","","","","","","","","","","","","","","","","",""
"33167001","BORDEAUX_OBSERVATOIRE",44.831667,-0.525,74,1912030709,"","","","","","","","","","","","","","","","","","","","","","","","","","","","","","","","","","","","",7.,9,"","","","","","","","","","","","","","","","","","","","","","","","","","","","","","","","","","","","","","","","","","","","",1018.4,9,1009.3,9,"","","","","","","","","","","","","","","","","","","","","","","","","","","","","","","","","","","","","","","","","","","","","","","","","","","","","","","","","","","","","","","","","","","","","","","","","","","","","","","","","","","","","","","","","","","","","","","","","","","","","","","","","","","","","","","",""
"33167001","BORDEAUX_OBSERVATOIRE",44.831667,-0.525,74,1912030712,"","","","","","","","","","","","","","","","","","","","","","","","","","","","","","","","","","","","",10.8,9,"","","","","","","","","","","","","","","","","","","","","","","","","","","","","","","","","","","","","","","","","","","","",1019.6,9,1010.6,1,"","","","","","","","","","","","","","","","","","","","","","","","","","","","","","","","","","","","","","","","","","","","","","","","","","","","","","","","","","","","","","","","","","","","","","","","","","","","","","","","","","","","","","","","","","","","","","","","","","","","","","","","","","","","","","","",""
"33167001","BORDEAUX_OBSERVATOIRE",44.831667,-0.525,74,1912030715,"","","","","","","","","","","","","","","","","","","","","","","","","","","","","","","","","","","","",9.3,9,"","","","","","","","","","","","","","","","","","","","","","","","","","","","","","","","","","","","","","","","","","","","",1020.5,9,1011.5,9,"","","","","","","","","","","","","","","","","","","","","","","","","","","","","","","","","","","","","","","","","","","","","","","","","","","","","","","","","","","","","","","","","","","","","","","","","","","","","","","","","","","","","","","","","","","","","","","","","","","","","","","","","","","","","","","",""
"33167001","BORDEAUX_OBSERVATOIRE",44.831667,-0.525,74,1912030718,"","","","","","","","","","","","","","","","","","","","","","","","","","","","","","","","","","","","",7.7,9,"","","","","","","","","","","","","","","","","","","","","","","","","","","","","","","","","","","","","","","","","","","","",1022.2,9,1013.1,9,"","","","","","","","","","","","","","","","","","","","","","","","","","","","","","","","","","","","","","","","","","","","","","","","","","","","","","","","","","","","","","","","","","","","","","","","","","","","","","","","","","","","","","","","","","","","","","","","","","","","","","","","","","","","","","","",""
"33167001","BORDEAUX_OBSERVATOIRE",44.831667,-0.525,74,1912030721,"","","","","","","","","","","","","","","","","","","","","","","","","","","","","","","","","","","","",5.9,9,"","","","","","","","","","","","","","","","","","","","","","","","","","","","","","","","","","","","","","","","","","","","",1023.6,9,1014.4,9,"","","","","","","","","","","","","","","","","","","","","","","","","","","","","","","","","","","","","","","","","","","","","","","","","","","","","","","","","","","","","","","","","","","","","","","","","","","","","","","","","","","","","","","","","","","","","","","","","","","","","","","","","","","","","","","",""
"33167001","BORDEAUX_OBSERVATOIRE",44.831667,-0.525,74,1912030800,"","","","","","","","","","","","","","","","","","","","","","","","","","","","","","","","","","","","",4.9,9,"","","","","","","","","","","","","","","","","","","","","","","","","","","","","","","","","","","","","","","","","","","","",1023.9,9,1014.7,9,"","","","","","","","","","","","","","","","","","","","","","","","","","","","","","","","","","","","","","","","","","","","","","","","","","","","","","","","","","","","","","","","","","","","","","","","","","","","","","","","","","","","","","","","","","","","","","","","","","","","","","","","","","","","","","","",""
"33167001","BORDEAUX_OBSERVATOIRE",44.831667,-0.525,74,1912030803,"","","","","","","","","","","","","","","","","","","","","","","","","","","","","","","","","","","","",4.1,9,"","","","","","","","","","","","","","","","","","","","","","","","","","","","","","","","","","","","","","","","","","","","",1022.,9,1012.8,9,"","","","","","","","","","","","","","","","","","","","","","","","","","","","","","","","","","","","","","","","","","","","","","","","","","","","","","","","","","","","","","","","","","","","","","","","","","","","","","","","","","","","","","","","","","","","","","","","","","","","","","","","","","","","","","","",""
"33167001","BORDEAUX_OBSERVATOIRE",44.831667,-0.525,74,1912030807,"","","","","","","","","","","","","","","","","","","","","","","","","","","","","","","","","","","","",3.9,9,"","","","","","","","","","","","","","","","","","","","","","","","","","","","","","","","","","","","","","","","","","","","",1018.4,9,1009.2,9,"","","",9,"","","","","","","","","","","","","","","","","","","","","","","","","","","","","","","","","","","","","","","","","","","","","","","","","","","","","","","","","","","","","","","","","","","","","","","","","","","","","","","","","","","","","","","","","","","","","","","","","","","","","","","","","","","",""
"33167001","BORDEAUX_OBSERVATOIRE",44.831667,-0.525,74,1912030809,"","","","","","","","","","","","","","","","","","","","","","","","","","","","","","","","","","","","",6.5,9,"","","","","","","","","","","","","","","","","","","","","","","","","","","","","","","","","","","","","","","","","","","","",1018.2,9,1009.1,9,"","","","","","","","","","","","","","","","","","","","","","","","","","","","","","","","","","","","","","","","","","","","","","","","","","","","","","","","","","","","","","","","","","","","","","","","","","","","","","","","","","","","","","","","","","","","","","","","","","","","","","","","","","","","","","","",""
"33167001","BORDEAUX_OBSERVATOIRE",44.831667,-0.525,74,1912030812,"","","","","","","","","","","","","","","","","","","","","","","","","","","","","","","","","","","","",10.1,9,"","","","","","","","","","","","","","","","","","","","","","","","","","","","","","","","","","","","","","","","","","","","",1016.4,9,1007.4,1,"","","","","","","","","","","","","","","","","","","","","","","","","","","","","","","","","","","","","","","","","","","","","","","","","","","","","","","","","","","","","","","","","","","","","","","","","","","","","","","","","","","","","","","","","","","","","","","","","","","","","","","","","","","","","","","",""
"33167001","BORDEAUX_OBSERVATOIRE",44.831667,-0.525,74,1912030815,"","","","","","","","","","","","","","","","","","","","","","","","","","","","","","","","","","","","",11.5,9,"","","","","","","","","","","","","","","","","","","","","","","","","","","","","","","","","","","","","","","","","","","","",1015.5,9,1006.6,9,"","","","","","","","","","","","","","","","","","","","","","","","","","","","","","","","","","","","","","","","","","","","","","","","","","","","","","","","","","","","","","","","","","","","","","","","","","","","","","","","","","","","","","","","","","","","","","","","","","","","","","","","","","","","","","","",""
"33167001","BORDEAUX_OBSERVATOIRE",44.831667,-0.525,74,1912030818,"","","","","","","","","","","","","","","","","","","","","","","","","","","","","","","","","","","","",10.8,9,"","","","","","","","","","","","","","","","","","","","","","","","","","","","","","","","","","","","","","","","","","","","",1015.1,9,1006.2,9,"","","","","","","","","","","","","","","","","","","","","","","","","","","","","","","","","","","","","","","","","","","","","","","","","","","","","","","","","","","","","","","","","","","","","","","","","","","","","","","","","","","","","","","","","","","","","","","","","","","","","","","","","","","","","","","",""
"33167001","BORDEAUX_OBSERVATOIRE",44.831667,-0.525,74,1912030821,"","","","","","","","","","","","","","","","","","","","","","","","","","","","","","","","","","","","",9.8,9,"","","","","","","","","","","","","","","","","","","","","","","","","","","","","","","","","","","","","","","","","","","","",1015.2,9,1006.2,9,"","","","","","","","","","","","","","","","","","","","","","","","","","","","","","","","","","","","","","","","","","","","","","","","","","","","","","","","","","","","","","","","","","","","","","","","","","","","","","","","","","","","","","","","","","","","","","","","","","","","","","","","","","","","","","","",""
"33167001","BORDEAUX_OBSERVATOIRE",44.831667,-0.525,74,1912030900,"","","","","","","","","","","","","","","","","","","","","","","","","","","","","","","","","","","","",7.9,9,"","","","","","","","","","","","","","","","","","","","","","","","","","","","","","","","","","","","","","","","","","","","",1014.5,9,1005.5,9,"","","","","","","","","","","","","","","","","","","","","","","","","","","","","","","","","","","","","","","","","","","","","","","","","","","","","","","","","","","","","","","","","","","","","","","","","","","","","","","","","","","","","","","","","","","","","","","","","","","","","","","","","","","","","","","",""
"33167001","BORDEAUX_OBSERVATOIRE",44.831667,-0.525,74,1912030903,"","","","","","","","","","","","","","","","","","","","","","","","","","","","","","","","","","","","",7.7,9,"","","","","","","","","","","","","","","","","","","","","","","","","","","","","","","","","","","","","","","","","","","","",1011.7,9,1002.7,9,"","","","","","","","","","","","","","","","","","","","","","","","","","","","","","","","","","","","","","","","","","","","","","","","","","","","","","","","","","","","","","","","","","","","","","","","","","","","","","","","","","","","","","","","","","","","","","","","","","","","","","","","","","","","","","","",""
"33167001","BORDEAUX_OBSERVATOIRE",44.831667,-0.525,74,1912030907,"","","","","","","","","","","","","","","","","","","","","","","","","","","","","","","","","","","","",7.1,9,"","","","","","","","","","","","","","","","","","","","","","","","","","","","","","","","","","","","","","","","","","","","",1009.5,9,1000.5,9,"","","",9,"","","","","","","","","","","","","","","","","","","","","","","","","","","","","","","","","","","","","","","","","","","","","","","","","","","","","","","","","","","","","","","","","","","","","","","","","","","","","","","","","","","","","","","","","","","","","","","","","","","","","","","","","","","",""
"33167001","BORDEAUX_OBSERVATOIRE",44.831667,-0.525,74,1912030909,"","","","","","","","","","","","","","","","","","","","","","","","","","","","","","","","","","","","",6.9,9,"","","","","","","","","","","","","","","","","","","","","","","","","","","","","","","","","","","","","","","","","","","","",1009.1,9,1000.1,9,"","","","","","","","","","","","","","","","","","","","","","","","","","","","","","","","","","","","","","","","","","","","","","","","","","","","","","","","","","","","","","","","","","","","","","","","","","","","","","","","","","","","","","","","","","","","","","","","","","","","","","","","","","","","","","","",""
"33167001","BORDEAUX_OBSERVATOIRE",44.831667,-0.525,74,1912030912,"","","","","","","","","","","","","","","","","","","","","","","","","","","","","","","","","","","","",10.1,9,"","","","","","","","","","","","","","","","","","","","","","","","","","","","","","","","","","","","","","","","","","","","",1007.9,9,999.,1,"","","","","","","","","","","","","","","","","","","","","","","","","","","","","","","","","","","","","","","","","","","","","","","","","","","","","","","","","","","","","","","","","","","","","","","","","","","","","","","","","","","","","","","","","","","","","","","","","","","","","","","","","","","","","","","",""
"33167001","BORDEAUX_OBSERVATOIRE",44.831667,-0.525,74,1912030915,"","","","","","","","","","","","","","","","","","","","","","","","","","","","","","","","","","","","",14.3,9,"","","","","","","","","","","","","","","","","","","","","","","","","","","","","","","","","","","","","","","","","","","","",1006.,9,997.2,9,"","","","","","","","","","","","","","","","","","","","","","","","","","","","","","","","","","","","","","","","","","","","","","","","","","","","","","","","","","","","","","","","","","","","","","","","","","","","","","","","","","","","","","","","","","","","","","","","","","","","","","","","","","","","","","","",""
"33167001","BORDEAUX_OBSERVATOIRE",44.831667,-0.525,74,1912030918,"","","","","","","","","","","","","","","","","","","","","","","","","","","","","","","","","","","","",11.1,9,"","","","","","","","","","","","","","","","","","","","","","","","","","","","","","","","","","","","","","","","","","","","",1006.3,9,997.4,9,"","","","","","","","","","","","","","","","","","","","","","","","","","","","","","","","","","","","","","","","","","","","","","","","","","","","","","","","","","","","","","","","","","","","","","","","","","","","","","","","","","","","","","","","","","","","","","","","","","","","","","","","","","","","","","","",""
"33167001","BORDEAUX_OBSERVATOIRE",44.831667,-0.525,74,1912030921,"","","","","","","","","","","","","","","","","","","","","","","","","","","","","","","","","","","","",9.5,9,"","","","","","","","","","","","","","","","","","","","","","","","","","","","","","","","","","","","","","","","","","","","",1007.1,9,998.2,9,"","","","","","","","","","","","","","","","","","","","","","","","","","","","","","","","","","","","","","","","","","","","","","","","","","","","","","","","","","","","","","","","","","","","","","","","","","","","","","","","","","","","","","","","","","","","","","","","","","","","","","","","","","","","","","","",""
"33167001","BORDEAUX_OBSERVATOIRE",44.831667,-0.525,74,1912031000,"","","","","","","","","","","","","","","","","","","","","","","","","","","","","","","","","","","","",8.5,9,"","","","","","","","","","","","","","","","","","","","","","","","","","","","","","","","","","","","","","","","","","","","",1006.,9,997.1,9,"","","","","","","","","","","","","","","","","","","","","","","","","","","","","","","","","","","","","","","","","","","","","","","","","","","","","","","","","","","","","","","","","","","","","","","","","","","","","","","","","","","","","","","","","","","","","","","","","","","","","","","","","","","","","","","",""
"33167001","BORDEAUX_OBSERVATOIRE",44.831667,-0.525,74,1912031003,"","","","","","","","","","","","","","","","","","","","","","","","","","","","","","","","","","","","",7.8,9,"","","","","","","","","","","","","","","","","","","","","","","","","","","","","","","","","","","","","","","","","","","","",1005.8,9,996.8,9,"","","","","","","","","","","","","","","","","","","","","","","","","","","","","","","","","","","","","","","","","","","","","","","","","","","","","","","","","","","","","","","","","","","","","","","","","","","","","","","","","","","","","","","","","","","","","","","","","","","","","","","","","","","","","","","",""
"33167001","BORDEAUX_OBSERVATOIRE",44.831667,-0.525,74,1912031007,"","","","","","","","","","","","","","","","","","","","","","","","","","","","","","","","","","","","",7.7,9,"","","","","","","","","","","","","","","","","","","","","","","","","","","","","","","","","","","","","","","","","","","","",1006.7,9,997.7,9,"","","",9,"","","","","","","","","","","","","","","","","","","","","","","","","","","","","","","","","","","","","","","","","","","","","","","","","","","","","","","","","","","","","","","","","","","","","","","","","","","","","","","","","","","","","","","","","","","","","","","","","","","","","","","","","","","",""
"33167001","BORDEAUX_OBSERVATOIRE",44.831667,-0.525,74,1912031009,"","","","","","","","","","","","","","","","","","","","","","","","","","","","","","","","","","","","",8.4,9,"","","","","","","","","","","","","","","","","","","","","","","","","","","","","","","","","","","","","","","","","","","","",1008.8,9,999.8,9,"","","","","","","","","","","","","","","","","","","","","","","","","","","","","","","","","","","","","","","","","","","","","","","","","","","","","","","","","","","","","","","","","","","","","","","","","","","","","","","","","","","","","","","","","","","","","","","","","","","","","","","","","","","","","","","",""
"33167001","BORDEAUX_OBSERVATOIRE",44.831667,-0.525,74,1912031012,"","","","","","","","","","","","","","","","","","","","","","","","","","","","","","","","","","","","",8.9,9,"","","","","","","","","","","","","","","","","","","","","","","","","","","","","","","","","","","","","","","","","","","","",1010.4,9,1001.4,1,"","","","","","","","","","","","","","","","","","","","","","","","","","","","","","","","","","","","","","","","","","","","","","","","","","","","","","","","","","","","","","","","","","","","","","","","","","","","","","","","","","","","","","","","","","","","","","","","","","","","","","","","","","","","","","","",""
"33167001","BORDEAUX_OBSERVATOIRE",44.831667,-0.525,74,1912031015,"","","","","","","","","","","","","","","","","","","","","","","","","","","","","","","","","","","","",13.8,9,"","","","","","","","","","","","","","","","","","","","","","","","","","","","","","","","","","","","","","","","","","","","",1010.8,9,1002.,9,"","","","","","","","","","","","","","","","","","","","","","","","","","","","","","","","","","","","","","","","","","","","","","","","","","","","","","","","","","","","","","","","","","","","","","","","","","","","","","","","","","","","","","","","","","","","","","","","","","","","","","","","","","","","","","","",""
"33167001","BORDEAUX_OBSERVATOIRE",44.831667,-0.525,74,1912031018,"","","","","","","","","","","","","","","","","","","","","","","","","","","","","","","","","","","","",10.4,9,"","","","","","","","","","","","","","","","","","","","","","","","","","","","","","","","","","","","","","","","","","","","",1012.,9,1003.1,9,"","","","","","","","","","","","","","","","","","","","","","","","","","","","","","","","","","","","","","","","","","","","","","","","","","","","","","","","","","","","","","","","","","","","","","","","","","","","","","","","","","","","","","","","","","","","","","","","","","","","","","","","","","","","","","","",""
"33167001","BORDEAUX_OBSERVATOIRE",44.831667,-0.525,74,1912031021,"","","","","","","","","","","","","","","","","","","","","","","","","","","","","","","","","","","","",8.3,9,"","","","","","","","","","","","","","","","","","","","","","","","","","","","","","","","","","","","","","","","","","","","",1012.4,9,1003.4,9,"","","","","","","","","","","","","","","","","","","","","","","","","","","","","","","","","","","","","","","","","","","","","","","","","","","","","","","","","","","","","","","","","","","","","","","","","","","","","","","","","","","","","","","","","","","","","","","","","","","","","","","","","","","","","","","",""
"33167001","BORDEAUX_OBSERVATOIRE",44.831667,-0.525,74,1912031100,"","","","","","","","","","","","","","","","","","","","","","","","","","","","","","","","","","","","",8.2,9,"","","","","","","","","","","","","","","","","","","","","","","","","","","","","","","","","","","","","","","","","","","","",1012.6,9,1003.6,9,"","","","","","","","","","","","","","","","","","","","","","","","","","","","","","","","","","","","","","","","","","","","","","","","","","","","","","","","","","","","","","","","","","","","","","","","","","","","","","","","","","","","","","","","","","","","","","","","","","","","","","","","","","","","","","","",""
"33167001","BORDEAUX_OBSERVATOIRE",44.831667,-0.525,74,1912031103,"","","","","","","","","","","","","","","","","","","","","","","","","","","","","","","","","","","","",8.3,9,"","","","","","","","","","","","","","","","","","","","","","","","","","","","","","","","","","","","","","","","","","","","",1011.8,9,1002.8,9,"","","","","","","","","","","","","","","","","","","","","","","","","","","","","","","","","","","","","","","","","","","","","","","","","","","","","","","","","","","","","","","","","","","","","","","","","","","","","","","","","","","","","","","","","","","","","","","","","","","","","","","","","","","","","","","",""
"33167001","BORDEAUX_OBSERVATOIRE",44.831667,-0.525,74,1912031107,"","","","","","","","","","","","","","","","","","","","","","","","","","","","","","","","","","","","",7.8,9,"","","","","","","","","","","","","","","","","","","","","","","","","","","","","","","","","","","","","","","","","","","","",1012.8,9,1003.8,9,"","","",9,"","","","","","","","","","","","","","","","","","","","","","","","","","","","","","","","","","","","","","","","","","","","","","","","","","","","","","","","","","","","","","","","","","","","","","","","","","","","","","","","","","","","","","","","","","","","","","","","","","","","","","","","","","","",""
"33167001","BORDEAUX_OBSERVATOIRE",44.831667,-0.525,74,1912031109,"","","","","","","","","","","","","","","","","","","","","","","","","","","","","","","","","","","","",7.2,9,"","","","","","","","","","","","","","","","","","","","","","","","","","","","","","","","","","","","","","","","","","","","",1014.6,9,1005.5,9,"","","","","","","","","","","","","","","","","","","","","","","","","","","","","","","","","","","","","","","","","","","","","","","","","","","","","","","","","","","","","","","","","","","","","","","","","","","","","","","","","","","","","","","","","","","","","","","","","","","","","","","","","","","","","","","",""
"33167001","BORDEAUX_OBSERVATOIRE",44.831667,-0.525,74,1912031112,"","","","","","","","","","","","","","","","","","","","","","","","","","","","","","","","","","","","",9.7,9,"","","","","","","","","","","","","","","","","","","","","","","","","","","","","","","","","","","","","","","","","","","","",1015.9,9,1006.9,1,"","","","","","","","","","","","","","","","","","","","","","","","","","","","","","","","","","","","","","","","","","","","","","","","","","","","","","","","","","","","","","","","","","","","","","","","","","","","","","","","","","","","","","","","","","","","","","","","","","","","","","","","","","","","","","","",""
"33167001","BORDEAUX_OBSERVATOIRE",44.831667,-0.525,74,1912031115,"","","","","","","","","","","","","","","","","","","","","","","","","","","","","","","","","","","","",7.4,9,"","","","","","","","","","","","","","","","","","","","","","","","","","","","","","","","","","","","","","","","","","","","",1017.3,9,1008.2,9,"","","","","","","","","","","","","","","","","","","","","","","","","","","","","","","","","","","","","","","","","","","","","","","","","","","","","","","","","","","","","","","","","","","","","","","","","","","","","","","","","","","","","","","","","","","","","","","","","","","","","","","","","","","","","","","",""
"33167001","BORDEAUX_OBSERVATOIRE",44.831667,-0.525,74,1912031118,"","","","","","","","","","","","","","","","","","","","","","","","","","","","","","","","","","","","",8.7,9,"","","","","","","","","","","","","","","","","","","","","","","","","","","","","","","","","","","","","","","","","","","","",1017.9,9,1008.9,9,"","","","","","","","","","","","","","","","","","","","","","","","","","","","","","","","","","","","","","","","","","","","","","","","","","","","","","","","","","","","","","","","","","","","","","","","","","","","","","","","","","","","","","","","","","","","","","","","","","","","","","","","","","","","","","","",""
"33167001","BORDEAUX_OBSERVATOIRE",44.831667,-0.525,74,1912031121,"","","","","","","","","","","","","","","","","","","","","","","","","","","","","","","","","","","","",7.,9,"","","","","","","","","","","","","","","","","","","","","","","","","","","","","","","","","","","","","","","","","","","","",1020.1,9,1011.,9,"","","","","","","","","","","","","","","","","","","","","","","","","","","","","","","","","","","","","","","","","","","","","","","","","","","","","","","","","","","","","","","","","","","","","","","","","","","","","","","","","","","","","","","","","","","","","","","","","","","","","","","","","","","","","","","",""
"33167001","BORDEAUX_OBSERVATOIRE",44.831667,-0.525,74,1912031200,"","","","","","","","","","","","","","","","","","","","","","","","","","","","","","","","","","","","",6.5,9,"","","","","","","","","","","","","","","","","","","","","","","","","","","","","","","","","","","","","","","","","","","","",1021.6,9,1012.4,9,"","","","","","","","","","","","","","","","","","","","","","","","","","","","","","","","","","","","","","","","","","","","","","","","","","","","","","","","","","","","","","","","","","","","","","","","","","","","","","","","","","","","","","","","","","","","","","","","","","","","","","","","","","","","","","","",""
"33167001","BORDEAUX_OBSERVATOIRE",44.831667,-0.525,74,1912031203,"","","","","","","","","","","","","","","","","","","","","","","","","","","","","","","","","","","","",6.,9,"","","","","","","","","","","","","","","","","","","","","","","","","","","","","","","","","","","","","","","","","","","","",1022.7,9,1013.5,9,"","","","","","","","","","","","","","","","","","","","","","","","","","","","","","","","","","","","","","","","","","","","","","","","","","","","","","","","","","","","","","","","","","","","","","","","","","","","","","","","","","","","","","","","","","","","","","","","","","","","","","","","","","","","","","","",""
"33167001","BORDEAUX_OBSERVATOIRE",44.831667,-0.525,74,1912031207,"","","","","","","","","","","","","","","","","","","","","","","","","","","","","","","","","","","","",6.2,9,"","","","","","","","","","","","","","","","","","","","","","","","","","","","","","","","","","","","","","","","","","","","",1025.4,9,1016.2,9,"","","",9,"","","","","","","","","","","","","","","","","","","","","","","","","","","","","","","","","","","","","","","","","","","","","","","","","","","","","","","","","","","","","","","","","","","","","","","","","","","","","","","","","","","","","","","","","","","","","","","","","","","","","","","","","","","",""
"33167001","BORDEAUX_OBSERVATOIRE",44.831667,-0.525,74,1912031209,"","","","","","","","","","","","","","","","","","","","","","","","","","","","","","","","","","","","",10.1,9,"","","","","","","","","","","","","","","","","","","","","","","","","","","","","","","","","","","","","","","","","","","","",1027.4,9,1018.3,9,"","","","","","","","","","","","","","","","","","","","","","","","","","","","","","","","","","","","","","","","","","","","","","","","","","","","","","","","","","","","","","","","","","","","","","","","","","","","","","","","","","","","","","","","","","","","","","","","","","","","","","","","","","","","","","","",""
"33167001","BORDEAUX_OBSERVATOIRE",44.831667,-0.525,74,1912031212,"","","","","","","","","","","","","","","","","","","","","","","","","","","","","","","","","","","","",13.6,9,"","","","","","","","","","","","","","","","","","","","","","","","","","","","","","","","","","","","","","","","","","","","",1028.4,9,1019.4,1,"","","","","","","","","","","","","","","","","","","","","","","","","","","","","","","","","","","","","","","","","","","","","","","","","","","","","","","","","","","","","","","","","","","","","","","","","","","","","","","","","","","","","","","","","","","","","","","","","","","","","","","","","","","","","","","",""
"33167001","BORDEAUX_OBSERVATOIRE",44.831667,-0.525,74,1912031215,"","","","","","","","","","","","","","","","","","","","","","","","","","","","","","","","","","","","",14.4,9,"","","","","","","","","","","","","","","","","","","","","","","","","","","","","","","","","","","","","","","","","","","","",1028.1,9,1019.2,9,"","","","","","","","","","","","","","","","","","","","","","","","","","","","","","","","","","","","","","","","","","","","","","","","","","","","","","","","","","","","","","","","","","","","","","","","","","","","","","","","","","","","","","","","","","","","","","","","","","","","","","","","","","","","","","","",""
"33167001","BORDEAUX_OBSERVATOIRE",44.831667,-0.525,74,1912031218,"","","","","","","","","","","","","","","","","","","","","","","","","","","","","","","","","","","","",11.2,9,"","","","","","","","","","","","","","","","","","","","","","","","","","","","","","","","","","","","","","","","","","","","",1029.9,9,1020.8,9,"","","","","","","","","","","","","","","","","","","","","","","","","","","","","","","","","","","","","","","","","","","","","","","","","","","","","","","","","","","","","","","","","","","","","","","","","","","","","","","","","","","","","","","","","","","","","","","","","","","","","","","","","","","","","","","",""
"33167001","BORDEAUX_OBSERVATOIRE",44.831667,-0.525,74,1912031221,"","","","","","","","","","","","","","","","","","","","","","","","","","","","","","","","","","","","",8.1,9,"","","","","","","","","","","","","","","","","","","","","","","","","","","","","","","","","","","","","","","","","","","","",1031.2,9,1022.,9,"","","","","","","","","","","","","","","","","","","","","","","","","","","","","","","","","","","","","","","","","","","","","","","","","","","","","","","","","","","","","","","","","","","","","","","","","","","","","","","","","","","","","","","","","","","","","","","","","","","","","","","","","","","","","","","",""
"33167001","BORDEAUX_OBSERVATOIRE",44.831667,-0.525,74,1912031300,"","","","","","","","","","","","","","","","","","","","","","","","","","","","","","","","","","","","",6.,9,"","","","","","","","","","","","","","","","","","","","","","","","","","","","","","","","","","","","","","","","","","","","",1031.6,9,1022.3,9,"","","","","","","","","","","","","","","","","","","","","","","","","","","","","","","","","","","","","","","","","","","","","","","","","","","","","","","","","","","","","","","","","","","","","","","","","","","","","","","","","","","","","","","","","","","","","","","","","","","","","","","","","","","","","","","",""
"33167001","BORDEAUX_OBSERVATOIRE",44.831667,-0.525,74,1912031303,"","","","","","","","","","","","","","","","","","","","","","","","","","","","","","","","","","","","",5.2,9,"","","","","","","","","","","","","","","","","","","","","","","","","","","","","","","","","","","","","","","","","","","","",1031.5,9,1022.2,9,"","","","","","","","","","","","","","","","","","","","","","","","","","","","","","","","","","","","","","","","","","","","","","","","","","","","","","","","","","","","","","","","","","","","","","","","","","","","","","","","","","","","","","","","","","","","","","","","","","","","","","","","","","","","","","","",""
"33167001","BORDEAUX_OBSERVATOIRE",44.831667,-0.525,74,1912031307,"","","","","","","","","","","","","","","","","","","","","","","","","","","","","","","","","","","","",3.9,9,"","","","","","","","","","","","","","","","","","","","","","","","","","","","","","","","","","","","","","","","","","","","",1031.1,9,1021.8,9,"","","",9,"","","","","","","","","","","","","","","","","","","","","","","","","","","","","","","","","","","","","","","","","","","","","","","","","","","","","","","","","","","","","","","","","","","","","","","","","","","","","","","","","","","","","","","","","","","","","","","","","","","","","","","","","","","",""
"33167001","BORDEAUX_OBSERVATOIRE",44.831667,-0.525,74,1912031309,"","","","","","","","","","","","","","","","","","","","","","","","","","","","","","","","","","","","",6.6,9,"","","","","","","","","","","","","","","","","","","","","","","","","","","","","","","","","","","","","","","","","","","","",1031.6,9,1022.4,9,"","","","","","","","","","","","","","","","","","","","","","","","","","","","","","","","","","","","","","","","","","","","","","","","","","","","","","","","","","","","","","","","","","","","","","","","","","","","","","","","","","","","","","","","","","","","","","","","","","","","","","","","","","","","","","","",""
"33167001","BORDEAUX_OBSERVATOIRE",44.831667,-0.525,74,1912031312,"","","","","","","","","","","","","","","","","","","","","","","","","","","","","","","","","","","","",12.3,9,"","","","","","","","","","","","","","","","","","","","","","","","","","","","","","","","","","","","","","","","","","","","",1030.5,9,1021.5,1,"","","","","","","","","","","","","","","","","","","","","","","","","","","","","","","","","","","","","","","","","","","","","","","","","","","","","","","","","","","","","","","","","","","","","","","","","","","","","","","","","","","","","","","","","","","","","","","","","","","","","","","","","","","","","","","",""
"33167001","BORDEAUX_OBSERVATOIRE",44.831667,-0.525,74,1912031315,"","","","","","","","","","","","","","","","","","","","","","","","","","","","","","","","","","","","",15.6,9,"","","","","","","","","","","","","","","","","","","","","","","","","","","","","","","","","","","","","","","","","","","","",1028.5,9,1019.6,9,"","","","","","","","","","","","","","","","","","","","","","","","","","","","","","","","","","","","","","","","","","","","","","","","","","","","","","","","","","","","","","","","","","","","","","","","","","","","","","","","","","","","","","","","","","","","","","","","","","","","","","","","","","","","","","","",""
"33167001","BORDEAUX_OBSERVATOIRE",44.831667,-0.525,74,1912031318,"","","","","","","","","","","","","","","","","","","","","","","","","","","","","","","","","","","","",11.7,9,"","","","","","","","","","","","","","","","","","","","","","","","","","","","","","","","","","","","","","","","","","","","",1028.,9,1019.,9,"","","","","","","","","","","","","","","","","","","","","","","","","","","","","","","","","","","","","","","","","","","","","","","","","","","","","","","","","","","","","","","","","","","","","","","","","","","","","","","","","","","","","","","","","","","","","","","","","","","","","","","","","","","","","","","",""
"33167001","BORDEAUX_OBSERVATOIRE",44.831667,-0.525,74,1912031321,"","","","","","","","","","","","","","","","","","","","","","","","","","","","","","","","","","","","",9.2,9,"","","","","","","","","","","","","","","","","","","","","","","","","","","","","","","","","","","","","","","","","","","","",1027.8,9,1018.7,9,"","","","","","","","","","","","","","","","","","","","","","","","","","","","","","","","","","","","","","","","","","","","","","","","","","","","","","","","","","","","","","","","","","","","","","","","","","","","","","","","","","","","","","","","","","","","","","","","","","","","","","","","","","","","","","","",""
"33167001","BORDEAUX_OBSERVATOIRE",44.831667,-0.525,74,1912031400,"","","","","","","","","","","","","","","","","","","","","","","","","","","","","","","","","","","","",8.6,9,"","","","","","","","","","","","","","","","","","","","","","","","","","","","","","","","","","","","","","","","","","","","",1026.9,9,1017.8,9,"","","","","","","","","","","","","","","","","","","","","","","","","","","","","","","","","","","","","","","","","","","","","","","","","","","","","","","","","","","","","","","","","","","","","","","","","","","","","","","","","","","","","","","","","","","","","","","","","","","","","","","","","","","","","","","",""
"33167001","BORDEAUX_OBSERVATOIRE",44.831667,-0.525,74,1912031403,"","","","","","","","","","","","","","","","","","","","","","","","","","","","","","","","","","","","",8.4,9,"","","","","","","","","","","","","","","","","","","","","","","","","","","","","","","","","","","","","","","","","","","","",1025.4,9,1016.3,9,"","","","","","","","","","","","","","","","","","","","","","","","","","","","","","","","","","","","","","","","","","","","","","","","","","","","","","","","","","","","","","","","","","","","","","","","","","","","","","","","","","","","","","","","","","","","","","","","","","","","","","","","","","","","","","","",""
"33167001","BORDEAUX_OBSERVATOIRE",44.831667,-0.525,74,1912031407,"","","","","","","","","","","","","","","","","","","","","","","","","","","","","","","","","","","","",8.1,9,"","","","","","","","","","","","","","","","","","","","","","","","","","","","","","","","","","","","","","","","","","","","",1024.1,9,1015.,9,"","","",9,"","","","","","","","","","","","","","","","","","","","","","","","","","","","","","","","","","","","","","","","","","","","","","","","","","","","","","","","","","","","","","","","","","","","","","","","","","","","","","","","","","","","","","","","","","","","","","","","","","","","","","","","","","","",""
"33167001","BORDEAUX_OBSERVATOIRE",44.831667,-0.525,74,1912031409,"","","","","","","","","","","","","","","","","","","","","","","","","","","","","","","","","","","","",10.8,9,"","","","","","","","","","","","","","","","","","","","","","","","","","","","","","","","","","","","","","","","","","","","",1024.2,9,1015.2,9,"","","","","","","","","","","","","","","","","","","","","","","","","","","","","","","","","","","","","","","","","","","","","","","","","","","","","","","","","","","","","","","","","","","","","","","","","","","","","","","","","","","","","","","","","","","","","","","","","","","","","","","","","","","","","","","",""
"33167001","BORDEAUX_OBSERVATOIRE",44.831667,-0.525,74,1912031412,"","","","","","","","","","","","","","","","","","","","","","","","","","","","","","","","","","","","",15.2,9,"","","","","","","","","","","","","","","","","","","","","","","","","","","","","","","","","","","","","","","","","","","","",1022.3,9,1013.4,1,"","","","","","","","","","","","","","","","","","","","","","","","","","","","","","","","","","","","","","","","","","","","","","","","","","","","","","","","","","","","","","","","","","","","","","","","","","","","","","","","","","","","","","","","","","","","","","","","","","","","","","","","","","","","","","","",""
"33167001","BORDEAUX_OBSERVATOIRE",44.831667,-0.525,74,1912031415,"","","","","","","","","","","","","","","","","","","","","","","","","","","","","","","","","","","","",16.1,9,"","","","","","","","","","","","","","","","","","","","","","","","","","","","","","","","","","","","","","","","","","","","",1019.5,9,1010.7,9,"","","","","","","","","","","","","","","","","","","","","","","","","","","","","","","","","","","","","","","","","","","","","","","","","","","","","","","","","","","","","","","","","","","","","","","","","","","","","","","","","","","","","","","","","","","","","","","","","","","","","","","","","","","","","","","",""
"33167001","BORDEAUX_OBSERVATOIRE",44.831667,-0.525,74,1912031418,"","","","","","","","","","","","","","","","","","","","","","","","","","","","","","","","","","","","",13.8,9,"","","","","","","","","","","","","","","","","","","","","","","","","","","","","","","","","","","","","","","","","","","","",1018.3,9,1009.4,9,"","","","","","","","","","","","","","","","","","","","","","","","","","","","","","","","","","","","","","","","","","","","","","","","","","","","","","","","","","","","","","","","","","","","","","","","","","","","","","","","","","","","","","","","","","","","","","","","","","","","","","","","","","","","","","","",""
"33167001","BORDEAUX_OBSERVATOIRE",44.831667,-0.525,74,1912031421,"","","","","","","","","","","","","","","","","","","","","","","","","","","","","","","","","","","","",11.8,9,"","","","","","","","","","","","","","","","","","","","","","","","","","","","","","","","","","","","","","","","","","","","",1017.2,9,1008.3,9,"","","","","","","","","","","","","","","","","","","","","","","","","","","","","","","","","","","","","","","","","","","","","","","","","","","","","","","","","","","","","","","","","","","","","","","","","","","","","","","","","","","","","","","","","","","","","","","","","","","","","","","","","","","","","","","",""
"33167001","BORDEAUX_OBSERVATOIRE",44.831667,-0.525,74,1912031500,"","","","","","","","","","","","","","","","","","","","","","","","","","","","","","","","","","","","",10.7,9,"","","","","","","","","","","","","","","","","","","","","","","","","","","","","","","","","","","","","","","","","","","","",1015.7,9,1006.7,9,"","","","","","","","","","","","","","","","","","","","","","","","","","","","","","","","","","","","","","","","","","","","","","","","","","","","","","","","","","","","","","","","","","","","","","","","","","","","","","","","","","","","","","","","","","","","","","","","","","","","","","","","","","","","","","","",""
"33167001","BORDEAUX_OBSERVATOIRE",44.831667,-0.525,74,1912031503,"","","","","","","","","","","","","","","","","","","","","","","","","","","","","","","","","","","","",8.8,9,"","","","","","","","","","","","","","","","","","","","","","","","","","","","","","","","","","","","","","","","","","","","",1014.6,9,1005.6,9,"","","","","","","","","","","","","","","","","","","","","","","","","","","","","","","","","","","","","","","","","","","","","","","","","","","","","","","","","","","","","","","","","","","","","","","","","","","","","","","","","","","","","","","","","","","","","","","","","","","","","","","","","","","","","","","",""
"33167001","BORDEAUX_OBSERVATOIRE",44.831667,-0.525,74,1912031507,"","","","","","","","","","","","","","","","","","","","","","","","","","","","","","","","","","","","",6.2,9,"","","","","","","","","","","","","","","","","","","","","","","","","","","","","","","","","","","","","","","","","","","","",1014.8,9,1005.7,9,"","","",9,"","","","","","","","","","","","","","","","","","","","","","","","","","","","","","","","","","","","","","","","","","","","","","","","","","","","","","","","","","","","","","","","","","","","","","","","","","","","","","","","","","","","","","","","","","","","","","","","","","","","","","","","","","","",""
"33167001","BORDEAUX_OBSERVATOIRE",44.831667,-0.525,74,1912031509,"","","","","","","","","","","","","","","","","","","","","","","","","","","","","","","","","","","","",9.6,9,"","","","","","","","","","","","","","","","","","","","","","","","","","","","","","","","","","","","","","","","","","","","",1015.2,9,1006.2,9,"","","","","","","","","","","","","","","","","","","","","","","","","","","","","","","","","","","","","","","","","","","","","","","","","","","","","","","","","","","","","","","","","","","","","","","","","","","","","","","","","","","","","","","","","","","","","","","","","","","","","","","","","","","","","","","",""
"33167001","BORDEAUX_OBSERVATOIRE",44.831667,-0.525,74,1912031512,"","","","","","","","","","","","","","","","","","","","","","","","","","","","","","","","","","","","",14.2,9,"","","","","","","","","","","","","","","","","","","","","","","","","","","","","","","","","","","","","","","","","","","","",1015.7,9,1006.9,1,"","","","","","","","","","","","","","","","","","","","","","","","","","","","","","","","","","","","","","","","","","","","","","","","","","","","","","","","","","","","","","","","","","","","","","","","","","","","","","","","","","","","","","","","","","","","","","","","","","","","","","","","","","","","","","","",""
"33167001","BORDEAUX_OBSERVATOIRE",44.831667,-0.525,74,1912031515,"","","","","","","","","","","","","","","","","","","","","","","","","","","","","","","","","","","","",10.6,9,"","","","","","","","","","","","","","","","","","","","","","","","","","","","","","","","","","","","","","","","","","","","",1016.2,9,1007.2,9,"","","","","","","","","","","","","","","","","","","","","","","","","","","","","","","","","","","","","","","","","","","","","","","","","","","","","","","","","","","","","","","","","","","","","","","","","","","","","","","","","","","","","","","","","","","","","","","","","","","","","","","","","","","","","","","",""
"33167001","BORDEAUX_OBSERVATOIRE",44.831667,-0.525,74,1912031518,"","","","","","","","","","","","","","","","","","","","","","","","","","","","","","","","","","","","",9.,9,"","","","","","","","","","","","","","","","","","","","","","","","","","","","","","","","","","","","","","","","","","","","",1018.,9,1009.,9,"","","","","","","","","","","","","","","","","","","","","","","","","","","","","","","","","","","","","","","","","","","","","","","","","","","","","","","","","","","","","","","","","","","","","","","","","","","","","","","","","","","","","","","","","","","","","","","","","","","","","","","","","","","","","","","",""
"33167001","BORDEAUX_OBSERVATOIRE",44.831667,-0.525,74,1912031521,"","","","","","","","","","","","","","","","","","","","","","","","","","","","","","","","","","","","",5.8,9,"","","","","","","","","","","","","","","","","","","","","","","","","","","","","","","","","","","","","","","","","","","","",1020.,9,1010.8,9,"","","","","","","","","","","","","","","","","","","","","","","","","","","","","","","","","","","","","","","","","","","","","","","","","","","","","","","","","","","","","","","","","","","","","","","","","","","","","","","","","","","","","","","","","","","","","","","","","","","","","","","","","","","","","","","",""
"33167001","BORDEAUX_OBSERVATOIRE",44.831667,-0.525,74,1912031600,"","","","","","","","","","","","","","","","","","","","","","","","","","","","","","","","","","","","",4.5,9,"","","","","","","","","","","","","","","","","","","","","","","","","","","","","","","","","","","","","","","","","","","","",1020.8,9,1011.6,9,"","","","","","","","","","","","","","","","","","","","","","","","","","","","","","","","","","","","","","","","","","","","","","","","","","","","","","","","","","","","","","","","","","","","","","","","","","","","","","","","","","","","","","","","","","","","","","","","","","","","","","","","","","","","","","","",""
"33167001","BORDEAUX_OBSERVATOIRE",44.831667,-0.525,74,1912031603,"","","","","","","","","","","","","","","","","","","","","","","","","","","","","","","","","","","","",2.4,9,"","","","","","","","","","","","","","","","","","","","","","","","","","","","","","","","","","","","","","","","","","","","",1021.1,9,1011.8,9,"","","","","","","","","","","","","","","","","","","","","","","","","","","","","","","","","","","","","","","","","","","","","","","","","","","","","","","","","","","","","","","","","","","","","","","","","","","","","","","","","","","","","","","","","","","","","","","","","","","","","","","","","","","","","","","",""
"33167001","BORDEAUX_OBSERVATOIRE",44.831667,-0.525,74,1912031607,"","","","","","","","","","","","","","","","","","","","","","","","","","","","","","","","","","","","",3.3,9,"","","","","","","","","","","","","","","","","","","","","","","","","","","","","","","","","","","","","","","","","","","","",1020.8,9,1011.5,9,"","","",9,"","","","","","","","","","","","","","","","","","","","","","","","","","","","","","","","","","","","","","","","","","","","","","","","","","","","","","","","","","","","","","","","","","","","","","","","","","","","","","","","","","","","","","","","","","","","","","","","","","","","","","","","","","","",""
"33167001","BORDEAUX_OBSERVATOIRE",44.831667,-0.525,74,1912031609,"","","","","","","","","","","","","","","","","","","","","","","","","","","","","","","","","","","","",7.1,9,"","","","","","","","","","","","","","","","","","","","","","","","","","","","","","","","","","","","","","","","","","","","",1020.5,9,1011.4,9,"","","","","","","","","","","","","","","","","","","","","","","","","","","","","","","","","","","","","","","","","","","","","","","","","","","","","","","","","","","","","","","","","","","","","","","","","","","","","","","","","","","","","","","","","","","","","","","","","","","","","","","","","","","","","","","",""
"33167001","BORDEAUX_OBSERVATOIRE",44.831667,-0.525,74,1912031612,"","","","","","","","","","","","","","","","","","","","","","","","","","","","","","","","","","","","",10.2,9,"","","","","","","","","","","","","","","","","","","","","","","","","","","","","","","","","","","","","","","","","","","","",1018.7,9,1009.7,1,"","","","","","","","","","","","","","","","","","","","","","","","","","","","","","","","","","","","","","","","","","","","","","","","","","","","","","","","","","","","","","","","","","","","","","","","","","","","","","","","","","","","","","","","","","","","","","","","","","","","","","","","","","","","","","","",""
"33167001","BORDEAUX_OBSERVATOIRE",44.831667,-0.525,74,1912031615,"","","","","","","","","","","","","","","","","","","","","","","","","","","","","","","","","","","","",10.4,9,"","","","","","","","","","","","","","","","","","","","","","","","","","","","","","","","","","","","","","","","","","","","",1016.6,9,1007.6,9,"","","","","","","","","","","","","","","","","","","","","","","","","","","","","","","","","","","","","","","","","","","","","","","","","","","","","","","","","","","","","","","","","","","","","","","","","","","","","","","","","","","","","","","","","","","","","","","","","","","","","","","","","","","","","","","",""
"33167001","BORDEAUX_OBSERVATOIRE",44.831667,-0.525,74,1912031618,"","","","","","","","","","","","","","","","","","","","","","","","","","","","","","","","","","","","",9.,9,"","","","","","","","","","","","","","","","","","","","","","","","","","","","","","","","","","","","","","","","","","","","",1015.5,9,1006.5,9,"","","","","","","","","","","","","","","","","","","","","","","","","","","","","","","","","","","","","","","","","","","","","","","","","","","","","","","","","","","","","","","","","","","","","","","","","","","","","","","","","","","","","","","","","","","","","","","","","","","","","","","","","","","","","","","",""
"33167001","BORDEAUX_OBSERVATOIRE",44.831667,-0.525,74,1912031621,"","","","","","","","","","","","","","","","","","","","","","","","","","","","","","","","","","","","",6.9,9,"","","","","","","","","","","","","","","","","","","","","","","","","","","","","","","","","","","","","","","","","","","","",1014.7,9,1005.6,9,"","","","","","","","","","","","","","","","","","","","","","","","","","","","","","","","","","","","","","","","","","","","","","","","","","","","","","","","","","","","","","","","","","","","","","","","","","","","","","","","","","","","","","","","","","","","","","","","","","","","","","","","","","","","","","","",""
"33167001","BORDEAUX_OBSERVATOIRE",44.831667,-0.525,74,1912031700,"","","","","","","","","","","","","","","","","","","","","","","","","","","","","","","","","","","","",4.5,9,"","","","","","","","","","","","","","","","","","","","","","","","","","","","","","","","","","","","","","","","","","","","",1012.5,9,1003.4,9,"","","","","","","","","","","","","","","","","","","","","","","","","","","","","","","","","","","","","","","","","","","","","","","","","","","","","","","","","","","","","","","","","","","","","","","","","","","","","","","","","","","","","","","","","","","","","","","","","","","","","","","","","","","","","","","",""
"33167001","BORDEAUX_OBSERVATOIRE",44.831667,-0.525,74,1912031703,"","","","","","","","","","","","","","","","","","","","","","","","","","","","","","","","","","","","",4.9,9,"","","","","","","","","","","","","","","","","","","","","","","","","","","","","","","","","","","","","","","","","","","","",1010.3,9,1001.2,9,"","","","","","","","","","","","","","","","","","","","","","","","","","","","","","","","","","","","","","","","","","","","","","","","","","","","","","","","","","","","","","","","","","","","","","","","","","","","","","","","","","","","","","","","","","","","","","","","","","","","","","","","","","","","","","","",""
"33167001","BORDEAUX_OBSERVATOIRE",44.831667,-0.525,74,1912031707,"","","","","","","","","","","","","","","","","","","","","","","","","","","","","","","","","","","","",5.2,9,"","","","","","","","","","","","","","","","","","","","","","","","","","","","","","","","","","","","","","","","","","","","",1007.6,9,998.5,9,"","","",9,"","","","","","","","","","","","","","","","","","","","","","","","","","","","","","","","","","","","","","","","","","","","","","","","","","","","","","","","","","","","","","","","","","","","","","","","","","","","","","","","","","","","","","","","","","","","","","","","","","","","","","","","","","","",""
"33167001","BORDEAUX_OBSERVATOIRE",44.831667,-0.525,74,1912031709,"","","","","","","","","","","","","","","","","","","","","","","","","","","","","","","","","","","","",6.7,9,"","","","","","","","","","","","","","","","","","","","","","","","","","","","","","","","","","","","","","","","","","","","",1007.3,9,998.3,9,"","","","","","","","","","","","","","","","","","","","","","","","","","","","","","","","","","","","","","","","","","","","","","","","","","","","","","","","","","","","","","","","","","","","","","","","","","","","","","","","","","","","","","","","","","","","","","","","","","","","","","","","","","","","","","","",""
"33167001","BORDEAUX_OBSERVATOIRE",44.831667,-0.525,74,1912031712,"","","","","","","","","","","","","","","","","","","","","","","","","","","","","","","","","","","","",12.9,9,"","","","","","","","","","","","","","","","","","","","","","","","","","","","","","","","","","","","","","","","","","","","",1005.8,9,997.,1,"","","","","","","","","","","","","","","","","","","","","","","","","","","","","","","","","","","","","","","","","","","","","","","","","","","","","","","","","","","","","","","","","","","","","","","","","","","","","","","","","","","","","","","","","","","","","","","","","","","","","","","","","","","","","","","",""
"33167001","BORDEAUX_OBSERVATOIRE",44.831667,-0.525,74,1912031715,"","","","","","","","","","","","","","","","","","","","","","","","","","","","","","","","","","","","",11.7,9,"","","","","","","","","","","","","","","","","","","","","","","","","","","","","","","","","","","","","","","","","","","","",1004.4,9,995.6,9,"","","","","","","","","","","","","","","","","","","","","","","","","","","","","","","","","","","","","","","","","","","","","","","","","","","","","","","","","","","","","","","","","","","","","","","","","","","","","","","","","","","","","","","","","","","","","","","","","","","","","","","","","","","","","","","",""
"33167001","BORDEAUX_OBSERVATOIRE",44.831667,-0.525,74,1912031718,"","","","","","","","","","","","","","","","","","","","","","","","","","","","","","","","","","","","",8.8,9,"","","","","","","","","","","","","","","","","","","","","","","","","","","","","","","","","","","","","","","","","","","","",1003.6,9,994.7,9,"","","","","","","","","","","","","","","","","","","","","","","","","","","","","","","","","","","","","","","","","","","","","","","","","","","","","","","","","","","","","","","","","","","","","","","","","","","","","","","","","","","","","","","","","","","","","","","","","","","","","","","","","","","","","","","",""
"33167001","BORDEAUX_OBSERVATOIRE",44.831667,-0.525,74,1912031721,"","","","","","","","","","","","","","","","","","","","","","","","","","","","","","","","","","","","",8.2,9,"","","","","","","","","","","","","","","","","","","","","","","","","","","","","","","","","","","","","","","","","","","","",1002.8,9,993.9,9,"","","","","","","","","","","","","","","","","","","","","","","","","","","","","","","","","","","","","","","","","","","","","","","","","","","","","","","","","","","","","","","","","","","","","","","","","","","","","","","","","","","","","","","","","","","","","","","","","","","","","","","","","","","","","","","",""
"33167001","BORDEAUX_OBSERVATOIRE",44.831667,-0.525,74,1912031800,"","","","","","","","","","","","","","","","","","","","","","","","","","","","","","","","","","","","",8.1,9,"","","","","","","","","","","","","","","","","","","","","","","","","","","","","","","","","","","","","","","","","","","","",1001.2,9,992.3,9,"","","","","","","","","","","","","","","","","","","","","","","","","","","","","","","","","","","","","","","","","","","","","","","","","","","","","","","","","","","","","","","","","","","","","","","","","","","","","","","","","","","","","","","","","","","","","","","","","","","","","","","","","","","","","","","",""
"33167001","BORDEAUX_OBSERVATOIRE",44.831667,-0.525,74,1912031803,"","","","","","","","","","","","","","","","","","","","","","","","","","","","","","","","","","","","",7.8,9,"","","","","","","","","","","","","","","","","","","","","","","","","","","","","","","","","","","","","","","","","","","","",998.7,9,989.8,9,"","","","","","","","","","","","","","","","","","","","","","","","","","","","","","","","","","","","","","","","","","","","","","","","","","","","","","","","","","","","","","","","","","","","","","","","","","","","","","","","","","","","","","","","","","","","","","","","","","","","","","","","","","","","","","","",""
"33167001","BORDEAUX_OBSERVATOIRE",44.831667,-0.525,74,1912031807,"","","","","","","","","","","","","","","","","","","","","","","","","","","","","","","","","","","","",8.6,9,"","","","","","","","","","","","","","","","","","","","","","","","","","","","","","","","","","","","","","","","","","","","",993.3,9,984.5,9,"","","",9,"","","","","","","","","","","","","","","","","","","","","","","","","","","","","","","","","","","","","","","","","","","","","","","","","","","","","","","","","","","","","","","","","","","","","","","","","","","","","","","","","","","","","","","","","","","","","","","","","","","","","","","","","","","",""
"33167001","BORDEAUX_OBSERVATOIRE",44.831667,-0.525,74,1912031809,"","","","","","","","","","","","","","","","","","","","","","","","","","","","","","","","","","","","",9.2,9,"","","","","","","","","","","","","","","","","","","","","","","","","","","","","","","","","","","","","","","","","","","","",993.8,9,985.,9,"","","","","","","","","","","","","","","","","","","","","","","","","","","","","","","","","","","","","","","","","","","","","","","","","","","","","","","","","","","","","","","","","","","","","","","","","","","","","","","","","","","","","","","","","","","","","","","","","","","","","","","","","","","","","","","",""
"33167001","BORDEAUX_OBSERVATOIRE",44.831667,-0.525,74,1912031812,"","","","","","","","","","","","","","","","","","","","","","","","","","","","","","","","","","","","",12.9,9,"","","","","","","","","","","","","","","","","","","","","","","","","","","","","","","","","","","","","","","","","","","","",994.6,9,985.9,1,"","","","","","","","","","","","","","","","","","","","","","","","","","","","","","","","","","","","","","","","","","","","","","","","","","","","","","","","","","","","","","","","","","","","","","","","","","","","","","","","","","","","","","","","","","","","","","","","","","","","","","","","","","","","","","","",""
"33167001","BORDEAUX_OBSERVATOIRE",44.831667,-0.525,74,1912031815,"","","","","","","","","","","","","","","","","","","","","","","","","","","","","","","","","","","","",10.6,9,"","","","","","","","","","","","","","","","","","","","","","","","","","","","","","","","","","","","","","","","","","","","",996.3,9,987.5,9,"","","","","","","","","","","","","","","","","","","","","","","","","","","","","","","","","","","","","","","","","","","","","","","","","","","","","","","","","","","","","","","","","","","","","","","","","","","","","","","","","","","","","","","","","","","","","","","","","","","","","","","","","","","","","","","",""
"33167001","BORDEAUX_OBSERVATOIRE",44.831667,-0.525,74,1912031818,"","","","","","","","","","","","","","","","","","","","","","","","","","","","","","","","","","","","",9.5,9,"","","","","","","","","","","","","","","","","","","","","","","","","","","","","","","","","","","","","","","","","","","","",998.5,9,989.7,9,"","","","","","","","","","","","","","","","","","","","","","","","","","","","","","","","","","","","","","","","","","","","","","","","","","","","","","","","","","","","","","","","","","","","","","","","","","","","","","","","","","","","","","","","","","","","","","","","","","","","","","","","","","","","","","","",""
"33167001","BORDEAUX_OBSERVATOIRE",44.831667,-0.525,74,1912031821,"","","","","","","","","","","","","","","","","","","","","","","","","","","","","","","","","","","","",10.,9,"","","","","","","","","","","","","","","","","","","","","","","","","","","","","","","","","","","","","","","","","","","","",999.4,9,990.6,9,"","","","","","","","","","","","","","","","","","","","","","","","","","","","","","","","","","","","","","","","","","","","","","","","","","","","","","","","","","","","","","","","","","","","","","","","","","","","","","","","","","","","","","","","","","","","","","","","","","","","","","","","","","","","","","","",""
"33167001","BORDEAUX_OBSERVATOIRE",44.831667,-0.525,74,1912031900,"","","","","","","","","","","","","","","","","","","","","","","","","","","","","","","","","","","","",8.4,9,"","","","","","","","","","","","","","","","","","","","","","","","","","","","","","","","","","","","","","","","","","","","",1000.3,9,991.4,9,"","","","","","","","","","","","","","","","","","","","","","","","","","","","","","","","","","","","","","","","","","","","","","","","","","","","","","","","","","","","","","","","","","","","","","","","","","","","","","","","","","","","","","","","","","","","","","","","","","","","","","","","","","","","","","","",""
"33167001","BORDEAUX_OBSERVATOIRE",44.831667,-0.525,74,1912031903,"","","","","","","","","","","","","","","","","","","","","","","","","","","","","","","","","","","","",7.4,9,"","","","","","","","","","","","","","","","","","","","","","","","","","","","","","","","","","","","","","","","","","","","",1002.9,9,993.9,9,"","","","","","","","","","","","","","","","","","","","","","","","","","","","","","","","","","","","","","","","","","","","","","","","","","","","","","","","","","","","","","","","","","","","","","","","","","","","","","","","","","","","","","","","","","","","","","","","","","","","","","","","","","","","","","","",""
"33167001","BORDEAUX_OBSERVATOIRE",44.831667,-0.525,74,1912031907,"","","","","","","","","","","","","","","","","","","","","","","","","","","","","","","","","","","","",7.1,9,"","","","","","","","","","","","","","","","","","","","","","","","","","","","","","","","","","","","","","","","","","","","",1006.7,9,997.7,9,"","","",9,"","","","","","","","","","","","","","","","","","","","","","","","","","","","","","","","","","","","","","","","","","","","","","","","","","","","","","","","","","","","","","","","","","","","","","","","","","","","","","","","","","","","","","","","","","","","","","","","","","","","","","","","","","","",""
"33167001","BORDEAUX_OBSERVATOIRE",44.831667,-0.525,74,1912031909,"","","","","","","","","","","","","","","","","","","","","","","","","","","","","","","","","","","","",10.2,9,"","","","","","","","","","","","","","","","","","","","","","","","","","","","","","","","","","","","","","","","","","","","",1007.6,9,998.7,9,"","","","","","","","","","","","","","","","","","","","","","","","","","","","","","","","","","","","","","","","","","","","","","","","","","","","","","","","","","","","","","","","","","","","","","","","","","","","","","","","","","","","","","","","","","","","","","","","","","","","","","","","","","","","","","","",""
"33167001","BORDEAUX_OBSERVATOIRE",44.831667,-0.525,74,1912031912,"","","","","","","","","","","","","","","","","","","","","","","","","","","","","","","","","","","","",10.9,9,"","","","","","","","","","","","","","","","","","","","","","","","","","","","","","","","","","","","","","","","","","","","",1007.6,9,998.7,1,"","","","","","","","","","","","","","","","","","","","","","","","","","","","","","","","","","","","","","","","","","","","","","","","","","","","","","","","","","","","","","","","","","","","","","","","","","","","","","","","","","","","","","","","","","","","","","","","","","","","","","","","","","","","","","","",""
"33167001","BORDEAUX_OBSERVATOIRE",44.831667,-0.525,74,1912031915,"","","","","","","","","","","","","","","","","","","","","","","","","","","","","","","","","","","","",11.,9,"","","","","","","","","","","","","","","","","","","","","","","","","","","","","","","","","","","","","","","","","","","","",1007.2,9,998.3,9,"","","","","","","","","","","","","","","","","","","","","","","","","","","","","","","","","","","","","","","","","","","","","","","","","","","","","","","","","","","","","","","","","","","","","","","","","","","","","","","","","","","","","","","","","","","","","","","","","","","","","","","","","","","","","","","",""
"33167001","BORDEAUX_OBSERVATOIRE",44.831667,-0.525,74,1912031918,"","","","","","","","","","","","","","","","","","","","","","","","","","","","","","","","","","","","",8.3,9,"","","","","","","","","","","","","","","","","","","","","","","","","","","","","","","","","","","","","","","","","","","","",1007.9,9,998.9,9,"","","","","","","","","","","","","","","","","","","","","","","","","","","","","","","","","","","","","","","","","","","","","","","","","","","","","","","","","","","","","","","","","","","","","","","","","","","","","","","","","","","","","","","","","","","","","","","","","","","","","","","","","","","","","","","",""
"33167001","BORDEAUX_OBSERVATOIRE",44.831667,-0.525,74,1912031921,"","","","","","","","","","","","","","","","","","","","","","","","","","","","","","","","","","","","",6.7,9,"","","","","","","","","","","","","","","","","","","","","","","","","","","","","","","","","","","","","","","","","","","","",1008.4,9,999.4,9,"","","","","","","","","","","","","","","","","","","","","","","","","","","","","","","","","","","","","","","","","","","","","","","","","","","","","","","","","","","","","","","","","","","","","","","","","","","","","","","","","","","","","","","","","","","","","","","","","","","","","","","","","","","","","","","",""
"33167001","BORDEAUX_OBSERVATOIRE",44.831667,-0.525,74,1912032000,"","","","","","","","","","","","","","","","","","","","","","","","","","","","","","","","","","","","",6.4,9,"","","","","","","","","","","","","","","","","","","","","","","","","","","","","","","","","","","","","","","","","","","","",1008.4,9,999.4,9,"","","","","","","","","","","","","","","","","","","","","","","","","","","","","","","","","","","","","","","","","","","","","","","","","","","","","","","","","","","","","","","","","","","","","","","","","","","","","","","","","","","","","","","","","","","","","","","","","","","","","","","","","","","","","","","",""
"33167001","BORDEAUX_OBSERVATOIRE",44.831667,-0.525,74,1912032003,"","","","","","","","","","","","","","","","","","","","","","","","","","","","","","","","","","","","",5.1,9,"","","","","","","","","","","","","","","","","","","","","","","","","","","","","","","","","","","","","","","","","","","","",1008.1,9,999.,9,"","","","","","","","","","","","","","","","","","","","","","","","","","","","","","","","","","","","","","","","","","","","","","","","","","","","","","","","","","","","","","","","","","","","","","","","","","","","","","","","","","","","","","","","","","","","","","","","","","","","","","","","","","","","","","","",""
"33167001","BORDEAUX_OBSERVATOIRE",44.831667,-0.525,74,1912032007,"","","","","","","","","","","","","","","","","","","","","","","","","","","","","","","","","","","","",4.8,9,"","","","","","","","","","","","","","","","","","","","","","","","","","","","","","","","","","","","","","","","","","","","",1008.8,9,999.7,9,"","","",9,"","","","","","","","","","","","","","","","","","","","","","","","","","","","","","","","","","","","","","","","","","","","","","","","","","","","","","","","","","","","","","","","","","","","","","","","","","","","","","","","","","","","","","","","","","","","","","","","","","","","","","","","","","","",""
"33167001","BORDEAUX_OBSERVATOIRE",44.831667,-0.525,74,1912032009,"","","","","","","","","","","","","","","","","","","","","","","","","","","","","","","","","","","","",6.2,9,"","","","","","","","","","","","","","","","","","","","","","","","","","","","","","","","","","","","","","","","","","","","",1010.1,9,1001.,9,"","","","","","","","","","","","","","","","","","","","","","","","","","","","","","","","","","","","","","","","","","","","","","","","","","","","","","","","","","","","","","","","","","","","","","","","","","","","","","","","","","","","","","","","","","","","","","","","","","","","","","","","","","","","","","","",""
"33167001","BORDEAUX_OBSERVATOIRE",44.831667,-0.525,74,1912032012,"","","","","","","","","","","","","","","","","","","","","","","","","","","","","","","","","","","","",8.1,9,"","","","","","","","","","","","","","","","","","","","","","","","","","","","","","","","","","","","","","","","","","","","",1011.5,9,1002.5,1,"","","","","","","","","","","","","","","","","","","","","","","","","","","","","","","","","","","","","","","","","","","","","","","","","","","","","","","","","","","","","","","","","","","","","","","","","","","","","","","","","","","","","","","","","","","","","","","","","","","","","","","","","","","","","","","",""
"33167001","BORDEAUX_OBSERVATOIRE",44.831667,-0.525,74,1912032015,"","","","","","","","","","","","","","","","","","","","","","","","","","","","","","","","","","","","",9.3,9,"","","","","","","","","","","","","","","","","","","","","","","","","","","","","","","","","","","","","","","","","","","","",1012.1,9,1003.1,9,"","","","","","","","","","","","","","","","","","","","","","","","","","","","","","","","","","","","","","","","","","","","","","","","","","","","","","","","","","","","","","","","","","","","","","","","","","","","","","","","","","","","","","","","","","","","","","","","","","","","","","","","","","","","","","","",""
"33167001","BORDEAUX_OBSERVATOIRE",44.831667,-0.525,74,1912032018,"","","","","","","","","","","","","","","","","","","","","","","","","","","","","","","","","","","","",6.9,9,"","","","","","","","","","","","","","","","","","","","","","","","","","","","","","","","","","","","","","","","","","","","",1013.,9,1003.9,9,"","","","","","","","","","","","","","","","","","","","","","","","","","","","","","","","","","","","","","","","","","","","","","","","","","","","","","","","","","","","","","","","","","","","","","","","","","","","","","","","","","","","","","","","","","","","","","","","","","","","","","","","","","","","","","","",""
"33167001","BORDEAUX_OBSERVATOIRE",44.831667,-0.525,74,1912032021,"","","","","","","","","","","","","","","","","","","","","","","","","","","","","","","","","","","","",6.9,9,"","","","","","","","","","","","","","","","","","","","","","","","","","","","","","","","","","","","","","","","","","","","",1012.7,9,1003.6,9,"","","","","","","","","","","","","","","","","","","","","","","","","","","","","","","","","","","","","","","","","","","","","","","","","","","","","","","","","","","","","","","","","","","","","","","","","","","","","","","","","","","","","","","","","","","","","","","","","","","","","","","","","","","","","","","",""
"33167001","BORDEAUX_OBSERVATOIRE",44.831667,-0.525,74,1912032100,"","","","","","","","","","","","","","","","","","","","","","","","","","","","","","","","","","","","",8.,9,"","","","","","","","","","","","","","","","","","","","","","","","","","","","","","","","","","","","","","","","","","","","",1011.8,9,1002.8,9,"","","","","","","","","","","","","","","","","","","","","","","","","","","","","","","","","","","","","","","","","","","","","","","","","","","","","","","","","","","","","","","","","","","","","","","","","","","","","","","","","","","","","","","","","","","","","","","","","","","","","","","","","","","","","","","",""
"33167001","BORDEAUX_OBSERVATOIRE",44.831667,-0.525,74,1912032103,"","","","","","","","","","","","","","","","","","","","","","","","","","","","","","","","","","","","",8.6,9,"","","","","","","","","","","","","","","","","","","","","","","","","","","","","","","","","","","","","","","","","","","","",1010.2,9,1001.2,9,"","","","","","","","","","","","","","","","","","","","","","","","","","","","","","","","","","","","","","","","","","","","","","","","","","","","","","","","","","","","","","","","","","","","","","","","","","","","","","","","","","","","","","","","","","","","","","","","","","","","","","","","","","","","","","","",""
"33167001","BORDEAUX_OBSERVATOIRE",44.831667,-0.525,74,1912032107,"","","","","","","","","","","","","","","","","","","","","","","","","","","","","","","","","","","","",8.5,9,"","","","","","","","","","","","","","","","","","","","","","","","","","","","","","","","","","","","","","","","","","","","",1008.3,9,999.3,9,"","","",9,"","","","","","","","","","","","","","","","","","","","","","","","","","","","","","","","","","","","","","","","","","","","","","","","","","","","","","","","","","","","","","","","","","","","","","","","","","","","","","","","","","","","","","","","","","","","","","","","","","","","","","","","","","","",""
"33167001","BORDEAUX_OBSERVATOIRE",44.831667,-0.525,74,1912032109,"","","","","","","","","","","","","","","","","","","","","","","","","","","","","","","","","","","","",9.4,9,"","","","","","","","","","","","","","","","","","","","","","","","","","","","","","","","","","","","","","","","","","","","",1007.8,9,998.9,9,"","","","","","","","","","","","","","","","","","","","","","","","","","","","","","","","","","","","","","","","","","","","","","","","","","","","","","","","","","","","","","","","","","","","","","","","","","","","","","","","","","","","","","","","","","","","","","","","","","","","","","","","","","","","","","","",""
"33167001","BORDEAUX_OBSERVATOIRE",44.831667,-0.525,74,1912032112,"","","","","","","","","","","","","","","","","","","","","","","","","","","","","","","","","","","","",12.,9,"","","","","","","","","","","","","","","","","","","","","","","","","","","","","","","","","","","","","","","","","","","","",1006.1,9,997.3,1,"","","","","","","","","","","","","","","","","","","","","","","","","","","","","","","","","","","","","","","","","","","","","","","","","","","","","","","","","","","","","","","","","","","","","","","","","","","","","","","","","","","","","","","","","","","","","","","","","","","","","","","","","","","","","","","",""
"33167001","BORDEAUX_OBSERVATOIRE",44.831667,-0.525,74,1912032115,"","","","","","","","","","","","","","","","","","","","","","","","","","","","","","","","","","","","",13.2,9,"","","","","","","","","","","","","","","","","","","","","","","","","","","","","","","","","","","","","","","","","","","","",1004.8,9,996.,9,"","","","","","","","","","","","","","","","","","","","","","","","","","","","","","","","","","","","","","","","","","","","","","","","","","","","","","","","","","","","","","","","","","","","","","","","","","","","","","","","","","","","","","","","","","","","","","","","","","","","","","","","","","","","","","","",""
"33167001","BORDEAUX_OBSERVATOIRE",44.831667,-0.525,74,1912032118,"","","","","","","","","","","","","","","","","","","","","","","","","","","","","","","","","","","","",8.8,9,"","","","","","","","","","","","","","","","","","","","","","","","","","","","","","","","","","","","","","","","","","","","",1005.2,9,996.3,9,"","","","","","","","","","","","","","","","","","","","","","","","","","","","","","","","","","","","","","","","","","","","","","","","","","","","","","","","","","","","","","","","","","","","","","","","","","","","","","","","","","","","","","","","","","","","","","","","","","","","","","","","","","","","","","","",""
"33167001","BORDEAUX_OBSERVATOIRE",44.831667,-0.525,74,1912032121,"","","","","","","","","","","","","","","","","","","","","","","","","","","","","","","","","","","","",8.4,9,"","","","","","","","","","","","","","","","","","","","","","","","","","","","","","","","","","","","","","","","","","","","",1005.6,9,996.7,9,"","","","","","","","","","","","","","","","","","","","","","","","","","","","","","","","","","","","","","","","","","","","","","","","","","","","","","","","","","","","","","","","","","","","","","","","","","","","","","","","","","","","","","","","","","","","","","","","","","","","","","","","","","","","","","","",""
"33167001","BORDEAUX_OBSERVATOIRE",44.831667,-0.525,74,1912032200,"","","","","","","","","","","","","","","","","","","","","","","","","","","","","","","","","","","","",7.4,9,"","","","","","","","","","","","","","","","","","","","","","","","","","","","","","","","","","","","","","","","","","","","",1006.4,9,997.4,9,"","","","","","","","","","","","","","","","","","","","","","","","","","","","","","","","","","","","","","","","","","","","","","","","","","","","","","","","","","","","","","","","","","","","","","","","","","","","","","","","","","","","","","","","","","","","","","","","","","","","","","","","","","","","","","","",""
"33167001","BORDEAUX_OBSERVATOIRE",44.831667,-0.525,74,1912032203,"","","","","","","","","","","","","","","","","","","","","","","","","","","","","","","","","","","","",7.2,9,"","","","","","","","","","","","","","","","","","","","","","","","","","","","","","","","","","","","","","","","","","","","",1007.4,9,998.4,9,"","","","","","","","","","","","","","","","","","","","","","","","","","","","","","","","","","","","","","","","","","","","","","","","","","","","","","","","","","","","","","","","","","","","","","","","","","","","","","","","","","","","","","","","","","","","","","","","","","","","","","","","","","","","","","","",""
"33167001","BORDEAUX_OBSERVATOIRE",44.831667,-0.525,74,1912032207,"","","","","","","","","","","","","","","","","","","","","","","","","","","","","","","","","","","","",8.,9,"","","","","","","","","","","","","","","","","","","","","","","","","","","","","","","","","","","","","","","","","","","","",1008.9,9,999.9,9,"","","",9,"","","","","","","","","","","","","","","","","","","","","","","","","","","","","","","","","","","","","","","","","","","","","","","","","","","","","","","","","","","","","","","","","","","","","","","","","","","","","","","","","","","","","","","","","","","","","","","","","","","","","","","","","","","",""
"33167001","BORDEAUX_OBSERVATOIRE",44.831667,-0.525,74,1912032209,"","","","","","","","","","","","","","","","","","","","","","","","","","","","","","","","","","","","",10.3,9,"","","","","","","","","","","","","","","","","","","","","","","","","","","","","","","","","","","","","","","","","","","","",1010.4,9,1001.5,9,"","","","","","","","","","","","","","","","","","","","","","","","","","","","","","","","","","","","","","","","","","","","","","","","","","","","","","","","","","","","","","","","","","","","","","","","","","","","","","","","","","","","","","","","","","","","","","","","","","","","","","","","","","","","","","","",""
"33167001","BORDEAUX_OBSERVATOIRE",44.831667,-0.525,74,1912032212,"","","","","","","","","","","","","","","","","","","","","","","","","","","","","","","","","","","","",9.2,9,"","","","","","","","","","","","","","","","","","","","","","","","","","","","","","","","","","","","","","","","","","","","",1011.3,9,1002.3,1,"","","","","","","","","","","","","","","","","","","","","","","","","","","","","","","","","","","","","","","","","","","","","","","","","","","","","","","","","","","","","","","","","","","","","","","","","","","","","","","","","","","","","","","","","","","","","","","","","","","","","","","","","","","","","","","",""
"33167001","BORDEAUX_OBSERVATOIRE",44.831667,-0.525,74,1912032215,"","","","","","","","","","","","","","","","","","","","","","","","","","","","","","","","","","","","",6.6,9,"","","","","","","","","","","","","","","","","","","","","","","","","","","","","","","","","","","","","","","","","","","","",1012.2,9,1003.1,9,"","","","","","","","","","","","","","","","","","","","","","","","","","","","","","","","","","","","","","","","","","","","","","","","","","","","","","","","","","","","","","","","","","","","","","","","","","","","","","","","","","","","","","","","","","","","","","","","","","","","","","","","","","","","","","","",""
"33167001","BORDEAUX_OBSERVATOIRE",44.831667,-0.525,74,1912032218,"","","","","","","","","","","","","","","","","","","","","","","","","","","","","","","","","","","","",8.,9,"","","","","","","","","","","","","","","","","","","","","","","","","","","","","","","","","","","","","","","","","","","","",1014.8,9,1005.8,9,"","","","","","","","","","","","","","","","","","","","","","","","","","","","","","","","","","","","","","","","","","","","","","","","","","","","","","","","","","","","","","","","","","","","","","","","","","","","","","","","","","","","","","","","","","","","","","","","","","","","","","","","","","","","","","","",""
"33167001","BORDEAUX_OBSERVATOIRE",44.831667,-0.525,74,1912032221,"","","","","","","","","","","","","","","","","","","","","","","","","","","","","","","","","","","","",7.,9,"","","","","","","","","","","","","","","","","","","","","","","","","","","","","","","","","","","","","","","","","","","","",1017.7,9,1008.6,9,"","","","","","","","","","","","","","","","","","","","","","","","","","","","","","","","","","","","","","","","","","","","","","","","","","","","","","","","","","","","","","","","","","","","","","","","","","","","","","","","","","","","","","","","","","","","","","","","","","","","","","","","","","","","","","","",""
"33167001","BORDEAUX_OBSERVATOIRE",44.831667,-0.525,74,1912032300,"","","","","","","","","","","","","","","","","","","","","","","","","","","","","","","","","","","","",6.1,9,"","","","","","","","","","","","","","","","","","","","","","","","","","","","","","","","","","","","","","","","","","","","",1018.9,9,1009.8,9,"","","","","","","","","","","","","","","","","","","","","","","","","","","","","","","","","","","","","","","","","","","","","","","","","","","","","","","","","","","","","","","","","","","","","","","","","","","","","","","","","","","","","","","","","","","","","","","","","","","","","","","","","","","","","","","",""
"33167001","BORDEAUX_OBSERVATOIRE",44.831667,-0.525,74,1912032303,"","","","","","","","","","","","","","","","","","","","","","","","","","","","","","","","","","","","",6.6,9,"","","","","","","","","","","","","","","","","","","","","","","","","","","","","","","","","","","","","","","","","","","","",1019.1,9,1010.,9,"","","","","","","","","","","","","","","","","","","","","","","","","","","","","","","","","","","","","","","","","","","","","","","","","","","","","","","","","","","","","","","","","","","","","","","","","","","","","","","","","","","","","","","","","","","","","","","","","","","","","","","","","","","","","","","",""
"33167001","BORDEAUX_OBSERVATOIRE",44.831667,-0.525,74,1912032307,"","","","","","","","","","","","","","","","","","","","","","","","","","","","","","","","","","","","",7.9,9,"","","","","","","","","","","","","","","","","","","","","","","","","","","","","","","","","","","","","","","","","","","","",1019.6,9,1010.5,9,"","","",9,"","","","","","","","","","","","","","","","","","","","","","","","","","","","","","","","","","","","","","","","","","","","","","","","","","","","","","","","","","","","","","","","","","","","","","","","","","","","","","","","","","","","","","","","","","","","","","","","","","","","","","","","","","","",""
"33167001","BORDEAUX_OBSERVATOIRE",44.831667,-0.525,74,1912032309,"","","","","","","","","","","","","","","","","","","","","","","","","","","","","","","","","","","","",8.7,9,"","","","","","","","","","","","","","","","","","","","","","","","","","","","","","","","","","","","","","","","","","","","",1019.3,9,1010.2,9,"","","","","","","","","","","","","","","","","","","","","","","","","","","","","","","","","","","","","","","","","","","","","","","","","","","","","","","","","","","","","","","","","","","","","","","","","","","","","","","","","","","","","","","","","","","","","","","","","","","","","","","","","","","","","","","",""
"33167001","BORDEAUX_OBSERVATOIRE",44.831667,-0.525,74,1912032312,"","","","","","","","","","","","","","","","","","","","","","","","","","","","","","","","","","","","",12.9,9,"","","","","","","","","","","","","","","","","","","","","","","","","","","","","","","","","","","","","","","","","","","","",1019.,9,1010.1,1,"","","","","","","","","","","","","","","","","","","","","","","","","","","","","","","","","","","","","","","","","","","","","","","","","","","","","","","","","","","","","","","","","","","","","","","","","","","","","","","","","","","","","","","","","","","","","","","","","","","","","","","","","","","","","","","",""
"33167001","BORDEAUX_OBSERVATOIRE",44.831667,-0.525,74,1912032315,"","","","","","","","","","","","","","","","","","","","","","","","","","","","","","","","","","","","",11.4,9,"","","","","","","","","","","","","","","","","","","","","","","","","","","","","","","","","","","","","","","","","","","","",1018.6,9,1009.6,9,"","","","","","","","","","","","","","","","","","","","","","","","","","","","","","","","","","","","","","","","","","","","","","","","","","","","","","","","","","","","","","","","","","","","","","","","","","","","","","","","","","","","","","","","","","","","","","","","","","","","","","","","","","","","","","","",""
"33167001","BORDEAUX_OBSERVATOIRE",44.831667,-0.525,74,1912032318,"","","","","","","","","","","","","","","","","","","","","","","","","","","","","","","","","","","","",11.2,9,"","","","","","","","","","","","","","","","","","","","","","","","","","","","","","","","","","","","","","","","","","","","",1018.8,9,1009.8,9,"","","","","","","","","","","","","","","","","","","","","","","","","","","","","","","","","","","","","","","","","","","","","","","","","","","","","","","","","","","","","","","","","","","","","","","","","","","","","","","","","","","","","","","","","","","","","","","","","","","","","","","","","","","","","","","",""
"33167001","BORDEAUX_OBSERVATOIRE",44.831667,-0.525,74,1912032321,"","","","","","","","","","","","","","","","","","","","","","","","","","","","","","","","","","","","",10.9,9,"","","","","","","","","","","","","","","","","","","","","","","","","","","","","","","","","","","","","","","","","","","","",1019.2,9,1010.2,9,"","","","","","","","","","","","","","","","","","","","","","","","","","","","","","","","","","","","","","","","","","","","","","","","","","","","","","","","","","","","","","","","","","","","","","","","","","","","","","","","","","","","","","","","","","","","","","","","","","","","","","","","","","","","","","","",""
"33167001","BORDEAUX_OBSERVATOIRE",44.831667,-0.525,74,1912032400,"","","","","","","","","","","","","","","","","","","","","","","","","","","","","","","","","","","","",11.2,9,"","","","","","","","","","","","","","","","","","","","","","","","","","","","","","","","","","","","","","","","","","","","",1019.,9,1010.,9,"","","","","","","","","","","","","","","","","","","","","","","","","","","","","","","","","","","","","","","","","","","","","","","","","","","","","","","","","","","","","","","","","","","","","","","","","","","","","","","","","","","","","","","","","","","","","","","","","","","","","","","","","","","","","","","",""
"33167001","BORDEAUX_OBSERVATOIRE",44.831667,-0.525,74,1912032403,"","","","","","","","","","","","","","","","","","","","","","","","","","","","","","","","","","","","",10.8,9,"","","","","","","","","","","","","","","","","","","","","","","","","","","","","","","","","","","","","","","","","","","","",1018.8,9,1009.8,9,"","","","","","","","","","","","","","","","","","","","","","","","","","","","","","","","","","","","","","","","","","","","","","","","","","","","","","","","","","","","","","","","","","","","","","","","","","","","","","","","","","","","","","","","","","","","","","","","","","","","","","","","","","","","","","","",""
"33167001","BORDEAUX_OBSERVATOIRE",44.831667,-0.525,74,1912032407,"","","","","","","","","","","","","","","","","","","","","","","","","","","","","","","","","","","","",11.2,9,"","","","","","","","","","","","","","","","","","","","","","","","","","","","","","","","","","","","","","","","","","","","",1020.,9,1011.,9,"","","",9,"","","","","","","","","","","","","","","","","","","","","","","","","","","","","","","","","","","","","","","","","","","","","","","","","","","","","","","","","","","","","","","","","","","","","","","","","","","","","","","","","","","","","","","","","","","","","","","","","","","","","","","","","","","",""
"33167001","BORDEAUX_OBSERVATOIRE",44.831667,-0.525,74,1912032409,"","","","","","","","","","","","","","","","","","","","","","","","","","","","","","","","","","","","",11.9,9,"","","","","","","","","","","","","","","","","","","","","","","","","","","","","","","","","","","","","","","","","","","","",1020.9,9,1011.9,9,"","","","","","","","","","","","","","","","","","","","","","","","","","","","","","","","","","","","","","","","","","","","","","","","","","","","","","","","","","","","","","","","","","","","","","","","","","","","","","","","","","","","","","","","","","","","","","","","","","","","","","","","","","","","","","","",""
"33167001","BORDEAUX_OBSERVATOIRE",44.831667,-0.525,74,1912032412,"","","","","","","","","","","","","","","","","","","","","","","","","","","","","","","","","","","","",12.6,9,"","","","","","","","","","","","","","","","","","","","","","","","","","","","","","","","","","","","","","","","","","","","",1022.5,9,1013.5,1,"","","","","","","","","","","","","","","","","","","","","","","","","","","","","","","","","","","","","","","","","","","","","","","","","","","","","","","","","","","","","","","","","","","","","","","","","","","","","","","","","","","","","","","","","","","","","","","","","","","","","","","","","","","","","","","",""
"33167001","BORDEAUX_OBSERVATOIRE",44.831667,-0.525,74,1912032415,"","","","","","","","","","","","","","","","","","","","","","","","","","","","","","","","","","","","",13.,9,"","","","","","","","","","","","","","","","","","","","","","","","","","","","","","","","","","","","","","","","","","","","",1023.5,9,1014.6,9,"","","","","","","","","","","","","","","","","","","","","","","","","","","","","","","","","","","","","","","","","","","","","","","","","","","","","","","","","","","","","","","","","","","","","","","","","","","","","","","","","","","","","","","","","","","","","","","","","","","","","","","","","","","","","","","",""
"33167001","BORDEAUX_OBSERVATOIRE",44.831667,-0.525,74,1912032418,"","","","","","","","","","","","","","","","","","","","","","","","","","","","","","","","","","","","",11.9,9,"","","","","","","","","","","","","","","","","","","","","","","","","","","","","","","","","","","","","","","","","","","","",1025.2,9,1016.2,9,"","","","","","","","","","","","","","","","","","","","","","","","","","","","","","","","","","","","","","","","","","","","","","","","","","","","","","","","","","","","","","","","","","","","","","","","","","","","","","","","","","","","","","","","","","","","","","","","","","","","","","","","","","","","","","","",""
"33167001","BORDEAUX_OBSERVATOIRE",44.831667,-0.525,74,1912032421,"","","","","","","","","","","","","","","","","","","","","","","","","","","","","","","","","","","","",11.7,9,"","","","","","","","","","","","","","","","","","","","","","","","","","","","","","","","","","","","","","","","","","","","",1026.5,9,1017.5,9,"","","","","","","","","","","","","","","","","","","","","","","","","","","","","","","","","","","","","","","","","","","","","","","","","","","","","","","","","","","","","","","","","","","","","","","","","","","","","","","","","","","","","","","","","","","","","","","","","","","","","","","","","","","","","","","",""
"33167001","BORDEAUX_OBSERVATOIRE",44.831667,-0.525,74,1912032500,"","","","","","","","","","","","","","","","","","","","","","","","","","","","","","","","","","","","",11.4,9,"","","","","","","","","","","","","","","","","","","","","","","","","","","","","","","","","","","","","","","","","","","","",1027.2,9,1018.2,9,"","","","","","","","","","","","","","","","","","","","","","","","","","","","","","","","","","","","","","","","","","","","","","","","","","","","","","","","","","","","","","","","","","","","","","","","","","","","","","","","","","","","","","","","","","","","","","","","","","","","","","","","","","","","","","","",""
"33167001","BORDEAUX_OBSERVATOIRE",44.831667,-0.525,74,1912032503,"","","","","","","","","","","","","","","","","","","","","","","","","","","","","","","","","","","","",10.5,9,"","","","","","","","","","","","","","","","","","","","","","","","","","","","","","","","","","","","","","","","","","","","",1027.3,9,1018.2,9,"","","","","","","","","","","","","","","","","","","","","","","","","","","","","","","","","","","","","","","","","","","","","","","","","","","","","","","","","","","","","","","","","","","","","","","","","","","","","","","","","","","","","","","","","","","","","","","","","","","","","","","","","","","","","","","",""
"33167001","BORDEAUX_OBSERVATOIRE",44.831667,-0.525,74,1912032507,"","","","","","","","","","","","","","","","","","","","","","","","","","","","","","","","","","","","",11.,9,"","","","","","","","","","","","","","","","","","","","","","","","","","","","","","","","","","","","","","","","","","","","",1027.8,9,1018.7,9,"","","",9,"","","","","","","","","","","","","","","","","","","","","","","","","","","","","","","","","","","","","","","","","","","","","","","","","","","","","","","","","","","","","","","","","","","","","","","","","","","","","","","","","","","","","","","","","","","","","","","","","","","","","","","","","","","",""
"33167001","BORDEAUX_OBSERVATOIRE",44.831667,-0.525,74,1912032509,"","","","","","","","","","","","","","","","","","","","","","","","","","","","","","","","","","","","",12.7,9,"","","","","","","","","","","","","","","","","","","","","","","","","","","","","","","","","","","","","","","","","","","","",1027.8,9,1018.8,9,"","","","","","","","","","","","","","","","","","","","","","","","","","","","","","","","","","","","","","","","","","","","","","","","","","","","","","","","","","","","","","","","","","","","","","","","","","","","","","","","","","","","","","","","","","","","","","","","","","","","","","","","","","","","","","","",""
"33167001","BORDEAUX_OBSERVATOIRE",44.831667,-0.525,74,1912032512,"","","","","","","","","","","","","","","","","","","","","","","","","","","","","","","","","","","","",15.5,9,"","","","","","","","","","","","","","","","","","","","","","","","","","","","","","","","","","","","","","","","","","","","",1026.9,9,1018.,1,"","","","","","","","","","","","","","","","","","","","","","","","","","","","","","","","","","","","","","","","","","","","","","","","","","","","","","","","","","","","","","","","","","","","","","","","","","","","","","","","","","","","","","","","","","","","","","","","","","","","","","","","","","","","","","","",""
"33167001","BORDEAUX_OBSERVATOIRE",44.831667,-0.525,74,1912032515,"","","","","","","","","","","","","","","","","","","","","","","","","","","","","","","","","","","","",16.3,9,"","","","","","","","","","","","","","","","","","","","","","","","","","","","","","","","","","","","","","","","","","","","",1025.7,9,1016.8,9,"","","","","","","","","","","","","","","","","","","","","","","","","","","","","","","","","","","","","","","","","","","","","","","","","","","","","","","","","","","","","","","","","","","","","","","","","","","","","","","","","","","","","","","","","","","","","","","","","","","","","","","","","","","","","","","",""
"33167001","BORDEAUX_OBSERVATOIRE",44.831667,-0.525,74,1912032518,"","","","","","","","","","","","","","","","","","","","","","","","","","","","","","","","","","","","",14.9,9,"","","","","","","","","","","","","","","","","","","","","","","","","","","","","","","","","","","","","","","","","","","","",1025.6,9,1016.7,9,"","","","","","","","","","","","","","","","","","","","","","","","","","","","","","","","","","","","","","","","","","","","","","","","","","","","","","","","","","","","","","","","","","","","","","","","","","","","","","","","","","","","","","","","","","","","","","","","","","","","","","","","","","","","","","","",""
"33167001","BORDEAUX_OBSERVATOIRE",44.831667,-0.525,74,1912032521,"","","","","","","","","","","","","","","","","","","","","","","","","","","","","","","","","","","","",12.6,9,"","","","","","","","","","","","","","","","","","","","","","","","","","","","","","","","","","","","","","","","","","","","",1025.8,9,1016.8,9,"","","","","","","","","","","","","","","","","","","","","","","","","","","","","","","","","","","","","","","","","","","","","","","","","","","","","","","","","","","","","","","","","","","","","","","","","","","","","","","","","","","","","","","","","","","","","","","","","","","","","","","","","","","","","","","",""
"33167001","BORDEAUX_OBSERVATOIRE",44.831667,-0.525,74,1912032600,"","","","","","","","","","","","","","","","","","","","","","","","","","","","","","","","","","","","",10.6,9,"","","","","","","","","","","","","","","","","","","","","","","","","","","","","","","","","","","","","","","","","","","","",1024.9,9,1015.9,9,"","","","","","","","","","","","","","","","","","","","","","","","","","","","","","","","","","","","","","","","","","","","","","","","","","","","","","","","","","","","","","","","","","","","","","","","","","","","","","","","","","","","","","","","","","","","","","","","","","","","","","","","","","","","","","","",""
"33167001","BORDEAUX_OBSERVATOIRE",44.831667,-0.525,74,1912032603,"","","","","","","","","","","","","","","","","","","","","","","","","","","","","","","","","","","","",9.2,9,"","","","","","","","","","","","","","","","","","","","","","","","","","","","","","","","","","","","","","","","","","","","",1023.8,9,1014.7,9,"","","","","","","","","","","","","","","","","","","","","","","","","","","","","","","","","","","","","","","","","","","","","","","","","","","","","","","","","","","","","","","","","","","","","","","","","","","","","","","","","","","","","","","","","","","","","","","","","","","","","","","","","","","","","","","",""
"33167001","BORDEAUX_OBSERVATOIRE",44.831667,-0.525,74,1912032607,"","","","","","","","","","","","","","","","","","","","","","","","","","","","","","","","","","","","",10.9,9,"","","","","","","","","","","","","","","","","","","","","","","","","","","","","","","","","","","","","","","","","","","","",1023.9,9,1014.9,9,"","","",9,"","","","","","","","","","","","","","","","","","","","","","","","","","","","","","","","","","","","","","","","","","","","","","","","","","","","","","","","","","","","","","","","","","","","","","","","","","","","","","","","","","","","","","","","","","","","","","","","","","","","","","","","","","","",""
"33167001","BORDEAUX_OBSERVATOIRE",44.831667,-0.525,74,1912032609,"","","","","","","","","","","","","","","","","","","","","","","","","","","","","","","","","","","","",15.8,9,"","","","","","","","","","","","","","","","","","","","","","","","","","","","","","","","","","","","","","","","","","","","",1024.5,9,1015.6,9,"","","","","","","","","","","","","","","","","","","","","","","","","","","","","","","","","","","","","","","","","","","","","","","","","","","","","","","","","","","","","","","","","","","","","","","","","","","","","","","","","","","","","","","","","","","","","","","","","","","","","","","","","","","","","","","",""
"33167001","BORDEAUX_OBSERVATOIRE",44.831667,-0.525,74,1912032612,"","","","","","","","","","","","","","","","","","","","","","","","","","","","","","","","","","","","",19.8,9,"","","","","","","","","","","","","","","","","","","","","","","","","","","","","","","","","","","","","","","","","","","","",1024.4,9,1015.7,1,"","","","","","","","","","","","","","","","","","","","","","","","","","","","","","","","","","","","","","","","","","","","","","","","","","","","","","","","","","","","","","","","","","","","","","","","","","","","","","","","","","","","","","","","","","","","","","","","","","","","","","","","","","","","","","","",""
"33167001","BORDEAUX_OBSERVATOIRE",44.831667,-0.525,74,1912032615,"","","","","","","","","","","","","","","","","","","","","","","","","","","","","","","","","","","","",23.2,9,"","","","","","","","","","","","","","","","","","","","","","","","","","","","","","","","","","","","","","","","","","","","",1023.2,9,1014.6,9,"","","","","","","","","","","","","","","","","","","","","","","","","","","","","","","","","","","","","","","","","","","","","","","","","","","","","","","","","","","","","","","","","","","","","","","","","","","","","","","","","","","","","","","","","","","","","","","","","","","","","","","","","","","","","","","",""
"33167001","BORDEAUX_OBSERVATOIRE",44.831667,-0.525,74,1912032618,"","","","","","","","","","","","","","","","","","","","","","","","","","","","","","","","","","","","",19.8,9,"","","","","","","","","","","","","","","","","","","","","","","","","","","","","","","","","","","","","","","","","","","","",1023.4,9,1014.7,9,"","","","","","","","","","","","","","","","","","","","","","","","","","","","","","","","","","","","","","","","","","","","","","","","","","","","","","","","","","","","","","","","","","","","","","","","","","","","","","","","","","","","","","","","","","","","","","","","","","","","","","","","","","","","","","","",""
"33167001","BORDEAUX_OBSERVATOIRE",44.831667,-0.525,74,1912032621,"","","","","","","","","","","","","","","","","","","","","","","","","","","","","","","","","","","","",18.3,9,"","","","","","","","","","","","","","","","","","","","","","","","","","","","","","","","","","","","","","","","","","","","",1023.6,9,1014.8,9,"","","","","","","","","","","","","","","","","","","","","","","","","","","","","","","","","","","","","","","","","","","","","","","","","","","","","","","","","","","","","","","","","","","","","","","","","","","","","","","","","","","","","","","","","","","","","","","","","","","","","","","","","","","","","","","",""
"33167001","BORDEAUX_OBSERVATOIRE",44.831667,-0.525,74,1912032700,"","","","","","","","","","","","","","","","","","","","","","","","","","","","","","","","","","","","",15.3,9,"","","","","","","","","","","","","","","","","","","","","","","","","","","","","","","","","","","","","","","","","","","","",1023.9,9,1015.,9,"","","","","","","","","","","","","","","","","","","","","","","","","","","","","","","","","","","","","","","","","","","","","","","","","","","","","","","","","","","","","","","","","","","","","","","","","","","","","","","","","","","","","","","","","","","","","","","","","","","","","","","","","","","","","","","",""
"33167001","BORDEAUX_OBSERVATOIRE",44.831667,-0.525,74,1912032703,"","","","","","","","","","","","","","","","","","","","","","","","","","","","","","","","","","","","",12.,9,"","","","","","","","","","","","","","","","","","","","","","","","","","","","","","","","","","","","","","","","","","","","",1023.4,9,1014.4,9,"","","","","","","","","","","","","","","","","","","","","","","","","","","","","","","","","","","","","","","","","","","","","","","","","","","","","","","","","","","","","","","","","","","","","","","","","","","","","","","","","","","","","","","","","","","","","","","","","","","","","","","","","","","","","","","",""
"33167001","BORDEAUX_OBSERVATOIRE",44.831667,-0.525,74,1912032707,"","","","","","","","","","","","","","","","","","","","","","","","","","","","","","","","","","","","",11.,9,"","","","","","","","","","","","","","","","","","","","","","","","","","","","","","","","","","","","","","","","","","","","",1024.6,9,1015.6,9,"","","",9,"","","","","","","","","","","","","","","","","","","","","","","","","","","","","","","","","","","","","","","","","","","","","","","","","","","","","","","","","","","","","","","","","","","","","","","","","","","","","","","","","","","","","","","","","","","","","","","","","","","","","","","","","","","",""
"33167001","BORDEAUX_OBSERVATOIRE",44.831667,-0.525,74,1912032709,"","","","","","","","","","","","","","","","","","","","","","","","","","","","","","","","","","","","",14.4,9,"","","","","","","","","","","","","","","","","","","","","","","","","","","","","","","","","","","","","","","","","","","","",1025.2,9,1016.3,9,"","","","","","","","","","","","","","","","","","","","","","","","","","","","","","","","","","","","","","","","","","","","","","","","","","","","","","","","","","","","","","","","","","","","","","","","","","","","","","","","","","","","","","","","","","","","","","","","","","","","","","","","","","","","","","","",""
"33167001","BORDEAUX_OBSERVATOIRE",44.831667,-0.525,74,1912032712,"","","","","","","","","","","","","","","","","","","","","","","","","","","","","","","","","","","","",22.5,9,"","","","","","","","","","","","","","","","","","","","","","","","","","","","","","","","","","","","","","","","","","","","",1024.9,9,1016.3,1,"","","","","","","","","","","","","","","","","","","","","","","","","","","","","","","","","","","","","","","","","","","","","","","","","","","","","","","","","","","","","","","","","","","","","","","","","","","","","","","","","","","","","","","","","","","","","","","","","","","","","","","","","","","","","","","",""
"33167001","BORDEAUX_OBSERVATOIRE",44.831667,-0.525,74,1912032715,"","","","","","","","","","","","","","","","","","","","","","","","","","","","","","","","","","","","",21.,9,"","","","","","","","","","","","","","","","","","","","","","","","","","","","","","","","","","","","","","","","","","","","",1025.,9,1016.3,9,"","","","","","","","","","","","","","","","","","","","","","","","","","","","","","","","","","","","","","","","","","","","","","","","","","","","","","","","","","","","","","","","","","","","","","","","","","","","","","","","","","","","","","","","","","","","","","","","","","","","","","","","","","","","","","","",""
"33167001","BORDEAUX_OBSERVATOIRE",44.831667,-0.525,74,1912032718,"","","","","","","","","","","","","","","","","","","","","","","","","","","","","","","","","","","","",15.8,9,"","","","","","","","","","","","","","","","","","","","","","","","","","","","","","","","","","","","","","","","","","","","",1025.2,9,1016.3,9,"","","","","","","","","","","","","","","","","","","","","","","","","","","","","","","","","","","","","","","","","","","","","","","","","","","","","","","","","","","","","","","","","","","","","","","","","","","","","","","","","","","","","","","","","","","","","","","","","","","","","","","","","","","","","","","",""
"33167001","BORDEAUX_OBSERVATOIRE",44.831667,-0.525,74,1912032721,"","","","","","","","","","","","","","","","","","","","","","","","","","","","","","","","","","","","",11.8,9,"","","","","","","","","","","","","","","","","","","","","","","","","","","","","","","","","","","","","","","","","","","","",1026.8,9,1017.8,9,"","","","","","","","","","","","","","","","","","","","","","","","","","","","","","","","","","","","","","","","","","","","","","","","","","","","","","","","","","","","","","","","","","","","","","","","","","","","","","","","","","","","","","","","","","","","","","","","","","","","","","","","","","","","","","","",""
"33167001","BORDEAUX_OBSERVATOIRE",44.831667,-0.525,74,1912032800,"","","","","","","","","","","","","","","","","","","","","","","","","","","","","","","","","","","","",10.4,9,"","","","","","","","","","","","","","","","","","","","","","","","","","","","","","","","","","","","","","","","","","","","",1027.,9,1017.9,9,"","","","","","","","","","","","","","","","","","","","","","","","","","","","","","","","","","","","","","","","","","","","","","","","","","","","","","","","","","","","","","","","","","","","","","","","","","","","","","","","","","","","","","","","","","","","","","","","","","","","","","","","","","","","","","","",""
"33167001","BORDEAUX_OBSERVATOIRE",44.831667,-0.525,74,1912032803,"","","","","","","","","","","","","","","","","","","","","","","","","","","","","","","","","","","","",10.,9,"","","","","","","","","","","","","","","","","","","","","","","","","","","","","","","","","","","","","","","","","","","","",1026.3,9,1017.2,9,"","","","","","","","","","","","","","","","","","","","","","","","","","","","","","","","","","","","","","","","","","","","","","","","","","","","","","","","","","","","","","","","","","","","","","","","","","","","","","","","","","","","","","","","","","","","","","","","","","","","","","","","","","","","","","","",""
"33167001","BORDEAUX_OBSERVATOIRE",44.831667,-0.525,74,1912032807,"","","","","","","","","","","","","","","","","","","","","","","","","","","","","","","","","","","","",9.1,9,"","","","","","","","","","","","","","","","","","","","","","","","","","","","","","","","","","","","","","","","","","","","",1026.6,9,1017.5,9,"","","",9,"","","","","","","","","","","","","","","","","","","","","","","","","","","","","","","","","","","","","","","","","","","","","","","","","","","","","","","","","","","","","","","","","","","","","","","","","","","","","","","","","","","","","","","","","","","","","","","","","","","","","","","","","","","",""
"33167001","BORDEAUX_OBSERVATOIRE",44.831667,-0.525,74,1912032809,"","","","","","","","","","","","","","","","","","","","","","","","","","","","","","","","","","","","",10.6,9,"","","","","","","","","","","","","","","","","","","","","","","","","","","","","","","","","","","","","","","","","","","","",1027.,9,1017.9,9,"","","","","","","","","","","","","","","","","","","","","","","","","","","","","","","","","","","","","","","","","","","","","","","","","","","","","","","","","","","","","","","","","","","","","","","","","","","","","","","","","","","","","","","","","","","","","","","","","","","","","","","","","","","","","","","",""
"33167001","BORDEAUX_OBSERVATOIRE",44.831667,-0.525,74,1912032812,"","","","","","","","","","","","","","","","","","","","","","","","","","","","","","","","","","","","",11.8,9,"","","","","","","","","","","","","","","","","","","","","","","","","","","","","","","","","","","","","","","","","","","","",1026.6,9,1017.6,1,"","","","","","","","","","","","","","","","","","","","","","","","","","","","","","","","","","","","","","","","","","","","","","","","","","","","","","","","","","","","","","","","","","","","","","","","","","","","","","","","","","","","","","","","","","","","","","","","","","","","","","","","","","","","","","","",""
"33167001","BORDEAUX_OBSERVATOIRE",44.831667,-0.525,74,1912032815,"","","","","","","","","","","","","","","","","","","","","","","","","","","","","","","","","","","","",16.9,9,"","","","","","","","","","","","","","","","","","","","","","","","","","","","","","","","","","","","","","","","","","","","",1025.,9,1016.2,9,"","","","","","","","","","","","","","","","","","","","","","","","","","","","","","","","","","","","","","","","","","","","","","","","","","","","","","","","","","","","","","","","","","","","","","","","","","","","","","","","","","","","","","","","","","","","","","","","","","","","","","","","","","","","","","","",""
"33167001","BORDEAUX_OBSERVATOIRE",44.831667,-0.525,74,1912032818,"","","","","","","","","","","","","","","","","","","","","","","","","","","","","","","","","","","","",13.1,9,"","","","","","","","","","","","","","","","","","","","","","","","","","","","","","","","","","","","","","","","","","","","",1024.6,9,1015.6,9,"","","","","","","","","","","","","","","","","","","","","","","","","","","","","","","","","","","","","","","","","","","","","","","","","","","","","","","","","","","","","","","","","","","","","","","","","","","","","","","","","","","","","","","","","","","","","","","","","","","","","","","","","","","","","","","",""
"33167001","BORDEAUX_OBSERVATOIRE",44.831667,-0.525,74,1912032821,"","","","","","","","","","","","","","","","","","","","","","","","","","","","","","","","","","","","",9.2,9,"","","","","","","","","","","","","","","","","","","","","","","","","","","","","","","","","","","","","","","","","","","","",1025.5,9,1016.4,9,"","","","","","","","","","","","","","","","","","","","","","","","","","","","","","","","","","","","","","","","","","","","","","","","","","","","","","","","","","","","","","","","","","","","","","","","","","","","","","","","","","","","","","","","","","","","","","","","","","","","","","","","","","","","","","","",""
"33167001","BORDEAUX_OBSERVATOIRE",44.831667,-0.525,74,1912032900,"","","","","","","","","","","","","","","","","","","","","","","","","","","","","","","","","","","","",9.3,9,"","","","","","","","","","","","","","","","","","","","","","","","","","","","","","","","","","","","","","","","","","","","",1025.7,9,1016.6,9,"","","","","","","","","","","","","","","","","","","","","","","","","","","","","","","","","","","","","","","","","","","","","","","","","","","","","","","","","","","","","","","","","","","","","","","","","","","","","","","","","","","","","","","","","","","","","","","","","","","","","","","","","","","","","","","",""
"33167001","BORDEAUX_OBSERVATOIRE",44.831667,-0.525,74,1912032903,"","","","","","","","","","","","","","","","","","","","","","","","","","","","","","","","","","","","",9.7,9,"","","","","","","","","","","","","","","","","","","","","","","","","","","","","","","","","","","","","","","","","","","","",1025.4,9,1016.3,9,"","","","","","","","","","","","","","","","","","","","","","","","","","","","","","","","","","","","","","","","","","","","","","","","","","","","","","","","","","","","","","","","","","","","","","","","","","","","","","","","","","","","","","","","","","","","","","","","","","","","","","","","","","","","","","","",""
"33167001","BORDEAUX_OBSERVATOIRE",44.831667,-0.525,74,1912032907,"","","","","","","","","","","","","","","","","","","","","","","","","","","","","","","","","","","","",9.9,9,"","","","","","","","","","","","","","","","","","","","","","","","","","","","","","","","","","","","","","","","","","","","",1026.6,9,1017.5,9,"","","",9,"","","","","","","","","","","","","","","","","","","","","","","","","","","","","","","","","","","","","","","","","","","","","","","","","","","","","","","","","","","","","","","","","","","","","","","","","","","","","","","","","","","","","","","","","","","","","","","","","","","","","","","","","","","",""
"33167001","BORDEAUX_OBSERVATOIRE",44.831667,-0.525,74,1912032909,"","","","","","","","","","","","","","","","","","","","","","","","","","","","","","","","","","","","",12.4,9,"","","","","","","","","","","","","","","","","","","","","","","","","","","","","","","","","","","","","","","","","","","","",1027.,9,1018.,9,"","","","","","","","","","","","","","","","","","","","","","","","","","","","","","","","","","","","","","","","","","","","","","","","","","","","","","","","","","","","","","","","","","","","","","","","","","","","","","","","","","","","","","","","","","","","","","","","","","","","","","","","","","","","","","","",""
"33167001","BORDEAUX_OBSERVATOIRE",44.831667,-0.525,74,1912032912,"","","","","","","","","","","","","","","","","","","","","","","","","","","","","","","","","","","","",12.7,9,"","","","","","","","","","","","","","","","","","","","","","","","","","","","","","","","","","","","","","","","","","","","",1026.9,9,1017.9,1,"","","","","","","","","","","","","","","","","","","","","","","","","","","","","","","","","","","","","","","","","","","","","","","","","","","","","","","","","","","","","","","","","","","","","","","","","","","","","","","","","","","","","","","","","","","","","","","","","","","","","","","","","","","","","","","",""
"33167001","BORDEAUX_OBSERVATOIRE",44.831667,-0.525,74,1912032915,"","","","","","","","","","","","","","","","","","","","","","","","","","","","","","","","","","","","",12.1,9,"","","","","","","","","","","","","","","","","","","","","","","","","","","","","","","","","","","","","","","","","","","","",1026.1,9,1017.1,9,"","","","","","","","","","","","","","","","","","","","","","","","","","","","","","","","","","","","","","","","","","","","","","","","","","","","","","","","","","","","","","","","","","","","","","","","","","","","","","","","","","","","","","","","","","","","","","","","","","","","","","","","","","","","","","","",""
"33167001","BORDEAUX_OBSERVATOIRE",44.831667,-0.525,74,1912032918,"","","","","","","","","","","","","","","","","","","","","","","","","","","","","","","","","","","","",11.8,9,"","","","","","","","","","","","","","","","","","","","","","","","","","","","","","","","","","","","","","","","","","","","",1026.,9,1017.,9,"","","","","","","","","","","","","","","","","","","","","","","","","","","","","","","","","","","","","","","","","","","","","","","","","","","","","","","","","","","","","","","","","","","","","","","","","","","","","","","","","","","","","","","","","","","","","","","","","","","","","","","","","","","","","","","",""
"33167001","BORDEAUX_OBSERVATOIRE",44.831667,-0.525,74,1912032921,"","","","","","","","","","","","","","","","","","","","","","","","","","","","","","","","","","","","",11.,9,"","","","","","","","","","","","","","","","","","","","","","","","","","","","","","","","","","","","","","","","","","","","",1026.,9,1017.,9,"","","","","","","","","","","","","","","","","","","","","","","","","","","","","","","","","","","","","","","","","","","","","","","","","","","","","","","","","","","","","","","","","","","","","","","","","","","","","","","","","","","","","","","","","","","","","","","","","","","","","","","","","","","","","","","",""
"33167001","BORDEAUX_OBSERVATOIRE",44.831667,-0.525,74,1912033000,"","","","","","","","","","","","","","","","","","","","","","","","","","","","","","","","","","","","",8.4,9,"","","","","","","","","","","","","","","","","","","","","","","","","","","","","","","","","","","","","","","","","","","","",1025.3,9,1016.2,9,"","","","","","","","","","","","","","","","","","","","","","","","","","","","","","","","","","","","","","","","","","","","","","","","","","","","","","","","","","","","","","","","","","","","","","","","","","","","","","","","","","","","","","","","","","","","","","","","","","","","","","","","","","","","","","","",""
"33167001","BORDEAUX_OBSERVATOIRE",44.831667,-0.525,74,1912033003,"","","","","","","","","","","","","","","","","","","","","","","","","","","","","","","","","","","","",6.5,9,"","","","","","","","","","","","","","","","","","","","","","","","","","","","","","","","","","","","","","","","","","","","",1024.2,9,1015.,9,"","","","","","","","","","","","","","","","","","","","","","","","","","","","","","","","","","","","","","","","","","","","","","","","","","","","","","","","","","","","","","","","","","","","","","","","","","","","","","","","","","","","","","","","","","","","","","","","","","","","","","","","","","","","","","","",""
"33167001","BORDEAUX_OBSERVATOIRE",44.831667,-0.525,74,1912033007,"","","","","","","","","","","","","","","","","","","","","","","","","","","","","","","","","","","","",6.4,9,"","","","","","","","","","","","","","","","","","","","","","","","","","","","","","","","","","","","","","","","","","","","",1025.1,9,1015.9,9,"","","",9,"","","","","","","","","","","","","","","","","","","","","","","","","","","","","","","","","","","","","","","","","","","","","","","","","","","","","","","","","","","","","","","","","","","","","","","","","","","","","","","","","","","","","","","","","","","","","","","","","","","","","","","","","","","",""
"33167001","BORDEAUX_OBSERVATOIRE",44.831667,-0.525,74,1912033009,"","","","","","","","","","","","","","","","","","","","","","","","","","","","","","","","","","","","",10.4,9,"","","","","","","","","","","","","","","","","","","","","","","","","","","","","","","","","","","","","","","","","","","","",1025.4,9,1016.3,9,"","","","","","","","","","","","","","","","","","","","","","","","","","","","","","","","","","","","","","","","","","","","","","","","","","","","","","","","","","","","","","","","","","","","","","","","","","","","","","","","","","","","","","","","","","","","","","","","","","","","","","","","","","","","","","","",""
"33167001","BORDEAUX_OBSERVATOIRE",44.831667,-0.525,74,1912033012,"","","","","","","","","","","","","","","","","","","","","","","","","","","","","","","","","","","","",13.5,9,"","","","","","","","","","","","","","","","","","","","","","","","","","","","","","","","","","","","","","","","","","","","",1024.3,9,1015.4,1,"","","","","","","","","","","","","","","","","","","","","","","","","","","","","","","","","","","","","","","","","","","","","","","","","","","","","","","","","","","","","","","","","","","","","","","","","","","","","","","","","","","","","","","","","","","","","","","","","","","","","","","","","","","","","","","",""
"33167001","BORDEAUX_OBSERVATOIRE",44.831667,-0.525,74,1912033015,"","","","","","","","","","","","","","","","","","","","","","","","","","","","","","","","","","","","",14.,9,"","","","","","","","","","","","","","","","","","","","","","","","","","","","","","","","","","","","","","","","","","","","",1022.5,9,1013.6,9,"","","","","","","","","","","","","","","","","","","","","","","","","","","","","","","","","","","","","","","","","","","","","","","","","","","","","","","","","","","","","","","","","","","","","","","","","","","","","","","","","","","","","","","","","","","","","","","","","","","","","","","","","","","","","","","",""
"33167001","BORDEAUX_OBSERVATOIRE",44.831667,-0.525,74,1912033018,"","","","","","","","","","","","","","","","","","","","","","","","","","","","","","","","","","","","",12.3,9,"","","","","","","","","","","","","","","","","","","","","","","","","","","","","","","","","","","","","","","","","","","","",1021.7,9,1012.7,9,"","","","","","","","","","","","","","","","","","","","","","","","","","","","","","","","","","","","","","","","","","","","","","","","","","","","","","","","","","","","","","","","","","","","","","","","","","","","","","","","","","","","","","","","","","","","","","","","","","","","","","","","","","","","","","","",""
"33167001","BORDEAUX_OBSERVATOIRE",44.831667,-0.525,74,1912033021,"","","","","","","","","","","","","","","","","","","","","","","","","","","","","","","","","","","","",8.6,9,"","","","","","","","","","","","","","","","","","","","","","","","","","","","","","","","","","","","","","","","","","","","",1021.3,9,1012.2,9,"","","","","","","","","","","","","","","","","","","","","","","","","","","","","","","","","","","","","","","","","","","","","","","","","","","","","","","","","","","","","","","","","","","","","","","","","","","","","","","","","","","","","","","","","","","","","","","","","","","","","","","","","","","","","","","",""
"33167001","BORDEAUX_OBSERVATOIRE",44.831667,-0.525,74,1912033100,"","","","","","","","","","","","","","","","","","","","","","","","","","","","","","","","","","","","",7.1,9,"","","","","","","","","","","","","","","","","","","","","","","","","","","","","","","","","","","","","","","","","","","","",1018.2,9,1009.1,9,"","","","","","","","","","","","","","","","","","","","","","","","","","","","","","","","","","","","","","","","","","","","","","","","","","","","","","","","","","","","","","","","","","","","","","","","","","","","","","","","","","","","","","","","","","","","","","","","","","","","","","","","","","","","","","","",""
"33167001","BORDEAUX_OBSERVATOIRE",44.831667,-0.525,74,1912033103,"","","","","","","","","","","","","","","","","","","","","","","","","","","","","","","","","","","","",4.5,9,"","","","","","","","","","","","","","","","","","","","","","","","","","","","","","","","","","","","","","","","","","","","",1014.7,9,1005.5,9,"","","","","","","","","","","","","","","","","","","","","","","","","","","","","","","","","","","","","","","","","","","","","","","","","","","","","","","","","","","","","","","","","","","","","","","","","","","","","","","","","","","","","","","","","","","","","","","","","","","","","","","","","","","","","","","",""
"33167001","BORDEAUX_OBSERVATOIRE",44.831667,-0.525,74,1912033107,"","","","","","","","","","","","","","","","","","","","","","","","","","","","","","","","","","","","",7.1,9,"","","","","","","","","","","","","","","","","","","","","","","","","","","","","","","","","","","","","","","","","","","","",1009.6,9,1000.6,9,"","","",9,"","","","","","","","","","","","","","","","","","","","","","","","","","","","","","","","","","","","","","","","","","","","","","","","","","","","","","","","","","","","","","","","","","","","","","","","","","","","","","","","","","","","","","","","","","","","","","","","","","","","","","","","","","","",""
"33167001","BORDEAUX_OBSERVATOIRE",44.831667,-0.525,74,1912033109,"","","","","","","","","","","","","","","","","","","","","","","","","","","","","","","","","","","","",11.2,9,"","","","","","","","","","","","","","","","","","","","","","","","","","","","","","","","","","","","","","","","","","","","",1008.,9,999.1,9,"","","","","","","","","","","","","","","","","","","","","","","","","","","","","","","","","","","","","","","","","","","","","","","","","","","","","","","","","","","","","","","","","","","","","","","","","","","","","","","","","","","","","","","","","","","","","","","","","","","","","","","","","","","","","","","",""
"33167001","BORDEAUX_OBSERVATOIRE",44.831667,-0.525,74,1912033112,"","","","","","","","","","","","","","","","","","","","","","","","","","","","","","","","","","","","",14.6,9,"","","","","","","","","","","","","","","","","","","","","","","","","","","","","","","","","","","","","","","","","","","","",1006.1,9,997.4,1,"","","","","","","","","","","","","","","","","","","","","","","","","","","","","","","","","","","","","","","","","","","","","","","","","","","","","","","","","","","","","","","","","","","","","","","","","","","","","","","","","","","","","","","","","","","","","","","","","","","","","","","","","","","","","","","",""
"33167001","BORDEAUX_OBSERVATOIRE",44.831667,-0.525,74,1912033115,"","","","","","","","","","","","","","","","","","","","","","","","","","","","","","","","","","","","",17.4,9,"","","","","","","","","","","","","","","","","","","","","","","","","","","","","","","","","","","","","","","","","","","","",1004.2,9,995.6,9,"","","","","","","","","","","","","","","","","","","","","","","","","","","","","","","","","","","","","","","","","","","","","","","","","","","","","","","","","","","","","","","","","","","","","","","","","","","","","","","","","","","","","","","","","","","","","","","","","","","","","","","","","","","","","","","",""
"33167001","BORDEAUX_OBSERVATOIRE",44.831667,-0.525,74,1912033118,"","","","","","","","","","","","","","","","","","","","","","","","","","","","","","","","","","","","",12.,9,"","","","","","","","","","","","","","","","","","","","","","","","","","","","","","","","","","","","","","","","","","","","",1005.5,9,996.7,9,"","","","","","","","","","","","","","","","","","","","","","","","","","","","","","","","","","","","","","","","","","","","","","","","","","","","","","","","","","","","","","","","","","","","","","","","","","","","","","","","","","","","","","","","","","","","","","","","","","","","","","","","","","","","","","","",""
"33167001","BORDEAUX_OBSERVATOIRE",44.831667,-0.525,74,1912033121,"","","","","","","","","","","","","","","","","","","","","","","","","","","","","","","","","","","","",9.3,9,"","","","","","","","","","","","","","","","","","","","","","","","","","","","","","","","","","","","","","","","","","","","",1006.3,9,997.4,9,"","","","","","","","","","","","","","","","","","","","","","","","","","","","","","","","","","","","","","","","","","","","","","","","","","","","","","","","","","","","","","","","","","","","","","","","","","","","","","","","","","","","","","","","","","","","","","","","","","","","","","","","","","","","","","","",""
"33167001","BORDEAUX_OBSERVATOIRE",44.831667,-0.525,74,1912040100,"","","","","","","","","","","","","","","","","","","","","","","","","","","","","","","","","","","","",9.5,9,"","","","","","","","","","","","","","","","","","","","","","","","","","","","","","","","","","","","","","","","","","","","",1004.9,9,996.,9,"","","","","","","","","","","","","","","","","","","","","","","","","","","","","","","","","","","","","","","","","","","","","","","","","","","","","","","","","","","","","","","","","","","","","","","","","","","","","","","","","","","","","","","","","","","","","","","","","","","","","","","","","","","","","","","",""
"33167001","BORDEAUX_OBSERVATOIRE",44.831667,-0.525,74,1912040103,"","","","","","","","","","","","","","","","","","","","","","","","","","","","","","","","","","","","",6.9,9,"","","","","","","","","","","","","","","","","","","","","","","","","","","","","","","","","","","","","","","","","","","","",1004.6,9,995.6,9,"","","","","","","","","","","","","","","","","","","","","","","","","","","","","","","","","","","","","","","","","","","","","","","","","","","","","","","","","","","","","","","","","","","","","","","","","","","","","","","","","","","","","","","","","","","","","","","","","","","","","","","","","","","","","","","",""
"33167001","BORDEAUX_OBSERVATOIRE",44.831667,-0.525,74,1912040107,"","","","","","","","","","","","","","","","","","","","","","","","","","","","","","","","","","","","",7.2,9,"","","","","","","","","","","","","","","","","","","","","","","","","","","","","","","","","","","","","","","","","","","","",1005.2,9,996.2,9,"","","",9,"","","","","","","","","","","","","","","","","","","","","","","","","","","","","","","","","","","","","","","","","","","","","","","","","","","","","","","","","","","","","","","","","","","","","","","","","","","","","","","","","","","","","","","","","","","","","","","","","","","","","","","","","","","",""
"33167001","BORDEAUX_OBSERVATOIRE",44.831667,-0.525,74,1912040109,"","","","","","","","","","","","","","","","","","","","","","","","","","","","","","","","","","","","",9.1,9,"","","","","","","","","","","","","","","","","","","","","","","","","","","","","","","","","","","","","","","","","","","","",1005.6,9,996.7,9,"","","","","","","","","","","","","","","","","","","","","","","","","","","","","","","","","","","","","","","","","","","","","","","","","","","","","","","","","","","","","","","","","","","","","","","","","","","","","","","","","","","","","","","","","","","","","","","","","","","","","","","","","","","","","","","",""
"33167001","BORDEAUX_OBSERVATOIRE",44.831667,-0.525,74,1912040112,"","","","","","","","","","","","","","","","","","","","","","","","","","","","","","","","","","","","",10.7,9,"","","","","","","","","","","","","","","","","","","","","","","","","","","","","","","","","","","","","","","","","","","","",1007.,9,998.1,1,"","","","","","","","","","","","","","","","","","","","","","","","","","","","","","","","","","","","","","","","","","","","","","","","","","","","","","","","","","","","","","","","","","","","","","","","","","","","","","","","","","","","","","","","","","","","","","","","","","","","","","","","","","","","","","","",""
"33167001","BORDEAUX_OBSERVATOIRE",44.831667,-0.525,74,1912040115,"","","","","","","","","","","","","","","","","","","","","","","","","","","","","","","","","","","","",11.1,9,"","","","","","","","","","","","","","","","","","","","","","","","","","","","","","","","","","","","","","","","","","","","",1009.7,9,1000.8,9,"","","","","","","","","","","","","","","","","","","","","","","","","","","","","","","","","","","","","","","","","","","","","","","","","","","","","","","","","","","","","","","","","","","","","","","","","","","","","","","","","","","","","","","","","","","","","","","","","","","","","","","","","","","","","","","",""
"33167001","BORDEAUX_OBSERVATOIRE",44.831667,-0.525,74,1912040118,"","","","","","","","","","","","","","","","","","","","","","","","","","","","","","","","","","","","",8.7,9,"","","","","","","","","","","","","","","","","","","","","","","","","","","","","","","","","","","","","","","","","","","","",1014.7,9,1005.7,9,"","","","","","","","","","","","","","","","","","","","","","","","","","","","","","","","","","","","","","","","","","","","","","","","","","","","","","","","","","","","","","","","","","","","","","","","","","","","","","","","","","","","","","","","","","","","","","","","","","","","","","","","","","","","","","","",""
"33167001","BORDEAUX_OBSERVATOIRE",44.831667,-0.525,74,1912040121,"","","","","","","","","","","","","","","","","","","","","","","","","","","","","","","","","","","","",6.6,9,"","","","","","","","","","","","","","","","","","","","","","","","","","","","","","","","","","","","","","","","","","","","",1020.1,9,1011.,9,"","","","","","","","","","","","","","","","","","","","","","","","","","","","","","","","","","","","","","","","","","","","","","","","","","","","","","","","","","","","","","","","","","","","","","","","","","","","","","","","","","","","","","","","","","","","","","","","","","","","","","","","","","","","","","","",""
"33167001","BORDEAUX_OBSERVATOIRE",44.831667,-0.525,74,1912040200,"","","","","","","","","","","","","","","","","","","","","","","","","","","","","","","","","","","","",5.4,9,"","","","","","","","","","","","","","","","","","","","","","","","","","","","","","","","","","","","","","","","","","","","",1023.2,9,1014.,9,"","","","","","","","","","","","","","","","","","","","","","","","","","","","","","","","","","","","","","","","","","","","","","","","","","","","","","","","","","","","","","","","","","","","","","","","","","","","","","","","","","","","","","","","","","","","","","","","","","","","","","","","","","","","","","","",""
"33167001","BORDEAUX_OBSERVATOIRE",44.831667,-0.525,74,1912040203,"","","","","","","","","","","","","","","","","","","","","","","","","","","","","","","","","","","","",3.9,9,"","","","","","","","","","","","","","","","","","","","","","","","","","","","","","","","","","","","","","","","","","","","",1026.,9,1016.7,9,"","","","","","","","","","","","","","","","","","","","","","","","","","","","","","","","","","","","","","","","","","","","","","","","","","","","","","","","","","","","","","","","","","","","","","","","","","","","","","","","","","","","","","","","","","","","","","","","","","","","","","","","","","","","","","","",""
"33167001","BORDEAUX_OBSERVATOIRE",44.831667,-0.525,74,1912040207,"","","","","","","","","","","","","","","","","","","","","","","","","","","","","","","","","","","","",3.9,9,"","","","","","","","","","","","","","","","","","","","","","","","","","","","","","","","","","","","","","","","","","","","",1029.4,9,1020.1,9,"","","",9,"","","","","","","","","","","","","","","","","","","","","","","","","","","","","","","","","","","","","","","","","","","","","","","","","","","","","","","","","","","","","","","","","","","","","","","","","","","","","","","","","","","","","","","","","","","","","","","","","","","","","","","","","","","",""
"33167001","BORDEAUX_OBSERVATOIRE",44.831667,-0.525,74,1912040209,"","","","","","","","","","","","","","","","","","","","","","","","","","","","","","","","","","","","",6.7,9,"","","","","","","","","","","","","","","","","","","","","","","","","","","","","","","","","","","","","","","","","","","","",1030.2,9,1021.,9,"","","","","","","","","","","","","","","","","","","","","","","","","","","","","","","","","","","","","","","","","","","","","","","","","","","","","","","","","","","","","","","","","","","","","","","","","","","","","","","","","","","","","","","","","","","","","","","","","","","","","","","","","","","","","","","",""
"33167001","BORDEAUX_OBSERVATOIRE",44.831667,-0.525,74,1912040212,"","","","","","","","","","","","","","","","","","","","","","","","","","","","","","","","","","","","",9.4,9,"","","","","","","","","","","","","","","","","","","","","","","","","","","","","","","","","","","","","","","","","","","","",1030.2,9,1021.1,1,"","","","","","","","","","","","","","","","","","","","","","","","","","","","","","","","","","","","","","","","","","","","","","","","","","","","","","","","","","","","","","","","","","","","","","","","","","","","","","","","","","","","","","","","","","","","","","","","","","","","","","","","","","","","","","","",""
"33167001","BORDEAUX_OBSERVATOIRE",44.831667,-0.525,74,1912040215,"","","","","","","","","","","","","","","","","","","","","","","","","","","","","","","","","","","","",9.5,9,"","","","","","","","","","","","","","","","","","","","","","","","","","","","","","","","","","","","","","","","","","","","",1030.5,9,1021.4,9,"","","","","","","","","","","","","","","","","","","","","","","","","","","","","","","","","","","","","","","","","","","","","","","","","","","","","","","","","","","","","","","","","","","","","","","","","","","","","","","","","","","","","","","","","","","","","","","","","","","","","","","","","","","","","","","",""
"33167001","BORDEAUX_OBSERVATOIRE",44.831667,-0.525,74,1912040218,"","","","","","","","","","","","","","","","","","","","","","","","","","","","","","","","","","","","",8.4,9,"","","","","","","","","","","","","","","","","","","","","","","","","","","","","","","","","","","","","","","","","","","","",1031.1,9,1021.9,9,"","","","","","","","","","","","","","","","","","","","","","","","","","","","","","","","","","","","","","","","","","","","","","","","","","","","","","","","","","","","","","","","","","","","","","","","","","","","","","","","","","","","","","","","","","","","","","","","","","","","","","","","","","","","","","","",""
"33167001","BORDEAUX_OBSERVATOIRE",44.831667,-0.525,74,1912040221,"","","","","","","","","","","","","","","","","","","","","","","","","","","","","","","","","","","","",6.1,9,"","","","","","","","","","","","","","","","","","","","","","","","","","","","","","","","","","","","","","","","","","","","",1033.2,9,1023.9,9,"","","","","","","","","","","","","","","","","","","","","","","","","","","","","","","","","","","","","","","","","","","","","","","","","","","","","","","","","","","","","","","","","","","","","","","","","","","","","","","","","","","","","","","","","","","","","","","","","","","","","","","","","","","","","","","",""
"33167001","BORDEAUX_OBSERVATOIRE",44.831667,-0.525,74,1912040300,"","","","","","","","","","","","","","","","","","","","","","","","","","","","","","","","","","","","",3.9,9,"","","","","","","","","","","","","","","","","","","","","","","","","","","","","","","","","","","","","","","","","","","","",1034.1,9,1024.7,9,"","","","","","","","","","","","","","","","","","","","","","","","","","","","","","","","","","","","","","","","","","","","","","","","","","","","","","","","","","","","","","","","","","","","","","","","","","","","","","","","","","","","","","","","","","","","","","","","","","","","","","","","","","","","","","","",""
"33167001","BORDEAUX_OBSERVATOIRE",44.831667,-0.525,74,1912040303,"","","","","","","","","","","","","","","","","","","","","","","","","","","","","","","","","","","","",3.2,9,"","","","","","","","","","","","","","","","","","","","","","","","","","","","","","","","","","","","","","","","","","","","",1033.4,9,1024.,9,"","","","","","","","","","","","","","","","","","","","","","","","","","","","","","","","","","","","","","","","","","","","","","","","","","","","","","","","","","","","","","","","","","","","","","","","","","","","","","","","","","","","","","","","","","","","","","","","","","","","","","","","","","","","","","","",""
"33167001","BORDEAUX_OBSERVATOIRE",44.831667,-0.525,74,1912040307,"","","","","","","","","","","","","","","","","","","","","","","","","","","","","","","","","","","","",4.2,9,"","","","","","","","","","","","","","","","","","","","","","","","","","","","","","","","","","","","","","","","","","","","",1034.6,9,1025.2,9,"","","",9,"","","","","","","","","","","","","","","","","","","","","","","","","","","","","","","","","","","","","","","","","","","","","","","","","","","","","","","","","","","","","","","","","","","","","","","","","","","","","","","","","","","","","","","","","","","","","","","","","","","","","","","","","","","",""
"33167001","BORDEAUX_OBSERVATOIRE",44.831667,-0.525,74,1912040309,"","","","","","","","","","","","","","","","","","","","","","","","","","","","","","","","","","","","",8.9,9,"","","","","","","","","","","","","","","","","","","","","","","","","","","","","","","","","","","","","","","","","","","","",1034.6,9,1025.4,9,"","","","","","","","","","","","","","","","","","","","","","","","","","","","","","","","","","","","","","","","","","","","","","","","","","","","","","","","","","","","","","","","","","","","","","","","","","","","","","","","","","","","","","","","","","","","","","","","","","","","","","","","","","","","","","","",""
"33167001","BORDEAUX_OBSERVATOIRE",44.831667,-0.525,74,1912040312,"","","","","","","","","","","","","","","","","","","","","","","","","","","","","","","","","","","","",12.3,9,"","","","","","","","","","","","","","","","","","","","","","","","","","","","","","","","","","","","","","","","","","","","",1033.4,9,1024.3,1,"","","","","","","","","","","","","","","","","","","","","","","","","","","","","","","","","","","","","","","","","","","","","","","","","","","","","","","","","","","","","","","","","","","","","","","","","","","","","","","","","","","","","","","","","","","","","","","","","","","","","","","","","","","","","","","",""
"33167001","BORDEAUX_OBSERVATOIRE",44.831667,-0.525,74,1912040315,"","","","","","","","","","","","","","","","","","","","","","","","","","","","","","","","","","","","",10.,9,"","","","","","","","","","","","","","","","","","","","","","","","","","","","","","","","","","","","","","","","","","","","",1032.7,9,1023.6,9,"","","","","","","","","","","","","","","","","","","","","","","","","","","","","","","","","","","","","","","","","","","","","","","","","","","","","","","","","","","","","","","","","","","","","","","","","","","","","","","","","","","","","","","","","","","","","","","","","","","","","","","","","","","","","","","",""
"33167001","BORDEAUX_OBSERVATOIRE",44.831667,-0.525,74,1912040318,"","","","","","","","","","","","","","","","","","","","","","","","","","","","","","","","","","","","",10.2,9,"","","","","","","","","","","","","","","","","","","","","","","","","","","","","","","","","","","","","","","","","","","","",1032.6,9,1023.5,9,"","","","","","","","","","","","","","","","","","","","","","","","","","","","","","","","","","","","","","","","","","","","","","","","","","","","","","","","","","","","","","","","","","","","","","","","","","","","","","","","","","","","","","","","","","","","","","","","","","","","","","","","","","","","","","","",""
"33167001","BORDEAUX_OBSERVATOIRE",44.831667,-0.525,74,1912040321,"","","","","","","","","","","","","","","","","","","","","","","","","","","","","","","","","","","","",9.1,9,"","","","","","","","","","","","","","","","","","","","","","","","","","","","","","","","","","","","","","","","","","","","",1033.2,9,1024.,9,"","","","","","","","","","","","","","","","","","","","","","","","","","","","","","","","","","","","","","","","","","","","","","","","","","","","","","","","","","","","","","","","","","","","","","","","","","","","","","","","","","","","","","","","","","","","","","","","","","","","","","","","","","","","","","","",""
"33167001","BORDEAUX_OBSERVATOIRE",44.831667,-0.525,74,1912040400,"","","","","","","","","","","","","","","","","","","","","","","","","","","","","","","","","","","","",9.5,9,"","","","","","","","","","","","","","","","","","","","","","","","","","","","","","","","","","","","","","","","","","","","",1033.,9,1023.8,9,"","","","","","","","","","","","","","","","","","","","","","","","","","","","","","","","","","","","","","","","","","","","","","","","","","","","","","","","","","","","","","","","","","","","","","","","","","","","","","","","","","","","","","","","","","","","","","","","","","","","","","","","","","","","","","","",""
"33167001","BORDEAUX_OBSERVATOIRE",44.831667,-0.525,74,1912040403,"","","","","","","","","","","","","","","","","","","","","","","","","","","","","","","","","","","","",8.3,9,"","","","","","","","","","","","","","","","","","","","","","","","","","","","","","","","","","","","","","","","","","","","",1032.6,9,1023.4,9,"","","","","","","","","","","","","","","","","","","","","","","","","","","","","","","","","","","","","","","","","","","","","","","","","","","","","","","","","","","","","","","","","","","","","","","","","","","","","","","","","","","","","","","","","","","","","","","","","","","","","","","","","","","","","","","",""
"33167001","BORDEAUX_OBSERVATOIRE",44.831667,-0.525,74,1912040407,"","","","","","","","","","","","","","","","","","","","","","","","","","","","","","","","","","","","",5.9,9,"","","","","","","","","","","","","","","","","","","","","","","","","","","","","","","","","","","","","","","","","","","","",1033.8,9,1024.5,9,"","","",9,"","","","","","","","","","","","","","","","","","","","","","","","","","","","","","","","","","","","","","","","","","","","","","","","","","","","","","","","","","","","","","","","","","","","","","","","","","","","","","","","","","","","","","","","","","","","","","","","","","","","","","","","","","","",""
"33167001","BORDEAUX_OBSERVATOIRE",44.831667,-0.525,74,1912040409,"","","","","","","","","","","","","","","","","","","","","","","","","","","","","","","","","","","","",8.7,9,"","","","","","","","","","","","","","","","","","","","","","","","","","","","","","","","","","","","","","","","","","","","",1034.2,9,1025.,9,"","","","","","","","","","","","","","","","","","","","","","","","","","","","","","","","","","","","","","","","","","","","","","","","","","","","","","","","","","","","","","","","","","","","","","","","","","","","","","","","","","","","","","","","","","","","","","","","","","","","","","","","","","","","","","","",""
"33167001","BORDEAUX_OBSERVATOIRE",44.831667,-0.525,74,1912040412,"","","","","","","","","","","","","","","","","","","","","","","","","","","","","","","","","","","","",14.3,9,"","","","","","","","","","","","","","","","","","","","","","","","","","","","","","","","","","","","","","","","","","","","",1033.2,9,1024.2,1,"","","","","","","","","","","","","","","","","","","","","","","","","","","","","","","","","","","","","","","","","","","","","","","","","","","","","","","","","","","","","","","","","","","","","","","","","","","","","","","","","","","","","","","","","","","","","","","","","","","","","","","","","","","","","","","",""
"33167001","BORDEAUX_OBSERVATOIRE",44.831667,-0.525,74,1912040415,"","","","","","","","","","","","","","","","","","","","","","","","","","","","","","","","","","","","",15.7,9,"","","","","","","","","","","","","","","","","","","","","","","","","","","","","","","","","","","","","","","","","","","","",1031.6,9,1022.7,9,"","","","","","","","","","","","","","","","","","","","","","","","","","","","","","","","","","","","","","","","","","","","","","","","","","","","","","","","","","","","","","","","","","","","","","","","","","","","","","","","","","","","","","","","","","","","","","","","","","","","","","","","","","","","","","","",""
"33167001","BORDEAUX_OBSERVATOIRE",44.831667,-0.525,74,1912040418,"","","","","","","","","","","","","","","","","","","","","","","","","","","","","","","","","","","","",13.5,9,"","","","","","","","","","","","","","","","","","","","","","","","","","","","","","","","","","","","","","","","","","","","",1031.7,9,1022.7,9,"","","","","","","","","","","","","","","","","","","","","","","","","","","","","","","","","","","","","","","","","","","","","","","","","","","","","","","","","","","","","","","","","","","","","","","","","","","","","","","","","","","","","","","","","","","","","","","","","","","","","","","","","","","","","","","",""
"33167001","BORDEAUX_OBSERVATOIRE",44.831667,-0.525,74,1912040421,"","","","","","","","","","","","","","","","","","","","","","","","","","","","","","","","","","","","",9.9,9,"","","","","","","","","","","","","","","","","","","","","","","","","","","","","","","","","","","","","","","","","","","","",1033.,9,1023.9,9,"","","","","","","","","","","","","","","","","","","","","","","","","","","","","","","","","","","","","","","","","","","","","","","","","","","","","","","","","","","","","","","","","","","","","","","","","","","","","","","","","","","","","","","","","","","","","","","","","","","","","","","","","","","","","","","",""
"33167001","BORDEAUX_OBSERVATOIRE",44.831667,-0.525,74,1912040500,"","","","","","","","","","","","","","","","","","","","","","","","","","","","","","","","","","","","",7.7,9,"","","","","","","","","","","","","","","","","","","","","","","","","","","","","","","","","","","","","","","","","","","","",1033.,9,1023.8,9,"","","","","","","","","","","","","","","","","","","","","","","","","","","","","","","","","","","","","","","","","","","","","","","","","","","","","","","","","","","","","","","","","","","","","","","","","","","","","","","","","","","","","","","","","","","","","","","","","","","","","","","","","","","","","","","",""
"33167001","BORDEAUX_OBSERVATOIRE",44.831667,-0.525,74,1912040503,"","","","","","","","","","","","","","","","","","","","","","","","","","","","","","","","","","","","",7.1,9,"","","","","","","","","","","","","","","","","","","","","","","","","","","","","","","","","","","","","","","","","","","","",1032.4,9,1023.2,9,"","","","","","","","","","","","","","","","","","","","","","","","","","","","","","","","","","","","","","","","","","","","","","","","","","","","","","","","","","","","","","","","","","","","","","","","","","","","","","","","","","","","","","","","","","","","","","","","","","","","","","","","","","","","","","","",""
"33167001","BORDEAUX_OBSERVATOIRE",44.831667,-0.525,74,1912040507,"","","","","","","","","","","","","","","","","","","","","","","","","","","","","","","","","","","","",6.4,9,"","","","","","","","","","","","","","","","","","","","","","","","","","","","","","","","","","","","","","","","","","","","",1033.8,9,1024.5,9,"","","",9,"","","","","","","","","","","","","","","","","","","","","","","","","","","","","","","","","","","","","","","","","","","","","","","","","","","","","","","","","","","","","","","","","","","","","","","","","","","","","","","","","","","","","","","","","","","","","","","","","","","","","","","","","","","",""
"33167001","BORDEAUX_OBSERVATOIRE",44.831667,-0.525,74,1912040509,"","","","","","","","","","","","","","","","","","","","","","","","","","","","","","","","","","","","",7.7,9,"","","","","","","","","","","","","","","","","","","","","","","","","","","","","","","","","","","","","","","","","","","","",1034.4,9,1025.2,9,"","","","","","","","","","","","","","","","","","","","","","","","","","","","","","","","","","","","","","","","","","","","","","","","","","","","","","","","","","","","","","","","","","","","","","","","","","","","","","","","","","","","","","","","","","","","","","","","","","","","","","","","","","","","","","","",""
"33167001","BORDEAUX_OBSERVATOIRE",44.831667,-0.525,74,1912040512,"","","","","","","","","","","","","","","","","","","","","","","","","","","","","","","","","","","","",15.8,9,"","","","","","","","","","","","","","","","","","","","","","","","","","","","","","","","","","","","","","","","","","","","",1033.6,9,1024.7,1,"","","","","","","","","","","","","","","","","","","","","","","","","","","","","","","","","","","","","","","","","","","","","","","","","","","","","","","","","","","","","","","","","","","","","","","","","","","","","","","","","","","","","","","","","","","","","","","","","","","","","","","","","","","","","","","",""
"33167001","BORDEAUX_OBSERVATOIRE",44.831667,-0.525,74,1912040515,"","","","","","","","","","","","","","","","","","","","","","","","","","","","","","","","","","","","",15.6,9,"","","","","","","","","","","","","","","","","","","","","","","","","","","","","","","","","","","","","","","","","","","","",1032.7,9,1023.8,9,"","","","","","","","","","","","","","","","","","","","","","","","","","","","","","","","","","","","","","","","","","","","","","","","","","","","","","","","","","","","","","","","","","","","","","","","","","","","","","","","","","","","","","","","","","","","","","","","","","","","","","","","","","","","","","","",""
"33167001","BORDEAUX_OBSERVATOIRE",44.831667,-0.525,74,1912040518,"","","","","","","","","","","","","","","","","","","","","","","","","","","","","","","","","","","","",13.,9,"","","","","","","","","","","","","","","","","","","","","","","","","","","","","","","","","","","","","","","","","","","","",1032.9,9,1023.9,9,"","","","","","","","","","","","","","","","","","","","","","","","","","","","","","","","","","","","","","","","","","","","","","","","","","","","","","","","","","","","","","","","","","","","","","","","","","","","","","","","","","","","","","","","","","","","","","","","","","","","","","","","","","","","","","","",""
"33167001","BORDEAUX_OBSERVATOIRE",44.831667,-0.525,74,1912040521,"","","","","","","","","","","","","","","","","","","","","","","","","","","","","","","","","","","","",9.,9,"","","","","","","","","","","","","","","","","","","","","","","","","","","","","","","","","","","","","","","","","","","","",1033.9,9,1024.7,9,"","","","","","","","","","","","","","","","","","","","","","","","","","","","","","","","","","","","","","","","","","","","","","","","","","","","","","","","","","","","","","","","","","","","","","","","","","","","","","","","","","","","","","","","","","","","","","","","","","","","","","","","","","","","","","","",""
"33167001","BORDEAUX_OBSERVATOIRE",44.831667,-0.525,74,1912040600,"","","","","","","","","","","","","","","","","","","","","","","","","","","","","","","","","","","","",7.3,9,"","","","","","","","","","","","","","","","","","","","","","","","","","","","","","","","","","","","","","","","","","","","",1033.6,9,1024.4,9,"","","","","","","","","","","","","","","","","","","","","","","","","","","","","","","","","","","","","","","","","","","","","","","","","","","","","","","","","","","","","","","","","","","","","","","","","","","","","","","","","","","","","","","","","","","","","","","","","","","","","","","","","","","","","","","",""
"33167001","BORDEAUX_OBSERVATOIRE",44.831667,-0.525,74,1912040603,"","","","","","","","","","","","","","","","","","","","","","","","","","","","","","","","","","","","",7.7,9,"","","","","","","","","","","","","","","","","","","","","","","","","","","","","","","","","","","","","","","","","","","","",1032.8,9,1023.6,9,"","","","","","","","","","","","","","","","","","","","","","","","","","","","","","","","","","","","","","","","","","","","","","","","","","","","","","","","","","","","","","","","","","","","","","","","","","","","","","","","","","","","","","","","","","","","","","","","","","","","","","","","","","","","","","","",""
"33167001","BORDEAUX_OBSERVATOIRE",44.831667,-0.525,74,1912040607,"","","","","","","","","","","","","","","","","","","","","","","","","","","","","","","","","","","","",8.1,9,"","","","","","","","","","","","","","","","","","","","","","","","","","","","","","","","","","","","","","","","","","","","",1033.1,9,1023.9,9,"","","",9,"","","","","","","","","","","","","","","","","","","","","","","","","","","","","","","","","","","","","","","","","","","","","","","","","","","","","","","","","","","","","","","","","","","","","","","","","","","","","","","","","","","","","","","","","","","","","","","","","","","","","","","","","","","",""
"33167001","BORDEAUX_OBSERVATOIRE",44.831667,-0.525,74,1912040609,"","","","","","","","","","","","","","","","","","","","","","","","","","","","","","","","","","","","",9.5,9,"","","","","","","","","","","","","","","","","","","","","","","","","","","","","","","","","","","","","","","","","","","","",1033.5,9,1024.3,9,"","","","","","","","","","","","","","","","","","","","","","","","","","","","","","","","","","","","","","","","","","","","","","","","","","","","","","","","","","","","","","","","","","","","","","","","","","","","","","","","","","","","","","","","","","","","","","","","","","","","","","","","","","","","","","","",""
"33167001","BORDEAUX_OBSERVATOIRE",44.831667,-0.525,74,1912040612,"","","","","","","","","","","","","","","","","","","","","","","","","","","","","","","","","","","","",12.4,9,"","","","","","","","","","","","","","","","","","","","","","","","","","","","","","","","","","","","","","","","","","","","",1032.5,9,1023.5,1,"","","","","","","","","","","","","","","","","","","","","","","","","","","","","","","","","","","","","","","","","","","","","","","","","","","","","","","","","","","","","","","","","","","","","","","","","","","","","","","","","","","","","","","","","","","","","","","","","","","","","","","","","","","","","","","",""
"33167001","BORDEAUX_OBSERVATOIRE",44.831667,-0.525,74,1912040615,"","","","","","","","","","","","","","","","","","","","","","","","","","","","","","","","","","","","",14.4,9,"","","","","","","","","","","","","","","","","","","","","","","","","","","","","","","","","","","","","","","","","","","","",1031.3,9,1022.3,9,"","","","","","","","","","","","","","","","","","","","","","","","","","","","","","","","","","","","","","","","","","","","","","","","","","","","","","","","","","","","","","","","","","","","","","","","","","","","","","","","","","","","","","","","","","","","","","","","","","","","","","","","","","","","","","","",""
"33167001","BORDEAUX_OBSERVATOIRE",44.831667,-0.525,74,1912040618,"","","","","","","","","","","","","","","","","","","","","","","","","","","","","","","","","","","","",12.7,9,"","","","","","","","","","","","","","","","","","","","","","","","","","","","","","","","","","","","","","","","","","","","",1031.,9,1022.,9,"","","","","","","","","","","","","","","","","","","","","","","","","","","","","","","","","","","","","","","","","","","","","","","","","","","","","","","","","","","","","","","","","","","","","","","","","","","","","","","","","","","","","","","","","","","","","","","","","","","","","","","","","","","","","","","",""
"33167001","BORDEAUX_OBSERVATOIRE",44.831667,-0.525,74,1912040621,"","","","","","","","","","","","","","","","","","","","","","","","","","","","","","","","","","","","",11.7,9,"","","","","","","","","","","","","","","","","","","","","","","","","","","","","","","","","","","","","","","","","","","","",1031.3,9,1022.2,9,"","","","","","","","","","","","","","","","","","","","","","","","","","","","","","","","","","","","","","","","","","","","","","","","","","","","","","","","","","","","","","","","","","","","","","","","","","","","","","","","","","","","","","","","","","","","","","","","","","","","","","","","","","","","","","","",""
"33167001","BORDEAUX_OBSERVATOIRE",44.831667,-0.525,74,1912040700,"","","","","","","","","","","","","","","","","","","","","","","","","","","","","","","","","","","","",11.1,9,"","","","","","","","","","","","","","","","","","","","","","","","","","","","","","","","","","","","","","","","","","","","",1030.7,9,1021.6,9,"","","","","","","","","","","","","","","","","","","","","","","","","","","","","","","","","","","","","","","","","","","","","","","","","","","","","","","","","","","","","","","","","","","","","","","","","","","","","","","","","","","","","","","","","","","","","","","","","","","","","","","","","","","","","","","",""
"33167001","BORDEAUX_OBSERVATOIRE",44.831667,-0.525,74,1912040703,"","","","","","","","","","","","","","","","","","","","","","","","","","","","","","","","","","","","",10.,9,"","","","","","","","","","","","","","","","","","","","","","","","","","","","","","","","","","","","","","","","","","","","",1029.4,9,1020.3,9,"","","","","","","","","","","","","","","","","","","","","","","","","","","","","","","","","","","","","","","","","","","","","","","","","","","","","","","","","","","","","","","","","","","","","","","","","","","","","","","","","","","","","","","","","","","","","","","","","","","","","","","","","","","","","","","",""
"33167001","BORDEAUX_OBSERVATOIRE",44.831667,-0.525,74,1912040707,"","","","","","","","","","","","","","","","","","","","","","","","","","","","","","","","","","","","",10.,9,"","","","","","","","","","","","","","","","","","","","","","","","","","","","","","","","","","","","","","","","","","","","",1028.3,9,1019.2,9,"","","",9,"","","","","","","","","","","","","","","","","","","","","","","","","","","","","","","","","","","","","","","","","","","","","","","","","","","","","","","","","","","","","","","","","","","","","","","","","","","","","","","","","","","","","","","","","","","","","","","","","","","","","","","","","","","",""
"33167001","BORDEAUX_OBSERVATOIRE",44.831667,-0.525,74,1912040709,"","","","","","","","","","","","","","","","","","","","","","","","","","","","","","","","","","","","",10.9,9,"","","","","","","","","","","","","","","","","","","","","","","","","","","","","","","","","","","","","","","","","","","","",1028.6,9,1019.5,9,"","","","","","","","","","","","","","","","","","","","","","","","","","","","","","","","","","","","","","","","","","","","","","","","","","","","","","","","","","","","","","","","","","","","","","","","","","","","","","","","","","","","","","","","","","","","","","","","","","","","","","","","","","","","","","","",""
"33167001","BORDEAUX_OBSERVATOIRE",44.831667,-0.525,74,1912040712,"","","","","","","","","","","","","","","","","","","","","","","","","","","","","","","","","","","","",16.,9,"","","","","","","","","","","","","","","","","","","","","","","","","","","","","","","","","","","","","","","","","","","","",1026.9,9,1018.,1,"","","","","","","","","","","","","","","","","","","","","","","","","","","","","","","","","","","","","","","","","","","","","","","","","","","","","","","","","","","","","","","","","","","","","","","","","","","","","","","","","","","","","","","","","","","","","","","","","","","","","","","","","","","","","","","",""
"33167001","BORDEAUX_OBSERVATOIRE",44.831667,-0.525,74,1912040715,"","","","","","","","","","","","","","","","","","","","","","","","","","","","","","","","","","","","",16.8,9,"","","","","","","","","","","","","","","","","","","","","","","","","","","","","","","","","","","","","","","","","","","","",1025.4,9,1016.6,9,"","","","","","","","","","","","","","","","","","","","","","","","","","","","","","","","","","","","","","","","","","","","","","","","","","","","","","","","","","","","","","","","","","","","","","","","","","","","","","","","","","","","","","","","","","","","","","","","","","","","","","","","","","","","","","","",""
"33167001","BORDEAUX_OBSERVATOIRE",44.831667,-0.525,74,1912040718,"","","","","","","","","","","","","","","","","","","","","","","","","","","","","","","","","","","","",13.6,9,"","","","","","","","","","","","","","","","","","","","","","","","","","","","","","","","","","","","","","","","","","","","",1024.4,9,1015.5,9,"","","","","","","","","","","","","","","","","","","","","","","","","","","","","","","","","","","","","","","","","","","","","","","","","","","","","","","","","","","","","","","","","","","","","","","","","","","","","","","","","","","","","","","","","","","","","","","","","","","","","","","","","","","","","","","",""
"33167001","BORDEAUX_OBSERVATOIRE",44.831667,-0.525,74,1912040721,"","","","","","","","","","","","","","","","","","","","","","","","","","","","","","","","","","","","",11.2,9,"","","","","","","","","","","","","","","","","","","","","","","","","","","","","","","","","","","","","","","","","","","","",1024.8,9,1015.8,9,"","","","","","","","","","","","","","","","","","","","","","","","","","","","","","","","","","","","","","","","","","","","","","","","","","","","","","","","","","","","","","","","","","","","","","","","","","","","","","","","","","","","","","","","","","","","","","","","","","","","","","","","","","","","","","","",""
"33167001","BORDEAUX_OBSERVATOIRE",44.831667,-0.525,74,1912040800,"","","","","","","","","","","","","","","","","","","","","","","","","","","","","","","","","","","","",9.4,9,"","","","","","","","","","","","","","","","","","","","","","","","","","","","","","","","","","","","","","","","","","","","",1024.1,9,1015.,9,"","","","","","","","","","","","","","","","","","","","","","","","","","","","","","","","","","","","","","","","","","","","","","","","","","","","","","","","","","","","","","","","","","","","","","","","","","","","","","","","","","","","","","","","","","","","","","","","","","","","","","","","","","","","","","","",""
"33167001","BORDEAUX_OBSERVATOIRE",44.831667,-0.525,74,1912040803,"","","","","","","","","","","","","","","","","","","","","","","","","","","","","","","","","","","","",8.3,9,"","","","","","","","","","","","","","","","","","","","","","","","","","","","","","","","","","","","","","","","","","","","",1021.9,9,1012.8,9,"","","","","","","","","","","","","","","","","","","","","","","","","","","","","","","","","","","","","","","","","","","","","","","","","","","","","","","","","","","","","","","","","","","","","","","","","","","","","","","","","","","","","","","","","","","","","","","","","","","","","","","","","","","","","","","",""
"33167001","BORDEAUX_OBSERVATOIRE",44.831667,-0.525,74,1912040807,"","","","","","","","","","","","","","","","","","","","","","","","","","","","","","","","","","","","",8.1,9,"","","","","","","","","","","","","","","","","","","","","","","","","","","","","","","","","","","","","","","","","","","","",1021.1,9,1012.,9,"","","",9,"","","","","","","","","","","","","","","","","","","","","","","","","","","","","","","","","","","","","","","","","","","","","","","","","","","","","","","","","","","","","","","","","","","","","","","","","","","","","","","","","","","","","","","","","","","","","","","","","","","","","","","","","","","",""
"33167001","BORDEAUX_OBSERVATOIRE",44.831667,-0.525,74,1912040809,"","","","","","","","","","","","","","","","","","","","","","","","","","","","","","","","","","","","",10.,9,"","","","","","","","","","","","","","","","","","","","","","","","","","","","","","","","","","","","","","","","","","","","",1021.1,9,1012.1,9,"","","","","","","","","","","","","","","","","","","","","","","","","","","","","","","","","","","","","","","","","","","","","","","","","","","","","","","","","","","","","","","","","","","","","","","","","","","","","","","","","","","","","","","","","","","","","","","","","","","","","","","","","","","","","","","",""
"33167001","BORDEAUX_OBSERVATOIRE",44.831667,-0.525,74,1912040812,"","","","","","","","","","","","","","","","","","","","","","","","","","","","","","","","","","","","",13.2,9,"","","","","","","","","","","","","","","","","","","","","","","","","","","","","","","","","","","","","","","","","","","","",1019.5,9,1010.6,1,"","","","","","","","","","","","","","","","","","","","","","","","","","","","","","","","","","","","","","","","","","","","","","","","","","","","","","","","","","","","","","","","","","","","","","","","","","","","","","","","","","","","","","","","","","","","","","","","","","","","","","","","","","","","","","","",""
"33167001","BORDEAUX_OBSERVATOIRE",44.831667,-0.525,74,1912040815,"","","","","","","","","","","","","","","","","","","","","","","","","","","","","","","","","","","","",12.9,9,"","","","","","","","","","","","","","","","","","","","","","","","","","","","","","","","","","","","","","","","","","","","",1018.3,9,1009.4,9,"","","","","","","","","","","","","","","","","","","","","","","","","","","","","","","","","","","","","","","","","","","","","","","","","","","","","","","","","","","","","","","","","","","","","","","","","","","","","","","","","","","","","","","","","","","","","","","","","","","","","","","","","","","","","","","",""
"33167001","BORDEAUX_OBSERVATOIRE",44.831667,-0.525,74,1912040818,"","","","","","","","","","","","","","","","","","","","","","","","","","","","","","","","","","","","",11.7,9,"","","","","","","","","","","","","","","","","","","","","","","","","","","","","","","","","","","","","","","","","","","","",1017.4,9,1008.5,9,"","","","","","","","","","","","","","","","","","","","","","","","","","","","","","","","","","","","","","","","","","","","","","","","","","","","","","","","","","","","","","","","","","","","","","","","","","","","","","","","","","","","","","","","","","","","","","","","","","","","","","","","","","","","","","","",""
"33167001","BORDEAUX_OBSERVATOIRE",44.831667,-0.525,74,1912040821,"","","","","","","","","","","","","","","","","","","","","","","","","","","","","","","","","","","","",10.1,9,"","","","","","","","","","","","","","","","","","","","","","","","","","","","","","","","","","","","","","","","","","","","",1017.6,9,1008.6,9,"","","","","","","","","","","","","","","","","","","","","","","","","","","","","","","","","","","","","","","","","","","","","","","","","","","","","","","","","","","","","","","","","","","","","","","","","","","","","","","","","","","","","","","","","","","","","","","","","","","","","","","","","","","","","","","",""
"33167001","BORDEAUX_OBSERVATOIRE",44.831667,-0.525,74,1912040900,"","","","","","","","","","","","","","","","","","","","","","","","","","","","","","","","","","","","",9.,9,"","","","","","","","","","","","","","","","","","","","","","","","","","","","","","","","","","","","","","","","","","","","",1016.8,9,1007.8,9,"","","","","","","","","","","","","","","","","","","","","","","","","","","","","","","","","","","","","","","","","","","","","","","","","","","","","","","","","","","","","","","","","","","","","","","","","","","","","","","","","","","","","","","","","","","","","","","","","","","","","","","","","","","","","","","",""
"33167001","BORDEAUX_OBSERVATOIRE",44.831667,-0.525,74,1912040903,"","","","","","","","","","","","","","","","","","","","","","","","","","","","","","","","","","","","",8.3,9,"","","","","","","","","","","","","","","","","","","","","","","","","","","","","","","","","","","","","","","","","","","","",1014.9,9,1005.9,9,"","","","","","","","","","","","","","","","","","","","","","","","","","","","","","","","","","","","","","","","","","","","","","","","","","","","","","","","","","","","","","","","","","","","","","","","","","","","","","","","","","","","","","","","","","","","","","","","","","","","","","","","","","","","","","","",""
"33167001","BORDEAUX_OBSERVATOIRE",44.831667,-0.525,74,1912040907,"","","","","","","","","","","","","","","","","","","","","","","","","","","","","","","","","","","","",9.3,9,"","","","","","","","","","","","","","","","","","","","","","","","","","","","","","","","","","","","","","","","","","","","",1013.7,9,1004.7,9,"","","",9,"","","","","","","","","","","","","","","","","","","","","","","","","","","","","","","","","","","","","","","","","","","","","","","","","","","","","","","","","","","","","","","","","","","","","","","","","","","","","","","","","","","","","","","","","","","","","","","","","","","","","","","","","","","",""
"33167001","BORDEAUX_OBSERVATOIRE",44.831667,-0.525,74,1912040909,"","","","","","","","","","","","","","","","","","","","","","","","","","","","","","","","","","","","",10.,9,"","","","","","","","","","","","","","","","","","","","","","","","","","","","","","","","","","","","","","","","","","","","",1013.9,9,1004.9,9,"","","","","","","","","","","","","","","","","","","","","","","","","","","","","","","","","","","","","","","","","","","","","","","","","","","","","","","","","","","","","","","","","","","","","","","","","","","","","","","","","","","","","","","","","","","","","","","","","","","","","","","","","","","","","","","",""
"33167001","BORDEAUX_OBSERVATOIRE",44.831667,-0.525,74,1912040912,"","","","","","","","","","","","","","","","","","","","","","","","","","","","","","","","","","","","",8.3,9,"","","","","","","","","","","","","","","","","","","","","","","","","","","","","","","","","","","","","","","","","","","","",1014.4,9,1005.4,1,"","","","","","","","","","","","","","","","","","","","","","","","","","","","","","","","","","","","","","","","","","","","","","","","","","","","","","","","","","","","","","","","","","","","","","","","","","","","","","","","","","","","","","","","","","","","","","","","","","","","","","","","","","","","","","","",""
"33167001","BORDEAUX_OBSERVATOIRE",44.831667,-0.525,74,1912040915,"","","","","","","","","","","","","","","","","","","","","","","","","","","","","","","","","","","","",10.7,9,"","","","","","","","","","","","","","","","","","","","","","","","","","","","","","","","","","","","","","","","","","","","",1014.1,9,1005.2,9,"","","","","","","","","","","","","","","","","","","","","","","","","","","","","","","","","","","","","","","","","","","","","","","","","","","","","","","","","","","","","","","","","","","","","","","","","","","","","","","","","","","","","","","","","","","","","","","","","","","","","","","","","","","","","","","",""
"33167001","BORDEAUX_OBSERVATOIRE",44.831667,-0.525,74,1912040918,"","","","","","","","","","","","","","","","","","","","","","","","","","","","","","","","","","","","",10.1,9,"","","","","","","","","","","","","","","","","","","","","","","","","","","","","","","","","","","","","","","","","","","","",1015.2,9,1006.2,9,"","","","","","","","","","","","","","","","","","","","","","","","","","","","","","","","","","","","","","","","","","","","","","","","","","","","","","","","","","","","","","","","","","","","","","","","","","","","","","","","","","","","","","","","","","","","","","","","","","","","","","","","","","","","","","","",""
"33167001","BORDEAUX_OBSERVATOIRE",44.831667,-0.525,74,1912040921,"","","","","","","","","","","","","","","","","","","","","","","","","","","","","","","","","","","","",6.3,9,"","","","","","","","","","","","","","","","","","","","","","","","","","","","","","","","","","","","","","","","","","","","",1017.5,9,1008.4,9,"","","","","","","","","","","","","","","","","","","","","","","","","","","","","","","","","","","","","","","","","","","","","","","","","","","","","","","","","","","","","","","","","","","","","","","","","","","","","","","","","","","","","","","","","","","","","","","","","","","","","","","","","","","","","","","",""
"33167001","BORDEAUX_OBSERVATOIRE",44.831667,-0.525,74,1912041000,"","","","","","","","","","","","","","","","","","","","","","","","","","","","","","","","","","","","",6.,9,"","","","","","","","","","","","","","","","","","","","","","","","","","","","","","","","","","","","","","","","","","","","",1017.9,9,1008.8,9,"","","","","","","","","","","","","","","","","","","","","","","","","","","","","","","","","","","","","","","","","","","","","","","","","","","","","","","","","","","","","","","","","","","","","","","","","","","","","","","","","","","","","","","","","","","","","","","","","","","","","","","","","","","","","","","",""
"33167001","BORDEAUX_OBSERVATOIRE",44.831667,-0.525,74,1912041003,"","","","","","","","","","","","","","","","","","","","","","","","","","","","","","","","","","","","",3.1,9,"","","","","","","","","","","","","","","","","","","","","","","","","","","","","","","","","","","","","","","","","","","","",1017.5,9,1008.3,9,"","","","","","","","","","","","","","","","","","","","","","","","","","","","","","","","","","","","","","","","","","","","","","","","","","","","","","","","","","","","","","","","","","","","","","","","","","","","","","","","","","","","","","","","","","","","","","","","","","","","","","","","","","","","","","","",""
"33167001","BORDEAUX_OBSERVATOIRE",44.831667,-0.525,74,1912041007,"","","","","","","","","","","","","","","","","","","","","","","","","","","","","","","","","","","","",3.6,9,"","","","","","","","","","","","","","","","","","","","","","","","","","","","","","","","","","","","","","","","","","","","",1018.1,9,1008.9,9,"","","",9,"","","","","","","","","","","","","","","","","","","","","","","","","","","","","","","","","","","","","","","","","","","","","","","","","","","","","","","","","","","","","","","","","","","","","","","","","","","","","","","","","","","","","","","","","","","","","","","","","","","","","","","","","","","",""
"33167001","BORDEAUX_OBSERVATOIRE",44.831667,-0.525,74,1912041009,"","","","","","","","","","","","","","","","","","","","","","","","","","","","","","","","","","","","",8.3,9,"","","","","","","","","","","","","","","","","","","","","","","","","","","","","","","","","","","","","","","","","","","","",1018.1,9,1009.,9,"","","","","","","","","","","","","","","","","","","","","","","","","","","","","","","","","","","","","","","","","","","","","","","","","","","","","","","","","","","","","","","","","","","","","","","","","","","","","","","","","","","","","","","","","","","","","","","","","","","","","","","","","","","","","","","",""
"33167001","BORDEAUX_OBSERVATOIRE",44.831667,-0.525,74,1912041012,"","","","","","","","","","","","","","","","","","","","","","","","","","","","","","","","","","","","",11.6,9,"","","","","","","","","","","","","","","","","","","","","","","","","","","","","","","","","","","","","","","","","","","","",1017.5,9,1008.6,1,"","","","","","","","","","","","","","","","","","","","","","","","","","","","","","","","","","","","","","","","","","","","","","","","","","","","","","","","","","","","","","","","","","","","","","","","","","","","","","","","","","","","","","","","","","","","","","","","","","","","","","","","","","","","","","","",""
"33167001","BORDEAUX_OBSERVATOIRE",44.831667,-0.525,74,1912041015,"","","","","","","","","","","","","","","","","","","","","","","","","","","","","","","","","","","","",11.2,9,"","","","","","","","","","","","","","","","","","","","","","","","","","","","","","","","","","","","","","","","","","","","",1016.8,9,1007.8,9,"","","","","","","","","","","","","","","","","","","","","","","","","","","","","","","","","","","","","","","","","","","","","","","","","","","","","","","","","","","","","","","","","","","","","","","","","","","","","","","","","","","","","","","","","","","","","","","","","","","","","","","","","","","","","","","",""
"33167001","BORDEAUX_OBSERVATOIRE",44.831667,-0.525,74,1912041018,"","","","","","","","","","","","","","","","","","","","","","","","","","","","","","","","","","","","",10.8,9,"","","","","","","","","","","","","","","","","","","","","","","","","","","","","","","","","","","","","","","","","","","","",1017.2,9,1008.2,9,"","","","","","","","","","","","","","","","","","","","","","","","","","","","","","","","","","","","","","","","","","","","","","","","","","","","","","","","","","","","","","","","","","","","","","","","","","","","","","","","","","","","","","","","","","","","","","","","","","","","","","","","","","","","","","","",""
"33167001","BORDEAUX_OBSERVATOIRE",44.831667,-0.525,74,1912041021,"","","","","","","","","","","","","","","","","","","","","","","","","","","","","","","","","","","","",8.9,9,"","","","","","","","","","","","","","","","","","","","","","","","","","","","","","","","","","","","","","","","","","","","",1018.4,9,1009.4,9,"","","","","","","","","","","","","","","","","","","","","","","","","","","","","","","","","","","","","","","","","","","","","","","","","","","","","","","","","","","","","","","","","","","","","","","","","","","","","","","","","","","","","","","","","","","","","","","","","","","","","","","","","","","","","","","",""
"33167001","BORDEAUX_OBSERVATOIRE",44.831667,-0.525,74,1912041100,"","","","","","","","","","","","","","","","","","","","","","","","","","","","","","","","","","","","",7.8,9,"","","","","","","","","","","","","","","","","","","","","","","","","","","","","","","","","","","","","","","","","","","","",1018.2,9,1009.1,9,"","","","","","","","","","","","","","","","","","","","","","","","","","","","","","","","","","","","","","","","","","","","","","","","","","","","","","","","","","","","","","","","","","","","","","","","","","","","","","","","","","","","","","","","","","","","","","","","","","","","","","","","","","","","","","","",""
"33167001","BORDEAUX_OBSERVATOIRE",44.831667,-0.525,74,1912041103,"","","","","","","","","","","","","","","","","","","","","","","","","","","","","","","","","","","","",7.6,9,"","","","","","","","","","","","","","","","","","","","","","","","","","","","","","","","","","","","","","","","","","","","",1017.8,9,1008.7,9,"","","","","","","","","","","","","","","","","","","","","","","","","","","","","","","","","","","","","","","","","","","","","","","","","","","","","","","","","","","","","","","","","","","","","","","","","","","","","","","","","","","","","","","","","","","","","","","","","","","","","","","","","","","","","","","",""
"33167001","BORDEAUX_OBSERVATOIRE",44.831667,-0.525,74,1912041107,"","","","","","","","","","","","","","","","","","","","","","","","","","","","","","","","","","","","",8.8,9,"","","","","","","","","","","","","","","","","","","","","","","","","","","","","","","","","","","","","","","","","","","","",1017.5,9,1008.5,9,"","","",9,"","","","","","","","","","","","","","","","","","","","","","","","","","","","","","","","","","","","","","","","","","","","","","","","","","","","","","","","","","","","","","","","","","","","","","","","","","","","","","","","","","","","","","","","","","","","","","","","","","","","","","","","","","","",""
"33167001","BORDEAUX_OBSERVATOIRE",44.831667,-0.525,74,1912041109,"","","","","","","","","","","","","","","","","","","","","","","","","","","","","","","","","","","","",10.3,9,"","","","","","","","","","","","","","","","","","","","","","","","","","","","","","","","","","","","","","","","","","","","",1017.9,9,1008.9,9,"","","","","","","","","","","","","","","","","","","","","","","","","","","","","","","","","","","","","","","","","","","","","","","","","","","","","","","","","","","","","","","","","","","","","","","","","","","","","","","","","","","","","","","","","","","","","","","","","","","","","","","","","","","","","","","",""
"33167001","BORDEAUX_OBSERVATOIRE",44.831667,-0.525,74,1912041112,"","","","","","","","","","","","","","","","","","","","","","","","","","","","","","","","","","","","",12.9,9,"","","","","","","","","","","","","","","","","","","","","","","","","","","","","","","","","","","","","","","","","","","","",1017.8,9,1008.9,1,"","","","","","","","","","","","","","","","","","","","","","","","","","","","","","","","","","","","","","","","","","","","","","","","","","","","","","","","","","","","","","","","","","","","","","","","","","","","","","","","","","","","","","","","","","","","","","","","","","","","","","","","","","","","","","","",""
"33167001","BORDEAUX_OBSERVATOIRE",44.831667,-0.525,74,1912041115,"","","","","","","","","","","","","","","","","","","","","","","","","","","","","","","","","","","","",12.4,9,"","","","","","","","","","","","","","","","","","","","","","","","","","","","","","","","","","","","","","","","","","","","",1016.9,9,1008.,9,"","","","","","","","","","","","","","","","","","","","","","","","","","","","","","","","","","","","","","","","","","","","","","","","","","","","","","","","","","","","","","","","","","","","","","","","","","","","","","","","","","","","","","","","","","","","","","","","","","","","","","","","","","","","","","","",""
"33167001","BORDEAUX_OBSERVATOIRE",44.831667,-0.525,74,1912041118,"","","","","","","","","","","","","","","","","","","","","","","","","","","","","","","","","","","","",12.3,9,"","","","","","","","","","","","","","","","","","","","","","","","","","","","","","","","","","","","","","","","","","","","",1017.5,9,1008.6,9,"","","","","","","","","","","","","","","","","","","","","","","","","","","","","","","","","","","","","","","","","","","","","","","","","","","","","","","","","","","","","","","","","","","","","","","","","","","","","","","","","","","","","","","","","","","","","","","","","","","","","","","","","","","","","","","",""
"33167001","BORDEAUX_OBSERVATOIRE",44.831667,-0.525,74,1912041121,"","","","","","","","","","","","","","","","","","","","","","","","","","","","","","","","","","","","",10.8,9,"","","","","","","","","","","","","","","","","","","","","","","","","","","","","","","","","","","","","","","","","","","","",1019.6,9,1010.6,9,"","","","","","","","","","","","","","","","","","","","","","","","","","","","","","","","","","","","","","","","","","","","","","","","","","","","","","","","","","","","","","","","","","","","","","","","","","","","","","","","","","","","","","","","","","","","","","","","","","","","","","","","","","","","","","","",""
"33167001","BORDEAUX_OBSERVATOIRE",44.831667,-0.525,74,1912041200,"","","","","","","","","","","","","","","","","","","","","","","","","","","","","","","","","","","","",10.4,9,"","","","","","","","","","","","","","","","","","","","","","","","","","","","","","","","","","","","","","","","","","","","",1020.6,9,1011.6,9,"","","","","","","","","","","","","","","","","","","","","","","","","","","","","","","","","","","","","","","","","","","","","","","","","","","","","","","","","","","","","","","","","","","","","","","","","","","","","","","","","","","","","","","","","","","","","","","","","","","","","","","","","","","","","","","",""
"33167001","BORDEAUX_OBSERVATOIRE",44.831667,-0.525,74,1912041203,"","","","","","","","","","","","","","","","","","","","","","","","","","","","","","","","","","","","",8.9,9,"","","","","","","","","","","","","","","","","","","","","","","","","","","","","","","","","","","","","","","","","","","","",1020.7,9,1011.6,9,"","","","","","","","","","","","","","","","","","","","","","","","","","","","","","","","","","","","","","","","","","","","","","","","","","","","","","","","","","","","","","","","","","","","","","","","","","","","","","","","","","","","","","","","","","","","","","","","","","","","","","","","","","","","","","","",""
"33167001","BORDEAUX_OBSERVATOIRE",44.831667,-0.525,74,1912041207,"","","","","","","","","","","","","","","","","","","","","","","","","","","","","","","","","","","","",9.5,9,"","","","","","","","","","","","","","","","","","","","","","","","","","","","","","","","","","","","","","","","","","","","",1022.5,9,1013.4,9,"","","",9,"","","","","","","","","","","","","","","","","","","","","","","","","","","","","","","","","","","","","","","","","","","","","","","","","","","","","","","","","","","","","","","","","","","","","","","","","","","","","","","","","","","","","","","","","","","","","","","","","","","","","","","","","","","",""
"33167001","BORDEAUX_OBSERVATOIRE",44.831667,-0.525,74,1912041209,"","","","","","","","","","","","","","","","","","","","","","","","","","","","","","","","","","","","",11.4,9,"","","","","","","","","","","","","","","","","","","","","","","","","","","","","","","","","","","","","","","","","","","","",1023.8,9,1014.8,9,"","","","","","","","","","","","","","","","","","","","","","","","","","","","","","","","","","","","","","","","","","","","","","","","","","","","","","","","","","","","","","","","","","","","","","","","","","","","","","","","","","","","","","","","","","","","","","","","","","","","","","","","","","","","","","","",""
"33167001","BORDEAUX_OBSERVATOIRE",44.831667,-0.525,74,1912041212,"","","","","","","","","","","","","","","","","","","","","","","","","","","","","","","","","","","","",14.5,9,"","","","","","","","","","","","","","","","","","","","","","","","","","","","","","","","","","","","","","","","","","","","",1023.4,9,1014.5,1,"","","","","","","","","","","","","","","","","","","","","","","","","","","","","","","","","","","","","","","","","","","","","","","","","","","","","","","","","","","","","","","","","","","","","","","","","","","","","","","","","","","","","","","","","","","","","","","","","","","","","","","","","","","","","","","",""
"33167001","BORDEAUX_OBSERVATOIRE",44.831667,-0.525,74,1912041215,"","","","","","","","","","","","","","","","","","","","","","","","","","","","","","","","","","","","",14.1,9,"","","","","","","","","","","","","","","","","","","","","","","","","","","","","","","","","","","","","","","","","","","","",1022.7,9,1013.8,9,"","","","","","","","","","","","","","","","","","","","","","","","","","","","","","","","","","","","","","","","","","","","","","","","","","","","","","","","","","","","","","","","","","","","","","","","","","","","","","","","","","","","","","","","","","","","","","","","","","","","","","","","","","","","","","","",""
"33167001","BORDEAUX_OBSERVATOIRE",44.831667,-0.525,74,1912041218,"","","","","","","","","","","","","","","","","","","","","","","","","","","","","","","","","","","","",11.8,9,"","","","","","","","","","","","","","","","","","","","","","","","","","","","","","","","","","","","","","","","","","","","",1023.,9,1014.,9,"","","","","","","","","","","","","","","","","","","","","","","","","","","","","","","","","","","","","","","","","","","","","","","","","","","","","","","","","","","","","","","","","","","","","","","","","","","","","","","","","","","","","","","","","","","","","","","","","","","","","","","","","","","","","","","",""
"33167001","BORDEAUX_OBSERVATOIRE",44.831667,-0.525,74,1912041221,"","","","","","","","","","","","","","","","","","","","","","","","","","","","","","","","","","","","",7.2,9,"","","","","","","","","","","","","","","","","","","","","","","","","","","","","","","","","","","","","","","","","","","","",1025.1,9,1015.9,9,"","","","","","","","","","","","","","","","","","","","","","","","","","","","","","","","","","","","","","","","","","","","","","","","","","","","","","","","","","","","","","","","","","","","","","","","","","","","","","","","","","","","","","","","","","","","","","","","","","","","","","","","","","","","","","","",""
"33167001","BORDEAUX_OBSERVATOIRE",44.831667,-0.525,74,1912041300,"","","","","","","","","","","","","","","","","","","","","","","","","","","","","","","","","","","","",4.8,9,"","","","","","","","","","","","","","","","","","","","","","","","","","","","","","","","","","","","","","","","","","","","",1025.1,9,1015.9,9,"","","","","","","","","","","","","","","","","","","","","","","","","","","","","","","","","","","","","","","","","","","","","","","","","","","","","","","","","","","","","","","","","","","","","","","","","","","","","","","","","","","","","","","","","","","","","","","","","","","","","","","","","","","","","","","",""
"33167001","BORDEAUX_OBSERVATOIRE",44.831667,-0.525,74,1912041303,"","","","","","","","","","","","","","","","","","","","","","","","","","","","","","","","","","","","",2.2,9,"","","","","","","","","","","","","","","","","","","","","","","","","","","","","","","","","","","","","","","","","","","","",1024.5,9,1015.2,9,"","","","","","","","","","","","","","","","","","","","","","","","","","","","","","","","","","","","","","","","","","","","","","","","","","","","","","","","","","","","","","","","","","","","","","","","","","","","","","","","","","","","","","","","","","","","","","","","","","","","","","","","","","","","","","","",""
"33167001","BORDEAUX_OBSERVATOIRE",44.831667,-0.525,74,1912041307,"","","","","","","","","","","","","","","","","","","","","","","","","","","","","","","","","","","","",4.1,9,"","","","","","","","","","","","","","","","","","","","","","","","","","","","","","","","","","","","","","","","","","","","",1024.4,9,1015.1,9,"","","",9,"","","","","","","","","","","","","","","","","","","","","","","","","","","","","","","","","","","","","","","","","","","","","","","","","","","","","","","","","","","","","","","","","","","","","","","","","","","","","","","","","","","","","","","","","","","","","","","","","","","","","","","","","","","",""
"33167001","BORDEAUX_OBSERVATOIRE",44.831667,-0.525,74,1912041309,"","","","","","","","","","","","","","","","","","","","","","","","","","","","","","","","","","","","",8.,9,"","","","","","","","","","","","","","","","","","","","","","","","","","","","","","","","","","","","","","","","","","","","",1024.5,9,1015.4,9,"","","","","","","","","","","","","","","","","","","","","","","","","","","","","","","","","","","","","","","","","","","","","","","","","","","","","","","","","","","","","","","","","","","","","","","","","","","","","","","","","","","","","","","","","","","","","","","","","","","","","","","","","","","","","","","",""
"33167001","BORDEAUX_OBSERVATOIRE",44.831667,-0.525,74,1912041312,"","","","","","","","","","","","","","","","","","","","","","","","","","","","","","","","","","","","",13.4,9,"","","","","","","","","","","","","","","","","","","","","","","","","","","","","","","","","","","","","","","","","","","","",1023.4,9,1014.5,1,"","","","","","","","","","","","","","","","","","","","","","","","","","","","","","","","","","","","","","","","","","","","","","","","","","","","","","","","","","","","","","","","","","","","","","","","","","","","","","","","","","","","","","","","","","","","","","","","","","","","","","","","","","","","","","","",""
"33167001","BORDEAUX_OBSERVATOIRE",44.831667,-0.525,74,1912041315,"","","","","","","","","","","","","","","","","","","","","","","","","","","","","","","","","","","","",15.,9,"","","","","","","","","","","","","","","","","","","","","","","","","","","","","","","","","","","","","","","","","","","","",1021.6,9,1012.7,9,"","","","","","","","","","","","","","","","","","","","","","","","","","","","","","","","","","","","","","","","","","","","","","","","","","","","","","","","","","","","","","","","","","","","","","","","","","","","","","","","","","","","","","","","","","","","","","","","","","","","","","","","","","","","","","","",""
"33167001","BORDEAUX_OBSERVATOIRE",44.831667,-0.525,74,1912041318,"","","","","","","","","","","","","","","","","","","","","","","","","","","","","","","","","","","","",12.4,9,"","","","","","","","","","","","","","","","","","","","","","","","","","","","","","","","","","","","","","","","","","","","",1022.5,9,1013.5,9,"","","","","","","","","","","","","","","","","","","","","","","","","","","","","","","","","","","","","","","","","","","","","","","","","","","","","","","","","","","","","","","","","","","","","","","","","","","","","","","","","","","","","","","","","","","","","","","","","","","","","","","","","","","","","","","",""
"33167001","BORDEAUX_OBSERVATOIRE",44.831667,-0.525,74,1912041321,"","","","","","","","","","","","","","","","","","","","","","","","","","","","","","","","","","","","",8.1,9,"","","","","","","","","","","","","","","","","","","","","","","","","","","","","","","","","","","","","","","","","","","","",1024.1,9,1015.,9,"","","","","","","","","","","","","","","","","","","","","","","","","","","","","","","","","","","","","","","","","","","","","","","","","","","","","","","","","","","","","","","","","","","","","","","","","","","","","","","","","","","","","","","","","","","","","","","","","","","","","","","","","","","","","","","",""
"33167001","BORDEAUX_OBSERVATOIRE",44.831667,-0.525,74,1912041400,"","","","","","","","","","","","","","","","","","","","","","","","","","","","","","","","","","","","",5.2,9,"","","","","","","","","","","","","","","","","","","","","","","","","","","","","","","","","","","","","","","","","","","","",1024.,9,1014.8,9,"","","","","","","","","","","","","","","","","","","","","","","","","","","","","","","","","","","","","","","","","","","","","","","","","","","","","","","","","","","","","","","","","","","","","","","","","","","","","","","","","","","","","","","","","","","","","","","","","","","","","","","","","","","","","","","",""
"33167001","BORDEAUX_OBSERVATOIRE",44.831667,-0.525,74,1912041403,"","","","","","","","","","","","","","","","","","","","","","","","","","","","","","","","","","","","",3.8,9,"","","","","","","","","","","","","","","","","","","","","","","","","","","","","","","","","","","","","","","","","","","","",1024.1,9,1014.8,9,"","","","","","","","","","","","","","","","","","","","","","","","","","","","","","","","","","","","","","","","","","","","","","","","","","","","","","","","","","","","","","","","","","","","","","","","","","","","","","","","","","","","","","","","","","","","","","","","","","","","","","","","","","","","","","","",""
"33167001","BORDEAUX_OBSERVATOIRE",44.831667,-0.525,74,1912041407,"","","","","","","","","","","","","","","","","","","","","","","","","","","","","","","","","","","","",4.2,9,"","","","","","","","","","","","","","","","","","","","","","","","","","","","","","","","","","","","","","","","","","","","",1024.7,9,1015.4,9,"","","",9,"","","","","","","","","","","","","","","","","","","","","","","","","","","","","","","","","","","","","","","","","","","","","","","","","","","","","","","","","","","","","","","","","","","","","","","","","","","","","","","","","","","","","","","","","","","","","","","","","","","","","","","","","","","",""
"33167001","BORDEAUX_OBSERVATOIRE",44.831667,-0.525,74,1912041409,"","","","","","","","","","","","","","","","","","","","","","","","","","","","","","","","","","","","",9.1,9,"","","","","","","","","","","","","","","","","","","","","","","","","","","","","","","","","","","","","","","","","","","","",1025.1,9,1016.,9,"","","","","","","","","","","","","","","","","","","","","","","","","","","","","","","","","","","","","","","","","","","","","","","","","","","","","","","","","","","","","","","","","","","","","","","","","","","","","","","","","","","","","","","","","","","","","","","","","","","","","","","","","","","","","","","",""
"33167001","BORDEAUX_OBSERVATOIRE",44.831667,-0.525,74,1912041412,"","","","","","","","","","","","","","","","","","","","","","","","","","","","","","","","","","","","",13.5,9,"","","","","","","","","","","","","","","","","","","","","","","","","","","","","","","","","","","","","","","","","","","","",1024.2,9,1015.3,1,"","","","","","","","","","","","","","","","","","","","","","","","","","","","","","","","","","","","","","","","","","","","","","","","","","","","","","","","","","","","","","","","","","","","","","","","","","","","","","","","","","","","","","","","","","","","","","","","","","","","","","","","","","","","","","","",""
"33167001","BORDEAUX_OBSERVATOIRE",44.831667,-0.525,74,1912041415,"","","","","","","","","","","","","","","","","","","","","","","","","","","","","","","","","","","","",13.4,9,"","","","","","","","","","","","","","","","","","","","","","","","","","","","","","","","","","","","","","","","","","","","",1022.9,9,1014.,9,"","","","","","","","","","","","","","","","","","","","","","","","","","","","","","","","","","","","","","","","","","","","","","","","","","","","","","","","","","","","","","","","","","","","","","","","","","","","","","","","","","","","","","","","","","","","","","","","","","","","","","","","","","","","","","","",""
"33167001","BORDEAUX_OBSERVATOIRE",44.831667,-0.525,74,1912041418,"","","","","","","","","","","","","","","","","","","","","","","","","","","","","","","","","","","","",12.3,9,"","","","","","","","","","","","","","","","","","","","","","","","","","","","","","","","","","","","","","","","","","","","",1023.4,9,1014.4,9,"","","","","","","","","","","","","","","","","","","","","","","","","","","","","","","","","","","","","","","","","","","","","","","","","","","","","","","","","","","","","","","","","","","","","","","","","","","","","","","","","","","","","","","","","","","","","","","","","","","","","","","","","","","","","","","",""
"33167001","BORDEAUX_OBSERVATOIRE",44.831667,-0.525,74,1912041421,"","","","","","","","","","","","","","","","","","","","","","","","","","","","","","","","","","","","",10.1,9,"","","","","","","","","","","","","","","","","","","","","","","","","","","","","","","","","","","","","","","","","","","","",1024.5,9,1015.4,9,"","","","","","","","","","","","","","","","","","","","","","","","","","","","","","","","","","","","","","","","","","","","","","","","","","","","","","","","","","","","","","","","","","","","","","","","","","","","","","","","","","","","","","","","","","","","","","","","","","","","","","","","","","","","","","","",""
"33167001","BORDEAUX_OBSERVATOIRE",44.831667,-0.525,74,1912041500,"","","","","","","","","","","","","","","","","","","","","","","","","","","","","","","","","","","","",7.7,9,"","","","","","","","","","","","","","","","","","","","","","","","","","","","","","","","","","","","","","","","","","","","",1024.9,9,1015.8,9,"","","","","","","","","","","","","","","","","","","","","","","","","","","","","","","","","","","","","","","","","","","","","","","","","","","","","","","","","","","","","","","","","","","","","","","","","","","","","","","","","","","","","","","","","","","","","","","","","","","","","","","","","","","","","","","",""
"33167001","BORDEAUX_OBSERVATOIRE",44.831667,-0.525,74,1912041503,"","","","","","","","","","","","","","","","","","","","","","","","","","","","","","","","","","","","",6.4,9,"","","","","","","","","","","","","","","","","","","","","","","","","","","","","","","","","","","","","","","","","","","","",1024.2,9,1015.,9,"","","","","","","","","","","","","","","","","","","","","","","","","","","","","","","","","","","","","","","","","","","","","","","","","","","","","","","","","","","","","","","","","","","","","","","","","","","","","","","","","","","","","","","","","","","","","","","","","","","","","","","","","","","","","","","",""
"33167001","BORDEAUX_OBSERVATOIRE",44.831667,-0.525,74,1912041507,"","","","","","","","","","","","","","","","","","","","","","","","","","","","","","","","","","","","",7.4,9,"","","","","","","","","","","","","","","","","","","","","","","","","","","","","","","","","","","","","","","","","","","","",1023.8,9,1014.7,9,"","","",9,"","","","","","","","","","","","","","","","","","","","","","","","","","","","","","","","","","","","","","","","","","","","","","","","","","","","","","","","","","","","","","","","","","","","","","","","","","","","","","","","","","","","","","","","","","","","","","","","","","","","","","","","","","","",""
"33167001","BORDEAUX_OBSERVATOIRE",44.831667,-0.525,74,1912041509,"","","","","","","","","","","","","","","","","","","","","","","","","","","","","","","","","","","","",9.4,9,"","","","","","","","","","","","","","","","","","","","","","","","","","","","","","","","","","","","","","","","","","","","",1023.7,9,1014.6,9,"","","","","","","","","","","","","","","","","","","","","","","","","","","","","","","","","","","","","","","","","","","","","","","","","","","","","","","","","","","","","","","","","","","","","","","","","","","","","","","","","","","","","","","","","","","","","","","","","","","","","","","","","","","","","","","",""
"33167001","BORDEAUX_OBSERVATOIRE",44.831667,-0.525,74,1912041512,"","","","","","","","","","","","","","","","","","","","","","","","","","","","","","","","","","","","",12.5,9,"","","","","","","","","","","","","","","","","","","","","","","","","","","","","","","","","","","","","","","","","","","","",1022.7,9,1013.7,1,"","","","","","","","","","","","","","","","","","","","","","","","","","","","","","","","","","","","","","","","","","","","","","","","","","","","","","","","","","","","","","","","","","","","","","","","","","","","","","","","","","","","","","","","","","","","","","","","","","","","","","","","","","","","","","","",""
"33167001","BORDEAUX_OBSERVATOIRE",44.831667,-0.525,74,1912041515,"","","","","","","","","","","","","","","","","","","","","","","","","","","","","","","","","","","","",12.1,9,"","","","","","","","","","","","","","","","","","","","","","","","","","","","","","","","","","","","","","","","","","","","",1021.3,9,1012.3,9,"","","","","","","","","","","","","","","","","","","","","","","","","","","","","","","","","","","","","","","","","","","","","","","","","","","","","","","","","","","","","","","","","","","","","","","","","","","","","","","","","","","","","","","","","","","","","","","","","","","","","","","","","","","","","","","",""
"33167001","BORDEAUX_OBSERVATOIRE",44.831667,-0.525,74,1912041518,"","","","","","","","","","","","","","","","","","","","","","","","","","","","","","","","","","","","",9.6,9,"","","","","","","","","","","","","","","","","","","","","","","","","","","","","","","","","","","","","","","","","","","","",1021.1,9,1012.1,9,"","","","","","","","","","","","","","","","","","","","","","","","","","","","","","","","","","","","","","","","","","","","","","","","","","","","","","","","","","","","","","","","","","","","","","","","","","","","","","","","","","","","","","","","","","","","","","","","","","","","","","","","","","","","","","","",""
"33167001","BORDEAUX_OBSERVATOIRE",44.831667,-0.525,74,1912041521,"","","","","","","","","","","","","","","","","","","","","","","","","","","","","","","","","","","","",6.3,9,"","","","","","","","","","","","","","","","","","","","","","","","","","","","","","","","","","","","","","","","","","","","",1021.8,9,1012.6,9,"","","","","","","","","","","","","","","","","","","","","","","","","","","","","","","","","","","","","","","","","","","","","","","","","","","","","","","","","","","","","","","","","","","","","","","","","","","","","","","","","","","","","","","","","","","","","","","","","","","","","","","","","","","","","","","",""
"33167001","BORDEAUX_OBSERVATOIRE",44.831667,-0.525,74,1912041600,"","","","","","","","","","","","","","","","","","","","","","","","","","","","","","","","","","","","",4.6,9,"","","","","","","","","","","","","","","","","","","","","","","","","","","","","","","","","","","","","","","","","","","","",1021.2,9,1012.,9,"","","","","","","","","","","","","","","","","","","","","","","","","","","","","","","","","","","","","","","","","","","","","","","","","","","","","","","","","","","","","","","","","","","","","","","","","","","","","","","","","","","","","","","","","","","","","","","","","","","","","","","","","","","","","","","",""
"33167001","BORDEAUX_OBSERVATOIRE",44.831667,-0.525,74,1912041603,"","","","","","","","","","","","","","","","","","","","","","","","","","","","","","","","","","","","",4.4,9,"","","","","","","","","","","","","","","","","","","","","","","","","","","","","","","","","","","","","","","","","","","","",1019.9,9,1010.7,9,"","","","","","","","","","","","","","","","","","","","","","","","","","","","","","","","","","","","","","","","","","","","","","","","","","","","","","","","","","","","","","","","","","","","","","","","","","","","","","","","","","","","","","","","","","","","","","","","","","","","","","","","","","","","","","","",""
"33167001","BORDEAUX_OBSERVATOIRE",44.831667,-0.525,74,1912041607,"","","","","","","","","","","","","","","","","","","","","","","","","","","","","","","","","","","","",5.2,9,"","","","","","","","","","","","","","","","","","","","","","","","","","","","","","","","","","","","","","","","","","","","",1019.1,9,1009.9,9,"","","",9,"","","","","","","","","","","","","","","","","","","","","","","","","","","","","","","","","","","","","","","","","","","","","","","","","","","","","","","","","","","","","","","","","","","","","","","","","","","","","","","","","","","","","","","","","","","","","","","","","","","","","","","","","","","",""
"33167001","BORDEAUX_OBSERVATOIRE",44.831667,-0.525,74,1912041609,"","","","","","","","","","","","","","","","","","","","","","","","","","","","","","","","","","","","",9.2,9,"","","","","","","","","","","","","","","","","","","","","","","","","","","","","","","","","","","","","","","","","","","","",1018.7,9,1009.7,9,"","","","","","","","","","","","","","","","","","","","","","","","","","","","","","","","","","","","","","","","","","","","","","","","","","","","","","","","","","","","","","","","","","","","","","","","","","","","","","","","","","","","","","","","","","","","","","","","","","","","","","","","","","","","","","","",""
"33167001","BORDEAUX_OBSERVATOIRE",44.831667,-0.525,74,1912041612,"","","","","","","","","","","","","","","","","","","","","","","","","","","","","","","","","","","","",13.3,9,"","","","","","","","","","","","","","","","","","","","","","","","","","","","","","","","","","","","","","","","","","","","",1017.1,9,1008.2,1,"","","","","","","","","","","","","","","","","","","","","","","","","","","","","","","","","","","","","","","","","","","","","","","","","","","","","","","","","","","","","","","","","","","","","","","","","","","","","","","","","","","","","","","","","","","","","","","","","","","","","","","","","","","","","","","",""
"33167001","BORDEAUX_OBSERVATOIRE",44.831667,-0.525,74,1912041615,"","","","","","","","","","","","","","","","","","","","","","","","","","","","","","","","","","","","",13.,9,"","","","","","","","","","","","","","","","","","","","","","","","","","","","","","","","","","","","","","","","","","","","",1015.3,9,1006.4,9,"","","","","","","","","","","","","","","","","","","","","","","","","","","","","","","","","","","","","","","","","","","","","","","","","","","","","","","","","","","","","","","","","","","","","","","","","","","","","","","","","","","","","","","","","","","","","","","","","","","","","","","","","","","","","","","",""
"33167001","BORDEAUX_OBSERVATOIRE",44.831667,-0.525,74,1912041618,"","","","","","","","","","","","","","","","","","","","","","","","","","","","","","","","","","","","",10.7,9,"","","","","","","","","","","","","","","","","","","","","","","","","","","","","","","","","","","","","","","","","","","","",1015.7,9,1006.7,9,"","","","","","","","","","","","","","","","","","","","","","","","","","","","","","","","","","","","","","","","","","","","","","","","","","","","","","","","","","","","","","","","","","","","","","","","","","","","","","","","","","","","","","","","","","","","","","","","","","","","","","","","","","","","","","","",""
"33167001","BORDEAUX_OBSERVATOIRE",44.831667,-0.525,74,1912041621,"","","","","","","","","","","","","","","","","","","","","","","","","","","","","","","","","","","","",9.3,9,"","","","","","","","","","","","","","","","","","","","","","","","","","","","","","","","","","","","","","","","","","","","",1016.,9,1007.,9,"","","","","","","","","","","","","","","","","","","","","","","","","","","","","","","","","","","","","","","","","","","","","","","","","","","","","","","","","","","","","","","","","","","","","","","","","","","","","","","","","","","","","","","","","","","","","","","","","","","","","","","","","","","","","","","",""
"33167001","BORDEAUX_OBSERVATOIRE",44.831667,-0.525,74,1912041700,"","","","","","","","","","","","","","","","","","","","","","","","","","","","","","","","","","","","",7.5,9,"","","","","","","","","","","","","","","","","","","","","","","","","","","","","","","","","","","","","","","","","","","","",1015.7,9,1006.6,9,"","","","","","","","","","","","","","","","","","","","","","","","","","","","","","","","","","","","","","","","","","","","","","","","","","","","","","","","","","","","","","","","","","","","","","","","","","","","","","","","","","","","","","","","","","","","","","","","","","","","","","","","","","","","","","","",""
"33167001","BORDEAUX_OBSERVATOIRE",44.831667,-0.525,74,1912041703,"","","","","","","","","","","","","","","","","","","","","","","","","","","","","","","","","","","","",5.2,9,"","","","","","","","","","","","","","","","","","","","","","","","","","","","","","","","","","","","","","","","","","","","",1014.6,9,1005.5,9,"","","","","","","","","","","","","","","","","","","","","","","","","","","","","","","","","","","","","","","","","","","","","","","","","","","","","","","","","","","","","","","","","","","","","","","","","","","","","","","","","","","","","","","","","","","","","","","","","","","","","","","","","","","","","","","",""
"33167001","BORDEAUX_OBSERVATOIRE",44.831667,-0.525,74,1912041707,"","","","","","","","","","","","","","","","","","","","","","","","","","","","","","","","","","","","",7.4,9,"","","","","","","","","","","","","","","","","","","","","","","","","","","","","","","","","","","","","","","","","","","","",1014.8,9,1005.7,9,"","","",9,"","","","","","","","","","","","","","","","","","","","","","","","","","","","","","","","","","","","","","","","","","","","","","","","","","","","","","","","","","","","","","","","","","","","","","","","","","","","","","","","","","","","","","","","","","","","","","","","","","","","","","","","","","","",""
"33167001","BORDEAUX_OBSERVATOIRE",44.831667,-0.525,74,1912041709,"","","","","","","","","","","","","","","","","","","","","","","","","","","","","","","","","","","","",12.3,9,"","","","","","","","","","","","","","","","","","","","","","","","","","","","","","","","","","","","","","","","","","","","",1014.7,9,1005.8,9,"","","","","","","","","","","","","","","","","","","","","","","","","","","","","","","","","","","","","","","","","","","","","","","","","","","","","","","","","","","","","","","","","","","","","","","","","","","","","","","","","","","","","","","","","","","","","","","","","","","","","","","","","","","","","","","",""
"33167001","BORDEAUX_OBSERVATOIRE",44.831667,-0.525,74,1912041712,"","","","","","","","","","","","","","","","","","","","","","","","","","","","","","","","","","","","",12.7,9,"","","","","","","","","","","","","","","","","","","","","","","","","","","","","","","","","","","","","","","","","","","","",1013.6,9,1004.7,1,"","","","","","","","","","","","","","","","","","","","","","","","","","","","","","","","","","","","","","","","","","","","","","","","","","","","","","","","","","","","","","","","","","","","","","","","","","","","","","","","","","","","","","","","","","","","","","","","","","","","","","","","","","","","","","","",""
"33167001","BORDEAUX_OBSERVATOIRE",44.831667,-0.525,74,1912041715,"","","","","","","","","","","","","","","","","","","","","","","","","","","","","","","","","","","","",11.1,9,"","","","","","","","","","","","","","","","","","","","","","","","","","","","","","","","","","","","","","","","","","","","",1013.6,9,1004.7,9,"","","","","","","","","","","","","","","","","","","","","","","","","","","","","","","","","","","","","","","","","","","","","","","","","","","","","","","","","","","","","","","","","","","","","","","","","","","","","","","","","","","","","","","","","","","","","","","","","","","","","","","","","","","","","","","",""
"33167001","BORDEAUX_OBSERVATOIRE",44.831667,-0.525,74,1912041718,"","","","","","","","","","","","","","","","","","","","","","","","","","","","","","","","","","","","",11.2,9,"","","","","","","","","","","","","","","","","","","","","","","","","","","","","","","","","","","","","","","","","","","","",1013.1,9,1004.2,9,"","","","","","","","","","","","","","","","","","","","","","","","","","","","","","","","","","","","","","","","","","","","","","","","","","","","","","","","","","","","","","","","","","","","","","","","","","","","","","","","","","","","","","","","","","","","","","","","","","","","","","","","","","","","","","","",""
"33167001","BORDEAUX_OBSERVATOIRE",44.831667,-0.525,74,1912041721,"","","","","","","","","","","","","","","","","","","","","","","","","","","","","","","","","","","","",8.5,9,"","","","","","","","","","","","","","","","","","","","","","","","","","","","","","","","","","","","","","","","","","","","",1013.7,9,1004.7,9,"","","","","","","","","","","","","","","","","","","","","","","","","","","","","","","","","","","","","","","","","","","","","","","","","","","","","","","","","","","","","","","","","","","","","","","","","","","","","","","","","","","","","","","","","","","","","","","","","","","","","","","","","","","","","","","",""
"33167001","BORDEAUX_OBSERVATOIRE",44.831667,-0.525,74,1912041800,"","","","","","","","","","","","","","","","","","","","","","","","","","","","","","","","","","","","",8.1,9,"","","","","","","","","","","","","","","","","","","","","","","","","","","","","","","","","","","","","","","","","","","","",1013.6,9,1004.6,9,"","","","","","","","","","","","","","","","","","","","","","","","","","","","","","","","","","","","","","","","","","","","","","","","","","","","","","","","","","","","","","","","","","","","","","","","","","","","","","","","","","","","","","","","","","","","","","","","","","","","","","","","","","","","","","","",""
"33167001","BORDEAUX_OBSERVATOIRE",44.831667,-0.525,74,1912041803,"","","","","","","","","","","","","","","","","","","","","","","","","","","","","","","","","","","","",6.7,9,"","","","","","","","","","","","","","","","","","","","","","","","","","","","","","","","","","","","","","","","","","","","",1012.7,9,1003.6,9,"","","","","","","","","","","","","","","","","","","","","","","","","","","","","","","","","","","","","","","","","","","","","","","","","","","","","","","","","","","","","","","","","","","","","","","","","","","","","","","","","","","","","","","","","","","","","","","","","","","","","","","","","","","","","","","",""
"33167001","BORDEAUX_OBSERVATOIRE",44.831667,-0.525,74,1912041807,"","","","","","","","","","","","","","","","","","","","","","","","","","","","","","","","","","","","",8.6,9,"","","","","","","","","","","","","","","","","","","","","","","","","","","","","","","","","","","","","","","","","","","","",1013.2,9,1004.2,9,"","","",9,"","","","","","","","","","","","","","","","","","","","","","","","","","","","","","","","","","","","","","","","","","","","","","","","","","","","","","","","","","","","","","","","","","","","","","","","","","","","","","","","","","","","","","","","","","","","","","","","","","","","","","","","","","","",""
"33167001","BORDEAUX_OBSERVATOIRE",44.831667,-0.525,74,1912041809,"","","","","","","","","","","","","","","","","","","","","","","","","","","","","","","","","","","","",12.1,9,"","","","","","","","","","","","","","","","","","","","","","","","","","","","","","","","","","","","","","","","","","","","",1013.4,9,1004.5,9,"","","","","","","","","","","","","","","","","","","","","","","","","","","","","","","","","","","","","","","","","","","","","","","","","","","","","","","","","","","","","","","","","","","","","","","","","","","","","","","","","","","","","","","","","","","","","","","","","","","","","","","","","","","","","","","",""
"33167001","BORDEAUX_OBSERVATOIRE",44.831667,-0.525,74,1912041812,"","","","","","","","","","","","","","","","","","","","","","","","","","","","","","","","","","","","",15.1,9,"","","","","","","","","","","","","","","","","","","","","","","","","","","","","","","","","","","","","","","","","","","","",1012.7,9,1003.9,1,"","","","","","","","","","","","","","","","","","","","","","","","","","","","","","","","","","","","","","","","","","","","","","","","","","","","","","","","","","","","","","","","","","","","","","","","","","","","","","","","","","","","","","","","","","","","","","","","","","","","","","","","","","","","","","","",""
"33167001","BORDEAUX_OBSERVATOIRE",44.831667,-0.525,74,1912041815,"","","","","","","","","","","","","","","","","","","","","","","","","","","","","","","","","","","","",18.3,9,"","","","","","","","","","","","","","","","","","","","","","","","","","","","","","","","","","","","","","","","","","","","",1012.3,9,1003.6,9,"","","","","","","","","","","","","","","","","","","","","","","","","","","","","","","","","","","","","","","","","","","","","","","","","","","","","","","","","","","","","","","","","","","","","","","","","","","","","","","","","","","","","","","","","","","","","","","","","","","","","","","","","","","","","","","",""
"33167001","BORDEAUX_OBSERVATOIRE",44.831667,-0.525,74,1912041818,"","","","","","","","","","","","","","","","","","","","","","","","","","","","","","","","","","","","",14.4,9,"","","","","","","","","","","","","","","","","","","","","","","","","","","","","","","","","","","","","","","","","","","","",1012.7,9,1003.9,9,"","","","","","","","","","","","","","","","","","","","","","","","","","","","","","","","","","","","","","","","","","","","","","","","","","","","","","","","","","","","","","","","","","","","","","","","","","","","","","","","","","","","","","","","","","","","","","","","","","","","","","","","","","","","","","","",""
"33167001","BORDEAUX_OBSERVATOIRE",44.831667,-0.525,74,1912041821,"","","","","","","","","","","","","","","","","","","","","","","","","","","","","","","","","","","","",9.8,9,"","","","","","","","","","","","","","","","","","","","","","","","","","","","","","","","","","","","","","","","","","","","",1014.6,9,1005.6,9,"","","","","","","","","","","","","","","","","","","","","","","","","","","","","","","","","","","","","","","","","","","","","","","","","","","","","","","","","","","","","","","","","","","","","","","","","","","","","","","","","","","","","","","","","","","","","","","","","","","","","","","","","","","","","","","",""
"33167001","BORDEAUX_OBSERVATOIRE",44.831667,-0.525,74,1912041900,"","","","","","","","","","","","","","","","","","","","","","","","","","","","","","","","","","","","",7.2,9,"","","","","","","","","","","","","","","","","","","","","","","","","","","","","","","","","","","","","","","","","","","","",1015.4,9,1006.3,9,"","","","","","","","","","","","","","","","","","","","","","","","","","","","","","","","","","","","","","","","","","","","","","","","","","","","","","","","","","","","","","","","","","","","","","","","","","","","","","","","","","","","","","","","","","","","","","","","","","","","","","","","","","","","","","","",""
"33167001","BORDEAUX_OBSERVATOIRE",44.831667,-0.525,74,1912041903,"","","","","","","","","","","","","","","","","","","","","","","","","","","","","","","","","","","","",6.6,9,"","","","","","","","","","","","","","","","","","","","","","","","","","","","","","","","","","","","","","","","","","","","",1015.5,9,1006.4,9,"","","","","","","","","","","","","","","","","","","","","","","","","","","","","","","","","","","","","","","","","","","","","","","","","","","","","","","","","","","","","","","","","","","","","","","","","","","","","","","","","","","","","","","","","","","","","","","","","","","","","","","","","","","","","","","",""
"33167001","BORDEAUX_OBSERVATOIRE",44.831667,-0.525,74,1912041907,"","","","","","","","","","","","","","","","","","","","","","","","","","","","","","","","","","","","",5.9,9,"","","","","","","","","","","","","","","","","","","","","","","","","","","","","","","","","","","","","","","","","","","","",1016.9,9,1007.8,9,"","","",9,"","","","","","","","","","","","","","","","","","","","","","","","","","","","","","","","","","","","","","","","","","","","","","","","","","","","","","","","","","","","","","","","","","","","","","","","","","","","","","","","","","","","","","","","","","","","","","","","","","","","","","","","","","","",""
"33167001","BORDEAUX_OBSERVATOIRE",44.831667,-0.525,74,1912041909,"","","","","","","","","","","","","","","","","","","","","","","","","","","","","","","","","","","","",8.7,9,"","","","","","","","","","","","","","","","","","","","","","","","","","","","","","","","","","","","","","","","","","","","",1018.1,9,1009.1,9,"","","","","","","","","","","","","","","","","","","","","","","","","","","","","","","","","","","","","","","","","","","","","","","","","","","","","","","","","","","","","","","","","","","","","","","","","","","","","","","","","","","","","","","","","","","","","","","","","","","","","","","","","","","","","","","",""
"33167001","BORDEAUX_OBSERVATOIRE",44.831667,-0.525,74,1912041912,"","","","","","","","","","","","","","","","","","","","","","","","","","","","","","","","","","","","",15.,9,"","","","","","","","","","","","","","","","","","","","","","","","","","","","","","","","","","","","","","","","","","","","",1017.8,9,1009.,1,"","","","","","","","","","","","","","","","","","","","","","","","","","","","","","","","","","","","","","","","","","","","","","","","","","","","","","","","","","","","","","","","","","","","","","","","","","","","","","","","","","","","","","","","","","","","","","","","","","","","","","","","","","","","","","","",""
"33167001","BORDEAUX_OBSERVATOIRE",44.831667,-0.525,74,1912041915,"","","","","","","","","","","","","","","","","","","","","","","","","","","","","","","","","","","","",18.6,9,"","","","","","","","","","","","","","","","","","","","","","","","","","","","","","","","","","","","","","","","","","","","",1017.,9,1008.3,9,"","","","","","","","","","","","","","","","","","","","","","","","","","","","","","","","","","","","","","","","","","","","","","","","","","","","","","","","","","","","","","","","","","","","","","","","","","","","","","","","","","","","","","","","","","","","","","","","","","","","","","","","","","","","","","","",""
"33167001","BORDEAUX_OBSERVATOIRE",44.831667,-0.525,74,1912041918,"","","","","","","","","","","","","","","","","","","","","","","","","","","","","","","","","","","","",15.9,9,"","","","","","","","","","","","","","","","","","","","","","","","","","","","","","","","","","","","","","","","","","","","",1017.4,9,1008.6,9,"","","","","","","","","","","","","","","","","","","","","","","","","","","","","","","","","","","","","","","","","","","","","","","","","","","","","","","","","","","","","","","","","","","","","","","","","","","","","","","","","","","","","","","","","","","","","","","","","","","","","","","","","","","","","","","",""
"33167001","BORDEAUX_OBSERVATOIRE",44.831667,-0.525,74,1912041921,"","","","","","","","","","","","","","","","","","","","","","","","","","","","","","","","","","","","",11.4,9,"","","","","","","","","","","","","","","","","","","","","","","","","","","","","","","","","","","","","","","","","","","","",1019.2,9,1010.2,9,"","","","","","","","","","","","","","","","","","","","","","","","","","","","","","","","","","","","","","","","","","","","","","","","","","","","","","","","","","","","","","","","","","","","","","","","","","","","","","","","","","","","","","","","","","","","","","","","","","","","","","","","","","","","","","","",""
"33167001","BORDEAUX_OBSERVATOIRE",44.831667,-0.525,74,1912042000,"","","","","","","","","","","","","","","","","","","","","","","","","","","","","","","","","","","","",8.8,9,"","","","","","","","","","","","","","","","","","","","","","","","","","","","","","","","","","","","","","","","","","","","",1020.3,9,1011.2,9,"","","","","","","","","","","","","","","","","","","","","","","","","","","","","","","","","","","","","","","","","","","","","","","","","","","","","","","","","","","","","","","","","","","","","","","","","","","","","","","","","","","","","","","","","","","","","","","","","","","","","","","","","","","","","","","",""
"33167001","BORDEAUX_OBSERVATOIRE",44.831667,-0.525,74,1912042003,"","","","","","","","","","","","","","","","","","","","","","","","","","","","","","","","","","","","",8.6,9,"","","","","","","","","","","","","","","","","","","","","","","","","","","","","","","","","","","","","","","","","","","","",1020.5,9,1011.4,9,"","","","","","","","","","","","","","","","","","","","","","","","","","","","","","","","","","","","","","","","","","","","","","","","","","","","","","","","","","","","","","","","","","","","","","","","","","","","","","","","","","","","","","","","","","","","","","","","","","","","","","","","","","","","","","","",""
"33167001","BORDEAUX_OBSERVATOIRE",44.831667,-0.525,74,1912042007,"","","","","","","","","","","","","","","","","","","","","","","","","","","","","","","","","","","","",10.1,9,"","","","","","","","","","","","","","","","","","","","","","","","","","","","","","","","","","","","","","","","","","","","",1020.1,9,1011.1,9,"","","",9,"","","","","","","","","","","","","","","","","","","","","","","","","","","","","","","","","","","","","","","","","","","","","","","","","","","","","","","","","","","","","","","","","","","","","","","","","","","","","","","","","","","","","","","","","","","","","","","","","","","","","","","","","","","",""
"33167001","BORDEAUX_OBSERVATOIRE",44.831667,-0.525,74,1912042009,"","","","","","","","","","","","","","","","","","","","","","","","","","","","","","","","","","","","",14.7,9,"","","","","","","","","","","","","","","","","","","","","","","","","","","","","","","","","","","","","","","","","","","","",1022.,9,1013.1,9,"","","","","","","","","","","","","","","","","","","","","","","","","","","","","","","","","","","","","","","","","","","","","","","","","","","","","","","","","","","","","","","","","","","","","","","","","","","","","","","","","","","","","","","","","","","","","","","","","","","","","","","","","","","","","","","",""
"33167001","BORDEAUX_OBSERVATOIRE",44.831667,-0.525,74,1912042012,"","","","","","","","","","","","","","","","","","","","","","","","","","","","","","","","","","","","",18.3,9,"","","","","","","","","","","","","","","","","","","","","","","","","","","","","","","","","","","","","","","","","","","","",1021.8,9,1013.,1,"","","","","","","","","","","","","","","","","","","","","","","","","","","","","","","","","","","","","","","","","","","","","","","","","","","","","","","","","","","","","","","","","","","","","","","","","","","","","","","","","","","","","","","","","","","","","","","","","","","","","","","","","","","","","","","",""
"33167001","BORDEAUX_OBSERVATOIRE",44.831667,-0.525,74,1912042015,"","","","","","","","","","","","","","","","","","","","","","","","","","","","","","","","","","","","",19.6,9,"","","","","","","","","","","","","","","","","","","","","","","","","","","","","","","","","","","","","","","","","","","","",1021.1,9,1012.4,9,"","","","","","","","","","","","","","","","","","","","","","","","","","","","","","","","","","","","","","","","","","","","","","","","","","","","","","","","","","","","","","","","","","","","","","","","","","","","","","","","","","","","","","","","","","","","","","","","","","","","","","","","","","","","","","","",""
"33167001","BORDEAUX_OBSERVATOIRE",44.831667,-0.525,74,1912042018,"","","","","","","","","","","","","","","","","","","","","","","","","","","","","","","","","","","","",16.,9,"","","","","","","","","","","","","","","","","","","","","","","","","","","","","","","","","","","","","","","","","","","","",1021.8,9,1013.,9,"","","","","","","","","","","","","","","","","","","","","","","","","","","","","","","","","","","","","","","","","","","","","","","","","","","","","","","","","","","","","","","","","","","","","","","","","","","","","","","","","","","","","","","","","","","","","","","","","","","","","","","","","","","","","","","",""
"33167001","BORDEAUX_OBSERVATOIRE",44.831667,-0.525,74,1912042021,"","","","","","","","","","","","","","","","","","","","","","","","","","","","","","","","","","","","",11.4,9,"","","","","","","","","","","","","","","","","","","","","","","","","","","","","","","","","","","","","","","","","","","","",1023.4,9,1014.4,9,"","","","","","","","","","","","","","","","","","","","","","","","","","","","","","","","","","","","","","","","","","","","","","","","","","","","","","","","","","","","","","","","","","","","","","","","","","","","","","","","","","","","","","","","","","","","","","","","","","","","","","","","","","","","","","","",""
"33167001","BORDEAUX_OBSERVATOIRE",44.831667,-0.525,74,1912042100,"","","","","","","","","","","","","","","","","","","","","","","","","","","","","","","","","","","","",9.7,9,"","","","","","","","","","","","","","","","","","","","","","","","","","","","","","","","","","","","","","","","","","","","",1023.8,9,1014.7,9,"","","","","","","","","","","","","","","","","","","","","","","","","","","","","","","","","","","","","","","","","","","","","","","","","","","","","","","","","","","","","","","","","","","","","","","","","","","","","","","","","","","","","","","","","","","","","","","","","","","","","","","","","","","","","","","",""
"33167001","BORDEAUX_OBSERVATOIRE",44.831667,-0.525,74,1912042103,"","","","","","","","","","","","","","","","","","","","","","","","","","","","","","","","","","","","",9.6,9,"","","","","","","","","","","","","","","","","","","","","","","","","","","","","","","","","","","","","","","","","","","","",1023.1,9,1014.,9,"","","","","","","","","","","","","","","","","","","","","","","","","","","","","","","","","","","","","","","","","","","","","","","","","","","","","","","","","","","","","","","","","","","","","","","","","","","","","","","","","","","","","","","","","","","","","","","","","","","","","","","","","","","","","","","",""
"33167001","BORDEAUX_OBSERVATOIRE",44.831667,-0.525,74,1912042107,"","","","","","","","","","","","","","","","","","","","","","","","","","","","","","","","","","","","",10.6,9,"","","","","","","","","","","","","","","","","","","","","","","","","","","","","","","","","","","","","","","","","","","","",1023.1,9,1014.1,9,"","","",9,"","","","","","","","","","","","","","","","","","","","","","","","","","","","","","","","","","","","","","","","","","","","","","","","","","","","","","","","","","","","","","","","","","","","","","","","","","","","","","","","","","","","","","","","","","","","","","","","","","","","","","","","","","","",""
"33167001","BORDEAUX_OBSERVATOIRE",44.831667,-0.525,74,1912042109,"","","","","","","","","","","","","","","","","","","","","","","","","","","","","","","","","","","","",16.,9,"","","","","","","","","","","","","","","","","","","","","","","","","","","","","","","","","","","","","","","","","","","","",1023.1,9,1014.3,9,"","","","","","","","","","","","","","","","","","","","","","","","","","","","","","","","","","","","","","","","","","","","","","","","","","","","","","","","","","","","","","","","","","","","","","","","","","","","","","","","","","","","","","","","","","","","","","","","","","","","","","","","","","","","","","","",""
"33167001","BORDEAUX_OBSERVATOIRE",44.831667,-0.525,74,1912042112,"","","","","","","","","","","","","","","","","","","","","","","","","","","","","","","","","","","","",19.9,9,"","","","","","","","","","","","","","","","","","","","","","","","","","","","","","","","","","","","","","","","","","","","",1022.,9,1013.3,1,"","","","","","","","","","","","","","","","","","","","","","","","","","","","","","","","","","","","","","","","","","","","","","","","","","","","","","","","","","","","","","","","","","","","","","","","","","","","","","","","","","","","","","","","","","","","","","","","","","","","","","","","","","","","","","","",""
"33167001","BORDEAUX_OBSERVATOIRE",44.831667,-0.525,74,1912042115,"","","","","","","","","","","","","","","","","","","","","","","","","","","","","","","","","","","","",21.5,9,"","","","","","","","","","","","","","","","","","","","","","","","","","","","","","","","","","","","","","","","","","","","",1020.5,9,1011.9,9,"","","","","","","","","","","","","","","","","","","","","","","","","","","","","","","","","","","","","","","","","","","","","","","","","","","","","","","","","","","","","","","","","","","","","","","","","","","","","","","","","","","","","","","","","","","","","","","","","","","","","","","","","","","","","","","",""
"33167001","BORDEAUX_OBSERVATOIRE",44.831667,-0.525,74,1912042118,"","","","","","","","","","","","","","","","","","","","","","","","","","","","","","","","","","","","",17.4,9,"","","","","","","","","","","","","","","","","","","","","","","","","","","","","","","","","","","","","","","","","","","","",1021.3,9,1012.5,9,"","","","","","","","","","","","","","","","","","","","","","","","","","","","","","","","","","","","","","","","","","","","","","","","","","","","","","","","","","","","","","","","","","","","","","","","","","","","","","","","","","","","","","","","","","","","","","","","","","","","","","","","","","","","","","","",""
"33167001","BORDEAUX_OBSERVATOIRE",44.831667,-0.525,74,1912042121,"","","","","","","","","","","","","","","","","","","","","","","","","","","","","","","","","","","","",13.7,9,"","","","","","","","","","","","","","","","","","","","","","","","","","","","","","","","","","","","","","","","","","","","",1022.1,9,1013.2,9,"","","","","","","","","","","","","","","","","","","","","","","","","","","","","","","","","","","","","","","","","","","","","","","","","","","","","","","","","","","","","","","","","","","","","","","","","","","","","","","","","","","","","","","","","","","","","","","","","","","","","","","","","","","","","","","",""
"33167001","BORDEAUX_OBSERVATOIRE",44.831667,-0.525,74,1912042200,"","","","","","","","","","","","","","","","","","","","","","","","","","","","","","","","","","","","",12.2,9,"","","","","","","","","","","","","","","","","","","","","","","","","","","","","","","","","","","","","","","","","","","","",1022.1,9,1013.1,9,"","","","","","","","","","","","","","","","","","","","","","","","","","","","","","","","","","","","","","","","","","","","","","","","","","","","","","","","","","","","","","","","","","","","","","","","","","","","","","","","","","","","","","","","","","","","","","","","","","","","","","","","","","","","","","","",""
"33167001","BORDEAUX_OBSERVATOIRE",44.831667,-0.525,74,1912042203,"","","","","","","","","","","","","","","","","","","","","","","","","","","","","","","","","","","","",9.9,9,"","","","","","","","","","","","","","","","","","","","","","","","","","","","","","","","","","","","","","","","","","","","",1021.6,9,1012.6,9,"","","","","","","","","","","","","","","","","","","","","","","","","","","","","","","","","","","","","","","","","","","","","","","","","","","","","","","","","","","","","","","","","","","","","","","","","","","","","","","","","","","","","","","","","","","","","","","","","","","","","","","","","","","","","","","",""
"33167001","BORDEAUX_OBSERVATOIRE",44.831667,-0.525,74,1912042207,"","","","","","","","","","","","","","","","","","","","","","","","","","","","","","","","","","","","",11.4,9,"","","","","","","","","","","","","","","","","","","","","","","","","","","","","","","","","","","","","","","","","","","","",1022.1,9,1013.1,9,"","","",9,"","","","","","","","","","","","","","","","","","","","","","","","","","","","","","","","","","","","","","","","","","","","","","","","","","","","","","","","","","","","","","","","","","","","","","","","","","","","","","","","","","","","","","","","","","","","","","","","","","","","","","","","","","","",""
"33167001","BORDEAUX_OBSERVATOIRE",44.831667,-0.525,74,1912042209,"","","","","","","","","","","","","","","","","","","","","","","","","","","","","","","","","","","","",16.9,9,"","","","","","","","","","","","","","","","","","","","","","","","","","","","","","","","","","","","","","","","","","","","",1021.9,9,1013.1,9,"","","","","","","","","","","","","","","","","","","","","","","","","","","","","","","","","","","","","","","","","","","","","","","","","","","","","","","","","","","","","","","","","","","","","","","","","","","","","","","","","","","","","","","","","","","","","","","","","","","","","","","","","","","","","","","",""
"33167001","BORDEAUX_OBSERVATOIRE",44.831667,-0.525,74,1912042212,"","","","","","","","","","","","","","","","","","","","","","","","","","","","","","","","","","","","",19.4,9,"","","","","","","","","","","","","","","","","","","","","","","","","","","","","","","","","","","","","","","","","","","","",1020.6,9,1011.9,1,"","","","","","","","","","","","","","","","","","","","","","","","","","","","","","","","","","","","","","","","","","","","","","","","","","","","","","","","","","","","","","","","","","","","","","","","","","","","","","","","","","","","","","","","","","","","","","","","","","","","","","","","","","","","","","","",""
"33167001","BORDEAUX_OBSERVATOIRE",44.831667,-0.525,74,1912042215,"","","","","","","","","","","","","","","","","","","","","","","","","","","","","","","","","","","","",20.3,9,"","","","","","","","","","","","","","","","","","","","","","","","","","","","","","","","","","","","","","","","","","","","",1019.4,9,1010.7,9,"","","","","","","","","","","","","","","","","","","","","","","","","","","","","","","","","","","","","","","","","","","","","","","","","","","","","","","","","","","","","","","","","","","","","","","","","","","","","","","","","","","","","","","","","","","","","","","","","","","","","","","","","","","","","","","",""
"33167001","BORDEAUX_OBSERVATOIRE",44.831667,-0.525,74,1912042218,"","","","","","","","","","","","","","","","","","","","","","","","","","","","","","","","","","","","",18.4,9,"","","","","","","","","","","","","","","","","","","","","","","","","","","","","","","","","","","","","","","","","","","","",1019.2,9,1010.5,9,"","","","","","","","","","","","","","","","","","","","","","","","","","","","","","","","","","","","","","","","","","","","","","","","","","","","","","","","","","","","","","","","","","","","","","","","","","","","","","","","","","","","","","","","","","","","","","","","","","","","","","","","","","","","","","","",""
"33167001","BORDEAUX_OBSERVATOIRE",44.831667,-0.525,74,1912042221,"","","","","","","","","","","","","","","","","","","","","","","","","","","","","","","","","","","","",14.5,9,"","","","","","","","","","","","","","","","","","","","","","","","","","","","","","","","","","","","","","","","","","","","",1019.9,9,1011.,9,"","","","","","","","","","","","","","","","","","","","","","","","","","","","","","","","","","","","","","","","","","","","","","","","","","","","","","","","","","","","","","","","","","","","","","","","","","","","","","","","","","","","","","","","","","","","","","","","","","","","","","","","","","","","","","","",""
"33167001","BORDEAUX_OBSERVATOIRE",44.831667,-0.525,74,1912042300,"","","","","","","","","","","","","","","","","","","","","","","","","","","","","","","","","","","","",12.2,9,"","","","","","","","","","","","","","","","","","","","","","","","","","","","","","","","","","","","","","","","","","","","",1019.5,9,1010.6,9,"","","","","","","","","","","","","","","","","","","","","","","","","","","","","","","","","","","","","","","","","","","","","","","","","","","","","","","","","","","","","","","","","","","","","","","","","","","","","","","","","","","","","","","","","","","","","","","","","","","","","","","","","","","","","","","",""
"33167001","BORDEAUX_OBSERVATOIRE",44.831667,-0.525,74,1912042303,"","","","","","","","","","","","","","","","","","","","","","","","","","","","","","","","","","","","",10.2,9,"","","","","","","","","","","","","","","","","","","","","","","","","","","","","","","","","","","","","","","","","","","","",1018.8,9,1009.8,9,"","","","","","","","","","","","","","","","","","","","","","","","","","","","","","","","","","","","","","","","","","","","","","","","","","","","","","","","","","","","","","","","","","","","","","","","","","","","","","","","","","","","","","","","","","","","","","","","","","","","","","","","","","","","","","","",""
"33167001","BORDEAUX_OBSERVATOIRE",44.831667,-0.525,74,1912042307,"","","","","","","","","","","","","","","","","","","","","","","","","","","","","","","","","","","","",12.1,9,"","","","","","","","","","","","","","","","","","","","","","","","","","","","","","","","","","","","","","","","","","","","",1019.4,9,1010.5,9,"","","",9,"","","","","","","","","","","","","","","","","","","","","","","","","","","","","","","","","","","","","","","","","","","","","","","","","","","","","","","","","","","","","","","","","","","","","","","","","","","","","","","","","","","","","","","","","","","","","","","","","","","","","","","","","","","",""
"33167001","BORDEAUX_OBSERVATOIRE",44.831667,-0.525,74,1912042309,"","","","","","","","","","","","","","","","","","","","","","","","","","","","","","","","","","","","",16.1,9,"","","","","","","","","","","","","","","","","","","","","","","","","","","","","","","","","","","","","","","","","","","","",1019.3,9,1010.5,9,"","","","","","","","","","","","","","","","","","","","","","","","","","","","","","","","","","","","","","","","","","","","","","","","","","","","","","","","","","","","","","","","","","","","","","","","","","","","","","","","","","","","","","","","","","","","","","","","","","","","","","","","","","","","","","","",""
"33167001","BORDEAUX_OBSERVATOIRE",44.831667,-0.525,74,1912042312,"","","","","","","","","","","","","","","","","","","","","","","","","","","","","","","","","","","","",20.,9,"","","","","","","","","","","","","","","","","","","","","","","","","","","","","","","","","","","","","","","","","","","","",1018.1,9,1009.4,1,"","","","","","","","","","","","","","","","","","","","","","","","","","","","","","","","","","","","","","","","","","","","","","","","","","","","","","","","","","","","","","","","","","","","","","","","","","","","","","","","","","","","","","","","","","","","","","","","","","","","","","","","","","","","","","","",""
"33167001","BORDEAUX_OBSERVATOIRE",44.831667,-0.525,74,1912042315,"","","","","","","","","","","","","","","","","","","","","","","","","","","","","","","","","","","","",21.1,9,"","","","","","","","","","","","","","","","","","","","","","","","","","","","","","","","","","","","","","","","","","","","",1016.2,9,1007.6,9,"","","","","","","","","","","","","","","","","","","","","","","","","","","","","","","","","","","","","","","","","","","","","","","","","","","","","","","","","","","","","","","","","","","","","","","","","","","","","","","","","","","","","","","","","","","","","","","","","","","","","","","","","","","","","","","",""
"33167001","BORDEAUX_OBSERVATOIRE",44.831667,-0.525,74,1912042318,"","","","","","","","","","","","","","","","","","","","","","","","","","","","","","","","","","","","",18.8,9,"","","","","","","","","","","","","","","","","","","","","","","","","","","","","","","","","","","","","","","","","","","","",1016.,9,1007.3,9,"","","","","","","","","","","","","","","","","","","","","","","","","","","","","","","","","","","","","","","","","","","","","","","","","","","","","","","","","","","","","","","","","","","","","","","","","","","","","","","","","","","","","","","","","","","","","","","","","","","","","","","","","","","","","","","",""
"33167001","BORDEAUX_OBSERVATOIRE",44.831667,-0.525,74,1912042321,"","","","","","","","","","","","","","","","","","","","","","","","","","","","","","","","","","","","",14.2,9,"","","","","","","","","","","","","","","","","","","","","","","","","","","","","","","","","","","","","","","","","","","","",1016.9,9,1008.,9,"","","","","","","","","","","","","","","","","","","","","","","","","","","","","","","","","","","","","","","","","","","","","","","","","","","","","","","","","","","","","","","","","","","","","","","","","","","","","","","","","","","","","","","","","","","","","","","","","","","","","","","","","","","","","","","",""
"33167001","BORDEAUX_OBSERVATOIRE",44.831667,-0.525,74,1912042400,"","","","","","","","","","","","","","","","","","","","","","","","","","","","","","","","","","","","",11.1,9,"","","","","","","","","","","","","","","","","","","","","","","","","","","","","","","","","","","","","","","","","","","","",1016.6,9,1007.6,9,"","","","","","","","","","","","","","","","","","","","","","","","","","","","","","","","","","","","","","","","","","","","","","","","","","","","","","","","","","","","","","","","","","","","","","","","","","","","","","","","","","","","","","","","","","","","","","","","","","","","","","","","","","","","","","","",""
"33167001","BORDEAUX_OBSERVATOIRE",44.831667,-0.525,74,1912042403,"","","","","","","","","","","","","","","","","","","","","","","","","","","","","","","","","","","","",8.4,9,"","","","","","","","","","","","","","","","","","","","","","","","","","","","","","","","","","","","","","","","","","","","",1015.7,9,1006.7,9,"","","","","","","","","","","","","","","","","","","","","","","","","","","","","","","","","","","","","","","","","","","","","","","","","","","","","","","","","","","","","","","","","","","","","","","","","","","","","","","","","","","","","","","","","","","","","","","","","","","","","","","","","","","","","","","",""
"33167001","BORDEAUX_OBSERVATOIRE",44.831667,-0.525,74,1912042407,"","","","","","","","","","","","","","","","","","","","","","","","","","","","","","","","","","","","",9.1,9,"","","","","","","","","","","","","","","","","","","","","","","","","","","","","","","","","","","","","","","","","","","","",1015.9,9,1006.9,9,"","","",9,"","","","","","","","","","","","","","","","","","","","","","","","","","","","","","","","","","","","","","","","","","","","","","","","","","","","","","","","","","","","","","","","","","","","","","","","","","","","","","","","","","","","","","","","","","","","","","","","","","","","","","","","","","","",""
"33167001","BORDEAUX_OBSERVATOIRE",44.831667,-0.525,74,1912042409,"","","","","","","","","","","","","","","","","","","","","","","","","","","","","","","","","","","","",14.8,9,"","","","","","","","","","","","","","","","","","","","","","","","","","","","","","","","","","","","","","","","","","","","",1015.9,9,1007.1,9,"","","","","","","","","","","","","","","","","","","","","","","","","","","","","","","","","","","","","","","","","","","","","","","","","","","","","","","","","","","","","","","","","","","","","","","","","","","","","","","","","","","","","","","","","","","","","","","","","","","","","","","","","","","","","","","",""
"33167001","BORDEAUX_OBSERVATOIRE",44.831667,-0.525,74,1912042412,"","","","","","","","","","","","","","","","","","","","","","","","","","","","","","","","","","","","",16.9,9,"","","","","","","","","","","","","","","","","","","","","","","","","","","","","","","","","","","","","","","","","","","","",1014.4,9,1005.7,1,"","","","","","","","","","","","","","","","","","","","","","","","","","","","","","","","","","","","","","","","","","","","","","","","","","","","","","","","","","","","","","","","","","","","","","","","","","","","","","","","","","","","","","","","","","","","","","","","","","","","","","","","","","","","","","","",""
"33167001","BORDEAUX_OBSERVATOIRE",44.831667,-0.525,74,1912042415,"","","","","","","","","","","","","","","","","","","","","","","","","","","","","","","","","","","","",10.8,9,"","","","","","","","","","","","","","","","","","","","","","","","","","","","","","","","","","","","","","","","","","","","",1014.9,9,1006.,9,"","","","","","","","","","","","","","","","","","","","","","","","","","","","","","","","","","","","","","","","","","","","","","","","","","","","","","","","","","","","","","","","","","","","","","","","","","","","","","","","","","","","","","","","","","","","","","","","","","","","","","","","","","","","","","","",""
"33167001","BORDEAUX_OBSERVATOIRE",44.831667,-0.525,74,1912042418,"","","","","","","","","","","","","","","","","","","","","","","","","","","","","","","","","","","","",11.6,9,"","","","","","","","","","","","","","","","","","","","","","","","","","","","","","","","","","","","","","","","","","","","",1015.9,9,1007.,9,"","","","","","","","","","","","","","","","","","","","","","","","","","","","","","","","","","","","","","","","","","","","","","","","","","","","","","","","","","","","","","","","","","","","","","","","","","","","","","","","","","","","","","","","","","","","","","","","","","","","","","","","","","","","","","","",""
"33167001","BORDEAUX_OBSERVATOIRE",44.831667,-0.525,74,1912042421,"","","","","","","","","","","","","","","","","","","","","","","","","","","","","","","","","","","","",9.1,9,"","","","","","","","","","","","","","","","","","","","","","","","","","","","","","","","","","","","","","","","","","","","",1016.9,9,1007.9,9,"","","","","","","","","","","","","","","","","","","","","","","","","","","","","","","","","","","","","","","","","","","","","","","","","","","","","","","","","","","","","","","","","","","","","","","","","","","","","","","","","","","","","","","","","","","","","","","","","","","","","","","","","","","","","","","",""
"33167001","BORDEAUX_OBSERVATOIRE",44.831667,-0.525,74,1912042500,"","","","","","","","","","","","","","","","","","","","","","","","","","","","","","","","","","","","",8.4,9,"","","","","","","","","","","","","","","","","","","","","","","","","","","","","","","","","","","","","","","","","","","","",1017.,9,1008.,9,"","","","","","","","","","","","","","","","","","","","","","","","","","","","","","","","","","","","","","","","","","","","","","","","","","","","","","","","","","","","","","","","","","","","","","","","","","","","","","","","","","","","","","","","","","","","","","","","","","","","","","","","","","","","","","","",""
"33167001","BORDEAUX_OBSERVATOIRE",44.831667,-0.525,74,1912042503,"","","","","","","","","","","","","","","","","","","","","","","","","","","","","","","","","","","","",8.4,9,"","","","","","","","","","","","","","","","","","","","","","","","","","","","","","","","","","","","","","","","","","","","",1016.5,9,1007.5,9,"","","","","","","","","","","","","","","","","","","","","","","","","","","","","","","","","","","","","","","","","","","","","","","","","","","","","","","","","","","","","","","","","","","","","","","","","","","","","","","","","","","","","","","","","","","","","","","","","","","","","","","","","","","","","","","",""
"33167001","BORDEAUX_OBSERVATOIRE",44.831667,-0.525,74,1912042507,"","","","","","","","","","","","","","","","","","","","","","","","","","","","","","","","","","","","",9.,9,"","","","","","","","","","","","","","","","","","","","","","","","","","","","","","","","","","","","","","","","","","","","",1016.9,9,1007.9,9,"","","",9,"","","","","","","","","","","","","","","","","","","","","","","","","","","","","","","","","","","","","","","","","","","","","","","","","","","","","","","","","","","","","","","","","","","","","","","","","","","","","","","","","","","","","","","","","","","","","","","","","","","","","","","","","","","",""
"33167001","BORDEAUX_OBSERVATOIRE",44.831667,-0.525,74,1912042509,"","","","","","","","","","","","","","","","","","","","","","","","","","","","","","","","","","","","",9.2,9,"","","","","","","","","","","","","","","","","","","","","","","","","","","","","","","","","","","","","","","","","","","","",1017.7,9,1008.7,9,"","","","","","","","","","","","","","","","","","","","","","","","","","","","","","","","","","","","","","","","","","","","","","","","","","","","","","","","","","","","","","","","","","","","","","","","","","","","","","","","","","","","","","","","","","","","","","","","","","","","","","","","","","","","","","","",""
"33167001","BORDEAUX_OBSERVATOIRE",44.831667,-0.525,74,1912042512,"","","","","","","","","","","","","","","","","","","","","","","","","","","","","","","","","","","","",13.8,9,"","","","","","","","","","","","","","","","","","","","","","","","","","","","","","","","","","","","","","","","","","","","",1016.7,9,1007.8,1,"","","","","","","","","","","","","","","","","","","","","","","","","","","","","","","","","","","","","","","","","","","","","","","","","","","","","","","","","","","","","","","","","","","","","","","","","","","","","","","","","","","","","","","","","","","","","","","","","","","","","","","","","","","","","","","",""
"33167001","BORDEAUX_OBSERVATOIRE",44.831667,-0.525,74,1912042515,"","","","","","","","","","","","","","","","","","","","","","","","","","","","","","","","","","","","",13.7,9,"","","","","","","","","","","","","","","","","","","","","","","","","","","","","","","","","","","","","","","","","","","","",1014.8,9,1006.,9,"","","","","","","","","","","","","","","","","","","","","","","","","","","","","","","","","","","","","","","","","","","","","","","","","","","","","","","","","","","","","","","","","","","","","","","","","","","","","","","","","","","","","","","","","","","","","","","","","","","","","","","","","","","","","","","",""
"33167001","BORDEAUX_OBSERVATOIRE",44.831667,-0.525,74,1912042518,"","","","","","","","","","","","","","","","","","","","","","","","","","","","","","","","","","","","",14.8,9,"","","","","","","","","","","","","","","","","","","","","","","","","","","","","","","","","","","","","","","","","","","","",1013.9,9,1005.1,9,"","","","","","","","","","","","","","","","","","","","","","","","","","","","","","","","","","","","","","","","","","","","","","","","","","","","","","","","","","","","","","","","","","","","","","","","","","","","","","","","","","","","","","","","","","","","","","","","","","","","","","","","","","","","","","","",""
"33167001","BORDEAUX_OBSERVATOIRE",44.831667,-0.525,74,1912042521,"","","","","","","","","","","","","","","","","","","","","","","","","","","","","","","","","","","","",11.6,9,"","","","","","","","","","","","","","","","","","","","","","","","","","","","","","","","","","","","","","","","","","","","",1014.5,9,1005.6,9,"","","","","","","","","","","","","","","","","","","","","","","","","","","","","","","","","","","","","","","","","","","","","","","","","","","","","","","","","","","","","","","","","","","","","","","","","","","","","","","","","","","","","","","","","","","","","","","","","","","","","","","","","","","","","","","",""
"33167001","BORDEAUX_OBSERVATOIRE",44.831667,-0.525,74,1912042600,"","","","","","","","","","","","","","","","","","","","","","","","","","","","","","","","","","","","",9.8,9,"","","","","","","","","","","","","","","","","","","","","","","","","","","","","","","","","","","","","","","","","","","","",1013.7,9,1004.7,9,"","","","","","","","","","","","","","","","","","","","","","","","","","","","","","","","","","","","","","","","","","","","","","","","","","","","","","","","","","","","","","","","","","","","","","","","","","","","","","","","","","","","","","","","","","","","","","","","","","","","","","","","","","","","","","","",""
"33167001","BORDEAUX_OBSERVATOIRE",44.831667,-0.525,74,1912042603,"","","","","","","","","","","","","","","","","","","","","","","","","","","","","","","","","","","","",8.1,9,"","","","","","","","","","","","","","","","","","","","","","","","","","","","","","","","","","","","","","","","","","","","",1012.5,9,1003.5,9,"","","","","","","","","","","","","","","","","","","","","","","","","","","","","","","","","","","","","","","","","","","","","","","","","","","","","","","","","","","","","","","","","","","","","","","","","","","","","","","","","","","","","","","","","","","","","","","","","","","","","","","","","","","","","","","",""
"33167001","BORDEAUX_OBSERVATOIRE",44.831667,-0.525,74,1912042607,"","","","","","","","","","","","","","","","","","","","","","","","","","","","","","","","","","","","",11.,9,"","","","","","","","","","","","","","","","","","","","","","","","","","","","","","","","","","","","","","","","","","","","",1011.5,9,1002.6,9,"","","",9,"","","","","","","","","","","","","","","","","","","","","","","","","","","","","","","","","","","","","","","","","","","","","","","","","","","","","","","","","","","","","","","","","","","","","","","","","","","","","","","","","","","","","","","","","","","","","","","","","","","","","","","","","","","",""
"33167001","BORDEAUX_OBSERVATOIRE",44.831667,-0.525,74,1912042609,"","","","","","","","","","","","","","","","","","","","","","","","","","","","","","","","","","","","",14.8,9,"","","","","","","","","","","","","","","","","","","","","","","","","","","","","","","","","","","","","","","","","","","","",1011.1,9,1002.3,9,"","","","","","","","","","","","","","","","","","","","","","","","","","","","","","","","","","","","","","","","","","","","","","","","","","","","","","","","","","","","","","","","","","","","","","","","","","","","","","","","","","","","","","","","","","","","","","","","","","","","","","","","","","","","","","","",""
"33167001","BORDEAUX_OBSERVATOIRE",44.831667,-0.525,74,1912042612,"","","","","","","","","","","","","","","","","","","","","","","","","","","","","","","","","","","","",18.1,9,"","","","","","","","","","","","","","","","","","","","","","","","","","","","","","","","","","","","","","","","","","","","",1009.7,9,1001.,1,"","","","","","","","","","","","","","","","","","","","","","","","","","","","","","","","","","","","","","","","","","","","","","","","","","","","","","","","","","","","","","","","","","","","","","","","","","","","","","","","","","","","","","","","","","","","","","","","","","","","","","","","","","","","","","","",""
"33167001","BORDEAUX_OBSERVATOIRE",44.831667,-0.525,74,1912042615,"","","","","","","","","","","","","","","","","","","","","","","","","","","","","","","","","","","","",16.2,9,"","","","","","","","","","","","","","","","","","","","","","","","","","","","","","","","","","","","","","","","","","","","",1008.1,9,999.4,9,"","","","","","","","","","","","","","","","","","","","","","","","","","","","","","","","","","","","","","","","","","","","","","","","","","","","","","","","","","","","","","","","","","","","","","","","","","","","","","","","","","","","","","","","","","","","","","","","","","","","","","","","","","","","","","","",""
"33167001","BORDEAUX_OBSERVATOIRE",44.831667,-0.525,74,1912042618,"","","","","","","","","","","","","","","","","","","","","","","","","","","","","","","","","","","","",17.,9,"","","","","","","","","","","","","","","","","","","","","","","","","","","","","","","","","","","","","","","","","","","","",1007.,9,998.3,9,"","","","","","","","","","","","","","","","","","","","","","","","","","","","","","","","","","","","","","","","","","","","","","","","","","","","","","","","","","","","","","","","","","","","","","","","","","","","","","","","","","","","","","","","","","","","","","","","","","","","","","","","","","","","","","","",""
"33167001","BORDEAUX_OBSERVATOIRE",44.831667,-0.525,74,1912042621,"","","","","","","","","","","","","","","","","","","","","","","","","","","","","","","","","","","","",14.6,9,"","","","","","","","","","","","","","","","","","","","","","","","","","","","","","","","","","","","","","","","","","","","",1006.7,9,998.,9,"","","","","","","","","","","","","","","","","","","","","","","","","","","","","","","","","","","","","","","","","","","","","","","","","","","","","","","","","","","","","","","","","","","","","","","","","","","","","","","","","","","","","","","","","","","","","","","","","","","","","","","","","","","","","","","",""
"33167001","BORDEAUX_OBSERVATOIRE",44.831667,-0.525,74,1912042700,"","","","","","","","","","","","","","","","","","","","","","","","","","","","","","","","","","","","",11.9,9,"","","","","","","","","","","","","","","","","","","","","","","","","","","","","","","","","","","","","","","","","","","","",1006.4,9,997.6,9,"","","","","","","","","","","","","","","","","","","","","","","","","","","","","","","","","","","","","","","","","","","","","","","","","","","","","","","","","","","","","","","","","","","","","","","","","","","","","","","","","","","","","","","","","","","","","","","","","","","","","","","","","","","","","","","",""
"33167001","BORDEAUX_OBSERVATOIRE",44.831667,-0.525,74,1912042703,"","","","","","","","","","","","","","","","","","","","","","","","","","","","","","","","","","","","",9.8,9,"","","","","","","","","","","","","","","","","","","","","","","","","","","","","","","","","","","","","","","","","","","","",1004.4,9,995.5,9,"","","","","","","","","","","","","","","","","","","","","","","","","","","","","","","","","","","","","","","","","","","","","","","","","","","","","","","","","","","","","","","","","","","","","","","","","","","","","","","","","","","","","","","","","","","","","","","","","","","","","","","","","","","","","","","",""
"33167001","BORDEAUX_OBSERVATOIRE",44.831667,-0.525,74,1912042707,"","","","","","","","","","","","","","","","","","","","","","","","","","","","","","","","","","","","",9.7,9,"","","","","","","","","","","","","","","","","","","","","","","","","","","","","","","","","","","","","","","","","","","","",1002.9,9,994.,9,"","","",9,"","","","","","","","","","","","","","","","","","","","","","","","","","","","","","","","","","","","","","","","","","","","","","","","","","","","","","","","","","","","","","","","","","","","","","","","","","","","","","","","","","","","","","","","","","","","","","","","","","","","","","","","","","","",""
"33167001","BORDEAUX_OBSERVATOIRE",44.831667,-0.525,74,1912042709,"","","","","","","","","","","","","","","","","","","","","","","","","","","","","","","","","","","","",13.,9,"","","","","","","","","","","","","","","","","","","","","","","","","","","","","","","","","","","","","","","","","","","","",1002.1,9,993.3,9,"","","","","","","","","","","","","","","","","","","","","","","","","","","","","","","","","","","","","","","","","","","","","","","","","","","","","","","","","","","","","","","","","","","","","","","","","","","","","","","","","","","","","","","","","","","","","","","","","","","","","","","","","","","","","","","",""
"33167001","BORDEAUX_OBSERVATOIRE",44.831667,-0.525,74,1912042712,"","","","","","","","","","","","","","","","","","","","","","","","","","","","","","","","","","","","",13.3,9,"","","","","","","","","","","","","","","","","","","","","","","","","","","","","","","","","","","","","","","","","","","","",1001.6,9,992.9,1,"","","","","","","","","","","","","","","","","","","","","","","","","","","","","","","","","","","","","","","","","","","","","","","","","","","","","","","","","","","","","","","","","","","","","","","","","","","","","","","","","","","","","","","","","","","","","","","","","","","","","","","","","","","","","","","",""
"33167001","BORDEAUX_OBSERVATOIRE",44.831667,-0.525,74,1912042715,"","","","","","","","","","","","","","","","","","","","","","","","","","","","","","","","","","","","",12.1,9,"","","","","","","","","","","","","","","","","","","","","","","","","","","","","","","","","","","","","","","","","","","","",1000.3,9,991.5,9,"","","","","","","","","","","","","","","","","","","","","","","","","","","","","","","","","","","","","","","","","","","","","","","","","","","","","","","","","","","","","","","","","","","","","","","","","","","","","","","","","","","","","","","","","","","","","","","","","","","","","","","","","","","","","","","",""
"33167001","BORDEAUX_OBSERVATOIRE",44.831667,-0.525,74,1912042718,"","","","","","","","","","","","","","","","","","","","","","","","","","","","","","","","","","","","",11.,9,"","","","","","","","","","","","","","","","","","","","","","","","","","","","","","","","","","","","","","","","","","","","",999.,9,990.2,9,"","","","","","","","","","","","","","","","","","","","","","","","","","","","","","","","","","","","","","","","","","","","","","","","","","","","","","","","","","","","","","","","","","","","","","","","","","","","","","","","","","","","","","","","","","","","","","","","","","","","","","","","","","","","","","","",""
"33167001","BORDEAUX_OBSERVATOIRE",44.831667,-0.525,74,1912042721,"","","","","","","","","","","","","","","","","","","","","","","","","","","","","","","","","","","","",11.3,9,"","","","","","","","","","","","","","","","","","","","","","","","","","","","","","","","","","","","","","","","","","","","",999.,9,990.2,9,"","","","","","","","","","","","","","","","","","","","","","","","","","","","","","","","","","","","","","","","","","","","","","","","","","","","","","","","","","","","","","","","","","","","","","","","","","","","","","","","","","","","","","","","","","","","","","","","","","","","","","","","","","","","","","","",""
"33167001","BORDEAUX_OBSERVATOIRE",44.831667,-0.525,74,1912042800,"","","","","","","","","","","","","","","","","","","","","","","","","","","","","","","","","","","","",10.9,9,"","","","","","","","","","","","","","","","","","","","","","","","","","","","","","","","","","","","","","","","","","","","",998.8,9,990.,9,"","","","","","","","","","","","","","","","","","","","","","","","","","","","","","","","","","","","","","","","","","","","","","","","","","","","","","","","","","","","","","","","","","","","","","","","","","","","","","","","","","","","","","","","","","","","","","","","","","","","","","","","","","","","","","","",""
"33167001","BORDEAUX_OBSERVATOIRE",44.831667,-0.525,74,1912042803,"","","","","","","","","","","","","","","","","","","","","","","","","","","","","","","","","","","","",10.8,9,"","","","","","","","","","","","","","","","","","","","","","","","","","","","","","","","","","","","","","","","","","","","",998.6,9,989.8,9,"","","","","","","","","","","","","","","","","","","","","","","","","","","","","","","","","","","","","","","","","","","","","","","","","","","","","","","","","","","","","","","","","","","","","","","","","","","","","","","","","","","","","","","","","","","","","","","","","","","","","","","","","","","","","","","",""
"33167001","BORDEAUX_OBSERVATOIRE",44.831667,-0.525,74,1912042807,"","","","","","","","","","","","","","","","","","","","","","","","","","","","","","","","","","","","",12.1,9,"","","","","","","","","","","","","","","","","","","","","","","","","","","","","","","","","","","","","","","","","","","","",1000.5,9,991.7,9,"","","",9,"","","","","","","","","","","","","","","","","","","","","","","","","","","","","","","","","","","","","","","","","","","","","","","","","","","","","","","","","","","","","","","","","","","","","","","","","","","","","","","","","","","","","","","","","","","","","","","","","","","","","","","","","","","",""
"33167001","BORDEAUX_OBSERVATOIRE",44.831667,-0.525,74,1912042809,"","","","","","","","","","","","","","","","","","","","","","","","","","","","","","","","","","","","",14.,9,"","","","","","","","","","","","","","","","","","","","","","","","","","","","","","","","","","","","","","","","","","","","",1002.4,9,993.7,9,"","","","","","","","","","","","","","","","","","","","","","","","","","","","","","","","","","","","","","","","","","","","","","","","","","","","","","","","","","","","","","","","","","","","","","","","","","","","","","","","","","","","","","","","","","","","","","","","","","","","","","","","","","","","","","","",""
"33167001","BORDEAUX_OBSERVATOIRE",44.831667,-0.525,74,1912042812,"","","","","","","","","","","","","","","","","","","","","","","","","","","","","","","","","","","","",14.5,9,"","","","","","","","","","","","","","","","","","","","","","","","","","","","","","","","","","","","","","","","","","","","",1004.5,9,995.8,1,"","","","","","","","","","","","","","","","","","","","","","","","","","","","","","","","","","","","","","","","","","","","","","","","","","","","","","","","","","","","","","","","","","","","","","","","","","","","","","","","","","","","","","","","","","","","","","","","","","","","","","","","","","","","","","","",""
"33167001","BORDEAUX_OBSERVATOIRE",44.831667,-0.525,74,1912042815,"","","","","","","","","","","","","","","","","","","","","","","","","","","","","","","","","","","","",18.,9,"","","","","","","","","","","","","","","","","","","","","","","","","","","","","","","","","","","","","","","","","","","","",1005.2,9,996.6,9,"","","","","","","","","","","","","","","","","","","","","","","","","","","","","","","","","","","","","","","","","","","","","","","","","","","","","","","","","","","","","","","","","","","","","","","","","","","","","","","","","","","","","","","","","","","","","","","","","","","","","","","","","","","","","","","",""
"33167001","BORDEAUX_OBSERVATOIRE",44.831667,-0.525,74,1912042818,"","","","","","","","","","","","","","","","","","","","","","","","","","","","","","","","","","","","",14.6,9,"","","","","","","","","","","","","","","","","","","","","","","","","","","","","","","","","","","","","","","","","","","","",1007.1,9,998.3,9,"","","","","","","","","","","","","","","","","","","","","","","","","","","","","","","","","","","","","","","","","","","","","","","","","","","","","","","","","","","","","","","","","","","","","","","","","","","","","","","","","","","","","","","","","","","","","","","","","","","","","","","","","","","","","","","",""
"33167001","BORDEAUX_OBSERVATOIRE",44.831667,-0.525,74,1912042821,"","","","","","","","","","","","","","","","","","","","","","","","","","","","","","","","","","","","",12.7,9,"","","","","","","","","","","","","","","","","","","","","","","","","","","","","","","","","","","","","","","","","","","","",1009.2,9,1000.4,9,"","","","","","","","","","","","","","","","","","","","","","","","","","","","","","","","","","","","","","","","","","","","","","","","","","","","","","","","","","","","","","","","","","","","","","","","","","","","","","","","","","","","","","","","","","","","","","","","","","","","","","","","","","","","","","","",""
"33167001","BORDEAUX_OBSERVATOIRE",44.831667,-0.525,74,1912042900,"","","","","","","","","","","","","","","","","","","","","","","","","","","","","","","","","","","","",12.8,9,"","","","","","","","","","","","","","","","","","","","","","","","","","","","","","","","","","","","","","","","","","","","",1011.1,9,1002.3,9,"","","","","","","","","","","","","","","","","","","","","","","","","","","","","","","","","","","","","","","","","","","","","","","","","","","","","","","","","","","","","","","","","","","","","","","","","","","","","","","","","","","","","","","","","","","","","","","","","","","","","","","","","","","","","","","",""
"33167001","BORDEAUX_OBSERVATOIRE",44.831667,-0.525,74,1912042903,"","","","","","","","","","","","","","","","","","","","","","","","","","","","","","","","","","","","",9.5,9,"","","","","","","","","","","","","","","","","","","","","","","","","","","","","","","","","","","","","","","","","","","","",1012.4,9,1003.4,9,"","","","","","","","","","","","","","","","","","","","","","","","","","","","","","","","","","","","","","","","","","","","","","","","","","","","","","","","","","","","","","","","","","","","","","","","","","","","","","","","","","","","","","","","","","","","","","","","","","","","","","","","","","","","","","","",""
"33167001","BORDEAUX_OBSERVATOIRE",44.831667,-0.525,74,1912042907,"","","","","","","","","","","","","","","","","","","","","","","","","","","","","","","","","","","","",8.7,9,"","","","","","","","","","","","","","","","","","","","","","","","","","","","","","","","","","","","","","","","","","","","",1015.6,9,1006.6,9,"","","",9,"","","","","","","","","","","","","","","","","","","","","","","","","","","","","","","","","","","","","","","","","","","","","","","","","","","","","","","","","","","","","","","","","","","","","","","","","","","","","","","","","","","","","","","","","","","","","","","","","","","","","","","","","","","",""
"33167001","BORDEAUX_OBSERVATOIRE",44.831667,-0.525,74,1912042909,"","","","","","","","","","","","","","","","","","","","","","","","","","","","","","","","","","","","",11.,9,"","","","","","","","","","","","","","","","","","","","","","","","","","","","","","","","","","","","","","","","","","","","",1017.2,9,1008.2,9,"","","","","","","","","","","","","","","","","","","","","","","","","","","","","","","","","","","","","","","","","","","","","","","","","","","","","","","","","","","","","","","","","","","","","","","","","","","","","","","","","","","","","","","","","","","","","","","","","","","","","","","","","","","","","","","",""
"33167001","BORDEAUX_OBSERVATOIRE",44.831667,-0.525,74,1912042912,"","","","","","","","","","","","","","","","","","","","","","","","","","","","","","","","","","","","",13.7,9,"","","","","","","","","","","","","","","","","","","","","","","","","","","","","","","","","","","","","","","","","","","","",1017.2,9,1008.3,1,"","","","","","","","","","","","","","","","","","","","","","","","","","","","","","","","","","","","","","","","","","","","","","","","","","","","","","","","","","","","","","","","","","","","","","","","","","","","","","","","","","","","","","","","","","","","","","","","","","","","","","","","","","","","","","","",""
"33167001","BORDEAUX_OBSERVATOIRE",44.831667,-0.525,74,1912042915,"","","","","","","","","","","","","","","","","","","","","","","","","","","","","","","","","","","","",13.7,9,"","","","","","","","","","","","","","","","","","","","","","","","","","","","","","","","","","","","","","","","","","","","",1017.2,9,1008.3,9,"","","","","","","","","","","","","","","","","","","","","","","","","","","","","","","","","","","","","","","","","","","","","","","","","","","","","","","","","","","","","","","","","","","","","","","","","","","","","","","","","","","","","","","","","","","","","","","","","","","","","","","","","","","","","","","",""
"33167001","BORDEAUX_OBSERVATOIRE",44.831667,-0.525,74,1912042918,"","","","","","","","","","","","","","","","","","","","","","","","","","","","","","","","","","","","",9.9,9,"","","","","","","","","","","","","","","","","","","","","","","","","","","","","","","","","","","","","","","","","","","","",1019.2,9,1010.2,9,"","","","","","","","","","","","","","","","","","","","","","","","","","","","","","","","","","","","","","","","","","","","","","","","","","","","","","","","","","","","","","","","","","","","","","","","","","","","","","","","","","","","","","","","","","","","","","","","","","","","","","","","","","","","","","","",""
"33167001","BORDEAUX_OBSERVATOIRE",44.831667,-0.525,74,1912042921,"","","","","","","","","","","","","","","","","","","","","","","","","","","","","","","","","","","","",7.6,9,"","","","","","","","","","","","","","","","","","","","","","","","","","","","","","","","","","","","","","","","","","","","",1020.7,9,1011.6,9,"","","","","","","","","","","","","","","","","","","","","","","","","","","","","","","","","","","","","","","","","","","","","","","","","","","","","","","","","","","","","","","","","","","","","","","","","","","","","","","","","","","","","","","","","","","","","","","","","","","","","","","","","","","","","","","",""
"33167001","BORDEAUX_OBSERVATOIRE",44.831667,-0.525,74,1912043000,"","","","","","","","","","","","","","","","","","","","","","","","","","","","","","","","","","","","",7.4,9,"","","","","","","","","","","","","","","","","","","","","","","","","","","","","","","","","","","","","","","","","","","","",1020.7,9,1011.6,9,"","","","","","","","","","","","","","","","","","","","","","","","","","","","","","","","","","","","","","","","","","","","","","","","","","","","","","","","","","","","","","","","","","","","","","","","","","","","","","","","","","","","","","","","","","","","","","","","","","","","","","","","","","","","","","","",""
"33167001","BORDEAUX_OBSERVATOIRE",44.831667,-0.525,74,1912043003,"","","","","","","","","","","","","","","","","","","","","","","","","","","","","","","","","","","","",5.,9,"","","","","","","","","","","","","","","","","","","","","","","","","","","","","","","","","","","","","","","","","","","","",1021.,9,1011.8,9,"","","","","","","","","","","","","","","","","","","","","","","","","","","","","","","","","","","","","","","","","","","","","","","","","","","","","","","","","","","","","","","","","","","","","","","","","","","","","","","","","","","","","","","","","","","","","","","","","","","","","","","","","","","","","","","",""
"33167001","BORDEAUX_OBSERVATOIRE",44.831667,-0.525,74,1912043007,"","","","","","","","","","","","","","","","","","","","","","","","","","","","","","","","","","","","",6.8,9,"","","","","","","","","","","","","","","","","","","","","","","","","","","","","","","","","","","","","","","","","","","","",1022.6,9,1013.4,9,"","","",9,"","","","","","","","","","","","","","","","","","","","","","","","","","","","","","","","","","","","","","","","","","","","","","","","","","","","","","","","","","","","","","","","","","","","","","","","","","","","","","","","","","","","","","","","","","","","","","","","","","","","","","","","","","","",""
"33167001","BORDEAUX_OBSERVATOIRE",44.831667,-0.525,74,1912043009,"","","","","","","","","","","","","","","","","","","","","","","","","","","","","","","","","","","","",10.5,9,"","","","","","","","","","","","","","","","","","","","","","","","","","","","","","","","","","","","","","","","","","","","",1022.4,9,1013.4,9,"","","","","","","","","","","","","","","","","","","","","","","","","","","","","","","","","","","","","","","","","","","","","","","","","","","","","","","","","","","","","","","","","","","","","","","","","","","","","","","","","","","","","","","","","","","","","","","","","","","","","","","","","","","","","","","",""
"33167001","BORDEAUX_OBSERVATOIRE",44.831667,-0.525,74,1912043012,"","","","","","","","","","","","","","","","","","","","","","","","","","","","","","","","","","","","",11.8,9,"","","","","","","","","","","","","","","","","","","","","","","","","","","","","","","","","","","","","","","","","","","","",1021.7,9,1012.7,1,"","","","","","","","","","","","","","","","","","","","","","","","","","","","","","","","","","","","","","","","","","","","","","","","","","","","","","","","","","","","","","","","","","","","","","","","","","","","","","","","","","","","","","","","","","","","","","","","","","","","","","","","","","","","","","","",""
"33167001","BORDEAUX_OBSERVATOIRE",44.831667,-0.525,74,1912043015,"","","","","","","","","","","","","","","","","","","","","","","","","","","","","","","","","","","","",14.2,9,"","","","","","","","","","","","","","","","","","","","","","","","","","","","","","","","","","","","","","","","","","","","",1020.1,9,1011.2,9,"","","","","","","","","","","","","","","","","","","","","","","","","","","","","","","","","","","","","","","","","","","","","","","","","","","","","","","","","","","","","","","","","","","","","","","","","","","","","","","","","","","","","","","","","","","","","","","","","","","","","","","","","","","","","","","",""
"33167001","BORDEAUX_OBSERVATOIRE",44.831667,-0.525,74,1912043018,"","","","","","","","","","","","","","","","","","","","","","","","","","","","","","","","","","","","",9.4,9,"","","","","","","","","","","","","","","","","","","","","","","","","","","","","","","","","","","","","","","","","","","","",1021.2,9,1012.1,9,"","","","","","","","","","","","","","","","","","","","","","","","","","","","","","","","","","","","","","","","","","","","","","","","","","","","","","","","","","","","","","","","","","","","","","","","","","","","","","","","","","","","","","","","","","","","","","","","","","","","","","","","","","","","","","","",""
"33167001","BORDEAUX_OBSERVATOIRE",44.831667,-0.525,74,1912043021,"","","","","","","","","","","","","","","","","","","","","","","","","","","","","","","","","","","","",9.4,9,"","","","","","","","","","","","","","","","","","","","","","","","","","","","","","","","","","","","","","","","","","","","",1022.1,9,1013.,9,"","","","","","","","","","","","","","","","","","","","","","","","","","","","","","","","","","","","","","","","","","","","","","","","","","","","","","","","","","","","","","","","","","","","","","","","","","","","","","","","","","","","","","","","","","","","","","","","","","","","","","","","","","","","","","","",""
"33167001","BORDEAUX_OBSERVATOIRE",44.831667,-0.525,74,1912050100,"","","","","","","","","","","","","","","","","","","","","","","","","","","","","","","","","","","","",7.2,9,"","","","","","","","","","","","","","","","","","","","","","","","","","","","","","","","","","","","","","","","","","","","",1022.5,9,1013.4,9,"","","","","","","","","","","","","","","","","","","","","","","","","","","","","","","","","","","","","","","","","","","","","","","","","","","","","","","","","","","","","","","","","","","","","","","","","","","","","","","","","","","","","","","","","","","","","","","","","","","","","","","","","","","","","","","",""
"33167001","BORDEAUX_OBSERVATOIRE",44.831667,-0.525,74,1912050103,"","","","","","","","","","","","","","","","","","","","","","","","","","","","","","","","","","","","",5.6,9,"","","","","","","","","","","","","","","","","","","","","","","","","","","","","","","","","","","","","","","","","","","","",1022.6,9,1013.4,9,"","","","","","","","","","","","","","","","","","","","","","","","","","","","","","","","","","","","","","","","","","","","","","","","","","","","","","","","","","","","","","","","","","","","","","","","","","","","","","","","","","","","","","","","","","","","","","","","","","","","","","","","","","","","","","","",""
"33167001","BORDEAUX_OBSERVATOIRE",44.831667,-0.525,74,1912050107,"","","","","","","","","","","","","","","","","","","","","","","","","","","","","","","","","","","","",7.1,9,"","","","","","","","","","","","","","","","","","","","","","","","","","","","","","","","","","","","","","","","","","","","",1024.,9,1014.8,9,"","","","","","","","","","","","","","","","","","","","","","","","","","","","","","","","","","","","","","","","","","","","","","","","","","","","","","","","","","","","","","","","","","","","","","","","","","","","","","","","","","","","","","","","","","","","","","","","","","","","","","","","","","","","","","","",""
"33167001","BORDEAUX_OBSERVATOIRE",44.831667,-0.525,74,1912050109,"","","","","","","","","","","","","","","","","","","","","","","","","","","","","","","","","","","","",11.1,9,"","","","","","","","","","","","","","","","","","","","","","","","","","","","","","","","","","","","","","","","","","","","",1024.1,9,1015.1,9,"","","","","","","","","","","","","","","","","","","","","","","","","","","","","","","","","","","","","","","","","","","","","","","","","","","","","","","","","","","","","","","","","","","","","","","","","","","","","","","","","","","","","","","","","","","","","","","","","","","","","","","","","","","","","","","",""
"33167001","BORDEAUX_OBSERVATOIRE",44.831667,-0.525,74,1912050112,"","","","","","","","","","","","","","","","","","","","","","","","","","","","","","","","","","","","",12.8,9,"","","","","","","","","","","","","","","","","","","","","","","","","","","","","","","","","","","","","","","","","","","","",1022.9,9,1013.9,1,"","","","","","","","","","","","","","","","","","","","","","","","","","","","","","","","","","","","","","","","","","","","","","","","","","","","","","","","","","","","","","","","","","","","","","","","","","","","","","","","","","","","","","","","","","","","","","","","","","","","","","","","","","","","","","","",""
"33167001","BORDEAUX_OBSERVATOIRE",44.831667,-0.525,74,1912050115,"","","","","","","","","","","","","","","","","","","","","","","","","","","","","","","","","","","","",14.6,9,"","","","","","","","","","","","","","","","","","","","","","","","","","","","","","","","","","","","","","","","","","","","",1021.7,9,1012.8,9,"","","","","","","","","","","","","","","","","","","","","","","","","","","","","","","","","","","","","","","","","","","","","","","","","","","","","","","","","","","","","","","","","","","","","","","","","","","","","","","","","","","","","","","","","","","","","","","","","","","","","","","","","","","","","","","",""
"33167001","BORDEAUX_OBSERVATOIRE",44.831667,-0.525,74,1912050118,"","","","","","","","","","","","","","","","","","","","","","","","","","","","","","","","","","","","",13.3,9,"","","","","","","","","","","","","","","","","","","","","","","","","","","","","","","","","","","","","","","","","","","","",1021.9,9,1013.,9,"","","","","","","","","","","","","","","","","","","","","","","","","","","","","","","","","","","","","","","","","","","","","","","","","","","","","","","","","","","","","","","","","","","","","","","","","","","","","","","","","","","","","","","","","","","","","","","","","","","","","","","","","","","","","","","",""
"33167001","BORDEAUX_OBSERVATOIRE",44.831667,-0.525,74,1912050121,"","","","","","","","","","","","","","","","","","","","","","","","","","","","","","","","","","","","",9.,9,"","","","","","","","","","","","","","","","","","","","","","","","","","","","","","","","","","","","","","","","","","","","",1023.,9,1013.9,9,"","","","","","","","","","","","","","","","","","","","","","","","","","","","","","","","","","","","","","","","","","","","","","","","","","","","","","","","","","","","","","","","","","","","","","","","","","","","","","","","","","","","","","","","","","","","","","","","","","","","","","","","","","","","","","","",""
"33167001","BORDEAUX_OBSERVATOIRE",44.831667,-0.525,74,1912050200,"","","","","","","","","","","","","","","","","","","","","","","","","","","","","","","","","","","","",7.5,9,"","","","","","","","","","","","","","","","","","","","","","","","","","","","","","","","","","","","","","","","","","","","",1023.1,9,1014.,9,"","","","","","","","","","","","","","","","","","","","","","","","","","","","","","","","","","","","","","","","","","","","","","","","","","","","","","","","","","","","","","","","","","","","","","","","","","","","","","","","","","","","","","","","","","","","","","","","","","","","","","","","","","","","","","","",""
"33167001","BORDEAUX_OBSERVATOIRE",44.831667,-0.525,74,1912050203,"","","","","","","","","","","","","","","","","","","","","","","","","","","","","","","","","","","","",6.7,9,"","","","","","","","","","","","","","","","","","","","","","","","","","","","","","","","","","","","","","","","","","","","",1022.4,9,1013.2,9,"","","","","","","","","","","","","","","","","","","","","","","","","","","","","","","","","","","","","","","","","","","","","","","","","","","","","","","","","","","","","","","","","","","","","","","","","","","","","","","","","","","","","","","","","","","","","","","","","","","","","","","","","","","","","","","",""
"33167001","BORDEAUX_OBSERVATOIRE",44.831667,-0.525,74,1912050207,"","","","","","","","","","","","","","","","","","","","","","","","","","","","","","","","","","","","",10.,9,"","","","","","","","","","","","","","","","","","","","","","","","","","","","","","","","","","","","","","","","","","","","",1022.4,9,1013.4,9,"","","","","","","","","","","","","","","","","","","","","","","","","","","","","","","","","","","","","","","","","","","","","","","","","","","","","","","","","","","","","","","","","","","","","","","","","","","","","","","","","","","","","","","","","","","","","","","","","","","","","","","","","","","","","","","",""
"33167001","BORDEAUX_OBSERVATOIRE",44.831667,-0.525,74,1912050209,"","","","","","","","","","","","","","","","","","","","","","","","","","","","","","","","","","","","",14.3,9,"","","","","","","","","","","","","","","","","","","","","","","","","","","","","","","","","","","","","","","","","","","","",1022.1,9,1013.2,9,"","","","","","","","","","","","","","","","","","","","","","","","","","","","","","","","","","","","","","","","","","","","","","","","","","","","","","","","","","","","","","","","","","","","","","","","","","","","","","","","","","","","","","","","","","","","","","","","","","","","","","","","","","","","","","","",""
"33167001","BORDEAUX_OBSERVATOIRE",44.831667,-0.525,74,1912050212,"","","","","","","","","","","","","","","","","","","","","","","","","","","","","","","","","","","","",15.8,9,"","","","","","","","","","","","","","","","","","","","","","","","","","","","","","","","","","","","","","","","","","","","",1021.,9,1012.2,1,"","","","","","","","","","","","","","","","","","","","","","","","","","","","","","","","","","","","","","","","","","","","","","","","","","","","","","","","","","","","","","","","","","","","","","","","","","","","","","","","","","","","","","","","","","","","","","","","","","","","","","","","","","","","","","","",""
"33167001","BORDEAUX_OBSERVATOIRE",44.831667,-0.525,74,1912050215,"","","","","","","","","","","","","","","","","","","","","","","","","","","","","","","","","","","","",17.5,9,"","","","","","","","","","","","","","","","","","","","","","","","","","","","","","","","","","","","","","","","","","","","",1019.4,9,1010.6,9,"","","","","","","","","","","","","","","","","","","","","","","","","","","","","","","","","","","","","","","","","","","","","","","","","","","","","","","","","","","","","","","","","","","","","","","","","","","","","","","","","","","","","","","","","","","","","","","","","","","","","","","","","","","","","","","",""
"33167001","BORDEAUX_OBSERVATOIRE",44.831667,-0.525,74,1912050218,"","","","","","","","","","","","","","","","","","","","","","","","","","","","","","","","","","","","",16.,9,"","","","","","","","","","","","","","","","","","","","","","","","","","","","","","","","","","","","","","","","","","","","",1018.6,9,1009.8,9,"","","","","","","","","","","","","","","","","","","","","","","","","","","","","","","","","","","","","","","","","","","","","","","","","","","","","","","","","","","","","","","","","","","","","","","","","","","","","","","","","","","","","","","","","","","","","","","","","","","","","","","","","","","","","","","",""
"33167001","BORDEAUX_OBSERVATOIRE",44.831667,-0.525,74,1912050221,"","","","","","","","","","","","","","","","","","","","","","","","","","","","","","","","","","","","",11.5,9,"","","","","","","","","","","","","","","","","","","","","","","","","","","","","","","","","","","","","","","","","","","","",1019.4,9,1010.4,9,"","","","","","","","","","","","","","","","","","","","","","","","","","","","","","","","","","","","","","","","","","","","","","","","","","","","","","","","","","","","","","","","","","","","","","","","","","","","","","","","","","","","","","","","","","","","","","","","","","","","","","","","","","","","","","","",""
"33167001","BORDEAUX_OBSERVATOIRE",44.831667,-0.525,74,1912050300,"","","","","","","","","","","","","","","","","","","","","","","","","","","","","","","","","","","","",9.,9,"","","","","","","","","","","","","","","","","","","","","","","","","","","","","","","","","","","","","","","","","","","","",1019.,9,1010.,9,"","","","","","","","","","","","","","","","","","","","","","","","","","","","","","","","","","","","","","","","","","","","","","","","","","","","","","","","","","","","","","","","","","","","","","","","","","","","","","","","","","","","","","","","","","","","","","","","","","","","","","","","","","","","","","","",""
"33167001","BORDEAUX_OBSERVATOIRE",44.831667,-0.525,74,1912050303,"","","","","","","","","","","","","","","","","","","","","","","","","","","","","","","","","","","","",8.9,9,"","","","","","","","","","","","","","","","","","","","","","","","","","","","","","","","","","","","","","","","","","","","",1018.,9,1009.,9,"","","","","","","","","","","","","","","","","","","","","","","","","","","","","","","","","","","","","","","","","","","","","","","","","","","","","","","","","","","","","","","","","","","","","","","","","","","","","","","","","","","","","","","","","","","","","","","","","","","","","","","","","","","","","","","",""
"33167001","BORDEAUX_OBSERVATOIRE",44.831667,-0.525,74,1912050307,"","","","","","","","","","","","","","","","","","","","","","","","","","","","","","","","","","","","",10.8,9,"","","","","","","","","","","","","","","","","","","","","","","","","","","","","","","","","","","","","","","","","","","","",1017.6,9,1008.6,9,"","","","","","","","","","","","","","","","","","","","","","","","","","","","","","","","","","","","","","","","","","","","","","","","","","","","","","","","","","","","","","","","","","","","","","","","","","","","","","","","","","","","","","","","","","","","","","","","","","","","","","","","","","","","","","","",""
"33167001","BORDEAUX_OBSERVATOIRE",44.831667,-0.525,74,1912050309,"","","","","","","","","","","","","","","","","","","","","","","","","","","","","","","","","","","","",15.7,9,"","","","","","","","","","","","","","","","","","","","","","","","","","","","","","","","","","","","","","","","","","","","",1017.1,9,1008.3,9,"","","","","","","","","","","","","","","","","","","","","","","","","","","","","","","","","","","","","","","","","","","","","","","","","","","","","","","","","","","","","","","","","","","","","","","","","","","","","","","","","","","","","","","","","","","","","","","","","","","","","","","","","","","","","","","",""
"33167001","BORDEAUX_OBSERVATOIRE",44.831667,-0.525,74,1912050312,"","","","","","","","","","","","","","","","","","","","","","","","","","","","","","","","","","","","",19.8,9,"","","","","","","","","","","","","","","","","","","","","","","","","","","","","","","","","","","","","","","","","","","","",1015.7,9,1007.,1,"","","","","","","","","","","","","","","","","","","","","","","","","","","","","","","","","","","","","","","","","","","","","","","","","","","","","","","","","","","","","","","","","","","","","","","","","","","","","","","","","","","","","","","","","","","","","","","","","","","","","","","","","","","","","","","",""
"33167001","BORDEAUX_OBSERVATOIRE",44.831667,-0.525,74,1912050315,"","","","","","","","","","","","","","","","","","","","","","","","","","","","","","","","","","","","",20.9,9,"","","","","","","","","","","","","","","","","","","","","","","","","","","","","","","","","","","","","","","","","","","","",1013.6,9,1005.,9,"","","","","","","","","","","","","","","","","","","","","","","","","","","","","","","","","","","","","","","","","","","","","","","","","","","","","","","","","","","","","","","","","","","","","","","","","","","","","","","","","","","","","","","","","","","","","","","","","","","","","","","","","","","","","","","",""
"33167001","BORDEAUX_OBSERVATOIRE",44.831667,-0.525,74,1912050318,"","","","","","","","","","","","","","","","","","","","","","","","","","","","","","","","","","","","",18.8,9,"","","","","","","","","","","","","","","","","","","","","","","","","","","","","","","","","","","","","","","","","","","","",1012.9,9,1004.2,9,"","","","","","","","","","","","","","","","","","","","","","","","","","","","","","","","","","","","","","","","","","","","","","","","","","","","","","","","","","","","","","","","","","","","","","","","","","","","","","","","","","","","","","","","","","","","","","","","","","","","","","","","","","","","","","","",""
"33167001","BORDEAUX_OBSERVATOIRE",44.831667,-0.525,74,1912050321,"","","","","","","","","","","","","","","","","","","","","","","","","","","","","","","","","","","","",16.1,9,"","","","","","","","","","","","","","","","","","","","","","","","","","","","","","","","","","","","","","","","","","","","",1013.,9,1004.2,9,"","","","","","","","","","","","","","","","","","","","","","","","","","","","","","","","","","","","","","","","","","","","","","","","","","","","","","","","","","","","","","","","","","","","","","","","","","","","","","","","","","","","","","","","","","","","","","","","","","","","","","","","","","","","","","","",""
"33167001","BORDEAUX_OBSERVATOIRE",44.831667,-0.525,74,1912050400,"","","","","","","","","","","","","","","","","","","","","","","","","","","","","","","","","","","","",14.2,9,"","","","","","","","","","","","","","","","","","","","","","","","","","","","","","","","","","","","","","","","","","","","",1012.7,9,1003.9,9,"","","","","","","","","","","","","","","","","","","","","","","","","","","","","","","","","","","","","","","","","","","","","","","","","","","","","","","","","","","","","","","","","","","","","","","","","","","","","","","","","","","","","","","","","","","","","","","","","","","","","","","","","","","","","","","",""
"33167001","BORDEAUX_OBSERVATOIRE",44.831667,-0.525,74,1912050403,"","","","","","","","","","","","","","","","","","","","","","","","","","","","","","","","","","","","",10.9,9,"","","","","","","","","","","","","","","","","","","","","","","","","","","","","","","","","","","","","","","","","","","","",1012.1,9,1003.2,9,"","","","","","","","","","","","","","","","","","","","","","","","","","","","","","","","","","","","","","","","","","","","","","","","","","","","","","","","","","","","","","","","","","","","","","","","","","","","","","","","","","","","","","","","","","","","","","","","","","","","","","","","","","","","","","","",""
"33167001","BORDEAUX_OBSERVATOIRE",44.831667,-0.525,74,1912050407,"","","","","","","","","","","","","","","","","","","","","","","","","","","","","","","","","","","","",12.,9,"","","","","","","","","","","","","","","","","","","","","","","","","","","","","","","","","","","","","","","","","","","","",1013.1,9,1004.2,9,"","","","","","","","","","","","","","","","","","","","","","","","","","","","","","","","","","","","","","","","","","","","","","","","","","","","","","","","","","","","","","","","","","","","","","","","","","","","","","","","","","","","","","","","","","","","","","","","","","","","","","","","","","","","","","","",""
"33167001","BORDEAUX_OBSERVATOIRE",44.831667,-0.525,74,1912050409,"","","","","","","","","","","","","","","","","","","","","","","","","","","","","","","","","","","","",17.2,9,"","","","","","","","","","","","","","","","","","","","","","","","","","","","","","","","","","","","","","","","","","","","",1013.,9,1004.3,9,"","","","","","","","","","","","","","","","","","","","","","","","","","","","","","","","","","","","","","","","","","","","","","","","","","","","","","","","","","","","","","","","","","","","","","","","","","","","","","","","","","","","","","","","","","","","","","","","","","","","","","","","","","","","","","","",""
"33167001","BORDEAUX_OBSERVATOIRE",44.831667,-0.525,74,1912050412,"","","","","","","","","","","","","","","","","","","","","","","","","","","","","","","","","","","","",20.8,9,"","","","","","","","","","","","","","","","","","","","","","","","","","","","","","","","","","","","","","","","","","","","",1013.7,9,1005.1,1,"","","","","","","","","","","","","","","","","","","","","","","","","","","","","","","","","","","","","","","","","","","","","","","","","","","","","","","","","","","","","","","","","","","","","","","","","","","","","","","","","","","","","","","","","","","","","","","","","","","","","","","","","","","","","","","",""
"33167001","BORDEAUX_OBSERVATOIRE",44.831667,-0.525,74,1912050415,"","","","","","","","","","","","","","","","","","","","","","","","","","","","","","","","","","","","",19.1,9,"","","","","","","","","","","","","","","","","","","","","","","","","","","","","","","","","","","","","","","","","","","","",1014.9,9,1006.2,9,"","","","","","","","","","","","","","","","","","","","","","","","","","","","","","","","","","","","","","","","","","","","","","","","","","","","","","","","","","","","","","","","","","","","","","","","","","","","","","","","","","","","","","","","","","","","","","","","","","","","","","","","","","","","","","","",""
"33167001","BORDEAUX_OBSERVATOIRE",44.831667,-0.525,74,1912050418,"","","","","","","","","","","","","","","","","","","","","","","","","","","","","","","","","","","","",17.8,9,"","","","","","","","","","","","","","","","","","","","","","","","","","","","","","","","","","","","","","","","","","","","",1016.8,9,1008.1,9,"","","","","","","","","","","","","","","","","","","","","","","","","","","","","","","","","","","","","","","","","","","","","","","","","","","","","","","","","","","","","","","","","","","","","","","","","","","","","","","","","","","","","","","","","","","","","","","","","","","","","","","","","","","","","","","",""
"33167001","BORDEAUX_OBSERVATOIRE",44.831667,-0.525,74,1912050421,"","","","","","","","","","","","","","","","","","","","","","","","","","","","","","","","","","","","",12.6,9,"","","","","","","","","","","","","","","","","","","","","","","","","","","","","","","","","","","","","","","","","","","","",1019.2,9,1010.3,9,"","","","","","","","","","","","","","","","","","","","","","","","","","","","","","","","","","","","","","","","","","","","","","","","","","","","","","","","","","","","","","","","","","","","","","","","","","","","","","","","","","","","","","","","","","","","","","","","","","","","","","","","","","","","","","","",""
"33167001","BORDEAUX_OBSERVATOIRE",44.831667,-0.525,74,1912050500,"","","","","","","","","","","","","","","","","","","","","","","","","","","","","","","","","","","","",10.5,9,"","","","","","","","","","","","","","","","","","","","","","","","","","","","","","","","","","","","","","","","","","","","",1020.4,9,1011.4,9,"","","","","","","","","","","","","","","","","","","","","","","","","","","","","","","","","","","","","","","","","","","","","","","","","","","","","","","","","","","","","","","","","","","","","","","","","","","","","","","","","","","","","","","","","","","","","","","","","","","","","","","","","","","","","","","",""
"33167001","BORDEAUX_OBSERVATOIRE",44.831667,-0.525,74,1912050503,"","","","","","","","","","","","","","","","","","","","","","","","","","","","","","","","","","","","",10.3,9,"","","","","","","","","","","","","","","","","","","","","","","","","","","","","","","","","","","","","","","","","","","","",1020.1,9,1011.1,9,"","","","","","","","","","","","","","","","","","","","","","","","","","","","","","","","","","","","","","","","","","","","","","","","","","","","","","","","","","","","","","","","","","","","","","","","","","","","","","","","","","","","","","","","","","","","","","","","","","","","","","","","","","","","","","","",""
"33167001","BORDEAUX_OBSERVATOIRE",44.831667,-0.525,74,1912050507,"","","","","","","","","","","","","","","","","","","","","","","","","","","","","","","","","","","","",12.3,9,"","","","","","","","","","","","","","","","","","","","","","","","","","","","","","","","","","","","","","","","","","","","",1020.4,9,1011.5,9,"","","","","","","","","","","","","","","","","","","","","","","","","","","","","","","","","","","","","","","","","","","","","","","","","","","","","","","","","","","","","","","","","","","","","","","","","","","","","","","","","","","","","","","","","","","","","","","","","","","","","","","","","","","","","","","",""
"33167001","BORDEAUX_OBSERVATOIRE",44.831667,-0.525,74,1912050509,"","","","","","","","","","","","","","","","","","","","","","","","","","","","","","","","","","","","",16.,9,"","","","","","","","","","","","","","","","","","","","","","","","","","","","","","","","","","","","","","","","","","","","",1020.5,9,1011.7,9,"","","","","","","","","","","","","","","","","","","","","","","","","","","","","","","","","","","","","","","","","","","","","","","","","","","","","","","","","","","","","","","","","","","","","","","","","","","","","","","","","","","","","","","","","","","","","","","","","","","","","","","","","","","","","","","",""
"33167001","BORDEAUX_OBSERVATOIRE",44.831667,-0.525,74,1912050512,"","","","","","","","","","","","","","","","","","","","","","","","","","","","","","","","","","","","",17.3,9,"","","","","","","","","","","","","","","","","","","","","","","","","","","","","","","","","","","","","","","","","","","","",1020.6,9,1011.8,1,"","","","","","","","","","","","","","","","","","","","","","","","","","","","","","","","","","","","","","","","","","","","","","","","","","","","","","","","","","","","","","","","","","","","","","","","","","","","","","","","","","","","","","","","","","","","","","","","","","","","","","","","","","","","","","","",""
"33167001","BORDEAUX_OBSERVATOIRE",44.831667,-0.525,74,1912050515,"","","","","","","","","","","","","","","","","","","","","","","","","","","","","","","","","","","","",15.8,9,"","","","","","","","","","","","","","","","","","","","","","","","","","","","","","","","","","","","","","","","","","","","",1020.6,9,1011.8,9,"","","","","","","","","","","","","","","","","","","","","","","","","","","","","","","","","","","","","","","","","","","","","","","","","","","","","","","","","","","","","","","","","","","","","","","","","","","","","","","","","","","","","","","","","","","","","","","","","","","","","","","","","","","","","","","",""
"33167001","BORDEAUX_OBSERVATOIRE",44.831667,-0.525,74,1912050518,"","","","","","","","","","","","","","","","","","","","","","","","","","","","","","","","","","","","",14.5,9,"","","","","","","","","","","","","","","","","","","","","","","","","","","","","","","","","","","","","","","","","","","","",1021.1,9,1012.2,9,"","","","","","","","","","","","","","","","","","","","","","","","","","","","","","","","","","","","","","","","","","","","","","","","","","","","","","","","","","","","","","","","","","","","","","","","","","","","","","","","","","","","","","","","","","","","","","","","","","","","","","","","","","","","","","","",""
"33167001","BORDEAUX_OBSERVATOIRE",44.831667,-0.525,74,1912050521,"","","","","","","","","","","","","","","","","","","","","","","","","","","","","","","","","","","","",13.,9,"","","","","","","","","","","","","","","","","","","","","","","","","","","","","","","","","","","","","","","","","","","","",1022.1,9,1013.2,9,"","","","","","","","","","","","","","","","","","","","","","","","","","","","","","","","","","","","","","","","","","","","","","","","","","","","","","","","","","","","","","","","","","","","","","","","","","","","","","","","","","","","","","","","","","","","","","","","","","","","","","","","","","","","","","","",""
"33167001","BORDEAUX_OBSERVATOIRE",44.831667,-0.525,74,1912050600,"","","","","","","","","","","","","","","","","","","","","","","","","","","","","","","","","","","","",13.1,9,"","","","","","","","","","","","","","","","","","","","","","","","","","","","","","","","","","","","","","","","","","","","",1022.8,9,1013.9,9,"","","","","","","","","","","","","","","","","","","","","","","","","","","","","","","","","","","","","","","","","","","","","","","","","","","","","","","","","","","","","","","","","","","","","","","","","","","","","","","","","","","","","","","","","","","","","","","","","","","","","","","","","","","","","","","",""
"33167001","BORDEAUX_OBSERVATOIRE",44.831667,-0.525,74,1912050603,"","","","","","","","","","","","","","","","","","","","","","","","","","","","","","","","","","","","",12.8,9,"","","","","","","","","","","","","","","","","","","","","","","","","","","","","","","","","","","","","","","","","","","","",1023.,9,1014.,9,"","","","","","","","","","","","","","","","","","","","","","","","","","","","","","","","","","","","","","","","","","","","","","","","","","","","","","","","","","","","","","","","","","","","","","","","","","","","","","","","","","","","","","","","","","","","","","","","","","","","","","","","","","","","","","","",""
"33167001","BORDEAUX_OBSERVATOIRE",44.831667,-0.525,74,1912050607,"","","","","","","","","","","","","","","","","","","","","","","","","","","","","","","","","","","","",13.6,9,"","","","","","","","","","","","","","","","","","","","","","","","","","","","","","","","","","","","","","","","","","","","",1024.4,9,1015.5,9,"","","","","","","","","","","","","","","","","","","","","","","","","","","","","","","","","","","","","","","","","","","","","","","","","","","","","","","","","","","","","","","","","","","","","","","","","","","","","","","","","","","","","","","","","","","","","","","","","","","","","","","","","","","","","","","",""
"33167001","BORDEAUX_OBSERVATOIRE",44.831667,-0.525,74,1912050609,"","","","","","","","","","","","","","","","","","","","","","","","","","","","","","","","","","","","",14.8,9,"","","","","","","","","","","","","","","","","","","","","","","","","","","","","","","","","","","","","","","","","","","","",1025.1,9,1016.2,9,"","","","","","","","","","","","","","","","","","","","","","","","","","","","","","","","","","","","","","","","","","","","","","","","","","","","","","","","","","","","","","","","","","","","","","","","","","","","","","","","","","","","","","","","","","","","","","","","","","","","","","","","","","","","","","","",""
"33167001","BORDEAUX_OBSERVATOIRE",44.831667,-0.525,74,1912050612,"","","","","","","","","","","","","","","","","","","","","","","","","","","","","","","","","","","","",19.4,9,"","","","","","","","","","","","","","","","","","","","","","","","","","","","","","","","","","","","","","","","","","","","",1024.6,9,1015.9,1,"","","","","","","","","","","","","","","","","","","","","","","","","","","","","","","","","","","","","","","","","","","","","","","","","","","","","","","","","","","","","","","","","","","","","","","","","","","","","","","","","","","","","","","","","","","","","","","","","","","","","","","","","","","","","","","",""
"33167001","BORDEAUX_OBSERVATOIRE",44.831667,-0.525,74,1912050615,"","","","","","","","","","","","","","","","","","","","","","","","","","","","","","","","","","","","",20.3,9,"","","","","","","","","","","","","","","","","","","","","","","","","","","","","","","","","","","","","","","","","","","","",1025.,9,1016.3,9,"","","","","","","","","","","","","","","","","","","","","","","","","","","","","","","","","","","","","","","","","","","","","","","","","","","","","","","","","","","","","","","","","","","","","","","","","","","","","","","","","","","","","","","","","","","","","","","","","","","","","","","","","","","","","","","",""
"33167001","BORDEAUX_OBSERVATOIRE",44.831667,-0.525,74,1912050618,"","","","","","","","","","","","","","","","","","","","","","","","","","","","","","","","","","","","",18.6,9,"","","","","","","","","","","","","","","","","","","","","","","","","","","","","","","","","","","","","","","","","","","","",1026.,9,1017.2,9,"","","","","","","","","","","","","","","","","","","","","","","","","","","","","","","","","","","","","","","","","","","","","","","","","","","","","","","","","","","","","","","","","","","","","","","","","","","","","","","","","","","","","","","","","","","","","","","","","","","","","","","","","","","","","","","",""
"33167001","BORDEAUX_OBSERVATOIRE",44.831667,-0.525,74,1912050621,"","","","","","","","","","","","","","","","","","","","","","","","","","","","","","","","","","","","",14.2,9,"","","","","","","","","","","","","","","","","","","","","","","","","","","","","","","","","","","","","","","","","","","","",1027.3,9,1018.4,9,"","","","","","","","","","","","","","","","","","","","","","","","","","","","","","","","","","","","","","","","","","","","","","","","","","","","","","","","","","","","","","","","","","","","","","","","","","","","","","","","","","","","","","","","","","","","","","","","","","","","","","","","","","","","","","","",""
"33167001","BORDEAUX_OBSERVATOIRE",44.831667,-0.525,74,1912050700,"","","","","","","","","","","","","","","","","","","","","","","","","","","","","","","","","","","","",12.7,9,"","","","","","","","","","","","","","","","","","","","","","","","","","","","","","","","","","","","","","","","","","","","",1028.5,9,1019.5,9,"","","","","","","","","","","","","","","","","","","","","","","","","","","","","","","","","","","","","","","","","","","","","","","","","","","","","","","","","","","","","","","","","","","","","","","","","","","","","","","","","","","","","","","","","","","","","","","","","","","","","","","","","","","","","","","",""
"33167001","BORDEAUX_OBSERVATOIRE",44.831667,-0.525,74,1912050703,"","","","","","","","","","","","","","","","","","","","","","","","","","","","","","","","","","","","",11.,9,"","","","","","","","","","","","","","","","","","","","","","","","","","","","","","","","","","","","","","","","","","","","",1028.6,9,1019.5,9,"","","","","","","","","","","","","","","","","","","","","","","","","","","","","","","","","","","","","","","","","","","","","","","","","","","","","","","","","","","","","","","","","","","","","","","","","","","","","","","","","","","","","","","","","","","","","","","","","","","","","","","","","","","","","","","",""
"33167001","BORDEAUX_OBSERVATOIRE",44.831667,-0.525,74,1912050707,"","","","","","","","","","","","","","","","","","","","","","","","","","","","","","","","","","","","",14.2,9,"","","","","","","","","","","","","","","","","","","","","","","","","","","","","","","","","","","","","","","","","","","","",1029.8,9,1020.8,9,"","","","","","","","","","","","","","","","","","","","","","","","","","","","","","","","","","","","","","","","","","","","","","","","","","","","","","","","","","","","","","","","","","","","","","","","","","","","","","","","","","","","","","","","","","","","","","","","","","","","","","","","","","","","","","","",""
"33167001","BORDEAUX_OBSERVATOIRE",44.831667,-0.525,74,1912050709,"","","","","","","","","","","","","","","","","","","","","","","","","","","","","","","","","","","","",18.6,9,"","","","","","","","","","","","","","","","","","","","","","","","","","","","","","","","","","","","","","","","","","","","",1030.,9,1021.2,9,"","","","","","","","","","","","","","","","","","","","","","","","","","","","","","","","","","","","","","","","","","","","","","","","","","","","","","","","","","","","","","","","","","","","","","","","","","","","","","","","","","","","","","","","","","","","","","","","","","","","","","","","","","","","","","","",""
"33167001","BORDEAUX_OBSERVATOIRE",44.831667,-0.525,74,1912050712,"","","","","","","","","","","","","","","","","","","","","","","","","","","","","","","","","","","","",21.9,9,"","","","","","","","","","","","","","","","","","","","","","","","","","","","","","","","","","","","","","","","","","","","",1029.8,9,1021.1,1,"","","","","","","","","","","","","","","","","","","","","","","","","","","","","","","","","","","","","","","","","","","","","","","","","","","","","","","","","","","","","","","","","","","","","","","","","","","","","","","","","","","","","","","","","","","","","","","","","","","","","","","","","","","","","","","",""
"33167001","BORDEAUX_OBSERVATOIRE",44.831667,-0.525,74,1912050715,"","","","","","","","","","","","","","","","","","","","","","","","","","","","","","","","","","","","",24.1,9,"","","","","","","","","","","","","","","","","","","","","","","","","","","","","","","","","","","","","","","","","","","","",1028.9,9,1020.3,9,"","","","","","","","","","","","","","","","","","","","","","","","","","","","","","","","","","","","","","","","","","","","","","","","","","","","","","","","","","","","","","","","","","","","","","","","","","","","","","","","","","","","","","","","","","","","","","","","","","","","","","","","","","","","","","","",""
"33167001","BORDEAUX_OBSERVATOIRE",44.831667,-0.525,74,1912050718,"","","","","","","","","","","","","","","","","","","","","","","","","","","","","","","","","","","","",22.2,9,"","","","","","","","","","","","","","","","","","","","","","","","","","","","","","","","","","","","","","","","","","","","",1028.9,9,1020.2,9,"","","","","","","","","","","","","","","","","","","","","","","","","","","","","","","","","","","","","","","","","","","","","","","","","","","","","","","","","","","","","","","","","","","","","","","","","","","","","","","","","","","","","","","","","","","","","","","","","","","","","","","","","","","","","","","",""
"33167001","BORDEAUX_OBSERVATOIRE",44.831667,-0.525,74,1912050721,"","","","","","","","","","","","","","","","","","","","","","","","","","","","","","","","","","","","",18.2,9,"","","","","","","","","","","","","","","","","","","","","","","","","","","","","","","","","","","","","","","","","","","","",1030.2,9,1021.4,9,"","","","","","","","","","","","","","","","","","","","","","","","","","","","","","","","","","","","","","","","","","","","","","","","","","","","","","","","","","","","","","","","","","","","","","","","","","","","","","","","","","","","","","","","","","","","","","","","","","","","","","","","","","","","","","","",""
"33167001","BORDEAUX_OBSERVATOIRE",44.831667,-0.525,74,1912050800,"","","","","","","","","","","","","","","","","","","","","","","","","","","","","","","","","","","","",15.3,9,"","","","","","","","","","","","","","","","","","","","","","","","","","","","","","","","","","","","","","","","","","","","",1030.8,9,1021.9,9,"","","","","","","","","","","","","","","","","","","","","","","","","","","","","","","","","","","","","","","","","","","","","","","","","","","","","","","","","","","","","","","","","","","","","","","","","","","","","","","","","","","","","","","","","","","","","","","","","","","","","","","","","","","","","","","",""
"33167001","BORDEAUX_OBSERVATOIRE",44.831667,-0.525,74,1912050803,"","","","","","","","","","","","","","","","","","","","","","","","","","","","","","","","","","","","",14.9,9,"","","","","","","","","","","","","","","","","","","","","","","","","","","","","","","","","","","","","","","","","","","","",1030.,9,1021.1,9,"","","","","","","","","","","","","","","","","","","","","","","","","","","","","","","","","","","","","","","","","","","","","","","","","","","","","","","","","","","","","","","","","","","","","","","","","","","","","","","","","","","","","","","","","","","","","","","","","","","","","","","","","","","","","","","",""
"33167001","BORDEAUX_OBSERVATOIRE",44.831667,-0.525,74,1912050807,"","","","","","","","","","","","","","","","","","","","","","","","","","","","","","","","","","","","",17.,9,"","","","","","","","","","","","","","","","","","","","","","","","","","","","","","","","","","","","","","","","","","","","",1030.8,9,1021.9,9,"","","","","","","","","","","","","","","","","","","","","","","","","","","","","","","","","","","","","","","","","","","","","","","","","","","","","","","","","","","","","","","","","","","","","","","","","","","","","","","","","","","","","","","","","","","","","","","","","","","","","","","","","","","","","","","",""
"33167001","BORDEAUX_OBSERVATOIRE",44.831667,-0.525,74,1912050809,"","","","","","","","","","","","","","","","","","","","","","","","","","","","","","","","","","","","",22.4,9,"","","","","","","","","","","","","","","","","","","","","","","","","","","","","","","","","","","","","","","","","","","","",1030.7,9,1022.,9,"","","","","","","","","","","","","","","","","","","","","","","","","","","","","","","","","","","","","","","","","","","","","","","","","","","","","","","","","","","","","","","","","","","","","","","","","","","","","","","","","","","","","","","","","","","","","","","","","","","","","","","","","","","","","","","",""
"33167001","BORDEAUX_OBSERVATOIRE",44.831667,-0.525,74,1912050812,"","","","","","","","","","","","","","","","","","","","","","","","","","","","","","","","","","","","",26.6,9,"","","","","","","","","","","","","","","","","","","","","","","","","","","","","","","","","","","","","","","","","","","","",1029.9,9,1021.4,1,"","","","","","","","","","","","","","","","","","","","","","","","","","","","","","","","","","","","","","","","","","","","","","","","","","","","","","","","","","","","","","","","","","","","","","","","","","","","","","","","","","","","","","","","","","","","","","","","","","","","","","","","","","","","","","","",""
"33167001","BORDEAUX_OBSERVATOIRE",44.831667,-0.525,74,1912050815,"","","","","","","","","","","","","","","","","","","","","","","","","","","","","","","","","","","","",27.4,9,"","","","","","","","","","","","","","","","","","","","","","","","","","","","","","","","","","","","","","","","","","","","",1028.8,9,1020.3,9,"","","","","","","","","","","","","","","","","","","","","","","","","","","","","","","","","","","","","","","","","","","","","","","","","","","","","","","","","","","","","","","","","","","","","","","","","","","","","","","","","","","","","","","","","","","","","","","","","","","","","","","","","","","","","","","",""
"33167001","BORDEAUX_OBSERVATOIRE",44.831667,-0.525,74,1912050818,"","","","","","","","","","","","","","","","","","","","","","","","","","","","","","","","","","","","",24.6,9,"","","","","","","","","","","","","","","","","","","","","","","","","","","","","","","","","","","","","","","","","","","","",1029.,9,1020.4,9,"","","","","","","","","","","","","","","","","","","","","","","","","","","","","","","","","","","","","","","","","","","","","","","","","","","","","","","","","","","","","","","","","","","","","","","","","","","","","","","","","","","","","","","","","","","","","","","","","","","","","","","","","","","","","","","",""
"33167001","BORDEAUX_OBSERVATOIRE",44.831667,-0.525,74,1912050821,"","","","","","","","","","","","","","","","","","","","","","","","","","","","","","","","","","","","",19.9,9,"","","","","","","","","","","","","","","","","","","","","","","","","","","","","","","","","","","","","","","","","","","","",1029.5,9,1020.7,9,"","","","","","","","","","","","","","","","","","","","","","","","","","","","","","","","","","","","","","","","","","","","","","","","","","","","","","","","","","","","","","","","","","","","","","","","","","","","","","","","","","","","","","","","","","","","","","","","","","","","","","","","","","","","","","","",""
"33167001","BORDEAUX_OBSERVATOIRE",44.831667,-0.525,74,1912050900,"","","","","","","","","","","","","","","","","","","","","","","","","","","","","","","","","","","","",17.1,9,"","","","","","","","","","","","","","","","","","","","","","","","","","","","","","","","","","","","","","","","","","","","",1029.3,9,1020.4,9,"","","","","","","","","","","","","","","","","","","","","","","","","","","","","","","","","","","","","","","","","","","","","","","","","","","","","","","","","","","","","","","","","","","","","","","","","","","","","","","","","","","","","","","","","","","","","","","","","","","","","","","","","","","","","","","",""
"33167001","BORDEAUX_OBSERVATOIRE",44.831667,-0.525,74,1912050903,"","","","","","","","","","","","","","","","","","","","","","","","","","","","","","","","","","","","",14.2,9,"","","","","","","","","","","","","","","","","","","","","","","","","","","","","","","","","","","","","","","","","","","","",1028.4,9,1019.4,9,"","","","","","","","","","","","","","","","","","","","","","","","","","","","","","","","","","","","","","","","","","","","","","","","","","","","","","","","","","","","","","","","","","","","","","","","","","","","","","","","","","","","","","","","","","","","","","","","","","","","","","","","","","","","","","","",""
"33167001","BORDEAUX_OBSERVATOIRE",44.831667,-0.525,74,1912050907,"","","","","","","","","","","","","","","","","","","","","","","","","","","","","","","","","","","","",16.8,9,"","","","","","","","","","","","","","","","","","","","","","","","","","","","","","","","","","","","","","","","","","","","",1027.6,9,1018.7,9,"","","","","","","","","","","","","","","","","","","","","","","","","","","","","","","","","","","","","","","","","","","","","","","","","","","","","","","","","","","","","","","","","","","","","","","","","","","","","","","","","","","","","","","","","","","","","","","","","","","","","","","","","","","","","","","",""
"33167001","BORDEAUX_OBSERVATOIRE",44.831667,-0.525,74,1912050909,"","","","","","","","","","","","","","","","","","","","","","","","","","","","","","","","","","","","",22.8,9,"","","","","","","","","","","","","","","","","","","","","","","","","","","","","","","","","","","","","","","","","","","","",1027.3,9,1018.6,9,"","","","","","","","","","","","","","","","","","","","","","","","","","","","","","","","","","","","","","","","","","","","","","","","","","","","","","","","","","","","","","","","","","","","","","","","","","","","","","","","","","","","","","","","","","","","","","","","","","","","","","","","","","","","","","","",""
"33167001","BORDEAUX_OBSERVATOIRE",44.831667,-0.525,74,1912050912,"","","","","","","","","","","","","","","","","","","","","","","","","","","","","","","","","","","","",27.4,9,"","","","","","","","","","","","","","","","","","","","","","","","","","","","","","","","","","","","","","","","","","","","",1026.,9,1017.5,1,"","","","","","","","","","","","","","","","","","","","","","","","","","","","","","","","","","","","","","","","","","","","","","","","","","","","","","","","","","","","","","","","","","","","","","","","","","","","","","","","","","","","","","","","","","","","","","","","","","","","","","","","","","","","","","","",""
"33167001","BORDEAUX_OBSERVATOIRE",44.831667,-0.525,74,1912050915,"","","","","","","","","","","","","","","","","","","","","","","","","","","","","","","","","","","","",29.4,9,"","","","","","","","","","","","","","","","","","","","","","","","","","","","","","","","","","","","","","","","","","","","",1024.6,9,1016.2,9,"","","","","","","","","","","","","","","","","","","","","","","","","","","","","","","","","","","","","","","","","","","","","","","","","","","","","","","","","","","","","","","","","","","","","","","","","","","","","","","","","","","","","","","","","","","","","","","","","","","","","","","","","","","","","","","",""
"33167001","BORDEAUX_OBSERVATOIRE",44.831667,-0.525,74,1912050918,"","","","","","","","","","","","","","","","","","","","","","","","","","","","","","","","","","","","",25.4,9,"","","","","","","","","","","","","","","","","","","","","","","","","","","","","","","","","","","","","","","","","","","","",1023.9,9,1015.4,9,"","","","","","","","","","","","","","","","","","","","","","","","","","","","","","","","","","","","","","","","","","","","","","","","","","","","","","","","","","","","","","","","","","","","","","","","","","","","","","","","","","","","","","","","","","","","","","","","","","","","","","","","","","","","","","","",""
"33167001","BORDEAUX_OBSERVATOIRE",44.831667,-0.525,74,1912050921,"","","","","","","","","","","","","","","","","","","","","","","","","","","","","","","","","","","","",21.4,9,"","","","","","","","","","","","","","","","","","","","","","","","","","","","","","","","","","","","","","","","","","","","",1024.3,9,1015.6,9,"","","","","","","","","","","","","","","","","","","","","","","","","","","","","","","","","","","","","","","","","","","","","","","","","","","","","","","","","","","","","","","","","","","","","","","","","","","","","","","","","","","","","","","","","","","","","","","","","","","","","","","","","","","","","","","",""
"33167001","BORDEAUX_OBSERVATOIRE",44.831667,-0.525,74,1912051000,"","","","","","","","","","","","","","","","","","","","","","","","","","","","","","","","","","","","",18.8,9,"","","","","","","","","","","","","","","","","","","","","","","","","","","","","","","","","","","","","","","","","","","","",1023.8,9,1015.,9,"","","","","","","","","","","","","","","","","","","","","","","","","","","","","","","","","","","","","","","","","","","","","","","","","","","","","","","","","","","","","","","","","","","","","","","","","","","","","","","","","","","","","","","","","","","","","","","","","","","","","","","","","","","","","","","",""
"33167001","BORDEAUX_OBSERVATOIRE",44.831667,-0.525,74,1912051003,"","","","","","","","","","","","","","","","","","","","","","","","","","","","","","","","","","","","",18.,9,"","","","","","","","","","","","","","","","","","","","","","","","","","","","","","","","","","","","","","","","","","","","",1022.,9,1013.2,9,"","","","","","","","","","","","","","","","","","","","","","","","","","","","","","","","","","","","","","","","","","","","","","","","","","","","","","","","","","","","","","","","","","","","","","","","","","","","","","","","","","","","","","","","","","","","","","","","","","","","","","","","","","","","","","","",""
"33167001","BORDEAUX_OBSERVATOIRE",44.831667,-0.525,74,1912051007,"","","","","","","","","","","","","","","","","","","","","","","","","","","","","","","","","","","","",18.,9,"","","","","","","","","","","","","","","","","","","","","","","","","","","","","","","","","","","","","","","","","","","","",1021.4,9,1012.6,9,"","","","","","","","","","","","","","","","","","","","","","","","","","","","","","","","","","","","","","","","","","","","","","","","","","","","","","","","","","","","","","","","","","","","","","","","","","","","","","","","","","","","","","","","","","","","","","","","","","","","","","","","","","","","","","","",""
"33167001","BORDEAUX_OBSERVATOIRE",44.831667,-0.525,74,1912051009,"","","","","","","","","","","","","","","","","","","","","","","","","","","","","","","","","","","","",24.,9,"","","","","","","","","","","","","","","","","","","","","","","","","","","","","","","","","","","","","","","","","","","","",1021.2,9,1012.6,9,"","","","","","","","","","","","","","","","","","","","","","","","","","","","","","","","","","","","","","","","","","","","","","","","","","","","","","","","","","","","","","","","","","","","","","","","","","","","","","","","","","","","","","","","","","","","","","","","","","","","","","","","","","","","","","","",""
"33167001","BORDEAUX_OBSERVATOIRE",44.831667,-0.525,74,1912051012,"","","","","","","","","","","","","","","","","","","","","","","","","","","","","","","","","","","","",28.2,9,"","","","","","","","","","","","","","","","","","","","","","","","","","","","","","","","","","","","","","","","","","","","",1019.9,9,1011.5,1,"","","","","","","","","","","","","","","","","","","","","","","","","","","","","","","","","","","","","","","","","","","","","","","","","","","","","","","","","","","","","","","","","","","","","","","","","","","","","","","","","","","","","","","","","","","","","","","","","","","","","","","","","","","","","","","",""
"33167001","BORDEAUX_OBSERVATOIRE",44.831667,-0.525,74,1912051015,"","","","","","","","","","","","","","","","","","","","","","","","","","","","","","","","","","","","",32.9,9,"","","","","","","","","","","","","","","","","","","","","","","","","","","","","","","","","","","","","","","","","","","","",1018.1,9,1009.9,9,"","","","","","","","","","","","","","","","","","","","","","","","","","","","","","","","","","","","","","","","","","","","","","","","","","","","","","","","","","","","","","","","","","","","","","","","","","","","","","","","","","","","","","","","","","","","","","","","","","","","","","","","","","","","","","","",""
"33167001","BORDEAUX_OBSERVATOIRE",44.831667,-0.525,74,1912051018,"","","","","","","","","","","","","","","","","","","","","","","","","","","","","","","","","","","","","","","","","","","","","","","","","","","","","","","","","","","","","","","","","","","","","","","","","","","","","","","","","","","","",1009.5,9,"","","","","","","","","","","","","","","","","","","","","","","","","","","","","","","","","","","","","","","","","","","","","","","","","","","","","","","","","","","","","","","","","","","","","","","","","","","","","","","","","","","","","","","","","","","","","","","","","","","","","","","","","","","","","","","",""
"33167001","BORDEAUX_OBSERVATOIRE",44.831667,-0.525,74,1912051021,"","","","","","","","","","","","","","","","","","","","","","","","","","","","","","","","","","","","",21.2,9,"","","","","","","","","","","","","","","","","","","","","","","","","","","","","","","","","","","","","","","","","","","","",1019.4,9,1010.8,9,"","","","","","","","","","","","","","","","","","","","","","","","","","","","","","","","","","","","","","","","","","","","","","","","","","","","","","","","","","","","","","","","","","","","","","","","","","","","","","","","","","","","","","","","","","","","","","","","","","","","","","","","","","","","","","","",""
"33167001","BORDEAUX_OBSERVATOIRE",44.831667,-0.525,74,1912051100,"","","","","","","","","","","","","","","","","","","","","","","","","","","","","","","","","","","","",16.6,9,"","","","","","","","","","","","","","","","","","","","","","","","","","","","","","","","","","","","","","","","","","","","",1019.4,9,1010.6,9,"","","","","","","","","","","","","","","","","","","","","","","","","","","","","","","","","","","","","","","","","","","","","","","","","","","","","","","","","","","","","","","","","","","","","","","","","","","","","","","","","","","","","","","","","","","","","","","","","","","","","","","","","","","","","","","",""
"33167001","BORDEAUX_OBSERVATOIRE",44.831667,-0.525,74,1912051103,"","","","","","","","","","","","","","","","","","","","","","","","","","","","","","","","","","","","",15.6,9,"","","","","","","","","","","","","","","","","","","","","","","","","","","","","","","","","","","","","","","","","","","","",1018.3,9,1009.5,9,"","","","","","","","","","","","","","","","","","","","","","","","","","","","","","","","","","","","","","","","","","","","","","","","","","","","","","","","","","","","","","","","","","","","","","","","","","","","","","","","","","","","","","","","","","","","","","","","","","","","","","","","","","","","","","","",""
"33167001","BORDEAUX_OBSERVATOIRE",44.831667,-0.525,74,1912051107,"","","","","","","","","","","","","","","","","","","","","","","","","","","","","","","","","","","","",21.,9,"","","","","","","","","","","","","","","","","","","","","","","","","","","","","","","","","","","","","","","","","","","","",1018.,9,1009.4,9,"","","","","","","","","","","","","","","","","","","","","","","","","","","","","","","","","","","","","","","","","","","","","","","","","","","","","","","","","","","","","","","","","","","","","","","","","","","","","","","","","","","","","","","","","","","","","","","","","","","","","","","","","","","","","","","",""
"33167001","BORDEAUX_OBSERVATOIRE",44.831667,-0.525,74,1912051109,"","","","","","","","","","","","","","","","","","","","","","","","","","","","","","","","","","","","",25.7,9,"","","","","","","","","","","","","","","","","","","","","","","","","","","","","","","","","","","","","","","","","","","","",1017.6,9,1009.1,9,"","","","","","","","","","","","","","","","","","","","","","","","","","","","","","","","","","","","","","","","","","","","","","","","","","","","","","","","","","","","","","","","","","","","","","","","","","","","","","","","","","","","","","","","","","","","","","","","","","","","","","","","","","","","","","","",""
"33167001","BORDEAUX_OBSERVATOIRE",44.831667,-0.525,74,1912051112,"","","","","","","","","","","","","","","","","","","","","","","","","","","","","","","","","","","","",30.7,9,"","","","","","","","","","","","","","","","","","","","","","","","","","","","","","","","","","","","","","","","","","","","",1016.,9,1007.7,1,"","","","","","","","","","","","","","","","","","","","","","","","","","","","","","","","","","","","","","","","","","","","","","","","","","","","","","","","","","","","","","","","","","","","","","","","","","","","","","","","","","","","","","","","","","","","","","","","","","","","","","","","","","","","","","","",""
"33167001","BORDEAUX_OBSERVATOIRE",44.831667,-0.525,74,1912051115,"","","","","","","","","","","","","","","","","","","","","","","","","","","","","","","","","","","","",31.7,9,"","","","","","","","","","","","","","","","","","","","","","","","","","","","","","","","","","","","","","","","","","","","",1013.8,9,1005.6,9,"","","","","","","","","","","","","","","","","","","","","","","","","","","","","","","","","","","","","","","","","","","","","","","","","","","","","","","","","","","","","","","","","","","","","","","","","","","","","","","","","","","","","","","","","","","","","","","","","","","","","","","","","","","","","","","",""
"33167001","BORDEAUX_OBSERVATOIRE",44.831667,-0.525,74,1912051118,"","","","","","","","","","","","","","","","","","","","","","","","","","","","","","","","","","","","",28.9,9,"","","","","","","","","","","","","","","","","","","","","","","","","","","","","","","","","","","","","","","","","","","","",1012.5,9,1004.2,9,"","","","","","","","","","","","","","","","","","","","","","","","","","","","","","","","","","","","","","","","","","","","","","","","","","","","","","","","","","","","","","","","","","","","","","","","","","","","","","","","","","","","","","","","","","","","","","","","","","","","","","","","","","","","","","","",""
"33167001","BORDEAUX_OBSERVATOIRE",44.831667,-0.525,74,1912051121,"","","","","","","","","","","","","","","","","","","","","","","","","","","","","","","","","","","","",26.5,9,"","","","","","","","","","","","","","","","","","","","","","","","","","","","","","","","","","","","","","","","","","","","",1012.3,9,1003.9,9,"","","","","","","","","","","","","","","","","","","","","","","","","","","","","","","","","","","","","","","","","","","","","","","","","","","","","","","","","","","","","","","","","","","","","","","","","","","","","","","","","","","","","","","","","","","","","","","","","","","","","","","","","","","","","","","",""
"33167001","BORDEAUX_OBSERVATOIRE",44.831667,-0.525,74,1912051200,"","","","","","","","","","","","","","","","","","","","","","","","","","","","","","","","","","","","",24.1,9,"","","","","","","","","","","","","","","","","","","","","","","","","","","","","","","","","","","","","","","","","","","","",1011.3,9,1002.8,9,"","","","","","","","","","","","","","","","","","","","","","","","","","","","","","","","","","","","","","","","","","","","","","","","","","","","","","","","","","","","","","","","","","","","","","","","","","","","","","","","","","","","","","","","","","","","","","","","","","","","","","","","","","","","","","","",""
"33167001","BORDEAUX_OBSERVATOIRE",44.831667,-0.525,74,1912051203,"","","","","","","","","","","","","","","","","","","","","","","","","","","","","","","","","","","","",20.4,9,"","","","","","","","","","","","","","","","","","","","","","","","","","","","","","","","","","","","","","","","","","","","",1010.1,9,1001.5,9,"","","","","","","","","","","","","","","","","","","","","","","","","","","","","","","","","","","","","","","","","","","","","","","","","","","","","","","","","","","","","","","","","","","","","","","","","","","","","","","","","","","","","","","","","","","","","","","","","","","","","","","","","","","","","","","",""
"33167001","BORDEAUX_OBSERVATOIRE",44.831667,-0.525,74,1912051207,"","","","","","","","","","","","","","","","","","","","","","","","","","","","","","","","","","","","",20.2,9,"","","","","","","","","","","","","","","","","","","","","","","","","","","","","","","","","","","","","","","","","","","","",1012.,9,1003.4,9,"","","","","","","","","","","","","","","","","","","","","","","","","","","","","","","","","","","","","","","","","","","","","","","","","","","","","","","","","","","","","","","","","","","","","","","","","","","","","","","","","","","","","","","","","","","","","","","","","","","","","","","","","","","","","","","",""
"33167001","BORDEAUX_OBSERVATOIRE",44.831667,-0.525,74,1912051209,"","","","","","","","","","","","","","","","","","","","","","","","","","","","","","","","","","","","",24.5,9,"","","","","","","","","","","","","","","","","","","","","","","","","","","","","","","","","","","","","","","","","","","","",1011.5,9,1003.,9,"","","","","","","","","","","","","","","","","","","","","","","","","","","","","","","","","","","","","","","","","","","","","","","","","","","","","","","","","","","","","","","","","","","","","","","","","","","","","","","","","","","","","","","","","","","","","","","","","","","","","","","","","","","","","","","",""
"33167001","BORDEAUX_OBSERVATOIRE",44.831667,-0.525,74,1912051212,"","","","","","","","","","","","","","","","","","","","","","","","","","","","","","","","","","","","",32.6,9,"","","","","","","","","","","","","","","","","","","","","","","","","","","","","","","","","","","","","","","","","","","","",1011.3,9,1003.1,1,"","","","","","","","","","","","","","","","","","","","","","","","","","","","","","","","","","","","","","","","","","","","","","","","","","","","","","","","","","","","","","","","","","","","","","","","","","","","","","","","","","","","","","","","","","","","","","","","","","","","","","","","","","","","","","","",""
"33167001","BORDEAUX_OBSERVATOIRE",44.831667,-0.525,74,1912051215,"","","","","","","","","","","","","","","","","","","","","","","","","","","","","","","","","","","","",22.6,9,"","","","","","","","","","","","","","","","","","","","","","","","","","","","","","","","","","","","","","","","","","","","",1014.4,9,1005.8,9,"","","","","","","","","","","","","","","","","","","","","","","","","","","","","","","","","","","","","","","","","","","","","","","","","","","","","","","","","","","","","","","","","","","","","","","","","","","","","","","","","","","","","","","","","","","","","","","","","","","","","","","","","","","","","","","",""
"33167001","BORDEAUX_OBSERVATOIRE",44.831667,-0.525,74,1912051218,"","","","","","","","","","","","","","","","","","","","","","","","","","","","","","","","","","","","",20.3,9,"","","","","","","","","","","","","","","","","","","","","","","","","","","","","","","","","","","","","","","","","","","","",1017.2,9,1008.5,9,"","","","","","","","","","","","","","","","","","","","","","","","","","","","","","","","","","","","","","","","","","","","","","","","","","","","","","","","","","","","","","","","","","","","","","","","","","","","","","","","","","","","","","","","","","","","","","","","","","","","","","","","","","","","","","","",""
"33167001","BORDEAUX_OBSERVATOIRE",44.831667,-0.525,74,1912051221,"","","","","","","","","","","","","","","","","","","","","","","","","","","","","","","","","","","","",15.1,9,"","","","","","","","","","","","","","","","","","","","","","","","","","","","","","","","","","","","","","","","","","","","",1019.2,9,1010.4,9,"","","","","","","","","","","","","","","","","","","","","","","","","","","","","","","","","","","","","","","","","","","","","","","","","","","","","","","","","","","","","","","","","","","","","","","","","","","","","","","","","","","","","","","","","","","","","","","","","","","","","","","","","","","","","","","",""
"33167001","BORDEAUX_OBSERVATOIRE",44.831667,-0.525,74,1912051300,"","","","","","","","","","","","","","","","","","","","","","","","","","","","","","","","","","","","",14.1,9,"","","","","","","","","","","","","","","","","","","","","","","","","","","","","","","","","","","","","","","","","","","","",1020.1,9,1011.2,9,"","","","","","","","","","","","","","","","","","","","","","","","","","","","","","","","","","","","","","","","","","","","","","","","","","","","","","","","","","","","","","","","","","","","","","","","","","","","","","","","","","","","","","","","","","","","","","","","","","","","","","","","","","","","","","","",""
"33167001","BORDEAUX_OBSERVATOIRE",44.831667,-0.525,74,1912051303,"","","","","","","","","","","","","","","","","","","","","","","","","","","","","","","","","","","","",12.8,9,"","","","","","","","","","","","","","","","","","","","","","","","","","","","","","","","","","","","","","","","","","","","",1019.9,9,1011.,9,"","","","","","","","","","","","","","","","","","","","","","","","","","","","","","","","","","","","","","","","","","","","","","","","","","","","","","","","","","","","","","","","","","","","","","","","","","","","","","","","","","","","","","","","","","","","","","","","","","","","","","","","","","","","","","","",""
"33167001","BORDEAUX_OBSERVATOIRE",44.831667,-0.525,74,1912051307,"","","","","","","","","","","","","","","","","","","","","","","","","","","","","","","","","","","","",13.9,9,"","","","","","","","","","","","","","","","","","","","","","","","","","","","","","","","","","","","","","","","","","","","",1019.8,9,1010.9,9,"","","","","","","","","","","","","","","","","","","","","","","","","","","","","","","","","","","","","","","","","","","","","","","","","","","","","","","","","","","","","","","","","","","","","","","","","","","","","","","","","","","","","","","","","","","","","","","","","","","","","","","","","","","","","","","",""
"33167001","BORDEAUX_OBSERVATOIRE",44.831667,-0.525,74,1912051309,"","","","","","","","","","","","","","","","","","","","","","","","","","","","","","","","","","","","",18.5,9,"","","","","","","","","","","","","","","","","","","","","","","","","","","","","","","","","","","","","","","","","","","","",1019.3,9,1010.6,9,"","","","","","","","","","","","","","","","","","","","","","","","","","","","","","","","","","","","","","","","","","","","","","","","","","","","","","","","","","","","","","","","","","","","","","","","","","","","","","","","","","","","","","","","","","","","","","","","","","","","","","","","","","","","","","","",""
"33167001","BORDEAUX_OBSERVATOIRE",44.831667,-0.525,74,1912051312,"","","","","","","","","","","","","","","","","","","","","","","","","","","","","","","","","","","","",23.8,9,"","","","","","","","","","","","","","","","","","","","","","","","","","","","","","","","","","","","","","","","","","","","",1018.,9,1009.5,1,"","","","","","","","","","","","","","","","","","","","","","","","","","","","","","","","","","","","","","","","","","","","","","","","","","","","","","","","","","","","","","","","","","","","","","","","","","","","","","","","","","","","","","","","","","","","","","","","","","","","","","","","","","","","","","","",""
"33167001","BORDEAUX_OBSERVATOIRE",44.831667,-0.525,74,1912051315,"","","","","","","","","","","","","","","","","","","","","","","","","","","","","","","","","","","","",24.4,9,"","","","","","","","","","","","","","","","","","","","","","","","","","","","","","","","","","","","","","","","","","","","",1016.,9,1007.5,9,"","","","","","","","","","","","","","","","","","","","","","","","","","","","","","","","","","","","","","","","","","","","","","","","","","","","","","","","","","","","","","","","","","","","","","","","","","","","","","","","","","","","","","","","","","","","","","","","","","","","","","","","","","","","","","","",""
"33167001","BORDEAUX_OBSERVATOIRE",44.831667,-0.525,74,1912051318,"","","","","","","","","","","","","","","","","","","","","","","","","","","","","","","","","","","","",22.7,9,"","","","","","","","","","","","","","","","","","","","","","","","","","","","","","","","","","","","","","","","","","","","",1015.6,9,1007.,9,"","","","","","","","","","","","","","","","","","","","","","","","","","","","","","","","","","","","","","","","","","","","","","","","","","","","","","","","","","","","","","","","","","","","","","","","","","","","","","","","","","","","","","","","","","","","","","","","","","","","","","","","","","","","","","","",""
"33167001","BORDEAUX_OBSERVATOIRE",44.831667,-0.525,74,1912051321,"","","","","","","","","","","","","","","","","","","","","","","","","","","","","","","","","","","","",20.6,9,"","","","","","","","","","","","","","","","","","","","","","","","","","","","","","","","","","","","","","","","","","","","",1017.8,9,1009.2,9,"","","","","","","","","","","","","","","","","","","","","","","","","","","","","","","","","","","","","","","","","","","","","","","","","","","","","","","","","","","","","","","","","","","","","","","","","","","","","","","","","","","","","","","","","","","","","","","","","","","","","","","","","","","","","","","",""
"33167001","BORDEAUX_OBSERVATOIRE",44.831667,-0.525,74,1912051400,"","","","","","","","","","","","","","","","","","","","","","","","","","","","","","","","","","","","",19.7,9,"","","","","","","","","","","","","","","","","","","","","","","","","","","","","","","","","","","","","","","","","","","","",1015.7,9,1007.,9,"","","","","","","","","","","","","","","","","","","","","","","","","","","","","","","","","","","","","","","","","","","","","","","","","","","","","","","","","","","","","","","","","","","","","","","","","","","","","","","","","","","","","","","","","","","","","","","","","","","","","","","","","","","","","","","",""
"33167001","BORDEAUX_OBSERVATOIRE",44.831667,-0.525,74,1912051403,"","","","","","","","","","","","","","","","","","","","","","","","","","","","","","","","","","","","",17.2,9,"","","","","","","","","","","","","","","","","","","","","","","","","","","","","","","","","","","","","","","","","","","","",1015.,9,1006.3,9,"","","","","","","","","","","","","","","","","","","","","","","","","","","","","","","","","","","","","","","","","","","","","","","","","","","","","","","","","","","","","","","","","","","","","","","","","","","","","","","","","","","","","","","","","","","","","","","","","","","","","","","","","","","","","","","",""
"33167001","BORDEAUX_OBSERVATOIRE",44.831667,-0.525,74,1912051407,"","","","","","","","","","","","","","","","","","","","","","","","","","","","","","","","","","","","",20.3,9,"","","","","","","","","","","","","","","","","","","","","","","","","","","","","","","","","","","","","","","","","","","","",1013.5,9,1004.9,9,"","","","","","","","","","","","","","","","","","","","","","","","","","","","","","","","","","","","","","","","","","","","","","","","","","","","","","","","","","","","","","","","","","","","","","","","","","","","","","","","","","","","","","","","","","","","","","","","","","","","","","","","","","","","","","","",""
"33167001","BORDEAUX_OBSERVATOIRE",44.831667,-0.525,74,1912051409,"","","","","","","","","","","","","","","","","","","","","","","","","","","","","","","","","","","","",23.9,9,"","","","","","","","","","","","","","","","","","","","","","","","","","","","","","","","","","","","","","","","","","","","",1012.2,9,1003.7,9,"","","","","","","","","","","","","","","","","","","","","","","","","","","","","","","","","","","","","","","","","","","","","","","","","","","","","","","","","","","","","","","","","","","","","","","","","","","","","","","","","","","","","","","","","","","","","","","","","","","","","","","","","","","","","","","",""
"33167001","BORDEAUX_OBSERVATOIRE",44.831667,-0.525,74,1912051412,"","","","","","","","","","","","","","","","","","","","","","","","","","","","","","","","","","","","",25.7,9,"","","","","","","","","","","","","","","","","","","","","","","","","","","","","","","","","","","","","","","","","","","","",1008.1,9,999.7,1,"","","","","","","","","","","","","","","","","","","","","","","","","","","","","","","","","","","","","","","","","","","","","","","","","","","","","","","","","","","","","","","","","","","","","","","","","","","","","","","","","","","","","","","","","","","","","","","","","","","","","","","","","","","","","","","",""
"33167001","BORDEAUX_OBSERVATOIRE",44.831667,-0.525,74,1912051415,"","","","","","","","","","","","","","","","","","","","","","","","","","","","","","","","","","","","",27.3,9,"","","","","","","","","","","","","","","","","","","","","","","","","","","","","","","","","","","","","","","","","","","","",1003.7,9,995.4,9,"","","","","","","","","","","","","","","","","","","","","","","","","","","","","","","","","","","","","","","","","","","","","","","","","","","","","","","","","","","","","","","","","","","","","","","","","","","","","","","","","","","","","","","","","","","","","","","","","","","","","","","","","","","","","","","",""
"33167001","BORDEAUX_OBSERVATOIRE",44.831667,-0.525,74,1912051418,"","","","","","","","","","","","","","","","","","","","","","","","","","","","","","","","","","","","",25.3,9,"","","","","","","","","","","","","","","","","","","","","","","","","","","","","","","","","","","","","","","","","","","","",1005.8,9,997.4,9,"","","","","","","","","","","","","","","","","","","","","","","","","","","","","","","","","","","","","","","","","","","","","","","","","","","","","","","","","","","","","","","","","","","","","","","","","","","","","","","","","","","","","","","","","","","","","","","","","","","","","","","","","","","","","","","",""
"33167001","BORDEAUX_OBSERVATOIRE",44.831667,-0.525,74,1912051421,"","","","","","","","","","","","","","","","","","","","","","","","","","","","","","","","","","","","",16.4,9,"","","","","","","","","","","","","","","","","","","","","","","","","","","","","","","","","","","","","","","","","","","","",1007.1,9,998.4,9,"","","","","","","","","","","","","","","","","","","","","","","","","","","","","","","","","","","","","","","","","","","","","","","","","","","","","","","","","","","","","","","","","","","","","","","","","","","","","","","","","","","","","","","","","","","","","","","","","","","","","","","","","","","","","","","",""
"33167001","BORDEAUX_OBSERVATOIRE",44.831667,-0.525,74,1912051500,"","","","","","","","","","","","","","","","","","","","","","","","","","","","","","","","","","","","",15.5,9,"","","","","","","","","","","","","","","","","","","","","","","","","","","","","","","","","","","","","","","","","","","","",1007.4,9,998.7,9,"","","","","","","","","","","","","","","","","","","","","","","","","","","","","","","","","","","","","","","","","","","","","","","","","","","","","","","","","","","","","","","","","","","","","","","","","","","","","","","","","","","","","","","","","","","","","","","","","","","","","","","","","","","","","","","",""
"33167001","BORDEAUX_OBSERVATOIRE",44.831667,-0.525,74,1912051503,"","","","","","","","","","","","","","","","","","","","","","","","","","","","","","","","","","","","",14.6,9,"","","","","","","","","","","","","","","","","","","","","","","","","","","","","","","","","","","","","","","","","","","","",1007.6,9,998.8,9,"","","","","","","","","","","","","","","","","","","","","","","","","","","","","","","","","","","","","","","","","","","","","","","","","","","","","","","","","","","","","","","","","","","","","","","","","","","","","","","","","","","","","","","","","","","","","","","","","","","","","","","","","","","","","","","",""
"33167001","BORDEAUX_OBSERVATOIRE",44.831667,-0.525,74,1912051507,"","","","","","","","","","","","","","","","","","","","","","","","","","","","","","","","","","","","",17.,9,"","","","","","","","","","","","","","","","","","","","","","","","","","","","","","","","","","","","","","","","","","","","",1008.6,9,999.9,9,"","","","","","","","","","","","","","","","","","","","","","","","","","","","","","","","","","","","","","","","","","","","","","","","","","","","","","","","","","","","","","","","","","","","","","","","","","","","","","","","","","","","","","","","","","","","","","","","","","","","","","","","","","","","","","","",""
"33167001","BORDEAUX_OBSERVATOIRE",44.831667,-0.525,74,1912051509,"","","","","","","","","","","","","","","","","","","","","","","","","","","","","","","","","","","","",18.2,9,"","","","","","","","","","","","","","","","","","","","","","","","","","","","","","","","","","","","","","","","","","","","",1009.2,9,1000.5,9,"","","","","","","","","","","","","","","","","","","","","","","","","","","","","","","","","","","","","","","","","","","","","","","","","","","","","","","","","","","","","","","","","","","","","","","","","","","","","","","","","","","","","","","","","","","","","","","","","","","","","","","","","","","","","","","",""
"33167001","BORDEAUX_OBSERVATOIRE",44.831667,-0.525,74,1912051512,"","","","","","","","","","","","","","","","","","","","","","","","","","","","","","","","","","","","",17.,9,"","","","","","","","","","","","","","","","","","","","","","","","","","","","","","","","","","","","","","","","","","","","",1009.8,9,1001.1,1,"","","","","","","","","","","","","","","","","","","","","","","","","","","","","","","","","","","","","","","","","","","","","","","","","","","","","","","","","","","","","","","","","","","","","","","","","","","","","","","","","","","","","","","","","","","","","","","","","","","","","","","","","","","","","","","",""
"33167001","BORDEAUX_OBSERVATOIRE",44.831667,-0.525,74,1912051515,"","","","","","","","","","","","","","","","","","","","","","","","","","","","","","","","","","","","",15.8,9,"","","","","","","","","","","","","","","","","","","","","","","","","","","","","","","","","","","","","","","","","","","","",1010.1,9,1001.4,9,"","","","","","","","","","","","","","","","","","","","","","","","","","","","","","","","","","","","","","","","","","","","","","","","","","","","","","","","","","","","","","","","","","","","","","","","","","","","","","","","","","","","","","","","","","","","","","","","","","","","","","","","","","","","","","","",""
"33167001","BORDEAUX_OBSERVATOIRE",44.831667,-0.525,74,1912051518,"","","","","","","","","","","","","","","","","","","","","","","","","","","","","","","","","","","","",12.2,9,"","","","","","","","","","","","","","","","","","","","","","","","","","","","","","","","","","","","","","","","","","","","",1011.5,9,1002.6,9,"","","","","","","","","","","","","","","","","","","","","","","","","","","","","","","","","","","","","","","","","","","","","","","","","","","","","","","","","","","","","","","","","","","","","","","","","","","","","","","","","","","","","","","","","","","","","","","","","","","","","","","","","","","","","","","",""
"33167001","BORDEAUX_OBSERVATOIRE",44.831667,-0.525,74,1912051521,"","","","","","","","","","","","","","","","","","","","","","","","","","","","","","","","","","","","",12.,9,"","","","","","","","","","","","","","","","","","","","","","","","","","","","","","","","","","","","","","","","","","","","",1014.4,9,1005.5,9,"","","","","","","","","","","","","","","","","","","","","","","","","","","","","","","","","","","","","","","","","","","","","","","","","","","","","","","","","","","","","","","","","","","","","","","","","","","","","","","","","","","","","","","","","","","","","","","","","","","","","","","","","","","","","","","",""
"33167001","BORDEAUX_OBSERVATOIRE",44.831667,-0.525,74,1912051600,"","","","","","","","","","","","","","","","","","","","","","","","","","","","","","","","","","","","",12.3,9,"","","","","","","","","","","","","","","","","","","","","","","","","","","","","","","","","","","","","","","","","","","","",1015.6,9,1006.7,9,"","","","","","","","","","","","","","","","","","","","","","","","","","","","","","","","","","","","","","","","","","","","","","","","","","","","","","","","","","","","","","","","","","","","","","","","","","","","","","","","","","","","","","","","","","","","","","","","","","","","","","","","","","","","","","","",""
"33167001","BORDEAUX_OBSERVATOIRE",44.831667,-0.525,74,1912051603,"","","","","","","","","","","","","","","","","","","","","","","","","","","","","","","","","","","","",12.6,9,"","","","","","","","","","","","","","","","","","","","","","","","","","","","","","","","","","","","","","","","","","","","",1015.3,9,1006.4,9,"","","","","","","","","","","","","","","","","","","","","","","","","","","","","","","","","","","","","","","","","","","","","","","","","","","","","","","","","","","","","","","","","","","","","","","","","","","","","","","","","","","","","","","","","","","","","","","","","","","","","","","","","","","","","","","",""
"33167001","BORDEAUX_OBSERVATOIRE",44.831667,-0.525,74,1912051607,"","","","","","","","","","","","","","","","","","","","","","","","","","","","","","","","","","","","",12.,9,"","","","","","","","","","","","","","","","","","","","","","","","","","","","","","","","","","","","","","","","","","","","",1017.1,9,1008.2,9,"","","","","","","","","","","","","","","","","","","","","","","","","","","","","","","","","","","","","","","","","","","","","","","","","","","","","","","","","","","","","","","","","","","","","","","","","","","","","","","","","","","","","","","","","","","","","","","","","","","","","","","","","","","","","","","",""
"33167001","BORDEAUX_OBSERVATOIRE",44.831667,-0.525,74,1912051609,"","","","","","","","","","","","","","","","","","","","","","","","","","","","","","","","","","","","",12.8,9,"","","","","","","","","","","","","","","","","","","","","","","","","","","","","","","","","","","","","","","","","","","","",1018.,9,1009.1,9,"","","","","","","","","","","","","","","","","","","","","","","","","","","","","","","","","","","","","","","","","","","","","","","","","","","","","","","","","","","","","","","","","","","","","","","","","","","","","","","","","","","","","","","","","","","","","","","","","","","","","","","","","","","","","","","",""
"33167001","BORDEAUX_OBSERVATOIRE",44.831667,-0.525,74,1912051612,"","","","","","","","","","","","","","","","","","","","","","","","","","","","","","","","","","","","",14.,9,"","","","","","","","","","","","","","","","","","","","","","","","","","","","","","","","","","","","","","","","","","","","",1019.2,9,1010.3,1,"","","","","","","","","","","","","","","","","","","","","","","","","","","","","","","","","","","","","","","","","","","","","","","","","","","","","","","","","","","","","","","","","","","","","","","","","","","","","","","","","","","","","","","","","","","","","","","","","","","","","","","","","","","","","","","",""
"33167001","BORDEAUX_OBSERVATOIRE",44.831667,-0.525,74,1912051615,"","","","","","","","","","","","","","","","","","","","","","","","","","","","","","","","","","","","",14.9,9,"","","","","","","","","","","","","","","","","","","","","","","","","","","","","","","","","","","","","","","","","","","","",1019.9,9,1011.,9,"","","","","","","","","","","","","","","","","","","","","","","","","","","","","","","","","","","","","","","","","","","","","","","","","","","","","","","","","","","","","","","","","","","","","","","","","","","","","","","","","","","","","","","","","","","","","","","","","","","","","","","","","","","","","","","",""
"33167001","BORDEAUX_OBSERVATOIRE",44.831667,-0.525,74,1912051618,"","","","","","","","","","","","","","","","","","","","","","","","","","","","","","","","","","","","",13.,9,"","","","","","","","","","","","","","","","","","","","","","","","","","","","","","","","","","","","","","","","","","","","",1021.4,9,1012.5,9,"","","","","","","","","","","","","","","","","","","","","","","","","","","","","","","","","","","","","","","","","","","","","","","","","","","","","","","","","","","","","","","","","","","","","","","","","","","","","","","","","","","","","","","","","","","","","","","","","","","","","","","","","","","","","","","",""
"33167001","BORDEAUX_OBSERVATOIRE",44.831667,-0.525,74,1912051621,"","","","","","","","","","","","","","","","","","","","","","","","","","","","","","","","","","","","",9.8,9,"","","","","","","","","","","","","","","","","","","","","","","","","","","","","","","","","","","","","","","","","","","","",1024.2,9,1015.1,9,"","","","","","","","","","","","","","","","","","","","","","","","","","","","","","","","","","","","","","","","","","","","","","","","","","","","","","","","","","","","","","","","","","","","","","","","","","","","","","","","","","","","","","","","","","","","","","","","","","","","","","","","","","","","","","","",""
"33167001","BORDEAUX_OBSERVATOIRE",44.831667,-0.525,74,1912051700,"","","","","","","","","","","","","","","","","","","","","","","","","","","","","","","","","","","","",8.,9,"","","","","","","","","","","","","","","","","","","","","","","","","","","","","","","","","","","","","","","","","","","","",1024.9,9,1015.8,9,"","","","","","","","","","","","","","","","","","","","","","","","","","","","","","","","","","","","","","","","","","","","","","","","","","","","","","","","","","","","","","","","","","","","","","","","","","","","","","","","","","","","","","","","","","","","","","","","","","","","","","","","","","","","","","","",""
"33167001","BORDEAUX_OBSERVATOIRE",44.831667,-0.525,74,1912051703,"","","","","","","","","","","","","","","","","","","","","","","","","","","","","","","","","","","","",6.7,9,"","","","","","","","","","","","","","","","","","","","","","","","","","","","","","","","","","","","","","","","","","","","",1024.8,9,1015.6,9,"","","","","","","","","","","","","","","","","","","","","","","","","","","","","","","","","","","","","","","","","","","","","","","","","","","","","","","","","","","","","","","","","","","","","","","","","","","","","","","","","","","","","","","","","","","","","","","","","","","","","","","","","","","","","","","",""
"33167001","BORDEAUX_OBSERVATOIRE",44.831667,-0.525,74,1912051707,"","","","","","","","","","","","","","","","","","","","","","","","","","","","","","","","","","","","",10.4,9,"","","","","","","","","","","","","","","","","","","","","","","","","","","","","","","","","","","","","","","","","","","","",1025.3,9,1016.2,9,"","","","","","","","","","","","","","","","","","","","","","","","","","","","","","","","","","","","","","","","","","","","","","","","","","","","","","","","","","","","","","","","","","","","","","","","","","","","","","","","","","","","","","","","","","","","","","","","","","","","","","","","","","","","","","","",""
"33167001","BORDEAUX_OBSERVATOIRE",44.831667,-0.525,74,1912051709,"","","","","","","","","","","","","","","","","","","","","","","","","","","","","","","","","","","","",14.4,9,"","","","","","","","","","","","","","","","","","","","","","","","","","","","","","","","","","","","","","","","","","","","",1025.1,9,1016.2,9,"","","","","","","","","","","","","","","","","","","","","","","","","","","","","","","","","","","","","","","","","","","","","","","","","","","","","","","","","","","","","","","","","","","","","","","","","","","","","","","","","","","","","","","","","","","","","","","","","","","","","","","","","","","","","","","",""
"33167001","BORDEAUX_OBSERVATOIRE",44.831667,-0.525,74,1912051712,"","","","","","","","","","","","","","","","","","","","","","","","","","","","","","","","","","","","",15.2,9,"","","","","","","","","","","","","","","","","","","","","","","","","","","","","","","","","","","","","","","","","","","","",1024.6,9,1015.7,1,"","","","","","","","","","","","","","","","","","","","","","","","","","","","","","","","","","","","","","","","","","","","","","","","","","","","","","","","","","","","","","","","","","","","","","","","","","","","","","","","","","","","","","","","","","","","","","","","","","","","","","","","","","","","","","","",""
"33167001","BORDEAUX_OBSERVATOIRE",44.831667,-0.525,74,1912051715,"","","","","","","","","","","","","","","","","","","","","","","","","","","","","","","","","","","","",15.4,9,"","","","","","","","","","","","","","","","","","","","","","","","","","","","","","","","","","","","","","","","","","","","",1023.3,9,1014.4,9,"","","","","","","","","","","","","","","","","","","","","","","","","","","","","","","","","","","","","","","","","","","","","","","","","","","","","","","","","","","","","","","","","","","","","","","","","","","","","","","","","","","","","","","","","","","","","","","","","","","","","","","","","","","","","","","",""
"33167001","BORDEAUX_OBSERVATOIRE",44.831667,-0.525,74,1912051718,"","","","","","","","","","","","","","","","","","","","","","","","","","","","","","","","","","","","",15.7,9,"","","","","","","","","","","","","","","","","","","","","","","","","","","","","","","","","","","","","","","","","","","","",1022.2,9,1013.4,9,"","","","","","","","","","","","","","","","","","","","","","","","","","","","","","","","","","","","","","","","","","","","","","","","","","","","","","","","","","","","","","","","","","","","","","","","","","","","","","","","","","","","","","","","","","","","","","","","","","","","","","","","","","","","","","","",""
"33167001","BORDEAUX_OBSERVATOIRE",44.831667,-0.525,74,1912051721,"","","","","","","","","","","","","","","","","","","","","","","","","","","","","","","","","","","","",11.1,9,"","","","","","","","","","","","","","","","","","","","","","","","","","","","","","","","","","","","","","","","","","","","",1023.,9,1014.,9,"","","","","","","","","","","","","","","","","","","","","","","","","","","","","","","","","","","","","","","","","","","","","","","","","","","","","","","","","","","","","","","","","","","","","","","","","","","","","","","","","","","","","","","","","","","","","","","","","","","","","","","","","","","","","","","",""
"33167001","BORDEAUX_OBSERVATOIRE",44.831667,-0.525,74,1912051800,"","","","","","","","","","","","","","","","","","","","","","","","","","","","","","","","","","","","",9.1,9,"","","","","","","","","","","","","","","","","","","","","","","","","","","","","","","","","","","","","","","","","","","","",1022.5,9,1013.4,9,"","","","","","","","","","","","","","","","","","","","","","","","","","","","","","","","","","","","","","","","","","","","","","","","","","","","","","","","","","","","","","","","","","","","","","","","","","","","","","","","","","","","","","","","","","","","","","","","","","","","","","","","","","","","","","","",""
"33167001","BORDEAUX_OBSERVATOIRE",44.831667,-0.525,74,1912051803,"","","","","","","","","","","","","","","","","","","","","","","","","","","","","","","","","","","","",8.6,9,"","","","","","","","","","","","","","","","","","","","","","","","","","","","","","","","","","","","","","","","","","","","",1020.9,9,1011.8,9,"","","","","","","","","","","","","","","","","","","","","","","","","","","","","","","","","","","","","","","","","","","","","","","","","","","","","","","","","","","","","","","","","","","","","","","","","","","","","","","","","","","","","","","","","","","","","","","","","","","","","","","","","","","","","","","",""
"33167001","BORDEAUX_OBSERVATOIRE",44.831667,-0.525,74,1912051807,"","","","","","","","","","","","","","","","","","","","","","","","","","","","","","","","","","","","",14.2,9,"","","","","","","","","","","","","","","","","","","","","","","","","","","","","","","","","","","","","","","","","","","","",1019.9,9,1011.,9,"","","","","","","","","","","","","","","","","","","","","","","","","","","","","","","","","","","","","","","","","","","","","","","","","","","","","","","","","","","","","","","","","","","","","","","","","","","","","","","","","","","","","","","","","","","","","","","","","","","","","","","","","","","","","","","",""
"33167001","BORDEAUX_OBSERVATOIRE",44.831667,-0.525,74,1912051809,"","","","","","","","","","","","","","","","","","","","","","","","","","","","","","","","","","","","",16.7,9,"","","","","","","","","","","","","","","","","","","","","","","","","","","","","","","","","","","","","","","","","","","","",1019.,9,1010.2,9,"","","","","","","","","","","","","","","","","","","","","","","","","","","","","","","","","","","","","","","","","","","","","","","","","","","","","","","","","","","","","","","","","","","","","","","","","","","","","","","","","","","","","","","","","","","","","","","","","","","","","","","","","","","","","","","",""
"33167001","BORDEAUX_OBSERVATOIRE",44.831667,-0.525,74,1912051812,"","","","","","","","","","","","","","","","","","","","","","","","","","","","","","","","","","","","","","","","","","","","","","","","","","","","","","","","","","","","","","","","","","","","","","","","","","","","","","","","","","","","",1009.,1,"","","","","","","","","","","","","","","","","","","","","","","","","","","","","","","","","","","","","","","","","","","","","","","","","","","","","","","","","","","","","","","","","","","","","","","","","","","","","","","","","","","","","","","","","","","","","","","","","","","","","","","","","","","","","","","",""
"33167001","BORDEAUX_OBSERVATOIRE",44.831667,-0.525,74,1912051815,"","","","","","","","","","","","","","","","","","","","","","","","","","","","","","","","","","","","",22.4,9,"","","","","","","","","","","","","","","","","","","","","","","","","","","","","","","","","","","","","","","","","","","","",1015.7,9,1007.1,9,"","","","","","","","","","","","","","","","","","","","","","","","","","","","","","","","","","","","","","","","","","","","","","","","","","","","","","","","","","","","","","","","","","","","","","","","","","","","","","","","","","","","","","","","","","","","","","","","","","","","","","","","","","","","","","","",""
"33167001","BORDEAUX_OBSERVATOIRE",44.831667,-0.525,74,1912051818,"","","","","","","","","","","","","","","","","","","","","","","","","","","","","","","","","","","","",20.3,9,"","","","","","","","","","","","","","","","","","","","","","","","","","","","","","","","","","","","","","","","","","","","",1014.5,9,1005.9,9,"","","",9,"","","","","","","","","","","","","","","","","","","","","","","","","","","","","","","","","","","","","","","","","","","","","","","","","","","","","","","","","","","","","","","","","","","","","","","","","","","","","","","","","","","","","","","","","","","","","","","","","","","","","","","","","","","",""
"33167001","BORDEAUX_OBSERVATOIRE",44.831667,-0.525,74,1912051821,"","","","","","","","","","","","","","","","","","","","","","","","","","","","","","","","","","","","",15.1,9,"","","","","","","","","","","","","","","","","","","","","","","","","","","","","","","","","","","","","","","","","","","","",1015.1,9,1006.3,9,"","","","","","","","","","","","","","","","","","","","","","","","","","","","","","","","","","","","","","","","","","","","","","","","","","","","","","","","","","","","","","","","","","","","","","","","","","","","","","","","","","","","","","","","","","","","","","","","","","","","","","","","","","","","","","","",""
"33167001","BORDEAUX_OBSERVATOIRE",44.831667,-0.525,74,1912051900,"","","","","","","","","","","","","","","","","","","","","","","","","","","","","","","","","","","","",13.2,9,"","","","","","","","","","","","","","","","","","","","","","","","","","","","","","","","","","","","","","","","","","","","",1014.9,9,1006.,9,"","","","","","","","","","","","","","","","","","","","","","","","","","","","","","","","","","","","","","","","","","","","","","","","","","","","","","","","","","","","","","","","","","","","","","","","","","","","","","","","","","","","","","","","","","","","","","","","","","","","","","","","","","","","","","","",""
"33167001","BORDEAUX_OBSERVATOIRE",44.831667,-0.525,74,1912051903,"","","","","","","","","","","","","","","","","","","","","","","","","","","","","","","","","","","","",11.9,9,"","","","","","","","","","","","","","","","","","","","","","","","","","","","","","","","","","","","","","","","","","","","",1014.4,9,1005.5,9,"","","","","","","","","","","","","","","","","","","","","","","","","","","","","","","","","","","","","","","","","","","","","","","","","","","","","","","","","","","","","","","","","","","","","","","","","","","","","","","","","","","","","","","","","","","","","","","","","","","","","","","","","","","","","","","",""
"33167001","BORDEAUX_OBSERVATOIRE",44.831667,-0.525,74,1912051907,"","","","","","","","","","","","","","","","","","","","","","","","","","","","","","","","","","","","",16.3,9,"","","","","","","","","","","","","","","","","","","","","","","","","","","","","","","","","","","","","","","","","","","","",1015.4,9,1006.6,9,"","","","","","","","","","","","","","","","","","","","","","","","","","","","","","","","","","","","","","","","","","","","","","","","","","","","","","","","","","","","","","","","","","","","","","","","","","","","","","","","","","","","","","","","","","","","","","","","","","","","","","","","","","","","","","","",""
"33167001","BORDEAUX_OBSERVATOIRE",44.831667,-0.525,74,1912051909,"","","","","","","","","","","","","","","","","","","","","","","","","","","","","","","","","","","","",19.4,9,"","","","","","","","","","","","","","","","","","","","","","","","","","","","","","","","","","","","","","","","","","","","",1015.6,9,1006.9,9,"","","","","","","","","","","","","","","","","","","","","","","","","","","","","","","","","","","","","","","","","","","","","","","","","","","","","","","","","","","","","","","","","","","","","","","","","","","","","","","","","","","","","","","","","","","","","","","","","","","","","","","","","","","","","","","",""
"33167001","BORDEAUX_OBSERVATOIRE",44.831667,-0.525,74,1912051912,"","","","","","","","","","","","","","","","","","","","","","","","","","","","","","","","","","","","",25.9,9,"","","","","","","","","","","","","","","","","","","","","","","","","","","","","","","","","","","","","","","","","","","","",1014.9,9,1006.5,1,"","","","","","","","","","","","","","","","","","","","","","","","","","","","","","","","","","","","","","","","","","","","","","","","","","","","","","","","","","","","","","","","","","","","","","","","","","","","","","","","","","","","","","","","","","","","","","","","","","","","","","","","","","","","","","","",""
"33167001","BORDEAUX_OBSERVATOIRE",44.831667,-0.525,74,1912051915,"","","","","","","","","","","","","","","","","","","","","","","","","","","","","","","","","","","","",27.9,9,"","","","","","","","","","","","","","","","","","","","","","","","","","","","","","","","","","","","","","","","","","","","",1013.9,9,1005.5,9,"","","","","","","","","","","","","","","","","","","","","","","","","","","","","","","","","","","","","","","","","","","","","","","","","","","","","","","","","","","","","","","","","","","","","","","","","","","","","","","","","","","","","","","","","","","","","","","","","","","","","","","","","","","","","","","",""
"33167001","BORDEAUX_OBSERVATOIRE",44.831667,-0.525,74,1912051918,"","","","","","","","","","","","","","","","","","","","","","","","","","","","","","","","","","","","",23.2,9,"","","","","","","","","","","","","","","","","","","","","","","","","","","","","","","","","","","","","","","","","","","","",1014.3,9,1005.8,9,"","","","","","","","","","","","","","","","","","","","","","","","","","","","","","","","","","","","","","","","","","","","","","","","","","","","","","","","","","","","","","","","","","","","","","","","","","","","","","","","","","","","","","","","","","","","","","","","","","","","","","","","","","","","","","","",""
"33167001","BORDEAUX_OBSERVATOIRE",44.831667,-0.525,74,1912051921,"","","","","","","","","","","","","","","","","","","","","","","","","","","","","","","","","","","","",18.4,9,"","","","","","","","","","","","","","","","","","","","","","","","","","","","","","","","","","","","","","","","","","","","",1015.3,9,1006.6,9,"","","","","","","","","","","","","","","","","","","","","","","","","","","","","","","","","","","","","","","","","","","","","","","","","","","","","","","","","","","","","","","","","","","","","","","","","","","","","","","","","","","","","","","","","","","","","","","","","","","","","","","","","","","","","","","",""
"33167001","BORDEAUX_OBSERVATOIRE",44.831667,-0.525,74,1912052000,"","","","","","","","","","","","","","","","","","","","","","","","","","","","","","","","","","","","",17.,9,"","","","","","","","","","","","","","","","","","","","","","","","","","","","","","","","","","","","","","","","","","","","",1014.9,9,1006.2,9,"","","","","","","","","","","","","","","","","","","","","","","","","","","","","","","","","","","","","","","","","","","","","","","","","","","","","","","","","","","","","","","","","","","","","","","","","","","","","","","","","","","","","","","","","","","","","","","","","","","","","","","","","","","","","","","",""
"33167001","BORDEAUX_OBSERVATOIRE",44.831667,-0.525,74,1912052003,"","","","","","","","","","","","","","","","","","","","","","","","","","","","","","","","","","","","",13.8,9,"","","","","","","","","","","","","","","","","","","","","","","","","","","","","","","","","","","","","","","","","","","","",1014.4,9,1005.6,9,"","","","","","","","","","","","","","","","","","","","","","","","","","","","","","","","","","","","","","","","","","","","","","","","","","","","","","","","","","","","","","","","","","","","","","","","","","","","","","","","","","","","","","","","","","","","","","","","","","","","","","","","","","","","","","","",""
"33167001","BORDEAUX_OBSERVATOIRE",44.831667,-0.525,74,1912052007,"","","","","","","","","","","","","","","","","","","","","","","","","","","","","","","","","","","","",14.7,9,"","","","","","","","","","","","","","","","","","","","","","","","","","","","","","","","","","","","","","","","","","","","",1014.2,9,1005.4,9,"","","","","","","","","","","","","","","","","","","","","","","","","","","","","","","","","","","","","","","","","","","","","","","","","","","","","","","","","","","","","","","","","","","","","","","","","","","","","","","","","","","","","","","","","","","","","","","","","","","","","","","","","","","","","","","",""
"33167001","BORDEAUX_OBSERVATOIRE",44.831667,-0.525,74,1912052009,"","","","","","","","","","","","","","","","","","","","","","","","","","","","","","","","","","","","",15.4,9,"","","","","","","","","","","","","","","","","","","","","","","","","","","","","","","","","","","","","","","","","","","","",1013.9,9,1005.1,9,"","","","","","","","","","","","","","","","","","","","","","","","","","","","","","","","","","","","","","","","","","","","","","","","","","","","","","","","","","","","","","","","","","","","","","","","","","","","","","","","","","","","","","","","","","","","","","","","","","","","","","","","","","","","","","","",""
"33167001","BORDEAUX_OBSERVATOIRE",44.831667,-0.525,74,1912052012,"","","","","","","","","","","","","","","","","","","","","","","","","","","","","","","","","","","","",20.1,9,"","","","","","","","","","","","","","","","","","","","","","","","","","","","","","","","","","","","","","","","","","","","",1013.1,9,1004.5,1,"","","","","","","","","","","","","","","","","","","","","","","","","","","","","","","","","","","","","","","","","","","","","","","","","","","","","","","","","","","","","","","","","","","","","","","","","","","","","","","","","","","","","","","","","","","","","","","","","","","","","","","","","","","","","","","",""
"33167001","BORDEAUX_OBSERVATOIRE",44.831667,-0.525,74,1912052015,"","","","","","","","","","","","","","","","","","","","","","","","","","","","","","","","","","","","",24.7,9,"","","","","","","","","","","","","","","","","","","","","","","","","","","","","","","","","","","","","","","","","","","","",1011.7,9,1003.2,9,"","","","","","","","","","","","","","","","","","","","","","","","","","","","","","","","","","","","","","","","","","","","","","","","","","","","","","","","","","","","","","","","","","","","","","","","","","","","","","","","","","","","","","","","","","","","","","","","","","","","","","","","","","","","","","","",""
"33167001","BORDEAUX_OBSERVATOIRE",44.831667,-0.525,74,1912052018,"","","","","","","","","","","","","","","","","","","","","","","","","","","","","","","","","","","","",18.8,9,"","","","","","","","","","","","","","","","","","","","","","","","","","","","","","","","","","","","","","","","","","","","",1011.4,9,1002.7,9,"","","","","","","","","","","","","","","","","","","","","","","","","","","","","","","","","","","","","","","","","","","","","","","","","","","","","","","","","","","","","","","","","","","","","","","","","","","","","","","","","","","","","","","","","","","","","","","","","","","","","","","","","","","","","","","",""
"33167001","BORDEAUX_OBSERVATOIRE",44.831667,-0.525,74,1912052021,"","","","","","","","","","","","","","","","","","","","","","","","","","","","","","","","","","","","",14.9,9,"","","","","","","","","","","","","","","","","","","","","","","","","","","","","","","","","","","","","","","","","","","","",1012.,9,1003.2,9,"","","","","","","","","","","","","","","","","","","","","","","","","","","","","","","","","","","","","","","","","","","","","","","","","","","","","","","","","","","","","","","","","","","","","","","","","","","","","","","","","","","","","","","","","","","","","","","","","","","","","","","","","","","","","","","",""
"33167001","BORDEAUX_OBSERVATOIRE",44.831667,-0.525,74,1912052100,"","","","","","","","","","","","","","","","","","","","","","","","","","","","","","","","","","","","",13.6,9,"","","","","","","","","","","","","","","","","","","","","","","","","","","","","","","","","","","","","","","","","","","","",1011.5,9,1002.7,9,"","","","","","","","","","","","","","","","","","","","","","","","","","","","","","","","","","","","","","","","","","","","","","","","","","","","","","","","","","","","","","","","","","","","","","","","","","","","","","","","","","","","","","","","","","","","","","","","","","","","","","","","","","","","","","","",""
"33167001","BORDEAUX_OBSERVATOIRE",44.831667,-0.525,74,1912052103,"","","","","","","","","","","","","","","","","","","","","","","","","","","","","","","","","","","","",13.5,9,"","","","","","","","","","","","","","","","","","","","","","","","","","","","","","","","","","","","","","","","","","","","",1010.7,9,1001.9,9,"","","","","","","","","","","","","","","","","","","","","","","","","","","","","","","","","","","","","","","","","","","","","","","","","","","","","","","","","","","","","","","","","","","","","","","","","","","","","","","","","","","","","","","","","","","","","","","","","","","","","","","","","","","","","","","",""
"33167001","BORDEAUX_OBSERVATOIRE",44.831667,-0.525,74,1912052107,"","","","","","","","","","","","","","","","","","","","","","","","","","","","","","","","","","","","",14.2,9,"","","","","","","","","","","","","","","","","","","","","","","","","","","","","","","","","","","","","","","","","","","","",1011.4,9,1002.6,9,"","","","","","","","","","","","","","","","","","","","","","","","","","","","","","","","","","","","","","","","","","","","","","","","","","","","","","","","","","","","","","","","","","","","","","","","","","","","","","","","","","","","","","","","","","","","","","","","","","","","","","","","","","","","","","","",""
"33167001","BORDEAUX_OBSERVATOIRE",44.831667,-0.525,74,1912052109,"","","","","","","","","","","","","","","","","","","","","","","","","","","","","","","","","","","","",25.7,9,"","","","","","","","","","","","","","","","","","","","","","","","","","","","","","","","","","","","","","","","","","","","",1010.7,9,1002.3,9,"","","","","","","","","","","","","","","","","","","","","","","","","","","","","","","","","","","","","","","","","","","","","","","","","","","","","","","","","","","","","","","","","","","","","","","","","","","","","","","","","","","","","","","","","","","","","","","","","","","","","","","","","","","","","","","",""
"33167001","BORDEAUX_OBSERVATOIRE",44.831667,-0.525,74,1912052112,"","","","","","","","","","","","","","","","","","","","","","","","","","","","","","","","","","","","",17.,9,"","","","","","","","","","","","","","","","","","","","","","","","","","","","","","","","","","","","","","","","","","","","",1010.8,9,1002.1,1,"","","","","","","","","","","","","","","","","","","","","","","","","","","","","","","","","","","","","","","","","","","","","","","","","","","","","","","","","","","","","","","","","","","","","","","","","","","","","","","","","","","","","","","","","","","","","","","","","","","","","","","","","","","","","","","",""
"33167001","BORDEAUX_OBSERVATOIRE",44.831667,-0.525,74,1912052115,"","","","","","","","","","","","","","","","","","","","","","","","","","","","","","","","","","","","",21.6,9,"","","","","","","","","","","","","","","","","","","","","","","","","","","","","","","","","","","","","","","","","","","","",1009.7,9,1001.2,9,"","","","","","","","","","","","","","","","","","","","","","","","","","","","","","","","","","","","","","","","","","","","","","","","","","","","","","","","","","","","","","","","","","","","","","","","","","","","","","","","","","","","","","","","","","","","","","","","","","","","","","","","","","","","","","","",""
"33167001","BORDEAUX_OBSERVATOIRE",44.831667,-0.525,74,1912052118,"","","","","","","","","","","","","","","","","","","","","","","","","","","","","","","","","","","","",19.,9,"","","","","","","","","","","","","","","","","","","","","","","","","","","","","","","","","","","","","","","","","","","","",1010.1,9,1001.5,9,"","","","","","","","","","","","","","","","","","","","","","","","","","","","","","","","","","","","","","","","","","","","","","","","","","","","","","","","","","","","","","","","","","","","","","","","","","","","","","","","","","","","","","","","","","","","","","","","","","","","","","","","","","","","","","","",""
"33167001","BORDEAUX_OBSERVATOIRE",44.831667,-0.525,74,1912052121,"","","","","","","","","","","","","","","","","","","","","","","","","","","","","","","","","","","","",13.6,9,"","","","","","","","","","","","","","","","","","","","","","","","","","","","","","","","","","","","","","","","","","","","",1011.1,9,1002.3,9,"","","","","","","","","","","","","","","","","","","","","","","","","","","","","","","","","","","","","","","","","","","","","","","","","","","","","","","","","","","","","","","","","","","","","","","","","","","","","","","","","","","","","","","","","","","","","","","","","","","","","","","","","","","","","","","",""
"33167001","BORDEAUX_OBSERVATOIRE",44.831667,-0.525,74,1912052200,"","","","","","","","","","","","","","","","","","","","","","","","","","","","","","","","","","","","",12.8,9,"","","","","","","","","","","","","","","","","","","","","","","","","","","","","","","","","","","","","","","","","","","","",1011.1,9,1002.3,9,"","","","","","","","","","","","","","","","","","","","","","","","","","","","","","","","","","","","","","","","","","","","","","","","","","","","","","","","","","","","","","","","","","","","","","","","","","","","","","","","","","","","","","","","","","","","","","","","","","","","","","","","","","","","","","","",""
"33167001","BORDEAUX_OBSERVATOIRE",44.831667,-0.525,74,1912052203,"","","","","","","","","","","","","","","","","","","","","","","","","","","","","","","","","","","","",12.,9,"","","","","","","","","","","","","","","","","","","","","","","","","","","","","","","","","","","","","","","","","","","","",1010.5,9,1001.6,9,"","","","","","","","","","","","","","","","","","","","","","","","","","","","","","","","","","","","","","","","","","","","","","","","","","","","","","","","","","","","","","","","","","","","","","","","","","","","","","","","","","","","","","","","","","","","","","","","","","","","","","","","","","","","","","","",""
"33167001","BORDEAUX_OBSERVATOIRE",44.831667,-0.525,74,1912052207,"","","","","","","","","","","","","","","","","","","","","","","","","","","","","","","","","","","","",12.9,9,"","","","","","","","","","","","","","","","","","","","","","","","","","","","","","","","","","","","","","","","","","","","",1011.4,9,1002.6,9,"","","","","","","","","","","","","","","","","","","","","","","","","","","","","","","","","","","","","","","","","","","","","","","","","","","","","","","","","","","","","","","","","","","","","","","","","","","","","","","","","","","","","","","","","","","","","","","","","","","","","","","","","","","","","","","",""
"33167001","BORDEAUX_OBSERVATOIRE",44.831667,-0.525,74,1912052209,"","","","","","","","","","","","","","","","","","","","","","","","","","","","","","","","","","","","",12.6,9,"","","","","","","","","","","","","","","","","","","","","","","","","","","","","","","","","","","","","","","","","","","","",1012.4,9,1003.5,9,"","","","","","","","","","","","","","","","","","","","","","","","","","","","","","","","","","","","","","","","","","","","","","","","","","","","","","","","","","","","","","","","","","","","","","","","","","","","","","","","","","","","","","","","","","","","","","","","","","","","","","","","","","","","","","","",""
"33167001","BORDEAUX_OBSERVATOIRE",44.831667,-0.525,74,1912052212,"","","","","","","","","","","","","","","","","","","","","","","","","","","","","","","","","","","","",16.1,9,"","","","","","","","","","","","","","","","","","","","","","","","","","","","","","","","","","","","","","","","","","","","",1011.7,9,1003.,1,"","","","","","","","","","","","","","","","","","","","","","","","","","","","","","","","","","","","","","","","","","","","","","","","","","","","","","","","","","","","","","","","","","","","","","","","","","","","","","","","","","","","","","","","","","","","","","","","","","","","","","","","","","","","","","","",""
"33167001","BORDEAUX_OBSERVATOIRE",44.831667,-0.525,74,1912052215,"","","","","","","","","","","","","","","","","","","","","","","","","","","","","","","","","","","","",18.4,9,"","","","","","","","","","","","","","","","","","","","","","","","","","","","","","","","","","","","","","","","","","","","",1012.5,9,1003.8,9,"","","","","","","","","","","","","","","","","","","","","","","","","","","","","","","","","","","","","","","","","","","","","","","","","","","","","","","","","","","","","","","","","","","","","","","","","","","","","","","","","","","","","","","","","","","","","","","","","","","","","","","","","","","","","","","",""
"33167001","BORDEAUX_OBSERVATOIRE",44.831667,-0.525,74,1912052218,"","","","","","","","","","","","","","","","","","","","","","","","","","","","","","","","","","","","",15.7,9,"","","","","","","","","","","","","","","","","","","","","","","","","","","","","","","","","","","","","","","","","","","","",1013.3,9,1004.5,9,"","","","","","","","","","","","","","","","","","","","","","","","","","","","","","","","","","","","","","","","","","","","","","","","","","","","","","","","","","","","","","","","","","","","","","","","","","","","","","","","","","","","","","","","","","","","","","","","","","","","","","","","","","","","","","","",""
"33167001","BORDEAUX_OBSERVATOIRE",44.831667,-0.525,74,1912052221,"","","","","","","","","","","","","","","","","","","","","","","","","","","","","","","","","","","","",11.4,9,"","","","","","","","","","","","","","","","","","","","","","","","","","","","","","","","","","","","","","","","","","","","",1013.7,9,1004.8,9,"","","","","","","","","","","","","","","","","","","","","","","","","","","","","","","","","","","","","","","","","","","","","","","","","","","","","","","","","","","","","","","","","","","","","","","","","","","","","","","","","","","","","","","","","","","","","","","","","","","","","","","","","","","","","","","",""
"33167001","BORDEAUX_OBSERVATOIRE",44.831667,-0.525,74,1912052300,"","","","","","","","","","","","","","","","","","","","","","","","","","","","","","","","","","","","",10.7,9,"","","","","","","","","","","","","","","","","","","","","","","","","","","","","","","","","","","","","","","","","","","","",1013.1,9,1004.2,9,"","","","","","","","","","","","","","","","","","","","","","","","","","","","","","","","","","","","","","","","","","","","","","","","","","","","","","","","","","","","","","","","","","","","","","","","","","","","","","","","","","","","","","","","","","","","","","","","","","","","","","","","","","","","","","","",""
"33167001","BORDEAUX_OBSERVATOIRE",44.831667,-0.525,74,1912052303,"","","","","","","","","","","","","","","","","","","","","","","","","","","","","","","","","","","","",10.7,9,"","","","","","","","","","","","","","","","","","","","","","","","","","","","","","","","","","","","","","","","","","","","",1011.3,9,1002.4,9,"","","","","","","","","","","","","","","","","","","","","","","","","","","","","","","","","","","","","","","","","","","","","","","","","","","","","","","","","","","","","","","","","","","","","","","","","","","","","","","","","","","","","","","","","","","","","","","","","","","","","","","","","","","","","","","",""
"33167001","BORDEAUX_OBSERVATOIRE",44.831667,-0.525,74,1912052307,"","","","","","","","","","","","","","","","","","","","","","","","","","","","","","","","","","","","",12.8,9,"","","","","","","","","","","","","","","","","","","","","","","","","","","","","","","","","","","","","","","","","","","","",1011.,9,1002.2,9,"","","","","","","","","","","","","","","","","","","","","","","","","","","","","","","","","","","","","","","","","","","","","","","","","","","","","","","","","","","","","","","","","","","","","","","","","","","","","","","","","","","","","","","","","","","","","","","","","","","","","","","","","","","","","","","",""
"33167001","BORDEAUX_OBSERVATOIRE",44.831667,-0.525,74,1912052309,"","","","","","","","","","","","","","","","","","","","","","","","","","","","","","","","","","","","",12.2,9,"","","","","","","","","","","","","","","","","","","","","","","","","","","","","","","","","","","","","","","","","","","","",1011.1,9,1002.2,9,"","","","","","","","","","","","","","","","","","","","","","","","","","","","","","","","","","","","","","","","","","","","","","","","","","","","","","","","","","","","","","","","","","","","","","","","","","","","","","","","","","","","","","","","","","","","","","","","","","","","","","","","","","","","","","","",""
"33167001","BORDEAUX_OBSERVATOIRE",44.831667,-0.525,74,1912052312,"","","","","","","","","","","","","","","","","","","","","","","","","","","","","","","","","","","","",15.7,9,"","","","","","","","","","","","","","","","","","","","","","","","","","","","","","","","","","","","","","","","","","","","",1011.3,9,1002.5,1,"","","","","","","","","","","","","","","","","","","","","","","","","","","","","","","","","","","","","","","","","","","","","","","","","","","","","","","","","","","","","","","","","","","","","","","","","","","","","","","","","","","","","","","","","","","","","","","","","","","","","","","","","","","","","","","",""
"33167001","BORDEAUX_OBSERVATOIRE",44.831667,-0.525,74,1912052315,"","","","","","","","","","","","","","","","","","","","","","","","","","","","","","","","","","","","",13.2,9,"","","","","","","","","","","","","","","","","","","","","","","","","","","","","","","","","","","","","","","","","","","","",1012.,9,1003.2,9,"","","","","","","","","","","","","","","","","","","","","","","","","","","","","","","","","","","","","","","","","","","","","","","","","","","","","","","","","","","","","","","","","","","","","","","","","","","","","","","","","","","","","","","","","","","","","","","","","","","","","","","","","","","","","","","",""
"33167001","BORDEAUX_OBSERVATOIRE",44.831667,-0.525,74,1912052318,"","","","","","","","","","","","","","","","","","","","","","","","","","","","","","","","","","","","",14.4,9,"","","","","","","","","","","","","","","","","","","","","","","","","","","","","","","","","","","","","","","","","","","","",1013.,9,1004.2,9,"","","","","","","","","","","","","","","","","","","","","","","","","","","","","","","","","","","","","","","","","","","","","","","","","","","","","","","","","","","","","","","","","","","","","","","","","","","","","","","","","","","","","","","","","","","","","","","","","","","","","","","","","","","","","","","",""
"33167001","BORDEAUX_OBSERVATOIRE",44.831667,-0.525,74,1912052321,"","","","","","","","","","","","","","","","","","","","","","","","","","","","","","","","","","","","",11.7,9,"","","","","","","","","","","","","","","","","","","","","","","","","","","","","","","","","","","","","","","","","","","","",1015.2,9,1006.3,9,"","","","","","","","","","","","","","","","","","","","","","","","","","","","","","","","","","","","","","","","","","","","","","","","","","","","","","","","","","","","","","","","","","","","","","","","","","","","","","","","","","","","","","","","","","","","","","","","","","","","","","","","","","","","","","","",""
"33167001","BORDEAUX_OBSERVATOIRE",44.831667,-0.525,74,1912052400,"","","","","","","","","","","","","","","","","","","","","","","","","","","","","","","","","","","","",11.,9,"","","","","","","","","","","","","","","","","","","","","","","","","","","","","","","","","","","","","","","","","","","","",1016.6,9,1007.6,9,"","","","","","","","","","","","","","","","","","","","","","","","","","","","","","","","","","","","","","","","","","","","","","","","","","","","","","","","","","","","","","","","","","","","","","","","","","","","","","","","","","","","","","","","","","","","","","","","","","","","","","","","","","","","","","","",""
"33167001","BORDEAUX_OBSERVATOIRE",44.831667,-0.525,74,1912052403,"","","","","","","","","","","","","","","","","","","","","","","","","","","","","","","","","","","","",11.,9,"","","","","","","","","","","","","","","","","","","","","","","","","","","","","","","","","","","","","","","","","","","","",1018.,9,1009.,9,"","","","","","","","","","","","","","","","","","","","","","","","","","","","","","","","","","","","","","","","","","","","","","","","","","","","","","","","","","","","","","","","","","","","","","","","","","","","","","","","","","","","","","","","","","","","","","","","","","","","","","","","","","","","","","","",""
"33167001","BORDEAUX_OBSERVATOIRE",44.831667,-0.525,74,1912052407,"","","","","","","","","","","","","","","","","","","","","","","","","","","","","","","","","","","","",12.9,9,"","","","","","","","","","","","","","","","","","","","","","","","","","","","","","","","","","","","","","","","","","","","",1020.7,9,1011.8,9,"","","","","","","","","","","","","","","","","","","","","","","","","","","","","","","","","","","","","","","","","","","","","","","","","","","","","","","","","","","","","","","","","","","","","","","","","","","","","","","","","","","","","","","","","","","","","","","","","","","","","","","","","","","","","","","",""
"33167001","BORDEAUX_OBSERVATOIRE",44.831667,-0.525,74,1912052409,"","","","","","","","","","","","","","","","","","","","","","","","","","","","","","","","","","","","",14.6,9,"","","","","","","","","","","","","","","","","","","","","","","","","","","","","","","","","","","","","","","","","","","","",1021.,9,1012.1,9,"","","","","","","","","","","","","","","","","","","","","","","","","","","","","","","","","","","","","","","","","","","","","","","","","","","","","","","","","","","","","","","","","","","","","","","","","","","","","","","","","","","","","","","","","","","","","","","","","","","","","","","","","","","","","","","",""
"33167001","BORDEAUX_OBSERVATOIRE",44.831667,-0.525,74,1912052412,"","","","","","","","","","","","","","","","","","","","","","","","","","","","","","","","","","","","",16.,9,"","","","","","","","","","","","","","","","","","","","","","","","","","","","","","","","","","","","","","","","","","","","",1021.4,9,1012.6,1,"","","","","","","","","","","","","","","","","","","","","","","","","","","","","","","","","","","","","","","","","","","","","","","","","","","","","","","","","","","","","","","","","","","","","","","","","","","","","","","","","","","","","","","","","","","","","","","","","","","","","","","","","","","","","","","",""
"33167001","BORDEAUX_OBSERVATOIRE",44.831667,-0.525,74,1912052415,"","","","","","","","","","","","","","","","","","","","","","","","","","","","","","","","","","","","",14.8,9,"","","","","","","","","","","","","","","","","","","","","","","","","","","","","","","","","","","","","","","","","","","","",1021.6,9,1012.7,9,"","","","","","","","","","","","","","","","","","","","","","","","","","","","","","","","","","","","","","","","","","","","","","","","","","","","","","","","","","","","","","","","","","","","","","","","","","","","","","","","","","","","","","","","","","","","","","","","","","","","","","","","","","","","","","","",""
"33167001","BORDEAUX_OBSERVATOIRE",44.831667,-0.525,74,1912052418,"","","","","","","","","","","","","","","","","","","","","","","","","","","","","","","","","","","","",13.,9,"","","","","","","","","","","","","","","","","","","","","","","","","","","","","","","","","","","","","","","","","","","","",1022.,9,1013.1,9,"","","","","","","","","","","","","","","","","","","","","","","","","","","","","","","","","","","","","","","","","","","","","","","","","","","","","","","","","","","","","","","","","","","","","","","","","","","","","","","","","","","","","","","","","","","","","","","","","","","","","","","","","","","","","","","",""
"33167001","BORDEAUX_OBSERVATOIRE",44.831667,-0.525,74,1912052421,"","","","","","","","","","","","","","","","","","","","","","","","","","","","","","","","","","","","",11.3,9,"","","","","","","","","","","","","","","","","","","","","","","","","","","","","","","","","","","","","","","","","","","","",1023.4,9,1014.4,9,"","","","","","","","","","","","","","","","","","","","","","","","","","","","","","","","","","","","","","","","","","","","","","","","","","","","","","","","","","","","","","","","","","","","","","","","","","","","","","","","","","","","","","","","","","","","","","","","","","","","","","","","","","","","","","","",""
"33167001","BORDEAUX_OBSERVATOIRE",44.831667,-0.525,74,1912052500,"","","","","","","","","","","","","","","","","","","","","","","","","","","","","","","","","","","","",10.9,9,"","","","","","","","","","","","","","","","","","","","","","","","","","","","","","","","","","","","","","","","","","","","",1023.6,9,1014.6,9,"","","","","","","","","","","","","","","","","","","","","","","","","","","","","","","","","","","","","","","","","","","","","","","","","","","","","","","","","","","","","","","","","","","","","","","","","","","","","","","","","","","","","","","","","","","","","","","","","","","","","","","","","","","","","","","",""
"33167001","BORDEAUX_OBSERVATOIRE",44.831667,-0.525,74,1912052503,"","","","","","","","","","","","","","","","","","","","","","","","","","","","","","","","","","","","",9.3,9,"","","","","","","","","","","","","","","","","","","","","","","","","","","","","","","","","","","","","","","","","","","","",1023.8,9,1014.7,9,"","","","","","","","","","","","","","","","","","","","","","","","","","","","","","","","","","","","","","","","","","","","","","","","","","","","","","","","","","","","","","","","","","","","","","","","","","","","","","","","","","","","","","","","","","","","","","","","","","","","","","","","","","","","","","","",""
"33167001","BORDEAUX_OBSERVATOIRE",44.831667,-0.525,74,1912052507,"","","","","","","","","","","","","","","","","","","","","","","","","","","","","","","","","","","","",11.2,9,"","","","","","","","","","","","","","","","","","","","","","","","","","","","","","","","","","","","","","","","","","","","",1024.5,9,1015.5,9,"","","","","","","","","","","","","","","","","","","","","","","","","","","","","","","","","","","","","","","","","","","","","","","","","","","","","","","","","","","","","","","","","","","","","","","","","","","","","","","","","","","","","","","","","","","","","","","","","","","","","","","","","","","","","","","",""
"33167001","BORDEAUX_OBSERVATOIRE",44.831667,-0.525,74,1912052509,"","","","","","","","","","","","","","","","","","","","","","","","","","","","","","","","","","","","",13.,9,"","","","","","","","","","","","","","","","","","","","","","","","","","","","","","","","","","","","","","","","","","","","",1025.,9,1016.,9,"","","","","","","","","","","","","","","","","","","","","","","","","","","","","","","","","","","","","","","","","","","","","","","","","","","","","","","","","","","","","","","","","","","","","","","","","","","","","","","","","","","","","","","","","","","","","","","","","","","","","","","","","","","","","","","",""
"33167001","BORDEAUX_OBSERVATOIRE",44.831667,-0.525,74,1912052512,"","","","","","","","","","","","","","","","","","","","","","","","","","","","","","","","","","","","",15.,9,"","","","","","","","","","","","","","","","","","","","","","","","","","","","","","","","","","","","","","","","","","","","",1024.6,9,1015.7,1,"","","","","","","","","","","","","","","","","","","","","","","","","","","","","","","","","","","","","","","","","","","","","","","","","","","","","","","","","","","","","","","","","","","","","","","","","","","","","","","","","","","","","","","","","","","","","","","","","","","","","","","","","","","","","","","",""
"33167001","BORDEAUX_OBSERVATOIRE",44.831667,-0.525,74,1912052515,"","","","","","","","","","","","","","","","","","","","","","","","","","","","","","","","","","","","",16.8,9,"","","","","","","","","","","","","","","","","","","","","","","","","","","","","","","","","","","","","","","","","","","","",1023.5,9,1014.7,9,"","","","","","","","","","","","","","","","","","","","","","","","","","","","","","","","","","","","","","","","","","","","","","","","","","","","","","","","","","","","","","","","","","","","","","","","","","","","","","","","","","","","","","","","","","","","","","","","","","","","","","","","","","","","","","","",""
"33167001","BORDEAUX_OBSERVATOIRE",44.831667,-0.525,74,1912052518,"","","","","","","","","","","","","","","","","","","","","","","","","","","","","","","","","","","","",14.,9,"","","","","","","","","","","","","","","","","","","","","","","","","","","","","","","","","","","","","","","","","","","","",1023.9,9,1015.,9,"","","","","","","","","","","","","","","","","","","","","","","","","","","","","","","","","","","","","","","","","","","","","","","","","","","","","","","","","","","","","","","","","","","","","","","","","","","","","","","","","","","","","","","","","","","","","","","","","","","","","","","","","","","","","","","",""
"33167001","BORDEAUX_OBSERVATOIRE",44.831667,-0.525,74,1912052521,"","","","","","","","","","","","","","","","","","","","","","","","","","","","","","","","","","","","",10.7,9,"","","","","","","","","","","","","","","","","","","","","","","","","","","","","","","","","","","","","","","","","","","","",1024.5,9,1015.5,9,"","","","","","","","","","","","","","","","","","","","","","","","","","","","","","","","","","","","","","","","","","","","","","","","","","","","","","","","","","","","","","","","","","","","","","","","","","","","","","","","","","","","","","","","","","","","","","","","","","","","","","","","","","","","","","","",""
"33167001","BORDEAUX_OBSERVATOIRE",44.831667,-0.525,74,1912052600,"","","","","","","","","","","","","","","","","","","","","","","","","","","","","","","","","","","","",8.9,9,"","","","","","","","","","","","","","","","","","","","","","","","","","","","","","","","","","","","","","","","","","","","",1023.4,9,1014.3,9,"","","","","","","","","","","","","","","","","","","","","","","","","","","","","","","","","","","","","","","","","","","","","","","","","","","","","","","","","","","","","","","","","","","","","","","","","","","","","","","","","","","","","","","","","","","","","","","","","","","","","","","","","","","","","","","",""
"33167001","BORDEAUX_OBSERVATOIRE",44.831667,-0.525,74,1912052603,"","","","","","","","","","","","","","","","","","","","","","","","","","","","","","","","","","","","",7.4,9,"","","","","","","","","","","","","","","","","","","","","","","","","","","","","","","","","","","","","","","","","","","","",1021.5,9,1012.4,9,"","","","","","","","","","","","","","","","","","","","","","","","","","","","","","","","","","","","","","","","","","","","","","","","","","","","","","","","","","","","","","","","","","","","","","","","","","","","","","","","","","","","","","","","","","","","","","","","","","","","","","","","","","","","","","","",""
"33167001","BORDEAUX_OBSERVATOIRE",44.831667,-0.525,74,1912052607,"","","","","","","","","","","","","","","","","","","","","","","","","","","","","","","","","","","","",10.8,9,"","","","","","","","","","","","","","","","","","","","","","","","","","","","","","","","","","","","","","","","","","","","",1020.7,9,1011.7,9,"","","","","","","","","","","","","","","","","","","","","","","","","","","","","","","","","","","","","","","","","","","","","","","","","","","","","","","","","","","","","","","","","","","","","","","","","","","","","","","","","","","","","","","","","","","","","","","","","","","","","","","","","","","","","","","",""
"33167001","BORDEAUX_OBSERVATOIRE",44.831667,-0.525,74,1912052609,"","","","","","","","","","","","","","","","","","","","","","","","","","","","","","","","","","","","",14.1,9,"","","","","","","","","","","","","","","","","","","","","","","","","","","","","","","","","","","","","","","","","","","","",1020.,9,1011.1,9,"","","","","","","","","","","","","","","","","","","","","","","","","","","","","","","","","","","","","","","","","","","","","","","","","","","","","","","","","","","","","","","","","","","","","","","","","","","","","","","","","","","","","","","","","","","","","","","","","","","","","","","","","","","","","","","",""
"33167001","BORDEAUX_OBSERVATOIRE",44.831667,-0.525,74,1912052612,"","","","","","","","","","","","","","","","","","","","","","","","","","","","","","","","","","","","",15.8,9,"","","","","","","","","","","","","","","","","","","","","","","","","","","","","","","","","","","","","","","","","","","","",1018.2,9,1009.4,1,"","","","","","","","","","","","","","","","","","","","","","","","","","","","","","","","","","","","","","","","","","","","","","","","","","","","","","","","","","","","","","","","","","","","","","","","","","","","","","","","","","","","","","","","","","","","","","","","","","","","","","","","","","","","","","","",""
"33167001","BORDEAUX_OBSERVATOIRE",44.831667,-0.525,74,1912052615,"","","","","","","","","","","","","","","","","","","","","","","","","","","","","","","","","","","","",17.9,9,"","","","","","","","","","","","","","","","","","","","","","","","","","","","","","","","","","","","","","","","","","","","",1016.3,9,1007.6,9,"","","","","","","","","","","","","","","","","","","","","","","","","","","","","","","","","","","","","","","","","","","","","","","","","","","","","","","","","","","","","","","","","","","","","","","","","","","","","","","","","","","","","","","","","","","","","","","","","","","","","","","","","","","","","","","",""
"33167001","BORDEAUX_OBSERVATOIRE",44.831667,-0.525,74,1912052618,"","","","","","","","","","","","","","","","","","","","","","","","","","","","","","","","","","","","",15.9,9,"","","","","","","","","","","","","","","","","","","","","","","","","","","","","","","","","","","","","","","","","","","","",1015.7,9,1006.9,9,"","","","","","","","","","","","","","","","","","","","","","","","","","","","","","","","","","","","","","","","","","","","","","","","","","","","","","","","","","","","","","","","","","","","","","","","","","","","","","","","","","","","","","","","","","","","","","","","","","","","","","","","","","","","","","","",""
"33167001","BORDEAUX_OBSERVATOIRE",44.831667,-0.525,74,1912052621,"","","","","","","","","","","","","","","","","","","","","","","","","","","","","","","","","","","","",11.1,9,"","","","","","","","","","","","","","","","","","","","","","","","","","","","","","","","","","","","","","","","","","","","",1016.3,9,1007.4,9,"","","","","","","","","","","","","","","","","","","","","","","","","","","","","","","","","","","","","","","","","","","","","","","","","","","","","","","","","","","","","","","","","","","","","","","","","","","","","","","","","","","","","","","","","","","","","","","","","","","","","","","","","","","","","","","",""
"33167001","BORDEAUX_OBSERVATOIRE",44.831667,-0.525,74,1912052700,"","","","","","","","","","","","","","","","","","","","","","","","","","","","","","","","","","","","",8.7,9,"","","","","","","","","","","","","","","","","","","","","","","","","","","","","","","","","","","","","","","","","","","","",1015.4,9,1006.4,9,"","","","","","","","","","","","","","","","","","","","","","","","","","","","","","","","","","","","","","","","","","","","","","","","","","","","","","","","","","","","","","","","","","","","","","","","","","","","","","","","","","","","","","","","","","","","","","","","","","","","","","","","","","","","","","","",""
"33167001","BORDEAUX_OBSERVATOIRE",44.831667,-0.525,74,1912052703,"","","","","","","","","","","","","","","","","","","","","","","","","","","","","","","","","","","","",7.7,9,"","","","","","","","","","","","","","","","","","","","","","","","","","","","","","","","","","","","","","","","","","","","",1014.1,9,1005.1,9,"","","","","","","","","","","","","","","","","","","","","","","","","","","","","","","","","","","","","","","","","","","","","","","","","","","","","","","","","","","","","","","","","","","","","","","","","","","","","","","","","","","","","","","","","","","","","","","","","","","","","","","","","","","","","","","",""
"33167001","BORDEAUX_OBSERVATOIRE",44.831667,-0.525,74,1912052707,"","","","","","","","","","","","","","","","","","","","","","","","","","","","","","","","","","","","",11.6,9,"","","","","","","","","","","","","","","","","","","","","","","","","","","","","","","","","","","","","","","","","","","","",1014.3,9,1005.4,9,"","","","","","","","","","","","","","","","","","","","","","","","","","","","","","","","","","","","","","","","","","","","","","","","","","","","","","","","","","","","","","","","","","","","","","","","","","","","","","","","","","","","","","","","","","","","","","","","","","","","","","","","","","","","","","","",""
"33167001","BORDEAUX_OBSERVATOIRE",44.831667,-0.525,74,1912052709,"","","","","","","","","","","","","","","","","","","","","","","","","","","","","","","","","","","","",15.6,9,"","","","","","","","","","","","","","","","","","","","","","","","","","","","","","","","","","","","","","","","","","","","",1014.3,9,1005.5,9,"","","","","","","","","","","","","","","","","","","","","","","","","","","","","","","","","","","","","","","","","","","","","","","","","","","","","","","","","","","","","","","","","","","","","","","","","","","","","","","","","","","","","","","","","","","","","","","","","","","","","","","","","","","","","","","",""
"33167001","BORDEAUX_OBSERVATOIRE",44.831667,-0.525,74,1912052712,"","","","","","","","","","","","","","","","","","","","","","","","","","","","","","","","","","","","",18.8,9,"","","","","","","","","","","","","","","","","","","","","","","","","","","","","","","","","","","","","","","","","","","","",1013.7,9,1005.,1,"","","","","","","","","","","","","","","","","","","","","","","","","","","","","","","","","","","","","","","","","","","","","","","","","","","","","","","","","","","","","","","","","","","","","","","","","","","","","","","","","","","","","","","","","","","","","","","","","","","","","","","","","","","","","","","",""
"33167001","BORDEAUX_OBSERVATOIRE",44.831667,-0.525,74,1912052715,"","","","","","","","","","","","","","","","","","","","","","","","","","","","","","","","","","","","",20.7,9,"","","","","","","","","","","","","","","","","","","","","","","","","","","","","","","","","","","","","","","","","","","","",1012.5,9,1003.9,9,"","","","","","","","","","","","","","","","","","","","","","","","","","","","","","","","","","","","","","","","","","","","","","","","","","","","","","","","","","","","","","","","","","","","","","","","","","","","","","","","","","","","","","","","","","","","","","","","","","","","","","","","","","","","","","","",""
"33167001","BORDEAUX_OBSERVATOIRE",44.831667,-0.525,74,1912052718,"","","","","","","","","","","","","","","","","","","","","","","","","","","","","","","","","","","","",20.7,9,"","","","","","","","","","","","","","","","","","","","","","","","","","","","","","","","","","","","","","","","","","","","",1012.,9,1003.4,9,"","","","","","","","","","","","","","","","","","","","","","","","","","","","","","","","","","","","","","","","","","","","","","","","","","","","","","","","","","","","","","","","","","","","","","","","","","","","","","","","","","","","","","","","","","","","","","","","","","","","","","","","","","","","","","","",""
"33167001","BORDEAUX_OBSERVATOIRE",44.831667,-0.525,74,1912052721,"","","","","","","","","","","","","","","","","","","","","","","","","","","","","","","","","","","","",15.4,9,"","","","","","","","","","","","","","","","","","","","","","","","","","","","","","","","","","","","","","","","","","","","",1012.8,9,1004.,9,"","","","","","","","","","","","","","","","","","","","","","","","","","","","","","","","","","","","","","","","","","","","","","","","","","","","","","","","","","","","","","","","","","","","","","","","","","","","","","","","","","","","","","","","","","","","","","","","","","","","","","","","","","","","","","","",""
"33167001","BORDEAUX_OBSERVATOIRE",44.831667,-0.525,74,1912052800,"","","","","","","","","","","","","","","","","","","","","","","","","","","","","","","","","","","","",13.2,9,"","","","","","","","","","","","","","","","","","","","","","","","","","","","","","","","","","","","","","","","","","","","",1012.3,9,1003.5,9,"","","","","","","","","","","","","","","","","","","","","","","","","","","","","","","","","","","","","","","","","","","","","","","","","","","","","","","","","","","","","","","","","","","","","","","","","","","","","","","","","","","","","","","","","","","","","","","","","","","","","","","","","","","","","","","",""
"33167001","BORDEAUX_OBSERVATOIRE",44.831667,-0.525,74,1912052803,"","","","","","","","","","","","","","","","","","","","","","","","","","","","","","","","","","","","",10.4,9,"","","","","","","","","","","","","","","","","","","","","","","","","","","","","","","","","","","","","","","","","","","","",1012.,9,1003.1,9,"","","","","","","","","","","","","","","","","","","","","","","","","","","","","","","","","","","","","","","","","","","","","","","","","","","","","","","","","","","","","","","","","","","","","","","","","","","","","","","","","","","","","","","","","","","","","","","","","","","","","","","","","","","","","","","",""
"33167001","BORDEAUX_OBSERVATOIRE",44.831667,-0.525,74,1912052807,"","","","","","","","","","","","","","","","","","","","","","","","","","","","","","","","","","","","",16.9,9,"","","","","","","","","","","","","","","","","","","","","","","","","","","","","","","","","","","","","","","","","","","","",1011.7,9,1003.,9,"","","","","","","","","","","","","","","","","","","","","","","","","","","","","","","","","","","","","","","","","","","","","","","","","","","","","","","","","","","","","","","","","","","","","","","","","","","","","","","","","","","","","","","","","","","","","","","","","","","","","","","","","","","","","","","",""
"33167001","BORDEAUX_OBSERVATOIRE",44.831667,-0.525,74,1912052809,"","","","","","","","","","","","","","","","","","","","","","","","","","","","","","","","","","","","",18.6,9,"","","","","","","","","","","","","","","","","","","","","","","","","","","","","","","","","","","","","","","","","","","","",1011.4,9,1002.7,9,"","","","","","","","","","","","","","","","","","","","","","","","","","","","","","","","","","","","","","","","","","","","","","","","","","","","","","","","","","","","","","","","","","","","","","","","","","","","","","","","","","","","","","","","","","","","","","","","","","","","","","","","","","","","","","","",""
"33167001","BORDEAUX_OBSERVATOIRE",44.831667,-0.525,74,1912052812,"","","","","","","","","","","","","","","","","","","","","","","","","","","","","","","","","","","","",21.1,9,"","","","","","","","","","","","","","","","","","","","","","","","","","","","","","","","","","","","","","","","","","","","",1010.9,9,1002.3,1,"","","","","","","","","","","","","","","","","","","","","","","","","","","","","","","","","","","","","","","","","","","","","","","","","","","","","","","","","","","","","","","","","","","","","","","","","","","","","","","","","","","","","","","","","","","","","","","","","","","","","","","","","","","","","","","",""
"33167001","BORDEAUX_OBSERVATOIRE",44.831667,-0.525,74,1912052815,"","","","","","","","","","","","","","","","","","","","","","","","","","","","","","","","","","","","",21.7,9,"","","","","","","","","","","","","","","","","","","","","","","","","","","","","","","","","","","","","","","","","","","","",1010.1,9,1001.6,9,"","","","","","","","","","","","","","","","","","","","","","","","","","","","","","","","","","","","","","","","","","","","","","","","","","","","","","","","","","","","","","","","","","","","","","","","","","","","","","","","","","","","","","","","","","","","","","","","","","","","","","","","","","","","","","","",""
"33167001","BORDEAUX_OBSERVATOIRE",44.831667,-0.525,74,1912052818,"","","","","","","","","","","","","","","","","","","","","","","","","","","","","","","","","","","","",29.,9,"","","","","","","","","","","","","","","","","","","","","","","","","","","","","","","","","","","","","","","","","","","","",1010.4,9,1002.1,9,"","","","","","","","","","","","","","","","","","","","","","","","","","","","","","","","","","","","","","","","","","","","","","","","","","","","","","","","","","","","","","","","","","","","","","","","","","","","","","","","","","","","","","","","","","","","","","","","","","","","","","","","","","","","","","","",""
"33167001","BORDEAUX_OBSERVATOIRE",44.831667,-0.525,74,1912052821,"","","","","","","","","","","","","","","","","","","","","","","","","","","","","","","","","","","","",13.7,9,"","","","","","","","","","","","","","","","","","","","","","","","","","","","","","","","","","","","","","","","","","","","",1012.,9,1003.2,9,"","","","","","","","","","","","","","","","","","","","","","","","","","","","","","","","","","","","","","","","","","","","","","","","","","","","","","","","","","","","","","","","","","","","","","","","","","","","","","","","","","","","","","","","","","","","","","","","","","","","","","","","","","","","","","","",""
"33167001","BORDEAUX_OBSERVATOIRE",44.831667,-0.525,74,1912052900,"","","","","","","","","","","","","","","","","","","","","","","","","","","","","","","","","","","","",12.2,9,"","","","","","","","","","","","","","","","","","","","","","","","","","","","","","","","","","","","","","","","","","","","",1013.1,9,1004.2,9,"","","","","","","","","","","","","","","","","","","","","","","","","","","","","","","","","","","","","","","","","","","","","","","","","","","","","","","","","","","","","","","","","","","","","","","","","","","","","","","","","","","","","","","","","","","","","","","","","","","","","","","","","","","","","","","",""
"33167001","BORDEAUX_OBSERVATOIRE",44.831667,-0.525,74,1912052903,"","","","","","","","","","","","","","","","","","","","","","","","","","","","","","","","","","","","",11.7,9,"","","","","","","","","","","","","","","","","","","","","","","","","","","","","","","","","","","","","","","","","","","","",1011.9,9,1003.,9,"","","","","","","","","","","","","","","","","","","","","","","","","","","","","","","","","","","","","","","","","","","","","","","","","","","","","","","","","","","","","","","","","","","","","","","","","","","","","","","","","","","","","","","","","","","","","","","","","","","","","","","","","","","","","","","",""
"33167001","BORDEAUX_OBSERVATOIRE",44.831667,-0.525,74,1912052907,"","","","","","","","","","","","","","","","","","","","","","","","","","","","","","","","","","","","",13.7,9,"","","","","","","","","","","","","","","","","","","","","","","","","","","","","","","","","","","","","","","","","","","","",1012.6,9,1003.8,9,"","","","","","","","","","","","","","","","","","","","","","","","","","","","","","","","","","","","","","","","","","","","","","","","","","","","","","","","","","","","","","","","","","","","","","","","","","","","","","","","","","","","","","","","","","","","","","","","","","","","","","","","","","","","","","","",""
"33167001","BORDEAUX_OBSERVATOIRE",44.831667,-0.525,74,1912052909,"","","","","","","","","","","","","","","","","","","","","","","","","","","","","","","","","","","","",17.5,9,"","","","","","","","","","","","","","","","","","","","","","","","","","","","","","","","","","","","","","","","","","","","",1012.4,9,1003.7,9,"","","","","","","","","","","","","","","","","","","","","","","","","","","","","","","","","","","","","","","","","","","","","","","","","","","","","","","","","","","","","","","","","","","","","","","","","","","","","","","","","","","","","","","","","","","","","","","","","","","","","","","","","","","","","","","",""
"33167001","BORDEAUX_OBSERVATOIRE",44.831667,-0.525,74,1912052912,"","","","","","","","","","","","","","","","","","","","","","","","","","","","","","","","","","","","",19.,9,"","","","","","","","","","","","","","","","","","","","","","","","","","","","","","","","","","","","","","","","","","","","",1011.9,9,1003.3,1,"","","","","","","","","","","","","","","","","","","","","","","","","","","","","","","","","","","","","","","","","","","","","","","","","","","","","","","","","","","","","","","","","","","","","","","","","","","","","","","","","","","","","","","","","","","","","","","","","","","","","","","","","","","","","","","",""
"33167001","BORDEAUX_OBSERVATOIRE",44.831667,-0.525,74,1912052915,"","","","","","","","","","","","","","","","","","","","","","","","","","","","","","","","","","","","",16.4,9,"","","","","","","","","","","","","","","","","","","","","","","","","","","","","","","","","","","","","","","","","","","","",1011.,9,1002.3,9,"","","","","","","","","","","","","","","","","","","","","","","","","","","","","","","","","","","","","","","","","","","","","","","","","","","","","","","","","","","","","","","","","","","","","","","","","","","","","","","","","","","","","","","","","","","","","","","","","","","","","","","","","","","","","","","",""
"33167001","BORDEAUX_OBSERVATOIRE",44.831667,-0.525,74,1912052918,"","","","","","","","","","","","","","","","","","","","","","","","","","","","","","","","","","","","",16.1,9,"","","","","","","","","","","","","","","","","","","","","","","","","","","","","","","","","","","","","","","","","","","","",1011.4,9,1002.7,9,"","","","","","","","","","","","","","","","","","","","","","","","","","","","","","","","","","","","","","","","","","","","","","","","","","","","","","","","","","","","","","","","","","","","","","","","","","","","","","","","","","","","","","","","","","","","","","","","","","","","","","","","","","","","","","","",""
"33167001","BORDEAUX_OBSERVATOIRE",44.831667,-0.525,74,1912052921,"","","","","","","","","","","","","","","","","","","","","","","","","","","","","","","","","","","","",13.7,9,"","","","","","","","","","","","","","","","","","","","","","","","","","","","","","","","","","","","","","","","","","","","",1012.7,9,1003.9,9,"","","","","","","","","","","","","","","","","","","","","","","","","","","","","","","","","","","","","","","","","","","","","","","","","","","","","","","","","","","","","","","","","","","","","","","","","","","","","","","","","","","","","","","","","","","","","","","","","","","","","","","","","","","","","","","",""
"33167001","BORDEAUX_OBSERVATOIRE",44.831667,-0.525,74,1912053000,"","","","","","","","","","","","","","","","","","","","","","","","","","","","","","","","","","","","",12.4,9,"","","","","","","","","","","","","","","","","","","","","","","","","","","","","","","","","","","","","","","","","","","","",1011.9,9,1003.,9,"","","","","","","","","","","","","","","","","","","","","","","","","","","","","","","","","","","","","","","","","","","","","","","","","","","","","","","","","","","","","","","","","","","","","","","","","","","","","","","","","","","","","","","","","","","","","","","","","","","","","","","","","","","","","","","",""
"33167001","BORDEAUX_OBSERVATOIRE",44.831667,-0.525,74,1912053003,"","","","","","","","","","","","","","","","","","","","","","","","","","","","","","","","","","","","",12.7,9,"","","","","","","","","","","","","","","","","","","","","","","","","","","","","","","","","","","","","","","","","","","","",1010.4,9,1001.6,9,"","","","","","","","","","","","","","","","","","","","","","","","","","","","","","","","","","","","","","","","","","","","","","","","","","","","","","","","","","","","","","","","","","","","","","","","","","","","","","","","","","","","","","","","","","","","","","","","","","","","","","","","","","","","","","","",""
"33167001","BORDEAUX_OBSERVATOIRE",44.831667,-0.525,74,1912053007,"","","","","","","","","","","","","","","","","","","","","","","","","","","","","","","","","","","","",14.8,9,"","","","","","","","","","","","","","","","","","","","","","","","","","","","","","","","","","","","","","","","","","","","",1010.2,9,1001.4,9,"","","","","","","","","","","","","","","","","","","","","","","","","","","","","","","","","","","","","","","","","","","","","","","","","","","","","","","","","","","","","","","","","","","","","","","","","","","","","","","","","","","","","","","","","","","","","","","","","","","","","","","","","","","","","","","",""
"33167001","BORDEAUX_OBSERVATOIRE",44.831667,-0.525,74,1912053009,"","","","","","","","","","","","","","","","","","","","","","","","","","","","","","","","","","","","",15.7,9,"","","","","","","","","","","","","","","","","","","","","","","","","","","","","","","","","","","","","","","","","","","","",1010.6,9,1001.9,9,"","","","","","","","","","","","","","","","","","","","","","","","","","","","","","","","","","","","","","","","","","","","","","","","","","","","","","","","","","","","","","","","","","","","","","","","","","","","","","","","","","","","","","","","","","","","","","","","","","","","","","","","","","","","","","","",""
"33167001","BORDEAUX_OBSERVATOIRE",44.831667,-0.525,74,1912053012,"","","","","","","","","","","","","","","","","","","","","","","","","","","","","","","","","","","","",16.1,9,"","","","","","","","","","","","","","","","","","","","","","","","","","","","","","","","","","","","","","","","","","","","",1012.,9,1003.3,1,"","","","","","","","","","","","","","","","","","","","","","","","","","","","","","","","","","","","","","","","","","","","","","","","","","","","","","","","","","","","","","","","","","","","","","","","","","","","","","","","","","","","","","","","","","","","","","","","","","","","","","","","","","","","","","","",""
"33167001","BORDEAUX_OBSERVATOIRE",44.831667,-0.525,74,1912053015,"","","","","","","","","","","","","","","","","","","","","","","","","","","","","","","","","","","","",17.8,9,"","","","","","","","","","","","","","","","","","","","","","","","","","","","","","","","","","","","","","","","","","","","",1012.6,9,1003.9,9,"","","","","","","","","","","","","","","","","","","","","","","","","","","","","","","","","","","","","","","","","","","","","","","","","","","","","","","","","","","","","","","","","","","","","","","","","","","","","","","","","","","","","","","","","","","","","","","","","","","","","","","","","","","","","","","",""
"33167001","BORDEAUX_OBSERVATOIRE",44.831667,-0.525,74,1912053018,"","","","","","","","","","","","","","","","","","","","","","","","","","","","","","","","","","","","",15.7,9,"","","","","","","","","","","","","","","","","","","","","","","","","","","","","","","","","","","","","","","","","","","","",1013.5,9,1004.7,9,"","","","","","","","","","","","","","","","","","","","","","","","","","","","","","","","","","","","","","","","","","","","","","","","","","","","","","","","","","","","","","","","","","","","","","","","","","","","","","","","","","","","","","","","","","","","","","","","","","","","","","","","","","","","","","","",""
"33167001","BORDEAUX_OBSERVATOIRE",44.831667,-0.525,74,1912053021,"","","","","","","","","","","","","","","","","","","","","","","","","","","","","","","","","","","","",12.2,9,"","","","","","","","","","","","","","","","","","","","","","","","","","","","","","","","","","","","","","","","","","","","",1014.8,9,1005.9,9,"","","","","","","","","","","","","","","","","","","","","","","","","","","","","","","","","","","","","","","","","","","","","","","","","","","","","","","","","","","","","","","","","","","","","","","","","","","","","","","","","","","","","","","","","","","","","","","","","","","","","","","","","","","","","","","",""
"33167001","BORDEAUX_OBSERVATOIRE",44.831667,-0.525,74,1912053100,"","","","","","","","","","","","","","","","","","","","","","","","","","","","","","","","","","","","",10.4,9,"","","","","","","","","","","","","","","","","","","","","","","","","","","","","","","","","","","","","","","","","","","","",1015.3,9,1006.3,9,"","","","","","","","","","","","","","","","","","","","","","","","","","","","","","","","","","","","","","","","","","","","","","","","","","","","","","","","","","","","","","","","","","","","","","","","","","","","","","","","","","","","","","","","","","","","","","","","","","","","","","","","","","","","","","","",""
"33167001","BORDEAUX_OBSERVATOIRE",44.831667,-0.525,74,1912053103,"","","","","","","","","","","","","","","","","","","","","","","","","","","","","","","","","","","","",9.4,9,"","","","","","","","","","","","","","","","","","","","","","","","","","","","","","","","","","","","","","","","","","","","",1014.6,9,1005.6,9,"","","","","","","","","","","","","","","","","","","","","","","","","","","","","","","","","","","","","","","","","","","","","","","","","","","","","","","","","","","","","","","","","","","","","","","","","","","","","","","","","","","","","","","","","","","","","","","","","","","","","","","","","","","","","","","",""
"33167001","BORDEAUX_OBSERVATOIRE",44.831667,-0.525,74,1912053107,"","","","","","","","","","","","","","","","","","","","","","","","","","","","","","","","","","","","",13.,9,"","","","","","","","","","","","","","","","","","","","","","","","","","","","","","","","","","","","","","","","","","","","",1014.,9,1005.1,9,"","","","","","","","","","","","","","","","","","","","","","","","","","","","","","","","","","","","","","","","","","","","","","","","","","","","","","","","","","","","","","","","","","","","","","","","","","","","","","","","","","","","","","","","","","","","","","","","","","","","","","","","","","","","","","","",""
"33167001","BORDEAUX_OBSERVATOIRE",44.831667,-0.525,74,1912053109,"","","","","","","","","","","","","","","","","","","","","","","","","","","","","","","","","","","","",16.8,9,"","","","","","","","","","","","","","","","","","","","","","","","","","","","","","","","","","","","","","","","","","","","",1013.6,9,1004.9,9,"","","","","","","","","","","","","","","","","","","","","","","","","","","","","","","","","","","","","","","","","","","","","","","","","","","","","","","","","","","","","","","","","","","","","","","","","","","","","","","","","","","","","","","","","","","","","","","","","","","","","","","","","","","","","","","",""
"33167001","BORDEAUX_OBSERVATOIRE",44.831667,-0.525,74,1912053112,"","","","","","","","","","","","","","","","","","","","","","","","","","","","","","","","","","","","",16.2,9,"","","","","","","","","","","","","","","","","","","","","","","","","","","","","","","","","","","","","","","","","","","","",1013.,9,1004.2,1,"","","","","","","","","","","","","","","","","","","","","","","","","","","","","","","","","","","","","","","","","","","","","","","","","","","","","","","","","","","","","","","","","","","","","","","","","","","","","","","","","","","","","","","","","","","","","","","","","","","","","","","","","","","","","","","",""
"33167001","BORDEAUX_OBSERVATOIRE",44.831667,-0.525,74,1912053115,"","","","","","","","","","","","","","","","","","","","","","","","","","","","","","","","","","","","",15.4,9,"","","","","","","","","","","","","","","","","","","","","","","","","","","","","","","","","","","","","","","","","","","","",1011.6,9,1002.8,9,"","","","","","","","","","","","","","","","","","","","","","","","","","","","","","","","","","","","","","","","","","","","","","","","","","","","","","","","","","","","","","","","","","","","","","","","","","","","","","","","","","","","","","","","","","","","","","","","","","","","","","","","","","","","","","","",""
"33167001","BORDEAUX_OBSERVATOIRE",44.831667,-0.525,74,1912053118,"","","","","","","","","","","","","","","","","","","","","","","","","","","","","","","","","","","","",15.,9,"","","","","","","","","","","","","","","","","","","","","","","","","","","","","","","","","","","","","","","","","","","","",1010.1,9,1001.3,9,"","","","","","","","","","","","","","","","","","","","","","","","","","","","","","","","","","","","","","","","","","","","","","","","","","","","","","","","","","","","","","","","","","","","","","","","","","","","","","","","","","","","","","","","","","","","","","","","","","","","","","","","","","","","","","","",""
"33167001","BORDEAUX_OBSERVATOIRE",44.831667,-0.525,74,1912053121,"","","","","","","","","","","","","","","","","","","","","","","","","","","","","","","","","","","","",13.1,9,"","","","","","","","","","","","","","","","","","","","","","","","","","","","","","","","","","","","","","","","","","","","",1009.2,9,1000.4,9,"","","","","","","","","","","","","","","","","","","","","","","","","","","","","","","","","","","","","","","","","","","","","","","","","","","","","","","","","","","","","","","","","","","","","","","","","","","","","","","","","","","","","","","","","","","","","","","","","","","","","","","","","","","","","","","",""
"33167001","BORDEAUX_OBSERVATOIRE",44.831667,-0.525,74,1912060100,"","","","","","","","","","","","","","","","","","","","","","","","","","","","","","","","","","","","",12.3,9,"","","","","","","","","","","","","","","","","","","","","","","","","","","","","","","","","","","","","","","","","","","","",1007.2,9,998.4,9,"","","","","","","","","","","","","","","","","","","","","","","","","","","","","","","","","","","","","","","","","","","","","","","","","","","","","","","","","","","","","","","","","","","","","","","","","","","","","","","","","","","","","","","","","","","","","","","","","","","","","","","","","","","","","","","",""
"33167001","BORDEAUX_OBSERVATOIRE",44.831667,-0.525,74,1912060103,"","","","","","","","","","","","","","","","","","","","","","","","","","","","","","","","","","","","",12.2,9,"","","","","","","","","","","","","","","","","","","","","","","","","","","","","","","","","","","","","","","","","","","","",1004.8,9,996.,9,"","","","","","","","","","","","","","","","","","","","","","","","","","","","","","","","","","","","","","","","","","","","","","","","","","","","","","","","","","","","","","","","","","","","","","","","","","","","","","","","","","","","","","","","","","","","","","","","","","","","","","","","","","","","","","","",""
"33167001","BORDEAUX_OBSERVATOIRE",44.831667,-0.525,74,1912060107,"","","","","","","","","","","","","","","","","","","","","","","","","","","","","","","","","","","","",13.,9,"","","","","","","","","","","","","","","","","","","","","","","","","","","","","","","","","","","","","","","","","","","","",1004.2,9,995.4,9,"","","","","","","","","","","","","","","","","","","","","","","","","","","","","","","","","","","","","","","","","","","","","","","","","","","","","","","","","","","","","","","","","","","","","","","","","","","","","","","","","","","","","","","","","","","","","","","","","","","","","","","","","","","","","","","",""
"33167001","BORDEAUX_OBSERVATOIRE",44.831667,-0.525,74,1912060109,"","","","","","","","","","","","","","","","","","","","","","","","","","","","","","","","","","","","",14.1,9,"","","","","","","","","","","","","","","","","","","","","","","","","","","","","","","","","","","","","","","","","","","","",1004.,9,995.3,9,"","","","","","","","","","","","","","","","","","","","","","","","","","","","","","","","","","","","","","","","","","","","","","","","","","","","","","","","","","","","","","","","","","","","","","","","","","","","","","","","","","","","","","","","","","","","","","","","","","","","","","","","","","","","","","","",""
"33167001","BORDEAUX_OBSERVATOIRE",44.831667,-0.525,74,1912060112,"","","","","","","","","","","","","","","","","","","","","","","","","","","","","","","","","","","","",13.4,9,"","","","","","","","","","","","","","","","","","","","","","","","","","","","","","","","","","","","","","","","","","","","",1004.9,9,996.1,1,"","","","","","","","","","","","","","","","","","","","","","","","","","","","","","","","","","","","","","","","","","","","","","","","","","","","","","","","","","","","","","","","","","","","","","","","","","","","","","","","","","","","","","","","","","","","","","","","","","","","","","","","","","","","","","","",""
"33167001","BORDEAUX_OBSERVATOIRE",44.831667,-0.525,74,1912060115,"","","","","","","","","","","","","","","","","","","","","","","","","","","","","","","","","","","","",14.2,9,"","","","","","","","","","","","","","","","","","","","","","","","","","","","","","","","","","","","","","","","","","","","",1005.1,9,996.4,9,"","","","","","","","","","","","","","","","","","","","","","","","","","","","","","","","","","","","","","","","","","","","","","","","","","","","","","","","","","","","","","","","","","","","","","","","","","","","","","","","","","","","","","","","","","","","","","","","","","","","","","","","","","","","","","","",""
"33167001","BORDEAUX_OBSERVATOIRE",44.831667,-0.525,74,1912060118,"","","","","","","","","","","","","","","","","","","","","","","","","","","","","","","","","","","","",13.9,9,"","","","","","","","","","","","","","","","","","","","","","","","","","","","","","","","","","","","","","","","","","","","",1006.2,9,997.4,9,"","","","","","","","","","","","","","","","","","","","","","","","","","","","","","","","","","","","","","","","","","","","","","","","","","","","","","","","","","","","","","","","","","","","","","","","","","","","","","","","","","","","","","","","","","","","","","","","","","","","","","","","","","","","","","","",""
"33167001","BORDEAUX_OBSERVATOIRE",44.831667,-0.525,74,1912060121,"","","","","","","","","","","","","","","","","","","","","","","","","","","","","","","","","","","","",10.8,9,"","","","","","","","","","","","","","","","","","","","","","","","","","","","","","","","","","","","","","","","","","","","",1006.5,9,997.6,9,"","","","","","","","","","","","","","","","","","","","","","","","","","","","","","","","","","","","","","","","","","","","","","","","","","","","","","","","","","","","","","","","","","","","","","","","","","","","","","","","","","","","","","","","","","","","","","","","","","","","","","","","","","","","","","","",""
"33167001","BORDEAUX_OBSERVATOIRE",44.831667,-0.525,74,1912060200,"","","","","","","","","","","","","","","","","","","","","","","","","","","","","","","","","","","","",9.1,9,"","","","","","","","","","","","","","","","","","","","","","","","","","","","","","","","","","","","","","","","","","","","",1006.9,9,998.,9,"","","","","","","","","","","","","","","","","","","","","","","","","","","","","","","","","","","","","","","","","","","","","","","","","","","","","","","","","","","","","","","","","","","","","","","","","","","","","","","","","","","","","","","","","","","","","","","","","","","","","","","","","","","","","","","",""
"33167001","BORDEAUX_OBSERVATOIRE",44.831667,-0.525,74,1912060203,"","","","","","","","","","","","","","","","","","","","","","","","","","","","","","","","","","","","",8.4,9,"","","","","","","","","","","","","","","","","","","","","","","","","","","","","","","","","","","","","","","","","","","","",1006.2,9,997.2,9,"","","","","","","","","","","","","","","","","","","","","","","","","","","","","","","","","","","","","","","","","","","","","","","","","","","","","","","","","","","","","","","","","","","","","","","","","","","","","","","","","","","","","","","","","","","","","","","","","","","","","","","","","","","","","","","",""
"33167001","BORDEAUX_OBSERVATOIRE",44.831667,-0.525,74,1912060207,"","","","","","","","","","","","","","","","","","","","","","","","","","","","","","","","","","","","",12.3,9,"","","","","","","","","","","","","","","","","","","","","","","","","","","","","","","","","","","","","","","","","","","","",1006.5,9,997.7,9,"","","","","","","","","","","","","","","","","","","","","","","","","","","","","","","","","","","","","","","","","","","","","","","","","","","","","","","","","","","","","","","","","","","","","","","","","","","","","","","","","","","","","","","","","","","","","","","","","","","","","","","","","","","","","","","",""
"33167001","BORDEAUX_OBSERVATOIRE",44.831667,-0.525,74,1912060209,"","","","","","","","","","","","","","","","","","","","","","","","","","","","","","","","","","","","",12.3,9,"","","","","","","","","","","","","","","","","","","","","","","","","","","","","","","","","","","","","","","","","","","","",1006.9,9,998.1,9,"","","","","","","","","","","","","","","","","","","","","","","","","","","","","","","","","","","","","","","","","","","","","","","","","","","","","","","","","","","","","","","","","","","","","","","","","","","","","","","","","","","","","","","","","","","","","","","","","","","","","","","","","","","","","","","",""
"33167001","BORDEAUX_OBSERVATOIRE",44.831667,-0.525,74,1912060212,"","","","","","","","","","","","","","","","","","","","","","","","","","","","","","","","","","","","",16.8,9,"","","","","","","","","","","","","","","","","","","","","","","","","","","","","","","","","","","","","","","","","","","","",1007.6,9,998.9,1,"","","","","","","","","","","","","","","","","","","","","","","","","","","","","","","","","","","","","","","","","","","","","","","","","","","","","","","","","","","","","","","","","","","","","","","","","","","","","","","","","","","","","","","","","","","","","","","","","","","","","","","","","","","","","","","",""
"33167001","BORDEAUX_OBSERVATOIRE",44.831667,-0.525,74,1912060215,"","","","","","","","","","","","","","","","","","","","","","","","","","","","","","","","","","","","",17.3,9,"","","","","","","","","","","","","","","","","","","","","","","","","","","","","","","","","","","","","","","","","","","","",1008.5,9,999.8,9,"","","","","","","","","","","","","","","","","","","","","","","","","","","","","","","","","","","","","","","","","","","","","","","","","","","","","","","","","","","","","","","","","","","","","","","","","","","","","","","","","","","","","","","","","","","","","","","","","","","","","","","","","","","","","","","",""
"33167001","BORDEAUX_OBSERVATOIRE",44.831667,-0.525,74,1912060218,"","","","","","","","","","","","","","","","","","","","","","","","","","","","","","","","","","","","",14.8,9,"","","","","","","","","","","","","","","","","","","","","","","","","","","","","","","","","","","","","","","","","","","","",1009.7,9,1000.9,9,"","","","","","","","","","","","","","","","","","","","","","","","","","","","","","","","","","","","","","","","","","","","","","","","","","","","","","","","","","","","","","","","","","","","","","","","","","","","","","","","","","","","","","","","","","","","","","","","","","","","","","","","","","","","","","","",""
"33167001","BORDEAUX_OBSERVATOIRE",44.831667,-0.525,74,1912060221,"","","","","","","","","","","","","","","","","","","","","","","","","","","","","","","","","","","","",12.2,9,"","","","","","","","","","","","","","","","","","","","","","","","","","","","","","","","","","","","","","","","","","","","",1010.9,9,1002.,9,"","","","","","","","","","","","","","","","","","","","","","","","","","","","","","","","","","","","","","","","","","","","","","","","","","","","","","","","","","","","","","","","","","","","","","","","","","","","","","","","","","","","","","","","","","","","","","","","","","","","","","","","","","","","","","","",""
"33167001","BORDEAUX_OBSERVATOIRE",44.831667,-0.525,74,1912060300,"","","","","","","","","","","","","","","","","","","","","","","","","","","","","","","","","","","","",10.3,9,"","","","","","","","","","","","","","","","","","","","","","","","","","","","","","","","","","","","","","","","","","","","",1011.5,9,1002.6,9,"","","","","","","","","","","","","","","","","","","","","","","","","","","","","","","","","","","","","","","","","","","","","","","","","","","","","","","","","","","","","","","","","","","","","","","","","","","","","","","","","","","","","","","","","","","","","","","","","","","","","","","","","","","","","","","",""
"33167001","BORDEAUX_OBSERVATOIRE",44.831667,-0.525,74,1912060303,"","","","","","","","","","","","","","","","","","","","","","","","","","","","","","","","","","","","",10.8,9,"","","","","","","","","","","","","","","","","","","","","","","","","","","","","","","","","","","","","","","","","","","","",1010.9,9,1002.,9,"","","","","","","","","","","","","","","","","","","","","","","","","","","","","","","","","","","","","","","","","","","","","","","","","","","","","","","","","","","","","","","","","","","","","","","","","","","","","","","","","","","","","","","","","","","","","","","","","","","","","","","","","","","","","","","",""
"33167001","BORDEAUX_OBSERVATOIRE",44.831667,-0.525,74,1912060307,"","","","","","","","","","","","","","","","","","","","","","","","","","","","","","","","","","","","",12.3,9,"","","","","","","","","","","","","","","","","","","","","","","","","","","","","","","","","","","","","","","","","","","","",1011.9,9,1003.,9,"","","","","","","","","","","","","","","","","","","","","","","","","","","","","","","","","","","","","","","","","","","","","","","","","","","","","","","","","","","","","","","","","","","","","","","","","","","","","","","","","","","","","","","","","","","","","","","","","","","","","","","","","","","","","","","",""
"33167001","BORDEAUX_OBSERVATOIRE",44.831667,-0.525,74,1912060309,"","","","","","","","","","","","","","","","","","","","","","","","","","","","","","","","","","","","",14.1,9,"","","","","","","","","","","","","","","","","","","","","","","","","","","","","","","","","","","","","","","","","","","","",1011.9,9,1003.1,9,"","","","","","","","","","","","","","","","","","","","","","","","","","","","","","","","","","","","","","","","","","","","","","","","","","","","","","","","","","","","","","","","","","","","","","","","","","","","","","","","","","","","","","","","","","","","","","","","","","","","","","","","","","","","","","","",""
"33167001","BORDEAUX_OBSERVATOIRE",44.831667,-0.525,74,1912060312,"","","","","","","","","","","","","","","","","","","","","","","","","","","","","","","","","","","","",16.,9,"","","","","","","","","","","","","","","","","","","","","","","","","","","","","","","","","","","","","","","","","","","","",1012.5,9,1003.7,1,"","","","","","","","","","","","","","","","","","","","","","","","","","","","","","","","","","","","","","","","","","","","","","","","","","","","","","","","","","","","","","","","","","","","","","","","","","","","","","","","","","","","","","","","","","","","","","","","","","","","","","","","","","","","","","","",""
"33167001","BORDEAUX_OBSERVATOIRE",44.831667,-0.525,74,1912060315,"","","","","","","","","","","","","","","","","","","","","","","","","","","","","","","","","","","","",17.7,9,"","","","","","","","","","","","","","","","","","","","","","","","","","","","","","","","","","","","","","","","","","","","",1012.6,9,1003.9,9,"","","","","","","","","","","","","","","","","","","","","","","","","","","","","","","","","","","","","","","","","","","","","","","","","","","","","","","","","","","","","","","","","","","","","","","","","","","","","","","","","","","","","","","","","","","","","","","","","","","","","","","","","","","","","","","",""
"33167001","BORDEAUX_OBSERVATOIRE",44.831667,-0.525,74,1912060318,"","","","","","","","","","","","","","","","","","","","","","","","","","","","","","","","","","","","",16.,9,"","","","","","","","","","","","","","","","","","","","","","","","","","","","","","","","","","","","","","","","","","","","",1013.,9,1004.2,9,"","","","","","","","","","","","","","","","","","","","","","","","","","","","","","","","","","","","","","","","","","","","","","","","","","","","","","","","","","","","","","","","","","","","","","","","","","","","","","","","","","","","","","","","","","","","","","","","","","","","","","","","","","","","","","","",""
"33167001","BORDEAUX_OBSERVATOIRE",44.831667,-0.525,74,1912060321,"","","","","","","","","","","","","","","","","","","","","","","","","","","","","","","","","","","","",12.1,9,"","","","","","","","","","","","","","","","","","","","","","","","","","","","","","","","","","","","","","","","","","","","",1013.3,9,1004.4,9,"","","","","","","","","","","","","","","","","","","","","","","","","","","","","","","","","","","","","","","","","","","","","","","","","","","","","","","","","","","","","","","","","","","","","","","","","","","","","","","","","","","","","","","","","","","","","","","","","","","","","","","","","","","","","","","",""
"33167001","BORDEAUX_OBSERVATOIRE",44.831667,-0.525,74,1912060400,"","","","","","","","","","","","","","","","","","","","","","","","","","","","","","","","","","","","",10.,9,"","","","","","","","","","","","","","","","","","","","","","","","","","","","","","","","","","","","","","","","","","","","",1011.9,9,1003.,9,"","","","","","","","","","","","","","","","","","","","","","","","","","","","","","","","","","","","","","","","","","","","","","","","","","","","","","","","","","","","","","","","","","","","","","","","","","","","","","","","","","","","","","","","","","","","","","","","","","","","","","","","","","","","","","","",""
"33167001","BORDEAUX_OBSERVATOIRE",44.831667,-0.525,74,1912060403,"","","","","","","","","","","","","","","","","","","","","","","","","","","","","","","","","","","","",10.1,9,"","","","","","","","","","","","","","","","","","","","","","","","","","","","","","","","","","","","","","","","","","","","",1010.,9,1001.1,9,"","","","","","","","","","","","","","","","","","","","","","","","","","","","","","","","","","","","","","","","","","","","","","","","","","","","","","","","","","","","","","","","","","","","","","","","","","","","","","","","","","","","","","","","","","","","","","","","","","","","","","","","","","","","","","","",""
"33167001","BORDEAUX_OBSERVATOIRE",44.831667,-0.525,74,1912060407,"","","","","","","","","","","","","","","","","","","","","","","","","","","","","","","","","","","","",12.,9,"","","","","","","","","","","","","","","","","","","","","","","","","","","","","","","","","","","","","","","","","","","","",1008.8,9,999.9,9,"","","","","","","","","","","","","","","","","","","","","","","","","","","","","","","","","","","","","","","","","","","","","","","","","","","","","","","","","","","","","","","","","","","","","","","","","","","","","","","","","","","","","","","","","","","","","","","","","","","","","","","","","","","","","","","",""
"33167001","BORDEAUX_OBSERVATOIRE",44.831667,-0.525,74,1912060409,"","","","","","","","","","","","","","","","","","","","","","","","","","","","","","","","","","","","",14.3,9,"","","","","","","","","","","","","","","","","","","","","","","","","","","","","","","","","","","","","","","","","","","","",1009.5,9,1000.7,9,"","","","","","","","","","","","","","","","","","","","","","","","","","","","","","","","","","","","","","","","","","","","","","","","","","","","","","","","","","","","","","","","","","","","","","","","","","","","","","","","","","","","","","","","","","","","","","","","","","","","","","","","","","","","","","","",""
"33167001","BORDEAUX_OBSERVATOIRE",44.831667,-0.525,74,1912060412,"","","","","","","","","","","","","","","","","","","","","","","","","","","","","","","","","","","","",15.9,9,"","","","","","","","","","","","","","","","","","","","","","","","","","","","","","","","","","","","","","","","","","","","",1009.8,9,1001.1,1,"","","","","","","","","","","","","","","","","","","","","","","","","","","","","","","","","","","","","","","","","","","","","","","","","","","","","","","","","","","","","","","","","","","","","","","","","","","","","","","","","","","","","","","","","","","","","","","","","","","","","","","","","","","","","","","",""
"33167001","BORDEAUX_OBSERVATOIRE",44.831667,-0.525,74,1912060415,"","","","","","","","","","","","","","","","","","","","","","","","","","","","","","","","","","","","",16.,9,"","","","","","","","","","","","","","","","","","","","","","","","","","","","","","","","","","","","","","","","","","","","",1010.1,9,1001.4,9,"","","","","","","","","","","","","","","","","","","","","","","","","","","","","","","","","","","","","","","","","","","","","","","","","","","","","","","","","","","","","","","","","","","","","","","","","","","","","","","","","","","","","","","","","","","","","","","","","","","","","","","","","","","","","","","",""
"33167001","BORDEAUX_OBSERVATOIRE",44.831667,-0.525,74,1912060418,"","","","","","","","","","","","","","","","","","","","","","","","","","","","","","","","","","","","",13.3,9,"","","","","","","","","","","","","","","","","","","","","","","","","","","","","","","","","","","","","","","","","","","","",1010.5,9,1001.7,9,"","","","","","","","","","","","","","","","","","","","","","","","","","","","","","","","","","","","","","","","","","","","","","","","","","","","","","","","","","","","","","","","","","","","","","","","","","","","","","","","","","","","","","","","","","","","","","","","","","","","","","","","","","","","","","","",""
"33167001","BORDEAUX_OBSERVATOIRE",44.831667,-0.525,74,1912060421,"","","","","","","","","","","","","","","","","","","","","","","","","","","","","","","","","","","","",12.6,9,"","","","","","","","","","","","","","","","","","","","","","","","","","","","","","","","","","","","","","","","","","","","",1012.1,9,1003.2,9,"","","","","","","","","","","","","","","","","","","","","","","","","","","","","","","","","","","","","","","","","","","","","","","","","","","","","","","","","","","","","","","","","","","","","","","","","","","","","","","","","","","","","","","","","","","","","","","","","","","","","","","","","","","","","","","",""
"33167001","BORDEAUX_OBSERVATOIRE",44.831667,-0.525,74,1912060500,"","","","","","","","","","","","","","","","","","","","","","","","","","","","","","","","","","","","",12.1,9,"","","","","","","","","","","","","","","","","","","","","","","","","","","","","","","","","","","","","","","","","","","","",1012.7,9,1003.8,9,"","","","","","","","","","","","","","","","","","","","","","","","","","","","","","","","","","","","","","","","","","","","","","","","","","","","","","","","","","","","","","","","","","","","","","","","","","","","","","","","","","","","","","","","","","","","","","","","","","","","","","","","","","","","","","","",""
"33167001","BORDEAUX_OBSERVATOIRE",44.831667,-0.525,74,1912060503,"","","","","","","","","","","","","","","","","","","","","","","","","","","","","","","","","","","","",10.8,9,"","","","","","","","","","","","","","","","","","","","","","","","","","","","","","","","","","","","","","","","","","","","",1012.7,9,1003.8,9,"","","","","","","","","","","","","","","","","","","","","","","","","","","","","","","","","","","","","","","","","","","","","","","","","","","","","","","","","","","","","","","","","","","","","","","","","","","","","","","","","","","","","","","","","","","","","","","","","","","","","","","","","","","","","","","",""
"33167001","BORDEAUX_OBSERVATOIRE",44.831667,-0.525,74,1912060507,"","","","","","","","","","","","","","","","","","","","","","","","","","","","","","","","","","","","",12.7,9,"","","","","","","","","","","","","","","","","","","","","","","","","","","","","","","","","","","","","","","","","","","","",1013.8,9,1004.9,9,"","","","","","","","","","","","","","","","","","","","","","","","","","","","","","","","","","","","","","","","","","","","","","","","","","","","","","","","","","","","","","","","","","","","","","","","","","","","","","","","","","","","","","","","","","","","","","","","","","","","","","","","","","","","","","","",""
"33167001","BORDEAUX_OBSERVATOIRE",44.831667,-0.525,74,1912060509,"","","","","","","","","","","","","","","","","","","","","","","","","","","","","","","","","","","","",16.7,9,"","","","","","","","","","","","","","","","","","","","","","","","","","","","","","","","","","","","","","","","","","","","",1013.6,9,1004.9,9,"","","","","","","","","","","","","","","","","","","","","","","","","","","","","","","","","","","","","","","","","","","","","","","","","","","","","","","","","","","","","","","","","","","","","","","","","","","","","","","","","","","","","","","","","","","","","","","","","","","","","","","","","","","","","","","",""
"33167001","BORDEAUX_OBSERVATOIRE",44.831667,-0.525,74,1912060512,"","","","","","","","","","","","","","","","","","","","","","","","","","","","","","","","","","","","",17.,9,"","","","","","","","","","","","","","","","","","","","","","","","","","","","","","","","","","","","","","","","","","","","",1013.7,9,1005.,1,"","","","","","","","","","","","","","","","","","","","","","","","","","","","","","","","","","","","","","","","","","","","","","","","","","","","","","","","","","","","","","","","","","","","","","","","","","","","","","","","","","","","","","","","","","","","","","","","","","","","","","","","","","","","","","","",""
"33167001","BORDEAUX_OBSERVATOIRE",44.831667,-0.525,74,1912060515,"","","","","","","","","","","","","","","","","","","","","","","","","","","","","","","","","","","","",17.9,9,"","","","","","","","","","","","","","","","","","","","","","","","","","","","","","","","","","","","","","","","","","","","",1013.3,9,1004.6,9,"","","","","","","","","","","","","","","","","","","","","","","","","","","","","","","","","","","","","","","","","","","","","","","","","","","","","","","","","","","","","","","","","","","","","","","","","","","","","","","","","","","","","","","","","","","","","","","","","","","","","","","","","","","","","","","",""
"33167001","BORDEAUX_OBSERVATOIRE",44.831667,-0.525,74,1912060518,"","","","","","","","","","","","","","","","","","","","","","","","","","","","","","","","","","","","",16.3,9,"","","","","","","","","","","","","","","","","","","","","","","","","","","","","","","","","","","","","","","","","","","","",1013.4,9,1004.6,9,"","","","","","","","","","","","","","","","","","","","","","","","","","","","","","","","","","","","","","","","","","","","","","","","","","","","","","","","","","","","","","","","","","","","","","","","","","","","","","","","","","","","","","","","","","","","","","","","","","","","","","","","","","","","","","","",""
"33167001","BORDEAUX_OBSERVATOIRE",44.831667,-0.525,74,1912060521,"","","","","","","","","","","","","","","","","","","","","","","","","","","","","","","","","","","","",14.1,9,"","","","","","","","","","","","","","","","","","","","","","","","","","","","","","","","","","","","","","","","","","","","",1014.,9,1005.2,9,"","","","","","","","","","","","","","","","","","","","","","","","","","","","","","","","","","","","","","","","","","","","","","","","","","","","","","","","","","","","","","","","","","","","","","","","","","","","","","","","","","","","","","","","","","","","","","","","","","","","","","","","","","","","","","","",""
"33167001","BORDEAUX_OBSERVATOIRE",44.831667,-0.525,74,1912060600,"","","","","","","","","","","","","","","","","","","","","","","","","","","","","","","","","","","","",12.5,9,"","","","","","","","","","","","","","","","","","","","","","","","","","","","","","","","","","","","","","","","","","","","",1013.6,9,1004.7,9,"","","","","","","","","","","","","","","","","","","","","","","","","","","","","","","","","","","","","","","","","","","","","","","","","","","","","","","","","","","","","","","","","","","","","","","","","","","","","","","","","","","","","","","","","","","","","","","","","","","","","","","","","","","","","","","",""
"33167001","BORDEAUX_OBSERVATOIRE",44.831667,-0.525,74,1912060603,"","","","","","","","","","","","","","","","","","","","","","","","","","","","","","","","","","","","",12.6,9,"","","","","","","","","","","","","","","","","","","","","","","","","","","","","","","","","","","","","","","","","","","","",1012.8,9,1003.9,9,"","","","","","","","","","","","","","","","","","","","","","","","","","","","","","","","","","","","","","","","","","","","","","","","","","","","","","","","","","","","","","","","","","","","","","","","","","","","","","","","","","","","","","","","","","","","","","","","","","","","","","","","","","","","","","","",""
"33167001","BORDEAUX_OBSERVATOIRE",44.831667,-0.525,74,1912060607,"","","","","","","","","","","","","","","","","","","","","","","","","","","","","","","","","","","","",13.5,9,"","","","","","","","","","","","","","","","","","","","","","","","","","","","","","","","","","","","","","","","","","","","",1012.3,9,1003.5,9,"","","","","","","","","","","","","","","","","","","","","","","","","","","","","","","","","","","","","","","","","","","","","","","","","","","","","","","","","","","","","","","","","","","","","","","","","","","","","","","","","","","","","","","","","","","","","","","","","","","","","","","","","","","","","","","",""
"33167001","BORDEAUX_OBSERVATOIRE",44.831667,-0.525,74,1912060609,"","","","","","","","","","","","","","","","","","","","","","","","","","","","","","","","","","","","",16.3,9,"","","","","","","","","","","","","","","","","","","","","","","","","","","","","","","","","","","","","","","","","","","","",1011.7,9,1003.,9,"","","","","","","","","","","","","","","","","","","","","","","","","","","","","","","","","","","","","","","","","","","","","","","","","","","","","","","","","","","","","","","","","","","","","","","","","","","","","","","","","","","","","","","","","","","","","","","","","","","","","","","","","","","","","","","",""
"33167001","BORDEAUX_OBSERVATOIRE",44.831667,-0.525,74,1912060612,"","","","","","","","","","","","","","","","","","","","","","","","","","","","","","","","","","","","",17.4,9,"","","","","","","","","","","","","","","","","","","","","","","","","","","","","","","","","","","","","","","","","","","","",1011.2,9,1002.5,1,"","","","","","","","","","","","","","","","","","","","","","","","","","","","","","","","","","","","","","","","","","","","","","","","","","","","","","","","","","","","","","","","","","","","","","","","","","","","","","","","","","","","","","","","","","","","","","","","","","","","","","","","","","","","","","","",""
"33167001","BORDEAUX_OBSERVATOIRE",44.831667,-0.525,74,1912060615,"","","","","","","","","","","","","","","","","","","","","","","","","","","","","","","","","","","","",21.2,9,"","","","","","","","","","","","","","","","","","","","","","","","","","","","","","","","","","","","","","","","","","","","",1009.,9,1000.4,9,"","","","","","","","","","","","","","","","","","","","","","","","","","","","","","","","","","","","","","","","","","","","","","","","","","","","","","","","","","","","","","","","","","","","","","","","","","","","","","","","","","","","","","","","","","","","","","","","","","","","","","","","","","","","","","","",""
"33167001","BORDEAUX_OBSERVATOIRE",44.831667,-0.525,74,1912060618,"","","","","","","","","","","","","","","","","","","","","","","","","","","","","","","","","","","","",16.5,9,"","","","","","","","","","","","","","","","","","","","","","","","","","","","","","","","","","","","","","","","","","","","",1008.8,9,1000.1,9,"","","","","","","","","","","","","","","","","","","","","","","","","","","","","","","","","","","","","","","","","","","","","","","","","","","","","","","","","","","","","","","","","","","","","","","","","","","","","","","","","","","","","","","","","","","","","","","","","","","","","","","","","","","","","","","",""
"33167001","BORDEAUX_OBSERVATOIRE",44.831667,-0.525,74,1912060621,"","","","","","","","","","","","","","","","","","","","","","","","","","","","","","","","","","","","",15.,9,"","","","","","","","","","","","","","","","","","","","","","","","","","","","","","","","","","","","","","","","","","","","",1010.2,9,1001.4,9,"","","","","","","","","","","","","","","","","","","","","","","","","","","","","","","","","","","","","","","","","","","","","","","","","","","","","","","","","","","","","","","","","","","","","","","","","","","","","","","","","","","","","","","","","","","","","","","","","","","","","","","","","","","","","","","",""
"33167001","BORDEAUX_OBSERVATOIRE",44.831667,-0.525,74,1912060700,"","","","","","","","","","","","","","","","","","","","","","","","","","","","","","","","","","","","",14.2,9,"","","","","","","","","","","","","","","","","","","","","","","","","","","","","","","","","","","","","","","","","","","","",1011.5,9,1002.7,9,"","","","","","","","","","","","","","","","","","","","","","","","","","","","","","","","","","","","","","","","","","","","","","","","","","","","","","","","","","","","","","","","","","","","","","","","","","","","","","","","","","","","","","","","","","","","","","","","","","","","","","","","","","","","","","","",""
"33167001","BORDEAUX_OBSERVATOIRE",44.831667,-0.525,74,1912060703,"","","","","","","","","","","","","","","","","","","","","","","","","","","","","","","","","","","","",13.2,9,"","","","","","","","","","","","","","","","","","","","","","","","","","","","","","","","","","","","","","","","","","","","",1011.8,9,1003.,9,"","","","","","","","","","","","","","","","","","","","","","","","","","","","","","","","","","","","","","","","","","","","","","","","","","","","","","","","","","","","","","","","","","","","","","","","","","","","","","","","","","","","","","","","","","","","","","","","","","","","","","","","","","","","","","","",""
"33167001","BORDEAUX_OBSERVATOIRE",44.831667,-0.525,74,1912060707,"","","","","","","","","","","","","","","","","","","","","","","","","","","","","","","","","","","","",14.3,9,"","","","","","","","","","","","","","","","","","","","","","","","","","","","","","","","","","","","","","","","","","","","",1013.8,9,1005.,9,"","","","","","","","","","","","","","","","","","","","","","","","","","","","","","","","","","","","","","","","","","","","","","","","","","","","","","","","","","","","","","","","","","","","","","","","","","","","","","","","","","","","","","","","","","","","","","","","","","","","","","","","","","","","","","","",""
"33167001","BORDEAUX_OBSERVATOIRE",44.831667,-0.525,74,1912060709,"","","","","","","","","","","","","","","","","","","","","","","","","","","","","","","","","","","","",16.4,9,"","","","","","","","","","","","","","","","","","","","","","","","","","","","","","","","","","","","","","","","","","","","",1016.2,9,1007.4,9,"","","","","","","","","","","","","","","","","","","","","","","","","","","","","","","","","","","","","","","","","","","","","","","","","","","","","","","","","","","","","","","","","","","","","","","","","","","","","","","","","","","","","","","","","","","","","","","","","","","","","","","","","","","","","","","",""
"33167001","BORDEAUX_OBSERVATOIRE",44.831667,-0.525,74,1912060712,"","","","","","","","","","","","","","","","","","","","","","","","","","","","","","","","","","","","",18.3,9,"","","","","","","","","","","","","","","","","","","","","","","","","","","","","","","","","","","","","","","","","","","","",1015.6,9,1006.9,1,"","","","","","","","","","","","","","","","","","","","","","","","","","","","","","","","","","","","","","","","","","","","","","","","","","","","","","","","","","","","","","","","","","","","","","","","","","","","","","","","","","","","","","","","","","","","","","","","","","","","","","","","","","","","","","","",""
"33167001","BORDEAUX_OBSERVATOIRE",44.831667,-0.525,74,1912060715,"","","","","","","","","","","","","","","","","","","","","","","","","","","","","","","","","","","","",18.7,9,"","","","","","","","","","","","","","","","","","","","","","","","","","","","","","","","","","","","","","","","","","","","",1015.7,9,1007.,9,"","","","","","","","","","","","","","","","","","","","","","","","","","","","","","","","","","","","","","","","","","","","","","","","","","","","","","","","","","","","","","","","","","","","","","","","","","","","","","","","","","","","","","","","","","","","","","","","","","","","","","","","","","","","","","","",""
"33167001","BORDEAUX_OBSERVATOIRE",44.831667,-0.525,74,1912060718,"","","","","","","","","","","","","","","","","","","","","","","","","","","","","","","","","","","","",16.7,9,"","","","","","","","","","","","","","","","","","","","","","","","","","","","","","","","","","","","","","","","","","","","",1016.3,9,1007.5,9,"","","","","","","","","","","","","","","","","","","","","","","","","","","","","","","","","","","","","","","","","","","","","","","","","","","","","","","","","","","","","","","","","","","","","","","","","","","","","","","","","","","","","","","","","","","","","","","","","","","","","","","","","","","","","","","",""
"33167001","BORDEAUX_OBSERVATOIRE",44.831667,-0.525,74,1912060721,"","","","","","","","","","","","","","","","","","","","","","","","","","","","","","","","","","","","",12.2,9,"","","","","","","","","","","","","","","","","","","","","","","","","","","","","","","","","","","","","","","","","","","","",1018.3,9,1009.4,9,"","","","","","","","","","","","","","","","","","","","","","","","","","","","","","","","","","","","","","","","","","","","","","","","","","","","","","","","","","","","","","","","","","","","","","","","","","","","","","","","","","","","","","","","","","","","","","","","","","","","","","","","","","","","","","","",""
"33167001","BORDEAUX_OBSERVATOIRE",44.831667,-0.525,74,1912060800,"","","","","","","","","","","","","","","","","","","","","","","","","","","","","","","","","","","","",10.8,9,"","","","","","","","","","","","","","","","","","","","","","","","","","","","","","","","","","","","","","","","","","","","",1018.8,9,1009.8,9,"","","","","","","","","","","","","","","","","","","","","","","","","","","","","","","","","","","","","","","","","","","","","","","","","","","","","","","","","","","","","","","","","","","","","","","","","","","","","","","","","","","","","","","","","","","","","","","","","","","","","","","","","","","","","","","",""
"33167001","BORDEAUX_OBSERVATOIRE",44.831667,-0.525,74,1912060803,"","","","","","","","","","","","","","","","","","","","","","","","","","","","","","","","","","","","",11.3,9,"","","","","","","","","","","","","","","","","","","","","","","","","","","","","","","","","","","","","","","","","","","","",1018.6,9,1009.6,9,"","","","","","","","","","","","","","","","","","","","","","","","","","","","","","","","","","","","","","","","","","","","","","","","","","","","","","","","","","","","","","","","","","","","","","","","","","","","","","","","","","","","","","","","","","","","","","","","","","","","","","","","","","","","","","","",""
"33167001","BORDEAUX_OBSERVATOIRE",44.831667,-0.525,74,1912060807,"","","","","","","","","","","","","","","","","","","","","","","","","","","","","","","","","","","","",13.5,9,"","","","","","","","","","","","","","","","","","","","","","","","","","","","","","","","","","","","","","","","","","","","",1019.2,9,1010.3,9,"","","","","","","","","","","","","","","","","","","","","","","","","","","","","","","","","","","","","","","","","","","","","","","","","","","","","","","","","","","","","","","","","","","","","","","","","","","","","","","","","","","","","","","","","","","","","","","","","","","","","","","","","","","","","","","",""
"33167001","BORDEAUX_OBSERVATOIRE",44.831667,-0.525,74,1912060809,"","","","","","","","","","","","","","","","","","","","","","","","","","","","","","","","","","","","",18.2,9,"","","","","","","","","","","","","","","","","","","","","","","","","","","","","","","","","","","","","","","","","","","","",1019.2,9,1010.5,9,"","","","","","","","","","","","","","","","","","","","","","","","","","","","","","","","","","","","","","","","","","","","","","","","","","","","","","","","","","","","","","","","","","","","","","","","","","","","","","","","","","","","","","","","","","","","","","","","","","","","","","","","","","","","","","","",""
"33167001","BORDEAUX_OBSERVATOIRE",44.831667,-0.525,74,1912060812,"","","","","","","","","","","","","","","","","","","","","","","","","","","","","","","","","","","","",19.3,9,"","","","","","","","","","","","","","","","","","","","","","","","","","","","","","","","","","","","","","","","","","","","",1018.6,9,1009.9,1,"","","","","","","","","","","","","","","","","","","","","","","","","","","","","","","","","","","","","","","","","","","","","","","","","","","","","","","","","","","","","","","","","","","","","","","","","","","","","","","","","","","","","","","","","","","","","","","","","","","","","","","","","","","","","","","",""
"33167001","BORDEAUX_OBSERVATOIRE",44.831667,-0.525,74,1912060815,"","","","","","","","","","","","","","","","","","","","","","","","","","","","","","","","","","","","",18.8,9,"","","","","","","","","","","","","","","","","","","","","","","","","","","","","","","","","","","","","","","","","","","","",1018.2,9,1009.5,9,"","","","","","","","","","","","","","","","","","","","","","","","","","","","","","","","","","","","","","","","","","","","","","","","","","","","","","","","","","","","","","","","","","","","","","","","","","","","","","","","","","","","","","","","","","","","","","","","","","","","","","","","","","","","","","","",""
"33167001","BORDEAUX_OBSERVATOIRE",44.831667,-0.525,74,1912060818,"","","","","","","","","","","","","","","","","","","","","","","","","","","","","","","","","","","","",18.2,9,"","","","","","","","","","","","","","","","","","","","","","","","","","","","","","","","","","","","","","","","","","","","",1018.8,9,1010.1,9,"","","","","","","","","","","","","","","","","","","","","","","","","","","","","","","","","","","","","","","","","","","","","","","","","","","","","","","","","","","","","","","","","","","","","","","","","","","","","","","","","","","","","","","","","","","","","","","","","","","","","","","","","","","","","","","",""
"33167001","BORDEAUX_OBSERVATOIRE",44.831667,-0.525,74,1912060821,"","","","","","","","","","","","","","","","","","","","","","","","","","","","","","","","","","","","",14.1,9,"","","","","","","","","","","","","","","","","","","","","","","","","","","","","","","","","","","","","","","","","","","","",1020.,9,1011.1,9,"","","","","","","","","","","","","","","","","","","","","","","","","","","","","","","","","","","","","","","","","","","","","","","","","","","","","","","","","","","","","","","","","","","","","","","","","","","","","","","","","","","","","","","","","","","","","","","","","","","","","","","","","","","","","","","",""
"33167001","BORDEAUX_OBSERVATOIRE",44.831667,-0.525,74,1912060900,"","","","","","","","","","","","","","","","","","","","","","","","","","","","","","","","","","","","",13.4,9,"","","","","","","","","","","","","","","","","","","","","","","","","","","","","","","","","","","","","","","","","","","","",1019.9,9,1011.,9,"","","","","","","","","","","","","","","","","","","","","","","","","","","","","","","","","","","","","","","","","","","","","","","","","","","","","","","","","","","","","","","","","","","","","","","","","","","","","","","","","","","","","","","","","","","","","","","","","","","","","","","","","","","","","","","",""
"33167001","BORDEAUX_OBSERVATOIRE",44.831667,-0.525,74,1912060903,"","","","","","","","","","","","","","","","","","","","","","","","","","","","","","","","","","","","",12.3,9,"","","","","","","","","","","","","","","","","","","","","","","","","","","","","","","","","","","","","","","","","","","","",1019.5,9,1010.6,9,"","","","","","","","","","","","","","","","","","","","","","","","","","","","","","","","","","","","","","","","","","","","","","","","","","","","","","","","","","","","","","","","","","","","","","","","","","","","","","","","","","","","","","","","","","","","","","","","","","","","","","","","","","","","","","","",""
"33167001","BORDEAUX_OBSERVATOIRE",44.831667,-0.525,74,1912060907,"","","","","","","","","","","","","","","","","","","","","","","","","","","","","","","","","","","","",14.4,9,"","","","","","","","","","","","","","","","","","","","","","","","","","","","","","","","","","","","","","","","","","","","",1019.8,9,1010.9,9,"","","","","","","","","","","","","","","","","","","","","","","","","","","","","","","","","","","","","","","","","","","","","","","","","","","","","","","","","","","","","","","","","","","","","","","","","","","","","","","","","","","","","","","","","","","","","","","","","","","","","","","","","","","","","","","",""
"33167001","BORDEAUX_OBSERVATOIRE",44.831667,-0.525,74,1912060909,"","","","","","","","","","","","","","","","","","","","","","","","","","","","","","","","","","","","",15.6,9,"","","","","","","","","","","","","","","","","","","","","","","","","","","","","","","","","","","","","","","","","","","","",1019.5,9,1010.7,9,"","","","","","","","","","","","","","","","","","","","","","","","","","","","","","","","","","","","","","","","","","","","","","","","","","","","","","","","","","","","","","","","","","","","","","","","","","","","","","","","","","","","","","","","","","","","","","","","","","","","","","","","","","","","","","","",""
"33167001","BORDEAUX_OBSERVATOIRE",44.831667,-0.525,74,1912060912,"","","","","","","","","","","","","","","","","","","","","","","","","","","","","","","","","","","","",14.8,9,"","","","","","","","","","","","","","","","","","","","","","","","","","","","","","","","","","","","","","","","","","","","",1019.6,9,1010.7,1,"","","","","","","","","","","","","","","","","","","","","","","","","","","","","","","","","","","","","","","","","","","","","","","","","","","","","","","","","","","","","","","","","","","","","","","","","","","","","","","","","","","","","","","","","","","","","","","","","","","","","","","","","","","","","","","",""
"33167001","BORDEAUX_OBSERVATOIRE",44.831667,-0.525,74,1912060915,"","","","","","","","","","","","","","","","","","","","","","","","","","","","","","","","","","","","",16.9,9,"","","","","","","","","","","","","","","","","","","","","","","","","","","","","","","","","","","","","","","","","","","","",1018.2,9,1009.4,9,"","","","","","","","","","","","","","","","","","","","","","","","","","","","","","","","","","","","","","","","","","","","","","","","","","","","","","","","","","","","","","","","","","","","","","","","","","","","","","","","","","","","","","","","","","","","","","","","","","","","","","","","","","","","","","","",""
"33167001","BORDEAUX_OBSERVATOIRE",44.831667,-0.525,74,1912060918,"","","","","","","","","","","","","","","","","","","","","","","","","","","","","","","","","","","","",19.,9,"","","","","","","","","","","","","","","","","","","","","","","","","","","","","","","","","","","","","","","","","","","","",1017.6,9,1008.9,9,"","","","","","","","","","","","","","","","","","","","","","","","","","","","","","","","","","","","","","","","","","","","","","","","","","","","","","","","","","","","","","","","","","","","","","","","","","","","","","","","","","","","","","","","","","","","","","","","","","","","","","","","","","","","","","","",""
"33167001","BORDEAUX_OBSERVATOIRE",44.831667,-0.525,74,1912060921,"","","","","","","","","","","","","","","","","","","","","","","","","","","","","","","","","","","","",13.5,9,"","","","","","","","","","","","","","","","","","","","","","","","","","","","","","","","","","","","","","","","","","","","",1018.3,9,1009.4,9,"","","","","","","","","","","","","","","","","","","","","","","","","","","","","","","","","","","","","","","","","","","","","","","","","","","","","","","","","","","","","","","","","","","","","","","","","","","","","","","","","","","","","","","","","","","","","","","","","","","","","","","","","","","","","","","",""
"33167001","BORDEAUX_OBSERVATOIRE",44.831667,-0.525,74,1912061000,"","","","","","","","","","","","","","","","","","","","","","","","","","","","","","","","","","","","",13.4,9,"","","","","","","","","","","","","","","","","","","","","","","","","","","","","","","","","","","","","","","","","","","","",1017.6,9,1008.7,9,"","","","","","","","","","","","","","","","","","","","","","","","","","","","","","","","","","","","","","","","","","","","","","","","","","","","","","","","","","","","","","","","","","","","","","","","","","","","","","","","","","","","","","","","","","","","","","","","","","","","","","","","","","","","","","","",""
"33167001","BORDEAUX_OBSERVATOIRE",44.831667,-0.525,74,1912061003,"","","","","","","","","","","","","","","","","","","","","","","","","","","","","","","","","","","","",12.4,9,"","","","","","","","","","","","","","","","","","","","","","","","","","","","","","","","","","","","","","","","","","","","",1016.4,9,1007.5,9,"","","","","","","","","","","","","","","","","","","","","","","","","","","","","","","","","","","","","","","","","","","","","","","","","","","","","","","","","","","","","","","","","","","","","","","","","","","","","","","","","","","","","","","","","","","","","","","","","","","","","","","","","","","","","","","",""
"33167001","BORDEAUX_OBSERVATOIRE",44.831667,-0.525,74,1912061007,"","","","","","","","","","","","","","","","","","","","","","","","","","","","","","","","","","","","",13.7,9,"","","","","","","","","","","","","","","","","","","","","","","","","","","","","","","","","","","","","","","","","","","","",1016.,9,1007.1,9,"","","","","","","","","","","","","","","","","","","","","","","","","","","","","","","","","","","","","","","","","","","","","","","","","","","","","","","","","","","","","","","","","","","","","","","","","","","","","","","","","","","","","","","","","","","","","","","","","","","","","","","","","","","","","","","",""
"33167001","BORDEAUX_OBSERVATOIRE",44.831667,-0.525,74,1912061009,"","","","","","","","","","","","","","","","","","","","","","","","","","","","","","","","","","","","",15.7,9,"","","","","","","","","","","","","","","","","","","","","","","","","","","","","","","","","","","","","","","","","","","","",1015.1,9,1006.3,9,"","","","","","","","","","","","","","","","","","","","","","","","","","","","","","","","","","","","","","","","","","","","","","","","","","","","","","","","","","","","","","","","","","","","","","","","","","","","","","","","","","","","","","","","","","","","","","","","","","","","","","","","","","","","","","","",""
"33167001","BORDEAUX_OBSERVATOIRE",44.831667,-0.525,74,1912061012,"","","","","","","","","","","","","","","","","","","","","","","","","","","","","","","","","","","","",17.1,9,"","","","","","","","","","","","","","","","","","","","","","","","","","","","","","","","","","","","","","","","","","","","",1014.,9,1005.3,1,"","","","","","","","","","","","","","","","","","","","","","","","","","","","","","","","","","","","","","","","","","","","","","","","","","","","","","","","","","","","","","","","","","","","","","","","","","","","","","","","","","","","","","","","","","","","","","","","","","","","","","","","","","","","","","","",""
"33167001","BORDEAUX_OBSERVATOIRE",44.831667,-0.525,74,1912061015,"","","","","","","","","","","","","","","","","","","","","","","","","","","","","","","","","","","","",18.4,9,"","","","","","","","","","","","","","","","","","","","","","","","","","","","","","","","","","","","","","","","","","","","",1011.3,9,1002.6,9,"","","","","","","","","","","","","","","","","","","","","","","","","","","","","","","","","","","","","","","","","","","","","","","","","","","","","","","","","","","","","","","","","","","","","","","","","","","","","","","","","","","","","","","","","","","","","","","","","","","","","","","","","","","","","","","",""
"33167001","BORDEAUX_OBSERVATOIRE",44.831667,-0.525,74,1912061018,"","","","","","","","","","","","","","","","","","","","","","","","","","","","","","","","","","","","",16.7,9,"","","","","","","","","","","","","","","","","","","","","","","","","","","","","","","","","","","","","","","","","","","","",1008.5,9,999.8,9,"","","","","","","","","","","","","","","","","","","","","","","","","","","","","","","","","","","","","","","","","","","","","","","","","","","","","","","","","","","","","","","","","","","","","","","","","","","","","","","","","","","","","","","","","","","","","","","","","","","","","","","","","","","","","","","",""
"33167001","BORDEAUX_OBSERVATOIRE",44.831667,-0.525,74,1912061021,"","","","","","","","","","","","","","","","","","","","","","","","","","","","","","","","","","","","",14.1,9,"","","","","","","","","","","","","","","","","","","","","","","","","","","","","","","","","","","","","","","","","","","","",1006.4,9,997.6,9,"","","","","","","","","","","","","","","","","","","","","","","","","","","","","","","","","","","","","","","","","","","","","","","","","","","","","","","","","","","","","","","","","","","","","","","","","","","","","","","","","","","","","","","","","","","","","","","","","","","","","","","","","","","","","","","",""
"33167001","BORDEAUX_OBSERVATOIRE",44.831667,-0.525,74,1912061100,"","","","","","","","","","","","","","","","","","","","","","","","","","","","","","","","","","","","",13.7,9,"","","","","","","","","","","","","","","","","","","","","","","","","","","","","","","","","","","","","","","","","","","","",1002.1,9,993.4,9,"","","","","","","","","","","","","","","","","","","","","","","","","","","","","","","","","","","","","","","","","","","","","","","","","","","","","","","","","","","","","","","","","","","","","","","","","","","","","","","","","","","","","","","","","","","","","","","","","","","","","","","","","","","","","","","",""
"33167001","BORDEAUX_OBSERVATOIRE",44.831667,-0.525,74,1912061103,"","","","","","","","","","","","","","","","","","","","","","","","","","","","","","","","","","","","",13.6,9,"","","","","","","","","","","","","","","","","","","","","","","","","","","","","","","","","","","","","","","","","","","","",998.5,9,989.8,9,"","","","","","","","","","","","","","","","","","","","","","","","","","","","","","","","","","","","","","","","","","","","","","","","","","","","","","","","","","","","","","","","","","","","","","","","","","","","","","","","","","","","","","","","","","","","","","","","","","","","","","","","","","","","","","","",""
"33167001","BORDEAUX_OBSERVATOIRE",44.831667,-0.525,74,1912061107,"","","","","","","","","","","","","","","","","","","","","","","","","","","","","","","","","","","","",12.9,9,"","","","","","","","","","","","","","","","","","","","","","","","","","","","","","","","","","","","","","","","","","","","",996.,9,987.3,9,"","","","","","","","","","","","","","","","","","","","","","","","","","","","","","","","","","","","","","","","","","","","","","","","","","","","","","","","","","","","","","","","","","","","","","","","","","","","","","","","","","","","","","","","","","","","","","","","","","","","","","","","","","","","","","","",""
"33167001","BORDEAUX_OBSERVATOIRE",44.831667,-0.525,74,1912061109,"","","","","","","","","","","","","","","","","","","","","","","","","","","","","","","","","","","","",12.6,9,"","","","","","","","","","","","","","","","","","","","","","","","","","","","","","","","","","","","","","","","","","","","",996.,9,987.3,9,"","","","","","","","","","","","","","","","","","","","","","","","","","","","","","","","","","","","","","","","","","","","","","","","","","","","","","","","","","","","","","","","","","","","","","","","","","","","","","","","","","","","","","","","","","","","","","","","","","","","","","","","","","","","","","","",""
"33167001","BORDEAUX_OBSERVATOIRE",44.831667,-0.525,74,1912061112,"","","","","","","","","","","","","","","","","","","","","","","","","","","","","","","","","","","","",13.7,9,"","","","","","","","","","","","","","","","","","","","","","","","","","","","","","","","","","","","","","","","","","","","",996.,9,987.3,1,"","","","","","","","","","","","","","","","","","","","","","","","","","","","","","","","","","","","","","","","","","","","","","","","","","","","","","","","","","","","","","","","","","","","","","","","","","","","","","","","","","","","","","","","","","","","","","","","","","","","","","","","","","","","","","","",""
"33167001","BORDEAUX_OBSERVATOIRE",44.831667,-0.525,74,1912061115,"","","","","","","","","","","","","","","","","","","","","","","","","","","","","","","","","","","","",13.2,9,"","","","","","","","","","","","","","","","","","","","","","","","","","","","","","","","","","","","","","","","","","","","",996.5,9,987.8,9,"","","","","","","","","","","","","","","","","","","","","","","","","","","","","","","","","","","","","","","","","","","","","","","","","","","","","","","","","","","","","","","","","","","","","","","","","","","","","","","","","","","","","","","","","","","","","","","","","","","","","","","","","","","","","","","",""
"33167001","BORDEAUX_OBSERVATOIRE",44.831667,-0.525,74,1912061118,"","","","","","","","","","","","","","","","","","","","","","","","","","","","","","","","","","","","",12.9,9,"","","","","","","","","","","","","","","","","","","","","","","","","","","","","","","","","","","","","","","","","","","","",996.1,9,987.4,9,"","","","","","","","","","","","","","","","","","","","","","","","","","","","","","","","","","","","","","","","","","","","","","","","","","","","","","","","","","","","","","","","","","","","","","","","","","","","","","","","","","","","","","","","","","","","","","","","","","","","","","","","","","","","","","","",""
"33167001","BORDEAUX_OBSERVATOIRE",44.831667,-0.525,74,1912061121,"","","","","","","","","","","","","","","","","","","","","","","","","","","","","","","","","","","","",12.1,9,"","","","","","","","","","","","","","","","","","","","","","","","","","","","","","","","","","","","","","","","","","","","",998.4,9,989.6,9,"","","","","","","","","","","","","","","","","","","","","","","","","","","","","","","","","","","","","","","","","","","","","","","","","","","","","","","","","","","","","","","","","","","","","","","","","","","","","","","","","","","","","","","","","","","","","","","","","","","","","","","","","","","","","","","",""
"33167001","BORDEAUX_OBSERVATOIRE",44.831667,-0.525,74,1912061200,"","","","","","","","","","","","","","","","","","","","","","","","","","","","","","","","","","","","",11.4,9,"","","","","","","","","","","","","","","","","","","","","","","","","","","","","","","","","","","","","","","","","","","","",999.5,9,990.7,9,"","","","","","","","","","","","","","","","","","","","","","","","","","","","","","","","","","","","","","","","","","","","","","","","","","","","","","","","","","","","","","","","","","","","","","","","","","","","","","","","","","","","","","","","","","","","","","","","","","","","","","","","","","","","","","","",""
"33167001","BORDEAUX_OBSERVATOIRE",44.831667,-0.525,74,1912061203,"","","","","","","","","","","","","","","","","","","","","","","","","","","","","","","","","","","","",11.2,9,"","","","","","","","","","","","","","","","","","","","","","","","","","","","","","","","","","","","","","","","","","","","",1001.8,9,993.,9,"","","","","","","","","","","","","","","","","","","","","","","","","","","","","","","","","","","","","","","","","","","","","","","","","","","","","","","","","","","","","","","","","","","","","","","","","","","","","","","","","","","","","","","","","","","","","","","","","","","","","","","","","","","","","","","",""
"33167001","BORDEAUX_OBSERVATOIRE",44.831667,-0.525,74,1912061207,"","","","","","","","","","","","","","","","","","","","","","","","","","","","","","","","","","","","",13.3,9,"","","","","","","","","","","","","","","","","","","","","","","","","","","","","","","","","","","","","","","","","","","","",1006.3,9,997.5,9,"","","","","","","","","","","","","","","","","","","","","","","","","","","","","","","","","","","","","","","","","","","","","","","","","","","","","","","","","","","","","","","","","","","","","","","","","","","","","","","","","","","","","","","","","","","","","","","","","","","","","","","","","","","","","","","",""
"33167001","BORDEAUX_OBSERVATOIRE",44.831667,-0.525,74,1912061209,"","","","","","","","","","","","","","","","","","","","","","","","","","","","","","","","","","","","",13.6,9,"","","","","","","","","","","","","","","","","","","","","","","","","","","","","","","","","","","","","","","","","","","","",1007.8,9,999.,9,"","","","","","","","","","","","","","","","","","","","","","","","","","","","","","","","","","","","","","","","","","","","","","","","","","","","","","","","","","","","","","","","","","","","","","","","","","","","","","","","","","","","","","","","","","","","","","","","","","","","","","","","","","","","","","","",""
"33167001","BORDEAUX_OBSERVATOIRE",44.831667,-0.525,74,1912061212,"","","","","","","","","","","","","","","","","","","","","","","","","","","","","","","","","","","","",16.6,9,"","","","","","","","","","","","","","","","","","","","","","","","","","","","","","","","","","","","","","","","","","","","",1009.6,9,1000.9,1,"","","","","","","","","","","","","","","","","","","","","","","","","","","","","","","","","","","","","","","","","","","","","","","","","","","","","","","","","","","","","","","","","","","","","","","","","","","","","","","","","","","","","","","","","","","","","","","","","","","","","","","","","","","","","","","",""
"33167001","BORDEAUX_OBSERVATOIRE",44.831667,-0.525,74,1912061215,"","","","","","","","","","","","","","","","","","","","","","","","","","","","","","","","","","","","",16.8,9,"","","","","","","","","","","","","","","","","","","","","","","","","","","","","","","","","","","","","","","","","","","","",1011.,9,1002.3,9,"","","","","","","","","","","","","","","","","","","","","","","","","","","","","","","","","","","","","","","","","","","","","","","","","","","","","","","","","","","","","","","","","","","","","","","","","","","","","","","","","","","","","","","","","","","","","","","","","","","","","","","","","","","","","","","",""
"33167001","BORDEAUX_OBSERVATOIRE",44.831667,-0.525,74,1912061218,"","","","","","","","","","","","","","","","","","","","","","","","","","","","","","","","","","","","",17.2,9,"","","","","","","","","","","","","","","","","","","","","","","","","","","","","","","","","","","","","","","","","","","","",1012.1,9,1003.4,9,"","","","","","","","","","","","","","","","","","","","","","","","","","","","","","","","","","","","","","","","","","","","","","","","","","","","","","","","","","","","","","","","","","","","","","","","","","","","","","","","","","","","","","","","","","","","","","","","","","","","","","","","","","","","","","","",""
"33167001","BORDEAUX_OBSERVATOIRE",44.831667,-0.525,74,1912061221,"","","","","","","","","","","","","","","","","","","","","","","","","","","","","","","","","","","","",15.7,9,"","","","","","","","","","","","","","","","","","","","","","","","","","","","","","","","","","","","","","","","","","","","",1013.8,9,1005.,9,"","","","","","","","","","","","","","","","","","","","","","","","","","","","","","","","","","","","","","","","","","","","","","","","","","","","","","","","","","","","","","","","","","","","","","","","","","","","","","","","","","","","","","","","","","","","","","","","","","","","","","","","","","","","","","","",""
"33167001","BORDEAUX_OBSERVATOIRE",44.831667,-0.525,74,1912061300,"","","","","","","","","","","","","","","","","","","","","","","","","","","","","","","","","","","","",15.3,9,"","","","","","","","","","","","","","","","","","","","","","","","","","","","","","","","","","","","","","","","","","","","",1014.2,9,1005.4,9,"","","","","","","","","","","","","","","","","","","","","","","","","","","","","","","","","","","","","","","","","","","","","","","","","","","","","","","","","","","","","","","","","","","","","","","","","","","","","","","","","","","","","","","","","","","","","","","","","","","","","","","","","","","","","","","",""
"33167001","BORDEAUX_OBSERVATOIRE",44.831667,-0.525,74,1912061303,"","","","","","","","","","","","","","","","","","","","","","","","","","","","","","","","","","","","",12.8,9,"","","","","","","","","","","","","","","","","","","","","","","","","","","","","","","","","","","","","","","","","","","","",1015.6,9,1006.7,9,"","","","","","","","","","","","","","","","","","","","","","","","","","","","","","","","","","","","","","","","","","","","","","","","","","","","","","","","","","","","","","","","","","","","","","","","","","","","","","","","","","","","","","","","","","","","","","","","","","","","","","","","","","","","","","","",""
"33167001","BORDEAUX_OBSERVATOIRE",44.831667,-0.525,74,1912061307,"","","","","","","","","","","","","","","","","","","","","","","","","","","","","","","","","","","","",15.3,9,"","","","","","","","","","","","","","","","","","","","","","","","","","","","","","","","","","","","","","","","","","","","",1017.4,9,1008.6,9,"","","","","","","","","","","","","","","","","","","","","","","","","","","","","","","","","","","","","","","","","","","","","","","","","","","","","","","","","","","","","","","","","","","","","","","","","","","","","","","","","","","","","","","","","","","","","","","","","","","","","","","","","","","","","","","",""
"33167001","BORDEAUX_OBSERVATOIRE",44.831667,-0.525,74,1912061309,"","","","","","","","","","","","","","","","","","","","","","","","","","","","","","","","","","","","",17.3,9,"","","","","","","","","","","","","","","","","","","","","","","","","","","","","","","","","","","","","","","","","","","","",1018.7,9,1009.9,9,"","","","","","","","","","","","","","","","","","","","","","","","","","","","","","","","","","","","","","","","","","","","","","","","","","","","","","","","","","","","","","","","","","","","","","","","","","","","","","","","","","","","","","","","","","","","","","","","","","","","","","","","","","","","","","","",""
"33167001","BORDEAUX_OBSERVATOIRE",44.831667,-0.525,74,1912061312,"","","","","","","","","","","","","","","","","","","","","","","","","","","","","","","","","","","","",18.,9,"","","","","","","","","","","","","","","","","","","","","","","","","","","","","","","","","","","","","","","","","","","","",1019.3,9,1010.6,1,"","","","","","","","","","","","","","","","","","","","","","","","","","","","","","","","","","","","","","","","","","","","","","","","","","","","","","","","","","","","","","","","","","","","","","","","","","","","","","","","","","","","","","","","","","","","","","","","","","","","","","","","","","","","","","","",""
"33167001","BORDEAUX_OBSERVATOIRE",44.831667,-0.525,74,1912061315,"","","","","","","","","","","","","","","","","","","","","","","","","","","","","","","","","","","","",18.8,9,"","","","","","","","","","","","","","","","","","","","","","","","","","","","","","","","","","","","","","","","","","","","",1020.2,9,1011.5,9,"","","","","","","","","","","","","","","","","","","","","","","","","","","","","","","","","","","","","","","","","","","","","","","","","","","","","","","","","","","","","","","","","","","","","","","","","","","","","","","","","","","","","","","","","","","","","","","","","","","","","","","","","","","","","","","",""
"33167001","BORDEAUX_OBSERVATOIRE",44.831667,-0.525,74,1912061318,"","","","","","","","","","","","","","","","","","","","","","","","","","","","","","","","","","","","",16.9,9,"","","","","","","","","","","","","","","","","","","","","","","","","","","","","","","","","","","","","","","","","","","","",1020.5,9,1011.7,9,"","","","","","","","","","","","","","","","","","","","","","","","","","","","","","","","","","","","","","","","","","","","","","","","","","","","","","","","","","","","","","","","","","","","","","","","","","","","","","","","","","","","","","","","","","","","","","","","","","","","","","","","","","","","","","","",""
"33167001","BORDEAUX_OBSERVATOIRE",44.831667,-0.525,74,1912061321,"","","","","","","","","","","","","","","","","","","","","","","","","","","","","","","","","","","","",14.,9,"","","","","","","","","","","","","","","","","","","","","","","","","","","","","","","","","","","","","","","","","","","","",1022.,9,1013.1,9,"","","","","","","","","","","","","","","","","","","","","","","","","","","","","","","","","","","","","","","","","","","","","","","","","","","","","","","","","","","","","","","","","","","","","","","","","","","","","","","","","","","","","","","","","","","","","","","","","","","","","","","","","","","","","","","",""
"33167001","BORDEAUX_OBSERVATOIRE",44.831667,-0.525,74,1912061400,"","","","","","","","","","","","","","","","","","","","","","","","","","","","","","","","","","","","",13.2,9,"","","","","","","","","","","","","","","","","","","","","","","","","","","","","","","","","","","","","","","","","","","","",1021.9,9,1013.,9,"","","","","","","","","","","","","","","","","","","","","","","","","","","","","","","","","","","","","","","","","","","","","","","","","","","","","","","","","","","","","","","","","","","","","","","","","","","","","","","","","","","","","","","","","","","","","","","","","","","","","","","","","","","","","","","",""
"33167001","BORDEAUX_OBSERVATOIRE",44.831667,-0.525,74,1912061403,"","","","","","","","","","","","","","","","","","","","","","","","","","","","","","","","","","","","",13.1,9,"","","","","","","","","","","","","","","","","","","","","","","","","","","","","","","","","","","","","","","","","","","","",1021.5,9,1012.6,9,"","","","","","","","","","","","","","","","","","","","","","","","","","","","","","","","","","","","","","","","","","","","","","","","","","","","","","","","","","","","","","","","","","","","","","","","","","","","","","","","","","","","","","","","","","","","","","","","","","","","","","","","","","","","","","","",""
"33167001","BORDEAUX_OBSERVATOIRE",44.831667,-0.525,74,1912061407,"","","","","","","","","","","","","","","","","","","","","","","","","","","","","","","","","","","","",16.3,9,"","","","","","","","","","","","","","","","","","","","","","","","","","","","","","","","","","","","","","","","","","","","",1021.9,9,1013.1,9,"","","","","","","","","","","","","","","","","","","","","","","","","","","","","","","","","","","","","","","","","","","","","","","","","","","","","","","","","","","","","","","","","","","","","","","","","","","","","","","","","","","","","","","","","","","","","","","","","","","","","","","","","","","","","","","",""
"33167001","BORDEAUX_OBSERVATOIRE",44.831667,-0.525,74,1912061409,"","","","","","","","","","","","","","","","","","","","","","","","","","","","","","","","","","","","",18.1,9,"","","","","","","","","","","","","","","","","","","","","","","","","","","","","","","","","","","","","","","","","","","","",1022.,9,1013.2,9,"","","","","","","","","","","","","","","","","","","","","","","","","","","","","","","","","","","","","","","","","","","","","","","","","","","","","","","","","","","","","","","","","","","","","","","","","","","","","","","","","","","","","","","","","","","","","","","","","","","","","","","","","","","","","","","",""
"33167001","BORDEAUX_OBSERVATOIRE",44.831667,-0.525,74,1912061412,"","","","","","","","","","","","","","","","","","","","","","","","","","","","","","","","","","","","",18.6,9,"","","","","","","","","","","","","","","","","","","","","","","","","","","","","","","","","","","","","","","","","","","","",1022.5,9,1013.7,1,"","","","","","","","","","","","","","","","","","","","","","","","","","","","","","","","","","","","","","","","","","","","","","","","","","","","","","","","","","","","","","","","","","","","","","","","","","","","","","","","","","","","","","","","","","","","","","","","","","","","","","","","","","","","","","","",""
"33167001","BORDEAUX_OBSERVATOIRE",44.831667,-0.525,74,1912061415,"","","","","","","","","","","","","","","","","","","","","","","","","","","","","","","","","","","","",18.4,9,"","","","","","","","","","","","","","","","","","","","","","","","","","","","","","","","","","","","","","","","","","","","",1022.4,9,1013.6,9,"","","","","","","","","","","","","","","","","","","","","","","","","","","","","","","","","","","","","","","","","","","","","","","","","","","","","","","","","","","","","","","","","","","","","","","","","","","","","","","","","","","","","","","","","","","","","","","","","","","","","","","","","","","","","","","",""
"33167001","BORDEAUX_OBSERVATOIRE",44.831667,-0.525,74,1912061418,"","","","","","","","","","","","","","","","","","","","","","","","","","","","","","","","","","","","",16.4,9,"","","","","","","","","","","","","","","","","","","","","","","","","","","","","","","","","","","","","","","","","","","","",1022.7,9,1013.9,9,"","","","","","","","","","","","","","","","","","","","","","","","","","","","","","","","","","","","","","","","","","","","","","","","","","","","","","","","","","","","","","","","","","","","","","","","","","","","","","","","","","","","","","","","","","","","","","","","","","","","","","","","","","","","","","","",""
"33167001","BORDEAUX_OBSERVATOIRE",44.831667,-0.525,74,1912061421,"","","","","","","","","","","","","","","","","","","","","","","","","","","","","","","","","","","","",14.5,9,"","","","","","","","","","","","","","","","","","","","","","","","","","","","","","","","","","","","","","","","","","","","",1023.7,9,1014.8,9,"","","","","","","","","","","","","","","","","","","","","","","","","","","","","","","","","","","","","","","","","","","","","","","","","","","","","","","","","","","","","","","","","","","","","","","","","","","","","","","","","","","","","","","","","","","","","","","","","","","","","","","","","","","","","","","",""
"33167001","BORDEAUX_OBSERVATOIRE",44.831667,-0.525,74,1912061500,"","","","","","","","","","","","","","","","","","","","","","","","","","","","","","","","","","","","",13.8,9,"","","","","","","","","","","","","","","","","","","","","","","","","","","","","","","","","","","","","","","","","","","","",1023.7,9,1014.8,9,"","","","","","","","","","","","","","","","","","","","","","","","","","","","","","","","","","","","","","","","","","","","","","","","","","","","","","","","","","","","","","","","","","","","","","","","","","","","","","","","","","","","","","","","","","","","","","","","","","","","","","","","","","","","","","","",""
"33167001","BORDEAUX_OBSERVATOIRE",44.831667,-0.525,74,1912061503,"","","","","","","","","","","","","","","","","","","","","","","","","","","","","","","","","","","","",13.6,9,"","","","","","","","","","","","","","","","","","","","","","","","","","","","","","","","","","","","","","","","","","","","",1022.7,9,1013.8,9,"","","","","","","","","","","","","","","","","","","","","","","","","","","","","","","","","","","","","","","","","","","","","","","","","","","","","","","","","","","","","","","","","","","","","","","","","","","","","","","","","","","","","","","","","","","","","","","","","","","","","","","","","","","","","","","",""
"33167001","BORDEAUX_OBSERVATOIRE",44.831667,-0.525,74,1912061507,"","","","","","","","","","","","","","","","","","","","","","","","","","","","","","","","","","","","",16.,9,"","","","","","","","","","","","","","","","","","","","","","","","","","","","","","","","","","","","","","","","","","","","",1023.,9,1014.2,9,"","","","","","","","","","","","","","","","","","","","","","","","","","","","","","","","","","","","","","","","","","","","","","","","","","","","","","","","","","","","","","","","","","","","","","","","","","","","","","","","","","","","","","","","","","","","","","","","","","","","","","","","","","","","","","","",""
"33167001","BORDEAUX_OBSERVATOIRE",44.831667,-0.525,74,1912061509,"","","","","","","","","","","","","","","","","","","","","","","","","","","","","","","","","","","","",17.9,9,"","","","","","","","","","","","","","","","","","","","","","","","","","","","","","","","","","","","","","","","","","","","",1023.2,9,1014.4,9,"","","","","","","","","","","","","","","","","","","","","","","","","","","","","","","","","","","","","","","","","","","","","","","","","","","","","","","","","","","","","","","","","","","","","","","","","","","","","","","","","","","","","","","","","","","","","","","","","","","","","","","","","","","","","","","",""
"33167001","BORDEAUX_OBSERVATOIRE",44.831667,-0.525,74,1912061512,"","","","","","","","","","","","","","","","","","","","","","","","","","","","","","","","","","","","",21.2,9,"","","","","","","","","","","","","","","","","","","","","","","","","","","","","","","","","","","","","","","","","","","","",1023.2,9,1014.5,1,"","","","","","","","","","","","","","","","","","","","","","","","","","","","","","","","","","","","","","","","","","","","","","","","","","","","","","","","","","","","","","","","","","","","","","","","","","","","","","","","","","","","","","","","","","","","","","","","","","","","","","","","","","","","","","","",""
"33167001","BORDEAUX_OBSERVATOIRE",44.831667,-0.525,74,1912061515,"","","","","","","","","","","","","","","","","","","","","","","","","","","","","","","","","","","","",21.2,9,"","","","","","","","","","","","","","","","","","","","","","","","","","","","","","","","","","","","","","","","","","","","",1022.7,9,1014.,9,"","","","","","","","","","","","","","","","","","","","","","","","","","","","","","","","","","","","","","","","","","","","","","","","","","","","","","","","","","","","","","","","","","","","","","","","","","","","","","","","","","","","","","","","","","","","","","","","","","","","","","","","","","","","","","","",""
"33167001","BORDEAUX_OBSERVATOIRE",44.831667,-0.525,74,1912061518,"","","","","","","","","","","","","","","","","","","","","","","","","","","","","","","","","","","","",20.1,9,"","","","","","","","","","","","","","","","","","","","","","","","","","","","","","","","","","","","","","","","","","","","",1022.6,9,1013.9,9,"","","","","","","","","","","","","","","","","","","","","","","","","","","","","","","","","","","","","","","","","","","","","","","","","","","","","","","","","","","","","","","","","","","","","","","","","","","","","","","","","","","","","","","","","","","","","","","","","","","","","","","","","","","","","","","",""
"33167001","BORDEAUX_OBSERVATOIRE",44.831667,-0.525,74,1912061521,"","","","","","","","","","","","","","","","","","","","","","","","","","","","","","","","","","","","",14.4,9,"","","","","","","","","","","","","","","","","","","","","","","","","","","","","","","","","","","","","","","","","","","","",1023.1,9,1014.2,9,"","","","","","","","","","","","","","","","","","","","","","","","","","","","","","","","","","","","","","","","","","","","","","","","","","","","","","","","","","","","","","","","","","","","","","","","","","","","","","","","","","","","","","","","","","","","","","","","","","","","","","","","","","","","","","","",""
"33167001","BORDEAUX_OBSERVATOIRE",44.831667,-0.525,74,1912061600,"","","","","","","","","","","","","","","","","","","","","","","","","","","","","","","","","","","","",12.1,9,"","","","","","","","","","","","","","","","","","","","","","","","","","","","","","","","","","","","","","","","","","","","",1022.6,9,1013.6,9,"","","","","","","","","","","","","","","","","","","","","","","","","","","","","","","","","","","","","","","","","","","","","","","","","","","","","","","","","","","","","","","","","","","","","","","","","","","","","","","","","","","","","","","","","","","","","","","","","","","","","","","","","","","","","","","",""
"33167001","BORDEAUX_OBSERVATOIRE",44.831667,-0.525,74,1912061603,"","","","","","","","","","","","","","","","","","","","","","","","","","","","","","","","","","","","",10.6,9,"","","","","","","","","","","","","","","","","","","","","","","","","","","","","","","","","","","","","","","","","","","","",1021.2,9,1012.2,9,"","","","","","","","","","","","","","","","","","","","","","","","","","","","","","","","","","","","","","","","","","","","","","","","","","","","","","","","","","","","","","","","","","","","","","","","","","","","","","","","","","","","","","","","","","","","","","","","","","","","","","","","","","","","","","","",""
"33167001","BORDEAUX_OBSERVATOIRE",44.831667,-0.525,74,1912061607,"","","","","","","","","","","","","","","","","","","","","","","","","","","","","","","","","","","","",13.7,9,"","","","","","","","","","","","","","","","","","","","","","","","","","","","","","","","","","","","","","","","","","","","",1021.1,9,1012.2,9,"","","","","","","","","","","","","","","","","","","","","","","","","","","","","","","","","","","","","","","","","","","","","","","","","","","","","","","","","","","","","","","","","","","","","","","","","","","","","","","","","","","","","","","","","","","","","","","","","","","","","","","","","","","","","","","",""
"33167001","BORDEAUX_OBSERVATOIRE",44.831667,-0.525,74,1912061609,"","","","","","","","","","","","","","","","","","","","","","","","","","","","","","","","","","","","",16.4,9,"","","","","","","","","","","","","","","","","","","","","","","","","","","","","","","","","","","","","","","","","","","","",1021.5,9,1012.7,9,"","","","","","","","","","","","","","","","","","","","","","","","","","","","","","","","","","","","","","","","","","","","","","","","","","","","","","","","","","","","","","","","","","","","","","","","","","","","","","","","","","","","","","","","","","","","","","","","","","","","","","","","","","","","","","","",""
"33167001","BORDEAUX_OBSERVATOIRE",44.831667,-0.525,74,1912061612,"","","","","","","","","","","","","","","","","","","","","","","","","","","","","","","","","","","","",19.4,9,"","","","","","","","","","","","","","","","","","","","","","","","","","","","","","","","","","","","","","","","","","","","",1021.2,9,1012.5,1,"","","","","","","","","","","","","","","","","","","","","","","","","","","","","","","","","","","","","","","","","","","","","","","","","","","","","","","","","","","","","","","","","","","","","","","","","","","","","","","","","","","","","","","","","","","","","","","","","","","","","","","","","","","","","","","",""
"33167001","BORDEAUX_OBSERVATOIRE",44.831667,-0.525,74,1912061615,"","","","","","","","","","","","","","","","","","","","","","","","","","","","","","","","","","","","",20.,9,"","","","","","","","","","","","","","","","","","","","","","","","","","","","","","","","","","","","","","","","","","","","",1021.7,9,1013.,9,"","","","","","","","","","","","","","","","","","","","","","","","","","","","","","","","","","","","","","","","","","","","","","","","","","","","","","","","","","","","","","","","","","","","","","","","","","","","","","","","","","","","","","","","","","","","","","","","","","","","","","","","","","","","","","","",""
"33167001","BORDEAUX_OBSERVATOIRE",44.831667,-0.525,74,1912061618,"","","","","","","","","","","","","","","","","","","","","","","","","","","","","","","","","","","","",15.8,9,"","","","","","","","","","","","","","","","","","","","","","","","","","","","","","","","","","","","","","","","","","","","",1022.7,9,1013.9,9,"","","","","","","","","","","","","","","","","","","","","","","","","","","","","","","","","","","","","","","","","","","","","","","","","","","","","","","","","","","","","","","","","","","","","","","","","","","","","","","","","","","","","","","","","","","","","","","","","","","","","","","","","","","","","","","",""
"33167001","BORDEAUX_OBSERVATOIRE",44.831667,-0.525,74,1912061621,"","","","","","","","","","","","","","","","","","","","","","","","","","","","","","","","","","","","",14.,9,"","","","","","","","","","","","","","","","","","","","","","","","","","","","","","","","","","","","","","","","","","","","",1023.5,9,1014.6,9,"","","","","","","","","","","","","","","","","","","","","","","","","","","","","","","","","","","","","","","","","","","","","","","","","","","","","","","","","","","","","","","","","","","","","","","","","","","","","","","","","","","","","","","","","","","","","","","","","","","","","","","","","","","","","","","",""
"33167001","BORDEAUX_OBSERVATOIRE",44.831667,-0.525,74,1912061700,"","","","","","","","","","","","","","","","","","","","","","","","","","","","","","","","","","","","",14.1,9,"","","","","","","","","","","","","","","","","","","","","","","","","","","","","","","","","","","","","","","","","","","","",1023.9,9,1015.,9,"","","","","","","","","","","","","","","","","","","","","","","","","","","","","","","","","","","","","","","","","","","","","","","","","","","","","","","","","","","","","","","","","","","","","","","","","","","","","","","","","","","","","","","","","","","","","","","","","","","","","","","","","","","","","","","",""
"33167001","BORDEAUX_OBSERVATOIRE",44.831667,-0.525,74,1912061703,"","","","","","","","","","","","","","","","","","","","","","","","","","","","","","","","","","","","",13.6,9,"","","","","","","","","","","","","","","","","","","","","","","","","","","","","","","","","","","","","","","","","","","","",1023.7,9,1014.8,9,"","","","","","","","","","","","","","","","","","","","","","","","","","","","","","","","","","","","","","","","","","","","","","","","","","","","","","","","","","","","","","","","","","","","","","","","","","","","","","","","","","","","","","","","","","","","","","","","","","","","","","","","","","","","","","","",""
"33167001","BORDEAUX_OBSERVATOIRE",44.831667,-0.525,74,1912061707,"","","","","","","","","","","","","","","","","","","","","","","","","","","","","","","","","","","","",16.1,9,"","","","","","","","","","","","","","","","","","","","","","","","","","","","","","","","","","","","","","","","","","","","",1024.7,9,1015.8,9,"","","","","","","","","","","","","","","","","","","","","","","","","","","","","","","","","","","","","","","","","","","","","","","","","","","","","","","","","","","","","","","","","","","","","","","","","","","","","","","","","","","","","","","","","","","","","","","","","","","","","","","","","","","","","","","",""
"33167001","BORDEAUX_OBSERVATOIRE",44.831667,-0.525,74,1912061709,"","","","","","","","","","","","","","","","","","","","","","","","","","","","","","","","","","","","",16.9,9,"","","","","","","","","","","","","","","","","","","","","","","","","","","","","","","","","","","","","","","","","","","","",1024.8,9,1016.,9,"","","","","","","","","","","","","","","","","","","","","","","","","","","","","","","","","","","","","","","","","","","","","","","","","","","","","","","","","","","","","","","","","","","","","","","","","","","","","","","","","","","","","","","","","","","","","","","","","","","","","","","","","","","","","","","",""
"33167001","BORDEAUX_OBSERVATOIRE",44.831667,-0.525,74,1912061712,"","","","","","","","","","","","","","","","","","","","","","","","","","","","","","","","","","","","",20.3,9,"","","","","","","","","","","","","","","","","","","","","","","","","","","","","","","","","","","","","","","","","","","","",1024.4,9,1015.7,1,"","","","","","","","","","","","","","","","","","","","","","","","","","","","","","","","","","","","","","","","","","","","","","","","","","","","","","","","","","","","","","","","","","","","","","","","","","","","","","","","","","","","","","","","","","","","","","","","","","","","","","","","","","","","","","","",""
"33167001","BORDEAUX_OBSERVATOIRE",44.831667,-0.525,74,1912061715,"","","","","","","","","","","","","","","","","","","","","","","","","","","","","","","","","","","","",22.8,9,"","","","","","","","","","","","","","","","","","","","","","","","","","","","","","","","","","","","","","","","","","","","",1023.4,9,1014.8,9,"","","","","","","","","","","","","","","","","","","","","","","","","","","","","","","","","","","","","","","","","","","","","","","","","","","","","","","","","","","","","","","","","","","","","","","","","","","","","","","","","","","","","","","","","","","","","","","","","","","","","","","","","","","","","","","",""
"33167001","BORDEAUX_OBSERVATOIRE",44.831667,-0.525,74,1912061718,"","","","","","","","","","","","","","","","","","","","","","","","","","","","","","","","","","","","",20.1,9,"","","","","","","","","","","","","","","","","","","","","","","","","","","","","","","","","","","","","","","","","","","","",1022.9,9,1014.2,9,"","","","","","","","","","","","","","","","","","","","","","","","","","","","","","","","","","","","","","","","","","","","","","","","","","","","","","","","","","","","","","","","","","","","","","","","","","","","","","","","","","","","","","","","","","","","","","","","","","","","","","","","","","","","","","","",""
"33167001","BORDEAUX_OBSERVATOIRE",44.831667,-0.525,74,1912061721,"","","","","","","","","","","","","","","","","","","","","","","","","","","","","","","","","","","","",16.2,9,"","","","","","","","","","","","","","","","","","","","","","","","","","","","","","","","","","","","","","","","","","","","",1023.6,9,1014.8,9,"","","","","","","","","","","","","","","","","","","","","","","","","","","","","","","","","","","","","","","","","","","","","","","","","","","","","","","","","","","","","","","","","","","","","","","","","","","","","","","","","","","","","","","","","","","","","","","","","","","","","","","","","","","","","","","",""
"33167001","BORDEAUX_OBSERVATOIRE",44.831667,-0.525,74,1912061800,"","","","","","","","","","","","","","","","","","","","","","","","","","","","","","","","","","","","",13.3,9,"","","","","","","","","","","","","","","","","","","","","","","","","","","","","","","","","","","","","","","","","","","","",1023.2,9,1014.3,9,"","","","","","","","","","","","","","","","","","","","","","","","","","","","","","","","","","","","","","","","","","","","","","","","","","","","","","","","","","","","","","","","","","","","","","","","","","","","","","","","","","","","","","","","","","","","","","","","","","","","","","","","","","","","","","","",""
"33167001","BORDEAUX_OBSERVATOIRE",44.831667,-0.525,74,1912061803,"","","","","","","","","","","","","","","","","","","","","","","","","","","","","","","","","","","","",13.7,9,"","","","","","","","","","","","","","","","","","","","","","","","","","","","","","","","","","","","","","","","","","","","",1022.,9,1013.1,9,"","","","","","","","","","","","","","","","","","","","","","","","","","","","","","","","","","","","","","","","","","","","","","","","","","","","","","","","","","","","","","","","","","","","","","","","","","","","","","","","","","","","","","","","","","","","","","","","","","","","","","","","","","","","","","","",""
"33167001","BORDEAUX_OBSERVATOIRE",44.831667,-0.525,74,1912061807,"","","","","","","","","","","","","","","","","","","","","","","","","","","","","","","","","","","","",19.,9,"","","","","","","","","","","","","","","","","","","","","","","","","","","","","","","","","","","","","","","","","","","","",1020.8,9,1012.1,9,"","","","","","","","","","","","","","","","","","","","","","","","","","","","","","","","","","","","","","","","","","","","","","","","","","","","","","","","","","","","","","","","","","","","","","","","","","","","","","","","","","","","","","","","","","","","","","","","","","","","","","","","","","","","","","","",""
"33167001","BORDEAUX_OBSERVATOIRE",44.831667,-0.525,74,1912061809,"","","","","","","","","","","","","","","","","","","","","","","","","","","","","","","","","","","","",22.7,9,"","","","","","","","","","","","","","","","","","","","","","","","","","","","","","","","","","","","","","","","","","","","",1020.7,9,1012.1,9,"","","","","","","","","","","","","","","","","","","","","","","","","","","","","","","","","","","","","","","","","","","","","","","","","","","","","","","","","","","","","","","","","","","","","","","","","","","","","","","","","","","","","","","","","","","","","","","","","","","","","","","","","","","","","","","",""
"33167001","BORDEAUX_OBSERVATOIRE",44.831667,-0.525,74,1912061812,"","","","","","","","","","","","","","","","","","","","","","","","","","","","","","","","","","","","",25.9,9,"","","","","","","","","","","","","","","","","","","","","","","","","","","","","","","","","","","","","","","","","","","","",1019.4,9,1010.9,1,"","","","","","","","","","","","","","","","","","","","","","","","","","","","","","","","","","","","","","","","","","","","","","","","","","","","","","","","","","","","","","","","","","","","","","","","","","","","","","","","","","","","","","","","","","","","","","","","","","","","","","","","","","","","","","","",""
"33167001","BORDEAUX_OBSERVATOIRE",44.831667,-0.525,74,1912061815,"","","","","","","","","","","","","","","","","","","","","","","","","","","","","","","","","","","","",28.6,9,"","","","","","","","","","","","","","","","","","","","","","","","","","","","","","","","","","","","","","","","","","","","",1017.8,9,1009.4,9,"","","","","","","","","","","","","","","","","","","","","","","","","","","","","","","","","","","","","","","","","","","","","","","","","","","","","","","","","","","","","","","","","","","","","","","","","","","","","","","","","","","","","","","","","","","","","","","","","","","","","","","","","","","","","","","",""
"33167001","BORDEAUX_OBSERVATOIRE",44.831667,-0.525,74,1912061818,"","","","","","","","","","","","","","","","","","","","","","","","","","","","","","","","","","","","",27.9,9,"","","","","","","","","","","","","","","","","","","","","","","","","","","","","","","","","","","","","","","","","","","","",1016.6,9,1008.2,9,"","","","","","","","","","","","","","","","","","","","","","","","","","","","","","","","","","","","","","","","","","","","","","","","","","","","","","","","","","","","","","","","","","","","","","","","","","","","","","","","","","","","","","","","","","","","","","","","","","","","","","","","","","","","","","","",""
"33167001","BORDEAUX_OBSERVATOIRE",44.831667,-0.525,74,1912061821,"","","","","","","","","","","","","","","","","","","","","","","","","","","","","","","","","","","","",23.6,9,"","","","","","","","","","","","","","","","","","","","","","","","","","","","","","","","","","","","","","","","","","","","",1016.5,9,1008.,9,"","","","","","","","","","","","","","","","","","","","","","","","","","","","","","","","","","","","","","","","","","","","","","","","","","","","","","","","","","","","","","","","","","","","","","","","","","","","","","","","","","","","","","","","","","","","","","","","","","","","","","","","","","","","","","","",""
"33167001","BORDEAUX_OBSERVATOIRE",44.831667,-0.525,74,1912061900,"","","","","","","","","","","","","","","","","","","","","","","","","","","","","","","","","","","","",21.2,9,"","","","","","","","","","","","","","","","","","","","","","","","","","","","","","","","","","","","","","","","","","","","",1016.1,9,1007.5,9,"","","","","","","","","","","","","","","","","","","","","","","","","","","","","","","","","","","","","","","","","","","","","","","","","","","","","","","","","","","","","","","","","","","","","","","","","","","","","","","","","","","","","","","","","","","","","","","","","","","","","","","","","","","","","","","",""
"33167001","BORDEAUX_OBSERVATOIRE",44.831667,-0.525,74,1912061903,"","","","","","","","","","","","","","","","","","","","","","","","","","","","","","","","","","","","",18.1,9,"","","","","","","","","","","","","","","","","","","","","","","","","","","","","","","","","","","","","","","","","","","","",1015.3,9,1006.6,9,"","","","","","","","","","","","","","","","","","","","","","","","","","","","","","","","","","","","","","","","","","","","","","","","","","","","","","","","","","","","","","","","","","","","","","","","","","","","","","","","","","","","","","","","","","","","","","","","","","","","","","","","","","","","","","","",""
"33167001","BORDEAUX_OBSERVATOIRE",44.831667,-0.525,74,1912061907,"","","","","","","","","","","","","","","","","","","","","","","","","","","","","","","","","","","","",20.7,9,"","","","","","","","","","","","","","","","","","","","","","","","","","","","","","","","","","","","","","","","","","","","",1015.3,9,1006.7,9,"","","","","","","","","","","","","","","","","","","","","","","","","","","","","","","","","","","","","","","","","","","","","","","","","","","","","","","","","","","","","","","","","","","","","","","","","","","","","","","","","","","","","","","","","","","","","","","","","","","","","","","","","","","","","","","",""
"33167001","BORDEAUX_OBSERVATOIRE",44.831667,-0.525,74,1912061909,"","","","","","","","","","","","","","","","","","","","","","","","","","","","","","","","","","","","",21.3,9,"","","","","","","","","","","","","","","","","","","","","","","","","","","","","","","","","","","","","","","","","","","","",1015.9,9,1007.3,9,"","","","","","","","","","","","","","","","","","","","","","","","","","","","","","","","","","","","","","","","","","","","","","","","","","","","","","","","","","","","","","","","","","","","","","","","","","","","","","","","","","","","","","","","","","","","","","","","","","","","","","","","","","","","","","","",""
"33167001","BORDEAUX_OBSERVATOIRE",44.831667,-0.525,74,1912061912,"","","","","","","","","","","","","","","","","","","","","","","","","","","","","","","","","","","","",23.2,9,"","","","","","","","","","","","","","","","","","","","","","","","","","","","","","","","","","","","","","","","","","","","",1018.1,9,1009.5,1,"","","","","","","","","","","","","","","","","","","","","","","","","","","","","","","","","","","","","","","","","","","","","","","","","","","","","","","","","","","","","","","","","","","","","","","","","","","","","","","","","","","","","","","","","","","","","","","","","","","","","","","","","","","","","","","",""
"33167001","BORDEAUX_OBSERVATOIRE",44.831667,-0.525,74,1912061915,"","","","","","","","","","","","","","","","","","","","","","","","","","","","","","","","","","","","",20.5,9,"","","","","","","","","","","","","","","","","","","","","","","","","","","","","","","","","","","","","","","","","","","","",1020.1,9,1011.4,9,"","","","","","","","","","","","","","","","","","","","","","","","","","","","","","","","","","","","","","","","","","","","","","","","","","","","","","","","","","","","","","","","","","","","","","","","","","","","","","","","","","","","","","","","","","","","","","","","","","","","","","","","","","","","","","","",""
"33167001","BORDEAUX_OBSERVATOIRE",44.831667,-0.525,74,1912061918,"","","","","","","","","","","","","","","","","","","","","","","","","","","","","","","","","","","","",17.4,9,"","","","","","","","","","","","","","","","","","","","","","","","","","","","","","","","","","","","","","","","","","","","",1022.6,9,1013.8,9,"","","","","","","","","","","","","","","","","","","","","","","","","","","","","","","","","","","","","","","","","","","","","","","","","","","","","","","","","","","","","","","","","","","","","","","","","","","","","","","","","","","","","","","","","","","","","","","","","","","","","","","","","","","","","","","",""
"33167001","BORDEAUX_OBSERVATOIRE",44.831667,-0.525,74,1912061921,"","","","","","","","","","","","","","","","","","","","","","","","","","","","","","","","","","","","",15.8,9,"","","","","","","","","","","","","","","","","","","","","","","","","","","","","","","","","","","","","","","","","","","","",1024.3,9,1015.4,9,"","","","","","","","","","","","","","","","","","","","","","","","","","","","","","","","","","","","","","","","","","","","","","","","","","","","","","","","","","","","","","","","","","","","","","","","","","","","","","","","","","","","","","","","","","","","","","","","","","","","","","","","","","","","","","","",""
"33167001","BORDEAUX_OBSERVATOIRE",44.831667,-0.525,74,1912062000,"","","","","","","","","","","","","","","","","","","","","","","","","","","","","","","","","","","","",15.2,9,"","","","","","","","","","","","","","","","","","","","","","","","","","","","","","","","","","","","","","","","","","","","",1023.5,9,1014.6,9,"","","","","","","","","","","","","","","","","","","","","","","","","","","","","","","","","","","","","","","","","","","","","","","","","","","","","","","","","","","","","","","","","","","","","","","","","","","","","","","","","","","","","","","","","","","","","","","","","","","","","","","","","","","","","","","",""
"33167001","BORDEAUX_OBSERVATOIRE",44.831667,-0.525,74,1912062003,"","","","","","","","","","","","","","","","","","","","","","","","","","","","","","","","","","","","",15.6,9,"","","","","","","","","","","","","","","","","","","","","","","","","","","","","","","","","","","","","","","","","","","","",1024.5,9,1015.6,9,"","","","","","","","","","","","","","","","","","","","","","","","","","","","","","","","","","","","","","","","","","","","","","","","","","","","","","","","","","","","","","","","","","","","","","","","","","","","","","","","","","","","","","","","","","","","","","","","","","","","","","","","","","","","","","","",""
"33167001","BORDEAUX_OBSERVATOIRE",44.831667,-0.525,74,1912062007,"","","","","","","","","","","","","","","","","","","","","","","","","","","","","","","","","","","","",17.,9,"","","","","","","","","","","","","","","","","","","","","","","","","","","","","","","","","","","","","","","","","","","","",1025.6,9,1016.8,9,"","","","","","","","","","","","","","","","","","","","","","","","","","","","","","","","","","","","","","","","","","","","","","","","","","","","","","","","","","","","","","","","","","","","","","","","","","","","","","","","","","","","","","","","","","","","","","","","","","","","","","","","","","","","","","","",""
"33167001","BORDEAUX_OBSERVATOIRE",44.831667,-0.525,74,1912062009,"","","","","","","","","","","","","","","","","","","","","","","","","","","","","","","","","","","","",18.4,9,"","","","","","","","","","","","","","","","","","","","","","","","","","","","","","","","","","","","","","","","","","","","",1025.8,9,1017.,9,"","","","","","","","","","","","","","","","","","","","","","","","","","","","","","","","","","","","","","","","","","","","","","","","","","","","","","","","","","","","","","","","","","","","","","","","","","","","","","","","","","","","","","","","","","","","","","","","","","","","","","","","","","","","","","","",""
"33167001","BORDEAUX_OBSERVATOIRE",44.831667,-0.525,74,1912062012,"","","","","","","","","","","","","","","","","","","","","","","","","","","","","","","","","","","","",18.3,9,"","","","","","","","","","","","","","","","","","","","","","","","","","","","","","","","","","","","","","","","","","","","",1026.,9,1017.2,1,"","","","","","","","","","","","","","","","","","","","","","","","","","","","","","","","","","","","","","","","","","","","","","","","","","","","","","","","","","","","","","","","","","","","","","","","","","","","","","","","","","","","","","","","","","","","","","","","","","","","","","","","","","","","","","","",""
"33167001","BORDEAUX_OBSERVATOIRE",44.831667,-0.525,74,1912062015,"","","","","","","","","","","","","","","","","","","","","","","","","","","","","","","","","","","","",20.1,9,"","","","","","","","","","","","","","","","","","","","","","","","","","","","","","","","","","","","","","","","","","","","",1025.,9,1016.3,9,"","","","","","","","","","","","","","","","","","","","","","","","","","","","","","","","","","","","","","","","","","","","","","","","","","","","","","","","","","","","","","","","","","","","","","","","","","","","","","","","","","","","","","","","","","","","","","","","","","","","","","","","","","","","","","","",""
"33167001","BORDEAUX_OBSERVATOIRE",44.831667,-0.525,74,1912062018,"","","","","","","","","","","","","","","","","","","","","","","","","","","","","","","","","","","","",19.6,9,"","","","","","","","","","","","","","","","","","","","","","","","","","","","","","","","","","","","","","","","","","","","",1024.6,9,1015.9,9,"","","","","","","","","","","","","","","","","","","","","","","","","","","","","","","","","","","","","","","","","","","","","","","","","","","","","","","","","","","","","","","","","","","","","","","","","","","","","","","","","","","","","","","","","","","","","","","","","","","","","","","","","","","","","","","",""
"33167001","BORDEAUX_OBSERVATOIRE",44.831667,-0.525,74,1912062021,"","","","","","","","","","","","","","","","","","","","","","","","","","","","","","","","","","","","",15.5,9,"","","","","","","","","","","","","","","","","","","","","","","","","","","","","","","","","","","","","","","","","","","","",1025.5,9,1016.6,9,"","","","","","","","","","","","","","","","","","","","","","","","","","","","","","","","","","","","","","","","","","","","","","","","","","","","","","","","","","","","","","","","","","","","","","","","","","","","","","","","","","","","","","","","","","","","","","","","","","","","","","","","","","","","","","","",""
"33167001","BORDEAUX_OBSERVATOIRE",44.831667,-0.525,74,1912062100,"","","","","","","","","","","","","","","","","","","","","","","","","","","","","","","","","","","","",13.,9,"","","","","","","","","","","","","","","","","","","","","","","","","","","","","","","","","","","","","","","","","","","","",1024.9,9,1015.9,9,"","","","","","","","","","","","","","","","","","","","","","","","","","","","","","","","","","","","","","","","","","","","","","","","","","","","","","","","","","","","","","","","","","","","","","","","","","","","","","","","","","","","","","","","","","","","","","","","","","","","","","","","","","","","","","","",""
"33167001","BORDEAUX_OBSERVATOIRE",44.831667,-0.525,74,1912062103,"","","","","","","","","","","","","","","","","","","","","","","","","","","","","","","","","","","","",11.8,9,"","","","","","","","","","","","","","","","","","","","","","","","","","","","","","","","","","","","","","","","","","","","",1023.8,9,1014.8,9,"","","","","","","","","","","","","","","","","","","","","","","","","","","","","","","","","","","","","","","","","","","","","","","","","","","","","","","","","","","","","","","","","","","","","","","","","","","","","","","","","","","","","","","","","","","","","","","","","","","","","","","","","","","","","","","",""
"33167001","BORDEAUX_OBSERVATOIRE",44.831667,-0.525,74,1912062107,"","","","","","","","","","","","","","","","","","","","","","","","","","","","","","","","","","","","",16.,9,"","","","","","","","","","","","","","","","","","","","","","","","","","","","","","","","","","","","","","","","","","","","",1022.4,9,1013.6,9,"","","","","","","","","","","","","","","","","","","","","","","","","","","","","","","","","","","","","","","","","","","","","","","","","","","","","","","","","","","","","","","","","","","","","","","","","","","","","","","","","","","","","","","","","","","","","","","","","","","","","","","","","","","","","","","",""
"33167001","BORDEAUX_OBSERVATOIRE",44.831667,-0.525,74,1912062109,"","","","","","","","","","","","","","","","","","","","","","","","","","","","","","","","","","","","",19.8,9,"","","","","","","","","","","","","","","","","","","","","","","","","","","","","","","","","","","","","","","","","","","","",1021.6,9,1012.9,9,"","","","","","","","","","","","","","","","","","","","","","","","","","","","","","","","","","","","","","","","","","","","","","","","","","","","","","","","","","","","","","","","","","","","","","","","","","","","","","","","","","","","","","","","","","","","","","","","","","","","","","","","","","","","","","","",""
"33167001","BORDEAUX_OBSERVATOIRE",44.831667,-0.525,74,1912062112,"","","","","","","","","","","","","","","","","","","","","","","","","","","","","","","","","","","","",23.3,9,"","","","","","","","","","","","","","","","","","","","","","","","","","","","","","","","","","","","","","","","","","","","",1020.,9,1011.4,1,"","","","","","","","","","","","","","","","","","","","","","","","","","","","","","","","","","","","","","","","","","","","","","","","","","","","","","","","","","","","","","","","","","","","","","","","","","","","","","","","","","","","","","","","","","","","","","","","","","","","","","","","","","","","","","","",""
"33167001","BORDEAUX_OBSERVATOIRE",44.831667,-0.525,74,1912062115,"","","","","","","","","","","","","","","","","","","","","","","","","","","","","","","","","","","","",24.9,9,"","","","","","","","","","","","","","","","","","","","","","","","","","","","","","","","","","","","","","","","","","","","",1018.1,9,1009.6,9,"","","","","","","","","","","","","","","","","","","","","","","","","","","","","","","","","","","","","","","","","","","","","","","","","","","","","","","","","","","","","","","","","","","","","","","","","","","","","","","","","","","","","","","","","","","","","","","","","","","","","","","","","","","","","","","",""
"33167001","BORDEAUX_OBSERVATOIRE",44.831667,-0.525,74,1912062118,"","","","","","","","","","","","","","","","","","","","","","","","","","","","","","","","","","","","",24.8,9,"","","","","","","","","","","","","","","","","","","","","","","","","","","","","","","","","","","","","","","","","","","","",1016.6,9,1008.1,9,"","","","","","","","","","","","","","","","","","","","","","","","","","","","","","","","","","","","","","","","","","","","","","","","","","","","","","","","","","","","","","","","","","","","","","","","","","","","","","","","","","","","","","","","","","","","","","","","","","","","","","","","","","","","","","","",""
"33167001","BORDEAUX_OBSERVATOIRE",44.831667,-0.525,74,1912062121,"","","","","","","","","","","","","","","","","","","","","","","","","","","","","","","","","","","","",20.5,9,"","","","","","","","","","","","","","","","","","","","","","","","","","","","","","","","","","","","","","","","","","","","",1016.4,9,1007.8,9,"","","","","","","","","","","","","","","","","","","","","","","","","","","","","","","","","","","","","","","","","","","","","","","","","","","","","","","","","","","","","","","","","","","","","","","","","","","","","","","","","","","","","","","","","","","","","","","","","","","","","","","","","","","","","","","",""
"33167001","BORDEAUX_OBSERVATOIRE",44.831667,-0.525,74,1912062200,"","","","","","","","","","","","","","","","","","","","","","","","","","","","","","","","","","","","",18.9,9,"","","","","","","","","","","","","","","","","","","","","","","","","","","","","","","","","","","","","","","","","","","","",1015.7,9,1007.,9,"","","","","","","","","","","","","","","","","","","","","","","","","","","","","","","","","","","","","","","","","","","","","","","","","","","","","","","","","","","","","","","","","","","","","","","","","","","","","","","","","","","","","","","","","","","","","","","","","","","","","","","","","","","","","","","",""
"33167001","BORDEAUX_OBSERVATOIRE",44.831667,-0.525,74,1912062203,"","","","","","","","","","","","","","","","","","","","","","","","","","","","","","","","","","","","",17.8,9,"","","","","","","","","","","","","","","","","","","","","","","","","","","","","","","","","","","","","","","","","","","","",1013.9,9,1005.2,9,"","","","","","","","","","","","","","","","","","","","","","","","","","","","","","","","","","","","","","","","","","","","","","","","","","","","","","","","","","","","","","","","","","","","","","","","","","","","","","","","","","","","","","","","","","","","","","","","","","","","","","","","","","","","","","","",""
"33167001","BORDEAUX_OBSERVATOIRE",44.831667,-0.525,74,1912062207,"","","","","","","","","","","","","","","","","","","","","","","","","","","","","","","","","","","","",20.9,9,"","","","","","","","","","","","","","","","","","","","","","","","","","","","","","","","","","","","","","","","","","","","",1012.4,9,1003.8,9,"","","","","","","","","","","","","","","","","","","","","","","","","","","","","","","","","","","","","","","","","","","","","","","","","","","","","","","","","","","","","","","","","","","","","","","","","","","","","","","","","","","","","","","","","","","","","","","","","","","","","","","","","","","","","","","",""
"33167001","BORDEAUX_OBSERVATOIRE",44.831667,-0.525,74,1912062209,"","","","","","","","","","","","","","","","","","","","","","","","","","","","","","","","","","","","",25.,9,"","","","","","","","","","","","","","","","","","","","","","","","","","","","","","","","","","","","","","","","","","","","",1011.8,9,1003.4,9,"","","","","","","","","","","","","","","","","","","","","","","","","","","","","","","","","","","","","","","","","","","","","","","","","","","","","","","","","","","","","","","","","","","","","","","","","","","","","","","","","","","","","","","","","","","","","","","","","","","","","","","","","","","","","","","",""
"33167001","BORDEAUX_OBSERVATOIRE",44.831667,-0.525,74,1912062212,"","","","","","","","","","","","","","","","","","","","","","","","","","","","","","","","","","","","",30.1,9,"","","","","","","","","","","","","","","","","","","","","","","","","","","","","","","","","","","","","","","","","","","","",1011.,9,1002.7,1,"","","","","","","","","","","","","","","","","","","","","","","","","","","","","","","","","","","","","","","","","","","","","","","","","","","","","","","","","","","","","","","","","","","","","","","","","","","","","","","","","","","","","","","","","","","","","","","","","","","","","","","","","","","","","","","",""
"33167001","BORDEAUX_OBSERVATOIRE",44.831667,-0.525,74,1912062215,"","","","","","","","","","","","","","","","","","","","","","","","","","","","","","","","","","","","",29.2,9,"","","","","","","","","","","","","","","","","","","","","","","","","","","","","","","","","","","","","","","","","","","","",1010.6,9,1002.3,9,"","","","","","","","","","","","","","","","","","","","","","","","","","","","","","","","","","","","","","","","","","","","","","","","","","","","","","","","","","","","","","","","","","","","","","","","","","","","","","","","","","","","","","","","","","","","","","","","","","","","","","","","","","","","","","","",""
"33167001","BORDEAUX_OBSERVATOIRE",44.831667,-0.525,74,1912062218,"","","","","","","","","","","","","","","","","","","","","","","","","","","","","","","","","","","","",22.7,9,"","","","","","","","","","","","","","","","","","","","","","","","","","","","","","","","","","","","","","","","","","","","",1012.8,9,1004.3,9,"","","","","","","","","","","","","","","","","","","","","","","","","","","","","","","","","","","","","","","","","","","","","","","","","","","","","","","","","","","","","","","","","","","","","","","","","","","","","","","","","","","","","","","","","","","","","","","","","","","","","","","","","","","","","","","",""
"33167001","BORDEAUX_OBSERVATOIRE",44.831667,-0.525,74,1912062221,"","","","","","","","","","","","","","","","","","","","","","","","","","","","","","","","","","","","",17.2,9,"","","","","","","","","","","","","","","","","","","","","","","","","","","","","","","","","","","","","","","","","","","","",1015.,9,1006.3,9,"","","","","","","","","","","","","","","","","","","","","","","","","","","","","","","","","","","","","","","","","","","","","","","","","","","","","","","","","","","","","","","","","","","","","","","","","","","","","","","","","","","","","","","","","","","","","","","","","","","","","","","","","","","","","","","",""
"33167001","BORDEAUX_OBSERVATOIRE",44.831667,-0.525,74,1912062300,"","","","","","","","","","","","","","","","","","","","","","","","","","","","","","","","","","","","",16.4,9,"","","","","","","","","","","","","","","","","","","","","","","","","","","","","","","","","","","","","","","","","","","","",1016.7,9,1007.9,9,"","","","","","","","","","","","","","","","","","","","","","","","","","","","","","","","","","","","","","","","","","","","","","","","","","","","","","","","","","","","","","","","","","","","","","","","","","","","","","","","","","","","","","","","","","","","","","","","","","","","","","","","","","","","","","","",""
"33167001","BORDEAUX_OBSERVATOIRE",44.831667,-0.525,74,1912062303,"","","","","","","","","","","","","","","","","","","","","","","","","","","","","","","","","","","","",14.7,9,"","","","","","","","","","","","","","","","","","","","","","","","","","","","","","","","","","","","","","","","","","","","",1017.1,9,1008.3,9,"","","","","","","","","","","","","","","","","","","","","","","","","","","","","","","","","","","","","","","","","","","","","","","","","","","","","","","","","","","","","","","","","","","","","","","","","","","","","","","","","","","","","","","","","","","","","","","","","","","","","","","","","","","","","","","",""
"33167001","BORDEAUX_OBSERVATOIRE",44.831667,-0.525,74,1912062307,"","","","","","","","","","","","","","","","","","","","","","","","","","","","","","","","","","","","",17.5,9,"","","","","","","","","","","","","","","","","","","","","","","","","","","","","","","","","","","","","","","","","","","","",1018.6,9,1009.8,9,"","","","","","","","","","","","","","","","","","","","","","","","","","","","","","","","","","","","","","","","","","","","","","","","","","","","","","","","","","","","","","","","","","","","","","","","","","","","","","","","","","","","","","","","","","","","","","","","","","","","","","","","","","","","","","","",""
"33167001","BORDEAUX_OBSERVATOIRE",44.831667,-0.525,74,1912062309,"","","","","","","","","","","","","","","","","","","","","","","","","","","","","","","","","","","","",20.5,9,"","","","","","","","","","","","","","","","","","","","","","","","","","","","","","","","","","","","","","","","","","","","",1018.2,9,1009.5,9,"","","","","","","","","","","","","","","","","","","","","","","","","","","","","","","","","","","","","","","","","","","","","","","","","","","","","","","","","","","","","","","","","","","","","","","","","","","","","","","","","","","","","","","","","","","","","","","","","","","","","","","","","","","","","","","",""
"33167001","BORDEAUX_OBSERVATOIRE",44.831667,-0.525,74,1912062312,"","","","","","","","","","","","","","","","","","","","","","","","","","","","","","","","","","","","",20.9,9,"","","","","","","","","","","","","","","","","","","","","","","","","","","","","","","","","","","","","","","","","","","","",1018.8,9,1010.2,1,"","","","","","","","","","","","","","","","","","","","","","","","","","","","","","","","","","","","","","","","","","","","","","","","","","","","","","","","","","","","","","","","","","","","","","","","","","","","","","","","","","","","","","","","","","","","","","","","","","","","","","","","","","","","","","","",""
"33167001","BORDEAUX_OBSERVATOIRE",44.831667,-0.525,74,1912062315,"","","","","","","","","","","","","","","","","","","","","","","","","","","","","","","","","","","","",19.2,9,"","","","","","","","","","","","","","","","","","","","","","","","","","","","","","","","","","","","","","","","","","","","",1019.7,9,1011.,9,"","","","","","","","","","","","","","","","","","","","","","","","","","","","","","","","","","","","","","","","","","","","","","","","","","","","","","","","","","","","","","","","","","","","","","","","","","","","","","","","","","","","","","","","","","","","","","","","","","","","","","","","","","","","","","","",""
"33167001","BORDEAUX_OBSERVATOIRE",44.831667,-0.525,74,1912062318,"","","","","","","","","","","","","","","","","","","","","","","","","","","","","","","","","","","","",18.8,9,"","","","","","","","","","","","","","","","","","","","","","","","","","","","","","","","","","","","","","","","","","","","",1020.6,9,1011.9,9,"","","","","","","","","","","","","","","","","","","","","","","","","","","","","","","","","","","","","","","","","","","","","","","","","","","","","","","","","","","","","","","","","","","","","","","","","","","","","","","","","","","","","","","","","","","","","","","","","","","","","","","","","","","","","","","",""
"33167001","BORDEAUX_OBSERVATOIRE",44.831667,-0.525,74,1912062321,"","","","","","","","","","","","","","","","","","","","","","","","","","","","","","","","","","","","",15.9,9,"","","","","","","","","","","","","","","","","","","","","","","","","","","","","","","","","","","","","","","","","","","","",1022.,9,1013.2,9,"","","","","","","","","","","","","","","","","","","","","","","","","","","","","","","","","","","","","","","","","","","","","","","","","","","","","","","","","","","","","","","","","","","","","","","","","","","","","","","","","","","","","","","","","","","","","","","","","","","","","","","","","","","","","","","",""
"33167001","BORDEAUX_OBSERVATOIRE",44.831667,-0.525,74,1912062400,"","","","","","","","","","","","","","","","","","","","","","","","","","","","","","","","","","","","",15.3,9,"","","","","","","","","","","","","","","","","","","","","","","","","","","","","","","","","","","","","","","","","","","","",1022.4,9,1013.5,9,"","","","","","","","","","","","","","","","","","","","","","","","","","","","","","","","","","","","","","","","","","","","","","","","","","","","","","","","","","","","","","","","","","","","","","","","","","","","","","","","","","","","","","","","","","","","","","","","","","","","","","","","","","","","","","","",""
"33167001","BORDEAUX_OBSERVATOIRE",44.831667,-0.525,74,1912062403,"","","","","","","","","","","","","","","","","","","","","","","","","","","","","","","","","","","","",15.,9,"","","","","","","","","","","","","","","","","","","","","","","","","","","","","","","","","","","","","","","","","","","","",1021.7,9,1012.8,9,"","","","","","","","","","","","","","","","","","","","","","","","","","","","","","","","","","","","","","","","","","","","","","","","","","","","","","","","","","","","","","","","","","","","","","","","","","","","","","","","","","","","","","","","","","","","","","","","","","","","","","","","","","","","","","","",""
"33167001","BORDEAUX_OBSERVATOIRE",44.831667,-0.525,74,1912062407,"","","","","","","","","","","","","","","","","","","","","","","","","","","","","","","","","","","","",17.,9,"","","","","","","","","","","","","","","","","","","","","","","","","","","","","","","","","","","","","","","","","","","","",1022.8,9,1014.,9,"","","","","","","","","","","","","","","","","","","","","","","","","","","","","","","","","","","","","","","","","","","","","","","","","","","","","","","","","","","","","","","","","","","","","","","","","","","","","","","","","","","","","","","","","","","","","","","","","","","","","","","","","","","","","","","",""
"33167001","BORDEAUX_OBSERVATOIRE",44.831667,-0.525,74,1912062409,"","","","","","","","","","","","","","","","","","","","","","","","","","","","","","","","","","","","",19.3,9,"","","","","","","","","","","","","","","","","","","","","","","","","","","","","","","","","","","","","","","","","","","","",1023.,9,1014.3,9,"","","","","","","","","","","","","","","","","","","","","","","","","","","","","","","","","","","","","","","","","","","","","","","","","","","","","","","","","","","","","","","","","","","","","","","","","","","","","","","","","","","","","","","","","","","","","","","","","","","","","","","","","","","","","","","",""
"33167001","BORDEAUX_OBSERVATOIRE",44.831667,-0.525,74,1912062412,"","","","","","","","","","","","","","","","","","","","","","","","","","","","","","","","","","","","",21.5,9,"","","","","","","","","","","","","","","","","","","","","","","","","","","","","","","","","","","","","","","","","","","","",1022.9,9,1014.2,1,"","","","","","","","","","","","","","","","","","","","","","","","","","","","","","","","","","","","","","","","","","","","","","","","","","","","","","","","","","","","","","","","","","","","","","","","","","","","","","","","","","","","","","","","","","","","","","","","","","","","","","","","","","","","","","","",""
"33167001","BORDEAUX_OBSERVATOIRE",44.831667,-0.525,74,1912062415,"","","","","","","","","","","","","","","","","","","","","","","","","","","","","","","","","","","","",21.9,9,"","","","","","","","","","","","","","","","","","","","","","","","","","","","","","","","","","","","","","","","","","","","",1022.9,9,1014.3,9,"","","","","","","","","","","","","","","","","","","","","","","","","","","","","","","","","","","","","","","","","","","","","","","","","","","","","","","","","","","","","","","","","","","","","","","","","","","","","","","","","","","","","","","","","","","","","","","","","","","","","","","","","","","","","","","",""
"33167001","BORDEAUX_OBSERVATOIRE",44.831667,-0.525,74,1912062418,"","","","","","","","","","","","","","","","","","","","","","","","","","","","","","","","","","","","",18.9,9,"","","","","","","","","","","","","","","","","","","","","","","","","","","","","","","","","","","","","","","","","","","","",1023.9,9,1015.1,9,"","","","","","","","","","","","","","","","","","","","","","","","","","","","","","","","","","","","","","","","","","","","","","","","","","","","","","","","","","","","","","","","","","","","","","","","","","","","","","","","","","","","","","","","","","","","","","","","","","","","","","","","","","","","","","","",""
"33167001","BORDEAUX_OBSERVATOIRE",44.831667,-0.525,74,1912062421,"","","","","","","","","","","","","","","","","","","","","","","","","","","","","","","","","","","","",14.8,9,"","","","","","","","","","","","","","","","","","","","","","","","","","","","","","","","","","","","","","","","","","","","",1024.9,9,1016.,9,"","","","","","","","","","","","","","","","","","","","","","","","","","","","","","","","","","","","","","","","","","","","","","","","","","","","","","","","","","","","","","","","","","","","","","","","","","","","","","","","","","","","","","","","","","","","","","","","","","","","","","","","","","","","","","","",""
"33167001","BORDEAUX_OBSERVATOIRE",44.831667,-0.525,74,1912062500,"","","","","","","","","","","","","","","","","","","","","","","","","","","","","","","","","","","","",13.,9,"","","","","","","","","","","","","","","","","","","","","","","","","","","","","","","","","","","","","","","","","","","","",1025.3,9,1016.3,9,"","","","","","","","","","","","","","","","","","","","","","","","","","","","","","","","","","","","","","","","","","","","","","","","","","","","","","","","","","","","","","","","","","","","","","","","","","","","","","","","","","","","","","","","","","","","","","","","","","","","","","","","","","","","","","","",""
"33167001","BORDEAUX_OBSERVATOIRE",44.831667,-0.525,74,1912062503,"","","","","","","","","","","","","","","","","","","","","","","","","","","","","","","","","","","","",10.7,9,"","","","","","","","","","","","","","","","","","","","","","","","","","","","","","","","","","","","","","","","","","","","",1024.,9,1015.,9,"","","","","","","","","","","","","","","","","","","","","","","","","","","","","","","","","","","","","","","","","","","","","","","","","","","","","","","","","","","","","","","","","","","","","","","","","","","","","","","","","","","","","","","","","","","","","","","","","","","","","","","","","","","","","","","",""
"33167001","BORDEAUX_OBSERVATOIRE",44.831667,-0.525,74,1912062507,"","","","","","","","","","","","","","","","","","","","","","","","","","","","","","","","","","","","",14.3,9,"","","","","","","","","","","","","","","","","","","","","","","","","","","","","","","","","","","","","","","","","","","","",1023.2,9,1014.3,9,"","","","","","","","","","","","","","","","","","","","","","","","","","","","","","","","","","","","","","","","","","","","","","","","","","","","","","","","","","","","","","","","","","","","","","","","","","","","","","","","","","","","","","","","","","","","","","","","","","","","","","","","","","","","","","","",""
"33167001","BORDEAUX_OBSERVATOIRE",44.831667,-0.525,74,1912062509,"","","","","","","","","","","","","","","","","","","","","","","","","","","","","","","","","","","","",18.1,9,"","","","","","","","","","","","","","","","","","","","","","","","","","","","","","","","","","","","","","","","","","","","",1022.3,9,1013.5,9,"","","","","","","","","","","","","","","","","","","","","","","","","","","","","","","","","","","","","","","","","","","","","","","","","","","","","","","","","","","","","","","","","","","","","","","","","","","","","","","","","","","","","","","","","","","","","","","","","","","","","","","","","","","","","","","",""
"33167001","BORDEAUX_OBSERVATOIRE",44.831667,-0.525,74,1912062512,"","","","","","","","","","","","","","","","","","","","","","","","","","","","","","","","","","","","",21.8,9,"","","","","","","","","","","","","","","","","","","","","","","","","","","","","","","","","","","","","","","","","","","","",1021.3,9,1012.7,1,"","","","","","","","","","","","","","","","","","","","","","","","","","","","","","","","","","","","","","","","","","","","","","","","","","","","","","","","","","","","","","","","","","","","","","","","","","","","","","","","","","","","","","","","","","","","","","","","","","","","","","","","","","","","","","","",""
"33167001","BORDEAUX_OBSERVATOIRE",44.831667,-0.525,74,1912062515,"","","","","","","","","","","","","","","","","","","","","","","","","","","","","","","","","","","","",18.3,9,"","","","","","","","","","","","","","","","","","","","","","","","","","","","","","","","","","","","","","","","","","","","",1020.5,9,1011.8,9,"","","","","","","","","","","","","","","","","","","","","","","","","","","","","","","","","","","","","","","","","","","","","","","","","","","","","","","","","","","","","","","","","","","","","","","","","","","","","","","","","","","","","","","","","","","","","","","","","","","","","","","","","","","","","","","",""
"33167001","BORDEAUX_OBSERVATOIRE",44.831667,-0.525,74,1912062518,"","","","","","","","","","","","","","","","","","","","","","","","","","","","","","","","","","","","",18.3,9,"","","","","","","","","","","","","","","","","","","","","","","","","","","","","","","","","","","","","","","","","","","","",1020.1,9,1011.4,9,"","","","","","","","","","","","","","","","","","","","","","","","","","","","","","","","","","","","","","","","","","","","","","","","","","","","","","","","","","","","","","","","","","","","","","","","","","","","","","","","","","","","","","","","","","","","","","","","","","","","","","","","","","","","","","","",""
"33167001","BORDEAUX_OBSERVATOIRE",44.831667,-0.525,74,1912062521,"","","","","","","","","","","","","","","","","","","","","","","","","","","","","","","","","","","","",17.6,9,"","","","","","","","","","","","","","","","","","","","","","","","","","","","","","","","","","","","","","","","","","","","",1020.2,9,1011.4,9,"","","","","","","","","","","","","","","","","","","","","","","","","","","","","","","","","","","","","","","","","","","","","","","","","","","","","","","","","","","","","","","","","","","","","","","","","","","","","","","","","","","","","","","","","","","","","","","","","","","","","","","","","","","","","","","",""
"33167001","BORDEAUX_OBSERVATOIRE",44.831667,-0.525,74,1912062600,"","","","","","","","","","","","","","","","","","","","","","","","","","","","","","","","","","","","",15.2,9,"","","","","","","","","","","","","","","","","","","","","","","","","","","","","","","","","","","","","","","","","","","","",1020.8,9,1011.9,9,"","","","","","","","","","","","","","","","","","","","","","","","","","","","","","","","","","","","","","","","","","","","","","","","","","","","","","","","","","","","","","","","","","","","","","","","","","","","","","","","","","","","","","","","","","","","","","","","","","","","","","","","","","","","","","","",""
"33167001","BORDEAUX_OBSERVATOIRE",44.831667,-0.525,74,1912062603,"","","","","","","","","","","","","","","","","","","","","","","","","","","","","","","","","","","","",12.7,9,"","","","","","","","","","","","","","","","","","","","","","","","","","","","","","","","","","","","","","","","","","","","",1021.3,9,1012.4,9,"","","","","","","","","","","","","","","","","","","","","","","","","","","","","","","","","","","","","","","","","","","","","","","","","","","","","","","","","","","","","","","","","","","","","","","","","","","","","","","","","","","","","","","","","","","","","","","","","","","","","","","","","","","","","","","",""
"33167001","BORDEAUX_OBSERVATOIRE",44.831667,-0.525,74,1912062607,"","","","","","","","","","","","","","","","","","","","","","","","","","","","","","","","","","","","",15.5,9,"","","","","","","","","","","","","","","","","","","","","","","","","","","","","","","","","","","","","","","","","","","","",1023.2,9,1014.3,9,"","","","","","","","","","","","","","","","","","","","","","","","","","","","","","","","","","","","","","","","","","","","","","","","","","","","","","","","","","","","","","","","","","","","","","","","","","","","","","","","","","","","","","","","","","","","","","","","","","","","","","","","","","","","","","","",""
"33167001","BORDEAUX_OBSERVATOIRE",44.831667,-0.525,74,1912062609,"","","","","","","","","","","","","","","","","","","","","","","","","","","","","","","","","","","","",16.7,9,"","","","","","","","","","","","","","","","","","","","","","","","","","","","","","","","","","","","","","","","","","","","",1023.5,9,1014.7,9,"","","","","","","","","","","","","","","","","","","","","","","","","","","","","","","","","","","","","","","","","","","","","","","","","","","","","","","","","","","","","","","","","","","","","","","","","","","","","","","","","","","","","","","","","","","","","","","","","","","","","","","","","","","","","","","",""
"33167001","BORDEAUX_OBSERVATOIRE",44.831667,-0.525,74,1912062612,"","","","","","","","","","","","","","","","","","","","","","","","","","","","","","","","","","","","",19.5,9,"","","","","","","","","","","","","","","","","","","","","","","","","","","","","","","","","","","","","","","","","","","","",1024.2,9,1015.5,1,"","","","","","","","","","","","","","","","","","","","","","","","","","","","","","","","","","","","","","","","","","","","","","","","","","","","","","","","","","","","","","","","","","","","","","","","","","","","","","","","","","","","","","","","","","","","","","","","","","","","","","","","","","","","","","","",""
"33167001","BORDEAUX_OBSERVATOIRE",44.831667,-0.525,74,1912062615,"","","","","","","","","","","","","","","","","","","","","","","","","","","","","","","","","","","","",19.7,9,"","","","","","","","","","","","","","","","","","","","","","","","","","","","","","","","","","","","","","","","","","","","",1024.5,9,1015.8,9,"","","","","","","","","","","","","","","","","","","","","","","","","","","","","","","","","","","","","","","","","","","","","","","","","","","","","","","","","","","","","","","","","","","","","","","","","","","","","","","","","","","","","","","","","","","","","","","","","","","","","","","","","","","","","","","",""
"33167001","BORDEAUX_OBSERVATOIRE",44.831667,-0.525,74,1912062618,"","","","","","","","","","","","","","","","","","","","","","","","","","","","","","","","","","","","",18.1,9,"","","","","","","","","","","","","","","","","","","","","","","","","","","","","","","","","","","","","","","","","","","","",1024.7,9,1015.9,9,"","","","","","","","","","","","","","","","","","","","","","","","","","","","","","","","","","","","","","","","","","","","","","","","","","","","","","","","","","","","","","","","","","","","","","","","","","","","","","","","","","","","","","","","","","","","","","","","","","","","","","","","","","","","","","","",""
"33167001","BORDEAUX_OBSERVATOIRE",44.831667,-0.525,74,1912062621,"","","","","","","","","","","","","","","","","","","","","","","","","","","","","","","","","","","","",14.1,9,"","","","","","","","","","","","","","","","","","","","","","","","","","","","","","","","","","","","","","","","","","","","",1025.9,9,1017.,9,"","","","","","","","","","","","","","","","","","","","","","","","","","","","","","","","","","","","","","","","","","","","","","","","","","","","","","","","","","","","","","","","","","","","","","","","","","","","","","","","","","","","","","","","","","","","","","","","","","","","","","","","","","","","","","","",""
"33167001","BORDEAUX_OBSERVATOIRE",44.831667,-0.525,74,1912062700,"","","","","","","","","","","","","","","","","","","","","","","","","","","","","","","","","","","","",12.6,9,"","","","","","","","","","","","","","","","","","","","","","","","","","","","","","","","","","","","","","","","","","","","",1025.8,9,1016.8,9,"","","","","","","","","","","","","","","","","","","","","","","","","","","","","","","","","","","","","","","","","","","","","","","","","","","","","","","","","","","","","","","","","","","","","","","","","","","","","","","","","","","","","","","","","","","","","","","","","","","","","","","","","","","","","","","",""
"33167001","BORDEAUX_OBSERVATOIRE",44.831667,-0.525,74,1912062703,"","","","","","","","","","","","","","","","","","","","","","","","","","","","","","","","","","","","",11.4,9,"","","","","","","","","","","","","","","","","","","","","","","","","","","","","","","","","","","","","","","","","","","","",1024.9,9,1015.9,9,"","","","","","","","","","","","","","","","","","","","","","","","","","","","","","","","","","","","","","","","","","","","","","","","","","","","","","","","","","","","","","","","","","","","","","","","","","","","","","","","","","","","","","","","","","","","","","","","","","","","","","","","","","","","","","","",""
"33167001","BORDEAUX_OBSERVATOIRE",44.831667,-0.525,74,1912062707,"","","","","","","","","","","","","","","","","","","","","","","","","","","","","","","","","","","","",13.8,9,"","","","","","","","","","","","","","","","","","","","","","","","","","","","","","","","","","","","","","","","","","","","",1024.3,9,1015.4,9,"","","","","","","","","","","","","","","","","","","","","","","","","","","","","","","","","","","","","","","","","","","","","","","","","","","","","","","","","","","","","","","","","","","","","","","","","","","","","","","","","","","","","","","","","","","","","","","","","","","","","","","","","","","","","","","",""
"33167001","BORDEAUX_OBSERVATOIRE",44.831667,-0.525,74,1912062709,"","","","","","","","","","","","","","","","","","","","","","","","","","","","","","","","","","","","",18.5,9,"","","","","","","","","","","","","","","","","","","","","","","","","","","","","","","","","","","","","","","","","","","","",1023.5,9,1014.7,9,"","","","","","","","","","","","","","","","","","","","","","","","","","","","","","","","","","","","","","","","","","","","","","","","","","","","","","","","","","","","","","","","","","","","","","","","","","","","","","","","","","","","","","","","","","","","","","","","","","","","","","","","","","","","","","","",""
"33167001","BORDEAUX_OBSERVATOIRE",44.831667,-0.525,74,1912062712,"","","","","","","","","","","","","","","","","","","","","","","","","","","","","","","","","","","","",21.4,9,"","","","","","","","","","","","","","","","","","","","","","","","","","","","","","","","","","","","","","","","","","","","",1022.,9,1013.3,1,"","","","","","","","","","","","","","","","","","","","","","","","","","","","","","","","","","","","","","","","","","","","","","","","","","","","","","","","","","","","","","","","","","","","","","","","","","","","","","","","","","","","","","","","","","","","","","","","","","","","","","","","","","","","","","","",""
"33167001","BORDEAUX_OBSERVATOIRE",44.831667,-0.525,74,1912062715,"","","","","","","","","","","","","","","","","","","","","","","","","","","","","","","","","","","","",23.5,9,"","","","","","","","","","","","","","","","","","","","","","","","","","","","","","","","","","","","","","","","","","","","",1020.1,9,1011.5,9,"","","","","","","","","","","","","","","","","","","","","","","","","","","","","","","","","","","","","","","","","","","","","","","","","","","","","","","","","","","","","","","","","","","","","","","","","","","","","","","","","","","","","","","","","","","","","","","","","","","","","","","","","","","","","","","",""
"33167001","BORDEAUX_OBSERVATOIRE",44.831667,-0.525,74,1912062718,"","","","","","","","","","","","","","","","","","","","","","","","","","","","","","","","","","","","",22.8,9,"","","","","","","","","","","","","","","","","","","","","","","","","","","","","","","","","","","","","","","","","","","","",1018.9,9,1010.3,9,"","","","","","","","","","","","","","","","","","","","","","","","","","","","","","","","","","","","","","","","","","","","","","","","","","","","","","","","","","","","","","","","","","","","","","","","","","","","","","","","","","","","","","","","","","","","","","","","","","","","","","","","","","","","","","","",""
"33167001","BORDEAUX_OBSERVATOIRE",44.831667,-0.525,74,1912062721,"","","","","","","","","","","","","","","","","","","","","","","","","","","","","","","","","","","","",19.9,9,"","","","","","","","","","","","","","","","","","","","","","","","","","","","","","","","","","","","","","","","","","","","",1019.,9,1010.3,9,"","","","","","","","","","","","","","","","","","","","","","","","","","","","","","","","","","","","","","","","","","","","","","","","","","","","","","","","","","","","","","","","","","","","","","","","","","","","","","","","","","","","","","","","","","","","","","","","","","","","","","","","","","","","","","","",""
"33167001","BORDEAUX_OBSERVATOIRE",44.831667,-0.525,74,1912062800,"","","","","","","","","","","","","","","","","","","","","","","","","","","","","","","","","","","","",16.4,9,"","","","","","","","","","","","","","","","","","","","","","","","","","","","","","","","","","","","","","","","","","","","",1018.4,9,1009.6,9,"","","","","","","","","","","","","","","","","","","","","","","","","","","","","","","","","","","","","","","","","","","","","","","","","","","","","","","","","","","","","","","","","","","","","","","","","","","","","","","","","","","","","","","","","","","","","","","","","","","","","","","","","","","","","","","",""
"33167001","BORDEAUX_OBSERVATOIRE",44.831667,-0.525,74,1912062803,"","","","","","","","","","","","","","","","","","","","","","","","","","","","","","","","","","","","",15.2,9,"","","","","","","","","","","","","","","","","","","","","","","","","","","","","","","","","","","","","","","","","","","","",1017.5,9,1008.7,9,"","","","","","","","","","","","","","","","","","","","","","","","","","","","","","","","","","","","","","","","","","","","","","","","","","","","","","","","","","","","","","","","","","","","","","","","","","","","","","","","","","","","","","","","","","","","","","","","","","","","","","","","","","","","","","","",""
"33167001","BORDEAUX_OBSERVATOIRE",44.831667,-0.525,74,1912062807,"","","","","","","","","","","","","","","","","","","","","","","","","","","","","","","","","","","","",16.5,9,"","","","","","","","","","","","","","","","","","","","","","","","","","","","","","","","","","","","","","","","","","","","",1017.8,9,1009.,9,"","","","","","","","","","","","","","","","","","","","","","","","","","","","","","","","","","","","","","","","","","","","","","","","","","","","","","","","","","","","","","","","","","","","","","","","","","","","","","","","","","","","","","","","","","","","","","","","","","","","","","","","","","","","","","","",""
"33167001","BORDEAUX_OBSERVATOIRE",44.831667,-0.525,74,1912062809,"","","","","","","","","","","","","","","","","","","","","","","","","","","","","","","","","","","","",22.,9,"","","","","","","","","","","","","","","","","","","","","","","","","","","","","","","","","","","","","","","","","","","","",1018.,9,1009.4,9,"","","","","","","","","","","","","","","","","","","","","","","","","","","","","","","","","","","","","","","","","","","","","","","","","","","","","","","","","","","","","","","","","","","","","","","","","","","","","","","","","","","","","","","","","","","","","","","","","","","","","","","","","","","","","","","",""
"33167001","BORDEAUX_OBSERVATOIRE",44.831667,-0.525,74,1912062812,"","","","","","","","","","","","","","","","","","","","","","","","","","","","","","","","","","","","",25.5,9,"","","","","","","","","","","","","","","","","","","","","","","","","","","","","","","","","","","","","","","","","","","","",1017.1,9,1008.6,1,"","","","","","","","","","","","","","","","","","","","","","","","","","","","","","","","","","","","","","","","","","","","","","","","","","","","","","","","","","","","","","","","","","","","","","","","","","","","","","","","","","","","","","","","","","","","","","","","","","","","","","","","","","","","","","","",""
"33167001","BORDEAUX_OBSERVATOIRE",44.831667,-0.525,74,1912062815,"","","","","","","","","","","","","","","","","","","","","","","","","","","","","","","","","","","","",25.5,9,"","","","","","","","","","","","","","","","","","","","","","","","","","","","","","","","","","","","","","","","","","","","",1016.3,9,1007.8,9,"","","","","","","","","","","","","","","","","","","","","","","","","","","","","","","","","","","","","","","","","","","","","","","","","","","","","","","","","","","","","","","","","","","","","","","","","","","","","","","","","","","","","","","","","","","","","","","","","","","","","","","","","","","","","","","",""
"33167001","BORDEAUX_OBSERVATOIRE",44.831667,-0.525,74,1912062818,"","","","","","","","","","","","","","","","","","","","","","","","","","","","","","","","","","","","",20.3,9,"","","","","","","","","","","","","","","","","","","","","","","","","","","","","","","","","","","","","","","","","","","","",1016.5,9,1007.9,9,"","","","","","","","","","","","","","","","","","","","","","","","","","","","","","","","","","","","","","","","","","","","","","","","","","","","","","","","","","","","","","","","","","","","","","","","","","","","","","","","","","","","","","","","","","","","","","","","","","","","","","","","","","","","","","","",""
"33167001","BORDEAUX_OBSERVATOIRE",44.831667,-0.525,74,1912062821,"","","","","","","","","","","","","","","","","","","","","","","","","","","","","","","","","","","","",16.3,9,"","","","","","","","","","","","","","","","","","","","","","","","","","","","","","","","","","","","","","","","","","","","",1017.8,9,1009.,9,"","","","","","","","","","","","","","","","","","","","","","","","","","","","","","","","","","","","","","","","","","","","","","","","","","","","","","","","","","","","","","","","","","","","","","","","","","","","","","","","","","","","","","","","","","","","","","","","","","","","","","","","","","","","","","","",""
"33167001","BORDEAUX_OBSERVATOIRE",44.831667,-0.525,74,1912062900,"","","","","","","","","","","","","","","","","","","","","","","","","","","","","","","","","","","","",15.6,9,"","","","","","","","","","","","","","","","","","","","","","","","","","","","","","","","","","","","","","","","","","","","",1018.3,9,1009.5,9,"","","","","","","","","","","","","","","","","","","","","","","","","","","","","","","","","","","","","","","","","","","","","","","","","","","","","","","","","","","","","","","","","","","","","","","","","","","","","","","","","","","","","","","","","","","","","","","","","","","","","","","","","","","","","","","",""
"33167001","BORDEAUX_OBSERVATOIRE",44.831667,-0.525,74,1912062903,"","","","","","","","","","","","","","","","","","","","","","","","","","","","","","","","","","","","",15.5,9,"","","","","","","","","","","","","","","","","","","","","","","","","","","","","","","","","","","","","","","","","","","","",1017.5,9,1008.7,9,"","","","","","","","","","","","","","","","","","","","","","","","","","","","","","","","","","","","","","","","","","","","","","","","","","","","","","","","","","","","","","","","","","","","","","","","","","","","","","","","","","","","","","","","","","","","","","","","","","","","","","","","","","","","","","","",""
"33167001","BORDEAUX_OBSERVATOIRE",44.831667,-0.525,74,1912062907,"","","","","","","","","","","","","","","","","","","","","","","","","","","","","","","","","","","","",14.9,9,"","","","","","","","","","","","","","","","","","","","","","","","","","","","","","","","","","","","","","","","","","","","",1018.3,9,1009.5,9,"","","","","","","","","","","","","","","","","","","","","","","","","","","","","","","","","","","","","","","","","","","","","","","","","","","","","","","","","","","","","","","","","","","","","","","","","","","","","","","","","","","","","","","","","","","","","","","","","","","","","","","","","","","","","","","",""
"33167001","BORDEAUX_OBSERVATOIRE",44.831667,-0.525,74,1912062909,"","","","","","","","","","","","","","","","","","","","","","","","","","","","","","","","","","","","",16.,9,"","","","","","","","","","","","","","","","","","","","","","","","","","","","","","","","","","","","","","","","","","","","",1018.7,9,1009.9,9,"","","","","","","","","","","","","","","","","","","","","","","","","","","","","","","","","","","","","","","","","","","","","","","","","","","","","","","","","","","","","","","","","","","","","","","","","","","","","","","","","","","","","","","","","","","","","","","","","","","","","","","","","","","","","","","",""
"33167001","BORDEAUX_OBSERVATOIRE",44.831667,-0.525,74,1912062912,"","","","","","","","","","","","","","","","","","","","","","","","","","","","","","","","","","","","",17.2,9,"","","","","","","","","","","","","","","","","","","","","","","","","","","","","","","","","","","","","","","","","","","","",1018.9,9,1010.1,1,"","","","","","","","","","","","","","","","","","","","","","","","","","","","","","","","","","","","","","","","","","","","","","","","","","","","","","","","","","","","","","","","","","","","","","","","","","","","","","","","","","","","","","","","","","","","","","","","","","","","","","","","","","","","","","","",""
"33167001","BORDEAUX_OBSERVATOIRE",44.831667,-0.525,74,1912062915,"","","","","","","","","","","","","","","","","","","","","","","","","","","","","","","","","","","","",19.3,9,"","","","","","","","","","","","","","","","","","","","","","","","","","","","","","","","","","","","","","","","","","","","",1018.6,9,1009.9,9,"","","","","","","","","","","","","","","","","","","","","","","","","","","","","","","","","","","","","","","","","","","","","","","","","","","","","","","","","","","","","","","","","","","","","","","","","","","","","","","","","","","","","","","","","","","","","","","","","","","","","","","","","","","","","","","",""
"33167001","BORDEAUX_OBSERVATOIRE",44.831667,-0.525,74,1912062918,"","","","","","","","","","","","","","","","","","","","","","","","","","","","","","","","","","","","",17.9,9,"","","","","","","","","","","","","","","","","","","","","","","","","","","","","","","","","","","","","","","","","","","","",1019.4,9,1010.7,9,"","","","","","","","","","","","","","","","","","","","","","","","","","","","","","","","","","","","","","","","","","","","","","","","","","","","","","","","","","","","","","","","","","","","","","","","","","","","","","","","","","","","","","","","","","","","","","","","","","","","","","","","","","","","","","","",""
"33167001","BORDEAUX_OBSERVATOIRE",44.831667,-0.525,74,1912062921,"","","","","","","","","","","","","","","","","","","","","","","","","","","","","","","","","","","","",14.,9,"","","","","","","","","","","","","","","","","","","","","","","","","","","","","","","","","","","","","","","","","","","","",1020.7,9,1011.8,9,"","","","","","","","","","","","","","","","","","","","","","","","","","","","","","","","","","","","","","","","","","","","","","","","","","","","","","","","","","","","","","","","","","","","","","","","","","","","","","","","","","","","","","","","","","","","","","","","","","","","","","","","","","","","","","","",""
"33167001","BORDEAUX_OBSERVATOIRE",44.831667,-0.525,74,1912063000,"","","","","","","","","","","","","","","","","","","","","","","","","","","","","","","","","","","","",12.1,9,"","","","","","","","","","","","","","","","","","","","","","","","","","","","","","","","","","","","","","","","","","","","",1020.9,9,1011.9,9,"","","","","","","","","","","","","","","","","","","","","","","","","","","","","","","","","","","","","","","","","","","","","","","","","","","","","","","","","","","","","","","","","","","","","","","","","","","","","","","","","","","","","","","","","","","","","","","","","","","","","","","","","","","","","","","",""
"33167001","BORDEAUX_OBSERVATOIRE",44.831667,-0.525,74,1912063003,"","","","","","","","","","","","","","","","","","","","","","","","","","","","","","","","","","","","",10.6,9,"","","","","","","","","","","","","","","","","","","","","","","","","","","","","","","","","","","","","","","","","","","","",1019.3,9,1010.3,9,"","","","","","","","","","","","","","","","","","","","","","","","","","","","","","","","","","","","","","","","","","","","","","","","","","","","","","","","","","","","","","","","","","","","","","","","","","","","","","","","","","","","","","","","","","","","","","","","","","","","","","","","","","","","","","","",""
"33167001","BORDEAUX_OBSERVATOIRE",44.831667,-0.525,74,1912063007,"","","","","","","","","","","","","","","","","","","","","","","","","","","","","","","","","","","","",13.2,9,"","","","","","","","","","","","","","","","","","","","","","","","","","","","","","","","","","","","","","","","","","","","",1018.6,9,1009.7,9,"","","","","","","","","","","","","","","","","","","","","","","","","","","","","","","","","","","","","","","","","","","","","","","","","","","","","","","","","","","","","","","","","","","","","","","","","","","","","","","","","","","","","","","","","","","","","","","","","","","","","","","","","","","","","","","",""
"33167001","BORDEAUX_OBSERVATOIRE",44.831667,-0.525,74,1912063009,"","","","","","","","","","","","","","","","","","","","","","","","","","","","","","","","","","","","",15.6,9,"","","","","","","","","","","","","","","","","","","","","","","","","","","","","","","","","","","","","","","","","","","","",1018.1,9,1009.3,9,"","","","","","","","","","","","","","","","","","","","","","","","","","","","","","","","","","","","","","","","","","","","","","","","","","","","","","","","","","","","","","","","","","","","","","","","","","","","","","","","","","","","","","","","","","","","","","","","","","","","","","","","","","","","","","","",""
"33167001","BORDEAUX_OBSERVATOIRE",44.831667,-0.525,74,1912063012,"","","","","","","","","","","","","","","","","","","","","","","","","","","","","","","","","","","","",16.3,9,"","","","","","","","","","","","","","","","","","","","","","","","","","","","","","","","","","","","","","","","","","","","",1017.3,9,1008.5,1,"","","","","","","","","","","","","","","","","","","","","","","","","","","","","","","","","","","","","","","","","","","","","","","","","","","","","","","","","","","","","","","","","","","","","","","","","","","","","","","","","","","","","","","","","","","","","","","","","","","","","","","","","","","","","","","",""
"33167001","BORDEAUX_OBSERVATOIRE",44.831667,-0.525,74,1912063015,"","","","","","","","","","","","","","","","","","","","","","","","","","","","","","","","","","","","",18.2,9,"","","","","","","","","","","","","","","","","","","","","","","","","","","","","","","","","","","","","","","","","","","","",1016.9,9,1008.2,9,"","","","","","","","","","","","","","","","","","","","","","","","","","","","","","","","","","","","","","","","","","","","","","","","","","","","","","","","","","","","","","","","","","","","","","","","","","","","","","","","","","","","","","","","","","","","","","","","","","","","","","","","","","","","","","","",""
"33167001","BORDEAUX_OBSERVATOIRE",44.831667,-0.525,74,1912063018,"","","","","","","","","","","","","","","","","","","","","","","","","","","","","","","","","","","","",16.5,9,"","","","","","","","","","","","","","","","","","","","","","","","","","","","","","","","","","","","","","","","","","","","",1017.,9,1008.2,9,"","","","","","","","","","","","","","","","","","","","","","","","","","","","","","","","","","","","","","","","","","","","","","","","","","","","","","","","","","","","","","","","","","","","","","","","","","","","","","","","","","","","","","","","","","","","","","","","","","","","","","","","","","","","","","","",""
"33167001","BORDEAUX_OBSERVATOIRE",44.831667,-0.525,74,1912063021,"","","","","","","","","","","","","","","","","","","","","","","","","","","","","","","","","","","","",13.9,9,"","","","","","","","","","","","","","","","","","","","","","","","","","","","","","","","","","","","","","","","","","","","",1018.3,9,1009.4,9,"","","","","","","","","","","","","","","","","","","","","","","","","","","","","","","","","","","","","","","","","","","","","","","","","","","","","","","","","","","","","","","","","","","","","","","","","","","","","","","","","","","","","","","","","","","","","","","","","","","","","","","","","","","","","","","",""
"33167001","BORDEAUX_OBSERVATOIRE",44.831667,-0.525,74,1912070100,"","","","","","","","","","","","","","","","","","","","","","","","","","","","","","","","","","","","",12.1,9,"","","","","","","","","","","","","","","","","","","","","","","","","","","","","","","","","","","","","","","","","","","","",1018.7,9,1009.8,9,"","","","","","","","","","","","","","","","","","","","","","","","","","","","","","","","","","","","","","","","","","","","","","","","","","","","","","","","","","","","","","","","","","","","","","","","","","","","","","","","","","","","","","","","","","","","","","","","","","","","","","","","","","","","","","","",""
"33167001","BORDEAUX_OBSERVATOIRE",44.831667,-0.525,74,1912070103,"","","","","","","","","","","","","","","","","","","","","","","","","","","","","","","","","","","","",11.2,9,"","","","","","","","","","","","","","","","","","","","","","","","","","","","","","","","","","","","","","","","","","","","",1018.,9,1009.,9,"","","","","","","","","","","","","","","","","","","","","","","","","","","","","","","","","","","","","","","","","","","","","","","","","","","","","","","","","","","","","","","","","","","","","","","","","","","","","","","","","","","","","","","","","","","","","","","","","","","","","","","","","","","","","","","",""
"33167001","BORDEAUX_OBSERVATOIRE",44.831667,-0.525,74,1912070107,"","","","","","","","","","","","","","","","","","","","","","","","","","","","","","","","","","","","",13.8,9,"","","","","","","","","","","","","","","","","","","","","","","","","","","","","","","","","","","","","","","","","","","","",1018.3,9,1009.4,9,"","","","","","","","","","","","","","","","","","","","","","","","","","","","","","","","","","","","","","","","","","","","","","","","","","","","","","","","","","","","","","","","","","","","","","","","","","","","","","","","","","","","","","","","","","","","","","","","","","","","","","","","","","","","","","","",""
"33167001","BORDEAUX_OBSERVATOIRE",44.831667,-0.525,74,1912070109,"","","","","","","","","","","","","","","","","","","","","","","","","","","","","","","","","","","","",17.,9,"","","","","","","","","","","","","","","","","","","","","","","","","","","","","","","","","","","","","","","","","","","","",1018.2,9,1009.4,9,"","","","","","","","","","","","","","","","","","","","","","","","","","","","","","","","","","","","","","","","","","","","","","","","","","","","","","","","","","","","","","","","","","","","","","","","","","","","","","","","","","","","","","","","","","","","","","","","","","","","","","","","","","","","","","","",""
"33167001","BORDEAUX_OBSERVATOIRE",44.831667,-0.525,74,1912070112,"","","","","","","","","","","","","","","","","","","","","","","","","","","","","","","","","","","","",18.3,9,"","","","","","","","","","","","","","","","","","","","","","","","","","","","","","","","","","","","","","","","","","","","",1018.5,9,1009.8,1,"","","","","","","","","","","","","","","","","","","","","","","","","","","","","","","","","","","","","","","","","","","","","","","","","","","","","","","","","","","","","","","","","","","","","","","","","","","","","","","","","","","","","","","","","","","","","","","","","","","","","","","","","","","","","","","",""
"33167001","BORDEAUX_OBSERVATOIRE",44.831667,-0.525,74,1912070115,"","","","","","","","","","","","","","","","","","","","","","","","","","","","","","","","","","","","",16.9,9,"","","","","","","","","","","","","","","","","","","","","","","","","","","","","","","","","","","","","","","","","","","","",1018.2,9,1009.4,9,"","","","","","","","","","","","","","","","","","","","","","","","","","","","","","","","","","","","","","","","","","","","","","","","","","","","","","","","","","","","","","","","","","","","","","","","","","","","","","","","","","","","","","","","","","","","","","","","","","","","","","","","","","","","","","","",""
"33167001","BORDEAUX_OBSERVATOIRE",44.831667,-0.525,74,1912070118,"","","","","","","","","","","","","","","","","","","","","","","","","","","","","","","","","","","","",17.6,9,"","","","","","","","","","","","","","","","","","","","","","","","","","","","","","","","","","","","","","","","","","","","",1018.7,9,1009.9,9,"","","","","","","","","","","","","","","","","","","","","","","","","","","","","","","","","","","","","","","","","","","","","","","","","","","","","","","","","","","","","","","","","","","","","","","","","","","","","","","","","","","","","","","","","","","","","","","","","","","","","","","","","","","","","","","",""
"33167001","BORDEAUX_OBSERVATOIRE",44.831667,-0.525,74,1912070121,"","","","","","","","","","","","","","","","","","","","","","","","","","","","","","","","","","","","",14.1,9,"","","","","","","","","","","","","","","","","","","","","","","","","","","","","","","","","","","","","","","","","","","","",1020.,9,1011.1,9,"","","","","","","","","","","","","","","","","","","","","","","","","","","","","","","","","","","","","","","","","","","","","","","","","","","","","","","","","","","","","","","","","","","","","","","","","","","","","","","","","","","","","","","","","","","","","","","","","","","","","","","","","","","","","","","",""
"33167001","BORDEAUX_OBSERVATOIRE",44.831667,-0.525,74,1912070200,"","","","","","","","","","","","","","","","","","","","","","","","","","","","","","","","","","","","",12.2,9,"","","","","","","","","","","","","","","","","","","","","","","","","","","","","","","","","","","","","","","","","","","","",1020.1,9,1011.2,9,"","","","","","","","","","","","","","","","","","","","","","","","","","","","","","","","","","","","","","","","","","","","","","","","","","","","","","","","","","","","","","","","","","","","","","","","","","","","","","","","","","","","","","","","","","","","","","","","","","","","","","","","","","","","","","","",""
"33167001","BORDEAUX_OBSERVATOIRE",44.831667,-0.525,74,1912070203,"","","","","","","","","","","","","","","","","","","","","","","","","","","","","","","","","","","","",10.7,9,"","","","","","","","","","","","","","","","","","","","","","","","","","","","","","","","","","","","","","","","","","","","",1019.4,9,1010.4,9,"","","","","","","","","","","","","","","","","","","","","","","","","","","","","","","","","","","","","","","","","","","","","","","","","","","","","","","","","","","","","","","","","","","","","","","","","","","","","","","","","","","","","","","","","","","","","","","","","","","","","","","","","","","","","","","",""
"33167001","BORDEAUX_OBSERVATOIRE",44.831667,-0.525,74,1912070207,"","","","","","","","","","","","","","","","","","","","","","","","","","","","","","","","","","","","",13.,9,"","","","","","","","","","","","","","","","","","","","","","","","","","","","","","","","","","","","","","","","","","","","",1019.,9,1010.1,9,"","","","","","","","","","","","","","","","","","","","","","","","","","","","","","","","","","","","","","","","","","","","","","","","","","","","","","","","","","","","","","","","","","","","","","","","","","","","","","","","","","","","","","","","","","","","","","","","","","","","","","","","","","","","","","","",""
"33167001","BORDEAUX_OBSERVATOIRE",44.831667,-0.525,74,1912070209,"","","","","","","","","","","","","","","","","","","","","","","","","","","","","","","","","","","","",16.1,9,"","","","","","","","","","","","","","","","","","","","","","","","","","","","","","","","","","","","","","","","","","","","",1018.3,9,1009.5,9,"","","","","","","","","","","","","","","","","","","","","","","","","","","","","","","","","","","","","","","","","","","","","","","","","","","","","","","","","","","","","","","","","","","","","","","","","","","","","","","","","","","","","","","","","","","","","","","","","","","","","","","","","","","","","","","",""
"33167001","BORDEAUX_OBSERVATOIRE",44.831667,-0.525,74,1912070212,"","","","","","","","","","","","","","","","","","","","","","","","","","","","","","","","","","","","",19.1,9,"","","","","","","","","","","","","","","","","","","","","","","","","","","","","","","","","","","","","","","","","","","","",1017.6,9,1008.9,1,"","","","","","","","","","","","","","","","","","","","","","","","","","","","","","","","","","","","","","","","","","","","","","","","","","","","","","","","","","","","","","","","","","","","","","","","","","","","","","","","","","","","","","","","","","","","","","","","","","","","","","","","","","","","","","","",""
"33167001","BORDEAUX_OBSERVATOIRE",44.831667,-0.525,74,1912070215,"","","","","","","","","","","","","","","","","","","","","","","","","","","","","","","","","","","","",17.7,9,"","","","","","","","","","","","","","","","","","","","","","","","","","","","","","","","","","","","","","","","","","","","",1017.,9,1008.3,9,"","","","","","","","","","","","","","","","","","","","","","","","","","","","","","","","","","","","","","","","","","","","","","","","","","","","","","","","","","","","","","","","","","","","","","","","","","","","","","","","","","","","","","","","","","","","","","","","","","","","","","","","","","","","","","","",""
"33167001","BORDEAUX_OBSERVATOIRE",44.831667,-0.525,74,1912070218,"","","","","","","","","","","","","","","","","","","","","","","","","","","","","","","","","","","","",16.,9,"","","","","","","","","","","","","","","","","","","","","","","","","","","","","","","","","","","","","","","","","","","","",1016.9,9,1008.1,9,"","","","","","","","","","","","","","","","","","","","","","","","","","","","","","","","","","","","","","","","","","","","","","","","","","","","","","","","","","","","","","","","","","","","","","","","","","","","","","","","","","","","","","","","","","","","","","","","","","","","","","","","","","","","","","","",""
"33167001","BORDEAUX_OBSERVATOIRE",44.831667,-0.525,74,1912070221,"","","","","","","","","","","","","","","","","","","","","","","","","","","","","","","","","","","","",14.,9,"","","","","","","","","","","","","","","","","","","","","","","","","","","","","","","","","","","","","","","","","","","","",1017.2,9,1008.3,9,"","","","","","","","","","","","","","","","","","","","","","","","","","","","","","","","","","","","","","","","","","","","","","","","","","","","","","","","","","","","","","","","","","","","","","","","","","","","","","","","","","","","","","","","","","","","","","","","","","","","","","","","","","","","","","","",""
"33167001","BORDEAUX_OBSERVATOIRE",44.831667,-0.525,74,1912070300,"","","","","","","","","","","","","","","","","","","","","","","","","","","","","","","","","","","","",12.7,9,"","","","","","","","","","","","","","","","","","","","","","","","","","","","","","","","","","","","","","","","","","","","",1016.8,9,1007.9,9,"","","","","","","","","","","","","","","","","","","","","","","","","","","","","","","","","","","","","","","","","","","","","","","","","","","","","","","","","","","","","","","","","","","","","","","","","","","","","","","","","","","","","","","","","","","","","","","","","","","","","","","","","","","","","","","",""
"33167001","BORDEAUX_OBSERVATOIRE",44.831667,-0.525,74,1912070303,"","","","","","","","","","","","","","","","","","","","","","","","","","","","","","","","","","","","",11.9,9,"","","","","","","","","","","","","","","","","","","","","","","","","","","","","","","","","","","","","","","","","","","","",1016.,9,1007.1,9,"","","","","","","","","","","","","","","","","","","","","","","","","","","","","","","","","","","","","","","","","","","","","","","","","","","","","","","","","","","","","","","","","","","","","","","","","","","","","","","","","","","","","","","","","","","","","","","","","","","","","","","","","","","","","","","",""
"33167001","BORDEAUX_OBSERVATOIRE",44.831667,-0.525,74,1912070307,"","","","","","","","","","","","","","","","","","","","","","","","","","","","","","","","","","","","",13.9,9,"","","","","","","","","","","","","","","","","","","","","","","","","","","","","","","","","","","","","","","","","","","","",1015.3,9,1006.5,9,"","","","","","","","","","","","","","","","","","","","","","","","","","","","","","","","","","","","","","","","","","","","","","","","","","","","","","","","","","","","","","","","","","","","","","","","","","","","","","","","","","","","","","","","","","","","","","","","","","","","","","","","","","","","","","","",""
"33167001","BORDEAUX_OBSERVATOIRE",44.831667,-0.525,74,1912070309,"","","","","","","","","","","","","","","","","","","","","","","","","","","","","","","","","","","","",18.2,9,"","","","","","","","","","","","","","","","","","","","","","","","","","","","","","","","","","","","","","","","","","","","",1015.,9,1006.3,9,"","","","","","","","","","","","","","","","","","","","","","","","","","","","","","","","","","","","","","","","","","","","","","","","","","","","","","","","","","","","","","","","","","","","","","","","","","","","","","","","","","","","","","","","","","","","","","","","","","","","","","","","","","","","","","","",""
"33167001","BORDEAUX_OBSERVATOIRE",44.831667,-0.525,74,1912070312,"","","","","","","","","","","","","","","","","","","","","","","","","","","","","","","","","","","","",15.9,9,"","","","","","","","","","","","","","","","","","","","","","","","","","","","","","","","","","","","","","","","","","","","",1015.3,9,1006.5,1,"","","","","","","","","","","","","","","","","","","","","","","","","","","","","","","","","","","","","","","","","","","","","","","","","","","","","","","","","","","","","","","","","","","","","","","","","","","","","","","","","","","","","","","","","","","","","","","","","","","","","","","","","","","","","","","",""
"33167001","BORDEAUX_OBSERVATOIRE",44.831667,-0.525,74,1912070315,"","","","","","","","","","","","","","","","","","","","","","","","","","","","","","","","","","","","",20.1,9,"","","","","","","","","","","","","","","","","","","","","","","","","","","","","","","","","","","","","","","","","","","","",1014.8,9,1006.2,9,"","","","","","","","","","","","","","","","","","","","","","","","","","","","","","","","","","","","","","","","","","","","","","","","","","","","","","","","","","","","","","","","","","","","","","","","","","","","","","","","","","","","","","","","","","","","","","","","","","","","","","","","","","","","","","","",""
"33167001","BORDEAUX_OBSERVATOIRE",44.831667,-0.525,74,1912070318,"","","","","","","","","","","","","","","","","","","","","","","","","","","","","","","","","","","","",17.4,9,"","","","","","","","","","","","","","","","","","","","","","","","","","","","","","","","","","","","","","","","","","","","",1015.6,9,1006.9,9,"","","","","","","","","","","","","","","","","","","","","","","","","","","","","","","","","","","","","","","","","","","","","","","","","","","","","","","","","","","","","","","","","","","","","","","","","","","","","","","","","","","","","","","","","","","","","","","","","","","","","","","","","","","","","","","",""
"33167001","BORDEAUX_OBSERVATOIRE",44.831667,-0.525,74,1912070321,"","","","","","","","","","","","","","","","","","","","","","","","","","","","","","","","","","","","",13.6,9,"","","","","","","","","","","","","","","","","","","","","","","","","","","","","","","","","","","","","","","","","","","","",1016.7,9,1007.8,9,"","","","","","","","","","","","","","","","","","","","","","","","","","","","","","","","","","","","","","","","","","","","","","","","","","","","","","","","","","","","","","","","","","","","","","","","","","","","","","","","","","","","","","","","","","","","","","","","","","","","","","","","","","","","","","","",""
"33167001","BORDEAUX_OBSERVATOIRE",44.831667,-0.525,74,1912070400,"","","","","","","","","","","","","","","","","","","","","","","","","","","","","","","","","","","","",11.8,9,"","","","","","","","","","","","","","","","","","","","","","","","","","","","","","","","","","","","","","","","","","","","",1017.2,9,1008.3,9,"","","","","","","","","","","","","","","","","","","","","","","","","","","","","","","","","","","","","","","","","","","","","","","","","","","","","","","","","","","","","","","","","","","","","","","","","","","","","","","","","","","","","","","","","","","","","","","","","","","","","","","","","","","","","","","",""
"33167001","BORDEAUX_OBSERVATOIRE",44.831667,-0.525,74,1912070403,"","","","","","","","","","","","","","","","","","","","","","","","","","","","","","","","","","","","",10.5,9,"","","","","","","","","","","","","","","","","","","","","","","","","","","","","","","","","","","","","","","","","","","","",1016.9,9,1007.9,9,"","","","","","","","","","","","","","","","","","","","","","","","","","","","","","","","","","","","","","","","","","","","","","","","","","","","","","","","","","","","","","","","","","","","","","","","","","","","","","","","","","","","","","","","","","","","","","","","","","","","","","","","","","","","","","","",""
"33167001","BORDEAUX_OBSERVATOIRE",44.831667,-0.525,74,1912070407,"","","","","","","","","","","","","","","","","","","","","","","","","","","","","","","","","","","","",14.6,9,"","","","","","","","","","","","","","","","","","","","","","","","","","","","","","","","","","","","","","","","","","","","",1017.7,9,1008.9,9,"","","","","","","","","","","","","","","","","","","","","","","","","","","","","","","","","","","","","","","","","","","","","","","","","","","","","","","","","","","","","","","","","","","","","","","","","","","","","","","","","","","","","","","","","","","","","","","","","","","","","","","","","","","","","","","",""
"33167001","BORDEAUX_OBSERVATOIRE",44.831667,-0.525,74,1912070409,"","","","","","","","","","","","","","","","","","","","","","","","","","","","","","","","","","","","",18.1,9,"","","","","","","","","","","","","","","","","","","","","","","","","","","","","","","","","","","","","","","","","","","","",1018.,9,1009.3,9,"","","","","","","","","","","","","","","","","","","","","","","","","","","","","","","","","","","","","","","","","","","","","","","","","","","","","","","","","","","","","","","","","","","","","","","","","","","","","","","","","","","","","","","","","","","","","","","","","","","","","","","","","","","","","","","",""
"33167001","BORDEAUX_OBSERVATOIRE",44.831667,-0.525,74,1912070412,"","","","","","","","","","","","","","","","","","","","","","","","","","","","","","","","","","","","",20.4,9,"","","","","","","","","","","","","","","","","","","","","","","","","","","","","","","","","","","","","","","","","","","","",1017.6,9,1008.9,1,"","","","","","","","","","","","","","","","","","","","","","","","","","","","","","","","","","","","","","","","","","","","","","","","","","","","","","","","","","","","","","","","","","","","","","","","","","","","","","","","","","","","","","","","","","","","","","","","","","","","","","","","","","","","","","","",""
"33167001","BORDEAUX_OBSERVATOIRE",44.831667,-0.525,74,1912070415,"","","","","","","","","","","","","","","","","","","","","","","","","","","","","","","","","","","","",21.5,9,"","","","","","","","","","","","","","","","","","","","","","","","","","","","","","","","","","","","","","","","","","","","",1016.6,9,1008.,9,"","","","","","","","","","","","","","","","","","","","","","","","","","","","","","","","","","","","","","","","","","","","","","","","","","","","","","","","","","","","","","","","","","","","","","","","","","","","","","","","","","","","","","","","","","","","","","","","","","","","","","","","","","","","","","","",""
"33167001","BORDEAUX_OBSERVATOIRE",44.831667,-0.525,74,1912070418,"","","","","","","","","","","","","","","","","","","","","","","","","","","","","","","","","","","","",22.2,9,"","","","","","","","","","","","","","","","","","","","","","","","","","","","","","","","","","","","","","","","","","","","",1016.1,9,1007.5,9,"","","","","","","","","","","","","","","","","","","","","","","","","","","","","","","","","","","","","","","","","","","","","","","","","","","","","","","","","","","","","","","","","","","","","","","","","","","","","","","","","","","","","","","","","","","","","","","","","","","","","","","","","","","","","","","",""
"33167001","BORDEAUX_OBSERVATOIRE",44.831667,-0.525,74,1912070421,"","","","","","","","","","","","","","","","","","","","","","","","","","","","","","","","","","","","",18.2,9,"","","","","","","","","","","","","","","","","","","","","","","","","","","","","","","","","","","","","","","","","","","","",1016.5,9,1007.8,9,"","","","","","","","","","","","","","","","","","","","","","","","","","","","","","","","","","","","","","","","","","","","","","","","","","","","","","","","","","","","","","","","","","","","","","","","","","","","","","","","","","","","","","","","","","","","","","","","","","","","","","","","","","","","","","","",""
"33167001","BORDEAUX_OBSERVATOIRE",44.831667,-0.525,74,1912070500,"","","","","","","","","","","","","","","","","","","","","","","","","","","","","","","","","","","","",16.9,9,"","","","","","","","","","","","","","","","","","","","","","","","","","","","","","","","","","","","","","","","","","","","",1015.9,9,1007.1,9,"","","","","","","","","","","","","","","","","","","","","","","","","","","","","","","","","","","","","","","","","","","","","","","","","","","","","","","","","","","","","","","","","","","","","","","","","","","","","","","","","","","","","","","","","","","","","","","","","","","","","","","","","","","","","","","",""
"33167001","BORDEAUX_OBSERVATOIRE",44.831667,-0.525,74,1912070503,"","","","","","","","","","","","","","","","","","","","","","","","","","","","","","","","","","","","",16.2,9,"","","","","","","","","","","","","","","","","","","","","","","","","","","","","","","","","","","","","","","","","","","","",1014.2,9,1005.4,9,"","","","","","","","","","","","","","","","","","","","","","","","","","","","","","","","","","","","","","","","","","","","","","","","","","","","","","","","","","","","","","","","","","","","","","","","","","","","","","","","","","","","","","","","","","","","","","","","","","","","","","","","","","","","","","","",""
"33167001","BORDEAUX_OBSERVATOIRE",44.831667,-0.525,74,1912070507,"","","","","","","","","","","","","","","","","","","","","","","","","","","","","","","","","","","","",16.,9,"","","","","","","","","","","","","","","","","","","","","","","","","","","","","","","","","","","","","","","","","","","","",1014.2,9,1005.4,9,"","","","","","","","","","","","","","","","","","","","","","","","","","","","","","","","","","","","","","","","","","","","","","","","","","","","","","","","","","","","","","","","","","","","","","","","","","","","","","","","","","","","","","","","","","","","","","","","","","","","","","","","","","","","","","","",""
"33167001","BORDEAUX_OBSERVATOIRE",44.831667,-0.525,74,1912070509,"","","","","","","","","","","","","","","","","","","","","","","","","","","","","","","","","","","","",20.4,9,"","","","","","","","","","","","","","","","","","","","","","","","","","","","","","","","","","","","","","","","","","","","",1014.1,9,1005.5,9,"","","","","","","","","","","","","","","","","","","","","","","","","","","","","","","","","","","","","","","","","","","","","","","","","","","","","","","","","","","","","","","","","","","","","","","","","","","","","","","","","","","","","","","","","","","","","","","","","","","","","","","","","","","","","","","",""
"33167001","BORDEAUX_OBSERVATOIRE",44.831667,-0.525,74,1912070512,"","","","","","","","","","","","","","","","","","","","","","","","","","","","","","","","","","","","",25.3,9,"","","","","","","","","","","","","","","","","","","","","","","","","","","","","","","","","","","","","","","","","","","","",1013.4,9,1004.9,1,"","","","","","","","","","","","","","","","","","","","","","","","","","","","","","","","","","","","","","","","","","","","","","","","","","","","","","","","","","","","","","","","","","","","","","","","","","","","","","","","","","","","","","","","","","","","","","","","","","","","","","","","","","","","","","","",""
"33167001","BORDEAUX_OBSERVATOIRE",44.831667,-0.525,74,1912070515,"","","","","","","","","","","","","","","","","","","","","","","","","","","","","","","","","","","","",14.9,9,"","","","","","","","","","","","","","","","","","","","","","","","","","","","","","","","","","","","","","","","","","","","",1013.4,9,1004.6,9,"","","","","","","","","","","","","","","","","","","","","","","","","","","","","","","","","","","","","","","","","","","","","","","","","","","","","","","","","","","","","","","","","","","","","","","","","","","","","","","","","","","","","","","","","","","","","","","","","","","","","","","","","","","","","","","",""
"33167001","BORDEAUX_OBSERVATOIRE",44.831667,-0.525,74,1912070518,"","","","","","","","","","","","","","","","","","","","","","","","","","","","","","","","","","","","",19.8,9,"","","","","","","","","","","","","","","","","","","","","","","","","","","","","","","","","","","","","","","","","","","","",1014.4,9,1005.8,9,"","","","","","","","","","","","","","","","","","","","","","","","","","","","","","","","","","","","","","","","","","","","","","","","","","","","","","","","","","","","","","","","","","","","","","","","","","","","","","","","","","","","","","","","","","","","","","","","","","","","","","","","","","","","","","","",""
"33167001","BORDEAUX_OBSERVATOIRE",44.831667,-0.525,74,1912070521,"","","","","","","","","","","","","","","","","","","","","","","","","","","","","","","","","","","","",17.2,9,"","","","","","","","","","","","","","","","","","","","","","","","","","","","","","","","","","","","","","","","","","","","",1015.5,9,1006.8,9,"","","","","","","","","","","","","","","","","","","","","","","","","","","","","","","","","","","","","","","","","","","","","","","","","","","","","","","","","","","","","","","","","","","","","","","","","","","","","","","","","","","","","","","","","","","","","","","","","","","","","","","","","","","","","","","",""
"33167001","BORDEAUX_OBSERVATOIRE",44.831667,-0.525,74,1912070600,"","","","","","","","","","","","","","","","","","","","","","","","","","","","","","","","","","","","",15.8,9,"","","","","","","","","","","","","","","","","","","","","","","","","","","","","","","","","","","","","","","","","","","","",1016.6,9,1007.8,9,"","","","","","","","","","","","","","","","","","","","","","","","","","","","","","","","","","","","","","","","","","","","","","","","","","","","","","","","","","","","","","","","","","","","","","","","","","","","","","","","","","","","","","","","","","","","","","","","","","","","","","","","","","","","","","","",""
"33167001","BORDEAUX_OBSERVATOIRE",44.831667,-0.525,74,1912070603,"","","","","","","","","","","","","","","","","","","","","","","","","","","","","","","","","","","","",14.1,9,"","","","","","","","","","","","","","","","","","","","","","","","","","","","","","","","","","","","","","","","","","","","",1016.3,9,1007.5,9,"","","","","","","","","","","","","","","","","","","","","","","","","","","","","","","","","","","","","","","","","","","","","","","","","","","","","","","","","","","","","","","","","","","","","","","","","","","","","","","","","","","","","","","","","","","","","","","","","","","","","","","","","","","","","","","",""
"33167001","BORDEAUX_OBSERVATOIRE",44.831667,-0.525,74,1912070607,"","","","","","","","","","","","","","","","","","","","","","","","","","","","","","","","","","","","",16.,9,"","","","","","","","","","","","","","","","","","","","","","","","","","","","","","","","","","","","","","","","","","","","",1016.9,9,1008.1,9,"","","","","","","","","","","","","","","","","","","","","","","","","","","","","","","","","","","","","","","","","","","","","","","","","","","","","","","","","","","","","","","","","","","","","","","","","","","","","","","","","","","","","","","","","","","","","","","","","","","","","","","","","","","","","","","",""
"33167001","BORDEAUX_OBSERVATOIRE",44.831667,-0.525,74,1912070609,"","","","","","","","","","","","","","","","","","","","","","","","","","","","","","","","","","","","",19.9,9,"","","","","","","","","","","","","","","","","","","","","","","","","","","","","","","","","","","","","","","","","","","","",1016.9,9,1008.2,9,"","","","","","","","","","","","","","","","","","","","","","","","","","","","","","","","","","","","","","","","","","","","","","","","","","","","","","","","","","","","","","","","","","","","","","","","","","","","","","","","","","","","","","","","","","","","","","","","","","","","","","","","","","","","","","","",""
"33167001","BORDEAUX_OBSERVATOIRE",44.831667,-0.525,74,1912070612,"","","","","","","","","","","","","","","","","","","","","","","","","","","","","","","","","","","","",19.8,9,"","","","","","","","","","","","","","","","","","","","","","","","","","","","","","","","","","","","","","","","","","","","",1017.,9,1008.3,1,"","","","","","","","","","","","","","","","","","","","","","","","","","","","","","","","","","","","","","","","","","","","","","","","","","","","","","","","","","","","","","","","","","","","","","","","","","","","","","","","","","","","","","","","","","","","","","","","","","","","","","","","","","","","","","","",""
"33167001","BORDEAUX_OBSERVATOIRE",44.831667,-0.525,74,1912070615,"","","","","","","","","","","","","","","","","","","","","","","","","","","","","","","","","","","","",17.9,9,"","","","","","","","","","","","","","","","","","","","","","","","","","","","","","","","","","","","","","","","","","","","",1017.5,9,1008.8,9,"","","","","","","","","","","","","","","","","","","","","","","","","","","","","","","","","","","","","","","","","","","","","","","","","","","","","","","","","","","","","","","","","","","","","","","","","","","","","","","","","","","","","","","","","","","","","","","","","","","","","","","","","","","","","","","",""
"33167001","BORDEAUX_OBSERVATOIRE",44.831667,-0.525,74,1912070618,"","","","","","","","","","","","","","","","","","","","","","","","","","","","","","","","","","","","",17.9,9,"","","","","","","","","","","","","","","","","","","","","","","","","","","","","","","","","","","","","","","","","","","","",1017.4,9,1008.7,9,"","","","","","","","","","","","","","","","","","","","","","","","","","","","","","","","","","","","","","","","","","","","","","","","","","","","","","","","","","","","","","","","","","","","","","","","","","","","","","","","","","","","","","","","","","","","","","","","","","","","","","","","","","","","","","","",""
"33167001","BORDEAUX_OBSERVATOIRE",44.831667,-0.525,74,1912070621,"","","","","","","","","","","","","","","","","","","","","","","","","","","","","","","","","","","","",15.7,9,"","","","","","","","","","","","","","","","","","","","","","","","","","","","","","","","","","","","","","","","","","","","",1018.2,9,1009.4,9,"","","","","","","","","","","","","","","","","","","","","","","","","","","","","","","","","","","","","","","","","","","","","","","","","","","","","","","","","","","","","","","","","","","","","","","","","","","","","","","","","","","","","","","","","","","","","","","","","","","","","","","","","","","","","","","",""
"33167001","BORDEAUX_OBSERVATOIRE",44.831667,-0.525,74,1912070700,"","","","","","","","","","","","","","","","","","","","","","","","","","","","","","","","","","","","",14.5,9,"","","","","","","","","","","","","","","","","","","","","","","","","","","","","","","","","","","","","","","","","","","","",1018.1,9,1009.2,9,"","","","","","","","","","","","","","","","","","","","","","","","","","","","","","","","","","","","","","","","","","","","","","","","","","","","","","","","","","","","","","","","","","","","","","","","","","","","","","","","","","","","","","","","","","","","","","","","","","","","","","","","","","","","","","","",""
"33167001","BORDEAUX_OBSERVATOIRE",44.831667,-0.525,74,1912070703,"","","","","","","","","","","","","","","","","","","","","","","","","","","","","","","","","","","","",14.7,9,"","","","","","","","","","","","","","","","","","","","","","","","","","","","","","","","","","","","","","","","","","","","",1017.6,9,1008.8,9,"","","","","","","","","","","","","","","","","","","","","","","","","","","","","","","","","","","","","","","","","","","","","","","","","","","","","","","","","","","","","","","","","","","","","","","","","","","","","","","","","","","","","","","","","","","","","","","","","","","","","","","","","","","","","","","",""
"33167001","BORDEAUX_OBSERVATOIRE",44.831667,-0.525,74,1912070707,"","","","","","","","","","","","","","","","","","","","","","","","","","","","","","","","","","","","",15.2,9,"","","","","","","","","","","","","","","","","","","","","","","","","","","","","","","","","","","","","","","","","","","","",1018.9,9,1010.1,9,"","","","","","","","","","","","","","","","","","","","","","","","","","","","","","","","","","","","","","","","","","","","","","","","","","","","","","","","","","","","","","","","","","","","","","","","","","","","","","","","","","","","","","","","","","","","","","","","","","","","","","","","","","","","","","","",""
"33167001","BORDEAUX_OBSERVATOIRE",44.831667,-0.525,74,1912070709,"","","","","","","","","","","","","","","","","","","","","","","","","","","","","","","","","","","","",17.1,9,"","","","","","","","","","","","","","","","","","","","","","","","","","","","","","","","","","","","","","","","","","","","",1020.3,9,1011.5,9,"","","","","","","","","","","","","","","","","","","","","","","","","","","","","","","","","","","","","","","","","","","","","","","","","","","","","","","","","","","","","","","","","","","","","","","","","","","","","","","","","","","","","","","","","","","","","","","","","","","","","","","","","","","","","","","",""
"33167001","BORDEAUX_OBSERVATOIRE",44.831667,-0.525,74,1912070712,"","","","","","","","","","","","","","","","","","","","","","","","","","","","","","","","","","","","",17.8,9,"","","","","","","","","","","","","","","","","","","","","","","","","","","","","","","","","","","","","","","","","","","","",1021.4,9,1012.6,1,"","","","","","","","","","","","","","","","","","","","","","","","","","","","","","","","","","","","","","","","","","","","","","","","","","","","","","","","","","","","","","","","","","","","","","","","","","","","","","","","","","","","","","","","","","","","","","","","","","","","","","","","","","","","","","","",""
"33167001","BORDEAUX_OBSERVATOIRE",44.831667,-0.525,74,1912070715,"","","","","","","","","","","","","","","","","","","","","","","","","","","","","","","","","","","","",17.8,9,"","","","","","","","","","","","","","","","","","","","","","","","","","","","","","","","","","","","","","","","","","","","",1022.,9,1013.2,9,"","","","","","","","","","","","","","","","","","","","","","","","","","","","","","","","","","","","","","","","","","","","","","","","","","","","","","","","","","","","","","","","","","","","","","","","","","","","","","","","","","","","","","","","","","","","","","","","","","","","","","","","","","","","","","","",""
"33167001","BORDEAUX_OBSERVATOIRE",44.831667,-0.525,74,1912070718,"","","","","","","","","","","","","","","","","","","","","","","","","","","","","","","","","","","","",17.5,9,"","","","","","","","","","","","","","","","","","","","","","","","","","","","","","","","","","","","","","","","","","","","",1022.4,9,1013.6,9,"","","","","","","","","","","","","","","","","","","","","","","","","","","","","","","","","","","","","","","","","","","","","","","","","","","","","","","","","","","","","","","","","","","","","","","","","","","","","","","","","","","","","","","","","","","","","","","","","","","","","","","","","","","","","","","",""
"33167001","BORDEAUX_OBSERVATOIRE",44.831667,-0.525,74,1912070721,"","","","","","","","","","","","","","","","","","","","","","","","","","","","","","","","","","","","",15.2,9,"","","","","","","","","","","","","","","","","","","","","","","","","","","","","","","","","","","","","","","","","","","","",1023.2,9,1014.3,9,"","","","","","","","","","","","","","","","","","","","","","","","","","","","","","","","","","","","","","","","","","","","","","","","","","","","","","","","","","","","","","","","","","","","","","","","","","","","","","","","","","","","","","","","","","","","","","","","","","","","","","","","","","","","","","","",""
"33167001","BORDEAUX_OBSERVATOIRE",44.831667,-0.525,74,1912070800,"","","","","","","","","","","","","","","","","","","","","","","","","","","","","","","","","","","","",13.2,9,"","","","","","","","","","","","","","","","","","","","","","","","","","","","","","","","","","","","","","","","","","","","",1023.1,9,1014.2,9,"","","","","","","","","","","","","","","","","","","","","","","","","","","","","","","","","","","","","","","","","","","","","","","","","","","","","","","","","","","","","","","","","","","","","","","","","","","","","","","","","","","","","","","","","","","","","","","","","","","","","","","","","","","","","","","",""
"33167001","BORDEAUX_OBSERVATOIRE",44.831667,-0.525,74,1912070803,"","","","","","","","","","","","","","","","","","","","","","","","","","","","","","","","","","","","",11.2,9,"","","","","","","","","","","","","","","","","","","","","","","","","","","","","","","","","","","","","","","","","","","","",1022.8,9,1013.8,9,"","","","","","","","","","","","","","","","","","","","","","","","","","","","","","","","","","","","","","","","","","","","","","","","","","","","","","","","","","","","","","","","","","","","","","","","","","","","","","","","","","","","","","","","","","","","","","","","","","","","","","","","","","","","","","","",""
"33167001","BORDEAUX_OBSERVATOIRE",44.831667,-0.525,74,1912070807,"","","","","","","","","","","","","","","","","","","","","","","","","","","","","","","","","","","","",12.5,9,"","","","","","","","","","","","","","","","","","","","","","","","","","","","","","","","","","","","","","","","","","","","",1023.4,9,1014.4,9,"","","","","","","","","","","","","","","","","","","","","","","","","","","","","","","","","","","","","","","","","","","","","","","","","","","","","","","","","","","","","","","","","","","","","","","","","","","","","","","","","","","","","","","","","","","","","","","","","","","","","","","","","","","","","","","",""
"33167001","BORDEAUX_OBSERVATOIRE",44.831667,-0.525,74,1912070809,"","","","","","","","","","","","","","","","","","","","","","","","","","","","","","","","","","","","",17.3,9,"","","","","","","","","","","","","","","","","","","","","","","","","","","","","","","","","","","","","","","","","","","","",1023.1,9,1014.3,9,"","","","","","","","","","","","","","","","","","","","","","","","","","","","","","","","","","","","","","","","","","","","","","","","","","","","","","","","","","","","","","","","","","","","","","","","","","","","","","","","","","","","","","","","","","","","","","","","","","","","","","","","","","","","","","","",""
"33167001","BORDEAUX_OBSERVATOIRE",44.831667,-0.525,74,1912070812,"","","","","","","","","","","","","","","","","","","","","","","","","","","","","","","","","","","","",20.,9,"","","","","","","","","","","","","","","","","","","","","","","","","","","","","","","","","","","","","","","","","","","","",1022.4,9,1013.7,1,"","","","","","","","","","","","","","","","","","","","","","","","","","","","","","","","","","","","","","","","","","","","","","","","","","","","","","","","","","","","","","","","","","","","","","","","","","","","","","","","","","","","","","","","","","","","","","","","","","","","","","","","","","","","","","","",""
"33167001","BORDEAUX_OBSERVATOIRE",44.831667,-0.525,74,1912070815,"","","","","","","","","","","","","","","","","","","","","","","","","","","","","","","","","","","","",20.6,9,"","","","","","","","","","","","","","","","","","","","","","","","","","","","","","","","","","","","","","","","","","","","",1021.3,9,1012.6,9,"","","","","","","","","","","","","","","","","","","","","","","","","","","","","","","","","","","","","","","","","","","","","","","","","","","","","","","","","","","","","","","","","","","","","","","","","","","","","","","","","","","","","","","","","","","","","","","","","","","","","","","","","","","","","","","",""
"33167001","BORDEAUX_OBSERVATOIRE",44.831667,-0.525,74,1912070818,"","","","","","","","","","","","","","","","","","","","","","","","","","","","","","","","","","","","",19.7,9,"","","","","","","","","","","","","","","","","","","","","","","","","","","","","","","","","","","","","","","","","","","","",1020.9,9,1012.2,9,"","","","","","","","","","","","","","","","","","","","","","","","","","","","","","","","","","","","","","","","","","","","","","","","","","","","","","","","","","","","","","","","","","","","","","","","","","","","","","","","","","","","","","","","","","","","","","","","","","","","","","","","","","","","","","","",""
"33167001","BORDEAUX_OBSERVATOIRE",44.831667,-0.525,74,1912070821,"","","","","","","","","","","","","","","","","","","","","","","","","","","","","","","","","","","","",15.8,9,"","","","","","","","","","","","","","","","","","","","","","","","","","","","","","","","","","","","","","","","","","","","",1021.1,9,1012.3,9,"","","","","","","","","","","","","","","","","","","","","","","","","","","","","","","","","","","","","","","","","","","","","","","","","","","","","","","","","","","","","","","","","","","","","","","","","","","","","","","","","","","","","","","","","","","","","","","","","","","","","","","","","","","","","","","",""
"33167001","BORDEAUX_OBSERVATOIRE",44.831667,-0.525,74,1912070900,"","","","","","","","","","","","","","","","","","","","","","","","","","","","","","","","","","","","",13.9,9,"","","","","","","","","","","","","","","","","","","","","","","","","","","","","","","","","","","","","","","","","","","","",1021.1,9,1012.2,9,"","","","","","","","","","","","","","","","","","","","","","","","","","","","","","","","","","","","","","","","","","","","","","","","","","","","","","","","","","","","","","","","","","","","","","","","","","","","","","","","","","","","","","","","","","","","","","","","","","","","","","","","","","","","","","","",""
"33167001","BORDEAUX_OBSERVATOIRE",44.831667,-0.525,74,1912070903,"","","","","","","","","","","","","","","","","","","","","","","","","","","","","","","","","","","","",12.9,9,"","","","","","","","","","","","","","","","","","","","","","","","","","","","","","","","","","","","","","","","","","","","",1020.,9,1011.1,9,"","","","","","","","","","","","","","","","","","","","","","","","","","","","","","","","","","","","","","","","","","","","","","","","","","","","","","","","","","","","","","","","","","","","","","","","","","","","","","","","","","","","","","","","","","","","","","","","","","","","","","","","","","","","","","","",""
"33167001","BORDEAUX_OBSERVATOIRE",44.831667,-0.525,74,1912070907,"","","","","","","","","","","","","","","","","","","","","","","","","","","","","","","","","","","","",16.8,9,"","","","","","","","","","","","","","","","","","","","","","","","","","","","","","","","","","","","","","","","","","","","",1019.8,9,1011.,9,"","","","","","","","","","","","","","","","","","","","","","","","","","","","","","","","","","","","","","","","","","","","","","","","","","","","","","","","","","","","","","","","","","","","","","","","","","","","","","","","","","","","","","","","","","","","","","","","","","","","","","","","","","","","","","","",""
"33167001","BORDEAUX_OBSERVATOIRE",44.831667,-0.525,74,1912070909,"","","","","","","","","","","","","","","","","","","","","","","","","","","","","","","","","","","","",20.8,9,"","","","","","","","","","","","","","","","","","","","","","","","","","","","","","","","","","","","","","","","","","","","",1019.6,9,1010.9,9,"","","","","","","","","","","","","","","","","","","","","","","","","","","","","","","","","","","","","","","","","","","","","","","","","","","","","","","","","","","","","","","","","","","","","","","","","","","","","","","","","","","","","","","","","","","","","","","","","","","","","","","","","","","","","","","",""
"33167001","BORDEAUX_OBSERVATOIRE",44.831667,-0.525,74,1912070912,"","","","","","","","","","","","","","","","","","","","","","","","","","","","","","","","","","","","",24.9,9,"","","","","","","","","","","","","","","","","","","","","","","","","","","","","","","","","","","","","","","","","","","","",1018.3,9,1009.8,1,"","","","","","","","","","","","","","","","","","","","","","","","","","","","","","","","","","","","","","","","","","","","","","","","","","","","","","","","","","","","","","","","","","","","","","","","","","","","","","","","","","","","","","","","","","","","","","","","","","","","","","","","","","","","","","","",""
"33167001","BORDEAUX_OBSERVATOIRE",44.831667,-0.525,74,1912070915,"","","","","","","","","","","","","","","","","","","","","","","","","","","","","","","","","","","","",27.1,9,"","","","","","","","","","","","","","","","","","","","","","","","","","","","","","","","","","","","","","","","","","","","",1017.2,9,1008.8,9,"","","","","","","","","","","","","","","","","","","","","","","","","","","","","","","","","","","","","","","","","","","","","","","","","","","","","","","","","","","","","","","","","","","","","","","","","","","","","","","","","","","","","","","","","","","","","","","","","","","","","","","","","","","","","","","",""
"33167001","BORDEAUX_OBSERVATOIRE",44.831667,-0.525,74,1912070918,"","","","","","","","","","","","","","","","","","","","","","","","","","","","","","","","","","","","",25.4,9,"","","","","","","","","","","","","","","","","","","","","","","","","","","","","","","","","","","","","","","","","","","","",1017.1,9,1008.6,9,"","","","","","","","","","","","","","","","","","","","","","","","","","","","","","","","","","","","","","","","","","","","","","","","","","","","","","","","","","","","","","","","","","","","","","","","","","","","","","","","","","","","","","","","","","","","","","","","","","","","","","","","","","","","","","","",""
"33167001","BORDEAUX_OBSERVATOIRE",44.831667,-0.525,74,1912070921,"","","","","","","","","","","","","","","","","","","","","","","","","","","","","","","","","","","","",20.6,9,"","","","","","","","","","","","","","","","","","","","","","","","","","","","","","","","","","","","","","","","","","","","",1017.7,9,1009.1,9,"","","","","","","","","","","","","","","","","","","","","","","","","","","","","","","","","","","","","","","","","","","","","","","","","","","","","","","","","","","","","","","","","","","","","","","","","","","","","","","","","","","","","","","","","","","","","","","","","","","","","","","","","","","","","","","",""
"33167001","BORDEAUX_OBSERVATOIRE",44.831667,-0.525,74,1912071000,"","","","","","","","","","","","","","","","","","","","","","","","","","","","","","","","","","","","",17.3,9,"","","","","","","","","","","","","","","","","","","","","","","","","","","","","","","","","","","","","","","","","","","","",1017.9,9,1009.1,9,"","","","","","","","","","","","","","","","","","","","","","","","","","","","","","","","","","","","","","","","","","","","","","","","","","","","","","","","","","","","","","","","","","","","","","","","","","","","","","","","","","","","","","","","","","","","","","","","","","","","","","","","","","","","","","","",""
"33167001","BORDEAUX_OBSERVATOIRE",44.831667,-0.525,74,1912071003,"","","","","","","","","","","","","","","","","","","","","","","","","","","","","","","","","","","","",14.7,9,"","","","","","","","","","","","","","","","","","","","","","","","","","","","","","","","","","","","","","","","","","","","",1017.9,9,1009.1,9,"","","","","","","","","","","","","","","","","","","","","","","","","","","","","","","","","","","","","","","","","","","","","","","","","","","","","","","","","","","","","","","","","","","","","","","","","","","","","","","","","","","","","","","","","","","","","","","","","","","","","","","","","","","","","","","",""
"33167001","BORDEAUX_OBSERVATOIRE",44.831667,-0.525,74,1912071007,"","","","","","","","","","","","","","","","","","","","","","","","","","","","","","","","","","","","",16.6,9,"","","","","","","","","","","","","","","","","","","","","","","","","","","","","","","","","","","","","","","","","","","","",1018.5,9,1009.7,9,"","","","","","","","","","","","","","","","","","","","","","","","","","","","","","","","","","","","","","","","","","","","","","","","","","","","","","","","","","","","","","","","","","","","","","","","","","","","","","","","","","","","","","","","","","","","","","","","","","","","","","","","","","","","","","","",""
"33167001","BORDEAUX_OBSERVATOIRE",44.831667,-0.525,74,1912071009,"","","","","","","","","","","","","","","","","","","","","","","","","","","","","","","","","","","","",21.6,9,"","","","","","","","","","","","","","","","","","","","","","","","","","","","","","","","","","","","","","","","","","","","",1018.7,9,1010.1,9,"","","","","","","","","","","","","","","","","","","","","","","","","","","","","","","","","","","","","","","","","","","","","","","","","","","","","","","","","","","","","","","","","","","","","","","","","","","","","","","","","","","","","","","","","","","","","","","","","","","","","","","","","","","","","","","",""
"33167001","BORDEAUX_OBSERVATOIRE",44.831667,-0.525,74,1912071012,"","","","","","","","","","","","","","","","","","","","","","","","","","","","","","","","","","","","",24.6,9,"","","","","","","","","","","","","","","","","","","","","","","","","","","","","","","","","","","","","","","","","","","","",1018.6,9,1010.1,1,"","","","","","","","","","","","","","","","","","","","","","","","","","","","","","","","","","","","","","","","","","","","","","","","","","","","","","","","","","","","","","","","","","","","","","","","","","","","","","","","","","","","","","","","","","","","","","","","","","","","","","","","","","","","","","","",""
"33167001","BORDEAUX_OBSERVATOIRE",44.831667,-0.525,74,1912071015,"","","","","","","","","","","","","","","","","","","","","","","","","","","","","","","","","","","","",25.1,9,"","","","","","","","","","","","","","","","","","","","","","","","","","","","","","","","","","","","","","","","","","","","",1017.9,9,1009.4,9,"","","","","","","","","","","","","","","","","","","","","","","","","","","","","","","","","","","","","","","","","","","","","","","","","","","","","","","","","","","","","","","","","","","","","","","","","","","","","","","","","","","","","","","","","","","","","","","","","","","","","","","","","","","","","","","",""
"33167001","BORDEAUX_OBSERVATOIRE",44.831667,-0.525,74,1912071018,"","","","","","","","","","","","","","","","","","","","","","","","","","","","","","","","","","","","",22.6,9,"","","","","","","","","","","","","","","","","","","","","","","","","","","","","","","","","","","","","","","","","","","","",1017.7,9,1009.1,9,"","","","","","","","","","","","","","","","","","","","","","","","","","","","","","","","","","","","","","","","","","","","","","","","","","","","","","","","","","","","","","","","","","","","","","","","","","","","","","","","","","","","","","","","","","","","","","","","","","","","","","","","","","","","","","","",""
"33167001","BORDEAUX_OBSERVATOIRE",44.831667,-0.525,74,1912071021,"","","","","","","","","","","","","","","","","","","","","","","","","","","","","","","","","","","","",18.,9,"","","","","","","","","","","","","","","","","","","","","","","","","","","","","","","","","","","","","","","","","","","","",1019.1,9,1010.4,9,"","","","","","","","","","","","","","","","","","","","","","","","","","","","","","","","","","","","","","","","","","","","","","","","","","","","","","","","","","","","","","","","","","","","","","","","","","","","","","","","","","","","","","","","","","","","","","","","","","","","","","","","","","","","","","","",""
"33167001","BORDEAUX_OBSERVATOIRE",44.831667,-0.525,74,1912071100,"","","","","","","","","","","","","","","","","","","","","","","","","","","","","","","","","","","","",15.6,9,"","","","","","","","","","","","","","","","","","","","","","","","","","","","","","","","","","","","","","","","","","","","",1019.,9,1010.2,9,"","","","","","","","","","","","","","","","","","","","","","","","","","","","","","","","","","","","","","","","","","","","","","","","","","","","","","","","","","","","","","","","","","","","","","","","","","","","","","","","","","","","","","","","","","","","","","","","","","","","","","","","","","","","","","","",""
"33167001","BORDEAUX_OBSERVATOIRE",44.831667,-0.525,74,1912071103,"","","","","","","","","","","","","","","","","","","","","","","","","","","","","","","","","","","","",15.,9,"","","","","","","","","","","","","","","","","","","","","","","","","","","","","","","","","","","","","","","","","","","","",1018.3,9,1009.5,9,"","","","","","","","","","","","","","","","","","","","","","","","","","","","","","","","","","","","","","","","","","","","","","","","","","","","","","","","","","","","","","","","","","","","","","","","","","","","","","","","","","","","","","","","","","","","","","","","","","","","","","","","","","","","","","","",""
"33167001","BORDEAUX_OBSERVATOIRE",44.831667,-0.525,74,1912071107,"","","","","","","","","","","","","","","","","","","","","","","","","","","","","","","","","","","","",16.8,9,"","","","","","","","","","","","","","","","","","","","","","","","","","","","","","","","","","","","","","","","","","","","",1018.5,9,1009.7,9,"","","","","","","","","","","","","","","","","","","","","","","","","","","","","","","","","","","","","","","","","","","","","","","","","","","","","","","","","","","","","","","","","","","","","","","","","","","","","","","","","","","","","","","","","","","","","","","","","","","","","","","","","","","","","","","",""
"33167001","BORDEAUX_OBSERVATOIRE",44.831667,-0.525,74,1912071109,"","","","","","","","","","","","","","","","","","","","","","","","","","","","","","","","","","","","",22.4,9,"","","","","","","","","","","","","","","","","","","","","","","","","","","","","","","","","","","","","","","","","","","","",1017.3,9,1008.7,9,"","","","","","","","","","","","","","","","","","","","","","","","","","","","","","","","","","","","","","","","","","","","","","","","","","","","","","","","","","","","","","","","","","","","","","","","","","","","","","","","","","","","","","","","","","","","","","","","","","","","","","","","","","","","","","","",""
"33167001","BORDEAUX_OBSERVATOIRE",44.831667,-0.525,74,1912071112,"","","","","","","","","","","","","","","","","","","","","","","","","","","","","","","","","","","","",27.3,9,"","","","","","","","","","","","","","","","","","","","","","","","","","","","","","","","","","","","","","","","","","","","",1016.1,9,1007.7,1,"","","","","","","","","","","","","","","","","","","","","","","","","","","","","","","","","","","","","","","","","","","","","","","","","","","","","","","","","","","","","","","","","","","","","","","","","","","","","","","","","","","","","","","","","","","","","","","","","","","","","","","","","","","","","","","",""
"33167001","BORDEAUX_OBSERVATOIRE",44.831667,-0.525,74,1912071115,"","","","","","","","","","","","","","","","","","","","","","","","","","","","","","","","","","","","",30.1,9,"","","","","","","","","","","","","","","","","","","","","","","","","","","","","","","","","","","","","","","","","","","","",1014.2,9,1005.9,9,"","","","","","","","","","","","","","","","","","","","","","","","","","","","","","","","","","","","","","","","","","","","","","","","","","","","","","","","","","","","","","","","","","","","","","","","","","","","","","","","","","","","","","","","","","","","","","","","","","","","","","","","","","","","","","","",""
"33167001","BORDEAUX_OBSERVATOIRE",44.831667,-0.525,74,1912071118,"","","","","","","","","","","","","","","","","","","","","","","","","","","","","","","","","","","","",29.5,9,"","","","","","","","","","","","","","","","","","","","","","","","","","","","","","","","","","","","","","","","","","","","",1012.9,9,1004.6,9,"","","","","","","","","","","","","","","","","","","","","","","","","","","","","","","","","","","","","","","","","","","","","","","","","","","","","","","","","","","","","","","","","","","","","","","","","","","","","","","","","","","","","","","","","","","","","","","","","","","","","","","","","","","","","","","",""
"33167001","BORDEAUX_OBSERVATOIRE",44.831667,-0.525,74,1912071121,"","","","","","","","","","","","","","","","","","","","","","","","","","","","","","","","","","","","",26.,9,"","","","","","","","","","","","","","","","","","","","","","","","","","","","","","","","","","","","","","","","","","","","",1012.8,9,1004.4,9,"","","","","","","","","","","","","","","","","","","","","","","","","","","","","","","","","","","","","","","","","","","","","","","","","","","","","","","","","","","","","","","","","","","","","","","","","","","","","","","","","","","","","","","","","","","","","","","","","","","","","","","","","","","","","","","",""
"33167001","BORDEAUX_OBSERVATOIRE",44.831667,-0.525,74,1912071200,"","","","","","","","","","","","","","","","","","","","","","","","","","","","","","","","","","","","",24.4,9,"","","","","","","","","","","","","","","","","","","","","","","","","","","","","","","","","","","","","","","","","","","","",1013.1,9,1004.6,9,"","","","","","","","","","","","","","","","","","","","","","","","","","","","","","","","","","","","","","","","","","","","","","","","","","","","","","","","","","","","","","","","","","","","","","","","","","","","","","","","","","","","","","","","","","","","","","","","","","","","","","","","","","","","","","","",""
"33167001","BORDEAUX_OBSERVATOIRE",44.831667,-0.525,74,1912071203,"","","","","","","","","","","","","","","","","","","","","","","","","","","","","","","","","","","","",19.6,9,"","","","","","","","","","","","","","","","","","","","","","","","","","","","","","","","","","","","","","","","","","","","",1013.4,9,1004.8,9,"","","","","","","","","","","","","","","","","","","","","","","","","","","","","","","","","","","","","","","","","","","","","","","","","","","","","","","","","","","","","","","","","","","","","","","","","","","","","","","","","","","","","","","","","","","","","","","","","","","","","","","","","","","","","","","",""
"33167001","BORDEAUX_OBSERVATOIRE",44.831667,-0.525,74,1912071207,"","","","","","","","","","","","","","","","","","","","","","","","","","","","","","","","","","","","",22.7,9,"","","","","","","","","","","","","","","","","","","","","","","","","","","","","","","","","","","","","","","","","","","","",1014.8,9,1006.2,9,"","","","","","","","","","","","","","","","","","","","","","","","","","","","","","","","","","","","","","","","","","","","","","","","","","","","","","","","","","","","","","","","","","","","","","","","","","","","","","","","","","","","","","","","","","","","","","","","","","","","","","","","","","","","","","","",""
"33167001","BORDEAUX_OBSERVATOIRE",44.831667,-0.525,74,1912071209,"","","","","","","","","","","","","","","","","","","","","","","","","","","","","","","","","","","","",25.7,9,"","","","","","","","","","","","","","","","","","","","","","","","","","","","","","","","","","","","","","","","","","","","",1014.7,9,1006.2,9,"","","","","","","","","","","","","","","","","","","","","","","","","","","","","","","","","","","","","","","","","","","","","","","","","","","","","","","","","","","","","","","","","","","","","","","","","","","","","","","","","","","","","","","","","","","","","","","","","","","","","","","","","","","","","","","",""
"33167001","BORDEAUX_OBSERVATOIRE",44.831667,-0.525,74,1912071212,"","","","","","","","","","","","","","","","","","","","","","","","","","","","","","","","","","","","",29.6,9,"","","","","","","","","","","","","","","","","","","","","","","","","","","","","","","","","","","","","","","","","","","","",1014.5,9,1006.2,1,"","","","","","","","","","","","","","","","","","","","","","","","","","","","","","","","","","","","","","","","","","","","","","","","","","","","","","","","","","","","","","","","","","","","","","","","","","","","","","","","","","","","","","","","","","","","","","","","","","","","","","","","","","","","","","","",""
"33167001","BORDEAUX_OBSERVATOIRE",44.831667,-0.525,74,1912071215,"","","","","","","","","","","","","","","","","","","","","","","","","","","","","","","","","","","","",31.1,9,"","","","","","","","","","","","","","","","","","","","","","","","","","","","","","","","","","","","","","","","","","","","",1013.4,9,1005.1,9,"","","","","","","","","","","","","","","","","","","","","","","","","","","","","","","","","","","","","","","","","","","","","","","","","","","","","","","","","","","","","","","","","","","","","","","","","","","","","","","","","","","","","","","","","","","","","","","","","","","","","","","","","","","","","","","",""
"33167001","BORDEAUX_OBSERVATOIRE",44.831667,-0.525,74,1912071218,"","","","","","","","","","","","","","","","","","","","","","","","","","","","","","","","","","","","",30.,9,"","","","","","","","","","","","","","","","","","","","","","","","","","","","","","","","","","","","","","","","","","","","",1011.4,9,1003.1,9,"","","","","","","","","","","","","","","","","","","","","","","","","","","","","","","","","","","","","","","","","","","","","","","","","","","","","","","","","","","","","","","","","","","","","","","","","","","","","","","","","","","","","","","","","","","","","","","","","","","","","","","","","","","","","","","",""
"33167001","BORDEAUX_OBSERVATOIRE",44.831667,-0.525,74,1912071221,"","","","","","","","","","","","","","","","","","","","","","","","","","","","","","","","","","","","",25.7,9,"","","","","","","","","","","","","","","","","","","","","","","","","","","","","","","","","","","","","","","","","","","","",1011.9,9,1003.5,9,"","","","","","","","","","","","","","","","","","","","","","","","","","","","","","","","","","","","","","","","","","","","","","","","","","","","","","","","","","","","","","","","","","","","","","","","","","","","","","","","","","","","","","","","","","","","","","","","","","","","","","","","","","","","","","","",""
"33167001","BORDEAUX_OBSERVATOIRE",44.831667,-0.525,74,1912071300,"","","","","","","","","","","","","","","","","","","","","","","","","","","","","","","","","","","","",17.6,9,"","","","","","","","","","","","","","","","","","","","","","","","","","","","","","","","","","","","","","","","","","","","",1014.3,9,1005.6,9,"","","","","","","","","","","","","","","","","","","","","","","","","","","","","","","","","","","","","","","","","","","","","","","","","","","","","","","","","","","","","","","","","","","","","","","","","","","","","","","","","","","","","","","","","","","","","","","","","","","","","","","","","","","","","","","",""
"33167001","BORDEAUX_OBSERVATOIRE",44.831667,-0.525,74,1912071303,"","","","","","","","","","","","","","","","","","","","","","","","","","","","","","","","","","","","",17.6,9,"","","","","","","","","","","","","","","","","","","","","","","","","","","","","","","","","","","","","","","","","","","","",1014.6,9,1005.9,9,"","","","","","","","","","","","","","","","","","","","","","","","","","","","","","","","","","","","","","","","","","","","","","","","","","","","","","","","","","","","","","","","","","","","","","","","","","","","","","","","","","","","","","","","","","","","","","","","","","","","","","","","","","","","","","","",""
"33167001","BORDEAUX_OBSERVATOIRE",44.831667,-0.525,74,1912071307,"","","","","","","","","","","","","","","","","","","","","","","","","","","","","","","","","","","","",19.1,9,"","","","","","","","","","","","","","","","","","","","","","","","","","","","","","","","","","","","","","","","","","","","",1015.4,9,1006.7,9,"","","","","","","","","","","","","","","","","","","","","","","","","","","","","","","","","","","","","","","","","","","","","","","","","","","","","","","","","","","","","","","","","","","","","","","","","","","","","","","","","","","","","","","","","","","","","","","","","","","","","","","","","","","","","","","",""
"33167001","BORDEAUX_OBSERVATOIRE",44.831667,-0.525,74,1912071309,"","","","","","","","","","","","","","","","","","","","","","","","","","","","","","","","","","","","",19.5,9,"","","","","","","","","","","","","","","","","","","","","","","","","","","","","","","","","","","","","","","","","","","","",1015.2,9,1006.5,9,"","","","","","","","","","","","","","","","","","","","","","","","","","","","","","","","","","","","","","","","","","","","","","","","","","","","","","","","","","","","","","","","","","","","","","","","","","","","","","","","","","","","","","","","","","","","","","","","","","","","","","","","","","","","","","","",""
"33167001","BORDEAUX_OBSERVATOIRE",44.831667,-0.525,74,1912071312,"","","","","","","","","","","","","","","","","","","","","","","","","","","","","","","","","","","","",17.6,9,"","","","","","","","","","","","","","","","","","","","","","","","","","","","","","","","","","","","","","","","","","","","",1016.9,9,1008.2,1,"","","","","","","","","","","","","","","","","","","","","","","","","","","","","","","","","","","","","","","","","","","","","","","","","","","","","","","","","","","","","","","","","","","","","","","","","","","","","","","","","","","","","","","","","","","","","","","","","","","","","","","","","","","","","","","",""
"33167001","BORDEAUX_OBSERVATOIRE",44.831667,-0.525,74,1912071315,"","","","","","","","","","","","","","","","","","","","","","","","","","","","","","","","","","","","",15.1,9,"","","","","","","","","","","","","","","","","","","","","","","","","","","","","","","","","","","","","","","","","","","","",1017.1,9,1008.3,9,"","","","","","","","","","","","","","","","","","","","","","","","","","","","","","","","","","","","","","","","","","","","","","","","","","","","","","","","","","","","","","","","","","","","","","","","","","","","","","","","","","","","","","","","","","","","","","","","","","","","","","","","","","","","","","","",""
"33167001","BORDEAUX_OBSERVATOIRE",44.831667,-0.525,74,1912071318,"","","","","","","","","","","","","","","","","","","","","","","","","","","","","","","","","","","","",15.5,9,"","","","","","","","","","","","","","","","","","","","","","","","","","","","","","","","","","","","","","","","","","","","",1017.3,9,1008.5,9,"","","","","","","","","","","","","","","","","","","","","","","","","","","","","","","","","","","","","","","","","","","","","","","","","","","","","","","","","","","","","","","","","","","","","","","","","","","","","","","","","","","","","","","","","","","","","","","","","","","","","","","","","","","","","","","",""
"33167001","BORDEAUX_OBSERVATOIRE",44.831667,-0.525,74,1912071321,"","","","","","","","","","","","","","","","","","","","","","","","","","","","","","","","","","","","",14.2,9,"","","","","","","","","","","","","","","","","","","","","","","","","","","","","","","","","","","","","","","","","","","","",1018.7,9,1009.8,9,"","","","","","","","","","","","","","","","","","","","","","","","","","","","","","","","","","","","","","","","","","","","","","","","","","","","","","","","","","","","","","","","","","","","","","","","","","","","","","","","","","","","","","","","","","","","","","","","","","","","","","","","","","","","","","","",""
"33167001","BORDEAUX_OBSERVATOIRE",44.831667,-0.525,74,1912071400,"","","","","","","","","","","","","","","","","","","","","","","","","","","","","","","","","","","","",14.1,9,"","","","","","","","","","","","","","","","","","","","","","","","","","","","","","","","","","","","","","","","","","","","",1018.7,9,1009.8,9,"","","","","","","","","","","","","","","","","","","","","","","","","","","","","","","","","","","","","","","","","","","","","","","","","","","","","","","","","","","","","","","","","","","","","","","","","","","","","","","","","","","","","","","","","","","","","","","","","","","","","","","","","","","","","","","",""
"33167001","BORDEAUX_OBSERVATOIRE",44.831667,-0.525,74,1912071403,"","","","","","","","","","","","","","","","","","","","","","","","","","","","","","","","","","","","",13.2,9,"","","","","","","","","","","","","","","","","","","","","","","","","","","","","","","","","","","","","","","","","","","","",1018.5,9,1009.6,9,"","","","","","","","","","","","","","","","","","","","","","","","","","","","","","","","","","","","","","","","","","","","","","","","","","","","","","","","","","","","","","","","","","","","","","","","","","","","","","","","","","","","","","","","","","","","","","","","","","","","","","","","","","","","","","","",""
"33167001","BORDEAUX_OBSERVATOIRE",44.831667,-0.525,74,1912071407,"","","","","","","","","","","","","","","","","","","","","","","","","","","","","","","","","","","","",15.1,9,"","","","","","","","","","","","","","","","","","","","","","","","","","","","","","","","","","","","","","","","","","","","",1018.6,9,1009.8,9,"","","","","","","","","","","","","","","","","","","","","","","","","","","","","","","","","","","","","","","","","","","","","","","","","","","","","","","","","","","","","","","","","","","","","","","","","","","","","","","","","","","","","","","","","","","","","","","","","","","","","","","","","","","","","","","",""
"33167001","BORDEAUX_OBSERVATOIRE",44.831667,-0.525,74,1912071409,"","","","","","","","","","","","","","","","","","","","","","","","","","","","","","","","","","","","",18.2,9,"","","","","","","","","","","","","","","","","","","","","","","","","","","","","","","","","","","","","","","","","","","","",1018.6,9,1009.9,9,"","","","","","","","","","","","","","","","","","","","","","","","","","","","","","","","","","","","","","","","","","","","","","","","","","","","","","","","","","","","","","","","","","","","","","","","","","","","","","","","","","","","","","","","","","","","","","","","","","","","","","","","","","","","","","","",""
"33167001","BORDEAUX_OBSERVATOIRE",44.831667,-0.525,74,1912071412,"","","","","","","","","","","","","","","","","","","","","","","","","","","","","","","","","","","","",21.2,9,"","","","","","","","","","","","","","","","","","","","","","","","","","","","","","","","","","","","","","","","","","","","",1018.1,9,1009.5,1,"","","","","","","","","","","","","","","","","","","","","","","","","","","","","","","","","","","","","","","","","","","","","","","","","","","","","","","","","","","","","","","","","","","","","","","","","","","","","","","","","","","","","","","","","","","","","","","","","","","","","","","","","","","","","","","",""
"33167001","BORDEAUX_OBSERVATOIRE",44.831667,-0.525,74,1912071415,"","","","","","","","","","","","","","","","","","","","","","","","","","","","","","","","","","","","",20.8,9,"","","","","","","","","","","","","","","","","","","","","","","","","","","","","","","","","","","","","","","","","","","","",1017.4,9,1008.8,9,"","","","","","","","","","","","","","","","","","","","","","","","","","","","","","","","","","","","","","","","","","","","","","","","","","","","","","","","","","","","","","","","","","","","","","","","","","","","","","","","","","","","","","","","","","","","","","","","","","","","","","","","","","","","","","","",""
"33167001","BORDEAUX_OBSERVATOIRE",44.831667,-0.525,74,1912071418,"","","","","","","","","","","","","","","","","","","","","","","","","","","","","","","","","","","","",21.,9,"","","","","","","","","","","","","","","","","","","","","","","","","","","","","","","","","","","","","","","","","","","","",1015.6,9,1007.,9,"","","","","","","","","","","","","","","","","","","","","","","","","","","","","","","","","","","","","","","","","","","","","","","","","","","","","","","","","","","","","","","","","","","","","","","","","","","","","","","","","","","","","","","","","","","","","","","","","","","","","","","","","","","","","","","",""
"33167001","BORDEAUX_OBSERVATOIRE",44.831667,-0.525,74,1912071421,"","","","","","","","","","","","","","","","","","","","","","","","","","","","","","","","","","","","",17.1,9,"","","","","","","","","","","","","","","","","","","","","","","","","","","","","","","","","","","","","","","","","","","","",1015.9,9,1007.2,9,"","","","","","","","","","","","","","","","","","","","","","","","","","","","","","","","","","","","","","","","","","","","","","","","","","","","","","","","","","","","","","","","","","","","","","","","","","","","","","","","","","","","","","","","","","","","","","","","","","","","","","","","","","","","","","","",""
"33167001","BORDEAUX_OBSERVATOIRE",44.831667,-0.525,74,1912071500,"","","","","","","","","","","","","","","","","","","","","","","","","","","","","","","","","","","","",16.7,9,"","","","","","","","","","","","","","","","","","","","","","","","","","","","","","","","","","","","","","","","","","","","",1014.3,9,1005.6,9,"","","","","","","","","","","","","","","","","","","","","","","","","","","","","","","","","","","","","","","","","","","","","","","","","","","","","","","","","","","","","","","","","","","","","","","","","","","","","","","","","","","","","","","","","","","","","","","","","","","","","","","","","","","","","","","",""
"33167001","BORDEAUX_OBSERVATOIRE",44.831667,-0.525,74,1912071503,"","","","","","","","","","","","","","","","","","","","","","","","","","","","","","","","","","","","",15.5,9,"","","","","","","","","","","","","","","","","","","","","","","","","","","","","","","","","","","","","","","","","","","","",1013.4,9,1004.6,9,"","","","","","","","","","","","","","","","","","","","","","","","","","","","","","","","","","","","","","","","","","","","","","","","","","","","","","","","","","","","","","","","","","","","","","","","","","","","","","","","","","","","","","","","","","","","","","","","","","","","","","","","","","","","","","","",""
"33167001","BORDEAUX_OBSERVATOIRE",44.831667,-0.525,74,1912071507,"","","","","","","","","","","","","","","","","","","","","","","","","","","","","","","","","","","","",18.3,9,"","","","","","","","","","","","","","","","","","","","","","","","","","","","","","","","","","","","","","","","","","","","",1013.3,9,1004.6,9,"","","","","","","","","","","","","","","","","","","","","","","","","","","","","","","","","","","","","","","","","","","","","","","","","","","","","","","","","","","","","","","","","","","","","","","","","","","","","","","","","","","","","","","","","","","","","","","","","","","","","","","","","","","","","","","",""
"33167001","BORDEAUX_OBSERVATOIRE",44.831667,-0.525,74,1912071509,"","","","","","","","","","","","","","","","","","","","","","","","","","","","","","","","","","","","",23.5,9,"","","","","","","","","","","","","","","","","","","","","","","","","","","","","","","","","","","","","","","","","","","","",1013.4,9,1004.9,9,"","","","","","","","","","","","","","","","","","","","","","","","","","","","","","","","","","","","","","","","","","","","","","","","","","","","","","","","","","","","","","","","","","","","","","","","","","","","","","","","","","","","","","","","","","","","","","","","","","","","","","","","","","","","","","","",""
"33167001","BORDEAUX_OBSERVATOIRE",44.831667,-0.525,74,1912071512,"","","","","","","","","","","","","","","","","","","","","","","","","","","","","","","","","","","","",25.7,9,"","","","","","","","","","","","","","","","","","","","","","","","","","","","","","","","","","","","","","","","","","","","",1013.4,9,1005.,1,"","","","","","","","","","","","","","","","","","","","","","","","","","","","","","","","","","","","","","","","","","","","","","","","","","","","","","","","","","","","","","","","","","","","","","","","","","","","","","","","","","","","","","","","","","","","","","","","","","","","","","","","","","","","","","","",""
"33167001","BORDEAUX_OBSERVATOIRE",44.831667,-0.525,74,1912071515,"","","","","","","","","","","","","","","","","","","","","","","","","","","","","","","","","","","","",25.8,9,"","","","","","","","","","","","","","","","","","","","","","","","","","","","","","","","","","","","","","","","","","","","",1013.2,9,1004.8,9,"","","","","","","","","","","","","","","","","","","","","","","","","","","","","","","","","","","","","","","","","","","","","","","","","","","","","","","","","","","","","","","","","","","","","","","","","","","","","","","","","","","","","","","","","","","","","","","","","","","","","","","","","","","","","","","",""
"33167001","BORDEAUX_OBSERVATOIRE",44.831667,-0.525,74,1912071518,"","","","","","","","","","","","","","","","","","","","","","","","","","","","","","","","","","","","",21.6,9,"","","","","","","","","","","","","","","","","","","","","","","","","","","","","","","","","","","","","","","","","","","","",1013.6,9,1005.,9,"","","","","","","","","","","","","","","","","","","","","","","","","","","","","","","","","","","","","","","","","","","","","","","","","","","","","","","","","","","","","","","","","","","","","","","","","","","","","","","","","","","","","","","","","","","","","","","","","","","","","","","","","","","","","","","",""
"33167001","BORDEAUX_OBSERVATOIRE",44.831667,-0.525,74,1912071521,"","","","","","","","","","","","","","","","","","","","","","","","","","","","","","","","","","","","",17.8,9,"","","","","","","","","","","","","","","","","","","","","","","","","","","","","","","","","","","","","","","","","","","","",1013.7,9,1005.,9,"","","","","","","","","","","","","","","","","","","","","","","","","","","","","","","","","","","","","","","","","","","","","","","","","","","","","","","","","","","","","","","","","","","","","","","","","","","","","","","","","","","","","","","","","","","","","","","","","","","","","","","","","","","","","","","",""
"33167001","BORDEAUX_OBSERVATOIRE",44.831667,-0.525,74,1912071600,"","","","","","","","","","","","","","","","","","","","","","","","","","","","","","","","","","","","",16.9,9,"","","","","","","","","","","","","","","","","","","","","","","","","","","","","","","","","","","","","","","","","","","","",1014.3,9,1005.6,9,"","","","","","","","","","","","","","","","","","","","","","","","","","","","","","","","","","","","","","","","","","","","","","","","","","","","","","","","","","","","","","","","","","","","","","","","","","","","","","","","","","","","","","","","","","","","","","","","","","","","","","","","","","","","","","","",""
"33167001","BORDEAUX_OBSERVATOIRE",44.831667,-0.525,74,1912071603,"","","","","","","","","","","","","","","","","","","","","","","","","","","","","","","","","","","","",17.8,9,"","","","","","","","","","","","","","","","","","","","","","","","","","","","","","","","","","","","","","","","","","","","",1014.1,9,1005.4,9,"","","","","","","","","","","","","","","","","","","","","","","","","","","","","","","","","","","","","","","","","","","","","","","","","","","","","","","","","","","","","","","","","","","","","","","","","","","","","","","","","","","","","","","","","","","","","","","","","","","","","","","","","","","","","","","",""
"33167001","BORDEAUX_OBSERVATOIRE",44.831667,-0.525,74,1912071607,"","","","","","","","","","","","","","","","","","","","","","","","","","","","","","","","","","","","",20.3,9,"","","","","","","","","","","","","","","","","","","","","","","","","","","","","","","","","","","","","","","","","","","","",1015.1,9,1006.5,9,"","","","","","","","","","","","","","","","","","","","","","","","","","","","","","","","","","","","","","","","","","","","","","","","","","","","","","","","","","","","","","","","","","","","","","","","","","","","","","","","","","","","","","","","","","","","","","","","","","","","","","","","","","","","","","","",""
"33167001","BORDEAUX_OBSERVATOIRE",44.831667,-0.525,74,1912071609,"","","","","","","","","","","","","","","","","","","","","","","","","","","","","","","","","","","","",22.4,9,"","","","","","","","","","","","","","","","","","","","","","","","","","","","","","","","","","","","","","","","","","","","",1014.9,9,1006.3,9,"","","","","","","","","","","","","","","","","","","","","","","","","","","","","","","","","","","","","","","","","","","","","","","","","","","","","","","","","","","","","","","","","","","","","","","","","","","","","","","","","","","","","","","","","","","","","","","","","","","","","","","","","","","","","","","",""
"33167001","BORDEAUX_OBSERVATOIRE",44.831667,-0.525,74,1912071612,"","","","","","","","","","","","","","","","","","","","","","","","","","","","","","","","","","","","",24.5,9,"","","","","","","","","","","","","","","","","","","","","","","","","","","","","","","","","","","","","","","","","","","","",1014.2,9,1005.7,1,"","","","","","","","","","","","","","","","","","","","","","","","","","","","","","","","","","","","","","","","","","","","","","","","","","","","","","","","","","","","","","","","","","","","","","","","","","","","","","","","","","","","","","","","","","","","","","","","","","","","","","","","","","","","","","","",""
"33167001","BORDEAUX_OBSERVATOIRE",44.831667,-0.525,74,1912071615,"","","","","","","","","","","","","","","","","","","","","","","","","","","","","","","","","","","","",26.6,9,"","","","","","","","","","","","","","","","","","","","","","","","","","","","","","","","","","","","","","","","","","","","",1012.4,9,1004.,9,"","","","","","","","","","","","","","","","","","","","","","","","","","","","","","","","","","","","","","","","","","","","","","","","","","","","","","","","","","","","","","","","","","","","","","","","","","","","","","","","","","","","","","","","","","","","","","","","","","","","","","","","","","","","","","","",""
"33167001","BORDEAUX_OBSERVATOIRE",44.831667,-0.525,74,1912071618,"","","","","","","","","","","","","","","","","","","","","","","","","","","","","","","","","","","","","","","","","","","","","","","","","","","","","","","","","","","","","","","","","","","","","","","","","","","","","","","","","","","","",1003.4,9,"","","","","","","","","","","","","","","","","","","","","","","","","","","","","","","","","","","","","","","","","","","","","","","","","","","","","","","","","","","","","","","","","","","","","","","","","","","","","","","","","","","","","","","","","","","","","","","","","","","","","","","","","","","","","","","",""
"33167001","BORDEAUX_OBSERVATOIRE",44.831667,-0.525,74,1912071621,"","","","","","","","","","","","","","","","","","","","","","","","","","","","","","","","","","","","",19.4,9,"","","","","","","","","","","","","","","","","","","","","","","","","","","","","","","","","","","","","","","","","","","","",1012.6,9,1004.,9,"","","","","","","","","","","","","","","","","","","","","","","","","","","","","","","","","","","","","","","","","","","","","","","","","","","","","","","","","","","","","","","","","","","","","","","","","","","","","","","","","","","","","","","","","","","","","","","","","","","","","","","","","","","","","","","",""
"33167001","BORDEAUX_OBSERVATOIRE",44.831667,-0.525,74,1912071700,"","","","","","","","","","","","","","","","","","","","","","","","","","","","","","","","","","","","",18.5,9,"","","","","","","","","","","","","","","","","","","","","","","","","","","","","","","","","","","","","","","","","","","","",1012.5,9,1003.8,9,"","","","","","","","","","","","","","","","","","","","","","","","","","","","","","","","","","","","","","","","","","","","","","","","","","","","","","","","","","","","","","","","","","","","","","","","","","","","","","","","","","","","","","","","","","","","","","","","","","","","","","","","","","","","","","","",""
"33167001","BORDEAUX_OBSERVATOIRE",44.831667,-0.525,74,1912071703,"","","","","","","","","","","","","","","","","","","","","","","","","","","","","","","","","","","","",17.8,9,"","","","","","","","","","","","","","","","","","","","","","","","","","","","","","","","","","","","","","","","","","","","",1011.9,9,1003.2,9,"","","","","","","","","","","","","","","","","","","","","","","","","","","","","","","","","","","","","","","","","","","","","","","","","","","","","","","","","","","","","","","","","","","","","","","","","","","","","","","","","","","","","","","","","","","","","","","","","","","","","","","","","","","","","","","",""
"33167001","BORDEAUX_OBSERVATOIRE",44.831667,-0.525,74,1912071707,"","","","","","","","","","","","","","","","","","","","","","","","","","","","","","","","","","","","",19.5,9,"","","","","","","","","","","","","","","","","","","","","","","","","","","","","","","","","","","","","","","","","","","","",1013.3,9,1004.7,9,"","","","","","","","","","","","","","","","","","","","","","","","","","","","","","","","","","","","","","","","","","","","","","","","","","","","","","","","","","","","","","","","","","","","","","","","","","","","","","","","","","","","","","","","","","","","","","","","","","","","","","","","","","","","","","","",""
"33167001","BORDEAUX_OBSERVATOIRE",44.831667,-0.525,74,1912071709,"","","","","","","","","","","","","","","","","","","","","","","","","","","","","","","","","","","","",20.,9,"","","","","","","","","","","","","","","","","","","","","","","","","","","","","","","","","","","","","","","","","","","","",1013.7,9,1005.1,9,"","","","","","","","","","","","","","","","","","","","","","","","","","","","","","","","","","","","","","","","","","","","","","","","","","","","","","","","","","","","","","","","","","","","","","","","","","","","","","","","","","","","","","","","","","","","","","","","","","","","","","","","","","","","","","","",""
"33167001","BORDEAUX_OBSERVATOIRE",44.831667,-0.525,74,1912071712,"","","","","","","","","","","","","","","","","","","","","","","","","","","","","","","","","","","","",24.2,9,"","","","","","","","","","","","","","","","","","","","","","","","","","","","","","","","","","","","","","","","","","","","",1013.9,9,1005.4,1,"","","","","","","","","","","","","","","","","","","","","","","","","","","","","","","","","","","","","","","","","","","","","","","","","","","","","","","","","","","","","","","","","","","","","","","","","","","","","","","","","","","","","","","","","","","","","","","","","","","","","","","","","","","","","","","",""
"33167001","BORDEAUX_OBSERVATOIRE",44.831667,-0.525,74,1912071715,"","","","","","","","","","","","","","","","","","","","","","","","","","","","","","","","","","","","",25.6,9,"","","","","","","","","","","","","","","","","","","","","","","","","","","","","","","","","","","","","","","","","","","","",1013.8,9,1005.4,9,"","","","","","","","","","","","","","","","","","","","","","","","","","","","","","","","","","","","","","","","","","","","","","","","","","","","","","","","","","","","","","","","","","","","","","","","","","","","","","","","","","","","","","","","","","","","","","","","","","","","","","","","","","","","","","","",""
"33167001","BORDEAUX_OBSERVATOIRE",44.831667,-0.525,74,1912071718,"","","","","","","","","","","","","","","","","","","","","","","","","","","","","","","","","","","","",21.3,9,"","","","","","","","","","","","","","","","","","","","","","","","","","","","","","","","","","","","","","","","","","","","",1014.1,9,1005.5,9,"","","","","","","","","","","","","","","","","","","","","","","","","","","","","","","","","","","","","","","","","","","","","","","","","","","","","","","","","","","","","","","","","","","","","","","","","","","","","","","","","","","","","","","","","","","","","","","","","","","","","","","","","","","","","","","",""
"33167001","BORDEAUX_OBSERVATOIRE",44.831667,-0.525,74,1912071721,"","","","","","","","","","","","","","","","","","","","","","","","","","","","","","","","","","","","",18.4,9,"","","","","","","","","","","","","","","","","","","","","","","","","","","","","","","","","","","","","","","","","","","","",1014.9,9,1006.2,9,"","","","","","","","","","","","","","","","","","","","","","","","","","","","","","","","","","","","","","","","","","","","","","","","","","","","","","","","","","","","","","","","","","","","","","","","","","","","","","","","","","","","","","","","","","","","","","","","","","","","","","","","","","","","","","","",""
"33167001","BORDEAUX_OBSERVATOIRE",44.831667,-0.525,74,1912071800,"","","","","","","","","","","","","","","","","","","","","","","","","","","","","","","","","","","","",17.4,9,"","","","","","","","","","","","","","","","","","","","","","","","","","","","","","","","","","","","","","","","","","","","",1014.6,9,1005.9,9,"","","","","","","","","","","","","","","","","","","","","","","","","","","","","","","","","","","","","","","","","","","","","","","","","","","","","","","","","","","","","","","","","","","","","","","","","","","","","","","","","","","","","","","","","","","","","","","","","","","","","","","","","","","","","","","",""
"33167001","BORDEAUX_OBSERVATOIRE",44.831667,-0.525,74,1912071803,"","","","","","","","","","","","","","","","","","","","","","","","","","","","","","","","","","","","",16.5,9,"","","","","","","","","","","","","","","","","","","","","","","","","","","","","","","","","","","","","","","","","","","","",1014.4,9,1005.6,9,"","","","","","","","","","","","","","","","","","","","","","","","","","","","","","","","","","","","","","","","","","","","","","","","","","","","","","","","","","","","","","","","","","","","","","","","","","","","","","","","","","","","","","","","","","","","","","","","","","","","","","","","","","","","","","","",""
"33167001","BORDEAUX_OBSERVATOIRE",44.831667,-0.525,74,1912071807,"","","","","","","","","","","","","","","","","","","","","","","","","","","","","","","","","","","","",17.,9,"","","","","","","","","","","","","","","","","","","","","","","","","","","","","","","","","","","","","","","","","","","","",1014.,9,1005.3,9,"","","","","","","","","","","","","","","","","","","","","","","","","","","","","","","","","","","","","","","","","","","","","","","","","","","","","","","","","","","","","","","","","","","","","","","","","","","","","","","","","","","","","","","","","","","","","","","","","","","","","","","","","","","","","","","",""
"33167001","BORDEAUX_OBSERVATOIRE",44.831667,-0.525,74,1912071809,"","","","","","","","","","","","","","","","","","","","","","","","","","","","","","","","","","","","",18.6,9,"","","","","","","","","","","","","","","","","","","","","","","","","","","","","","","","","","","","","","","","","","","","",1013.8,9,1005.1,9,"","","","","","","","","","","","","","","","","","","","","","","","","","","","","","","","","","","","","","","","","","","","","","","","","","","","","","","","","","","","","","","","","","","","","","","","","","","","","","","","","","","","","","","","","","","","","","","","","","","","","","","","","","","","","","","",""
"33167001","BORDEAUX_OBSERVATOIRE",44.831667,-0.525,74,1912071812,"","","","","","","","","","","","","","","","","","","","","","","","","","","","","","","","","","","","",20.,9,"","","","","","","","","","","","","","","","","","","","","","","","","","","","","","","","","","","","","","","","","","","","",1013.6,9,1005.,1,"","","","","","","","","","","","","","","","","","","","","","","","","","","","","","","","","","","","","","","","","","","","","","","","","","","","","","","","","","","","","","","","","","","","","","","","","","","","","","","","","","","","","","","","","","","","","","","","","","","","","","","","","","","","","","","",""
"33167001","BORDEAUX_OBSERVATOIRE",44.831667,-0.525,74,1912071815,"","","","","","","","","","","","","","","","","","","","","","","","","","","","","","","","","","","","",18.5,9,"","","","","","","","","","","","","","","","","","","","","","","","","","","","","","","","","","","","","","","","","","","","",1013.7,9,1005.,9,"","","","","","","","","","","","","","","","","","","","","","","","","","","","","","","","","","","","","","","","","","","","","","","","","","","","","","","","","","","","","","","","","","","","","","","","","","","","","","","","","","","","","","","","","","","","","","","","","","","","","","","","","","","","","","","",""
"33167001","BORDEAUX_OBSERVATOIRE",44.831667,-0.525,74,1912071818,"","","","","","","","","","","","","","","","","","","","","","","","","","","","","","","","","","","","",18.3,9,"","","","","","","","","","","","","","","","","","","","","","","","","","","","","","","","","","","","","","","","","","","","",1013.2,9,1004.5,9,"","","","","","","","","","","","","","","","","","","","","","","","","","","","","","","","","","","","","","","","","","","","","","","","","","","","","","","","","","","","","","","","","","","","","","","","","","","","","","","","","","","","","","","","","","","","","","","","","","","","","","","","","","","","","","","",""
"33167001","BORDEAUX_OBSERVATOIRE",44.831667,-0.525,74,1912071821,"","","","","","","","","","","","","","","","","","","","","","","","","","","","","","","","","","","","",16.5,9,"","","","","","","","","","","","","","","","","","","","","","","","","","","","","","","","","","","","","","","","","","","","",1013.9,9,1005.2,9,"","","","","","","","","","","","","","","","","","","","","","","","","","","","","","","","","","","","","","","","","","","","","","","","","","","","","","","","","","","","","","","","","","","","","","","","","","","","","","","","","","","","","","","","","","","","","","","","","","","","","","","","","","","","","","","",""
"33167001","BORDEAUX_OBSERVATOIRE",44.831667,-0.525,74,1912071900,"","","","","","","","","","","","","","","","","","","","","","","","","","","","","","","","","","","","",16.1,9,"","","","","","","","","","","","","","","","","","","","","","","","","","","","","","","","","","","","","","","","","","","","",1013.5,9,1004.7,9,"","","","","","","","","","","","","","","","","","","","","","","","","","","","","","","","","","","","","","","","","","","","","","","","","","","","","","","","","","","","","","","","","","","","","","","","","","","","","","","","","","","","","","","","","","","","","","","","","","","","","","","","","","","","","","","",""
"33167001","BORDEAUX_OBSERVATOIRE",44.831667,-0.525,74,1912071903,"","","","","","","","","","","","","","","","","","","","","","","","","","","","","","","","","","","","",16.2,9,"","","","","","","","","","","","","","","","","","","","","","","","","","","","","","","","","","","","","","","","","","","","",1012.3,9,1003.6,9,"","","","","","","","","","","","","","","","","","","","","","","","","","","","","","","","","","","","","","","","","","","","","","","","","","","","","","","","","","","","","","","","","","","","","","","","","","","","","","","","","","","","","","","","","","","","","","","","","","","","","","","","","","","","","","","",""
"33167001","BORDEAUX_OBSERVATOIRE",44.831667,-0.525,74,1912071907,"","","","","","","","","","","","","","","","","","","","","","","","","","","","","","","","","","","","",17.8,9,"","","","","","","","","","","","","","","","","","","","","","","","","","","","","","","","","","","","","","","","","","","","",1012.8,9,1004.1,9,"","","","","","","","","","","","","","","","","","","","","","","","","","","","","","","","","","","","","","","","","","","","","","","","","","","","","","","","","","","","","","","","","","","","","","","","","","","","","","","","","","","","","","","","","","","","","","","","","","","","","","","","","","","","","","","",""
"33167001","BORDEAUX_OBSERVATOIRE",44.831667,-0.525,74,1912071909,"","","","","","","","","","","","","","","","","","","","","","","","","","","","","","","","","","","","",19.1,9,"","","","","","","","","","","","","","","","","","","","","","","","","","","","","","","","","","","","","","","","","","","","",1012.8,9,1004.1,9,"","","","","","","","","","","","","","","","","","","","","","","","","","","","","","","","","","","","","","","","","","","","","","","","","","","","","","","","","","","","","","","","","","","","","","","","","","","","","","","","","","","","","","","","","","","","","","","","","","","","","","","","","","","","","","","",""
"33167001","BORDEAUX_OBSERVATOIRE",44.831667,-0.525,74,1912071912,"","","","","","","","","","","","","","","","","","","","","","","","","","","","","","","","","","","","",20.4,9,"","","","","","","","","","","","","","","","","","","","","","","","","","","","","","","","","","","","","","","","","","","","",1012.5,9,1003.9,1,"","","","","","","","","","","","","","","","","","","","","","","","","","","","","","","","","","","","","","","","","","","","","","","","","","","","","","","","","","","","","","","","","","","","","","","","","","","","","","","","","","","","","","","","","","","","","","","","","","","","","","","","","","","","","","","",""
"33167001","BORDEAUX_OBSERVATOIRE",44.831667,-0.525,74,1912071915,"","","","","","","","","","","","","","","","","","","","","","","","","","","","","","","","","","","","",21.4,9,"","","","","","","","","","","","","","","","","","","","","","","","","","","","","","","","","","","","","","","","","","","","",1012.6,9,1004.,9,"","","","","","","","","","","","","","","","","","","","","","","","","","","","","","","","","","","","","","","","","","","","","","","","","","","","","","","","","","","","","","","","","","","","","","","","","","","","","","","","","","","","","","","","","","","","","","","","","","","","","","","","","","","","","","","",""
"33167001","BORDEAUX_OBSERVATOIRE",44.831667,-0.525,74,1912071918,"","","","","","","","","","","","","","","","","","","","","","","","","","","","","","","","","","","","",18.8,9,"","","","","","","","","","","","","","","","","","","","","","","","","","","","","","","","","","","","","","","","","","","","",1012.9,9,1004.2,9,"","","","","","","","","","","","","","","","","","","","","","","","","","","","","","","","","","","","","","","","","","","","","","","","","","","","","","","","","","","","","","","","","","","","","","","","","","","","","","","","","","","","","","","","","","","","","","","","","","","","","","","","","","","","","","","",""
"33167001","BORDEAUX_OBSERVATOIRE",44.831667,-0.525,74,1912071921,"","","","","","","","","","","","","","","","","","","","","","","","","","","","","","","","","","","","",16.1,9,"","","","","","","","","","","","","","","","","","","","","","","","","","","","","","","","","","","","","","","","","","","","",1013.9,9,1005.1,9,"","","","","","","","","","","","","","","","","","","","","","","","","","","","","","","","","","","","","","","","","","","","","","","","","","","","","","","","","","","","","","","","","","","","","","","","","","","","","","","","","","","","","","","","","","","","","","","","","","","","","","","","","","","","","","","",""
"33167001","BORDEAUX_OBSERVATOIRE",44.831667,-0.525,74,1912072000,"","","","","","","","","","","","","","","","","","","","","","","","","","","","","","","","","","","","",13.9,9,"","","","","","","","","","","","","","","","","","","","","","","","","","","","","","","","","","","","","","","","","","","","",1013.9,9,1005.1,9,"","","","","","","","","","","","","","","","","","","","","","","","","","","","","","","","","","","","","","","","","","","","","","","","","","","","","","","","","","","","","","","","","","","","","","","","","","","","","","","","","","","","","","","","","","","","","","","","","","","","","","","","","","","","","","","",""
"33167001","BORDEAUX_OBSERVATOIRE",44.831667,-0.525,74,1912072003,"","","","","","","","","","","","","","","","","","","","","","","","","","","","","","","","","","","","",12.6,9,"","","","","","","","","","","","","","","","","","","","","","","","","","","","","","","","","","","","","","","","","","","","",1013.7,9,1004.8,9,"","","","","","","","","","","","","","","","","","","","","","","","","","","","","","","","","","","","","","","","","","","","","","","","","","","","","","","","","","","","","","","","","","","","","","","","","","","","","","","","","","","","","","","","","","","","","","","","","","","","","","","","","","","","","","","",""
"33167001","BORDEAUX_OBSERVATOIRE",44.831667,-0.525,74,1912072007,"","","","","","","","","","","","","","","","","","","","","","","","","","","","","","","","","","","","",13.8,9,"","","","","","","","","","","","","","","","","","","","","","","","","","","","","","","","","","","","","","","","","","","","",1014.1,9,1005.3,9,"","","","","","","","","","","","","","","","","","","","","","","","","","","","","","","","","","","","","","","","","","","","","","","","","","","","","","","","","","","","","","","","","","","","","","","","","","","","","","","","","","","","","","","","","","","","","","","","","","","","","","","","","","","","","","","",""
"33167001","BORDEAUX_OBSERVATOIRE",44.831667,-0.525,74,1912072009,"","","","","","","","","","","","","","","","","","","","","","","","","","","","","","","","","","","","",14.6,9,"","","","","","","","","","","","","","","","","","","","","","","","","","","","","","","","","","","","","","","","","","","","",1014.3,9,1005.5,9,"","","","","","","","","","","","","","","","","","","","","","","","","","","","","","","","","","","","","","","","","","","","","","","","","","","","","","","","","","","","","","","","","","","","","","","","","","","","","","","","","","","","","","","","","","","","","","","","","","","","","","","","","","","","","","","",""
"33167001","BORDEAUX_OBSERVATOIRE",44.831667,-0.525,74,1912072012,"","","","","","","","","","","","","","","","","","","","","","","","","","","","","","","","","","","","",16.7,9,"","","","","","","","","","","","","","","","","","","","","","","","","","","","","","","","","","","","","","","","","","","","",1013.6,9,1004.9,1,"","","","","","","","","","","","","","","","","","","","","","","","","","","","","","","","","","","","","","","","","","","","","","","","","","","","","","","","","","","","","","","","","","","","","","","","","","","","","","","","","","","","","","","","","","","","","","","","","","","","","","","","","","","","","","","",""
"33167001","BORDEAUX_OBSERVATOIRE",44.831667,-0.525,74,1912072015,"","","","","","","","","","","","","","","","","","","","","","","","","","","","","","","","","","","","",18.5,9,"","","","","","","","","","","","","","","","","","","","","","","","","","","","","","","","","","","","","","","","","","","","",1014.1,9,1005.4,9,"","","","","","","","","","","","","","","","","","","","","","","","","","","","","","","","","","","","","","","","","","","","","","","","","","","","","","","","","","","","","","","","","","","","","","","","","","","","","","","","","","","","","","","","","","","","","","","","","","","","","","","","","","","","","","","",""
"33167001","BORDEAUX_OBSERVATOIRE",44.831667,-0.525,74,1912072018,"","","","","","","","","","","","","","","","","","","","","","","","","","","","","","","","","","","","",16.3,9,"","","","","","","","","","","","","","","","","","","","","","","","","","","","","","","","","","","","","","","","","","","","",1014.9,9,1006.1,9,"","","","","","","","","","","","","","","","","","","","","","","","","","","","","","","","","","","","","","","","","","","","","","","","","","","","","","","","","","","","","","","","","","","","","","","","","","","","","","","","","","","","","","","","","","","","","","","","","","","","","","","","","","","","","","","",""
"33167001","BORDEAUX_OBSERVATOIRE",44.831667,-0.525,74,1912072021,"","","","","","","","","","","","","","","","","","","","","","","","","","","","","","","","","","","","",15.4,9,"","","","","","","","","","","","","","","","","","","","","","","","","","","","","","","","","","","","","","","","","","","","",1015.2,9,1006.4,9,"","","","","","","","","","","","","","","","","","","","","","","","","","","","","","","","","","","","","","","","","","","","","","","","","","","","","","","","","","","","","","","","","","","","","","","","","","","","","","","","","","","","","","","","","","","","","","","","","","","","","","","","","","","","","","","",""
"33167001","BORDEAUX_OBSERVATOIRE",44.831667,-0.525,74,1912072100,"","","","","","","","","","","","","","","","","","","","","","","","","","","","","","","","","","","","",14.6,9,"","","","","","","","","","","","","","","","","","","","","","","","","","","","","","","","","","","","","","","","","","","","",1014.8,9,1006.,9,"","","","","","","","","","","","","","","","","","","","","","","","","","","","","","","","","","","","","","","","","","","","","","","","","","","","","","","","","","","","","","","","","","","","","","","","","","","","","","","","","","","","","","","","","","","","","","","","","","","","","","","","","","","","","","","",""
"33167001","BORDEAUX_OBSERVATOIRE",44.831667,-0.525,74,1912072103,"","","","","","","","","","","","","","","","","","","","","","","","","","","","","","","","","","","","",14.6,9,"","","","","","","","","","","","","","","","","","","","","","","","","","","","","","","","","","","","","","","","","","","","",1014.3,9,1005.5,9,"","","","","","","","","","","","","","","","","","","","","","","","","","","","","","","","","","","","","","","","","","","","","","","","","","","","","","","","","","","","","","","","","","","","","","","","","","","","","","","","","","","","","","","","","","","","","","","","","","","","","","","","","","","","","","","",""
"33167001","BORDEAUX_OBSERVATOIRE",44.831667,-0.525,74,1912072107,"","","","","","","","","","","","","","","","","","","","","","","","","","","","","","","","","","","","",16.,9,"","","","","","","","","","","","","","","","","","","","","","","","","","","","","","","","","","","","","","","","","","","","",1014.7,9,1005.9,9,"","","","","","","","","","","","","","","","","","","","","","","","","","","","","","","","","","","","","","","","","","","","","","","","","","","","","","","","","","","","","","","","","","","","","","","","","","","","","","","","","","","","","","","","","","","","","","","","","","","","","","","","","","","","","","","",""
"33167001","BORDEAUX_OBSERVATOIRE",44.831667,-0.525,74,1912072109,"","","","","","","","","","","","","","","","","","","","","","","","","","","","","","","","","","","","",17.3,9,"","","","","","","","","","","","","","","","","","","","","","","","","","","","","","","","","","","","","","","","","","","","",1014.9,9,1006.2,9,"","","","","","","","","","","","","","","","","","","","","","","","","","","","","","","","","","","","","","","","","","","","","","","","","","","","","","","","","","","","","","","","","","","","","","","","","","","","","","","","","","","","","","","","","","","","","","","","","","","","","","","","","","","","","","","",""
"33167001","BORDEAUX_OBSERVATOIRE",44.831667,-0.525,74,1912072112,"","","","","","","","","","","","","","","","","","","","","","","","","","","","","","","","","","","","",17.7,9,"","","","","","","","","","","","","","","","","","","","","","","","","","","","","","","","","","","","","","","","","","","","",1014.9,9,1006.2,1,"","","","","","","","","","","","","","","","","","","","","","","","","","","","","","","","","","","","","","","","","","","","","","","","","","","","","","","","","","","","","","","","","","","","","","","","","","","","","","","","","","","","","","","","","","","","","","","","","","","","","","","","","","","","","","","",""
"33167001","BORDEAUX_OBSERVATOIRE",44.831667,-0.525,74,1912072115,"","","","","","","","","","","","","","","","","","","","","","","","","","","","","","","","","","","","",21.3,9,"","","","","","","","","","","","","","","","","","","","","","","","","","","","","","","","","","","","","","","","","","","","",1014.4,9,1005.8,9,"","","","","","","","","","","","","","","","","","","","","","","","","","","","","","","","","","","","","","","","","","","","","","","","","","","","","","","","","","","","","","","","","","","","","","","","","","","","","","","","","","","","","","","","","","","","","","","","","","","","","","","","","","","","","","","",""
"33167001","BORDEAUX_OBSERVATOIRE",44.831667,-0.525,74,1912072118,"","","","","","","","","","","","","","","","","","","","","","","","","","","","","","","","","","","","",19.,9,"","","","","","","","","","","","","","","","","","","","","","","","","","","","","","","","","","","","","","","","","","","","",1015.,9,1006.3,9,"","","","","","","","","","","","","","","","","","","","","","","","","","","","","","","","","","","","","","","","","","","","","","","","","","","","","","","","","","","","","","","","","","","","","","","","","","","","","","","","","","","","","","","","","","","","","","","","","","","","","","","","","","","","","","","",""
"33167001","BORDEAUX_OBSERVATOIRE",44.831667,-0.525,74,1912072121,"","","","","","","","","","","","","","","","","","","","","","","","","","","","","","","","","","","","",16.6,9,"","","","","","","","","","","","","","","","","","","","","","","","","","","","","","","","","","","","","","","","","","","","",1016.,9,1007.2,9,"","","","","","","","","","","","","","","","","","","","","","","","","","","","","","","","","","","","","","","","","","","","","","","","","","","","","","","","","","","","","","","","","","","","","","","","","","","","","","","","","","","","","","","","","","","","","","","","","","","","","","","","","","","","","","","",""
"33167001","BORDEAUX_OBSERVATOIRE",44.831667,-0.525,74,1912072200,"","","","","","","","","","","","","","","","","","","","","","","","","","","","","","","","","","","","",15.1,9,"","","","","","","","","","","","","","","","","","","","","","","","","","","","","","","","","","","","","","","","","","","","",1016.,9,1007.2,9,"","","","","","","","","","","","","","","","","","","","","","","","","","","","","","","","","","","","","","","","","","","","","","","","","","","","","","","","","","","","","","","","","","","","","","","","","","","","","","","","","","","","","","","","","","","","","","","","","","","","","","","","","","","","","","","",""
"33167001","BORDEAUX_OBSERVATOIRE",44.831667,-0.525,74,1912072203,"","","","","","","","","","","","","","","","","","","","","","","","","","","","","","","","","","","","",15.,9,"","","","","","","","","","","","","","","","","","","","","","","","","","","","","","","","","","","","","","","","","","","","",1015.4,9,1006.6,9,"","","","","","","","","","","","","","","","","","","","","","","","","","","","","","","","","","","","","","","","","","","","","","","","","","","","","","","","","","","","","","","","","","","","","","","","","","","","","","","","","","","","","","","","","","","","","","","","","","","","","","","","","","","","","","","",""
"33167001","BORDEAUX_OBSERVATOIRE",44.831667,-0.525,74,1912072207,"","","","","","","","","","","","","","","","","","","","","","","","","","","","","","","","","","","","",16.4,9,"","","","","","","","","","","","","","","","","","","","","","","","","","","","","","","","","","","","","","","","","","","","",1015.4,9,1006.6,9,"","","","","","","","","","","","","","","","","","","","","","","","","","","","","","","","","","","","","","","","","","","","","","","","","","","","","","","","","","","","","","","","","","","","","","","","","","","","","","","","","","","","","","","","","","","","","","","","","","","","","","","","","","","","","","","",""
"33167001","BORDEAUX_OBSERVATOIRE",44.831667,-0.525,74,1912072209,"","","","","","","","","","","","","","","","","","","","","","","","","","","","","","","","","","","","",18.7,9,"","","","","","","","","","","","","","","","","","","","","","","","","","","","","","","","","","","","","","","","","","","","",1015.7,9,1007.,9,"","","","","","","","","","","","","","","","","","","","","","","","","","","","","","","","","","","","","","","","","","","","","","","","","","","","","","","","","","","","","","","","","","","","","","","","","","","","","","","","","","","","","","","","","","","","","","","","","","","","","","","","","","","","","","","",""
"33167001","BORDEAUX_OBSERVATOIRE",44.831667,-0.525,74,1912072212,"","","","","","","","","","","","","","","","","","","","","","","","","","","","","","","","","","","","",18.1,9,"","","","","","","","","","","","","","","","","","","","","","","","","","","","","","","","","","","","","","","","","","","","",1015.8,9,1007.1,1,"","","","","","","","","","","","","","","","","","","","","","","","","","","","","","","","","","","","","","","","","","","","","","","","","","","","","","","","","","","","","","","","","","","","","","","","","","","","","","","","","","","","","","","","","","","","","","","","","","","","","","","","","","","","","","","",""
"33167001","BORDEAUX_OBSERVATOIRE",44.831667,-0.525,74,1912072215,"","","","","","","","","","","","","","","","","","","","","","","","","","","","","","","","","","","","",19.9,9,"","","","","","","","","","","","","","","","","","","","","","","","","","","","","","","","","","","","","","","","","","","","",1015.7,9,1007.,9,"","","","","","","","","","","","","","","","","","","","","","","","","","","","","","","","","","","","","","","","","","","","","","","","","","","","","","","","","","","","","","","","","","","","","","","","","","","","","","","","","","","","","","","","","","","","","","","","","","","","","","","","","","","","","","","",""
"33167001","BORDEAUX_OBSERVATOIRE",44.831667,-0.525,74,1912072218,"","","","","","","","","","","","","","","","","","","","","","","","","","","","","","","","","","","","",18.,9,"","","","","","","","","","","","","","","","","","","","","","","","","","","","","","","","","","","","","","","","","","","","",1015.7,9,1007.,9,"","","","","","","","","","","","","","","","","","","","","","","","","","","","","","","","","","","","","","","","","","","","","","","","","","","","","","","","","","","","","","","","","","","","","","","","","","","","","","","","","","","","","","","","","","","","","","","","","","","","","","","","","","","","","","","",""
"33167001","BORDEAUX_OBSERVATOIRE",44.831667,-0.525,74,1912072221,"","","","","","","","","","","","","","","","","","","","","","","","","","","","","","","","","","","","",14.7,9,"","","","","","","","","","","","","","","","","","","","","","","","","","","","","","","","","","","","","","","","","","","","",1016.6,9,1007.8,9,"","","","","","","","","","","","","","","","","","","","","","","","","","","","","","","","","","","","","","","","","","","","","","","","","","","","","","","","","","","","","","","","","","","","","","","","","","","","","","","","","","","","","","","","","","","","","","","","","","","","","","","","","","","","","","","",""
"33167001","BORDEAUX_OBSERVATOIRE",44.831667,-0.525,74,1912072300,"","","","","","","","","","","","","","","","","","","","","","","","","","","","","","","","","","","","",13.,9,"","","","","","","","","","","","","","","","","","","","","","","","","","","","","","","","","","","","","","","","","","","","",1016.4,9,1007.5,9,"","","","","","","","","","","","","","","","","","","","","","","","","","","","","","","","","","","","","","","","","","","","","","","","","","","","","","","","","","","","","","","","","","","","","","","","","","","","","","","","","","","","","","","","","","","","","","","","","","","","","","","","","","","","","","","",""
"33167001","BORDEAUX_OBSERVATOIRE",44.831667,-0.525,74,1912072303,"","","","","","","","","","","","","","","","","","","","","","","","","","","","","","","","","","","","",12.2,9,"","","","","","","","","","","","","","","","","","","","","","","","","","","","","","","","","","","","","","","","","","","","",1015.9,9,1007.,9,"","","","","","","","","","","","","","","","","","","","","","","","","","","","","","","","","","","","","","","","","","","","","","","","","","","","","","","","","","","","","","","","","","","","","","","","","","","","","","","","","","","","","","","","","","","","","","","","","","","","","","","","","","","","","","","",""
"33167001","BORDEAUX_OBSERVATOIRE",44.831667,-0.525,74,1912072307,"","","","","","","","","","","","","","","","","","","","","","","","","","","","","","","","","","","","",14.7,9,"","","","","","","","","","","","","","","","","","","","","","","","","","","","","","","","","","","","","","","","","","","","",1015.5,9,1006.7,9,"","","","","","","","","","","","","","","","","","","","","","","","","","","","","","","","","","","","","","","","","","","","","","","","","","","","","","","","","","","","","","","","","","","","","","","","","","","","","","","","","","","","","","","","","","","","","","","","","","","","","","","","","","","","","","","",""
"33167001","BORDEAUX_OBSERVATOIRE",44.831667,-0.525,74,1912072309,"","","","","","","","","","","","","","","","","","","","","","","","","","","","","","","","","","","","",18.1,9,"","","","","","","","","","","","","","","","","","","","","","","","","","","","","","","","","","","","","","","","","","","","",1014.9,9,1006.2,9,"","","","","","","","","","","","","","","","","","","","","","","","","","","","","","","","","","","","","","","","","","","","","","","","","","","","","","","","","","","","","","","","","","","","","","","","","","","","","","","","","","","","","","","","","","","","","","","","","","","","","","","","","","","","","","","",""
"33167001","BORDEAUX_OBSERVATOIRE",44.831667,-0.525,74,1912072312,"","","","","","","","","","","","","","","","","","","","","","","","","","","","","","","","","","","","",22.,9,"","","","","","","","","","","","","","","","","","","","","","","","","","","","","","","","","","","","","","","","","","","","",1013.6,9,1005.,1,"","","","","","","","","","","","","","","","","","","","","","","","","","","","","","","","","","","","","","","","","","","","","","","","","","","","","","","","","","","","","","","","","","","","","","","","","","","","","","","","","","","","","","","","","","","","","","","","","","","","","","","","","","","","","","","",""
"33167001","BORDEAUX_OBSERVATOIRE",44.831667,-0.525,74,1912072315,"","","","","","","","","","","","","","","","","","","","","","","","","","","","","","","","","","","","",24.3,9,"","","","","","","","","","","","","","","","","","","","","","","","","","","","","","","","","","","","","","","","","","","","",1012.5,9,1004.,9,"","","","","","","","","","","","","","","","","","","","","","","","","","","","","","","","","","","","","","","","","","","","","","","","","","","","","","","","","","","","","","","","","","","","","","","","","","","","","","","","","","","","","","","","","","","","","","","","","","","","","","","","","","","","","","","",""
"33167001","BORDEAUX_OBSERVATOIRE",44.831667,-0.525,74,1912072318,"","","","","","","","","","","","","","","","","","","","","","","","","","","","","","","","","","","","",22.8,9,"","","","","","","","","","","","","","","","","","","","","","","","","","","","","","","","","","","","","","","","","","","","",1012.,9,1003.5,9,"","","","","","","","","","","","","","","","","","","","","","","","","","","","","","","","","","","","","","","","","","","","","","","","","","","","","","","","","","","","","","","","","","","","","","","","","","","","","","","","","","","","","","","","","","","","","","","","","","","","","","","","","","","","","","","",""
"33167001","BORDEAUX_OBSERVATOIRE",44.831667,-0.525,74,1912072321,"","","","","","","","","","","","","","","","","","","","","","","","","","","","","","","","","","","","",20.,9,"","","","","","","","","","","","","","","","","","","","","","","","","","","","","","","","","","","","","","","","","","","","",1012.8,9,1004.2,9,"","","","","","","","","","","","","","","","","","","","","","","","","","","","","","","","","","","","","","","","","","","","","","","","","","","","","","","","","","","","","","","","","","","","","","","","","","","","","","","","","","","","","","","","","","","","","","","","","","","","","","","","","","","","","","","",""
"33167001","BORDEAUX_OBSERVATOIRE",44.831667,-0.525,74,1912072400,"","","","","","","","","","","","","","","","","","","","","","","","","","","","","","","","","","","","",17.9,9,"","","","","","","","","","","","","","","","","","","","","","","","","","","","","","","","","","","","","","","","","","","","",1012.3,9,1003.6,9,"","","","","","","","","","","","","","","","","","","","","","","","","","","","","","","","","","","","","","","","","","","","","","","","","","","","","","","","","","","","","","","","","","","","","","","","","","","","","","","","","","","","","","","","","","","","","","","","","","","","","","","","","","","","","","","",""
"33167001","BORDEAUX_OBSERVATOIRE",44.831667,-0.525,74,1912072403,"","","","","","","","","","","","","","","","","","","","","","","","","","","","","","","","","","","","",15.8,9,"","","","","","","","","","","","","","","","","","","","","","","","","","","","","","","","","","","","","","","","","","","","",1011.8,9,1003.,9,"","","","","","","","","","","","","","","","","","","","","","","","","","","","","","","","","","","","","","","","","","","","","","","","","","","","","","","","","","","","","","","","","","","","","","","","","","","","","","","","","","","","","","","","","","","","","","","","","","","","","","","","","","","","","","","",""
"33167001","BORDEAUX_OBSERVATOIRE",44.831667,-0.525,74,1912072407,"","","","","","","","","","","","","","","","","","","","","","","","","","","","","","","","","","","","",18.2,9,"","","","","","","","","","","","","","","","","","","","","","","","","","","","","","","","","","","","","","","","","","","","",1012.2,9,1003.5,9,"","","","","","","","","","","","","","","","","","","","","","","","","","","","","","","","","","","","","","","","","","","","","","","","","","","","","","","","","","","","","","","","","","","","","","","","","","","","","","","","","","","","","","","","","","","","","","","","","","","","","","","","","","","","","","","",""
"33167001","BORDEAUX_OBSERVATOIRE",44.831667,-0.525,74,1912072409,"","","","","","","","","","","","","","","","","","","","","","","","","","","","","","","","","","","","",21.5,9,"","","","","","","","","","","","","","","","","","","","","","","","","","","","","","","","","","","","","","","","","","","","",1012.1,9,1003.5,9,"","","","","","","","","","","","","","","","","","","","","","","","","","","","","","","","","","","","","","","","","","","","","","","","","","","","","","","","","","","","","","","","","","","","","","","","","","","","","","","","","","","","","","","","","","","","","","","","","","","","","","","","","","","","","","","",""
"33167001","BORDEAUX_OBSERVATOIRE",44.831667,-0.525,74,1912072412,"","","","","","","","","","","","","","","","","","","","","","","","","","","","","","","","","","","","",25.1,9,"","","","","","","","","","","","","","","","","","","","","","","","","","","","","","","","","","","","","","","","","","","","",1011.8,9,1003.4,1,"","","","","","","","","","","","","","","","","","","","","","","","","","","","","","","","","","","","","","","","","","","","","","","","","","","","","","","","","","","","","","","","","","","","","","","","","","","","","","","","","","","","","","","","","","","","","","","","","","","","","","","","","","","","","","","",""
"33167001","BORDEAUX_OBSERVATOIRE",44.831667,-0.525,74,1912072415,"","","","","","","","","","","","","","","","","","","","","","","","","","","","","","","","","","","","",26.4,9,"","","","","","","","","","","","","","","","","","","","","","","","","","","","","","","","","","","","","","","","","","","","",1011.8,9,1003.4,9,"","","","","","","","","","","","","","","","","","","","","","","","","","","","","","","","","","","","","","","","","","","","","","","","","","","","","","","","","","","","","","","","","","","","","","","","","","","","","","","","","","","","","","","","","","","","","","","","","","","","","","","","","","","","","","","",""
"33167001","BORDEAUX_OBSERVATOIRE",44.831667,-0.525,74,1912072418,"","","","","","","","","","","","","","","","","","","","","","","","","","","","","","","","","","","","",22.1,9,"","","","","","","","","","","","","","","","","","","","","","","","","","","","","","","","","","","","","","","","","","","","",1012.,9,1003.5,9,"","","","","","","","","","","","","","","","","","","","","","","","","","","","","","","","","","","","","","","","","","","","","","","","","","","","","","","","","","","","","","","","","","","","","","","","","","","","","","","","","","","","","","","","","","","","","","","","","","","","","","","","","","","","","","","",""
"33167001","BORDEAUX_OBSERVATOIRE",44.831667,-0.525,74,1912072421,"","","","","","","","","","","","","","","","","","","","","","","","","","","","","","","","","","","","",16.8,9,"","","","","","","","","","","","","","","","","","","","","","","","","","","","","","","","","","","","","","","","","","","","",1014.6,9,1005.9,9,"","","","","","","","","","","","","","","","","","","","","","","","","","","","","","","","","","","","","","","","","","","","","","","","","","","","","","","","","","","","","","","","","","","","","","","","","","","","","","","","","","","","","","","","","","","","","","","","","","","","","","","","","","","","","","","",""
"33167001","BORDEAUX_OBSERVATOIRE",44.831667,-0.525,74,1912072500,"","","","","","","","","","","","","","","","","","","","","","","","","","","","","","","","","","","","",15.,9,"","","","","","","","","","","","","","","","","","","","","","","","","","","","","","","","","","","","","","","","","","","","",1015.,9,1006.2,9,"","","","","","","","","","","","","","","","","","","","","","","","","","","","","","","","","","","","","","","","","","","","","","","","","","","","","","","","","","","","","","","","","","","","","","","","","","","","","","","","","","","","","","","","","","","","","","","","","","","","","","","","","","","","","","","",""
"33167001","BORDEAUX_OBSERVATOIRE",44.831667,-0.525,74,1912072503,"","","","","","","","","","","","","","","","","","","","","","","","","","","","","","","","","","","","",13.3,9,"","","","","","","","","","","","","","","","","","","","","","","","","","","","","","","","","","","","","","","","","","","","",1015.5,9,1006.6,9,"","","","","","","","","","","","","","","","","","","","","","","","","","","","","","","","","","","","","","","","","","","","","","","","","","","","","","","","","","","","","","","","","","","","","","","","","","","","","","","","","","","","","","","","","","","","","","","","","","","","","","","","","","","","","","","",""
"33167001","BORDEAUX_OBSERVATOIRE",44.831667,-0.525,74,1912072507,"","","","","","","","","","","","","","","","","","","","","","","","","","","","","","","","","","","","",15.3,9,"","","","","","","","","","","","","","","","","","","","","","","","","","","","","","","","","","","","","","","","","","","","",1016.1,9,1007.3,9,"","","","","","","","","","","","","","","","","","","","","","","","","","","","","","","","","","","","","","","","","","","","","","","","","","","","","","","","","","","","","","","","","","","","","","","","","","","","","","","","","","","","","","","","","","","","","","","","","","","","","","","","","","","","","","","",""
"33167001","BORDEAUX_OBSERVATOIRE",44.831667,-0.525,74,1912072509,"","","","","","","","","","","","","","","","","","","","","","","","","","","","","","","","","","","","",19.9,9,"","","","","","","","","","","","","","","","","","","","","","","","","","","","","","","","","","","","","","","","","","","","",1016.2,9,1007.5,9,"","","","","","","","","","","","","","","","","","","","","","","","","","","","","","","","","","","","","","","","","","","","","","","","","","","","","","","","","","","","","","","","","","","","","","","","","","","","","","","","","","","","","","","","","","","","","","","","","","","","","","","","","","","","","","","",""
"33167001","BORDEAUX_OBSERVATOIRE",44.831667,-0.525,74,1912072512,"","","","","","","","","","","","","","","","","","","","","","","","","","","","","","","","","","","","",21.2,9,"","","","","","","","","","","","","","","","","","","","","","","","","","","","","","","","","","","","","","","","","","","","",1016.1,9,1007.5,1,"","","","","","","","","","","","","","","","","","","","","","","","","","","","","","","","","","","","","","","","","","","","","","","","","","","","","","","","","","","","","","","","","","","","","","","","","","","","","","","","","","","","","","","","","","","","","","","","","","","","","","","","","","","","","","","",""
"33167001","BORDEAUX_OBSERVATOIRE",44.831667,-0.525,74,1912072515,"","","","","","","","","","","","","","","","","","","","","","","","","","","","","","","","","","","","",22.9,9,"","","","","","","","","","","","","","","","","","","","","","","","","","","","","","","","","","","","","","","","","","","","",1015.6,9,1007.,9,"","","","","","","","","","","","","","","","","","","","","","","","","","","","","","","","","","","","","","","","","","","","","","","","","","","","","","","","","","","","","","","","","","","","","","","","","","","","","","","","","","","","","","","","","","","","","","","","","","","","","","","","","","","","","","","",""
"33167001","BORDEAUX_OBSERVATOIRE",44.831667,-0.525,74,1912072518,"","","","","","","","","","","","","","","","","","","","","","","","","","","","","","","","","","","","",20.8,9,"","","","","","","","","","","","","","","","","","","","","","","","","","","","","","","","","","","","","","","","","","","","",1015.3,9,1006.7,9,"","","","","","","","","","","","","","","","","","","","","","","","","","","","","","","","","","","","","","","","","","","","","","","","","","","","","","","","","","","","","","","","","","","","","","","","","","","","","","","","","","","","","","","","","","","","","","","","","","","","","","","","","","","","","","","",""
"33167001","BORDEAUX_OBSERVATOIRE",44.831667,-0.525,74,1912072521,"","","","","","","","","","","","","","","","","","","","","","","","","","","","","","","","","","","","",17.8,9,"","","","","","","","","","","","","","","","","","","","","","","","","","","","","","","","","","","","","","","","","","","","",1016.5,9,1007.8,9,"","","","","","","","","","","","","","","","","","","","","","","","","","","","","","","","","","","","","","","","","","","","","","","","","","","","","","","","","","","","","","","","","","","","","","","","","","","","","","","","","","","","","","","","","","","","","","","","","","","","","","","","","","","","","","","",""
"33167001","BORDEAUX_OBSERVATOIRE",44.831667,-0.525,74,1912072600,"","","","","","","","","","","","","","","","","","","","","","","","","","","","","","","","","","","","",16.1,9,"","","","","","","","","","","","","","","","","","","","","","","","","","","","","","","","","","","","","","","","","","","","",1015.9,9,1007.1,9,"","","","","","","","","","","","","","","","","","","","","","","","","","","","","","","","","","","","","","","","","","","","","","","","","","","","","","","","","","","","","","","","","","","","","","","","","","","","","","","","","","","","","","","","","","","","","","","","","","","","","","","","","","","","","","","",""
"33167001","BORDEAUX_OBSERVATOIRE",44.831667,-0.525,74,1912072603,"","","","","","","","","","","","","","","","","","","","","","","","","","","","","","","","","","","","",16.,9,"","","","","","","","","","","","","","","","","","","","","","","","","","","","","","","","","","","","","","","","","","","","",1014.6,9,1005.8,9,"","","","","","","","","","","","","","","","","","","","","","","","","","","","","","","","","","","","","","","","","","","","","","","","","","","","","","","","","","","","","","","","","","","","","","","","","","","","","","","","","","","","","","","","","","","","","","","","","","","","","","","","","","","","","","","",""
"33167001","BORDEAUX_OBSERVATOIRE",44.831667,-0.525,74,1912072607,"","","","","","","","","","","","","","","","","","","","","","","","","","","","","","","","","","","","",17.9,9,"","","","","","","","","","","","","","","","","","","","","","","","","","","","","","","","","","","","","","","","","","","","",1012.9,9,1004.2,9,"","","","","","","","","","","","","","","","","","","","","","","","","","","","","","","","","","","","","","","","","","","","","","","","","","","","","","","","","","","","","","","","","","","","","","","","","","","","","","","","","","","","","","","","","","","","","","","","","","","","","","","","","","","","","","","",""
"33167001","BORDEAUX_OBSERVATOIRE",44.831667,-0.525,74,1912072609,"","","","","","","","","","","","","","","","","","","","","","","","","","","","","","","","","","","","",20.7,9,"","","","","","","","","","","","","","","","","","","","","","","","","","","","","","","","","","","","","","","","","","","","",1012.3,9,1003.7,9,"","","","","","","","","","","","","","","","","","","","","","","","","","","","","","","","","","","","","","","","","","","","","","","","","","","","","","","","","","","","","","","","","","","","","","","","","","","","","","","","","","","","","","","","","","","","","","","","","","","","","","","","","","","","","","","",""
"33167001","BORDEAUX_OBSERVATOIRE",44.831667,-0.525,74,1912072612,"","","","","","","","","","","","","","","","","","","","","","","","","","","","","","","","","","","","",22.9,9,"","","","","","","","","","","","","","","","","","","","","","","","","","","","","","","","","","","","","","","","","","","","",1010.2,9,1001.7,1,"","","","","","","","","","","","","","","","","","","","","","","","","","","","","","","","","","","","","","","","","","","","","","","","","","","","","","","","","","","","","","","","","","","","","","","","","","","","","","","","","","","","","","","","","","","","","","","","","","","","","","","","","","","","","","","",""
"33167001","BORDEAUX_OBSERVATOIRE",44.831667,-0.525,74,1912072615,"","","","","","","","","","","","","","","","","","","","","","","","","","","","","","","","","","","","",25.5,9,"","","","","","","","","","","","","","","","","","","","","","","","","","","","","","","","","","","","","","","","","","","","",1008.8,9,1000.4,9,"","","","","","","","","","","","","","","","","","","","","","","","","","","","","","","","","","","","","","","","","","","","","","","","","","","","","","","","","","","","","","","","","","","","","","","","","","","","","","","","","","","","","","","","","","","","","","","","","","","","","","","","","","","","","","","",""
"33167001","BORDEAUX_OBSERVATOIRE",44.831667,-0.525,74,1912072618,"","","","","","","","","","","","","","","","","","","","","","","","","","","","","","","","","","","","",17.9,9,"","","","","","","","","","","","","","","","","","","","","","","","","","","","","","","","","","","","","","","","","","","","",1009.2,9,1000.5,9,"","","","","","","","","","","","","","","","","","","","","","","","","","","","","","","","","","","","","","","","","","","","","","","","","","","","","","","","","","","","","","","","","","","","","","","","","","","","","","","","","","","","","","","","","","","","","","","","","","","","","","","","","","","","","","","",""
"33167001","BORDEAUX_OBSERVATOIRE",44.831667,-0.525,74,1912072621,"","","","","","","","","","","","","","","","","","","","","","","","","","","","","","","","","","","","",17.4,9,"","","","","","","","","","","","","","","","","","","","","","","","","","","","","","","","","","","","","","","","","","","","",1010.6,9,1001.9,9,"","","","","","","","","","","","","","","","","","","","","","","","","","","","","","","","","","","","","","","","","","","","","","","","","","","","","","","","","","","","","","","","","","","","","","","","","","","","","","","","","","","","","","","","","","","","","","","","","","","","","","","","","","","","","","","",""
"33167001","BORDEAUX_OBSERVATOIRE",44.831667,-0.525,74,1912072700,"","","","","","","","","","","","","","","","","","","","","","","","","","","","","","","","","","","","",17.2,9,"","","","","","","","","","","","","","","","","","","","","","","","","","","","","","","","","","","","","","","","","","","","",1010.2,9,1001.5,9,"","","","","","","","","","","","","","","","","","","","","","","","","","","","","","","","","","","","","","","","","","","","","","","","","","","","","","","","","","","","","","","","","","","","","","","","","","","","","","","","","","","","","","","","","","","","","","","","","","","","","","","","","","","","","","","",""
"33167001","BORDEAUX_OBSERVATOIRE",44.831667,-0.525,74,1912072703,"","","","","","","","","","","","","","","","","","","","","","","","","","","","","","","","","","","","",16.2,9,"","","","","","","","","","","","","","","","","","","","","","","","","","","","","","","","","","","","","","","","","","","","",1009.8,9,1001.1,9,"","","","","","","","","","","","","","","","","","","","","","","","","","","","","","","","","","","","","","","","","","","","","","","","","","","","","","","","","","","","","","","","","","","","","","","","","","","","","","","","","","","","","","","","","","","","","","","","","","","","","","","","","","","","","","","",""
"33167001","BORDEAUX_OBSERVATOIRE",44.831667,-0.525,74,1912072707,"","","","","","","","","","","","","","","","","","","","","","","","","","","","","","","","","","","","",18.,9,"","","","","","","","","","","","","","","","","","","","","","","","","","","","","","","","","","","","","","","","","","","","",1008.8,9,1000.1,9,"","","","","","","","","","","","","","","","","","","","","","","","","","","","","","","","","","","","","","","","","","","","","","","","","","","","","","","","","","","","","","","","","","","","","","","","","","","","","","","","","","","","","","","","","","","","","","","","","","","","","","","","","","","","","","","",""
"33167001","BORDEAUX_OBSERVATOIRE",44.831667,-0.525,74,1912072709,"","","","","","","","","","","","","","","","","","","","","","","","","","","","","","","","","","","","",22.7,9,"","","","","","","","","","","","","","","","","","","","","","","","","","","","","","","","","","","","","","","","","","","","",1007.5,9,999.,9,"","","",9,"","","","","","","","","","","","","","","","","","","","","","","","","","","","","","","","","","","","","","","","","","","","","","","","","","","","","","","","","","","","","","","","","","","","","","","","","","","","","","","","","","","","","","","","","","","","","","","","","","","","","","","","","","","",""
"33167001","BORDEAUX_OBSERVATOIRE",44.831667,-0.525,74,1912072712,"","","","","","","","","","","","","","","","","","","","","","","","","","","","","","","","","","","","",24.8,9,"","","","","","","","","","","","","","","","","","","","","","","","","","","","","","","","","","","","","","","","","","","","",1005.7,9,997.3,1,"","","","","","","","","","","","","","","","","","","","","","","","","","","","","","","","","","","","","","","","","","","","","","","","","","","","","","","","","","","","","","","","","","","","","","","","","","","","","","","","","","","","","","","","","","","","","","","","","","","","","","","","","","","","","","","",""
"33167001","BORDEAUX_OBSERVATOIRE",44.831667,-0.525,74,1912072715,"","","","","","","","","","","","","","","","","","","","","","","","","","","","","","","","","","","","",28.2,9,"","","","","","","","","","","","","","","","","","","","","","","","","","","","","","","","","","","","","","","","","","","","",1004.1,9,995.8,9,"","","","","","","","","","","","","","","","","","","","","","","","","","","","","","","","","","","","","","","","","","","","","","","","","","","","","","","","","","","","","","","","","","","","","","","","","","","","","","","","","","","","","","","","","","","","","","","","","","","","","","","","","","","","","","","",""
"33167001","BORDEAUX_OBSERVATOIRE",44.831667,-0.525,74,1912072718,"","","","","","","","","","","","","","","","","","","","","","","","","","","","","","","","","","","","",20.,9,"","","","","","","","","","","","","","","","","","","","","","","","","","","","","","","","","","","","","","","","","","","","",1007.5,9,998.9,9,"","","","","","","","","","","","","","","","","","","","","","","","","","","","","","","","","","","","","","","","","","","","","","","","","","","","","","","","","","","","","","","","","","","","","","","","","","","","","","","","","","","","","","","","","","","","","","","","","","","","","","","","","","","","","","","",""
"33167001","BORDEAUX_OBSERVATOIRE",44.831667,-0.525,74,1912072721,"","","","","","","","","","","","","","","","","","","","","","","","","","","","","","","","","","","","",16.7,9,"","","","","","","","","","","","","","","","","","","","","","","","","","","","","","","","","","","","","","","","","","","","",1009.4,9,1000.7,9,"","","","","","","","","","","","","","","","","","","","","","","","","","","","","","","","","","","","","","","","","","","","","","","","","","","","","","","","","","","","","","","","","","","","","","","","","","","","","","","","","","","","","","","","","","","","","","","","","","","","","","","","","","","","","","","",""
"33167001","BORDEAUX_OBSERVATOIRE",44.831667,-0.525,74,1912072800,"","","","","","","","","","","","","","","","","","","","","","","","","","","","","","","","","","","","",13.9,9,"","","","","","","","","","","","","","","","","","","","","","","","","","","","","","","","","","","","","","","","","","","","",1011.,9,1002.2,9,"","","","","","","","","","","","","","","","","","","","","","","","","","","","","","","","","","","","","","","","","","","","","","","","","","","","","","","","","","","","","","","","","","","","","","","","","","","","","","","","","","","","","","","","","","","","","","","","","","","","","","","","","","","","","","","",""
"33167001","BORDEAUX_OBSERVATOIRE",44.831667,-0.525,74,1912072803,"","","","","","","","","","","","","","","","","","","","","","","","","","","","","","","","","","","","",13.5,9,"","","","","","","","","","","","","","","","","","","","","","","","","","","","","","","","","","","","","","","","","","","","",1011.6,9,1002.8,9,"","","","","","","","","","","","","","","","","","","","","","","","","","","","","","","","","","","","","","","","","","","","","","","","","","","","","","","","","","","","","","","","","","","","","","","","","","","","","","","","","","","","","","","","","","","","","","","","","","","","","","","","","","","","","","","",""
"33167001","BORDEAUX_OBSERVATOIRE",44.831667,-0.525,74,1912072807,"","","","","","","","","","","","","","","","","","","","","","","","","","","","","","","","","","","","",16.5,9,"","","","","","","","","","","","","","","","","","","","","","","","","","","","","","","","","","","","","","","","","","","","",1012.2,9,1003.5,9,"","","","","","","","","","","","","","","","","","","","","","","","","","","","","","","","","","","","","","","","","","","","","","","","","","","","","","","","","","","","","","","","","","","","","","","","","","","","","","","","","","","","","","","","","","","","","","","","","","","","","","","","","","","","","","","",""
"33167001","BORDEAUX_OBSERVATOIRE",44.831667,-0.525,74,1912072809,"","","","","","","","","","","","","","","","","","","","","","","","","","","","","","","","","","","","",20.3,9,"","","","","","","","","","","","","","","","","","","","","","","","","","","","","","","","","","","","","","","","","","","","",1012.4,9,1003.8,9,"","","","","","","","","","","","","","","","","","","","","","","","","","","","","","","","","","","","","","","","","","","","","","","","","","","","","","","","","","","","","","","","","","","","","","","","","","","","","","","","","","","","","","","","","","","","","","","","","","","","","","","","","","","","","","","",""
"33167001","BORDEAUX_OBSERVATOIRE",44.831667,-0.525,74,1912072812,"","","","","","","","","","","","","","","","","","","","","","","","","","","","","","","","","","","","",22.,9,"","","","","","","","","","","","","","","","","","","","","","","","","","","","","","","","","","","","","","","","","","","","",1012.5,9,1003.9,1,"","","","","","","","","","","","","","","","","","","","","","","","","","","","","","","","","","","","","","","","","","","","","","","","","","","","","","","","","","","","","","","","","","","","","","","","","","","","","","","","","","","","","","","","","","","","","","","","","","","","","","","","","","","","","","","",""
"33167001","BORDEAUX_OBSERVATOIRE",44.831667,-0.525,74,1912072815,"","","","","","","","","","","","","","","","","","","","","","","","","","","","","","","","","","","","",22.8,9,"","","","","","","","","","","","","","","","","","","","","","","","","","","","","","","","","","","","","","","","","","","","",1012.3,9,1003.8,9,"","","","","","","","","","","","","","","","","","","","","","","","","","","","","","","","","","","","","","","","","","","","","","","","","","","","","","","","","","","","","","","","","","","","","","","","","","","","","","","","","","","","","","","","","","","","","","","","","","","","","","","","","","","","","","","",""
"33167001","BORDEAUX_OBSERVATOIRE",44.831667,-0.525,74,1912072818,"","","","","","","","","","","","","","","","","","","","","","","","","","","","","","","","","","","","",19.3,9,"","","","","","","","","","","","","","","","","","","","","","","","","","","","","","","","","","","","","","","","","","","","",1013.4,9,1004.7,9,"","","","","","","","","","","","","","","","","","","","","","","","","","","","","","","","","","","","","","","","","","","","","","","","","","","","","","","","","","","","","","","","","","","","","","","","","","","","","","","","","","","","","","","","","","","","","","","","","","","","","","","","","","","","","","","",""
"33167001","BORDEAUX_OBSERVATOIRE",44.831667,-0.525,74,1912072821,"","","","","","","","","","","","","","","","","","","","","","","","","","","","","","","","","","","","",15.7,9,"","","","","","","","","","","","","","","","","","","","","","","","","","","","","","","","","","","","","","","","","","","","",1015.2,9,1006.4,9,"","","","","","","","","","","","","","","","","","","","","","","","","","","","","","","","","","","","","","","","","","","","","","","","","","","","","","","","","","","","","","","","","","","","","","","","","","","","","","","","","","","","","","","","","","","","","","","","","","","","","","","","","","","","","","","",""
"33167001","BORDEAUX_OBSERVATOIRE",44.831667,-0.525,74,1912072900,"","","","","","","","","","","","","","","","","","","","","","","","","","","","","","","","","","","","",13.9,9,"","","","","","","","","","","","","","","","","","","","","","","","","","","","","","","","","","","","","","","","","","","","",1016.1,9,1007.2,9,"","","","","","","","","","","","","","","","","","","","","","","","","","","","","","","","","","","","","","","","","","","","","","","","","","","","","","","","","","","","","","","","","","","","","","","","","","","","","","","","","","","","","","","","","","","","","","","","","","","","","","","","","","","","","","","",""
"33167001","BORDEAUX_OBSERVATOIRE",44.831667,-0.525,74,1912072903,"","","","","","","","","","","","","","","","","","","","","","","","","","","","","","","","","","","","",12.7,9,"","","","","","","","","","","","","","","","","","","","","","","","","","","","","","","","","","","","","","","","","","","","",1016.,9,1007.1,9,"","","","","","","","","","","","","","","","","","","","","","","","","","","","","","","","","","","","","","","","","","","","","","","","","","","","","","","","","","","","","","","","","","","","","","","","","","","","","","","","","","","","","","","","","","","","","","","","","","","","","","","","","","","","","","","",""
"33167001","BORDEAUX_OBSERVATOIRE",44.831667,-0.525,74,1912072907,"","","","","","","","","","","","","","","","","","","","","","","","","","","","","","","","","","","","",15.,9,"","","","","","","","","","","","","","","","","","","","","","","","","","","","","","","","","","","","","","","","","","","","",1017.,9,1008.2,9,"","","","","","","","","","","","","","","","","","","","","","","","","","","","","","","","","","","","","","","","","","","","","","","","","","","","","","","","","","","","","","","","","","","","","","","","","","","","","","","","","","","","","","","","","","","","","","","","","","","","","","","","","","","","","","","",""
"33167001","BORDEAUX_OBSERVATOIRE",44.831667,-0.525,74,1912072909,"","","","","","","","","","","","","","","","","","","","","","","","","","","","","","","","","","","","",18.4,9,"","","","","","","","","","","","","","","","","","","","","","","","","","","","","","","","","","","","","","","","","","","","",1017.3,9,1008.6,9,"","","","","","","","","","","","","","","","","","","","","","","","","","","","","","","","","","","","","","","","","","","","","","","","","","","","","","","","","","","","","","","","","","","","","","","","","","","","","","","","","","","","","","","","","","","","","","","","","","","","","","","","","","","","","","","",""
"33167001","BORDEAUX_OBSERVATOIRE",44.831667,-0.525,74,1912072912,"","","","","","","","","","","","","","","","","","","","","","","","","","","","","","","","","","","","",20.4,9,"","","","","","","","","","","","","","","","","","","","","","","","","","","","","","","","","","","","","","","","","","","","",1015.9,9,1007.3,1,"","","","","","","","","","","","","","","","","","","","","","","","","","","","","","","","","","","","","","","","","","","","","","","","","","","","","","","","","","","","","","","","","","","","","","","","","","","","","","","","","","","","","","","","","","","","","","","","","","","","","","","","","","","","","","","",""
"33167001","BORDEAUX_OBSERVATOIRE",44.831667,-0.525,74,1912072915,"","","","","","","","","","","","","","","","","","","","","","","","","","","","","","","","","","","","",21.9,9,"","","","","","","","","","","","","","","","","","","","","","","","","","","","","","","","","","","","","","","","","","","","",1015.8,9,1007.2,9,"","","","","","","","","","","","","","","","","","","","","","","","","","","","","","","","","","","","","","","","","","","","","","","","","","","","","","","","","","","","","","","","","","","","","","","","","","","","","","","","","","","","","","","","","","","","","","","","","","","","","","","","","","","","","","","",""
"33167001","BORDEAUX_OBSERVATOIRE",44.831667,-0.525,74,1912072918,"","","","","","","","","","","","","","","","","","","","","","","","","","","","","","","","","","","","",19.,9,"","","","","","","","","","","","","","","","","","","","","","","","","","","","","","","","","","","","","","","","","","","","",1015.8,9,1007.1,9,"","","","","","","","","","","","","","","","","","","","","","","","","","","","","","","","","","","","","","","","","","","","","","","","","","","","","","","","","","","","","","","","","","","","","","","","","","","","","","","","","","","","","","","","","","","","","","","","","","","","","","","","","","","","","","","",""
"33167001","BORDEAUX_OBSERVATOIRE",44.831667,-0.525,74,1912072921,"","","","","","","","","","","","","","","","","","","","","","","","","","","","","","","","","","","","",15.8,9,"","","","","","","","","","","","","","","","","","","","","","","","","","","","","","","","","","","","","","","","","","","","",1015.9,9,1007.1,9,"","","","","","","","","","","","","","","","","","","","","","","","","","","","","","","","","","","","","","","","","","","","","","","","","","","","","","","","","","","","","","","","","","","","","","","","","","","","","","","","","","","","","","","","","","","","","","","","","","","","","","","","","","","","","","","",""
"33167001","BORDEAUX_OBSERVATOIRE",44.831667,-0.525,74,1912073000,"","","","","","","","","","","","","","","","","","","","","","","","","","","","","","","","","","","","",15.1,9,"","","","","","","","","","","","","","","","","","","","","","","","","","","","","","","","","","","","","","","","","","","","",1015.6,9,1006.8,9,"","","","","","","","","","","","","","","","","","","","","","","","","","","","","","","","","","","","","","","","","","","","","","","","","","","","","","","","","","","","","","","","","","","","","","","","","","","","","","","","","","","","","","","","","","","","","","","","","","","","","","","","","","","","","","","",""
"33167001","BORDEAUX_OBSERVATOIRE",44.831667,-0.525,74,1912073003,"","","","","","","","","","","","","","","","","","","","","","","","","","","","","","","","","","","","",14.5,9,"","","","","","","","","","","","","","","","","","","","","","","","","","","","","","","","","","","","","","","","","","","","",1014.,9,1005.2,9,"","","","","","","","","","","","","","","","","","","","","","","","","","","","","","","","","","","","","","","","","","","","","","","","","","","","","","","","","","","","","","","","","","","","","","","","","","","","","","","","","","","","","","","","","","","","","","","","","","","","","","","","","","","","","","","",""
"33167001","BORDEAUX_OBSERVATOIRE",44.831667,-0.525,74,1912073007,"","","","","","","","","","","","","","","","","","","","","","","","","","","","","","","","","","","","",25.9,9,"","","","","","","","","","","","","","","","","","","","","","","","","","","","","","","","","","","","","","","","","","","","",1012.2,9,1003.8,9,"","","","","","","","","","","","","","","","","","","","","","","","","","","","","","","","","","","","","","","","","","","","","","","","","","","","","","","","","","","","","","","","","","","","","","","","","","","","","","","","","","","","","","","","","","","","","","","","","","","","","","","","","","","","","","","",""
"33167001","BORDEAUX_OBSERVATOIRE",44.831667,-0.525,74,1912073009,"","","","","","","","","","","","","","","","","","","","","","","","","","","","","","","","","","","","",17.7,9,"","","","","","","","","","","","","","","","","","","","","","","","","","","","","","","","","","","","","","","","","","","","",1013.6,9,1004.9,9,"","","","","","","","","","","","","","","","","","","","","","","","","","","","","","","","","","","","","","","","","","","","","","","","","","","","","","","","","","","","","","","","","","","","","","","","","","","","","","","","","","","","","","","","","","","","","","","","","","","","","","","","","","","","","","","",""
"33167001","BORDEAUX_OBSERVATOIRE",44.831667,-0.525,74,1912073012,"","","","","","","","","","","","","","","","","","","","","","","","","","","","","","","","","","","","",20.6,9,"","","","","","","","","","","","","","","","","","","","","","","","","","","","","","","","","","","","","","","","","","","","",1013.9,9,1005.3,1,"","","","","","","","","","","","","","","","","","","","","","","","","","","","","","","","","","","","","","","","","","","","","","","","","","","","","","","","","","","","","","","","","","","","","","","","","","","","","","","","","","","","","","","","","","","","","","","","","","","","","","","","","","","","","","","",""
"33167001","BORDEAUX_OBSERVATOIRE",44.831667,-0.525,74,1912073015,"","","","","","","","","","","","","","","","","","","","","","","","","","","","","","","","","","","","",20.,9,"","","","","","","","","","","","","","","","","","","","","","","","","","","","","","","","","","","","","","","","","","","","",1014.9,9,1006.3,9,"","","","","","","","","","","","","","","","","","","","","","","","","","","","","","","","","","","","","","","","","","","","","","","","","","","","","","","","","","","","","","","","","","","","","","","","","","","","","","","","","","","","","","","","","","","","","","","","","","","","","","","","","","","","","","","",""
"33167001","BORDEAUX_OBSERVATOIRE",44.831667,-0.525,74,1912073018,"","","","","","","","","","","","","","","","","","","","","","","","","","","","","","","","","","","","",19.7,9,"","","","","","","","","","","","","","","","","","","","","","","","","","","","","","","","","","","","","","","","","","","","",1016.8,9,1008.1,9,"","","","","","","","","","","","","","","","","","","","","","","","","","","","","","","","","","","","","","","","","","","","","","","","","","","","","","","","","","","","","","","","","","","","","","","","","","","","","","","","","","","","","","","","","","","","","","","","","","","","","","","","","","","","","","","",""
"33167001","BORDEAUX_OBSERVATOIRE",44.831667,-0.525,74,1912073021,"","","","","","","","","","","","","","","","","","","","","","","","","","","","","","","","","","","","",15.3,9,"","","","","","","","","","","","","","","","","","","","","","","","","","","","","","","","","","","","","","","","","","","","",1018.4,9,1009.6,9,"","","","","","","","","","","","","","","","","","","","","","","","","","","","","","","","","","","","","","","","","","","","","","","","","","","","","","","","","","","","","","","","","","","","","","","","","","","","","","","","","","","","","","","","","","","","","","","","","","","","","","","","","","","","","","","",""
"33167001","BORDEAUX_OBSERVATOIRE",44.831667,-0.525,74,1912073100,"","","","","","","","","","","","","","","","","","","","","","","","","","","","","","","","","","","","",14.1,9,"","","","","","","","","","","","","","","","","","","","","","","","","","","","","","","","","","","","","","","","","","","","",1018.8,9,1009.9,9,"","","","","","","","","","","","","","","","","","","","","","","","","","","","","","","","","","","","","","","","","","","","","","","","","","","","","","","","","","","","","","","","","","","","","","","","","","","","","","","","","","","","","","","","","","","","","","","","","","","","","","","","","","","","","","","",""
"33167001","BORDEAUX_OBSERVATOIRE",44.831667,-0.525,74,1912073103,"","","","","","","","","","","","","","","","","","","","","","","","","","","","","","","","","","","","",12.7,9,"","","","","","","","","","","","","","","","","","","","","","","","","","","","","","","","","","","","","","","","","","","","",1018.,9,1009.1,9,"","","","","","","","","","","","","","","","","","","","","","","","","","","","","","","","","","","","","","","","","","","","","","","","","","","","","","","","","","","","","","","","","","","","","","","","","","","","","","","","","","","","","","","","","","","","","","","","","","","","","","","","","","","","","","","",""
"33167001","BORDEAUX_OBSERVATOIRE",44.831667,-0.525,74,1912073107,"","","","","","","","","","","","","","","","","","","","","","","","","","","","","","","","","","","","",15.4,9,"","","","","","","","","","","","","","","","","","","","","","","","","","","","","","","","","","","","","","","","","","","","",1017.1,9,1008.3,9,"","","","","","","","","","","","","","","","","","","","","","","","","","","","","","","","","","","","","","","","","","","","","","","","","","","","","","","","","","","","","","","","","","","","","","","","","","","","","","","","","","","","","","","","","","","","","","","","","","","","","","","","","","","","","","","",""
"33167001","BORDEAUX_OBSERVATOIRE",44.831667,-0.525,74,1912073109,"","","","","","","","","","","","","","","","","","","","","","","","","","","","","","","","","","","","",19.3,9,"","","","","","","","","","","","","","","","","","","","","","","","","","","","","","","","","","","","","","","","","","","","",1016.6,9,1007.9,9,"","","","","","","","","","","","","","","","","","","","","","","","","","","","","","","","","","","","","","","","","","","","","","","","","","","","","","","","","","","","","","","","","","","","","","","","","","","","","","","","","","","","","","","","","","","","","","","","","","","","","","","","","","","","","","","",""
"33167001","BORDEAUX_OBSERVATOIRE",44.831667,-0.525,74,1912073112,"","","","","","","","","","","","","","","","","","","","","","","","","","","","","","","","","","","","",23.6,9,"","","","","","","","","","","","","","","","","","","","","","","","","","","","","","","","","","","","","","","","","","","","",1015.4,9,1006.9,1,"","","","","","","","","","","","","","","","","","","","","","","","","","","","","","","","","","","","","","","","","","","","","","","","","","","","","","","","","","","","","","","","","","","","","","","","","","","","","","","","","","","","","","","","","","","","","","","","","","","","","","","","","","","","","","","",""
"33167001","BORDEAUX_OBSERVATOIRE",44.831667,-0.525,74,1912073115,"","","","","","","","","","","","","","","","","","","","","","","","","","","","","","","","","","","","",25.,9,"","","","","","","","","","","","","","","","","","","","","","","","","","","","","","","","","","","","","","","","","","","","",1013.9,9,1005.4,9,"","","","","","","","","","","","","","","","","","","","","","","","","","","","","","","","","","","","","","","","","","","","","","","","","","","","","","","","","","","","","","","","","","","","","","","","","","","","","","","","","","","","","","","","","","","","","","","","","","","","","","","","","","","","","","","",""
"33167001","BORDEAUX_OBSERVATOIRE",44.831667,-0.525,74,1912073118,"","","","","","","","","","","","","","","","","","","","","","","","","","","","","","","","","","","","",21.7,9,"","","","","","","","","","","","","","","","","","","","","","","","","","","","","","","","","","","","","","","","","","","","",1012.7,9,1004.1,9,"","","","","","","","","","","","","","","","","","","","","","","","","","","","","","","","","","","","","","","","","","","","","","","","","","","","","","","","","","","","","","","","","","","","","","","","","","","","","","","","","","","","","","","","","","","","","","","","","","","","","","","","","","","","","","","",""
"33167001","BORDEAUX_OBSERVATOIRE",44.831667,-0.525,74,1912073121,"","","","","","","","","","","","","","","","","","","","","","","","","","","","","","","","","","","","",18.3,9,"","","","","","","","","","","","","","","","","","","","","","","","","","","","","","","","","","","","","","","","","","","","",1013.5,9,1004.8,9,"","","","","","","","","","","","","","","","","","","","","","","","","","","","","","","","","","","","","","","","","","","","","","","","","","","","","","","","","","","","","","","","","","","","","","","","","","","","","","","","","","","","","","","","","","","","","","","","","","","","","","","","","","","","","","","",""
"33167001","BORDEAUX_OBSERVATOIRE",44.831667,-0.525,74,1912080100,"","","","","","","","","","","","","","","","","","","","","","","","","","","","","","","","","","","","",17.2,9,"","","","","","","","","","","","","","","","","","","","","","","","","","","","","","","","","","","","","","","","","","","","",1011.8,9,1003.1,9,"","","","","","","","","","","","","","","","","","","","","","","","","","","","","","","","","","","","","","","","","","","","","","","","","","","","","","","","","","","","","","","","","","","","","","","","","","","","","","","","","","","","","","","","","","","","","","","","","","","","","","","","","","","","","","","",""
"33167001","BORDEAUX_OBSERVATOIRE",44.831667,-0.525,74,1912080103,"","","","","","","","","","","","","","","","","","","","","","","","","","","","","","","","","","","","",17.2,9,"","","","","","","","","","","","","","","","","","","","","","","","","","","","","","","","","","","","","","","","","","","","",1009.9,9,1001.2,9,"","","","","","","","","","","","","","","","","","","","","","","","","","","","","","","","","","","","","","","","","","","","","","","","","","","","","","","","","","","","","","","","","","","","","","","","","","","","","","","","","","","","","","","","","","","","","","","","","","","","","","","","","","","","","","","",""
"33167001","BORDEAUX_OBSERVATOIRE",44.831667,-0.525,74,1912080107,"","","","","","","","","","","","","","","","","","","","","","","","","","","","","","","","","","","","",17.6,9,"","","","","","","","","","","","","","","","","","","","","","","","","","","","","","","","","","","","","","","","","","","","",1008.2,9,999.5,9,"","","","","","","","","","","","","","","","","","","","","","","","","","","","","","","","","","","","","","","","","","","","","","","","","","","","","","","","","","","","","","","","","","","","","","","","","","","","","","","","","","","","","","","","","","","","","","","","","","","","","","","","","","","","","","","",""
"33167001","BORDEAUX_OBSERVATOIRE",44.831667,-0.525,74,1912080109,"","","","","","","","","","","","","","","","","","","","","","","","","","","","","","","","","","","","",16.6,9,"","","","","","","","","","","","","","","","","","","","","","","","","","","","","","","","","","","","","","","","","","","","",1008.5,9,999.8,9,"","","","","","","","","","","","","","","","","","","","","","","","","","","","","","","","","","","","","","","","","","","","","","","","","","","","","","","","","","","","","","","","","","","","","","","","","","","","","","","","","","","","","","","","","","","","","","","","","","","","","","","","","","","","","","","",""
"33167001","BORDEAUX_OBSERVATOIRE",44.831667,-0.525,74,1912080112,"","","","","","","","","","","","","","","","","","","","","","","","","","","","","","","","","","","","",17.3,9,"","","","","","","","","","","","","","","","","","","","","","","","","","","","","","","","","","","","","","","","","","","","",1008.9,9,1000.2,1,"","","","","","","","","","","","","","","","","","","","","","","","","","","","","","","","","","","","","","","","","","","","","","","","","","","","","","","","","","","","","","","","","","","","","","","","","","","","","","","","","","","","","","","","","","","","","","","","","","","","","","","","","","","","","","","",""
"33167001","BORDEAUX_OBSERVATOIRE",44.831667,-0.525,74,1912080115,"","","","","","","","","","","","","","","","","","","","","","","","","","","","","","","","","","","","",17.,9,"","","","","","","","","","","","","","","","","","","","","","","","","","","","","","","","","","","","","","","","","","","","",1008.5,9,999.8,9,"","","","","","","","","","","","","","","","","","","","","","","","","","","","","","","","","","","","","","","","","","","","","","","","","","","","","","","","","","","","","","","","","","","","","","","","","","","","","","","","","","","","","","","","","","","","","","","","","","","","","","","","","","","","","","","",""
"33167001","BORDEAUX_OBSERVATOIRE",44.831667,-0.525,74,1912080118,"","","","","","","","","","","","","","","","","","","","","","","","","","","","","","","","","","","","",16.8,9,"","","","","","","","","","","","","","","","","","","","","","","","","","","","","","","","","","","","","","","","","","","","",1008.2,9,999.5,9,"","","","","","","","","","","","","","","","","","","","","","","","","","","","","","","","","","","","","","","","","","","","","","","","","","","","","","","","","","","","","","","","","","","","","","","","","","","","","","","","","","","","","","","","","","","","","","","","","","","","","","","","","","","","","","","",""
"33167001","BORDEAUX_OBSERVATOIRE",44.831667,-0.525,74,1912080121,"","","","","","","","","","","","","","","","","","","","","","","","","","","","","","","","","","","","",15.9,9,"","","","","","","","","","","","","","","","","","","","","","","","","","","","","","","","","","","","","","","","","","","","",1009.4,9,1000.7,9,"","","","","","","","","","","","","","","","","","","","","","","","","","","","","","","","","","","","","","","","","","","","","","","","","","","","","","","","","","","","","","","","","","","","","","","","","","","","","","","","","","","","","","","","","","","","","","","","","","","","","","","","","","","","","","","",""
"33167001","BORDEAUX_OBSERVATOIRE",44.831667,-0.525,74,1912080200,"","","","","","","","","","","","","","","","","","","","","","","","","","","","","","","","","","","","",15.,9,"","","","","","","","","","","","","","","","","","","","","","","","","","","","","","","","","","","","","","","","","","","","",1011.1,9,1002.3,9,"","","","","","","","","","","","","","","","","","","","","","","","","","","","","","","","","","","","","","","","","","","","","","","","","","","","","","","","","","","","","","","","","","","","","","","","","","","","","","","","","","","","","","","","","","","","","","","","","","","","","","","","","","","","","","","",""
"33167001","BORDEAUX_OBSERVATOIRE",44.831667,-0.525,74,1912080203,"","","","","","","","","","","","","","","","","","","","","","","","","","","","","","","","","","","","",12.9,9,"","","","","","","","","","","","","","","","","","","","","","","","","","","","","","","","","","","","","","","","","","","","",1011.9,9,1003.,9,"","","","","","","","","","","","","","","","","","","","","","","","","","","","","","","","","","","","","","","","","","","","","","","","","","","","","","","","","","","","","","","","","","","","","","","","","","","","","","","","","","","","","","","","","","","","","","","","","","","","","","","","","","","","","","","",""
"33167001","BORDEAUX_OBSERVATOIRE",44.831667,-0.525,74,1912080207,"","","","","","","","","","","","","","","","","","","","","","","","","","","","","","","","","","","","",14.1,9,"","","","","","","","","","","","","","","","","","","","","","","","","","","","","","","","","","","","","","","","","","","","",1013.8,9,1005.,9,"","","","","","","","","","","","","","","","","","","","","","","","","","","","","","","","","","","","","","","","","","","","","","","","","","","","","","","","","","","","","","","","","","","","","","","","","","","","","","","","","","","","","","","","","","","","","","","","","","","","","","","","","","","","","","","",""
"33167001","BORDEAUX_OBSERVATOIRE",44.831667,-0.525,74,1912080209,"","","","","","","","","","","","","","","","","","","","","","","","","","","","","","","","","","","","",16.7,9,"","","","","","","","","","","","","","","","","","","","","","","","","","","","","","","","","","","","","","","","","","","","",1014.2,9,1005.5,9,"","","","","","","","","","","","","","","","","","","","","","","","","","","","","","","","","","","","","","","","","","","","","","","","","","","","","","","","","","","","","","","","","","","","","","","","","","","","","","","","","","","","","","","","","","","","","","","","","","","","","","","","","","","","","","","",""
"33167001","BORDEAUX_OBSERVATOIRE",44.831667,-0.525,74,1912080212,"","","","","","","","","","","","","","","","","","","","","","","","","","","","","","","","","","","","",20.,9,"","","","","","","","","","","","","","","","","","","","","","","","","","","","","","","","","","","","","","","","","","","","",1014.5,9,1005.9,1,"","","","","","","","","","","","","","","","","","","","","","","","","","","","","","","","","","","","","","","","","","","","","","","","","","","","","","","","","","","","","","","","","","","","","","","","","","","","","","","","","","","","","","","","","","","","","","","","","","","","","","","","","","","","","","","",""
"33167001","BORDEAUX_OBSERVATOIRE",44.831667,-0.525,74,1912080215,"","","","","","","","","","","","","","","","","","","","","","","","","","","","","","","","","","","","",19.9,9,"","","","","","","","","","","","","","","","","","","","","","","","","","","","","","","","","","","","","","","","","","","","",1014.9,9,1006.3,9,"","","","","","","","","","","","","","","","","","","","","","","","","","","","","","","","","","","","","","","","","","","","","","","","","","","","","","","","","","","","","","","","","","","","","","","","","","","","","","","","","","","","","","","","","","","","","","","","","","","","","","","","","","","","","","","",""
"33167001","BORDEAUX_OBSERVATOIRE",44.831667,-0.525,74,1912080218,"","","","","","","","","","","","","","","","","","","","","","","","","","","","","","","","","","","","",17.5,9,"","","","","","","","","","","","","","","","","","","","","","","","","","","","","","","","","","","","","","","","","","","","",1015.6,9,1006.9,9,"","","","","","","","","","","","","","","","","","","","","","","","","","","","","","","","","","","","","","","","","","","","","","","","","","","","","","","","","","","","","","","","","","","","","","","","","","","","","","","","","","","","","","","","","","","","","","","","","","","","","","","","","","","","","","","",""
"33167001","BORDEAUX_OBSERVATOIRE",44.831667,-0.525,74,1912080221,"","","","","","","","","","","","","","","","","","","","","","","","","","","","","","","","","","","","",14.3,9,"","","","","","","","","","","","","","","","","","","","","","","","","","","","","","","","","","","","","","","","","","","","",1016.7,9,1007.9,9,"","","","","","","","","","","","","","","","","","","","","","","","","","","","","","","","","","","","","","","","","","","","","","","","","","","","","","","","","","","","","","","","","","","","","","","","","","","","","","","","","","","","","","","","","","","","","","","","","","","","","","","","","","","","","","","",""
"33167001","BORDEAUX_OBSERVATOIRE",44.831667,-0.525,74,1912080300,"","","","","","","","","","","","","","","","","","","","","","","","","","","","","","","","","","","","",12.8,9,"","","","","","","","","","","","","","","","","","","","","","","","","","","","","","","","","","","","","","","","","","","","",1016.3,9,1007.4,9,"","","","","","","","","","","","","","","","","","","","","","","","","","","","","","","","","","","","","","","","","","","","","","","","","","","","","","","","","","","","","","","","","","","","","","","","","","","","","","","","","","","","","","","","","","","","","","","","","","","","","","","","","","","","","","","",""
"33167001","BORDEAUX_OBSERVATOIRE",44.831667,-0.525,74,1912080303,"","","","","","","","","","","","","","","","","","","","","","","","","","","","","","","","","","","","",12.,9,"","","","","","","","","","","","","","","","","","","","","","","","","","","","","","","","","","","","","","","","","","","","",1014.8,9,1005.9,9,"","","","","","","","","","","","","","","","","","","","","","","","","","","","","","","","","","","","","","","","","","","","","","","","","","","","","","","","","","","","","","","","","","","","","","","","","","","","","","","","","","","","","","","","","","","","","","","","","","","","","","","","","","","","","","","",""
"33167001","BORDEAUX_OBSERVATOIRE",44.831667,-0.525,74,1912080307,"","","","","","","","","","","","","","","","","","","","","","","","","","","","","","","","","","","","",15.,9,"","","","","","","","","","","","","","","","","","","","","","","","","","","","","","","","","","","","","","","","","","","","",1012.5,9,1003.7,9,"","","","","","","","","","","","","","","","","","","","","","","","","","","","","","","","","","","","","","","","","","","","","","","","","","","","","","","","","","","","","","","","","","","","","","","","","","","","","","","","","","","","","","","","","","","","","","","","","","","","","","","","","","","","","","","",""
"33167001","BORDEAUX_OBSERVATOIRE",44.831667,-0.525,74,1912080309,"","","","","","","","","","","","","","","","","","","","","","","","","","","","","","","","","","","","",17.6,9,"","","","","","","","","","","","","","","","","","","","","","","","","","","","","","","","","","","","","","","","","","","","",1012.1,9,1003.4,9,"","","","","","","","","","","","","","","","","","","","","","","","","","","","","","","","","","","","","","","","","","","","","","","","","","","","","","","","","","","","","","","","","","","","","","","","","","","","","","","","","","","","","","","","","","","","","","","","","","","","","","","","","","","","","","","",""
"33167001","BORDEAUX_OBSERVATOIRE",44.831667,-0.525,74,1912080312,"","","","","","","","","","","","","","","","","","","","","","","","","","","","","","","","","","","","",21.9,9,"","","","","","","","","","","","","","","","","","","","","","","","","","","","","","","","","","","","","","","","","","","","",1010.6,9,1002.1,1,"","","","","","","","","","","","","","","","","","","","","","","","","","","","","","","","","","","","","","","","","","","","","","","","","","","","","","","","","","","","","","","","","","","","","","","","","","","","","","","","","","","","","","","","","","","","","","","","","","","","","","","","","","","","","","","",""
"33167001","BORDEAUX_OBSERVATOIRE",44.831667,-0.525,74,1912080315,"","","","","","","","","","","","","","","","","","","","","","","","","","","","","","","","","","","","",25.3,9,"","","","","","","","","","","","","","","","","","","","","","","","","","","","","","","","","","","","","","","","","","","","",1008.4,9,1000.,9,"","","","","","","","","","","","","","","","","","","","","","","","","","","","","","","","","","","","","","","","","","","","","","","","","","","","","","","","","","","","","","","","","","","","","","","","","","","","","","","","","","","","","","","","","","","","","","","","","","","","","","","","","","","","","","","",""
"33167001","BORDEAUX_OBSERVATOIRE",44.831667,-0.525,74,1912080318,"","","","","","","","","","","","","","","","","","","","","","","","","","","","","","","","","","","","",23.7,9,"","","","","","","","","","","","","","","","","","","","","","","","","","","","","","","","","","","","","","","","","","","","",1008.,9,999.5,9,"","","","","","","","","","","","","","","","","","","","","","","","","","","","","","","","","","","","","","","","","","","","","","","","","","","","","","","","","","","","","","","","","","","","","","","","","","","","","","","","","","","","","","","","","","","","","","","","","","","","","","","","","","","","","","","",""
"33167001","BORDEAUX_OBSERVATOIRE",44.831667,-0.525,74,1912080321,"","","","","","","","","","","","","","","","","","","","","","","","","","","","","","","","","","","","",18.5,9,"","","","","","","","","","","","","","","","","","","","","","","","","","","","","","","","","","","","","","","","","","","","",1009.,9,1000.4,9,"","","","","","","","","","","","","","","","","","","","","","","","","","","","","","","","","","","","","","","","","","","","","","","","","","","","","","","","","","","","","","","","","","","","","","","","","","","","","","","","","","","","","","","","","","","","","","","","","","","","","","","","","","","","","","","",""
"33167001","BORDEAUX_OBSERVATOIRE",44.831667,-0.525,74,1912080400,"","","","","","","","","","","","","","","","","","","","","","","","","","","","","","","","","","","","",17.5,9,"","","","","","","","","","","","","","","","","","","","","","","","","","","","","","","","","","","","","","","","","","","","",1008.2,9,999.5,9,"","","","","","","","","","","","","","","","","","","","","","","","","","","","","","","","","","","","","","","","","","","","","","","","","","","","","","","","","","","","","","","","","","","","","","","","","","","","","","","","","","","","","","","","","","","","","","","","","","","","","","","","","","","","","","","",""
"33167001","BORDEAUX_OBSERVATOIRE",44.831667,-0.525,74,1912080403,"","","","","","","","","","","","","","","","","","","","","","","","","","","","","","","","","","","","",16.8,9,"","","","","","","","","","","","","","","","","","","","","","","","","","","","","","","","","","","","","","","","","","","","",1007.9,9,999.2,9,"","","","","","","","","","","","","","","","","","","","","","","","","","","","","","","","","","","","","","","","","","","","","","","","","","","","","","","","","","","","","","","","","","","","","","","","","","","","","","","","","","","","","","","","","","","","","","","","","","","","","","","","","","","","","","","",""
"33167001","BORDEAUX_OBSERVATOIRE",44.831667,-0.525,74,1912080407,"","","","","","","","","","","","","","","","","","","","","","","","","","","","","","","","","","","","","","","","","","","","","","","","","","","","","","","","","","","","","","","","","","","","","","","","","","","","","","","","","","","","",1000.6,9,"","","","","","","","","","","","","","","","","","","","","","","","","","","","","","","","","","","","","","","","","","","","","","","","","","","","","","","","","","","","","","","","","","","","","","","","","","","","","","","","","","","","","","","","","","","","","","","","","","","","","","","","","","","","","","","",""
"33167001","BORDEAUX_OBSERVATOIRE",44.831667,-0.525,74,1912080409,"","","","","","","","","","","","","","","","","","","","","","","","","","","","","","","","","","","","",17.1,9,"","","","","","","","","","","","","","","","","","","","","","","","","","","","","","","","","","","","","","","","","","","","",1011.6,9,1002.9,9,"","","","","","","","","","","","","","","","","","","","","","","","","","","","","","","","","","","","","","","","","","","","","","","","","","","","","","","","","","","","","","","","","","","","","","","","","","","","","","","","","","","","","","","","","","","","","","","","","","","","","","","","","","","","","","","",""
"33167001","BORDEAUX_OBSERVATOIRE",44.831667,-0.525,74,1912080412,"","","","","","","","","","","","","","","","","","","","","","","","","","","","","","","","","","","","",20.2,9,"","","","","","","","","","","","","","","","","","","","","","","","","","","","","","","","","","","","","","","","","","","","",1013.2,9,1004.6,1,"","","","","","","","","","","","","","","","","","","","","","","","","","","","","","","","","","","","","","","","","","","","","","","","","","","","","","","","","","","","","","","","","","","","","","","","","","","","","","","","","","","","","","","","","","","","","","","","","","","","","","","","","","","","","","","",""
"33167001","BORDEAUX_OBSERVATOIRE",44.831667,-0.525,74,1912080415,"","","","","","","","","","","","","","","","","","","","","","","","","","","","","","","","","","","","",20.1,9,"","","","","","","","","","","","","","","","","","","","","","","","","","","","","","","","","","","","","","","","","","","","",1014.1,9,1005.5,9,"","","","","","","","","","","","","","","","","","","","","","","","","","","","","","","","","","","","","","","","","","","","","","","","","","","","","","","","","","","","","","","","","","","","","","","","","","","","","","","","","","","","","","","","","","","","","","","","","","","","","","","","","","","","","","","",""
"33167001","BORDEAUX_OBSERVATOIRE",44.831667,-0.525,74,1912080418,"","","","","","","","","","","","","","","","","","","","","","","","","","","","","","","","","","","","",17.4,9,"","","","","","","","","","","","","","","","","","","","","","","","","","","","","","","","","","","","","","","","","","","","",1015.8,9,1007.1,9,"","","","","","","","","","","","","","","","","","","","","","","","","","","","","","","","","","","","","","","","","","","","","","","","","","","","","","","","","","","","","","","","","","","","","","","","","","","","","","","","","","","","","","","","","","","","","","","","","","","","","","","","","","","","","","","",""
"33167001","BORDEAUX_OBSERVATOIRE",44.831667,-0.525,74,1912080421,"","","","","","","","","","","","","","","","","","","","","","","","","","","","","","","","","","","","",14.7,9,"","","","","","","","","","","","","","","","","","","","","","","","","","","","","","","","","","","","","","","","","","","","",1017.6,9,1008.8,9,"","","","","","","","","","","","","","","","","","","","","","","","","","","","","","","","","","","","","","","","","","","","","","","","","","","","","","","","","","","","","","","","","","","","","","","","","","","","","","","","","","","","","","","","","","","","","","","","","","","","","","","","","","","","","","","",""
"33167001","BORDEAUX_OBSERVATOIRE",44.831667,-0.525,74,1912080500,"","","","","","","","","","","","","","","","","","","","","","","","","","","","","","","","","","","","",12.5,9,"","","","","","","","","","","","","","","","","","","","","","","","","","","","","","","","","","","","","","","","","","","","",1018.3,9,1009.4,9,"","","","","","","","","","","","","","","","","","","","","","","","","","","","","","","","","","","","","","","","","","","","","","","","","","","","","","","","","","","","","","","","","","","","","","","","","","","","","","","","","","","","","","","","","","","","","","","","","","","","","","","","","","","","","","","",""
"33167001","BORDEAUX_OBSERVATOIRE",44.831667,-0.525,74,1912080503,"","","","","","","","","","","","","","","","","","","","","","","","","","","","","","","","","","","","",11.4,9,"","","","","","","","","","","","","","","","","","","","","","","","","","","","","","","","","","","","","","","","","","","","",1018.1,9,1009.1,9,"","","","","","","","","","","","","","","","","","","","","","","","","","","","","","","","","","","","","","","","","","","","","","","","","","","","","","","","","","","","","","","","","","","","","","","","","","","","","","","","","","","","","","","","","","","","","","","","","","","","","","","","","","","","","","","",""
"33167001","BORDEAUX_OBSERVATOIRE",44.831667,-0.525,74,1912080507,"","","","","","","","","","","","","","","","","","","","","","","","","","","","","","","","","","","","",13.2,9,"","","","","","","","","","","","","","","","","","","","","","","","","","","","","","","","","","","","","","","","","","","","",1018.,9,1009.1,9,"","","","","","","","","","","","","","","","","","","","","","","","","","","","","","","","","","","","","","","","","","","","","","","","","","","","","","","","","","","","","","","","","","","","","","","","","","","","","","","","","","","","","","","","","","","","","","","","","","","","","","","","","","","","","","","",""
"33167001","BORDEAUX_OBSERVATOIRE",44.831667,-0.525,74,1912080509,"","","","","","","","","","","","","","","","","","","","","","","","","","","","","","","","","","","","",17.9,9,"","","","","","","","","","","","","","","","","","","","","","","","","","","","","","","","","","","","","","","","","","","","",1017.3,9,1008.6,9,"","","","","","","","","","","","","","","","","","","","","","","","","","","","","","","","","","","","","","","","","","","","","","","","","","","","","","","","","","","","","","","","","","","","","","","","","","","","","","","","","","","","","","","","","","","","","","","","","","","","","","","","","","","","","","","",""
"33167001","BORDEAUX_OBSERVATOIRE",44.831667,-0.525,74,1912080512,"","","","","","","","","","","","","","","","","","","","","","","","","","","","","","","","","","","","",19.6,9,"","","","","","","","","","","","","","","","","","","","","","","","","","","","","","","","","","","","","","","","","","","","",1015.7,9,1007.,1,"","","","","","","","","","","","","","","","","","","","","","","","","","","","","","","","","","","","","","","","","","","","","","","","","","","","","","","","","","","","","","","","","","","","","","","","","","","","","","","","","","","","","","","","","","","","","","","","","","","","","","","","","","","","","","","",""
"33167001","BORDEAUX_OBSERVATOIRE",44.831667,-0.525,74,1912080515,"","","","","","","","","","","","","","","","","","","","","","","","","","","","","","","","","","","","",20.5,9,"","","","","","","","","","","","","","","","","","","","","","","","","","","","","","","","","","","","","","","","","","","","",1012.5,9,1003.9,9,"","","","","","","","","","","","","","","","","","","","","","","","","","","","","","","","","","","","","","","","","","","","","","","","","","","","","","","","","","","","","","","","","","","","","","","","","","","","","","","","","","","","","","","","","","","","","","","","","","","","","","","","","","","","","","","",""
"33167001","BORDEAUX_OBSERVATOIRE",44.831667,-0.525,74,1912080518,"","","","","","","","","","","","","","","","","","","","","","","","","","","","","","","","","","","","",18.8,9,"","","","","","","","","","","","","","","","","","","","","","","","","","","","","","","","","","","","","","","","","","","","",1010.1,9,1001.5,9,"","","","","","","","","","","","","","","","","","","","","","","","","","","","","","","","","","","","","","","","","","","","","","","","","","","","","","","","","","","","","","","","","","","","","","","","","","","","","","","","","","","","","","","","","","","","","","","","","","","","","","","","","","","","","","","",""
"33167001","BORDEAUX_OBSERVATOIRE",44.831667,-0.525,74,1912080521,"","","","","","","","","","","","","","","","","","","","","","","","","","","","","","","","","","","","",17.7,9,"","","","","","","","","","","","","","","","","","","","","","","","","","","","","","","","","","","","","","","","","","","","",1009.5,9,1000.8,9,"","","","","","","","","","","","","","","","","","","","","","","","","","","","","","","","","","","","","","","","","","","","","","","","","","","","","","","","","","","","","","","","","","","","","","","","","","","","","","","","","","","","","","","","","","","","","","","","","","","","","","","","","","","","","","","",""
"33167001","BORDEAUX_OBSERVATOIRE",44.831667,-0.525,74,1912080600,"","","","","","","","","","","","","","","","","","","","","","","","","","","","","","","","","","","","",16.2,9,"","","","","","","","","","","","","","","","","","","","","","","","","","","","","","","","","","","","","","","","","","","","",1009.1,9,1000.4,9,"","","","","","","","","","","","","","","","","","","","","","","","","","","","","","","","","","","","","","","","","","","","","","","","","","","","","","","","","","","","","","","","","","","","","","","","","","","","","","","","","","","","","","","","","","","","","","","","","","","","","","","","","","","","","","","",""
"33167001","BORDEAUX_OBSERVATOIRE",44.831667,-0.525,74,1912080603,"","","","","","","","","","","","","","","","","","","","","","","","","","","","","","","","","","","","",16.1,9,"","","","","","","","","","","","","","","","","","","","","","","","","","","","","","","","","","","","","","","","","","","","",1009.4,9,1000.7,9,"","","","","","","","","","","","","","","","","","","","","","","","","","","","","","","","","","","","","","","","","","","","","","","","","","","","","","","","","","","","","","","","","","","","","","","","","","","","","","","","","","","","","","","","","","","","","","","","","","","","","","","","","","","","","","","",""
"33167001","BORDEAUX_OBSERVATOIRE",44.831667,-0.525,74,1912080607,"","","","","","","","","","","","","","","","","","","","","","","","","","","","","","","","","","","","",15.2,9,"","","","","","","","","","","","","","","","","","","","","","","","","","","","","","","","","","","","","","","","","","","","",1011.5,9,1002.7,9,"","","","","","","","","","","","","","","","","","","","","","","","","","","","","","","","","","","","","","","","","","","","","","","","","","","","","","","","","","","","","","","","","","","","","","","","","","","","","","","","","","","","","","","","","","","","","","","","","","","","","","","","","","","","","","","",""
"33167001","BORDEAUX_OBSERVATOIRE",44.831667,-0.525,74,1912080609,"","","","","","","","","","","","","","","","","","","","","","","","","","","","","","","","","","","","",17.,9,"","","","","","","","","","","","","","","","","","","","","","","","","","","","","","","","","","","","","","","","","","","","",1012.2,9,1003.5,9,"","","","","","","","","","","","","","","","","","","","","","","","","","","","","","","","","","","","","","","","","","","","","","","","","","","","","","","","","","","","","","","","","","","","","","","","","","","","","","","","","","","","","","","","","","","","","","","","","","","","","","","","","","","","","","","",""
"33167001","BORDEAUX_OBSERVATOIRE",44.831667,-0.525,74,1912080612,"","","","","","","","","","","","","","","","","","","","","","","","","","","","","","","","","","","","",19.,9,"","","","","","","","","","","","","","","","","","","","","","","","","","","","","","","","","","","","","","","","","","","","",1012.4,9,1003.7,1,"","","","","","","","","","","","","","","","","","","","","","","","","","","","","","","","","","","","","","","","","","","","","","","","","","","","","","","","","","","","","","","","","","","","","","","","","","","","","","","","","","","","","","","","","","","","","","","","","","","","","","","","","","","","","","","",""
"33167001","BORDEAUX_OBSERVATOIRE",44.831667,-0.525,74,1912080615,"","","","","","","","","","","","","","","","","","","","","","","","","","","","","","","","","","","","",20.,9,"","","","","","","","","","","","","","","","","","","","","","","","","","","","","","","","","","","","","","","","","","","","",1011.8,9,1003.2,9,"","","","","","","","","","","","","","","","","","","","","","","","","","","","","","","","","","","","","","","","","","","","","","","","","","","","","","","","","","","","","","","","","","","","","","","","","","","","","","","","","","","","","","","","","","","","","","","","","","","","","","","","","","","","","","","",""
"33167001","BORDEAUX_OBSERVATOIRE",44.831667,-0.525,74,1912080618,"","","","","","","","","","","","","","","","","","","","","","","","","","","","","","","","","","","","",16.3,9,"","","","","","","","","","","","","","","","","","","","","","","","","","","","","","","","","","","","","","","","","","","","",1011.7,9,1003.,9,"","","","","","","","","","","","","","","","","","","","","","","","","","","","","","","","","","","","","","","","","","","","","","","","","","","","","","","","","","","","","","","","","","","","","","","","","","","","","","","","","","","","","","","","","","","","","","","","","","","","","","","","","","","","","","","",""
"33167001","BORDEAUX_OBSERVATOIRE",44.831667,-0.525,74,1912080621,"","","","","","","","","","","","","","","","","","","","","","","","","","","","","","","","","","","","",13.1,9,"","","","","","","","","","","","","","","","","","","","","","","","","","","","","","","","","","","","","","","","","","","","",1012.2,9,1003.4,9,"","","","","","","","","","","","","","","","","","","","","","","","","","","","","","","","","","","","","","","","","","","","","","","","","","","","","","","","","","","","","","","","","","","","","","","","","","","","","","","","","","","","","","","","","","","","","","","","","","","","","","","","","","","","","","","",""
"33167001","BORDEAUX_OBSERVATOIRE",44.831667,-0.525,74,1912080700,"","","","","","","","","","","","","","","","","","","","","","","","","","","","","","","","","","","","",12.3,9,"","","","","","","","","","","","","","","","","","","","","","","","","","","","","","","","","","","","","","","","","","","","",1012.,9,1003.1,9,"","","","","","","","","","","","","","","","","","","","","","","","","","","","","","","","","","","","","","","","","","","","","","","","","","","","","","","","","","","","","","","","","","","","","","","","","","","","","","","","","","","","","","","","","","","","","","","","","","","","","","","","","","","","","","","",""
"33167001","BORDEAUX_OBSERVATOIRE",44.831667,-0.525,74,1912080703,"","","","","","","","","","","","","","","","","","","","","","","","","","","","","","","","","","","","",11.8,9,"","","","","","","","","","","","","","","","","","","","","","","","","","","","","","","","","","","","","","","","","","","","",1010.7,9,1001.8,9,"","","","","","","","","","","","","","","","","","","","","","","","","","","","","","","","","","","","","","","","","","","","","","","","","","","","","","","","","","","","","","","","","","","","","","","","","","","","","","","","","","","","","","","","","","","","","","","","","","","","","","","","","","","","","","","",""
"33167001","BORDEAUX_OBSERVATOIRE",44.831667,-0.525,74,1912080707,"","","","","","","","","","","","","","","","","","","","","","","","","","","","","","","","","","","","",12.5,9,"","","","","","","","","","","","","","","","","","","","","","","","","","","","","","","","","","","","","","","","","","","","",1010.7,9,1001.8,9,"","","","","","","","","","","","","","","","","","","","","","","","","","","","","","","","","","","","","","","","","","","","","","","","","","","","","","","","","","","","","","","","","","","","","","","","","","","","","","","","","","","","","","","","","","","","","","","","","","","","","","","","","","","","","","","",""
"33167001","BORDEAUX_OBSERVATOIRE",44.831667,-0.525,74,1912080709,"","","","","","","","","","","","","","","","","","","","","","","","","","","","","","","","","","","","",13.8,9,"","","","","","","","","","","","","","","","","","","","","","","","","","","","","","","","","","","","","","","","","","","","",1011.3,9,1002.5,9,"","","","","","","","","","","","","","","","","","","","","","","","","","","","","","","","","","","","","","","","","","","","","","","","","","","","","","","","","","","","","","","","","","","","","","","","","","","","","","","","","","","","","","","","","","","","","","","","","","","","","","","","","","","","","","","",""
"33167001","BORDEAUX_OBSERVATOIRE",44.831667,-0.525,74,1912080712,"","","","","","","","","","","","","","","","","","","","","","","","","","","","","","","","","","","","",17.2,9,"","","","","","","","","","","","","","","","","","","","","","","","","","","","","","","","","","","","","","","","","","","","",1011.7,9,1003.,1,"","","","","","","","","","","","","","","","","","","","","","","","","","","","","","","","","","","","","","","","","","","","","","","","","","","","","","","","","","","","","","","","","","","","","","","","","","","","","","","","","","","","","","","","","","","","","","","","","","","","","","","","","","","","","","","",""
"33167001","BORDEAUX_OBSERVATOIRE",44.831667,-0.525,74,1912080715,"","","","","","","","","","","","","","","","","","","","","","","","","","","","","","","","","","","","",17.7,9,"","","","","","","","","","","","","","","","","","","","","","","","","","","","","","","","","","","","","","","","","","","","",1012.9,9,1004.2,9,"","","","","","","","","","","","","","","","","","","","","","","","","","","","","","","","","","","","","","","","","","","","","","","","","","","","","","","","","","","","","","","","","","","","","","","","","","","","","","","","","","","","","","","","","","","","","","","","","","","","","","","","","","","","","","","",""
"33167001","BORDEAUX_OBSERVATOIRE",44.831667,-0.525,74,1912080718,"","","","","","","","","","","","","","","","","","","","","","","","","","","","","","","","","","","","",16.1,9,"","","","","","","","","","","","","","","","","","","","","","","","","","","","","","","","","","","","","","","","","","","","",1015.1,9,1006.3,9,"","","","","","","","","","","","","","","","","","","","","","","","","","","","","","","","","","","","","","","","","","","","","","","","","","","","","","","","","","","","","","","","","","","","","","","","","","","","","","","","","","","","","","","","","","","","","","","","","","","","","","","","","","","","","","","",""
"33167001","BORDEAUX_OBSERVATOIRE",44.831667,-0.525,74,1912080721,"","","","","","","","","","","","","","","","","","","","","","","","","","","","","","","","","","","","",13.,9,"","","","","","","","","","","","","","","","","","","","","","","","","","","","","","","","","","","","","","","","","","","","",1017.1,9,1008.2,9,"","","","","","","","","","","","","","","","","","","","","","","","","","","","","","","","","","","","","","","","","","","","","","","","","","","","","","","","","","","","","","","","","","","","","","","","","","","","","","","","","","","","","","","","","","","","","","","","","","","","","","","","","","","","","","","",""
"33167001","BORDEAUX_OBSERVATOIRE",44.831667,-0.525,74,1912080800,"","","","","","","","","","","","","","","","","","","","","","","","","","","","","","","","","","","","",12.,9,"","","","","","","","","","","","","","","","","","","","","","","","","","","","","","","","","","","","","","","","","","","","",1017.6,9,1008.7,9,"","","","","","","","","","","","","","","","","","","","","","","","","","","","","","","","","","","","","","","","","","","","","","","","","","","","","","","","","","","","","","","","","","","","","","","","","","","","","","","","","","","","","","","","","","","","","","","","","","","","","","","","","","","","","","","",""
"33167001","BORDEAUX_OBSERVATOIRE",44.831667,-0.525,74,1912080803,"","","","","","","","","","","","","","","","","","","","","","","","","","","","","","","","","","","","",10.6,9,"","","","","","","","","","","","","","","","","","","","","","","","","","","","","","","","","","","","","","","","","","","","",1017.7,9,1008.7,9,"","","","","","","","","","","","","","","","","","","","","","","","","","","","","","","","","","","","","","","","","","","","","","","","","","","","","","","","","","","","","","","","","","","","","","","","","","","","","","","","","","","","","","","","","","","","","","","","","","","","","","","","","","","","","","","",""
"33167001","BORDEAUX_OBSERVATOIRE",44.831667,-0.525,74,1912080807,"","","","","","","","","","","","","","","","","","","","","","","","","","","","","","","","","","","","",11.9,9,"","","","","","","","","","","","","","","","","","","","","","","","","","","","","","","","","","","","","","","","","","","","",1018.6,9,1009.7,9,"","","","","","","","","","","","","","","","","","","","","","","","","","","","","","","","","","","","","","","","","","","","","","","","","","","","","","","","","","","","","","","","","","","","","","","","","","","","","","","","","","","","","","","","","","","","","","","","","","","","","","","","","","","","","","","",""
"33167001","BORDEAUX_OBSERVATOIRE",44.831667,-0.525,74,1912080809,"","","","","","","","","","","","","","","","","","","","","","","","","","","","","","","","","","","","",17.6,9,"","","","","","","","","","","","","","","","","","","","","","","","","","","","","","","","","","","","","","","","","","","","",1018.7,9,1009.9,9,"","","","","","","","","","","","","","","","","","","","","","","","","","","","","","","","","","","","","","","","","","","","","","","","","","","","","","","","","","","","","","","","","","","","","","","","","","","","","","","","","","","","","","","","","","","","","","","","","","","","","","","","","","","","","","","",""
"33167001","BORDEAUX_OBSERVATOIRE",44.831667,-0.525,74,1912080812,"","","","","","","","","","","","","","","","","","","","","","","","","","","","","","","","","","","","",18.7,9,"","","","","","","","","","","","","","","","","","","","","","","","","","","","","","","","","","","","","","","","","","","","",1018.5,9,1009.8,1,"","","","","","","","","","","","","","","","","","","","","","","","","","","","","","","","","","","","","","","","","","","","","","","","","","","","","","","","","","","","","","","","","","","","","","","","","","","","","","","","","","","","","","","","","","","","","","","","","","","","","","","","","","","","","","","",""
"33167001","BORDEAUX_OBSERVATOIRE",44.831667,-0.525,74,1912080815,"","","","","","","","","","","","","","","","","","","","","","","","","","","","","","","","","","","","",21.5,9,"","","","","","","","","","","","","","","","","","","","","","","","","","","","","","","","","","","","","","","","","","","","",1017.7,9,1009.1,9,"","","","","","","","","","","","","","","","","","","","","","","","","","","","","","","","","","","","","","","","","","","","","","","","","","","","","","","","","","","","","","","","","","","","","","","","","","","","","","","","","","","","","","","","","","","","","","","","","","","","","","","","","","","","","","","",""
"33167001","BORDEAUX_OBSERVATOIRE",44.831667,-0.525,74,1912080818,"","","","","","","","","","","","","","","","","","","","","","","","","","","","","","","","","","","","",19.,9,"","","","","","","","","","","","","","","","","","","","","","","","","","","","","","","","","","","","","","","","","","","","",1016.2,9,1007.5,9,"","","","","","","","","","","","","","","","","","","","","","","","","","","","","","","","","","","","","","","","","","","","","","","","","","","","","","","","","","","","","","","","","","","","","","","","","","","","","","","","","","","","","","","","","","","","","","","","","","","","","","","","","","","","","","","",""
"33167001","BORDEAUX_OBSERVATOIRE",44.831667,-0.525,74,1912080821,"","","","","","","","","","","","","","","","","","","","","","","","","","","","","","","","","","","","",16.4,9,"","","","","","","","","","","","","","","","","","","","","","","","","","","","","","","","","","","","","","","","","","","","",1015.,9,1006.2,9,"","","","","","","","","","","","","","","","","","","","","","","","","","","","","","","","","","","","","","","","","","","","","","","","","","","","","","","","","","","","","","","","","","","","","","","","","","","","","","","","","","","","","","","","","","","","","","","","","","","","","","","","","","","","","","","",""
"33167001","BORDEAUX_OBSERVATOIRE",44.831667,-0.525,74,1912080900,"","","","","","","","","","","","","","","","","","","","","","","","","","","","","","","","","","","","",15.7,9,"","","","","","","","","","","","","","","","","","","","","","","","","","","","","","","","","","","","","","","","","","","","",1013.4,9,1004.6,9,"","","","","","","","","","","","","","","","","","","","","","","","","","","","","","","","","","","","","","","","","","","","","","","","","","","","","","","","","","","","","","","","","","","","","","","","","","","","","","","","","","","","","","","","","","","","","","","","","","","","","","","","","","","","","","","",""
"33167001","BORDEAUX_OBSERVATOIRE",44.831667,-0.525,74,1912080903,"","","","","","","","","","","","","","","","","","","","","","","","","","","","","","","","","","","","",14.2,9,"","","","","","","","","","","","","","","","","","","","","","","","","","","","","","","","","","","","","","","","","","","","",1012.6,9,1003.8,9,"","","","","","","","","","","","","","","","","","","","","","","","","","","","","","","","","","","","","","","","","","","","","","","","","","","","","","","","","","","","","","","","","","","","","","","","","","","","","","","","","","","","","","","","","","","","","","","","","","","","","","","","","","","","","","","",""
"33167001","BORDEAUX_OBSERVATOIRE",44.831667,-0.525,74,1912080907,"","","","","","","","","","","","","","","","","","","","","","","","","","","","","","","","","","","","",15.,9,"","","","","","","","","","","","","","","","","","","","","","","","","","","","","","","","","","","","","","","","","","","","",1014.3,9,1005.5,9,"","","","","","","","","","","","","","","","","","","","","","","","","","","","","","","","","","","","","","","","","","","","","","","","","","","","","","","","","","","","","","","","","","","","","","","","","","","","","","","","","","","","","","","","","","","","","","","","","","","","","","","","","","","","","","","",""
"33167001","BORDEAUX_OBSERVATOIRE",44.831667,-0.525,74,1912080909,"","","","","","","","","","","","","","","","","","","","","","","","","","","","","","","","","","","","",18.8,9,"","","","","","","","","","","","","","","","","","","","","","","","","","","","","","","","","","","","","","","","","","","","",1014.6,9,1005.9,9,"","","","","","","","","","","","","","","","","","","","","","","","","","","","","","","","","","","","","","","","","","","","","","","","","","","","","","","","","","","","","","","","","","","","","","","","","","","","","","","","","","","","","","","","","","","","","","","","","","","","","","","","","","","","","","","",""
"33167001","BORDEAUX_OBSERVATOIRE",44.831667,-0.525,74,1912080912,"","","","","","","","","","","","","","","","","","","","","","","","","","","","","","","","","","","","",21.8,9,"","","","","","","","","","","","","","","","","","","","","","","","","","","","","","","","","","","","","","","","","","","","",1014.9,9,1006.3,1,"","","","","","","","","","","","","","","","","","","","","","","","","","","","","","","","","","","","","","","","","","","","","","","","","","","","","","","","","","","","","","","","","","","","","","","","","","","","","","","","","","","","","","","","","","","","","","","","","","","","","","","","","","","","","","","",""
"33167001","BORDEAUX_OBSERVATOIRE",44.831667,-0.525,74,1912080915,"","","","","","","","","","","","","","","","","","","","","","","","","","","","","","","","","","","","",19.3,9,"","","","","","","","","","","","","","","","","","","","","","","","","","","","","","","","","","","","","","","","","","","","",1015.5,9,1006.8,9,"","","","","","","","","","","","","","","","","","","","","","","","","","","","","","","","","","","","","","","","","","","","","","","","","","","","","","","","","","","","","","","","","","","","","","","","","","","","","","","","","","","","","","","","","","","","","","","","","","","","","","","","","","","","","","","",""
"33167001","BORDEAUX_OBSERVATOIRE",44.831667,-0.525,74,1912080918,"","","","","","","","","","","","","","","","","","","","","","","","","","","","","","","","","","","","",18.3,9,"","","","","","","","","","","","","","","","","","","","","","","","","","","","","","","","","","","","","","","","","","","","",1015.6,9,1006.9,9,"","","","","","","","","","","","","","","","","","","","","","","","","","","","","","","","","","","","","","","","","","","","","","","","","","","","","","","","","","","","","","","","","","","","","","","","","","","","","","","","","","","","","","","","","","","","","","","","","","","","","","","","","","","","","","","",""
"33167001","BORDEAUX_OBSERVATOIRE",44.831667,-0.525,74,1912080921,"","","","","","","","","","","","","","","","","","","","","","","","","","","","","","","","","","","","",16.2,9,"","","","","","","","","","","","","","","","","","","","","","","","","","","","","","","","","","","","","","","","","","","","",1016.7,9,1007.9,9,"","","","","","","","","","","","","","","","","","","","","","","","","","","","","","","","","","","","","","","","","","","","","","","","","","","","","","","","","","","","","","","","","","","","","","","","","","","","","","","","","","","","","","","","","","","","","","","","","","","","","","","","","","","","","","","",""
"33167001","BORDEAUX_OBSERVATOIRE",44.831667,-0.525,74,1912081000,"","","","","","","","","","","","","","","","","","","","","","","","","","","","","","","","","","","","",15.,9,"","","","","","","","","","","","","","","","","","","","","","","","","","","","","","","","","","","","","","","","","","","","",1016.8,9,1008.,9,"","","","","","","","","","","","","","","","","","","","","","","","","","","","","","","","","","","","","","","","","","","","","","","","","","","","","","","","","","","","","","","","","","","","","","","","","","","","","","","","","","","","","","","","","","","","","","","","","","","","","","","","","","","","","","","",""
"33167001","BORDEAUX_OBSERVATOIRE",44.831667,-0.525,74,1912081003,"","","","","","","","","","","","","","","","","","","","","","","","","","","","","","","","","","","","",15.1,9,"","","","","","","","","","","","","","","","","","","","","","","","","","","","","","","","","","","","","","","","","","","","",1017.1,9,1008.3,9,"","","","","","","","","","","","","","","","","","","","","","","","","","","","","","","","","","","","","","","","","","","","","","","","","","","","","","","","","","","","","","","","","","","","","","","","","","","","","","","","","","","","","","","","","","","","","","","","","","","","","","","","","","","","","","","",""
"33167001","BORDEAUX_OBSERVATOIRE",44.831667,-0.525,74,1912081007,"","","","","","","","","","","","","","","","","","","","","","","","","","","","","","","","","","","","",15.6,9,"","","","","","","","","","","","","","","","","","","","","","","","","","","","","","","","","","","","","","","","","","","","",1019.3,9,1010.5,9,"","","","","","","","","","","","","","","","","","","","","","","","","","","","","","","","","","","","","","","","","","","","","","","","","","","","","","","","","","","","","","","","","","","","","","","","","","","","","","","","","","","","","","","","","","","","","","","","","","","","","","","","","","","","","","","",""
"33167001","BORDEAUX_OBSERVATOIRE",44.831667,-0.525,74,1912081009,"","","","","","","","","","","","","","","","","","","","","","","","","","","","","","","","","","","","",16.8,9,"","","","","","","","","","","","","","","","","","","","","","","","","","","","","","","","","","","","","","","","","","","","",1020.1,9,1011.3,9,"","","","","","","","","","","","","","","","","","","","","","","","","","","","","","","","","","","","","","","","","","","","","","","","","","","","","","","","","","","","","","","","","","","","","","","","","","","","","","","","","","","","","","","","","","","","","","","","","","","","","","","","","","","","","","","",""
"33167001","BORDEAUX_OBSERVATOIRE",44.831667,-0.525,74,1912081012,"","","","","","","","","","","","","","","","","","","","","","","","","","","","","","","","","","","","",19.,9,"","","","","","","","","","","","","","","","","","","","","","","","","","","","","","","","","","","","","","","","","","","","",1020.8,9,1012.1,1,"","","","","","","","","","","","","","","","","","","","","","","","","","","","","","","","","","","","","","","","","","","","","","","","","","","","","","","","","","","","","","","","","","","","","","","","","","","","","","","","","","","","","","","","","","","","","","","","","","","","","","","","","","","","","","","",""
"33167001","BORDEAUX_OBSERVATOIRE",44.831667,-0.525,74,1912081015,"","","","","","","","","","","","","","","","","","","","","","","","","","","","","","","","","","","","",18.7,9,"","","","","","","","","","","","","","","","","","","","","","","","","","","","","","","","","","","","","","","","","","","","",1021.3,9,1012.6,9,"","","","","","","","","","","","","","","","","","","","","","","","","","","","","","","","","","","","","","","","","","","","","","","","","","","","","","","","","","","","","","","","","","","","","","","","","","","","","","","","","","","","","","","","","","","","","","","","","","","","","","","","","","","","","","","",""
"33167001","BORDEAUX_OBSERVATOIRE",44.831667,-0.525,74,1912081018,"","","","","","","","","","","","","","","","","","","","","","","","","","","","","","","","","","","","",17.3,9,"","","","","","","","","","","","","","","","","","","","","","","","","","","","","","","","","","","","","","","","","","","","",1022.7,9,1013.9,9,"","","","","","","","","","","","","","","","","","","","","","","","","","","","","","","","","","","","","","","","","","","","","","","","","","","","","","","","","","","","","","","","","","","","","","","","","","","","","","","","","","","","","","","","","","","","","","","","","","","","","","","","","","","","","","","",""
"33167001","BORDEAUX_OBSERVATOIRE",44.831667,-0.525,74,1912081021,"","","","","","","","","","","","","","","","","","","","","","","","","","","","","","","","","","","","",14.7,9,"","","","","","","","","","","","","","","","","","","","","","","","","","","","","","","","","","","","","","","","","","","","",1024.4,9,1015.5,9,"","","","","","","","","","","","","","","","","","","","","","","","","","","","","","","","","","","","","","","","","","","","","","","","","","","","","","","","","","","","","","","","","","","","","","","","","","","","","","","","","","","","","","","","","","","","","","","","","","","","","","","","","","","","","","","",""
"33167001","BORDEAUX_OBSERVATOIRE",44.831667,-0.525,74,1912081100,"","","","","","","","","","","","","","","","","","","","","","","","","","","","","","","","","","","","",13.6,9,"","","","","","","","","","","","","","","","","","","","","","","","","","","","","","","","","","","","","","","","","","","","",1024.9,9,1016.,9,"","","","","","","","","","","","","","","","","","","","","","","","","","","","","","","","","","","","","","","","","","","","","","","","","","","","","","","","","","","","","","","","","","","","","","","","","","","","","","","","","","","","","","","","","","","","","","","","","","","","","","","","","","","","","","","",""
"33167001","BORDEAUX_OBSERVATOIRE",44.831667,-0.525,74,1912081103,"","","","","","","","","","","","","","","","","","","","","","","","","","","","","","","","","","","","",12.3,9,"","","","","","","","","","","","","","","","","","","","","","","","","","","","","","","","","","","","","","","","","","","","",1025.3,9,1016.3,9,"","","","","","","","","","","","","","","","","","","","","","","","","","","","","","","","","","","","","","","","","","","","","","","","","","","","","","","","","","","","","","","","","","","","","","","","","","","","","","","","","","","","","","","","","","","","","","","","","","","","","","","","","","","","","","","",""
"33167001","BORDEAUX_OBSERVATOIRE",44.831667,-0.525,74,1912081107,"","","","","","","","","","","","","","","","","","","","","","","","","","","","","","","","","","","","",13.4,9,"","","","","","","","","","","","","","","","","","","","","","","","","","","","","","","","","","","","","","","","","","","","",1026.4,9,1017.4,9,"","","","","","","","","","","","","","","","","","","","","","","","","","","","","","","","","","","","","","","","","","","","","","","","","","","","","","","","","","","","","","","","","","","","","","","","","","","","","","","","","","","","","","","","","","","","","","","","","","","","","","","","","","","","","","","",""
"33167001","BORDEAUX_OBSERVATOIRE",44.831667,-0.525,74,1912081109,"","","","","","","","","","","","","","","","","","","","","","","","","","","","","","","","","","","","",17.6,9,"","","","","","","","","","","","","","","","","","","","","","","","","","","","","","","","","","","","","","","","","","","","",1026.6,9,1017.8,9,"","","","","","","","","","","","","","","","","","","","","","","","","","","","","","","","","","","","","","","","","","","","","","","","","","","","","","","","","","","","","","","","","","","","","","","","","","","","","","","","","","","","","","","","","","","","","","","","","","","","","","","","","","","","","","","",""
"33167001","BORDEAUX_OBSERVATOIRE",44.831667,-0.525,74,1912081112,"","","","","","","","","","","","","","","","","","","","","","","","","","","","","","","","","","","","",19.9,9,"","","","","","","","","","","","","","","","","","","","","","","","","","","","","","","","","","","","","","","","","","","","",1026.1,9,1017.4,1,"","","","","","","","","","","","","","","","","","","","","","","","","","","","","","","","","","","","","","","","","","","","","","","","","","","","","","","","","","","","","","","","","","","","","","","","","","","","","","","","","","","","","","","","","","","","","","","","","","","","","","","","","","","","","","","",""
"33167001","BORDEAUX_OBSERVATOIRE",44.831667,-0.525,74,1912081115,"","","","","","","","","","","","","","","","","","","","","","","","","","","","","","","","","","","","",21.2,9,"","","","","","","","","","","","","","","","","","","","","","","","","","","","","","","","","","","","","","","","","","","","",1025.1,9,1016.4,9,"","","","","","","","","","","","","","","","","","","","","","","","","","","","","","","","","","","","","","","","","","","","","","","","","","","","","","","","","","","","","","","","","","","","","","","","","","","","","","","","","","","","","","","","","","","","","","","","","","","","","","","","","","","","","","","",""
"33167001","BORDEAUX_OBSERVATOIRE",44.831667,-0.525,74,1912081118,"","","","","","","","","","","","","","","","","","","","","","","","","","","","","","","","","","","","",17.8,9,"","","","","","","","","","","","","","","","","","","","","","","","","","","","","","","","","","","","","","","","","","","","",1025.,9,1016.2,9,"","","","","","","","","","","","","","","","","","","","","","","","","","","","","","","","","","","","","","","","","","","","","","","","","","","","","","","","","","","","","","","","","","","","","","","","","","","","","","","","","","","","","","","","","","","","","","","","","","","","","","","","","","","","","","","",""
"33167001","BORDEAUX_OBSERVATOIRE",44.831667,-0.525,74,1912081121,"","","","","","","","","","","","","","","","","","","","","","","","","","","","","","","","","","","","",14.9,9,"","","","","","","","","","","","","","","","","","","","","","","","","","","","","","","","","","","","","","","","","","","","",1025.2,9,1016.3,9,"","","","","","","","","","","","","","","","","","","","","","","","","","","","","","","","","","","","","","","","","","","","","","","","","","","","","","","","","","","","","","","","","","","","","","","","","","","","","","","","","","","","","","","","","","","","","","","","","","","","","","","","","","","","","","","",""
"33167001","BORDEAUX_OBSERVATOIRE",44.831667,-0.525,74,1912081200,"","","","","","","","","","","","","","","","","","","","","","","","","","","","","","","","","","","","",13.5,9,"","","","","","","","","","","","","","","","","","","","","","","","","","","","","","","","","","","","","","","","","","","","",1024.5,9,1015.6,9,"","","","","","","","","","","","","","","","","","","","","","","","","","","","","","","","","","","","","","","","","","","","","","","","","","","","","","","","","","","","","","","","","","","","","","","","","","","","","","","","","","","","","","","","","","","","","","","","","","","","","","","","","","","","","","","",""
"33167001","BORDEAUX_OBSERVATOIRE",44.831667,-0.525,74,1912081203,"","","","","","","","","","","","","","","","","","","","","","","","","","","","","","","","","","","","",11.4,9,"","","","","","","","","","","","","","","","","","","","","","","","","","","","","","","","","","","","","","","","","","","","",1021.8,9,1012.8,9,"","","","","","","","","","","","","","","","","","","","","","","","","","","","","","","","","","","","","","","","","","","","","","","","","","","","","","","","","","","","","","","","","","","","","","","","","","","","","","","","","","","","","","","","","","","","","","","","","","","","","","","","","","","","","","","",""
"33167001","BORDEAUX_OBSERVATOIRE",44.831667,-0.525,74,1912081207,"","","","","","","","","","","","","","","","","","","","","","","","","","","","","","","","","","","","",14.,9,"","","","","","","","","","","","","","","","","","","","","","","","","","","","","","","","","","","","","","","","","","","","",1019.4,9,1010.5,9,"","","","","","","","","","","","","","","","","","","","","","","","","","","","","","","","","","","","","","","","","","","","","","","","","","","","","","","","","","","","","","","","","","","","","","","","","","","","","","","","","","","","","","","","","","","","","","","","","","","","","","","","","","","","","","","",""
"33167001","BORDEAUX_OBSERVATOIRE",44.831667,-0.525,74,1912081209,"","","","","","","","","","","","","","","","","","","","","","","","","","","","","","","","","","","","",18.7,9,"","","","","","","","","","","","","","","","","","","","","","","","","","","","","","","","","","","","","","","","","","","","",1018.1,9,1009.4,9,"","","","","","","","","","","","","","","","","","","","","","","","","","","","","","","","","","","","","","","","","","","","","","","","","","","","","","","","","","","","","","","","","","","","","","","","","","","","","","","","","","","","","","","","","","","","","","","","","","","","","","","","","","","","","","","",""
"33167001","BORDEAUX_OBSERVATOIRE",44.831667,-0.525,74,1912081212,"","","","","","","","","","","","","","","","","","","","","","","","","","","","","","","","","","","","",25.2,9,"","","","","","","","","","","","","","","","","","","","","","","","","","","","","","","","","","","","","","","","","","","","",1015.9,9,1007.4,1,"","","","","","","","","","","","","","","","","","","","","","","","","","","","","","","","","","","","","","","","","","","","","","","","","","","","","","","","","","","","","","","","","","","","","","","","","","","","","","","","","","","","","","","","","","","","","","","","","","","","","","","","","","","","","","","",""
"33167001","BORDEAUX_OBSERVATOIRE",44.831667,-0.525,74,1912081215,"","","","","","","","","","","","","","","","","","","","","","","","","","","","","","","","","","","","",21.,9,"","","","","","","","","","","","","","","","","","","","","","","","","","","","","","","","","","","","","","","","","","","","",1014.8,9,1006.2,9,"","","","","","","","","","","","","","","","","","","","","","","","","","","","","","","","","","","","","","","","","","","","","","","","","","","","","","","","","","","","","","","","","","","","","","","","","","","","","","","","","","","","","","","","","","","","","","","","","","","","","","","","","","","","","","","",""
"33167001","BORDEAUX_OBSERVATOIRE",44.831667,-0.525,74,1912081218,"","","","","","","","","","","","","","","","","","","","","","","","","","","","","","","","","","","","",19.8,9,"","","","","","","","","","","","","","","","","","","","","","","","","","","","","","","","","","","","","","","","","","","","",1012.7,9,1004.1,9,"","","","","","","","","","","","","","","","","","","","","","","","","","","","","","","","","","","","","","","","","","","","","","","","","","","","","","","","","","","","","","","","","","","","","","","","","","","","","","","","","","","","","","","","","","","","","","","","","","","","","","","","","","","","","","","",""
"33167001","BORDEAUX_OBSERVATOIRE",44.831667,-0.525,74,1912081221,"","","","","","","","","","","","","","","","","","","","","","","","","","","","","","","","","","","","",18.3,9,"","","","","","","","","","","","","","","","","","","","","","","","","","","","","","","","","","","","","","","","","","","","",1011.9,9,1003.2,9,"","","","","","","","","","","","","","","","","","","","","","","","","","","","","","","","","","","","","","","","","","","","","","","","","","","","","","","","","","","","","","","","","","","","","","","","","","","","","","","","","","","","","","","","","","","","","","","","","","","","","","","","","","","","","","","",""
"33167001","BORDEAUX_OBSERVATOIRE",44.831667,-0.525,74,1912081300,"","","","","","","","","","","","","","","","","","","","","","","","","","","","","","","","","","","","",13.3,9,"","","","","","","","","","","","","","","","","","","","","","","","","","","","","","","","","","","","","","","","","","","","",1011.9,9,1003.1,9,"","","","","","","","","","","","","","","","","","","","","","","","","","","","","","","","","","","","","","","","","","","","","","","","","","","","","","","","","","","","","","","","","","","","","","","","","","","","","","","","","","","","","","","","","","","","","","","","","","","","","","","","","","","","","","","",""
"33167001","BORDEAUX_OBSERVATOIRE",44.831667,-0.525,74,1912081303,"","","","","","","","","","","","","","","","","","","","","","","","","","","","","","","","","","","","",13.7,9,"","","","","","","","","","","","","","","","","","","","","","","","","","","","","","","","","","","","","","","","","","","","",1009.1,9,1000.3,9,"","","","","","","","","","","","","","","","","","","","","","","","","","","","","","","","","","","","","","","","","","","","","","","","","","","","","","","","","","","","","","","","","","","","","","","","","","","","","","","","","","","","","","","","","","","","","","","","","","","","","","","","","","","","","","","",""
"33167001","BORDEAUX_OBSERVATOIRE",44.831667,-0.525,74,1912081307,"","","","","","","","","","","","","","","","","","","","","","","","","","","","","","","","","","","","",15.7,9,"","","","","","","","","","","","","","","","","","","","","","","","","","","","","","","","","","","","","","","","","","","","",1007.3,9,998.6,9,"","","","","","","","","","","","","","","","","","","","","","","","","","","","","","","","","","","","","","","","","","","","","","","","","","","","","","","","","","","","","","","","","","","","","","","","","","","","","","","","","","","","","","","","","","","","","","","","","","","","","","","","","","","","","","","",""
"33167001","BORDEAUX_OBSERVATOIRE",44.831667,-0.525,74,1912081309,"","","","","","","","","","","","","","","","","","","","","","","","","","","","","","","","","","","","",15.1,9,"","","","","","","","","","","","","","","","","","","","","","","","","","","","","","","","","","","","","","","","","","","","",1009.4,9,1000.6,9,"","","","","","","","","","","","","","","","","","","","","","","","","","","","","","","","","","","","","","","","","","","","","","","","","","","","","","","","","","","","","","","","","","","","","","","","","","","","","","","","","","","","","","","","","","","","","","","","","","","","","","","","","","","","","","","",""
"33167001","BORDEAUX_OBSERVATOIRE",44.831667,-0.525,74,1912081312,"","","","","","","","","","","","","","","","","","","","","","","","","","","","","","","","","","","","",15.1,9,"","","","","","","","","","","","","","","","","","","","","","","","","","","","","","","","","","","","","","","","","","","","",1013.3,9,1004.5,1,"","","","","","","","","","","","","","","","","","","","","","","","","","","","","","","","","","","","","","","","","","","","","","","","","","","","","","","","","","","","","","","","","","","","","","","","","","","","","","","","","","","","","","","","","","","","","","","","","","","","","","","","","","","","","","","",""
"33167001","BORDEAUX_OBSERVATOIRE",44.831667,-0.525,74,1912081315,"","","","","","","","","","","","","","","","","","","","","","","","","","","","","","","","","","","","",14.9,9,"","","","","","","","","","","","","","","","","","","","","","","","","","","","","","","","","","","","","","","","","","","","",1016.3,9,1007.5,9,"","","","","","","","","","","","","","","","","","","","","","","","","","","","","","","","","","","","","","","","","","","","","","","","","","","","","","","","","","","","","","","","","","","","","","","","","","","","","","","","","","","","","","","","","","","","","","","","","","","","","","","","","","","","","","","",""
"33167001","BORDEAUX_OBSERVATOIRE",44.831667,-0.525,74,1912081318,"","","","","","","","","","","","","","","","","","","","","","","","","","","","","","","","","","","","",14.9,9,"","","","","","","","","","","","","","","","","","","","","","","","","","","","","","","","","","","","","","","","","","","","",1017.9,9,1009.1,9,"","","","","","","","","","","","","","","","","","","","","","","","","","","","","","","","","","","","","","","","","","","","","","","","","","","","","","","","","","","","","","","","","","","","","","","","","","","","","","","","","","","","","","","","","","","","","","","","","","","","","","","","","","","","","","","",""
"33167001","BORDEAUX_OBSERVATOIRE",44.831667,-0.525,74,1912081321,"","","","","","","","","","","","","","","","","","","","","","","","","","","","","","","","","","","","",11.9,9,"","","","","","","","","","","","","","","","","","","","","","","","","","","","","","","","","","","","","","","","","","","","",1019.8,9,1010.8,9,"","","","","","","","","","","","","","","","","","","","","","","","","","","","","","","","","","","","","","","","","","","","","","","","","","","","","","","","","","","","","","","","","","","","","","","","","","","","","","","","","","","","","","","","","","","","","","","","","","","","","","","","","","","","","","","",""
"33167001","BORDEAUX_OBSERVATOIRE",44.831667,-0.525,74,1912081400,"","","","","","","","","","","","","","","","","","","","","","","","","","","","","","","","","","","","",11.1,9,"","","","","","","","","","","","","","","","","","","","","","","","","","","","","","","","","","","","","","","","","","","","",1019.7,9,1010.7,9,"","","","","","","","","","","","","","","","","","","","","","","","","","","","","","","","","","","","","","","","","","","","","","","","","","","","","","","","","","","","","","","","","","","","","","","","","","","","","","","","","","","","","","","","","","","","","","","","","","","","","","","","","","","","","","","",""
"33167001","BORDEAUX_OBSERVATOIRE",44.831667,-0.525,74,1912081403,"","","","","","","","","","","","","","","","","","","","","","","","","","","","","","","","","","","","",10.,9,"","","","","","","","","","","","","","","","","","","","","","","","","","","","","","","","","","","","","","","","","","","","",1018.8,9,1009.8,9,"","","","","","","","","","","","","","","","","","","","","","","","","","","","","","","","","","","","","","","","","","","","","","","","","","","","","","","","","","","","","","","","","","","","","","","","","","","","","","","","","","","","","","","","","","","","","","","","","","","","","","","","","","","","","","","",""
"33167001","BORDEAUX_OBSERVATOIRE",44.831667,-0.525,74,1912081407,"","","","","","","","","","","","","","","","","","","","","","","","","","","","","","","","","","","","",12.3,9,"","","","","","","","","","","","","","","","","","","","","","","","","","","","","","","","","","","","","","","","","","","","",1018.2,9,1009.3,9,"","","","","","","","","","","","","","","","","","","","","","","","","","","","","","","","","","","","","","","","","","","","","","","","","","","","","","","","","","","","","","","","","","","","","","","","","","","","","","","","","","","","","","","","","","","","","","","","","","","","","","","","","","","","","","","",""
"33167001","BORDEAUX_OBSERVATOIRE",44.831667,-0.525,74,1912081409,"","","","","","","","","","","","","","","","","","","","","","","","","","","","","","","","","","","","",13.2,9,"","","","","","","","","","","","","","","","","","","","","","","","","","","","","","","","","","","","","","","","","","","","",1018.2,9,1009.3,9,"","","","","","","","","","","","","","","","","","","","","","","","","","","","","","","","","","","","","","","","","","","","","","","","","","","","","","","","","","","","","","","","","","","","","","","","","","","","","","","","","","","","","","","","","","","","","","","","","","","","","","","","","","","","","","","",""
"33167001","BORDEAUX_OBSERVATOIRE",44.831667,-0.525,74,1912081412,"","","","","","","","","","","","","","","","","","","","","","","","","","","","","","","","","","","","",18.7,9,"","","","","","","","","","","","","","","","","","","","","","","","","","","","","","","","","","","","","","","","","","","","",1016.8,9,1008.1,1,"","","","","","","","","","","","","","","","","","","","","","","","","","","","","","","","","","","","","","","","","","","","","","","","","","","","","","","","","","","","","","","","","","","","","","","","","","","","","","","","","","","","","","","","","","","","","","","","","","","","","","","","","","","","","","","",""
"33167001","BORDEAUX_OBSERVATOIRE",44.831667,-0.525,74,1912081415,"","","","","","","","","","","","","","","","","","","","","","","","","","","","","","","","","","","","",14.4,9,"","","","","","","","","","","","","","","","","","","","","","","","","","","","","","","","","","","","","","","","","","","","",1016.8,9,1008.,9,"","","","","","","","","","","","","","","","","","","","","","","","","","","","","","","","","","","","","","","","","","","","","","","","","","","","","","","","","","","","","","","","","","","","","","","","","","","","","","","","","","","","","","","","","","","","","","","","","","","","","","","","","","","","","","","",""
"33167001","BORDEAUX_OBSERVATOIRE",44.831667,-0.525,74,1912081418,"","","","","","","","","","","","","","","","","","","","","","","","","","","","","","","","","","","","",15.7,9,"","","","","","","","","","","","","","","","","","","","","","","","","","","","","","","","","","","","","","","","","","","","",1016.5,9,1007.7,9,"","","","","","","","","","","","","","","","","","","","","","","","","","","","","","","","","","","","","","","","","","","","","","","","","","","","","","","","","","","","","","","","","","","","","","","","","","","","","","","","","","","","","","","","","","","","","","","","","","","","","","","","","","","","","","","",""
"33167001","BORDEAUX_OBSERVATOIRE",44.831667,-0.525,74,1912081421,"","","","","","","","","","","","","","","","","","","","","","","","","","","","","","","","","","","","",13.1,9,"","","","","","","","","","","","","","","","","","","","","","","","","","","","","","","","","","","","","","","","","","","","",1017.7,9,1008.8,9,"","","","","","","","","","","","","","","","","","","","","","","","","","","","","","","","","","","","","","","","","","","","","","","","","","","","","","","","","","","","","","","","","","","","","","","","","","","","","","","","","","","","","","","","","","","","","","","","","","","","","","","","","","","","","","","",""
"33167001","BORDEAUX_OBSERVATOIRE",44.831667,-0.525,74,1912081500,"","","","","","","","","","","","","","","","","","","","","","","","","","","","","","","","","","","","",11.8,9,"","","","","","","","","","","","","","","","","","","","","","","","","","","","","","","","","","","","","","","","","","","","",1018.3,9,1009.4,9,"","","","","","","","","","","","","","","","","","","","","","","","","","","","","","","","","","","","","","","","","","","","","","","","","","","","","","","","","","","","","","","","","","","","","","","","","","","","","","","","","","","","","","","","","","","","","","","","","","","","","","","","","","","","","","","",""
"33167001","BORDEAUX_OBSERVATOIRE",44.831667,-0.525,74,1912081503,"","","","","","","","","","","","","","","","","","","","","","","","","","","","","","","","","","","","",11.9,9,"","","","","","","","","","","","","","","","","","","","","","","","","","","","","","","","","","","","","","","","","","","","",1018.3,9,1009.4,9,"","","","","","","","","","","","","","","","","","","","","","","","","","","","","","","","","","","","","","","","","","","","","","","","","","","","","","","","","","","","","","","","","","","","","","","","","","","","","","","","","","","","","","","","","","","","","","","","","","","","","","","","","","","","","","","",""
"33167001","BORDEAUX_OBSERVATOIRE",44.831667,-0.525,74,1912081507,"","","","","","","","","","","","","","","","","","","","","","","","","","","","","","","","","","","","",12.7,9,"","","","","","","","","","","","","","","","","","","","","","","","","","","","","","","","","","","","","","","","","","","","",1019.2,9,1010.3,9,"","","","","","","","","","","","","","","","","","","","","","","","","","","","","","","","","","","","","","","","","","","","","","","","","","","","","","","","","","","","","","","","","","","","","","","","","","","","","","","","","","","","","","","","","","","","","","","","","","","","","","","","","","","","","","","",""
"33167001","BORDEAUX_OBSERVATOIRE",44.831667,-0.525,74,1912081509,"","","","","","","","","","","","","","","","","","","","","","","","","","","","","","","","","","","","",17.,9,"","","","","","","","","","","","","","","","","","","","","","","","","","","","","","","","","","","","","","","","","","","","",1020.1,9,1011.3,9,"","","","","","","","","","","","","","","","","","","","","","","","","","","","","","","","","","","","","","","","","","","","","","","","","","","","","","","","","","","","","","","","","","","","","","","","","","","","","","","","","","","","","","","","","","","","","","","","","","","","","","","","","","","","","","","",""
"33167001","BORDEAUX_OBSERVATOIRE",44.831667,-0.525,74,1912081512,"","","","","","","","","","","","","","","","","","","","","","","","","","","","","","","","","","","","",19.5,9,"","","","","","","","","","","","","","","","","","","","","","","","","","","","","","","","","","","","","","","","","","","","",1020.5,9,1011.8,1,"","","","","","","","","","","","","","","","","","","","","","","","","","","","","","","","","","","","","","","","","","","","","","","","","","","","","","","","","","","","","","","","","","","","","","","","","","","","","","","","","","","","","","","","","","","","","","","","","","","","","","","","","","","","","","","",""
"33167001","BORDEAUX_OBSERVATOIRE",44.831667,-0.525,74,1912081515,"","","","","","","","","","","","","","","","","","","","","","","","","","","","","","","","","","","","",20.,9,"","","","","","","","","","","","","","","","","","","","","","","","","","","","","","","","","","","","","","","","","","","","",1020.7,9,1012.,9,"","","","","","","","","","","","","","","","","","","","","","","","","","","","","","","","","","","","","","","","","","","","","","","","","","","","","","","","","","","","","","","","","","","","","","","","","","","","","","","","","","","","","","","","","","","","","","","","","","","","","","","","","","","","","","","",""
"33167001","BORDEAUX_OBSERVATOIRE",44.831667,-0.525,74,1912081518,"","","","","","","","","","","","","","","","","","","","","","","","","","","","","","","","","","","","",17.,9,"","","","","","","","","","","","","","","","","","","","","","","","","","","","","","","","","","","","","","","","","","","","",1021.9,9,1013.1,9,"","","","","","","","","","","","","","","","","","","","","","","","","","","","","","","","","","","","","","","","","","","","","","","","","","","","","","","","","","","","","","","","","","","","","","","","","","","","","","","","","","","","","","","","","","","","","","","","","","","","","","","","","","","","","","","",""
"33167001","BORDEAUX_OBSERVATOIRE",44.831667,-0.525,74,1912081521,"","","","","","","","","","","","","","","","","","","","","","","","","","","","","","","","","","","","",13.7,9,"","","","","","","","","","","","","","","","","","","","","","","","","","","","","","","","","","","","","","","","","","","","",1023.3,9,1014.4,9,"","","","","","","","","","","","","","","","","","","","","","","","","","","","","","","","","","","","","","","","","","","","","","","","","","","","","","","","","","","","","","","","","","","","","","","","","","","","","","","","","","","","","","","","","","","","","","","","","","","","","","","","","","","","","","","",""
"33167001","BORDEAUX_OBSERVATOIRE",44.831667,-0.525,74,1912081600,"","","","","","","","","","","","","","","","","","","","","","","","","","","","","","","","","","","","",12.6,9,"","","","","","","","","","","","","","","","","","","","","","","","","","","","","","","","","","","","","","","","","","","","",1023.8,9,1014.8,9,"","","","","","","","","","","","","","","","","","","","","","","","","","","","","","","","","","","","","","","","","","","","","","","","","","","","","","","","","","","","","","","","","","","","","","","","","","","","","","","","","","","","","","","","","","","","","","","","","","","","","","","","","","","","","","","",""
"33167001","BORDEAUX_OBSERVATOIRE",44.831667,-0.525,74,1912081603,"","","","","","","","","","","","","","","","","","","","","","","","","","","","","","","","","","","","",12.8,9,"","","","","","","","","","","","","","","","","","","","","","","","","","","","","","","","","","","","","","","","","","","","",1024.,9,1015.,9,"","","","","","","","","","","","","","","","","","","","","","","","","","","","","","","","","","","","","","","","","","","","","","","","","","","","","","","","","","","","","","","","","","","","","","","","","","","","","","","","","","","","","","","","","","","","","","","","","","","","","","","","","","","","","","","",""
"33167001","BORDEAUX_OBSERVATOIRE",44.831667,-0.525,74,1912081607,"","","","","","","","","","","","","","","","","","","","","","","","","","","","","","","","","","","","",13.,9,"","","","","","","","","","","","","","","","","","","","","","","","","","","","","","","","","","","","","","","","","","","","",1024.5,9,1015.5,9,"","","","","","","","","","","","","","","","","","","","","","","","","","","","","","","","","","","","","","","","","","","","","","","","","","","","","","","","","","","","","","","","","","","","","","","","","","","","","","","","","","","","","","","","","","","","","","","","","","","","","","","","","","","","","","","",""
"33167001","BORDEAUX_OBSERVATOIRE",44.831667,-0.525,74,1912081609,"","","","","","","","","","","","","","","","","","","","","","","","","","","","","","","","","","","","",17.4,9,"","","","","","","","","","","","","","","","","","","","","","","","","","","","","","","","","","","","","","","","","","","","",1024.6,9,1015.8,9,"","","","","","","","","","","","","","","","","","","","","","","","","","","","","","","","","","","","","","","","","","","","","","","","","","","","","","","","","","","","","","","","","","","","","","","","","","","","","","","","","","","","","","","","","","","","","","","","","","","","","","","","","","","","","","","",""
"33167001","BORDEAUX_OBSERVATOIRE",44.831667,-0.525,74,1912081612,"","","","","","","","","","","","","","","","","","","","","","","","","","","","","","","","","","","","",20.7,9,"","","","","","","","","","","","","","","","","","","","","","","","","","","","","","","","","","","","","","","","","","","","",1024.1,9,1015.4,1,"","","","","","","","","","","","","","","","","","","","","","","","","","","","","","","","","","","","","","","","","","","","","","","","","","","","","","","","","","","","","","","","","","","","","","","","","","","","","","","","","","","","","","","","","","","","","","","","","","","","","","","","","","","","","","","",""
"33167001","BORDEAUX_OBSERVATOIRE",44.831667,-0.525,74,1912081615,"","","","","","","","","","","","","","","","","","","","","","","","","","","","","","","","","","","","",22.3,9,"","","","","","","","","","","","","","","","","","","","","","","","","","","","","","","","","","","","","","","","","","","","",1022.8,9,1014.2,9,"","","","","","","","","","","","","","","","","","","","","","","","","","","","","","","","","","","","","","","","","","","","","","","","","","","","","","","","","","","","","","","","","","","","","","","","","","","","","","","","","","","","","","","","","","","","","","","","","","","","","","","","","","","","","","","",""
"33167001","BORDEAUX_OBSERVATOIRE",44.831667,-0.525,74,1912081618,"","","","","","","","","","","","","","","","","","","","","","","","","","","","","","","","","","","","",19.4,9,"","","","","","","","","","","","","","","","","","","","","","","","","","","","","","","","","","","","","","","","","","","","",1022.5,9,1013.8,9,"","","","","","","","","","","","","","","","","","","","","","","","","","","","","","","","","","","","","","","","","","","","","","","","","","","","","","","","","","","","","","","","","","","","","","","","","","","","","","","","","","","","","","","","","","","","","","","","","","","","","","","","","","","","","","","",""
"33167001","BORDEAUX_OBSERVATOIRE",44.831667,-0.525,74,1912081621,"","","","","","","","","","","","","","","","","","","","","","","","","","","","","","","","","","","","",15.,9,"","","","","","","","","","","","","","","","","","","","","","","","","","","","","","","","","","","","","","","","","","","","",1023.1,9,1014.2,9,"","","","","","","","","","","","","","","","","","","","","","","","","","","","","","","","","","","","","","","","","","","","","","","","","","","","","","","","","","","","","","","","","","","","","","","","","","","","","","","","","","","","","","","","","","","","","","","","","","","","","","","","","","","","","","","",""
"33167001","BORDEAUX_OBSERVATOIRE",44.831667,-0.525,74,1912081700,"","","","","","","","","","","","","","","","","","","","","","","","","","","","","","","","","","","","",14.2,9,"","","","","","","","","","","","","","","","","","","","","","","","","","","","","","","","","","","","","","","","","","","","",1022.5,9,1013.6,9,"","","","","","","","","","","","","","","","","","","","","","","","","","","","","","","","","","","","","","","","","","","","","","","","","","","","","","","","","","","","","","","","","","","","","","","","","","","","","","","","","","","","","","","","","","","","","","","","","","","","","","","","","","","","","","","",""
"33167001","BORDEAUX_OBSERVATOIRE",44.831667,-0.525,74,1912081703,"","","","","","","","","","","","","","","","","","","","","","","","","","","","","","","","","","","","",12.3,9,"","","","","","","","","","","","","","","","","","","","","","","","","","","","","","","","","","","","","","","","","","","","",1021.8,9,1012.8,9,"","","","","","","","","","","","","","","","","","","","","","","","","","","","","","","","","","","","","","","","","","","","","","","","","","","","","","","","","","","","","","","","","","","","","","","","","","","","","","","","","","","","","","","","","","","","","","","","","","","","","","","","","","","","","","","",""
"33167001","BORDEAUX_OBSERVATOIRE",44.831667,-0.525,74,1912081707,"","","","","","","","","","","","","","","","","","","","","","","","","","","","","","","","","","","","",15.6,9,"","","","","","","","","","","","","","","","","","","","","","","","","","","","","","","","","","","","","","","","","","","","",1021.4,9,1012.6,9,"","","","","","","","","","","","","","","","","","","","","","","","","","","","","","","","","","","","","","","","","","","","","","","","","","","","","","","","","","","","","","","","","","","","","","","","","","","","","","","","","","","","","","","","","","","","","","","","","","","","","","","","","","","","","","","",""
"33167001","BORDEAUX_OBSERVATOIRE",44.831667,-0.525,74,1912081709,"","","","","","","","","","","","","","","","","","","","","","","","","","","","","","","","","","","","",20.1,9,"","","","","","","","","","","","","","","","","","","","","","","","","","","","","","","","","","","","","","","","","","","","",1021.,9,1012.3,9,"","","","","","","","","","","","","","","","","","","","","","","","","","","","","","","","","","","","","","","","","","","","","","","","","","","","","","","","","","","","","","","","","","","","","","","","","","","","","","","","","","","","","","","","","","","","","","","","","","","","","","","","","","","","","","","",""
"33167001","BORDEAUX_OBSERVATOIRE",44.831667,-0.525,74,1912081712,"","","","","","","","","","","","","","","","","","","","","","","","","","","","","","","","","","","","",23.,9,"","","","","","","","","","","","","","","","","","","","","","","","","","","","","","","","","","","","","","","","","","","","",1019.1,9,1010.5,1,"","","","","","","","","","","","","","","","","","","","","","","","","","","","","","","","","","","","","","","","","","","","","","","","","","","","","","","","","","","","","","","","","","","","","","","","","","","","","","","","","","","","","","","","","","","","","","","","","","","","","","","","","","","","","","","",""
"33167001","BORDEAUX_OBSERVATOIRE",44.831667,-0.525,74,1912081715,"","","","","","","","","","","","","","","","","","","","","","","","","","","","","","","","","","","","",25.6,9,"","","","","","","","","","","","","","","","","","","","","","","","","","","","","","","","","","","","","","","","","","","","",1016.8,9,1008.3,9,"","","","","","","","","","","","","","","","","","","","","","","","","","","","","","","","","","","","","","","","","","","","","","","","","","","","","","","","","","","","","","","","","","","","","","","","","","","","","","","","","","","","","","","","","","","","","","","","","","","","","","","","","","","","","","","",""
"33167001","BORDEAUX_OBSERVATOIRE",44.831667,-0.525,74,1912081718,"","","","","","","","","","","","","","","","","","","","","","","","","","","","","","","","","","","","",23.9,9,"","","","","","","","","","","","","","","","","","","","","","","","","","","","","","","","","","","","","","","","","","","","",1015.6,9,1007.1,9,"","","","","","","","","","","","","","","","","","","","","","","","","","","","","","","","","","","","","","","","","","","","","","","","","","","","","","","","","","","","","","","","","","","","","","","","","","","","","","","","","","","","","","","","","","","","","","","","","","","","","","","","","","","","","","","",""
"33167001","BORDEAUX_OBSERVATOIRE",44.831667,-0.525,74,1912081721,"","","","","","","","","","","","","","","","","","","","","","","","","","","","","","","","","","","","",21.2,9,"","","","","","","","","","","","","","","","","","","","","","","","","","","","","","","","","","","","","","","","","","","","",1015.2,9,1006.6,9,"","","","","","","","","","","","","","","","","","","","","","","","","","","","","","","","","","","","","","","","","","","","","","","","","","","","","","","","","","","","","","","","","","","","","","","","","","","","","","","","","","","","","","","","","","","","","","","","","","","","","","","","","","","","","","","",""
"33167001","BORDEAUX_OBSERVATOIRE",44.831667,-0.525,74,1912081800,"","","","","","","","","","","","","","","","","","","","","","","","","","","","","","","","","","","","",18.4,9,"","","","","","","","","","","","","","","","","","","","","","","","","","","","","","","","","","","","","","","","","","","","",1014.6,9,1005.9,9,"","","","","","","","","","","","","","","","","","","","","","","","","","","","","","","","","","","","","","","","","","","","","","","","","","","","","","","","","","","","","","","","","","","","","","","","","","","","","","","","","","","","","","","","","","","","","","","","","","","","","","","","","","","","","","","",""
"33167001","BORDEAUX_OBSERVATOIRE",44.831667,-0.525,74,1912081803,"","","","","","","","","","","","","","","","","","","","","","","","","","","","","","","","","","","","",15.7,9,"","","","","","","","","","","","","","","","","","","","","","","","","","","","","","","","","","","","","","","","","","","","",1015.1,9,1006.3,9,"","","","","","","","","","","","","","","","","","","","","","","","","","","","","","","","","","","","","","","","","","","","","","","","","","","","","","","","","","","","","","","","","","","","","","","","","","","","","","","","","","","","","","","","","","","","","","","","","","","","","","","","","","","","","","","",""
"33167001","BORDEAUX_OBSERVATOIRE",44.831667,-0.525,74,1912081807,"","","","","","","","","","","","","","","","","","","","","","","","","","","","","","","","","","","","",15.3,9,"","","","","","","","","","","","","","","","","","","","","","","","","","","","","","","","","","","","","","","","","","","","",1015.8,9,1007.,9,"","","","","","","","","","","","","","","","","","","","","","","","","","","","","","","","","","","","","","","","","","","","","","","","","","","","","","","","","","","","","","","","","","","","","","","","","","","","","","","","","","","","","","","","","","","","","","","","","","","","","","","","","","","","","","","",""
"33167001","BORDEAUX_OBSERVATOIRE",44.831667,-0.525,74,1912081809,"","","","","","","","","","","","","","","","","","","","","","","","","","","","","","","","","","","","",19.4,9,"","","","","","","","","","","","","","","","","","","","","","","","","","","","","","","","","","","","","","","","","","","","",1015.,9,1006.3,9,"","","","","","","","","","","","","","","","","","","","","","","","","","","","","","","","","","","","","","","","","","","","","","","","","","","","","","","","","","","","","","","","","","","","","","","","","","","","","","","","","","","","","","","","","","","","","","","","","","","","","","","","","","","","","","","",""
"33167001","BORDEAUX_OBSERVATOIRE",44.831667,-0.525,74,1912081812,"","","","","","","","","","","","","","","","","","","","","","","","","","","","","","","","","","","","",22.7,9,"","","","","","","","","","","","","","","","","","","","","","","","","","","","","","","","","","","","","","","","","","","","",1013.5,9,1005.,1,"","","","","","","","","","","","","","","","","","","","","","","","","","","","","","","","","","","","","","","","","","","","","","","","","","","","","","","","","","","","","","","","","","","","","","","","","","","","","","","","","","","","","","","","","","","","","","","","","","","","","","","","","","","","","","","",""
"33167001","BORDEAUX_OBSERVATOIRE",44.831667,-0.525,74,1912081815,"","","","","","","","","","","","","","","","","","","","","","","","","","","","","","","","","","","","",21.,9,"","","","","","","","","","","","","","","","","","","","","","","","","","","","","","","","","","","","","","","","","","","","",1012.9,9,1004.3,9,"","","","","","","","","","","","","","","","","","","","","","","","","","","","","","","","","","","","","","","","","","","","","","","","","","","","","","","","","","","","","","","","","","","","","","","","","","","","","","","","","","","","","","","","","","","","","","","","","","","","","","","","","","","","","","","",""
"33167001","BORDEAUX_OBSERVATOIRE",44.831667,-0.525,74,1912081818,"","","","","","","","","","","","","","","","","","","","","","","","","","","","","","","","","","","","",19.8,9,"","","","","","","","","","","","","","","","","","","","","","","","","","","","","","","","","","","","","","","","","","","","",1012.9,9,1004.3,9,"","","","","","","","","","","","","","","","","","","","","","","","","","","","","","","","","","","","","","","","","","","","","","","","","","","","","","","","","","","","","","","","","","","","","","","","","","","","","","","","","","","","","","","","","","","","","","","","","","","","","","","","","","","","","","","",""
"33167001","BORDEAUX_OBSERVATOIRE",44.831667,-0.525,74,1912081821,"","","","","","","","","","","","","","","","","","","","","","","","","","","","","","","","","","","","",17.,9,"","","","","","","","","","","","","","","","","","","","","","","","","","","","","","","","","","","","","","","","","","","","",1012.7,9,1004.,9,"","","","","","","","","","","","","","","","","","","","","","","","","","","","","","","","","","","","","","","","","","","","","","","","","","","","","","","","","","","","","","","","","","","","","","","","","","","","","","","","","","","","","","","","","","","","","","","","","","","","","","","","","","","","","","","",""
"33167001","BORDEAUX_OBSERVATOIRE",44.831667,-0.525,74,1912081900,"","","","","","","","","","","","","","","","","","","","","","","","","","","","","","","","","","","","",15.9,9,"","","","","","","","","","","","","","","","","","","","","","","","","","","","","","","","","","","","","","","","","","","","",1012.,9,1003.2,9,"","","","","","","","","","","","","","","","","","","","","","","","","","","","","","","","","","","","","","","","","","","","","","","","","","","","","","","","","","","","","","","","","","","","","","","","","","","","","","","","","","","","","","","","","","","","","","","","","","","","","","","","","","","","","","","",""
"33167001","BORDEAUX_OBSERVATOIRE",44.831667,-0.525,74,1912081903,"","","","","","","","","","","","","","","","","","","","","","","","","","","","","","","","","","","","",14.8,9,"","","","","","","","","","","","","","","","","","","","","","","","","","","","","","","","","","","","","","","","","","","","",1010.6,9,1001.8,9,"","","","","","","","","","","","","","","","","","","","","","","","","","","","","","","","","","","","","","","","","","","","","","","","","","","","","","","","","","","","","","","","","","","","","","","","","","","","","","","","","","","","","","","","","","","","","","","","","","","","","","","","","","","","","","","",""
"33167001","BORDEAUX_OBSERVATOIRE",44.831667,-0.525,74,1912081907,"","","","","","","","","","","","","","","","","","","","","","","","","","","","","","","","","","","","",15.4,9,"","","","","","","","","","","","","","","","","","","","","","","","","","","","","","","","","","","","","","","","","","","","",1010.7,9,1001.9,9,"","","","","","","","","","","","","","","","","","","","","","","","","","","","","","","","","","","","","","","","","","","","","","","","","","","","","","","","","","","","","","","","","","","","","","","","","","","","","","","","","","","","","","","","","","","","","","","","","","","","","","","","","","","","","","","",""
"33167001","BORDEAUX_OBSERVATOIRE",44.831667,-0.525,74,1912081909,"","","","","","","","","","","","","","","","","","","","","","","","","","","","","","","","","","","","",17.3,9,"","","","","","","","","","","","","","","","","","","","","","","","","","","","","","","","","","","","","","","","","","","","",1011.3,9,1002.6,9,"","","","","","","","","","","","","","","","","","","","","","","","","","","","","","","","","","","","","","","","","","","","","","","","","","","","","","","","","","","","","","","","","","","","","","","","","","","","","","","","","","","","","","","","","","","","","","","","","","","","","","","","","","","","","","","",""
"33167001","BORDEAUX_OBSERVATOIRE",44.831667,-0.525,74,1912081912,"","","","","","","","","","","","","","","","","","","","","","","","","","","","","","","","","","","","",18.3,9,"","","","","","","","","","","","","","","","","","","","","","","","","","","","","","","","","","","","","","","","","","","","",1011.7,9,1003.,1,"","","","","","","","","","","","","","","","","","","","","","","","","","","","","","","","","","","","","","","","","","","","","","","","","","","","","","","","","","","","","","","","","","","","","","","","","","","","","","","","","","","","","","","","","","","","","","","","","","","","","","","","","","","","","","","",""
"33167001","BORDEAUX_OBSERVATOIRE",44.831667,-0.525,74,1912081915,"","","","","","","","","","","","","","","","","","","","","","","","","","","","","","","","","","","","",19.5,9,"","","","","","","","","","","","","","","","","","","","","","","","","","","","","","","","","","","","","","","","","","","","",1011.2,9,1002.6,9,"","","","","","","","","","","","","","","","","","","","","","","","","","","","","","","","","","","","","","","","","","","","","","","","","","","","","","","","","","","","","","","","","","","","","","","","","","","","","","","","","","","","","","","","","","","","","","","","","","","","","","","","","","","","","","","",""
"33167001","BORDEAUX_OBSERVATOIRE",44.831667,-0.525,74,1912081918,"","","","","","","","","","","","","","","","","","","","","","","","","","","","","","","","","","","","",17.9,9,"","","","","","","","","","","","","","","","","","","","","","","","","","","","","","","","","","","","","","","","","","","","",1011.,9,1002.3,9,"","","","","","","","","","","","","","","","","","","","","","","","","","","","","","","","","","","","","","","","","","","","","","","","","","","","","","","","","","","","","","","","","","","","","","","","","","","","","","","","","","","","","","","","","","","","","","","","","","","","","","","","","","","","","","","",""
"33167001","BORDEAUX_OBSERVATOIRE",44.831667,-0.525,74,1912081921,"","","","","","","","","","","","","","","","","","","","","","","","","","","","","","","","","","","","",16.5,9,"","","","","","","","","","","","","","","","","","","","","","","","","","","","","","","","","","","","","","","","","","","","",1012.3,9,1003.6,9,"","","","","","","","","","","","","","","","","","","","","","","","","","","","","","","","","","","","","","","","","","","","","","","","","","","","","","","","","","","","","","","","","","","","","","","","","","","","","","","","","","","","","","","","","","","","","","","","","","","","","","","","","","","","","","","",""
"33167001","BORDEAUX_OBSERVATOIRE",44.831667,-0.525,74,1912082000,"","","","","","","","","","","","","","","","","","","","","","","","","","","","","","","","","","","","",16.2,9,"","","","","","","","","","","","","","","","","","","","","","","","","","","","","","","","","","","","","","","","","","","","",1012.7,9,1004.,9,"","","","","","","","","","","","","","","","","","","","","","","","","","","","","","","","","","","","","","","","","","","","","","","","","","","","","","","","","","","","","","","","","","","","","","","","","","","","","","","","","","","","","","","","","","","","","","","","","","","","","","","","","","","","","","","",""
"33167001","BORDEAUX_OBSERVATOIRE",44.831667,-0.525,74,1912082003,"","","","","","","","","","","","","","","","","","","","","","","","","","","","","","","","","","","","",14.3,9,"","","","","","","","","","","","","","","","","","","","","","","","","","","","","","","","","","","","","","","","","","","","",1013.4,9,1004.6,9,"","","","","","","","","","","","","","","","","","","","","","","","","","","","","","","","","","","","","","","","","","","","","","","","","","","","","","","","","","","","","","","","","","","","","","","","","","","","","","","","","","","","","","","","","","","","","","","","","","","","","","","","","","","","","","","",""
"33167001","BORDEAUX_OBSERVATOIRE",44.831667,-0.525,74,1912082007,"","","","","","","","","","","","","","","","","","","","","","","","","","","","","","","","","","","","",14.7,9,"","","","","","","","","","","","","","","","","","","","","","","","","","","","","","","","","","","","","","","","","","","","",1014.9,9,1006.1,9,"","","","","","","","","","","","","","","","","","","","","","","","","","","","","","","","","","","","","","","","","","","","","","","","","","","","","","","","","","","","","","","","","","","","","","","","","","","","","","","","","","","","","","","","","","","","","","","","","","","","","","","","","","","","","","","",""
"33167001","BORDEAUX_OBSERVATOIRE",44.831667,-0.525,74,1912082009,"","","","","","","","","","","","","","","","","","","","","","","","","","","","","","","","","","","","",17.9,9,"","","","","","","","","","","","","","","","","","","","","","","","","","","","","","","","","","","","","","","","","","","","",1015.7,9,1007.,9,"","","","","","","","","","","","","","","","","","","","","","","","","","","","","","","","","","","","","","","","","","","","","","","","","","","","","","","","","","","","","","","","","","","","","","","","","","","","","","","","","","","","","","","","","","","","","","","","","","","","","","","","","","","","","","","",""
"33167001","BORDEAUX_OBSERVATOIRE",44.831667,-0.525,74,1912082012,"","","","","","","","","","","","","","","","","","","","","","","","","","","","","","","","","","","","",18.6,9,"","","","","","","","","","","","","","","","","","","","","","","","","","","","","","","","","","","","","","","","","","","","",1016.6,9,1007.9,1,"","","","","","","","","","","","","","","","","","","","","","","","","","","","","","","","","","","","","","","","","","","","","","","","","","","","","","","","","","","","","","","","","","","","","","","","","","","","","","","","","","","","","","","","","","","","","","","","","","","","","","","","","","","","","","","",""
"33167001","BORDEAUX_OBSERVATOIRE",44.831667,-0.525,74,1912082015,"","","","","","","","","","","","","","","","","","","","","","","","","","","","","","","","","","","","",19.7,9,"","","","","","","","","","","","","","","","","","","","","","","","","","","","","","","","","","","","","","","","","","","","",1017.5,9,1008.8,9,"","","","","","","","","","","","","","","","","","","","","","","","","","","","","","","","","","","","","","","","","","","","","","","","","","","","","","","","","","","","","","","","","","","","","","","","","","","","","","","","","","","","","","","","","","","","","","","","","","","","","","","","","","","","","","","",""
"33167001","BORDEAUX_OBSERVATOIRE",44.831667,-0.525,74,1912082018,"","","","","","","","","","","","","","","","","","","","","","","","","","","","","","","","","","","","",17.,9,"","","","","","","","","","","","","","","","","","","","","","","","","","","","","","","","","","","","","","","","","","","","",1019.4,9,1010.6,9,"","","","","","","","","","","","","","","","","","","","","","","","","","","","","","","","","","","","","","","","","","","","","","","","","","","","","","","","","","","","","","","","","","","","","","","","","","","","","","","","","","","","","","","","","","","","","","","","","","","","","","","","","","","","","","","",""
"33167001","BORDEAUX_OBSERVATOIRE",44.831667,-0.525,74,1912082021,"","","","","","","","","","","","","","","","","","","","","","","","","","","","","","","","","","","","",13.9,9,"","","","","","","","","","","","","","","","","","","","","","","","","","","","","","","","","","","","","","","","","","","","",1021.9,9,1013.,9,"","","","","","","","","","","","","","","","","","","","","","","","","","","","","","","","","","","","","","","","","","","","","","","","","","","","","","","","","","","","","","","","","","","","","","","","","","","","","","","","","","","","","","","","","","","","","","","","","","","","","","","","","","","","","","","",""
"33167001","BORDEAUX_OBSERVATOIRE",44.831667,-0.525,74,1912082100,"","","","","","","","","","","","","","","","","","","","","","","","","","","","","","","","","","","","",12.5,9,"","","","","","","","","","","","","","","","","","","","","","","","","","","","","","","","","","","","","","","","","","","","",1023.3,9,1014.3,9,"","","","","","","","","","","","","","","","","","","","","","","","","","","","","","","","","","","","","","","","","","","","","","","","","","","","","","","","","","","","","","","","","","","","","","","","","","","","","","","","","","","","","","","","","","","","","","","","","","","","","","","","","","","","","","","",""
"33167001","BORDEAUX_OBSERVATOIRE",44.831667,-0.525,74,1912082103,"","","","","","","","","","","","","","","","","","","","","","","","","","","","","","","","","","","","",12.4,9,"","","","","","","","","","","","","","","","","","","","","","","","","","","","","","","","","","","","","","","","","","","","",1024.1,9,1015.1,9,"","","","","","","","","","","","","","","","","","","","","","","","","","","","","","","","","","","","","","","","","","","","","","","","","","","","","","","","","","","","","","","","","","","","","","","","","","","","","","","","","","","","","","","","","","","","","","","","","","","","","","","","","","","","","","","",""
"33167001","BORDEAUX_OBSERVATOIRE",44.831667,-0.525,74,1912082107,"","","","","","","","","","","","","","","","","","","","","","","","","","","","","","","","","","","","",13.3,9,"","","","","","","","","","","","","","","","","","","","","","","","","","","","","","","","","","","","","","","","","","","","",1026.5,9,1017.5,9,"","","","","","","","","","","","","","","","","","","","","","","","","","","","","","","","","","","","","","","","","","","","","","","","","","","","","","","","","","","","","","","","","","","","","","","","","","","","","","","","","","","","","","","","","","","","","","","","","","","","","","","","","","","","","","","",""
"33167001","BORDEAUX_OBSERVATOIRE",44.831667,-0.525,74,1912082109,"","","","","","","","","","","","","","","","","","","","","","","","","","","","","","","","","","","","",17.6,9,"","","","","","","","","","","","","","","","","","","","","","","","","","","","","","","","","","","","","","","","","","","","",1027.1,9,1018.3,9,"","","","","","","","","","","","","","","","","","","","","","","","","","","","","","","","","","","","","","","","","","","","","","","","","","","","","","","","","","","","","","","","","","","","","","","","","","","","","","","","","","","","","","","","","","","","","","","","","","","","","","","","","","","","","","","",""
"33167001","BORDEAUX_OBSERVATOIRE",44.831667,-0.525,74,1912082112,"","","","","","","","","","","","","","","","","","","","","","","","","","","","","","","","","","","","",20.,9,"","","","","","","","","","","","","","","","","","","","","","","","","","","","","","","","","","","","","","","","","","","","",1027.3,9,1018.6,1,"","","","","","","","","","","","","","","","","","","","","","","","","","","","","","","","","","","","","","","","","","","","","","","","","","","","","","","","","","","","","","","","","","","","","","","","","","","","","","","","","","","","","","","","","","","","","","","","","","","","","","","","","","","","","","","",""
"33167001","BORDEAUX_OBSERVATOIRE",44.831667,-0.525,74,1912082115,"","","","","","","","","","","","","","","","","","","","","","","","","","","","","","","","","","","","",20.4,9,"","","","","","","","","","","","","","","","","","","","","","","","","","","","","","","","","","","","","","","","","","","","",1027.,9,1018.3,9,"","","","","","","","","","","","","","","","","","","","","","","","","","","","","","","","","","","","","","","","","","","","","","","","","","","","","","","","","","","","","","","","","","","","","","","","","","","","","","","","","","","","","","","","","","","","","","","","","","","","","","","","","","","","","","","",""
"33167001","BORDEAUX_OBSERVATOIRE",44.831667,-0.525,74,1912082118,"","","","","","","","","","","","","","","","","","","","","","","","","","","","","","","","","","","","",17.5,9,"","","","","","","","","","","","","","","","","","","","","","","","","","","","","","","","","","","","","","","","","","","","",1027.4,9,1018.6,9,"","","","","","","","","","","","","","","","","","","","","","","","","","","","","","","","","","","","","","","","","","","","","","","","","","","","","","","","","","","","","","","","","","","","","","","","","","","","","","","","","","","","","","","","","","","","","","","","","","","","","","","","","","","","","","","",""
"33167001","BORDEAUX_OBSERVATOIRE",44.831667,-0.525,74,1912082121,"","","","","","","","","","","","","","","","","","","","","","","","","","","","","","","","","","","","",13.6,9,"","","","","","","","","","","","","","","","","","","","","","","","","","","","","","","","","","","","","","","","","","","","",1028.2,9,1019.2,9,"","","","","","","","","","","","","","","","","","","","","","","","","","","","","","","","","","","","","","","","","","","","","","","","","","","","","","","","","","","","","","","","","","","","","","","","","","","","","","","","","","","","","","","","","","","","","","","","","","","","","","","","","","","","","","","",""
"33167001","BORDEAUX_OBSERVATOIRE",44.831667,-0.525,74,1912082200,"","","","","","","","","","","","","","","","","","","","","","","","","","","","","","","","","","","","",12.4,9,"","","","","","","","","","","","","","","","","","","","","","","","","","","","","","","","","","","","","","","","","","","","",1028.2,9,1019.2,9,"","","","","","","","","","","","","","","","","","","","","","","","","","","","","","","","","","","","","","","","","","","","","","","","","","","","","","","","","","","","","","","","","","","","","","","","","","","","","","","","","","","","","","","","","","","","","","","","","","","","","","","","","","","","","","","",""
"33167001","BORDEAUX_OBSERVATOIRE",44.831667,-0.525,74,1912082203,"","","","","","","","","","","","","","","","","","","","","","","","","","","","","","","","","","","","",11.7,9,"","","","","","","","","","","","","","","","","","","","","","","","","","","","","","","","","","","","","","","","","","","","",1027.6,9,1018.6,9,"","","","","","","","","","","","","","","","","","","","","","","","","","","","","","","","","","","","","","","","","","","","","","","","","","","","","","","","","","","","","","","","","","","","","","","","","","","","","","","","","","","","","","","","","","","","","","","","","","","","","","","","","","","","","","","",""
"33167001","BORDEAUX_OBSERVATOIRE",44.831667,-0.525,74,1912082207,"","","","","","","","","","","","","","","","","","","","","","","","","","","","","","","","","","","","",13.,9,"","","","","","","","","","","","","","","","","","","","","","","","","","","","","","","","","","","","","","","","","","","","",1027.6,9,1018.6,9,"","","","","","","","","","","","","","","","","","","","","","","","","","","","","","","","","","","","","","","","","","","","","","","","","","","","","","","","","","","","","","","","","","","","","","","","","","","","","","","","","","","","","","","","","","","","","","","","","","","","","","","","","","","","","","","",""
"33167001","BORDEAUX_OBSERVATOIRE",44.831667,-0.525,74,1912082209,"","","","","","","","","","","","","","","","","","","","","","","","","","","","","","","","","","","","",16.3,9,"","","","","","","","","","","","","","","","","","","","","","","","","","","","","","","","","","","","","","","","","","","","",1027.7,9,1018.8,9,"","","","","","","","","","","","","","","","","","","","","","","","","","","","","","","","","","","","","","","","","","","","","","","","","","","","","","","","","","","","","","","","","","","","","","","","","","","","","","","","","","","","","","","","","","","","","","","","","","","","","","","","","","","","","","","",""
"33167001","BORDEAUX_OBSERVATOIRE",44.831667,-0.525,74,1912082212,"","","","","","","","","","","","","","","","","","","","","","","","","","","","","","","","","","","","",19.7,9,"","","","","","","","","","","","","","","","","","","","","","","","","","","","","","","","","","","","","","","","","","","","",1027.9,9,1019.1,1,"","","","","","","","","","","","","","","","","","","","","","","","","","","","","","","","","","","","","","","","","","","","","","","","","","","","","","","","","","","","","","","","","","","","","","","","","","","","","","","","","","","","","","","","","","","","","","","","","","","","","","","","","","","","","","","",""
"33167001","BORDEAUX_OBSERVATOIRE",44.831667,-0.525,74,1912082215,"","","","","","","","","","","","","","","","","","","","","","","","","","","","","","","","","","","","",21.3,9,"","","","","","","","","","","","","","","","","","","","","","","","","","","","","","","","","","","","","","","","","","","","",1027.5,9,1018.8,9,"","","","","","","","","","","","","","","","","","","","","","","","","","","","","","","","","","","","","","","","","","","","","","","","","","","","","","","","","","","","","","","","","","","","","","","","","","","","","","","","","","","","","","","","","","","","","","","","","","","","","","","","","","","","","","","",""
"33167001","BORDEAUX_OBSERVATOIRE",44.831667,-0.525,74,1912082218,"","","","","","","","","","","","","","","","","","","","","","","","","","","","","","","","","","","","",17.6,9,"","","","","","","","","","","","","","","","","","","","","","","","","","","","","","","","","","","","","","","","","","","","",1027.5,9,1018.7,9,"","","","","","","","","","","","","","","","","","","","","","","","","","","","","","","","","","","","","","","","","","","","","","","","","","","","","","","","","","","","","","","","","","","","","","","","","","","","","","","","","","","","","","","","","","","","","","","","","","","","","","","","","","","","","","","",""
"33167001","BORDEAUX_OBSERVATOIRE",44.831667,-0.525,74,1912082221,"","","","","","","","","","","","","","","","","","","","","","","","","","","","","","","","","","","","",13.3,9,"","","","","","","","","","","","","","","","","","","","","","","","","","","","","","","","","","","","","","","","","","","","",1028.4,9,1019.4,9,"","","","","","","","","","","","","","","","","","","","","","","","","","","","","","","","","","","","","","","","","","","","","","","","","","","","","","","","","","","","","","","","","","","","","","","","","","","","","","","","","","","","","","","","","","","","","","","","","","","","","","","","","","","","","","","",""
"33167001","BORDEAUX_OBSERVATOIRE",44.831667,-0.525,74,1912082300,"","","","","","","","","","","","","","","","","","","","","","","","","","","","","","","","","","","","",12.5,9,"","","","","","","","","","","","","","","","","","","","","","","","","","","","","","","","","","","","","","","","","","","","",1028.,9,1019.,9,"","","","","","","","","","","","","","","","","","","","","","","","","","","","","","","","","","","","","","","","","","","","","","","","","","","","","","","","","","","","","","","","","","","","","","","","","","","","","","","","","","","","","","","","","","","","","","","","","","","","","","","","","","","","","","","",""
"33167001","BORDEAUX_OBSERVATOIRE",44.831667,-0.525,74,1912082303,"","","","","","","","","","","","","","","","","","","","","","","","","","","","","","","","","","","","",10.3,9,"","","","","","","","","","","","","","","","","","","","","","","","","","","","","","","","","","","","","","","","","","","","",1026.3,9,1017.2,9,"","","","","","","","","","","","","","","","","","","","","","","","","","","","","","","","","","","","","","","","","","","","","","","","","","","","","","","","","","","","","","","","","","","","","","","","","","","","","","","","","","","","","","","","","","","","","","","","","","","","","","","","","","","","","","","",""
"33167001","BORDEAUX_OBSERVATOIRE",44.831667,-0.525,74,1912082307,"","","","","","","","","","","","","","","","","","","","","","","","","","","","","","","","","","","","",11.5,9,"","","","","","","","","","","","","","","","","","","","","","","","","","","","","","","","","","","","","","","","","","","","",1025.3,9,1016.3,9,"","","","","","","","","","","","","","","","","","","","","","","","","","","","","","","","","","","","","","","","","","","","","","","","","","","","","","","","","","","","","","","","","","","","","","","","","","","","","","","","","","","","","","","","","","","","","","","","","","","","","","","","","","","","","","","",""
"33167001","BORDEAUX_OBSERVATOIRE",44.831667,-0.525,74,1912082309,"","","","","","","","","","","","","","","","","","","","","","","","","","","","","","","","","","","","",16.1,9,"","","","","","","","","","","","","","","","","","","","","","","","","","","","","","","","","","","","","","","","","","","","",1024.8,9,1015.9,9,"","","","","","","","","","","","","","","","","","","","","","","","","","","","","","","","","","","","","","","","","","","","","","","","","","","","","","","","","","","","","","","","","","","","","","","","","","","","","","","","","","","","","","","","","","","","","","","","","","","","","","","","","","","","","","","",""
"33167001","BORDEAUX_OBSERVATOIRE",44.831667,-0.525,74,1912082312,"","","","","","","","","","","","","","","","","","","","","","","","","","","","","","","","","","","","",20.1,9,"","","","","","","","","","","","","","","","","","","","","","","","","","","","","","","","","","","","","","","","","","","","",1022.9,9,1014.2,1,"","","","","","","","","","","","","","","","","","","","","","","","","","","","","","","","","","","","","","","","","","","","","","","","","","","","","","","","","","","","","","","","","","","","","","","","","","","","","","","","","","","","","","","","","","","","","","","","","","","","","","","","","","","","","","","",""
"33167001","BORDEAUX_OBSERVATOIRE",44.831667,-0.525,74,1912082315,"","","","","","","","","","","","","","","","","","","","","","","","","","","","","","","","","","","","",23.,9,"","","","","","","","","","","","","","","","","","","","","","","","","","","","","","","","","","","","","","","","","","","","",1020.1,9,1011.5,9,"","","","","","","","","","","","","","","","","","","","","","","","","","","","","","","","","","","","","","","","","","","","","","","","","","","","","","","","","","","","","","","","","","","","","","","","","","","","","","","","","","","","","","","","","","","","","","","","","","","","","","","","","","","","","","","",""
"33167001","BORDEAUX_OBSERVATOIRE",44.831667,-0.525,74,1912082318,"","","","","","","","","","","","","","","","","","","","","","","","","","","","","","","","","","","","",20.8,9,"","","","","","","","","","","","","","","","","","","","","","","","","","","","","","","","","","","","","","","","","","","","",1018.5,9,1009.9,9,"","","","","","","","","","","","","","","","","","","","","","","","","","","","","","","","","","","","","","","","","","","","","","","","","","","","","","","","","","","","","","","","","","","","","","","","","","","","","","","","","","","","","","","","","","","","","","","","","","","","","","","","","","","","","","","",""
"33167001","BORDEAUX_OBSERVATOIRE",44.831667,-0.525,74,1912082321,"","","","","","","","","","","","","","","","","","","","","","","","","","","","","","","","","","","","",16.5,9,"","","","","","","","","","","","","","","","","","","","","","","","","","","","","","","","","","","","","","","","","","","","",1017.6,9,1008.8,9,"","","","","","","","","","","","","","","","","","","","","","","","","","","","","","","","","","","","","","","","","","","","","","","","","","","","","","","","","","","","","","","","","","","","","","","","","","","","","","","","","","","","","","","","","","","","","","","","","","","","","","","","","","","","","","","",""
"33167001","BORDEAUX_OBSERVATOIRE",44.831667,-0.525,74,1912082400,"","","","","","","","","","","","","","","","","","","","","","","","","","","","","","","","","","","","",15.,9,"","","","","","","","","","","","","","","","","","","","","","","","","","","","","","","","","","","","","","","","","","","","",1016.4,9,1007.6,9,"","","","","","","","","","","","","","","","","","","","","","","","","","","","","","","","","","","","","","","","","","","","","","","","","","","","","","","","","","","","","","","","","","","","","","","","","","","","","","","","","","","","","","","","","","","","","","","","","","","","","","","","","","","","","","","",""
"33167001","BORDEAUX_OBSERVATOIRE",44.831667,-0.525,74,1912082403,"","","","","","","","","","","","","","","","","","","","","","","","","","","","","","","","","","","","",12.8,9,"","","","","","","","","","","","","","","","","","","","","","","","","","","","","","","","","","","","","","","","","","","","",1014.7,9,1005.8,9,"","","","","","","","","","","","","","","","","","","","","","","","","","","","","","","","","","","","","","","","","","","","","","","","","","","","","","","","","","","","","","","","","","","","","","","","","","","","","","","","","","","","","","","","","","","","","","","","","","","","","","","","","","","","","","","",""
"33167001","BORDEAUX_OBSERVATOIRE",44.831667,-0.525,74,1912082407,"","","","","","","","","","","","","","","","","","","","","","","","","","","","","","","","","","","","",13.7,9,"","","","","","","","","","","","","","","","","","","","","","","","","","","","","","","","","","","","","","","","","","","","",1013.5,9,1004.7,9,"","","","","","","","","","","","","","","","","","","","","","","","","","","","","","","","","","","","","","","","","","","","","","","","","","","","","","","","","","","","","","","","","","","","","","","","","","","","","","","","","","","","","","","","","","","","","","","","","","","","","","","","","","","","","","","",""
"33167001","BORDEAUX_OBSERVATOIRE",44.831667,-0.525,74,1912082409,"","","","","","","","","","","","","","","","","","","","","","","","","","","","","","","","","","","","",18.1,9,"","","","","","","","","","","","","","","","","","","","","","","","","","","","","","","","","","","","","","","","","","","","",1013.4,9,1004.7,9,"","","","","","","","","","","","","","","","","","","","","","","","","","","","","","","","","","","","","","","","","","","","","","","","","","","","","","","","","","","","","","","","","","","","","","","","","","","","","","","","","","","","","","","","","","","","","","","","","","","","","","","","","","","","","","","",""
"33167001","BORDEAUX_OBSERVATOIRE",44.831667,-0.525,74,1912082412,"","","","","","","","","","","","","","","","","","","","","","","","","","","","","","","","","","","","",22.4,9,"","","","","","","","","","","","","","","","","","","","","","","","","","","","","","","","","","","","","","","","","","","","",1012.6,9,1004.1,1,"","","","","","","","","","","","","","","","","","","","","","","","","","","","","","","","","","","","","","","","","","","","","","","","","","","","","","","","","","","","","","","","","","","","","","","","","","","","","","","","","","","","","","","","","","","","","","","","","","","","","","","","","","","","","","","",""
"33167001","BORDEAUX_OBSERVATOIRE",44.831667,-0.525,74,1912082415,"","","","","","","","","","","","","","","","","","","","","","","","","","","","","","","","","","","","",21.8,9,"","","","","","","","","","","","","","","","","","","","","","","","","","","","","","","","","","","","","","","","","","","","",1012.4,9,1003.8,9,"","","","","","","","","","","","","","","","","","","","","","","","","","","","","","","","","","","","","","","","","","","","","","","","","","","","","","","","","","","","","","","","","","","","","","","","","","","","","","","","","","","","","","","","","","","","","","","","","","","","","","","","","","","","","","","",""
"33167001","BORDEAUX_OBSERVATOIRE",44.831667,-0.525,74,1912082418,"","","","","","","","","","","","","","","","","","","","","","","","","","","","","","","","","","","","",17.9,9,"","","","","","","","","","","","","","","","","","","","","","","","","","","","","","","","","","","","","","","","","","","","",1013.,9,1004.3,9,"","","","","","","","","","","","","","","","","","","","","","","","","","","","","","","","","","","","","","","","","","","","","","","","","","","","","","","","","","","","","","","","","","","","","","","","","","","","","","","","","","","","","","","","","","","","","","","","","","","","","","","","","","","","","","","",""
"33167001","BORDEAUX_OBSERVATOIRE",44.831667,-0.525,74,1912082421,"","","","","","","","","","","","","","","","","","","","","","","","","","","","","","","","","","","","",16.5,9,"","","","","","","","","","","","","","","","","","","","","","","","","","","","","","","","","","","","","","","","","","","","",1013.1,9,1004.4,9,"","","","","","","","","","","","","","","","","","","","","","","","","","","","","","","","","","","","","","","","","","","","","","","","","","","","","","","","","","","","","","","","","","","","","","","","","","","","","","","","","","","","","","","","","","","","","","","","","","","","","","","","","","","","","","","",""
"33167001","BORDEAUX_OBSERVATOIRE",44.831667,-0.525,74,1912082500,"","","","","","","","","","","","","","","","","","","","","","","","","","","","","","","","","","","","",15.4,9,"","","","","","","","","","","","","","","","","","","","","","","","","","","","","","","","","","","","","","","","","","","","",1012.8,9,1004.,9,"","","","","","","","","","","","","","","","","","","","","","","","","","","","","","","","","","","","","","","","","","","","","","","","","","","","","","","","","","","","","","","","","","","","","","","","","","","","","","","","","","","","","","","","","","","","","","","","","","","","","","","","","","","","","","","",""
"33167001","BORDEAUX_OBSERVATOIRE",44.831667,-0.525,74,1912082503,"","","","","","","","","","","","","","","","","","","","","","","","","","","","","","","","","","","","",15.5,9,"","","","","","","","","","","","","","","","","","","","","","","","","","","","","","","","","","","","","","","","","","","","",1011.6,9,1002.8,9,"","","","","","","","","","","","","","","","","","","","","","","","","","","","","","","","","","","","","","","","","","","","","","","","","","","","","","","","","","","","","","","","","","","","","","","","","","","","","","","","","","","","","","","","","","","","","","","","","","","","","","","","","","","","","","","",""
"33167001","BORDEAUX_OBSERVATOIRE",44.831667,-0.525,74,1912082507,"","","","","","","","","","","","","","","","","","","","","","","","","","","","","","","","","","","","",15.7,9,"","","","","","","","","","","","","","","","","","","","","","","","","","","","","","","","","","","","","","","","","","","","",1010.5,9,1001.8,9,"","","","","","","","","","","","","","","","","","","","","","","","","","","","","","","","","","","","","","","","","","","","","","","","","","","","","","","","","","","","","","","","","","","","","","","","","","","","","","","","","","","","","","","","","","","","","","","","","","","","","","","","","","","","","","","",""
"33167001","BORDEAUX_OBSERVATOIRE",44.831667,-0.525,74,1912082509,"","","","","","","","","","","","","","","","","","","","","","","","","","","","","","","","","","","","",20.2,9,"","","","","","","","","","","","","","","","","","","","","","","","","","","","","","","","","","","","","","","","","","","","",1009.5,9,1000.9,9,"","","","","","","","","","","","","","","","","","","","","","","","","","","","","","","","","","","","","","","","","","","","","","","","","","","","","","","","","","","","","","","","","","","","","","","","","","","","","","","","","","","","","","","","","","","","","","","","","","","","","","","","","","","","","","","",""
"33167001","BORDEAUX_OBSERVATOIRE",44.831667,-0.525,74,1912082512,"","","","","","","","","","","","","","","","","","","","","","","","","","","","","","","","","","","","",22.1,9,"","","","","","","","","","","","","","","","","","","","","","","","","","","","","","","","","","","","","","","","","","","","",1007.4,9,998.9,1,"","","","","","","","","","","","","","","","","","","","","","","","","","","","","","","","","","","","","","","","","","","","","","","","","","","","","","","","","","","","","","","","","","","","","","","","","","","","","","","","","","","","","","","","","","","","","","","","","","","","","","","","","","","","","","","",""
"33167001","BORDEAUX_OBSERVATOIRE",44.831667,-0.525,74,1912082515,"","","","","","","","","","","","","","","","","","","","","","","","","","","","","","","","","","","","",20.,9,"","","","","","","","","","","","","","","","","","","","","","","","","","","","","","","","","","","","","","","","","","","","",1005.8,9,997.2,9,"","","","","","","","","","","","","","","","","","","","","","","","","","","","","","","","","","","","","","","","","","","","","","","","","","","","","","","","","","","","","","","","","","","","","","","","","","","","","","","","","","","","","","","","","","","","","","","","","","","","","","","","","","","","","","","",""
"33167001","BORDEAUX_OBSERVATOIRE",44.831667,-0.525,74,1912082518,"","","","","","","","","","","","","","","","","","","","","","","","","","","","","","","","","","","","",21.1,9,"","","","","","","","","","","","","","","","","","","","","","","","","","","","","","","","","","","","","","","","","","","","",1003.8,9,995.3,9,"","","","","","","","","","","","","","","","","","","","","","","","","","","","","","","","","","","","","","","","","","","","","","","","","","","","","","","","","","","","","","","","","","","","","","","","","","","","","","","","","","","","","","","","","","","","","","","","","","","","","","","","","","","","","","","",""
"33167001","BORDEAUX_OBSERVATOIRE",44.831667,-0.525,74,1912082521,"","","","","","","","","","","","","","","","","","","","","","","","","","","","","","","","","","","","",19.2,9,"","","","","","","","","","","","","","","","","","","","","","","","","","","","","","","","","","","","","","","","","","","","",1003.7,9,995.1,9,"","","","","","","","","","","","","","","","","","","","","","","","","","","","","","","","","","","","","","","","","","","","","","","","","","","","","","","","","","","","","","","","","","","","","","","","","","","","","","","","","","","","","","","","","","","","","","","","","","","","","","","","","","","","","","","",""
"33167001","BORDEAUX_OBSERVATOIRE",44.831667,-0.525,74,1912082600,"","","","","","","","","","","","","","","","","","","","","","","","","","","","","","","","","","","","",17.2,9,"","","","","","","","","","","","","","","","","","","","","","","","","","","","","","","","","","","","","","","","","","","","",1004.4,9,995.8,9,"","","","","","","","","","","","","","","","","","","","","","","","","","","","","","","","","","","","","","","","","","","","","","","","","","","","","","","","","","","","","","","","","","","","","","","","","","","","","","","","","","","","","","","","","","","","","","","","","","","","","","","","","","","","","","","",""
"33167001","BORDEAUX_OBSERVATOIRE",44.831667,-0.525,74,1912082603,"","","","","","","","","","","","","","","","","","","","","","","","","","","","","","","","","","","","",16.7,9,"","","","","","","","","","","","","","","","","","","","","","","","","","","","","","","","","","","","","","","","","","","","",1004.3,9,995.6,9,"","","","","","","","","","","","","","","","","","","","","","","","","","","","","","","","","","","","","","","","","","","","","","","","","","","","","","","","","","","","","","","","","","","","","","","","","","","","","","","","","","","","","","","","","","","","","","","","","","","","","","","","","","","","","","","",""
"33167001","BORDEAUX_OBSERVATOIRE",44.831667,-0.525,74,1912082607,"","","","","","","","","","","","","","","","","","","","","","","","","","","","","","","","","","","","",17.2,9,"","","","","","","","","","","","","","","","","","","","","","","","","","","","","","","","","","","","","","","","","","","","",1006.5,9,997.8,9,"","","","","","","","","","","","","","","","","","","","","","","","","","","","","","","","","","","","","","","","","","","","","","","","","","","","","","","","","","","","","","","","","","","","","","","","","","","","","","","","","","","","","","","","","","","","","","","","","","","","","","","","","","","","","","","",""
"33167001","BORDEAUX_OBSERVATOIRE",44.831667,-0.525,74,1912082609,"","","","","","","","","","","","","","","","","","","","","","","","","","","","","","","","","","","","",19.1,9,"","","","","","","","","","","","","","","","","","","","","","","","","","","","","","","","","","","","","","","","","","","","",1007.9,9,999.3,9,"","","","","","","","","","","","","","","","","","","","","","","","","","","","","","","","","","","","","","","","","","","","","","","","","","","","","","","","","","","","","","","","","","","","","","","","","","","","","","","","","","","","","","","","","","","","","","","","","","","","","","","","","","","","","","","",""
"33167001","BORDEAUX_OBSERVATOIRE",44.831667,-0.525,74,1912082612,"","","","","","","","","","","","","","","","","","","","","","","","","","","","","","","","","","","","",18.9,9,"","","","","","","","","","","","","","","","","","","","","","","","","","","","","","","","","","","","","","","","","","","","",1008.9,9,1000.3,1,"","","","","","","","","","","","","","","","","","","","","","","","","","","","","","","","","","","","","","","","","","","","","","","","","","","","","","","","","","","","","","","","","","","","","","","","","","","","","","","","","","","","","","","","","","","","","","","","","","","","","","","","","","","","","","","",""
"33167001","BORDEAUX_OBSERVATOIRE",44.831667,-0.525,74,1912082615,"","","","","","","","","","","","","","","","","","","","","","","","","","","","","","","","","","","","",18.7,9,"","","","","","","","","","","","","","","","","","","","","","","","","","","","","","","","","","","","","","","","","","","","",1009.2,9,1000.6,9,"","","","","","","","","","","","","","","","","","","","","","","","","","","","","","","","","","","","","","","","","","","","","","","","","","","","","","","","","","","","","","","","","","","","","","","","","","","","","","","","","","","","","","","","","","","","","","","","","","","","","","","","","","","","","","","",""
"33167001","BORDEAUX_OBSERVATOIRE",44.831667,-0.525,74,1912082618,"","","","","","","","","","","","","","","","","","","","","","","","","","","","","","","","","","","","",16.1,9,"","","","","","","","","","","","","","","","","","","","","","","","","","","","","","","","","","","","","","","","","","","","",1010.1,9,1001.4,9,"","","","","","","","","","","","","","","","","","","","","","","","","","","","","","","","","","","","","","","","","","","","","","","","","","","","","","","","","","","","","","","","","","","","","","","","","","","","","","","","","","","","","","","","","","","","","","","","","","","","","","","","","","","","","","","",""
"33167001","BORDEAUX_OBSERVATOIRE",44.831667,-0.525,74,1912082621,"","","","","","","","","","","","","","","","","","","","","","","","","","","","","","","","","","","","",15.5,9,"","","","","","","","","","","","","","","","","","","","","","","","","","","","","","","","","","","","","","","","","","","","",1012.4,9,1003.6,9,"","","","","","","","","","","","","","","","","","","","","","","","","","","","","","","","","","","","","","","","","","","","","","","","","","","","","","","","","","","","","","","","","","","","","","","","","","","","","","","","","","","","","","","","","","","","","","","","","","","","","","","","","","","","","","","",""
"33167001","BORDEAUX_OBSERVATOIRE",44.831667,-0.525,74,1912082700,"","","","","","","","","","","","","","","","","","","","","","","","","","","","","","","","","","","","",14.5,9,"","","","","","","","","","","","","","","","","","","","","","","","","","","","","","","","","","","","","","","","","","","","",1013.4,9,1004.6,9,"","","","","","","","","","","","","","","","","","","","","","","","","","","","","","","","","","","","","","","","","","","","","","","","","","","","","","","","","","","","","","","","","","","","","","","","","","","","","","","","","","","","","","","","","","","","","","","","","","","","","","","","","","","","","","","",""
"33167001","BORDEAUX_OBSERVATOIRE",44.831667,-0.525,74,1912082703,"","","","","","","","","","","","","","","","","","","","","","","","","","","","","","","","","","","","",13.1,9,"","","","","","","","","","","","","","","","","","","","","","","","","","","","","","","","","","","","","","","","","","","","",1013.5,9,1004.6,9,"","","","","","","","","","","","","","","","","","","","","","","","","","","","","","","","","","","","","","","","","","","","","","","","","","","","","","","","","","","","","","","","","","","","","","","","","","","","","","","","","","","","","","","","","","","","","","","","","","","","","","","","","","","","","","","",""
"33167001","BORDEAUX_OBSERVATOIRE",44.831667,-0.525,74,1912082707,"","","","","","","","","","","","","","","","","","","","","","","","","","","","","","","","","","","","",14.4,9,"","","","","","","","","","","","","","","","","","","","","","","","","","","","","","","","","","","","","","","","","","","","",1013.9,9,1005.1,9,"","","","","","","","","","","","","","","","","","","","","","","","","","","","","","","","","","","","","","","","","","","","","","","","","","","","","","","","","","","","","","","","","","","","","","","","","","","","","","","","","","","","","","","","","","","","","","","","","","","","","","","","","","","","","","","",""
"33167001","BORDEAUX_OBSERVATOIRE",44.831667,-0.525,74,1912082709,"","","","","","","","","","","","","","","","","","","","","","","","","","","","","","","","","","","","",17.1,9,"","","","","","","","","","","","","","","","","","","","","","","","","","","","","","","","","","","","","","","","","","","","",1014.,9,1005.3,9,"","","","","","","","","","","","","","","","","","","","","","","","","","","","","","","","","","","","","","","","","","","","","","","","","","","","","","","","","","","","","","","","","","","","","","","","","","","","","","","","","","","","","","","","","","","","","","","","","","","","","","","","","","","","","","","",""
"33167001","BORDEAUX_OBSERVATOIRE",44.831667,-0.525,74,1912082712,"","","","","","","","","","","","","","","","","","","","","","","","","","","","","","","","","","","","",16.5,9,"","","","","","","","","","","","","","","","","","","","","","","","","","","","","","","","","","","","","","","","","","","","",1013.6,9,1004.9,1,"","","","","","","","","","","","","","","","","","","","","","","","","","","","","","","","","","","","","","","","","","","","","","","","","","","","","","","","","","","","","","","","","","","","","","","","","","","","","","","","","","","","","","","","","","","","","","","","","","","","","","","","","","","","","","","",""
"33167001","BORDEAUX_OBSERVATOIRE",44.831667,-0.525,74,1912082715,"","","","","","","","","","","","","","","","","","","","","","","","","","","","","","","","","","","","",19.3,9,"","","","","","","","","","","","","","","","","","","","","","","","","","","","","","","","","","","","","","","","","","","","",1011.7,9,1003.1,9,"","","","","","","","","","","","","","","","","","","","","","","","","","","","","","","","","","","","","","","","","","","","","","","","","","","","","","","","","","","","","","","","","","","","","","","","","","","","","","","","","","","","","","","","","","","","","","","","","","","","","","","","","","","","","","","",""
"33167001","BORDEAUX_OBSERVATOIRE",44.831667,-0.525,74,1912082718,"","","","","","","","","","","","","","","","","","","","","","","","","","","","","","","","","","","","",18.,9,"","","","","","","","","","","","","","","","","","","","","","","","","","","","","","","","","","","","","","","","","","","","",1011.2,9,1002.5,9,"","","","","","","","","","","","","","","","","","","","","","","","","","","","","","","","","","","","","","","","","","","","","","","","","","","","","","","","","","","","","","","","","","","","","","","","","","","","","","","","","","","","","","","","","","","","","","","","","","","","","","","","","","","","","","","",""
"33167001","BORDEAUX_OBSERVATOIRE",44.831667,-0.525,74,1912082721,"","","","","","","","","","","","","","","","","","","","","","","","","","","","","","","","","","","","",15.1,9,"","","","","","","","","","","","","","","","","","","","","","","","","","","","","","","","","","","","","","","","","","","","",1012.6,9,1003.8,9,"","","","","","","","","","","","","","","","","","","","","","","","","","","","","","","","","","","","","","","","","","","","","","","","","","","","","","","","","","","","","","","","","","","","","","","","","","","","","","","","","","","","","","","","","","","","","","","","","","","","","","","","","","","","","","","",""
"33167001","BORDEAUX_OBSERVATOIRE",44.831667,-0.525,74,1912082800,"","","","","","","","","","","","","","","","","","","","","","","","","","","","","","","","","","","","",14.,9,"","","","","","","","","","","","","","","","","","","","","","","","","","","","","","","","","","","","","","","","","","","","",1013.8,9,1005.,9,"","","","","","","","","","","","","","","","","","","","","","","","","","","","","","","","","","","","","","","","","","","","","","","","","","","","","","","","","","","","","","","","","","","","","","","","","","","","","","","","","","","","","","","","","","","","","","","","","","","","","","","","","","","","","","","",""
"33167001","BORDEAUX_OBSERVATOIRE",44.831667,-0.525,74,1912082803,"","","","","","","","","","","","","","","","","","","","","","","","","","","","","","","","","","","","",14.2,9,"","","","","","","","","","","","","","","","","","","","","","","","","","","","","","","","","","","","","","","","","","","","",1014.3,9,1005.5,9,"","","","","","","","","","","","","","","","","","","","","","","","","","","","","","","","","","","","","","","","","","","","","","","","","","","","","","","","","","","","","","","","","","","","","","","","","","","","","","","","","","","","","","","","","","","","","","","","","","","","","","","","","","","","","","","",""
"33167001","BORDEAUX_OBSERVATOIRE",44.831667,-0.525,74,1912082807,"","","","","","","","","","","","","","","","","","","","","","","","","","","","","","","","","","","","",14.9,9,"","","","","","","","","","","","","","","","","","","","","","","","","","","","","","","","","","","","","","","","","","","","",1015.7,9,1006.9,9,"","","","","","","","","","","","","","","","","","","","","","","","","","","","","","","","","","","","","","","","","","","","","","","","","","","","","","","","","","","","","","","","","","","","","","","","","","","","","","","","","","","","","","","","","","","","","","","","","","","","","","","","","","","","","","","",""
"33167001","BORDEAUX_OBSERVATOIRE",44.831667,-0.525,74,1912082809,"","","","","","","","","","","","","","","","","","","","","","","","","","","","","","","","","","","","",19.3,9,"","","","","","","","","","","","","","","","","","","","","","","","","","","","","","","","","","","","","","","","","","","","",1016.5,9,1007.8,9,"","","","","","","","","","","","","","","","","","","","","","","","","","","","","","","","","","","","","","","","","","","","","","","","","","","","","","","","","","","","","","","","","","","","","","","","","","","","","","","","","","","","","","","","","","","","","","","","","","","","","","","","","","","","","","","",""
"33167001","BORDEAUX_OBSERVATOIRE",44.831667,-0.525,74,1912082812,"","","","","","","","","","","","","","","","","","","","","","","","","","","","","","","","","","","","",20.3,9,"","","","","","","","","","","","","","","","","","","","","","","","","","","","","","","","","","","","","","","","","","","","",1016.3,9,1007.7,1,"","","","","","","","","","","","","","","","","","","","","","","","","","","","","","","","","","","","","","","","","","","","","","","","","","","","","","","","","","","","","","","","","","","","","","","","","","","","","","","","","","","","","","","","","","","","","","","","","","","","","","","","","","","","","","","",""
"33167001","BORDEAUX_OBSERVATOIRE",44.831667,-0.525,74,1912082815,"","","","","","","","","","","","","","","","","","","","","","","","","","","","","","","","","","","","",23.6,9,"","","","","","","","","","","","","","","","","","","","","","","","","","","","","","","","","","","","","","","","","","","","",1014.8,9,1006.3,9,"","","","","","","","","","","","","","","","","","","","","","","","","","","","","","","","","","","","","","","","","","","","","","","","","","","","","","","","","","","","","","","","","","","","","","","","","","","","","","","","","","","","","","","","","","","","","","","","","","","","","","","","","","","","","","","",""
"33167001","BORDEAUX_OBSERVATOIRE",44.831667,-0.525,74,1912082818,"","","","","","","","","","","","","","","","","","","","","","","","","","","","","","","","","","","","",20.2,9,"","","","","","","","","","","","","","","","","","","","","","","","","","","","","","","","","","","","","","","","","","","","",1014.1,9,1005.5,9,"","","","","","","","","","","","","","","","","","","","","","","","","","","","","","","","","","","","","","","","","","","","","","","","","","","","","","","","","","","","","","","","","","","","","","","","","","","","","","","","","","","","","","","","","","","","","","","","","","","","","","","","","","","","","","","",""
"33167001","BORDEAUX_OBSERVATOIRE",44.831667,-0.525,74,1912082821,"","","","","","","","","","","","","","","","","","","","","","","","","","","","","","","","","","","","",16.1,9,"","","","","","","","","","","","","","","","","","","","","","","","","","","","","","","","","","","","","","","","","","","","",1013.8,9,1005.,9,"","","","","","","","","","","","","","","","","","","","","","","","","","","","","","","","","","","","","","","","","","","","","","","","","","","","","","","","","","","","","","","","","","","","","","","","","","","","","","","","","","","","","","","","","","","","","","","","","","","","","","","","","","","","","","","",""
"33167001","BORDEAUX_OBSERVATOIRE",44.831667,-0.525,74,1912082900,"","","","","","","","","","","","","","","","","","","","","","","","","","","","","","","","","","","","",15.9,9,"","","","","","","","","","","","","","","","","","","","","","","","","","","","","","","","","","","","","","","","","","","","",1013.4,9,1004.6,9,"","","","","","","","","","","","","","","","","","","","","","","","","","","","","","","","","","","","","","","","","","","","","","","","","","","","","","","","","","","","","","","","","","","","","","","","","","","","","","","","","","","","","","","","","","","","","","","","","","","","","","","","","","","","","","","",""
"33167001","BORDEAUX_OBSERVATOIRE",44.831667,-0.525,74,1912082903,"","","","","","","","","","","","","","","","","","","","","","","","","","","","","","","","","","","","",15.5,9,"","","","","","","","","","","","","","","","","","","","","","","","","","","","","","","","","","","","","","","","","","","","",1011.2,9,1002.4,9,"","","","","","","","","","","","","","","","","","","","","","","","","","","","","","","","","","","","","","","","","","","","","","","","","","","","","","","","","","","","","","","","","","","","","","","","","","","","","","","","","","","","","","","","","","","","","","","","","","","","","","","","","","","","","","","",""
"33167001","BORDEAUX_OBSERVATOIRE",44.831667,-0.525,74,1912082907,"","","","","","","","","","","","","","","","","","","","","","","","","","","","","","","","","","","","",16.8,9,"","","","","","","","","","","","","","","","","","","","","","","","","","","","","","","","","","","","","","","","","","","","",1009.8,9,1001.1,9,"","","","","","","","","","","","","","","","","","","","","","","","","","","","","","","","","","","","","","","","","","","","","","","","","","","","","","","","","","","","","","","","","","","","","","","","","","","","","","","","","","","","","","","","","","","","","","","","","","","","","","","","","","","","","","","",""
"33167001","BORDEAUX_OBSERVATOIRE",44.831667,-0.525,74,1912082909,"","","","","","","","","","","","","","","","","","","","","","","","","","","","","","","","","","","","",21.,9,"","","","","","","","","","","","","","","","","","","","","","","","","","","","","","","","","","","","","","","","","","","","",1009.3,9,1000.7,9,"","","","","","","","","","","","","","","","","","","","","","","","","","","","","","","","","","","","","","","","","","","","","","","","","","","","","","","","","","","","","","","","","","","","","","","","","","","","","","","","","","","","","","","","","","","","","","","","","","","","","","","","","","","","","","","",""
"33167001","BORDEAUX_OBSERVATOIRE",44.831667,-0.525,74,1912082912,"","","","","","","","","","","","","","","","","","","","","","","","","","","","","","","","","","","","",27.6,9,"","","","","","","","","","","","","","","","","","","","","","","","","","","","","","","","","","","","","","","","","","","","",1009.2,9,1000.9,1,"","","","","","","","","","","","","","","","","","","","","","","","","","","","","","","","","","","","","","","","","","","","","","","","","","","","","","","","","","","","","","","","","","","","","","","","","","","","","","","","","","","","","","","","","","","","","","","","","","","","","","","","","","","","","","","",""
"33167001","BORDEAUX_OBSERVATOIRE",44.831667,-0.525,74,1912082915,"","","","","","","","","","","","","","","","","","","","","","","","","","","","","","","","","","","","",26.8,9,"","","","","","","","","","","","","","","","","","","","","","","","","","","","","","","","","","","","","","","","","","","","",1009.6,9,1001.2,9,"","","","","","","","","","","","","","","","","","","","","","","","","","","","","","","","","","","","","","","","","","","","","","","","","","","","","","","","","","","","","","","","","","","","","","","","","","","","","","","","","","","","","","","","","","","","","","","","","","","","","","","","","","","","","","","",""
"33167001","BORDEAUX_OBSERVATOIRE",44.831667,-0.525,74,1912082918,"","","","","","","","","","","","","","","","","","","","","","","","","","","","","","","","","","","","",21.3,9,"","","","","","","","","","","","","","","","","","","","","","","","","","","","","","","","","","","","","","","","","","","","",1010.,9,1001.4,9,"","","","","","","","","","","","","","","","","","","","","","","","","","","","","","","","","","","","","","","","","","","","","","","","","","","","","","","","","","","","","","","","","","","","","","","","","","","","","","","","","","","","","","","","","","","","","","","","","","","","","","","","","","","","","","","",""
"33167001","BORDEAUX_OBSERVATOIRE",44.831667,-0.525,74,1912082921,"","","","","","","","","","","","","","","","","","","","","","","","","","","","","","","","","","","","",17.9,9,"","","","","","","","","","","","","","","","","","","","","","","","","","","","","","","","","","","","","","","","","","","","",1011.7,9,1003.,9,"","","","","","","","","","","","","","","","","","","","","","","","","","","","","","","","","","","","","","","","","","","","","","","","","","","","","","","","","","","","","","","","","","","","","","","","","","","","","","","","","","","","","","","","","","","","","","","","","","","","","","","","","","","","","","","",""
"33167001","BORDEAUX_OBSERVATOIRE",44.831667,-0.525,74,1912083000,"","","","","","","","","","","","","","","","","","","","","","","","","","","","","","","","","","","","",16.8,9,"","","","","","","","","","","","","","","","","","","","","","","","","","","","","","","","","","","","","","","","","","","","",1012.9,9,1004.2,9,"","","","","","","","","","","","","","","","","","","","","","","","","","","","","","","","","","","","","","","","","","","","","","","","","","","","","","","","","","","","","","","","","","","","","","","","","","","","","","","","","","","","","","","","","","","","","","","","","","","","","","","","","","","","","","","",""
"33167001","BORDEAUX_OBSERVATOIRE",44.831667,-0.525,74,1912083003,"","","","","","","","","","","","","","","","","","","","","","","","","","","","","","","","","","","","",15.,9,"","","","","","","","","","","","","","","","","","","","","","","","","","","","","","","","","","","","","","","","","","","","",1012.6,9,1003.8,9,"","","","","","","","","","","","","","","","","","","","","","","","","","","","","","","","","","","","","","","","","","","","","","","","","","","","","","","","","","","","","","","","","","","","","","","","","","","","","","","","","","","","","","","","","","","","","","","","","","","","","","","","","","","","","","","",""
"33167001","BORDEAUX_OBSERVATOIRE",44.831667,-0.525,74,1912083007,"","","","","","","","","","","","","","","","","","","","","","","","","","","","","","","","","","","","",15.1,9,"","","","","","","","","","","","","","","","","","","","","","","","","","","","","","","","","","","","","","","","","","","","",1014.3,9,1005.5,9,"","","","","","","","","","","","","","","","","","","","","","","","","","","","","","","","","","","","","","","","","","","","","","","","","","","","","","","","","","","","","","","","","","","","","","","","","","","","","","","","","","","","","","","","","","","","","","","","","","","","","","","","","","","","","","","",""
"33167001","BORDEAUX_OBSERVATOIRE",44.831667,-0.525,74,1912083009,"","","","","","","","","","","","","","","","","","","","","","","","","","","","","","","","","","","","",17.9,9,"","","","","","","","","","","","","","","","","","","","","","","","","","","","","","","","","","","","","","","","","","","","",1015.,9,1006.3,9,"","","","","","","","","","","","","","","","","","","","","","","","","","","","","","","","","","","","","","","","","","","","","","","","","","","","","","","","","","","","","","","","","","","","","","","","","","","","","","","","","","","","","","","","","","","","","","","","","","","","","","","","","","","","","","","",""
"33167001","BORDEAUX_OBSERVATOIRE",44.831667,-0.525,74,1912083012,"","","","","","","","","","","","","","","","","","","","","","","","","","","","","","","","","","","","",19.,9,"","","","","","","","","","","","","","","","","","","","","","","","","","","","","","","","","","","","","","","","","","","","",1015.7,9,1007.,1,"","","","","","","","","","","","","","","","","","","","","","","","","","","","","","","","","","","","","","","","","","","","","","","","","","","","","","","","","","","","","","","","","","","","","","","","","","","","","","","","","","","","","","","","","","","","","","","","","","","","","","","","","","","","","","","",""
"33167001","BORDEAUX_OBSERVATOIRE",44.831667,-0.525,74,1912083015,"","","","","","","","","","","","","","","","","","","","","","","","","","","","","","","","","","","","",17.4,9,"","","","","","","","","","","","","","","","","","","","","","","","","","","","","","","","","","","","","","","","","","","","",1017.3,9,1008.6,9,"","","","","","","","","","","","","","","","","","","","","","","","","","","","","","","","","","","","","","","","","","","","","","","","","","","","","","","","","","","","","","","","","","","","","","","","","","","","","","","","","","","","","","","","","","","","","","","","","","","","","","","","","","","","","","","",""
"33167001","BORDEAUX_OBSERVATOIRE",44.831667,-0.525,74,1912083018,"","","","","","","","","","","","","","","","","","","","","","","","","","","","","","","","","","","","",16.9,9,"","","","","","","","","","","","","","","","","","","","","","","","","","","","","","","","","","","","","","","","","","","","",1019.5,9,1010.7,9,"","","","","","","","","","","","","","","","","","","","","","","","","","","","","","","","","","","","","","","","","","","","","","","","","","","","","","","","","","","","","","","","","","","","","","","","","","","","","","","","","","","","","","","","","","","","","","","","","","","","","","","","","","","","","","","",""
"33167001","BORDEAUX_OBSERVATOIRE",44.831667,-0.525,74,1912083021,"","","","","","","","","","","","","","","","","","","","","","","","","","","","","","","","","","","","",14.,9,"","","","","","","","","","","","","","","","","","","","","","","","","","","","","","","","","","","","","","","","","","","","",1021.3,9,1012.4,9,"","","","","","","","","","","","","","","","","","","","","","","","","","","","","","","","","","","","","","","","","","","","","","","","","","","","","","","","","","","","","","","","","","","","","","","","","","","","","","","","","","","","","","","","","","","","","","","","","","","","","","","","","","","","","","","",""
"33167001","BORDEAUX_OBSERVATOIRE",44.831667,-0.525,74,1912083100,"","","","","","","","","","","","","","","","","","","","","","","","","","","","","","","","","","","","",13.3,9,"","","","","","","","","","","","","","","","","","","","","","","","","","","","","","","","","","","","","","","","","","","","",1022.3,9,1013.4,9,"","","","","","","","","","","","","","","","","","","","","","","","","","","","","","","","","","","","","","","","","","","","","","","","","","","","","","","","","","","","","","","","","","","","","","","","","","","","","","","","","","","","","","","","","","","","","","","","","","","","","","","","","","","","","","","",""
"33167001","BORDEAUX_OBSERVATOIRE",44.831667,-0.525,74,1912083103,"","","","","","","","","","","","","","","","","","","","","","","","","","","","","","","","","","","","",12.7,9,"","","","","","","","","","","","","","","","","","","","","","","","","","","","","","","","","","","","","","","","","","","","",1022.8,9,1013.8,9,"","","","","","","","","","","","","","","","","","","","","","","","","","","","","","","","","","","","","","","","","","","","","","","","","","","","","","","","","","","","","","","","","","","","","","","","","","","","","","","","","","","","","","","","","","","","","","","","","","","","","","","","","","","","","","","",""
"33167001","BORDEAUX_OBSERVATOIRE",44.831667,-0.525,74,1912083107,"","","","","","","","","","","","","","","","","","","","","","","","","","","","","","","","","","","","",14.8,9,"","","","","","","","","","","","","","","","","","","","","","","","","","","","","","","","","","","","","","","","","","","","",1024.4,9,1015.5,9,"","","","","","","","","","","","","","","","","","","","","","","","","","","","","","","","","","","","","","","","","","","","","","","","","","","","","","","","","","","","","","","","","","","","","","","","","","","","","","","","","","","","","","","","","","","","","","","","","","","","","","","","","","","","","","","",""
"33167001","BORDEAUX_OBSERVATOIRE",44.831667,-0.525,74,1912083109,"","","","","","","","","","","","","","","","","","","","","","","","","","","","","","","","","","","","",17.,9,"","","","","","","","","","","","","","","","","","","","","","","","","","","","","","","","","","","","","","","","","","","","",1025.,9,1016.2,9,"","","","","","","","","","","","","","","","","","","","","","","","","","","","","","","","","","","","","","","","","","","","","","","","","","","","","","","","","","","","","","","","","","","","","","","","","","","","","","","","","","","","","","","","","","","","","","","","","","","","","","","","","","","","","","","",""
"33167001","BORDEAUX_OBSERVATOIRE",44.831667,-0.525,74,1912083112,"","","","","","","","","","","","","","","","","","","","","","","","","","","","","","","","","","","","","","","","","","","","","","","","","","","","","","","","","","","","","","","","","","","","","","","","","","","","","","","","","","","","",1015.9,1,"","","","","","","","","","","","","","","","","","","","","","","","","","","","","","","","","","","","","","","","","","","","","","","","","","","","","","","","","","","","","","","","","","","","","","","","","","","","","","","","","","","","","","","","","","","","","","","","","","","","","","","","","","","","","","","",""
"33167001","BORDEAUX_OBSERVATOIRE",44.831667,-0.525,74,1912083115,"","","","","","","","","","","","","","","","","","","","","","","","","","","","","","","","","","","","",19.2,9,"","","","","","","","","","","","","","","","","","","","","","","","","","","","","","","","","","","","","","","","","","","","",1024.3,9,1015.6,9,"","","","","","","","","","","","","","","","","","","","","","","","","","","","","","","","","","","","","","","","","","","","","","","","","","","","","","","","","","","","","","","","","","","","","","","","","","","","","","","","","","","","","","","","","","","","","","","","","","","","","","","","","","","","","","","",""
"33167001","BORDEAUX_OBSERVATOIRE",44.831667,-0.525,74,1912083118,"","","","","","","","","","","","","","","","","","","","","","","","","","","","","","","","","","","","",16.4,9,"","","","","","","","","","","","","","","","","","","","","","","","","","","","","","","","","","","","","","","","","","","","",1024.7,9,1015.9,9,"","","","","","","","","","","","","","","","","","","","","","","","","","","","","","","","","","","","","","","","","","","","","","","","","","","","","","","","","","","","","","","","","","","","","","","","","","","","","","","","","","","","","","","","","","","","","","","","","","","","","","","","","","","","","","","",""
"33167001","BORDEAUX_OBSERVATOIRE",44.831667,-0.525,74,1912083121,"","","","","","","","","","","","","","","","","","","","","","","","","","","","","","","","","","","","",14.3,9,"","","","","","","","","","","","","","","","","","","","","","","","","","","","","","","","","","","","","","","","","","","","",1024.9,9,1016.,9,"","","","","","","","","","","","","","","","","","","","","","","","","","","","","","","","","","","","","","","","","","","","","","","","","","","","","","","","","","","","","","","","","","","","","","","","","","","","","","","","","","","","","","","","","","","","","","","","","","","","","","","","","","","","","","","",""
"33167001","BORDEAUX_OBSERVATOIRE",44.831667,-0.525,74,1912090100,"","","","","","","","","","","","","","","","","","","","","","","","","","","","","","","","","","","","",12.1,9,"","","","","","","","","","","","","","","","","","","","","","","","","","","","","","","","","","","","","","","","","","","","",1024.8,9,1015.8,9,"","","","","","","","","","","","","","","","","","","","","","","","","","","","","","","","","","","","","","","","","","","","","","","","","","","","","","","","","","","","","","","","","","","","","","","","","","","","","","","","","","","","","","","","","","","","","","","","","","","","","","","","","","","","","","","",""
"33167001","BORDEAUX_OBSERVATOIRE",44.831667,-0.525,74,1912090103,"","","","","","","","","","","","","","","","","","","","","","","","","","","","","","","","","","","","",11.2,9,"","","","","","","","","","","","","","","","","","","","","","","","","","","","","","","","","","","","","","","","","","","","",1024.,9,1015.,9,"","","","","","","","","","","","","","","","","","","","","","","","","","","","","","","","","","","","","","","","","","","","","","","","","","","","","","","","","","","","","","","","","","","","","","","","","","","","","","","","","","","","","","","","","","","","","","","","","","","","","","","","","","","","","","","",""
"33167001","BORDEAUX_OBSERVATOIRE",44.831667,-0.525,74,1912090107,"","","","","","","","","","","","","","","","","","","","","","","","","","","","","","","","","","","","",12.9,9,"","","","","","","","","","","","","","","","","","","","","","","","","","","","","","","","","","","","","","","","","","","","",1023.8,9,1014.8,9,"","","","","","","","","","","","","","","","","","","","","","","","","","","","","","","","","","","","","","","","","","","","","","","","","","","","","","","","","","","","","","","","","","","","","","","","","","","","","","","","","","","","","","","","","","","","","","","","","","","","","","","","","","","","","","","",""
"33167001","BORDEAUX_OBSERVATOIRE",44.831667,-0.525,74,1912090109,"","","","","","","","","","","","","","","","","","","","","","","","","","","","","","","","","","","","",15.8,9,"","","","","","","","","","","","","","","","","","","","","","","","","","","","","","","","","","","","","","","","","","","","",1024.,9,1015.1,9,"","","","","","","","","","","","","","","","","","","","","","","","","","","","","","","","","","","","","","","","","","","","","","","","","","","","","","","","","","","","","","","","","","","","","","","","","","","","","","","","","","","","","","","","","","","","","","","","","","","","","","","","","","","","","","","",""
"33167001","BORDEAUX_OBSERVATOIRE",44.831667,-0.525,74,1912090112,"","","","","","","","","","","","","","","","","","","","","","","","","","","","","","","","","","","","",18.1,9,"","","","","","","","","","","","","","","","","","","","","","","","","","","","","","","","","","","","","","","","","","","","",1023.3,9,1014.5,1,"","","","","","","","","","","","","","","","","","","","","","","","","","","","","","","","","","","","","","","","","","","","","","","","","","","","","","","","","","","","","","","","","","","","","","","","","","","","","","","","","","","","","","","","","","","","","","","","","","","","","","","","","","","","","","","",""
"33167001","BORDEAUX_OBSERVATOIRE",44.831667,-0.525,74,1912090115,"","","","","","","","","","","","","","","","","","","","","","","","","","","","","","","","","","","","",17.5,9,"","","","","","","","","","","","","","","","","","","","","","","","","","","","","","","","","","","","","","","","","","","","",1022.2,9,1013.4,9,"","","","","","","","","","","","","","","","","","","","","","","","","","","","","","","","","","","","","","","","","","","","","","","","","","","","","","","","","","","","","","","","","","","","","","","","","","","","","","","","","","","","","","","","","","","","","","","","","","","","","","","","","","","","","","","",""
"33167001","BORDEAUX_OBSERVATOIRE",44.831667,-0.525,74,1912090118,"","","","","","","","","","","","","","","","","","","","","","","","","","","","","","","","","","","","",16.,9,"","","","","","","","","","","","","","","","","","","","","","","","","","","","","","","","","","","","","","","","","","","","",1021.3,9,1012.5,9,"","","","","","","","","","","","","","","","","","","","","","","","","","","","","","","","","","","","","","","","","","","","","","","","","","","","","","","","","","","","","","","","","","","","","","","","","","","","","","","","","","","","","","","","","","","","","","","","","","","","","","","","","","","","","","","",""
"33167001","BORDEAUX_OBSERVATOIRE",44.831667,-0.525,74,1912090121,"","","","","","","","","","","","","","","","","","","","","","","","","","","","","","","","","","","","",14.8,9,"","","","","","","","","","","","","","","","","","","","","","","","","","","","","","","","","","","","","","","","","","","","",1020.4,9,1011.5,9,"","","","","","","","","","","","","","","","","","","","","","","","","","","","","","","","","","","","","","","","","","","","","","","","","","","","","","","","","","","","","","","","","","","","","","","","","","","","","","","","","","","","","","","","","","","","","","","","","","","","","","","","","","","","","","","",""
"33167001","BORDEAUX_OBSERVATOIRE",44.831667,-0.525,74,1912090200,"","","","","","","","","","","","","","","","","","","","","","","","","","","","","","","","","","","","",14.5,9,"","","","","","","","","","","","","","","","","","","","","","","","","","","","","","","","","","","","","","","","","","","","",1017.5,9,1008.7,9,"","","","","","","","","","","","","","","","","","","","","","","","","","","","","","","","","","","","","","","","","","","","","","","","","","","","","","","","","","","","","","","","","","","","","","","","","","","","","","","","","","","","","","","","","","","","","","","","","","","","","","","","","","","","","","","",""
"33167001","BORDEAUX_OBSERVATOIRE",44.831667,-0.525,74,1912090203,"","","","","","","","","","","","","","","","","","","","","","","","","","","","","","","","","","","","",13.9,9,"","","","","","","","","","","","","","","","","","","","","","","","","","","","","","","","","","","","","","","","","","","","",1015.,9,1006.2,9,"","","","","","","","","","","","","","","","","","","","","","","","","","","","","","","","","","","","","","","","","","","","","","","","","","","","","","","","","","","","","","","","","","","","","","","","","","","","","","","","","","","","","","","","","","","","","","","","","","","","","","","","","","","","","","","",""
"33167001","BORDEAUX_OBSERVATOIRE",44.831667,-0.525,74,1912090207,"","","","","","","","","","","","","","","","","","","","","","","","","","","","","","","","","","","","",16.3,9,"","","","","","","","","","","","","","","","","","","","","","","","","","","","","","","","","","","","","","","","","","","","",1012.9,9,1004.2,9,"","","","","","","","","","","","","","","","","","","","","","","","","","","","","","","","","","","","","","","","","","","","","","","","","","","","","","","","","","","","","","","","","","","","","","","","","","","","","","","","","","","","","","","","","","","","","","","","","","","","","","","","","","","","","","","",""
"33167001","BORDEAUX_OBSERVATOIRE",44.831667,-0.525,74,1912090209,"","","","","","","","","","","","","","","","","","","","","","","","","","","","","","","","","","","","",17.4,9,"","","","","","","","","","","","","","","","","","","","","","","","","","","","","","","","","","","","","","","","","","","","",1014.1,9,1005.4,9,"","","","","","","","","","","","","","","","","","","","","","","","","","","","","","","","","","","","","","","","","","","","","","","","","","","","","","","","","","","","","","","","","","","","","","","","","","","","","","","","","","","","","","","","","","","","","","","","","","","","","","","","","","","","","","","",""
"33167001","BORDEAUX_OBSERVATOIRE",44.831667,-0.525,74,1912090212,"","","","","","","","","","","","","","","","","","","","","","","","","","","","","","","","","","","","",18.5,9,"","","","","","","","","","","","","","","","","","","","","","","","","","","","","","","","","","","","","","","","","","","","",1015.7,9,1007.,1,"","","","","","","","","","","","","","","","","","","","","","","","","","","","","","","","","","","","","","","","","","","","","","","","","","","","","","","","","","","","","","","","","","","","","","","","","","","","","","","","","","","","","","","","","","","","","","","","","","","","","","","","","","","","","","","",""
"33167001","BORDEAUX_OBSERVATOIRE",44.831667,-0.525,74,1912090215,"","","","","","","","","","","","","","","","","","","","","","","","","","","","","","","","","","","","",17.1,9,"","","","","","","","","","","","","","","","","","","","","","","","","","","","","","","","","","","","","","","","","","","","",1016.7,9,1007.9,9,"","","","","","","","","","","","","","","","","","","","","","","","","","","","","","","","","","","","","","","","","","","","","","","","","","","","","","","","","","","","","","","","","","","","","","","","","","","","","","","","","","","","","","","","","","","","","","","","","","","","","","","","","","","","","","","",""
"33167001","BORDEAUX_OBSERVATOIRE",44.831667,-0.525,74,1912090218,"","","","","","","","","","","","","","","","","","","","","","","","","","","","","","","","","","","","",15.2,9,"","","","","","","","","","","","","","","","","","","","","","","","","","","","","","","","","","","","","","","","","","","","",1018.1,9,1009.3,9,"","","","","","","","","","","","","","","","","","","","","","","","","","","","","","","","","","","","","","","","","","","","","","","","","","","","","","","","","","","","","","","","","","","","","","","","","","","","","","","","","","","","","","","","","","","","","","","","","","","","","","","","","","","","","","","",""
"33167001","BORDEAUX_OBSERVATOIRE",44.831667,-0.525,74,1912090221,"","","","","","","","","","","","","","","","","","","","","","","","","","","","","","","","","","","","",14.1,9,"","","","","","","","","","","","","","","","","","","","","","","","","","","","","","","","","","","","","","","","","","","","",1019.7,9,1010.8,9,"","","","","","","","","","","","","","","","","","","","","","","","","","","","","","","","","","","","","","","","","","","","","","","","","","","","","","","","","","","","","","","","","","","","","","","","","","","","","","","","","","","","","","","","","","","","","","","","","","","","","","","","","","","","","","","",""
"33167001","BORDEAUX_OBSERVATOIRE",44.831667,-0.525,74,1912090300,"","","","","","","","","","","","","","","","","","","","","","","","","","","","","","","","","","","","",13.8,9,"","","","","","","","","","","","","","","","","","","","","","","","","","","","","","","","","","","","","","","","","","","","",1020.3,9,1011.4,9,"","","","","","","","","","","","","","","","","","","","","","","","","","","","","","","","","","","","","","","","","","","","","","","","","","","","","","","","","","","","","","","","","","","","","","","","","","","","","","","","","","","","","","","","","","","","","","","","","","","","","","","","","","","","","","","",""
"33167001","BORDEAUX_OBSERVATOIRE",44.831667,-0.525,74,1912090303,"","","","","","","","","","","","","","","","","","","","","","","","","","","","","","","","","","","","",13.9,9,"","","","","","","","","","","","","","","","","","","","","","","","","","","","","","","","","","","","","","","","","","","","",1021.1,9,1012.2,9,"","","","","","","","","","","","","","","","","","","","","","","","","","","","","","","","","","","","","","","","","","","","","","","","","","","","","","","","","","","","","","","","","","","","","","","","","","","","","","","","","","","","","","","","","","","","","","","","","","","","","","","","","","","","","","","",""
"33167001","BORDEAUX_OBSERVATOIRE",44.831667,-0.525,74,1912090307,"","","","","","","","","","","","","","","","","","","","","","","","","","","","","","","","","","","","",13.5,9,"","","","","","","","","","","","","","","","","","","","","","","","","","","","","","","","","","","","","","","","","","","","",1023.6,9,1014.7,9,"","","","","","","","","","","","","","","","","","","","","","","","","","","","","","","","","","","","","","","","","","","","","","","","","","","","","","","","","","","","","","","","","","","","","","","","","","","","","","","","","","","","","","","","","","","","","","","","","","","","","","","","","","","","","","","",""
"33167001","BORDEAUX_OBSERVATOIRE",44.831667,-0.525,74,1912090309,"","","","","","","","","","","","","","","","","","","","","","","","","","","","","","","","","","","","",15.5,9,"","","","","","","","","","","","","","","","","","","","","","","","","","","","","","","","","","","","","","","","","","","","",1024.5,9,1015.6,9,"","","","","","","","","","","","","","","","","","","","","","","","","","","","","","","","","","","","","","","","","","","","","","","","","","","","","","","","","","","","","","","","","","","","","","","","","","","","","","","","","","","","","","","","","","","","","","","","","","","","","","","","","","","","","","","",""
"33167001","BORDEAUX_OBSERVATOIRE",44.831667,-0.525,74,1912090312,"","","","","","","","","","","","","","","","","","","","","","","","","","","","","","","","","","","","",17.5,9,"","","","","","","","","","","","","","","","","","","","","","","","","","","","","","","","","","","","","","","","","","","","",1025.4,9,1016.6,1,"","","","","","","","","","","","","","","","","","","","","","","","","","","","","","","","","","","","","","","","","","","","","","","","","","","","","","","","","","","","","","","","","","","","","","","","","","","","","","","","","","","","","","","","","","","","","","","","","","","","","","","","","","","","","","","",""
"33167001","BORDEAUX_OBSERVATOIRE",44.831667,-0.525,74,1912090315,"","","","","","","","","","","","","","","","","","","","","","","","","","","","","","","","","","","","",19.1,9,"","","","","","","","","","","","","","","","","","","","","","","","","","","","","","","","","","","","","","","","","","","","",1025.6,9,1016.8,9,"","","","","","","","","","","","","","","","","","","","","","","","","","","","","","","","","","","","","","","","","","","","","","","","","","","","","","","","","","","","","","","","","","","","","","","","","","","","","","","","","","","","","","","","","","","","","","","","","","","","","","","","","","","","","","","",""
"33167001","BORDEAUX_OBSERVATOIRE",44.831667,-0.525,74,1912090318,"","","","","","","","","","","","","","","","","","","","","","","","","","","","","","","","","","","","",16.9,9,"","","","","","","","","","","","","","","","","","","","","","","","","","","","","","","","","","","","","","","","","","","","",1026.4,9,1017.6,9,"","","","","","","","","","","","","","","","","","","","","","","","","","","","","","","","","","","","","","","","","","","","","","","","","","","","","","","","","","","","","","","","","","","","","","","","","","","","","","","","","","","","","","","","","","","","","","","","","","","","","","","","","","","","","","","",""
"33167001","BORDEAUX_OBSERVATOIRE",44.831667,-0.525,74,1912090321,"","","","","","","","","","","","","","","","","","","","","","","","","","","","","","","","","","","","",13.5,9,"","","","","","","","","","","","","","","","","","","","","","","","","","","","","","","","","","","","","","","","","","","","",1028.,9,1019.,9,"","","","","","","","","","","","","","","","","","","","","","","","","","","","","","","","","","","","","","","","","","","","","","","","","","","","","","","","","","","","","","","","","","","","","","","","","","","","","","","","","","","","","","","","","","","","","","","","","","","","","","","","","","","","","","","",""
"33167001","BORDEAUX_OBSERVATOIRE",44.831667,-0.525,74,1912090400,"","","","","","","","","","","","","","","","","","","","","","","","","","","","","","","","","","","","",11.8,9,"","","","","","","","","","","","","","","","","","","","","","","","","","","","","","","","","","","","","","","","","","","","",1028.1,9,1019.1,9,"","","","","","","","","","","","","","","","","","","","","","","","","","","","","","","","","","","","","","","","","","","","","","","","","","","","","","","","","","","","","","","","","","","","","","","","","","","","","","","","","","","","","","","","","","","","","","","","","","","","","","","","","","","","","","","",""
"33167001","BORDEAUX_OBSERVATOIRE",44.831667,-0.525,74,1912090403,"","","","","","","","","","","","","","","","","","","","","","","","","","","","","","","","","","","","",10.6,9,"","","","","","","","","","","","","","","","","","","","","","","","","","","","","","","","","","","","","","","","","","","","",1028.2,9,1019.1,9,"","","","","","","","","","","","","","","","","","","","","","","","","","","","","","","","","","","","","","","","","","","","","","","","","","","","","","","","","","","","","","","","","","","","","","","","","","","","","","","","","","","","","","","","","","","","","","","","","","","","","","","","","","","","","","","",""
"33167001","BORDEAUX_OBSERVATOIRE",44.831667,-0.525,74,1912090407,"","","","","","","","","","","","","","","","","","","","","","","","","","","","","","","","","","","","",11.1,9,"","","","","","","","","","","","","","","","","","","","","","","","","","","","","","","","","","","","","","","","","","","","",1028.5,9,1019.4,9,"","","","","","","","","","","","","","","","","","","","","","","","","","","","","","","","","","","","","","","","","","","","","","","","","","","","","","","","","","","","","","","","","","","","","","","","","","","","","","","","","","","","","","","","","","","","","","","","","","","","","","","","","","","","","","","",""
"33167001","BORDEAUX_OBSERVATOIRE",44.831667,-0.525,74,1912090409,"","","","","","","","","","","","","","","","","","","","","","","","","","","","","","","","","","","","",14.8,9,"","","","","","","","","","","","","","","","","","","","","","","","","","","","","","","","","","","","","","","","","","","","",1028.7,9,1019.8,9,"","","","","","","","","","","","","","","","","","","","","","","","","","","","","","","","","","","","","","","","","","","","","","","","","","","","","","","","","","","","","","","","","","","","","","","","","","","","","","","","","","","","","","","","","","","","","","","","","","","","","","","","","","","","","","","",""
"33167001","BORDEAUX_OBSERVATOIRE",44.831667,-0.525,74,1912090412,"","","","","","","","","","","","","","","","","","","","","","","","","","","","","","","","","","","","",17.8,9,"","","","","","","","","","","","","","","","","","","","","","","","","","","","","","","","","","","","","","","","","","","","",1028.2,9,1019.4,1,"","","","","","","","","","","","","","","","","","","","","","","","","","","","","","","","","","","","","","","","","","","","","","","","","","","","","","","","","","","","","","","","","","","","","","","","","","","","","","","","","","","","","","","","","","","","","","","","","","","","","","","","","","","","","","","",""
"33167001","BORDEAUX_OBSERVATOIRE",44.831667,-0.525,74,1912090415,"","","","","","","","","","","","","","","","","","","","","","","","","","","","","","","","","","","","",20.1,9,"","","","","","","","","","","","","","","","","","","","","","","","","","","","","","","","","","","","","","","","","","","","",1026.9,9,1018.2,9,"","","","","","","","","","","","","","","","","","","","","","","","","","","","","","","","","","","","","","","","","","","","","","","","","","","","","","","","","","","","","","","","","","","","","","","","","","","","","","","","","","","","","","","","","","","","","","","","","","","","","","","","","","","","","","","",""
"33167001","BORDEAUX_OBSERVATOIRE",44.831667,-0.525,74,1912090418,"","","","","","","","","","","","","","","","","","","","","","","","","","","","","","","","","","","","",17.8,9,"","","","","","","","","","","","","","","","","","","","","","","","","","","","","","","","","","","","","","","","","","","","",1026.6,9,1017.8,9,"","","","","","","","","","","","","","","","","","","","","","","","","","","","","","","","","","","","","","","","","","","","","","","","","","","","","","","","","","","","","","","","","","","","","","","","","","","","","","","","","","","","","","","","","","","","","","","","","","","","","","","","","","","","","","","",""
"33167001","BORDEAUX_OBSERVATOIRE",44.831667,-0.525,74,1912090421,"","","","","","","","","","","","","","","","","","","","","","","","","","","","","","","","","","","","",16.,9,"","","","","","","","","","","","","","","","","","","","","","","","","","","","","","","","","","","","","","","","","","","","",1027.2,9,1018.3,9,"","","","","","","","","","","","","","","","","","","","","","","","","","","","","","","","","","","","","","","","","","","","","","","","","","","","","","","","","","","","","","","","","","","","","","","","","","","","","","","","","","","","","","","","","","","","","","","","","","","","","","","","","","","","","","","",""
"33167001","BORDEAUX_OBSERVATOIRE",44.831667,-0.525,74,1912090500,"","","","","","","","","","","","","","","","","","","","","","","","","","","","","","","","","","","","",15.1,9,"","","","","","","","","","","","","","","","","","","","","","","","","","","","","","","","","","","","","","","","","","","","",1026.7,9,1017.8,9,"","","","","","","","","","","","","","","","","","","","","","","","","","","","","","","","","","","","","","","","","","","","","","","","","","","","","","","","","","","","","","","","","","","","","","","","","","","","","","","","","","","","","","","","","","","","","","","","","","","","","","","","","","","","","","","",""
"33167001","BORDEAUX_OBSERVATOIRE",44.831667,-0.525,74,1912090503,"","","","","","","","","","","","","","","","","","","","","","","","","","","","","","","","","","","","",14.7,9,"","","","","","","","","","","","","","","","","","","","","","","","","","","","","","","","","","","","","","","","","","","","",1025.7,9,1016.8,9,"","","","","","","","","","","","","","","","","","","","","","","","","","","","","","","","","","","","","","","","","","","","","","","","","","","","","","","","","","","","","","","","","","","","","","","","","","","","","","","","","","","","","","","","","","","","","","","","","","","","","","","","","","","","","","","",""
"33167001","BORDEAUX_OBSERVATOIRE",44.831667,-0.525,74,1912090507,"","","","","","","","","","","","","","","","","","","","","","","","","","","","","","","","","","","","",15.5,9,"","","","","","","","","","","","","","","","","","","","","","","","","","","","","","","","","","","","","","","","","","","","",1024.9,9,1016.,9,"","","","","","","","","","","","","","","","","","","","","","","","","","","","","","","","","","","","","","","","","","","","","","","","","","","","","","","","","","","","","","","","","","","","","","","","","","","","","","","","","","","","","","","","","","","","","","","","","","","","","","","","","","","","","","","",""
"33167001","BORDEAUX_OBSERVATOIRE",44.831667,-0.525,74,1912090509,"","","","","","","","","","","","","","","","","","","","","","","","","","","","","","","","","","","","",17.1,9,"","","","","","","","","","","","","","","","","","","","","","","","","","","","","","","","","","","","","","","","","","","","",1024.8,9,1016.,9,"","","","","","","","","","","","","","","","","","","","","","","","","","","","","","","","","","","","","","","","","","","","","","","","","","","","","","","","","","","","","","","","","","","","","","","","","","","","","","","","","","","","","","","","","","","","","","","","","","","","","","","","","","","","","","","",""
"33167001","BORDEAUX_OBSERVATOIRE",44.831667,-0.525,74,1912090512,"","","","","","","","","","","","","","","","","","","","","","","","","","","","","","","","","","","","",16.5,9,"","","","","","","","","","","","","","","","","","","","","","","","","","","","","","","","","","","","","","","","","","","","",1024.1,9,1015.3,1,"","","","","","","","","","","","","","","","","","","","","","","","","","","","","","","","","","","","","","","","","","","","","","","","","","","","","","","","","","","","","","","","","","","","","","","","","","","","","","","","","","","","","","","","","","","","","","","","","","","","","","","","","","","","","","","",""
"33167001","BORDEAUX_OBSERVATOIRE",44.831667,-0.525,74,1912090515,"","","","","","","","","","","","","","","","","","","","","","","","","","","","","","","","","","","","",19.1,9,"","","","","","","","","","","","","","","","","","","","","","","","","","","","","","","","","","","","","","","","","","","","",1022.9,9,1014.2,9,"","","","","","","","","","","","","","","","","","","","","","","","","","","","","","","","","","","","","","","","","","","","","","","","","","","","","","","","","","","","","","","","","","","","","","","","","","","","","","","","","","","","","","","","","","","","","","","","","","","","","","","","","","","","","","","",""
"33167001","BORDEAUX_OBSERVATOIRE",44.831667,-0.525,74,1912090518,"","","","","","","","","","","","","","","","","","","","","","","","","","","","","","","","","","","","",16.,9,"","","","","","","","","","","","","","","","","","","","","","","","","","","","","","","","","","","","","","","","","","","","",1022.7,9,1013.9,9,"","","","","","","","","","","","","","","","","","","","","","","","","","","","","","","","","","","","","","","","","","","","","","","","","","","","","","","","","","","","","","","","","","","","","","","","","","","","","","","","","","","","","","","","","","","","","","","","","","","","","","","","","","","","","","","",""
"33167001","BORDEAUX_OBSERVATOIRE",44.831667,-0.525,74,1912090521,"","","","","","","","","","","","","","","","","","","","","","","","","","","","","","","","","","","","",13.8,9,"","","","","","","","","","","","","","","","","","","","","","","","","","","","","","","","","","","","","","","","","","","","",1023.3,9,1014.4,9,"","","","","","","","","","","","","","","","","","","","","","","","","","","","","","","","","","","","","","","","","","","","","","","","","","","","","","","","","","","","","","","","","","","","","","","","","","","","","","","","","","","","","","","","","","","","","","","","","","","","","","","","","","","","","","","",""
"33167001","BORDEAUX_OBSERVATOIRE",44.831667,-0.525,74,1912090600,"","","","","","","","","","","","","","","","","","","","","","","","","","","","","","","","","","","","",12.6,9,"","","","","","","","","","","","","","","","","","","","","","","","","","","","","","","","","","","","","","","","","","","","",1022.8,9,1013.8,9,"","","","","","","","","","","","","","","","","","","","","","","","","","","","","","","","","","","","","","","","","","","","","","","","","","","","","","","","","","","","","","","","","","","","","","","","","","","","","","","","","","","","","","","","","","","","","","","","","","","","","","","","","","","","","","","",""
"33167001","BORDEAUX_OBSERVATOIRE",44.831667,-0.525,74,1912090603,"","","","","","","","","","","","","","","","","","","","","","","","","","","","","","","","","","","","",12.3,9,"","","","","","","","","","","","","","","","","","","","","","","","","","","","","","","","","","","","","","","","","","","","",1022.,9,1013.,9,"","","","","","","","","","","","","","","","","","","","","","","","","","","","","","","","","","","","","","","","","","","","","","","","","","","","","","","","","","","","","","","","","","","","","","","","","","","","","","","","","","","","","","","","","","","","","","","","","","","","","","","","","","","","","","","",""
"33167001","BORDEAUX_OBSERVATOIRE",44.831667,-0.525,74,1912090607,"","","","","","","","","","","","","","","","","","","","","","","","","","","","","","","","","","","","",13.2,9,"","","","","","","","","","","","","","","","","","","","","","","","","","","","","","","","","","","","","","","","","","","","",1022.4,9,1013.5,9,"","","","","","","","","","","","","","","","","","","","","","","","","","","","","","","","","","","","","","","","","","","","","","","","","","","","","","","","","","","","","","","","","","","","","","","","","","","","","","","","","","","","","","","","","","","","","","","","","","","","","","","","","","","","","","","",""
"33167001","BORDEAUX_OBSERVATOIRE",44.831667,-0.525,74,1912090609,"","","","","","","","","","","","","","","","","","","","","","","","","","","","","","","","","","","","",14.,9,"","","","","","","","","","","","","","","","","","","","","","","","","","","","","","","","","","","","","","","","","","","","",1023.1,9,1014.2,9,"","","","","","","","","","","","","","","","","","","","","","","","","","","","","","","","","","","","","","","","","","","","","","","","","","","","","","","","","","","","","","","","","","","","","","","","","","","","","","","","","","","","","","","","","","","","","","","","","","","","","","","","","","","","","","","",""
"33167001","BORDEAUX_OBSERVATOIRE",44.831667,-0.525,74,1912090612,"","","","","","","","","","","","","","","","","","","","","","","","","","","","","","","","","","","","",16.1,9,"","","","","","","","","","","","","","","","","","","","","","","","","","","","","","","","","","","","","","","","","","","","",1022.9,9,1014.1,1,"","","","","","","","","","","","","","","","","","","","","","","","","","","","","","","","","","","","","","","","","","","","","","","","","","","","","","","","","","","","","","","","","","","","","","","","","","","","","","","","","","","","","","","","","","","","","","","","","","","","","","","","","","","","","","","",""
"33167001","BORDEAUX_OBSERVATOIRE",44.831667,-0.525,74,1912090615,"","","","","","","","","","","","","","","","","","","","","","","","","","","","","","","","","","","","",15.8,9,"","","","","","","","","","","","","","","","","","","","","","","","","","","","","","","","","","","","","","","","","","","","",1022.4,9,1013.6,9,"","","","","","","","","","","","","","","","","","","","","","","","","","","","","","","","","","","","","","","","","","","","","","","","","","","","","","","","","","","","","","","","","","","","","","","","","","","","","","","","","","","","","","","","","","","","","","","","","","","","","","","","","","","","","","","",""
"33167001","BORDEAUX_OBSERVATOIRE",44.831667,-0.525,74,1912090618,"","","","","","","","","","","","","","","","","","","","","","","","","","","","","","","","","","","","",14.8,9,"","","","","","","","","","","","","","","","","","","","","","","","","","","","","","","","","","","","","","","","","","","","",1022.4,9,1013.5,9,"","","","","","","","","","","","","","","","","","","","","","","","","","","","","","","","","","","","","","","","","","","","","","","","","","","","","","","","","","","","","","","","","","","","","","","","","","","","","","","","","","","","","","","","","","","","","","","","","","","","","","","","","","","","","","","",""
"33167001","BORDEAUX_OBSERVATOIRE",44.831667,-0.525,74,1912090621,"","","","","","","","","","","","","","","","","","","","","","","","","","","","","","","","","","","","",13.6,9,"","","","","","","","","","","","","","","","","","","","","","","","","","","","","","","","","","","","","","","","","","","","",1023.5,9,1014.6,9,"","","","","","","","","","","","","","","","","","","","","","","","","","","","","","","","","","","","","","","","","","","","","","","","","","","","","","","","","","","","","","","","","","","","","","","","","","","","","","","","","","","","","","","","","","","","","","","","","","","","","","","","","","","","","","","",""
"33167001","BORDEAUX_OBSERVATOIRE",44.831667,-0.525,74,1912090700,"","","","","","","","","","","","","","","","","","","","","","","","","","","","","","","","","","","","",12.7,9,"","","","","","","","","","","","","","","","","","","","","","","","","","","","","","","","","","","","","","","","","","","","",1024.,9,1015.,9,"","","","","","","","","","","","","","","","","","","","","","","","","","","","","","","","","","","","","","","","","","","","","","","","","","","","","","","","","","","","","","","","","","","","","","","","","","","","","","","","","","","","","","","","","","","","","","","","","","","","","","","","","","","","","","","",""
"33167001","BORDEAUX_OBSERVATOIRE",44.831667,-0.525,74,1912090703,"","","","","","","","","","","","","","","","","","","","","","","","","","","","","","","","","","","","",11.6,9,"","","","","","","","","","","","","","","","","","","","","","","","","","","","","","","","","","","","","","","","","","","","",1024.,9,1015.,9,"","","","","","","","","","","","","","","","","","","","","","","","","","","","","","","","","","","","","","","","","","","","","","","","","","","","","","","","","","","","","","","","","","","","","","","","","","","","","","","","","","","","","","","","","","","","","","","","","","","","","","","","","","","","","","","",""
"33167001","BORDEAUX_OBSERVATOIRE",44.831667,-0.525,74,1912090707,"","","","","","","","","","","","","","","","","","","","","","","","","","","","","","","","","","","","",11.,9,"","","","","","","","","","","","","","","","","","","","","","","","","","","","","","","","","","","","","","","","","","","","",1025.8,9,1016.8,9,"","","","","","","","","","","","","","","","","","","","","","","","","","","","","","","","","","","","","","","","","","","","","","","","","","","","","","","","","","","","","","","","","","","","","","","","","","","","","","","","","","","","","","","","","","","","","","","","","","","","","","","","","","","","","","","",""
"33167001","BORDEAUX_OBSERVATOIRE",44.831667,-0.525,74,1912090709,"","","","","","","","","","","","","","","","","","","","","","","","","","","","","","","","","","","","",15.1,9,"","","","","","","","","","","","","","","","","","","","","","","","","","","","","","","","","","","","","","","","","","","","",1026.8,9,1017.9,9,"","","","","","","","","","","","","","","","","","","","","","","","","","","","","","","","","","","","","","","","","","","","","","","","","","","","","","","","","","","","","","","","","","","","","","","","","","","","","","","","","","","","","","","","","","","","","","","","","","","","","","","","","","","","","","","",""
"33167001","BORDEAUX_OBSERVATOIRE",44.831667,-0.525,74,1912090712,"","","","","","","","","","","","","","","","","","","","","","","","","","","","","","","","","","","","",16.4,9,"","","","","","","","","","","","","","","","","","","","","","","","","","","","","","","","","","","","","","","","","","","","",1026.8,9,1017.9,1,"","","","","","","","","","","","","","","","","","","","","","","","","","","","","","","","","","","","","","","","","","","","","","","","","","","","","","","","","","","","","","","","","","","","","","","","","","","","","","","","","","","","","","","","","","","","","","","","","","","","","","","","","","","","","","","",""
"33167001","BORDEAUX_OBSERVATOIRE",44.831667,-0.525,74,1912090715,"","","","","","","","","","","","","","","","","","","","","","","","","","","","","","","","","","","","",18.1,9,"","","","","","","","","","","","","","","","","","","","","","","","","","","","","","","","","","","","","","","","","","","","",1026.7,9,1017.9,9,"","","","","","","","","","","","","","","","","","","","","","","","","","","","","","","","","","","","","","","","","","","","","","","","","","","","","","","","","","","","","","","","","","","","","","","","","","","","","","","","","","","","","","","","","","","","","","","","","","","","","","","","","","","","","","","",""
"33167001","BORDEAUX_OBSERVATOIRE",44.831667,-0.525,74,1912090718,"","","","","","","","","","","","","","","","","","","","","","","","","","","","","","","","","","","","",15.8,9,"","","","","","","","","","","","","","","","","","","","","","","","","","","","","","","","","","","","","","","","","","","","",1027.3,9,1018.4,9,"","","","","","","","","","","","","","","","","","","","","","","","","","","","","","","","","","","","","","","","","","","","","","","","","","","","","","","","","","","","","","","","","","","","","","","","","","","","","","","","","","","","","","","","","","","","","","","","","","","","","","","","","","","","","","","",""
"33167001","BORDEAUX_OBSERVATOIRE",44.831667,-0.525,74,1912090721,"","","","","","","","","","","","","","","","","","","","","","","","","","","","","","","","","","","","",12.5,9,"","","","","","","","","","","","","","","","","","","","","","","","","","","","","","","","","","","","","","","","","","","","",1028.5,9,1019.5,9,"","","","","","","","","","","","","","","","","","","","","","","","","","","","","","","","","","","","","","","","","","","","","","","","","","","","","","","","","","","","","","","","","","","","","","","","","","","","","","","","","","","","","","","","","","","","","","","","","","","","","","","","","","","","","","","",""
"33167001","BORDEAUX_OBSERVATOIRE",44.831667,-0.525,74,1912090800,"","","","","","","","","","","","","","","","","","","","","","","","","","","","","","","","","","","","",11.2,9,"","","","","","","","","","","","","","","","","","","","","","","","","","","","","","","","","","","","","","","","","","","","",1028.5,9,1019.4,9,"","","","","","","","","","","","","","","","","","","","","","","","","","","","","","","","","","","","","","","","","","","","","","","","","","","","","","","","","","","","","","","","","","","","","","","","","","","","","","","","","","","","","","","","","","","","","","","","","","","","","","","","","","","","","","","",""
"33167001","BORDEAUX_OBSERVATOIRE",44.831667,-0.525,74,1912090803,"","","","","","","","","","","","","","","","","","","","","","","","","","","","","","","","","","","","",10.1,9,"","","","","","","","","","","","","","","","","","","","","","","","","","","","","","","","","","","","","","","","","","","","",1028.3,9,1019.2,9,"","","","","","","","","","","","","","","","","","","","","","","","","","","","","","","","","","","","","","","","","","","","","","","","","","","","","","","","","","","","","","","","","","","","","","","","","","","","","","","","","","","","","","","","","","","","","","","","","","","","","","","","","","","","","","","",""
"33167001","BORDEAUX_OBSERVATOIRE",44.831667,-0.525,74,1912090807,"","","","","","","","","","","","","","","","","","","","","","","","","","","","","","","","","","","","",12.,9,"","","","","","","","","","","","","","","","","","","","","","","","","","","","","","","","","","","","","","","","","","","","",1028.6,9,1019.6,9,"","","","","","","","","","","","","","","","","","","","","","","","","","","","","","","","","","","","","","","","","","","","","","","","","","","","","","","","","","","","","","","","","","","","","","","","","","","","","","","","","","","","","","","","","","","","","","","","","","","","","","","","","","","","","","","",""
"33167001","BORDEAUX_OBSERVATOIRE",44.831667,-0.525,74,1912090809,"","","","","","","","","","","","","","","","","","","","","","","","","","","","","","","","","","","","",15.8,9,"","","","","","","","","","","","","","","","","","","","","","","","","","","","","","","","","","","","","","","","","","","","",1028.7,9,1019.8,9,"","","","","","","","","","","","","","","","","","","","","","","","","","","","","","","","","","","","","","","","","","","","","","","","","","","","","","","","","","","","","","","","","","","","","","","","","","","","","","","","","","","","","","","","","","","","","","","","","","","","","","","","","","","","","","","",""
"33167001","BORDEAUX_OBSERVATOIRE",44.831667,-0.525,74,1912090812,"","","","","","","","","","","","","","","","","","","","","","","","","","","","","","","","","","","","",19.6,9,"","","","","","","","","","","","","","","","","","","","","","","","","","","","","","","","","","","","","","","","","","","","",1027.4,9,1018.6,1,"","","","","","","","","","","","","","","","","","","","","","","","","","","","","","","","","","","","","","","","","","","","","","","","","","","","","","","","","","","","","","","","","","","","","","","","","","","","","","","","","","","","","","","","","","","","","","","","","","","","","","","","","","","","","","","",""
"33167001","BORDEAUX_OBSERVATOIRE",44.831667,-0.525,74,1912090815,"","","","","","","","","","","","","","","","","","","","","","","","","","","","","","","","","","","","",20.5,9,"","","","","","","","","","","","","","","","","","","","","","","","","","","","","","","","","","","","","","","","","","","","",1026.1,9,1017.4,9,"","","","","","","","","","","","","","","","","","","","","","","","","","","","","","","","","","","","","","","","","","","","","","","","","","","","","","","","","","","","","","","","","","","","","","","","","","","","","","","","","","","","","","","","","","","","","","","","","","","","","","","","","","","","","","","",""
"33167001","BORDEAUX_OBSERVATOIRE",44.831667,-0.525,74,1912090818,"","","","","","","","","","","","","","","","","","","","","","","","","","","","","","","","","","","","",17.7,9,"","","","","","","","","","","","","","","","","","","","","","","","","","","","","","","","","","","","","","","","","","","","",1025.2,9,1016.4,9,"","","","","","","","","","","","","","","","","","","","","","","","","","","","","","","","","","","","","","","","","","","","","","","","","","","","","","","","","","","","","","","","","","","","","","","","","","","","","","","","","","","","","","","","","","","","","","","","","","","","","","","","","","","","","","","",""
"33167001","BORDEAUX_OBSERVATOIRE",44.831667,-0.525,74,1912090821,"","","","","","","","","","","","","","","","","","","","","","","","","","","","","","","","","","","","",14.7,9,"","","","","","","","","","","","","","","","","","","","","","","","","","","","","","","","","","","","","","","","","","","","",1025.5,9,1016.6,9,"","","","","","","","","","","","","","","","","","","","","","","","","","","","","","","","","","","","","","","","","","","","","","","","","","","","","","","","","","","","","","","","","","","","","","","","","","","","","","","","","","","","","","","","","","","","","","","","","","","","","","","","","","","","","","","",""
"33167001","BORDEAUX_OBSERVATOIRE",44.831667,-0.525,74,1912090900,"","","","","","","","","","","","","","","","","","","","","","","","","","","","","","","","","","","","",12.9,9,"","","","","","","","","","","","","","","","","","","","","","","","","","","","","","","","","","","","","","","","","","","","",1025.4,9,1016.4,9,"","","","","","","","","","","","","","","","","","","","","","","","","","","","","","","","","","","","","","","","","","","","","","","","","","","","","","","","","","","","","","","","","","","","","","","","","","","","","","","","","","","","","","","","","","","","","","","","","","","","","","","","","","","","","","","",""
"33167001","BORDEAUX_OBSERVATOIRE",44.831667,-0.525,74,1912090903,"","","","","","","","","","","","","","","","","","","","","","","","","","","","","","","","","","","","",11.8,9,"","","","","","","","","","","","","","","","","","","","","","","","","","","","","","","","","","","","","","","","","","","","",1024.,9,1015.,9,"","","","","","","","","","","","","","","","","","","","","","","","","","","","","","","","","","","","","","","","","","","","","","","","","","","","","","","","","","","","","","","","","","","","","","","","","","","","","","","","","","","","","","","","","","","","","","","","","","","","","","","","","","","","","","","",""
"33167001","BORDEAUX_OBSERVATOIRE",44.831667,-0.525,74,1912090907,"","","","","","","","","","","","","","","","","","","","","","","","","","","","","","","","","","","","",13.4,9,"","","","","","","","","","","","","","","","","","","","","","","","","","","","","","","","","","","","","","","","","","","","",1024.,9,1015.1,9,"","","","","","","","","","","","","","","","","","","","","","","","","","","","","","","","","","","","","","","","","","","","","","","","","","","","","","","","","","","","","","","","","","","","","","","","","","","","","","","","","","","","","","","","","","","","","","","","","","","","","","","","","","","","","","","",""
"33167001","BORDEAUX_OBSERVATOIRE",44.831667,-0.525,74,1912090909,"","","","","","","","","","","","","","","","","","","","","","","","","","","","","","","","","","","","",17.2,9,"","","","","","","","","","","","","","","","","","","","","","","","","","","","","","","","","","","","","","","","","","","","",1023.8,9,1015.,9,"","","","","","","","","","","","","","","","","","","","","","","","","","","","","","","","","","","","","","","","","","","","","","","","","","","","","","","","","","","","","","","","","","","","","","","","","","","","","","","","","","","","","","","","","","","","","","","","","","","","","","","","","","","","","","","",""
"33167001","BORDEAUX_OBSERVATOIRE",44.831667,-0.525,74,1912090912,"","","","","","","","","","","","","","","","","","","","","","","","","","","","","","","","","","","","",21.5,9,"","","","","","","","","","","","","","","","","","","","","","","","","","","","","","","","","","","","","","","","","","","","",1022.8,9,1014.1,1,"","","","","","","","","","","","","","","","","","","","","","","","","","","","","","","","","","","","","","","","","","","","","","","","","","","","","","","","","","","","","","","","","","","","","","","","","","","","","","","","","","","","","","","","","","","","","","","","","","","","","","","","","","","","","","","",""
"33167001","BORDEAUX_OBSERVATOIRE",44.831667,-0.525,74,1912090915,"","","","","","","","","","","","","","","","","","","","","","","","","","","","","","","","","","","","",21.1,9,"","","","","","","","","","","","","","","","","","","","","","","","","","","","","","","","","","","","","","","","","","","","",1021.3,9,1012.6,9,"","","","","","","","","","","","","","","","","","","","","","","","","","","","","","","","","","","","","","","","","","","","","","","","","","","","","","","","","","","","","","","","","","","","","","","","","","","","","","","","","","","","","","","","","","","","","","","","","","","","","","","","","","","","","","","",""
"33167001","BORDEAUX_OBSERVATOIRE",44.831667,-0.525,74,1912090918,"","","","","","","","","","","","","","","","","","","","","","","","","","","","","","","","","","","","",17.1,9,"","","","","","","","","","","","","","","","","","","","","","","","","","","","","","","","","","","","","","","","","","","","",1021.3,9,1012.5,9,"","","","","","","","","","","","","","","","","","","","","","","","","","","","","","","","","","","","","","","","","","","","","","","","","","","","","","","","","","","","","","","","","","","","","","","","","","","","","","","","","","","","","","","","","","","","","","","","","","","","","","","","","","","","","","","",""
"33167001","BORDEAUX_OBSERVATOIRE",44.831667,-0.525,74,1912090921,"","","","","","","","","","","","","","","","","","","","","","","","","","","","","","","","","","","","",13.2,9,"","","","","","","","","","","","","","","","","","","","","","","","","","","","","","","","","","","","","","","","","","","","",1021.3,9,1012.4,9,"","","","","","","","","","","","","","","","","","","","","","","","","","","","","","","","","","","","","","","","","","","","","","","","","","","","","","","","","","","","","","","","","","","","","","","","","","","","","","","","","","","","","","","","","","","","","","","","","","","","","","","","","","","","","","","",""
"33167001","BORDEAUX_OBSERVATOIRE",44.831667,-0.525,74,1912091000,"","","","","","","","","","","","","","","","","","","","","","","","","","","","","","","","","","","","",12.3,9,"","","","","","","","","","","","","","","","","","","","","","","","","","","","","","","","","","","","","","","","","","","","",1020.7,9,1011.8,9,"","","","","","","","","","","","","","","","","","","","","","","","","","","","","","","","","","","","","","","","","","","","","","","","","","","","","","","","","","","","","","","","","","","","","","","","","","","","","","","","","","","","","","","","","","","","","","","","","","","","","","","","","","","","","","","",""
"33167001","BORDEAUX_OBSERVATOIRE",44.831667,-0.525,74,1912091003,"","","","","","","","","","","","","","","","","","","","","","","","","","","","","","","","","","","","",13.4,9,"","","","","","","","","","","","","","","","","","","","","","","","","","","","","","","","","","","","","","","","","","","","",1019.9,9,1011.,9,"","","","","","","","","","","","","","","","","","","","","","","","","","","","","","","","","","","","","","","","","","","","","","","","","","","","","","","","","","","","","","","","","","","","","","","","","","","","","","","","","","","","","","","","","","","","","","","","","","","","","","","","","","","","","","","",""
"33167001","BORDEAUX_OBSERVATOIRE",44.831667,-0.525,74,1912091007,"","","","","","","","","","","","","","","","","","","","","","","","","","","","","","","","","","","","",13.5,9,"","","","","","","","","","","","","","","","","","","","","","","","","","","","","","","","","","","","","","","","","","","","",1019.5,9,1010.6,9,"","","","","","","","","","","","","","","","","","","","","","","","","","","","","","","","","","","","","","","","","","","","","","","","","","","","","","","","","","","","","","","","","","","","","","","","","","","","","","","","","","","","","","","","","","","","","","","","","","","","","","","","","","","","","","","",""
"33167001","BORDEAUX_OBSERVATOIRE",44.831667,-0.525,74,1912091009,"","","","","","","","","","","","","","","","","","","","","","","","","","","","","","","","","","","","",16.,9,"","","","","","","","","","","","","","","","","","","","","","","","","","","","","","","","","","","","","","","","","","","","",1019.8,9,1011.,9,"","","","","","","","","","","","","","","","","","","","","","","","","","","","","","","","","","","","","","","","","","","","","","","","","","","","","","","","","","","","","","","","","","","","","","","","","","","","","","","","","","","","","","","","","","","","","","","","","","","","","","","","","","","","","","","",""
"33167001","BORDEAUX_OBSERVATOIRE",44.831667,-0.525,74,1912091012,"","","","","","","","","","","","","","","","","","","","","","","","","","","","","","","","","","","","",16.6,9,"","","","","","","","","","","","","","","","","","","","","","","","","","","","","","","","","","","","","","","","","","","","",1018.9,9,1010.1,1,"","","","","","","","","","","","","","","","","","","","","","","","","","","","","","","","","","","","","","","","","","","","","","","","","","","","","","","","","","","","","","","","","","","","","","","","","","","","","","","","","","","","","","","","","","","","","","","","","","","","","","","","","","","","","","","",""
"33167001","BORDEAUX_OBSERVATOIRE",44.831667,-0.525,74,1912091015,"","","","","","","","","","","","","","","","","","","","","","","","","","","","","","","","","","","","",16.4,9,"","","","","","","","","","","","","","","","","","","","","","","","","","","","","","","","","","","","","","","","","","","","",1017.5,9,1008.7,9,"","","","","","","","","","","","","","","","","","","","","","","","","","","","","","","","","","","","","","","","","","","","","","","","","","","","","","","","","","","","","","","","","","","","","","","","","","","","","","","","","","","","","","","","","","","","","","","","","","","","","","","","","","","","","","","",""
"33167001","BORDEAUX_OBSERVATOIRE",44.831667,-0.525,74,1912091018,"","","","","","","","","","","","","","","","","","","","","","","","","","","","","","","","","","","","",13.8,9,"","","","","","","","","","","","","","","","","","","","","","","","","","","","","","","","","","","","","","","","","","","","",1017.8,9,1008.9,9,"","","","","","","","","","","","","","","","","","","","","","","","","","","","","","","","","","","","","","","","","","","","","","","","","","","","","","","","","","","","","","","","","","","","","","","","","","","","","","","","","","","","","","","","","","","","","","","","","","","","","","","","","","","","","","","",""
"33167001","BORDEAUX_OBSERVATOIRE",44.831667,-0.525,74,1912091021,"","","","","","","","","","","","","","","","","","","","","","","","","","","","","","","","","","","","",10.3,9,"","","","","","","","","","","","","","","","","","","","","","","","","","","","","","","","","","","","","","","","","","","","",1019.,9,1010.,9,"","","","","","","","","","","","","","","","","","","","","","","","","","","","","","","","","","","","","","","","","","","","","","","","","","","","","","","","","","","","","","","","","","","","","","","","","","","","","","","","","","","","","","","","","","","","","","","","","","","","","","","","","","","","","","","",""
"33167001","BORDEAUX_OBSERVATOIRE",44.831667,-0.525,74,1912091100,"","","","","","","","","","","","","","","","","","","","","","","","","","","","","","","","","","","","",8.5,9,"","","","","","","","","","","","","","","","","","","","","","","","","","","","","","","","","","","","","","","","","","","","",1019.4,9,1010.3,9,"","","","","","","","","","","","","","","","","","","","","","","","","","","","","","","","","","","","","","","","","","","","","","","","","","","","","","","","","","","","","","","","","","","","","","","","","","","","","","","","","","","","","","","","","","","","","","","","","","","","","","","","","","","","","","","",""
"33167001","BORDEAUX_OBSERVATOIRE",44.831667,-0.525,74,1912091103,"","","","","","","","","","","","","","","","","","","","","","","","","","","","","","","","","","","","",8.3,9,"","","","","","","","","","","","","","","","","","","","","","","","","","","","","","","","","","","","","","","","","","","","",1019.7,9,1010.6,9,"","","","","","","","","","","","","","","","","","","","","","","","","","","","","","","","","","","","","","","","","","","","","","","","","","","","","","","","","","","","","","","","","","","","","","","","","","","","","","","","","","","","","","","","","","","","","","","","","","","","","","","","","","","","","","","",""
"33167001","BORDEAUX_OBSERVATOIRE",44.831667,-0.525,74,1912091107,"","","","","","","","","","","","","","","","","","","","","","","","","","","","","","","","","","","","",8.9,9,"","","","","","","","","","","","","","","","","","","","","","","","","","","","","","","","","","","","","","","","","","","","",1021.2,9,1012.1,9,"","","","","","","","","","","","","","","","","","","","","","","","","","","","","","","","","","","","","","","","","","","","","","","","","","","","","","","","","","","","","","","","","","","","","","","","","","","","","","","","","","","","","","","","","","","","","","","","","","","","","","","","","","","","","","","",""
"33167001","BORDEAUX_OBSERVATOIRE",44.831667,-0.525,74,1912091109,"","","","","","","","","","","","","","","","","","","","","","","","","","","","","","","","","","","","",12.4,9,"","","","","","","","","","","","","","","","","","","","","","","","","","","","","","","","","","","","","","","","","","","","",1022.,9,1013.,9,"","","","","","","","","","","","","","","","","","","","","","","","","","","","","","","","","","","","","","","","","","","","","","","","","","","","","","","","","","","","","","","","","","","","","","","","","","","","","","","","","","","","","","","","","","","","","","","","","","","","","","","","","","","","","","","",""
"33167001","BORDEAUX_OBSERVATOIRE",44.831667,-0.525,74,1912091112,"","","","","","","","","","","","","","","","","","","","","","","","","","","","","","","","","","","","",15.,9,"","","","","","","","","","","","","","","","","","","","","","","","","","","","","","","","","","","","","","","","","","","","",1021.6,9,1012.7,1,"","","","","","","","","","","","","","","","","","","","","","","","","","","","","","","","","","","","","","","","","","","","","","","","","","","","","","","","","","","","","","","","","","","","","","","","","","","","","","","","","","","","","","","","","","","","","","","","","","","","","","","","","","","","","","","",""
"33167001","BORDEAUX_OBSERVATOIRE",44.831667,-0.525,74,1912091115,"","","","","","","","","","","","","","","","","","","","","","","","","","","","","","","","","","","","",17.2,9,"","","","","","","","","","","","","","","","","","","","","","","","","","","","","","","","","","","","","","","","","","","","",1021.,9,1012.2,9,"","","","","","","","","","","","","","","","","","","","","","","","","","","","","","","","","","","","","","","","","","","","","","","","","","","","","","","","","","","","","","","","","","","","","","","","","","","","","","","","","","","","","","","","","","","","","","","","","","","","","","","","","","","","","","","",""
"33167001","BORDEAUX_OBSERVATOIRE",44.831667,-0.525,74,1912091118,"","","","","","","","","","","","","","","","","","","","","","","","","","","","","","","","","","","","",14.1,9,"","","","","","","","","","","","","","","","","","","","","","","","","","","","","","","","","","","","","","","","","","","","",1021.1,9,1012.2,9,"","","","","","","","","","","","","","","","","","","","","","","","","","","","","","","","","","","","","","","","","","","","","","","","","","","","","","","","","","","","","","","","","","","","","","","","","","","","","","","","","","","","","","","","","","","","","","","","","","","","","","","","","","","","","","","",""
"33167001","BORDEAUX_OBSERVATOIRE",44.831667,-0.525,74,1912091121,"","","","","","","","","","","","","","","","","","","","","","","","","","","","","","","","","","","","",11.,9,"","","","","","","","","","","","","","","","","","","","","","","","","","","","","","","","","","","","","","","","","","","","",1022.1,9,1013.1,9,"","","","","","","","","","","","","","","","","","","","","","","","","","","","","","","","","","","","","","","","","","","","","","","","","","","","","","","","","","","","","","","","","","","","","","","","","","","","","","","","","","","","","","","","","","","","","","","","","","","","","","","","","","","","","","","",""
"33167001","BORDEAUX_OBSERVATOIRE",44.831667,-0.525,74,1912091200,"","","","","","","","","","","","","","","","","","","","","","","","","","","","","","","","","","","","",9.7,9,"","","","","","","","","","","","","","","","","","","","","","","","","","","","","","","","","","","","","","","","","","","","",1022.1,9,1013.1,9,"","","","","","","","","","","","","","","","","","","","","","","","","","","","","","","","","","","","","","","","","","","","","","","","","","","","","","","","","","","","","","","","","","","","","","","","","","","","","","","","","","","","","","","","","","","","","","","","","","","","","","","","","","","","","","","",""
"33167001","BORDEAUX_OBSERVATOIRE",44.831667,-0.525,74,1912091203,"","","","","","","","","","","","","","","","","","","","","","","","","","","","","","","","","","","","",9.6,9,"","","","","","","","","","","","","","","","","","","","","","","","","","","","","","","","","","","","","","","","","","","","",1021.7,9,1012.7,9,"","","","","","","","","","","","","","","","","","","","","","","","","","","","","","","","","","","","","","","","","","","","","","","","","","","","","","","","","","","","","","","","","","","","","","","","","","","","","","","","","","","","","","","","","","","","","","","","","","","","","","","","","","","","","","","",""
"33167001","BORDEAUX_OBSERVATOIRE",44.831667,-0.525,74,1912091207,"","","","","","","","","","","","","","","","","","","","","","","","","","","","","","","","","","","","",10.5,9,"","","","","","","","","","","","","","","","","","","","","","","","","","","","","","","","","","","","","","","","","","","","",1022.1,9,1013.1,9,"","","","","","","","","","","","","","","","","","","","","","","","","","","","","","","","","","","","","","","","","","","","","","","","","","","","","","","","","","","","","","","","","","","","","","","","","","","","","","","","","","","","","","","","","","","","","","","","","","","","","","","","","","","","","","","",""
"33167001","BORDEAUX_OBSERVATOIRE",44.831667,-0.525,74,1912091209,"","","","","","","","","","","","","","","","","","","","","","","","","","","","","","","","","","","","",13.6,9,"","","","","","","","","","","","","","","","","","","","","","","","","","","","","","","","","","","","","","","","","","","","",1022.8,9,1013.9,9,"","","","","","","","","","","","","","","","","","","","","","","","","","","","","","","","","","","","","","","","","","","","","","","","","","","","","","","","","","","","","","","","","","","","","","","","","","","","","","","","","","","","","","","","","","","","","","","","","","","","","","","","","","","","","","","",""
"33167001","BORDEAUX_OBSERVATOIRE",44.831667,-0.525,74,1912091212,"","","","","","","","","","","","","","","","","","","","","","","","","","","","","","","","","","","","",15.2,9,"","","","","","","","","","","","","","","","","","","","","","","","","","","","","","","","","","","","","","","","","","","","",1022.8,9,1013.9,1,"","","","","","","","","","","","","","","","","","","","","","","","","","","","","","","","","","","","","","","","","","","","","","","","","","","","","","","","","","","","","","","","","","","","","","","","","","","","","","","","","","","","","","","","","","","","","","","","","","","","","","","","","","","","","","","",""
"33167001","BORDEAUX_OBSERVATOIRE",44.831667,-0.525,74,1912091215,"","","","","","","","","","","","","","","","","","","","","","","","","","","","","","","","","","","","",14.6,9,"","","","","","","","","","","","","","","","","","","","","","","","","","","","","","","","","","","","","","","","","","","","",1022.4,9,1013.5,9,"","","","","","","","","","","","","","","","","","","","","","","","","","","","","","","","","","","","","","","","","","","","","","","","","","","","","","","","","","","","","","","","","","","","","","","","","","","","","","","","","","","","","","","","","","","","","","","","","","","","","","","","","","","","","","","",""
"33167001","BORDEAUX_OBSERVATOIRE",44.831667,-0.525,74,1912091218,"","","","","","","","","","","","","","","","","","","","","","","","","","","","","","","","","","","","",14.1,9,"","","","","","","","","","","","","","","","","","","","","","","","","","","","","","","","","","","","","","","","","","","","",1022.7,9,1013.8,9,"","","","","","","","","","","","","","","","","","","","","","","","","","","","","","","","","","","","","","","","","","","","","","","","","","","","","","","","","","","","","","","","","","","","","","","","","","","","","","","","","","","","","","","","","","","","","","","","","","","","","","","","","","","","","","","",""
"33167001","BORDEAUX_OBSERVATOIRE",44.831667,-0.525,74,1912091221,"","","","","","","","","","","","","","","","","","","","","","","","","","","","","","","","","","","","",11.6,9,"","","","","","","","","","","","","","","","","","","","","","","","","","","","","","","","","","","","","","","","","","","","",1023.7,9,1014.7,9,"","","","","","","","","","","","","","","","","","","","","","","","","","","","","","","","","","","","","","","","","","","","","","","","","","","","","","","","","","","","","","","","","","","","","","","","","","","","","","","","","","","","","","","","","","","","","","","","","","","","","","","","","","","","","","","",""
"33167001","BORDEAUX_OBSERVATOIRE",44.831667,-0.525,74,1912091300,"","","","","","","","","","","","","","","","","","","","","","","","","","","","","","","","","","","","",10.1,9,"","","","","","","","","","","","","","","","","","","","","","","","","","","","","","","","","","","","","","","","","","","","",1024.1,9,1015.,9,"","","","","","","","","","","","","","","","","","","","","","","","","","","","","","","","","","","","","","","","","","","","","","","","","","","","","","","","","","","","","","","","","","","","","","","","","","","","","","","","","","","","","","","","","","","","","","","","","","","","","","","","","","","","","","","",""
"33167001","BORDEAUX_OBSERVATOIRE",44.831667,-0.525,74,1912091303,"","","","","","","","","","","","","","","","","","","","","","","","","","","","","","","","","","","","",8.5,9,"","","","","","","","","","","","","","","","","","","","","","","","","","","","","","","","","","","","","","","","","","","","",1023.9,9,1014.8,9,"","","","","","","","","","","","","","","","","","","","","","","","","","","","","","","","","","","","","","","","","","","","","","","","","","","","","","","","","","","","","","","","","","","","","","","","","","","","","","","","","","","","","","","","","","","","","","","","","","","","","","","","","","","","","","","",""
"33167001","BORDEAUX_OBSERVATOIRE",44.831667,-0.525,74,1912091307,"","","","","","","","","","","","","","","","","","","","","","","","","","","","","","","","","","","","",9.,9,"","","","","","","","","","","","","","","","","","","","","","","","","","","","","","","","","","","","","","","","","","","","",1024.7,9,1015.6,9,"","","","","","","","","","","","","","","","","","","","","","","","","","","","","","","","","","","","","","","","","","","","","","","","","","","","","","","","","","","","","","","","","","","","","","","","","","","","","","","","","","","","","","","","","","","","","","","","","","","","","","","","","","","","","","","",""
"33167001","BORDEAUX_OBSERVATOIRE",44.831667,-0.525,74,1912091309,"","","","","","","","","","","","","","","","","","","","","","","","","","","","","","","","","","","","",13.,9,"","","","","","","","","","","","","","","","","","","","","","","","","","","","","","","","","","","","","","","","","","","","",1025.3,9,1016.3,9,"","","","","","","","","","","","","","","","","","","","","","","","","","","","","","","","","","","","","","","","","","","","","","","","","","","","","","","","","","","","","","","","","","","","","","","","","","","","","","","","","","","","","","","","","","","","","","","","","","","","","","","","","","","","","","","",""
"33167001","BORDEAUX_OBSERVATOIRE",44.831667,-0.525,74,1912091312,"","","","","","","","","","","","","","","","","","","","","","","","","","","","","","","","","","","","",17.4,9,"","","","","","","","","","","","","","","","","","","","","","","","","","","","","","","","","","","","","","","","","","","","",1024.7,9,1015.9,1,"","","","","","","","","","","","","","","","","","","","","","","","","","","","","","","","","","","","","","","","","","","","","","","","","","","","","","","","","","","","","","","","","","","","","","","","","","","","","","","","","","","","","","","","","","","","","","","","","","","","","","","","","","","","","","","",""
"33167001","BORDEAUX_OBSERVATOIRE",44.831667,-0.525,74,1912091315,"","","","","","","","","","","","","","","","","","","","","","","","","","","","","","","","","","","","",18.8,9,"","","","","","","","","","","","","","","","","","","","","","","","","","","","","","","","","","","","","","","","","","","","",1023.8,9,1015.,9,"","","","","","","","","","","","","","","","","","","","","","","","","","","","","","","","","","","","","","","","","","","","","","","","","","","","","","","","","","","","","","","","","","","","","","","","","","","","","","","","","","","","","","","","","","","","","","","","","","","","","","","","","","","","","","","",""
"33167001","BORDEAUX_OBSERVATOIRE",44.831667,-0.525,74,1912091318,"","","","","","","","","","","","","","","","","","","","","","","","","","","","","","","","","","","","",15.9,9,"","","","","","","","","","","","","","","","","","","","","","","","","","","","","","","","","","","","","","","","","","","","",1024.,9,1015.1,9,"","","","","","","","","","","","","","","","","","","","","","","","","","","","","","","","","","","","","","","","","","","","","","","","","","","","","","","","","","","","","","","","","","","","","","","","","","","","","","","","","","","","","","","","","","","","","","","","","","","","","","","","","","","","","","","",""
"33167001","BORDEAUX_OBSERVATOIRE",44.831667,-0.525,74,1912091321,"","","","","","","","","","","","","","","","","","","","","","","","","","","","","","","","","","","","",12.6,9,"","","","","","","","","","","","","","","","","","","","","","","","","","","","","","","","","","","","","","","","","","","","",1025.2,9,1016.2,9,"","","","","","","","","","","","","","","","","","","","","","","","","","","","","","","","","","","","","","","","","","","","","","","","","","","","","","","","","","","","","","","","","","","","","","","","","","","","","","","","","","","","","","","","","","","","","","","","","","","","","","","","","","","","","","","",""
"33167001","BORDEAUX_OBSERVATOIRE",44.831667,-0.525,74,1912091400,"","","","","","","","","","","","","","","","","","","","","","","","","","","","","","","","","","","","",10.6,9,"","","","","","","","","","","","","","","","","","","","","","","","","","","","","","","","","","","","","","","","","","","","",1025.6,9,1016.6,9,"","","","","","","","","","","","","","","","","","","","","","","","","","","","","","","","","","","","","","","","","","","","","","","","","","","","","","","","","","","","","","","","","","","","","","","","","","","","","","","","","","","","","","","","","","","","","","","","","","","","","","","","","","","","","","","",""
"33167001","BORDEAUX_OBSERVATOIRE",44.831667,-0.525,74,1912091403,"","","","","","","","","","","","","","","","","","","","","","","","","","","","","","","","","","","","",9.5,9,"","","","","","","","","","","","","","","","","","","","","","","","","","","","","","","","","","","","","","","","","","","","",1025.1,9,1016.,9,"","","","","","","","","","","","","","","","","","","","","","","","","","","","","","","","","","","","","","","","","","","","","","","","","","","","","","","","","","","","","","","","","","","","","","","","","","","","","","","","","","","","","","","","","","","","","","","","","","","","","","","","","","","","","","","",""
"33167001","BORDEAUX_OBSERVATOIRE",44.831667,-0.525,74,1912091407,"","","","","","","","","","","","","","","","","","","","","","","","","","","","","","","","","","","","",9.3,9,"","","","","","","","","","","","","","","","","","","","","","","","","","","","","","","","","","","","","","","","","","","","",1026.1,9,1017.,9,"","","","","","","","","","","","","","","","","","","","","","","","","","","","","","","","","","","","","","","","","","","","","","","","","","","","","","","","","","","","","","","","","","","","","","","","","","","","","","","","","","","","","","","","","","","","","","","","","","","","","","","","","","","","","","","",""
"33167001","BORDEAUX_OBSERVATOIRE",44.831667,-0.525,74,1912091409,"","","","","","","","","","","","","","","","","","","","","","","","","","","","","","","","","","","","",14.1,9,"","","","","","","","","","","","","","","","","","","","","","","","","","","","","","","","","","","","","","","","","","","","",1026.1,9,1017.2,9,"","","","","","","","","","","","","","","","","","","","","","","","","","","","","","","","","","","","","","","","","","","","","","","","","","","","","","","","","","","","","","","","","","","","","","","","","","","","","","","","","","","","","","","","","","","","","","","","","","","","","","","","","","","","","","","",""
"33167001","BORDEAUX_OBSERVATOIRE",44.831667,-0.525,74,1912091412,"","","","","","","","","","","","","","","","","","","","","","","","","","","","","","","","","","","","",18.5,9,"","","","","","","","","","","","","","","","","","","","","","","","","","","","","","","","","","","","","","","","","","","","",1025.4,9,1016.6,1,"","","","","","","","","","","","","","","","","","","","","","","","","","","","","","","","","","","","","","","","","","","","","","","","","","","","","","","","","","","","","","","","","","","","","","","","","","","","","","","","","","","","","","","","","","","","","","","","","","","","","","","","","","","","","","","",""
"33167001","BORDEAUX_OBSERVATOIRE",44.831667,-0.525,74,1912091415,"","","","","","","","","","","","","","","","","","","","","","","","","","","","","","","","","","","","",19.,9,"","","","","","","","","","","","","","","","","","","","","","","","","","","","","","","","","","","","","","","","","","","","",1024.2,9,1015.4,9,"","","","","","","","","","","","","","","","","","","","","","","","","","","","","","","","","","","","","","","","","","","","","","","","","","","","","","","","","","","","","","","","","","","","","","","","","","","","","","","","","","","","","","","","","","","","","","","","","","","","","","","","","","","","","","","",""
"33167001","BORDEAUX_OBSERVATOIRE",44.831667,-0.525,74,1912091418,"","","","","","","","","","","","","","","","","","","","","","","","","","","","","","","","","","","","",16.1,9,"","","","","","","","","","","","","","","","","","","","","","","","","","","","","","","","","","","","","","","","","","","","",1024.3,9,1015.4,9,"","","","","","","","","","","","","","","","","","","","","","","","","","","","","","","","","","","","","","","","","","","","","","","","","","","","","","","","","","","","","","","","","","","","","","","","","","","","","","","","","","","","","","","","","","","","","","","","","","","","","","","","","","","","","","","",""
"33167001","BORDEAUX_OBSERVATOIRE",44.831667,-0.525,74,1912091421,"","","","","","","","","","","","","","","","","","","","","","","","","","","","","","","","","","","","",13.7,9,"","","","","","","","","","","","","","","","","","","","","","","","","","","","","","","","","","","","","","","","","","","","",1024.7,9,1015.8,9,"","","","","","","","","","","","","","","","","","","","","","","","","","","","","","","","","","","","","","","","","","","","","","","","","","","","","","","","","","","","","","","","","","","","","","","","","","","","","","","","","","","","","","","","","","","","","","","","","","","","","","","","","","","","","","","",""
"33167001","BORDEAUX_OBSERVATOIRE",44.831667,-0.525,74,1912091500,"","","","","","","","","","","","","","","","","","","","","","","","","","","","","","","","","","","","",11.6,9,"","","","","","","","","","","","","","","","","","","","","","","","","","","","","","","","","","","","","","","","","","","","",1024.6,9,1015.6,9,"","","","","","","","","","","","","","","","","","","","","","","","","","","","","","","","","","","","","","","","","","","","","","","","","","","","","","","","","","","","","","","","","","","","","","","","","","","","","","","","","","","","","","","","","","","","","","","","","","","","","","","","","","","","","","","",""
"33167001","BORDEAUX_OBSERVATOIRE",44.831667,-0.525,74,1912091503,"","","","","","","","","","","","","","","","","","","","","","","","","","","","","","","","","","","","",10.4,9,"","","","","","","","","","","","","","","","","","","","","","","","","","","","","","","","","","","","","","","","","","","","",1024.1,9,1015.1,9,"","","","","","","","","","","","","","","","","","","","","","","","","","","","","","","","","","","","","","","","","","","","","","","","","","","","","","","","","","","","","","","","","","","","","","","","","","","","","","","","","","","","","","","","","","","","","","","","","","","","","","","","","","","","","","","",""
"33167001","BORDEAUX_OBSERVATOIRE",44.831667,-0.525,74,1912091507,"","","","","","","","","","","","","","","","","","","","","","","","","","","","","","","","","","","","",10.9,9,"","","","","","","","","","","","","","","","","","","","","","","","","","","","","","","","","","","","","","","","","","","","",1024.,9,1015.,9,"","","","","","","","","","","","","","","","","","","","","","","","","","","","","","","","","","","","","","","","","","","","","","","","","","","","","","","","","","","","","","","","","","","","","","","","","","","","","","","","","","","","","","","","","","","","","","","","","","","","","","","","","","","","","","","",""
"33167001","BORDEAUX_OBSERVATOIRE",44.831667,-0.525,74,1912091509,"","","","","","","","","","","","","","","","","","","","","","","","","","","","","","","","","","","","",15.2,9,"","","","","","","","","","","","","","","","","","","","","","","","","","","","","","","","","","","","","","","","","","","","",1024.,9,1015.1,9,"","","","","","","","","","","","","","","","","","","","","","","","","","","","","","","","","","","","","","","","","","","","","","","","","","","","","","","","","","","","","","","","","","","","","","","","","","","","","","","","","","","","","","","","","","","","","","","","","","","","","","","","","","","","","","","",""
"33167001","BORDEAUX_OBSERVATOIRE",44.831667,-0.525,74,1912091512,"","","","","","","","","","","","","","","","","","","","","","","","","","","","","","","","","","","","",19.4,9,"","","","","","","","","","","","","","","","","","","","","","","","","","","","","","","","","","","","","","","","","","","","",1022.4,9,1013.7,1,"","","","","","","","","","","","","","","","","","","","","","","","","","","","","","","","","","","","","","","","","","","","","","","","","","","","","","","","","","","","","","","","","","","","","","","","","","","","","","","","","","","","","","","","","","","","","","","","","","","","","","","","","","","","","","","",""
"33167001","BORDEAUX_OBSERVATOIRE",44.831667,-0.525,74,1912091515,"","","","","","","","","","","","","","","","","","","","","","","","","","","","","","","","","","","","",20.1,9,"","","","","","","","","","","","","","","","","","","","","","","","","","","","","","","","","","","","","","","","","","","","",1020.2,9,1011.5,9,"","","","","","","","","","","","","","","","","","","","","","","","","","","","","","","","","","","","","","","","","","","","","","","","","","","","","","","","","","","","","","","","","","","","","","","","","","","","","","","","","","","","","","","","","","","","","","","","","","","","","","","","","","","","","","","",""
"33167001","BORDEAUX_OBSERVATOIRE",44.831667,-0.525,74,1912091518,"","","","","","","","","","","","","","","","","","","","","","","","","","","","","","","","","","","","",16.9,9,"","","","","","","","","","","","","","","","","","","","","","","","","","","","","","","","","","","","","","","","","","","","",1020.1,9,1011.3,9,"","","","","","","","","","","","","","","","","","","","","","","","","","","","","","","","","","","","","","","","","","","","","","","","","","","","","","","","","","","","","","","","","","","","","","","","","","","","","","","","","","","","","","","","","","","","","","","","","","","","","","","","","","","","","","","",""
"33167001","BORDEAUX_OBSERVATOIRE",44.831667,-0.525,74,1912091521,"","","","","","","","","","","","","","","","","","","","","","","","","","","","","","","","","","","","",15.6,9,"","","","","","","","","","","","","","","","","","","","","","","","","","","","","","","","","","","","","","","","","","","","",1020.4,9,1011.6,9,"","","","","","","","","","","","","","","","","","","","","","","","","","","","","","","","","","","","","","","","","","","","","","","","","","","","","","","","","","","","","","","","","","","","","","","","","","","","","","","","","","","","","","","","","","","","","","","","","","","","","","","","","","","","","","","",""
"33167001","BORDEAUX_OBSERVATOIRE",44.831667,-0.525,74,1912091600,"","","","","","","","","","","","","","","","","","","","","","","","","","","","","","","","","","","","",13.,9,"","","","","","","","","","","","","","","","","","","","","","","","","","","","","","","","","","","","","","","","","","","","",1020.3,9,1011.4,9,"","","","","","","","","","","","","","","","","","","","","","","","","","","","","","","","","","","","","","","","","","","","","","","","","","","","","","","","","","","","","","","","","","","","","","","","","","","","","","","","","","","","","","","","","","","","","","","","","","","","","","","","","","","","","","","",""
"33167001","BORDEAUX_OBSERVATOIRE",44.831667,-0.525,74,1912091603,"","","","","","","","","","","","","","","","","","","","","","","","","","","","","","","","","","","","",12.,9,"","","","","","","","","","","","","","","","","","","","","","","","","","","","","","","","","","","","","","","","","","","","",1019.7,9,1010.8,9,"","","","","","","","","","","","","","","","","","","","","","","","","","","","","","","","","","","","","","","","","","","","","","","","","","","","","","","","","","","","","","","","","","","","","","","","","","","","","","","","","","","","","","","","","","","","","","","","","","","","","","","","","","","","","","","",""
"33167001","BORDEAUX_OBSERVATOIRE",44.831667,-0.525,74,1912091607,"","","","","","","","","","","","","","","","","","","","","","","","","","","","","","","","","","","","",13.1,9,"","","","","","","","","","","","","","","","","","","","","","","","","","","","","","","","","","","","","","","","","","","","",1019.8,9,1010.9,9,"","","","","","","","","","","","","","","","","","","","","","","","","","","","","","","","","","","","","","","","","","","","","","","","","","","","","","","","","","","","","","","","","","","","","","","","","","","","","","","","","","","","","","","","","","","","","","","","","","","","","","","","","","","","","","","",""
"33167001","BORDEAUX_OBSERVATOIRE",44.831667,-0.525,74,1912091609,"","","","","","","","","","","","","","","","","","","","","","","","","","","","","","","","","","","","",17.2,9,"","","","","","","","","","","","","","","","","","","","","","","","","","","","","","","","","","","","","","","","","","","","",1020.3,9,1011.5,9,"","","","","","","","","","","","","","","","","","","","","","","","","","","","","","","","","","","","","","","","","","","","","","","","","","","","","","","","","","","","","","","","","","","","","","","","","","","","","","","","","","","","","","","","","","","","","","","","","","","","","","","","","","","","","","","",""
"33167001","BORDEAUX_OBSERVATOIRE",44.831667,-0.525,74,1912091612,"","","","","","","","","","","","","","","","","","","","","","","","","","","","","","","","","","","","",18.7,9,"","","","","","","","","","","","","","","","","","","","","","","","","","","","","","","","","","","","","","","","","","","","",1019.8,9,1011.1,1,"","","","","","","","","","","","","","","","","","","","","","","","","","","","","","","","","","","","","","","","","","","","","","","","","","","","","","","","","","","","","","","","","","","","","","","","","","","","","","","","","","","","","","","","","","","","","","","","","","","","","","","","","","","","","","","",""
"33167001","BORDEAUX_OBSERVATOIRE",44.831667,-0.525,74,1912091615,"","","","","","","","","","","","","","","","","","","","","","","","","","","","","","","","","","","","",19.9,9,"","","","","","","","","","","","","","","","","","","","","","","","","","","","","","","","","","","","","","","","","","","","",1019.1,9,1010.4,9,"","","","","","","","","","","","","","","","","","","","","","","","","","","","","","","","","","","","","","","","","","","","","","","","","","","","","","","","","","","","","","","","","","","","","","","","","","","","","","","","","","","","","","","","","","","","","","","","","","","","","","","","","","","","","","","",""
"33167001","BORDEAUX_OBSERVATOIRE",44.831667,-0.525,74,1912091618,"","","","","","","","","","","","","","","","","","","","","","","","","","","","","","","","","","","","",15.7,9,"","","","","","","","","","","","","","","","","","","","","","","","","","","","","","","","","","","","","","","","","","","","",1019.9,9,1011.1,9,"","","","","","","","","","","","","","","","","","","","","","","","","","","","","","","","","","","","","","","","","","","","","","","","","","","","","","","","","","","","","","","","","","","","","","","","","","","","","","","","","","","","","","","","","","","","","","","","","","","","","","","","","","","","","","","",""
"33167001","BORDEAUX_OBSERVATOIRE",44.831667,-0.525,74,1912091621,"","","","","","","","","","","","","","","","","","","","","","","","","","","","","","","","","","","","",12.1,9,"","","","","","","","","","","","","","","","","","","","","","","","","","","","","","","","","","","","","","","","","","","","",1021.,9,1012.,9,"","","","","","","","","","","","","","","","","","","","","","","","","","","","","","","","","","","","","","","","","","","","","","","","","","","","","","","","","","","","","","","","","","","","","","","","","","","","","","","","","","","","","","","","","","","","","","","","","","","","","","","","","","","","","","","",""
"33167001","BORDEAUX_OBSERVATOIRE",44.831667,-0.525,74,1912091700,"","","","","","","","","","","","","","","","","","","","","","","","","","","","","","","","","","","","",11.2,9,"","","","","","","","","","","","","","","","","","","","","","","","","","","","","","","","","","","","","","","","","","","","",1020.6,9,1011.6,9,"","","","","","","","","","","","","","","","","","","","","","","","","","","","","","","","","","","","","","","","","","","","","","","","","","","","","","","","","","","","","","","","","","","","","","","","","","","","","","","","","","","","","","","","","","","","","","","","","","","","","","","","","","","","","","","",""
"33167001","BORDEAUX_OBSERVATOIRE",44.831667,-0.525,74,1912091703,"","","","","","","","","","","","","","","","","","","","","","","","","","","","","","","","","","","","",9.3,9,"","","","","","","","","","","","","","","","","","","","","","","","","","","","","","","","","","","","","","","","","","","","",1020.2,9,1011.2,9,"","","","","","","","","","","","","","","","","","","","","","","","","","","","","","","","","","","","","","","","","","","","","","","","","","","","","","","","","","","","","","","","","","","","","","","","","","","","","","","","","","","","","","","","","","","","","","","","","","","","","","","","","","","","","","","",""
"33167001","BORDEAUX_OBSERVATOIRE",44.831667,-0.525,74,1912091707,"","","","","","","","","","","","","","","","","","","","","","","","","","","","","","","","","","","","",9.7,9,"","","","","","","","","","","","","","","","","","","","","","","","","","","","","","","","","","","","","","","","","","","","",1021.1,9,1012.1,9,"","","","","","","","","","","","","","","","","","","","","","","","","","","","","","","","","","","","","","","","","","","","","","","","","","","","","","","","","","","","","","","","","","","","","","","","","","","","","","","","","","","","","","","","","","","","","","","","","","","","","","","","","","","","","","","",""
"33167001","BORDEAUX_OBSERVATOIRE",44.831667,-0.525,74,1912091709,"","","","","","","","","","","","","","","","","","","","","","","","","","","","","","","","","","","","",14.6,9,"","","","","","","","","","","","","","","","","","","","","","","","","","","","","","","","","","","","","","","","","","","","",1021.4,9,1012.5,9,"","","","","","","","","","","","","","","","","","","","","","","","","","","","","","","","","","","","","","","","","","","","","","","","","","","","","","","","","","","","","","","","","","","","","","","","","","","","","","","","","","","","","","","","","","","","","","","","","","","","","","","","","","","","","","","",""
"33167001","BORDEAUX_OBSERVATOIRE",44.831667,-0.525,74,1912091712,"","","","","","","","","","","","","","","","","","","","","","","","","","","","","","","","","","","","",19.2,9,"","","","","","","","","","","","","","","","","","","","","","","","","","","","","","","","","","","","","","","","","","","","",1020.8,9,1012.1,1,"","","","","","","","","","","","","","","","","","","","","","","","","","","","","","","","","","","","","","","","","","","","","","","","","","","","","","","","","","","","","","","","","","","","","","","","","","","","","","","","","","","","","","","","","","","","","","","","","","","","","","","","","","","","","","","",""
"33167001","BORDEAUX_OBSERVATOIRE",44.831667,-0.525,74,1912091715,"","","","","","","","","","","","","","","","","","","","","","","","","","","","","","","","","","","","",22.,9,"","","","","","","","","","","","","","","","","","","","","","","","","","","","","","","","","","","","","","","","","","","","",1019.8,9,1011.2,9,"","","","","","","","","","","","","","","","","","","","","","","","","","","","","","","","","","","","","","","","","","","","","","","","","","","","","","","","","","","","","","","","","","","","","","","","","","","","","","","","","","","","","","","","","","","","","","","","","","","","","","","","","","","","","","","",""
"33167001","BORDEAUX_OBSERVATOIRE",44.831667,-0.525,74,1912091718,"","","","","","","","","","","","","","","","","","","","","","","","","","","","","","","","","","","","",18.4,9,"","","","","","","","","","","","","","","","","","","","","","","","","","","","","","","","","","","","","","","","","","","","",1020.,9,1011.3,9,"","","","","","","","","","","","","","","","","","","","","","","","","","","","","","","","","","","","","","","","","","","","","","","","","","","","","","","","","","","","","","","","","","","","","","","","","","","","","","","","","","","","","","","","","","","","","","","","","","","","","","","","","","","","","","","",""
"33167001","BORDEAUX_OBSERVATOIRE",44.831667,-0.525,74,1912091721,"","","","","","","","","","","","","","","","","","","","","","","","","","","","","","","","","","","","",15.6,9,"","","","","","","","","","","","","","","","","","","","","","","","","","","","","","","","","","","","","","","","","","","","",1020.2,9,1011.4,9,"","","","","","","","","","","","","","","","","","","","","","","","","","","","","","","","","","","","","","","","","","","","","","","","","","","","","","","","","","","","","","","","","","","","","","","","","","","","","","","","","","","","","","","","","","","","","","","","","","","","","","","","","","","","","","","",""
"33167001","BORDEAUX_OBSERVATOIRE",44.831667,-0.525,74,1912091800,"","","","","","","","","","","","","","","","","","","","","","","","","","","","","","","","","","","","",13.2,9,"","","","","","","","","","","","","","","","","","","","","","","","","","","","","","","","","","","","","","","","","","","","",1019.9,9,1011.,9,"","","","","","","","","","","","","","","","","","","","","","","","","","","","","","","","","","","","","","","","","","","","","","","","","","","","","","","","","","","","","","","","","","","","","","","","","","","","","","","","","","","","","","","","","","","","","","","","","","","","","","","","","","","","","","","",""
"33167001","BORDEAUX_OBSERVATOIRE",44.831667,-0.525,74,1912091803,"","","","","","","","","","","","","","","","","","","","","","","","","","","","","","","","","","","","",10.7,9,"","","","","","","","","","","","","","","","","","","","","","","","","","","","","","","","","","","","","","","","","","","","",1020.,9,1011.,9,"","","","","","","","","","","","","","","","","","","","","","","","","","","","","","","","","","","","","","","","","","","","","","","","","","","","","","","","","","","","","","","","","","","","","","","","","","","","","","","","","","","","","","","","","","","","","","","","","","","","","","","","","","","","","","","",""
"33167001","BORDEAUX_OBSERVATOIRE",44.831667,-0.525,74,1912091807,"","","","","","","","","","","","","","","","","","","","","","","","","","","","","","","","","","","","",12.1,9,"","","","","","","","","","","","","","","","","","","","","","","","","","","","","","","","","","","","","","","","","","","","",1020.,9,1011.1,9,"","","","","","","","","","","","","","","","","","","","","","","","","","","","","","","","","","","","","","","","","","","","","","","","","","","","","","","","","","","","","","","","","","","","","","","","","","","","","","","","","","","","","","","","","","","","","","","","","","","","","","","","","","","","","","","",""
"33167001","BORDEAUX_OBSERVATOIRE",44.831667,-0.525,74,1912091809,"","","","","","","","","","","","","","","","","","","","","","","","","","","","","","","","","","","","",17.6,9,"","","","","","","","","","","","","","","","","","","","","","","","","","","","","","","","","","","","","","","","","","","","",1020.6,9,1011.8,9,"","","","","","","","","","","","","","","","","","","","","","","","","","","","","","","","","","","","","","","","","","","","","","","","","","","","","","","","","","","","","","","","","","","","","","","","","","","","","","","","","","","","","","","","","","","","","","","","","","","","","","","","","","","","","","","",""
"33167001","BORDEAUX_OBSERVATOIRE",44.831667,-0.525,74,1912091812,"","","","","","","","","","","","","","","","","","","","","","","","","","","","","","","","","","","","",22.8,9,"","","","","","","","","","","","","","","","","","","","","","","","","","","","","","","","","","","","","","","","","","","","",1019.9,9,1011.3,1,"","","","","","","","","","","","","","","","","","","","","","","","","","","","","","","","","","","","","","","","","","","","","","","","","","","","","","","","","","","","","","","","","","","","","","","","","","","","","","","","","","","","","","","","","","","","","","","","","","","","","","","","","","","","","","","",""
"33167001","BORDEAUX_OBSERVATOIRE",44.831667,-0.525,74,1912091815,"","","","","","","","","","","","","","","","","","","","","","","","","","","","","","","","","","","","",23.6,9,"","","","","","","","","","","","","","","","","","","","","","","","","","","","","","","","","","","","","","","","","","","","",1019.2,9,1010.6,9,"","","","","","","","","","","","","","","","","","","","","","","","","","","","","","","","","","","","","","","","","","","","","","","","","","","","","","","","","","","","","","","","","","","","","","","","","","","","","","","","","","","","","","","","","","","","","","","","","","","","","","","","","","","","","","","",""
"33167001","BORDEAUX_OBSERVATOIRE",44.831667,-0.525,74,1912091818,"","","","","","","","","","","","","","","","","","","","","","","","","","","","","","","","","","","","",20.2,9,"","","","","","","","","","","","","","","","","","","","","","","","","","","","","","","","","","","","","","","","","","","","",1019.4,9,1010.7,9,"","","","","","","","","","","","","","","","","","","","","","","","","","","","","","","","","","","","","","","","","","","","","","","","","","","","","","","","","","","","","","","","","","","","","","","","","","","","","","","","","","","","","","","","","","","","","","","","","","","","","","","","","","","","","","","",""
"33167001","BORDEAUX_OBSERVATOIRE",44.831667,-0.525,74,1912091821,"","","","","","","","","","","","","","","","","","","","","","","","","","","","","","","","","","","","",18.6,9,"","","","","","","","","","","","","","","","","","","","","","","","","","","","","","","","","","","","","","","","","","","","",1019.5,9,1010.8,9,"","","","","","","","","","","","","","","","","","","","","","","","","","","","","","","","","","","","","","","","","","","","","","","","","","","","","","","","","","","","","","","","","","","","","","","","","","","","","","","","","","","","","","","","","","","","","","","","","","","","","","","","","","","","","","","",""
"33167001","BORDEAUX_OBSERVATOIRE",44.831667,-0.525,74,1912091900,"","","","","","","","","","","","","","","","","","","","","","","","","","","","","","","","","","","","",15.8,9,"","","","","","","","","","","","","","","","","","","","","","","","","","","","","","","","","","","","","","","","","","","","",1019.1,9,1010.3,9,"","","","","","","","","","","","","","","","","","","","","","","","","","","","","","","","","","","","","","","","","","","","","","","","","","","","","","","","","","","","","","","","","","","","","","","","","","","","","","","","","","","","","","","","","","","","","","","","","","","","","","","","","","","","","","","",""
"33167001","BORDEAUX_OBSERVATOIRE",44.831667,-0.525,74,1912091903,"","","","","","","","","","","","","","","","","","","","","","","","","","","","","","","","","","","","",13.2,9,"","","","","","","","","","","","","","","","","","","","","","","","","","","","","","","","","","","","","","","","","","","","",1019.1,9,1010.2,9,"","","","","","","","","","","","","","","","","","","","","","","","","","","","","","","","","","","","","","","","","","","","","","","","","","","","","","","","","","","","","","","","","","","","","","","","","","","","","","","","","","","","","","","","","","","","","","","","","","","","","","","","","","","","","","","",""
"33167001","BORDEAUX_OBSERVATOIRE",44.831667,-0.525,74,1912091907,"","","","","","","","","","","","","","","","","","","","","","","","","","","","","","","","","","","","",13.8,9,"","","","","","","","","","","","","","","","","","","","","","","","","","","","","","","","","","","","","","","","","","","","",1019.1,9,1010.2,9,"","","","","","","","","","","","","","","","","","","","","","","","","","","","","","","","","","","","","","","","","","","","","","","","","","","","","","","","","","","","","","","","","","","","","","","","","","","","","","","","","","","","","","","","","","","","","","","","","","","","","","","","","","","","","","","",""
"33167001","BORDEAUX_OBSERVATOIRE",44.831667,-0.525,74,1912091909,"","","","","","","","","","","","","","","","","","","","","","","","","","","","","","","","","","","","",18.3,9,"","","","","","","","","","","","","","","","","","","","","","","","","","","","","","","","","","","","","","","","","","","","",1019.2,9,1010.5,9,"","","","","","","","","","","","","","","","","","","","","","","","","","","","","","","","","","","","","","","","","","","","","","","","","","","","","","","","","","","","","","","","","","","","","","","","","","","","","","","","","","","","","","","","","","","","","","","","","","","","","","","","","","","","","","","",""
"33167001","BORDEAUX_OBSERVATOIRE",44.831667,-0.525,74,1912091912,"","","","","","","","","","","","","","","","","","","","","","","","","","","","","","","","","","","","",22.,9,"","","","","","","","","","","","","","","","","","","","","","","","","","","","","","","","","","","","","","","","","","","","",1018.3,9,1009.7,1,"","","","","","","","","","","","","","","","","","","","","","","","","","","","","","","","","","","","","","","","","","","","","","","","","","","","","","","","","","","","","","","","","","","","","","","","","","","","","","","","","","","","","","","","","","","","","","","","","","","","","","","","","","","","","","","",""
"33167001","BORDEAUX_OBSERVATOIRE",44.831667,-0.525,74,1912091915,"","","","","","","","","","","","","","","","","","","","","","","","","","","","","","","","","","","","",23.,9,"","","","","","","","","","","","","","","","","","","","","","","","","","","","","","","","","","","","","","","","","","","","",1018.2,9,1009.6,9,"","","","","","","","","","","","","","","","","","","","","","","","","","","","","","","","","","","","","","","","","","","","","","","","","","","","","","","","","","","","","","","","","","","","","","","","","","","","","","","","","","","","","","","","","","","","","","","","","","","","","","","","","","","","","","","",""
"33167001","BORDEAUX_OBSERVATOIRE",44.831667,-0.525,74,1912091918,"","","","","","","","","","","","","","","","","","","","","","","","","","","","","","","","","","","","",19.8,9,"","","","","","","","","","","","","","","","","","","","","","","","","","","","","","","","","","","","","","","","","","","","",1016.6,9,1007.9,9,"","","","","","","","","","","","","","","","","","","","","","","","","","","","","","","","","","","","","","","","","","","","","","","","","","","","","","","","","","","","","","","","","","","","","","","","","","","","","","","","","","","","","","","","","","","","","","","","","","","","","","","","","","","","","","","",""
"33167001","BORDEAUX_OBSERVATOIRE",44.831667,-0.525,74,1912091921,"","","","","","","","","","","","","","","","","","","","","","","","","","","","","","","","","","","","",16.5,9,"","","","","","","","","","","","","","","","","","","","","","","","","","","","","","","","","","","","","","","","","","","","",1016.6,9,1007.8,9,"","","","","","","","","","","","","","","","","","","","","","","","","","","","","","","","","","","","","","","","","","","","","","","","","","","","","","","","","","","","","","","","","","","","","","","","","","","","","","","","","","","","","","","","","","","","","","","","","","","","","","","","","","","","","","","",""
"33167001","BORDEAUX_OBSERVATOIRE",44.831667,-0.525,74,1912092000,"","","","","","","","","","","","","","","","","","","","","","","","","","","","","","","","","","","","",15.,9,"","","","","","","","","","","","","","","","","","","","","","","","","","","","","","","","","","","","","","","","","","","","",1016.7,9,1007.9,9,"","","","","","","","","","","","","","","","","","","","","","","","","","","","","","","","","","","","","","","","","","","","","","","","","","","","","","","","","","","","","","","","","","","","","","","","","","","","","","","","","","","","","","","","","","","","","","","","","","","","","","","","","","","","","","","",""
"33167001","BORDEAUX_OBSERVATOIRE",44.831667,-0.525,74,1912092003,"","","","","","","","","","","","","","","","","","","","","","","","","","","","","","","","","","","","",14.8,9,"","","","","","","","","","","","","","","","","","","","","","","","","","","","","","","","","","","","","","","","","","","","",1016.2,9,1007.4,9,"","","","","","","","","","","","","","","","","","","","","","","","","","","","","","","","","","","","","","","","","","","","","","","","","","","","","","","","","","","","","","","","","","","","","","","","","","","","","","","","","","","","","","","","","","","","","","","","","","","","","","","","","","","","","","","",""
"33167001","BORDEAUX_OBSERVATOIRE",44.831667,-0.525,74,1912092007,"","","","","","","","","","","","","","","","","","","","","","","","","","","","","","","","","","","","",14.6,9,"","","","","","","","","","","","","","","","","","","","","","","","","","","","","","","","","","","","","","","","","","","","",1016.9,9,1008.1,9,"","","","","","","","","","","","","","","","","","","","","","","","","","","","","","","","","","","","","","","","","","","","","","","","","","","","","","","","","","","","","","","","","","","","","","","","","","","","","","","","","","","","","","","","","","","","","","","","","","","","","","","","","","","","","","","",""
"33167001","BORDEAUX_OBSERVATOIRE",44.831667,-0.525,74,1912092009,"","","","","","","","","","","","","","","","","","","","","","","","","","","","","","","","","","","","",18.4,9,"","","","","","","","","","","","","","","","","","","","","","","","","","","","","","","","","","","","","","","","","","","","",1017.,9,1008.3,9,"","","","","","","","","","","","","","","","","","","","","","","","","","","","","","","","","","","","","","","","","","","","","","","","","","","","","","","","","","","","","","","","","","","","","","","","","","","","","","","","","","","","","","","","","","","","","","","","","","","","","","","","","","","","","","","",""
"33167001","BORDEAUX_OBSERVATOIRE",44.831667,-0.525,74,1912092012,"","","","","","","","","","","","","","","","","","","","","","","","","","","","","","","","","","","","",22.,9,"","","","","","","","","","","","","","","","","","","","","","","","","","","","","","","","","","","","","","","","","","","","",1016.4,9,1007.8,1,"","","","","","","","","","","","","","","","","","","","","","","","","","","","","","","","","","","","","","","","","","","","","","","","","","","","","","","","","","","","","","","","","","","","","","","","","","","","","","","","","","","","","","","","","","","","","","","","","","","","","","","","","","","","","","","",""
"33167001","BORDEAUX_OBSERVATOIRE",44.831667,-0.525,74,1912092015,"","","","","","","","","","","","","","","","","","","","","","","","","","","","","","","","","","","","",23.8,9,"","","","","","","","","","","","","","","","","","","","","","","","","","","","","","","","","","","","","","","","","","","","",1015.6,9,1007.1,9,"","","","","","","","","","","","","","","","","","","","","","","","","","","","","","","","","","","","","","","","","","","","","","","","","","","","","","","","","","","","","","","","","","","","","","","","","","","","","","","","","","","","","","","","","","","","","","","","","","","","","","","","","","","","","","","",""
"33167001","BORDEAUX_OBSERVATOIRE",44.831667,-0.525,74,1912092018,"","","","","","","","","","","","","","","","","","","","","","","","","","","","","","","","","","","","",19.,9,"","","","","","","","","","","","","","","","","","","","","","","","","","","","","","","","","","","","","","","","","","","","",1015.8,9,1007.1,9,"","","","","","","","","","","","","","","","","","","","","","","","","","","","","","","","","","","","","","","","","","","","","","","","","","","","","","","","","","","","","","","","","","","","","","","","","","","","","","","","","","","","","","","","","","","","","","","","","","","","","","","","","","","","","","","",""
"33167001","BORDEAUX_OBSERVATOIRE",44.831667,-0.525,74,1912092021,"","","","","","","","","","","","","","","","","","","","","","","","","","","","","","","","","","","","",15.6,9,"","","","","","","","","","","","","","","","","","","","","","","","","","","","","","","","","","","","","","","","","","","","",1016.2,9,1007.4,9,"","","","","","","","","","","","","","","","","","","","","","","","","","","","","","","","","","","","","","","","","","","","","","","","","","","","","","","","","","","","","","","","","","","","","","","","","","","","","","","","","","","","","","","","","","","","","","","","","","","","","","","","","","","","","","","",""
"33167001","BORDEAUX_OBSERVATOIRE",44.831667,-0.525,74,1912092100,"","","","","","","","","","","","","","","","","","","","","","","","","","","","","","","","","","","","",12.4,9,"","","","","","","","","","","","","","","","","","","","","","","","","","","","","","","","","","","","","","","","","","","","",1016.3,9,1007.4,9,"","","","","","","","","","","","","","","","","","","","","","","","","","","","","","","","","","","","","","","","","","","","","","","","","","","","","","","","","","","","","","","","","","","","","","","","","","","","","","","","","","","","","","","","","","","","","","","","","","","","","","","","","","","","","","","",""
"33167001","BORDEAUX_OBSERVATOIRE",44.831667,-0.525,74,1912092103,"","","","","","","","","","","","","","","","","","","","","","","","","","","","","","","","","","","","",9.8,9,"","","","","","","","","","","","","","","","","","","","","","","","","","","","","","","","","","","","","","","","","","","","",1016.,9,1007.,9,"","","","","","","","","","","","","","","","","","","","","","","","","","","","","","","","","","","","","","","","","","","","","","","","","","","","","","","","","","","","","","","","","","","","","","","","","","","","","","","","","","","","","","","","","","","","","","","","","","","","","","","","","","","","","","","",""
"33167001","BORDEAUX_OBSERVATOIRE",44.831667,-0.525,74,1912092107,"","","","","","","","","","","","","","","","","","","","","","","","","","","","","","","","","","","","",9.,9,"","","","","","","","","","","","","","","","","","","","","","","","","","","","","","","","","","","","","","","","","","","","",1016.,9,1007.,9,"","","","","","","","","","","","","","","","","","","","","","","","","","","","","","","","","","","","","","","","","","","","","","","","","","","","","","","","","","","","","","","","","","","","","","","","","","","","","","","","","","","","","","","","","","","","","","","","","","","","","","","","","","","","","","","",""
"33167001","BORDEAUX_OBSERVATOIRE",44.831667,-0.525,74,1912092109,"","","","","","","","","","","","","","","","","","","","","","","","","","","","","","","","","","","","",15.,9,"","","","","","","","","","","","","","","","","","","","","","","","","","","","","","","","","","","","","","","","","","","","",1016.6,9,1007.8,9,"","","","","","","","","","","","","","","","","","","","","","","","","","","","","","","","","","","","","","","","","","","","","","","","","","","","","","","","","","","","","","","","","","","","","","","","","","","","","","","","","","","","","","","","","","","","","","","","","","","","","","","","","","","","","","","",""
"33167001","BORDEAUX_OBSERVATOIRE",44.831667,-0.525,74,1912092112,"","","","","","","","","","","","","","","","","","","","","","","","","","","","","","","","","","","","",20.4,9,"","","","","","","","","","","","","","","","","","","","","","","","","","","","","","","","","","","","","","","","","","","","",1016.3,9,1007.7,1,"","","","","","","","","","","","","","","","","","","","","","","","","","","","","","","","","","","","","","","","","","","","","","","","","","","","","","","","","","","","","","","","","","","","","","","","","","","","","","","","","","","","","","","","","","","","","","","","","","","","","","","","","","","","","","","",""
"33167001","BORDEAUX_OBSERVATOIRE",44.831667,-0.525,74,1912092115,"","","","","","","","","","","","","","","","","","","","","","","","","","","","","","","","","","","","",21.,9,"","","","","","","","","","","","","","","","","","","","","","","","","","","","","","","","","","","","","","","","","","","","",1015.4,9,1006.8,9,"","","","","","","","","","","","","","","","","","","","","","","","","","","","","","","","","","","","","","","","","","","","","","","","","","","","","","","","","","","","","","","","","","","","","","","","","","","","","","","","","","","","","","","","","","","","","","","","","","","","","","","","","","","","","","","",""
"33167001","BORDEAUX_OBSERVATOIRE",44.831667,-0.525,74,1912092118,"","","","","","","","","","","","","","","","","","","","","","","","","","","","","","","","","","","","",17.9,9,"","","","","","","","","","","","","","","","","","","","","","","","","","","","","","","","","","","","","","","","","","","","",1016.1,9,1007.4,9,"","","","","","","","","","","","","","","","","","","","","","","","","","","","","","","","","","","","","","","","","","","","","","","","","","","","","","","","","","","","","","","","","","","","","","","","","","","","","","","","","","","","","","","","","","","","","","","","","","","","","","","","","","","","","","","",""
"33167001","BORDEAUX_OBSERVATOIRE",44.831667,-0.525,74,1912092121,"","","","","","","","","","","","","","","","","","","","","","","","","","","","","","","","","","","","",13.8,9,"","","","","","","","","","","","","","","","","","","","","","","","","","","","","","","","","","","","","","","","","","","","",1016.8,9,1007.9,9,"","","","","","","","","","","","","","","","","","","","","","","","","","","","","","","","","","","","","","","","","","","","","","","","","","","","","","","","","","","","","","","","","","","","","","","","","","","","","","","","","","","","","","","","","","","","","","","","","","","","","","","","","","","","","","","",""
"33167001","BORDEAUX_OBSERVATOIRE",44.831667,-0.525,74,1912092200,"","","","","","","","","","","","","","","","","","","","","","","","","","","","","","","","","","","","",12.3,9,"","","","","","","","","","","","","","","","","","","","","","","","","","","","","","","","","","","","","","","","","","","","",1016.8,9,1007.9,9,"","","","","","","","","","","","","","","","","","","","","","","","","","","","","","","","","","","","","","","","","","","","","","","","","","","","","","","","","","","","","","","","","","","","","","","","","","","","","","","","","","","","","","","","","","","","","","","","","","","","","","","","","","","","","","","",""
"33167001","BORDEAUX_OBSERVATOIRE",44.831667,-0.525,74,1912092203,"","","","","","","","","","","","","","","","","","","","","","","","","","","","","","","","","","","","",9.8,9,"","","","","","","","","","","","","","","","","","","","","","","","","","","","","","","","","","","","","","","","","","","","",1016.9,9,1007.9,9,"","","","","","","","","","","","","","","","","","","","","","","","","","","","","","","","","","","","","","","","","","","","","","","","","","","","","","","","","","","","","","","","","","","","","","","","","","","","","","","","","","","","","","","","","","","","","","","","","","","","","","","","","","","","","","","",""
"33167001","BORDEAUX_OBSERVATOIRE",44.831667,-0.525,74,1912092207,"","","","","","","","","","","","","","","","","","","","","","","","","","","","","","","","","","","","",12.8,9,"","","","","","","","","","","","","","","","","","","","","","","","","","","","","","","","","","","","","","","","","","","","",1017.9,9,1009.,9,"","","","","","","","","","","","","","","","","","","","","","","","","","","","","","","","","","","","","","","","","","","","","","","","","","","","","","","","","","","","","","","","","","","","","","","","","","","","","","","","","","","","","","","","","","","","","","","","","","","","","","","","","","","","","","","",""
"33167001","BORDEAUX_OBSERVATOIRE",44.831667,-0.525,74,1912092209,"","","","","","","","","","","","","","","","","","","","","","","","","","","","","","","","","","","","",16.4,9,"","","","","","","","","","","","","","","","","","","","","","","","","","","","","","","","","","","","","","","","","","","","",1017.9,9,1009.1,9,"","","","","","","","","","","","","","","","","","","","","","","","","","","","","","","","","","","","","","","","","","","","","","","","","","","","","","","","","","","","","","","","","","","","","","","","","","","","","","","","","","","","","","","","","","","","","","","","","","","","","","","","","","","","","","","",""
"33167001","BORDEAUX_OBSERVATOIRE",44.831667,-0.525,74,1912092212,"","","","","","","","","","","","","","","","","","","","","","","","","","","","","","","","","","","","",21.,9,"","","","","","","","","","","","","","","","","","","","","","","","","","","","","","","","","","","","","","","","","","","","",1017.3,9,1008.7,1,"","","","","","","","","","","","","","","","","","","","","","","","","","","","","","","","","","","","","","","","","","","","","","","","","","","","","","","","","","","","","","","","","","","","","","","","","","","","","","","","","","","","","","","","","","","","","","","","","","","","","","","","","","","","","","","",""
"33167001","BORDEAUX_OBSERVATOIRE",44.831667,-0.525,74,1912092215,"","","","","","","","","","","","","","","","","","","","","","","","","","","","","","","","","","","","",22.2,9,"","","","","","","","","","","","","","","","","","","","","","","","","","","","","","","","","","","","","","","","","","","","",1016.4,9,1007.8,9,"","","","","","","","","","","","","","","","","","","","","","","","","","","","","","","","","","","","","","","","","","","","","","","","","","","","","","","","","","","","","","","","","","","","","","","","","","","","","","","","","","","","","","","","","","","","","","","","","","","","","","","","","","","","","","","",""
"33167001","BORDEAUX_OBSERVATOIRE",44.831667,-0.525,74,1912092218,"","","","","","","","","","","","","","","","","","","","","","","","","","","","","","","","","","","","",18.7,9,"","","","","","","","","","","","","","","","","","","","","","","","","","","","","","","","","","","","","","","","","","","","",1016.8,9,1008.1,9,"","","","","","","","","","","","","","","","","","","","","","","","","","","","","","","","","","","","","","","","","","","","","","","","","","","","","","","","","","","","","","","","","","","","","","","","","","","","","","","","","","","","","","","","","","","","","","","","","","","","","","","","","","","","","","","",""
"33167001","BORDEAUX_OBSERVATOIRE",44.831667,-0.525,74,1912092221,"","","","","","","","","","","","","","","","","","","","","","","","","","","","","","","","","","","","",15.8,9,"","","","","","","","","","","","","","","","","","","","","","","","","","","","","","","","","","","","","","","","","","","","",1017.6,9,1008.8,9,"","","","","","","","","","","","","","","","","","","","","","","","","","","","","","","","","","","","","","","","","","","","","","","","","","","","","","","","","","","","","","","","","","","","","","","","","","","","","","","","","","","","","","","","","","","","","","","","","","","","","","","","","","","","","","","",""
"33167001","BORDEAUX_OBSERVATOIRE",44.831667,-0.525,74,1912092300,"","","","","","","","","","","","","","","","","","","","","","","","","","","","","","","","","","","","",14.,9,"","","","","","","","","","","","","","","","","","","","","","","","","","","","","","","","","","","","","","","","","","","","",1018.3,9,1009.4,9,"","","","","","","","","","","","","","","","","","","","","","","","","","","","","","","","","","","","","","","","","","","","","","","","","","","","","","","","","","","","","","","","","","","","","","","","","","","","","","","","","","","","","","","","","","","","","","","","","","","","","","","","","","","","","","","",""
"33167001","BORDEAUX_OBSERVATOIRE",44.831667,-0.525,74,1912092303,"","","","","","","","","","","","","","","","","","","","","","","","","","","","","","","","","","","","",11.8,9,"","","","","","","","","","","","","","","","","","","","","","","","","","","","","","","","","","","","","","","","","","","","",1018.4,9,1009.5,9,"","","","","","","","","","","","","","","","","","","","","","","","","","","","","","","","","","","","","","","","","","","","","","","","","","","","","","","","","","","","","","","","","","","","","","","","","","","","","","","","","","","","","","","","","","","","","","","","","","","","","","","","","","","","","","","",""
"33167001","BORDEAUX_OBSERVATOIRE",44.831667,-0.525,74,1912092307,"","","","","","","","","","","","","","","","","","","","","","","","","","","","","","","","","","","","",11.7,9,"","","","","","","","","","","","","","","","","","","","","","","","","","","","","","","","","","","","","","","","","","","","",1019.9,9,1010.9,9,"","","","","","","","","","","","","","","","","","","","","","","","","","","","","","","","","","","","","","","","","","","","","","","","","","","","","","","","","","","","","","","","","","","","","","","","","","","","","","","","","","","","","","","","","","","","","","","","","","","","","","","","","","","","","","","",""
"33167001","BORDEAUX_OBSERVATOIRE",44.831667,-0.525,74,1912092309,"","","","","","","","","","","","","","","","","","","","","","","","","","","","","","","","","","","","",15.7,9,"","","","","","","","","","","","","","","","","","","","","","","","","","","","","","","","","","","","","","","","","","","","",1020.2,9,1011.4,9,"","","","","","","","","","","","","","","","","","","","","","","","","","","","","","","","","","","","","","","","","","","","","","","","","","","","","","","","","","","","","","","","","","","","","","","","","","","","","","","","","","","","","","","","","","","","","","","","","","","","","","","","","","","","","","","",""
"33167001","BORDEAUX_OBSERVATOIRE",44.831667,-0.525,74,1912092312,"","","","","","","","","","","","","","","","","","","","","","","","","","","","","","","","","","","","",21.,9,"","","","","","","","","","","","","","","","","","","","","","","","","","","","","","","","","","","","","","","","","","","","",1019.7,9,1011.1,1,"","","","","","","","","","","","","","","","","","","","","","","","","","","","","","","","","","","","","","","","","","","","","","","","","","","","","","","","","","","","","","","","","","","","","","","","","","","","","","","","","","","","","","","","","","","","","","","","","","","","","","","","","","","","","","","",""
"33167001","BORDEAUX_OBSERVATOIRE",44.831667,-0.525,74,1912092315,"","","","","","","","","","","","","","","","","","","","","","","","","","","","","","","","","","","","",20.8,9,"","","","","","","","","","","","","","","","","","","","","","","","","","","","","","","","","","","","","","","","","","","","",1018.8,9,1010.2,9,"","","","","","","","","","","","","","","","","","","","","","","","","","","","","","","","","","","","","","","","","","","","","","","","","","","","","","","","","","","","","","","","","","","","","","","","","","","","","","","","","","","","","","","","","","","","","","","","","","","","","","","","","","","","","","","",""
"33167001","BORDEAUX_OBSERVATOIRE",44.831667,-0.525,74,1912092318,"","","","","","","","","","","","","","","","","","","","","","","","","","","","","","","","","","","","",15.9,9,"","","","","","","","","","","","","","","","","","","","","","","","","","","","","","","","","","","","","","","","","","","","",1019.7,9,1010.9,9,"","","","","","","","","","","","","","","","","","","","","","","","","","","","","","","","","","","","","","","","","","","","","","","","","","","","","","","","","","","","","","","","","","","","","","","","","","","","","","","","","","","","","","","","","","","","","","","","","","","","","","","","","","","","","","","",""
"33167001","BORDEAUX_OBSERVATOIRE",44.831667,-0.525,74,1912092321,"","","","","","","","","","","","","","","","","","","","","","","","","","","","","","","","","","","","",11.2,9,"","","","","","","","","","","","","","","","","","","","","","","","","","","","","","","","","","","","","","","","","","","","",1020.5,9,1011.5,9,"","","","","","","","","","","","","","","","","","","","","","","","","","","","","","","","","","","","","","","","","","","","","","","","","","","","","","","","","","","","","","","","","","","","","","","","","","","","","","","","","","","","","","","","","","","","","","","","","","","","","","","","","","","","","","","",""
"33167001","BORDEAUX_OBSERVATOIRE",44.831667,-0.525,74,1912092400,"","","","","","","","","","","","","","","","","","","","","","","","","","","","","","","","","","","","",8.8,9,"","","","","","","","","","","","","","","","","","","","","","","","","","","","","","","","","","","","","","","","","","","","",1020.5,9,1011.4,9,"","","","","","","","","","","","","","","","","","","","","","","","","","","","","","","","","","","","","","","","","","","","","","","","","","","","","","","","","","","","","","","","","","","","","","","","","","","","","","","","","","","","","","","","","","","","","","","","","","","","","","","","","","","","","","","",""
"33167001","BORDEAUX_OBSERVATOIRE",44.831667,-0.525,74,1912092403,"","","","","","","","","","","","","","","","","","","","","","","","","","","","","","","","","","","","",7.,9,"","","","","","","","","","","","","","","","","","","","","","","","","","","","","","","","","","","","","","","","","","","","",1019.8,9,1010.7,9,"","","","","","","","","","","","","","","","","","","","","","","","","","","","","","","","","","","","","","","","","","","","","","","","","","","","","","","","","","","","","","","","","","","","","","","","","","","","","","","","","","","","","","","","","","","","","","","","","","","","","","","","","","","","","","","",""
"33167001","BORDEAUX_OBSERVATOIRE",44.831667,-0.525,74,1912092407,"","","","","","","","","","","","","","","","","","","","","","","","","","","","","","","","","","","","",6.5,9,"","","","","","","","","","","","","","","","","","","","","","","","","","","","","","","","","","","","","","","","","","","","",1019.6,9,1010.5,9,"","","","","","","","","","","","","","","","","","","","","","","","","","","","","","","","","","","","","","","","","","","","","","","","","","","","","","","","","","","","","","","","","","","","","","","","","","","","","","","","","","","","","","","","","","","","","","","","","","","","","","","","","","","","","","","",""
"33167001","BORDEAUX_OBSERVATOIRE",44.831667,-0.525,74,1912092409,"","","","","","","","","","","","","","","","","","","","","","","","","","","","","","","","","","","","",11.3,9,"","","","","","","","","","","","","","","","","","","","","","","","","","","","","","","","","","","","","","","","","","","","",1019.3,9,1010.3,9,"","","","","","","","","","","","","","","","","","","","","","","","","","","","","","","","","","","","","","","","","","","","","","","","","","","","","","","","","","","","","","","","","","","","","","","","","","","","","","","","","","","","","","","","","","","","","","","","","","","","","","","","","","","","","","","",""
"33167001","BORDEAUX_OBSERVATOIRE",44.831667,-0.525,74,1912092412,"","","","","","","","","","","","","","","","","","","","","","","","","","","","","","","","","","","","",18.,9,"","","","","","","","","","","","","","","","","","","","","","","","","","","","","","","","","","","","","","","","","","","","",1018.,9,1009.3,1,"","","","","","","","","","","","","","","","","","","","","","","","","","","","","","","","","","","","","","","","","","","","","","","","","","","","","","","","","","","","","","","","","","","","","","","","","","","","","","","","","","","","","","","","","","","","","","","","","","","","","","","","","","","","","","","",""
"33167001","BORDEAUX_OBSERVATOIRE",44.831667,-0.525,74,1912092415,"","","","","","","","","","","","","","","","","","","","","","","","","","","","","","","","","","","","",19.,9,"","","","","","","","","","","","","","","","","","","","","","","","","","","","","","","","","","","","","","","","","","","","",1016.3,9,1007.6,9,"","","","","","","","","","","","","","","","","","","","","","","","","","","","","","","","","","","","","","","","","","","","","","","","","","","","","","","","","","","","","","","","","","","","","","","","","","","","","","","","","","","","","","","","","","","","","","","","","","","","","","","","","","","","","","","",""
"33167001","BORDEAUX_OBSERVATOIRE",44.831667,-0.525,74,1912092418,"","","","","","","","","","","","","","","","","","","","","","","","","","","","","","","","","","","","",14.6,9,"","","","","","","","","","","","","","","","","","","","","","","","","","","","","","","","","","","","","","","","","","","","",1016.3,9,1007.5,9,"","","","","","","","","","","","","","","","","","","","","","","","","","","","","","","","","","","","","","","","","","","","","","","","","","","","","","","","","","","","","","","","","","","","","","","","","","","","","","","","","","","","","","","","","","","","","","","","","","","","","","","","","","","","","","","",""
"33167001","BORDEAUX_OBSERVATOIRE",44.831667,-0.525,74,1912092421,"","","","","","","","","","","","","","","","","","","","","","","","","","","","","","","","","","","","",11.3,9,"","","","","","","","","","","","","","","","","","","","","","","","","","","","","","","","","","","","","","","","","","","","",1017.2,9,1008.2,9,"","","","","","","","","","","","","","","","","","","","","","","","","","","","","","","","","","","","","","","","","","","","","","","","","","","","","","","","","","","","","","","","","","","","","","","","","","","","","","","","","","","","","","","","","","","","","","","","","","","","","","","","","","","","","","","",""
"33167001","BORDEAUX_OBSERVATOIRE",44.831667,-0.525,74,1912092500,"","","","","","","","","","","","","","","","","","","","","","","","","","","","","","","","","","","","",8.9,9,"","","","","","","","","","","","","","","","","","","","","","","","","","","","","","","","","","","","","","","","","","","","",1016.5,9,1007.5,9,"","","","","","","","","","","","","","","","","","","","","","","","","","","","","","","","","","","","","","","","","","","","","","","","","","","","","","","","","","","","","","","","","","","","","","","","","","","","","","","","","","","","","","","","","","","","","","","","","","","","","","","","","","","","","","","",""
"33167001","BORDEAUX_OBSERVATOIRE",44.831667,-0.525,74,1912092503,"","","","","","","","","","","","","","","","","","","","","","","","","","","","","","","","","","","","",7.5,9,"","","","","","","","","","","","","","","","","","","","","","","","","","","","","","","","","","","","","","","","","","","","",1016.1,9,1007.,9,"","","","","","","","","","","","","","","","","","","","","","","","","","","","","","","","","","","","","","","","","","","","","","","","","","","","","","","","","","","","","","","","","","","","","","","","","","","","","","","","","","","","","","","","","","","","","","","","","","","","","","","","","","","","","","","",""
"33167001","BORDEAUX_OBSERVATOIRE",44.831667,-0.525,74,1912092507,"","","","","","","","","","","","","","","","","","","","","","","","","","","","","","","","","","","","",6.7,9,"","","","","","","","","","","","","","","","","","","","","","","","","","","","","","","","","","","","","","","","","","","","",1016.,9,1006.9,9,"","","","","","","","","","","","","","","","","","","","","","","","","","","","","","","","","","","","","","","","","","","","","","","","","","","","","","","","","","","","","","","","","","","","","","","","","","","","","","","","","","","","","","","","","","","","","","","","","","","","","","","","","","","","","","","",""
"33167001","BORDEAUX_OBSERVATOIRE",44.831667,-0.525,74,1912092509,"","","","","","","","","","","","","","","","","","","","","","","","","","","","","","","","","","","","",11.1,9,"","","","","","","","","","","","","","","","","","","","","","","","","","","","","","","","","","","","","","","","","","","","",1015.9,9,1007.,9,"","","","","","","","","","","","","","","","","","","","","","","","","","","","","","","","","","","","","","","","","","","","","","","","","","","","","","","","","","","","","","","","","","","","","","","","","","","","","","","","","","","","","","","","","","","","","","","","","","","","","","","","","","","","","","","",""
"33167001","BORDEAUX_OBSERVATOIRE",44.831667,-0.525,74,1912092512,"","","","","","","","","","","","","","","","","","","","","","","","","","","","","","","","","","","","",16.,9,"","","","","","","","","","","","","","","","","","","","","","","","","","","","","","","","","","","","","","","","","","","","",1015.5,9,1006.7,1,"","","","","","","","","","","","","","","","","","","","","","","","","","","","","","","","","","","","","","","","","","","","","","","","","","","","","","","","","","","","","","","","","","","","","","","","","","","","","","","","","","","","","","","","","","","","","","","","","","","","","","","","","","","","","","","",""
"33167001","BORDEAUX_OBSERVATOIRE",44.831667,-0.525,74,1912092515,"","","","","","","","","","","","","","","","","","","","","","","","","","","","","","","","","","","","",18.4,9,"","","","","","","","","","","","","","","","","","","","","","","","","","","","","","","","","","","","","","","","","","","","",1014.3,9,1005.6,9,"","","","","","","","","","","","","","","","","","","","","","","","","","","","","","","","","","","","","","","","","","","","","","","","","","","","","","","","","","","","","","","","","","","","","","","","","","","","","","","","","","","","","","","","","","","","","","","","","","","","","","","","","","","","","","","",""
"33167001","BORDEAUX_OBSERVATOIRE",44.831667,-0.525,74,1912092518,"","","","","","","","","","","","","","","","","","","","","","","","","","","","","","","","","","","","",15.,9,"","","","","","","","","","","","","","","","","","","","","","","","","","","","","","","","","","","","","","","","","","","","",1014.7,9,1005.9,9,"","","","","","","","","","","","","","","","","","","","","","","","","","","","","","","","","","","","","","","","","","","","","","","","","","","","","","","","","","","","","","","","","","","","","","","","","","","","","","","","","","","","","","","","","","","","","","","","","","","","","","","","","","","","","","","",""
"33167001","BORDEAUX_OBSERVATOIRE",44.831667,-0.525,74,1912092521,"","","","","","","","","","","","","","","","","","","","","","","","","","","","","","","","","","","","",12.9,9,"","","","","","","","","","","","","","","","","","","","","","","","","","","","","","","","","","","","","","","","","","","","",1015.1,9,1006.2,9,"","","","","","","","","","","","","","","","","","","","","","","","","","","","","","","","","","","","","","","","","","","","","","","","","","","","","","","","","","","","","","","","","","","","","","","","","","","","","","","","","","","","","","","","","","","","","","","","","","","","","","","","","","","","","","","",""
"33167001","BORDEAUX_OBSERVATOIRE",44.831667,-0.525,74,1912092600,"","","","","","","","","","","","","","","","","","","","","","","","","","","","","","","","","","","","",10.,9,"","","","","","","","","","","","","","","","","","","","","","","","","","","","","","","","","","","","","","","","","","","","",1014.8,9,1005.8,9,"","","","","","","","","","","","","","","","","","","","","","","","","","","","","","","","","","","","","","","","","","","","","","","","","","","","","","","","","","","","","","","","","","","","","","","","","","","","","","","","","","","","","","","","","","","","","","","","","","","","","","","","","","","","","","","",""
"33167001","BORDEAUX_OBSERVATOIRE",44.831667,-0.525,74,1912092603,"","","","","","","","","","","","","","","","","","","","","","","","","","","","","","","","","","","","",7.7,9,"","","","","","","","","","","","","","","","","","","","","","","","","","","","","","","","","","","","","","","","","","","","",1014.1,9,1005.1,9,"","","","","","","","","","","","","","","","","","","","","","","","","","","","","","","","","","","","","","","","","","","","","","","","","","","","","","","","","","","","","","","","","","","","","","","","","","","","","","","","","","","","","","","","","","","","","","","","","","","","","","","","","","","","","","","",""
"33167001","BORDEAUX_OBSERVATOIRE",44.831667,-0.525,74,1912092607,"","","","","","","","","","","","","","","","","","","","","","","","","","","","","","","","","","","","",8.1,9,"","","","","","","","","","","","","","","","","","","","","","","","","","","","","","","","","","","","","","","","","","","","",1014.4,9,1005.4,9,"","","","","","","","","","","","","","","","","","","","","","","","","","","","","","","","","","","","","","","","","","","","","","","","","","","","","","","","","","","","","","","","","","","","","","","","","","","","","","","","","","","","","","","","","","","","","","","","","","","","","","","","","","","","","","","",""
"33167001","BORDEAUX_OBSERVATOIRE",44.831667,-0.525,74,1912092609,"","","","","","","","","","","","","","","","","","","","","","","","","","","","","","","","","","","","",16.,9,"","","","","","","","","","","","","","","","","","","","","","","","","","","","","","","","","","","","","","","","","","","","",1014.5,9,1005.7,9,"","","","","","","","","","","","","","","","","","","","","","","","","","","","","","","","","","","","","","","","","","","","","","","","","","","","","","","","","","","","","","","","","","","","","","","","","","","","","","","","","","","","","","","","","","","","","","","","","","","","","","","","","","","","","","","",""
"33167001","BORDEAUX_OBSERVATOIRE",44.831667,-0.525,74,1912092612,"","","","","","","","","","","","","","","","","","","","","","","","","","","","","","","","","","","","",20.1,9,"","","","","","","","","","","","","","","","","","","","","","","","","","","","","","","","","","","","","","","","","","","","",1013.6,9,1005.,1,"","","","","","","","","","","","","","","","","","","","","","","","","","","","","","","","","","","","","","","","","","","","","","","","","","","","","","","","","","","","","","","","","","","","","","","","","","","","","","","","","","","","","","","","","","","","","","","","","","","","","","","","","","","","","","","",""
"33167001","BORDEAUX_OBSERVATOIRE",44.831667,-0.525,74,1912092615,"","","","","","","","","","","","","","","","","","","","","","","","","","","","","","","","","","","","",21.3,9,"","","","","","","","","","","","","","","","","","","","","","","","","","","","","","","","","","","","","","","","","","","","",1012.4,9,1003.8,9,"","","","","","","","","","","","","","","","","","","","","","","","","","","","","","","","","","","","","","","","","","","","","","","","","","","","","","","","","","","","","","","","","","","","","","","","","","","","","","","","","","","","","","","","","","","","","","","","","","","","","","","","","","","","","","","",""
"33167001","BORDEAUX_OBSERVATOIRE",44.831667,-0.525,74,1912092618,"","","","","","","","","","","","","","","","","","","","","","","","","","","","","","","","","","","","",16.7,9,"","","","","","","","","","","","","","","","","","","","","","","","","","","","","","","","","","","","","","","","","","","","",1012.1,9,1003.4,9,"","","","","","","","","","","","","","","","","","","","","","","","","","","","","","","","","","","","","","","","","","","","","","","","","","","","","","","","","","","","","","","","","","","","","","","","","","","","","","","","","","","","","","","","","","","","","","","","","","","","","","","","","","","","","","","",""
"33167001","BORDEAUX_OBSERVATOIRE",44.831667,-0.525,74,1912092621,"","","","","","","","","","","","","","","","","","","","","","","","","","","","","","","","","","","","",14.8,9,"","","","","","","","","","","","","","","","","","","","","","","","","","","","","","","","","","","","","","","","","","","","",1012.2,9,1003.4,9,"","","","","","","","","","","","","","","","","","","","","","","","","","","","","","","","","","","","","","","","","","","","","","","","","","","","","","","","","","","","","","","","","","","","","","","","","","","","","","","","","","","","","","","","","","","","","","","","","","","","","","","","","","","","","","","",""
"33167001","BORDEAUX_OBSERVATOIRE",44.831667,-0.525,74,1912092700,"","","","","","","","","","","","","","","","","","","","","","","","","","","","","","","","","","","","",11.6,9,"","","","","","","","","","","","","","","","","","","","","","","","","","","","","","","","","","","","","","","","","","","","",1012.,9,1003.1,9,"","","","","","","","","","","","","","","","","","","","","","","","","","","","","","","","","","","","","","","","","","","","","","","","","","","","","","","","","","","","","","","","","","","","","","","","","","","","","","","","","","","","","","","","","","","","","","","","","","","","","","","","","","","","","","","",""
"33167001","BORDEAUX_OBSERVATOIRE",44.831667,-0.525,74,1912092703,"","","","","","","","","","","","","","","","","","","","","","","","","","","","","","","","","","","","",9.7,9,"","","","","","","","","","","","","","","","","","","","","","","","","","","","","","","","","","","","","","","","","","","","",1010.9,9,1002.,9,"","","","","","","","","","","","","","","","","","","","","","","","","","","","","","","","","","","","","","","","","","","","","","","","","","","","","","","","","","","","","","","","","","","","","","","","","","","","","","","","","","","","","","","","","","","","","","","","","","","","","","","","","","","","","","","",""
"33167001","BORDEAUX_OBSERVATOIRE",44.831667,-0.525,74,1912092707,"","","","","","","","","","","","","","","","","","","","","","","","","","","","","","","","","","","","",10.5,9,"","","","","","","","","","","","","","","","","","","","","","","","","","","","","","","","","","","","","","","","","","","","",1011.1,9,1002.2,9,"","","","","","","","","","","","","","","","","","","","","","","","","","","","","","","","","","","","","","","","","","","","","","","","","","","","","","","","","","","","","","","","","","","","","","","","","","","","","","","","","","","","","","","","","","","","","","","","","","","","","","","","","","","","","","","",""
"33167001","BORDEAUX_OBSERVATOIRE",44.831667,-0.525,74,1912092709,"","","","","","","","","","","","","","","","","","","","","","","","","","","","","","","","","","","","",14.,9,"","","","","","","","","","","","","","","","","","","","","","","","","","","","","","","","","","","","","","","","","","","","",1011.5,9,1002.7,9,"","","","","","","","","","","","","","","","","","","","","","","","","","","","","","","","","","","","","","","","","","","","","","","","","","","","","","","","","","","","","","","","","","","","","","","","","","","","","","","","","","","","","","","","","","","","","","","","","","","","","","","","","","","","","","","",""
"33167001","BORDEAUX_OBSERVATOIRE",44.831667,-0.525,74,1912092712,"","","","","","","","","","","","","","","","","","","","","","","","","","","","","","","","","","","","",18.8,9,"","","","","","","","","","","","","","","","","","","","","","","","","","","","","","","","","","","","","","","","","","","","",1011.2,9,1002.6,1,"","","","","","","","","","","","","","","","","","","","","","","","","","","","","","","","","","","","","","","","","","","","","","","","","","","","","","","","","","","","","","","","","","","","","","","","","","","","","","","","","","","","","","","","","","","","","","","","","","","","","","","","","","","","","","","",""
"33167001","BORDEAUX_OBSERVATOIRE",44.831667,-0.525,74,1912092715,"","","","","","","","","","","","","","","","","","","","","","","","","","","","","","","","","","","","",20.6,9,"","","","","","","","","","","","","","","","","","","","","","","","","","","","","","","","","","","","","","","","","","","","",1010.2,9,1001.6,9,"","","","","","","","","","","","","","","","","","","","","","","","","","","","","","","","","","","","","","","","","","","","","","","","","","","","","","","","","","","","","","","","","","","","","","","","","","","","","","","","","","","","","","","","","","","","","","","","","","","","","","","","","","","","","","","",""
"33167001","BORDEAUX_OBSERVATOIRE",44.831667,-0.525,74,1912092718,"","","","","","","","","","","","","","","","","","","","","","","","","","","","","","","","","","","","",17.7,9,"","","","","","","","","","","","","","","","","","","","","","","","","","","","","","","","","","","","","","","","","","","","",1009.8,9,1001.1,9,"","","","","","","","","","","","","","","","","","","","","","","","","","","","","","","","","","","","","","","","","","","","","","","","","","","","","","","","","","","","","","","","","","","","","","","","","","","","","","","","","","","","","","","","","","","","","","","","","","","","","","","","","","","","","","","",""
"33167001","BORDEAUX_OBSERVATOIRE",44.831667,-0.525,74,1912092721,"","","","","","","","","","","","","","","","","","","","","","","","","","","","","","","","","","","","",15.8,9,"","","","","","","","","","","","","","","","","","","","","","","","","","","","","","","","","","","","","","","","","","","","",1009.9,9,1001.2,9,"","","","","","","","","","","","","","","","","","","","","","","","","","","","","","","","","","","","","","","","","","","","","","","","","","","","","","","","","","","","","","","","","","","","","","","","","","","","","","","","","","","","","","","","","","","","","","","","","","","","","","","","","","","","","","","",""
"33167001","BORDEAUX_OBSERVATOIRE",44.831667,-0.525,74,1912092800,"","","","","","","","","","","","","","","","","","","","","","","","","","","","","","","","","","","","",13.,9,"","","","","","","","","","","","","","","","","","","","","","","","","","","","","","","","","","","","","","","","","","","","",1009.,9,1000.2,9,"","","","","","","","","","","","","","","","","","","","","","","","","","","","","","","","","","","","","","","","","","","","","","","","","","","","","","","","","","","","","","","","","","","","","","","","","","","","","","","","","","","","","","","","","","","","","","","","","","","","","","","","","","","","","","","",""
"33167001","BORDEAUX_OBSERVATOIRE",44.831667,-0.525,74,1912092803,"","","","","","","","","","","","","","","","","","","","","","","","","","","","","","","","","","","","",12.8,9,"","","","","","","","","","","","","","","","","","","","","","","","","","","","","","","","","","","","","","","","","","","","",1007.6,9,998.8,9,"","","","","","","","","","","","","","","","","","","","","","","","","","","","","","","","","","","","","","","","","","","","","","","","","","","","","","","","","","","","","","","","","","","","","","","","","","","","","","","","","","","","","","","","","","","","","","","","","","","","","","","","","","","","","","","",""
"33167001","BORDEAUX_OBSERVATOIRE",44.831667,-0.525,74,1912092807,"","","","","","","","","","","","","","","","","","","","","","","","","","","","","","","","","","","","",14.5,9,"","","","","","","","","","","","","","","","","","","","","","","","","","","","","","","","","","","","","","","","","","","","",1007.5,9,998.7,9,"","","","","","","","","","","","","","","","","","","","","","","","","","","","","","","","","","","","","","","","","","","","","","","","","","","","","","","","","","","","","","","","","","","","","","","","","","","","","","","","","","","","","","","","","","","","","","","","","","","","","","","","","","","","","","","",""
"33167001","BORDEAUX_OBSERVATOIRE",44.831667,-0.525,74,1912092809,"","","","","","","","","","","","","","","","","","","","","","","","","","","","","","","","","","","","",18.9,9,"","","","","","","","","","","","","","","","","","","","","","","","","","","","","","","","","","","","","","","","","","","","",1008.3,9,999.7,9,"","","","","","","","","","","","","","","","","","","","","","","","","","","","","","","","","","","","","","","","","","","","","","","","","","","","","","","","","","","","","","","","","","","","","","","","","","","","","","","","","","","","","","","","","","","","","","","","","","","","","","","","","","","","","","","",""
"33167001","BORDEAUX_OBSERVATOIRE",44.831667,-0.525,74,1912092812,"","","","","","","","","","","","","","","","","","","","","","","","","","","","","","","","","","","","",16.7,9,"","","","","","","","","","","","","","","","","","","","","","","","","","","","","","","","","","","","","","","","","","","","",1009.3,9,1000.6,1,"","","","","","","","","","","","","","","","","","","","","","","","","","","","","","","","","","","","","","","","","","","","","","","","","","","","","","","","","","","","","","","","","","","","","","","","","","","","","","","","","","","","","","","","","","","","","","","","","","","","","","","","","","","","","","","",""
"33167001","BORDEAUX_OBSERVATOIRE",44.831667,-0.525,74,1912092815,"","","","","","","","","","","","","","","","","","","","","","","","","","","","","","","","","","","","",17.2,9,"","","","","","","","","","","","","","","","","","","","","","","","","","","","","","","","","","","","","","","","","","","","",1009.9,9,1001.2,9,"","","","","","","","","","","","","","","","","","","","","","","","","","","","","","","","","","","","","","","","","","","","","","","","","","","","","","","","","","","","","","","","","","","","","","","","","","","","","","","","","","","","","","","","","","","","","","","","","","","","","","","","","","","","","","","",""
"33167001","BORDEAUX_OBSERVATOIRE",44.831667,-0.525,74,1912092818,"","","","","","","","","","","","","","","","","","","","","","","","","","","","","","","","","","","","",13.,9,"","","","","","","","","","","","","","","","","","","","","","","","","","","","","","","","","","","","","","","","","","","","",1012.6,9,1003.7,9,"","","","","","","","","","","","","","","","","","","","","","","","","","","","","","","","","","","","","","","","","","","","","","","","","","","","","","","","","","","","","","","","","","","","","","","","","","","","","","","","","","","","","","","","","","","","","","","","","","","","","","","","","","","","","","","",""
"33167001","BORDEAUX_OBSERVATOIRE",44.831667,-0.525,74,1912092821,"","","","","","","","","","","","","","","","","","","","","","","","","","","","","","","","","","","","",11.6,9,"","","","","","","","","","","","","","","","","","","","","","","","","","","","","","","","","","","","","","","","","","","","",1014.3,9,1005.4,9,"","","","","","","","","","","","","","","","","","","","","","","","","","","","","","","","","","","","","","","","","","","","","","","","","","","","","","","","","","","","","","","","","","","","","","","","","","","","","","","","","","","","","","","","","","","","","","","","","","","","","","","","","","","","","","","",""
"33167001","BORDEAUX_OBSERVATOIRE",44.831667,-0.525,74,1912092900,"","","","","","","","","","","","","","","","","","","","","","","","","","","","","","","","","","","","",11.6,9,"","","","","","","","","","","","","","","","","","","","","","","","","","","","","","","","","","","","","","","","","","","","",1015.9,9,1007.,9,"","","","","","","","","","","","","","","","","","","","","","","","","","","","","","","","","","","","","","","","","","","","","","","","","","","","","","","","","","","","","","","","","","","","","","","","","","","","","","","","","","","","","","","","","","","","","","","","","","","","","","","","","","","","","","","",""
"33167001","BORDEAUX_OBSERVATOIRE",44.831667,-0.525,74,1912092903,"","","","","","","","","","","","","","","","","","","","","","","","","","","","","","","","","","","","",10.5,9,"","","","","","","","","","","","","","","","","","","","","","","","","","","","","","","","","","","","","","","","","","","","",1015.7,9,1006.7,9,"","","","","","","","","","","","","","","","","","","","","","","","","","","","","","","","","","","","","","","","","","","","","","","","","","","","","","","","","","","","","","","","","","","","","","","","","","","","","","","","","","","","","","","","","","","","","","","","","","","","","","","","","","","","","","","",""
"33167001","BORDEAUX_OBSERVATOIRE",44.831667,-0.525,74,1912092907,"","","","","","","","","","","","","","","","","","","","","","","","","","","","","","","","","","","","",10.1,9,"","","","","","","","","","","","","","","","","","","","","","","","","","","","","","","","","","","","","","","","","","","","",1016.7,9,1007.7,9,"","","","","","","","","","","","","","","","","","","","","","","","","","","","","","","","","","","","","","","","","","","","","","","","","","","","","","","","","","","","","","","","","","","","","","","","","","","","","","","","","","","","","","","","","","","","","","","","","","","","","","","","","","","","","","","",""
"33167001","BORDEAUX_OBSERVATOIRE",44.831667,-0.525,74,1912092909,"","","","","","","","","","","","","","","","","","","","","","","","","","","","","","","","","","","","",13.,9,"","","","","","","","","","","","","","","","","","","","","","","","","","","","","","","","","","","","","","","","","","","","",1016.3,9,1007.4,9,"","","","","","","","","","","","","","","","","","","","","","","","","","","","","","","","","","","","","","","","","","","","","","","","","","","","","","","","","","","","","","","","","","","","","","","","","","","","","","","","","","","","","","","","","","","","","","","","","","","","","","","","","","","","","","","",""
"33167001","BORDEAUX_OBSERVATOIRE",44.831667,-0.525,74,1912092912,"","","","","","","","","","","","","","","","","","","","","","","","","","","","","","","","","","","","",19.1,9,"","","","","","","","","","","","","","","","","","","","","","","","","","","","","","","","","","","","","","","","","","","","",1015.,9,1006.3,1,"","","","","","","","","","","","","","","","","","","","","","","","","","","","","","","","","","","","","","","","","","","","","","","","","","","","","","","","","","","","","","","","","","","","","","","","","","","","","","","","","","","","","","","","","","","","","","","","","","","","","","","","","","","","","","","",""
"33167001","BORDEAUX_OBSERVATOIRE",44.831667,-0.525,74,1912092915,"","","","","","","","","","","","","","","","","","","","","","","","","","","","","","","","","","","","",18.5,9,"","","","","","","","","","","","","","","","","","","","","","","","","","","","","","","","","","","","","","","","","","","","",1013.7,9,1005.,9,"","","","","","","","","","","","","","","","","","","","","","","","","","","","","","","","","","","","","","","","","","","","","","","","","","","","","","","","","","","","","","","","","","","","","","","","","","","","","","","","","","","","","","","","","","","","","","","","","","","","","","","","","","","","","","","",""
"33167001","BORDEAUX_OBSERVATOIRE",44.831667,-0.525,74,1912092918,"","","","","","","","","","","","","","","","","","","","","","","","","","","","","","","","","","","","",15.8,9,"","","","","","","","","","","","","","","","","","","","","","","","","","","","","","","","","","","","","","","","","","","","",1013.,9,1004.2,9,"","","","","","","","","","","","","","","","","","","","","","","","","","","","","","","","","","","","","","","","","","","","","","","","","","","","","","","","","","","","","","","","","","","","","","","","","","","","","","","","","","","","","","","","","","","","","","","","","","","","","","","","","","","","","","","",""
"33167001","BORDEAUX_OBSERVATOIRE",44.831667,-0.525,74,1912092921,"","","","","","","","","","","","","","","","","","","","","","","","","","","","","","","","","","","","",15.6,9,"","","","","","","","","","","","","","","","","","","","","","","","","","","","","","","","","","","","","","","","","","","","",1011.6,9,1002.8,9,"","","","","","","","","","","","","","","","","","","","","","","","","","","","","","","","","","","","","","","","","","","","","","","","","","","","","","","","","","","","","","","","","","","","","","","","","","","","","","","","","","","","","","","","","","","","","","","","","","","","","","","","","","","","","","","",""
"33167001","BORDEAUX_OBSERVATOIRE",44.831667,-0.525,74,1912093000,"","","","","","","","","","","","","","","","","","","","","","","","","","","","","","","","","","","","",14.3,9,"","","","","","","","","","","","","","","","","","","","","","","","","","","","","","","","","","","","","","","","","","","","",1010.,9,1001.2,9,"","","","","","","","","","","","","","","","","","","","","","","","","","","","","","","","","","","","","","","","","","","","","","","","","","","","","","","","","","","","","","","","","","","","","","","","","","","","","","","","","","","","","","","","","","","","","","","","","","","","","","","","","","","","","","","",""
"33167001","BORDEAUX_OBSERVATOIRE",44.831667,-0.525,74,1912093003,"","","","","","","","","","","","","","","","","","","","","","","","","","","","","","","","","","","","",14.7,9,"","","","","","","","","","","","","","","","","","","","","","","","","","","","","","","","","","","","","","","","","","","","",1008.8,9,1000.,9,"","","","","","","","","","","","","","","","","","","","","","","","","","","","","","","","","","","","","","","","","","","","","","","","","","","","","","","","","","","","","","","","","","","","","","","","","","","","","","","","","","","","","","","","","","","","","","","","","","","","","","","","","","","","","","","",""
"33167001","BORDEAUX_OBSERVATOIRE",44.831667,-0.525,74,1912093007,"","","","","","","","","","","","","","","","","","","","","","","","","","","","","","","","","","","","",14.1,9,"","","","","","","","","","","","","","","","","","","","","","","","","","","","","","","","","","","","","","","","","","","","",1008.9,9,1000.1,9,"","","","","","","","","","","","","","","","","","","","","","","","","","","","","","","","","","","","","","","","","","","","","","","","","","","","","","","","","","","","","","","","","","","","","","","","","","","","","","","","","","","","","","","","","","","","","","","","","","","","","","","","","","","","","","","",""
"33167001","BORDEAUX_OBSERVATOIRE",44.831667,-0.525,74,1912093009,"","","","","","","","","","","","","","","","","","","","","","","","","","","","","","","","","","","","",16.1,9,"","","","","","","","","","","","","","","","","","","","","","","","","","","","","","","","","","","","","","","","","","","","",1008.6,9,999.9,9,"","","","","","","","","","","","","","","","","","","","","","","","","","","","","","","","","","","","","","","","","","","","","","","","","","","","","","","","","","","","","","","","","","","","","","","","","","","","","","","","","","","","","","","","","","","","","","","","","","","","","","","","","","","","","","","",""
"33167001","BORDEAUX_OBSERVATOIRE",44.831667,-0.525,74,1912093012,"","","","","","","","","","","","","","","","","","","","","","","","","","","","","","","","","","","","",20.6,9,"","","","","","","","","","","","","","","","","","","","","","","","","","","","","","","","","","","","","","","","","","","","",1008.4,9,999.8,1,"","","","","","","","","","","","","","","","","","","","","","","","","","","","","","","","","","","","","","","","","","","","","","","","","","","","","","","","","","","","","","","","","","","","","","","","","","","","","","","","","","","","","","","","","","","","","","","","","","","","","","","","","","","","","","","",""
"33167001","BORDEAUX_OBSERVATOIRE",44.831667,-0.525,74,1912093015,"","","","","","","","","","","","","","","","","","","","","","","","","","","","","","","","","","","","",17.,9,"","","","","","","","","","","","","","","","","","","","","","","","","","","","","","","","","","","","","","","","","","","","",1007.9,9,999.2,9,"","","","","","","","","","","","","","","","","","","","","","","","","","","","","","","","","","","","","","","","","","","","","","","","","","","","","","","","","","","","","","","","","","","","","","","","","","","","","","","","","","","","","","","","","","","","","","","","","","","","","","","","","","","","","","","",""
"33167001","BORDEAUX_OBSERVATOIRE",44.831667,-0.525,74,1912093018,"","","","","","","","","","","","","","","","","","","","","","","","","","","","","","","","","","","","",18.,9,"","","","","","","","","","","","","","","","","","","","","","","","","","","","","","","","","","","","","","","","","","","","",1006.4,9,997.8,9,"","","","","","","","","","","","","","","","","","","","","","","","","","","","","","","","","","","","","","","","","","","","","","","","","","","","","","","","","","","","","","","","","","","","","","","","","","","","","","","","","","","","","","","","","","","","","","","","","","","","","","","","","","","","","","","",""
"33167001","BORDEAUX_OBSERVATOIRE",44.831667,-0.525,74,1912093021,"","","","","","","","","","","","","","","","","","","","","","","","","","","","","","","","","","","","",17.3,9,"","","","","","","","","","","","","","","","","","","","","","","","","","","","","","","","","","","","","","","","","","","","",1007.7,9,999.,9,"","","","","","","","","","","","","","","","","","","","","","","","","","","","","","","","","","","","","","","","","","","","","","","","","","","","","","","","","","","","","","","","","","","","","","","","","","","","","","","","","","","","","","","","","","","","","","","","","","","","","","","","","","","","","","","",""
"33167001","BORDEAUX_OBSERVATOIRE",44.831667,-0.525,74,1912100100,"","","","","","","","","","","","","","","","","","","","","","","","","","","","","","","","","","","","",15.9,9,"","","","","","","","","","","","","","","","","","","","","","","","","","","","","","","","","","","","","","","","","","","","",1007.8,9,999.1,9,"","","","","","","","","","","","","","","","","","","","","","","","","","","","","","","","","","","","","","","","","","","","","","","","","","","","","","","","","","","","","","","","","","","","","","","","","","","","","","","","","","","","","","","","","","","","","","","","","","","","","","","","","","","","","","","",""
"33167001","BORDEAUX_OBSERVATOIRE",44.831667,-0.525,74,1912100103,"","","","","","","","","","","","","","","","","","","","","","","","","","","","","","","","","","","","",15.2,9,"","","","","","","","","","","","","","","","","","","","","","","","","","","","","","","","","","","","","","","","","","","","",1007.7,9,999.,9,"","","","","","","","","","","","","","","","","","","","","","","","","","","","","","","","","","","","","","","","","","","","","","","","","","","","","","","","","","","","","","","","","","","","","","","","","","","","","","","","","","","","","","","","","","","","","","","","","","","","","","","","","","","","","","","",""
"33167001","BORDEAUX_OBSERVATOIRE",44.831667,-0.525,74,1912100107,"","","","","","","","","","","","","","","","","","","","","","","","","","","","","","","","","","","","",15.3,9,"","","","","","","","","","","","","","","","","","","","","","","","","","","","","","","","","","","","","","","","","","","","",1008.4,9,999.7,9,"","","","","","","","","","","","","","","","","","","","","","","","","","","","","","","","","","","","","","","","","","","","","","","","","","","","","","","","","","","","","","","","","","","","","","","","","","","","","","","","","","","","","","","","","","","","","","","","","","","","","","","","","","","","","","","",""
"33167001","BORDEAUX_OBSERVATOIRE",44.831667,-0.525,74,1912100109,"","","","","","","","","","","","","","","","","","","","","","","","","","","","","","","","","","","","",17.8,9,"","","","","","","","","","","","","","","","","","","","","","","","","","","","","","","","","","","","","","","","","","","","",1007.1,9,998.5,9,"","","","","","","","","","","","","","","","","","","","","","","","","","","","","","","","","","","","","","","","","","","","","","","","","","","","","","","","","","","","","","","","","","","","","","","","","","","","","","","","","","","","","","","","","","","","","","","","","","","","","","","","","","","","","","","",""
"33167001","BORDEAUX_OBSERVATOIRE",44.831667,-0.525,74,1912100112,"","","","","","","","","","","","","","","","","","","","","","","","","","","","","","","","","","","","",19.6,9,"","","","","","","","","","","","","","","","","","","","","","","","","","","","","","","","","","","","","","","","","","","","",1006.3,9,997.7,1,"","","","","","","","","","","","","","","","","","","","","","","","","","","","","","","","","","","","","","","","","","","","","","","","","","","","","","","","","","","","","","","","","","","","","","","","","","","","","","","","","","","","","","","","","","","","","","","","","","","","","","","","","","","","","","","",""
"33167001","BORDEAUX_OBSERVATOIRE",44.831667,-0.525,74,1912100115,"","","","","","","","","","","","","","","","","","","","","","","","","","","","","","","","","","","","",18.3,9,"","","","","","","","","","","","","","","","","","","","","","","","","","","","","","","","","","","","","","","","","","","","",1004.8,9,996.2,9,"","","","","","","","","","","","","","","","","","","","","","","","","","","","","","","","","","","","","","","","","","","","","","","","","","","","","","","","","","","","","","","","","","","","","","","","","","","","","","","","","","","","","","","","","","","","","","","","","","","","","","","","","","","","","","","",""
"33167001","BORDEAUX_OBSERVATOIRE",44.831667,-0.525,74,1912100118,"","","","","","","","","","","","","","","","","","","","","","","","","","","","","","","","","","","","",18.,9,"","","","","","","","","","","","","","","","","","","","","","","","","","","","","","","","","","","","","","","","","","","","",1004.8,9,996.2,9,"","","","","","","","","","","","","","","","","","","","","","","","","","","","","","","","","","","","","","","","","","","","","","","","","","","","","","","","","","","","","","","","","","","","","","","","","","","","","","","","","","","","","","","","","","","","","","","","","","","","","","","","","","","","","","","",""
"33167001","BORDEAUX_OBSERVATOIRE",44.831667,-0.525,74,1912100121,"","","","","","","","","","","","","","","","","","","","","","","","","","","","","","","","","","","","",16.8,9,"","","","","","","","","","","","","","","","","","","","","","","","","","","","","","","","","","","","","","","","","","","","",1005.7,9,997.,9,"","","","","","","","","","","","","","","","","","","","","","","","","","","","","","","","","","","","","","","","","","","","","","","","","","","","","","","","","","","","","","","","","","","","","","","","","","","","","","","","","","","","","","","","","","","","","","","","","","","","","","","","","","","","","","","",""
"33167001","BORDEAUX_OBSERVATOIRE",44.831667,-0.525,74,1912100200,"","","","","","","","","","","","","","","","","","","","","","","","","","","","","","","","","","","","",13.,9,"","","","","","","","","","","","","","","","","","","","","","","","","","","","","","","","","","","","","","","","","","","","",1006.,9,997.2,9,"","","","","","","","","","","","","","","","","","","","","","","","","","","","","","","","","","","","","","","","","","","","","","","","","","","","","","","","","","","","","","","","","","","","","","","","","","","","","","","","","","","","","","","","","","","","","","","","","","","","","","","","","","","","","","","",""
"33167001","BORDEAUX_OBSERVATOIRE",44.831667,-0.525,74,1912100203,"","","","","","","","","","","","","","","","","","","","","","","","","","","","","","","","","","","","",13.,9,"","","","","","","","","","","","","","","","","","","","","","","","","","","","","","","","","","","","","","","","","","","","",1005.5,9,996.7,9,"","","","","","","","","","","","","","","","","","","","","","","","","","","","","","","","","","","","","","","","","","","","","","","","","","","","","","","","","","","","","","","","","","","","","","","","","","","","","","","","","","","","","","","","","","","","","","","","","","","","","","","","","","","","","","","",""
"33167001","BORDEAUX_OBSERVATOIRE",44.831667,-0.525,74,1912100207,"","","","","","","","","","","","","","","","","","","","","","","","","","","","","","","","","","","","",12.8,9,"","","","","","","","","","","","","","","","","","","","","","","","","","","","","","","","","","","","","","","","","","","","",1004.7,9,995.9,9,"","","","","","","","","","","","","","","","","","","","","","","","","","","","","","","","","","","","","","","","","","","","","","","","","","","","","","","","","","","","","","","","","","","","","","","","","","","","","","","","","","","","","","","","","","","","","","","","","","","","","","","","","","","","","","","",""
"33167001","BORDEAUX_OBSERVATOIRE",44.831667,-0.525,74,1912100209,"","","","","","","","","","","","","","","","","","","","","","","","","","","","","","","","","","","","",15.4,9,"","","","","","","","","","","","","","","","","","","","","","","","","","","","","","","","","","","","","","","","","","","","",1005.3,9,996.6,9,"","","","","","","","","","","","","","","","","","","","","","","","","","","","","","","","","","","","","","","","","","","","","","","","","","","","","","","","","","","","","","","","","","","","","","","","","","","","","","","","","","","","","","","","","","","","","","","","","","","","","","","","","","","","","","","",""
"33167001","BORDEAUX_OBSERVATOIRE",44.831667,-0.525,74,1912100212,"","","","","","","","","","","","","","","","","","","","","","","","","","","","","","","","","","","","",19.7,9,"","","","","","","","","","","","","","","","","","","","","","","","","","","","","","","","","","","","","","","","","","","","",1003.,9,994.5,1,"","","","","","","","","","","","","","","","","","","","","","","","","","","","","","","","","","","","","","","","","","","","","","","","","","","","","","","","","","","","","","","","","","","","","","","","","","","","","","","","","","","","","","","","","","","","","","","","","","","","","","","","","","","","","","","",""
"33167001","BORDEAUX_OBSERVATOIRE",44.831667,-0.525,74,1912100215,"","","","","","","","","","","","","","","","","","","","","","","","","","","","","","","","","","","","",17.2,9,"","","","","","","","","","","","","","","","","","","","","","","","","","","","","","","","","","","","","","","","","","","","",1001.7,9,993.1,9,"","","","","","","","","","","","","","","","","","","","","","","","","","","","","","","","","","","","","","","","","","","","","","","","","","","","","","","","","","","","","","","","","","","","","","","","","","","","","","","","","","","","","","","","","","","","","","","","","","","","","","","","","","","","","","","",""
"33167001","BORDEAUX_OBSERVATOIRE",44.831667,-0.525,74,1912100218,"","","","","","","","","","","","","","","","","","","","","","","","","","","","","","","","","","","","",14.2,9,"","","","","","","","","","","","","","","","","","","","","","","","","","","","","","","","","","","","","","","","","","","","",1002.,9,993.3,9,"","","","","","","","","","","","","","","","","","","","","","","","","","","","","","","","","","","","","","","","","","","","","","","","","","","","","","","","","","","","","","","","","","","","","","","","","","","","","","","","","","","","","","","","","","","","","","","","","","","","","","","","","","","","","","","",""
"33167001","BORDEAUX_OBSERVATOIRE",44.831667,-0.525,74,1912100221,"","","","","","","","","","","","","","","","","","","","","","","","","","","","","","","","","","","","",13.8,9,"","","","","","","","","","","","","","","","","","","","","","","","","","","","","","","","","","","","","","","","","","","","",1003.4,9,994.7,9,"","","","","","","","","","","","","","","","","","","","","","","","","","","","","","","","","","","","","","","","","","","","","","","","","","","","","","","","","","","","","","","","","","","","","","","","","","","","","","","","","","","","","","","","","","","","","","","","","","","","","","","","","","","","","","","",""
"33167001","BORDEAUX_OBSERVATOIRE",44.831667,-0.525,74,1912100300,"","","","","","","","","","","","","","","","","","","","","","","","","","","","","","","","","","","","",12.8,9,"","","","","","","","","","","","","","","","","","","","","","","","","","","","","","","","","","","","","","","","","","","","",1003.9,9,995.1,9,"","","","","","","","","","","","","","","","","","","","","","","","","","","","","","","","","","","","","","","","","","","","","","","","","","","","","","","","","","","","","","","","","","","","","","","","","","","","","","","","","","","","","","","","","","","","","","","","","","","","","","","","","","","","","","","",""
"33167001","BORDEAUX_OBSERVATOIRE",44.831667,-0.525,74,1912100303,"","","","","","","","","","","","","","","","","","","","","","","","","","","","","","","","","","","","",11.9,9,"","","","","","","","","","","","","","","","","","","","","","","","","","","","","","","","","","","","","","","","","","","","",1004.7,9,995.9,9,"","","","","","","","","","","","","","","","","","","","","","","","","","","","","","","","","","","","","","","","","","","","","","","","","","","","","","","","","","","","","","","","","","","","","","","","","","","","","","","","","","","","","","","","","","","","","","","","","","","","","","","","","","","","","","","",""
"33167001","BORDEAUX_OBSERVATOIRE",44.831667,-0.525,74,1912100307,"","","","","","","","","","","","","","","","","","","","","","","","","","","","","","","","","","","","",12.3,9,"","","","","","","","","","","","","","","","","","","","","","","","","","","","","","","","","","","","","","","","","","","","",1006.9,9,998.1,9,"","","","","","","","","","","","","","","","","","","","","","","","","","","","","","","","","","","","","","","","","","","","","","","","","","","","","","","","","","","","","","","","","","","","","","","","","","","","","","","","","","","","","","","","","","","","","","","","","","","","","","","","","","","","","","","",""
"33167001","BORDEAUX_OBSERVATOIRE",44.831667,-0.525,74,1912100309,"","","","","","","","","","","","","","","","","","","","","","","","","","","","","","","","","","","","",15.7,9,"","","","","","","","","","","","","","","","","","","","","","","","","","","","","","","","","","","","","","","","","","","","",1008.9,9,1000.2,9,"","","","","","","","","","","","","","","","","","","","","","","","","","","","","","","","","","","","","","","","","","","","","","","","","","","","","","","","","","","","","","","","","","","","","","","","","","","","","","","","","","","","","","","","","","","","","","","","","","","","","","","","","","","","","","","",""
"33167001","BORDEAUX_OBSERVATOIRE",44.831667,-0.525,74,1912100312,"","","","","","","","","","","","","","","","","","","","","","","","","","","","","","","","","","","","",19.2,9,"","","","","","","","","","","","","","","","","","","","","","","","","","","","","","","","","","","","","","","","","","","","",1009.5,9,1000.9,1,"","","","","","","","","","","","","","","","","","","","","","","","","","","","","","","","","","","","","","","","","","","","","","","","","","","","","","","","","","","","","","","","","","","","","","","","","","","","","","","","","","","","","","","","","","","","","","","","","","","","","","","","","","","","","","","",""
"33167001","BORDEAUX_OBSERVATOIRE",44.831667,-0.525,74,1912100315,"","","","","","","","","","","","","","","","","","","","","","","","","","","","","","","","","","","","",15.3,9,"","","","","","","","","","","","","","","","","","","","","","","","","","","","","","","","","","","","","","","","","","","","",1011.2,9,1002.4,9,"","","","","","","","","","","","","","","","","","","","","","","","","","","","","","","","","","","","","","","","","","","","","","","","","","","","","","","","","","","","","","","","","","","","","","","","","","","","","","","","","","","","","","","","","","","","","","","","","","","","","","","","","","","","","","","",""
"33167001","BORDEAUX_OBSERVATOIRE",44.831667,-0.525,74,1912100318,"","","","","","","","","","","","","","","","","","","","","","","","","","","","","","","","","","","","",12.1,9,"","","","","","","","","","","","","","","","","","","","","","","","","","","","","","","","","","","","","","","","","","","","",1014.4,9,1005.5,9,"","","","","","","","","","","","","","","","","","","","","","","","","","","","","","","","","","","","","","","","","","","","","","","","","","","","","","","","","","","","","","","","","","","","","","","","","","","","","","","","","","","","","","","","","","","","","","","","","","","","","","","","","","","","","","","",""
"33167001","BORDEAUX_OBSERVATOIRE",44.831667,-0.525,74,1912100321,"","","","","","","","","","","","","","","","","","","","","","","","","","","","","","","","","","","","",10.3,9,"","","","","","","","","","","","","","","","","","","","","","","","","","","","","","","","","","","","","","","","","","","","",1017.4,9,1008.4,9,"","","","","","","","","","","","","","","","","","","","","","","","","","","","","","","","","","","","","","","","","","","","","","","","","","","","","","","","","","","","","","","","","","","","","","","","","","","","","","","","","","","","","","","","","","","","","","","","","","","","","","","","","","","","","","","",""
"33167001","BORDEAUX_OBSERVATOIRE",44.831667,-0.525,74,1912100400,"","","","","","","","","","","","","","","","","","","","","","","","","","","","","","","","","","","","",8.6,9,"","","","","","","","","","","","","","","","","","","","","","","","","","","","","","","","","","","","","","","","","","","","",1019.5,9,1010.4,9,"","","","","","","","","","","","","","","","","","","","","","","","","","","","","","","","","","","","","","","","","","","","","","","","","","","","","","","","","","","","","","","","","","","","","","","","","","","","","","","","","","","","","","","","","","","","","","","","","","","","","","","","","","","","","","","",""
"33167001","BORDEAUX_OBSERVATOIRE",44.831667,-0.525,74,1912100403,"","","","","","","","","","","","","","","","","","","","","","","","","","","","","","","","","","","","",7.,9,"","","","","","","","","","","","","","","","","","","","","","","","","","","","","","","","","","","","","","","","","","","","",1021.1,9,1012.,9,"","","","","","","","","","","","","","","","","","","","","","","","","","","","","","","","","","","","","","","","","","","","","","","","","","","","","","","","","","","","","","","","","","","","","","","","","","","","","","","","","","","","","","","","","","","","","","","","","","","","","","","","","","","","","","","",""
"33167001","BORDEAUX_OBSERVATOIRE",44.831667,-0.525,74,1912100407,"","","","","","","","","","","","","","","","","","","","","","","","","","","","","","","","","","","","",6.3,9,"","","","","","","","","","","","","","","","","","","","","","","","","","","","","","","","","","","","","","","","","","","","",1024.2,9,1015.,9,"","","","","","","","","","","","","","","","","","","","","","","","","","","","","","","","","","","","","","","","","","","","","","","","","","","","","","","","","","","","","","","","","","","","","","","","","","","","","","","","","","","","","","","","","","","","","","","","","","","","","","","","","","","","","","","",""
"33167001","BORDEAUX_OBSERVATOIRE",44.831667,-0.525,74,1912100409,"","","","","","","","","","","","","","","","","","","","","","","","","","","","","","","","","","","","",9.4,9,"","","","","","","","","","","","","","","","","","","","","","","","","","","","","","","","","","","","","","","","","","","","",1025.8,9,1016.7,9,"","","","","","","","","","","","","","","","","","","","","","","","","","","","","","","","","","","","","","","","","","","","","","","","","","","","","","","","","","","","","","","","","","","","","","","","","","","","","","","","","","","","","","","","","","","","","","","","","","","","","","","","","","","","","","","",""
"33167001","BORDEAUX_OBSERVATOIRE",44.831667,-0.525,74,1912100412,"","","","","","","","","","","","","","","","","","","","","","","","","","","","","","","","","","","","",12.7,9,"","","","","","","","","","","","","","","","","","","","","","","","","","","","","","","","","","","","","","","","","","","","",1026.6,9,1017.6,1,"","","","","","","","","","","","","","","","","","","","","","","","","","","","","","","","","","","","","","","","","","","","","","","","","","","","","","","","","","","","","","","","","","","","","","","","","","","","","","","","","","","","","","","","","","","","","","","","","","","","","","","","","","","","","","","",""
"33167001","BORDEAUX_OBSERVATOIRE",44.831667,-0.525,74,1912100415,"","","","","","","","","","","","","","","","","","","","","","","","","","","","","","","","","","","","",13.,9,"","","","","","","","","","","","","","","","","","","","","","","","","","","","","","","","","","","","","","","","","","","","",1026.9,9,1017.9,9,"","","","","","","","","","","","","","","","","","","","","","","","","","","","","","","","","","","","","","","","","","","","","","","","","","","","","","","","","","","","","","","","","","","","","","","","","","","","","","","","","","","","","","","","","","","","","","","","","","","","","","","","","","","","","","","",""
"33167001","BORDEAUX_OBSERVATOIRE",44.831667,-0.525,74,1912100418,"","","","","","","","","","","","","","","","","","","","","","","","","","","","","","","","","","","","","","","","","","","","","","","","","","","","","","","","","","","","","","","","","","","","","","","","","","","","","","","","","","","","",1019.2,9,"","","","","","","","","","","","","","","","","","","","","","","","","","","","","","","","","","","","","","","","","","","","","","","","","","","","","","","","","","","","","","","","","","","","","","","","","","","","","","","","","","","","","","","","","","","","","","","","","","","","","","","","","","","","","","","",""
"33167001","BORDEAUX_OBSERVATOIRE",44.831667,-0.525,74,1912100421,"","","","","","","","","","","","","","","","","","","","","","","","","","","","","","","","","","","","",7.,9,"","","","","","","","","","","","","","","","","","","","","","","","","","","","","","","","","","","","","","","","","","","","",1029.9,9,1020.7,9,"","","","","","","","","","","","","","","","","","","","","","","","","","","","","","","","","","","","","","","","","","","","","","","","","","","","","","","","","","","","","","","","","","","","","","","","","","","","","","","","","","","","","","","","","","","","","","","","","","","","","","","","","","","","","","","",""
"33167001","BORDEAUX_OBSERVATOIRE",44.831667,-0.525,74,1912100500,"","","","","","","","","","","","","","","","","","","","","","","","","","","","","","","","","","","","",5.1,9,"","","","","","","","","","","","","","","","","","","","","","","","","","","","","","","","","","","","","","","","","","","","",1029.2,9,1019.9,9,"","","","","","","","","","","","","","","","","","","","","","","","","","","","","","","","","","","","","","","","","","","","","","","","","","","","","","","","","","","","","","","","","","","","","","","","","","","","","","","","","","","","","","","","","","","","","","","","","","","","","","","","","","","","","","","",""
"33167001","BORDEAUX_OBSERVATOIRE",44.831667,-0.525,74,1912100503,"","","","","","","","","","","","","","","","","","","","","","","","","","","","","","","","","","","","",3.,9,"","","","","","","","","","","","","","","","","","","","","","","","","","","","","","","","","","","","","","","","","","","","",1028.8,9,1019.5,9,"","","","","","","","","","","","","","","","","","","","","","","","","","","","","","","","","","","","","","","","","","","","","","","","","","","","","","","","","","","","","","","","","","","","","","","","","","","","","","","","","","","","","","","","","","","","","","","","","","","","","","","","","","","","","","","",""
"33167001","BORDEAUX_OBSERVATOIRE",44.831667,-0.525,74,1912100507,"","","","","","","","","","","","","","","","","","","","","","","","","","","","","","","","","","","","",1.8,9,"","","","","","","","","","","","","","","","","","","","","","","","","","","","","","","","","","","","","","","","","","","","",1027.4,9,1018.,9,"","","","","","","","","","","","","","","","","","","","","","","","","","","","","","","","","","","","","","","","","","","","","","","","","","","","","","","","","","","","","","","","","","","","","","","","","","","","","","","","","","","","","","","","","","","","","","","","","","","","","","","","","","","","","","","",""
"33167001","BORDEAUX_OBSERVATOIRE",44.831667,-0.525,74,1912100509,"","","","","","","","","","","","","","","","","","","","","","","","","","","","","","","","","","","","",6.2,9,"","","","","","","","","","","","","","","","","","","","","","","","","","","","","","","","","","","","","","","","","","","","",1026.4,9,1017.2,9,"","","","","","","","","","","","","","","","","","","","","","","","","","","","","","","","","","","","","","","","","","","","","","","","","","","","","","","","","","","","","","","","","","","","","","","","","","","","","","","","","","","","","","","","","","","","","","","","","","","","","","","","","","","","","","","",""
"33167001","BORDEAUX_OBSERVATOIRE",44.831667,-0.525,74,1912100512,"","","","","","","","","","","","","","","","","","","","","","","","","","","","","","","","","","","","",10.,9,"","","","","","","","","","","","","","","","","","","","","","","","","","","","","","","","","","","","","","","","","","","","",1024.5,9,1015.4,1,"","","","","","","","","","","","","","","","","","","","","","","","","","","","","","","","","","","","","","","","","","","","","","","","","","","","","","","","","","","","","","","","","","","","","","","","","","","","","","","","","","","","","","","","","","","","","","","","","","","","","","","","","","","","","","","",""
"33167001","BORDEAUX_OBSERVATOIRE",44.831667,-0.525,74,1912100515,"","","","","","","","","","","","","","","","","","","","","","","","","","","","","","","","","","","","",11.8,9,"","","","","","","","","","","","","","","","","","","","","","","","","","","","","","","","","","","","","","","","","","","","",1022.8,9,1013.8,9,"","","","","","","","","","","","","","","","","","","","","","","","","","","","","","","","","","","","","","","","","","","","","","","","","","","","","","","","","","","","","","","","","","","","","","","","","","","","","","","","","","","","","","","","","","","","","","","","","","","","","","","","","","","","","","","",""
"33167001","BORDEAUX_OBSERVATOIRE",44.831667,-0.525,74,1912100518,"","","","","","","","","","","","","","","","","","","","","","","","","","","","","","","","","","","","",8.6,9,"","","","","","","","","","","","","","","","","","","","","","","","","","","","","","","","","","","","","","","","","","","","",1022.6,9,1013.5,9,"","","","","","","","","","","","","","","","","","","","","","","","","","","","","","","","","","","","","","","","","","","","","","","","","","","","","","","","","","","","","","","","","","","","","","","","","","","","","","","","","","","","","","","","","","","","","","","","","","","","","","","","","","","","","","","",""
"33167001","BORDEAUX_OBSERVATOIRE",44.831667,-0.525,74,1912100521,"","","","","","","","","","","","","","","","","","","","","","","","","","","","","","","","","","","","",6.3,9,"","","","","","","","","","","","","","","","","","","","","","","","","","","","","","","","","","","","","","","","","","","","",1022.2,9,1013.,9,"","","","","","","","","","","","","","","","","","","","","","","","","","","","","","","","","","","","","","","","","","","","","","","","","","","","","","","","","","","","","","","","","","","","","","","","","","","","","","","","","","","","","","","","","","","","","","","","","","","","","","","","","","","","","","","",""
"33167001","BORDEAUX_OBSERVATOIRE",44.831667,-0.525,74,1912100600,"","","","","","","","","","","","","","","","","","","","","","","","","","","","","","","","","","","","",4.7,9,"","","","","","","","","","","","","","","","","","","","","","","","","","","","","","","","","","","","","","","","","","","","",1021.6,9,1012.4,9,"","","","","","","","","","","","","","","","","","","","","","","","","","","","","","","","","","","","","","","","","","","","","","","","","","","","","","","","","","","","","","","","","","","","","","","","","","","","","","","","","","","","","","","","","","","","","","","","","","","","","","","","","","","","","","","",""
"33167001","BORDEAUX_OBSERVATOIRE",44.831667,-0.525,74,1912100603,"","","","","","","","","","","","","","","","","","","","","","","","","","","","","","","","","","","","",3.5,9,"","","","","","","","","","","","","","","","","","","","","","","","","","","","","","","","","","","","","","","","","","","","",1021.3,9,1012.,9,"","","","","","","","","","","","","","","","","","","","","","","","","","","","","","","","","","","","","","","","","","","","","","","","","","","","","","","","","","","","","","","","","","","","","","","","","","","","","","","","","","","","","","","","","","","","","","","","","","","","","","","","","","","","","","","",""
"33167001","BORDEAUX_OBSERVATOIRE",44.831667,-0.525,74,1912100607,"","","","","","","","","","","","","","","","","","","","","","","","","","","","","","","","","","","","",2.8,9,"","","","","","","","","","","","","","","","","","","","","","","","","","","","","","","","","","","","","","","","","","","","",1022.2,9,1012.9,9,"","","","","","","","","","","","","","","","","","","","","","","","","","","","","","","","","","","","","","","","","","","","","","","","","","","","","","","","","","","","","","","","","","","","","","","","","","","","","","","","","","","","","","","","","","","","","","","","","","","","","","","","","","","","","","","",""
"33167001","BORDEAUX_OBSERVATOIRE",44.831667,-0.525,74,1912100609,"","","","","","","","","","","","","","","","","","","","","","","","","","","","","","","","","","","","",8.5,9,"","","","","","","","","","","","","","","","","","","","","","","","","","","","","","","","","","","","","","","","","","","","",1022.,9,1012.9,9,"","","","","","","","","","","","","","","","","","","","","","","","","","","","","","","","","","","","","","","","","","","","","","","","","","","","","","","","","","","","","","","","","","","","","","","","","","","","","","","","","","","","","","","","","","","","","","","","","","","","","","","","","","","","","","","",""
"33167001","BORDEAUX_OBSERVATOIRE",44.831667,-0.525,74,1912100612,"","","","","","","","","","","","","","","","","","","","","","","","","","","","","","","","","","","","",14.4,9,"","","","","","","","","","","","","","","","","","","","","","","","","","","","","","","","","","","","","","","","","","","","",1020.4,9,1011.5,1,"","","","","","","","","","","","","","","","","","","","","","","","","","","","","","","","","","","","","","","","","","","","","","","","","","","","","","","","","","","","","","","","","","","","","","","","","","","","","","","","","","","","","","","","","","","","","","","","","","","","","","","","","","","","","","","",""
"33167001","BORDEAUX_OBSERVATOIRE",44.831667,-0.525,74,1912100615,"","","","","","","","","","","","","","","","","","","","","","","","","","","","","","","","","","","","",15.7,9,"","","","","","","","","","","","","","","","","","","","","","","","","","","","","","","","","","","","","","","","","","","","",1018.4,9,1009.6,9,"","","","","","","","","","","","","","","","","","","","","","","","","","","","","","","","","","","","","","","","","","","","","","","","","","","","","","","","","","","","","","","","","","","","","","","","","","","","","","","","","","","","","","","","","","","","","","","","","","","","","","","","","","","","","","","",""
"33167001","BORDEAUX_OBSERVATOIRE",44.831667,-0.525,74,1912100618,"","","","","","","","","","","","","","","","","","","","","","","","","","","","","","","","","","","","",10.7,9,"","","","","","","","","","","","","","","","","","","","","","","","","","","","","","","","","","","","","","","","","","","","",1019.5,9,1010.5,9,"","","","","","","","","","","","","","","","","","","","","","","","","","","","","","","","","","","","","","","","","","","","","","","","","","","","","","","","","","","","","","","","","","","","","","","","","","","","","","","","","","","","","","","","","","","","","","","","","","","","","","","","","","","","","","","",""
"33167001","BORDEAUX_OBSERVATOIRE",44.831667,-0.525,74,1912100621,"","","","","","","","","","","","","","","","","","","","","","","","","","","","","","","","","","","","",7.7,9,"","","","","","","","","","","","","","","","","","","","","","","","","","","","","","","","","","","","","","","","","","","","",1019.9,9,1010.8,9,"","","","","","","","","","","","","","","","","","","","","","","","","","","","","","","","","","","","","","","","","","","","","","","","","","","","","","","","","","","","","","","","","","","","","","","","","","","","","","","","","","","","","","","","","","","","","","","","","","","","","","","","","","","","","","","",""
"33167001","BORDEAUX_OBSERVATOIRE",44.831667,-0.525,74,1912100700,"","","","","","","","","","","","","","","","","","","","","","","","","","","","","","","","","","","","",5.5,9,"","","","","","","","","","","","","","","","","","","","","","","","","","","","","","","","","","","","","","","","","","","","",1019.8,9,1010.6,9,"","","","","","","","","","","","","","","","","","","","","","","","","","","","","","","","","","","","","","","","","","","","","","","","","","","","","","","","","","","","","","","","","","","","","","","","","","","","","","","","","","","","","","","","","","","","","","","","","","","","","","","","","","","","","","","",""
"33167001","BORDEAUX_OBSERVATOIRE",44.831667,-0.525,74,1912100703,"","","","","","","","","","","","","","","","","","","","","","","","","","","","","","","","","","","","",4.,9,"","","","","","","","","","","","","","","","","","","","","","","","","","","","","","","","","","","","","","","","","","","","",1019.,9,1009.8,9,"","","","","","","","","","","","","","","","","","","","","","","","","","","","","","","","","","","","","","","","","","","","","","","","","","","","","","","","","","","","","","","","","","","","","","","","","","","","","","","","","","","","","","","","","","","","","","","","","","","","","","","","","","","","","","","",""
"33167001","BORDEAUX_OBSERVATOIRE",44.831667,-0.525,74,1912100707,"","","","","","","","","","","","","","","","","","","","","","","","","","","","","","","","","","","","",3.,9,"","","","","","","","","","","","","","","","","","","","","","","","","","","","","","","","","","","","","","","","","","","","",1019.,9,1009.7,9,"","","","","","","","","","","","","","","","","","","","","","","","","","","","","","","","","","","","","","","","","","","","","","","","","","","","","","","","","","","","","","","","","","","","","","","","","","","","","","","","","","","","","","","","","","","","","","","","","","","","","","","","","","","","","","","",""
"33167001","BORDEAUX_OBSERVATOIRE",44.831667,-0.525,74,1912100709,"","","","","","","","","","","","","","","","","","","","","","","","","","","","","","","","","","","","",7.1,9,"","","","","","","","","","","","","","","","","","","","","","","","","","","","","","","","","","","","","","","","","","","","",1019.3,9,1010.2,9,"","","","","","","","","","","","","","","","","","","","","","","","","","","","","","","","","","","","","","","","","","","","","","","","","","","","","","","","","","","","","","","","","","","","","","","","","","","","","","","","","","","","","","","","","","","","","","","","","","","","","","","","","","","","","","","",""
"33167001","BORDEAUX_OBSERVATOIRE",44.831667,-0.525,74,1912100712,"","","","","","","","","","","","","","","","","","","","","","","","","","","","","","","","","","","","",13.8,9,"","","","","","","","","","","","","","","","","","","","","","","","","","","","","","","","","","","","","","","","","","","","",1018.6,9,1009.7,1,"","","","","","","","","","","","","","","","","","","","","","","","","","","","","","","","","","","","","","","","","","","","","","","","","","","","","","","","","","","","","","","","","","","","","","","","","","","","","","","","","","","","","","","","","","","","","","","","","","","","","","","","","","","","","","","",""
"33167001","BORDEAUX_OBSERVATOIRE",44.831667,-0.525,74,1912100715,"","","","","","","","","","","","","","","","","","","","","","","","","","","","","","","","","","","","",15.4,9,"","","","","","","","","","","","","","","","","","","","","","","","","","","","","","","","","","","","","","","","","","","","",1017.6,9,1008.8,9,"","","","","","","","","","","","","","","","","","","","","","","","","","","","","","","","","","","","","","","","","","","","","","","","","","","","","","","","","","","","","","","","","","","","","","","","","","","","","","","","","","","","","","","","","","","","","","","","","","","","","","","","","","","","","","","",""
"33167001","BORDEAUX_OBSERVATOIRE",44.831667,-0.525,74,1912100718,"","","","","","","","","","","","","","","","","","","","","","","","","","","","","","","","","","","","",10.5,9,"","","","","","","","","","","","","","","","","","","","","","","","","","","","","","","","","","","","","","","","","","","","",1018.9,9,1009.9,9,"","","","","","","","","","","","","","","","","","","","","","","","","","","","","","","","","","","","","","","","","","","","","","","","","","","","","","","","","","","","","","","","","","","","","","","","","","","","","","","","","","","","","","","","","","","","","","","","","","","","","","","","","","","","","","","",""
"33167001","BORDEAUX_OBSERVATOIRE",44.831667,-0.525,74,1912100721,"","","","","","","","","","","","","","","","","","","","","","","","","","","","","","","","","","","","",7.6,9,"","","","","","","","","","","","","","","","","","","","","","","","","","","","","","","","","","","","","","","","","","","","",1019.9,9,1010.8,9,"","","","","","","","","","","","","","","","","","","","","","","","","","","","","","","","","","","","","","","","","","","","","","","","","","","","","","","","","","","","","","","","","","","","","","","","","","","","","","","","","","","","","","","","","","","","","","","","","","","","","","","","","","","","","","","",""
"33167001","BORDEAUX_OBSERVATOIRE",44.831667,-0.525,74,1912100800,"","","","","","","","","","","","","","","","","","","","","","","","","","","","","","","","","","","","",5.9,9,"","","","","","","","","","","","","","","","","","","","","","","","","","","","","","","","","","","","","","","","","","","","",1020.,9,1010.8,9,"","","","","","","","","","","","","","","","","","","","","","","","","","","","","","","","","","","","","","","","","","","","","","","","","","","","","","","","","","","","","","","","","","","","","","","","","","","","","","","","","","","","","","","","","","","","","","","","","","","","","","","","","","","","","","","",""
"33167001","BORDEAUX_OBSERVATOIRE",44.831667,-0.525,74,1912100803,"","","","","","","","","","","","","","","","","","","","","","","","","","","","","","","","","","","","",4.2,9,"","","","","","","","","","","","","","","","","","","","","","","","","","","","","","","","","","","","","","","","","","","","",1018.8,9,1009.6,9,"","","","","","","","","","","","","","","","","","","","","","","","","","","","","","","","","","","","","","","","","","","","","","","","","","","","","","","","","","","","","","","","","","","","","","","","","","","","","","","","","","","","","","","","","","","","","","","","","","","","","","","","","","","","","","","",""
"33167001","BORDEAUX_OBSERVATOIRE",44.831667,-0.525,74,1912100807,"","","","","","","","","","","","","","","","","","","","","","","","","","","","","","","","","","","","",2.7,9,"","","","","","","","","","","","","","","","","","","","","","","","","","","","","","","","","","","","","","","","","","","","",1019.1,9,1009.8,9,"","","","","","","","","","","","","","","","","","","","","","","","","","","","","","","","","","","","","","","","","","","","","","","","","","","","","","","","","","","","","","","","","","","","","","","","","","","","","","","","","","","","","","","","","","","","","","","","","","","","","","","","","","","","","","","",""
"33167001","BORDEAUX_OBSERVATOIRE",44.831667,-0.525,74,1912100809,"","","","","","","","","","","","","","","","","","","","","","","","","","","","","","","","","","","","",7.4,9,"","","","","","","","","","","","","","","","","","","","","","","","","","","","","","","","","","","","","","","","","","","","",1019.6,9,1010.5,9,"","","","","","","","","","","","","","","","","","","","","","","","","","","","","","","","","","","","","","","","","","","","","","","","","","","","","","","","","","","","","","","","","","","","","","","","","","","","","","","","","","","","","","","","","","","","","","","","","","","","","","","","","","","","","","","",""
"33167001","BORDEAUX_OBSERVATOIRE",44.831667,-0.525,74,1912100812,"","","","","","","","","","","","","","","","","","","","","","","","","","","","","","","","","","","","",11.6,9,"","","","","","","","","","","","","","","","","","","","","","","","","","","","","","","","","","","","","","","","","","","","",1019.3,9,1010.3,1,"","","","","","","","","","","","","","","","","","","","","","","","","","","","","","","","","","","","","","","","","","","","","","","","","","","","","","","","","","","","","","","","","","","","","","","","","","","","","","","","","","","","","","","","","","","","","","","","","","","","","","","","","","","","","","","",""
"33167001","BORDEAUX_OBSERVATOIRE",44.831667,-0.525,74,1912100815,"","","","","","","","","","","","","","","","","","","","","","","","","","","","","","","","","","","","",14.1,9,"","","","","","","","","","","","","","","","","","","","","","","","","","","","","","","","","","","","","","","","","","","","",1018.4,9,1009.5,9,"","","","","","","","","","","","","","","","","","","","","","","","","","","","","","","","","","","","","","","","","","","","","","","","","","","","","","","","","","","","","","","","","","","","","","","","","","","","","","","","","","","","","","","","","","","","","","","","","","","","","","","","","","","","","","","",""
"33167001","BORDEAUX_OBSERVATOIRE",44.831667,-0.525,74,1912100818,"","","","","","","","","","","","","","","","","","","","","","","","","","","","","","","","","","","","",11.5,9,"","","","","","","","","","","","","","","","","","","","","","","","","","","","","","","","","","","","","","","","","","","","",1018.9,9,1009.9,9,"","","","","","","","","","","","","","","","","","","","","","","","","","","","","","","","","","","","","","","","","","","","","","","","","","","","","","","","","","","","","","","","","","","","","","","","","","","","","","","","","","","","","","","","","","","","","","","","","","","","","","","","","","","","","","","",""
"33167001","BORDEAUX_OBSERVATOIRE",44.831667,-0.525,74,1912100821,"","","","","","","","","","","","","","","","","","","","","","","","","","","","","","","","","","","","",7.7,9,"","","","","","","","","","","","","","","","","","","","","","","","","","","","","","","","","","","","","","","","","","","","",1019.7,9,1010.6,9,"","","","","","","","","","","","","","","","","","","","","","","","","","","","","","","","","","","","","","","","","","","","","","","","","","","","","","","","","","","","","","","","","","","","","","","","","","","","","","","","","","","","","","","","","","","","","","","","","","","","","","","","","","","","","","","",""
"33167001","BORDEAUX_OBSERVATOIRE",44.831667,-0.525,74,1912100900,"","","","","","","","","","","","","","","","","","","","","","","","","","","","","","","","","","","","",5.4,9,"","","","","","","","","","","","","","","","","","","","","","","","","","","","","","","","","","","","","","","","","","","","",1019.5,9,1010.3,9,"","","","","","","","","","","","","","","","","","","","","","","","","","","","","","","","","","","","","","","","","","","","","","","","","","","","","","","","","","","","","","","","","","","","","","","","","","","","","","","","","","","","","","","","","","","","","","","","","","","","","","","","","","","","","","","",""
"33167001","BORDEAUX_OBSERVATOIRE",44.831667,-0.525,74,1912100903,"","","","","","","","","","","","","","","","","","","","","","","","","","","","","","","","","","","","",4.2,9,"","","","","","","","","","","","","","","","","","","","","","","","","","","","","","","","","","","","","","","","","","","","",1018.8,9,1009.6,9,"","","","","","","","","","","","","","","","","","","","","","","","","","","","","","","","","","","","","","","","","","","","","","","","","","","","","","","","","","","","","","","","","","","","","","","","","","","","","","","","","","","","","","","","","","","","","","","","","","","","","","","","","","","","","","","",""
"33167001","BORDEAUX_OBSERVATOIRE",44.831667,-0.525,74,1912100907,"","","","","","","","","","","","","","","","","","","","","","","","","","","","","","","","","","","","",3.6,9,"","","","","","","","","","","","","","","","","","","","","","","","","","","","","","","","","","","","","","","","","","","","",1017.9,9,1008.7,9,"","","","","","","","","","","","","","","","","","","","","","","","","","","","","","","","","","","","","","","","","","","","","","","","","","","","","","","","","","","","","","","","","","","","","","","","","","","","","","","","","","","","","","","","","","","","","","","","","","","","","","","","","","","","","","","",""
"33167001","BORDEAUX_OBSERVATOIRE",44.831667,-0.525,74,1912100909,"","","","","","","","","","","","","","","","","","","","","","","","","","","","","","","","","","","","",9.6,9,"","","","","","","","","","","","","","","","","","","","","","","","","","","","","","","","","","","","","","","","","","","","",1019.2,9,1010.2,9,"","","","","","","","","","","","","","","","","","","","","","","","","","","","","","","","","","","","","","","","","","","","","","","","","","","","","","","","","","","","","","","","","","","","","","","","","","","","","","","","","","","","","","","","","","","","","","","","","","","","","","","","","","","","","","","",""
"33167001","BORDEAUX_OBSERVATOIRE",44.831667,-0.525,74,1912100912,"","","","","","","","","","","","","","","","","","","","","","","","","","","","","","","","","","","","",14.3,9,"","","","","","","","","","","","","","","","","","","","","","","","","","","","","","","","","","","","","","","","","","","","",1018.6,9,1009.7,1,"","","","","","","","","","","","","","","","","","","","","","","","","","","","","","","","","","","","","","","","","","","","","","","","","","","","","","","","","","","","","","","","","","","","","","","","","","","","","","","","","","","","","","","","","","","","","","","","","","","","","","","","","","","","","","","",""
"33167001","BORDEAUX_OBSERVATOIRE",44.831667,-0.525,74,1912100915,"","","","","","","","","","","","","","","","","","","","","","","","","","","","","","","","","","","","",15.6,9,"","","","","","","","","","","","","","","","","","","","","","","","","","","","","","","","","","","","","","","","","","","","",1018.,9,1009.2,9,"","","","","","","","","","","","","","","","","","","","","","","","","","","","","","","","","","","","","","","","","","","","","","","","","","","","","","","","","","","","","","","","","","","","","","","","","","","","","","","","","","","","","","","","","","","","","","","","","","","","","","","","","","","","","","","",""
"33167001","BORDEAUX_OBSERVATOIRE",44.831667,-0.525,74,1912100918,"","","","","","","","","","","","","","","","","","","","","","","","","","","","","","","","","","","","",11.9,9,"","","","","","","","","","","","","","","","","","","","","","","","","","","","","","","","","","","","","","","","","","","","",1018.7,9,1009.8,9,"","","","","","","","","","","","","","","","","","","","","","","","","","","","","","","","","","","","","","","","","","","","","","","","","","","","","","","","","","","","","","","","","","","","","","","","","","","","","","","","","","","","","","","","","","","","","","","","","","","","","","","","","","","","","","","",""
"33167001","BORDEAUX_OBSERVATOIRE",44.831667,-0.525,74,1912100921,"","","","","","","","","","","","","","","","","","","","","","","","","","","","","","","","","","","","",10.7,9,"","","","","","","","","","","","","","","","","","","","","","","","","","","","","","","","","","","","","","","","","","","","",1019.4,9,1010.4,9,"","","","","","","","","","","","","","","","","","","","","","","","","","","","","","","","","","","","","","","","","","","","","","","","","","","","","","","","","","","","","","","","","","","","","","","","","","","","","","","","","","","","","","","","","","","","","","","","","","","","","","","","","","","","","","","",""
"33167001","BORDEAUX_OBSERVATOIRE",44.831667,-0.525,74,1912101000,"","","","","","","","","","","","","","","","","","","","","","","","","","","","","","","","","","","","",9.6,9,"","","","","","","","","","","","","","","","","","","","","","","","","","","","","","","","","","","","","","","","","","","","",1019.7,9,1010.7,9,"","","","","","","","","","","","","","","","","","","","","","","","","","","","","","","","","","","","","","","","","","","","","","","","","","","","","","","","","","","","","","","","","","","","","","","","","","","","","","","","","","","","","","","","","","","","","","","","","","","","","","","","","","","","","","","",""
"33167001","BORDEAUX_OBSERVATOIRE",44.831667,-0.525,74,1912101003,"","","","","","","","","","","","","","","","","","","","","","","","","","","","","","","","","","","","",6.3,9,"","","","","","","","","","","","","","","","","","","","","","","","","","","","","","","","","","","","","","","","","","","","",1020.1,9,1011.,9,"","","","","","","","","","","","","","","","","","","","","","","","","","","","","","","","","","","","","","","","","","","","","","","","","","","","","","","","","","","","","","","","","","","","","","","","","","","","","","","","","","","","","","","","","","","","","","","","","","","","","","","","","","","","","","","",""
"33167001","BORDEAUX_OBSERVATOIRE",44.831667,-0.525,74,1912101007,"","","","","","","","","","","","","","","","","","","","","","","","","","","","","","","","","","","","",8.1,9,"","","","","","","","","","","","","","","","","","","","","","","","","","","","","","","","","","","","","","","","","","","","",1021.,9,1011.9,9,"","","","","","","","","","","","","","","","","","","","","","","","","","","","","","","","","","","","","","","","","","","","","","","","","","","","","","","","","","","","","","","","","","","","","","","","","","","","","","","","","","","","","","","","","","","","","","","","","","","","","","","","","","","","","","","",""
"33167001","BORDEAUX_OBSERVATOIRE",44.831667,-0.525,74,1912101009,"","","","","","","","","","","","","","","","","","","","","","","","","","","","","","","","","","","","",13.,9,"","","","","","","","","","","","","","","","","","","","","","","","","","","","","","","","","","","","","","","","","","","","",1021.6,9,1012.7,9,"","","","","","","","","","","","","","","","","","","","","","","","","","","","","","","","","","","","","","","","","","","","","","","","","","","","","","","","","","","","","","","","","","","","","","","","","","","","","","","","","","","","","","","","","","","","","","","","","","","","","","","","","","","","","","","",""
"33167001","BORDEAUX_OBSERVATOIRE",44.831667,-0.525,74,1912101012,"","","","","","","","","","","","","","","","","","","","","","","","","","","","","","","","","","","","",17.7,9,"","","","","","","","","","","","","","","","","","","","","","","","","","","","","","","","","","","","","","","","","","","","",1020.7,9,1011.9,1,"","","","","","","","","","","","","","","","","","","","","","","","","","","","","","","","","","","","","","","","","","","","","","","","","","","","","","","","","","","","","","","","","","","","","","","","","","","","","","","","","","","","","","","","","","","","","","","","","","","","","","","","","","","","","","","",""
"33167001","BORDEAUX_OBSERVATOIRE",44.831667,-0.525,74,1912101015,"","","","","","","","","","","","","","","","","","","","","","","","","","","","","","","","","","","","",18.6,9,"","","","","","","","","","","","","","","","","","","","","","","","","","","","","","","","","","","","","","","","","","","","",1019.8,9,1011.1,9,"","","","","","","","","","","","","","","","","","","","","","","","","","","","","","","","","","","","","","","","","","","","","","","","","","","","","","","","","","","","","","","","","","","","","","","","","","","","","","","","","","","","","","","","","","","","","","","","","","","","","","","","","","","","","","","",""
"33167001","BORDEAUX_OBSERVATOIRE",44.831667,-0.525,74,1912101018,"","","","","","","","","","","","","","","","","","","","","","","","","","","","","","","","","","","","",15.6,9,"","","","","","","","","","","","","","","","","","","","","","","","","","","","","","","","","","","","","","","","","","","","",1020.2,9,1011.4,9,"","","","","","","","","","","","","","","","","","","","","","","","","","","","","","","","","","","","","","","","","","","","","","","","","","","","","","","","","","","","","","","","","","","","","","","","","","","","","","","","","","","","","","","","","","","","","","","","","","","","","","","","","","","","","","","",""
"33167001","BORDEAUX_OBSERVATOIRE",44.831667,-0.525,74,1912101021,"","","","","","","","","","","","","","","","","","","","","","","","","","","","","","","","","","","","",13.9,9,"","","","","","","","","","","","","","","","","","","","","","","","","","","","","","","","","","","","","","","","","","","","",1020.8,9,1011.9,9,"","","","","","","","","","","","","","","","","","","","","","","","","","","","","","","","","","","","","","","","","","","","","","","","","","","","","","","","","","","","","","","","","","","","","","","","","","","","","","","","","","","","","","","","","","","","","","","","","","","","","","","","","","","","","","","",""
"33167001","BORDEAUX_OBSERVATOIRE",44.831667,-0.525,74,1912101100,"","","","","","","","","","","","","","","","","","","","","","","","","","","","","","","","","","","","",10.8,9,"","","","","","","","","","","","","","","","","","","","","","","","","","","","","","","","","","","","","","","","","","","","",1021.,9,1012.,9,"","","","","","","","","","","","","","","","","","","","","","","","","","","","","","","","","","","","","","","","","","","","","","","","","","","","","","","","","","","","","","","","","","","","","","","","","","","","","","","","","","","","","","","","","","","","","","","","","","","","","","","","","","","","","","","",""
"33167001","BORDEAUX_OBSERVATOIRE",44.831667,-0.525,74,1912101103,"","","","","","","","","","","","","","","","","","","","","","","","","","","","","","","","","","","","",9.7,9,"","","","","","","","","","","","","","","","","","","","","","","","","","","","","","","","","","","","","","","","","","","","",1021.,9,1012.,9,"","","","","","","","","","","","","","","","","","","","","","","","","","","","","","","","","","","","","","","","","","","","","","","","","","","","","","","","","","","","","","","","","","","","","","","","","","","","","","","","","","","","","","","","","","","","","","","","","","","","","","","","","","","","","","","",""
"33167001","BORDEAUX_OBSERVATOIRE",44.831667,-0.525,74,1912101107,"","","","","","","","","","","","","","","","","","","","","","","","","","","","","","","","","","","","",7.3,9,"","","","","","","","","","","","","","","","","","","","","","","","","","","","","","","","","","","","","","","","","","","","",1022.,9,1012.9,9,"","","","","","","","","","","","","","","","","","","","","","","","","","","","","","","","","","","","","","","","","","","","","","","","","","","","","","","","","","","","","","","","","","","","","","","","","","","","","","","","","","","","","","","","","","","","","","","","","","","","","","","","","","","","","","","",""
"33167001","BORDEAUX_OBSERVATOIRE",44.831667,-0.525,74,1912101109,"","","","","","","","","","","","","","","","","","","","","","","","","","","","","","","","","","","","",12.9,9,"","","","","","","","","","","","","","","","","","","","","","","","","","","","","","","","","","","","","","","","","","","","",1022.7,9,1013.8,9,"","","","","","","","","","","","","","","","","","","","","","","","","","","","","","","","","","","","","","","","","","","","","","","","","","","","","","","","","","","","","","","","","","","","","","","","","","","","","","","","","","","","","","","","","","","","","","","","","","","","","","","","","","","","","","","",""
"33167001","BORDEAUX_OBSERVATOIRE",44.831667,-0.525,74,1912101112,"","","","","","","","","","","","","","","","","","","","","","","","","","","","","","","","","","","","",19.2,9,"","","","","","","","","","","","","","","","","","","","","","","","","","","","","","","","","","","","","","","","","","","","",1022.2,9,1013.5,1,"","","","","","","","","","","","","","","","","","","","","","","","","","","","","","","","","","","","","","","","","","","","","","","","","","","","","","","","","","","","","","","","","","","","","","","","","","","","","","","","","","","","","","","","","","","","","","","","","","","","","","","","","","","","","","","",""
"33167001","BORDEAUX_OBSERVATOIRE",44.831667,-0.525,74,1912101115,"","","","","","","","","","","","","","","","","","","","","","","","","","","","","","","","","","","","",20.5,9,"","","","","","","","","","","","","","","","","","","","","","","","","","","","","","","","","","","","","","","","","","","","",1021.4,9,1012.7,9,"","","","","","","","","","","","","","","","","","","","","","","","","","","","","","","","","","","","","","","","","","","","","","","","","","","","","","","","","","","","","","","","","","","","","","","","","","","","","","","","","","","","","","","","","","","","","","","","","","","","","","","","","","","","","","","",""
"33167001","BORDEAUX_OBSERVATOIRE",44.831667,-0.525,74,1912101118,"","","","","","","","","","","","","","","","","","","","","","","","","","","","","","","","","","","","",16.,9,"","","","","","","","","","","","","","","","","","","","","","","","","","","","","","","","","","","","","","","","","","","","",1022.6,9,1013.8,9,"","","","","","","","","","","","","","","","","","","","","","","","","","","","","","","","","","","","","","","","","","","","","","","","","","","","","","","","","","","","","","","","","","","","","","","","","","","","","","","","","","","","","","","","","","","","","","","","","","","","","","","","","","","","","","","",""
"33167001","BORDEAUX_OBSERVATOIRE",44.831667,-0.525,74,1912101121,"","","","","","","","","","","","","","","","","","","","","","","","","","","","","","","","","","","","",13.7,9,"","","","","","","","","","","","","","","","","","","","","","","","","","","","","","","","","","","","","","","","","","","","",1023.3,9,1014.4,9,"","","","","","","","","","","","","","","","","","","","","","","","","","","","","","","","","","","","","","","","","","","","","","","","","","","","","","","","","","","","","","","","","","","","","","","","","","","","","","","","","","","","","","","","","","","","","","","","","","","","","","","","","","","","","","","",""
"33167001","BORDEAUX_OBSERVATOIRE",44.831667,-0.525,74,1912101200,"","","","","","","","","","","","","","","","","","","","","","","","","","","","","","","","","","","","",11.6,9,"","","","","","","","","","","","","","","","","","","","","","","","","","","","","","","","","","","","","","","","","","","","",1023.6,9,1014.6,9,"","","","","","","","","","","","","","","","","","","","","","","","","","","","","","","","","","","","","","","","","","","","","","","","","","","","","","","","","","","","","","","","","","","","","","","","","","","","","","","","","","","","","","","","","","","","","","","","","","","","","","","","","","","","","","","",""
"33167001","BORDEAUX_OBSERVATOIRE",44.831667,-0.525,74,1912101203,"","","","","","","","","","","","","","","","","","","","","","","","","","","","","","","","","","","","",10.7,9,"","","","","","","","","","","","","","","","","","","","","","","","","","","","","","","","","","","","","","","","","","","","",1023.6,9,1014.6,9,"","","","","","","","","","","","","","","","","","","","","","","","","","","","","","","","","","","","","","","","","","","","","","","","","","","","","","","","","","","","","","","","","","","","","","","","","","","","","","","","","","","","","","","","","","","","","","","","","","","","","","","","","","","","","","","",""
"33167001","BORDEAUX_OBSERVATOIRE",44.831667,-0.525,74,1912101207,"","","","","","","","","","","","","","","","","","","","","","","","","","","","","","","","","","","","",10.1,9,"","","","","","","","","","","","","","","","","","","","","","","","","","","","","","","","","","","","","","","","","","","","",1024.5,9,1015.4,9,"","","","","","","","","","","","","","","","","","","","","","","","","","","","","","","","","","","","","","","","","","","","","","","","","","","","","","","","","","","","","","","","","","","","","","","","","","","","","","","","","","","","","","","","","","","","","","","","","","","","","","","","","","","","","","","",""
"33167001","BORDEAUX_OBSERVATOIRE",44.831667,-0.525,74,1912101209,"","","","","","","","","","","","","","","","","","","","","","","","","","","","","","","","","","","","",14.7,9,"","","","","","","","","","","","","","","","","","","","","","","","","","","","","","","","","","","","","","","","","","","","",1024.8,9,1015.9,9,"","","","","","","","","","","","","","","","","","","","","","","","","","","","","","","","","","","","","","","","","","","","","","","","","","","","","","","","","","","","","","","","","","","","","","","","","","","","","","","","","","","","","","","","","","","","","","","","","","","","","","","","","","","","","","","",""
"33167001","BORDEAUX_OBSERVATOIRE",44.831667,-0.525,74,1912101212,"","","","","","","","","","","","","","","","","","","","","","","","","","","","","","","","","","","","",18.9,9,"","","","","","","","","","","","","","","","","","","","","","","","","","","","","","","","","","","","","","","","","","","","",1024.7,9,1015.9,1,"","","","","","","","","","","","","","","","","","","","","","","","","","","","","","","","","","","","","","","","","","","","","","","","","","","","","","","","","","","","","","","","","","","","","","","","","","","","","","","","","","","","","","","","","","","","","","","","","","","","","","","","","","","","","","","",""
"33167001","BORDEAUX_OBSERVATOIRE",44.831667,-0.525,74,1912101215,"","","","","","","","","","","","","","","","","","","","","","","","","","","","","","","","","","","","",19.9,9,"","","","","","","","","","","","","","","","","","","","","","","","","","","","","","","","","","","","","","","","","","","","",1023.9,9,1015.2,9,"","","","","","","","","","","","","","","","","","","","","","","","","","","","","","","","","","","","","","","","","","","","","","","","","","","","","","","","","","","","","","","","","","","","","","","","","","","","","","","","","","","","","","","","","","","","","","","","","","","","","","","","","","","","","","","",""
"33167001","BORDEAUX_OBSERVATOIRE",44.831667,-0.525,74,1912101218,"","","","","","","","","","","","","","","","","","","","","","","","","","","","","","","","","","","","",15.7,9,"","","","","","","","","","","","","","","","","","","","","","","","","","","","","","","","","","","","","","","","","","","","",1024.4,9,1015.5,9,"","","","","","","","","","","","","","","","","","","","","","","","","","","","","","","","","","","","","","","","","","","","","","","","","","","","","","","","","","","","","","","","","","","","","","","","","","","","","","","","","","","","","","","","","","","","","","","","","","","","","","","","","","","","","","","",""
"33167001","BORDEAUX_OBSERVATOIRE",44.831667,-0.525,74,1912101221,"","","","","","","","","","","","","","","","","","","","","","","","","","","","","","","","","","","","",14.5,9,"","","","","","","","","","","","","","","","","","","","","","","","","","","","","","","","","","","","","","","","","","","","",1025.2,9,1016.3,9,"","","","","","","","","","","","","","","","","","","","","","","","","","","","","","","","","","","","","","","","","","","","","","","","","","","","","","","","","","","","","","","","","","","","","","","","","","","","","","","","","","","","","","","","","","","","","","","","","","","","","","","","","","","","","","","",""
"33167001","BORDEAUX_OBSERVATOIRE",44.831667,-0.525,74,1912101300,"","","","","","","","","","","","","","","","","","","","","","","","","","","","","","","","","","","","",12.5,9,"","","","","","","","","","","","","","","","","","","","","","","","","","","","","","","","","","","","","","","","","","","","",1025.,9,1016.,9,"","","","","","","","","","","","","","","","","","","","","","","","","","","","","","","","","","","","","","","","","","","","","","","","","","","","","","","","","","","","","","","","","","","","","","","","","","","","","","","","","","","","","","","","","","","","","","","","","","","","","","","","","","","","","","","",""
"33167001","BORDEAUX_OBSERVATOIRE",44.831667,-0.525,74,1912101303,"","","","","","","","","","","","","","","","","","","","","","","","","","","","","","","","","","","","",9.2,9,"","","","","","","","","","","","","","","","","","","","","","","","","","","","","","","","","","","","","","","","","","","","",1025.3,9,1016.2,9,"","","","","","","","","","","","","","","","","","","","","","","","","","","","","","","","","","","","","","","","","","","","","","","","","","","","","","","","","","","","","","","","","","","","","","","","","","","","","","","","","","","","","","","","","","","","","","","","","","","","","","","","","","","","","","","",""
"33167001","BORDEAUX_OBSERVATOIRE",44.831667,-0.525,74,1912101307,"","","","","","","","","","","","","","","","","","","","","","","","","","","","","","","","","","","","",9.8,9,"","","","","","","","","","","","","","","","","","","","","","","","","","","","","","","","","","","","","","","","","","","","",1026.3,9,1017.2,9,"","","","","","","","","","","","","","","","","","","","","","","","","","","","","","","","","","","","","","","","","","","","","","","","","","","","","","","","","","","","","","","","","","","","","","","","","","","","","","","","","","","","","","","","","","","","","","","","","","","","","","","","","","","","","","","",""
"33167001","BORDEAUX_OBSERVATOIRE",44.831667,-0.525,74,1912101309,"","","","","","","","","","","","","","","","","","","","","","","","","","","","","","","","","","","","",10.9,9,"","","","","","","","","","","","","","","","","","","","","","","","","","","","","","","","","","","","","","","","","","","","",1027.7,9,1018.6,9,"","","","","","","","","","","","","","","","","","","","","","","","","","","","","","","","","","","","","","","","","","","","","","","","","","","","","","","","","","","","","","","","","","","","","","","","","","","","","","","","","","","","","","","","","","","","","","","","","","","","","","","","","","","","","","","",""
"33167001","BORDEAUX_OBSERVATOIRE",44.831667,-0.525,74,1912101312,"","","","","","","","","","","","","","","","","","","","","","","","","","","","","","","","","","","","",18.6,9,"","","","","","","","","","","","","","","","","","","","","","","","","","","","","","","","","","","","","","","","","","","","",1026.8,9,1018.,1,"","","","","","","","","","","","","","","","","","","","","","","","","","","","","","","","","","","","","","","","","","","","","","","","","","","","","","","","","","","","","","","","","","","","","","","","","","","","","","","","","","","","","","","","","","","","","","","","","","","","","","","","","","","","","","","",""
"33167001","BORDEAUX_OBSERVATOIRE",44.831667,-0.525,74,1912101315,"","","","","","","","","","","","","","","","","","","","","","","","","","","","","","","","","","","","",20.9,9,"","","","","","","","","","","","","","","","","","","","","","","","","","","","","","","","","","","","","","","","","","","","",1026.2,9,1017.5,9,"","","","","","","","","","","","","","","","","","","","","","","","","","","","","","","","","","","","","","","","","","","","","","","","","","","","","","","","","","","","","","","","","","","","","","","","","","","","","","","","","","","","","","","","","","","","","","","","","","","","","","","","","","","","","","","",""
"33167001","BORDEAUX_OBSERVATOIRE",44.831667,-0.525,74,1912101318,"","","","","","","","","","","","","","","","","","","","","","","","","","","","","","","","","","","","",17.5,9,"","","","","","","","","","","","","","","","","","","","","","","","","","","","","","","","","","","","","","","","","","","","",1026.8,9,1018.,9,"","","","","","","","","","","","","","","","","","","","","","","","","","","","","","","","","","","","","","","","","","","","","","","","","","","","","","","","","","","","","","","","","","","","","","","","","","","","","","","","","","","","","","","","","","","","","","","","","","","","","","","","","","","","","","","",""
"33167001","BORDEAUX_OBSERVATOIRE",44.831667,-0.525,74,1912101321,"","","","","","","","","","","","","","","","","","","","","","","","","","","","","","","","","","","","",14.9,9,"","","","","","","","","","","","","","","","","","","","","","","","","","","","","","","","","","","","","","","","","","","","",1027.7,9,1018.8,9,"","","","","","","","","","","","","","","","","","","","","","","","","","","","","","","","","","","","","","","","","","","","","","","","","","","","","","","","","","","","","","","","","","","","","","","","","","","","","","","","","","","","","","","","","","","","","","","","","","","","","","","","","","","","","","","",""
"33167001","BORDEAUX_OBSERVATOIRE",44.831667,-0.525,74,1912101400,"","","","","","","","","","","","","","","","","","","","","","","","","","","","","","","","","","","","",12.9,9,"","","","","","","","","","","","","","","","","","","","","","","","","","","","","","","","","","","","","","","","","","","","",1028.1,9,1019.1,9,"","","","","","","","","","","","","","","","","","","","","","","","","","","","","","","","","","","","","","","","","","","","","","","","","","","","","","","","","","","","","","","","","","","","","","","","","","","","","","","","","","","","","","","","","","","","","","","","","","","","","","","","","","","","","","","",""
"33167001","BORDEAUX_OBSERVATOIRE",44.831667,-0.525,74,1912101403,"","","","","","","","","","","","","","","","","","","","","","","","","","","","","","","","","","","","",10.2,9,"","","","","","","","","","","","","","","","","","","","","","","","","","","","","","","","","","","","","","","","","","","","",1028.1,9,1019.,9,"","","","","","","","","","","","","","","","","","","","","","","","","","","","","","","","","","","","","","","","","","","","","","","","","","","","","","","","","","","","","","","","","","","","","","","","","","","","","","","","","","","","","","","","","","","","","","","","","","","","","","","","","","","","","","","",""
"33167001","BORDEAUX_OBSERVATOIRE",44.831667,-0.525,74,1912101407,"","","","","","","","","","","","","","","","","","","","","","","","","","","","","","","","","","","","",8.3,9,"","","","","","","","","","","","","","","","","","","","","","","","","","","","","","","","","","","","","","","","","","","","",1028.7,9,1019.5,9,"","","","","","","","","","","","","","","","","","","","","","","","","","","","","","","","","","","","","","","","","","","","","","","","","","","","","","","","","","","","","","","","","","","","","","","","","","","","","","","","","","","","","","","","","","","","","","","","","","","","","","","","","","","","","","","",""
"33167001","BORDEAUX_OBSERVATOIRE",44.831667,-0.525,74,1912101409,"","","","","","","","","","","","","","","","","","","","","","","","","","","","","","","","","","","","",11.8,9,"","","","","","","","","","","","","","","","","","","","","","","","","","","","","","","","","","","","","","","","","","","","",1029.2,9,1020.2,9,"","","","","","","","","","","","","","","","","","","","","","","","","","","","","","","","","","","","","","","","","","","","","","","","","","","","","","","","","","","","","","","","","","","","","","","","","","","","","","","","","","","","","","","","","","","","","","","","","","","","","","","","","","","","","","","",""
"33167001","BORDEAUX_OBSERVATOIRE",44.831667,-0.525,74,1912101412,"","","","","","","","","","","","","","","","","","","","","","","","","","","","","","","","","","","","",19.8,9,"","","","","","","","","","","","","","","","","","","","","","","","","","","","","","","","","","","","","","","","","","","","",1028.7,9,1019.9,1,"","","","","","","","","","","","","","","","","","","","","","","","","","","","","","","","","","","","","","","","","","","","","","","","","","","","","","","","","","","","","","","","","","","","","","","","","","","","","","","","","","","","","","","","","","","","","","","","","","","","","","","","","","","","","","","",""
"33167001","BORDEAUX_OBSERVATOIRE",44.831667,-0.525,74,1912101415,"","","","","","","","","","","","","","","","","","","","","","","","","","","","","","","","","","","","",20.8,9,"","","","","","","","","","","","","","","","","","","","","","","","","","","","","","","","","","","","","","","","","","","","",1027.8,9,1019.1,9,"","","","","","","","","","","","","","","","","","","","","","","","","","","","","","","","","","","","","","","","","","","","","","","","","","","","","","","","","","","","","","","","","","","","","","","","","","","","","","","","","","","","","","","","","","","","","","","","","","","","","","","","","","","","","","","",""
"33167001","BORDEAUX_OBSERVATOIRE",44.831667,-0.525,74,1912101418,"","","","","","","","","","","","","","","","","","","","","","","","","","","","","","","","","","","","",16.,9,"","","","","","","","","","","","","","","","","","","","","","","","","","","","","","","","","","","","","","","","","","","","",1028.7,9,1019.8,9,"","","","","","","","","","","","","","","","","","","","","","","","","","","","","","","","","","","","","","","","","","","","","","","","","","","","","","","","","","","","","","","","","","","","","","","","","","","","","","","","","","","","","","","","","","","","","","","","","","","","","","","","","","","","","","","",""
"33167001","BORDEAUX_OBSERVATOIRE",44.831667,-0.525,74,1912101421,"","","","","","","","","","","","","","","","","","","","","","","","","","","","","","","","","","","","",12.7,9,"","","","","","","","","","","","","","","","","","","","","","","","","","","","","","","","","","","","","","","","","","","","",1029.6,9,1020.6,9,"","","","","","","","","","","","","","","","","","","","","","","","","","","","","","","","","","","","","","","","","","","","","","","","","","","","","","","","","","","","","","","","","","","","","","","","","","","","","","","","","","","","","","","","","","","","","","","","","","","","","","","","","","","","","","","",""
"33167001","BORDEAUX_OBSERVATOIRE",44.831667,-0.525,74,1912101500,"","","","","","","","","","","","","","","","","","","","","","","","","","","","","","","","","","","","",10.5,9,"","","","","","","","","","","","","","","","","","","","","","","","","","","","","","","","","","","","","","","","","","","","",1029.9,9,1020.8,9,"","","","","","","","","","","","","","","","","","","","","","","","","","","","","","","","","","","","","","","","","","","","","","","","","","","","","","","","","","","","","","","","","","","","","","","","","","","","","","","","","","","","","","","","","","","","","","","","","","","","","","","","","","","","","","","",""
"33167001","BORDEAUX_OBSERVATOIRE",44.831667,-0.525,74,1912101503,"","","","","","","","","","","","","","","","","","","","","","","","","","","","","","","","","","","","",8.8,9,"","","","","","","","","","","","","","","","","","","","","","","","","","","","","","","","","","","","","","","","","","","","",1028.9,9,1019.8,9,"","","","","","","","","","","","","","","","","","","","","","","","","","","","","","","","","","","","","","","","","","","","","","","","","","","","","","","","","","","","","","","","","","","","","","","","","","","","","","","","","","","","","","","","","","","","","","","","","","","","","","","","","","","","","","","",""
"33167001","BORDEAUX_OBSERVATOIRE",44.831667,-0.525,74,1912101507,"","","","","","","","","","","","","","","","","","","","","","","","","","","","","","","","","","","","",5.2,9,"","","","","","","","","","","","","","","","","","","","","","","","","","","","","","","","","","","","","","","","","","","","",1029.5,9,1020.2,9,"","","","","","","","","","","","","","","","","","","","","","","","","","","","","","","","","","","","","","","","","","","","","","","","","","","","","","","","","","","","","","","","","","","","","","","","","","","","","","","","","","","","","","","","","","","","","","","","","","","","","","","","","","","","","","","",""
"33167001","BORDEAUX_OBSERVATOIRE",44.831667,-0.525,74,1912101509,"","","","","","","","","","","","","","","","","","","","","","","","","","","","","","","","","","","","",7.5,9,"","","","","","","","","","","","","","","","","","","","","","","","","","","","","","","","","","","","","","","","","","","","",1030.,9,1020.8,9,"","","","","","","","","","","","","","","","","","","","","","","","","","","","","","","","","","","","","","","","","","","","","","","","","","","","","","","","","","","","","","","","","","","","","","","","","","","","","","","","","","","","","","","","","","","","","","","","","","","","","","","","","","","","","","","",""
"33167001","BORDEAUX_OBSERVATOIRE",44.831667,-0.525,74,1912101512,"","","","","","","","","","","","","","","","","","","","","","","","","","","","","","","","","","","","",16.,9,"","","","","","","","","","","","","","","","","","","","","","","","","","","","","","","","","","","","","","","","","","","","",1028.9,9,1020.,1,"","","","","","","","","","","","","","","","","","","","","","","","","","","","","","","","","","","","","","","","","","","","","","","","","","","","","","","","","","","","","","","","","","","","","","","","","","","","","","","","","","","","","","","","","","","","","","","","","","","","","","","","","","","","","","","",""
"33167001","BORDEAUX_OBSERVATOIRE",44.831667,-0.525,74,1912101515,"","","","","","","","","","","","","","","","","","","","","","","","","","","","","","","","","","","","",19.6,9,"","","","","","","","","","","","","","","","","","","","","","","","","","","","","","","","","","","","","","","","","","","","",1027.,9,1018.2,9,"","","","","","","","","","","","","","","","","","","","","","","","","","","","","","","","","","","","","","","","","","","","","","","","","","","","","","","","","","","","","","","","","","","","","","","","","","","","","","","","","","","","","","","","","","","","","","","","","","","","","","","","","","","","","","","",""
"33167001","BORDEAUX_OBSERVATOIRE",44.831667,-0.525,74,1912101518,"","","","","","","","","","","","","","","","","","","","","","","","","","","","","","","","","","","","",13.8,9,"","","","","","","","","","","","","","","","","","","","","","","","","","","","","","","","","","","","","","","","","","","","",1026.9,9,1017.9,9,"","","","","","","","","","","","","","","","","","","","","","","","","","","","","","","","","","","","","","","","","","","","","","","","","","","","","","","","","","","","","","","","","","","","","","","","","","","","","","","","","","","","","","","","","","","","","","","","","","","","","","","","","","","","","","","",""
"33167001","BORDEAUX_OBSERVATOIRE",44.831667,-0.525,74,1912101521,"","","","","","","","","","","","","","","","","","","","","","","","","","","","","","","","","","","","",11.6,9,"","","","","","","","","","","","","","","","","","","","","","","","","","","","","","","","","","","","","","","","","","","","",1027.2,9,1018.2,9,"","","","","","","","","","","","","","","","","","","","","","","","","","","","","","","","","","","","","","","","","","","","","","","","","","","","","","","","","","","","","","","","","","","","","","","","","","","","","","","","","","","","","","","","","","","","","","","","","","","","","","","","","","","","","","","",""
"33167001","BORDEAUX_OBSERVATOIRE",44.831667,-0.525,74,1912101600,"","","","","","","","","","","","","","","","","","","","","","","","","","","","","","","","","","","","",11.1,9,"","","","","","","","","","","","","","","","","","","","","","","","","","","","","","","","","","","","","","","","","","","","",1026.,9,1017.,9,"","","","","","","","","","","","","","","","","","","","","","","","","","","","","","","","","","","","","","","","","","","","","","","","","","","","","","","","","","","","","","","","","","","","","","","","","","","","","","","","","","","","","","","","","","","","","","","","","","","","","","","","","","","","","","","",""
"33167001","BORDEAUX_OBSERVATOIRE",44.831667,-0.525,74,1912101603,"","","","","","","","","","","","","","","","","","","","","","","","","","","","","","","","","","","","",11.2,9,"","","","","","","","","","","","","","","","","","","","","","","","","","","","","","","","","","","","","","","","","","","","",1025.,9,1016.,9,"","","","","","","","","","","","","","","","","","","","","","","","","","","","","","","","","","","","","","","","","","","","","","","","","","","","","","","","","","","","","","","","","","","","","","","","","","","","","","","","","","","","","","","","","","","","","","","","","","","","","","","","","","","","","","","",""
"33167001","BORDEAUX_OBSERVATOIRE",44.831667,-0.525,74,1912101607,"","","","","","","","","","","","","","","","","","","","","","","","","","","","","","","","","","","","",10.9,9,"","","","","","","","","","","","","","","","","","","","","","","","","","","","","","","","","","","","","","","","","","","","",1024.6,9,1015.6,9,"","","","","","","","","","","","","","","","","","","","","","","","","","","","","","","","","","","","","","","","","","","","","","","","","","","","","","","","","","","","","","","","","","","","","","","","","","","","","","","","","","","","","","","","","","","","","","","","","","","","","","","","","","","","","","","",""
"33167001","BORDEAUX_OBSERVATOIRE",44.831667,-0.525,74,1912101609,"","","","","","","","","","","","","","","","","","","","","","","","","","","","","","","","","","","","",11.5,9,"","","","","","","","","","","","","","","","","","","","","","","","","","","","","","","","","","","","","","","","","","","","",1024.9,9,1015.9,9,"","","","","","","","","","","","","","","","","","","","","","","","","","","","","","","","","","","","","","","","","","","","","","","","","","","","","","","","","","","","","","","","","","","","","","","","","","","","","","","","","","","","","","","","","","","","","","","","","","","","","","","","","","","","","","","",""
"33167001","BORDEAUX_OBSERVATOIRE",44.831667,-0.525,74,1912101612,"","","","","","","","","","","","","","","","","","","","","","","","","","","","","","","","","","","","",12.8,9,"","","","","","","","","","","","","","","","","","","","","","","","","","","","","","","","","","","","","","","","","","","","",1024.4,9,1015.4,1,"","","","","","","","","","","","","","","","","","","","","","","","","","","","","","","","","","","","","","","","","","","","","","","","","","","","","","","","","","","","","","","","","","","","","","","","","","","","","","","","","","","","","","","","","","","","","","","","","","","","","","","","","","","","","","","",""
"33167001","BORDEAUX_OBSERVATOIRE",44.831667,-0.525,74,1912101615,"","","","","","","","","","","","","","","","","","","","","","","","","","","","","","","","","","","","",13.8,9,"","","","","","","","","","","","","","","","","","","","","","","","","","","","","","","","","","","","","","","","","","","","",1023.3,9,1014.4,9,"","","","","","","","","","","","","","","","","","","","","","","","","","","","","","","","","","","","","","","","","","","","","","","","","","","","","","","","","","","","","","","","","","","","","","","","","","","","","","","","","","","","","","","","","","","","","","","","","","","","","","","","","","","","","","","",""
"33167001","BORDEAUX_OBSERVATOIRE",44.831667,-0.525,74,1912101618,"","","","","","","","","","","","","","","","","","","","","","","","","","","","","","","","","","","","",12.2,9,"","","","","","","","","","","","","","","","","","","","","","","","","","","","","","","","","","","","","","","","","","","","",1023.4,9,1014.4,9,"","","","","","","","","","","","","","","","","","","","","","","","","","","","","","","","","","","","","","","","","","","","","","","","","","","","","","","","","","","","","","","","","","","","","","","","","","","","","","","","","","","","","","","","","","","","","","","","","","","","","","","","","","","","","","","",""
"33167001","BORDEAUX_OBSERVATOIRE",44.831667,-0.525,74,1912101621,"","","","","","","","","","","","","","","","","","","","","","","","","","","","","","","","","","","","",10.5,9,"","","","","","","","","","","","","","","","","","","","","","","","","","","","","","","","","","","","","","","","","","","","",1023.2,9,1014.2,9,"","","","","","","","","","","","","","","","","","","","","","","","","","","","","","","","","","","","","","","","","","","","","","","","","","","","","","","","","","","","","","","","","","","","","","","","","","","","","","","","","","","","","","","","","","","","","","","","","","","","","","","","","","","","","","","",""
"33167001","BORDEAUX_OBSERVATOIRE",44.831667,-0.525,74,1912101700,"","","","","","","","","","","","","","","","","","","","","","","","","","","","","","","","","","","","",8.9,9,"","","","","","","","","","","","","","","","","","","","","","","","","","","","","","","","","","","","","","","","","","","","",1023.,9,1013.9,9,"","","","","","","","","","","","","","","","","","","","","","","","","","","","","","","","","","","","","","","","","","","","","","","","","","","","","","","","","","","","","","","","","","","","","","","","","","","","","","","","","","","","","","","","","","","","","","","","","","","","","","","","","","","","","","","",""
"33167001","BORDEAUX_OBSERVATOIRE",44.831667,-0.525,74,1912101703,"","","","","","","","","","","","","","","","","","","","","","","","","","","","","","","","","","","","",9.6,9,"","","","","","","","","","","","","","","","","","","","","","","","","","","","","","","","","","","","","","","","","","","","",1023.5,9,1014.4,9,"","","","","","","","","","","","","","","","","","","","","","","","","","","","","","","","","","","","","","","","","","","","","","","","","","","","","","","","","","","","","","","","","","","","","","","","","","","","","","","","","","","","","","","","","","","","","","","","","","","","","","","","","","","","","","","",""
"33167001","BORDEAUX_OBSERVATOIRE",44.831667,-0.525,74,1912101707,"","","","","","","","","","","","","","","","","","","","","","","","","","","","","","","","","","","","",10.3,9,"","","","","","","","","","","","","","","","","","","","","","","","","","","","","","","","","","","","","","","","","","","","",1024.2,9,1015.2,9,"","","","","","","","","","","","","","","","","","","","","","","","","","","","","","","","","","","","","","","","","","","","","","","","","","","","","","","","","","","","","","","","","","","","","","","","","","","","","","","","","","","","","","","","","","","","","","","","","","","","","","","","","","","","","","","",""
"33167001","BORDEAUX_OBSERVATOIRE",44.831667,-0.525,74,1912101709,"","","","","","","","","","","","","","","","","","","","","","","","","","","","","","","","","","","","",11.6,9,"","","","","","","","","","","","","","","","","","","","","","","","","","","","","","","","","","","","","","","","","","","","",1025.2,9,1016.2,9,"","","","","","","","","","","","","","","","","","","","","","","","","","","","","","","","","","","","","","","","","","","","","","","","","","","","","","","","","","","","","","","","","","","","","","","","","","","","","","","","","","","","","","","","","","","","","","","","","","","","","","","","","","","","","","","",""
"33167001","BORDEAUX_OBSERVATOIRE",44.831667,-0.525,74,1912101712,"","","","","","","","","","","","","","","","","","","","","","","","","","","","","","","","","","","","",16.7,9,"","","","","","","","","","","","","","","","","","","","","","","","","","","","","","","","","","","","","","","","","","","","",1024.9,9,1016.1,1,"","","","","","","","","","","","","","","","","","","","","","","","","","","","","","","","","","","","","","","","","","","","","","","","","","","","","","","","","","","","","","","","","","","","","","","","","","","","","","","","","","","","","","","","","","","","","","","","","","","","","","","","","","","","","","","",""
"33167001","BORDEAUX_OBSERVATOIRE",44.831667,-0.525,74,1912101715,"","","","","","","","","","","","","","","","","","","","","","","","","","","","","","","","","","","","",15.4,9,"","","","","","","","","","","","","","","","","","","","","","","","","","","","","","","","","","","","","","","","","","","","",1024.9,9,1016.,9,"","","","","","","","","","","","","","","","","","","","","","","","","","","","","","","","","","","","","","","","","","","","","","","","","","","","","","","","","","","","","","","","","","","","","","","","","","","","","","","","","","","","","","","","","","","","","","","","","","","","","","","","","","","","","","","",""
"33167001","BORDEAUX_OBSERVATOIRE",44.831667,-0.525,74,1912101718,"","","","","","","","","","","","","","","","","","","","","","","","","","","","","","","","","","","","",13.4,9,"","","","","","","","","","","","","","","","","","","","","","","","","","","","","","","","","","","","","","","","","","","","",1025.3,9,1016.3,9,"","","","","","","","","","","","","","","","","","","","","","","","","","","","","","","","","","","","","","","","","","","","","","","","","","","","","","","","","","","","","","","","","","","","","","","","","","","","","","","","","","","","","","","","","","","","","","","","","","","","","","","","","","","","","","","",""
"33167001","BORDEAUX_OBSERVATOIRE",44.831667,-0.525,74,1912101721,"","","","","","","","","","","","","","","","","","","","","","","","","","","","","","","","","","","","",11.5,9,"","","","","","","","","","","","","","","","","","","","","","","","","","","","","","","","","","","","","","","","","","","","",1027.4,9,1018.4,9,"","","","","","","","","","","","","","","","","","","","","","","","","","","","","","","","","","","","","","","","","","","","","","","","","","","","","","","","","","","","","","","","","","","","","","","","","","","","","","","","","","","","","","","","","","","","","","","","","","","","","","","","","","","","","","","",""
"33167001","BORDEAUX_OBSERVATOIRE",44.831667,-0.525,74,1912101800,"","","","","","","","","","","","","","","","","","","","","","","","","","","","","","","","","","","","",10.8,9,"","","","","","","","","","","","","","","","","","","","","","","","","","","","","","","","","","","","","","","","","","","","",1027.4,9,1018.3,9,"","","","","","","","","","","","","","","","","","","","","","","","","","","","","","","","","","","","","","","","","","","","","","","","","","","","","","","","","","","","","","","","","","","","","","","","","","","","","","","","","","","","","","","","","","","","","","","","","","","","","","","","","","","","","","","",""
"33167001","BORDEAUX_OBSERVATOIRE",44.831667,-0.525,74,1912101803,"","","","","","","","","","","","","","","","","","","","","","","","","","","","","","","","","","","","",9.,9,"","","","","","","","","","","","","","","","","","","","","","","","","","","","","","","","","","","","","","","","","","","","",1027.7,9,1018.6,9,"","","","","","","","","","","","","","","","","","","","","","","","","","","","","","","","","","","","","","","","","","","","","","","","","","","","","","","","","","","","","","","","","","","","","","","","","","","","","","","","","","","","","","","","","","","","","","","","","","","","","","","","","","","","","","","",""
"33167001","BORDEAUX_OBSERVATOIRE",44.831667,-0.525,74,1912101807,"","","","","","","","","","","","","","","","","","","","","","","","","","","","","","","","","","","","",7.,9,"","","","","","","","","","","","","","","","","","","","","","","","","","","","","","","","","","","","","","","","","","","","",1029.6,9,1020.4,9,"","","","","","","","","","","","","","","","","","","","","","","","","","","","","","","","","","","","","","","","","","","","","","","","","","","","","","","","","","","","","","","","","","","","","","","","","","","","","","","","","","","","","","","","","","","","","","","","","","","","","","","","","","","","","","","",""
"33167001","BORDEAUX_OBSERVATOIRE",44.831667,-0.525,74,1912101809,"","","","","","","","","","","","","","","","","","","","","","","","","","","","","","","","","","","","",11.9,9,"","","","","","","","","","","","","","","","","","","","","","","","","","","","","","","","","","","","","","","","","","","","",1030.2,9,1021.2,9,"","","","","","","","","","","","","","","","","","","","","","","","","","","","","","","","","","","","","","","","","","","","","","","","","","","","","","","","","","","","","","","","","","","","","","","","","","","","","","","","","","","","","","","","","","","","","","","","","","","","","","","","","","","","","","","",""
"33167001","BORDEAUX_OBSERVATOIRE",44.831667,-0.525,74,1912101812,"","","","","","","","","","","","","","","","","","","","","","","","","","","","","","","","","","","","",15.5,9,"","","","","","","","","","","","","","","","","","","","","","","","","","","","","","","","","","","","","","","","","","","","",1029.6,9,1020.7,1,"","","","","","","","","","","","","","","","","","","","","","","","","","","","","","","","","","","","","","","","","","","","","","","","","","","","","","","","","","","","","","","","","","","","","","","","","","","","","","","","","","","","","","","","","","","","","","","","","","","","","","","","","","","","","","","",""
"33167001","BORDEAUX_OBSERVATOIRE",44.831667,-0.525,74,1912101815,"","","","","","","","","","","","","","","","","","","","","","","","","","","","","","","","","","","","",15.4,9,"","","","","","","","","","","","","","","","","","","","","","","","","","","","","","","","","","","","","","","","","","","","",1028.9,9,1020.,9,"","","","","","","","","","","","","","","","","","","","","","","","","","","","","","","","","","","","","","","","","","","","","","","","","","","","","","","","","","","","","","","","","","","","","","","","","","","","","","","","","","","","","","","","","","","","","","","","","","","","","","","","","","","","","","","",""
"33167001","BORDEAUX_OBSERVATOIRE",44.831667,-0.525,74,1912101818,"","","","","","","","","","","","","","","","","","","","","","","","","","","","","","","","","","","","",11.5,9,"","","","","","","","","","","","","","","","","","","","","","","","","","","","","","","","","","","","","","","","","","","","",1029.5,9,1020.4,9,"","","","","","","","","","","","","","","","","","","","","","","","","","","","","","","","","","","","","","","","","","","","","","","","","","","","","","","","","","","","","","","","","","","","","","","","","","","","","","","","","","","","","","","","","","","","","","","","","","","","","","","","","","","","","","","",""
"33167001","BORDEAUX_OBSERVATOIRE",44.831667,-0.525,74,1912101821,"","","","","","","","","","","","","","","","","","","","","","","","","","","","","","","","","","","","",9.1,9,"","","","","","","","","","","","","","","","","","","","","","","","","","","","","","","","","","","","","","","","","","","","",1029.9,9,1020.8,9,"","","","","","","","","","","","","","","","","","","","","","","","","","","","","","","","","","","","","","","","","","","","","","","","","","","","","","","","","","","","","","","","","","","","","","","","","","","","","","","","","","","","","","","","","","","","","","","","","","","","","","","","","","","","","","","",""
"33167001","BORDEAUX_OBSERVATOIRE",44.831667,-0.525,74,1912101900,"","","","","","","","","","","","","","","","","","","","","","","","","","","","","","","","","","","","",8.2,9,"","","","","","","","","","","","","","","","","","","","","","","","","","","","","","","","","","","","","","","","","","","","",1030.,9,1020.8,9,"","","","","","","","","","","","","","","","","","","","","","","","","","","","","","","","","","","","","","","","","","","","","","","","","","","","","","","","","","","","","","","","","","","","","","","","","","","","","","","","","","","","","","","","","","","","","","","","","","","","","","","","","","","","","","","",""
"33167001","BORDEAUX_OBSERVATOIRE",44.831667,-0.525,74,1912101903,"","","","","","","","","","","","","","","","","","","","","","","","","","","","","","","","","","","","",5.9,9,"","","","","","","","","","","","","","","","","","","","","","","","","","","","","","","","","","","","","","","","","","","","",1029.1,9,1019.9,9,"","","","","","","","","","","","","","","","","","","","","","","","","","","","","","","","","","","","","","","","","","","","","","","","","","","","","","","","","","","","","","","","","","","","","","","","","","","","","","","","","","","","","","","","","","","","","","","","","","","","","","","","","","","","","","","",""
"33167001","BORDEAUX_OBSERVATOIRE",44.831667,-0.525,74,1912101907,"","","","","","","","","","","","","","","","","","","","","","","","","","","","","","","","","","","","",3.9,9,"","","","","","","","","","","","","","","","","","","","","","","","","","","","","","","","","","","","","","","","","","","","",1029.3,9,1020.,9,"","","","","","","","","","","","","","","","","","","","","","","","","","","","","","","","","","","","","","","","","","","","","","","","","","","","","","","","","","","","","","","","","","","","","","","","","","","","","","","","","","","","","","","","","","","","","","","","","","","","","","","","","","","","","","","",""
"33167001","BORDEAUX_OBSERVATOIRE",44.831667,-0.525,74,1912101909,"","","","","","","","","","","","","","","","","","","","","","","","","","","","","","","","","","","","",8.1,9,"","","","","","","","","","","","","","","","","","","","","","","","","","","","","","","","","","","","","","","","","","","","",1029.2,9,1020.,9,"","","","","","","","","","","","","","","","","","","","","","","","","","","","","","","","","","","","","","","","","","","","","","","","","","","","","","","","","","","","","","","","","","","","","","","","","","","","","","","","","","","","","","","","","","","","","","","","","","","","","","","","","","","","","","","",""
"33167001","BORDEAUX_OBSERVATOIRE",44.831667,-0.525,74,1912101912,"","","","","","","","","","","","","","","","","","","","","","","","","","","","","","","","","","","","",13.7,9,"","","","","","","","","","","","","","","","","","","","","","","","","","","","","","","","","","","","","","","","","","","","",1028.2,9,1019.2,1,"","","","","","","","","","","","","","","","","","","","","","","","","","","","","","","","","","","","","","","","","","","","","","","","","","","","","","","","","","","","","","","","","","","","","","","","","","","","","","","","","","","","","","","","","","","","","","","","","","","","","","","","","","","","","","","",""
"33167001","BORDEAUX_OBSERVATOIRE",44.831667,-0.525,74,1912101915,"","","","","","","","","","","","","","","","","","","","","","","","","","","","","","","","","","","","",13.3,9,"","","","","","","","","","","","","","","","","","","","","","","","","","","","","","","","","","","","","","","","","","","","",1026.8,9,1017.8,9,"","","","","","","","","","","","","","","","","","","","","","","","","","","","","","","","","","","","","","","","","","","","","","","","","","","","","","","","","","","","","","","","","","","","","","","","","","","","","","","","","","","","","","","","","","","","","","","","","","","","","","","","","","","","","","","",""
"33167001","BORDEAUX_OBSERVATOIRE",44.831667,-0.525,74,1912101918,"","","","","","","","","","","","","","","","","","","","","","","","","","","","","","","","","","","","",12.9,9,"","","","","","","","","","","","","","","","","","","","","","","","","","","","","","","","","","","","","","","","","","","","",1025.8,9,1016.8,9,"","","","","","","","","","","","","","","","","","","","","","","","","","","","","","","","","","","","","","","","","","","","","","","","","","","","","","","","","","","","","","","","","","","","","","","","","","","","","","","","","","","","","","","","","","","","","","","","","","","","","","","","","","","","","","","",""
"33167001","BORDEAUX_OBSERVATOIRE",44.831667,-0.525,74,1912101921,"","","","","","","","","","","","","","","","","","","","","","","","","","","","","","","","","","","","",11.2,9,"","","","","","","","","","","","","","","","","","","","","","","","","","","","","","","","","","","","","","","","","","","","",1025.2,9,1016.2,9,"","","","","","","","","","","","","","","","","","","","","","","","","","","","","","","","","","","","","","","","","","","","","","","","","","","","","","","","","","","","","","","","","","","","","","","","","","","","","","","","","","","","","","","","","","","","","","","","","","","","","","","","","","","","","","","",""
"33167001","BORDEAUX_OBSERVATOIRE",44.831667,-0.525,74,1912102000,"","","","","","","","","","","","","","","","","","","","","","","","","","","","","","","","","","","","",11.1,9,"","","","","","","","","","","","","","","","","","","","","","","","","","","","","","","","","","","","","","","","","","","","",1023.8,9,1014.8,9,"","","","","","","","","","","","","","","","","","","","","","","","","","","","","","","","","","","","","","","","","","","","","","","","","","","","","","","","","","","","","","","","","","","","","","","","","","","","","","","","","","","","","","","","","","","","","","","","","","","","","","","","","","","","","","","",""
"33167001","BORDEAUX_OBSERVATOIRE",44.831667,-0.525,74,1912102003,"","","","","","","","","","","","","","","","","","","","","","","","","","","","","","","","","","","","",11.5,9,"","","","","","","","","","","","","","","","","","","","","","","","","","","","","","","","","","","","","","","","","","","","",1022.,9,1013.,9,"","","","","","","","","","","","","","","","","","","","","","","","","","","","","","","","","","","","","","","","","","","","","","","","","","","","","","","","","","","","","","","","","","","","","","","","","","","","","","","","","","","","","","","","","","","","","","","","","","","","","","","","","","","","","","","",""
"33167001","BORDEAUX_OBSERVATOIRE",44.831667,-0.525,74,1912102007,"","","","","","","","","","","","","","","","","","","","","","","","","","","","","","","","","","","","",10.,9,"","","","","","","","","","","","","","","","","","","","","","","","","","","","","","","","","","","","","","","","","","","","",1021.5,9,1012.5,9,"","","","","","","","","","","","","","","","","","","","","","","","","","","","","","","","","","","","","","","","","","","","","","","","","","","","","","","","","","","","","","","","","","","","","","","","","","","","","","","","","","","","","","","","","","","","","","","","","","","","","","","","","","","","","","","",""
"33167001","BORDEAUX_OBSERVATOIRE",44.831667,-0.525,74,1912102009,"","","","","","","","","","","","","","","","","","","","","","","","","","","","","","","","","","","","",10.9,9,"","","","","","","","","","","","","","","","","","","","","","","","","","","","","","","","","","","","","","","","","","","","",1022.,9,1013.,9,"","","","","","","","","","","","","","","","","","","","","","","","","","","","","","","","","","","","","","","","","","","","","","","","","","","","","","","","","","","","","","","","","","","","","","","","","","","","","","","","","","","","","","","","","","","","","","","","","","","","","","","","","","","","","","","",""
"33167001","BORDEAUX_OBSERVATOIRE",44.831667,-0.525,74,1912102012,"","","","","","","","","","","","","","","","","","","","","","","","","","","","","","","","","","","","",12.3,9,"","","","","","","","","","","","","","","","","","","","","","","","","","","","","","","","","","","","","","","","","","","","",1020.7,9,1011.8,1,"","","","","","","","","","","","","","","","","","","","","","","","","","","","","","","","","","","","","","","","","","","","","","","","","","","","","","","","","","","","","","","","","","","","","","","","","","","","","","","","","","","","","","","","","","","","","","","","","","","","","","","","","","","","","","","",""
"33167001","BORDEAUX_OBSERVATOIRE",44.831667,-0.525,74,1912102015,"","","","","","","","","","","","","","","","","","","","","","","","","","","","","","","","","","","","",13.2,9,"","","","","","","","","","","","","","","","","","","","","","","","","","","","","","","","","","","","","","","","","","","","",1018.5,9,1009.6,9,"","","","","","","","","","","","","","","","","","","","","","","","","","","","","","","","","","","","","","","","","","","","","","","","","","","","","","","","","","","","","","","","","","","","","","","","","","","","","","","","","","","","","","","","","","","","","","","","","","","","","","","","","","","","","","","",""
"33167001","BORDEAUX_OBSERVATOIRE",44.831667,-0.525,74,1912102018,"","","","","","","","","","","","","","","","","","","","","","","","","","","","","","","","","","","","",11.,9,"","","","","","","","","","","","","","","","","","","","","","","","","","","","","","","","","","","","","","","","","","","","",1017.2,9,1008.2,9,"","","","","","","","","","","","","","","","","","","","","","","","","","","","","","","","","","","","","","","","","","","","","","","","","","","","","","","","","","","","","","","","","","","","","","","","","","","","","","","","","","","","","","","","","","","","","","","","","","","","","","","","","","","","","","","",""
"33167001","BORDEAUX_OBSERVATOIRE",44.831667,-0.525,74,1912102021,"","","","","","","","","","","","","","","","","","","","","","","","","","","","","","","","","","","","",8.7,9,"","","","","","","","","","","","","","","","","","","","","","","","","","","","","","","","","","","","","","","","","","","","",1015.6,9,1006.6,9,"","","","","","","","","","","","","","","","","","","","","","","","","","","","","","","","","","","","","","","","","","","","","","","","","","","","","","","","","","","","","","","","","","","","","","","","","","","","","","","","","","","","","","","","","","","","","","","","","","","","","","","","","","","","","","","",""
"33167001","BORDEAUX_OBSERVATOIRE",44.831667,-0.525,74,1912102100,"","","","","","","","","","","","","","","","","","","","","","","","","","","","","","","","","","","","",7.8,9,"","","","","","","","","","","","","","","","","","","","","","","","","","","","","","","","","","","","","","","","","","","","",1013.3,9,1004.3,9,"","","","","","","","","","","","","","","","","","","","","","","","","","","","","","","","","","","","","","","","","","","","","","","","","","","","","","","","","","","","","","","","","","","","","","","","","","","","","","","","","","","","","","","","","","","","","","","","","","","","","","","","","","","","","","","",""
"33167001","BORDEAUX_OBSERVATOIRE",44.831667,-0.525,74,1912102103,"","","","","","","","","","","","","","","","","","","","","","","","","","","","","","","","","","","","",8.2,9,"","","","","","","","","","","","","","","","","","","","","","","","","","","","","","","","","","","","","","","","","","","","",1010.4,9,1001.4,9,"","","","","","","","","","","","","","","","","","","","","","","","","","","","","","","","","","","","","","","","","","","","","","","","","","","","","","","","","","","","","","","","","","","","","","","","","","","","","","","","","","","","","","","","","","","","","","","","","","","","","","","","","","","","","","","",""
"33167001","BORDEAUX_OBSERVATOIRE",44.831667,-0.525,74,1912102107,"","","","","","","","","","","","","","","","","","","","","","","","","","","","","","","","","","","","",9.9,9,"","","","","","","","","","","","","","","","","","","","","","","","","","","","","","","","","","","","","","","","","","","","",1006.8,9,997.9,9,"","","","","","","","","","","","","","","","","","","","","","","","","","","","","","","","","","","","","","","","","","","","","","","","","","","","","","","","","","","","","","","","","","","","","","","","","","","","","","","","","","","","","","","","","","","","","","","","","","","","","","","","","","","","","","","",""
"33167001","BORDEAUX_OBSERVATOIRE",44.831667,-0.525,74,1912102109,"","","","","","","","","","","","","","","","","","","","","","","","","","","","","","","","","","","","",10.2,9,"","","","","","","","","","","","","","","","","","","","","","","","","","","","","","","","","","","","","","","","","","","","",1007.,9,998.1,9,"","","","","","","","","","","","","","","","","","","","","","","","","","","","","","","","","","","","","","","","","","","","","","","","","","","","","","","","","","","","","","","","","","","","","","","","","","","","","","","","","","","","","","","","","","","","","","","","","","","","","","","","","","","","","","","",""
"33167001","BORDEAUX_OBSERVATOIRE",44.831667,-0.525,74,1912102112,"","","","","","","","","","","","","","","","","","","","","","","","","","","","","","","","","","","","",8.3,9,"","","","","","","","","","","","","","","","","","","","","","","","","","","","","","","","","","","","","","","","","","","","",1006.7,9,997.7,1,"","","","","","","","","","","","","","","","","","","","","","","","","","","","","","","","","","","","","","","","","","","","","","","","","","","","","","","","","","","","","","","","","","","","","","","","","","","","","","","","","","","","","","","","","","","","","","","","","","","","","","","","","","","","","","","",""
"33167001","BORDEAUX_OBSERVATOIRE",44.831667,-0.525,74,1912102115,"","","","","","","","","","","","","","","","","","","","","","","","","","","","","","","","","","","","",12.,9,"","","","","","","","","","","","","","","","","","","","","","","","","","","","","","","","","","","","","","","","","","","","",1005.2,9,996.4,9,"","","","","","","","","","","","","","","","","","","","","","","","","","","","","","","","","","","","","","","","","","","","","","","","","","","","","","","","","","","","","","","","","","","","","","","","","","","","","","","","","","","","","","","","","","","","","","","","","","","","","","","","","","","","","","","",""
"33167001","BORDEAUX_OBSERVATOIRE",44.831667,-0.525,74,1912102118,"","","","","","","","","","","","","","","","","","","","","","","","","","","","","","","","","","","","",7.9,9,"","","","","","","","","","","","","","","","","","","","","","","","","","","","","","","","","","","","","","","","","","","","",1006.,9,997.,9,"","","","","","","","","","","","","","","","","","","","","","","","","","","","","","","","","","","","","","","","","","","","","","","","","","","","","","","","","","","","","","","","","","","","","","","","","","","","","","","","","","","","","","","","","","","","","","","","","","","","","","","","","","","","","","","",""
"33167001","BORDEAUX_OBSERVATOIRE",44.831667,-0.525,74,1912102121,"","","","","","","","","","","","","","","","","","","","","","","","","","","","","","","","","","","","",6.3,9,"","","","","","","","","","","","","","","","","","","","","","","","","","","","","","","","","","","","","","","","","","","","",1007.6,9,998.6,9,"","","","","","","","","","","","","","","","","","","","","","","","","","","","","","","","","","","","","","","","","","","","","","","","","","","","","","","","","","","","","","","","","","","","","","","","","","","","","","","","","","","","","","","","","","","","","","","","","","","","","","","","","","","","","","","",""
"33167001","BORDEAUX_OBSERVATOIRE",44.831667,-0.525,74,1912102200,"","","","","","","","","","","","","","","","","","","","","","","","","","","","","","","","","","","","",4.5,9,"","","","","","","","","","","","","","","","","","","","","","","","","","","","","","","","","","","","","","","","","","","","",1008.2,9,999.1,9,"","","","","","","","","","","","","","","","","","","","","","","","","","","","","","","","","","","","","","","","","","","","","","","","","","","","","","","","","","","","","","","","","","","","","","","","","","","","","","","","","","","","","","","","","","","","","","","","","","","","","","","","","","","","","","","",""
"33167001","BORDEAUX_OBSERVATOIRE",44.831667,-0.525,74,1912102203,"","","","","","","","","","","","","","","","","","","","","","","","","","","","","","","","","","","","",6.6,9,"","","","","","","","","","","","","","","","","","","","","","","","","","","","","","","","","","","","","","","","","","","","",1006.5,9,997.5,9,"","","","","","","","","","","","","","","","","","","","","","","","","","","","","","","","","","","","","","","","","","","","","","","","","","","","","","","","","","","","","","","","","","","","","","","","","","","","","","","","","","","","","","","","","","","","","","","","","","","","","","","","","","","","","","","",""
"33167001","BORDEAUX_OBSERVATOIRE",44.831667,-0.525,74,1912102207,"","","","","","","","","","","","","","","","","","","","","","","","","","","","","","","","","","","","",8.3,9,"","","","","","","","","","","","","","","","","","","","","","","","","","","","","","","","","","","","","","","","","","","","",1006.,9,997.,9,"","","","","","","","","","","","","","","","","","","","","","","","","","","","","","","","","","","","","","","","","","","","","","","","","","","","","","","","","","","","","","","","","","","","","","","","","","","","","","","","","","","","","","","","","","","","","","","","","","","","","","","","","","","","","","","",""
"33167001","BORDEAUX_OBSERVATOIRE",44.831667,-0.525,74,1912102209,"","","","","","","","","","","","","","","","","","","","","","","","","","","","","","","","","","","","",10.1,9,"","","","","","","","","","","","","","","","","","","","","","","","","","","","","","","","","","","","","","","","","","","","",1006.2,9,997.3,9,"","","","","","","","","","","","","","","","","","","","","","","","","","","","","","","","","","","","","","","","","","","","","","","","","","","","","","","","","","","","","","","","","","","","","","","","","","","","","","","","","","","","","","","","","","","","","","","","","","","","","","","","","","","","","","","",""
"33167001","BORDEAUX_OBSERVATOIRE",44.831667,-0.525,74,1912102212,"","","","","","","","","","","","","","","","","","","","","","","","","","","","","","","","","","","","",11.8,9,"","","","","","","","","","","","","","","","","","","","","","","","","","","","","","","","","","","","","","","","","","","","",1004.3,9,995.5,1,"","","","","","","","","","","","","","","","","","","","","","","","","","","","","","","","","","","","","","","","","","","","","","","","","","","","","","","","","","","","","","","","","","","","","","","","","","","","","","","","","","","","","","","","","","","","","","","","","","","","","","","","","","","","","","","",""
"33167001","BORDEAUX_OBSERVATOIRE",44.831667,-0.525,74,1912102215,"","","","","","","","","","","","","","","","","","","","","","","","","","","","","","","","","","","","",12.1,9,"","","","","","","","","","","","","","","","","","","","","","","","","","","","","","","","","","","","","","","","","","","","",1002.3,9,993.5,9,"","","","","","","","","","","","","","","","","","","","","","","","","","","","","","","","","","","","","","","","","","","","","","","","","","","","","","","","","","","","","","","","","","","","","","","","","","","","","","","","","","","","","","","","","","","","","","","","","","","","","","","","","","","","","","","",""
"33167001","BORDEAUX_OBSERVATOIRE",44.831667,-0.525,74,1912102218,"","","","","","","","","","","","","","","","","","","","","","","","","","","","","","","","","","","","",10.6,9,"","","","","","","","","","","","","","","","","","","","","","","","","","","","","","","","","","","","","","","","","","","","",1001.,9,992.2,9,"","","","","","","","","","","","","","","","","","","","","","","","","","","","","","","","","","","","","","","","","","","","","","","","","","","","","","","","","","","","","","","","","","","","","","","","","","","","","","","","","","","","","","","","","","","","","","","","","","","","","","","","","","","","","","","",""
"33167001","BORDEAUX_OBSERVATOIRE",44.831667,-0.525,74,1912102221,"","","","","","","","","","","","","","","","","","","","","","","","","","","","","","","","","","","","",9.4,9,"","","","","","","","","","","","","","","","","","","","","","","","","","","","","","","","","","","","","","","","","","","","",1001.5,9,992.6,9,"","","","","","","","","","","","","","","","","","","","","","","","","","","","","","","","","","","","","","","","","","","","","","","","","","","","","","","","","","","","","","","","","","","","","","","","","","","","","","","","","","","","","","","","","","","","","","","","","","","","","","","","","","","","","","","",""
"33167001","BORDEAUX_OBSERVATOIRE",44.831667,-0.525,74,1912102300,"","","","","","","","","","","","","","","","","","","","","","","","","","","","","","","","","","","","",9.3,9,"","","","","","","","","","","","","","","","","","","","","","","","","","","","","","","","","","","","","","","","","","","","",1002.7,9,993.8,9,"","","","","","","","","","","","","","","","","","","","","","","","","","","","","","","","","","","","","","","","","","","","","","","","","","","","","","","","","","","","","","","","","","","","","","","","","","","","","","","","","","","","","","","","","","","","","","","","","","","","","","","","","","","","","","","",""
"33167001","BORDEAUX_OBSERVATOIRE",44.831667,-0.525,74,1912102303,"","","","","","","","","","","","","","","","","","","","","","","","","","","","","","","","","","","","",9.9,9,"","","","","","","","","","","","","","","","","","","","","","","","","","","","","","","","","","","","","","","","","","","","",1003.5,9,994.6,9,"","","","","","","","","","","","","","","","","","","","","","","","","","","","","","","","","","","","","","","","","","","","","","","","","","","","","","","","","","","","","","","","","","","","","","","","","","","","","","","","","","","","","","","","","","","","","","","","","","","","","","","","","","","","","","","",""
"33167001","BORDEAUX_OBSERVATOIRE",44.831667,-0.525,74,1912102307,"","","","","","","","","","","","","","","","","","","","","","","","","","","","","","","","","","","","",8.7,9,"","","","","","","","","","","","","","","","","","","","","","","","","","","","","","","","","","","","","","","","","","","","",1003.1,9,994.2,9,"","","","","","","","","","","","","","","","","","","","","","","","","","","","","","","","","","","","","","","","","","","","","","","","","","","","","","","","","","","","","","","","","","","","","","","","","","","","","","","","","","","","","","","","","","","","","","","","","","","","","","","","","","","","","","","",""
"33167001","BORDEAUX_OBSERVATOIRE",44.831667,-0.525,74,1912102309,"","","","","","","","","","","","","","","","","","","","","","","","","","","","","","","","","","","","",10.8,9,"","","","","","","","","","","","","","","","","","","","","","","","","","","","","","","","","","","","","","","","","","","","",1003.7,9,994.9,9,"","","","","","","","","","","","","","","","","","","","","","","","","","","","","","","","","","","","","","","","","","","","","","","","","","","","","","","","","","","","","","","","","","","","","","","","","","","","","","","","","","","","","","","","","","","","","","","","","","","","","","","","","","","","","","","",""
"33167001","BORDEAUX_OBSERVATOIRE",44.831667,-0.525,74,1912102312,"","","","","","","","","","","","","","","","","","","","","","","","","","","","","","","","","","","","",14.6,9,"","","","","","","","","","","","","","","","","","","","","","","","","","","","","","","","","","","","","","","","","","","","",1004.2,9,995.5,1,"","","","","","","","","","","","","","","","","","","","","","","","","","","","","","","","","","","","","","","","","","","","","","","","","","","","","","","","","","","","","","","","","","","","","","","","","","","","","","","","","","","","","","","","","","","","","","","","","","","","","","","","","","","","","","","",""
"33167001","BORDEAUX_OBSERVATOIRE",44.831667,-0.525,74,1912102315,"","","","","","","","","","","","","","","","","","","","","","","","","","","","","","","","","","","","",13.8,9,"","","","","","","","","","","","","","","","","","","","","","","","","","","","","","","","","","","","","","","","","","","","",1006.,9,997.2,9,"","","","","","","","","","","","","","","","","","","","","","","","","","","","","","","","","","","","","","","","","","","","","","","","","","","","","","","","","","","","","","","","","","","","","","","","","","","","","","","","","","","","","","","","","","","","","","","","","","","","","","","","","","","","","","","",""
"33167001","BORDEAUX_OBSERVATOIRE",44.831667,-0.525,74,1912102318,"","","","","","","","","","","","","","","","","","","","","","","","","","","","","","","","","","","","",11.2,9,"","","","","","","","","","","","","","","","","","","","","","","","","","","","","","","","","","","","","","","","","","","","",1007.8,9,998.9,9,"","","","","","","","","","","","","","","","","","","","","","","","","","","","","","","","","","","","","","","","","","","","","","","","","","","","","","","","","","","","","","","","","","","","","","","","","","","","","","","","","","","","","","","","","","","","","","","","","","","","","","","","","","","","","","","",""
"33167001","BORDEAUX_OBSERVATOIRE",44.831667,-0.525,74,1912102321,"","","","","","","","","","","","","","","","","","","","","","","","","","","","","","","","","","","","",9.8,9,"","","","","","","","","","","","","","","","","","","","","","","","","","","","","","","","","","","","","","","","","","","","",1007.6,9,998.7,9,"","","","","","","","","","","","","","","","","","","","","","","","","","","","","","","","","","","","","","","","","","","","","","","","","","","","","","","","","","","","","","","","","","","","","","","","","","","","","","","","","","","","","","","","","","","","","","","","","","","","","","","","","","","","","","","",""
"33167001","BORDEAUX_OBSERVATOIRE",44.831667,-0.525,74,1912102400,"","","","","","","","","","","","","","","","","","","","","","","","","","","","","","","","","","","","",9.8,9,"","","","","","","","","","","","","","","","","","","","","","","","","","","","","","","","","","","","","","","","","","","","",1006.,9,997.1,9,"","","","","","","","","","","","","","","","","","","","","","","","","","","","","","","","","","","","","","","","","","","","","","","","","","","","","","","","","","","","","","","","","","","","","","","","","","","","","","","","","","","","","","","","","","","","","","","","","","","","","","","","","","","","","","","",""
"33167001","BORDEAUX_OBSERVATOIRE",44.831667,-0.525,74,1912102403,"","","","","","","","","","","","","","","","","","","","","","","","","","","","","","","","","","","","",10.2,9,"","","","","","","","","","","","","","","","","","","","","","","","","","","","","","","","","","","","","","","","","","","","",1004.3,9,995.4,9,"","","","","","","","","","","","","","","","","","","","","","","","","","","","","","","","","","","","","","","","","","","","","","","","","","","","","","","","","","","","","","","","","","","","","","","","","","","","","","","","","","","","","","","","","","","","","","","","","","","","","","","","","","","","","","","",""
"33167001","BORDEAUX_OBSERVATOIRE",44.831667,-0.525,74,1912102407,"","","","","","","","","","","","","","","","","","","","","","","","","","","","","","","","","","","","",10.4,9,"","","","","","","","","","","","","","","","","","","","","","","","","","","","","","","","","","","","","","","","","","","","",1004.,9,995.1,9,"","","","","","","","","","","","","","","","","","","","","","","","","","","","","","","","","","","","","","","","","","","","","","","","","","","","","","","","","","","","","","","","","","","","","","","","","","","","","","","","","","","","","","","","","","","","","","","","","","","","","","","","","","","","","","","",""
"33167001","BORDEAUX_OBSERVATOIRE",44.831667,-0.525,74,1912102409,"","","","","","","","","","","","","","","","","","","","","","","","","","","","","","","","","","","","",12.,9,"","","","","","","","","","","","","","","","","","","","","","","","","","","","","","","","","","","","","","","","","","","","",1004.5,9,995.7,9,"","","","","","","","","","","","","","","","","","","","","","","","","","","","","","","","","","","","","","","","","","","","","","","","","","","","","","","","","","","","","","","","","","","","","","","","","","","","","","","","","","","","","","","","","","","","","","","","","","","","","","","","","","","","","","","",""
"33167001","BORDEAUX_OBSERVATOIRE",44.831667,-0.525,74,1912102412,"","","","","","","","","","","","","","","","","","","","","","","","","","","","","","","","","","","","",14.4,9,"","","","","","","","","","","","","","","","","","","","","","","","","","","","","","","","","","","","","","","","","","","","",1004.2,9,995.5,1,"","","","","","","","","","","","","","","","","","","","","","","","","","","","","","","","","","","","","","","","","","","","","","","","","","","","","","","","","","","","","","","","","","","","","","","","","","","","","","","","","","","","","","","","","","","","","","","","","","","","","","","","","","","","","","","",""
"33167001","BORDEAUX_OBSERVATOIRE",44.831667,-0.525,74,1912102415,"","","","","","","","","","","","","","","","","","","","","","","","","","","","","","","","","","","","",10.7,9,"","","","","","","","","","","","","","","","","","","","","","","","","","","","","","","","","","","","","","","","","","","","",1003.6,9,994.7,9,"","","","","","","","","","","","","","","","","","","","","","","","","","","","","","","","","","","","","","","","","","","","","","","","","","","","","","","","","","","","","","","","","","","","","","","","","","","","","","","","","","","","","","","","","","","","","","","","","","","","","","","","","","","","","","","",""
"33167001","BORDEAUX_OBSERVATOIRE",44.831667,-0.525,74,1912102418,"","","","","","","","","","","","","","","","","","","","","","","","","","","","","","","","","","","","",11.4,9,"","","","","","","","","","","","","","","","","","","","","","","","","","","","","","","","","","","","","","","","","","","","",1002.3,9,993.5,9,"","","","","","","","","","","","","","","","","","","","","","","","","","","","","","","","","","","","","","","","","","","","","","","","","","","","","","","","","","","","","","","","","","","","","","","","","","","","","","","","","","","","","","","","","","","","","","","","","","","","","","","","","","","","","","","",""
"33167001","BORDEAUX_OBSERVATOIRE",44.831667,-0.525,74,1912102421,"","","","","","","","","","","","","","","","","","","","","","","","","","","","","","","","","","","","",10.3,9,"","","","","","","","","","","","","","","","","","","","","","","","","","","","","","","","","","","","","","","","","","","","",1003.5,9,994.6,9,"","","","","","","","","","","","","","","","","","","","","","","","","","","","","","","","","","","","","","","","","","","","","","","","","","","","","","","","","","","","","","","","","","","","","","","","","","","","","","","","","","","","","","","","","","","","","","","","","","","","","","","","","","","","","","","",""
"33167001","BORDEAUX_OBSERVATOIRE",44.831667,-0.525,74,1912102500,"","","","","","","","","","","","","","","","","","","","","","","","","","","","","","","","","","","","",8.7,9,"","","","","","","","","","","","","","","","","","","","","","","","","","","","","","","","","","","","","","","","","","","","",1005.7,9,996.8,9,"","","","","","","","","","","","","","","","","","","","","","","","","","","","","","","","","","","","","","","","","","","","","","","","","","","","","","","","","","","","","","","","","","","","","","","","","","","","","","","","","","","","","","","","","","","","","","","","","","","","","","","","","","","","","","","",""
"33167001","BORDEAUX_OBSERVATOIRE",44.831667,-0.525,74,1912102503,"","","","","","","","","","","","","","","","","","","","","","","","","","","","","","","","","","","","",8.2,9,"","","","","","","","","","","","","","","","","","","","","","","","","","","","","","","","","","","","","","","","","","","","",1007.4,9,998.4,9,"","","","","","","","","","","","","","","","","","","","","","","","","","","","","","","","","","","","","","","","","","","","","","","","","","","","","","","","","","","","","","","","","","","","","","","","","","","","","","","","","","","","","","","","","","","","","","","","","","","","","","","","","","","","","","","",""
"33167001","BORDEAUX_OBSERVATOIRE",44.831667,-0.525,74,1912102507,"","","","","","","","","","","","","","","","","","","","","","","","","","","","","","","","","","","","",7.9,9,"","","","","","","","","","","","","","","","","","","","","","","","","","","","","","","","","","","","","","","","","","","","",1009.6,9,1000.6,9,"","","","","","","","","","","","","","","","","","","","","","","","","","","","","","","","","","","","","","","","","","","","","","","","","","","","","","","","","","","","","","","","","","","","","","","","","","","","","","","","","","","","","","","","","","","","","","","","","","","","","","","","","","","","","","","",""
"33167001","BORDEAUX_OBSERVATOIRE",44.831667,-0.525,74,1912102509,"","","","","","","","","","","","","","","","","","","","","","","","","","","","","","","","","","","","",9.1,9,"","","","","","","","","","","","","","","","","","","","","","","","","","","","","","","","","","","","","","","","","","","","",1009.5,9,1000.5,9,"","","","","","","","","","","","","","","","","","","","","","","","","","","","","","","","","","","","","","","","","","","","","","","","","","","","","","","","","","","","","","","","","","","","","","","","","","","","","","","","","","","","","","","","","","","","","","","","","","","","","","","","","","","","","","","",""
"33167001","BORDEAUX_OBSERVATOIRE",44.831667,-0.525,74,1912102512,"","","","","","","","","","","","","","","","","","","","","","","","","","","","","","","","","","","","",12.,9,"","","","","","","","","","","","","","","","","","","","","","","","","","","","","","","","","","","","","","","","","","","","",1010.4,9,1001.5,1,"","","","","","","","","","","","","","","","","","","","","","","","","","","","","","","","","","","","","","","","","","","","","","","","","","","","","","","","","","","","","","","","","","","","","","","","","","","","","","","","","","","","","","","","","","","","","","","","","","","","","","","","","","","","","","","",""
"33167001","BORDEAUX_OBSERVATOIRE",44.831667,-0.525,74,1912102515,"","","","","","","","","","","","","","","","","","","","","","","","","","","","","","","","","","","","",12.5,9,"","","","","","","","","","","","","","","","","","","","","","","","","","","","","","","","","","","","","","","","","","","","",1011.1,9,1002.2,9,"","","","","","","","","","","","","","","","","","","","","","","","","","","","","","","","","","","","","","","","","","","","","","","","","","","","","","","","","","","","","","","","","","","","","","","","","","","","","","","","","","","","","","","","","","","","","","","","","","","","","","","","","","","","","","","",""
"33167001","BORDEAUX_OBSERVATOIRE",44.831667,-0.525,74,1912102518,"","","","","","","","","","","","","","","","","","","","","","","","","","","","","","","","","","","","",12.,9,"","","","","","","","","","","","","","","","","","","","","","","","","","","","","","","","","","","","","","","","","","","","",1012.3,9,1003.4,9,"","","","","","","","","","","","","","","","","","","","","","","","","","","","","","","","","","","","","","","","","","","","","","","","","","","","","","","","","","","","","","","","","","","","","","","","","","","","","","","","","","","","","","","","","","","","","","","","","","","","","","","","","","","","","","","",""
"33167001","BORDEAUX_OBSERVATOIRE",44.831667,-0.525,74,1912102521,"","","","","","","","","","","","","","","","","","","","","","","","","","","","","","","","","","","","",11.9,9,"","","","","","","","","","","","","","","","","","","","","","","","","","","","","","","","","","","","","","","","","","","","",1013.5,9,1004.6,9,"","","","","","","","","","","","","","","","","","","","","","","","","","","","","","","","","","","","","","","","","","","","","","","","","","","","","","","","","","","","","","","","","","","","","","","","","","","","","","","","","","","","","","","","","","","","","","","","","","","","","","","","","","","","","","","",""
"33167001","BORDEAUX_OBSERVATOIRE",44.831667,-0.525,74,1912102600,"","","","","","","","","","","","","","","","","","","","","","","","","","","","","","","","","","","","",12.2,9,"","","","","","","","","","","","","","","","","","","","","","","","","","","","","","","","","","","","","","","","","","","","",1013.7,9,1004.8,9,"","","","","","","","","","","","","","","","","","","","","","","","","","","","","","","","","","","","","","","","","","","","","","","","","","","","","","","","","","","","","","","","","","","","","","","","","","","","","","","","","","","","","","","","","","","","","","","","","","","","","","","","","","","","","","","",""
"33167001","BORDEAUX_OBSERVATOIRE",44.831667,-0.525,74,1912102603,"","","","","","","","","","","","","","","","","","","","","","","","","","","","","","","","","","","","",12.,9,"","","","","","","","","","","","","","","","","","","","","","","","","","","","","","","","","","","","","","","","","","","","",1013.7,9,1004.8,9,"","","","","","","","","","","","","","","","","","","","","","","","","","","","","","","","","","","","","","","","","","","","","","","","","","","","","","","","","","","","","","","","","","","","","","","","","","","","","","","","","","","","","","","","","","","","","","","","","","","","","","","","","","","","","","","",""
"33167001","BORDEAUX_OBSERVATOIRE",44.831667,-0.525,74,1912102607,"","","","","","","","","","","","","","","","","","","","","","","","","","","","","","","","","","","","",12.,9,"","","","","","","","","","","","","","","","","","","","","","","","","","","","","","","","","","","","","","","","","","","","",1014.7,9,1005.8,9,"","","","","","","","","","","","","","","","","","","","","","","","","","","","","","","","","","","","","","","","","","","","","","","","","","","","","","","","","","","","","","","","","","","","","","","","","","","","","","","","","","","","","","","","","","","","","","","","","","","","","","","","","","","","","","","",""
"33167001","BORDEAUX_OBSERVATOIRE",44.831667,-0.525,74,1912102609,"","","","","","","","","","","","","","","","","","","","","","","","","","","","","","","","","","","","",13.4,9,"","","","","","","","","","","","","","","","","","","","","","","","","","","","","","","","","","","","","","","","","","","","",1015.6,9,1006.7,9,"","","","","","","","","","","","","","","","","","","","","","","","","","","","","","","","","","","","","","","","","","","","","","","","","","","","","","","","","","","","","","","","","","","","","","","","","","","","","","","","","","","","","","","","","","","","","","","","","","","","","","","","","","","","","","","",""
"33167001","BORDEAUX_OBSERVATOIRE",44.831667,-0.525,74,1912102612,"","","","","","","","","","","","","","","","","","","","","","","","","","","","","","","","","","","","",19.3,9,"","","","","","","","","","","","","","","","","","","","","","","","","","","","","","","","","","","","","","","","","","","","",1015.6,9,1006.9,1,"","","","","","","","","","","","","","","","","","","","","","","","","","","","","","","","","","","","","","","","","","","","","","","","","","","","","","","","","","","","","","","","","","","","","","","","","","","","","","","","","","","","","","","","","","","","","","","","","","","","","","","","","","","","","","","",""
"33167001","BORDEAUX_OBSERVATOIRE",44.831667,-0.525,74,1912102615,"","","","","","","","","","","","","","","","","","","","","","","","","","","","","","","","","","","","",18.7,9,"","","","","","","","","","","","","","","","","","","","","","","","","","","","","","","","","","","","","","","","","","","","",1015.7,9,1007.,9,"","","","","","","","","","","","","","","","","","","","","","","","","","","","","","","","","","","","","","","","","","","","","","","","","","","","","","","","","","","","","","","","","","","","","","","","","","","","","","","","","","","","","","","","","","","","","","","","","","","","","","","","","","","","","","","",""
"33167001","BORDEAUX_OBSERVATOIRE",44.831667,-0.525,74,1912102618,"","","","","","","","","","","","","","","","","","","","","","","","","","","","","","","","","","","","",15.2,9,"","","","","","","","","","","","","","","","","","","","","","","","","","","","","","","","","","","","","","","","","","","","",1016.2,9,1007.4,9,"","","","","","","","","","","","","","","","","","","","","","","","","","","","","","","","","","","","","","","","","","","","","","","","","","","","","","","","","","","","","","","","","","","","","","","","","","","","","","","","","","","","","","","","","","","","","","","","","","","","","","","","","","","","","","","",""
"33167001","BORDEAUX_OBSERVATOIRE",44.831667,-0.525,74,1912102621,"","","","","","","","","","","","","","","","","","","","","","","","","","","","","","","","","","","","",13.7,9,"","","","","","","","","","","","","","","","","","","","","","","","","","","","","","","","","","","","","","","","","","","","",1016.5,9,1007.6,9,"","","","","","","","","","","","","","","","","","","","","","","","","","","","","","","","","","","","","","","","","","","","","","","","","","","","","","","","","","","","","","","","","","","","","","","","","","","","","","","","","","","","","","","","","","","","","","","","","","","","","","","","","","","","","","","",""
"33167001","BORDEAUX_OBSERVATOIRE",44.831667,-0.525,74,1912102700,"","","","","","","","","","","","","","","","","","","","","","","","","","","","","","","","","","","","",12.8,9,"","","","","","","","","","","","","","","","","","","","","","","","","","","","","","","","","","","","","","","","","","","","",1016.,9,1007.1,9,"","","","","","","","","","","","","","","","","","","","","","","","","","","","","","","","","","","","","","","","","","","","","","","","","","","","","","","","","","","","","","","","","","","","","","","","","","","","","","","","","","","","","","","","","","","","","","","","","","","","","","","","","","","","","","","",""
"33167001","BORDEAUX_OBSERVATOIRE",44.831667,-0.525,74,1912102703,"","","","","","","","","","","","","","","","","","","","","","","","","","","","","","","","","","","","",11.3,9,"","","","","","","","","","","","","","","","","","","","","","","","","","","","","","","","","","","","","","","","","","","","",1015.3,9,1006.4,9,"","","","","","","","","","","","","","","","","","","","","","","","","","","","","","","","","","","","","","","","","","","","","","","","","","","","","","","","","","","","","","","","","","","","","","","","","","","","","","","","","","","","","","","","","","","","","","","","","","","","","","","","","","","","","","","",""
"33167001","BORDEAUX_OBSERVATOIRE",44.831667,-0.525,74,1912102707,"","","","","","","","","","","","","","","","","","","","","","","","","","","","","","","","","","","","",11.,9,"","","","","","","","","","","","","","","","","","","","","","","","","","","","","","","","","","","","","","","","","","","","",1015.6,9,1006.7,9,"","","","","","","","","","","","","","","","","","","","","","","","","","","","","","","","","","","","","","","","","","","","","","","","","","","","","","","","","","","","","","","","","","","","","","","","","","","","","","","","","","","","","","","","","","","","","","","","","","","","","","","","","","","","","","","",""
"33167001","BORDEAUX_OBSERVATOIRE",44.831667,-0.525,74,1912102709,"","","","","","","","","","","","","","","","","","","","","","","","","","","","","","","","","","","","",13.5,9,"","","","","","","","","","","","","","","","","","","","","","","","","","","","","","","","","","","","","","","","","","","","",1015.9,9,1007.,9,"","","","","","","","","","","","","","","","","","","","","","","","","","","","","","","","","","","","","","","","","","","","","","","","","","","","","","","","","","","","","","","","","","","","","","","","","","","","","","","","","","","","","","","","","","","","","","","","","","","","","","","","","","","","","","","",""
"33167001","BORDEAUX_OBSERVATOIRE",44.831667,-0.525,74,1912102712,"","","","","","","","","","","","","","","","","","","","","","","","","","","","","","","","","","","","",19.2,9,"","","","","","","","","","","","","","","","","","","","","","","","","","","","","","","","","","","","","","","","","","","","",1015.2,9,1006.5,1,"","","","","","","","","","","","","","","","","","","","","","","","","","","","","","","","","","","","","","","","","","","","","","","","","","","","","","","","","","","","","","","","","","","","","","","","","","","","","","","","","","","","","","","","","","","","","","","","","","","","","","","","","","","","","","","",""
"33167001","BORDEAUX_OBSERVATOIRE",44.831667,-0.525,74,1912102715,"","","","","","","","","","","","","","","","","","","","","","","","","","","","","","","","","","","","",20.8,9,"","","","","","","","","","","","","","","","","","","","","","","","","","","","","","","","","","","","","","","","","","","","",1013.2,9,1004.6,9,"","","","","","","","","","","","","","","","","","","","","","","","","","","","","","","","","","","","","","","","","","","","","","","","","","","","","","","","","","","","","","","","","","","","","","","","","","","","","","","","","","","","","","","","","","","","","","","","","","","","","","","","","","","","","","","",""
"33167001","BORDEAUX_OBSERVATOIRE",44.831667,-0.525,74,1912102718,"","","","","","","","","","","","","","","","","","","","","","","","","","","","","","","","","","","","",16.3,9,"","","","","","","","","","","","","","","","","","","","","","","","","","","","","","","","","","","","","","","","","","","","",1013.,9,1004.3,9,"","","","","","","","","","","","","","","","","","","","","","","","","","","","","","","","","","","","","","","","","","","","","","","","","","","","","","","","","","","","","","","","","","","","","","","","","","","","","","","","","","","","","","","","","","","","","","","","","","","","","","","","","","","","","","","",""
"33167001","BORDEAUX_OBSERVATOIRE",44.831667,-0.525,74,1912102721,"","","","","","","","","","","","","","","","","","","","","","","","","","","","","","","","","","","","",13.9,9,"","","","","","","","","","","","","","","","","","","","","","","","","","","","","","","","","","","","","","","","","","","","",1013.8,9,1005.,9,"","","","","","","","","","","","","","","","","","","","","","","","","","","","","","","","","","","","","","","","","","","","","","","","","","","","","","","","","","","","","","","","","","","","","","","","","","","","","","","","","","","","","","","","","","","","","","","","","","","","","","","","","","","","","","","",""
"33167001","BORDEAUX_OBSERVATOIRE",44.831667,-0.525,74,1912102800,"","","","","","","","","","","","","","","","","","","","","","","","","","","","","","","","","","","","",12.2,9,"","","","","","","","","","","","","","","","","","","","","","","","","","","","","","","","","","","","","","","","","","","","",1013.5,9,1004.6,9,"","","","","","","","","","","","","","","","","","","","","","","","","","","","","","","","","","","","","","","","","","","","","","","","","","","","","","","","","","","","","","","","","","","","","","","","","","","","","","","","","","","","","","","","","","","","","","","","","","","","","","","","","","","","","","","",""
"33167001","BORDEAUX_OBSERVATOIRE",44.831667,-0.525,74,1912102803,"","","","","","","","","","","","","","","","","","","","","","","","","","","","","","","","","","","","",11.6,9,"","","","","","","","","","","","","","","","","","","","","","","","","","","","","","","","","","","","","","","","","","","","",1013.2,9,1004.3,9,"","","","","","","","","","","","","","","","","","","","","","","","","","","","","","","","","","","","","","","","","","","","","","","","","","","","","","","","","","","","","","","","","","","","","","","","","","","","","","","","","","","","","","","","","","","","","","","","","","","","","","","","","","","","","","","",""
"33167001","BORDEAUX_OBSERVATOIRE",44.831667,-0.525,74,1912102807,"","","","","","","","","","","","","","","","","","","","","","","","","","","","","","","","","","","","",12.,9,"","","","","","","","","","","","","","","","","","","","","","","","","","","","","","","","","","","","","","","","","","","","",1013.4,9,1004.5,9,"","","","","","","","","","","","","","","","","","","","","","","","","","","","","","","","","","","","","","","","","","","","","","","","","","","","","","","","","","","","","","","","","","","","","","","","","","","","","","","","","","","","","","","","","","","","","","","","","","","","","","","","","","","","","","","",""
"33167001","BORDEAUX_OBSERVATOIRE",44.831667,-0.525,74,1912102809,"","","","","","","","","","","","","","","","","","","","","","","","","","","","","","","","","","","","",14.2,9,"","","","","","","","","","","","","","","","","","","","","","","","","","","","","","","","","","","","","","","","","","","","",1013.5,9,1004.7,9,"","","","","","","","","","","","","","","","","","","","","","","","","","","","","","","","","","","","","","","","","","","","","","","","","","","","","","","","","","","","","","","","","","","","","","","","","","","","","","","","","","","","","","","","","","","","","","","","","","","","","","","","","","","","","","","",""
"33167001","BORDEAUX_OBSERVATOIRE",44.831667,-0.525,74,1912102812,"","","","","","","","","","","","","","","","","","","","","","","","","","","","","","","","","","","","",18.6,9,"","","","","","","","","","","","","","","","","","","","","","","","","","","","","","","","","","","","","","","","","","","","",1012.1,9,1003.4,1,"","","","","","","","","","","","","","","","","","","","","","","","","","","","","","","","","","","","","","","","","","","","","","","","","","","","","","","","","","","","","","","","","","","","","","","","","","","","","","","","","","","","","","","","","","","","","","","","","","","","","","","","","","","","","","","",""
"33167001","BORDEAUX_OBSERVATOIRE",44.831667,-0.525,74,1912102815,"","","","","","","","","","","","","","","","","","","","","","","","","","","","","","","","","","","","",20.3,9,"","","","","","","","","","","","","","","","","","","","","","","","","","","","","","","","","","","","","","","","","","","","",1010.5,9,1001.9,9,"","","","","","","","","","","","","","","","","","","","","","","","","","","","","","","","","","","","","","","","","","","","","","","","","","","","","","","","","","","","","","","","","","","","","","","","","","","","","","","","","","","","","","","","","","","","","","","","","","","","","","","","","","","","","","","",""
"33167001","BORDEAUX_OBSERVATOIRE",44.831667,-0.525,74,1912102818,"","","","","","","","","","","","","","","","","","","","","","","","","","","","","","","","","","","","",17.7,9,"","","","","","","","","","","","","","","","","","","","","","","","","","","","","","","","","","","","","","","","","","","","",1009.2,9,1000.5,9,"","","","","","","","","","","","","","","","","","","","","","","","","","","","","","","","","","","","","","","","","","","","","","","","","","","","","","","","","","","","","","","","","","","","","","","","","","","","","","","","","","","","","","","","","","","","","","","","","","","","","","","","","","","","","","","",""
"33167001","BORDEAUX_OBSERVATOIRE",44.831667,-0.525,74,1912102821,"","","","","","","","","","","","","","","","","","","","","","","","","","","","","","","","","","","","",15.7,9,"","","","","","","","","","","","","","","","","","","","","","","","","","","","","","","","","","","","","","","","","","","","",1008.6,9,999.9,9,"","","","","","","","","","","","","","","","","","","","","","","","","","","","","","","","","","","","","","","","","","","","","","","","","","","","","","","","","","","","","","","","","","","","","","","","","","","","","","","","","","","","","","","","","","","","","","","","","","","","","","","","","","","","","","","",""
"33167001","BORDEAUX_OBSERVATOIRE",44.831667,-0.525,74,1912102900,"","","","","","","","","","","","","","","","","","","","","","","","","","","","","","","","","","","","",14.9,9,"","","","","","","","","","","","","","","","","","","","","","","","","","","","","","","","","","","","","","","","","","","","",1008.3,9,999.5,9,"","","","","","","","","","","","","","","","","","","","","","","","","","","","","","","","","","","","","","","","","","","","","","","","","","","","","","","","","","","","","","","","","","","","","","","","","","","","","","","","","","","","","","","","","","","","","","","","","","","","","","","","","","","","","","","",""
"33167001","BORDEAUX_OBSERVATOIRE",44.831667,-0.525,74,1912102903,"","","","","","","","","","","","","","","","","","","","","","","","","","","","","","","","","","","","",16.2,9,"","","","","","","","","","","","","","","","","","","","","","","","","","","","","","","","","","","","","","","","","","","","",1008.9,9,1000.2,9,"","","","","","","","","","","","","","","","","","","","","","","","","","","","","","","","","","","","","","","","","","","","","","","","","","","","","","","","","","","","","","","","","","","","","","","","","","","","","","","","","","","","","","","","","","","","","","","","","","","","","","","","","","","","","","","",""
"33167001","BORDEAUX_OBSERVATOIRE",44.831667,-0.525,74,1912102907,"","","","","","","","","","","","","","","","","","","","","","","","","","","","","","","","","","","","",15.2,9,"","","","","","","","","","","","","","","","","","","","","","","","","","","","","","","","","","","","","","","","","","","","",1012.5,9,1003.7,9,"","","","","","","","","","","","","","","","","","","","","","","","","","","","","","","","","","","","","","","","","","","","","","","","","","","","","","","","","","","","","","","","","","","","","","","","","","","","","","","","","","","","","","","","","","","","","","","","","","","","","","","","","","","","","","","",""
"33167001","BORDEAUX_OBSERVATOIRE",44.831667,-0.525,74,1912102909,"","","","","","","","","","","","","","","","","","","","","","","","","","","","","","","","","","","","",14.4,9,"","","","","","","","","","","","","","","","","","","","","","","","","","","","","","","","","","","","","","","","","","","","",1013.9,9,1005.1,9,"","","","","","","","","","","","","","","","","","","","","","","","","","","","","","","","","","","","","","","","","","","","","","","","","","","","","","","","","","","","","","","","","","","","","","","","","","","","","","","","","","","","","","","","","","","","","","","","","","","","","","","","","","","","","","","",""
"33167001","BORDEAUX_OBSERVATOIRE",44.831667,-0.525,74,1912102912,"","","","","","","","","","","","","","","","","","","","","","","","","","","","","","","","","","","","",14.7,9,"","","","","","","","","","","","","","","","","","","","","","","","","","","","","","","","","","","","","","","","","","","","",1013.,9,1004.2,1,"","","","","","","","","","","","","","","","","","","","","","","","","","","","","","","","","","","","","","","","","","","","","","","","","","","","","","","","","","","","","","","","","","","","","","","","","","","","","","","","","","","","","","","","","","","","","","","","","","","","","","","","","","","","","","","",""
"33167001","BORDEAUX_OBSERVATOIRE",44.831667,-0.525,74,1912102915,"","","","","","","","","","","","","","","","","","","","","","","","","","","","","","","","","","","","",16.1,9,"","","","","","","","","","","","","","","","","","","","","","","","","","","","","","","","","","","","","","","","","","","","",1010.6,9,1001.9,9,"","","","","","","","","","","","","","","","","","","","","","","","","","","","","","","","","","","","","","","","","","","","","","","","","","","","","","","","","","","","","","","","","","","","","","","","","","","","","","","","","","","","","","","","","","","","","","","","","","","","","","","","","","","","","","","",""
"33167001","BORDEAUX_OBSERVATOIRE",44.831667,-0.525,74,1912102918,"","","","","","","","","","","","","","","","","","","","","","","","","","","","","","","","","","","","",15.2,9,"","","","","","","","","","","","","","","","","","","","","","","","","","","","","","","","","","","","","","","","","","","","",1009.3,9,1000.5,9,"","","","","","","","","","","","","","","","","","","","","","","","","","","","","","","","","","","","","","","","","","","","","","","","","","","","","","","","","","","","","","","","","","","","","","","","","","","","","","","","","","","","","","","","","","","","","","","","","","","","","","","","","","","","","","","",""
"33167001","BORDEAUX_OBSERVATOIRE",44.831667,-0.525,74,1912102921,"","","","","","","","","","","","","","","","","","","","","","","","","","","","","","","","","","","","",14.9,9,"","","","","","","","","","","","","","","","","","","","","","","","","","","","","","","","","","","","","","","","","","","","",1009.,9,1000.2,9,"","","","","","","","","","","","","","","","","","","","","","","","","","","","","","","","","","","","","","","","","","","","","","","","","","","","","","","","","","","","","","","","","","","","","","","","","","","","","","","","","","","","","","","","","","","","","","","","","","","","","","","","","","","","","","","",""
"33167001","BORDEAUX_OBSERVATOIRE",44.831667,-0.525,74,1912103000,"","","","","","","","","","","","","","","","","","","","","","","","","","","","","","","","","","","","",14.4,9,"","","","","","","","","","","","","","","","","","","","","","","","","","","","","","","","","","","","","","","","","","","","",1007.9,9,999.1,9,"","","","","","","","","","","","","","","","","","","","","","","","","","","","","","","","","","","","","","","","","","","","","","","","","","","","","","","","","","","","","","","","","","","","","","","","","","","","","","","","","","","","","","","","","","","","","","","","","","","","","","","","","","","","","","","",""
"33167001","BORDEAUX_OBSERVATOIRE",44.831667,-0.525,74,1912103003,"","","","","","","","","","","","","","","","","","","","","","","","","","","","","","","","","","","","",14.5,9,"","","","","","","","","","","","","","","","","","","","","","","","","","","","","","","","","","","","","","","","","","","","",1007.8,9,999.,9,"","","","","","","","","","","","","","","","","","","","","","","","","","","","","","","","","","","","","","","","","","","","","","","","","","","","","","","","","","","","","","","","","","","","","","","","","","","","","","","","","","","","","","","","","","","","","","","","","","","","","","","","","","","","","","","",""
"33167001","BORDEAUX_OBSERVATOIRE",44.831667,-0.525,74,1912103007,"","","","","","","","","","","","","","","","","","","","","","","","","","","","","","","","","","","","",11.3,9,"","","","","","","","","","","","","","","","","","","","","","","","","","","","","","","","","","","","","","","","","","","","",1010.4,9,1001.5,9,"","","","","","","","","","","","","","","","","","","","","","","","","","","","","","","","","","","","","","","","","","","","","","","","","","","","","","","","","","","","","","","","","","","","","","","","","","","","","","","","","","","","","","","","","","","","","","","","","","","","","","","","","","","","","","","",""
"33167001","BORDEAUX_OBSERVATOIRE",44.831667,-0.525,74,1912103009,"","","","","","","","","","","","","","","","","","","","","","","","","","","","","","","","","","","","",11.9,9,"","","","","","","","","","","","","","","","","","","","","","","","","","","","","","","","","","","","","","","","","","","","",1012.3,9,1003.4,9,"","","","","","","","","","","","","","","","","","","","","","","","","","","","","","","","","","","","","","","","","","","","","","","","","","","","","","","","","","","","","","","","","","","","","","","","","","","","","","","","","","","","","","","","","","","","","","","","","","","","","","","","","","","","","","","",""
"33167001","BORDEAUX_OBSERVATOIRE",44.831667,-0.525,74,1912103012,"","","","","","","","","","","","","","","","","","","","","","","","","","","","","","","","","","","","",16.4,9,"","","","","","","","","","","","","","","","","","","","","","","","","","","","","","","","","","","","","","","","","","","","",1012.2,9,1003.5,1,"","","","","","","","","","","","","","","","","","","","","","","","","","","","","","","","","","","","","","","","","","","","","","","","","","","","","","","","","","","","","","","","","","","","","","","","","","","","","","","","","","","","","","","","","","","","","","","","","","","","","","","","","","","","","","","",""
"33167001","BORDEAUX_OBSERVATOIRE",44.831667,-0.525,74,1912103015,"","","","","","","","","","","","","","","","","","","","","","","","","","","","","","","","","","","","",16.,9,"","","","","","","","","","","","","","","","","","","","","","","","","","","","","","","","","","","","","","","","","","","","",1012.4,9,1003.6,9,"","","","","","","","","","","","","","","","","","","","","","","","","","","","","","","","","","","","","","","","","","","","","","","","","","","","","","","","","","","","","","","","","","","","","","","","","","","","","","","","","","","","","","","","","","","","","","","","","","","","","","","","","","","","","","","",""
"33167001","BORDEAUX_OBSERVATOIRE",44.831667,-0.525,74,1912103018,"","","","","","","","","","","","","","","","","","","","","","","","","","","","","","","","","","","","",13.1,9,"","","","","","","","","","","","","","","","","","","","","","","","","","","","","","","","","","","","","","","","","","","","",1014.2,9,1005.3,9,"","","","","","","","","","","","","","","","","","","","","","","","","","","","","","","","","","","","","","","","","","","","","","","","","","","","","","","","","","","","","","","","","","","","","","","","","","","","","","","","","","","","","","","","","","","","","","","","","","","","","","","","","","","","","","","",""
"33167001","BORDEAUX_OBSERVATOIRE",44.831667,-0.525,74,1912103021,"","","","","","","","","","","","","","","","","","","","","","","","","","","","","","","","","","","","",11.9,9,"","","","","","","","","","","","","","","","","","","","","","","","","","","","","","","","","","","","","","","","","","","","",1014.9,9,1006.,9,"","","","","","","","","","","","","","","","","","","","","","","","","","","","","","","","","","","","","","","","","","","","","","","","","","","","","","","","","","","","","","","","","","","","","","","","","","","","","","","","","","","","","","","","","","","","","","","","","","","","","","","","","","","","","","","",""
"33167001","BORDEAUX_OBSERVATOIRE",44.831667,-0.525,74,1912103100,"","","","","","","","","","","","","","","","","","","","","","","","","","","","","","","","","","","","",12.9,9,"","","","","","","","","","","","","","","","","","","","","","","","","","","","","","","","","","","","","","","","","","","","",1015.1,9,1006.2,9,"","","","","","","","","","","","","","","","","","","","","","","","","","","","","","","","","","","","","","","","","","","","","","","","","","","","","","","","","","","","","","","","","","","","","","","","","","","","","","","","","","","","","","","","","","","","","","","","","","","","","","","","","","","","","","","",""
"33167001","BORDEAUX_OBSERVATOIRE",44.831667,-0.525,74,1912103103,"","","","","","","","","","","","","","","","","","","","","","","","","","","","","","","","","","","","",11.,9,"","","","","","","","","","","","","","","","","","","","","","","","","","","","","","","","","","","","","","","","","","","","",1015.7,9,1006.8,9,"","","","","","","","","","","","","","","","","","","","","","","","","","","","","","","","","","","","","","","","","","","","","","","","","","","","","","","","","","","","","","","","","","","","","","","","","","","","","","","","","","","","","","","","","","","","","","","","","","","","","","","","","","","","","","","",""
"33167001","BORDEAUX_OBSERVATOIRE",44.831667,-0.525,74,1912103107,"","","","","","","","","","","","","","","","","","","","","","","","","","","","","","","","","","","","",10.3,9,"","","","","","","","","","","","","","","","","","","","","","","","","","","","","","","","","","","","","","","","","","","","",1017.1,9,1008.1,9,"","","","","","","","","","","","","","","","","","","","","","","","","","","","","","","","","","","","","","","","","","","","","","","","","","","","","","","","","","","","","","","","","","","","","","","","","","","","","","","","","","","","","","","","","","","","","","","","","","","","","","","","","","","","","","","",""
"33167001","BORDEAUX_OBSERVATOIRE",44.831667,-0.525,74,1912103109,"","","","","","","","","","","","","","","","","","","","","","","","","","","","","","","","","","","","",13.4,9,"","","","","","","","","","","","","","","","","","","","","","","","","","","","","","","","","","","","","","","","","","","","",1017.9,9,1009.,9,"","","","","","","","","","","","","","","","","","","","","","","","","","","","","","","","","","","","","","","","","","","","","","","","","","","","","","","","","","","","","","","","","","","","","","","","","","","","","","","","","","","","","","","","","","","","","","","","","","","","","","","","","","","","","","","",""
"33167001","BORDEAUX_OBSERVATOIRE",44.831667,-0.525,74,1912103112,"","","","","","","","","","","","","","","","","","","","","","","","","","","","","","","","","","","","",15.1,9,"","","","","","","","","","","","","","","","","","","","","","","","","","","","","","","","","","","","","","","","","","","","",1018.1,9,1009.3,1,"","","","","","","","","","","","","","","","","","","","","","","","","","","","","","","","","","","","","","","","","","","","","","","","","","","","","","","","","","","","","","","","","","","","","","","","","","","","","","","","","","","","","","","","","","","","","","","","","","","","","","","","","","","","","","","",""
"33167001","BORDEAUX_OBSERVATOIRE",44.831667,-0.525,74,1912103115,"","","","","","","","","","","","","","","","","","","","","","","","","","","","","","","","","","","","",14.6,9,"","","","","","","","","","","","","","","","","","","","","","","","","","","","","","","","","","","","","","","","","","","","",1018.2,9,1009.4,9,"","","","","","","","","","","","","","","","","","","","","","","","","","","","","","","","","","","","","","","","","","","","","","","","","","","","","","","","","","","","","","","","","","","","","","","","","","","","","","","","","","","","","","","","","","","","","","","","","","","","","","","","","","","","","","","",""
"33167001","BORDEAUX_OBSERVATOIRE",44.831667,-0.525,74,1912103118,"","","","","","","","","","","","","","","","","","","","","","","","","","","","","","","","","","","","",12.1,9,"","","","","","","","","","","","","","","","","","","","","","","","","","","","","","","","","","","","","","","","","","","","",1020.,9,1011.1,9,"","","","","","","","","","","","","","","","","","","","","","","","","","","","","","","","","","","","","","","","","","","","","","","","","","","","","","","","","","","","","","","","","","","","","","","","","","","","","","","","","","","","","","","","","","","","","","","","","","","","","","","","","","","","","","","",""
"33167001","BORDEAUX_OBSERVATOIRE",44.831667,-0.525,74,1912103121,"","","","","","","","","","","","","","","","","","","","","","","","","","","","","","","","","","","","",10.2,9,"","","","","","","","","","","","","","","","","","","","","","","","","","","","","","","","","","","","","","","","","","","","",1021.7,9,1012.7,9,"","","","","","","","","","","","","","","","","","","","","","","","","","","","","","","","","","","","","","","","","","","","","","","","","","","","","","","","","","","","","","","","","","","","","","","","","","","","","","","","","","","","","","","","","","","","","","","","","","","","","","","","","","","","","","","",""
"33167001","BORDEAUX_OBSERVATOIRE",44.831667,-0.525,74,1912110100,"","","","","","","","","","","","","","","","","","","","","","","","","","","","","","","","","","","","",9.2,9,"","","","","","","","","","","","","","","","","","","","","","","","","","","","","","","","","","","","","","","","","","","","",1022.5,9,1013.4,9,"","","","","","","","","","","","","","","","","","","","","","","","","","","","","","","","","","","","","","","","","","","","","","","","","","","","","","","","","","","","","","","","","","","","","","","","","","","","","","","","","","","","","","","","","","","","","","","","","","","","","","","","","","","","","","","",""
"33167001","BORDEAUX_OBSERVATOIRE",44.831667,-0.525,74,1912110103,"","","","","","","","","","","","","","","","","","","","","","","","","","","","","","","","","","","","",9.,9,"","","","","","","","","","","","","","","","","","","","","","","","","","","","","","","","","","","","","","","","","","","","",1023.5,9,1014.4,9,"","","","","","","","","","","","","","","","","","","","","","","","","","","","","","","","","","","","","","","","","","","","","","","","","","","","","","","","","","","","","","","","","","","","","","","","","","","","","","","","","","","","","","","","","","","","","","","","","","","","","","","","","","","","","","","",""
"33167001","BORDEAUX_OBSERVATOIRE",44.831667,-0.525,74,1912110107,"","","","","","","","","","","","","","","","","","","","","","","","","","","","","","","","","","","","",8.8,9,"","","","","","","","","","","","","","","","","","","","","","","","","","","","","","","","","","","","","","","","","","","","",1026.5,9,1017.4,9,"","","","","","","","","","","","","","","","","","","","","","","","","","","","","","","","","","","","","","","","","","","","","","","","","","","","","","","","","","","","","","","","","","","","","","","","","","","","","","","","","","","","","","","","","","","","","","","","","","","","","","","","","","","","","","","",""
"33167001","BORDEAUX_OBSERVATOIRE",44.831667,-0.525,74,1912110109,"","","","","","","","","","","","","","","","","","","","","","","","","","","","","","","","","","","","",11.,9,"","","","","","","","","","","","","","","","","","","","","","","","","","","","","","","","","","","","","","","","","","","","",1027.4,9,1018.3,9,"","","","","","","","","","","","","","","","","","","","","","","","","","","","","","","","","","","","","","","","","","","","","","","","","","","","","","","","","","","","","","","","","","","","","","","","","","","","","","","","","","","","","","","","","","","","","","","","","","","","","","","","","","","","","","","",""
"33167001","BORDEAUX_OBSERVATOIRE",44.831667,-0.525,74,1912110112,"","","","","","","","","","","","","","","","","","","","","","","","","","","","","","","","","","","","",13.,9,"","","","","","","","","","","","","","","","","","","","","","","","","","","","","","","","","","","","","","","","","","","","",1027.7,9,1018.7,1,"","","","","","","","","","","","","","","","","","","","","","","","","","","","","","","","","","","","","","","","","","","","","","","","","","","","","","","","","","","","","","","","","","","","","","","","","","","","","","","","","","","","","","","","","","","","","","","","","","","","","","","","","","","","","","","",""
"33167001","BORDEAUX_OBSERVATOIRE",44.831667,-0.525,74,1912110115,"","","","","","","","","","","","","","","","","","","","","","","","","","","","","","","","","","","","",12.8,9,"","","","","","","","","","","","","","","","","","","","","","","","","","","","","","","","","","","","","","","","","","","","",1027.8,9,1018.8,9,"","","","","","","","","","","","","","","","","","","","","","","","","","","","","","","","","","","","","","","","","","","","","","","","","","","","","","","","","","","","","","","","","","","","","","","","","","","","","","","","","","","","","","","","","","","","","","","","","","","","","","","","","","","","","","","",""
"33167001","BORDEAUX_OBSERVATOIRE",44.831667,-0.525,74,1912110118,"","","","","","","","","","","","","","","","","","","","","","","","","","","","","","","","","","","","",8.9,9,"","","","","","","","","","","","","","","","","","","","","","","","","","","","","","","","","","","","","","","","","","","","",1029.,9,1019.9,9,"","","","","","","","","","","","","","","","","","","","","","","","","","","","","","","","","","","","","","","","","","","","","","","","","","","","","","","","","","","","","","","","","","","","","","","","","","","","","","","","","","","","","","","","","","","","","","","","","","","","","","","","","","","","","","","",""
"33167001","BORDEAUX_OBSERVATOIRE",44.831667,-0.525,74,1912110121,"","","","","","","","","","","","","","","","","","","","","","","","","","","","","","","","","","","","",7.2,9,"","","","","","","","","","","","","","","","","","","","","","","","","","","","","","","","","","","","","","","","","","","","",1030.,9,1020.8,9,"","","","","","","","","","","","","","","","","","","","","","","","","","","","","","","","","","","","","","","","","","","","","","","","","","","","","","","","","","","","","","","","","","","","","","","","","","","","","","","","","","","","","","","","","","","","","","","","","","","","","","","","","","","","","","","",""
"33167001","BORDEAUX_OBSERVATOIRE",44.831667,-0.525,74,1912110200,"","","","","","","","","","","","","","","","","","","","","","","","","","","","","","","","","","","","",5.6,9,"","","","","","","","","","","","","","","","","","","","","","","","","","","","","","","","","","","","","","","","","","","","",1030.1,9,1020.8,9,"","","","","","","","","","","","","","","","","","","","","","","","","","","","","","","","","","","","","","","","","","","","","","","","","","","","","","","","","","","","","","","","","","","","","","","","","","","","","","","","","","","","","","","","","","","","","","","","","","","","","","","","","","","","","","","",""
"33167001","BORDEAUX_OBSERVATOIRE",44.831667,-0.525,74,1912110203,"","","","","","","","","","","","","","","","","","","","","","","","","","","","","","","","","","","","",4.2,9,"","","","","","","","","","","","","","","","","","","","","","","","","","","","","","","","","","","","","","","","","","","","",1029.3,9,1020.,9,"","","","","","","","","","","","","","","","","","","","","","","","","","","","","","","","","","","","","","","","","","","","","","","","","","","","","","","","","","","","","","","","","","","","","","","","","","","","","","","","","","","","","","","","","","","","","","","","","","","","","","","","","","","","","","","",""
"33167001","BORDEAUX_OBSERVATOIRE",44.831667,-0.525,74,1912110207,"","","","","","","","","","","","","","","","","","","","","","","","","","","","","","","","","","","","",3.6,9,"","","","","","","","","","","","","","","","","","","","","","","","","","","","","","","","","","","","","","","","","","","","",1029.1,9,1019.8,9,"","","","","","","","","","","","","","","","","","","","","","","","","","","","","","","","","","","","","","","","","","","","","","","","","","","","","","","","","","","","","","","","","","","","","","","","","","","","","","","","","","","","","","","","","","","","","","","","","","","","","","","","","","","","","","","",""
"33167001","BORDEAUX_OBSERVATOIRE",44.831667,-0.525,74,1912110209,"","","","","","","","","","","","","","","","","","","","","","","","","","","","","","","","","","","","",5.,9,"","","","","","","","","","","","","","","","","","","","","","","","","","","","","","","","","","","","","","","","","","","","",1029.5,9,1020.2,9,"","","","","","","","","","","","","","","","","","","","","","","","","","","","","","","","","","","","","","","","","","","","","","","","","","","","","","","","","","","","","","","","","","","","","","","","","","","","","","","","","","","","","","","","","","","","","","","","","","","","","","","","","","","","","","","",""
"33167001","BORDEAUX_OBSERVATOIRE",44.831667,-0.525,74,1912110212,"","","","","","","","","","","","","","","","","","","","","","","","","","","","","","","","","","","","",9.3,9,"","","","","","","","","","","","","","","","","","","","","","","","","","","","","","","","","","","","","","","","","","","","",1028.2,9,1019.1,1,"","","","","","","","","","","","","","","","","","","","","","","","","","","","","","","","","","","","","","","","","","","","","","","","","","","","","","","","","","","","","","","","","","","","","","","","","","","","","","","","","","","","","","","","","","","","","","","","","","","","","","","","","","","","","","","",""
"33167001","BORDEAUX_OBSERVATOIRE",44.831667,-0.525,74,1912110215,"","","","","","","","","","","","","","","","","","","","","","","","","","","","","","","","","","","","",10.2,9,"","","","","","","","","","","","","","","","","","","","","","","","","","","","","","","","","","","","","","","","","","","","",1027.,9,1017.9,9,"","","","","","","","","","","","","","","","","","","","","","","","","","","","","","","","","","","","","","","","","","","","","","","","","","","","","","","","","","","","","","","","","","","","","","","","","","","","","","","","","","","","","","","","","","","","","","","","","","","","","","","","","","","","","","","",""
"33167001","BORDEAUX_OBSERVATOIRE",44.831667,-0.525,74,1912110218,"","","","","","","","","","","","","","","","","","","","","","","","","","","","","","","","","","","","",6.9,9,"","","","","","","","","","","","","","","","","","","","","","","","","","","","","","","","","","","","","","","","","","","","",1027.1,9,1017.9,9,"","","","","","","","","","","","","","","","","","","","","","","","","","","","","","","","","","","","","","","","","","","","","","","","","","","","","","","","","","","","","","","","","","","","","","","","","","","","","","","","","","","","","","","","","","","","","","","","","","","","","","","","","","","","","","","",""
"33167001","BORDEAUX_OBSERVATOIRE",44.831667,-0.525,74,1912110221,"","","","","","","","","","","","","","","","","","","","","","","","","","","","","","","","","","","","",5.,9,"","","","","","","","","","","","","","","","","","","","","","","","","","","","","","","","","","","","","","","","","","","","",1027.5,9,1018.2,9,"","","","","","","","","","","","","","","","","","","","","","","","","","","","","","","","","","","","","","","","","","","","","","","","","","","","","","","","","","","","","","","","","","","","","","","","","","","","","","","","","","","","","","","","","","","","","","","","","","","","","","","","","","","","","","","",""
"33167001","BORDEAUX_OBSERVATOIRE",44.831667,-0.525,74,1912110300,"","","","","","","","","","","","","","","","","","","","","","","","","","","","","","","","","","","","",3.6,9,"","","","","","","","","","","","","","","","","","","","","","","","","","","","","","","","","","","","","","","","","","","","",1026.5,9,1017.2,9,"","","","","","","","","","","","","","","","","","","","","","","","","","","","","","","","","","","","","","","","","","","","","","","","","","","","","","","","","","","","","","","","","","","","","","","","","","","","","","","","","","","","","","","","","","","","","","","","","","","","","","","","","","","","","","","",""
"33167001","BORDEAUX_OBSERVATOIRE",44.831667,-0.525,74,1912110303,"","","","","","","","","","","","","","","","","","","","","","","","","","","","","","","","","","","","",3.2,9,"","","","","","","","","","","","","","","","","","","","","","","","","","","","","","","","","","","","","","","","","","","","",1025.6,9,1016.3,9,"","","","","","","","","","","","","","","","","","","","","","","","","","","","","","","","","","","","","","","","","","","","","","","","","","","","","","","","","","","","","","","","","","","","","","","","","","","","","","","","","","","","","","","","","","","","","","","","","","","","","","","","","","","","","","","",""
"33167001","BORDEAUX_OBSERVATOIRE",44.831667,-0.525,74,1912110307,"","","","","","","","","","","","","","","","","","","","","","","","","","","","","","","","","","","","",3.,9,"","","","","","","","","","","","","","","","","","","","","","","","","","","","","","","","","","","","","","","","","","","","",1026.,9,1016.7,9,"","","","","","","","","","","","","","","","","","","","","","","","","","","","","","","","","","","","","","","","","","","","","","","","","","","","","","","","","","","","","","","","","","","","","","","","","","","","","","","","","","","","","","","","","","","","","","","","","","","","","","","","","","","","","","","",""
"33167001","BORDEAUX_OBSERVATOIRE",44.831667,-0.525,74,1912110309,"","","","","","","","","","","","","","","","","","","","","","","","","","","","","","","","","","","","",5.6,9,"","","","","","","","","","","","","","","","","","","","","","","","","","","","","","","","","","","","","","","","","","","","",1026.,9,1016.8,9,"","","","","","","","","","","","","","","","","","","","","","","","","","","","","","","","","","","","","","","","","","","","","","","","","","","","","","","","","","","","","","","","","","","","","","","","","","","","","","","","","","","","","","","","","","","","","","","","","","","","","","","","","","","","","","","",""
"33167001","BORDEAUX_OBSERVATOIRE",44.831667,-0.525,74,1912110312,"","","","","","","","","","","","","","","","","","","","","","","","","","","","","","","","","","","","",9.3,9,"","","","","","","","","","","","","","","","","","","","","","","","","","","","","","","","","","","","","","","","","","","","",1024.9,9,1015.8,1,"","","","","","","","","","","","","","","","","","","","","","","","","","","","","","","","","","","","","","","","","","","","","","","","","","","","","","","","","","","","","","","","","","","","","","","","","","","","","","","","","","","","","","","","","","","","","","","","","","","","","","","","","","","","","","","",""
"33167001","BORDEAUX_OBSERVATOIRE",44.831667,-0.525,74,1912110315,"","","","","","","","","","","","","","","","","","","","","","","","","","","","","","","","","","","","",9.7,9,"","","","","","","","","","","","","","","","","","","","","","","","","","","","","","","","","","","","","","","","","","","","",1024.6,9,1015.5,9,"","","","","","","","","","","","","","","","","","","","","","","","","","","","","","","","","","","","","","","","","","","","","","","","","","","","","","","","","","","","","","","","","","","","","","","","","","","","","","","","","","","","","","","","","","","","","","","","","","","","","","","","","","","","","","","",""
"33167001","BORDEAUX_OBSERVATOIRE",44.831667,-0.525,74,1912110318,"","","","","","","","","","","","","","","","","","","","","","","","","","","","","","","","","","","","",6.,9,"","","","","","","","","","","","","","","","","","","","","","","","","","","","","","","","","","","","","","","","","","","","",1025.2,9,1016.,9,"","","","","","","","","","","","","","","","","","","","","","","","","","","","","","","","","","","","","","","","","","","","","","","","","","","","","","","","","","","","","","","","","","","","","","","","","","","","","","","","","","","","","","","","","","","","","","","","","","","","","","","","","","","","","","","",""
"33167001","BORDEAUX_OBSERVATOIRE",44.831667,-0.525,74,1912110321,"","","","","","","","","","","","","","","","","","","","","","","","","","","","","","","","","","","","",3.7,9,"","","","","","","","","","","","","","","","","","","","","","","","","","","","","","","","","","","","","","","","","","","","",1026.4,9,1017.1,9,"","","","","","","","","","","","","","","","","","","","","","","","","","","","","","","","","","","","","","","","","","","","","","","","","","","","","","","","","","","","","","","","","","","","","","","","","","","","","","","","","","","","","","","","","","","","","","","","","","","","","","","","","","","","","","","",""
"33167001","BORDEAUX_OBSERVATOIRE",44.831667,-0.525,74,1912110400,"","","","","","","","","","","","","","","","","","","","","","","","","","","","","","","","","","","","",2.2,9,"","","","","","","","","","","","","","","","","","","","","","","","","","","","","","","","","","","","","","","","","","","","",1026.5,9,1017.2,9,"","","","","","","","","","","","","","","","","","","","","","","","","","","","","","","","","","","","","","","","","","","","","","","","","","","","","","","","","","","","","","","","","","","","","","","","","","","","","","","","","","","","","","","","","","","","","","","","","","","","","","","","","","","","","","","",""
"33167001","BORDEAUX_OBSERVATOIRE",44.831667,-0.525,74,1912110403,"","","","","","","","","","","","","","","","","","","","","","","","","","","","","","","","","","","","",1.2,9,"","","","","","","","","","","","","","","","","","","","","","","","","","","","","","","","","","","","","","","","","","","","",1026.6,9,1017.2,9,"","","","","","","","","","","","","","","","","","","","","","","","","","","","","","","","","","","","","","","","","","","","","","","","","","","","","","","","","","","","","","","","","","","","","","","","","","","","","","","","","","","","","","","","","","","","","","","","","","","","","","","","","","","","","","","",""
"33167001","BORDEAUX_OBSERVATOIRE",44.831667,-0.525,74,1912110407,"","","","","","","","","","","","","","","","","","","","","","","","","","","","","","","","","","","","",-0.1,9,"","","","","","","","","","","","","","","","","","","","","","","","","","","","","","","","","","","","","","","","","","","","",1027.,9,1017.6,9,"","","","","","","","","","","","","","","","","","","","","","","","","","","","","","","","","","","","","","","","","","","","","","","","","","","","","","","","","","","","","","","","","","","","","","","","","","","","","","","","","","","","","","","","","","","","","","","","","","","","","","","","","","","","","","","",""
"33167001","BORDEAUX_OBSERVATOIRE",44.831667,-0.525,74,1912110409,"","","","","","","","","","","","","","","","","","","","","","","","","","","","","","","","","","","","",3.9,9,"","","","","","","","","","","","","","","","","","","","","","","","","","","","","","","","","","","","","","","","","","","","",1027.5,9,1018.2,9,"","","","","","","","","","","","","","","","","","","","","","","","","","","","","","","","","","","","","","","","","","","","","","","","","","","","","","","","","","","","","","","","","","","","","","","","","","","","","","","","","","","","","","","","","","","","","","","","","","","","","","","","","","","","","","","",""
"33167001","BORDEAUX_OBSERVATOIRE",44.831667,-0.525,74,1912110412,"","","","","","","","","","","","","","","","","","","","","","","","","","","","","","","","","","","","",10.,9,"","","","","","","","","","","","","","","","","","","","","","","","","","","","","","","","","","","","","","","","","","","","",1026.6,9,1017.5,1,"","","","","","","","","","","","","","","","","","","","","","","","","","","","","","","","","","","","","","","","","","","","","","","","","","","","","","","","","","","","","","","","","","","","","","","","","","","","","","","","","","","","","","","","","","","","","","","","","","","","","","","","","","","","","","","",""
"33167001","BORDEAUX_OBSERVATOIRE",44.831667,-0.525,74,1912110415,"","","","","","","","","","","","","","","","","","","","","","","","","","","","","","","","","","","","",10.9,9,"","","","","","","","","","","","","","","","","","","","","","","","","","","","","","","","","","","","","","","","","","","","",1025.3,9,1016.3,9,"","","","","","","","","","","","","","","","","","","","","","","","","","","","","","","","","","","","","","","","","","","","","","","","","","","","","","","","","","","","","","","","","","","","","","","","","","","","","","","","","","","","","","","","","","","","","","","","","","","","","","","","","","","","","","","",""
"33167001","BORDEAUX_OBSERVATOIRE",44.831667,-0.525,74,1912110418,"","","","","","","","","","","","","","","","","","","","","","","","","","","","","","","","","","","","",6.9,9,"","","","","","","","","","","","","","","","","","","","","","","","","","","","","","","","","","","","","","","","","","","","",1026.,9,1016.8,9,"","","","","","","","","","","","","","","","","","","","","","","","","","","","","","","","","","","","","","","","","","","","","","","","","","","","","","","","","","","","","","","","","","","","","","","","","","","","","","","","","","","","","","","","","","","","","","","","","","","","","","","","","","","","","","","",""
"33167001","BORDEAUX_OBSERVATOIRE",44.831667,-0.525,74,1912110421,"","","","","","","","","","","","","","","","","","","","","","","","","","","","","","","","","","","","",5.9,9,"","","","","","","","","","","","","","","","","","","","","","","","","","","","","","","","","","","","","","","","","","","","",1024.7,9,1015.5,9,"","","","","","","","","","","","","","","","","","","","","","","","","","","","","","","","","","","","","","","","","","","","","","","","","","","","","","","","","","","","","","","","","","","","","","","","","","","","","","","","","","","","","","","","","","","","","","","","","","","","","","","","","","","","","","","",""
"33167001","BORDEAUX_OBSERVATOIRE",44.831667,-0.525,74,1912110500,"","","","","","","","","","","","","","","","","","","","","","","","","","","","","","","","","","","","",4.2,9,"","","","","","","","","","","","","","","","","","","","","","","","","","","","","","","","","","","","","","","","","","","","",1024.5,9,1015.2,9,"","","","","","","","","","","","","","","","","","","","","","","","","","","","","","","","","","","","","","","","","","","","","","","","","","","","","","","","","","","","","","","","","","","","","","","","","","","","","","","","","","","","","","","","","","","","","","","","","","","","","","","","","","","","","","","",""
"33167001","BORDEAUX_OBSERVATOIRE",44.831667,-0.525,74,1912110503,"","","","","","","","","","","","","","","","","","","","","","","","","","","","","","","","","","","","",2.4,9,"","","","","","","","","","","","","","","","","","","","","","","","","","","","","","","","","","","","","","","","","","","","",1023.1,9,1013.8,9,"","","","","","","","","","","","","","","","","","","","","","","","","","","","","","","","","","","","","","","","","","","","","","","","","","","","","","","","","","","","","","","","","","","","","","","","","","","","","","","","","","","","","","","","","","","","","","","","","","","","","","","","","","","","","","","",""
"33167001","BORDEAUX_OBSERVATOIRE",44.831667,-0.525,74,1912110507,"","","","","","","","","","","","","","","","","","","","","","","","","","","","","","","","","","","","",2.3,9,"","","","","","","","","","","","","","","","","","","","","","","","","","","","","","","","","","","","","","","","","","","","",1021.9,9,1012.6,9,"","","","","","","","","","","","","","","","","","","","","","","","","","","","","","","","","","","","","","","","","","","","","","","","","","","","","","","","","","","","","","","","","","","","","","","","","","","","","","","","","","","","","","","","","","","","","","","","","","","","","","","","","","","","","","","",""
"33167001","BORDEAUX_OBSERVATOIRE",44.831667,-0.525,74,1912110509,"","","","","","","","","","","","","","","","","","","","","","","","","","","","","","","","","","","","",3.1,9,"","","","","","","","","","","","","","","","","","","","","","","","","","","","","","","","","","","","","","","","","","","","",1022.,9,1012.7,9,"","","","","","","","","","","","","","","","","","","","","","","","","","","","","","","","","","","","","","","","","","","","","","","","","","","","","","","","","","","","","","","","","","","","","","","","","","","","","","","","","","","","","","","","","","","","","","","","","","","","","","","","","","","","","","","",""
"33167001","BORDEAUX_OBSERVATOIRE",44.831667,-0.525,74,1912110512,"","","","","","","","","","","","","","","","","","","","","","","","","","","","","","","","","","","","",8.3,9,"","","","","","","","","","","","","","","","","","","","","","","","","","","","","","","","","","","","","","","","","","","","",1019.4,9,1010.3,1,"","","","","","","","","","","","","","","","","","","","","","","","","","","","","","","","","","","","","","","","","","","","","","","","","","","","","","","","","","","","","","","","","","","","","","","","","","","","","","","","","","","","","","","","","","","","","","","","","","","","","","","","","","","","","","","",""
"33167001","BORDEAUX_OBSERVATOIRE",44.831667,-0.525,74,1912110515,"","","","","","","","","","","","","","","","","","","","","","","","","","","","","","","","","","","","",10.3,9,"","","","","","","","","","","","","","","","","","","","","","","","","","","","","","","","","","","","","","","","","","","","",1017.,9,1008.,9,"","","","","","","","","","","","","","","","","","","","","","","","","","","","","","","","","","","","","","","","","","","","","","","","","","","","","","","","","","","","","","","","","","","","","","","","","","","","","","","","","","","","","","","","","","","","","","","","","","","","","","","","","","","","","","","",""
"33167001","BORDEAUX_OBSERVATOIRE",44.831667,-0.525,74,1912110518,"","","","","","","","","","","","","","","","","","","","","","","","","","","","","","","","","","","","",11.3,9,"","","","","","","","","","","","","","","","","","","","","","","","","","","","","","","","","","","","","","","","","","","","",1015.8,9,1006.9,9,"","","","","","","","","","","","","","","","","","","","","","","","","","","","","","","","","","","","","","","","","","","","","","","","","","","","","","","","","","","","","","","","","","","","","","","","","","","","","","","","","","","","","","","","","","","","","","","","","","","","","","","","","","","","","","","",""
"33167001","BORDEAUX_OBSERVATOIRE",44.831667,-0.525,74,1912110521,"","","","","","","","","","","","","","","","","","","","","","","","","","","","","","","","","","","","",12.,9,"","","","","","","","","","","","","","","","","","","","","","","","","","","","","","","","","","","","","","","","","","","","",1015.6,9,1006.7,9,"","","","","","","","","","","","","","","","","","","","","","","","","","","","","","","","","","","","","","","","","","","","","","","","","","","","","","","","","","","","","","","","","","","","","","","","","","","","","","","","","","","","","","","","","","","","","","","","","","","","","","","","","","","","","","","",""
"33167001","BORDEAUX_OBSERVATOIRE",44.831667,-0.525,74,1912110600,"","","","","","","","","","","","","","","","","","","","","","","","","","","","","","","","","","","","",11.4,9,"","","","","","","","","","","","","","","","","","","","","","","","","","","","","","","","","","","","","","","","","","","","",1016.4,9,1007.5,9,"","","","","","","","","","","","","","","","","","","","","","","","","","","","","","","","","","","","","","","","","","","","","","","","","","","","","","","","","","","","","","","","","","","","","","","","","","","","","","","","","","","","","","","","","","","","","","","","","","","","","","","","","","","","","","","",""
"33167001","BORDEAUX_OBSERVATOIRE",44.831667,-0.525,74,1912110603,"","","","","","","","","","","","","","","","","","","","","","","","","","","","","","","","","","","","",11.4,9,"","","","","","","","","","","","","","","","","","","","","","","","","","","","","","","","","","","","","","","","","","","","",1016.8,9,1007.9,9,"","","","","","","","","","","","","","","","","","","","","","","","","","","","","","","","","","","","","","","","","","","","","","","","","","","","","","","","","","","","","","","","","","","","","","","","","","","","","","","","","","","","","","","","","","","","","","","","","","","","","","","","","","","","","","","",""
"33167001","BORDEAUX_OBSERVATOIRE",44.831667,-0.525,74,1912110607,"","","","","","","","","","","","","","","","","","","","","","","","","","","","","","","","","","","","",10.9,9,"","","","","","","","","","","","","","","","","","","","","","","","","","","","","","","","","","","","","","","","","","","","",1019.5,9,1010.5,9,"","","","","","","","","","","","","","","","","","","","","","","","","","","","","","","","","","","","","","","","","","","","","","","","","","","","","","","","","","","","","","","","","","","","","","","","","","","","","","","","","","","","","","","","","","","","","","","","","","","","","","","","","","","","","","","",""
"33167001","BORDEAUX_OBSERVATOIRE",44.831667,-0.525,74,1912110609,"","","","","","","","","","","","","","","","","","","","","","","","","","","","","","","","","","","","",11.2,9,"","","","","","","","","","","","","","","","","","","","","","","","","","","","","","","","","","","","","","","","","","","","",1020.4,9,1011.4,9,"","","","","","","","","","","","","","","","","","","","","","","","","","","","","","","","","","","","","","","","","","","","","","","","","","","","","","","","","","","","","","","","","","","","","","","","","","","","","","","","","","","","","","","","","","","","","","","","","","","","","","","","","","","","","","","",""
"33167001","BORDEAUX_OBSERVATOIRE",44.831667,-0.525,74,1912110612,"","","","","","","","","","","","","","","","","","","","","","","","","","","","","","","","","","","","",12.8,9,"","","","","","","","","","","","","","","","","","","","","","","","","","","","","","","","","","","","","","","","","","","","",1021.1,9,1012.2,1,"","","","","","","","","","","","","","","","","","","","","","","","","","","","","","","","","","","","","","","","","","","","","","","","","","","","","","","","","","","","","","","","","","","","","","","","","","","","","","","","","","","","","","","","","","","","","","","","","","","","","","","","","","","","","","","",""
"33167001","BORDEAUX_OBSERVATOIRE",44.831667,-0.525,74,1912110615,"","","","","","","","","","","","","","","","","","","","","","","","","","","","","","","","","","","","",12.,9,"","","","","","","","","","","","","","","","","","","","","","","","","","","","","","","","","","","","","","","","","","","","",1021.8,9,1012.8,9,"","","","","","","","","","","","","","","","","","","","","","","","","","","","","","","","","","","","","","","","","","","","","","","","","","","","","","","","","","","","","","","","","","","","","","","","","","","","","","","","","","","","","","","","","","","","","","","","","","","","","","","","","","","","","","","",""
"33167001","BORDEAUX_OBSERVATOIRE",44.831667,-0.525,74,1912110618,"","","","","","","","","","","","","","","","","","","","","","","","","","","","","","","","","","","","",9.7,9,"","","","","","","","","","","","","","","","","","","","","","","","","","","","","","","","","","","","","","","","","","","","",1024.2,9,1015.1,9,"","","","","","","","","","","","","","","","","","","","","","","","","","","","","","","","","","","","","","","","","","","","","","","","","","","","","","","","","","","","","","","","","","","","","","","","","","","","","","","","","","","","","","","","","","","","","","","","","","","","","","","","","","","","","","","",""
"33167001","BORDEAUX_OBSERVATOIRE",44.831667,-0.525,74,1912110621,"","","","","","","","","","","","","","","","","","","","","","","","","","","","","","","","","","","","",7.7,9,"","","","","","","","","","","","","","","","","","","","","","","","","","","","","","","","","","","","","","","","","","","","",1025.3,9,1016.2,9,"","","","","","","","","","","","","","","","","","","","","","","","","","","","","","","","","","","","","","","","","","","","","","","","","","","","","","","","","","","","","","","","","","","","","","","","","","","","","","","","","","","","","","","","","","","","","","","","","","","","","","","","","","","","","","","",""
"33167001","BORDEAUX_OBSERVATOIRE",44.831667,-0.525,74,1912110700,"","","","","","","","","","","","","","","","","","","","","","","","","","","","","","","","","","","","",6.2,9,"","","","","","","","","","","","","","","","","","","","","","","","","","","","","","","","","","","","","","","","","","","","",1025.5,9,1016.3,9,"","","","","","","","","","","","","","","","","","","","","","","","","","","","","","","","","","","","","","","","","","","","","","","","","","","","","","","","","","","","","","","","","","","","","","","","","","","","","","","","","","","","","","","","","","","","","","","","","","","","","","","","","","","","","","","",""
"33167001","BORDEAUX_OBSERVATOIRE",44.831667,-0.525,74,1912110703,"","","","","","","","","","","","","","","","","","","","","","","","","","","","","","","","","","","","",5.9,9,"","","","","","","","","","","","","","","","","","","","","","","","","","","","","","","","","","","","","","","","","","","","",1026.3,9,1017.1,9,"","","","","","","","","","","","","","","","","","","","","","","","","","","","","","","","","","","","","","","","","","","","","","","","","","","","","","","","","","","","","","","","","","","","","","","","","","","","","","","","","","","","","","","","","","","","","","","","","","","","","","","","","","","","","","","",""
"33167001","BORDEAUX_OBSERVATOIRE",44.831667,-0.525,74,1912110707,"","","","","","","","","","","","","","","","","","","","","","","","","","","","","","","","","","","","",5.2,9,"","","","","","","","","","","","","","","","","","","","","","","","","","","","","","","","","","","","","","","","","","","","",1027.6,9,1018.3,9,"","","","","","","","","","","","","","","","","","","","","","","","","","","","","","","","","","","","","","","","","","","","","","","","","","","","","","","","","","","","","","","","","","","","","","","","","","","","","","","","","","","","","","","","","","","","","","","","","","","","","","","","","","","","","","","",""
"33167001","BORDEAUX_OBSERVATOIRE",44.831667,-0.525,74,1912110709,"","","","","","","","","","","","","","","","","","","","","","","","","","","","","","","","","","","","",6.6,9,"","","","","","","","","","","","","","","","","","","","","","","","","","","","","","","","","","","","","","","","","","","","",1027.8,9,1018.6,9,"","","","","","","","","","","","","","","","","","","","","","","","","","","","","","","","","","","","","","","","","","","","","","","","","","","","","","","","","","","","","","","","","","","","","","","","","","","","","","","","","","","","","","","","","","","","","","","","","","","","","","","","","","","","","","","",""
"33167001","BORDEAUX_OBSERVATOIRE",44.831667,-0.525,74,1912110712,"","","","","","","","","","","","","","","","","","","","","","","","","","","","","","","","","","","","",9.,9,"","","","","","","","","","","","","","","","","","","","","","","","","","","","","","","","","","","","","","","","","","","","",1027.5,9,1018.4,1,"","","","","","","","","","","","","","","","","","","","","","","","","","","","","","","","","","","","","","","","","","","","","","","","","","","","","","","","","","","","","","","","","","","","","","","","","","","","","","","","","","","","","","","","","","","","","","","","","","","","","","","","","","","","","","","",""
"33167001","BORDEAUX_OBSERVATOIRE",44.831667,-0.525,74,1912110715,"","","","","","","","","","","","","","","","","","","","","","","","","","","","","","","","","","","","",10.6,9,"","","","","","","","","","","","","","","","","","","","","","","","","","","","","","","","","","","","","","","","","","","","",1026.7,9,1017.6,9,"","","","","","","","","","","","","","","","","","","","","","","","","","","","","","","","","","","","","","","","","","","","","","","","","","","","","","","","","","","","","","","","","","","","","","","","","","","","","","","","","","","","","","","","","","","","","","","","","","","","","","","","","","","","","","","",""
"33167001","BORDEAUX_OBSERVATOIRE",44.831667,-0.525,74,1912110718,"","","","","","","","","","","","","","","","","","","","","","","","","","","","","","","","","","","","",6.8,9,"","","","","","","","","","","","","","","","","","","","","","","","","","","","","","","","","","","","","","","","","","","","",1027.6,9,1018.4,9,"","","","","","","","","","","","","","","","","","","","","","","","","","","","","","","","","","","","","","","","","","","","","","","","","","","","","","","","","","","","","","","","","","","","","","","","","","","","","","","","","","","","","","","","","","","","","","","","","","","","","","","","","","","","","","","",""
"33167001","BORDEAUX_OBSERVATOIRE",44.831667,-0.525,74,1912110721,"","","","","","","","","","","","","","","","","","","","","","","","","","","","","","","","","","","","",4.2,9,"","","","","","","","","","","","","","","","","","","","","","","","","","","","","","","","","","","","","","","","","","","","",1028.7,9,1019.4,9,"","","","","","","","","","","","","","","","","","","","","","","","","","","","","","","","","","","","","","","","","","","","","","","","","","","","","","","","","","","","","","","","","","","","","","","","","","","","","","","","","","","","","","","","","","","","","","","","","","","","","","","","","","","","","","","",""
"33167001","BORDEAUX_OBSERVATOIRE",44.831667,-0.525,74,1912110800,"","","","","","","","","","","","","","","","","","","","","","","","","","","","","","","","","","","","",2.8,9,"","","","","","","","","","","","","","","","","","","","","","","","","","","","","","","","","","","","","","","","","","","","",1028.9,9,1019.6,9,"","","","","","","","","","","","","","","","","","","","","","","","","","","","","","","","","","","","","","","","","","","","","","","","","","","","","","","","","","","","","","","","","","","","","","","","","","","","","","","","","","","","","","","","","","","","","","","","","","","","","","","","","","","","","","","",""
"33167001","BORDEAUX_OBSERVATOIRE",44.831667,-0.525,74,1912110803,"","","","","","","","","","","","","","","","","","","","","","","","","","","","","","","","","","","","",2.,9,"","","","","","","","","","","","","","","","","","","","","","","","","","","","","","","","","","","","","","","","","","","","",1028.8,9,1019.4,9,"","","","","","","","","","","","","","","","","","","","","","","","","","","","","","","","","","","","","","","","","","","","","","","","","","","","","","","","","","","","","","","","","","","","","","","","","","","","","","","","","","","","","","","","","","","","","","","","","","","","","","","","","","","","","","","",""
"33167001","BORDEAUX_OBSERVATOIRE",44.831667,-0.525,74,1912110807,"","","","","","","","","","","","","","","","","","","","","","","","","","","","","","","","","","","","",0.8,9,"","","","","","","","","","","","","","","","","","","","","","","","","","","","","","","","","","","","","","","","","","","","",1029.,9,1019.6,9,"","","","","","","","","","","","","","","","","","","","","","","","","","","","","","","","","","","","","","","","","","","","","","","","","","","","","","","","","","","","","","","","","","","","","","","","","","","","","","","","","","","","","","","","","","","","","","","","","","","","","","","","","","","","","","","",""
"33167001","BORDEAUX_OBSERVATOIRE",44.831667,-0.525,74,1912110809,"","","","","","","","","","","","","","","","","","","","","","","","","","","","","","","","","","","","",5.,9,"","","","","","","","","","","","","","","","","","","","","","","","","","","","","","","","","","","","","","","","","","","","",1029.9,9,1020.6,9,"","","","","","","","","","","","","","","","","","","","","","","","","","","","","","","","","","","","","","","","","","","","","","","","","","","","","","","","","","","","","","","","","","","","","","","","","","","","","","","","","","","","","","","","","","","","","","","","","","","","","","","","","","","","","","","",""
"33167001","BORDEAUX_OBSERVATOIRE",44.831667,-0.525,74,1912110812,"","","","","","","","","","","","","","","","","","","","","","","","","","","","","","","","","","","","",10.3,9,"","","","","","","","","","","","","","","","","","","","","","","","","","","","","","","","","","","","","","","","","","","","",1028.6,9,1019.5,1,"","","","","","","","","","","","","","","","","","","","","","","","","","","","","","","","","","","","","","","","","","","","","","","","","","","","","","","","","","","","","","","","","","","","","","","","","","","","","","","","","","","","","","","","","","","","","","","","","","","","","","","","","","","","","","","",""
"33167001","BORDEAUX_OBSERVATOIRE",44.831667,-0.525,74,1912110815,"","","","","","","","","","","","","","","","","","","","","","","","","","","","","","","","","","","","",13.2,9,"","","","","","","","","","","","","","","","","","","","","","","","","","","","","","","","","","","","","","","","","","","","",1027.7,9,1018.7,9,"","","","","","","","","","","","","","","","","","","","","","","","","","","","","","","","","","","","","","","","","","","","","","","","","","","","","","","","","","","","","","","","","","","","","","","","","","","","","","","","","","","","","","","","","","","","","","","","","","","","","","","","","","","","","","","",""
"33167001","BORDEAUX_OBSERVATOIRE",44.831667,-0.525,74,1912110818,"","","","","","","","","","","","","","","","","","","","","","","","","","","","","","","","","","","","",10.4,9,"","","","","","","","","","","","","","","","","","","","","","","","","","","","","","","","","","","","","","","","","","","","",1028.1,9,1019.,9,"","","","","","","","","","","","","","","","","","","","","","","","","","","","","","","","","","","","","","","","","","","","","","","","","","","","","","","","","","","","","","","","","","","","","","","","","","","","","","","","","","","","","","","","","","","","","","","","","","","","","","","","","","","","","","","",""
"33167001","BORDEAUX_OBSERVATOIRE",44.831667,-0.525,74,1912110821,"","","","","","","","","","","","","","","","","","","","","","","","","","","","","","","","","","","","",7.7,9,"","","","","","","","","","","","","","","","","","","","","","","","","","","","","","","","","","","","","","","","","","","","",1028.2,9,1019.,9,"","","","","","","","","","","","","","","","","","","","","","","","","","","","","","","","","","","","","","","","","","","","","","","","","","","","","","","","","","","","","","","","","","","","","","","","","","","","","","","","","","","","","","","","","","","","","","","","","","","","","","","","","","","","","","","",""
"33167001","BORDEAUX_OBSERVATOIRE",44.831667,-0.525,74,1912110900,"","","","","","","","","","","","","","","","","","","","","","","","","","","","","","","","","","","","",7.3,9,"","","","","","","","","","","","","","","","","","","","","","","","","","","","","","","","","","","","","","","","","","","","",1028.,9,1018.8,9,"","","","","","","","","","","","","","","","","","","","","","","","","","","","","","","","","","","","","","","","","","","","","","","","","","","","","","","","","","","","","","","","","","","","","","","","","","","","","","","","","","","","","","","","","","","","","","","","","","","","","","","","","","","","","","","",""
"33167001","BORDEAUX_OBSERVATOIRE",44.831667,-0.525,74,1912110903,"","","","","","","","","","","","","","","","","","","","","","","","","","","","","","","","","","","","",6.6,9,"","","","","","","","","","","","","","","","","","","","","","","","","","","","","","","","","","","","","","","","","","","","",1027.2,9,1018.,9,"","","","","","","","","","","","","","","","","","","","","","","","","","","","","","","","","","","","","","","","","","","","","","","","","","","","","","","","","","","","","","","","","","","","","","","","","","","","","","","","","","","","","","","","","","","","","","","","","","","","","","","","","","","","","","","",""
"33167001","BORDEAUX_OBSERVATOIRE",44.831667,-0.525,74,1912110907,"","","","","","","","","","","","","","","","","","","","","","","","","","","","","","","","","","","","",6.,9,"","","","","","","","","","","","","","","","","","","","","","","","","","","","","","","","","","","","","","","","","","","","",1026.6,9,1017.4,9,"","","","","","","","","","","","","","","","","","","","","","","","","","","","","","","","","","","","","","","","","","","","","","","","","","","","","","","","","","","","","","","","","","","","","","","","","","","","","","","","","","","","","","","","","","","","","","","","","","","","","","","","","","","","","","","",""
"33167001","BORDEAUX_OBSERVATOIRE",44.831667,-0.525,74,1912110909,"","","","","","","","","","","","","","","","","","","","","","","","","","","","","","","","","","","","",10.3,9,"","","","","","","","","","","","","","","","","","","","","","","","","","","","","","","","","","","","","","","","","","","","",1026.6,9,1017.5,9,"","","","","","","","","","","","","","","","","","","","","","","","","","","","","","","","","","","","","","","","","","","","","","","","","","","","","","","","","","","","","","","","","","","","","","","","","","","","","","","","","","","","","","","","","","","","","","","","","","","","","","","","","","","","","","","",""
"33167001","BORDEAUX_OBSERVATOIRE",44.831667,-0.525,74,1912110912,"","","","","","","","","","","","","","","","","","","","","","","","","","","","","","","","","","","","",17.,9,"","","","","","","","","","","","","","","","","","","","","","","","","","","","","","","","","","","","","","","","","","","","",1024.7,9,1015.9,1,"","","","","","","","","","","","","","","","","","","","","","","","","","","","","","","","","","","","","","","","","","","","","","","","","","","","","","","","","","","","","","","","","","","","","","","","","","","","","","","","","","","","","","","","","","","","","","","","","","","","","","","","","","","","","","","",""
"33167001","BORDEAUX_OBSERVATOIRE",44.831667,-0.525,74,1912110915,"","","","","","","","","","","","","","","","","","","","","","","","","","","","","","","","","","","","",18.,9,"","","","","","","","","","","","","","","","","","","","","","","","","","","","","","","","","","","","","","","","","","","","",1023.4,9,1014.6,9,"","","","","","","","","","","","","","","","","","","","","","","","","","","","","","","","","","","","","","","","","","","","","","","","","","","","","","","","","","","","","","","","","","","","","","","","","","","","","","","","","","","","","","","","","","","","","","","","","","","","","","","","","","","","","","","",""
"33167001","BORDEAUX_OBSERVATOIRE",44.831667,-0.525,74,1912110918,"","","","","","","","","","","","","","","","","","","","","","","","","","","","","","","","","","","","",14.2,9,"","","","","","","","","","","","","","","","","","","","","","","","","","","","","","","","","","","","","","","","","","","","",1023.1,9,1014.2,9,"","","","","","","","","","","","","","","","","","","","","","","","","","","","","","","","","","","","","","","","","","","","","","","","","","","","","","","","","","","","","","","","","","","","","","","","","","","","","","","","","","","","","","","","","","","","","","","","","","","","","","","","","","","","","","","",""
"33167001","BORDEAUX_OBSERVATOIRE",44.831667,-0.525,74,1912110921,"","","","","","","","","","","","","","","","","","","","","","","","","","","","","","","","","","","","",10.1,9,"","","","","","","","","","","","","","","","","","","","","","","","","","","","","","","","","","","","","","","","","","","","",1023.4,9,1014.4,9,"","","","","","","","","","","","","","","","","","","","","","","","","","","","","","","","","","","","","","","","","","","","","","","","","","","","","","","","","","","","","","","","","","","","","","","","","","","","","","","","","","","","","","","","","","","","","","","","","","","","","","","","","","","","","","","",""
"33167001","BORDEAUX_OBSERVATOIRE",44.831667,-0.525,74,1912111000,"","","","","","","","","","","","","","","","","","","","","","","","","","","","","","","","","","","","",8.9,9,"","","","","","","","","","","","","","","","","","","","","","","","","","","","","","","","","","","","","","","","","","","","",1023.5,9,1014.4,9,"","","","","","","","","","","","","","","","","","","","","","","","","","","","","","","","","","","","","","","","","","","","","","","","","","","","","","","","","","","","","","","","","","","","","","","","","","","","","","","","","","","","","","","","","","","","","","","","","","","","","","","","","","","","","","","",""
"33167001","BORDEAUX_OBSERVATOIRE",44.831667,-0.525,74,1912111003,"","","","","","","","","","","","","","","","","","","","","","","","","","","","","","","","","","","","",10.3,9,"","","","","","","","","","","","","","","","","","","","","","","","","","","","","","","","","","","","","","","","","","","","",1023.8,9,1014.8,9,"","","","","","","","","","","","","","","","","","","","","","","","","","","","","","","","","","","","","","","","","","","","","","","","","","","","","","","","","","","","","","","","","","","","","","","","","","","","","","","","","","","","","","","","","","","","","","","","","","","","","","","","","","","","","","","",""
"33167001","BORDEAUX_OBSERVATOIRE",44.831667,-0.525,74,1912111007,"","","","","","","","","","","","","","","","","","","","","","","","","","","","","","","","","","","","",11.2,9,"","","","","","","","","","","","","","","","","","","","","","","","","","","","","","","","","","","","","","","","","","","","",1024.8,9,1015.8,9,"","","","","","","","","","","","","","","","","","","","","","","","","","","","","","","","","","","","","","","","","","","","","","","","","","","","","","","","","","","","","","","","","","","","","","","","","","","","","","","","","","","","","","","","","","","","","","","","","","","","","","","","","","","","","","","",""
"33167001","BORDEAUX_OBSERVATOIRE",44.831667,-0.525,74,1912111009,"","","","","","","","","","","","","","","","","","","","","","","","","","","","","","","","","","","","",12.1,9,"","","","","","","","","","","","","","","","","","","","","","","","","","","","","","","","","","","","","","","","","","","","",1025.2,9,1016.2,9,"","","","","","","","","","","","","","","","","","","","","","","","","","","","","","","","","","","","","","","","","","","","","","","","","","","","","","","","","","","","","","","","","","","","","","","","","","","","","","","","","","","","","","","","","","","","","","","","","","","","","","","","","","","","","","","",""
"33167001","BORDEAUX_OBSERVATOIRE",44.831667,-0.525,74,1912111012,"","","","","","","","","","","","","","","","","","","","","","","","","","","","","","","","","","","","",13.9,9,"","","","","","","","","","","","","","","","","","","","","","","","","","","","","","","","","","","","","","","","","","","","",1024.7,9,1015.8,1,"","","","","","","","","","","","","","","","","","","","","","","","","","","","","","","","","","","","","","","","","","","","","","","","","","","","","","","","","","","","","","","","","","","","","","","","","","","","","","","","","","","","","","","","","","","","","","","","","","","","","","","","","","","","","","","",""
"33167001","BORDEAUX_OBSERVATOIRE",44.831667,-0.525,74,1912111015,"","","","","","","","","","","","","","","","","","","","","","","","","","","","","","","","","","","","",12.3,9,"","","","","","","","","","","","","","","","","","","","","","","","","","","","","","","","","","","","","","","","","","","","",1023.8,9,1014.8,9,"","","","","","","","","","","","","","","","","","","","","","","","","","","","","","","","","","","","","","","","","","","","","","","","","","","","","","","","","","","","","","","","","","","","","","","","","","","","","","","","","","","","","","","","","","","","","","","","","","","","","","","","","","","","","","","",""
"33167001","BORDEAUX_OBSERVATOIRE",44.831667,-0.525,74,1912111018,"","","","","","","","","","","","","","","","","","","","","","","","","","","","","","","","","","","","",12.,9,"","","","","","","","","","","","","","","","","","","","","","","","","","","","","","","","","","","","","","","","","","","","",1023.4,9,1014.4,9,"","","","","","","","","","","","","","","","","","","","","","","","","","","","","","","","","","","","","","","","","","","","","","","","","","","","","","","","","","","","","","","","","","","","","","","","","","","","","","","","","","","","","","","","","","","","","","","","","","","","","","","","","","","","","","","",""
"33167001","BORDEAUX_OBSERVATOIRE",44.831667,-0.525,74,1912111021,"","","","","","","","","","","","","","","","","","","","","","","","","","","","","","","","","","","","",10.9,9,"","","","","","","","","","","","","","","","","","","","","","","","","","","","","","","","","","","","","","","","","","","","",1023.,9,1014.,9,"","","","","","","","","","","","","","","","","","","","","","","","","","","","","","","","","","","","","","","","","","","","","","","","","","","","","","","","","","","","","","","","","","","","","","","","","","","","","","","","","","","","","","","","","","","","","","","","","","","","","","","","","","","","","","","",""
"33167001","BORDEAUX_OBSERVATOIRE",44.831667,-0.525,74,1912111100,"","","","","","","","","","","","","","","","","","","","","","","","","","","","","","","","","","","","",10.8,9,"","","","","","","","","","","","","","","","","","","","","","","","","","","","","","","","","","","","","","","","","","","","",1021.7,9,1012.7,9,"","","","","","","","","","","","","","","","","","","","","","","","","","","","","","","","","","","","","","","","","","","","","","","","","","","","","","","","","","","","","","","","","","","","","","","","","","","","","","","","","","","","","","","","","","","","","","","","","","","","","","","","","","","","","","","",""
"33167001","BORDEAUX_OBSERVATOIRE",44.831667,-0.525,74,1912111103,"","","","","","","","","","","","","","","","","","","","","","","","","","","","","","","","","","","","",10.6,9,"","","","","","","","","","","","","","","","","","","","","","","","","","","","","","","","","","","","","","","","","","","","",1019.4,9,1010.4,9,"","","","","","","","","","","","","","","","","","","","","","","","","","","","","","","","","","","","","","","","","","","","","","","","","","","","","","","","","","","","","","","","","","","","","","","","","","","","","","","","","","","","","","","","","","","","","","","","","","","","","","","","","","","","","","","",""
"33167001","BORDEAUX_OBSERVATOIRE",44.831667,-0.525,74,1912111107,"","","","","","","","","","","","","","","","","","","","","","","","","","","","","","","","","","","","",11.6,9,"","","","","","","","","","","","","","","","","","","","","","","","","","","","","","","","","","","","","","","","","","","","",1015.,9,1006.1,9,"","","","","","","","","","","","","","","","","","","","","","","","","","","","","","","","","","","","","","","","","","","","","","","","","","","","","","","","","","","","","","","","","","","","","","","","","","","","","","","","","","","","","","","","","","","","","","","","","","","","","","","","","","","","","","","",""
"33167001","BORDEAUX_OBSERVATOIRE",44.831667,-0.525,74,1912111109,"","","","","","","","","","","","","","","","","","","","","","","","","","","","","","","","","","","","",12.7,9,"","","","","","","","","","","","","","","","","","","","","","","","","","","","","","","","","","","","","","","","","","","","",1013.5,9,1004.6,9,"","","","","","","","","","","","","","","","","","","","","","","","","","","","","","","","","","","","","","","","","","","","","","","","","","","","","","","","","","","","","","","","","","","","","","","","","","","","","","","","","","","","","","","","","","","","","","","","","","","","","","","","","","","","","","","",""
"33167001","BORDEAUX_OBSERVATOIRE",44.831667,-0.525,74,1912111112,"","","","","","","","","","","","","","","","","","","","","","","","","","","","","","","","","","","","",12.2,9,"","","","","","","","","","","","","","","","","","","","","","","","","","","","","","","","","","","","","","","","","","","","",1010.3,9,1001.4,1,"","","","","","","","","","","","","","","","","","","","","","","","","","","","","","","","","","","","","","","","","","","","","","","","","","","","","","","","","","","","","","","","","","","","","","","","","","","","","","","","","","","","","","","","","","","","","","","","","","","","","","","","","","","","","","","",""
"33167001","BORDEAUX_OBSERVATOIRE",44.831667,-0.525,74,1912111115,"","","","","","","","","","","","","","","","","","","","","","","","","","","","","","","","","","","","",9.6,9,"","","","","","","","","","","","","","","","","","","","","","","","","","","","","","","","","","","","","","","","","","","","",1007.6,9,998.7,9,"","","","","","","","","","","","","","","","","","","","","","","","","","","","","","","","","","","","","","","","","","","","","","","","","","","","","","","","","","","","","","","","","","","","","","","","","","","","","","","","","","","","","","","","","","","","","","","","","","","","","","","","","","","","","","","",""
"33167001","BORDEAUX_OBSERVATOIRE",44.831667,-0.525,74,1912111118,"","","","","","","","","","","","","","","","","","","","","","","","","","","","","","","","","","","","",8.6,9,"","","","","","","","","","","","","","","","","","","","","","","","","","","","","","","","","","","","","","","","","","","","",1006.3,9,997.4,9,"","","","","","","","","","","","","","","","","","","","","","","","","","","","","","","","","","","","","","","","","","","","","","","","","","","","","","","","","","","","","","","","","","","","","","","","","","","","","","","","","","","","","","","","","","","","","","","","","","","","","","","","","","","","","","","",""
"33167001","BORDEAUX_OBSERVATOIRE",44.831667,-0.525,74,1912111121,"","","","","","","","","","","","","","","","","","","","","","","","","","","","","","","","","","","","",5.5,9,"","","","","","","","","","","","","","","","","","","","","","","","","","","","","","","","","","","","","","","","","","","","",1006.1,9,997.1,9,"","","","","","","","","","","","","","","","","","","","","","","","","","","","","","","","","","","","","","","","","","","","","","","","","","","","","","","","","","","","","","","","","","","","","","","","","","","","","","","","","","","","","","","","","","","","","","","","","","","","","","","","","","","","","","","",""
"33167001","BORDEAUX_OBSERVATOIRE",44.831667,-0.525,74,1912111200,"","","","","","","","","","","","","","","","","","","","","","","","","","","","","","","","","","","","",5.6,9,"","","","","","","","","","","","","","","","","","","","","","","","","","","","","","","","","","","","","","","","","","","","",1005.4,9,996.4,9,"","","","","","","","","","","","","","","","","","","","","","","","","","","","","","","","","","","","","","","","","","","","","","","","","","","","","","","","","","","","","","","","","","","","","","","","","","","","","","","","","","","","","","","","","","","","","","","","","","","","","","","","","","","","","","","",""
"33167001","BORDEAUX_OBSERVATOIRE",44.831667,-0.525,74,1912111203,"","","","","","","","","","","","","","","","","","","","","","","","","","","","","","","","","","","","",4.2,9,"","","","","","","","","","","","","","","","","","","","","","","","","","","","","","","","","","","","","","","","","","","","",1005.4,9,996.3,9,"","","","","","","","","","","","","","","","","","","","","","","","","","","","","","","","","","","","","","","","","","","","","","","","","","","","","","","","","","","","","","","","","","","","","","","","","","","","","","","","","","","","","","","","","","","","","","","","","","","","","","","","","","","","","","","",""
"33167001","BORDEAUX_OBSERVATOIRE",44.831667,-0.525,74,1912111207,"","","","","","","","","","","","","","","","","","","","","","","","","","","","","","","","","","","","",4.3,9,"","","","","","","","","","","","","","","","","","","","","","","","","","","","","","","","","","","","","","","","","","","","",1006.8,9,997.7,9,"","","","","","","","","","","","","","","","","","","","","","","","","","","","","","","","","","","","","","","","","","","","","","","","","","","","","","","","","","","","","","","","","","","","","","","","","","","","","","","","","","","","","","","","","","","","","","","","","","","","","","","","","","","","","","","",""
"33167001","BORDEAUX_OBSERVATOIRE",44.831667,-0.525,74,1912111209,"","","","","","","","","","","","","","","","","","","","","","","","","","","","","","","","","","","","",6.1,9,"","","","","","","","","","","","","","","","","","","","","","","","","","","","","","","","","","","","","","","","","","","","",1007.7,9,998.7,9,"","","","","","","","","","","","","","","","","","","","","","","","","","","","","","","","","","","","","","","","","","","","","","","","","","","","","","","","","","","","","","","","","","","","","","","","","","","","","","","","","","","","","","","","","","","","","","","","","","","","","","","","","","","","","","","",""
"33167001","BORDEAUX_OBSERVATOIRE",44.831667,-0.525,74,1912111212,"","","","","","","","","","","","","","","","","","","","","","","","","","","","","","","","","","","","",8.5,9,"","","","","","","","","","","","","","","","","","","","","","","","","","","","","","","","","","","","","","","","","","","","",1006.2,9,997.3,1,"","","","","","","","","","","","","","","","","","","","","","","","","","","","","","","","","","","","","","","","","","","","","","","","","","","","","","","","","","","","","","","","","","","","","","","","","","","","","","","","","","","","","","","","","","","","","","","","","","","","","","","","","","","","","","","",""
"33167001","BORDEAUX_OBSERVATOIRE",44.831667,-0.525,74,1912111215,"","","","","","","","","","","","","","","","","","","","","","","","","","","","","","","","","","","","",6.1,9,"","","","","","","","","","","","","","","","","","","","","","","","","","","","","","","","","","","","","","","","","","","","",1005.3,9,996.3,9,"","","","","","","","","","","","","","","","","","","","","","","","","","","","","","","","","","","","","","","","","","","","","","","","","","","","","","","","","","","","","","","","","","","","","","","","","","","","","","","","","","","","","","","","","","","","","","","","","","","","","","","","","","","","","","","",""
"33167001","BORDEAUX_OBSERVATOIRE",44.831667,-0.525,74,1912111218,"","","","","","","","","","","","","","","","","","","","","","","","","","","","","","","","","","","","",5.1,9,"","","","","","","","","","","","","","","","","","","","","","","","","","","","","","","","","","","","","","","","","","","","",1004.7,9,995.7,9,"","","","","","","","","","","","","","","","","","","","","","","","","","","","","","","","","","","","","","","","","","","","","","","","","","","","","","","","","","","","","","","","","","","","","","","","","","","","","","","","","","","","","","","","","","","","","","","","","","","","","","","","","","","","","","","",""
"33167001","BORDEAUX_OBSERVATOIRE",44.831667,-0.525,74,1912111221,"","","","","","","","","","","","","","","","","","","","","","","","","","","","","","","","","","","","",4.8,9,"","","","","","","","","","","","","","","","","","","","","","","","","","","","","","","","","","","","","","","","","","","","",1004.7,9,995.6,9,"","","","","","","","","","","","","","","","","","","","","","","","","","","","","","","","","","","","","","","","","","","","","","","","","","","","","","","","","","","","","","","","","","","","","","","","","","","","","","","","","","","","","","","","","","","","","","","","","","","","","","","","","","","","","","","",""
"33167001","BORDEAUX_OBSERVATOIRE",44.831667,-0.525,74,1912111300,"","","","","","","","","","","","","","","","","","","","","","","","","","","","","","","","","","","","",3.5,9,"","","","","","","","","","","","","","","","","","","","","","","","","","","","","","","","","","","","","","","","","","","","",1004.3,9,995.2,9,"","","","","","","","","","","","","","","","","","","","","","","","","","","","","","","","","","","","","","","","","","","","","","","","","","","","","","","","","","","","","","","","","","","","","","","","","","","","","","","","","","","","","","","","","","","","","","","","","","","","","","","","","","","","","","","",""
"33167001","BORDEAUX_OBSERVATOIRE",44.831667,-0.525,74,1912111303,"","","","","","","","","","","","","","","","","","","","","","","","","","","","","","","","","","","","",1.9,9,"","","","","","","","","","","","","","","","","","","","","","","","","","","","","","","","","","","","","","","","","","","","",1004.3,9,995.1,9,"","","","","","","","","","","","","","","","","","","","","","","","","","","","","","","","","","","","","","","","","","","","","","","","","","","","","","","","","","","","","","","","","","","","","","","","","","","","","","","","","","","","","","","","","","","","","","","","","","","","","","","","","","","","","","","",""
"33167001","BORDEAUX_OBSERVATOIRE",44.831667,-0.525,74,1912111307,"","","","","","","","","","","","","","","","","","","","","","","","","","","","","","","","","","","","",2.4,9,"","","","","","","","","","","","","","","","","","","","","","","","","","","","","","","","","","","","","","","","","","","","",1005.3,9,996.2,9,"","","","","","","","","","","","","","","","","","","","","","","","","","","","","","","","","","","","","","","","","","","","","","","","","","","","","","","","","","","","","","","","","","","","","","","","","","","","","","","","","","","","","","","","","","","","","","","","","","","","","","","","","","","","","","","",""
"33167001","BORDEAUX_OBSERVATOIRE",44.831667,-0.525,74,1912111309,"","","","","","","","","","","","","","","","","","","","","","","","","","","","","","","","","","","","",3.1,9,"","","","","","","","","","","","","","","","","","","","","","","","","","","","","","","","","","","","","","","","","","","","",1006.6,9,997.5,9,"","","","","","","","","","","","","","","","","","","","","","","","","","","","","","","","","","","","","","","","","","","","","","","","","","","","","","","","","","","","","","","","","","","","","","","","","","","","","","","","","","","","","","","","","","","","","","","","","","","","","","","","","","","","","","","",""
"33167001","BORDEAUX_OBSERVATOIRE",44.831667,-0.525,74,1912111312,"","","","","","","","","","","","","","","","","","","","","","","","","","","","","","","","","","","","",6.7,9,"","","","","","","","","","","","","","","","","","","","","","","","","","","","","","","","","","","","","","","","","","","","",1006.7,9,997.7,1,"","","","","","","","","","","","","","","","","","","","","","","","","","","","","","","","","","","","","","","","","","","","","","","","","","","","","","","","","","","","","","","","","","","","","","","","","","","","","","","","","","","","","","","","","","","","","","","","","","","","","","","","","","","","","","","",""
"33167001","BORDEAUX_OBSERVATOIRE",44.831667,-0.525,74,1912111315,"","","","","","","","","","","","","","","","","","","","","","","","","","","","","","","","","","","","",6.9,9,"","","","","","","","","","","","","","","","","","","","","","","","","","","","","","","","","","","","","","","","","","","","",1007.3,9,998.3,9,"","","","","","","","","","","","","","","","","","","","","","","","","","","","","","","","","","","","","","","","","","","","","","","","","","","","","","","","","","","","","","","","","","","","","","","","","","","","","","","","","","","","","","","","","","","","","","","","","","","","","","","","","","","","","","","",""
"33167001","BORDEAUX_OBSERVATOIRE",44.831667,-0.525,74,1912111318,"","","","","","","","","","","","","","","","","","","","","","","","","","","","","","","","","","","","",5.2,9,"","","","","","","","","","","","","","","","","","","","","","","","","","","","","","","","","","","","","","","","","","","","",1008.9,9,999.8,9,"","","","","","","","","","","","","","","","","","","","","","","","","","","","","","","","","","","","","","","","","","","","","","","","","","","","","","","","","","","","","","","","","","","","","","","","","","","","","","","","","","","","","","","","","","","","","","","","","","","","","","","","","","","","","","","",""
"33167001","BORDEAUX_OBSERVATOIRE",44.831667,-0.525,74,1912111321,"","","","","","","","","","","","","","","","","","","","","","","","","","","","","","","","","","","","",4.3,9,"","","","","","","","","","","","","","","","","","","","","","","","","","","","","","","","","","","","","","","","","","","","",1009.8,9,1000.7,9,"","","","","","","","","","","","","","","","","","","","","","","","","","","","","","","","","","","","","","","","","","","","","","","","","","","","","","","","","","","","","","","","","","","","","","","","","","","","","","","","","","","","","","","","","","","","","","","","","","","","","","","","","","","","","","","",""
"33167001","BORDEAUX_OBSERVATOIRE",44.831667,-0.525,74,1912111400,"","","","","","","","","","","","","","","","","","","","","","","","","","","","","","","","","","","","",3.7,9,"","","","","","","","","","","","","","","","","","","","","","","","","","","","","","","","","","","","","","","","","","","","",1010.3,9,1001.2,9,"","","","","","","","","","","","","","","","","","","","","","","","","","","","","","","","","","","","","","","","","","","","","","","","","","","","","","","","","","","","","","","","","","","","","","","","","","","","","","","","","","","","","","","","","","","","","","","","","","","","","","","","","","","","","","","",""
"33167001","BORDEAUX_OBSERVATOIRE",44.831667,-0.525,74,1912111403,"","","","","","","","","","","","","","","","","","","","","","","","","","","","","","","","","","","","",4.2,9,"","","","","","","","","","","","","","","","","","","","","","","","","","","","","","","","","","","","","","","","","","","","",1011.3,9,1002.2,9,"","","","","","","","","","","","","","","","","","","","","","","","","","","","","","","","","","","","","","","","","","","","","","","","","","","","","","","","","","","","","","","","","","","","","","","","","","","","","","","","","","","","","","","","","","","","","","","","","","","","","","","","","","","","","","","",""
"33167001","BORDEAUX_OBSERVATOIRE",44.831667,-0.525,74,1912111407,"","","","","","","","","","","","","","","","","","","","","","","","","","","","","","","","","","","","",1.3,9,"","","","","","","","","","","","","","","","","","","","","","","","","","","","","","","","","","","","","","","","","","","","",1014.2,9,1004.9,9,"","","","","","","","","","","","","","","","","","","","","","","","","","","","","","","","","","","","","","","","","","","","","","","","","","","","","","","","","","","","","","","","","","","","","","","","","","","","","","","","","","","","","","","","","","","","","","","","","","","","","","","","","","","","","","","",""
"33167001","BORDEAUX_OBSERVATOIRE",44.831667,-0.525,74,1912111409,"","","","","","","","","","","","","","","","","","","","","","","","","","","","","","","","","","","","",3.7,9,"","","","","","","","","","","","","","","","","","","","","","","","","","","","","","","","","","","","","","","","","","","","",1016.1,9,1006.9,9,"","","","","","","","","","","","","","","","","","","","","","","","","","","","","","","","","","","","","","","","","","","","","","","","","","","","","","","","","","","","","","","","","","","","","","","","","","","","","","","","","","","","","","","","","","","","","","","","","","","","","","","","","","","","","","","",""
"33167001","BORDEAUX_OBSERVATOIRE",44.831667,-0.525,74,1912111412,"","","","","","","","","","","","","","","","","","","","","","","","","","","","","","","","","","","","",8.7,9,"","","","","","","","","","","","","","","","","","","","","","","","","","","","","","","","","","","","","","","","","","","","",1016.4,9,1007.4,1,"","","","","","","","","","","","","","","","","","","","","","","","","","","","","","","","","","","","","","","","","","","","","","","","","","","","","","","","","","","","","","","","","","","","","","","","","","","","","","","","","","","","","","","","","","","","","","","","","","","","","","","","","","","","","","","",""
"33167001","BORDEAUX_OBSERVATOIRE",44.831667,-0.525,74,1912111415,"","","","","","","","","","","","","","","","","","","","","","","","","","","","","","","","","","","","",8.1,9,"","","","","","","","","","","","","","","","","","","","","","","","","","","","","","","","","","","","","","","","","","","","",1016.7,9,1007.6,9,"","","","","","","","","","","","","","","","","","","","","","","","","","","","","","","","","","","","","","","","","","","","","","","","","","","","","","","","","","","","","","","","","","","","","","","","","","","","","","","","","","","","","","","","","","","","","","","","","","","","","","","","","","","","","","","",""
"33167001","BORDEAUX_OBSERVATOIRE",44.831667,-0.525,74,1912111418,"","","","","","","","","","","","","","","","","","","","","","","","","","","","","","","","","","","","",6.,9,"","","","","","","","","","","","","","","","","","","","","","","","","","","","","","","","","","","","","","","","","","","","",1018.1,9,1009.,9,"","","","","","","","","","","","","","","","","","","","","","","","","","","","","","","","","","","","","","","","","","","","","","","","","","","","","","","","","","","","","","","","","","","","","","","","","","","","","","","","","","","","","","","","","","","","","","","","","","","","","","","","","","","","","","","",""
"33167001","BORDEAUX_OBSERVATOIRE",44.831667,-0.525,74,1912111421,"","","","","","","","","","","","","","","","","","","","","","","","","","","","","","","","","","","","",3.9,9,"","","","","","","","","","","","","","","","","","","","","","","","","","","","","","","","","","","","","","","","","","","","",1018.7,9,1009.5,9,"","","","","","","","","","","","","","","","","","","","","","","","","","","","","","","","","","","","","","","","","","","","","","","","","","","","","","","","","","","","","","","","","","","","","","","","","","","","","","","","","","","","","","","","","","","","","","","","","","","","","","","","","","","","","","","",""
"33167001","BORDEAUX_OBSERVATOIRE",44.831667,-0.525,74,1912111500,"","","","","","","","","","","","","","","","","","","","","","","","","","","","","","","","","","","","",3.2,9,"","","","","","","","","","","","","","","","","","","","","","","","","","","","","","","","","","","","","","","","","","","","",1018.8,9,1009.6,9,"","","","","","","","","","","","","","","","","","","","","","","","","","","","","","","","","","","","","","","","","","","","","","","","","","","","","","","","","","","","","","","","","","","","","","","","","","","","","","","","","","","","","","","","","","","","","","","","","","","","","","","","","","","","","","","",""
"33167001","BORDEAUX_OBSERVATOIRE",44.831667,-0.525,74,1912111503,"","","","","","","","","","","","","","","","","","","","","","","","","","","","","","","","","","","","",2.5,9,"","","","","","","","","","","","","","","","","","","","","","","","","","","","","","","","","","","","","","","","","","","","",1018.3,9,1009.,9,"","","","","","","","","","","","","","","","","","","","","","","","","","","","","","","","","","","","","","","","","","","","","","","","","","","","","","","","","","","","","","","","","","","","","","","","","","","","","","","","","","","","","","","","","","","","","","","","","","","","","","","","","","","","","","","",""
"33167001","BORDEAUX_OBSERVATOIRE",44.831667,-0.525,74,1912111507,"","","","","","","","","","","","","","","","","","","","","","","","","","","","","","","","","","","","",-0.4,9,"","","","","","","","","","","","","","","","","","","","","","","","","","","","","","","","","","","","","","","","","","","","",1018.9,9,1009.5,9,"","","","","","","","","","","","","","","","","","","","","","","","","","","","","","","","","","","","","","","","","","","","","","","","","","","","","","","","","","","","","","","","","","","","","","","","","","","","","","","","","","","","","","","","","","","","","","","","","","","","","","","","","","","","","","","",""
"33167001","BORDEAUX_OBSERVATOIRE",44.831667,-0.525,74,1912111509,"","","","","","","","","","","","","","","","","","","","","","","","","","","","","","","","","","","","",0.8,9,"","","","","","","","","","","","","","","","","","","","","","","","","","","","","","","","","","","","","","","","","","","","",1019.5,9,1010.2,9,"","","","","","","","","","","","","","","","","","","","","","","","","","","","","","","","","","","","","","","","","","","","","","","","","","","","","","","","","","","","","","","","","","","","","","","","","","","","","","","","","","","","","","","","","","","","","","","","","","","","","","","","","","","","","","","",""
"33167001","BORDEAUX_OBSERVATOIRE",44.831667,-0.525,74,1912111512,"","","","","","","","","","","","","","","","","","","","","","","","","","","","","","","","","","","","",4.,9,"","","","","","","","","","","","","","","","","","","","","","","","","","","","","","","","","","","","","","","","","","","","",1019.,9,1009.8,1,"","","","","","","","","","","","","","","","","","","","","","","","","","","","","","","","","","","","","","","","","","","","","","","","","","","","","","","","","","","","","","","","","","","","","","","","","","","","","","","","","","","","","","","","","","","","","","","","","","","","","","","","","","","","","","","",""
"33167001","BORDEAUX_OBSERVATOIRE",44.831667,-0.525,74,1912111515,"","","","","","","","","","","","","","","","","","","","","","","","","","","","","","","","","","","","",5.2,9,"","","","","","","","","","","","","","","","","","","","","","","","","","","","","","","","","","","","","","","","","","","","",1018.7,9,1009.5,9,"","","","","","","","","","","","","","","","","","","","","","","","","","","","","","","","","","","","","","","","","","","","","","","","","","","","","","","","","","","","","","","","","","","","","","","","","","","","","","","","","","","","","","","","","","","","","","","","","","","","","","","","","","","","","","","",""
"33167001","BORDEAUX_OBSERVATOIRE",44.831667,-0.525,74,1912111518,"","","","","","","","","","","","","","","","","","","","","","","","","","","","","","","","","","","","",5.7,9,"","","","","","","","","","","","","","","","","","","","","","","","","","","","","","","","","","","","","","","","","","","","",1020.1,9,1010.9,9,"","","","","","","","","","","","","","","","","","","","","","","","","","","","","","","","","","","","","","","","","","","","","","","","","","","","","","","","","","","","","","","","","","","","","","","","","","","","","","","","","","","","","","","","","","","","","","","","","","","","","","","","","","","","","","","",""
"33167001","BORDEAUX_OBSERVATOIRE",44.831667,-0.525,74,1912111521,"","","","","","","","","","","","","","","","","","","","","","","","","","","","","","","","","","","","",5.8,9,"","","","","","","","","","","","","","","","","","","","","","","","","","","","","","","","","","","","","","","","","","","","",1021.1,9,1011.9,9,"","","","","","","","","","","","","","","","","","","","","","","","","","","","","","","","","","","","","","","","","","","","","","","","","","","","","","","","","","","","","","","","","","","","","","","","","","","","","","","","","","","","","","","","","","","","","","","","","","","","","","","","","","","","","","","",""
"33167001","BORDEAUX_OBSERVATOIRE",44.831667,-0.525,74,1912111600,"","","","","","","","","","","","","","","","","","","","","","","","","","","","","","","","","","","","",5.5,9,"","","","","","","","","","","","","","","","","","","","","","","","","","","","","","","","","","","","","","","","","","","","",1021.4,9,1012.2,9,"","","","","","","","","","","","","","","","","","","","","","","","","","","","","","","","","","","","","","","","","","","","","","","","","","","","","","","","","","","","","","","","","","","","","","","","","","","","","","","","","","","","","","","","","","","","","","","","","","","","","","","","","","","","","","","",""
"33167001","BORDEAUX_OBSERVATOIRE",44.831667,-0.525,74,1912111603,"","","","","","","","","","","","","","","","","","","","","","","","","","","","","","","","","","","","",4.6,9,"","","","","","","","","","","","","","","","","","","","","","","","","","","","","","","","","","","","","","","","","","","","",1021.,9,1011.8,9,"","","","","","","","","","","","","","","","","","","","","","","","","","","","","","","","","","","","","","","","","","","","","","","","","","","","","","","","","","","","","","","","","","","","","","","","","","","","","","","","","","","","","","","","","","","","","","","","","","","","","","","","","","","","","","","",""
"33167001","BORDEAUX_OBSERVATOIRE",44.831667,-0.525,74,1912111607,"","","","","","","","","","","","","","","","","","","","","","","","","","","","","","","","","","","","",2.4,9,"","","","","","","","","","","","","","","","","","","","","","","","","","","","","","","","","","","","","","","","","","","","",1021.9,9,1012.6,9,"","","","","","","","","","","","","","","","","","","","","","","","","","","","","","","","","","","","","","","","","","","","","","","","","","","","","","","","","","","","","","","","","","","","","","","","","","","","","","","","","","","","","","","","","","","","","","","","","","","","","","","","","","","","","","","",""
"33167001","BORDEAUX_OBSERVATOIRE",44.831667,-0.525,74,1912111609,"","","","","","","","","","","","","","","","","","","","","","","","","","","","","","","","","","","","",3.7,9,"","","","","","","","","","","","","","","","","","","","","","","","","","","","","","","","","","","","","","","","","","","","",1022.9,9,1013.6,9,"","","","","","","","","","","","","","","","","","","","","","","","","","","","","","","","","","","","","","","","","","","","","","","","","","","","","","","","","","","","","","","","","","","","","","","","","","","","","","","","","","","","","","","","","","","","","","","","","","","","","","","","","","","","","","","",""
"33167001","BORDEAUX_OBSERVATOIRE",44.831667,-0.525,74,1912111612,"","","","","","","","","","","","","","","","","","","","","","","","","","","","","","","","","","","","",6.3,9,"","","","","","","","","","","","","","","","","","","","","","","","","","","","","","","","","","","","","","","","","","","","",1022.7,9,1013.5,1,"","","","","","","","","","","","","","","","","","","","","","","","","","","","","","","","","","","","","","","","","","","","","","","","","","","","","","","","","","","","","","","","","","","","","","","","","","","","","","","","","","","","","","","","","","","","","","","","","","","","","","","","","","","","","","","",""
"33167001","BORDEAUX_OBSERVATOIRE",44.831667,-0.525,74,1912111615,"","","","","","","","","","","","","","","","","","","","","","","","","","","","","","","","","","","","",6.9,9,"","","","","","","","","","","","","","","","","","","","","","","","","","","","","","","","","","","","","","","","","","","","",1022.3,9,1013.2,9,"","","","","","","","","","","","","","","","","","","","","","","","","","","","","","","","","","","","","","","","","","","","","","","","","","","","","","","","","","","","","","","","","","","","","","","","","","","","","","","","","","","","","","","","","","","","","","","","","","","","","","","","","","","","","","","",""
"33167001","BORDEAUX_OBSERVATOIRE",44.831667,-0.525,74,1912111618,"","","","","","","","","","","","","","","","","","","","","","","","","","","","","","","","","","","","",6.9,9,"","","","","","","","","","","","","","","","","","","","","","","","","","","","","","","","","","","","","","","","","","","","",1023.4,9,1014.2,9,"","","","","","","","","","","","","","","","","","","","","","","","","","","","","","","","","","","","","","","","","","","","","","","","","","","","","","","","","","","","","","","","","","","","","","","","","","","","","","","","","","","","","","","","","","","","","","","","","","","","","","","","","","","","","","","",""
"33167001","BORDEAUX_OBSERVATOIRE",44.831667,-0.525,74,1912111621,"","","","","","","","","","","","","","","","","","","","","","","","","","","","","","","","","","","","",6.6,9,"","","","","","","","","","","","","","","","","","","","","","","","","","","","","","","","","","","","","","","","","","","","",1023.8,9,1014.6,9,"","","","","","","","","","","","","","","","","","","","","","","","","","","","","","","","","","","","","","","","","","","","","","","","","","","","","","","","","","","","","","","","","","","","","","","","","","","","","","","","","","","","","","","","","","","","","","","","","","","","","","","","","","","","","","","",""
"33167001","BORDEAUX_OBSERVATOIRE",44.831667,-0.525,74,1912111700,"","","","","","","","","","","","","","","","","","","","","","","","","","","","","","","","","","","","",6.7,9,"","","","","","","","","","","","","","","","","","","","","","","","","","","","","","","","","","","","","","","","","","","","",1023.8,9,1014.6,9,"","","","","","","","","","","","","","","","","","","","","","","","","","","","","","","","","","","","","","","","","","","","","","","","","","","","","","","","","","","","","","","","","","","","","","","","","","","","","","","","","","","","","","","","","","","","","","","","","","","","","","","","","","","","","","","",""
"33167001","BORDEAUX_OBSERVATOIRE",44.831667,-0.525,74,1912111703,"","","","","","","","","","","","","","","","","","","","","","","","","","","","","","","","","","","","",6.9,9,"","","","","","","","","","","","","","","","","","","","","","","","","","","","","","","","","","","","","","","","","","","","",1023.2,9,1014.,9,"","","","","","","","","","","","","","","","","","","","","","","","","","","","","","","","","","","","","","","","","","","","","","","","","","","","","","","","","","","","","","","","","","","","","","","","","","","","","","","","","","","","","","","","","","","","","","","","","","","","","","","","","","","","","","","",""
"33167001","BORDEAUX_OBSERVATOIRE",44.831667,-0.525,74,1912111707,"","","","","","","","","","","","","","","","","","","","","","","","","","","","","","","","","","","","",7.1,9,"","","","","","","","","","","","","","","","","","","","","","","","","","","","","","","","","","","","","","","","","","","","",1023.4,9,1014.3,9,"","","","","","","","","","","","","","","","","","","","","","","","","","","","","","","","","","","","","","","","","","","","","","","","","","","","","","","","","","","","","","","","","","","","","","","","","","","","","","","","","","","","","","","","","","","","","","","","","","","","","","","","","","","","","","","",""
"33167001","BORDEAUX_OBSERVATOIRE",44.831667,-0.525,74,1912111709,"","","","","","","","","","","","","","","","","","","","","","","","","","","","","","","","","","","","",7.7,9,"","","","","","","","","","","","","","","","","","","","","","","","","","","","","","","","","","","","","","","","","","","","",1024.5,9,1015.4,9,"","","","","","","","","","","","","","","","","","","","","","","","","","","","","","","","","","","","","","","","","","","","","","","","","","","","","","","","","","","","","","","","","","","","","","","","","","","","","","","","","","","","","","","","","","","","","","","","","","","","","","","","","","","","","","","",""
"33167001","BORDEAUX_OBSERVATOIRE",44.831667,-0.525,74,1912111712,"","","","","","","","","","","","","","","","","","","","","","","","","","","","","","","","","","","","",8.3,9,"","","","","","","","","","","","","","","","","","","","","","","","","","","","","","","","","","","","","","","","","","","","",1024.1,9,1015.,1,"","","","","","","","","","","","","","","","","","","","","","","","","","","","","","","","","","","","","","","","","","","","","","","","","","","","","","","","","","","","","","","","","","","","","","","","","","","","","","","","","","","","","","","","","","","","","","","","","","","","","","","","","","","","","","","",""
"33167001","BORDEAUX_OBSERVATOIRE",44.831667,-0.525,74,1912111715,"","","","","","","","","","","","","","","","","","","","","","","","","","","","","","","","","","","","",8.6,9,"","","","","","","","","","","","","","","","","","","","","","","","","","","","","","","","","","","","","","","","","","","","",1023.7,9,1014.6,9,"","","","","","","","","","","","","","","","","","","","","","","","","","","","","","","","","","","","","","","","","","","","","","","","","","","","","","","","","","","","","","","","","","","","","","","","","","","","","","","","","","","","","","","","","","","","","","","","","","","","","","","","","","","","","","","",""
"33167001","BORDEAUX_OBSERVATOIRE",44.831667,-0.525,74,1912111718,"","","","","","","","","","","","","","","","","","","","","","","","","","","","","","","","","","","","",8.2,9,"","","","","","","","","","","","","","","","","","","","","","","","","","","","","","","","","","","","","","","","","","","","",1024.1,9,1015.,9,"","","","","","","","","","","","","","","","","","","","","","","","","","","","","","","","","","","","","","","","","","","","","","","","","","","","","","","","","","","","","","","","","","","","","","","","","","","","","","","","","","","","","","","","","","","","","","","","","","","","","","","","","","","","","","","",""
"33167001","BORDEAUX_OBSERVATOIRE",44.831667,-0.525,74,1912111721,"","","","","","","","","","","","","","","","","","","","","","","","","","","","","","","","","","","","",8.3,9,"","","","","","","","","","","","","","","","","","","","","","","","","","","","","","","","","","","","","","","","","","","","",1024.3,9,1015.2,9,"","","","","","","","","","","","","","","","","","","","","","","","","","","","","","","","","","","","","","","","","","","","","","","","","","","","","","","","","","","","","","","","","","","","","","","","","","","","","","","","","","","","","","","","","","","","","","","","","","","","","","","","","","","","","","","",""
"33167001","BORDEAUX_OBSERVATOIRE",44.831667,-0.525,74,1912111800,"","","","","","","","","","","","","","","","","","","","","","","","","","","","","","","","","","","","",8.,9,"","","","","","","","","","","","","","","","","","","","","","","","","","","","","","","","","","","","","","","","","","","","",1023.8,9,1014.7,9,"","","","","","","","","","","","","","","","","","","","","","","","","","","","","","","","","","","","","","","","","","","","","","","","","","","","","","","","","","","","","","","","","","","","","","","","","","","","","","","","","","","","","","","","","","","","","","","","","","","","","","","","","","","","","","","",""
"33167001","BORDEAUX_OBSERVATOIRE",44.831667,-0.525,74,1912111803,"","","","","","","","","","","","","","","","","","","","","","","","","","","","","","","","","","","","",8.1,9,"","","","","","","","","","","","","","","","","","","","","","","","","","","","","","","","","","","","","","","","","","","","",1022.7,9,1013.6,9,"","","","","","","","","","","","","","","","","","","","","","","","","","","","","","","","","","","","","","","","","","","","","","","","","","","","","","","","","","","","","","","","","","","","","","","","","","","","","","","","","","","","","","","","","","","","","","","","","","","","","","","","","","","","","","","",""
"33167001","BORDEAUX_OBSERVATOIRE",44.831667,-0.525,74,1912111807,"","","","","","","","","","","","","","","","","","","","","","","","","","","","","","","","","","","","",7.8,9,"","","","","","","","","","","","","","","","","","","","","","","","","","","","","","","","","","","","","","","","","","","","",1021.3,9,1012.2,9,"","","","","","","","","","","","","","","","","","","","","","","","","","","","","","","","","","","","","","","","","","","","","","","","","","","","","","","","","","","","","","","","","","","","","","","","","","","","","","","","","","","","","","","","","","","","","","","","","","","","","","","","","","","","","","","",""
"33167001","BORDEAUX_OBSERVATOIRE",44.831667,-0.525,74,1912111809,"","","","","","","","","","","","","","","","","","","","","","","","","","","","","","","","","","","","",8.4,9,"","","","","","","","","","","","","","","","","","","","","","","","","","","","","","","","","","","","","","","","","","","","",1020.5,9,1011.4,9,"","","","","","","","","","","","","","","","","","","","","","","","","","","","","","","","","","","","","","","","","","","","","","","","","","","","","","","","","","","","","","","","","","","","","","","","","","","","","","","","","","","","","","","","","","","","","","","","","","","","","","","","","","","","","","","",""
"33167001","BORDEAUX_OBSERVATOIRE",44.831667,-0.525,74,1912111812,"","","","","","","","","","","","","","","","","","","","","","","","","","","","","","","","","","","","",8.7,9,"","","","","","","","","","","","","","","","","","","","","","","","","","","","","","","","","","","","","","","","","","","","",1017.5,9,1008.5,1,"","","","","","","","","","","","","","","","","","","","","","","","","","","","","","","","","","","","","","","","","","","","","","","","","","","","","","","","","","","","","","","","","","","","","","","","","","","","","","","","","","","","","","","","","","","","","","","","","","","","","","","","","","","","","","","",""
"33167001","BORDEAUX_OBSERVATOIRE",44.831667,-0.525,74,1912111815,"","","","","","","","","","","","","","","","","","","","","","","","","","","","","","","","","","","","",8.4,9,"","","","","","","","","","","","","","","","","","","","","","","","","","","","","","","","","","","","","","","","","","","","",1015.3,9,1006.3,9,"","","","","","","","","","","","","","","","","","","","","","","","","","","","","","","","","","","","","","","","","","","","","","","","","","","","","","","","","","","","","","","","","","","","","","","","","","","","","","","","","","","","","","","","","","","","","","","","","","","","","","","","","","","","","","","",""
"33167001","BORDEAUX_OBSERVATOIRE",44.831667,-0.525,74,1912111818,"","","","","","","","","","","","","","","","","","","","","","","","","","","","","","","","","","","","",7.,9,"","","","","","","","","","","","","","","","","","","","","","","","","","","","","","","","","","","","","","","","","","","","",1016.1,9,1007.,9,"","","","","","","","","","","","","","","","","","","","","","","","","","","","","","","","","","","","","","","","","","","","","","","","","","","","","","","","","","","","","","","","","","","","","","","","","","","","","","","","","","","","","","","","","","","","","","","","","","","","","","","","","","","","","","","",""
"33167001","BORDEAUX_OBSERVATOIRE",44.831667,-0.525,74,1912111821,"","","","","","","","","","","","","","","","","","","","","","","","","","","","","","","","","","","","",6.6,9,"","","","","","","","","","","","","","","","","","","","","","","","","","","","","","","","","","","","","","","","","","","","",1018.3,9,1009.2,9,"","","","","","","","","","","","","","","","","","","","","","","","","","","","","","","","","","","","","","","","","","","","","","","","","","","","","","","","","","","","","","","","","","","","","","","","","","","","","","","","","","","","","","","","","","","","","","","","","","","","","","","","","","","","","","","",""
"33167001","BORDEAUX_OBSERVATOIRE",44.831667,-0.525,74,1912111900,"","","","","","","","","","","","","","","","","","","","","","","","","","","","","","","","","","","","",7.3,9,"","","","","","","","","","","","","","","","","","","","","","","","","","","","","","","","","","","","","","","","","","","","",1020.1,9,1011.,9,"","","","","","","","","","","","","","","","","","","","","","","","","","","","","","","","","","","","","","","","","","","","","","","","","","","","","","","","","","","","","","","","","","","","","","","","","","","","","","","","","","","","","","","","","","","","","","","","","","","","","","","","","","","","","","","",""
"33167001","BORDEAUX_OBSERVATOIRE",44.831667,-0.525,74,1912111903,"","","","","","","","","","","","","","","","","","","","","","","","","","","","","","","","","","","","",7.,9,"","","","","","","","","","","","","","","","","","","","","","","","","","","","","","","","","","","","","","","","","","","","",1021.7,9,1012.6,9,"","","","","","","","","","","","","","","","","","","","","","","","","","","","","","","","","","","","","","","","","","","","","","","","","","","","","","","","","","","","","","","","","","","","","","","","","","","","","","","","","","","","","","","","","","","","","","","","","","","","","","","","","","","","","","","",""
"33167001","BORDEAUX_OBSERVATOIRE",44.831667,-0.525,74,1912111907,"","","","","","","","","","","","","","","","","","","","","","","","","","","","","","","","","","","","",4.2,9,"","","","","","","","","","","","","","","","","","","","","","","","","","","","","","","","","","","","","","","","","","","","",1024.4,9,1015.1,9,"","","","","","","","","","","","","","","","","","","","","","","","","","","","","","","","","","","","","","","","","","","","","","","","","","","","","","","","","","","","","","","","","","","","","","","","","","","","","","","","","","","","","","","","","","","","","","","","","","","","","","","","","","","","","","","",""
"33167001","BORDEAUX_OBSERVATOIRE",44.831667,-0.525,74,1912111909,"","","","","","","","","","","","","","","","","","","","","","","","","","","","","","","","","","","","",5.3,9,"","","","","","","","","","","","","","","","","","","","","","","","","","","","","","","","","","","","","","","","","","","","",1026.,9,1016.8,9,"","","","","","","","","","","","","","","","","","","","","","","","","","","","","","","","","","","","","","","","","","","","","","","","","","","","","","","","","","","","","","","","","","","","","","","","","","","","","","","","","","","","","","","","","","","","","","","","","","","","","","","","","","","","","","","",""
"33167001","BORDEAUX_OBSERVATOIRE",44.831667,-0.525,74,1912111912,"","","","","","","","","","","","","","","","","","","","","","","","","","","","","","","","","","","","",8.3,9,"","","","","","","","","","","","","","","","","","","","","","","","","","","","","","","","","","","","","","","","","","","","",1026.2,9,1017.1,1,"","","","","","","","","","","","","","","","","","","","","","","","","","","","","","","","","","","","","","","","","","","","","","","","","","","","","","","","","","","","","","","","","","","","","","","","","","","","","","","","","","","","","","","","","","","","","","","","","","","","","","","","","","","","","","","",""
"33167001","BORDEAUX_OBSERVATOIRE",44.831667,-0.525,74,1912111915,"","","","","","","","","","","","","","","","","","","","","","","","","","","","","","","","","","","","",9.6,9,"","","","","","","","","","","","","","","","","","","","","","","","","","","","","","","","","","","","","","","","","","","","",1026.1,9,1017.,9,"","","","","","","","","","","","","","","","","","","","","","","","","","","","","","","","","","","","","","","","","","","","","","","","","","","","","","","","","","","","","","","","","","","","","","","","","","","","","","","","","","","","","","","","","","","","","","","","","","","","","","","","","","","","","","","",""
"33167001","BORDEAUX_OBSERVATOIRE",44.831667,-0.525,74,1912111918,"","","","","","","","","","","","","","","","","","","","","","","","","","","","","","","","","","","","",7.1,9,"","","","","","","","","","","","","","","","","","","","","","","","","","","","","","","","","","","","","","","","","","","","",1028.2,9,1019.,9,"","","","","","","","","","","","","","","","","","","","","","","","","","","","","","","","","","","","","","","","","","","","","","","","","","","","","","","","","","","","","","","","","","","","","","","","","","","","","","","","","","","","","","","","","","","","","","","","","","","","","","","","","","","","","","","",""
"33167001","BORDEAUX_OBSERVATOIRE",44.831667,-0.525,74,1912111921,"","","","","","","","","","","","","","","","","","","","","","","","","","","","","","","","","","","","",4.4,9,"","","","","","","","","","","","","","","","","","","","","","","","","","","","","","","","","","","","","","","","","","","","",1029.3,9,1020.,9,"","","","","","","","","","","","","","","","","","","","","","","","","","","","","","","","","","","","","","","","","","","","","","","","","","","","","","","","","","","","","","","","","","","","","","","","","","","","","","","","","","","","","","","","","","","","","","","","","","","","","","","","","","","","","","","",""
"33167001","BORDEAUX_OBSERVATOIRE",44.831667,-0.525,74,1912112000,"","","","","","","","","","","","","","","","","","","","","","","","","","","","","","","","","","","","",3.5,9,"","","","","","","","","","","","","","","","","","","","","","","","","","","","","","","","","","","","","","","","","","","","",1029.7,9,1020.4,9,"","","","","","","","","","","","","","","","","","","","","","","","","","","","","","","","","","","","","","","","","","","","","","","","","","","","","","","","","","","","","","","","","","","","","","","","","","","","","","","","","","","","","","","","","","","","","","","","","","","","","","","","","","","","","","","",""
"33167001","BORDEAUX_OBSERVATOIRE",44.831667,-0.525,74,1912112003,"","","","","","","","","","","","","","","","","","","","","","","","","","","","","","","","","","","","",4.3,9,"","","","","","","","","","","","","","","","","","","","","","","","","","","","","","","","","","","","","","","","","","","","",1029.5,9,1020.2,9,"","","","","","","","","","","","","","","","","","","","","","","","","","","","","","","","","","","","","","","","","","","","","","","","","","","","","","","","","","","","","","","","","","","","","","","","","","","","","","","","","","","","","","","","","","","","","","","","","","","","","","","","","","","","","","","",""
"33167001","BORDEAUX_OBSERVATOIRE",44.831667,-0.525,74,1912112007,"","","","","","","","","","","","","","","","","","","","","","","","","","","","","","","","","","","","",7.,9,"","","","","","","","","","","","","","","","","","","","","","","","","","","","","","","","","","","","","","","","","","","","",1029.8,9,1020.6,9,"","","","","","","","","","","","","","","","","","","","","","","","","","","","","","","","","","","","","","","","","","","","","","","","","","","","","","","","","","","","","","","","","","","","","","","","","","","","","","","","","","","","","","","","","","","","","","","","","","","","","","","","","","","","","","","",""
"33167001","BORDEAUX_OBSERVATOIRE",44.831667,-0.525,74,1912112009,"","","","","","","","","","","","","","","","","","","","","","","","","","","","","","","","","","","","",7.7,9,"","","","","","","","","","","","","","","","","","","","","","","","","","","","","","","","","","","","","","","","","","","","",1030.7,9,1021.5,9,"","","","","","","","","","","","","","","","","","","","","","","","","","","","","","","","","","","","","","","","","","","","","","","","","","","","","","","","","","","","","","","","","","","","","","","","","","","","","","","","","","","","","","","","","","","","","","","","","","","","","","","","","","","","","","","",""
"33167001","BORDEAUX_OBSERVATOIRE",44.831667,-0.525,74,1912112012,"","","","","","","","","","","","","","","","","","","","","","","","","","","","","","","","","","","","",10.7,9,"","","","","","","","","","","","","","","","","","","","","","","","","","","","","","","","","","","","","","","","","","","","",1030.5,9,1021.4,1,"","","","","","","","","","","","","","","","","","","","","","","","","","","","","","","","","","","","","","","","","","","","","","","","","","","","","","","","","","","","","","","","","","","","","","","","","","","","","","","","","","","","","","","","","","","","","","","","","","","","","","","","","","","","","","","",""
"33167001","BORDEAUX_OBSERVATOIRE",44.831667,-0.525,74,1912112015,"","","","","","","","","","","","","","","","","","","","","","","","","","","","","","","","","","","","",10.6,9,"","","","","","","","","","","","","","","","","","","","","","","","","","","","","","","","","","","","","","","","","","","","",1030.2,9,1021.1,9,"","","","","","","","","","","","","","","","","","","","","","","","","","","","","","","","","","","","","","","","","","","","","","","","","","","","","","","","","","","","","","","","","","","","","","","","","","","","","","","","","","","","","","","","","","","","","","","","","","","","","","","","","","","","","","","",""
"33167001","BORDEAUX_OBSERVATOIRE",44.831667,-0.525,74,1912112018,"","","","","","","","","","","","","","","","","","","","","","","","","","","","","","","","","","","","",9.3,9,"","","","","","","","","","","","","","","","","","","","","","","","","","","","","","","","","","","","","","","","","","","","",1031.3,9,1022.2,9,"","","","","","","","","","","","","","","","","","","","","","","","","","","","","","","","","","","","","","","","","","","","","","","","","","","","","","","","","","","","","","","","","","","","","","","","","","","","","","","","","","","","","","","","","","","","","","","","","","","","","","","","","","","","","","","",""
"33167001","BORDEAUX_OBSERVATOIRE",44.831667,-0.525,74,1912112021,"","","","","","","","","","","","","","","","","","","","","","","","","","","","","","","","","","","","",8.8,9,"","","","","","","","","","","","","","","","","","","","","","","","","","","","","","","","","","","","","","","","","","","","",1031.9,9,1022.7,9,"","","","","","","","","","","","","","","","","","","","","","","","","","","","","","","","","","","","","","","","","","","","","","","","","","","","","","","","","","","","","","","","","","","","","","","","","","","","","","","","","","","","","","","","","","","","","","","","","","","","","","","","","","","","","","","",""
"33167001","BORDEAUX_OBSERVATOIRE",44.831667,-0.525,74,1912112100,"","","","","","","","","","","","","","","","","","","","","","","","","","","","","","","","","","","","",8.5,9,"","","","","","","","","","","","","","","","","","","","","","","","","","","","","","","","","","","","","","","","","","","","",1031.9,9,1022.7,9,"","","","","","","","","","","","","","","","","","","","","","","","","","","","","","","","","","","","","","","","","","","","","","","","","","","","","","","","","","","","","","","","","","","","","","","","","","","","","","","","","","","","","","","","","","","","","","","","","","","","","","","","","","","","","","","",""
"33167001","BORDEAUX_OBSERVATOIRE",44.831667,-0.525,74,1912112103,"","","","","","","","","","","","","","","","","","","","","","","","","","","","","","","","","","","","",8.5,9,"","","","","","","","","","","","","","","","","","","","","","","","","","","","","","","","","","","","","","","","","","","","",1030.7,9,1021.5,9,"","","","","","","","","","","","","","","","","","","","","","","","","","","","","","","","","","","","","","","","","","","","","","","","","","","","","","","","","","","","","","","","","","","","","","","","","","","","","","","","","","","","","","","","","","","","","","","","","","","","","","","","","","","","","","","",""
"33167001","BORDEAUX_OBSERVATOIRE",44.831667,-0.525,74,1912112107,"","","","","","","","","","","","","","","","","","","","","","","","","","","","","","","","","","","","",9.8,9,"","","","","","","","","","","","","","","","","","","","","","","","","","","","","","","","","","","","","","","","","","","","",1029.8,9,1020.7,9,"","","","","","","","","","","","","","","","","","","","","","","","","","","","","","","","","","","","","","","","","","","","","","","","","","","","","","","","","","","","","","","","","","","","","","","","","","","","","","","","","","","","","","","","","","","","","","","","","","","","","","","","","","","","","","","",""
"33167001","BORDEAUX_OBSERVATOIRE",44.831667,-0.525,74,1912112109,"","","","","","","","","","","","","","","","","","","","","","","","","","","","","","","","","","","","",10.7,9,"","","","","","","","","","","","","","","","","","","","","","","","","","","","","","","","","","","","","","","","","","","","",1029.8,9,1020.7,9,"","","","","","","","","","","","","","","","","","","","","","","","","","","","","","","","","","","","","","","","","","","","","","","","","","","","","","","","","","","","","","","","","","","","","","","","","","","","","","","","","","","","","","","","","","","","","","","","","","","","","","","","","","","","","","","",""
"33167001","BORDEAUX_OBSERVATOIRE",44.831667,-0.525,74,1912112112,"","","","","","","","","","","","","","","","","","","","","","","","","","","","","","","","","","","","",12.4,9,"","","","","","","","","","","","","","","","","","","","","","","","","","","","","","","","","","","","","","","","","","","","",1027.8,9,1018.8,1,"","","","","","","","","","","","","","","","","","","","","","","","","","","","","","","","","","","","","","","","","","","","","","","","","","","","","","","","","","","","","","","","","","","","","","","","","","","","","","","","","","","","","","","","","","","","","","","","","","","","","","","","","","","","","","","",""
"33167001","BORDEAUX_OBSERVATOIRE",44.831667,-0.525,74,1912112115,"","","","","","","","","","","","","","","","","","","","","","","","","","","","","","","","","","","","",11.6,9,"","","","","","","","","","","","","","","","","","","","","","","","","","","","","","","","","","","","","","","","","","","","",1026.5,9,1017.5,9,"","","","","","","","","","","","","","","","","","","","","","","","","","","","","","","","","","","","","","","","","","","","","","","","","","","","","","","","","","","","","","","","","","","","","","","","","","","","","","","","","","","","","","","","","","","","","","","","","","","","","","","","","","","","","","","",""
"33167001","BORDEAUX_OBSERVATOIRE",44.831667,-0.525,74,1912112118,"","","","","","","","","","","","","","","","","","","","","","","","","","","","","","","","","","","","",11.3,9,"","","","","","","","","","","","","","","","","","","","","","","","","","","","","","","","","","","","","","","","","","","","",1027.2,9,1018.2,9,"","","","","","","","","","","","","","","","","","","","","","","","","","","","","","","","","","","","","","","","","","","","","","","","","","","","","","","","","","","","","","","","","","","","","","","","","","","","","","","","","","","","","","","","","","","","","","","","","","","","","","","","","","","","","","","",""
"33167001","BORDEAUX_OBSERVATOIRE",44.831667,-0.525,74,1912112121,"","","","","","","","","","","","","","","","","","","","","","","","","","","","","","","","","","","","",11.2,9,"","","","","","","","","","","","","","","","","","","","","","","","","","","","","","","","","","","","","","","","","","","","",1027.4,9,1018.4,9,"","","","","","","","","","","","","","","","","","","","","","","","","","","","","","","","","","","","","","","","","","","","","","","","","","","","","","","","","","","","","","","","","","","","","","","","","","","","","","","","","","","","","","","","","","","","","","","","","","","","","","","","","","","","","","","",""
"33167001","BORDEAUX_OBSERVATOIRE",44.831667,-0.525,74,1912112200,"","","","","","","","","","","","","","","","","","","","","","","","","","","","","","","","","","","","",11.3,9,"","","","","","","","","","","","","","","","","","","","","","","","","","","","","","","","","","","","","","","","","","","","",1027.3,9,1018.3,9,"","","","","","","","","","","","","","","","","","","","","","","","","","","","","","","","","","","","","","","","","","","","","","","","","","","","","","","","","","","","","","","","","","","","","","","","","","","","","","","","","","","","","","","","","","","","","","","","","","","","","","","","","","","","","","","",""
"33167001","BORDEAUX_OBSERVATOIRE",44.831667,-0.525,74,1912112203,"","","","","","","","","","","","","","","","","","","","","","","","","","","","","","","","","","","","",8.9,9,"","","","","","","","","","","","","","","","","","","","","","","","","","","","","","","","","","","","","","","","","","","","",1027.4,9,1018.3,9,"","","","","","","","","","","","","","","","","","","","","","","","","","","","","","","","","","","","","","","","","","","","","","","","","","","","","","","","","","","","","","","","","","","","","","","","","","","","","","","","","","","","","","","","","","","","","","","","","","","","","","","","","","","","","","","",""
"33167001","BORDEAUX_OBSERVATOIRE",44.831667,-0.525,74,1912112207,"","","","","","","","","","","","","","","","","","","","","","","","","","","","","","","","","","","","",8.2,9,"","","","","","","","","","","","","","","","","","","","","","","","","","","","","","","","","","","","","","","","","","","","",1028.7,9,1019.5,9,"","","","","","","","","","","","","","","","","","","","","","","","","","","","","","","","","","","","","","","","","","","","","","","","","","","","","","","","","","","","","","","","","","","","","","","","","","","","","","","","","","","","","","","","","","","","","","","","","","","","","","","","","","","","","","","",""
"33167001","BORDEAUX_OBSERVATOIRE",44.831667,-0.525,74,1912112209,"","","","","","","","","","","","","","","","","","","","","","","","","","","","","","","","","","","","",8.9,9,"","","","","","","","","","","","","","","","","","","","","","","","","","","","","","","","","","","","","","","","","","","","",1029.7,9,1020.6,9,"","","","","","","","","","","","","","","","","","","","","","","","","","","","","","","","","","","","","","","","","","","","","","","","","","","","","","","","","","","","","","","","","","","","","","","","","","","","","","","","","","","","","","","","","","","","","","","","","","","","","","","","","","","","","","","",""
"33167001","BORDEAUX_OBSERVATOIRE",44.831667,-0.525,74,1912112212,"","","","","","","","","","","","","","","","","","","","","","","","","","","","","","","","","","","","",9.7,9,"","","","","","","","","","","","","","","","","","","","","","","","","","","","","","","","","","","","","","","","","","","","",1029.7,9,1020.6,1,"","","","","","","","","","","","","","","","","","","","","","","","","","","","","","","","","","","","","","","","","","","","","","","","","","","","","","","","","","","","","","","","","","","","","","","","","","","","","","","","","","","","","","","","","","","","","","","","","","","","","","","","","","","","","","","",""
"33167001","BORDEAUX_OBSERVATOIRE",44.831667,-0.525,74,1912112215,"","","","","","","","","","","","","","","","","","","","","","","","","","","","","","","","","","","","",9.6,9,"","","","","","","","","","","","","","","","","","","","","","","","","","","","","","","","","","","","","","","","","","","","",1029.4,9,1020.3,9,"","","","","","","","","","","","","","","","","","","","","","","","","","","","","","","","","","","","","","","","","","","","","","","","","","","","","","","","","","","","","","","","","","","","","","","","","","","","","","","","","","","","","","","","","","","","","","","","","","","","","","","","","","","","","","","",""
"33167001","BORDEAUX_OBSERVATOIRE",44.831667,-0.525,74,1912112218,"","","","","","","","","","","","","","","","","","","","","","","","","","","","","","","","","","","","",8.3,9,"","","","","","","","","","","","","","","","","","","","","","","","","","","","","","","","","","","","","","","","","","","","",1029.6,9,1020.4,9,"","","","","","","","","","","","","","","","","","","","","","","","","","","","","","","","","","","","","","","","","","","","","","","","","","","","","","","","","","","","","","","","","","","","","","","","","","","","","","","","","","","","","","","","","","","","","","","","","","","","","","","","","","","","","","","",""
"33167001","BORDEAUX_OBSERVATOIRE",44.831667,-0.525,74,1912112221,"","","","","","","","","","","","","","","","","","","","","","","","","","","","","","","","","","","","",8.,9,"","","","","","","","","","","","","","","","","","","","","","","","","","","","","","","","","","","","","","","","","","","","",1030.4,9,1021.2,9,"","","","","","","","","","","","","","","","","","","","","","","","","","","","","","","","","","","","","","","","","","","","","","","","","","","","","","","","","","","","","","","","","","","","","","","","","","","","","","","","","","","","","","","","","","","","","","","","","","","","","","","","","","","","","","","",""
"33167001","BORDEAUX_OBSERVATOIRE",44.831667,-0.525,74,1912112300,"","","","","","","","","","","","","","","","","","","","","","","","","","","","","","","","","","","","",5.9,9,"","","","","","","","","","","","","","","","","","","","","","","","","","","","","","","","","","","","","","","","","","","","",1030.8,9,1021.5,9,"","","","","","","","","","","","","","","","","","","","","","","","","","","","","","","","","","","","","","","","","","","","","","","","","","","","","","","","","","","","","","","","","","","","","","","","","","","","","","","","","","","","","","","","","","","","","","","","","","","","","","","","","","","","","","","",""
"33167001","BORDEAUX_OBSERVATOIRE",44.831667,-0.525,74,1912112303,"","","","","","","","","","","","","","","","","","","","","","","","","","","","","","","","","","","","",4.5,9,"","","","","","","","","","","","","","","","","","","","","","","","","","","","","","","","","","","","","","","","","","","","",1030.1,9,1020.8,9,"","","","","","","","","","","","","","","","","","","","","","","","","","","","","","","","","","","","","","","","","","","","","","","","","","","","","","","","","","","","","","","","","","","","","","","","","","","","","","","","","","","","","","","","","","","","","","","","","","","","","","","","","","","","","","","",""
"33167001","BORDEAUX_OBSERVATOIRE",44.831667,-0.525,74,1912112307,"","","","","","","","","","","","","","","","","","","","","","","","","","","","","","","","","","","","",2.2,9,"","","","","","","","","","","","","","","","","","","","","","","","","","","","","","","","","","","","","","","","","","","","",1030.4,9,1021.,9,"","","","","","","","","","","","","","","","","","","","","","","","","","","","","","","","","","","","","","","","","","","","","","","","","","","","","","","","","","","","","","","","","","","","","","","","","","","","","","","","","","","","","","","","","","","","","","","","","","","","","","","","","","","","","","","",""
"33167001","BORDEAUX_OBSERVATOIRE",44.831667,-0.525,74,1912112309,"","","","","","","","","","","","","","","","","","","","","","","","","","","","","","","","","","","","",4.8,9,"","","","","","","","","","","","","","","","","","","","","","","","","","","","","","","","","","","","","","","","","","","","",1030.9,9,1021.6,9,"","","","","","","","","","","","","","","","","","","","","","","","","","","","","","","","","","","","","","","","","","","","","","","","","","","","","","","","","","","","","","","","","","","","","","","","","","","","","","","","","","","","","","","","","","","","","","","","","","","","","","","","","","","","","","","",""
"33167001","BORDEAUX_OBSERVATOIRE",44.831667,-0.525,74,1912112312,"","","","","","","","","","","","","","","","","","","","","","","","","","","","","","","","","","","","",9.,9,"","","","","","","","","","","","","","","","","","","","","","","","","","","","","","","","","","","","","","","","","","","","",1030.1,9,1021.,1,"","","","","","","","","","","","","","","","","","","","","","","","","","","","","","","","","","","","","","","","","","","","","","","","","","","","","","","","","","","","","","","","","","","","","","","","","","","","","","","","","","","","","","","","","","","","","","","","","","","","","","","","","","","","","","","",""
"33167001","BORDEAUX_OBSERVATOIRE",44.831667,-0.525,74,1912112315,"","","","","","","","","","","","","","","","","","","","","","","","","","","","","","","","","","","","",8.7,9,"","","","","","","","","","","","","","","","","","","","","","","","","","","","","","","","","","","","","","","","","","","","",1028.7,9,1019.6,9,"","","","","","","","","","","","","","","","","","","","","","","","","","","","","","","","","","","","","","","","","","","","","","","","","","","","","","","","","","","","","","","","","","","","","","","","","","","","","","","","","","","","","","","","","","","","","","","","","","","","","","","","","","","","","","","",""
"33167001","BORDEAUX_OBSERVATOIRE",44.831667,-0.525,74,1912112318,"","","","","","","","","","","","","","","","","","","","","","","","","","","","","","","","","","","","",6.9,9,"","","","","","","","","","","","","","","","","","","","","","","","","","","","","","","","","","","","","","","","","","","","",1028.7,9,1019.5,9,"","","","","","","","","","","","","","","","","","","","","","","","","","","","","","","","","","","","","","","","","","","","","","","","","","","","","","","","","","","","","","","","","","","","","","","","","","","","","","","","","","","","","","","","","","","","","","","","","","","","","","","","","","","","","","","",""
"33167001","BORDEAUX_OBSERVATOIRE",44.831667,-0.525,74,1912112321,"","","","","","","","","","","","","","","","","","","","","","","","","","","","","","","","","","","","",4.,9,"","","","","","","","","","","","","","","","","","","","","","","","","","","","","","","","","","","","","","","","","","","","",1028.7,9,1019.4,9,"","","","","","","","","","","","","","","","","","","","","","","","","","","","","","","","","","","","","","","","","","","","","","","","","","","","","","","","","","","","","","","","","","","","","","","","","","","","","","","","","","","","","","","","","","","","","","","","","","","","","","","","","","","","","","","",""
"33167001","BORDEAUX_OBSERVATOIRE",44.831667,-0.525,74,1912112400,"","","","","","","","","","","","","","","","","","","","","","","","","","","","","","","","","","","","",3.1,9,"","","","","","","","","","","","","","","","","","","","","","","","","","","","","","","","","","","","","","","","","","","","",1028.7,9,1019.4,9,"","","","","","","","","","","","","","","","","","","","","","","","","","","","","","","","","","","","","","","","","","","","","","","","","","","","","","","","","","","","","","","","","","","","","","","","","","","","","","","","","","","","","","","","","","","","","","","","","","","","","","","","","","","","","","","",""
"33167001","BORDEAUX_OBSERVATOIRE",44.831667,-0.525,74,1912112403,"","","","","","","","","","","","","","","","","","","","","","","","","","","","","","","","","","","","",1.6,9,"","","","","","","","","","","","","","","","","","","","","","","","","","","","","","","","","","","","","","","","","","","","",1028.,9,1018.6,9,"","","","","","","","","","","","","","","","","","","","","","","","","","","","","","","","","","","","","","","","","","","","","","","","","","","","","","","","","","","","","","","","","","","","","","","","","","","","","","","","","","","","","","","","","","","","","","","","","","","","","","","","","","","","","","","",""
"33167001","BORDEAUX_OBSERVATOIRE",44.831667,-0.525,74,1912112407,"","","","","","","","","","","","","","","","","","","","","","","","","","","","","","","","","","","","",0.9,9,"","","","","","","","","","","","","","","","","","","","","","","","","","","","","","","","","","","","","","","","","","","","",1029.2,9,1019.8,9,"","","","","","","","","","","","","","","","","","","","","","","","","","","","","","","","","","","","","","","","","","","","","","","","","","","","","","","","","","","","","","","","","","","","","","","","","","","","","","","","","","","","","","","","","","","","","","","","","","","","","","","","","","","","","","","",""
"33167001","BORDEAUX_OBSERVATOIRE",44.831667,-0.525,74,1912112409,"","","","","","","","","","","","","","","","","","","","","","","","","","","","","","","","","","","","",3.3,9,"","","","","","","","","","","","","","","","","","","","","","","","","","","","","","","","","","","","","","","","","","","","",1029.9,9,1020.6,9,"","","","","","","","","","","","","","","","","","","","","","","","","","","","","","","","","","","","","","","","","","","","","","","","","","","","","","","","","","","","","","","","","","","","","","","","","","","","","","","","","","","","","","","","","","","","","","","","","","","","","","","","","","","","","","","",""
"33167001","BORDEAUX_OBSERVATOIRE",44.831667,-0.525,74,1912112412,"","","","","","","","","","","","","","","","","","","","","","","","","","","","","","","","","","","","",4.6,9,"","","","","","","","","","","","","","","","","","","","","","","","","","","","","","","","","","","","","","","","","","","","",1029.6,9,1020.3,1,"","","","","","","","","","","","","","","","","","","","","","","","","","","","","","","","","","","","","","","","","","","","","","","","","","","","","","","","","","","","","","","","","","","","","","","","","","","","","","","","","","","","","","","","","","","","","","","","","","","","","","","","","","","","","","","",""
"33167001","BORDEAUX_OBSERVATOIRE",44.831667,-0.525,74,1912112415,"","","","","","","","","","","","","","","","","","","","","","","","","","","","","","","","","","","","",6.6,9,"","","","","","","","","","","","","","","","","","","","","","","","","","","","","","","","","","","","","","","","","","","","",1029.,9,1019.8,9,"","","","","","","","","","","","","","","","","","","","","","","","","","","","","","","","","","","","","","","","","","","","","","","","","","","","","","","","","","","","","","","","","","","","","","","","","","","","","","","","","","","","","","","","","","","","","","","","","","","","","","","","","","","","","","","",""
"33167001","BORDEAUX_OBSERVATOIRE",44.831667,-0.525,74,1912112418,"","","","","","","","","","","","","","","","","","","","","","","","","","","","","","","","","","","","",6.6,9,"","","","","","","","","","","","","","","","","","","","","","","","","","","","","","","","","","","","","","","","","","","","",1029.5,9,1020.3,9,"","","","","","","","","","","","","","","","","","","","","","","","","","","","","","","","","","","","","","","","","","","","","","","","","","","","","","","","","","","","","","","","","","","","","","","","","","","","","","","","","","","","","","","","","","","","","","","","","","","","","","","","","","","","","","","",""
"33167001","BORDEAUX_OBSERVATOIRE",44.831667,-0.525,74,1912112421,"","","","","","","","","","","","","","","","","","","","","","","","","","","","","","","","","","","","",6.7,9,"","","","","","","","","","","","","","","","","","","","","","","","","","","","","","","","","","","","","","","","","","","","",1029.8,9,1020.6,9,"","","","","","","","","","","","","","","","","","","","","","","","","","","","","","","","","","","","","","","","","","","","","","","","","","","","","","","","","","","","","","","","","","","","","","","","","","","","","","","","","","","","","","","","","","","","","","","","","","","","","","","","","","","","","","","",""
"33167001","BORDEAUX_OBSERVATOIRE",44.831667,-0.525,74,1912112500,"","","","","","","","","","","","","","","","","","","","","","","","","","","","","","","","","","","","",6.7,9,"","","","","","","","","","","","","","","","","","","","","","","","","","","","","","","","","","","","","","","","","","","","",1029.4,9,1020.2,9,"","","","","","","","","","","","","","","","","","","","","","","","","","","","","","","","","","","","","","","","","","","","","","","","","","","","","","","","","","","","","","","","","","","","","","","","","","","","","","","","","","","","","","","","","","","","","","","","","","","","","","","","","","","","","","","",""
"33167001","BORDEAUX_OBSERVATOIRE",44.831667,-0.525,74,1912112503,"","","","","","","","","","","","","","","","","","","","","","","","","","","","","","","","","","","","",7.,9,"","","","","","","","","","","","","","","","","","","","","","","","","","","","","","","","","","","","","","","","","","","","",1028.7,9,1019.5,9,"","","","","","","","","","","","","","","","","","","","","","","","","","","","","","","","","","","","","","","","","","","","","","","","","","","","","","","","","","","","","","","","","","","","","","","","","","","","","","","","","","","","","","","","","","","","","","","","","","","","","","","","","","","","","","","",""
"33167001","BORDEAUX_OBSERVATOIRE",44.831667,-0.525,74,1912112507,"","","","","","","","","","","","","","","","","","","","","","","","","","","","","","","","","","","","",6.,9,"","","","","","","","","","","","","","","","","","","","","","","","","","","","","","","","","","","","","","","","","","","","",1027.8,9,1018.6,9,"","","","","","","","","","","","","","","","","","","","","","","","","","","","","","","","","","","","","","","","","","","","","","","","","","","","","","","","","","","","","","","","","","","","","","","","","","","","","","","","","","","","","","","","","","","","","","","","","","","","","","","","","","","","","","","",""
"33167001","BORDEAUX_OBSERVATOIRE",44.831667,-0.525,74,1912112509,"","","","","","","","","","","","","","","","","","","","","","","","","","","","","","","","","","","","",6.5,9,"","","","","","","","","","","","","","","","","","","","","","","","","","","","","","","","","","","","","","","","","","","","",1028.2,9,1019.,9,"","","","","","","","","","","","","","","","","","","","","","","","","","","","","","","","","","","","","","","","","","","","","","","","","","","","","","","","","","","","","","","","","","","","","","","","","","","","","","","","","","","","","","","","","","","","","","","","","","","","","","","","","","","","","","","",""
"33167001","BORDEAUX_OBSERVATOIRE",44.831667,-0.525,74,1912112512,"","","","","","","","","","","","","","","","","","","","","","","","","","","","","","","","","","","","",8.,9,"","","","","","","","","","","","","","","","","","","","","","","","","","","","","","","","","","","","","","","","","","","","",1027.2,9,1018.,1,"","","","","","","","","","","","","","","","","","","","","","","","","","","","","","","","","","","","","","","","","","","","","","","","","","","","","","","","","","","","","","","","","","","","","","","","","","","","","","","","","","","","","","","","","","","","","","","","","","","","","","","","","","","","","","","",""
"33167001","BORDEAUX_OBSERVATOIRE",44.831667,-0.525,74,1912112515,"","","","","","","","","","","","","","","","","","","","","","","","","","","","","","","","","","","","",8.1,9,"","","","","","","","","","","","","","","","","","","","","","","","","","","","","","","","","","","","","","","","","","","","",1026.1,9,1017.,9,"","","","","","","","","","","","","","","","","","","","","","","","","","","","","","","","","","","","","","","","","","","","","","","","","","","","","","","","","","","","","","","","","","","","","","","","","","","","","","","","","","","","","","","","","","","","","","","","","","","","","","","","","","","","","","","",""
"33167001","BORDEAUX_OBSERVATOIRE",44.831667,-0.525,74,1912112518,"","","","","","","","","","","","","","","","","","","","","","","","","","","","","","","","","","","","",7.4,9,"","","","","","","","","","","","","","","","","","","","","","","","","","","","","","","","","","","","","","","","","","","","",1026.2,9,1017.,9,"","","","","","","","","","","","","","","","","","","","","","","","","","","","","","","","","","","","","","","","","","","","","","","","","","","","","","","","","","","","","","","","","","","","","","","","","","","","","","","","","","","","","","","","","","","","","","","","","","","","","","","","","","","","","","","",""
"33167001","BORDEAUX_OBSERVATOIRE",44.831667,-0.525,74,1912112521,"","","","","","","","","","","","","","","","","","","","","","","","","","","","","","","","","","","","",6.8,9,"","","","","","","","","","","","","","","","","","","","","","","","","","","","","","","","","","","","","","","","","","","","",1026.8,9,1017.6,9,"","","","","","","","","","","","","","","","","","","","","","","","","","","","","","","","","","","","","","","","","","","","","","","","","","","","","","","","","","","","","","","","","","","","","","","","","","","","","","","","","","","","","","","","","","","","","","","","","","","","","","","","","","","","","","","",""
"33167001","BORDEAUX_OBSERVATOIRE",44.831667,-0.525,74,1912112600,"","","","","","","","","","","","","","","","","","","","","","","","","","","","","","","","","","","","",6.1,9,"","","","","","","","","","","","","","","","","","","","","","","","","","","","","","","","","","","","","","","","","","","","",1026.4,9,1017.2,9,"","","","","","","","","","","","","","","","","","","","","","","","","","","","","","","","","","","","","","","","","","","","","","","","","","","","","","","","","","","","","","","","","","","","","","","","","","","","","","","","","","","","","","","","","","","","","","","","","","","","","","","","","","","","","","","",""
"33167001","BORDEAUX_OBSERVATOIRE",44.831667,-0.525,74,1912112603,"","","","","","","","","","","","","","","","","","","","","","","","","","","","","","","","","","","","",5.8,9,"","","","","","","","","","","","","","","","","","","","","","","","","","","","","","","","","","","","","","","","","","","","",1025.1,9,1015.9,9,"","","","","","","","","","","","","","","","","","","","","","","","","","","","","","","","","","","","","","","","","","","","","","","","","","","","","","","","","","","","","","","","","","","","","","","","","","","","","","","","","","","","","","","","","","","","","","","","","","","","","","","","","","","","","","","",""
"33167001","BORDEAUX_OBSERVATOIRE",44.831667,-0.525,74,1912112607,"","","","","","","","","","","","","","","","","","","","","","","","","","","","","","","","","","","","",5.2,9,"","","","","","","","","","","","","","","","","","","","","","","","","","","","","","","","","","","","","","","","","","","","",1023.2,9,1014.,9,"","","","","","","","","","","","","","","","","","","","","","","","","","","","","","","","","","","","","","","","","","","","","","","","","","","","","","","","","","","","","","","","","","","","","","","","","","","","","","","","","","","","","","","","","","","","","","","","","","","","","","","","","","","","","","","",""
"33167001","BORDEAUX_OBSERVATOIRE",44.831667,-0.525,74,1912112609,"","","","","","","","","","","","","","","","","","","","","","","","","","","","","","","","","","","","",6.,9,"","","","","","","","","","","","","","","","","","","","","","","","","","","","","","","","","","","","","","","","","","","","",1022.8,9,1013.6,9,"","","","","","","","","","","","","","","","","","","","","","","","","","","","","","","","","","","","","","","","","","","","","","","","","","","","","","","","","","","","","","","","","","","","","","","","","","","","","","","","","","","","","","","","","","","","","","","","","","","","","","","","","","","","","","","",""
"33167001","BORDEAUX_OBSERVATOIRE",44.831667,-0.525,74,1912112612,"","","","","","","","","","","","","","","","","","","","","","","","","","","","","","","","","","","","",8.,9,"","","","","","","","","","","","","","","","","","","","","","","","","","","","","","","","","","","","","","","","","","","","",1020.2,9,1011.1,1,"","","","","","","","","","","","","","","","","","","","","","","","","","","","","","","","","","","","","","","","","","","","","","","","","","","","","","","","","","","","","","","","","","","","","","","","","","","","","","","","","","","","","","","","","","","","","","","","","","","","","","","","","","","","","","","",""
"33167001","BORDEAUX_OBSERVATOIRE",44.831667,-0.525,74,1912112615,"","","","","","","","","","","","","","","","","","","","","","","","","","","","","","","","","","","","",8.9,9,"","","","","","","","","","","","","","","","","","","","","","","","","","","","","","","","","","","","","","","","","","","","",1016.9,9,1007.9,9,"","","","","","","","","","","","","","","","","","","","","","","","","","","","","","","","","","","","","","","","","","","","","","","","","","","","","","","","","","","","","","","","","","","","","","","","","","","","","","","","","","","","","","","","","","","","","","","","","","","","","","","","","","","","","","","",""
"33167001","BORDEAUX_OBSERVATOIRE",44.831667,-0.525,74,1912112618,"","","","","","","","","","","","","","","","","","","","","","","","","","","","","","","","","","","","",6.3,9,"","","","","","","","","","","","","","","","","","","","","","","","","","","","","","","","","","","","","","","","","","","","",1015.,9,1005.9,9,"","","","","","","","","","","","","","","","","","","","","","","","","","","","","","","","","","","","","","","","","","","","","","","","","","","","","","","","","","","","","","","","","","","","","","","","","","","","","","","","","","","","","","","","","","","","","","","","","","","","","","","","","","","","","","","",""
"33167001","BORDEAUX_OBSERVATOIRE",44.831667,-0.525,74,1912112621,"","","","","","","","","","","","","","","","","","","","","","","","","","","","","","","","","","","","",5.1,9,"","","","","","","","","","","","","","","","","","","","","","","","","","","","","","","","","","","","","","","","","","","","",1013.9,9,1004.8,9,"","","","","","","","","","","","","","","","","","","","","","","","","","","","","","","","","","","","","","","","","","","","","","","","","","","","","","","","","","","","","","","","","","","","","","","","","","","","","","","","","","","","","","","","","","","","","","","","","","","","","","","","","","","","","","","",""
"33167001","BORDEAUX_OBSERVATOIRE",44.831667,-0.525,74,1912112700,"","","","","","","","","","","","","","","","","","","","","","","","","","","","","","","","","","","","",3.8,9,"","","","","","","","","","","","","","","","","","","","","","","","","","","","","","","","","","","","","","","","","","","","",1012.7,9,1003.5,9,"","","","","","","","","","","","","","","","","","","","","","","","","","","","","","","","","","","","","","","","","","","","","","","","","","","","","","","","","","","","","","","","","","","","","","","","","","","","","","","","","","","","","","","","","","","","","","","","","","","","","","","","","","","","","","","",""
"33167001","BORDEAUX_OBSERVATOIRE",44.831667,-0.525,74,1912112703,"","","","","","","","","","","","","","","","","","","","","","","","","","","","","","","","","","","","",4.4,9,"","","","","","","","","","","","","","","","","","","","","","","","","","","","","","","","","","","","","","","","","","","","",1010.7,9,1001.6,9,"","","","","","","","","","","","","","","","","","","","","","","","","","","","","","","","","","","","","","","","","","","","","","","","","","","","","","","","","","","","","","","","","","","","","","","","","","","","","","","","","","","","","","","","","","","","","","","","","","","","","","","","","","","","","","","",""
"33167001","BORDEAUX_OBSERVATOIRE",44.831667,-0.525,74,1912112707,"","","","","","","","","","","","","","","","","","","","","","","","","","","","","","","","","","","","",8.,9,"","","","","","","","","","","","","","","","","","","","","","","","","","","","","","","","","","","","","","","","","","","","",1009.7,9,1000.7,9,"","","","","","","","","","","","","","","","","","","","","","","","","","","","","","","","","","","","","","","","","","","","","","","","","","","","","","","","","","","","","","","","","","","","","","","","","","","","","","","","","","","","","","","","","","","","","","","","","","","","","","","","","","","","","","","",""
"33167001","BORDEAUX_OBSERVATOIRE",44.831667,-0.525,74,1912112709,"","","","","","","","","","","","","","","","","","","","","","","","","","","","","","","","","","","","",8.8,9,"","","","","","","","","","","","","","","","","","","","","","","","","","","","","","","","","","","","","","","","","","","","",1010.1,9,1001.1,9,"","","","","","","","","","","","","","","","","","","","","","","","","","","","","","","","","","","","","","","","","","","","","","","","","","","","","","","","","","","","","","","","","","","","","","","","","","","","","","","","","","","","","","","","","","","","","","","","","","","","","","","","","","","","","","","",""
"33167001","BORDEAUX_OBSERVATOIRE",44.831667,-0.525,74,1912112712,"","","","","","","","","","","","","","","","","","","","","","","","","","","","","","","","","","","","",9.6,9,"","","","","","","","","","","","","","","","","","","","","","","","","","","","","","","","","","","","","","","","","","","","",1009.2,9,1000.3,1,"","","","","","","","","","","","","","","","","","","","","","","","","","","","","","","","","","","","","","","","","","","","","","","","","","","","","","","","","","","","","","","","","","","","","","","","","","","","","","","","","","","","","","","","","","","","","","","","","","","","","","","","","","","","","","","",""
"33167001","BORDEAUX_OBSERVATOIRE",44.831667,-0.525,74,1912112715,"","","","","","","","","","","","","","","","","","","","","","","","","","","","","","","","","","","","",6.6,9,"","","","","","","","","","","","","","","","","","","","","","","","","","","","","","","","","","","","","","","","","","","","",1009.6,9,1000.6,9,"","","","","","","","","","","","","","","","","","","","","","","","","","","","","","","","","","","","","","","","","","","","","","","","","","","","","","","","","","","","","","","","","","","","","","","","","","","","","","","","","","","","","","","","","","","","","","","","","","","","","","","","","","","","","","","",""
"33167001","BORDEAUX_OBSERVATOIRE",44.831667,-0.525,74,1912112718,"","","","","","","","","","","","","","","","","","","","","","","","","","","","","","","","","","","","",6.5,9,"","","","","","","","","","","","","","","","","","","","","","","","","","","","","","","","","","","","","","","","","","","","",1011.,9,1001.9,9,"","","","","","","","","","","","","","","","","","","","","","","","","","","","","","","","","","","","","","","","","","","","","","","","","","","","","","","","","","","","","","","","","","","","","","","","","","","","","","","","","","","","","","","","","","","","","","","","","","","","","","","","","","","","","","","",""
"33167001","BORDEAUX_OBSERVATOIRE",44.831667,-0.525,74,1912112721,"","","","","","","","","","","","","","","","","","","","","","","","","","","","","","","","","","","","",5.9,9,"","","","","","","","","","","","","","","","","","","","","","","","","","","","","","","","","","","","","","","","","","","","",1010.6,9,1001.5,9,"","","","","","","","","","","","","","","","","","","","","","","","","","","","","","","","","","","","","","","","","","","","","","","","","","","","","","","","","","","","","","","","","","","","","","","","","","","","","","","","","","","","","","","","","","","","","","","","","","","","","","","","","","","","","","","",""
"33167001","BORDEAUX_OBSERVATOIRE",44.831667,-0.525,74,1912112800,"","","","","","","","","","","","","","","","","","","","","","","","","","","","","","","","","","","","",6.8,9,"","","","","","","","","","","","","","","","","","","","","","","","","","","","","","","","","","","","","","","","","","","","",1011.4,9,1002.3,9,"","","","","","","","","","","","","","","","","","","","","","","","","","","","","","","","","","","","","","","","","","","","","","","","","","","","","","","","","","","","","","","","","","","","","","","","","","","","","","","","","","","","","","","","","","","","","","","","","","","","","","","","","","","","","","","",""
"33167001","BORDEAUX_OBSERVATOIRE",44.831667,-0.525,74,1912112803,"","","","","","","","","","","","","","","","","","","","","","","","","","","","","","","","","","","","",5.,9,"","","","","","","","","","","","","","","","","","","","","","","","","","","","","","","","","","","","","","","","","","","","",1014.2,9,1005.1,9,"","","","","","","","","","","","","","","","","","","","","","","","","","","","","","","","","","","","","","","","","","","","","","","","","","","","","","","","","","","","","","","","","","","","","","","","","","","","","","","","","","","","","","","","","","","","","","","","","","","","","","","","","","","","","","","",""
"33167001","BORDEAUX_OBSERVATOIRE",44.831667,-0.525,74,1912112807,"","","","","","","","","","","","","","","","","","","","","","","","","","","","","","","","","","","","",3.6,9,"","","","","","","","","","","","","","","","","","","","","","","","","","","","","","","","","","","","","","","","","","","","",1016.9,9,1007.7,9,"","","","","","","","","","","","","","","","","","","","","","","","","","","","","","","","","","","","","","","","","","","","","","","","","","","","","","","","","","","","","","","","","","","","","","","","","","","","","","","","","","","","","","","","","","","","","","","","","","","","","","","","","","","","","","","",""
"33167001","BORDEAUX_OBSERVATOIRE",44.831667,-0.525,74,1912112809,"","","","","","","","","","","","","","","","","","","","","","","","","","","","","","","","","","","","",4.7,9,"","","","","","","","","","","","","","","","","","","","","","","","","","","","","","","","","","","","","","","","","","","","",1018.2,9,1009.,9,"","","","","","","","","","","","","","","","","","","","","","","","","","","","","","","","","","","","","","","","","","","","","","","","","","","","","","","","","","","","","","","","","","","","","","","","","","","","","","","","","","","","","","","","","","","","","","","","","","","","","","","","","","","","","","","",""
"33167001","BORDEAUX_OBSERVATOIRE",44.831667,-0.525,74,1912112812,"","","","","","","","","","","","","","","","","","","","","","","","","","","","","","","","","","","","",9.2,9,"","","","","","","","","","","","","","","","","","","","","","","","","","","","","","","","","","","","","","","","","","","","",1016.8,9,1007.8,1,"","","","","","","","","","","","","","","","","","","","","","","","","","","","","","","","","","","","","","","","","","","","","","","","","","","","","","","","","","","","","","","","","","","","","","","","","","","","","","","","","","","","","","","","","","","","","","","","","","","","","","","","","","","","","","","",""
"33167001","BORDEAUX_OBSERVATOIRE",44.831667,-0.525,74,1912112815,"","","","","","","","","","","","","","","","","","","","","","","","","","","","","","","","","","","","",8.8,9,"","","","","","","","","","","","","","","","","","","","","","","","","","","","","","","","","","","","","","","","","","","","",1014.1,9,1005.1,9,"","","","","","","","","","","","","","","","","","","","","","","","","","","","","","","","","","","","","","","","","","","","","","","","","","","","","","","","","","","","","","","","","","","","","","","","","","","","","","","","","","","","","","","","","","","","","","","","","","","","","","","","","","","","","","","",""
"33167001","BORDEAUX_OBSERVATOIRE",44.831667,-0.525,74,1912112818,"","","","","","","","","","","","","","","","","","","","","","","","","","","","","","","","","","","","",8.,9,"","","","","","","","","","","","","","","","","","","","","","","","","","","","","","","","","","","","","","","","","","","","",1011.5,9,1002.5,9,"","","","","","","","","","","","","","","","","","","","","","","","","","","","","","","","","","","","","","","","","","","","","","","","","","","","","","","","","","","","","","","","","","","","","","","","","","","","","","","","","","","","","","","","","","","","","","","","","","","","","","","","","","","","","","","",""
"33167001","BORDEAUX_OBSERVATOIRE",44.831667,-0.525,74,1912112821,"","","","","","","","","","","","","","","","","","","","","","","","","","","","","","","","","","","","",6.3,9,"","","","","","","","","","","","","","","","","","","","","","","","","","","","","","","","","","","","","","","","","","","","",1009.7,9,1000.6,9,"","","","","","","","","","","","","","","","","","","","","","","","","","","","","","","","","","","","","","","","","","","","","","","","","","","","","","","","","","","","","","","","","","","","","","","","","","","","","","","","","","","","","","","","","","","","","","","","","","","","","","","","","","","","","","","",""
"33167001","BORDEAUX_OBSERVATOIRE",44.831667,-0.525,74,1912112900,"","","","","","","","","","","","","","","","","","","","","","","","","","","","","","","","","","","","",5.8,9,"","","","","","","","","","","","","","","","","","","","","","","","","","","","","","","","","","","","","","","","","","","","",1006.2,9,997.2,9,"","","","","","","","","","","","","","","","","","","","","","","","","","","","","","","","","","","","","","","","","","","","","","","","","","","","","","","","","","","","","","","","","","","","","","","","","","","","","","","","","","","","","","","","","","","","","","","","","","","","","","","","","","","","","","","",""
"33167001","BORDEAUX_OBSERVATOIRE",44.831667,-0.525,74,1912112903,"","","","","","","","","","","","","","","","","","","","","","","","","","","","","","","","","","","","",11.1,9,"","","","","","","","","","","","","","","","","","","","","","","","","","","","","","","","","","","","","","","","","","","","",1003.6,9,994.8,9,"","","","","","","","","","","","","","","","","","","","","","","","","","","","","","","","","","","","","","","","","","","","","","","","","","","","","","","","","","","","","","","","","","","","","","","","","","","","","","","","","","","","","","","","","","","","","","","","","","","","","","","","","","","","","","","",""
"33167001","BORDEAUX_OBSERVATOIRE",44.831667,-0.525,74,1912112907,"","","","","","","","","","","","","","","","","","","","","","","","","","","","","","","","","","","","",8.2,9,"","","","","","","","","","","","","","","","","","","","","","","","","","","","","","","","","","","","","","","","","","","","",1008.,9,999.,9,"","","","","","","","","","","","","","","","","","","","","","","","","","","","","","","","","","","","","","","","","","","","","","","","","","","","","","","","","","","","","","","","","","","","","","","","","","","","","","","","","","","","","","","","","","","","","","","","","","","","","","","","","","","","","","","",""
"33167001","BORDEAUX_OBSERVATOIRE",44.831667,-0.525,74,1912112909,"","","","","","","","","","","","","","","","","","","","","","","","","","","","","","","","","","","","",9.2,9,"","","","","","","","","","","","","","","","","","","","","","","","","","","","","","","","","","","","","","","","","","","","",1009.3,9,1000.3,9,"","","","","","","","","","","","","","","","","","","","","","","","","","","","","","","","","","","","","","","","","","","","","","","","","","","","","","","","","","","","","","","","","","","","","","","","","","","","","","","","","","","","","","","","","","","","","","","","","","","","","","","","","","","","","","","",""
"33167001","BORDEAUX_OBSERVATOIRE",44.831667,-0.525,74,1912112912,"","","","","","","","","","","","","","","","","","","","","","","","","","","","","","","","","","","","",10.9,9,"","","","","","","","","","","","","","","","","","","","","","","","","","","","","","","","","","","","","","","","","","","","",1008.6,9,999.7,1,"","","","","","","","","","","","","","","","","","","","","","","","","","","","","","","","","","","","","","","","","","","","","","","","","","","","","","","","","","","","","","","","","","","","","","","","","","","","","","","","","","","","","","","","","","","","","","","","","","","","","","","","","","","","","","","",""
"33167001","BORDEAUX_OBSERVATOIRE",44.831667,-0.525,74,1912112915,"","","","","","","","","","","","","","","","","","","","","","","","","","","","","","","","","","","","",9.6,9,"","","","","","","","","","","","","","","","","","","","","","","","","","","","","","","","","","","","","","","","","","","","",1007.2,9,998.3,9,"","","","","","","","","","","","","","","","","","","","","","","","","","","","","","","","","","","","","","","","","","","","","","","","","","","","","","","","","","","","","","","","","","","","","","","","","","","","","","","","","","","","","","","","","","","","","","","","","","","","","","","","","","","","","","","",""
"33167001","BORDEAUX_OBSERVATOIRE",44.831667,-0.525,74,1912112918,"","","","","","","","","","","","","","","","","","","","","","","","","","","","","","","","","","","","",8.4,9,"","","","","","","","","","","","","","","","","","","","","","","","","","","","","","","","","","","","","","","","","","","","",1005.4,9,996.5,9,"","","","","","","","","","","","","","","","","","","","","","","","","","","","","","","","","","","","","","","","","","","","","","","","","","","","","","","","","","","","","","","","","","","","","","","","","","","","","","","","","","","","","","","","","","","","","","","","","","","","","","","","","","","","","","","",""
"33167001","BORDEAUX_OBSERVATOIRE",44.831667,-0.525,74,1912112921,"","","","","","","","","","","","","","","","","","","","","","","","","","","","","","","","","","","","",8.1,9,"","","","","","","","","","","","","","","","","","","","","","","","","","","","","","","","","","","","","","","","","","","","",1001.9,9,993.,9,"","","","","","","","","","","","","","","","","","","","","","","","","","","","","","","","","","","","","","","","","","","","","","","","","","","","","","","","","","","","","","","","","","","","","","","","","","","","","","","","","","","","","","","","","","","","","","","","","","","","","","","","","","","","","","","",""
"33167001","BORDEAUX_OBSERVATOIRE",44.831667,-0.525,74,1912113000,"","","","","","","","","","","","","","","","","","","","","","","","","","","","","","","","","","","","",8.5,9,"","","","","","","","","","","","","","","","","","","","","","","","","","","","","","","","","","","","","","","","","","","","",998.9,9,990.,9,"","","","","","","","","","","","","","","","","","","","","","","","","","","","","","","","","","","","","","","","","","","","","","","","","","","","","","","","","","","","","","","","","","","","","","","","","","","","","","","","","","","","","","","","","","","","","","","","","","","","","","","","","","","","","","","",""
"33167001","BORDEAUX_OBSERVATOIRE",44.831667,-0.525,74,1912113003,"","","","","","","","","","","","","","","","","","","","","","","","","","","","","","","","","","","","",7.9,9,"","","","","","","","","","","","","","","","","","","","","","","","","","","","","","","","","","","","","","","","","","","","",996.5,9,987.6,9,"","","","","","","","","","","","","","","","","","","","","","","","","","","","","","","","","","","","","","","","","","","","","","","","","","","","","","","","","","","","","","","","","","","","","","","","","","","","","","","","","","","","","","","","","","","","","","","","","","","","","","","","","","","","","","","",""
"33167001","BORDEAUX_OBSERVATOIRE",44.831667,-0.525,74,1912113007,"","","","","","","","","","","","","","","","","","","","","","","","","","","","","","","","","","","","",7.1,9,"","","","","","","","","","","","","","","","","","","","","","","","","","","","","","","","","","","","","","","","","","","","",995.4,9,986.5,9,"","","","","","","","","","","","","","","","","","","","","","","","","","","","","","","","","","","","","","","","","","","","","","","","","","","","","","","","","","","","","","","","","","","","","","","","","","","","","","","","","","","","","","","","","","","","","","","","","","","","","","","","","","","","","","","",""
"33167001","BORDEAUX_OBSERVATOIRE",44.831667,-0.525,74,1912113009,"","","","","","","","","","","","","","","","","","","","","","","","","","","","","","","","","","","","",7.1,9,"","","","","","","","","","","","","","","","","","","","","","","","","","","","","","","","","","","","","","","","","","","","",996.4,9,987.5,9,"","","","","","","","","","","","","","","","","","","","","","","","","","","","","","","","","","","","","","","","","","","","","","","","","","","","","","","","","","","","","","","","","","","","","","","","","","","","","","","","","","","","","","","","","","","","","","","","","","","","","","","","","","","","","","","",""
"33167001","BORDEAUX_OBSERVATOIRE",44.831667,-0.525,74,1912113012,"","","","","","","","","","","","","","","","","","","","","","","","","","","","","","","","","","","","",7.3,9,"","","","","","","","","","","","","","","","","","","","","","","","","","","","","","","","","","","","","","","","","","","","",996.8,9,987.9,1,"","","","","","","","","","","","","","","","","","","","","","","","","","","","","","","","","","","","","","","","","","","","","","","","","","","","","","","","","","","","","","","","","","","","","","","","","","","","","","","","","","","","","","","","","","","","","","","","","","","","","","","","","","","","","","","",""
"33167001","BORDEAUX_OBSERVATOIRE",44.831667,-0.525,74,1912113015,"","","","","","","","","","","","","","","","","","","","","","","","","","","","","","","","","","","","",9.2,9,"","","","","","","","","","","","","","","","","","","","","","","","","","","","","","","","","","","","","","","","","","","","",997.1,9,988.3,9,"","","","","","","","","","","","","","","","","","","","","","","","","","","","","","","","","","","","","","","","","","","","","","","","","","","","","","","","","","","","","","","","","","","","","","","","","","","","","","","","","","","","","","","","","","","","","","","","","","","","","","","","","","","","","","","",""
"33167001","BORDEAUX_OBSERVATOIRE",44.831667,-0.525,74,1912113018,"","","","","","","","","","","","","","","","","","","","","","","","","","","","","","","","","","","","",7.2,9,"","","","","","","","","","","","","","","","","","","","","","","","","","","","","","","","","","","","","","","","","","","","",999.9,9,991.,9,"","","","","","","","","","","","","","","","","","","","","","","","","","","","","","","","","","","","","","","","","","","","","","","","","","","","","","","","","","","","","","","","","","","","","","","","","","","","","","","","","","","","","","","","","","","","","","","","","","","","","","","","","","","","","","","",""
"33167001","BORDEAUX_OBSERVATOIRE",44.831667,-0.525,74,1912113021,"","","","","","","","","","","","","","","","","","","","","","","","","","","","","","","","","","","","",7.1,9,"","","","","","","","","","","","","","","","","","","","","","","","","","","","","","","","","","","","","","","","","","","","",1002.8,9,993.8,9,"","","","","","","","","","","","","","","","","","","","","","","","","","","","","","","","","","","","","","","","","","","","","","","","","","","","","","","","","","","","","","","","","","","","","","","","","","","","","","","","","","","","","","","","","","","","","","","","","","","","","","","","","","","","","","","",""
"33167001","BORDEAUX_OBSERVATOIRE",44.831667,-0.525,74,1912120100,"","","","","","","","","","","","","","","","","","","","","","","","","","","","","","","","","","","","",6.5,9,"","","","","","","","","","","","","","","","","","","","","","","","","","","","","","","","","","","","","","","","","","","","",1005.7,9,996.7,9,"","","","","","","","","","","","","","","","","","","","","","","","","","","","","","","","","","","","","","","","","","","","","","","","","","","","","","","","","","","","","","","","","","","","","","","","","","","","","","","","","","","","","","","","","","","","","","","","","","","","","","","","","","","","","","","",""
"33167001","BORDEAUX_OBSERVATOIRE",44.831667,-0.525,74,1912120103,"","","","","","","","","","","","","","","","","","","","","","","","","","","","","","","","","","","","",4.2,9,"","","","","","","","","","","","","","","","","","","","","","","","","","","","","","","","","","","","","","","","","","","","",1010.3,9,1001.2,9,"","","","","","","","","","","","","","","","","","","","","","","","","","","","","","","","","","","","","","","","","","","","","","","","","","","","","","","","","","","","","","","","","","","","","","","","","","","","","","","","","","","","","","","","","","","","","","","","","","","","","","","","","","","","","","","",""
"33167001","BORDEAUX_OBSERVATOIRE",44.831667,-0.525,74,1912120107,"","","","","","","","","","","","","","","","","","","","","","","","","","","","","","","","","","","","",3.,9,"","","","","","","","","","","","","","","","","","","","","","","","","","","","","","","","","","","","","","","","","","","","",1016.9,9,1007.7,9,"","","","","","","","","","","","","","","","","","","","","","","","","","","","","","","","","","","","","","","","","","","","","","","","","","","","","","","","","","","","","","","","","","","","","","","","","","","","","","","","","","","","","","","","","","","","","","","","","","","","","","","","","","","","","","","",""
"33167001","BORDEAUX_OBSERVATOIRE",44.831667,-0.525,74,1912120109,"","","","","","","","","","","","","","","","","","","","","","","","","","","","","","","","","","","","",2.6,9,"","","","","","","","","","","","","","","","","","","","","","","","","","","","","","","","","","","","","","","","","","","","",1019.6,9,1010.3,9,"","","","","","","","","","","","","","","","","","","","","","","","","","","","","","","","","","","","","","","","","","","","","","","","","","","","","","","","","","","","","","","","","","","","","","","","","","","","","","","","","","","","","","","","","","","","","","","","","","","","","","","","","","","","","","","",""
"33167001","BORDEAUX_OBSERVATOIRE",44.831667,-0.525,74,1912120112,"","","","","","","","","","","","","","","","","","","","","","","","","","","","","","","","","","","","",5.5,9,"","","","","","","","","","","","","","","","","","","","","","","","","","","","","","","","","","","","","","","","","","","","",1021.4,9,1012.2,1,"","","","","","","","","","","","","","","","","","","","","","","","","","","","","","","","","","","","","","","","","","","","","","","","","","","","","","","","","","","","","","","","","","","","","","","","","","","","","","","","","","","","","","","","","","","","","","","","","","","","","","","","","","","","","","","",""
"33167001","BORDEAUX_OBSERVATOIRE",44.831667,-0.525,74,1912120115,"","","","","","","","","","","","","","","","","","","","","","","","","","","","","","","","","","","","",6.9,9,"","","","","","","","","","","","","","","","","","","","","","","","","","","","","","","","","","","","","","","","","","","","",1022.1,9,1013.,9,"","","","","","","","","","","","","","","","","","","","","","","","","","","","","","","","","","","","","","","","","","","","","","","","","","","","","","","","","","","","","","","","","","","","","","","","","","","","","","","","","","","","","","","","","","","","","","","","","","","","","","","","","","","","","","","",""
"33167001","BORDEAUX_OBSERVATOIRE",44.831667,-0.525,74,1912120118,"","","","","","","","","","","","","","","","","","","","","","","","","","","","","","","","","","","","",3.5,9,"","","","","","","","","","","","","","","","","","","","","","","","","","","","","","","","","","","","","","","","","","","","",1023.2,9,1013.9,9,"","","","","","","","","","","","","","","","","","","","","","","","","","","","","","","","","","","","","","","","","","","","","","","","","","","","","","","","","","","","","","","","","","","","","","","","","","","","","","","","","","","","","","","","","","","","","","","","","","","","","","","","","","","","","","","",""
"33167001","BORDEAUX_OBSERVATOIRE",44.831667,-0.525,74,1912120121,"","","","","","","","","","","","","","","","","","","","","","","","","","","","","","","","","","","","",2.9,9,"","","","","","","","","","","","","","","","","","","","","","","","","","","","","","","","","","","","","","","","","","","","",1023.9,9,1014.6,9,"","","","","","","","","","","","","","","","","","","","","","","","","","","","","","","","","","","","","","","","","","","","","","","","","","","","","","","","","","","","","","","","","","","","","","","","","","","","","","","","","","","","","","","","","","","","","","","","","","","","","","","","","","","","","","","",""
"33167001","BORDEAUX_OBSERVATOIRE",44.831667,-0.525,74,1912120200,"","","","","","","","","","","","","","","","","","","","","","","","","","","","","","","","","","","","",1.7,9,"","","","","","","","","","","","","","","","","","","","","","","","","","","","","","","","","","","","","","","","","","","","",1024.1,9,1014.8,9,"","","","","","","","","","","","","","","","","","","","","","","","","","","","","","","","","","","","","","","","","","","","","","","","","","","","","","","","","","","","","","","","","","","","","","","","","","","","","","","","","","","","","","","","","","","","","","","","","","","","","","","","","","","","","","","",""
"33167001","BORDEAUX_OBSERVATOIRE",44.831667,-0.525,74,1912120203,"","","","","","","","","","","","","","","","","","","","","","","","","","","","","","","","","","","","",1.9,9,"","","","","","","","","","","","","","","","","","","","","","","","","","","","","","","","","","","","","","","","","","","","",1023.3,9,1014.,9,"","","","","","","","","","","","","","","","","","","","","","","","","","","","","","","","","","","","","","","","","","","","","","","","","","","","","","","","","","","","","","","","","","","","","","","","","","","","","","","","","","","","","","","","","","","","","","","","","","","","","","","","","","","","","","","",""
"33167001","BORDEAUX_OBSERVATOIRE",44.831667,-0.525,74,1912120207,"","","","","","","","","","","","","","","","","","","","","","","","","","","","","","","","","","","","",3.7,9,"","","","","","","","","","","","","","","","","","","","","","","","","","","","","","","","","","","","","","","","","","","","",1023.3,9,1014.,9,"","","","","","","","","","","","","","","","","","","","","","","","","","","","","","","","","","","","","","","","","","","","","","","","","","","","","","","","","","","","","","","","","","","","","","","","","","","","","","","","","","","","","","","","","","","","","","","","","","","","","","","","","","","","","","","",""
"33167001","BORDEAUX_OBSERVATOIRE",44.831667,-0.525,74,1912120209,"","","","","","","","","","","","","","","","","","","","","","","","","","","","","","","","","","","","",5.2,9,"","","","","","","","","","","","","","","","","","","","","","","","","","","","","","","","","","","","","","","","","","","","",1024.6,9,1015.4,9,"","","","","","","","","","","","","","","","","","","","","","","","","","","","","","","","","","","","","","","","","","","","","","","","","","","","","","","","","","","","","","","","","","","","","","","","","","","","","","","","","","","","","","","","","","","","","","","","","","","","","","","","","","","","","","","",""
"33167001","BORDEAUX_OBSERVATOIRE",44.831667,-0.525,74,1912120212,"","","","","","","","","","","","","","","","","","","","","","","","","","","","","","","","","","","","",13.,9,"","","","","","","","","","","","","","","","","","","","","","","","","","","","","","","","","","","","","","","","","","","","",1025.1,9,1016.1,1,"","","","","","","","","","","","","","","","","","","","","","","","","","","","","","","","","","","","","","","","","","","","","","","","","","","","","","","","","","","","","","","","","","","","","","","","","","","","","","","","","","","","","","","","","","","","","","","","","","","","","","","","","","","","","","","",""
"33167001","BORDEAUX_OBSERVATOIRE",44.831667,-0.525,74,1912120215,"","","","","","","","","","","","","","","","","","","","","","","","","","","","","","","","","","","","",10.4,9,"","","","","","","","","","","","","","","","","","","","","","","","","","","","","","","","","","","","","","","","","","","","",1026.1,9,1017.,9,"","","","","","","","","","","","","","","","","","","","","","","","","","","","","","","","","","","","","","","","","","","","","","","","","","","","","","","","","","","","","","","","","","","","","","","","","","","","","","","","","","","","","","","","","","","","","","","","","","","","","","","","","","","","","","","",""
"33167001","BORDEAUX_OBSERVATOIRE",44.831667,-0.525,74,1912120218,"","","","","","","","","","","","","","","","","","","","","","","","","","","","","","","","","","","","",8.6,9,"","","","","","","","","","","","","","","","","","","","","","","","","","","","","","","","","","","","","","","","","","","","",1028.2,9,1019.1,9,"","","","","","","","","","","","","","","","","","","","","","","","","","","","","","","","","","","","","","","","","","","","","","","","","","","","","","","","","","","","","","","","","","","","","","","","","","","","","","","","","","","","","","","","","","","","","","","","","","","","","","","","","","","","","","","",""
"33167001","BORDEAUX_OBSERVATOIRE",44.831667,-0.525,74,1912120221,"","","","","","","","","","","","","","","","","","","","","","","","","","","","","","","","","","","","",8.,9,"","","","","","","","","","","","","","","","","","","","","","","","","","","","","","","","","","","","","","","","","","","","",1029.2,9,1020.,9,"","","","","","","","","","","","","","","","","","","","","","","","","","","","","","","","","","","","","","","","","","","","","","","","","","","","","","","","","","","","","","","","","","","","","","","","","","","","","","","","","","","","","","","","","","","","","","","","","","","","","","","","","","","","","","","",""
"33167001","BORDEAUX_OBSERVATOIRE",44.831667,-0.525,74,1912120300,"","","","","","","","","","","","","","","","","","","","","","","","","","","","","","","","","","","","",7.6,9,"","","","","","","","","","","","","","","","","","","","","","","","","","","","","","","","","","","","","","","","","","","","",1030.3,9,1021.1,9,"","","","","","","","","","","","","","","","","","","","","","","","","","","","","","","","","","","","","","","","","","","","","","","","","","","","","","","","","","","","","","","","","","","","","","","","","","","","","","","","","","","","","","","","","","","","","","","","","","","","","","","","","","","","","","","",""
"33167001","BORDEAUX_OBSERVATOIRE",44.831667,-0.525,74,1912120303,"","","","","","","","","","","","","","","","","","","","","","","","","","","","","","","","","","","","",6.7,9,"","","","","","","","","","","","","","","","","","","","","","","","","","","","","","","","","","","","","","","","","","","","",1031.2,9,1022.,9,"","","","","","","","","","","","","","","","","","","","","","","","","","","","","","","","","","","","","","","","","","","","","","","","","","","","","","","","","","","","","","","","","","","","","","","","","","","","","","","","","","","","","","","","","","","","","","","","","","","","","","","","","","","","","","","",""
"33167001","BORDEAUX_OBSERVATOIRE",44.831667,-0.525,74,1912120307,"","","","","","","","","","","","","","","","","","","","","","","","","","","","","","","","","","","","",8.,9,"","","","","","","","","","","","","","","","","","","","","","","","","","","","","","","","","","","","","","","","","","","","",1033.4,9,1024.2,9,"","","","","","","","","","","","","","","","","","","","","","","","","","","","","","","","","","","","","","","","","","","","","","","","","","","","","","","","","","","","","","","","","","","","","","","","","","","","","","","","","","","","","","","","","","","","","","","","","","","","","","","","","","","","","","","",""
"33167001","BORDEAUX_OBSERVATOIRE",44.831667,-0.525,74,1912120309,"","","","","","","","","","","","","","","","","","","","","","","","","","","","","","","","","","","","",6.5,9,"","","","","","","","","","","","","","","","","","","","","","","","","","","","","","","","","","","","","","","","","","","","",1034.1,9,1024.8,9,"","","","","","","","","","","","","","","","","","","","","","","","","","","","","","","","","","","","","","","","","","","","","","","","","","","","","","","","","","","","","","","","","","","","","","","","","","","","","","","","","","","","","","","","","","","","","","","","","","","","","","","","","","","","","","","",""
"33167001","BORDEAUX_OBSERVATOIRE",44.831667,-0.525,74,1912120312,"","","","","","","","","","","","","","","","","","","","","","","","","","","","","","","","","","","","",9.7,9,"","","","","","","","","","","","","","","","","","","","","","","","","","","","","","","","","","","","","","","","","","","","",1034.2,9,1025.,1,"","","","","","","","","","","","","","","","","","","","","","","","","","","","","","","","","","","","","","","","","","","","","","","","","","","","","","","","","","","","","","","","","","","","","","","","","","","","","","","","","","","","","","","","","","","","","","","","","","","","","","","","","","","","","","","",""
"33167001","BORDEAUX_OBSERVATOIRE",44.831667,-0.525,74,1912120315,"","","","","","","","","","","","","","","","","","","","","","","","","","","","","","","","","","","","",10.,9,"","","","","","","","","","","","","","","","","","","","","","","","","","","","","","","","","","","","","","","","","","","","",1033.7,9,1024.6,9,"","","","","","","","","","","","","","","","","","","","","","","","","","","","","","","","","","","","","","","","","","","","","","","","","","","","","","","","","","","","","","","","","","","","","","","","","","","","","","","","","","","","","","","","","","","","","","","","","","","","","","","","","","","","","","","",""
"33167001","BORDEAUX_OBSERVATOIRE",44.831667,-0.525,74,1912120318,"","","","","","","","","","","","","","","","","","","","","","","","","","","","","","","","","","","","",8.9,9,"","","","","","","","","","","","","","","","","","","","","","","","","","","","","","","","","","","","","","","","","","","","",1033.9,9,1024.7,9,"","","","","","","","","","","","","","","","","","","","","","","","","","","","","","","","","","","","","","","","","","","","","","","","","","","","","","","","","","","","","","","","","","","","","","","","","","","","","","","","","","","","","","","","","","","","","","","","","","","","","","","","","","","","","","","",""
"33167001","BORDEAUX_OBSERVATOIRE",44.831667,-0.525,74,1912120321,"","","","","","","","","","","","","","","","","","","","","","","","","","","","","","","","","","","","",7.7,9,"","","","","","","","","","","","","","","","","","","","","","","","","","","","","","","","","","","","","","","","","","","","",1033.5,9,1024.3,9,"","","","","","","","","","","","","","","","","","","","","","","","","","","","","","","","","","","","","","","","","","","","","","","","","","","","","","","","","","","","","","","","","","","","","","","","","","","","","","","","","","","","","","","","","","","","","","","","","","","","","","","","","","","","","","","",""
"33167001","BORDEAUX_OBSERVATOIRE",44.831667,-0.525,74,1912120400,"","","","","","","","","","","","","","","","","","","","","","","","","","","","","","","","","","","","",5.6,9,"","","","","","","","","","","","","","","","","","","","","","","","","","","","","","","","","","","","","","","","","","","","",1033.2,9,1023.9,9,"","","","","","","","","","","","","","","","","","","","","","","","","","","","","","","","","","","","","","","","","","","","","","","","","","","","","","","","","","","","","","","","","","","","","","","","","","","","","","","","","","","","","","","","","","","","","","","","","","","","","","","","","","","","","","","",""
"33167001","BORDEAUX_OBSERVATOIRE",44.831667,-0.525,74,1912120403,"","","","","","","","","","","","","","","","","","","","","","","","","","","","","","","","","","","","",3.,9,"","","","","","","","","","","","","","","","","","","","","","","","","","","","","","","","","","","","","","","","","","","","",1032.2,9,1022.8,9,"","","","","","","","","","","","","","","","","","","","","","","","","","","","","","","","","","","","","","","","","","","","","","","","","","","","","","","","","","","","","","","","","","","","","","","","","","","","","","","","","","","","","","","","","","","","","","","","","","","","","","","","","","","","","","","",""
"33167001","BORDEAUX_OBSERVATOIRE",44.831667,-0.525,74,1912120407,"","","","","","","","","","","","","","","","","","","","","","","","","","","","","","","","","","","","",0.5,9,"","","","","","","","","","","","","","","","","","","","","","","","","","","","","","","","","","","","","","","","","","","","",1030.2,9,1020.8,9,"","","","","","","","","","","","","","","","","","","","","","","","","","","","","","","","","","","","","","","","","","","","","","","","","","","","","","","","","","","","","","","","","","","","","","","","","","","","","","","","","","","","","","","","","","","","","","","","","","","","","","","","","","","","","","","",""
"33167001","BORDEAUX_OBSERVATOIRE",44.831667,-0.525,74,1912120409,"","","","","","","","","","","","","","","","","","","","","","","","","","","","","","","","","","","","",2.4,9,"","","","","","","","","","","","","","","","","","","","","","","","","","","","","","","","","","","","","","","","","","","","",1029.4,9,1020.,9,"","","","","","","","","","","","","","","","","","","","","","","","","","","","","","","","","","","","","","","","","","","","","","","","","","","","","","","","","","","","","","","","","","","","","","","","","","","","","","","","","","","","","","","","","","","","","","","","","","","","","","","","","","","","","","","",""
"33167001","BORDEAUX_OBSERVATOIRE",44.831667,-0.525,74,1912120412,"","","","","","","","","","","","","","","","","","","","","","","","","","","","","","","","","","","","",7.5,9,"","","","","","","","","","","","","","","","","","","","","","","","","","","","","","","","","","","","","","","","","","","","",1026.6,9,1017.4,1,"","","","","","","","","","","","","","","","","","","","","","","","","","","","","","","","","","","","","","","","","","","","","","","","","","","","","","","","","","","","","","","","","","","","","","","","","","","","","","","","","","","","","","","","","","","","","","","","","","","","","","","","","","","","","","","",""
"33167001","BORDEAUX_OBSERVATOIRE",44.831667,-0.525,74,1912120415,"","","","","","","","","","","","","","","","","","","","","","","","","","","","","","","","","","","","",6.7,9,"","","","","","","","","","","","","","","","","","","","","","","","","","","","","","","","","","","","","","","","","","","","",1023.5,9,1014.3,9,"","","","","","","","","","","","","","","","","","","","","","","","","","","","","","","","","","","","","","","","","","","","","","","","","","","","","","","","","","","","","","","","","","","","","","","","","","","","","","","","","","","","","","","","","","","","","","","","","","","","","","","","","","","","","","","",""
"33167001","BORDEAUX_OBSERVATOIRE",44.831667,-0.525,74,1912120418,"","","","","","","","","","","","","","","","","","","","","","","","","","","","","","","","","","","","",4.8,9,"","","","","","","","","","","","","","","","","","","","","","","","","","","","","","","","","","","","","","","","","","","","",1021.7,9,1012.5,9,"","","","","","","","","","","","","","","","","","","","","","","","","","","","","","","","","","","","","","","","","","","","","","","","","","","","","","","","","","","","","","","","","","","","","","","","","","","","","","","","","","","","","","","","","","","","","","","","","","","","","","","","","","","","","","","",""
"33167001","BORDEAUX_OBSERVATOIRE",44.831667,-0.525,74,1912120421,"","","","","","","","","","","","","","","","","","","","","","","","","","","","","","","","","","","","",4.5,9,"","","","","","","","","","","","","","","","","","","","","","","","","","","","","","","","","","","","","","","","","","","","",1019.8,9,1010.6,9,"","","","","","","","","","","","","","","","","","","","","","","","","","","","","","","","","","","","","","","","","","","","","","","","","","","","","","","","","","","","","","","","","","","","","","","","","","","","","","","","","","","","","","","","","","","","","","","","","","","","","","","","","","","","","","","",""
"33167001","BORDEAUX_OBSERVATOIRE",44.831667,-0.525,74,1912120500,"","","","","","","","","","","","","","","","","","","","","","","","","","","","","","","","","","","","",3.6,9,"","","","","","","","","","","","","","","","","","","","","","","","","","","","","","","","","","","","","","","","","","","","",1018.2,9,1009.,9,"","","","","","","","","","","","","","","","","","","","","","","","","","","","","","","","","","","","","","","","","","","","","","","","","","","","","","","","","","","","","","","","","","","","","","","","","","","","","","","","","","","","","","","","","","","","","","","","","","","","","","","","","","","","","","","",""
"33167001","BORDEAUX_OBSERVATOIRE",44.831667,-0.525,74,1912120503,"","","","","","","","","","","","","","","","","","","","","","","","","","","","","","","","","","","","",3.6,9,"","","","","","","","","","","","","","","","","","","","","","","","","","","","","","","","","","","","","","","","","","","","",1017.,9,1007.8,9,"","","","","","","","","","","","","","","","","","","","","","","","","","","","","","","","","","","","","","","","","","","","","","","","","","","","","","","","","","","","","","","","","","","","","","","","","","","","","","","","","","","","","","","","","","","","","","","","","","","","","","","","","","","","","","","",""
"33167001","BORDEAUX_OBSERVATOIRE",44.831667,-0.525,74,1912120507,"","","","","","","","","","","","","","","","","","","","","","","","","","","","","","","","","","","","",4.2,9,"","","","","","","","","","","","","","","","","","","","","","","","","","","","","","","","","","","","","","","","","","","","",1016.6,9,1007.4,9,"","","","","","","","","","","","","","","","","","","","","","","","","","","","","","","","","","","","","","","","","","","","","","","","","","","","","","","","","","","","","","","","","","","","","","","","","","","","","","","","","","","","","","","","","","","","","","","","","","","","","","","","","","","","","","","",""
"33167001","BORDEAUX_OBSERVATOIRE",44.831667,-0.525,74,1912120509,"","","","","","","","","","","","","","","","","","","","","","","","","","","","","","","","","","","","",5.4,9,"","","","","","","","","","","","","","","","","","","","","","","","","","","","","","","","","","","","","","","","","","","","",1017.4,9,1008.2,9,"","","","","","","","","","","","","","","","","","","","","","","","","","","","","","","","","","","","","","","","","","","","","","","","","","","","","","","","","","","","","","","","","","","","","","","","","","","","","","","","","","","","","","","","","","","","","","","","","","","","","","","","","","","","","","","",""
"33167001","BORDEAUX_OBSERVATOIRE",44.831667,-0.525,74,1912120512,"","","","","","","","","","","","","","","","","","","","","","","","","","","","","","","","","","","","",8.5,9,"","","","","","","","","","","","","","","","","","","","","","","","","","","","","","","","","","","","","","","","","","","","",1016.8,9,1007.8,1,"","","","","","","","","","","","","","","","","","","","","","","","","","","","","","","","","","","","","","","","","","","","","","","","","","","","","","","","","","","","","","","","","","","","","","","","","","","","","","","","","","","","","","","","","","","","","","","","","","","","","","","","","","","","","","","",""
"33167001","BORDEAUX_OBSERVATOIRE",44.831667,-0.525,74,1912120515,"","","","","","","","","","","","","","","","","","","","","","","","","","","","","","","","","","","","",10.6,9,"","","","","","","","","","","","","","","","","","","","","","","","","","","","","","","","","","","","","","","","","","","","",1016.8,9,1007.8,9,"","","","","","","","","","","","","","","","","","","","","","","","","","","","","","","","","","","","","","","","","","","","","","","","","","","","","","","","","","","","","","","","","","","","","","","","","","","","","","","","","","","","","","","","","","","","","","","","","","","","","","","","","","","","","","","",""
"33167001","BORDEAUX_OBSERVATOIRE",44.831667,-0.525,74,1912120518,"","","","","","","","","","","","","","","","","","","","","","","","","","","","","","","","","","","","",9.,9,"","","","","","","","","","","","","","","","","","","","","","","","","","","","","","","","","","","","","","","","","","","","",1018.7,9,1009.7,9,"","","","","","","","","","","","","","","","","","","","","","","","","","","","","","","","","","","","","","","","","","","","","","","","","","","","","","","","","","","","","","","","","","","","","","","","","","","","","","","","","","","","","","","","","","","","","","","","","","","","","","","","","","","","","","","",""
"33167001","BORDEAUX_OBSERVATOIRE",44.831667,-0.525,74,1912120521,"","","","","","","","","","","","","","","","","","","","","","","","","","","","","","","","","","","","",7.3,9,"","","","","","","","","","","","","","","","","","","","","","","","","","","","","","","","","","","","","","","","","","","","",1019.8,9,1010.7,9,"","","","","","","","","","","","","","","","","","","","","","","","","","","","","","","","","","","","","","","","","","","","","","","","","","","","","","","","","","","","","","","","","","","","","","","","","","","","","","","","","","","","","","","","","","","","","","","","","","","","","","","","","","","","","","","",""
"33167001","BORDEAUX_OBSERVATOIRE",44.831667,-0.525,74,1912120600,"","","","","","","","","","","","","","","","","","","","","","","","","","","","","","","","","","","","",5.8,9,"","","","","","","","","","","","","","","","","","","","","","","","","","","","","","","","","","","","","","","","","","","","",1020.3,9,1011.1,9,"","","","","","","","","","","","","","","","","","","","","","","","","","","","","","","","","","","","","","","","","","","","","","","","","","","","","","","","","","","","","","","","","","","","","","","","","","","","","","","","","","","","","","","","","","","","","","","","","","","","","","","","","","","","","","","",""
"33167001","BORDEAUX_OBSERVATOIRE",44.831667,-0.525,74,1912120603,"","","","","","","","","","","","","","","","","","","","","","","","","","","","","","","","","","","","",5.2,9,"","","","","","","","","","","","","","","","","","","","","","","","","","","","","","","","","","","","","","","","","","","","",1019.9,9,1010.7,9,"","","","","","","","","","","","","","","","","","","","","","","","","","","","","","","","","","","","","","","","","","","","","","","","","","","","","","","","","","","","","","","","","","","","","","","","","","","","","","","","","","","","","","","","","","","","","","","","","","","","","","","","","","","","","","","",""
"33167001","BORDEAUX_OBSERVATOIRE",44.831667,-0.525,74,1912120607,"","","","","","","","","","","","","","","","","","","","","","","","","","","","","","","","","","","","",2.,9,"","","","","","","","","","","","","","","","","","","","","","","","","","","","","","","","","","","","","","","","","","","","",1020.4,9,1011.1,9,"","","","","","","","","","","","","","","","","","","","","","","","","","","","","","","","","","","","","","","","","","","","","","","","","","","","","","","","","","","","","","","","","","","","","","","","","","","","","","","","","","","","","","","","","","","","","","","","","","","","","","","","","","","","","","","",""
"33167001","BORDEAUX_OBSERVATOIRE",44.831667,-0.525,74,1912120609,"","","","","","","","","","","","","","","","","","","","","","","","","","","","","","","","","","","","",4.9,9,"","","","","","","","","","","","","","","","","","","","","","","","","","","","","","","","","","","","","","","","","","","","",1021.,9,1011.8,9,"","","","","","","","","","","","","","","","","","","","","","","","","","","","","","","","","","","","","","","","","","","","","","","","","","","","","","","","","","","","","","","","","","","","","","","","","","","","","","","","","","","","","","","","","","","","","","","","","","","","","","","","","","","","","","","",""
"33167001","BORDEAUX_OBSERVATOIRE",44.831667,-0.525,74,1912120612,"","","","","","","","","","","","","","","","","","","","","","","","","","","","","","","","","","","","",9.4,9,"","","","","","","","","","","","","","","","","","","","","","","","","","","","","","","","","","","","","","","","","","","","",1020.5,9,1011.5,1,"","","","","","","","","","","","","","","","","","","","","","","","","","","","","","","","","","","","","","","","","","","","","","","","","","","","","","","","","","","","","","","","","","","","","","","","","","","","","","","","","","","","","","","","","","","","","","","","","","","","","","","","","","","","","","","",""
"33167001","BORDEAUX_OBSERVATOIRE",44.831667,-0.525,74,1912120615,"","","","","","","","","","","","","","","","","","","","","","","","","","","","","","","","","","","","",12.2,9,"","","","","","","","","","","","","","","","","","","","","","","","","","","","","","","","","","","","","","","","","","","","",1020.3,9,1011.4,9,"","","","","","","","","","","","","","","","","","","","","","","","","","","","","","","","","","","","","","","","","","","","","","","","","","","","","","","","","","","","","","","","","","","","","","","","","","","","","","","","","","","","","","","","","","","","","","","","","","","","","","","","","","","","","","","",""
"33167001","BORDEAUX_OBSERVATOIRE",44.831667,-0.525,74,1912120618,"","","","","","","","","","","","","","","","","","","","","","","","","","","","","","","","","","","","",8.1,9,"","","","","","","","","","","","","","","","","","","","","","","","","","","","","","","","","","","","","","","","","","","","",1022.2,9,1013.1,9,"","","","","","","","","","","","","","","","","","","","","","","","","","","","","","","","","","","","","","","","","","","","","","","","","","","","","","","","","","","","","","","","","","","","","","","","","","","","","","","","","","","","","","","","","","","","","","","","","","","","","","","","","","","","","","","",""
"33167001","BORDEAUX_OBSERVATOIRE",44.831667,-0.525,74,1912120621,"","","","","","","","","","","","","","","","","","","","","","","","","","","","","","","","","","","","",7.9,9,"","","","","","","","","","","","","","","","","","","","","","","","","","","","","","","","","","","","","","","","","","","","",1022.7,9,1013.6,9,"","","","","","","","","","","","","","","","","","","","","","","","","","","","","","","","","","","","","","","","","","","","","","","","","","","","","","","","","","","","","","","","","","","","","","","","","","","","","","","","","","","","","","","","","","","","","","","","","","","","","","","","","","","","","","","",""
"33167001","BORDEAUX_OBSERVATOIRE",44.831667,-0.525,74,1912120700,"","","","","","","","","","","","","","","","","","","","","","","","","","","","","","","","","","","","",6.2,9,"","","","","","","","","","","","","","","","","","","","","","","","","","","","","","","","","","","","","","","","","","","","",1022.7,9,1013.5,9,"","","","","","","","","","","","","","","","","","","","","","","","","","","","","","","","","","","","","","","","","","","","","","","","","","","","","","","","","","","","","","","","","","","","","","","","","","","","","","","","","","","","","","","","","","","","","","","","","","","","","","","","","","","","","","","",""
"33167001","BORDEAUX_OBSERVATOIRE",44.831667,-0.525,74,1912120703,"","","","","","","","","","","","","","","","","","","","","","","","","","","","","","","","","","","","",4.8,9,"","","","","","","","","","","","","","","","","","","","","","","","","","","","","","","","","","","","","","","","","","","","",1022.3,9,1013.1,9,"","","","","","","","","","","","","","","","","","","","","","","","","","","","","","","","","","","","","","","","","","","","","","","","","","","","","","","","","","","","","","","","","","","","","","","","","","","","","","","","","","","","","","","","","","","","","","","","","","","","","","","","","","","","","","","",""
"33167001","BORDEAUX_OBSERVATOIRE",44.831667,-0.525,74,1912120707,"","","","","","","","","","","","","","","","","","","","","","","","","","","","","","","","","","","","",3.9,9,"","","","","","","","","","","","","","","","","","","","","","","","","","","","","","","","","","","","","","","","","","","","",1022.9,9,1013.6,9,"","","","","","","","","","","","","","","","","","","","","","","","","","","","","","","","","","","","","","","","","","","","","","","","","","","","","","","","","","","","","","","","","","","","","","","","","","","","","","","","","","","","","","","","","","","","","","","","","","","","","","","","","","","","","","","",""
"33167001","BORDEAUX_OBSERVATOIRE",44.831667,-0.525,74,1912120709,"","","","","","","","","","","","","","","","","","","","","","","","","","","","","","","","","","","","",5.7,9,"","","","","","","","","","","","","","","","","","","","","","","","","","","","","","","","","","","","","","","","","","","","",1023.4,9,1014.2,9,"","","","","","","","","","","","","","","","","","","","","","","","","","","","","","","","","","","","","","","","","","","","","","","","","","","","","","","","","","","","","","","","","","","","","","","","","","","","","","","","","","","","","","","","","","","","","","","","","","","","","","","","","","","","","","","",""
"33167001","BORDEAUX_OBSERVATOIRE",44.831667,-0.525,74,1912120712,"","","","","","","","","","","","","","","","","","","","","","","","","","","","","","","","","","","","",10.7,9,"","","","","","","","","","","","","","","","","","","","","","","","","","","","","","","","","","","","","","","","","","","","",1022.8,9,1013.8,1,"","","","","","","","","","","","","","","","","","","","","","","","","","","","","","","","","","","","","","","","","","","","","","","","","","","","","","","","","","","","","","","","","","","","","","","","","","","","","","","","","","","","","","","","","","","","","","","","","","","","","","","","","","","","","","","",""
"33167001","BORDEAUX_OBSERVATOIRE",44.831667,-0.525,74,1912120715,"","","","","","","","","","","","","","","","","","","","","","","","","","","","","","","","","","","","",11.7,9,"","","","","","","","","","","","","","","","","","","","","","","","","","","","","","","","","","","","","","","","","","","","",1022.,9,1013.,9,"","","","","","","","","","","","","","","","","","","","","","","","","","","","","","","","","","","","","","","","","","","","","","","","","","","","","","","","","","","","","","","","","","","","","","","","","","","","","","","","","","","","","","","","","","","","","","","","","","","","","","","","","","","","","","","",""
"33167001","BORDEAUX_OBSERVATOIRE",44.831667,-0.525,74,1912120718,"","","","","","","","","","","","","","","","","","","","","","","","","","","","","","","","","","","","",8.8,9,"","","","","","","","","","","","","","","","","","","","","","","","","","","","","","","","","","","","","","","","","","","","",1022.6,9,1013.5,9,"","","","","","","","","","","","","","","","","","","","","","","","","","","","","","","","","","","","","","","","","","","","","","","","","","","","","","","","","","","","","","","","","","","","","","","","","","","","","","","","","","","","","","","","","","","","","","","","","","","","","","","","","","","","","","","",""
"33167001","BORDEAUX_OBSERVATOIRE",44.831667,-0.525,74,1912120721,"","","","","","","","","","","","","","","","","","","","","","","","","","","","","","","","","","","","",6.5,9,"","","","","","","","","","","","","","","","","","","","","","","","","","","","","","","","","","","","","","","","","","","","",1022.8,9,1013.6,9,"","","","","","","","","","","","","","","","","","","","","","","","","","","","","","","","","","","","","","","","","","","","","","","","","","","","","","","","","","","","","","","","","","","","","","","","","","","","","","","","","","","","","","","","","","","","","","","","","","","","","","","","","","","","","","","",""
"33167001","BORDEAUX_OBSERVATOIRE",44.831667,-0.525,74,1912120800,"","","","","","","","","","","","","","","","","","","","","","","","","","","","","","","","","","","","",5.8,9,"","","","","","","","","","","","","","","","","","","","","","","","","","","","","","","","","","","","","","","","","","","","",1022.6,9,1013.4,9,"","","","","","","","","","","","","","","","","","","","","","","","","","","","","","","","","","","","","","","","","","","","","","","","","","","","","","","","","","","","","","","","","","","","","","","","","","","","","","","","","","","","","","","","","","","","","","","","","","","","","","","","","","","","","","","",""
"33167001","BORDEAUX_OBSERVATOIRE",44.831667,-0.525,74,1912120803,"","","","","","","","","","","","","","","","","","","","","","","","","","","","","","","","","","","","",4.8,9,"","","","","","","","","","","","","","","","","","","","","","","","","","","","","","","","","","","","","","","","","","","","",1022.4,9,1013.2,9,"","","","","","","","","","","","","","","","","","","","","","","","","","","","","","","","","","","","","","","","","","","","","","","","","","","","","","","","","","","","","","","","","","","","","","","","","","","","","","","","","","","","","","","","","","","","","","","","","","","","","","","","","","","","","","","",""
"33167001","BORDEAUX_OBSERVATOIRE",44.831667,-0.525,74,1912120807,"","","","","","","","","","","","","","","","","","","","","","","","","","","","","","","","","","","","",3.3,9,"","","","","","","","","","","","","","","","","","","","","","","","","","","","","","","","","","","","","","","","","","","","",1023.1,9,1013.8,9,"","","","","","","","","","","","","","","","","","","","","","","","","","","","","","","","","","","","","","","","","","","","","","","","","","","","","","","","","","","","","","","","","","","","","","","","","","","","","","","","","","","","","","","","","","","","","","","","","","","","","","","","","","","","","","","",""
"33167001","BORDEAUX_OBSERVATOIRE",44.831667,-0.525,74,1912120809,"","","","","","","","","","","","","","","","","","","","","","","","","","","","","","","","","","","","",5.4,9,"","","","","","","","","","","","","","","","","","","","","","","","","","","","","","","","","","","","","","","","","","","","",1023.5,9,1014.3,9,"","","","","","","","","","","","","","","","","","","","","","","","","","","","","","","","","","","","","","","","","","","","","","","","","","","","","","","","","","","","","","","","","","","","","","","","","","","","","","","","","","","","","","","","","","","","","","","","","","","","","","","","","","","","","","","",""
"33167001","BORDEAUX_OBSERVATOIRE",44.831667,-0.525,74,1912120812,"","","","","","","","","","","","","","","","","","","","","","","","","","","","","","","","","","","","",10.6,9,"","","","","","","","","","","","","","","","","","","","","","","","","","","","","","","","","","","","","","","","","","","","",1023.3,9,1014.3,1,"","","","","","","","","","","","","","","","","","","","","","","","","","","","","","","","","","","","","","","","","","","","","","","","","","","","","","","","","","","","","","","","","","","","","","","","","","","","","","","","","","","","","","","","","","","","","","","","","","","","","","","","","","","","","","","",""
"33167001","BORDEAUX_OBSERVATOIRE",44.831667,-0.525,74,1912120815,"","","","","","","","","","","","","","","","","","","","","","","","","","","","","","","","","","","","",11.3,9,"","","","","","","","","","","","","","","","","","","","","","","","","","","","","","","","","","","","","","","","","","","","",1022.9,9,1013.9,9,"","","","","","","","","","","","","","","","","","","","","","","","","","","","","","","","","","","","","","","","","","","","","","","","","","","","","","","","","","","","","","","","","","","","","","","","","","","","","","","","","","","","","","","","","","","","","","","","","","","","","","","","","","","","","","","",""
"33167001","BORDEAUX_OBSERVATOIRE",44.831667,-0.525,74,1912120818,"","","","","","","","","","","","","","","","","","","","","","","","","","","","","","","","","","","","",8.3,9,"","","","","","","","","","","","","","","","","","","","","","","","","","","","","","","","","","","","","","","","","","","","",1023.9,9,1014.8,9,"","","","","","","","","","","","","","","","","","","","","","","","","","","","","","","","","","","","","","","","","","","","","","","","","","","","","","","","","","","","","","","","","","","","","","","","","","","","","","","","","","","","","","","","","","","","","","","","","","","","","","","","","","","","","","","",""
"33167001","BORDEAUX_OBSERVATOIRE",44.831667,-0.525,74,1912120821,"","","","","","","","","","","","","","","","","","","","","","","","","","","","","","","","","","","","",8.1,9,"","","","","","","","","","","","","","","","","","","","","","","","","","","","","","","","","","","","","","","","","","","","",1024.3,9,1015.2,9,"","","","","","","","","","","","","","","","","","","","","","","","","","","","","","","","","","","","","","","","","","","","","","","","","","","","","","","","","","","","","","","","","","","","","","","","","","","","","","","","","","","","","","","","","","","","","","","","","","","","","","","","","","","","","","","",""
"33167001","BORDEAUX_OBSERVATOIRE",44.831667,-0.525,74,1912120900,"","","","","","","","","","","","","","","","","","","","","","","","","","","","","","","","","","","","",5.3,9,"","","","","","","","","","","","","","","","","","","","","","","","","","","","","","","","","","","","","","","","","","","","",1025.1,9,1015.9,9,"","","","","","","","","","","","","","","","","","","","","","","","","","","","","","","","","","","","","","","","","","","","","","","","","","","","","","","","","","","","","","","","","","","","","","","","","","","","","","","","","","","","","","","","","","","","","","","","","","","","","","","","","","","","","","","",""
"33167001","BORDEAUX_OBSERVATOIRE",44.831667,-0.525,74,1912120903,"","","","","","","","","","","","","","","","","","","","","","","","","","","","","","","","","","","","",3.5,9,"","","","","","","","","","","","","","","","","","","","","","","","","","","","","","","","","","","","","","","","","","","","",1025.9,9,1016.6,9,"","","","","","","","","","","","","","","","","","","","","","","","","","","","","","","","","","","","","","","","","","","","","","","","","","","","","","","","","","","","","","","","","","","","","","","","","","","","","","","","","","","","","","","","","","","","","","","","","","","","","","","","","","","","","","","",""
"33167001","BORDEAUX_OBSERVATOIRE",44.831667,-0.525,74,1912120907,"","","","","","","","","","","","","","","","","","","","","","","","","","","","","","","","","","","","",3.2,9,"","","","","","","","","","","","","","","","","","","","","","","","","","","","","","","","","","","","","","","","","","","","",1026.1,9,1016.8,9,"","","","","","","","","","","","","","","","","","","","","","","","","","","","","","","","","","","","","","","","","","","","","","","","","","","","","","","","","","","","","","","","","","","","","","","","","","","","","","","","","","","","","","","","","","","","","","","","","","","","","","","","","","","","","","","",""
"33167001","BORDEAUX_OBSERVATOIRE",44.831667,-0.525,74,1912120909,"","","","","","","","","","","","","","","","","","","","","","","","","","","","","","","","","","","","",3.8,9,"","","","","","","","","","","","","","","","","","","","","","","","","","","","","","","","","","","","","","","","","","","","",1027.2,9,1017.9,9,"","","","","","","","","","","","","","","","","","","","","","","","","","","","","","","","","","","","","","","","","","","","","","","","","","","","","","","","","","","","","","","","","","","","","","","","","","","","","","","","","","","","","","","","","","","","","","","","","","","","","","","","","","","","","","","",""
"33167001","BORDEAUX_OBSERVATOIRE",44.831667,-0.525,74,1912120912,"","","","","","","","","","","","","","","","","","","","","","","","","","","","","","","","","","","","",7.1,9,"","","","","","","","","","","","","","","","","","","","","","","","","","","","","","","","","","","","","","","","","","","","",1026.7,9,1017.5,1,"","","","","","","","","","","","","","","","","","","","","","","","","","","","","","","","","","","","","","","","","","","","","","","","","","","","","","","","","","","","","","","","","","","","","","","","","","","","","","","","","","","","","","","","","","","","","","","","","","","","","","","","","","","","","","","",""
"33167001","BORDEAUX_OBSERVATOIRE",44.831667,-0.525,74,1912120915,"","","","","","","","","","","","","","","","","","","","","","","","","","","","","","","","","","","","",6.9,9,"","","","","","","","","","","","","","","","","","","","","","","","","","","","","","","","","","","","","","","","","","","","",1026.2,9,1017.,9,"","","","","","","","","","","","","","","","","","","","","","","","","","","","","","","","","","","","","","","","","","","","","","","","","","","","","","","","","","","","","","","","","","","","","","","","","","","","","","","","","","","","","","","","","","","","","","","","","","","","","","","","","","","","","","","",""
"33167001","BORDEAUX_OBSERVATOIRE",44.831667,-0.525,74,1912120918,"","","","","","","","","","","","","","","","","","","","","","","","","","","","","","","","","","","","",4.1,9,"","","","","","","","","","","","","","","","","","","","","","","","","","","","","","","","","","","","","","","","","","","","",1026.5,9,1017.2,9,"","","","","","","","","","","","","","","","","","","","","","","","","","","","","","","","","","","","","","","","","","","","","","","","","","","","","","","","","","","","","","","","","","","","","","","","","","","","","","","","","","","","","","","","","","","","","","","","","","","","","","","","","","","","","","","",""
"33167001","BORDEAUX_OBSERVATOIRE",44.831667,-0.525,74,1912120921,"","","","","","","","","","","","","","","","","","","","","","","","","","","","","","","","","","","","",5.,9,"","","","","","","","","","","","","","","","","","","","","","","","","","","","","","","","","","","","","","","","","","","","",1025.9,9,1016.7,9,"","","","","","","","","","","","","","","","","","","","","","","","","","","","","","","","","","","","","","","","","","","","","","","","","","","","","","","","","","","","","","","","","","","","","","","","","","","","","","","","","","","","","","","","","","","","","","","","","","","","","","","","","","","","","","","",""
"33167001","BORDEAUX_OBSERVATOIRE",44.831667,-0.525,74,1912121000,"","","","","","","","","","","","","","","","","","","","","","","","","","","","","","","","","","","","",4.8,9,"","","","","","","","","","","","","","","","","","","","","","","","","","","","","","","","","","","","","","","","","","","","",1025.5,9,1016.3,9,"","","","","","","","","","","","","","","","","","","","","","","","","","","","","","","","","","","","","","","","","","","","","","","","","","","","","","","","","","","","","","","","","","","","","","","","","","","","","","","","","","","","","","","","","","","","","","","","","","","","","","","","","","","","","","","",""
"33167001","BORDEAUX_OBSERVATOIRE",44.831667,-0.525,74,1912121003,"","","","","","","","","","","","","","","","","","","","","","","","","","","","","","","","","","","","",4.3,9,"","","","","","","","","","","","","","","","","","","","","","","","","","","","","","","","","","","","","","","","","","","","",1024.8,9,1015.5,9,"","","","","","","","","","","","","","","","","","","","","","","","","","","","","","","","","","","","","","","","","","","","","","","","","","","","","","","","","","","","","","","","","","","","","","","","","","","","","","","","","","","","","","","","","","","","","","","","","","","","","","","","","","","","","","","",""
"33167001","BORDEAUX_OBSERVATOIRE",44.831667,-0.525,74,1912121007,"","","","","","","","","","","","","","","","","","","","","","","","","","","","","","","","","","","","",4.2,9,"","","","","","","","","","","","","","","","","","","","","","","","","","","","","","","","","","","","","","","","","","","","",1024.8,9,1015.5,9,"","","","","","","","","","","","","","","","","","","","","","","","","","","","","","","","","","","","","","","","","","","","","","","","","","","","","","","","","","","","","","","","","","","","","","","","","","","","","","","","","","","","","","","","","","","","","","","","","","","","","","","","","","","","","","","",""
"33167001","BORDEAUX_OBSERVATOIRE",44.831667,-0.525,74,1912121009,"","","","","","","","","","","","","","","","","","","","","","","","","","","","","","","","","","","","",4.7,9,"","","","","","","","","","","","","","","","","","","","","","","","","","","","","","","","","","","","","","","","","","","","",1025.6,9,1016.3,9,"","","","","","","","","","","","","","","","","","","","","","","","","","","","","","","","","","","","","","","","","","","","","","","","","","","","","","","","","","","","","","","","","","","","","","","","","","","","","","","","","","","","","","","","","","","","","","","","","","","","","","","","","","","","","","","",""
"33167001","BORDEAUX_OBSERVATOIRE",44.831667,-0.525,74,1912121012,"","","","","","","","","","","","","","","","","","","","","","","","","","","","","","","","","","","","",7.,9,"","","","","","","","","","","","","","","","","","","","","","","","","","","","","","","","","","","","","","","","","","","","",1025.5,9,1016.3,1,"","","","","","","","","","","","","","","","","","","","","","","","","","","","","","","","","","","","","","","","","","","","","","","","","","","","","","","","","","","","","","","","","","","","","","","","","","","","","","","","","","","","","","","","","","","","","","","","","","","","","","","","","","","","","","","",""
"33167001","BORDEAUX_OBSERVATOIRE",44.831667,-0.525,74,1912121015,"","","","","","","","","","","","","","","","","","","","","","","","","","","","","","","","","","","","",9.6,9,"","","","","","","","","","","","","","","","","","","","","","","","","","","","","","","","","","","","","","","","","","","","",1024.6,9,1015.5,9,"","","","","","","","","","","","","","","","","","","","","","","","","","","","","","","","","","","","","","","","","","","","","","","","","","","","","","","","","","","","","","","","","","","","","","","","","","","","","","","","","","","","","","","","","","","","","","","","","","","","","","","","","","","","","","","",""
"33167001","BORDEAUX_OBSERVATOIRE",44.831667,-0.525,74,1912121018,"","","","","","","","","","","","","","","","","","","","","","","","","","","","","","","","","","","","",4.7,9,"","","","","","","","","","","","","","","","","","","","","","","","","","","","","","","","","","","","","","","","","","","","",1026.4,9,1017.1,9,"","","","","","","","","","","","","","","","","","","","","","","","","","","","","","","","","","","","","","","","","","","","","","","","","","","","","","","","","","","","","","","","","","","","","","","","","","","","","","","","","","","","","","","","","","","","","","","","","","","","","","","","","","","","","","","",""
"33167001","BORDEAUX_OBSERVATOIRE",44.831667,-0.525,74,1912121021,"","","","","","","","","","","","","","","","","","","","","","","","","","","","","","","","","","","","",3.9,9,"","","","","","","","","","","","","","","","","","","","","","","","","","","","","","","","","","","","","","","","","","","","",1027.1,9,1017.8,9,"","","","","","","","","","","","","","","","","","","","","","","","","","","","","","","","","","","","","","","","","","","","","","","","","","","","","","","","","","","","","","","","","","","","","","","","","","","","","","","","","","","","","","","","","","","","","","","","","","","","","","","","","","","","","","","",""
"33167001","BORDEAUX_OBSERVATOIRE",44.831667,-0.525,74,1912121100,"","","","","","","","","","","","","","","","","","","","","","","","","","","","","","","","","","","","",2.9,9,"","","","","","","","","","","","","","","","","","","","","","","","","","","","","","","","","","","","","","","","","","","","",1027.6,9,1018.3,9,"","","","","","","","","","","","","","","","","","","","","","","","","","","","","","","","","","","","","","","","","","","","","","","","","","","","","","","","","","","","","","","","","","","","","","","","","","","","","","","","","","","","","","","","","","","","","","","","","","","","","","","","","","","","","","","",""
"33167001","BORDEAUX_OBSERVATOIRE",44.831667,-0.525,74,1912121103,"","","","","","","","","","","","","","","","","","","","","","","","","","","","","","","","","","","","",2.1,9,"","","","","","","","","","","","","","","","","","","","","","","","","","","","","","","","","","","","","","","","","","","","",1026.6,9,1017.2,9,"","","","","","","","","","","","","","","","","","","","","","","","","","","","","","","","","","","","","","","","","","","","","","","","","","","","","","","","","","","","","","","","","","","","","","","","","","","","","","","","","","","","","","","","","","","","","","","","","","","","","","","","","","","","","","","",""
"33167001","BORDEAUX_OBSERVATOIRE",44.831667,-0.525,74,1912121107,"","","","","","","","","","","","","","","","","","","","","","","","","","","","","","","","","","","","",2.2,9,"","","","","","","","","","","","","","","","","","","","","","","","","","","","","","","","","","","","","","","","","","","","",1026.3,9,1017.,9,"","","","","","","","","","","","","","","","","","","","","","","","","","","","","","","","","","","","","","","","","","","","","","","","","","","","","","","","","","","","","","","","","","","","","","","","","","","","","","","","","","","","","","","","","","","","","","","","","","","","","","","","","","","","","","","",""
"33167001","BORDEAUX_OBSERVATOIRE",44.831667,-0.525,74,1912121109,"","","","","","","","","","","","","","","","","","","","","","","","","","","","","","","","","","","","",3.,9,"","","","","","","","","","","","","","","","","","","","","","","","","","","","","","","","","","","","","","","","","","","","",1026.4,9,1017.1,9,"","","","","","","","","","","","","","","","","","","","","","","","","","","","","","","","","","","","","","","","","","","","","","","","","","","","","","","","","","","","","","","","","","","","","","","","","","","","","","","","","","","","","","","","","","","","","","","","","","","","","","","","","","","","","","","",""
"33167001","BORDEAUX_OBSERVATOIRE",44.831667,-0.525,74,1912121112,"","","","","","","","","","","","","","","","","","","","","","","","","","","","","","","","","","","","",4.3,9,"","","","","","","","","","","","","","","","","","","","","","","","","","","","","","","","","","","","","","","","","","","","",1025.4,9,1016.1,1,"","","","","","","","","","","","","","","","","","","","","","","","","","","","","","","","","","","","","","","","","","","","","","","","","","","","","","","","","","","","","","","","","","","","","","","","","","","","","","","","","","","","","","","","","","","","","","","","","","","","","","","","","","","","","","","",""
"33167001","BORDEAUX_OBSERVATOIRE",44.831667,-0.525,74,1912121115,"","","","","","","","","","","","","","","","","","","","","","","","","","","","","","","","","","","","",6.3,9,"","","","","","","","","","","","","","","","","","","","","","","","","","","","","","","","","","","","","","","","","","","","",1022.7,9,1013.5,9,"","","","","","","","","","","","","","","","","","","","","","","","","","","","","","","","","","","","","","","","","","","","","","","","","","","","","","","","","","","","","","","","","","","","","","","","","","","","","","","","","","","","","","","","","","","","","","","","","","","","","","","","","","","","","","","",""
"33167001","BORDEAUX_OBSERVATOIRE",44.831667,-0.525,74,1912121118,"","","","","","","","","","","","","","","","","","","","","","","","","","","","","","","","","","","","",7.6,9,"","","","","","","","","","","","","","","","","","","","","","","","","","","","","","","","","","","","","","","","","","","","",1021.,9,1011.9,9,"","","","","","","","","","","","","","","","","","","","","","","","","","","","","","","","","","","","","","","","","","","","","","","","","","","","","","","","","","","","","","","","","","","","","","","","","","","","","","","","","","","","","","","","","","","","","","","","","","","","","","","","","","","","","","","",""
"33167001","BORDEAUX_OBSERVATOIRE",44.831667,-0.525,74,1912121121,"","","","","","","","","","","","","","","","","","","","","","","","","","","","","","","","","","","","",6.5,9,"","","","","","","","","","","","","","","","","","","","","","","","","","","","","","","","","","","","","","","","","","","","",1019.3,9,1010.2,9,"","","","","","","","","","","","","","","","","","","","","","","","","","","","","","","","","","","","","","","","","","","","","","","","","","","","","","","","","","","","","","","","","","","","","","","","","","","","","","","","","","","","","","","","","","","","","","","","","","","","","","","","","","","","","","","",""
"33167001","BORDEAUX_OBSERVATOIRE",44.831667,-0.525,74,1912121200,"","","","","","","","","","","","","","","","","","","","","","","","","","","","","","","","","","","","",4.9,9,"","","","","","","","","","","","","","","","","","","","","","","","","","","","","","","","","","","","","","","","","","","","",1017.9,9,1008.7,9,"","","","","","","","","","","","","","","","","","","","","","","","","","","","","","","","","","","","","","","","","","","","","","","","","","","","","","","","","","","","","","","","","","","","","","","","","","","","","","","","","","","","","","","","","","","","","","","","","","","","","","","","","","","","","","","",""
"33167001","BORDEAUX_OBSERVATOIRE",44.831667,-0.525,74,1912121203,"","","","","","","","","","","","","","","","","","","","","","","","","","","","","","","","","","","","",3.,9,"","","","","","","","","","","","","","","","","","","","","","","","","","","","","","","","","","","","","","","","","","","","",1017.5,9,1008.3,9,"","","","","","","","","","","","","","","","","","","","","","","","","","","","","","","","","","","","","","","","","","","","","","","","","","","","","","","","","","","","","","","","","","","","","","","","","","","","","","","","","","","","","","","","","","","","","","","","","","","","","","","","","","","","","","","",""
"33167001","BORDEAUX_OBSERVATOIRE",44.831667,-0.525,74,1912121207,"","","","","","","","","","","","","","","","","","","","","","","","","","","","","","","","","","","","",6.8,9,"","","","","","","","","","","","","","","","","","","","","","","","","","","","","","","","","","","","","","","","","","","","",1019.,9,1009.9,9,"","","","","","","","","","","","","","","","","","","","","","","","","","","","","","","","","","","","","","","","","","","","","","","","","","","","","","","","","","","","","","","","","","","","","","","","","","","","","","","","","","","","","","","","","","","","","","","","","","","","","","","","","","","","","","","",""
"33167001","BORDEAUX_OBSERVATOIRE",44.831667,-0.525,74,1912121209,"","","","","","","","","","","","","","","","","","","","","","","","","","","","","","","","","","","","",8.3,9,"","","","","","","","","","","","","","","","","","","","","","","","","","","","","","","","","","","","","","","","","","","","",1021.4,9,1012.3,9,"","","","","","","","","","","","","","","","","","","","","","","","","","","","","","","","","","","","","","","","","","","","","","","","","","","","","","","","","","","","","","","","","","","","","","","","","","","","","","","","","","","","","","","","","","","","","","","","","","","","","","","","","","","","","","","",""
"33167001","BORDEAUX_OBSERVATOIRE",44.831667,-0.525,74,1912121212,"","","","","","","","","","","","","","","","","","","","","","","","","","","","","","","","","","","","",12.4,9,"","","","","","","","","","","","","","","","","","","","","","","","","","","","","","","","","","","","","","","","","","","","",1022.5,9,1013.5,1,"","","","","","","","","","","","","","","","","","","","","","","","","","","","","","","","","","","","","","","","","","","","","","","","","","","","","","","","","","","","","","","","","","","","","","","","","","","","","","","","","","","","","","","","","","","","","","","","","","","","","","","","","","","","","","","",""
"33167001","BORDEAUX_OBSERVATOIRE",44.831667,-0.525,74,1912121215,"","","","","","","","","","","","","","","","","","","","","","","","","","","","","","","","","","","","",9.,9,"","","","","","","","","","","","","","","","","","","","","","","","","","","","","","","","","","","","","","","","","","","","",1023.9,9,1014.8,9,"","","","","","","","","","","","","","","","","","","","","","","","","","","","","","","","","","","","","","","","","","","","","","","","","","","","","","","","","","","","","","","","","","","","","","","","","","","","","","","","","","","","","","","","","","","","","","","","","","","","","","","","","","","","","","","",""
"33167001","BORDEAUX_OBSERVATOIRE",44.831667,-0.525,74,1912121218,"","","","","","","","","","","","","","","","","","","","","","","","","","","","","","","","","","","","",7.7,9,"","","","","","","","","","","","","","","","","","","","","","","","","","","","","","","","","","","","","","","","","","","","",1026.,9,1016.8,9,"","","","","","","","","","","","","","","","","","","","","","","","","","","","","","","","","","","","","","","","","","","","","","","","","","","","","","","","","","","","","","","","","","","","","","","","","","","","","","","","","","","","","","","","","","","","","","","","","","","","","","","","","","","","","","","",""
"33167001","BORDEAUX_OBSERVATOIRE",44.831667,-0.525,74,1912121221,"","","","","","","","","","","","","","","","","","","","","","","","","","","","","","","","","","","","",5.6,9,"","","","","","","","","","","","","","","","","","","","","","","","","","","","","","","","","","","","","","","","","","","","",1028.,9,1018.8,9,"","","","","","","","","","","","","","","","","","","","","","","","","","","","","","","","","","","","","","","","","","","","","","","","","","","","","","","","","","","","","","","","","","","","","","","","","","","","","","","","","","","","","","","","","","","","","","","","","","","","","","","","","","","","","","","",""
"33167001","BORDEAUX_OBSERVATOIRE",44.831667,-0.525,74,1912121300,"","","","","","","","","","","","","","","","","","","","","","","","","","","","","","","","","","","","",4.1,9,"","","","","","","","","","","","","","","","","","","","","","","","","","","","","","","","","","","","","","","","","","","","",1029.3,9,1020.,9,"","","","","","","","","","","","","","","","","","","","","","","","","","","","","","","","","","","","","","","","","","","","","","","","","","","","","","","","","","","","","","","","","","","","","","","","","","","","","","","","","","","","","","","","","","","","","","","","","","","","","","","","","","","","","","","",""
"33167001","BORDEAUX_OBSERVATOIRE",44.831667,-0.525,74,1912121303,"","","","","","","","","","","","","","","","","","","","","","","","","","","","","","","","","","","","",3.2,9,"","","","","","","","","","","","","","","","","","","","","","","","","","","","","","","","","","","","","","","","","","","","",1029.6,9,1020.3,9,"","","","","","","","","","","","","","","","","","","","","","","","","","","","","","","","","","","","","","","","","","","","","","","","","","","","","","","","","","","","","","","","","","","","","","","","","","","","","","","","","","","","","","","","","","","","","","","","","","","","","","","","","","","","","","","",""
"33167001","BORDEAUX_OBSERVATOIRE",44.831667,-0.525,74,1912121307,"","","","","","","","","","","","","","","","","","","","","","","","","","","","","","","","","","","","",2.8,9,"","","","","","","","","","","","","","","","","","","","","","","","","","","","","","","","","","","","","","","","","","","","",1030.8,9,1021.4,9,"","","","","","","","","","","","","","","","","","","","","","","","","","","","","","","","","","","","","","","","","","","","","","","","","","","","","","","","","","","","","","","","","","","","","","","","","","","","","","","","","","","","","","","","","","","","","","","","","","","","","","","","","","","","","","","",""
"33167001","BORDEAUX_OBSERVATOIRE",44.831667,-0.525,74,1912121309,"","","","","","","","","","","","","","","","","","","","","","","","","","","","","","","","","","","","",4.8,9,"","","","","","","","","","","","","","","","","","","","","","","","","","","","","","","","","","","","","","","","","","","","",1032.4,9,1023.1,9,"","","","","","","","","","","","","","","","","","","","","","","","","","","","","","","","","","","","","","","","","","","","","","","","","","","","","","","","","","","","","","","","","","","","","","","","","","","","","","","","","","","","","","","","","","","","","","","","","","","","","","","","","","","","","","","",""
"33167001","BORDEAUX_OBSERVATOIRE",44.831667,-0.525,74,1912121312,"","","","","","","","","","","","","","","","","","","","","","","","","","","","","","","","","","","","",8.7,9,"","","","","","","","","","","","","","","","","","","","","","","","","","","","","","","","","","","","","","","","","","","","",1032.6,9,1023.4,1,"","","","","","","","","","","","","","","","","","","","","","","","","","","","","","","","","","","","","","","","","","","","","","","","","","","","","","","","","","","","","","","","","","","","","","","","","","","","","","","","","","","","","","","","","","","","","","","","","","","","","","","","","","","","","","","",""
"33167001","BORDEAUX_OBSERVATOIRE",44.831667,-0.525,74,1912121315,"","","","","","","","","","","","","","","","","","","","","","","","","","","","","","","","","","","","",11.4,9,"","","","","","","","","","","","","","","","","","","","","","","","","","","","","","","","","","","","","","","","","","","","",1031.8,9,1022.7,9,"","","","","","","","","","","","","","","","","","","","","","","","","","","","","","","","","","","","","","","","","","","","","","","","","","","","","","","","","","","","","","","","","","","","","","","","","","","","","","","","","","","","","","","","","","","","","","","","","","","","","","","","","","","","","","","",""
"33167001","BORDEAUX_OBSERVATOIRE",44.831667,-0.525,74,1912121318,"","","","","","","","","","","","","","","","","","","","","","","","","","","","","","","","","","","","",7.6,9,"","","","","","","","","","","","","","","","","","","","","","","","","","","","","","","","","","","","","","","","","","","","",1033.,9,1023.8,9,"","","","","","","","","","","","","","","","","","","","","","","","","","","","","","","","","","","","","","","","","","","","","","","","","","","","","","","","","","","","","","","","","","","","","","","","","","","","","","","","","","","","","","","","","","","","","","","","","","","","","","","","","","","","","","","",""
"33167001","BORDEAUX_OBSERVATOIRE",44.831667,-0.525,74,1912121321,"","","","","","","","","","","","","","","","","","","","","","","","","","","","","","","","","","","","",6.1,9,"","","","","","","","","","","","","","","","","","","","","","","","","","","","","","","","","","","","","","","","","","","","",1034.,9,1024.7,9,"","","","","","","","","","","","","","","","","","","","","","","","","","","","","","","","","","","","","","","","","","","","","","","","","","","","","","","","","","","","","","","","","","","","","","","","","","","","","","","","","","","","","","","","","","","","","","","","","","","","","","","","","","","","","","","",""
"33167001","BORDEAUX_OBSERVATOIRE",44.831667,-0.525,74,1912121400,"","","","","","","","","","","","","","","","","","","","","","","","","","","","","","","","","","","","",3.7,9,"","","","","","","","","","","","","","","","","","","","","","","","","","","","","","","","","","","","","","","","","","","","",1034.4,9,1025.,9,"","","","","","","","","","","","","","","","","","","","","","","","","","","","","","","","","","","","","","","","","","","","","","","","","","","","","","","","","","","","","","","","","","","","","","","","","","","","","","","","","","","","","","","","","","","","","","","","","","","","","","","","","","","","","","","",""
"33167001","BORDEAUX_OBSERVATOIRE",44.831667,-0.525,74,1912121403,"","","","","","","","","","","","","","","","","","","","","","","","","","","","","","","","","","","","",1.3,9,"","","","","","","","","","","","","","","","","","","","","","","","","","","","","","","","","","","","","","","","","","","","",1035.1,9,1025.6,9,"","","","","","","","","","","","","","","","","","","","","","","","","","","","","","","","","","","","","","","","","","","","","","","","","","","","","","","","","","","","","","","","","","","","","","","","","","","","","","","","","","","","","","","","","","","","","","","","","","","","","","","","","","","","","","","",""
"33167001","BORDEAUX_OBSERVATOIRE",44.831667,-0.525,74,1912121407,"","","","","","","","","","","","","","","","","","","","","","","","","","","","","","","","","","","","",1.8,9,"","","","","","","","","","","","","","","","","","","","","","","","","","","","","","","","","","","","","","","","","","","","",1035.4,9,1026.,9,"","","","","","","","","","","","","","","","","","","","","","","","","","","","","","","","","","","","","","","","","","","","","","","","","","","","","","","","","","","","","","","","","","","","","","","","","","","","","","","","","","","","","","","","","","","","","","","","","","","","","","","","","","","","","","","",""
"33167001","BORDEAUX_OBSERVATOIRE",44.831667,-0.525,74,1912121409,"","","","","","","","","","","","","","","","","","","","","","","","","","","","","","","","","","","","",2.5,9,"","","","","","","","","","","","","","","","","","","","","","","","","","","","","","","","","","","","","","","","","","","","",1036.4,9,1027.,9,"","","","","","","","","","","","","","","","","","","","","","","","","","","","","","","","","","","","","","","","","","","","","","","","","","","","","","","","","","","","","","","","","","","","","","","","","","","","","","","","","","","","","","","","","","","","","","","","","","","","","","","","","","","","","","","",""
"33167001","BORDEAUX_OBSERVATOIRE",44.831667,-0.525,74,1912121412,"","","","","","","","","","","","","","","","","","","","","","","","","","","","","","","","","","","","",7.6,9,"","","","","","","","","","","","","","","","","","","","","","","","","","","","","","","","","","","","","","","","","","","","",1036.3,9,1027.1,1,"","","","","","","","","","","","","","","","","","","","","","","","","","","","","","","","","","","","","","","","","","","","","","","","","","","","","","","","","","","","","","","","","","","","","","","","","","","","","","","","","","","","","","","","","","","","","","","","","","","","","","","","","","","","","","","",""
"33167001","BORDEAUX_OBSERVATOIRE",44.831667,-0.525,74,1912121415,"","","","","","","","","","","","","","","","","","","","","","","","","","","","","","","","","","","","",11.4,9,"","","","","","","","","","","","","","","","","","","","","","","","","","","","","","","","","","","","","","","","","","","","",1035.9,9,1026.8,9,"","","","","","","","","","","","","","","","","","","","","","","","","","","","","","","","","","","","","","","","","","","","","","","","","","","","","","","","","","","","","","","","","","","","","","","","","","","","","","","","","","","","","","","","","","","","","","","","","","","","","","","","","","","","","","","",""
"33167001","BORDEAUX_OBSERVATOIRE",44.831667,-0.525,74,1912121418,"","","","","","","","","","","","","","","","","","","","","","","","","","","","","","","","","","","","",9.5,9,"","","","","","","","","","","","","","","","","","","","","","","","","","","","","","","","","","","","","","","","","","","","",1037.1,9,1027.9,9,"","","","","","","","","","","","","","","","","","","","","","","","","","","","","","","","","","","","","","","","","","","","","","","","","","","","","","","","","","","","","","","","","","","","","","","","","","","","","","","","","","","","","","","","","","","","","","","","","","","","","","","","","","","","","","","",""
"33167001","BORDEAUX_OBSERVATOIRE",44.831667,-0.525,74,1912121421,"","","","","","","","","","","","","","","","","","","","","","","","","","","","","","","","","","","","",7.8,9,"","","","","","","","","","","","","","","","","","","","","","","","","","","","","","","","","","","","","","","","","","","","",1037.2,9,1028.,9,"","","","","","","","","","","","","","","","","","","","","","","","","","","","","","","","","","","","","","","","","","","","","","","","","","","","","","","","","","","","","","","","","","","","","","","","","","","","","","","","","","","","","","","","","","","","","","","","","","","","","","","","","","","","","","","",""
"33167001","BORDEAUX_OBSERVATOIRE",44.831667,-0.525,74,1912121500,"","","","","","","","","","","","","","","","","","","","","","","","","","","","","","","","","","","","",7.6,9,"","","","","","","","","","","","","","","","","","","","","","","","","","","","","","","","","","","","","","","","","","","","",1037.2,9,1027.9,9,"","","","","","","","","","","","","","","","","","","","","","","","","","","","","","","","","","","","","","","","","","","","","","","","","","","","","","","","","","","","","","","","","","","","","","","","","","","","","","","","","","","","","","","","","","","","","","","","","","","","","","","","","","","","","","","",""
"33167001","BORDEAUX_OBSERVATOIRE",44.831667,-0.525,74,1912121503,"","","","","","","","","","","","","","","","","","","","","","","","","","","","","","","","","","","","",7.,9,"","","","","","","","","","","","","","","","","","","","","","","","","","","","","","","","","","","","","","","","","","","","",1037.2,9,1027.9,9,"","","","","","","","","","","","","","","","","","","","","","","","","","","","","","","","","","","","","","","","","","","","","","","","","","","","","","","","","","","","","","","","","","","","","","","","","","","","","","","","","","","","","","","","","","","","","","","","","","","","","","","","","","","","","","","",""
"33167001","BORDEAUX_OBSERVATOIRE",44.831667,-0.525,74,1912121507,"","","","","","","","","","","","","","","","","","","","","","","","","","","","","","","","","","","","",8.,9,"","","","","","","","","","","","","","","","","","","","","","","","","","","","","","","","","","","","","","","","","","","","",1037.4,9,1028.2,9,"","","","","","","","","","","","","","","","","","","","","","","","","","","","","","","","","","","","","","","","","","","","","","","","","","","","","","","","","","","","","","","","","","","","","","","","","","","","","","","","","","","","","","","","","","","","","","","","","","","","","","","","","","","","","","","",""
"33167001","BORDEAUX_OBSERVATOIRE",44.831667,-0.525,74,1912121509,"","","","","","","","","","","","","","","","","","","","","","","","","","","","","","","","","","","","",8.2,9,"","","","","","","","","","","","","","","","","","","","","","","","","","","","","","","","","","","","","","","","","","","","",1037.5,9,1028.3,9,"","","","","","","","","","","","","","","","","","","","","","","","","","","","","","","","","","","","","","","","","","","","","","","","","","","","","","","","","","","","","","","","","","","","","","","","","","","","","","","","","","","","","","","","","","","","","","","","","","","","","","","","","","","","","","","",""
"33167001","BORDEAUX_OBSERVATOIRE",44.831667,-0.525,74,1912121512,"","","","","","","","","","","","","","","","","","","","","","","","","","","","","","","","","","","","",11.3,9,"","","","","","","","","","","","","","","","","","","","","","","","","","","","","","","","","","","","","","","","","","","","",1036.5,9,1027.4,1,"","","","","","","","","","","","","","","","","","","","","","","","","","","","","","","","","","","","","","","","","","","","","","","","","","","","","","","","","","","","","","","","","","","","","","","","","","","","","","","","","","","","","","","","","","","","","","","","","","","","","","","","","","","","","","","",""
"33167001","BORDEAUX_OBSERVATOIRE",44.831667,-0.525,74,1912121515,"","","","","","","","","","","","","","","","","","","","","","","","","","","","","","","","","","","","",11.5,9,"","","","","","","","","","","","","","","","","","","","","","","","","","","","","","","","","","","","","","","","","","","","",1034.3,9,1025.2,9,"","","","","","","","","","","","","","","","","","","","","","","","","","","","","","","","","","","","","","","","","","","","","","","","","","","","","","","","","","","","","","","","","","","","","","","","","","","","","","","","","","","","","","","","","","","","","","","","","","","","","","","","","","","","","","","",""
"33167001","BORDEAUX_OBSERVATOIRE",44.831667,-0.525,74,1912121518,"","","","","","","","","","","","","","","","","","","","","","","","","","","","","","","","","","","","",10.8,9,"","","","","","","","","","","","","","","","","","","","","","","","","","","","","","","","","","","","","","","","","","","","",1032.6,9,1023.5,9,"","","","","","","","","","","","","","","","","","","","","","","","","","","","","","","","","","","","","","","","","","","","","","","","","","","","","","","","","","","","","","","","","","","","","","","","","","","","","","","","","","","","","","","","","","","","","","","","","","","","","","","","","","","","","","","",""
"33167001","BORDEAUX_OBSERVATOIRE",44.831667,-0.525,74,1912121521,"","","","","","","","","","","","","","","","","","","","","","","","","","","","","","","","","","","","",9.9,9,"","","","","","","","","","","","","","","","","","","","","","","","","","","","","","","","","","","","","","","","","","","","",1031.7,9,1022.6,9,"","","","","","","","","","","","","","","","","","","","","","","","","","","","","","","","","","","","","","","","","","","","","","","","","","","","","","","","","","","","","","","","","","","","","","","","","","","","","","","","","","","","","","","","","","","","","","","","","","","","","","","","","","","","","","","",""
"33167001","BORDEAUX_OBSERVATOIRE",44.831667,-0.525,74,1912121600,"","","","","","","","","","","","","","","","","","","","","","","","","","","","","","","","","","","","",8.5,9,"","","","","","","","","","","","","","","","","","","","","","","","","","","","","","","","","","","","","","","","","","","","",1030.3,9,1021.1,9,"","","","","","","","","","","","","","","","","","","","","","","","","","","","","","","","","","","","","","","","","","","","","","","","","","","","","","","","","","","","","","","","","","","","","","","","","","","","","","","","","","","","","","","","","","","","","","","","","","","","","","","","","","","","","","","",""
"33167001","BORDEAUX_OBSERVATOIRE",44.831667,-0.525,74,1912121603,"","","","","","","","","","","","","","","","","","","","","","","","","","","","","","","","","","","","",6.9,9,"","","","","","","","","","","","","","","","","","","","","","","","","","","","","","","","","","","","","","","","","","","","",1028.6,9,1019.4,9,"","","","","","","","","","","","","","","","","","","","","","","","","","","","","","","","","","","","","","","","","","","","","","","","","","","","","","","","","","","","","","","","","","","","","","","","","","","","","","","","","","","","","","","","","","","","","","","","","","","","","","","","","","","","","","","",""
"33167001","BORDEAUX_OBSERVATOIRE",44.831667,-0.525,74,1912121607,"","","","","","","","","","","","","","","","","","","","","","","","","","","","","","","","","","","","",5.,9,"","","","","","","","","","","","","","","","","","","","","","","","","","","","","","","","","","","","","","","","","","","","",1026.8,9,1017.5,9,"","","","","","","","","","","","","","","","","","","","","","","","","","","","","","","","","","","","","","","","","","","","","","","","","","","","","","","","","","","","","","","","","","","","","","","","","","","","","","","","","","","","","","","","","","","","","","","","","","","","","","","","","","","","","","","",""
"33167001","BORDEAUX_OBSERVATOIRE",44.831667,-0.525,74,1912121609,"","","","","","","","","","","","","","","","","","","","","","","","","","","","","","","","","","","","",6.2,9,"","","","","","","","","","","","","","","","","","","","","","","","","","","","","","","","","","","","","","","","","","","","",1026.6,9,1017.4,9,"","","","","","","","","","","","","","","","","","","","","","","","","","","","","","","","","","","","","","","","","","","","","","","","","","","","","","","","","","","","","","","","","","","","","","","","","","","","","","","","","","","","","","","","","","","","","","","","","","","","","","","","","","","","","","","",""
"33167001","BORDEAUX_OBSERVATOIRE",44.831667,-0.525,74,1912121612,"","","","","","","","","","","","","","","","","","","","","","","","","","","","","","","","","","","","",9.6,9,"","","","","","","","","","","","","","","","","","","","","","","","","","","","","","","","","","","","","","","","","","","","",1025.2,9,1016.1,1,"","","","","","","","","","","","","","","","","","","","","","","","","","","","","","","","","","","","","","","","","","","","","","","","","","","","","","","","","","","","","","","","","","","","","","","","","","","","","","","","","","","","","","","","","","","","","","","","","","","","","","","","","","","","","","","",""
"33167001","BORDEAUX_OBSERVATOIRE",44.831667,-0.525,74,1912121615,"","","","","","","","","","","","","","","","","","","","","","","","","","","","","","","","","","","","",11.4,9,"","","","","","","","","","","","","","","","","","","","","","","","","","","","","","","","","","","","","","","","","","","","",1023.2,9,1014.2,9,"","","","","","","","","","","","","","","","","","","","","","","","","","","","","","","","","","","","","","","","","","","","","","","","","","","","","","","","","","","","","","","","","","","","","","","","","","","","","","","","","","","","","","","","","","","","","","","","","","","","","","","","","","","","","","","",""
"33167001","BORDEAUX_OBSERVATOIRE",44.831667,-0.525,74,1912121618,"","","","","","","","","","","","","","","","","","","","","","","","","","","","","","","","","","","","",9.9,9,"","","","","","","","","","","","","","","","","","","","","","","","","","","","","","","","","","","","","","","","","","","","",1022.4,9,1013.4,9,"","","","","","","","","","","","","","","","","","","","","","","","","","","","","","","","","","","","","","","","","","","","","","","","","","","","","","","","","","","","","","","","","","","","","","","","","","","","","","","","","","","","","","","","","","","","","","","","","","","","","","","","","","","","","","","",""
"33167001","BORDEAUX_OBSERVATOIRE",44.831667,-0.525,74,1912121621,"","","","","","","","","","","","","","","","","","","","","","","","","","","","","","","","","","","","",9.,9,"","","","","","","","","","","","","","","","","","","","","","","","","","","","","","","","","","","","","","","","","","","","",1021.5,9,1012.4,9,"","","","","","","","","","","","","","","","","","","","","","","","","","","","","","","","","","","","","","","","","","","","","","","","","","","","","","","","","","","","","","","","","","","","","","","","","","","","","","","","","","","","","","","","","","","","","","","","","","","","","","","","","","","","","","","",""
"33167001","BORDEAUX_OBSERVATOIRE",44.831667,-0.525,74,1912121700,"","","","","","","","","","","","","","","","","","","","","","","","","","","","","","","","","","","","",9.9,9,"","","","","","","","","","","","","","","","","","","","","","","","","","","","","","","","","","","","","","","","","","","","",1020.4,9,1011.4,9,"","","","","","","","","","","","","","","","","","","","","","","","","","","","","","","","","","","","","","","","","","","","","","","","","","","","","","","","","","","","","","","","","","","","","","","","","","","","","","","","","","","","","","","","","","","","","","","","","","","","","","","","","","","","","","","",""
"33167001","BORDEAUX_OBSERVATOIRE",44.831667,-0.525,74,1912121703,"","","","","","","","","","","","","","","","","","","","","","","","","","","","","","","","","","","","",10.6,9,"","","","","","","","","","","","","","","","","","","","","","","","","","","","","","","","","","","","","","","","","","","","",1019.2,9,1010.2,9,"","","","","","","","","","","","","","","","","","","","","","","","","","","","","","","","","","","","","","","","","","","","","","","","","","","","","","","","","","","","","","","","","","","","","","","","","","","","","","","","","","","","","","","","","","","","","","","","","","","","","","","","","","","","","","","",""
"33167001","BORDEAUX_OBSERVATOIRE",44.831667,-0.525,74,1912121707,"","","","","","","","","","","","","","","","","","","","","","","","","","","","","","","","","","","","",7.7,9,"","","","","","","","","","","","","","","","","","","","","","","","","","","","","","","","","","","","","","","","","","","","",1020.8,9,1011.7,9,"","","","","","","","","","","","","","","","","","","","","","","","","","","","","","","","","","","","","","","","","","","","","","","","","","","","","","","","","","","","","","","","","","","","","","","","","","","","","","","","","","","","","","","","","","","","","","","","","","","","","","","","","","","","","","","",""
"33167001","BORDEAUX_OBSERVATOIRE",44.831667,-0.525,74,1912121709,"","","","","","","","","","","","","","","","","","","","","","","","","","","","","","","","","","","","",6.8,9,"","","","","","","","","","","","","","","","","","","","","","","","","","","","","","","","","","","","","","","","","","","","",1022.7,9,1013.5,9,"","","","","","","","","","","","","","","","","","","","","","","","","","","","","","","","","","","","","","","","","","","","","","","","","","","","","","","","","","","","","","","","","","","","","","","","","","","","","","","","","","","","","","","","","","","","","","","","","","","","","","","","","","","","","","","",""
"33167001","BORDEAUX_OBSERVATOIRE",44.831667,-0.525,74,1912121712,"","","","","","","","","","","","","","","","","","","","","","","","","","","","","","","","","","","","",7.8,9,"","","","","","","","","","","","","","","","","","","","","","","","","","","","","","","","","","","","","","","","","","","","",1023.,9,1013.9,1,"","","","","","","","","","","","","","","","","","","","","","","","","","","","","","","","","","","","","","","","","","","","","","","","","","","","","","","","","","","","","","","","","","","","","","","","","","","","","","","","","","","","","","","","","","","","","","","","","","","","","","","","","","","","","","","",""
"33167001","BORDEAUX_OBSERVATOIRE",44.831667,-0.525,74,1912121715,"","","","","","","","","","","","","","","","","","","","","","","","","","","","","","","","","","","","",8.9,9,"","","","","","","","","","","","","","","","","","","","","","","","","","","","","","","","","","","","","","","","","","","","",1022.1,9,1013.,9,"","","","","","","","","","","","","","","","","","","","","","","","","","","","","","","","","","","","","","","","","","","","","","","","","","","","","","","","","","","","","","","","","","","","","","","","","","","","","","","","","","","","","","","","","","","","","","","","","","","","","","","","","","","","","","","",""
"33167001","BORDEAUX_OBSERVATOIRE",44.831667,-0.525,74,1912121718,"","","","","","","","","","","","","","","","","","","","","","","","","","","","","","","","","","","","",6.1,9,"","","","","","","","","","","","","","","","","","","","","","","","","","","","","","","","","","","","","","","","","","","","",1022.1,9,1012.9,9,"","","","","","","","","","","","","","","","","","","","","","","","","","","","","","","","","","","","","","","","","","","","","","","","","","","","","","","","","","","","","","","","","","","","","","","","","","","","","","","","","","","","","","","","","","","","","","","","","","","","","","","","","","","","","","","",""
"33167001","BORDEAUX_OBSERVATOIRE",44.831667,-0.525,74,1912121721,"","","","","","","","","","","","","","","","","","","","","","","","","","","","","","","","","","","","",4.1,9,"","","","","","","","","","","","","","","","","","","","","","","","","","","","","","","","","","","","","","","","","","","","",1020.4,9,1011.2,9,"","","","","","","","","","","","","","","","","","","","","","","","","","","","","","","","","","","","","","","","","","","","","","","","","","","","","","","","","","","","","","","","","","","","","","","","","","","","","","","","","","","","","","","","","","","","","","","","","","","","","","","","","","","","","","","",""
"33167001","BORDEAUX_OBSERVATOIRE",44.831667,-0.525,74,1912121800,"","","","","","","","","","","","","","","","","","","","","","","","","","","","","","","","","","","","",3.7,9,"","","","","","","","","","","","","","","","","","","","","","","","","","","","","","","","","","","","","","","","","","","","",1018.6,9,1009.4,9,"","","","","","","","","","","","","","","","","","","","","","","","","","","","","","","","","","","","","","","","","","","","","","","","","","","","","","","","","","","","","","","","","","","","","","","","","","","","","","","","","","","","","","","","","","","","","","","","","","","","","","","","","","","","","","","",""
"33167001","BORDEAUX_OBSERVATOIRE",44.831667,-0.525,74,1912121803,"","","","","","","","","","","","","","","","","","","","","","","","","","","","","","","","","","","","",2.2,9,"","","","","","","","","","","","","","","","","","","","","","","","","","","","","","","","","","","","","","","","","","","","",1015.6,9,1006.4,9,"","","","","","","","","","","","","","","","","","","","","","","","","","","","","","","","","","","","","","","","","","","","","","","","","","","","","","","","","","","","","","","","","","","","","","","","","","","","","","","","","","","","","","","","","","","","","","","","","","","","","","","","","","","","","","","",""
"33167001","BORDEAUX_OBSERVATOIRE",44.831667,-0.525,74,1912121807,"","","","","","","","","","","","","","","","","","","","","","","","","","","","","","","","","","","","",1.5,9,"","","","","","","","","","","","","","","","","","","","","","","","","","","","","","","","","","","","","","","","","","","","",1012.2,9,1003.,9,"","","","","","","","","","","","","","","","","","","","","","","","","","","","","","","","","","","","","","","","","","","","","","","","","","","","","","","","","","","","","","","","","","","","","","","","","","","","","","","","","","","","","","","","","","","","","","","","","","","","","","","","","","","","","","","",""
"33167001","BORDEAUX_OBSERVATOIRE",44.831667,-0.525,74,1912121809,"","","","","","","","","","","","","","","","","","","","","","","","","","","","","","","","","","","","",3.3,9,"","","","","","","","","","","","","","","","","","","","","","","","","","","","","","","","","","","","","","","","","","","","",1012.7,9,1003.5,9,"","","","","","","","","","","","","","","","","","","","","","","","","","","","","","","","","","","","","","","","","","","","","","","","","","","","","","","","","","","","","","","","","","","","","","","","","","","","","","","","","","","","","","","","","","","","","","","","","","","","","","","","","","","","","","","",""
"33167001","BORDEAUX_OBSERVATOIRE",44.831667,-0.525,74,1912121812,"","","","","","","","","","","","","","","","","","","","","","","","","","","","","","","","","","","","",8.,9,"","","","","","","","","","","","","","","","","","","","","","","","","","","","","","","","","","","","","","","","","","","","",1011.7,9,1002.7,1,"","","","","","","","","","","","","","","","","","","","","","","","","","","","","","","","","","","","","","","","","","","","","","","","","","","","","","","","","","","","","","","","","","","","","","","","","","","","","","","","","","","","","","","","","","","","","","","","","","","","","","","","","","","","","","","",""
"33167001","BORDEAUX_OBSERVATOIRE",44.831667,-0.525,74,1912121815,"","","","","","","","","","","","","","","","","","","","","","","","","","","","","","","","","","","","",10.1,9,"","","","","","","","","","","","","","","","","","","","","","","","","","","","","","","","","","","","","","","","","","","","",1013.,9,1004.,9,"","","","","","","","","","","","","","","","","","","","","","","","","","","","","","","","","","","","","","","","","","","","","","","","","","","","","","","","","","","","","","","","","","","","","","","","","","","","","","","","","","","","","","","","","","","","","","","","","","","","","","","","","","","","","","","",""
"33167001","BORDEAUX_OBSERVATOIRE",44.831667,-0.525,74,1912121818,"","","","","","","","","","","","","","","","","","","","","","","","","","","","","","","","","","","","",9.1,9,"","","","","","","","","","","","","","","","","","","","","","","","","","","","","","","","","","","","","","","","","","","","",1016.8,9,1007.8,9,"","","","","","","","","","","","","","","","","","","","","","","","","","","","","","","","","","","","","","","","","","","","","","","","","","","","","","","","","","","","","","","","","","","","","","","","","","","","","","","","","","","","","","","","","","","","","","","","","","","","","","","","","","","","","","","",""
"33167001","BORDEAUX_OBSERVATOIRE",44.831667,-0.525,74,1912121821,"","","","","","","","","","","","","","","","","","","","","","","","","","","","","","","","","","","","",8.5,9,"","","","","","","","","","","","","","","","","","","","","","","","","","","","","","","","","","","","","","","","","","","","",1019.,9,1009.9,9,"","","","","","","","","","","","","","","","","","","","","","","","","","","","","","","","","","","","","","","","","","","","","","","","","","","","","","","","","","","","","","","","","","","","","","","","","","","","","","","","","","","","","","","","","","","","","","","","","","","","","","","","","","","","","","","",""
"33167001","BORDEAUX_OBSERVATOIRE",44.831667,-0.525,74,1912121900,"","","","","","","","","","","","","","","","","","","","","","","","","","","","","","","","","","","","",5.8,9,"","","","","","","","","","","","","","","","","","","","","","","","","","","","","","","","","","","","","","","","","","","","",1020.2,9,1011.,9,"","","","","","","","","","","","","","","","","","","","","","","","","","","","","","","","","","","","","","","","","","","","","","","","","","","","","","","","","","","","","","","","","","","","","","","","","","","","","","","","","","","","","","","","","","","","","","","","","","","","","","","","","","","","","","","",""
"33167001","BORDEAUX_OBSERVATOIRE",44.831667,-0.525,74,1912121903,"","","","","","","","","","","","","","","","","","","","","","","","","","","","","","","","","","","","",4.2,9,"","","","","","","","","","","","","","","","","","","","","","","","","","","","","","","","","","","","","","","","","","","","",1020.4,9,1011.2,9,"","","","","","","","","","","","","","","","","","","","","","","","","","","","","","","","","","","","","","","","","","","","","","","","","","","","","","","","","","","","","","","","","","","","","","","","","","","","","","","","","","","","","","","","","","","","","","","","","","","","","","","","","","","","","","","",""
"33167001","BORDEAUX_OBSERVATOIRE",44.831667,-0.525,74,1912121907,"","","","","","","","","","","","","","","","","","","","","","","","","","","","","","","","","","","","",2.6,9,"","","","","","","","","","","","","","","","","","","","","","","","","","","","","","","","","","","","","","","","","","","","",1020.7,9,1011.4,9,"","","","","","","","","","","","","","","","","","","","","","","","","","","","","","","","","","","","","","","","","","","","","","","","","","","","","","","","","","","","","","","","","","","","","","","","","","","","","","","","","","","","","","","","","","","","","","","","","","","","","","","","","","","","","","","",""
"33167001","BORDEAUX_OBSERVATOIRE",44.831667,-0.525,74,1912121909,"","","","","","","","","","","","","","","","","","","","","","","","","","","","","","","","","","","","",5.3,9,"","","","","","","","","","","","","","","","","","","","","","","","","","","","","","","","","","","","","","","","","","","","",1021.1,9,1011.9,9,"","","","","","","","","","","","","","","","","","","","","","","","","","","","","","","","","","","","","","","","","","","","","","","","","","","","","","","","","","","","","","","","","","","","","","","","","","","","","","","","","","","","","","","","","","","","","","","","","","","","","","","","","","","","","","","",""
"33167001","BORDEAUX_OBSERVATOIRE",44.831667,-0.525,74,1912121912,"","","","","","","","","","","","","","","","","","","","","","","","","","","","","","","","","","","","",7.,9,"","","","","","","","","","","","","","","","","","","","","","","","","","","","","","","","","","","","","","","","","","","","",1020.8,9,1011.7,1,"","","","","","","","","","","","","","","","","","","","","","","","","","","","","","","","","","","","","","","","","","","","","","","","","","","","","","","","","","","","","","","","","","","","","","","","","","","","","","","","","","","","","","","","","","","","","","","","","","","","","","","","","","","","","","","",""
"33167001","BORDEAUX_OBSERVATOIRE",44.831667,-0.525,74,1912121915,"","","","","","","","","","","","","","","","","","","","","","","","","","","","","","","","","","","","",6.6,9,"","","","","","","","","","","","","","","","","","","","","","","","","","","","","","","","","","","","","","","","","","","","",1019.5,9,1010.4,9,"","","","","","","","","","","","","","","","","","","","","","","","","","","","","","","","","","","","","","","","","","","","","","","","","","","","","","","","","","","","","","","","","","","","","","","","","","","","","","","","","","","","","","","","","","","","","","","","","","","","","","","","","","","","","","","",""
"33167001","BORDEAUX_OBSERVATOIRE",44.831667,-0.525,74,1912121918,"","","","","","","","","","","","","","","","","","","","","","","","","","","","","","","","","","","","",6.8,9,"","","","","","","","","","","","","","","","","","","","","","","","","","","","","","","","","","","","","","","","","","","","",1019.,9,1009.9,9,"","","","","","","","","","","","","","","","","","","","","","","","","","","","","","","","","","","","","","","","","","","","","","","","","","","","","","","","","","","","","","","","","","","","","","","","","","","","","","","","","","","","","","","","","","","","","","","","","","","","","","","","","","","","","","","",""
"33167001","BORDEAUX_OBSERVATOIRE",44.831667,-0.525,74,1912121921,"","","","","","","","","","","","","","","","","","","","","","","","","","","","","","","","","","","","",5.,9,"","","","","","","","","","","","","","","","","","","","","","","","","","","","","","","","","","","","","","","","","","","","",1018.4,9,1009.2,9,"","","","","","","","","","","","","","","","","","","","","","","","","","","","","","","","","","","","","","","","","","","","","","","","","","","","","","","","","","","","","","","","","","","","","","","","","","","","","","","","","","","","","","","","","","","","","","","","","","","","","","","","","","","","","","","",""
"33167001","BORDEAUX_OBSERVATOIRE",44.831667,-0.525,74,1912122000,"","","","","","","","","","","","","","","","","","","","","","","","","","","","","","","","","","","","",5.1,9,"","","","","","","","","","","","","","","","","","","","","","","","","","","","","","","","","","","","","","","","","","","","",1018.2,9,1009.,9,"","","","","","","","","","","","","","","","","","","","","","","","","","","","","","","","","","","","","","","","","","","","","","","","","","","","","","","","","","","","","","","","","","","","","","","","","","","","","","","","","","","","","","","","","","","","","","","","","","","","","","","","","","","","","","","",""
"33167001","BORDEAUX_OBSERVATOIRE",44.831667,-0.525,74,1912122003,"","","","","","","","","","","","","","","","","","","","","","","","","","","","","","","","","","","","",4.2,9,"","","","","","","","","","","","","","","","","","","","","","","","","","","","","","","","","","","","","","","","","","","","",1017.9,9,1008.7,9,"","","","","","","","","","","","","","","","","","","","","","","","","","","","","","","","","","","","","","","","","","","","","","","","","","","","","","","","","","","","","","","","","","","","","","","","","","","","","","","","","","","","","","","","","","","","","","","","","","","","","","","","","","","","","","","",""
"33167001","BORDEAUX_OBSERVATOIRE",44.831667,-0.525,74,1912122007,"","","","","","","","","","","","","","","","","","","","","","","","","","","","","","","","","","","","",4.1,9,"","","","","","","","","","","","","","","","","","","","","","","","","","","","","","","","","","","","","","","","","","","","",1018.1,9,1008.9,9,"","","","","","","","","","","","","","","","","","","","","","","","","","","","","","","","","","","","","","","","","","","","","","","","","","","","","","","","","","","","","","","","","","","","","","","","","","","","","","","","","","","","","","","","","","","","","","","","","","","","","","","","","","","","","","","",""
"33167001","BORDEAUX_OBSERVATOIRE",44.831667,-0.525,74,1912122009,"","","","","","","","","","","","","","","","","","","","","","","","","","","","","","","","","","","","",6.3,9,"","","","","","","","","","","","","","","","","","","","","","","","","","","","","","","","","","","","","","","","","","","","",1018.1,9,1009.,9,"","","","","","","","","","","","","","","","","","","","","","","","","","","","","","","","","","","","","","","","","","","","","","","","","","","","","","","","","","","","","","","","","","","","","","","","","","","","","","","","","","","","","","","","","","","","","","","","","","","","","","","","","","","","","","","",""
"33167001","BORDEAUX_OBSERVATOIRE",44.831667,-0.525,74,1912122012,"","","","","","","","","","","","","","","","","","","","","","","","","","","","","","","","","","","","",10.,9,"","","","","","","","","","","","","","","","","","","","","","","","","","","","","","","","","","","","","","","","","","","","",1017.5,9,1008.5,1,"","","","","","","","","","","","","","","","","","","","","","","","","","","","","","","","","","","","","","","","","","","","","","","","","","","","","","","","","","","","","","","","","","","","","","","","","","","","","","","","","","","","","","","","","","","","","","","","","","","","","","","","","","","","","","","",""
"33167001","BORDEAUX_OBSERVATOIRE",44.831667,-0.525,74,1912122015,"","","","","","","","","","","","","","","","","","","","","","","","","","","","","","","","","","","","",11.3,9,"","","","","","","","","","","","","","","","","","","","","","","","","","","","","","","","","","","","","","","","","","","","",1016.8,9,1007.9,9,"","","","","","","","","","","","","","","","","","","","","","","","","","","","","","","","","","","","","","","","","","","","","","","","","","","","","","","","","","","","","","","","","","","","","","","","","","","","","","","","","","","","","","","","","","","","","","","","","","","","","","","","","","","","","","","",""
"33167001","BORDEAUX_OBSERVATOIRE",44.831667,-0.525,74,1912122018,"","","","","","","","","","","","","","","","","","","","","","","","","","","","","","","","","","","","",9.9,9,"","","","","","","","","","","","","","","","","","","","","","","","","","","","","","","","","","","","","","","","","","","","",1016.9,9,1007.9,9,"","","","","","","","","","","","","","","","","","","","","","","","","","","","","","","","","","","","","","","","","","","","","","","","","","","","","","","","","","","","","","","","","","","","","","","","","","","","","","","","","","","","","","","","","","","","","","","","","","","","","","","","","","","","","","","",""
"33167001","BORDEAUX_OBSERVATOIRE",44.831667,-0.525,74,1912122021,"","","","","","","","","","","","","","","","","","","","","","","","","","","","","","","","","","","","",8.6,9,"","","","","","","","","","","","","","","","","","","","","","","","","","","","","","","","","","","","","","","","","","","","",1017.6,9,1008.6,9,"","","","","","","","","","","","","","","","","","","","","","","","","","","","","","","","","","","","","","","","","","","","","","","","","","","","","","","","","","","","","","","","","","","","","","","","","","","","","","","","","","","","","","","","","","","","","","","","","","","","","","","","","","","","","","","",""
"33167001","BORDEAUX_OBSERVATOIRE",44.831667,-0.525,74,1912122100,"","","","","","","","","","","","","","","","","","","","","","","","","","","","","","","","","","","","",7.9,9,"","","","","","","","","","","","","","","","","","","","","","","","","","","","","","","","","","","","","","","","","","","","",1018.5,9,1009.4,9,"","","","","","","","","","","","","","","","","","","","","","","","","","","","","","","","","","","","","","","","","","","","","","","","","","","","","","","","","","","","","","","","","","","","","","","","","","","","","","","","","","","","","","","","","","","","","","","","","","","","","","","","","","","","","","","",""
"33167001","BORDEAUX_OBSERVATOIRE",44.831667,-0.525,74,1912122103,"","","","","","","","","","","","","","","","","","","","","","","","","","","","","","","","","","","","",6.7,9,"","","","","","","","","","","","","","","","","","","","","","","","","","","","","","","","","","","","","","","","","","","","",1018.2,9,1009.1,9,"","","","","","","","","","","","","","","","","","","","","","","","","","","","","","","","","","","","","","","","","","","","","","","","","","","","","","","","","","","","","","","","","","","","","","","","","","","","","","","","","","","","","","","","","","","","","","","","","","","","","","","","","","","","","","","",""
"33167001","BORDEAUX_OBSERVATOIRE",44.831667,-0.525,74,1912122107,"","","","","","","","","","","","","","","","","","","","","","","","","","","","","","","","","","","","",5.5,9,"","","","","","","","","","","","","","","","","","","","","","","","","","","","","","","","","","","","","","","","","","","","",1018.2,9,1009.,9,"","","","","","","","","","","","","","","","","","","","","","","","","","","","","","","","","","","","","","","","","","","","","","","","","","","","","","","","","","","","","","","","","","","","","","","","","","","","","","","","","","","","","","","","","","","","","","","","","","","","","","","","","","","","","","","",""
"33167001","BORDEAUX_OBSERVATOIRE",44.831667,-0.525,74,1912122109,"","","","","","","","","","","","","","","","","","","","","","","","","","","","","","","","","","","","",7.1,9,"","","","","","","","","","","","","","","","","","","","","","","","","","","","","","","","","","","","","","","","","","","","",1018.5,9,1009.4,9,"","","","","","","","","","","","","","","","","","","","","","","","","","","","","","","","","","","","","","","","","","","","","","","","","","","","","","","","","","","","","","","","","","","","","","","","","","","","","","","","","","","","","","","","","","","","","","","","","","","","","","","","","","","","","","","",""
"33167001","BORDEAUX_OBSERVATOIRE",44.831667,-0.525,74,1912122112,"","","","","","","","","","","","","","","","","","","","","","","","","","","","","","","","","","","","",11.7,9,"","","","","","","","","","","","","","","","","","","","","","","","","","","","","","","","","","","","","","","","","","","","",1017.5,9,1008.6,1,"","","","","","","","","","","","","","","","","","","","","","","","","","","","","","","","","","","","","","","","","","","","","","","","","","","","","","","","","","","","","","","","","","","","","","","","","","","","","","","","","","","","","","","","","","","","","","","","","","","","","","","","","","","","","","","",""
"33167001","BORDEAUX_OBSERVATOIRE",44.831667,-0.525,74,1912122115,"","","","","","","","","","","","","","","","","","","","","","","","","","","","","","","","","","","","",12.4,9,"","","","","","","","","","","","","","","","","","","","","","","","","","","","","","","","","","","","","","","","","","","","",1016.5,9,1007.6,9,"","","","","","","","","","","","","","","","","","","","","","","","","","","","","","","","","","","","","","","","","","","","","","","","","","","","","","","","","","","","","","","","","","","","","","","","","","","","","","","","","","","","","","","","","","","","","","","","","","","","","","","","","","","","","","","",""
"33167001","BORDEAUX_OBSERVATOIRE",44.831667,-0.525,74,1912122118,"","","","","","","","","","","","","","","","","","","","","","","","","","","","","","","","","","","","",10.6,9,"","","","","","","","","","","","","","","","","","","","","","","","","","","","","","","","","","","","","","","","","","","","",1017.1,9,1008.1,9,"","","","","","","","","","","","","","","","","","","","","","","","","","","","","","","","","","","","","","","","","","","","","","","","","","","","","","","","","","","","","","","","","","","","","","","","","","","","","","","","","","","","","","","","","","","","","","","","","","","","","","","","","","","","","","","",""
"33167001","BORDEAUX_OBSERVATOIRE",44.831667,-0.525,74,1912122121,"","","","","","","","","","","","","","","","","","","","","","","","","","","","","","","","","","","","",9.7,9,"","","","","","","","","","","","","","","","","","","","","","","","","","","","","","","","","","","","","","","","","","","","",1017.,9,1008.,9,"","","","","","","","","","","","","","","","","","","","","","","","","","","","","","","","","","","","","","","","","","","","","","","","","","","","","","","","","","","","","","","","","","","","","","","","","","","","","","","","","","","","","","","","","","","","","","","","","","","","","","","","","","","","","","","",""
"33167001","BORDEAUX_OBSERVATOIRE",44.831667,-0.525,74,1912122200,"","","","","","","","","","","","","","","","","","","","","","","","","","","","","","","","","","","","",8.3,9,"","","","","","","","","","","","","","","","","","","","","","","","","","","","","","","","","","","","","","","","","","","","",1016.5,9,1007.5,9,"","","","","","","","","","","","","","","","","","","","","","","","","","","","","","","","","","","","","","","","","","","","","","","","","","","","","","","","","","","","","","","","","","","","","","","","","","","","","","","","","","","","","","","","","","","","","","","","","","","","","","","","","","","","","","","",""
"33167001","BORDEAUX_OBSERVATOIRE",44.831667,-0.525,74,1912122203,"","","","","","","","","","","","","","","","","","","","","","","","","","","","","","","","","","","","",7.4,9,"","","","","","","","","","","","","","","","","","","","","","","","","","","","","","","","","","","","","","","","","","","","",1015.9,9,1006.8,9,"","","","","","","","","","","","","","","","","","","","","","","","","","","","","","","","","","","","","","","","","","","","","","","","","","","","","","","","","","","","","","","","","","","","","","","","","","","","","","","","","","","","","","","","","","","","","","","","","","","","","","","","","","","","","","","",""
"33167001","BORDEAUX_OBSERVATOIRE",44.831667,-0.525,74,1912122207,"","","","","","","","","","","","","","","","","","","","","","","","","","","","","","","","","","","","",6.,9,"","","","","","","","","","","","","","","","","","","","","","","","","","","","","","","","","","","","","","","","","","","","",1015.8,9,1006.7,9,"","","","","","","","","","","","","","","","","","","","","","","","","","","","","","","","","","","","","","","","","","","","","","","","","","","","","","","","","","","","","","","","","","","","","","","","","","","","","","","","","","","","","","","","","","","","","","","","","","","","","","","","","","","","","","","",""
"33167001","BORDEAUX_OBSERVATOIRE",44.831667,-0.525,74,1912122209,"","","","","","","","","","","","","","","","","","","","","","","","","","","","","","","","","","","","",7.,9,"","","","","","","","","","","","","","","","","","","","","","","","","","","","","","","","","","","","","","","","","","","","",1016.6,9,1007.5,9,"","","","","","","","","","","","","","","","","","","","","","","","","","","","","","","","","","","","","","","","","","","","","","","","","","","","","","","","","","","","","","","","","","","","","","","","","","","","","","","","","","","","","","","","","","","","","","","","","","","","","","","","","","","","","","","",""
"33167001","BORDEAUX_OBSERVATOIRE",44.831667,-0.525,74,1912122212,"","","","","","","","","","","","","","","","","","","","","","","","","","","","","","","","","","","","",11.2,9,"","","","","","","","","","","","","","","","","","","","","","","","","","","","","","","","","","","","","","","","","","","","",1016.4,9,1007.5,1,"","","","","","","","","","","","","","","","","","","","","","","","","","","","","","","","","","","","","","","","","","","","","","","","","","","","","","","","","","","","","","","","","","","","","","","","","","","","","","","","","","","","","","","","","","","","","","","","","","","","","","","","","","","","","","","",""
"33167001","BORDEAUX_OBSERVATOIRE",44.831667,-0.525,74,1912122215,"","","","","","","","","","","","","","","","","","","","","","","","","","","","","","","","","","","","",13.1,9,"","","","","","","","","","","","","","","","","","","","","","","","","","","","","","","","","","","","","","","","","","","","",1015.2,9,1006.3,9,"","","","","","","","","","","","","","","","","","","","","","","","","","","","","","","","","","","","","","","","","","","","","","","","","","","","","","","","","","","","","","","","","","","","","","","","","","","","","","","","","","","","","","","","","","","","","","","","","","","","","","","","","","","","","","","",""
"33167001","BORDEAUX_OBSERVATOIRE",44.831667,-0.525,74,1912122218,"","","","","","","","","","","","","","","","","","","","","","","","","","","","","","","","","","","","",11.2,9,"","","","","","","","","","","","","","","","","","","","","","","","","","","","","","","","","","","","","","","","","","","","",1015.6,9,1006.7,9,"","","","","","","","","","","","","","","","","","","","","","","","","","","","","","","","","","","","","","","","","","","","","","","","","","","","","","","","","","","","","","","","","","","","","","","","","","","","","","","","","","","","","","","","","","","","","","","","","","","","","","","","","","","","","","","",""
"33167001","BORDEAUX_OBSERVATOIRE",44.831667,-0.525,74,1912122221,"","","","","","","","","","","","","","","","","","","","","","","","","","","","","","","","","","","","",9.7,9,"","","","","","","","","","","","","","","","","","","","","","","","","","","","","","","","","","","","","","","","","","","","",1016.6,9,1007.6,9,"","","","","","","","","","","","","","","","","","","","","","","","","","","","","","","","","","","","","","","","","","","","","","","","","","","","","","","","","","","","","","","","","","","","","","","","","","","","","","","","","","","","","","","","","","","","","","","","","","","","","","","","","","","","","","","",""
"33167001","BORDEAUX_OBSERVATOIRE",44.831667,-0.525,74,1912122300,"","","","","","","","","","","","","","","","","","","","","","","","","","","","","","","","","","","","",7.2,9,"","","","","","","","","","","","","","","","","","","","","","","","","","","","","","","","","","","","","","","","","","","","",1017.,9,1007.9,9,"","","","","","","","","","","","","","","","","","","","","","","","","","","","","","","","","","","","","","","","","","","","","","","","","","","","","","","","","","","","","","","","","","","","","","","","","","","","","","","","","","","","","","","","","","","","","","","","","","","","","","","","","","","","","","","",""
"33167001","BORDEAUX_OBSERVATOIRE",44.831667,-0.525,74,1912122303,"","","","","","","","","","","","","","","","","","","","","","","","","","","","","","","","","","","","",5.9,9,"","","","","","","","","","","","","","","","","","","","","","","","","","","","","","","","","","","","","","","","","","","","",1017.1,9,1008.,9,"","","","","","","","","","","","","","","","","","","","","","","","","","","","","","","","","","","","","","","","","","","","","","","","","","","","","","","","","","","","","","","","","","","","","","","","","","","","","","","","","","","","","","","","","","","","","","","","","","","","","","","","","","","","","","","",""
"33167001","BORDEAUX_OBSERVATOIRE",44.831667,-0.525,74,1912122307,"","","","","","","","","","","","","","","","","","","","","","","","","","","","","","","","","","","","",1.8,9,"","","","","","","","","","","","","","","","","","","","","","","","","","","","","","","","","","","","","","","","","","","","",1018.4,9,1009.1,9,"","","","","","","","","","","","","","","","","","","","","","","","","","","","","","","","","","","","","","","","","","","","","","","","","","","","","","","","","","","","","","","","","","","","","","","","","","","","","","","","","","","","","","","","","","","","","","","","","","","","","","","","","","","","","","","",""
"33167001","BORDEAUX_OBSERVATOIRE",44.831667,-0.525,74,1912122309,"","","","","","","","","","","","","","","","","","","","","","","","","","","","","","","","","","","","",2.1,9,"","","","","","","","","","","","","","","","","","","","","","","","","","","","","","","","","","","","","","","","","","","","",1019.6,9,1010.3,9,"","","","","","","","","","","","","","","","","","","","","","","","","","","","","","","","","","","","","","","","","","","","","","","","","","","","","","","","","","","","","","","","","","","","","","","","","","","","","","","","","","","","","","","","","","","","","","","","","","","","","","","","","","","","","","","",""
"33167001","BORDEAUX_OBSERVATOIRE",44.831667,-0.525,74,1912122312,"","","","","","","","","","","","","","","","","","","","","","","","","","","","","","","","","","","","",5.5,9,"","","","","","","","","","","","","","","","","","","","","","","","","","","","","","","","","","","","","","","","","","","","",1020.2,9,1011.,1,"","","","","","","","","","","","","","","","","","","","","","","","","","","","","","","","","","","","","","","","","","","","","","","","","","","","","","","","","","","","","","","","","","","","","","","","","","","","","","","","","","","","","","","","","","","","","","","","","","","","","","","","","","","","","","","",""
"33167001","BORDEAUX_OBSERVATOIRE",44.831667,-0.525,74,1912122315,"","","","","","","","","","","","","","","","","","","","","","","","","","","","","","","","","","","","",8.8,9,"","","","","","","","","","","","","","","","","","","","","","","","","","","","","","","","","","","","","","","","","","","","",1020.5,9,1011.4,9,"","","","","","","","","","","","","","","","","","","","","","","","","","","","","","","","","","","","","","","","","","","","","","","","","","","","","","","","","","","","","","","","","","","","","","","","","","","","","","","","","","","","","","","","","","","","","","","","","","","","","","","","","","","","","","","",""
"33167001","BORDEAUX_OBSERVATOIRE",44.831667,-0.525,74,1912122318,"","","","","","","","","","","","","","","","","","","","","","","","","","","","","","","","","","","","",9.3,9,"","","","","","","","","","","","","","","","","","","","","","","","","","","","","","","","","","","","","","","","","","","","",1022.2,9,1013.1,9,"","","","","","","","","","","","","","","","","","","","","","","","","","","","","","","","","","","","","","","","","","","","","","","","","","","","","","","","","","","","","","","","","","","","","","","","","","","","","","","","","","","","","","","","","","","","","","","","","","","","","","","","","","","","","","","",""
"33167001","BORDEAUX_OBSERVATOIRE",44.831667,-0.525,74,1912122321,"","","","","","","","","","","","","","","","","","","","","","","","","","","","","","","","","","","","",7.2,9,"","","","","","","","","","","","","","","","","","","","","","","","","","","","","","","","","","","","","","","","","","","","",1023.8,9,1014.7,9,"","","","","","","","","","","","","","","","","","","","","","","","","","","","","","","","","","","","","","","","","","","","","","","","","","","","","","","","","","","","","","","","","","","","","","","","","","","","","","","","","","","","","","","","","","","","","","","","","","","","","","","","","","","","","","","",""
"33167001","BORDEAUX_OBSERVATOIRE",44.831667,-0.525,74,1912122400,"","","","","","","","","","","","","","","","","","","","","","","","","","","","","","","","","","","","",7.,9,"","","","","","","","","","","","","","","","","","","","","","","","","","","","","","","","","","","","","","","","","","","","",1025.2,9,1016.,9,"","","","","","","","","","","","","","","","","","","","","","","","","","","","","","","","","","","","","","","","","","","","","","","","","","","","","","","","","","","","","","","","","","","","","","","","","","","","","","","","","","","","","","","","","","","","","","","","","","","","","","","","","","","","","","","",""
"33167001","BORDEAUX_OBSERVATOIRE",44.831667,-0.525,74,1912122403,"","","","","","","","","","","","","","","","","","","","","","","","","","","","","","","","","","","","",7.6,9,"","","","","","","","","","","","","","","","","","","","","","","","","","","","","","","","","","","","","","","","","","","","",1026.6,9,1017.4,9,"","","","","","","","","","","","","","","","","","","","","","","","","","","","","","","","","","","","","","","","","","","","","","","","","","","","","","","","","","","","","","","","","","","","","","","","","","","","","","","","","","","","","","","","","","","","","","","","","","","","","","","","","","","","","","","",""
"33167001","BORDEAUX_OBSERVATOIRE",44.831667,-0.525,74,1912122407,"","","","","","","","","","","","","","","","","","","","","","","","","","","","","","","","","","","","",7.9,9,"","","","","","","","","","","","","","","","","","","","","","","","","","","","","","","","","","","","","","","","","","","","",1027.8,9,1018.6,9,"","","","","","","","","","","","","","","","","","","","","","","","","","","","","","","","","","","","","","","","","","","","","","","","","","","","","","","","","","","","","","","","","","","","","","","","","","","","","","","","","","","","","","","","","","","","","","","","","","","","","","","","","","","","","","","",""
"33167001","BORDEAUX_OBSERVATOIRE",44.831667,-0.525,74,1912122409,"","","","","","","","","","","","","","","","","","","","","","","","","","","","","","","","","","","","",8.1,9,"","","","","","","","","","","","","","","","","","","","","","","","","","","","","","","","","","","","","","","","","","","","",1029.1,9,1019.9,9,"","","","","","","","","","","","","","","","","","","","","","","","","","","","","","","","","","","","","","","","","","","","","","","","","","","","","","","","","","","","","","","","","","","","","","","","","","","","","","","","","","","","","","","","","","","","","","","","","","","","","","","","","","","","","","","",""
"33167001","BORDEAUX_OBSERVATOIRE",44.831667,-0.525,74,1912122412,"","","","","","","","","","","","","","","","","","","","","","","","","","","","","","","","","","","","",11.,9,"","","","","","","","","","","","","","","","","","","","","","","","","","","","","","","","","","","","","","","","","","","","",1029.3,9,1020.2,1,"","","","","","","","","","","","","","","","","","","","","","","","","","","","","","","","","","","","","","","","","","","","","","","","","","","","","","","","","","","","","","","","","","","","","","","","","","","","","","","","","","","","","","","","","","","","","","","","","","","","","","","","","","","","","","","",""
"33167001","BORDEAUX_OBSERVATOIRE",44.831667,-0.525,74,1912122415,"","","","","","","","","","","","","","","","","","","","","","","","","","","","","","","","","","","","",13.,9,"","","","","","","","","","","","","","","","","","","","","","","","","","","","","","","","","","","","","","","","","","","","",1028.,9,1019.,9,"","","","","","","","","","","","","","","","","","","","","","","","","","","","","","","","","","","","","","","","","","","","","","","","","","","","","","","","","","","","","","","","","","","","","","","","","","","","","","","","","","","","","","","","","","","","","","","","","","","","","","","","","","","","","","","",""
"33167001","BORDEAUX_OBSERVATOIRE",44.831667,-0.525,74,1912122418,"","","","","","","","","","","","","","","","","","","","","","","","","","","","","","","","","","","","",10.5,9,"","","","","","","","","","","","","","","","","","","","","","","","","","","","","","","","","","","","","","","","","","","","",1028.2,9,1019.1,9,"","","","","","","","","","","","","","","","","","","","","","","","","","","","","","","","","","","","","","","","","","","","","","","","","","","","","","","","","","","","","","","","","","","","","","","","","","","","","","","","","","","","","","","","","","","","","","","","","","","","","","","","","","","","","","","",""
"33167001","BORDEAUX_OBSERVATOIRE",44.831667,-0.525,74,1912122421,"","","","","","","","","","","","","","","","","","","","","","","","","","","","","","","","","","","","",9.2,9,"","","","","","","","","","","","","","","","","","","","","","","","","","","","","","","","","","","","","","","","","","","","",1028.7,9,1019.6,9,"","","","","","","","","","","","","","","","","","","","","","","","","","","","","","","","","","","","","","","","","","","","","","","","","","","","","","","","","","","","","","","","","","","","","","","","","","","","","","","","","","","","","","","","","","","","","","","","","","","","","","","","","","","","","","","",""
"33167001","BORDEAUX_OBSERVATOIRE",44.831667,-0.525,74,1912122500,"","","","","","","","","","","","","","","","","","","","","","","","","","","","","","","","","","","","",9.4,9,"","","","","","","","","","","","","","","","","","","","","","","","","","","","","","","","","","","","","","","","","","","","",1029.3,9,1020.2,9,"","","","","","","","","","","","","","","","","","","","","","","","","","","","","","","","","","","","","","","","","","","","","","","","","","","","","","","","","","","","","","","","","","","","","","","","","","","","","","","","","","","","","","","","","","","","","","","","","","","","","","","","","","","","","","","",""
"33167001","BORDEAUX_OBSERVATOIRE",44.831667,-0.525,74,1912122503,"","","","","","","","","","","","","","","","","","","","","","","","","","","","","","","","","","","","",8.5,9,"","","","","","","","","","","","","","","","","","","","","","","","","","","","","","","","","","","","","","","","","","","","",1029.,9,1019.8,9,"","","","","","","","","","","","","","","","","","","","","","","","","","","","","","","","","","","","","","","","","","","","","","","","","","","","","","","","","","","","","","","","","","","","","","","","","","","","","","","","","","","","","","","","","","","","","","","","","","","","","","","","","","","","","","","",""
"33167001","BORDEAUX_OBSERVATOIRE",44.831667,-0.525,74,1912122507,"","","","","","","","","","","","","","","","","","","","","","","","","","","","","","","","","","","","",7.4,9,"","","","","","","","","","","","","","","","","","","","","","","","","","","","","","","","","","","","","","","","","","","","",1028.2,9,1019.,9,"","","","","","","","","","","","","","","","","","","","","","","","","","","","","","","","","","","","","","","","","","","","","","","","","","","","","","","","","","","","","","","","","","","","","","","","","","","","","","","","","","","","","","","","","","","","","","","","","","","","","","","","","","","","","","","",""
"33167001","BORDEAUX_OBSERVATOIRE",44.831667,-0.525,74,1912122509,"","","","","","","","","","","","","","","","","","","","","","","","","","","","","","","","","","","","",7.6,9,"","","","","","","","","","","","","","","","","","","","","","","","","","","","","","","","","","","","","","","","","","","","",1027.9,9,1018.7,9,"","","","","","","","","","","","","","","","","","","","","","","","","","","","","","","","","","","","","","","","","","","","","","","","","","","","","","","","","","","","","","","","","","","","","","","","","","","","","","","","","","","","","","","","","","","","","","","","","","","","","","","","","","","","","","","",""
"33167001","BORDEAUX_OBSERVATOIRE",44.831667,-0.525,74,1912122512,"","","","","","","","","","","","","","","","","","","","","","","","","","","","","","","","","","","","",11.9,9,"","","","","","","","","","","","","","","","","","","","","","","","","","","","","","","","","","","","","","","","","","","","",1026.5,9,1017.5,1,"","","","","","","","","","","","","","","","","","","","","","","","","","","","","","","","","","","","","","","","","","","","","","","","","","","","","","","","","","","","","","","","","","","","","","","","","","","","","","","","","","","","","","","","","","","","","","","","","","","","","","","","","","","","","","","",""
"33167001","BORDEAUX_OBSERVATOIRE",44.831667,-0.525,74,1912122515,"","","","","","","","","","","","","","","","","","","","","","","","","","","","","","","","","","","","",15.6,9,"","","","","","","","","","","","","","","","","","","","","","","","","","","","","","","","","","","","","","","","","","","","",1025.3,9,1016.4,9,"","","","","","","","","","","","","","","","","","","","","","","","","","","","","","","","","","","","","","","","","","","","","","","","","","","","","","","","","","","","","","","","","","","","","","","","","","","","","","","","","","","","","","","","","","","","","","","","","","","","","","","","","","","","","","","",""
"33167001","BORDEAUX_OBSERVATOIRE",44.831667,-0.525,74,1912122518,"","","","","","","","","","","","","","","","","","","","","","","","","","","","","","","","","","","","",12.,9,"","","","","","","","","","","","","","","","","","","","","","","","","","","","","","","","","","","","","","","","","","","","",1025.2,9,1016.2,9,"","","","","","","","","","","","","","","","","","","","","","","","","","","","","","","","","","","","","","","","","","","","","","","","","","","","","","","","","","","","","","","","","","","","","","","","","","","","","","","","","","","","","","","","","","","","","","","","","","","","","","","","","","","","","","","",""
"33167001","BORDEAUX_OBSERVATOIRE",44.831667,-0.525,74,1912122521,"","","","","","","","","","","","","","","","","","","","","","","","","","","","","","","","","","","","",8.8,9,"","","","","","","","","","","","","","","","","","","","","","","","","","","","","","","","","","","","","","","","","","","","",1025.3,9,1016.2,9,"","","","","","","","","","","","","","","","","","","","","","","","","","","","","","","","","","","","","","","","","","","","","","","","","","","","","","","","","","","","","","","","","","","","","","","","","","","","","","","","","","","","","","","","","","","","","","","","","","","","","","","","","","","","","","","",""
"33167001","BORDEAUX_OBSERVATOIRE",44.831667,-0.525,74,1912122600,"","","","","","","","","","","","","","","","","","","","","","","","","","","","","","","","","","","","",7.2,9,"","","","","","","","","","","","","","","","","","","","","","","","","","","","","","","","","","","","","","","","","","","","",1024.8,9,1015.6,9,"","","","","","","","","","","","","","","","","","","","","","","","","","","","","","","","","","","","","","","","","","","","","","","","","","","","","","","","","","","","","","","","","","","","","","","","","","","","","","","","","","","","","","","","","","","","","","","","","","","","","","","","","","","","","","","",""
"33167001","BORDEAUX_OBSERVATOIRE",44.831667,-0.525,74,1912122603,"","","","","","","","","","","","","","","","","","","","","","","","","","","","","","","","","","","","",6.4,9,"","","","","","","","","","","","","","","","","","","","","","","","","","","","","","","","","","","","","","","","","","","","",1022.8,9,1013.6,9,"","","","","","","","","","","","","","","","","","","","","","","","","","","","","","","","","","","","","","","","","","","","","","","","","","","","","","","","","","","","","","","","","","","","","","","","","","","","","","","","","","","","","","","","","","","","","","","","","","","","","","","","","","","","","","","",""
"33167001","BORDEAUX_OBSERVATOIRE",44.831667,-0.525,74,1912122607,"","","","","","","","","","","","","","","","","","","","","","","","","","","","","","","","","","","","",6.3,9,"","","","","","","","","","","","","","","","","","","","","","","","","","","","","","","","","","","","","","","","","","","","",1018.5,9,1009.4,9,"","","","","","","","","","","","","","","","","","","","","","","","","","","","","","","","","","","","","","","","","","","","","","","","","","","","","","","","","","","","","","","","","","","","","","","","","","","","","","","","","","","","","","","","","","","","","","","","","","","","","","","","","","","","","","","",""
"33167001","BORDEAUX_OBSERVATOIRE",44.831667,-0.525,74,1912122609,"","","","","","","","","","","","","","","","","","","","","","","","","","","","","","","","","","","","",6.9,9,"","","","","","","","","","","","","","","","","","","","","","","","","","","","","","","","","","","","","","","","","","","","",1018.1,9,1009.,9,"","","","","","","","","","","","","","","","","","","","","","","","","","","","","","","","","","","","","","","","","","","","","","","","","","","","","","","","","","","","","","","","","","","","","","","","","","","","","","","","","","","","","","","","","","","","","","","","","","","","","","","","","","","","","","","",""
"33167001","BORDEAUX_OBSERVATOIRE",44.831667,-0.525,74,1912122612,"","","","","","","","","","","","","","","","","","","","","","","","","","","","","","","","","","","","",11.1,9,"","","","","","","","","","","","","","","","","","","","","","","","","","","","","","","","","","","","","","","","","","","","",1017.7,9,1008.7,1,"","","","","","","","","","","","","","","","","","","","","","","","","","","","","","","","","","","","","","","","","","","","","","","","","","","","","","","","","","","","","","","","","","","","","","","","","","","","","","","","","","","","","","","","","","","","","","","","","","","","","","","","","","","","","","","",""
"33167001","BORDEAUX_OBSERVATOIRE",44.831667,-0.525,74,1912122615,"","","","","","","","","","","","","","","","","","","","","","","","","","","","","","","","","","","","",10.4,9,"","","","","","","","","","","","","","","","","","","","","","","","","","","","","","","","","","","","","","","","","","","","",1018.9,9,1009.9,9,"","","","","","","","","","","","","","","","","","","","","","","","","","","","","","","","","","","","","","","","","","","","","","","","","","","","","","","","","","","","","","","","","","","","","","","","","","","","","","","","","","","","","","","","","","","","","","","","","","","","","","","","","","","","","","","",""
"33167001","BORDEAUX_OBSERVATOIRE",44.831667,-0.525,74,1912122618,"","","","","","","","","","","","","","","","","","","","","","","","","","","","","","","","","","","","",11.2,9,"","","","","","","","","","","","","","","","","","","","","","","","","","","","","","","","","","","","","","","","","","","","",1020.4,9,1011.4,9,"","","","","","","","","","","","","","","","","","","","","","","","","","","","","","","","","","","","","","","","","","","","","","","","","","","","","","","","","","","","","","","","","","","","","","","","","","","","","","","","","","","","","","","","","","","","","","","","","","","","","","","","","","","","","","","",""
"33167001","BORDEAUX_OBSERVATOIRE",44.831667,-0.525,74,1912122621,"","","","","","","","","","","","","","","","","","","","","","","","","","","","","","","","","","","","",11.2,9,"","","","","","","","","","","","","","","","","","","","","","","","","","","","","","","","","","","","","","","","","","","","",1020.6,9,1011.6,9,"","","","","","","","","","","","","","","","","","","","","","","","","","","","","","","","","","","","","","","","","","","","","","","","","","","","","","","","","","","","","","","","","","","","","","","","","","","","","","","","","","","","","","","","","","","","","","","","","","","","","","","","","","","","","","","",""
"33167001","BORDEAUX_OBSERVATOIRE",44.831667,-0.525,74,1912122700,"","","","","","","","","","","","","","","","","","","","","","","","","","","","","","","","","","","","",11.9,9,"","","","","","","","","","","","","","","","","","","","","","","","","","","","","","","","","","","","","","","","","","","","",1020.4,9,1011.4,9,"","","","","","","","","","","","","","","","","","","","","","","","","","","","","","","","","","","","","","","","","","","","","","","","","","","","","","","","","","","","","","","","","","","","","","","","","","","","","","","","","","","","","","","","","","","","","","","","","","","","","","","","","","","","","","","",""
"33167001","BORDEAUX_OBSERVATOIRE",44.831667,-0.525,74,1912122703,"","","","","","","","","","","","","","","","","","","","","","","","","","","","","","","","","","","","",11.7,9,"","","","","","","","","","","","","","","","","","","","","","","","","","","","","","","","","","","","","","","","","","","","",1020.4,9,1011.4,9,"","","","","","","","","","","","","","","","","","","","","","","","","","","","","","","","","","","","","","","","","","","","","","","","","","","","","","","","","","","","","","","","","","","","","","","","","","","","","","","","","","","","","","","","","","","","","","","","","","","","","","","","","","","","","","","",""
"33167001","BORDEAUX_OBSERVATOIRE",44.831667,-0.525,74,1912122707,"","","","","","","","","","","","","","","","","","","","","","","","","","","","","","","","","","","","",11.2,9,"","","","","","","","","","","","","","","","","","","","","","","","","","","","","","","","","","","","","","","","","","","","",1021.3,9,1012.3,9,"","","","","","","","","","","","","","","","","","","","","","","","","","","","","","","","","","","","","","","","","","","","","","","","","","","","","","","","","","","","","","","","","","","","","","","","","","","","","","","","","","","","","","","","","","","","","","","","","","","","","","","","","","","","","","","",""
"33167001","BORDEAUX_OBSERVATOIRE",44.831667,-0.525,74,1912122709,"","","","","","","","","","","","","","","","","","","","","","","","","","","","","","","","","","","","",11.9,9,"","","","","","","","","","","","","","","","","","","","","","","","","","","","","","","","","","","","","","","","","","","","",1022.2,9,1013.2,9,"","","","","","","","","","","","","","","","","","","","","","","","","","","","","","","","","","","","","","","","","","","","","","","","","","","","","","","","","","","","","","","","","","","","","","","","","","","","","","","","","","","","","","","","","","","","","","","","","","","","","","","","","","","","","","","",""
"33167001","BORDEAUX_OBSERVATOIRE",44.831667,-0.525,74,1912122712,"","","","","","","","","","","","","","","","","","","","","","","","","","","","","","","","","","","","",15.,9,"","","","","","","","","","","","","","","","","","","","","","","","","","","","","","","","","","","","","","","","","","","","",1021.8,9,1012.9,1,"","","","","","","","","","","","","","","","","","","","","","","","","","","","","","","","","","","","","","","","","","","","","","","","","","","","","","","","","","","","","","","","","","","","","","","","","","","","","","","","","","","","","","","","","","","","","","","","","","","","","","","","","","","","","","","",""
"33167001","BORDEAUX_OBSERVATOIRE",44.831667,-0.525,74,1912122715,"","","","","","","","","","","","","","","","","","","","","","","","","","","","","","","","","","","","",17.6,9,"","","","","","","","","","","","","","","","","","","","","","","","","","","","","","","","","","","","","","","","","","","","",1021.,9,1012.2,9,"","","","","","","","","","","","","","","","","","","","","","","","","","","","","","","","","","","","","","","","","","","","","","","","","","","","","","","","","","","","","","","","","","","","","","","","","","","","","","","","","","","","","","","","","","","","","","","","","","","","","","","","","","","","","","","",""
"33167001","BORDEAUX_OBSERVATOIRE",44.831667,-0.525,74,1912122718,"","","","","","","","","","","","","","","","","","","","","","","","","","","","","","","","","","","","",13.7,9,"","","","","","","","","","","","","","","","","","","","","","","","","","","","","","","","","","","","","","","","","","","","",1021.6,9,1012.7,9,"","","","","","","","","","","","","","","","","","","","","","","","","","","","","","","","","","","","","","","","","","","","","","","","","","","","","","","","","","","","","","","","","","","","","","","","","","","","","","","","","","","","","","","","","","","","","","","","","","","","","","","","","","","","","","","",""
"33167001","BORDEAUX_OBSERVATOIRE",44.831667,-0.525,74,1912122721,"","","","","","","","","","","","","","","","","","","","","","","","","","","","","","","","","","","","",11.4,9,"","","","","","","","","","","","","","","","","","","","","","","","","","","","","","","","","","","","","","","","","","","","",1019.7,9,1010.7,9,"","","","","","","","","","","","","","","","","","","","","","","","","","","","","","","","","","","","","","","","","","","","","","","","","","","","","","","","","","","","","","","","","","","","","","","","","","","","","","","","","","","","","","","","","","","","","","","","","","","","","","","","","","","","","","","",""
"33167001","BORDEAUX_OBSERVATOIRE",44.831667,-0.525,74,1912122800,"","","","","","","","","","","","","","","","","","","","","","","","","","","","","","","","","","","","",10.7,9,"","","","","","","","","","","","","","","","","","","","","","","","","","","","","","","","","","","","","","","","","","","","",1020.2,9,1011.2,9,"","","","","","","","","","","","","","","","","","","","","","","","","","","","","","","","","","","","","","","","","","","","","","","","","","","","","","","","","","","","","","","","","","","","","","","","","","","","","","","","","","","","","","","","","","","","","","","","","","","","","","","","","","","","","","","",""
"33167001","BORDEAUX_OBSERVATOIRE",44.831667,-0.525,74,1912122803,"","","","","","","","","","","","","","","","","","","","","","","","","","","","","","","","","","","","",9.6,9,"","","","","","","","","","","","","","","","","","","","","","","","","","","","","","","","","","","","","","","","","","","","",1018.8,9,1009.8,9,"","","","","","","","","","","","","","","","","","","","","","","","","","","","","","","","","","","","","","","","","","","","","","","","","","","","","","","","","","","","","","","","","","","","","","","","","","","","","","","","","","","","","","","","","","","","","","","","","","","","","","","","","","","","","","","",""
"33167001","BORDEAUX_OBSERVATOIRE",44.831667,-0.525,74,1912122807,"","","","","","","","","","","","","","","","","","","","","","","","","","","","","","","","","","","","",8.1,9,"","","","","","","","","","","","","","","","","","","","","","","","","","","","","","","","","","","","","","","","","","","","",1018.1,9,1009.,9,"","","","","","","","","","","","","","","","","","","","","","","","","","","","","","","","","","","","","","","","","","","","","","","","","","","","","","","","","","","","","","","","","","","","","","","","","","","","","","","","","","","","","","","","","","","","","","","","","","","","","","","","","","","","","","","",""
"33167001","BORDEAUX_OBSERVATOIRE",44.831667,-0.525,74,1912122809,"","","","","","","","","","","","","","","","","","","","","","","","","","","","","","","","","","","","",7.6,9,"","","","","","","","","","","","","","","","","","","","","","","","","","","","","","","","","","","","","","","","","","","","",1018.9,9,1009.8,9,"","","","","","","","","","","","","","","","","","","","","","","","","","","","","","","","","","","","","","","","","","","","","","","","","","","","","","","","","","","","","","","","","","","","","","","","","","","","","","","","","","","","","","","","","","","","","","","","","","","","","","","","","","","","","","","",""
"33167001","BORDEAUX_OBSERVATOIRE",44.831667,-0.525,74,1912122812,"","","","","","","","","","","","","","","","","","","","","","","","","","","","","","","","","","","","",12.9,9,"","","","","","","","","","","","","","","","","","","","","","","","","","","","","","","","","","","","","","","","","","","","",1017.5,9,1008.6,1,"","","","","","","","","","","","","","","","","","","","","","","","","","","","","","","","","","","","","","","","","","","","","","","","","","","","","","","","","","","","","","","","","","","","","","","","","","","","","","","","","","","","","","","","","","","","","","","","","","","","","","","","","","","","","","","",""
"33167001","BORDEAUX_OBSERVATOIRE",44.831667,-0.525,74,1912122815,"","","","","","","","","","","","","","","","","","","","","","","","","","","","","","","","","","","","",15.3,9,"","","","","","","","","","","","","","","","","","","","","","","","","","","","","","","","","","","","","","","","","","","","",1015.4,9,1006.6,9,"","","","","","","","","","","","","","","","","","","","","","","","","","","","","","","","","","","","","","","","","","","","","","","","","","","","","","","","","","","","","","","","","","","","","","","","","","","","","","","","","","","","","","","","","","","","","","","","","","","","","","","","","","","","","","","",""
"33167001","BORDEAUX_OBSERVATOIRE",44.831667,-0.525,74,1912122818,"","","","","","","","","","","","","","","","","","","","","","","","","","","","","","","","","","","","",11.3,9,"","","","","","","","","","","","","","","","","","","","","","","","","","","","","","","","","","","","","","","","","","","","",1014.3,9,1005.4,9,"","","","","","","","","","","","","","","","","","","","","","","","","","","","","","","","","","","","","","","","","","","","","","","","","","","","","","","","","","","","","","","","","","","","","","","","","","","","","","","","","","","","","","","","","","","","","","","","","","","","","","","","","","","","","","","",""
"33167001","BORDEAUX_OBSERVATOIRE",44.831667,-0.525,74,1912122821,"","","","","","","","","","","","","","","","","","","","","","","","","","","","","","","","","","","","",10.2,9,"","","","","","","","","","","","","","","","","","","","","","","","","","","","","","","","","","","","","","","","","","","","",1013.8,9,1004.8,9,"","","","","","","","","","","","","","","","","","","","","","","","","","","","","","","","","","","","","","","","","","","","","","","","","","","","","","","","","","","","","","","","","","","","","","","","","","","","","","","","","","","","","","","","","","","","","","","","","","","","","","","","","","","","","","","",""
"33167001","BORDEAUX_OBSERVATOIRE",44.831667,-0.525,74,1912122900,"","","","","","","","","","","","","","","","","","","","","","","","","","","","","","","","","","","","",7.8,9,"","","","","","","","","","","","","","","","","","","","","","","","","","","","","","","","","","","","","","","","","","","","",1014.1,9,1005.1,9,"","","","","","","","","","","","","","","","","","","","","","","","","","","","","","","","","","","","","","","","","","","","","","","","","","","","","","","","","","","","","","","","","","","","","","","","","","","","","","","","","","","","","","","","","","","","","","","","","","","","","","","","","","","","","","","",""
"33167001","BORDEAUX_OBSERVATOIRE",44.831667,-0.525,74,1912122903,"","","","","","","","","","","","","","","","","","","","","","","","","","","","","","","","","","","","",7.9,9,"","","","","","","","","","","","","","","","","","","","","","","","","","","","","","","","","","","","","","","","","","","","",1014.5,9,1005.5,9,"","","","","","","","","","","","","","","","","","","","","","","","","","","","","","","","","","","","","","","","","","","","","","","","","","","","","","","","","","","","","","","","","","","","","","","","","","","","","","","","","","","","","","","","","","","","","","","","","","","","","","","","","","","","","","","",""
"33167001","BORDEAUX_OBSERVATOIRE",44.831667,-0.525,74,1912122907,"","","","","","","","","","","","","","","","","","","","","","","","","","","","","","","","","","","","",10.1,9,"","","","","","","","","","","","","","","","","","","","","","","","","","","","","","","","","","","","","","","","","","","","",1017.9,9,1008.9,9,"","","","","","","","","","","","","","","","","","","","","","","","","","","","","","","","","","","","","","","","","","","","","","","","","","","","","","","","","","","","","","","","","","","","","","","","","","","","","","","","","","","","","","","","","","","","","","","","","","","","","","","","","","","","","","","",""
"33167001","BORDEAUX_OBSERVATOIRE",44.831667,-0.525,74,1912122909,"","","","","","","","","","","","","","","","","","","","","","","","","","","","","","","","","","","","",11.2,9,"","","","","","","","","","","","","","","","","","","","","","","","","","","","","","","","","","","","","","","","","","","","",1020.5,9,1011.5,9,"","","","","","","","","","","","","","","","","","","","","","","","","","","","","","","","","","","","","","","","","","","","","","","","","","","","","","","","","","","","","","","","","","","","","","","","","","","","","","","","","","","","","","","","","","","","","","","","","","","","","","","","","","","","","","","",""
"33167001","BORDEAUX_OBSERVATOIRE",44.831667,-0.525,74,1912122912,"","","","","","","","","","","","","","","","","","","","","","","","","","","","","","","","","","","","",11.7,9,"","","","","","","","","","","","","","","","","","","","","","","","","","","","","","","","","","","","","","","","","","","","",1022.8,9,1013.8,1,"","","","","","","","","","","","","","","","","","","","","","","","","","","","","","","","","","","","","","","","","","","","","","","","","","","","","","","","","","","","","","","","","","","","","","","","","","","","","","","","","","","","","","","","","","","","","","","","","","","","","","","","","","","","","","","",""
"33167001","BORDEAUX_OBSERVATOIRE",44.831667,-0.525,74,1912122915,"","","","","","","","","","","","","","","","","","","","","","","","","","","","","","","","","","","","",10.8,9,"","","","","","","","","","","","","","","","","","","","","","","","","","","","","","","","","","","","","","","","","","","","",1024.,9,1015.,9,"","","","","","","","","","","","","","","","","","","","","","","","","","","","","","","","","","","","","","","","","","","","","","","","","","","","","","","","","","","","","","","","","","","","","","","","","","","","","","","","","","","","","","","","","","","","","","","","","","","","","","","","","","","","","","","",""
"33167001","BORDEAUX_OBSERVATOIRE",44.831667,-0.525,74,1912122918,"","","","","","","","","","","","","","","","","","","","","","","","","","","","","","","","","","","","",9.2,9,"","","","","","","","","","","","","","","","","","","","","","","","","","","","","","","","","","","","","","","","","","","","",1026.3,9,1017.2,9,"","","","","","","","","","","","","","","","","","","","","","","","","","","","","","","","","","","","","","","","","","","","","","","","","","","","","","","","","","","","","","","","","","","","","","","","","","","","","","","","","","","","","","","","","","","","","","","","","","","","","","","","","","","","","","","",""
"33167001","BORDEAUX_OBSERVATOIRE",44.831667,-0.525,74,1912122921,"","","","","","","","","","","","","","","","","","","","","","","","","","","","","","","","","","","","",8.6,9,"","","","","","","","","","","","","","","","","","","","","","","","","","","","","","","","","","","","","","","","","","","","",1028.5,9,1019.4,9,"","","","","","","","","","","","","","","","","","","","","","","","","","","","","","","","","","","","","","","","","","","","","","","","","","","","","","","","","","","","","","","","","","","","","","","","","","","","","","","","","","","","","","","","","","","","","","","","","","","","","","","","","","","","","","","",""
"33167001","BORDEAUX_OBSERVATOIRE",44.831667,-0.525,74,1912123000,"","","","","","","","","","","","","","","","","","","","","","","","","","","","","","","","","","","","",7.8,9,"","","","","","","","","","","","","","","","","","","","","","","","","","","","","","","","","","","","","","","","","","","","",1030.,9,1020.8,9,"","","","","","","","","","","","","","","","","","","","","","","","","","","","","","","","","","","","","","","","","","","","","","","","","","","","","","","","","","","","","","","","","","","","","","","","","","","","","","","","","","","","","","","","","","","","","","","","","","","","","","","","","","","","","","","",""
"33167001","BORDEAUX_OBSERVATOIRE",44.831667,-0.525,74,1912123003,"","","","","","","","","","","","","","","","","","","","","","","","","","","","","","","","","","","","",7.2,9,"","","","","","","","","","","","","","","","","","","","","","","","","","","","","","","","","","","","","","","","","","","","",1031.,9,1021.8,9,"","","","","","","","","","","","","","","","","","","","","","","","","","","","","","","","","","","","","","","","","","","","","","","","","","","","","","","","","","","","","","","","","","","","","","","","","","","","","","","","","","","","","","","","","","","","","","","","","","","","","","","","","","","","","","","",""
"33167001","BORDEAUX_OBSERVATOIRE",44.831667,-0.525,74,1912123007,"","","","","","","","","","","","","","","","","","","","","","","","","","","","","","","","","","","","",5.6,9,"","","","","","","","","","","","","","","","","","","","","","","","","","","","","","","","","","","","","","","","","","","","",1032.4,9,1023.1,9,"","","","","","","","","","","","","","","","","","","","","","","","","","","","","","","","","","","","","","","","","","","","","","","","","","","","","","","","","","","","","","","","","","","","","","","","","","","","","","","","","","","","","","","","","","","","","","","","","","","","","","","","","","","","","","","",""
"33167001","BORDEAUX_OBSERVATOIRE",44.831667,-0.525,74,1912123009,"","","","","","","","","","","","","","","","","","","","","","","","","","","","","","","","","","","","",5.8,9,"","","","","","","","","","","","","","","","","","","","","","","","","","","","","","","","","","","","","","","","","","","","",1034.4,9,1025.1,9,"","","","","","","","","","","","","","","","","","","","","","","","","","","","","","","","","","","","","","","","","","","","","","","","","","","","","","","","","","","","","","","","","","","","","","","","","","","","","","","","","","","","","","","","","","","","","","","","","","","","","","","","","","","","","","","",""
"33167001","BORDEAUX_OBSERVATOIRE",44.831667,-0.525,74,1912123012,"","","","","","","","","","","","","","","","","","","","","","","","","","","","","","","","","","","","",9.7,9,"","","","","","","","","","","","","","","","","","","","","","","","","","","","","","","","","","","","","","","","","","","","",1033.4,9,1024.3,1,"","","","","","","","","","","","","","","","","","","","","","","","","","","","","","","","","","","","","","","","","","","","","","","","","","","","","","","","","","","","","","","","","","","","","","","","","","","","","","","","","","","","","","","","","","","","","","","","","","","","","","","","","","","","","","","",""
"33167001","BORDEAUX_OBSERVATOIRE",44.831667,-0.525,74,1912123015,"","","","","","","","","","","","","","","","","","","","","","","","","","","","","","","","","","","","",9.9,9,"","","","","","","","","","","","","","","","","","","","","","","","","","","","","","","","","","","","","","","","","","","","",1032.5,9,1023.4,9,"","","","","","","","","","","","","","","","","","","","","","","","","","","","","","","","","","","","","","","","","","","","","","","","","","","","","","","","","","","","","","","","","","","","","","","","","","","","","","","","","","","","","","","","","","","","","","","","","","","","","","","","","","","","","","","",""
"33167001","BORDEAUX_OBSERVATOIRE",44.831667,-0.525,74,1912123018,"","","","","","","","","","","","","","","","","","","","","","","","","","","","","","","","","","","","",6.8,9,"","","","","","","","","","","","","","","","","","","","","","","","","","","","","","","","","","","","","","","","","","","","",1032.3,9,1023.1,9,"","","","","","","","","","","","","","","","","","","","","","","","","","","","","","","","","","","","","","","","","","","","","","","","","","","","","","","","","","","","","","","","","","","","","","","","","","","","","","","","","","","","","","","","","","","","","","","","","","","","","","","","","","","","","","","",""
"33167001","BORDEAUX_OBSERVATOIRE",44.831667,-0.525,74,1912123021,"","","","","","","","","","","","","","","","","","","","","","","","","","","","","","","","","","","","",4.5,9,"","","","","","","","","","","","","","","","","","","","","","","","","","","","","","","","","","","","","","","","","","","","",1032.1,9,1022.8,9,"","","","","","","","","","","","","","","","","","","","","","","","","","","","","","","","","","","","","","","","","","","","","","","","","","","","","","","","","","","","","","","","","","","","","","","","","","","","","","","","","","","","","","","","","","","","","","","","","","","","","","","","","","","","","","","",""
"33167001","BORDEAUX_OBSERVATOIRE",44.831667,-0.525,74,1912123100,"","","","","","","","","","","","","","","","","","","","","","","","","","","","","","","","","","","","",2.7,9,"","","","","","","","","","","","","","","","","","","","","","","","","","","","","","","","","","","","","","","","","","","","",1031.,9,1021.6,9,"","","","","","","","","","","","","","","","","","","","","","","","","","","","","","","","","","","","","","","","","","","","","","","","","","","","","","","","","","","","","","","","","","","","","","","","","","","","","","","","","","","","","","","","","","","","","","","","","","","","","","","","","","","","","","","",""
"33167001","BORDEAUX_OBSERVATOIRE",44.831667,-0.525,74,1912123103,"","","","","","","","","","","","","","","","","","","","","","","","","","","","","","","","","","","","",1.1,9,"","","","","","","","","","","","","","","","","","","","","","","","","","","","","","","","","","","","","","","","","","","","",1029.4,9,1020.,9,"","","","","","","","","","","","","","","","","","","","","","","","","","","","","","","","","","","","","","","","","","","","","","","","","","","","","","","","","","","","","","","","","","","","","","","","","","","","","","","","","","","","","","","","","","","","","","","","","","","","","","","","","","","","","","","",""
"33167001","BORDEAUX_OBSERVATOIRE",44.831667,-0.525,74,1912123107,"","","","","","","","","","","","","","","","","","","","","","","","","","","","","","","","","","","","",-0.1,9,"","","","","","","","","","","","","","","","","","","","","","","","","","","","","","","","","","","","","","","","","","","","",1027.7,9,1018.3,9,"","","","","","","","","","","","","","","","","","","","","","","","","","","","","","","","","","","","","","","","","","","","","","","","","","","","","","","","","","","","","","","","","","","","","","","","","","","","","","","","","","","","","","","","","","","","","","","","","","","","","","","","","","","","","","","",""
"33167001","BORDEAUX_OBSERVATOIRE",44.831667,-0.525,74,1912123109,"","","","","","","","","","","","","","","","","","","","","","","","","","","","","","","","","","","","",-0.1,9,"","","","","","","","","","","","","","","","","","","","","","","","","","","","","","","","","","","","","","","","","","","","",1027.6,9,1018.2,9,"","","","","","","","","","","","","","","","","","","","","","","","","","","","","","","","","","","","","","","","","","","","","","","","","","","","","","","","","","","","","","","","","","","","","","","","","","","","","","","","","","","","","","","","","","","","","","","","","","","","","","","","","","","","","","","",""
"33167001","BORDEAUX_OBSERVATOIRE",44.831667,-0.525,74,1912123112,"","","","","","","","","","","","","","","","","","","","","","","","","","","","","","","","","","","","",5.4,9,"","","","","","","","","","","","","","","","","","","","","","","","","","","","","","","","","","","","","","","","","","","","",1025.8,9,1016.6,1,"","","","","","","","","","","","","","","","","","","","","","","","","","","","","","","","","","","","","","","","","","","","","","","","","","","","","","","","","","","","","","","","","","","","","","","","","","","","","","","","","","","","","","","","","","","","","","","","","","","","","","","","","","","","","","","",""
"33167001","BORDEAUX_OBSERVATOIRE",44.831667,-0.525,74,1912123115,"","","","","","","","","","","","","","","","","","","","","","","","","","","","","","","","","","","","",8.4,9,"","","","","","","","","","","","","","","","","","","","","","","","","","","","","","","","","","","","","","","","","","","","",1024.1,9,1015.,9,"","","","","","","","","","","","","","","","","","","","","","","","","","","","","","","","","","","","","","","","","","","","","","","","","","","","","","","","","","","","","","","","","","","","","","","","","","","","","","","","","","","","","","","","","","","","","","","","","","","","","","","","","","","","","","","",""
"33167001","BORDEAUX_OBSERVATOIRE",44.831667,-0.525,74,1912123118,"","","","","","","","","","","","","","","","","","","","","","","","","","","","","","","","","","","","",6.7,9,"","","","","","","","","","","","","","","","","","","","","","","","","","","","","","","","","","","","","","","","","","","","",1024.2,9,1015.,9,"","","","","","","","","","","","","","","","","","","","","","","","","","","","","","","","","","","","","","","","","","","","","","","","","","","","","","","","","","","","","","","","","","","","","","","","","","","","","","","","","","","","","","","","","","","","","","","","","","","","","","","","","","","","","","","",""
"33167001","BORDEAUX_OBSERVATOIRE",44.831667,-0.525,74,1912123121,"","","","","","","","","","","","","","","","","","","","","","","","","","","","","","","","","","","","",6.2,9,"","","","","","","","","","","","","","","","","","","","","","","","","","","","","","","","","","","","","","","","","","","","",1023.6,9,1014.4,9,"","","","","","","","","","","","","","","","","","","","","","","","","","","","","","","","","","","","","","","","","","","","","","","","","","","","","","","","","","","","","","","","","","","","","","","","","","","","","","","","","","","","","","","","","","","","","","","","","","","","","","","","","","","","","","","",""
