"NUM_POSTE","NOM_USUEL","LAT","LON","ALTI","AAAAMMJJHH","RR1","QRR1","DRR1","QDRR1","FF","QFF","DD","QDD","FXY","QFXY","DXY","QDXY","HXY","QHXY","FXI","QFXI","DXI","QDXI","HXI","QHXI","FF2","QFF2","DD2","QDD2","FXI2","QFXI2","DXI2","QDXI2","HXI2","QHXI2","FXI3S","QFXI3S","DXI3S","QDXI3S","HFXI3S","QHFXI3S","T","QT","TD","QTD","TN","QTN","HTN","QHTN","TX","QTX","HTX","QHTX","DG","QDG","T10","QT10","T20","QT20","T50","QT50","T100","QT100","TNSOL","QTNSOL","TN50","QTN50","TCHAUSSEE","QTCHAUSSEE","DHUMEC","QDHUMEC","U","QU","UN","QUN","HUN","QHUN","UX","QUX","HUX","QHUX","DHUMI40","QDHUMI40","DHUMI80","QDHUMI80","TSV","QTSV","PMER","QPMER","PSTAT","QPSTAT","PMERMIN","QPMERMIN","GEOP","QGEOP","N","QN","NBAS","QNBAS","CL","QCL","CM","QCM","CH","QCH","N1","QN1","C1","QC1","B1","QB1","N2","QN2","C2","QC2","B2","QB2","N3","QN3","C3","QC3","B3","QB3","N4","QN4","C4","QC4","B4","QB4","VV","QVV","DVV200","QDVV200","WW","QWW","W1","QW1","W2","QW2","SOL","QSOL","SOLNG","QSOLNG","TMER","QTMER","VVMER","QVVMER","ETATMER","QETATMER","DIRHOULE","QDIRHOULE","HVAGUE","QHVAGUE","PVAGUE","QPVAGUE","HNEIGEF","QHNEIGEF","NEIGETOT","QNEIGETOT","TSNEIGE","QTSNEIGE","TUBENEIGE","QTUBENEIGE","HNEIGEFI3","QHNEIGEFI3","HNEIGEFI1","QHNEIGEFI1","ESNEIGE","QESNEIGE","CHARGENEIGE","QCHARGENEIGE","GLO","QGLO","GLO2","QGLO2","DIR","QDIR","DIR2","QDIR2","DIF","QDIF","DIF2","QDIF2","UV","QUV","UV2","QUV2","UV_INDICE","QUV_INDICE","INFRAR","QINFRAR","INFRAR2","QINFRAR2","INS","QINS","INS2","QINS2","TLAGON","QTLAGON","TVEGETAUX","QTVEGETAUX","ECOULEMENT","QECOULEMENT"
"50020001","PTE DE LA HAGUE",49.725167,-1.939833,6,1951010100,"","","","",16.,1,"","","","","","","","","","","","","","","","","","","","","","","","","","","","","","",6.,1,3.5,1,"","","","","","","","","","","","","","","","","","","","","","","","","","",85,1,"","","","","","","","","","","","",7.9,1,987.9,1,"","","","","","",8,1,8,1,3,1,"","","","","","","","","","","","","","","","","","","","","","","","","","","","",14000,1,"","",81,1,8,1,"","","","","","","","","","",6,1,"","","","","","","","","","","","","","","","","","","","","","","","","","","","","","","","","","","","","","","","","","","","","","","","","","","","","",""
"50020001","PTE DE LA HAGUE",49.725167,-1.939833,6,1951010106,"","","","",21.,1,"","","","","","","","","","","","","","","","","","","","","","","","","","","","","","",5.8,1,1.4,1,"","","","","","","","","","","","","","","","","","","","","","","","","","",76,1,"","","","","","","","","","","","",6.8,1,985.,1,"","","","","","",7,1,7,1,3,1,0,1,0,1,"","","","","","","","","","","","","","","","","","","","","","","","",16000,1,"","",2,1,8,1,"","","","","","","","","","",6,1,"","","","","","","","","","","","","","","","","","","","","","","","","","","","","","","","","","","","","","","","","","","","","","","","","","","","","",""
"50020001","PTE DE LA HAGUE",49.725167,-1.939833,6,1951010109,"","","","",25.,1,"","","","","","","","","","","","","","","","","","","","","","","","","","","","","","",5.2,1,4.2,1,"","","","","","","","","","","","","","","","","","","","","","","","","","",91,1,"","","","","","","","","","","","",8.3,1,982.5,1,"","","","","","",8,1,8,1,3,1,"","","","","","","","","","","","","","","","","","","","","","","","","","","","",10000,1,"","",81,1,8,1,"","","","","","","","","","",7,1,"","","","","","","","","","","","","","","","","","","","","","","","","","","","","","","","","","","","","","","","","","","","","","","","","","","","","",""
"50020001","PTE DE LA HAGUE",49.725167,-1.939833,6,1951010112,"","","","",14.,1,"","","","","","","","","","","","","","","","","","","","","","","","","","","","","","",6.9,1,1.4,1,"","","","","","","","","","","","","","","","","","","","","","","","","","",66,1,"","","","","","","","","","","","",6.8,1,987.8,1,"","","","","","",7,1,6,1,3,1,0,1,2,1,"","","","","","","","","","","","","","","","","","","","","","","","",18000,1,"","",2,1,2,1,"","","","","","","","","","",6,1,"","","","","","","","","","","","","","","","","","","","","","","","","","","","","","","","","","","","","","","","","","","","","","","","","","","","","",""
"50020001","PTE DE LA HAGUE",49.725167,-1.939833,6,1951010115,"","","","",14.,1,"","","","","","","","","","","","","","","","","","","","","","","","","","","","","","",7.,1,2.4,1,"","","","","","","","","","","","","","","","","","","","","","","","","","",74,1,"","","","","","","","","","","","",7.3,1,987.,1,"","","","","","",8,1,5,1,3,1,2,1,"","","","","","","","","","","","","","","","","","","","","","","","","","",18000,1,"","",2,1,2,1,"","","","","","","","","","",5,1,"","","","","","","","","","","","","","","","","","","","","","","","","","","","","","","","","","","","","","","","","","","","","","","","","","","","","",""
"50020001","PTE DE LA HAGUE",49.725167,-1.939833,6,1951010118,"","","","",14.,1,"","","","","","","","","","","","","","","","","","","","","","","","","","","","","","",5.6,1,3.8,1,"","","","","","","","","","","","","","","","","","","","","","","","","","",88,1,"","","","","","","","","","","","",8.1,1,985.,1,"","","","","","",8,1,6,1,3,1,2,1,"","","","","","","","","","","","","","","","","","","","","","","","","","",18000,1,"","",2,1,6,1,"","","","","","","","","","",5,1,"","","","","","","","","","","","","","","","","","","","","","","","","","","","","","","","","","","","","","","","","","","","","","","","","","","","","",""
"50020001","PTE DE LA HAGUE",49.725167,-1.939833,6,1951010200,"","","","",12.,1,"","","","","","","","","","","","","","","","","","","","","","","","","","","","","","",5.4,1,3.8,1,"","","","","","","","","","","","","","","","","","","","","","","","","","",88,1,"","","","","","","","","","","","",8.1,1,980.3,1,"","","","","","",7,1,7,1,3,1,0,1,0,1,"","","","","","","","","","","","","","","","","","","","","","","","",22000,1,"","",80,1,8,1,"","","","","","","","","","",5,1,"","","","","","","","","","","","","","","","","","","","","","","","","","","","","","","","","","","","","","","","","","","","","","","","","","","","","",""
"50020001","PTE DE LA HAGUE",49.725167,-1.939833,6,1951010206,"","","","",12.,1,"","","","","","","","","","","","","","","","","","","","","","","","","","","","","","",5.4,1,2.6,1,"","","","","","","","","","","","","","","","","","","","","","","","","","",84,1,"","","","","","","","","","","","",7.4,1,980.9,1,"","","","","","",8,1,8,1,3,1,"","","","","","","","","","","","","","","","","","","","","","","","","","","","",25000,1,"","",80,1,8,1,"","","","","","","","","","",5,1,"","","","","","","","","","","","","","","","","","","","","","","","","","","","","","","","","","","","","","","","","","","","","","","","","","","","","",""
"50020001","PTE DE LA HAGUE",49.725167,-1.939833,6,1951010209,"","","","",8.,1,"","","","","","","","","","","","","","","","","","","","","","","","","","","","","","",5.,1,0.2,1,"","","","","","","","","","","","","","","","","","","","","","","","","","",69,1,"","","","","","","","","","","","",6.2,1,984.6,1,"","","","","","",7,1,7,1,2,1,0,1,0,1,"","","","","","","","","","","","","","","","","","","","","","","","",28000,1,"","",2,1,8,1,"","","","","","","","","","",4,1,"","","","","","","","","","","","","","","","","","","","","","","","","","","","","","","","","","","","","","","","","","","","","","","","","","","","","",""
"50020001","PTE DE LA HAGUE",49.725167,-1.939833,6,1951010212,"","","","",8.,1,"","","","","","","","","","","","","","","","","","","","","","","","","","","","","","",4.8,1,0.,1,"","","","","","","","","","","","","","","","","","","","","","","","","","",72,1,"","","","","","","","","","","","",6.1,1,986.2,1,"","","","","","",6,1,6,1,2,1,0,1,0,1,"","","","","","","","","","","","","","","","","","","","","","","","",28000,1,"","",2,1,2,1,"","","","","","","","","","",4,1,"","","","","","","","","","","","","","","","","","","","","","","","","","","","","","","","","","","","","","","","","","","","","","","","","","","","","",""
"50020001","PTE DE LA HAGUE",49.725167,-1.939833,6,1951010215,"","","","",9.,1,"","","","","","","","","","","","","","","","","","","","","","","","","","","","","","",5.,1,1.8,1,"","","","","","","","","","","","","","","","","","","","","","","","","","",78,1,"","","","","","","","","","","","",7.,1,987.9,1,"","","","","","",7,1,7,1,2,1,0,1,0,1,"","","","","","","","","","","","","","","","","","","","","","","","",25000,1,"","",2,1,2,1,"","","","","","","","","","",4,1,"","","","","","","","","","","","","","","","","","","","","","","","","","","","","","","","","","","","","","","","","","","","","","","","","","","","","",""
"50020001","PTE DE LA HAGUE",49.725167,-1.939833,6,1951010218,"","","","",9.,1,"","","","","","","","","","","","","","","","","","","","","","","","","","","","","","",5.,1,0.,1,"","","","","","","","","","","","","","","","","","","","","","","","","","",72,1,"","","","","","","","","","","","",6.1,1,991.1,1,"","","","","","",7,1,7,1,2,1,0,1,0,1,"","","","","","","","","","","","","","","","","","","","","","","","",25000,1,"","",2,1,2,1,"","","","","","","","","","",4,1,"","","","","","","","","","","","","","","","","","","","","","","","","","","","","","","","","","","","","","","","","","","","","","","","","","","","","",""
"50020001","PTE DE LA HAGUE",49.725167,-1.939833,6,1951010300,"","","","",11.,1,"","","","","","","","","","","","","","","","","","","","","","","","","","","","","","",5.,1,0.2,1,"","","","","","","","","","","","","","","","","","","","","","","","","","",69,1,"","","","","","","","","","","","",6.2,1,997.1,1,"","","","","","",6,1,6,1,2,1,0,1,0,1,"","","","","","","","","","","","","","","","","","","","","","","","",25000,1,"","",2,1,2,1,"","","","","","","","","","",5,1,"","","","","","","","","","","","","","","","","","","","","","","","","","","","","","","","","","","","","","","","","","","","","","","","","","","","","",""
"50020001","PTE DE LA HAGUE",49.725167,-1.939833,6,1951010306,"","","","",6.,1,"","","","","","","","","","","","","","","","","","","","","","","","","","","","","","",5.6,1,3.5,1,"","","","","","","","","","","","","","","","","","","","","","","","","","",85,1,"","","","","","","","","","","","",7.9,1,1003.5,1,"","","","","","",7,1,7,1,2,1,0,1,0,1,"","","","","","","","","","","","","","","","","","","","","","","","",18000,1,"","",2,1,2,1,"","","","","","","","","","",4,1,"","","","","","","","","","","","","","","","","","","","","","","","","","","","","","","","","","","","","","","","","","","","","","","","","","","","","",""
"50020001","PTE DE LA HAGUE",49.725167,-1.939833,6,1951010309,"","","","",5.,1,"","","","","","","","","","","","","","","","","","","","","","","","","","","","","","",5.,1,2.2,1,"","","","","","","","","","","","","","","","","","","","","","","","","","",81,1,"","","","","","","","","","","","",7.2,1,1007.9,1,"","","","","","",2,1,0,1,2,1,0,1,0,1,"","","","","","","","","","","","","","","","","","","","","","","","",18000,1,"","",1,1,2,1,"","","","","","","","","","",3,1,"","","","","","","","","","","","","","","","","","","","","","","","","","","","","","","","","","","","","","","","","","","","","","","","","","","","","",""
"50020001","PTE DE LA HAGUE",49.725167,-1.939833,6,1951010312,"","","","",4.,1,"","","","","","","","","","","","","","","","","","","","","","","","","","","","","","",6.,1,1.,1,"","","","","","","","","","","","","","","","","","","","","","","","","","",70,1,"","","","","","","","","","","","",6.6,1,1009.1,1,"","","","","","",6,1,6,1,4,1,3,1,0,1,"","","","","","","","","","","","","","","","","","","","","","","","",22000,1,"","",2,1,1,1,"","","","","","","","","","",3,1,"","","","","","","","","","","","","","","","","","","","","","","","","","","","","","","","","","","","","","","","","","","","","","","","","","","","","",""
"50020001","PTE DE LA HAGUE",49.725167,-1.939833,6,1951010315,"","","","",2.,1,"","","","","","","","","","","","","","","","","","","","","","","","","","","","","","",6.8,1,2.2,1,"","","","","","","","","","","","","","","","","","","","","","","","","","",71,1,"","","","","","","","","","","","",7.2,1,1010.2,1,"","","","","","",2,1,0,1,2,1,0,1,2,1,"","","","","","","","","","","","","","","","","","","","","","","","",22000,1,"","",2,1,0,1,"","","","","","","","","","",2,1,"","","","","","","","","","","","","","","","","","","","","","","","","","","","","","","","","","","","","","","","","","","","","","","","","","","","","",""
"50020001","PTE DE LA HAGUE",49.725167,-1.939833,6,1951010318,"","","","",4.,1,"","","","","","","","","","","","","","","","","","","","","","","","","","","","","","",6.2,1,2.8,1,"","","","","","","","","","","","","","","","","","","","","","","","","","",77,1,"","","","","","","","","","","","",7.5,1,1010.7,1,"","","","","","",5,1,5,1,2,1,0,1,0,1,"","","","","","","","","","","","","","","","","","","","","","","","",22000,1,"","",2,1,2,1,"","","","","","","","","","",2,1,"","","","","","","","","","","","","","","","","","","","","","","","","","","","","","","","","","","","","","","","","","","","","","","","","","","","","",""
"50020001","PTE DE LA HAGUE",49.725167,-1.939833,6,1951010400,"","","","",11.,1,"","","","","","","","","","","","","","","","","","","","","","","","","","","","","","",6.4,1,3.,1,"","","","","","","","","","","","","","","","","","","","","","","","","","",79,1,"","","","","","","","","","","","",7.6,1,1009.1,1,"","","","","","",8,1,8,1,5,1,"","","","","","","","","","","","","","","","","","","","","","","","","","","","",14000,1,"","",2,1,2,1,"","","","","","","","","","",5,1,"","","","","","","","","","","","","","","","","","","","","","","","","","","","","","","","","","","","","","","","","","","","","","","","","","","","","",""
"50020001","PTE DE LA HAGUE",49.725167,-1.939833,6,1951010406,"","","","",7.,1,"","","","","","","","","","","","","","","","","","","","","","","","","","","","","","",9.,1,8.4,1,"","","","","","","","","","","","","","","","","","","","","","","","","","",95,1,"","","","","","","","","","","","",11.2,1,1006.2,1,"","","","","","",8,1,8,1,5,1,"","","","","","","","","","","","","","","","","","","","","","","","","","","","",12000,1,"","",2,1,6,1,"","","","","","","","","","",4,1,"","","","","","","","","","","","","","","","","","","","","","","","","","","","","","","","","","","","","","","","","","","","","","","","","","","","","",""
"50020001","PTE DE LA HAGUE",49.725167,-1.939833,6,1951010409,"","","","",7.,1,"","","","","","","","","","","","","","","","","","","","","","","","","","","","","","",8.6,1,7.1,1,"","","","","","","","","","","","","","","","","","","","","","","","","","",92,1,"","","","","","","","","","","","",10.2,1,1008.1,1,"","","","","","",8,1,8,1,6,1,7,1,"","","","","","","","","","","","","","","","","","","","","","","","","","",14000,1,"","",2,1,2,1,"","","","","","","","","","",4,1,"","","","","","","","","","","","","","","","","","","","","","","","","","","","","","","","","","","","","","","","","","","","","","","","","","","","","",""
"50020001","PTE DE LA HAGUE",49.725167,-1.939833,6,1951010412,"","","","",7.,1,"","","","","","","","","","","","","","","","","","","","","","","","","","","","","","",8.8,1,7.1,1,"","","","","","","","","","","","","","","","","","","","","","","","","","",92,1,"","","","","","","","","","","","",10.2,1,1008.1,1,"","","","","","",8,1,7,1,2,1,2,1,"","","","","","","","","","","","","","","","","","","","","","","","","","",8000,1,"","",60,1,6,1,"","","","","","","","","","",3,1,"","","","","","","","","","","","","","","","","","","","","","","","","","","","","","","","","","","","","","","","","","","","","","","","","","","","","",""
"50020001","PTE DE LA HAGUE",49.725167,-1.939833,6,1951010415,"","","","",7.,1,"","","","","","","","","","","","","","","","","","","","","","","","","","","","","","",8.1,1,7.6,1,"","","","","","","","","","","","","","","","","","","","","","","","","","",97,1,"","","","","","","","","","","","",10.6,1,1008.1,1,"","","","","","",8,1,8,1,7,1,"","","","","","","","","","","","","","","","","","","","","","","","","","","","",5000,1,"","",61,1,6,1,"","","","","","","","","","",3,1,"","","","","","","","","","","","","","","","","","","","","","","","","","","","","","","","","","","","","","","","","","","","","","","","","","","","","",""
"50020001","PTE DE LA HAGUE",49.725167,-1.939833,6,1951010418,"","","","",7.,1,"","","","","","","","","","","","","","","","","","","","","","","","","","","","","","",8.2,1,8.2,1,"","","","","","","","","","","","","","","","","","","","","","","","","","",100,1,"","","","","","","","","","","","",10.7,1,1008.1,1,"","","","","","",8,1,8,1,7,1,"","","","","","","","","","","","","","","","","","","","","","","","","","","","",6000,1,"","",61,1,6,1,"","","","","","","","","","",3,1,"","","","","","","","","","","","","","","","","","","","","","","","","","","","","","","","","","","","","","","","","","","","","","","","","","","","","",""
"50020001","PTE DE LA HAGUE",49.725167,-1.939833,6,1951010500,"","","","",10.,1,"","","","","","","","","","","","","","","","","","","","","","","","","","","","","","",9.2,1,8.5,1,"","","","","","","","","","","","","","","","","","","","","","","","","","",97,1,"","","","","","","","","","","","",11.3,1,1007.5,1,"","","","","","",8,1,8,1,0,1,7,1,"","","","","","","","","","","","","","","","","","","","","","","","","","",18000,1,"","",2,1,2,1,"","","","","","","","","","",4,1,"","","","","","","","","","","","","","","","","","","","","","","","","","","","","","","","","","","","","","","","","","","","","","","","","","","","","",""
"50020001","PTE DE LA HAGUE",49.725167,-1.939833,6,1951010506,"","","","",11.,1,"","","","","","","","","","","","","","","","","","","","","","","","","","","","","","",9.2,1,8.5,1,"","","","","","","","","","","","","","","","","","","","","","","","","","",97,1,"","","","","","","","","","","","",11.3,1,1005.8,1,"","","","","","",8,1,8,1,5,1,"","","","","","","","","","","","","","","","","","","","","","","","","","","","",18000,1,"","",2,1,6,1,"","","","","","","","","","",5,1,"","","","","","","","","","","","","","","","","","","","","","","","","","","","","","","","","","","","","","","","","","","","","","","","","","","","","",""
"50020001","PTE DE LA HAGUE",49.725167,-1.939833,6,1951010509,"","","","",12.,1,"","","","","","","","","","","","","","","","","","","","","","","","","","","","","","",9.8,1,8.,1,"","","","","","","","","","","","","","","","","","","","","","","","","","",90,1,"","","","","","","","","","","","",10.9,1,1005.3,1,"","","","","","",7,1,7,1,5,1,0,1,0,1,"","","","","","","","","","","","","","","","","","","","","","","","",15000,1,"","",2,1,2,1,"","","","","","","","","","",4,1,"","","","","","","","","","","","","","","","","","","","","","","","","","","","","","","","","","","","","","","","","","","","","","","","","","","","","",""
"50020001","PTE DE LA HAGUE",49.725167,-1.939833,6,1951010512,"","","","",12.,1,"","","","","","","","","","","","","","","","","","","","","","","","","","","","","","",10.,1,8.1,1,"","","","","","","","","","","","","","","","","","","","","","","","","","",92,1,"","","","","","","","","","","","",11.,1,1003.3,1,"","","","","","",8,1,8,1,5,1,"","","","","","","","","","","","","","","","","","","","","","","","","","","","",8000,1,"","",60,1,6,1,"","","","","","","","","","",5,1,"","","","","","","","","","","","","","","","","","","","","","","","","","","","","","","","","","","","","","","","","","","","","","","","","","","","","",""
"50020001","PTE DE LA HAGUE",49.725167,-1.939833,6,1951010515,"","","","",10.,1,"","","","","","","","","","","","","","","","","","","","","","","","","","","","","","",10.1,1,9.2,1,"","","","","","","","","","","","","","","","","","","","","","","","","","",92,1,"","","","","","","","","","","","",11.8,1,1004.6,1,"","","","","","",8,1,7,1,7,1,2,1,"","","","","","","","","","","","","","","","","","","","","","","","","","",8000,1,"","",61,1,6,1,"","","","","","","","","","",4,1,"","","","","","","","","","","","","","","","","","","","","","","","","","","","","","","","","","","","","","","","","","","","","","","","","","","","","",""
"50020001","PTE DE LA HAGUE",49.725167,-1.939833,6,1951010518,"","","","",10.,1,"","","","","","","","","","","","","","","","","","","","","","","","","","","","","","",10.,1,7.7,1,"","","","","","","","","","","","","","","","","","","","","","","","","","",87,1,"","","","","","","","","","","","",10.7,1,1005.9,1,"","","","","","",8,1,8,1,5,1,"","","","","","","","","","","","","","","","","","","","","","","","","","","","",14000,1,"","",60,1,6,1,"","","","","","","","","","",5,1,"","","","","","","","","","","","","","","","","","","","","","","","","","","","","","","","","","","","","","","","","","","","","","","","","","","","","",""
"50020001","PTE DE LA HAGUE",49.725167,-1.939833,6,1951010600,"","","","",9.,1,"","","","","","","","","","","","","","","","","","","","","","","","","","","","","","",8.6,1,7.1,1,"","","","","","","","","","","","","","","","","","","","","","","","","","",92,1,"","","","","","","","","","","","",10.2,1,1006.1,1,"","","","","","",2,1,0,1,0,1,7,1,0,1,"","","","","","","","","","","","","","","","","","","","","","","","",14000,1,"","",2,1,0,1,"","","","","","","","","","",4,1,"","","","","","","","","","","","","","","","","","","","","","","","","","","","","","","","","","","","","","","","","","","","","","","","","","","","","",""
"50020001","PTE DE LA HAGUE",49.725167,-1.939833,6,1951010606,"","","","",9.,1,"","","","","","","","","","","","","","","","","","","","","","","","","","","","","","",7.7,1,3.8,1,"","","","","","","","","","","","","","","","","","","","","","","","","","",77,1,"","","","","","","","","","","","",8.1,1,1003.,1,"","","","","","",7,1,7,1,5,1,0,1,0,1,"","","","","","","","","","","","","","","","","","","","","","","","",16000,1,"","",2,1,2,1,"","","","","","","","","","",4,1,"","","","","","","","","","","","","","","","","","","","","","","","","","","","","","","","","","","","","","","","","","","","","","","","","","","","","",""
"50020001","PTE DE LA HAGUE",49.725167,-1.939833,6,1951010609,"","","","",10.,1,"","","","","","","","","","","","","","","","","","","","","","","","","","","","","","",7.4,1,5.9,1,"","","","","","","","","","","","","","","","","","","","","","","","","","",89,1,"","","","","","","","","","","","",9.4,1,1001.8,1,"","","","","","",7,1,7,1,0,1,3,1,0,1,"","","","","","","","","","","","","","","","","","","","","","","","",10000,1,"","",2,1,2,1,"","","","","","","","","","",4,1,"","","","","","","","","","","","","","","","","","","","","","","","","","","","","","","","","","","","","","","","","","","","","","","","","","","","","",""
"50020001","PTE DE LA HAGUE",49.725167,-1.939833,6,1951010612,"","","","",11.,1,"","","","","","","","","","","","","","","","","","","","","","","","","","","","","","",9.,1,6.8,1,"","","","","","","","","","","","","","","","","","","","","","","","","","",86,1,"","","","","","","","","","","","",10.,1,1000.2,1,"","","","","","",8,1,8,1,5,1,"","","","","","","","","","","","","","","","","","","","","","","","","","","","",10000,1,"","",2,1,2,1,"","","","","","","","","","",5,1,"","","","","","","","","","","","","","","","","","","","","","","","","","","","","","","","","","","","","","","","","","","","","","","","","","","","","",""
"50020001","PTE DE LA HAGUE",49.725167,-1.939833,6,1951010615,"","","","",10.,1,"","","","","","","","","","","","","","","","","","","","","","","","","","","","","","",10.4,1,7.3,1,"","","","","","","","","","","","","","","","","","","","","","","","","","",82,1,"","","","","","","","","","","","",10.4,1,998.7,1,"","","","","","",8,1,8,1,5,1,"","","","","","","","","","","","","","","","","","","","","","","","","","","","",14000,1,"","",60,1,6,1,"","","","","","","","","","",4,1,"","","","","","","","","","","","","","","","","","","","","","","","","","","","","","","","","","","","","","","","","","","","","","","","","","","","","",""
"50020001","PTE DE LA HAGUE",49.725167,-1.939833,6,1951010618,"","","","",11.,1,"","","","","","","","","","","","","","","","","","","","","","","","","","","","","","",9.8,1,8.,1,"","","","","","","","","","","","","","","","","","","","","","","","","","",90,1,"","","","","","","","","","","","",10.9,1,998.7,1,"","","","","","",8,1,8,1,5,1,"","","","","","","","","","","","","","","","","","","","","","","","","","","","",14000,1,"","",2,1,6,1,"","","","","","","","","","",5,1,"","","","","","","","","","","","","","","","","","","","","","","","","","","","","","","","","","","","","","","","","","","","","","","","","","","","","",""
"50020001","PTE DE LA HAGUE",49.725167,-1.939833,6,1951010700,"","","","",11.,1,"","","","","","","","","","","","","","","","","","","","","","","","","","","","","","",8.,1,5.5,1,"","","","","","","","","","","","","","","","","","","","","","","","","","",83,1,"","","","","","","","","","","","",9.1,1,1003.8,1,"","","","","","",4,1,0,1,2,1,0,1,0,1,"","","","","","","","","","","","","","","","","","","","","","","","",25000,1,"","",2,1,6,1,"","","","","","","","","","",5,1,"","","","","","","","","","","","","","","","","","","","","","","","","","","","","","","","","","","","","","","","","","","","","","","","","","","","","",""
"50020001","PTE DE LA HAGUE",49.725167,-1.939833,6,1951010706,"","","","",8.,1,"","","","","","","","","","","","","","","","","","","","","","","","","","","","","","",8.4,1,5.,1,"","","","","","","","","","","","","","","","","","","","","","","","","","",78,1,"","","","","","","","","","","","",8.8,1,1008.9,1,"","","","","","",1,1,0,1,2,1,0,1,0,1,"","","","","","","","","","","","","","","","","","","","","","","","",25000,1,"","",2,1,"","","","","","","","","","","","",5,1,"","","","","","","","","","","","","","","","","","","","","","","","","","","","","","","","","","","","","","","","","","","","","","","","","","","","","",""
"50020001","PTE DE LA HAGUE",49.725167,-1.939833,6,1951010709,"","","","",6.,1,"","","","","","","","","","","","","","","","","","","","","","","","","","","","","","",8.6,1,5.,1,"","","","","","","","","","","","","","","","","","","","","","","","","","",78,1,"","","","","","","","","","","","",8.8,1,1012.2,1,"","","","","","",2,1,0,1,2,1,0,1,0,1,"","","","","","","","","","","","","","","","","","","","","","","","",25000,1,"","",2,1,1,1,"","","","","","","","","","",4,1,"","","","","","","","","","","","","","","","","","","","","","","","","","","","","","","","","","","","","","","","","","","","","","","","","","","","","",""
"50020001","PTE DE LA HAGUE",49.725167,-1.939833,6,1951010712,"","","","",6.,1,"","","","","","","","","","","","","","","","","","","","","","","","","","","","","","",9.4,1,6.2,1,"","","","","","","","","","","","","","","","","","","","","","","","","","",82,1,"","","","","","","","","","","","",9.6,1,1012.7,1,"","","","","","",6,1,5,1,2,1,0,1,4,1,"","","","","","","","","","","","","","","","","","","","","","","","",22000,1,"","",25,1,1,1,"","","","","","","","","","",4,1,"","","","","","","","","","","","","","","","","","","","","","","","","","","","","","","","","","","","","","","","","","","","","","","","","","","","","",""
"50020001","PTE DE LA HAGUE",49.725167,-1.939833,6,1951010715,"","","","",4.,1,"","","","","","","","","","","","","","","","","","","","","","","","","","","","","","",9.2,1,6.8,1,"","","","","","","","","","","","","","","","","","","","","","","","","","",86,1,"","","","","","","","","","","","",10.,1,1013.5,1,"","","","","","",7,1,6,1,2,1,0,1,8,1,"","","","","","","","","","","","","","","","","","","","","","","","",25000,1,"","",2,1,1,1,"","","","","","","","","","",4,1,"","","","","","","","","","","","","","","","","","","","","","","","","","","","","","","","","","","","","","","","","","","","","","","","","","","","","",""
"50020001","PTE DE LA HAGUE",49.725167,-1.939833,6,1951010718,"","","","",5.,1,"","","","","","","","","","","","","","","","","","","","","","","","","","","","","","",9.,1,7.1,1,"","","","","","","","","","","","","","","","","","","","","","","","","","",92,1,"","","","","","","","","","","","",10.2,1,1013.8,1,"","","","","","",8,1,5,1,3,1,9,1,7,1,"","","","","","","","","","","","","","","","","","","","","","","","",22000,1,"","",25,1,1,1,"","","","","","","","","","",4,1,"","","","","","","","","","","","","","","","","","","","","","","","","","","","","","","","","","","","","","","","","","","","","","","","","","","","","",""
"50020001","PTE DE LA HAGUE",49.725167,-1.939833,6,1951010800,"","","","",6.,1,"","","","","","","","","","","","","","","","","","","","","","","","","","","","","","",8.6,1,7.3,1,"","","","","","","","","","","","","","","","","","","","","","","","","","",95,1,"","","","","","","","","","","","",10.4,1,1013.4,1,"","","","","","",8,1,5,1,0,1,7,1,7,1,"","","","","","","","","","","","","","","","","","","","","","","","",25000,1,"","",2,1,2,1,"","","","","","","","","","",3,1,"","","","","","","","","","","","","","","","","","","","","","","","","","","","","","","","","","","","","","","","","","","","","","","","","","","","","",""
"50020001","PTE DE LA HAGUE",49.725167,-1.939833,6,1951010806,"","","","",10.,1,"","","","","","","","","","","","","","","","","","","","","","","","","","","","","","",8.4,1,7.3,1,"","","","","","","","","","","","","","","","","","","","","","","","","","",95,1,"","","","","","","","","","","","",10.4,1,1010.9,1,"","","","","","",8,1,8,1,0,1,7,1,"","","","","","","","","","","","","","","","","","","","","","","","","","",18000,1,"","",60,1,6,1,"","","","","","","","","","",4,1,"","","","","","","","","","","","","","","","","","","","","","","","","","","","","","","","","","","","","","","","","","","","","","","","","","","","","",""
"50020001","PTE DE LA HAGUE",49.725167,-1.939833,6,1951010809,"","","","",9.,1,"","","","","","","","","","","","","","","","","","","","","","","","","","","","","","",8.2,1,7.6,1,"","","","","","","","","","","","","","","","","","","","","","","","","","",97,1,"","","","","","","","","","","","",10.6,1,1009.7,1,"","","","","","",8,1,6,1,6,1,2,1,"","","","","","","","","","","","","","","","","","","","","","","","","","",10000,1,"","",60,1,6,1,"","","","","","","","","","",4,1,"","","","","","","","","","","","","","","","","","","","","","","","","","","","","","","","","","","","","","","","","","","","","","","","","","","","","",""
"50020001","PTE DE LA HAGUE",49.725167,-1.939833,6,1951010812,"","","","",9.,1,"","","","","","","","","","","","","","","","","","","","","","","","","","","","","","",8.8,1,7.1,1,"","","","","","","","","","","","","","","","","","","","","","","","","","",92,1,"","","","","","","","","","","","",10.2,1,1007.4,1,"","","","","","",8,1,7,1,6,1,2,1,"","","","","","","","","","","","","","","","","","","","","","","","","","",12000,1,"","",60,1,6,1,"","","","","","","","","","",4,1,"","","","","","","","","","","","","","","","","","","","","","","","","","","","","","","","","","","","","","","","","","","","","","","","","","","","","",""
"50020001","PTE DE LA HAGUE",49.725167,-1.939833,6,1951010815,"","","","",9.,1,"","","","","","","","","","","","","","","","","","","","","","","","","","","","","","",8.8,1,8.5,1,"","","","","","","","","","","","","","","","","","","","","","","","","","",97,1,"","","","","","","","","","","","",11.3,1,1005.5,1,"","","","","","",8,1,7,1,7,1,2,1,"","","","","","","","","","","","","","","","","","","","","","","","","","",6000,1,"","",61,1,6,1,"","","","","","","","","","",4,1,"","","","","","","","","","","","","","","","","","","","","","","","","","","","","","","","","","","","","","","","","","","","","","","","","","","","","",""
"50020001","PTE DE LA HAGUE",49.725167,-1.939833,6,1951010818,"","","","",2.,1,"","","","","","","","","","","","","","","","","","","","","","","","","","","","","","",8.8,1,7.1,1,"","","","","","","","","","","","","","","","","","","","","","","","","","",92,1,"","","","","","","","","","","","",10.2,1,1005.8,1,"","","","","","",7,1,7,1,6,1,7,1,0,1,"","","","","","","","","","","","","","","","","","","","","","","","",22000,1,"","",2,1,6,1,"","","","","","","","","","",3,1,"","","","","","","","","","","","","","","","","","","","","","","","","","","","","","","","","","","","","","","","","","","","","","","","","","","","","",""
"50020001","PTE DE LA HAGUE",49.725167,-1.939833,6,1951010900,"","","","",7.,1,"","","","","","","","","","","","","","","","","","","","","","","","","","","","","","",7.4,1,4.5,1,"","","","","","","","","","","","","","","","","","","","","","","","","","",85,1,"","","","","","","","","","","","",8.5,1,1007.4,1,"","","","","","",8,1,8,1,9,1,"","","","","","","","","","","","","","","","","","","","","","","","","","","","",38000,1,"","",80,1,8,1,"","","","","","","","","","",4,1,"","","","","","","","","","","","","","","","","","","","","","","","","","","","","","","","","","","","","","","","","","","","","","","","","","","","","",""
"50020001","PTE DE LA HAGUE",49.725167,-1.939833,6,1951010906,"","","","",5.,1,"","","","","","","","","","","","","","","","","","","","","","","","","","","","","","",6.4,1,3.,1,"","","","","","","","","","","","","","","","","","","","","","","","","","",79,1,"","","","","","","","","","","","",7.6,1,1010.3,1,"","","","","","",1,1,0,1,2,1,0,1,0,1,"","","","","","","","","","","","","","","","","","","","","","","","",30000,1,"","",2,1,"","","","","","","","","","","","",4,1,"","","","","","","","","","","","","","","","","","","","","","","","","","","","","","","","","","","","","","","","","","","","","","","","","","","","","",""
"50020001","PTE DE LA HAGUE",49.725167,-1.939833,6,1951010909,"","","","",5.,1,"","","","","","","","","","","","","","","","","","","","","","","","","","","","","","",7.8,1,3.3,1,"","","","","","","","","","","","","","","","","","","","","","","","","","",72,1,"","","","","","","","","","","","",7.8,1,1012.1,1,"","","","","","",7,1,5,1,2,1,0,1,2,1,"","","","","","","","","","","","","","","","","","","","","","","","",30000,1,"","",2,1,2,1,"","","","","","","","","","",3,1,"","","","","","","","","","","","","","","","","","","","","","","","","","","","","","","","","","","","","","","","","","","","","","","","","","","","","",""
"50020001","PTE DE LA HAGUE",49.725167,-1.939833,6,1951010912,"","","","",7.,1,"","","","","","","","","","","","","","","","","","","","","","","","","","","","","","",8.2,1,5.5,1,"","","","","","","","","","","","","","","","","","","","","","","","","","",83,1,"","","","","","","","","","","","",9.1,1,1012.3,1,"","","","","","",2,1,0,1,2,1,0,1,2,1,"","","","","","","","","","","","","","","","","","","","","","","","",30000,1,"","",1,1,2,1,"","","","","","","","","","",4,1,"","","","","","","","","","","","","","","","","","","","","","","","","","","","","","","","","","","","","","","","","","","","","","","","","","","","","",""
"50020001","PTE DE LA HAGUE",49.725167,-1.939833,6,1951010915,"","","","",5.,1,"","","","","","","","","","","","","","","","","","","","","","","","","","","","","","",7.2,1,4.3,1,"","","","","","","","","","","","","","","","","","","","","","","","","","",83,1,"","","","","","","","","","","","",8.4,1,1011.4,1,"","","","","","",7,1,7,1,0,1,0,1,2,1,"","","","","","","","","","","","","","","","","","","","","","","","",25000,1,"","",2,1,2,1,"","","","","","","","","","",3,1,"","","","","","","","","","","","","","","","","","","","","","","","","","","","","","","","","","","","","","","","","","","","","","","","","","","","","",""
"50020001","PTE DE LA HAGUE",49.725167,-1.939833,6,1951010918,"","","","",3.,1,"","","","","","","","","","","","","","","","","","","","","","","","","","","","","","",6.,1,3.3,1,"","","","","","","","","","","","","","","","","","","","","","","","","","",82,1,"","","","","","","","","","","","",7.8,1,1010.3,1,"","","","","","",1,1,0,1,0,1,0,1,2,1,"","","","","","","","","","","","","","","","","","","","","","","","",25000,1,"","",1,1,1,1,"","","","","","","","","","",3,1,"","","","","","","","","","","","","","","","","","","","","","","","","","","","","","","","","","","","","","","","","","","","","","","","","","","","","",""
"50020001","PTE DE LA HAGUE",49.725167,-1.939833,6,1951011000,"","","","",1.,1,"","","","","","","","","","","","","","","","","","","","","","","","","","","","","","",3.4,1,2.,1,"","","","","","","","","","","","","","","","","","","","","","","","","","",90,1,"","","","","","","","","","","","",7.1,1,1008.6,1,"","","","","","",7,1,6,1,0,1,4,1,6,1,"","","","","","","","","","","","","","","","","","","","","","","","",25000,1,"","",3,1,1,1,"","","","","","","","","","",3,1,"","","","","","","","","","","","","","","","","","","","","","","","","","","","","","","","","","","","","","","","","","","","","","","","","","","","","",""
"50020001","PTE DE LA HAGUE",49.725167,-1.939833,6,1951011006,"","","","",5.,1,"","","","","","","","","","","","","","","","","","","","","","","","","","","","","","",5.4,1,2.6,1,"","","","","","","","","","","","","","","","","","","","","","","","","","",84,1,"","","","","","","","","","","","",7.4,1,1006.1,1,"","","","","","",3,1,0,1,0,1,4,1,0,1,"","","","","","","","","","","","","","","","","","","","","","","","",28000,1,"","",2,1,"","","","","","","","","","","","",3,1,"","","","","","","","","","","","","","","","","","","","","","","","","","","","","","","","","","","","","","","","","","","","","","","","","","","","","",""
"50020001","PTE DE LA HAGUE",49.725167,-1.939833,6,1951011009,"","","","",8.,1,"","","","","","","","","","","","","","","","","","","","","","","","","","","","","","",6.,1,3.5,1,"","","","","","","","","","","","","","","","","","","","","","","","","","",85,1,"","","","","","","","","","","","",7.9,1,1005.7,1,"","","","","","",7,1,7,1,0,1,3,1,0,1,"","","","","","","","","","","","","","","","","","","","","","","","",22000,1,"","",2,1,2,1,"","","","","","","","","","",4,1,"","","","","","","","","","","","","","","","","","","","","","","","","","","","","","","","","","","","","","","","","","","","","","","","","","","","","",""
"50020001","PTE DE LA HAGUE",49.725167,-1.939833,6,1951011012,"","","","",9.,1,"","","","","","","","","","","","","","","","","","","","","","","","","","","","","","",7.,1,4.5,1,"","","","","","","","","","","","","","","","","","","","","","","","","","",85,1,"","","","","","","","","","","","",8.5,1,1005.5,1,"","","","","","",7,1,7,1,5,1,3,1,0,1,"","","","","","","","","","","","","","","","","","","","","","","","",15000,1,"","",2,1,2,1,"","","","","","","","","","",4,1,"","","","","","","","","","","","","","","","","","","","","","","","","","","","","","","","","","","","","","","","","","","","","","","","","","","","","",""
"50020001","PTE DE LA HAGUE",49.725167,-1.939833,6,1951011015,"","","","",6.,1,"","","","","","","","","","","","","","","","","","","","","","","","","","","","","","",8.1,1,7.6,1,"","","","","","","","","","","","","","","","","","","","","","","","","","",97,1,"","","","","","","","","","","","",10.6,1,1005.4,1,"","","","","","",8,1,8,1,6,1,"","","","","","","","","","","","","","","","","","","","","","","","","","","","",6000,1,"","",50,1,5,1,"","","","","","","","","","",3,1,"","","","","","","","","","","","","","","","","","","","","","","","","","","","","","","","","","","","","","","","","","","","","","","","","","","","","",""
"50020001","PTE DE LA HAGUE",49.725167,-1.939833,6,1951011018,"","","","",4.,1,"","","","","","","","","","","","","","","","","","","","","","","","","","","","","","",7.1,1,6.6,1,"","","","","","","","","","","","","","","","","","","","","","","","","","",97,1,"","","","","","","","","","","","",9.9,1,1005.4,1,"","","","","","",8,1,8,1,5,1,"","","","","","","","","","","","","","","","","","","","","","","","","","","","",22000,1,"","",2,1,5,1,"","","","","","","","","","",3,1,"","","","","","","","","","","","","","","","","","","","","","","","","","","","","","","","","","","","","","","","","","","","","","","","","","","","","",""
"50020001","PTE DE LA HAGUE",49.725167,-1.939833,6,1951011100,"","","","",12.,1,"","","","","","","","","","","","","","","","","","","","","","","","","","","","","","",8.,1,5.6,1,"","","","","","","","","","","","","","","","","","","","","","","","","","",86,1,"","","","","","","","","","","","",9.2,1,1003.3,1,"","","","","","",8,1,8,1,5,1,"","","","","","","","","","","","","","","","","","","","","","","","","","","","",22000,1,"","",2,1,"","","","","","","","","","","","",5,1,"","","","","","","","","","","","","","","","","","","","","","","","","","","","","","","","","","","","","","","","","","","","","","","","","","","","","",""
"50020001","PTE DE LA HAGUE",49.725167,-1.939833,6,1951011106,"","","","",16.,1,"","","","","","","","","","","","","","","","","","","","","","","","","","","","","","",8.6,1,6.8,1,"","","","","","","","","","","","","","","","","","","","","","","","","","",86,1,"","","","","","","","","","","","",10.,1,996.6,1,"","","","","","",8,1,0,1,5,1,2,1,"","","","","","","","","","","","","","","","","","","","","","","","","","",17000,1,"","",2,1,6,1,"","","","","","","","","","",5,1,"","","","","","","","","","","","","","","","","","","","","","","","","","","","","","","","","","","","","","","","","","","","","","","","","","","","","",""
"50020001","PTE DE LA HAGUE",49.725167,-1.939833,6,1951011109,"","","","",15.,1,"","","","","","","","","","","","","","","","","","","","","","","","","","","","","","",8.4,1,7.3,1,"","","","","","","","","","","","","","","","","","","","","","","","","","",95,1,"","","","","","","","","","","","",10.4,1,993.7,1,"","","","","","",8,1,8,1,7,1,"","","","","","","","","","","","","","","","","","","","","","","","","","","","",6000,1,"","",63,1,6,1,"","","","","","","","","","",6,1,"","","","","","","","","","","","","","","","","","","","","","","","","","","","","","","","","","","","","","","","","","","","","","","","","","","","","",""
"50020001","PTE DE LA HAGUE",49.725167,-1.939833,6,1951011112,"","","","",15.,1,"","","","","","","","","","","","","","","","","","","","","","","","","","","","","","",9.1,1,7.6,1,"","","","","","","","","","","","","","","","","","","","","","","","","","",97,1,"","","","","","","","","","","","",10.6,1,989.7,1,"","","","","","",8,1,8,1,7,1,"","","","","","","","","","","","","","","","","","","","","","","","","","","","",5000,1,"","",63,1,6,1,"","","","","","","","","","",6,1,"","","","","","","","","","","","","","","","","","","","","","","","","","","","","","","","","","","","","","","","","","","","","","","","","","","","","",""
"50020001","PTE DE LA HAGUE",49.725167,-1.939833,6,1951011115,"","","","",6.,1,"","","","","","","","","","","","","","","","","","","","","","","","","","","","","","",9.,1,7.1,1,"","","","","","","","","","","","","","","","","","","","","","","","","","",92,1,"","","","","","","","","","","","",10.2,1,989.,1,"","","","","","",8,1,8,1,5,1,"","","","","","","","","","","","","","","","","","","","","","","","","","","","",11000,1,"","",2,1,6,1,"","","","","","","","","","",5,1,"","","","","","","","","","","","","","","","","","","","","","","","","","","","","","","","","","","","","","","","","","","","","","","","","","","","","",""
"50020001","PTE DE LA HAGUE",49.725167,-1.939833,6,1951011118,"","","","",15.,1,"","","","","","","","","","","","","","","","","","","","","","","","","","","","","","",8.2,1,7.3,1,"","","","","","","","","","","","","","","","","","","","","","","","","","",95,1,"","","","","","","","","","","","",10.4,1,988.6,1,"","","","","","",8,1,8,1,9,1,"","","","","","","","","","","","","","","","","","","","","","","","","","","","",12000,1,"","",81,1,6,1,"","","","","","","","","","",5,1,"","","","","","","","","","","","","","","","","","","","","","","","","","","","","","","","","","","","","","","","","","","","","","","","","","","","","",""
"50020001","PTE DE LA HAGUE",49.725167,-1.939833,6,1951011200,"","","","",5.,1,"","","","","","","","","","","","","","","","","","","","","","","","","","","","","","",6.,1,3.3,1,"","","","","","","","","","","","","","","","","","","","","","","","","","",82,1,"","","","","","","","","","","","",7.8,1,990.9,1,"","","","","","",3,1,0,1,3,1,0,1,0,1,"","","","","","","","","","","","","","","","","","","","","","","","",30000,1,"","",25,1,8,1,"","","","","","","","","","",5,1,"","","","","","","","","","","","","","","","","","","","","","","","","","","","","","","","","","","","","","","","","","","","","","","","","","","","","",""
"50020001","PTE DE LA HAGUE",49.725167,-1.939833,6,1951011206,"","","","",10.,1,"","","","","","","","","","","","","","","","","","","","","","","","","","","","","","",5.6,1,3.8,1,"","","","","","","","","","","","","","","","","","","","","","","","","","",88,1,"","","","","","","","","","","","",8.1,1,990.6,1,"","","","","","",2,1,0,1,3,1,0,1,0,1,"","","","","","","","","","","","","","","","","","","","","","","","",30000,1,"","",2,1,"","","","","","","","","","","","",5,1,"","","","","","","","","","","","","","","","","","","","","","","","","","","","","","","","","","","","","","","","","","","","","","","","","","","","","",""
"50020001","PTE DE LA HAGUE",49.725167,-1.939833,6,1951011209,"","","","",12.,1,"","","","","","","","","","","","","","","","","","","","","","","","","","","","","","",6.2,1,3.5,1,"","","","","","","","","","","","","","","","","","","","","","","","","","",85,1,"","","","","","","","","","","","",7.9,1,990.1,1,"","","","","","",7,1,7,1,9,1,0,1,2,1,"","","","","","","","","","","","","","","","","","","","","","","","",19000,1,"","",2,1,2,1,"","","","","","","","","","",5,1,"","","","","","","","","","","","","","","","","","","","","","","","","","","","","","","","","","","","","","","","","","","","","","","","","","","","","",""
"50020001","PTE DE LA HAGUE",49.725167,-1.939833,6,1951011212,"","","","",13.,1,"","","","","","","","","","","","","","","","","","","","","","","","","","","","","","",6.8,1,4.3,1,"","","","","","","","","","","","","","","","","","","","","","","","","","",83,1,"","","","","","","","","","","","",8.4,1,988.5,1,"","","","","","",7,1,7,1,2,1,0,1,2,1,"","","","","","","","","","","","","","","","","","","","","","","","",22000,1,"","",2,1,2,1,"","","","","","","","","","",5,1,"","","","","","","","","","","","","","","","","","","","","","","","","","","","","","","","","","","","","","","","","","","","","","","","","","","","","",""
"50020001","PTE DE LA HAGUE",49.725167,-1.939833,6,1951011215,"","","","",14.,1,"","","","","","","","","","","","","","","","","","","","","","","","","","","","","","",7.,1,4.5,1,"","","","","","","","","","","","","","","","","","","","","","","","","","",85,1,"","","","","","","","","","","","",8.5,1,987.1,1,"","","","","","",8,1,8,1,3,1,"","","","","","","","","","","","","","","","","","","","","","","","","","","","",8000,1,"","",81,1,8,1,"","","","","","","","","","",5,1,"","","","","","","","","","","","","","","","","","","","","","","","","","","","","","","","","","","","","","","","","","","","","","","","","","","","","",""
"50020001","PTE DE LA HAGUE",49.725167,-1.939833,6,1951011218,"","","","",13.,1,"","","","","","","","","","","","","","","","","","","","","","","","","","","","","","",6.8,1,4.8,1,"","","","","","","","","","","","","","","","","","","","","","","","","","",88,1,"","","","","","","","","","","","",8.7,1,987.1,1,"","","","","","",7,1,7,1,9,1,0,1,0,1,"","","","","","","","","","","","","","","","","","","","","","","","",18000,1,"","",15,1,8,1,"","","","","","","","","","",5,1,"","","","","","","","","","","","","","","","","","","","","","","","","","","","","","","","","","","","","","","","","","","","","","","","","","","","","",""
"50020001","PTE DE LA HAGUE",49.725167,-1.939833,6,1951011300,"","","","",12.,1,"","","","","","","","","","","","","","","","","","","","","","","","","","","","","","",7.6,1,5.9,1,"","","","","","","","","","","","","","","","","","","","","","","","","","",89,1,"","","","","","","","","","","","",9.4,1,989.1,1,"","","","","","",7,1,7,1,3,1,0,1,0,1,"","","","","","","","","","","","","","","","","","","","","","","","",22000,1,"","",2,1,8,1,"","","","","","","","","","",5,1,"","","","","","","","","","","","","","","","","","","","","","","","","","","","","","","","","","","","","","","","","","","","","","","","","","","","","",""
"50020001","PTE DE LA HAGUE",49.725167,-1.939833,6,1951011306,"","","","",8.,1,"","","","","","","","","","","","","","","","","","","","","","","","","","","","","","",7.8,1,3.8,1,"","","","","","","","","","","","","","","","","","","","","","","","","","",77,1,"","","","","","","","","","","","",8.1,1,993.7,1,"","","","","","",2,1,0,1,2,1,0,1,0,1,"","","","","","","","","","","","","","","","","","","","","","","","",42000,1,"","",2,1,8,1,"","","","","","","","","","",5,1,"","","","","","","","","","","","","","","","","","","","","","","","","","","","","","","","","","","","","","","","","","","","","","","","","","","","","",""
"50020001","PTE DE LA HAGUE",49.725167,-1.939833,6,1951011309,"","","","",14.,1,"","","","","","","","","","","","","","","","","","","","","","","","","","","","","","",8.2,1,5.,1,"","","","","","","","","","","","","","","","","","","","","","","","","","",78,1,"","","","","","","","","","","","",8.8,1,996.7,1,"","","","","","",2,1,0,1,2,1,0,1,0,1,"","","","","","","","","","","","","","","","","","","","","","","","",32000,1,"","",2,1,8,1,"","","","","","","","","","",5,1,"","","","","","","","","","","","","","","","","","","","","","","","","","","","","","","","","","","","","","","","","","","","","","","","","","","","","",""
"50020001","PTE DE LA HAGUE",49.725167,-1.939833,6,1951011312,"","","","",10.,1,"","","","","","","","","","","","","","","","","","","","","","","","","","","","","","",8.6,1,3.5,1,"","","","","","","","","","","","","","","","","","","","","","","","","","",70,1,"","","","","","","","","","","","",7.9,1,999.1,1,"","","","","","",3,1,0,1,2,1,0,1,4,1,"","","","","","","","","","","","","","","","","","","","","","","","",17000,1,"","",3,1,8,1,"","","","","","","","","","",5,1,"","","","","","","","","","","","","","","","","","","","","","","","","","","","","","","","","","","","","","","","","","","","","","","","","","","","","",""
"50020001","PTE DE LA HAGUE",49.725167,-1.939833,6,1951011315,"","","","",5.,1,"","","","","","","","","","","","","","","","","","","","","","","","","","","","","","",9.,1,4.5,1,"","","","","","","","","","","","","","","","","","","","","","","","","","",73,1,"","","","","","","","","","","","",8.5,1,1000.7,1,"","","","","","",7,1,6,1,3,1,0,1,2,1,"","","","","","","","","","","","","","","","","","","","","","","","",18000,1,"","",15,1,2,1,"","","","","","","","","","",5,1,"","","","","","","","","","","","","","","","","","","","","","","","","","","","","","","","","","","","","","","","","","","","","","","","","","","","","",""
"50020001","PTE DE LA HAGUE",49.725167,-1.939833,6,1951011318,"","","","",6.,1,"","","","","","","","","","","","","","","","","","","","","","","","","","","","","","",8.6,1,5.1,1,"","","","","","","","","","","","","","","","","","","","","","","","","","",81,1,"","","","","","","","","","","","",8.9,1,1002.3,1,"","","","","","",5,1,5,1,2,1,0,1,0,1,"","","","","","","","","","","","","","","","","","","","","","","","",25000,1,"","",2,1,1,1,"","","","","","","","","","",4,1,"","","","","","","","","","","","","","","","","","","","","","","","","","","","","","","","","","","","","","","","","","","","","","","","","","","","","",""
"50020001","PTE DE LA HAGUE",49.725167,-1.939833,6,1951011400,"","","","",5.,1,"","","","","","","","","","","","","","","","","","","","","","","","","","","","","","",7.8,1,5.5,1,"","","","","","","","","","","","","","","","","","","","","","","","","","",83,1,"","","","","","","","","","","","",9.1,1,1004.1,1,"","","","","","",2,1,0,1,9,1,0,1,3,1,"","","","","","","","","","","","","","","","","","","","","","","","",23000,1,"","",2,1,1,1,"","","","","","","","","","",4,1,"","","","","","","","","","","","","","","","","","","","","","","","","","","","","","","","","","","","","","","","","","","","","","","","","","","","","",""
"50020001","PTE DE LA HAGUE",49.725167,-1.939833,6,1951011406,"","","","",5.,1,"","","","","","","","","","","","","","","","","","","","","","","","","","","","","","",8.,1,5.6,1,"","","","","","","","","","","","","","","","","","","","","","","","","","",86,1,"","","","","","","","","","","","",9.2,1,1004.9,1,"","","","","","",2,1,0,1,9,1,0,1,0,1,"","","","","","","","","","","","","","","","","","","","","","","","",25000,1,"","",2,1,8,1,"","","","","","","","","","",4,1,"","","","","","","","","","","","","","","","","","","","","","","","","","","","","","","","","","","","","","","","","","","","","","","","","","","","","",""
"50020001","PTE DE LA HAGUE",49.725167,-1.939833,6,1951011409,"","","","",5.,1,"","","","","","","","","","","","","","","","","","","","","","","","","","","","","","",8.,1,7.3,1,"","","","","","","","","","","","","","","","","","","","","","","","","","",95,1,"","","","","","","","","","","","",10.4,1,1006.1,1,"","","","","","",7,1,7,1,3,1,0,1,0,1,"","","","","","","","","","","","","","","","","","","","","","","","",19000,1,"","",80,1,8,1,"","","","","","","","","","",3,1,"","","","","","","","","","","","","","","","","","","","","","","","","","","","","","","","","","","","","","","","","","","","","","","","","","","","","",""
"50020001","PTE DE LA HAGUE",49.725167,-1.939833,6,1951011412,"","","","",6.,1,"","","","","","","","","","","","","","","","","","","","","","","","","","","","","","",8.2,1,5.6,1,"","","","","","","","","","","","","","","","","","","","","","","","","","",86,1,"","","","","","","","","","","","",9.2,1,1007.3,1,"","","","","","",7,1,7,1,3,1,0,1,2,1,"","","","","","","","","","","","","","","","","","","","","","","","",28000,1,"","",2,1,8,1,"","","","","","","","","","",3,1,"","","","","","","","","","","","","","","","","","","","","","","","","","","","","","","","","","","","","","","","","","","","","","","","","","","","","",""
"50020001","PTE DE LA HAGUE",49.725167,-1.939833,6,1951011415,"","","","",5.,1,"","","","","","","","","","","","","","","","","","","","","","","","","","","","","","",8.9,1,6.8,1,"","","","","","","","","","","","","","","","","","","","","","","","","","",86,1,"","","","","","","","","","","","",10.,1,1007.5,1,"","","","","","",7,1,5,1,2,1,0,1,2,1,"","","","","","","","","","","","","","","","","","","","","","","","",28000,1,"","",2,1,2,1,"","","","","","","","","","",3,1,"","","","","","","","","","","","","","","","","","","","","","","","","","","","","","","","","","","","","","","","","","","","","","","","","","","","","",""
"50020001","PTE DE LA HAGUE",49.725167,-1.939833,6,1951011418,"","","","",6.,1,"","","","","","","","","","","","","","","","","","","","","","","","","","","","","","",8.8,1,6.9,1,"","","","","","","","","","","","","","","","","","","","","","","","","","",89,1,"","","","","","","","","","","","",10.1,1,1008.5,1,"","","","","","",7,1,7,1,5,1,0,1,0,1,"","","","","","","","","","","","","","","","","","","","","","","","",28000,1,"","",2,1,2,1,"","","","","","","","","","",3,1,"","","","","","","","","","","","","","","","","","","","","","","","","","","","","","","","","","","","","","","","","","","","","","","","","","","","","",""
"50020001","PTE DE LA HAGUE",49.725167,-1.939833,6,1951011500,"","","","",6.,1,"","","","","","","","","","","","","","","","","","","","","","","","","","","","","","",8.,1,8.,1,"","","","","","","","","","","","","","","","","","","","","","","","","","",100,1,"","","","","","","","","","","","",10.7,1,1003.,1,"","","","","","",8,1,8,1,7,1,"","","","","","","","","","","","","","","","","","","","","","","","","","","","",8000,1,"","",61,1,6,1,"","","","","","","","","","",3,1,"","","","","","","","","","","","","","","","","","","","","","","","","","","","","","","","","","","","","","","","","","","","","","","","","","","","","",""
"50020001","PTE DE LA HAGUE",49.725167,-1.939833,6,1951011506,"","","","",5.,1,"","","","","","","","","","","","","","","","","","","","","","","","","","","","","","",7.2,1,6.1,1,"","","","","","","","","","","","","","","","","","","","","","","","","","",92,1,"","","","","","","","","","","","",9.5,1,1002.2,1,"","","","","","",8,1,5,1,5,1,2,1,"","","","","","","","","","","","","","","","","","","","","","","","","","",18000,1,"","",20,1,6,1,"","","","","","","","","","",4,1,"","","","","","","","","","","","","","","","","","","","","","","","","","","","","","","","","","","","","","","","","","","","","","","","","","","","","",""
"50020001","PTE DE LA HAGUE",49.725167,-1.939833,6,1951011509,"","","","",8.,1,"","","","","","","","","","","","","","","","","","","","","","","","","","","","","","",7.4,1,4.5,1,"","","","","","","","","","","","","","","","","","","","","","","","","","",85,1,"","","","","","","","","","","","",8.5,1,1009.1,1,"","","","","","",4,1,0,1,2,1,4,1,0,1,"","","","","","","","","","","","","","","","","","","","","","","","",30000,1,"","",1,1,2,1,"","","","","","","","","","",4,1,"","","","","","","","","","","","","","","","","","","","","","","","","","","","","","","","","","","","","","","","","","","","","","","","","","","","","",""
"50020001","PTE DE LA HAGUE",49.725167,-1.939833,6,1951011512,"","","","",11.,1,"","","","","","","","","","","","","","","","","","","","","","","","","","","","","","",7.4,1,4.3,1,"","","","","","","","","","","","","","","","","","","","","","","","","","",82,1,"","","","","","","","","","","","",8.4,1,1014.9,1,"","","","","","",1,1,0,1,2,1,0,1,0,1,"","","","","","","","","","","","","","","","","","","","","","","","",30000,1,"","",1,1,1,1,"","","","","","","","","","",5,1,"","","","","","","","","","","","","","","","","","","","","","","","","","","","","","","","","","","","","","","","","","","","","","","","","","","","","",""
"50020001","PTE DE LA HAGUE",49.725167,-1.939833,6,1951011515,"","","","",11.,1,"","","","","","","","","","","","","","","","","","","","","","","","","","","","","","",8.4,1,3.3,1,"","","","","","","","","","","","","","","","","","","","","","","","","","",72,1,"","","","","","","","","","","","",7.8,1,1018.2,1,"","","","","","",4,1,0,1,2,1,0,1,0,1,"","","","","","","","","","","","","","","","","","","","","","","","",25000,1,"","",3,1,0,1,"","","","","","","","","","",5,1,"","","","","","","","","","","","","","","","","","","","","","","","","","","","","","","","","","","","","","","","","","","","","","","","","","","","","",""
"50020001","PTE DE LA HAGUE",49.725167,-1.939833,6,1951011518,"","","","",10.,1,"","","","","","","","","","","","","","","","","","","","","","","","","","","","","","",8.2,1,3.3,1,"","","","","","","","","","","","","","","","","","","","","","","","","","",72,1,"","","","","","","","","","","","",7.8,1,1024.1,1,"","","","","","",5,1,5,1,2,1,0,1,0,1,"","","","","","","","","","","","","","","","","","","","","","","","",28000,1,"","",2,1,1,1,"","","","","","","","","","",5,1,"","","","","","","","","","","","","","","","","","","","","","","","","","","","","","","","","","","","","","","","","","","","","","","","","","","","","",""
"50020001","PTE DE LA HAGUE",49.725167,-1.939833,6,1951011600,"","","","",5.,1,"","","","","","","","","","","","","","","","","","","","","","","","","","","","","","",7.6,1,3.8,1,"","","","","","","","","","","","","","","","","","","","","","","","","","",77,1,"","","","","","","","","","","","",8.1,1,1028.7,1,"","","","","","",2,1,0,1,2,1,0,1,0,1,"","","","","","","","","","","","","","","","","","","","","","","","",35000,1,"","",2,1,1,1,"","","","","","","","","","",5,1,"","","","","","","","","","","","","","","","","","","","","","","","","","","","","","","","","","","","","","","","","","","","","","","","","","","","","",""
"50020001","PTE DE LA HAGUE",49.725167,-1.939833,6,1951011606,"","","","",3.,1,"","","","","","","","","","","","","","","","","","","","","","","","","","","","","","",7.5,1,4.2,1,"","","","","","","","","","","","","","","","","","","","","","","","","","",80,1,"","","","","","","","","","","","",8.3,1,1031.3,1,"","","","","","",1,1,0,1,1,1,0,1,0,1,"","","","","","","","","","","","","","","","","","","","","","","","",30000,1,"","",2,1,"","","","","","","","","","","","",3,1,"","","","","","","","","","","","","","","","","","","","","","","","","","","","","","","","","","","","","","","","","","","","","","","","","","","","","",""
"50020001","PTE DE LA HAGUE",49.725167,-1.939833,6,1951011609,"","","","",2.,1,"","","","","","","","","","","","","","","","","","","","","","","","","","","","","","",7.4,1,4.2,1,"","","","","","","","","","","","","","","","","","","","","","","","","","",80,1,"","","","","","","","","","","","",8.3,1,1032.6,1,"","","","","","",7,1,0,1,2,1,3,1,2,1,"","","","","","","","","","","","","","","","","","","","","","","","",30000,1,"","",2,1,2,1,"","","","","","","","","","",2,1,"","","","","","","","","","","","","","","","","","","","","","","","","","","","","","","","","","","","","","","","","","","","","","","","","","","","","",""
"50020001","PTE DE LA HAGUE",49.725167,-1.939833,6,1951011612,"","","","",3.,1,"","","","","","","","","","","","","","","","","","","","","","","","","","","","","","",8.8,1,5.,1,"","","","","","","","","","","","","","","","","","","","","","","","","","",78,1,"","","","","","","","","","","","",8.8,1,1032.7,1,"","","","","","","","",7,1,2,1,0,1,"","","","","","","","","","","","","","","","","","","","","","","","","","",28000,1,"","",2,1,2,1,"","","","","","","","","","",2,1,"","","","","","","","","","","","","","","","","","","","","","","","","","","","","","","","","","","","","","","","","","","","","","","","","","","","","",""
"50020001","PTE DE LA HAGUE",49.725167,-1.939833,6,1951011615,"","","","",3.,1,"","","","","","","","","","","","","","","","","","","","","","","","","","","","","","",8.3,1,5.5,1,"","","","","","","","","","","","","","","","","","","","","","","","","","",83,1,"","","","","","","","","","","","",9.1,1,1030.9,1,"","","","","","",7,1,7,1,0,1,7,1,0,1,"","","","","","","","","","","","","","","","","","","","","","","","",25000,1,"","",2,1,2,1,"","","","","","","","","","",2,1,"","","","","","","","","","","","","","","","","","","","","","","","","","","","","","","","","","","","","","","","","","","","","","","","","","","","","",""
"50020001","PTE DE LA HAGUE",49.725167,-1.939833,6,1951011618,"","","","",5.,1,"","","","","","","","","","","","","","","","","","","","","","","","","","","","","","",7.2,1,4.5,1,"","","","","","","","","","","","","","","","","","","","","","","","","","",85,1,"","","","","","","","","","","","",8.5,1,1030.2,1,"","","","","","",2,1,0,1,0,1,4,1,0,1,"","","","","","","","","","","","","","","","","","","","","","","","",22000,1,"","",1,1,2,1,"","","","","","","","","","",3,1,"","","","","","","","","","","","","","","","","","","","","","","","","","","","","","","","","","","","","","","","","","","","","","","","","","","","","",""
"50020001","PTE DE LA HAGUE",49.725167,-1.939833,6,1951011700,"","","","",9.,1,"","","","","","","","","","","","","","","","","","","","","","","","","","","","","","",8.2,1,7.6,1,"","","","","","","","","","","","","","","","","","","","","","","","","","",97,1,"","","","","","","","","","","","",10.6,1,1026.2,1,"","","","","","",8,1,8,1,5,1,"","","","","","","","","","","","","","","","","","","","","","","","","","","","",22000,1,"","",2,1,6,1,"","","","","","","","","","",4,1,"","","","","","","","","","","","","","","","","","","","","","","","","","","","","","","","","","","","","","","","","","","","","","","","","","","","","",""
"50020001","PTE DE LA HAGUE",49.725167,-1.939833,6,1951011706,"","","","",6.,1,"","","","","","","","","","","","","","","","","","","","","","","","","","","","","","",9.4,1,8.4,1,"","","","","","","","","","","","","","","","","","","","","","","","","","",95,1,"","","","","","","","","","","","",11.2,1,1021.,1,"","","","","","",8,1,8,1,5,1,"","","","","","","","","","","","","","","","","","","","","","","","","","","","",25000,1,"","",2,1,"","","","","","","","","","","","",4,1,"","","","","","","","","","","","","","","","","","","","","","","","","","","","","","","","","","","","","","","","","","","","","","","","","","","","","",""
"50020001","PTE DE LA HAGUE",49.725167,-1.939833,6,1951011709,"","","","",12.,1,"","","","","","","","","","","","","","","","","","","","","","","","","","","","","","",10.,1,8.,1,"","","","","","","","","","","","","","","","","","","","","","","","","","",90,1,"","","","","","","","","","","","",10.9,1,1018.1,1,"","","","","","",8,1,6,1,0,1,7,1,7,1,"","","","","","","","","","","","","","","","","","","","","","","","",15000,1,"","",2,1,2,1,"","","","","","","","","","",5,1,"","","","","","","","","","","","","","","","","","","","","","","","","","","","","","","","","","","","","","","","","","","","","","","","","","","","","",""
"50020001","PTE DE LA HAGUE",49.725167,-1.939833,6,1951011712,"","","","",10.,1,"","","","","","","","","","","","","","","","","","","","","","","","","","","","","","",10.,1,9.5,1,"","","","","","","","","","","","","","","","","","","","","","","","","","",97,1,"","","","","","","","","","","","",12.1,1,1017.8,1,"","","","","","",8,1,8,1,6,1,"","","","","","","","","","","","","","","","","","","","","","","","","","","","",5000,1,"","",53,1,6,1,"","","","","","","","","","",5,1,"","","","","","","","","","","","","","","","","","","","","","","","","","","","","","","","","","","","","","","","","","","","","","","","","","","","","",""
"50020001","PTE DE LA HAGUE",49.725167,-1.939833,6,1951011715,"","","","",4.,1,"","","","","","","","","","","","","","","","","","","","","","","","","","","","","","",10.,1,8.1,1,"","","","","","","","","","","","","","","","","","","","","","","","","","",92,1,"","","","","","","","","","","","",11.,1,1018.5,1,"","","","","","",7,1,7,1,5,1,0,1,0,1,"","","","","","","","","","","","","","","","","","","","","","","","",19000,1,"","",3,1,5,1,"","","","","","","","","","",5,1,"","","","","","","","","","","","","","","","","","","","","","","","","","","","","","","","","","","","","","","","","","","","","","","","","","","","","",""
"50020001","PTE DE LA HAGUE",49.725167,-1.939833,6,1951011718,"","","","",10.,1,"","","","","","","","","","","","","","","","","","","","","","","","","","","","","","",9.6,1,8.,1,"","","","","","","","","","","","","","","","","","","","","","","","","","",90,1,"","","","","","","","","","","","",10.9,1,1018.7,1,"","","","","","",7,1,5,1,5,1,0,1,2,1,"","","","","","","","","","","","","","","","","","","","","","","","",22000,1,"","",2,1,5,1,"","","","","","","","","","",5,1,"","","","","","","","","","","","","","","","","","","","","","","","","","","","","","","","","","","","","","","","","","","","","","","","","","","","","",""
"50020001","PTE DE LA HAGUE",49.725167,-1.939833,6,1951011800,"","","","",12.,1,"","","","","","","","","","","","","","","","","","","","","","","","","","","","","","",9.6,1,7.7,1,"","","","","","","","","","","","","","","","","","","","","","","","","","",87,1,"","","","","","","","","","","","",10.7,1,1016.7,1,"","","","","","",8,1,8,1,5,1,"","","","","","","","","","","","","","","","","","","","","","","","","","","","",14000,1,"","",2,1,5,1,"","","","","","","","","","",5,1,"","","","","","","","","","","","","","","","","","","","","","","","","","","","","","","","","","","","","","","","","","","","","","","","","","","","","",""
"50020001","PTE DE LA HAGUE",49.725167,-1.939833,6,1951011806,"","","","",14.,1,"","","","","","","","","","","","","","","","","","","","","","","","","","","","","","",10.,1,8.,1,"","","","","","","","","","","","","","","","","","","","","","","","","","",90,1,"","","","","","","","","","","","",10.9,1,1013.9,1,"","","","","","",8,1,8,1,5,1,"","","","","","","","","","","","","","","","","","","","","","","","","","","","",12000,1,"","",2,1,"","","","","","","","","","","","",5,1,"","","","","","","","","","","","","","","","","","","","","","","","","","","","","","","","","","","","","","","","","","","","","","","","","","","","","",""
"50020001","PTE DE LA HAGUE",49.725167,-1.939833,6,1951011809,"","","","",10.,1,"","","","","","","","","","","","","","","","","","","","","","","","","","","","","","",10.,1,7.7,1,"","","","","","","","","","","","","","","","","","","","","","","","","","",87,1,"","","","","","","","","","","","",10.7,1,1013.9,1,"","","","","","",7,1,7,1,6,1,0,1,2,1,"","","","","","","","","","","","","","","","","","","","","","","","",8000,1,"","",2,1,2,1,"","","","","","","","","","",5,1,"","","","","","","","","","","","","","","","","","","","","","","","","","","","","","","","","","","","","","","","","","","","","","","","","","","","","",""
"50020001","PTE DE LA HAGUE",49.725167,-1.939833,6,1951011812,"","","","",11.,1,"","","","","","","","","","","","","","","","","","","","","","","","","","","","","","",10.,1,7.7,1,"","","","","","","","","","","","","","","","","","","","","","","","","","",87,1,"","","","","","","","","","","","",10.7,1,1013.9,1,"","","","","","",8,1,6,1,5,1,2,1,"","","","","","","","","","","","","","","","","","","","","","","","","","",8000,1,"","",2,1,2,1,"","","","","","","","","","",5,1,"","","","","","","","","","","","","","","","","","","","","","","","","","","","","","","","","","","","","","","","","","","","","","","","","","","","","",""
"50020001","PTE DE LA HAGUE",49.725167,-1.939833,6,1951011815,"","","","",12.,1,"","","","","","","","","","","","","","","","","","","","","","","","","","","","","","",10.,1,7.7,1,"","","","","","","","","","","","","","","","","","","","","","","","","","",87,1,"","","","","","","","","","","","",10.7,1,1012.9,1,"","","","","","",8,1,6,1,6,1,7,1,"","","","","","","","","","","","","","","","","","","","","","","","","","",8000,1,"","",2,1,2,1,"","","","","","","","","","",5,1,"","","","","","","","","","","","","","","","","","","","","","","","","","","","","","","","","","","","","","","","","","","","","","","","","","","","","",""
"50020001","PTE DE LA HAGUE",49.725167,-1.939833,6,1951011818,"","","","",12.,1,"","","","","","","","","","","","","","","","","","","","","","","","","","","","","","",9.8,1,7.7,1,"","","","","","","","","","","","","","","","","","","","","","","","","","",87,1,"","","","","","","","","","","","",10.7,1,1013.9,1,"","","","","","",6,1,6,1,5,1,0,1,0,1,"","","","","","","","","","","","","","","","","","","","","","","","",8000,1,"","",2,1,2,1,"","","","","","","","","","",5,1,"","","","","","","","","","","","","","","","","","","","","","","","","","","","","","","","","","","","","","","","","","","","","","","","","","","","","",""
"50020001","PTE DE LA HAGUE",49.725167,-1.939833,6,1951011900,"","","","",11.,1,"","","","","","","","","","","","","","","","","","","","","","","","","","","","","","",8.2,1,5.1,1,"","","","","","","","","","","","","","","","","","","","","","","","","","",81,1,"","","","","","","","","","","","",8.9,1,1019.8,1,"","","","","","",8,1,8,1,1,1,0,1,7,1,"","","","","","","","","","","","","","","","","","","","","","","","",18000,1,"","",2,1,0,1,"","","","","","","","","","",5,1,"","","","","","","","","","","","","","","","","","","","","","","","","","","","","","","","","","","","","","","","","","","","","","","","","","","","","",""
"50020001","PTE DE LA HAGUE",49.725167,-1.939833,6,1951011906,"","","","",6.,1,"","","","","","","","","","","","","","","","","","","","","","","","","","","","","","",8.4,1,5.5,1,"","","","","","","","","","","","","","","","","","","","","","","","","","",83,1,"","","","","","","","","","","","",9.1,1,1021.9,1,"","","","","","",3,1,0,1,2,1,0,1,1,1,"","","","","","","","","","","","","","","","","","","","","","","","",10000,1,"","",2,1,1,1,"","","","","","","","","","",5,1,"","","","","","","","","","","","","","","","","","","","","","","","","","","","","","","","","","","","","","","","","","","","","","","","","","","","","",""
"50020001","PTE DE LA HAGUE",49.725167,-1.939833,6,1951011909,"","","","",6.,1,"","","","","","","","","","","","","","","","","","","","","","","","","","","","","","",8.8,1,6.4,1,"","","","","","","","","","","","","","","","","","","","","","","","","","",84,1,"","","","","","","","","","","","",9.7,1,1023.1,1,"","","","","","",8,1,8,1,0,1,7,1,"","","","","","","","","","","","","","","","","","","","","","","","","","",16500,1,"","",2,1,1,1,"","","","","","","","","","",4,1,"","","","","","","","","","","","","","","","","","","","","","","","","","","","","","","","","","","","","","","","","","","","","","","","","","","","","",""
"50020001","PTE DE LA HAGUE",49.725167,-1.939833,6,1951011912,"","","","",5.,1,"","","","","","","","","","","","","","","","","","","","","","","","","","","","","","",9.6,1,7.7,1,"","","","","","","","","","","","","","","","","","","","","","","","","","",87,1,"","","","","","","","","","","","",10.7,1,1023.5,1,"","","","","","",8,1,0,1,0,1,7,1,7,1,"","","","","","","","","","","","","","","","","","","","","","","","",11000,1,"","",2,1,2,1,"","","","","","","","","","",4,1,"","","","","","","","","","","","","","","","","","","","","","","","","","","","","","","","","","","","","","","","","","","","","","","","","","","","","",""
"50020001","PTE DE LA HAGUE",49.725167,-1.939833,6,1951011915,"","","","",6.,1,"","","","","","","","","","","","","","","","","","","","","","","","","","","","","","",9.8,1,8.4,1,"","","","","","","","","","","","","","","","","","","","","","","","","","",95,1,"","","","","","","","","","","","",11.2,1,1022.5,1,"","","","","","",8,1,8,1,6,1,"","","","","","","","","","","","","","","","","","","","","","","","","","","","",8000,1,"","",2,1,2,1,"","","","","","","","","","",4,1,"","","","","","","","","","","","","","","","","","","","","","","","","","","","","","","","","","","","","","","","","","","","","","","","","","","","","",""
"50020001","PTE DE LA HAGUE",49.725167,-1.939833,6,1951011918,"","","","",10.,1,"","","","","","","","","","","","","","","","","","","","","","","","","","","","","","",9.6,1,8.5,1,"","","","","","","","","","","","","","","","","","","","","","","","","","",97,1,"","","","","","","","","","","","",11.3,1,1022.1,1,"","","","","","",8,1,8,1,6,1,"","","","","","","","","","","","","","","","","","","","","","","","","","","","",8000,1,"","",2,1,2,1,"","","","","","","","","","",5,1,"","","","","","","","","","","","","","","","","","","","","","","","","","","","","","","","","","","","","","","","","","","","","","","","","","","","","",""
"50020001","PTE DE LA HAGUE",49.725167,-1.939833,6,1951012000,"","","","",8.,1,"","","","","","","","","","","","","","","","","","","","","","","","","","","","","","",8.8,1,6.9,1,"","","","","","","","","","","","","","","","","","","","","","","","","","",89,1,"","","","","","","","","","","","",10.1,1,1022.2,1,"","","","","","",7,1,6,1,5,1,0,1,9,1,"","","","","","","","","","","","","","","","","","","","","","","","",19000,1,"","",2,1,2,1,"","","","","","","","","","",5,1,"","","","","","","","","","","","","","","","","","","","","","","","","","","","","","","","","","","","","","","","","","","","","","","","","","","","","",""
"50020001","PTE DE LA HAGUE",49.725167,-1.939833,6,1951012006,"","","","",9.,1,"","","","","","","","","","","","","","","","","","","","","","","","","","","","","","",9.2,1,8.4,1,"","","","","","","","","","","","","","","","","","","","","","","","","","",95,1,"","","","","","","","","","","","",11.2,1,1021.5,1,"","","","","","",8,1,8,1,5,1,"","","","","","","","","","","","","","","","","","","","","","","","","","","","",25000,1,"","",2,1,2,1,"","","","","","","","","","",5,1,"","","","","","","","","","","","","","","","","","","","","","","","","","","","","","","","","","","","","","","","","","","","","","","","","","","","","",""
"50020001","PTE DE LA HAGUE",49.725167,-1.939833,6,1951012009,"","","","",7.,1,"","","","","","","","","","","","","","","","","","","","","","","","","","","","","","",9.,1,6.9,1,"","","","","","","","","","","","","","","","","","","","","","","","","","",89,1,"","","","","","","","","","","","",10.1,1,1021.3,1,"","","","","","",8,1,8,1,5,1,"","","","","","","","","","","","","","","","","","","","","","","","","","","","",28000,1,"","",2,1,2,1,"","","","","","","","","","",4,1,"","","","","","","","","","","","","","","","","","","","","","","","","","","","","","","","","","","","","","","","","","","","","","","","","","","","","",""
"50020001","PTE DE LA HAGUE",49.725167,-1.939833,6,1951012012,"","","","",7.,1,"","","","","","","","","","","","","","","","","","","","","","","","","","","","","","",9.,1,6.8,1,"","","","","","","","","","","","","","","","","","","","","","","","","","",86,1,"","","","","","","","","","","","",10.,1,1021.7,1,"","","","","","",8,1,8,1,5,1,"","","","","","","","","","","","","","","","","","","","","","","","","","","","",28000,1,"","",2,1,2,1,"","","","","","","","","","",4,1,"","","","","","","","","","","","","","","","","","","","","","","","","","","","","","","","","","","","","","","","","","","","","","","","","","","","","",""
"50020001","PTE DE LA HAGUE",49.725167,-1.939833,6,1951012015,"","","","",5.,1,"","","","","","","","","","","","","","","","","","","","","","","","","","","","","","",9.5,1,8.,1,"","","","","","","","","","","","","","","","","","","","","","","","","","",90,1,"","","","","","","","","","","","",10.9,1,1021.5,1,"","","","","","",8,1,8,1,5,1,"","","","","","","","","","","","","","","","","","","","","","","","","","","","",28000,1,"","",2,1,2,1,"","","","","","","","","","",3,1,"","","","","","","","","","","","","","","","","","","","","","","","","","","","","","","","","","","","","","","","","","","","","","","","","","","","","",""
"50020001","PTE DE LA HAGUE",49.725167,-1.939833,6,1951012018,"","","","",6.,1,"","","","","","","","","","","","","","","","","","","","","","","","","","","","","","",9.3,1,8.4,1,"","","","","","","","","","","","","","","","","","","","","","","","","","",95,1,"","","","","","","","","","","","",11.2,1,1021.5,1,"","","","","","",8,1,8,1,5,1,"","","","","","","","","","","","","","","","","","","","","","","","","","","","",25000,1,"","",2,1,2,1,"","","","","","","","","","",4,1,"","","","","","","","","","","","","","","","","","","","","","","","","","","","","","","","","","","","","","","","","","","","","","","","","","","","","",""
"50020001","PTE DE LA HAGUE",49.725167,-1.939833,6,1951012100,"","","","",3.,1,"","","","","","","","","","","","","","","","","","","","","","","","","","","","","","",9.2,1,8.5,1,"","","","","","","","","","","","","","","","","","","","","","","","","","",97,1,"","","","","","","","","","","","",11.3,1,1022.9,1,"","","","","","",8,1,8,1,5,1,"","","","","","","","","","","","","","","","","","","","","","","","","","","","",22000,1,"","",50,1,5,1,"","","","","","","","","","",3,1,"","","","","","","","","","","","","","","","","","","","","","","","","","","","","","","","","","","","","","","","","","","","","","","","","","","","","",""
"50020001","PTE DE LA HAGUE",49.725167,-1.939833,6,1951012106,"","","","",3.,1,"","","","","","","","","","","","","","","","","","","","","","","","","","","","","","",8.4,1,7.3,1,"","","","","","","","","","","","","","","","","","","","","","","","","","",95,1,"","","","","","","","","","","","",10.4,1,1022.7,1,"","","","","","",8,1,8,1,5,1,"","","","","","","","","","","","","","","","","","","","","","","","","","","","",23000,1,"","",50,1,5,1,"","","","","","","","","","",3,1,"","","","","","","","","","","","","","","","","","","","","","","","","","","","","","","","","","","","","","","","","","","","","","","","","","","","","",""
"50020001","PTE DE LA HAGUE",49.725167,-1.939833,6,1951012109,"","","","",2.,1,"","","","","","","","","","","","","","","","","","","","","","","","","","","","","","",8.4,1,7.1,1,"","","","","","","","","","","","","","","","","","","","","","","","","","",92,1,"","","","","","","","","","","","",10.2,1,1023.7,1,"","","","","","",7,1,7,1,5,1,0,1,0,1,"","","","","","","","","","","","","","","","","","","","","","","","",19000,1,"","",2,1,5,1,"","","","","","","","","","",3,1,"","","","","","","","","","","","","","","","","","","","","","","","","","","","","","","","","","","","","","","","","","","","","","","","","","","","","",""
"50020001","PTE DE LA HAGUE",49.725167,-1.939833,6,1951012112,"","","","",2.,1,"","","","","","","","","","","","","","","","","","","","","","","","","","","","","","",9.,1,8.4,1,"","","","","","","","","","","","","","","","","","","","","","","","","","",95,1,"","","","","","","","","","","","",11.2,1,1024.2,1,"","","","","","",7,1,7,1,6,1,0,1,0,1,"","","","","","","","","","","","","","","","","","","","","","","","",12000,1,"","",20,1,5,1,"","","","","","","","","","",2,1,"","","","","","","","","","","","","","","","","","","","","","","","","","","","","","","","","","","","","","","","","","","","","","","","","","","","","",""
"50020001","PTE DE LA HAGUE",49.725167,-1.939833,6,1951012115,"","","","",3.,1,"","","","","","","","","","","","","","","","","","","","","","","","","","","","","","",8.8,1,8.1,1,"","","","","","","","","","","","","","","","","","","","","","","","","","",97,1,"","","","","","","","","","","","",11.,1,1023.3,1,"","","","","","",8,1,8,1,6,1,"","","","","","","","","","","","","","","","","","","","","","","","","","","","",3000,1,"","",52,1,5,1,"","","","","","","","","","",3,1,"","","","","","","","","","","","","","","","","","","","","","","","","","","","","","","","","","","","","","","","","","","","","","","","","","","","","",""
"50020001","PTE DE LA HAGUE",49.725167,-1.939833,6,1951012118,"","","","",2.,1,"","","","","","","","","","","","","","","","","","","","","","","","","","","","","","",8.8,1,8.1,1,"","","","","","","","","","","","","","","","","","","","","","","","","","",97,1,"","","","","","","","","","","","",11.,1,1023.1,1,"","","","","","",7,1,5,1,6,1,4,1,0,1,"","","","","","","","","","","","","","","","","","","","","","","","",4000,1,"","",50,1,5,1,"","","","","","","","","","",3,1,"","","","","","","","","","","","","","","","","","","","","","","","","","","","","","","","","","","","","","","","","","","","","","","","","","","","","",""
"50020001","PTE DE LA HAGUE",49.725167,-1.939833,6,1951012200,"","","","",4.,1,"","","","","","","","","","","","","","","","","","","","","","","","","","","","","","",8.6,1,7.6,1,"","","","","","","","","","","","","","","","","","","","","","","","","","",97,1,"","","","","","","","","","","","",10.6,1,1022.3,1,"","","","","","",8,1,8,1,5,1,"","","","","","","","","","","","","","","","","","","","","","","","","","","","",22000,1,"","",0,1,5,1,"","","","","","","","","","",3,1,"","","","","","","","","","","","","","","","","","","","","","","","","","","","","","","","","","","","","","","","","","","","","","","","","","","","","",""
"50020001","PTE DE LA HAGUE",49.725167,-1.939833,6,1951012206,"","","","",3.,1,"","","","","","","","","","","","","","","","","","","","","","","","","","","","","","",8.7,1,8.5,1,"","","","","","","","","","","","","","","","","","","","","","","","","","",97,1,"","","","","","","","","","","","",11.3,1,1020.3,1,"","","","","","",8,1,8,1,6,1,"","","","","","","","","","","","","","","","","","","","","","","","","","","","",22000,1,"","",50,1,5,1,"","","","","","","","","","",3,1,"","","","","","","","","","","","","","","","","","","","","","","","","","","","","","","","","","","","","","","","","","","","","","","","","","","","","",""
"50020001","PTE DE LA HAGUE",49.725167,-1.939833,6,1951012209,"","","","",3.,1,"","","","","","","","","","","","","","","","","","","","","","","","","","","","","","",9.,1,8.5,1,"","","","","","","","","","","","","","","","","","","","","","","","","","",97,1,"","","","","","","","","","","","",11.3,1,1020.1,1,"","","","","","",8,1,8,1,5,1,"","","","","","","","","","","","","","","","","","","","","","","","","","","","",18000,1,"","",2,1,2,1,"","","","","","","","","","",3,1,"","","","","","","","","","","","","","","","","","","","","","","","","","","","","","","","","","","","","","","","","","","","","","","","","","","","","",""
"50020001","PTE DE LA HAGUE",49.725167,-1.939833,6,1951012212,"","","","",4.,1,"","","","","","","","","","","","","","","","","","","","","","","","","","","","","","",9.2,1,8.5,1,"","","","","","","","","","","","","","","","","","","","","","","","","","",97,1,"","","","","","","","","","","","",11.3,1,1019.7,1,"","","","","","",8,1,7,1,6,1,0,1,2,1,"","","","","","","","","","","","","","","","","","","","","","","","",22000,1,"","",2,1,2,1,"","","","","","","","","","",3,1,"","","","","","","","","","","","","","","","","","","","","","","","","","","","","","","","","","","","","","","","","","","","","","","","","","","","","",""
"50020001","PTE DE LA HAGUE",49.725167,-1.939833,6,1951012215,"","","","",4.,1,"","","","","","","","","","","","","","","","","","","","","","","","","","","","","","",8.9,1,8.4,1,"","","","","","","","","","","","","","","","","","","","","","","","","","",95,1,"","","","","","","","","","","","",11.2,1,1017.9,1,"","","","","","",8,1,7,1,6,1,9,1,"","","","","","","","","","","","","","","","","","","","","","","","","","",22000,1,"","",2,1,2,1,"","","","","","","","","","",3,1,"","","","","","","","","","","","","","","","","","","","","","","","","","","","","","","","","","","","","","","","","","","","","","","","","","","","","",""
"50020001","PTE DE LA HAGUE",49.725167,-1.939833,6,1951012218,"","","","",5.,1,"","","","","","","","","","","","","","","","","","","","","","","","","","","","","","",8.3,1,7.6,1,"","","","","","","","","","","","","","","","","","","","","","","","","","",97,1,"","","","","","","","","","","","",10.6,1,1016.3,1,"","","","","","",8,1,8,1,6,1,"","","","","","","","","","","","","","","","","","","","","","","","","","","","",10000,1,"","",61,1,6,1,"","","","","","","","","","",3,1,"","","","","","","","","","","","","","","","","","","","","","","","","","","","","","","","","","","","","","","","","","","","","","","","","","","","","",""
"50020001","PTE DE LA HAGUE",49.725167,-1.939833,6,1951012300,"","","","",3.,1,"","","","","","","","","","","","","","","","","","","","","","","","","","","","","","",8.,1,7.6,1,"","","","","","","","","","","","","","","","","","","","","","","","","","",97,1,"","","","","","","","","","","","",10.6,1,1014.9,1,"","","","","","",1,1,0,1,2,1,0,1,0,1,"","","","","","","","","","","","","","","","","","","","","","","","",25000,1,"","",2,1,6,1,"","","","","","","","","","",3,1,"","","","","","","","","","","","","","","","","","","","","","","","","","","","","","","","","","","","","","","","","","","","","","","","","","","","","",""
"50020001","PTE DE LA HAGUE",49.725167,-1.939833,6,1951012306,"","","","",6.,1,"","","","","","","","","","","","","","","","","","","","","","","","","","","","","","",6.6,1,5.6,1,"","","","","","","","","","","","","","","","","","","","","","","","","","",97,1,"","","","","","","","","","","","",9.2,1,1011.9,1,"","","","","","",8,1,8,1,5,1,"","","","","","","","","","","","","","","","","","","","","","","","","","","","",14000,1,"","",50,1,6,1,"","","","","","","","","","",4,1,"","","","","","","","","","","","","","","","","","","","","","","","","","","","","","","","","","","","","","","","","","","","","","","","","","","","","",""
"50020001","PTE DE LA HAGUE",49.725167,-1.939833,6,1951012309,"","","","",5.,1,"","","","","","","","","","","","","","","","","","","","","","","","","","","","","","",7.,1,6.4,1,"","","","","","","","","","","","","","","","","","","","","","","","","","",94,1,"","","","","","","","","","","","",9.7,1,1012.1,1,"","","","","","",7,1,0,1,5,1,4,1,2,1,"","","","","","","","","","","","","","","","","","","","","","","","",25000,1,"","",2,1,5,1,"","","","","","","","","","",4,1,"","","","","","","","","","","","","","","","","","","","","","","","","","","","","","","","","","","","","","","","","","","","","","","","","","","","","",""
"50020001","PTE DE LA HAGUE",49.725167,-1.939833,6,1951012312,"","","","",4.,1,"","","","","","","","","","","","","","","","","","","","","","","","","","","","","","",9.6,1,6.4,1,"","","","","","","","","","","","","","","","","","","","","","","","","","",84,1,"","","","","","","","","","","","",9.7,1,1012.2,1,"","","","","","",7,1,0,1,0,1,4,1,2,1,"","","","","","","","","","","","","","","","","","","","","","","","",25000,1,"","",2,1,2,1,"","","","","","","","","","",3,1,"","","","","","","","","","","","","","","","","","","","","","","","","","","","","","","","","","","","","","","","","","","","","","","","","","","","","",""
"50020001","PTE DE LA HAGUE",49.725167,-1.939833,6,1951012315,"","","","",2.,1,"","","","","","","","","","","","","","","","","","","","","","","","","","","","","","",9.2,1,6.9,1,"","","","","","","","","","","","","","","","","","","","","","","","","","",89,1,"","","","","","","","","","","","",10.1,1,1011.8,1,"","","","","","",8,1,6,1,0,1,4,1,2,1,"","","","","","","","","","","","","","","","","","","","","","","","",19500,1,"","",2,1,2,1,"","","","","","","","","","",3,1,"","","","","","","","","","","","","","","","","","","","","","","","","","","","","","","","","","","","","","","","","","","","","","","","","","","","","",""
"50020001","PTE DE LA HAGUE",49.725167,-1.939833,6,1951012318,"","","","",5.,1,"","","","","","","","","","","","","","","","","","","","","","","","","","","","","","",7.6,1,6.1,1,"","","","","","","","","","","","","","","","","","","","","","","","","","",92,1,"","","","","","","","","","","","",9.5,1,1012.5,1,"","","","","","",8,1,7,1,0,1,4,1,7,1,"","","","","","","","","","","","","","","","","","","","","","","","",19000,1,"","",2,1,2,1,"","","","","","","","","","",3,1,"","","","","","","","","","","","","","","","","","","","","","","","","","","","","","","","","","","","","","","","","","","","","","","","","","","","","",""
"50020001","PTE DE LA HAGUE",49.725167,-1.939833,6,1951012400,"","","","",6.,1,"","","","","","","","","","","","","","","","","","","","","","","","","","","","","","",7.6,1,5.9,1,"","","","","","","","","","","","","","","","","","","","","","","","","","",89,1,"","","","","","","","","","","","",9.4,1,1014.1,1,"","","","","","",8,1,8,1,5,1,"","","","","","","","","","","","","","","","","","","","","","","","","","","","",18000,1,"","",2,1,2,1,"","","","","","","","","","",4,1,"","","","","","","","","","","","","","","","","","","","","","","","","","","","","","","","","","","","","","","","","","","","","","","","","","","","","",""
"50020001","PTE DE LA HAGUE",49.725167,-1.939833,6,1951012406,"","","","",10.,1,"","","","","","","","","","","","","","","","","","","","","","","","","","","","","","",7.,1,4.5,1,"","","","","","","","","","","","","","","","","","","","","","","","","","",85,1,"","","","","","","","","","","","",8.5,1,1013.7,1,"","","","","","",8,1,8,1,0,1,0,1,7,1,"","","","","","","","","","","","","","","","","","","","","","","","",22000,1,"","",2,1,2,1,"","","","","","","","","","",5,1,"","","","","","","","","","","","","","","","","","","","","","","","","","","","","","","","","","","","","","","","","","","","","","","","","","","","","",""
"50020001","PTE DE LA HAGUE",49.725167,-1.939833,6,1951012409,"","","","",10.,1,"","","","","","","","","","","","","","","","","","","","","","","","","","","","","","",7.3,1,4.3,1,"","","","","","","","","","","","","","","","","","","","","","","","","","",83,1,"","","","","","","","","","","","",8.4,1,1014.1,1,"","","","","","",7,1,0,1,4,1,3,1,2,1,"","","","","","","","","","","","","","","","","","","","","","","","",12000,1,"","",2,1,2,1,"","","","","","","","","","",5,1,"","","","","","","","","","","","","","","","","","","","","","","","","","","","","","","","","","","","","","","","","","","","","","","","","","","","","",""
"50020001","PTE DE LA HAGUE",49.725167,-1.939833,6,1951012412,"","","","",9.,1,"","","","","","","","","","","","","","","","","","","","","","","","","","","","","","",7.3,1,4.3,1,"","","","","","","","","","","","","","","","","","","","","","","","","","",83,1,"","","","","","","","","","","","",8.4,1,1013.7,1,"","","","","","",8,1,7,1,2,1,2,1,"","","","","","","","","","","","","","","","","","","","","","","","","","",8000,1,"","",2,1,2,1,"","","","","","","","","","",5,1,"","","","","","","","","","","","","","","","","","","","","","","","","","","","","","","","","","","","","","","","","","","","","","","","","","","","","",""
"50020001","PTE DE LA HAGUE",49.725167,-1.939833,6,1951012415,"","","","",10.,1,"","","","","","","","","","","","","","","","","","","","","","","","","","","","","","",6.8,1,4.8,1,"","","","","","","","","","","","","","","","","","","","","","","","","","",88,1,"","","","","","","","","","","","",8.7,1,1011.9,1,"","","","","","",8,1,8,1,5,1,"","","","","","","","","","","","","","","","","","","","","","","","","","","","",5000,1,"","",60,1,6,1,"","","","","","","","","","",5,1,"","","","","","","","","","","","","","","","","","","","","","","","","","","","","","","","","","","","","","","","","","","","","","","","","","","","","",""
"50020001","PTE DE LA HAGUE",49.725167,-1.939833,6,1951012418,"","","","",10.,1,"","","","","","","","","","","","","","","","","","","","","","","","","","","","","","",6.8,1,4.8,1,"","","","","","","","","","","","","","","","","","","","","","","","","","",88,1,"","","","","","","","","","","","",8.7,1,1011.5,1,"","","","","","",8,1,8,1,5,1,"","","","","","","","","","","","","","","","","","","","","","","","","","","","",5000,1,"","",60,1,6,1,"","","","","","","","","","",5,1,"","","","","","","","","","","","","","","","","","","","","","","","","","","","","","","","","","","","","","","","","","","","","","","","","","","","","",""
"50020001","PTE DE LA HAGUE",49.725167,-1.939833,6,1951012500,"","","","",5.,1,"","","","","","","","","","","","","","","","","","","","","","","","","","","","","","",6.2,1,5.3,1,"","","","","","","","","","","","","","","","","","","","","","","","","","",94,1,"","","","","","","","","","","","",9.,1,1011.5,1,"","","","","","",8,1,8,1,5,1,"","","","","","","","","","","","","","","","","","","","","","","","","","","","",12000,1,"","",2,1,6,1,"","","","","","","","","","",3,1,"","","","","","","","","","","","","","","","","","","","","","","","","","","","","","","","","","","","","","","","","","","","","","","","","","","","","",""
"50020001","PTE DE LA HAGUE",49.725167,-1.939833,6,1951012506,"","","","",0.,1,"","","","","","","","","","","","","","","","","","","","","","","","","","","","","","",6.2,1,5.1,1,"","","","","","","","","","","","","","","","","","","","","","","","","","",91,1,"","","","","","","","","","","","",8.9,1,1009.4,1,"","","","","","",8,1,8,1,5,1,"","","","","","","","","","","","","","","","","","","","","","","","","","","","",7000,1,"","",2,1,2,1,"","","","","","","","","","",3,1,"","","","","","","","","","","","","","","","","","","","","","","","","","","","","","","","","","","","","","","","","","","","","","","","","","","","","",""
"50020001","PTE DE LA HAGUE",49.725167,-1.939833,6,1951012509,"","","","",1.,1,"","","","","","","","","","","","","","","","","","","","","","","","","","","","","","",6.,1,4.2,1,"","","","","","","","","","","","","","","","","","","","","","","","","","",91,1,"","","","","","","","","","","","",8.3,1,1009.4,1,"","","","","","",8,1,8,1,5,1,"","","","","","","","","","","","","","","","","","","","","","","","","","","","",6000,1,"","",2,1,2,1,"","","","","","","","","","",3,1,"","","","","","","","","","","","","","","","","","","","","","","","","","","","","","","","","","","","","","","","","","","","","","","","","","","","","",""
"50020001","PTE DE LA HAGUE",49.725167,-1.939833,6,1951012512,"","","","",0.,1,"","","","","","","","","","","","","","","","","","","","","","","","","","","","","","",6.4,1,5.1,1,"","","","","","","","","","","","","","","","","","","","","","","","","","",91,1,"","","","","","","","","","","","",8.9,1,1009.4,1,"","","","","","",8,1,8,1,6,1,"","","","","","","","","","","","","","","","","","","","","","","","","","","","",7000,1,"","",2,1,2,1,"","","","","","","","","","",2,1,"","","","","","","","","","","","","","","","","","","","","","","","","","","","","","","","","","","","","","","","","","","","","","","","","","","","","",""
"50020001","PTE DE LA HAGUE",49.725167,-1.939833,6,1951012515,"","","","",0.,1,"","","","","","","","","","","","","","","","","","","","","","","","","","","","","","",6.,1,4.2,1,"","","","","","","","","","","","","","","","","","","","","","","","","","",91,1,"","","","","","","","","","","","",8.3,1,1008.7,1,"","","","","","",8,1,8,1,6,1,"","","","","","","","","","","","","","","","","","","","","","","","","","","","",5000,1,"","",2,1,2,1,"","","","","","","","","","",1,1,"","","","","","","","","","","","","","","","","","","","","","","","","","","","","","","","","","","","","","","","","","","","","","","","","","","","","",""
"50020001","PTE DE LA HAGUE",49.725167,-1.939833,6,1951012518,"","","","",0.,1,"","","","","","","","","","","","","","","","","","","","","","","","","","","","","","",5.8,1,4.3,1,"","","","","","","","","","","","","","","","","","","","","","","","","","",94,1,"","","","","","","","","","","","",8.4,1,1008.5,1,"","","","","","",8,1,8,1,6,1,"","","","","","","","","","","","","","","","","","","","","","","","","","","","",7000,1,"","",2,1,2,1,"","","","","","","","","","",1,1,"","","","","","","","","","","","","","","","","","","","","","","","","","","","","","","","","","","","","","","","","","","","","","","","","","","","","",""
"50020001","PTE DE LA HAGUE",49.725167,-1.939833,6,1951012600,"","","","",3.,1,"","","","","","","","","","","","","","","","","","","","","","","","","","","","","","",6.2,1,5.6,1,"","","","","","","","","","","","","","","","","","","","","","","","","","",97,1,"","","","","","","","","","","","",9.2,1,1006.6,1,"","","","","","",8,1,8,1,5,1,"","","","","","","","","","","","","","","","","","","","","","","","","","","","",5000,1,"","",51,1,5,1,"","","","","","","","","","",3,1,"","","","","","","","","","","","","","","","","","","","","","","","","","","","","","","","","","","","","","","","","","","","","","","","","","","","","",""
"50020001","PTE DE LA HAGUE",49.725167,-1.939833,6,1951012606,"","","","",4.,1,"","","","","","","","","","","","","","","","","","","","","","","","","","","","","","",6.8,1,5.3,1,"","","","","","","","","","","","","","","","","","","","","","","","","","",94,1,"","","","","","","","","","","","",9.,1,1004.7,1,"","","","","","",8,1,7,1,5,1,2,1,"","","","","","","","","","","","","","","","","","","","","","","","","","",12000,1,"","",61,1,6,1,"","","","","","","","","","",3,1,"","","","","","","","","","","","","","","","","","","","","","","","","","","","","","","","","","","","","","","","","","","","","","","","","","","","","",""
"50020001","PTE DE LA HAGUE",49.725167,-1.939833,6,1951012609,"","","","",0.,1,"","","","","","","","","","","","","","","","","","","","","","","","","","","","","","",7.,1,5.1,1,"","","","","","","","","","","","","","","","","","","","","","","","","","",91,1,"","","","","","","","","","","","",8.9,1,1005.,1,"","","","","","",8,1,8,1,5,1,"","","","","","","","","","","","","","","","","","","","","","","","","","","","",22000,1,"","",60,1,6,1,"","","","","","","","","","",3,1,"","","","","","","","","","","","","","","","","","","","","","","","","","","","","","","","","","","","","","","","","","","","","","","","","","","","","",""
"50020001","PTE DE LA HAGUE",49.725167,-1.939833,6,1951012612,"","","","",5.,1,"","","","","","","","","","","","","","","","","","","","","","","","","","","","","","",6.8,1,4.5,1,"","","","","","","","","","","","","","","","","","","","","","","","","","",85,1,"","","","","","","","","","","","",8.5,1,1005.8,1,"","","","","","",8,1,7,1,5,1,2,1,"","","","","","","","","","","","","","","","","","","","","","","","","","",10000,1,"","",61,1,6,1,"","","","","","","","","","",3,1,"","","","","","","","","","","","","","","","","","","","","","","","","","","","","","","","","","","","","","","","","","","","","","","","","","","","","",""
"50020001","PTE DE LA HAGUE",49.725167,-1.939833,6,1951012615,"","","","",7.,1,"","","","","","","","","","","","","","","","","","","","","","","","","","","","","","",6.2,1,1.2,1,"","","","","","","","","","","","","","","","","","","","","","","","","","",73,1,"","","","","","","","","","","","",6.7,1,1005.8,1,"","","","","","",8,1,8,1,2,1,2,1,"","","","","","","","","","","","","","","","","","","","","","","","","","",35000,1,"","",2,1,6,1,"","","","","","","","","","",4,1,"","","","","","","","","","","","","","","","","","","","","","","","","","","","","","","","","","","","","","","","","","","","","","","","","","","","","",""
"50020001","PTE DE LA HAGUE",49.725167,-1.939833,6,1951012618,"","","","",7.,1,"","","","","","","","","","","","","","","","","","","","","","","","","","","","","","",6.,1,1.,1,"","","","","","","","","","","","","","","","","","","","","","","","","","",70,1,"","","","","","","","","","","","",6.6,1,1006.2,1,"","","","","","",7,1,7,1,3,1,4,1,0,1,"","","","","","","","","","","","","","","","","","","","","","","","",35000,1,"","",2,1,2,1,"","","","","","","","","","",4,1,"","","","","","","","","","","","","","","","","","","","","","","","","","","","","","","","","","","","","","","","","","","","","","","","","","","","","",""
"50020001","PTE DE LA HAGUE",49.725167,-1.939833,6,1951012700,"","","","",2.,1,"","","","","","","","","","","","","","","","","","","","","","","","","","","","","","",5.,1,0.2,1,"","","","","","","","","","","","","","","","","","","","","","","","","","",69,1,"","","","","","","","","","","","",6.2,1,1006.6,1,"","","","","","",1,1,0,1,2,1,0,1,0,1,"","","","","","","","","","","","","","","","","","","","","","","","",48000,1,"","",2,1,1,1,"","","","","","","","","","",4,1,"","","","","","","","","","","","","","","","","","","","","","","","","","","","","","","","","","","","","","","","","","","","","","","","","","","","","",""
"50020001","PTE DE LA HAGUE",49.725167,-1.939833,6,1951012706,"","","","",3.,1,"","","","","","","","","","","","","","","","","","","","","","","","","","","","","","",4.,1,1.2,1,"","","","","","","","","","","","","","","","","","","","","","","","","","",83,1,"","","","","","","","","","","","",6.7,1,1002.7,1,"","","","","","",4,1,0,1,2,1,0,1,0,1,"","","","","","","","","","","","","","","","","","","","","","","","",45000,1,"","",2,1,1,1,"","","","","","","","","","",3,1,"","","","","","","","","","","","","","","","","","","","","","","","","","","","","","","","","","","","","","","","","","","","","","","","","","","","","",""
"50020001","PTE DE LA HAGUE",49.725167,-1.939833,6,1951012709,"","","","",7.,1,"","","","","","","","","","","","","","","","","","","","","","","","","","","","","","",3.,1,0.6,1,"","","","","","","","","","","","","","","","","","","","","","","","","","",86,1,"","","","","","","","","","","","",6.4,1,999.5,1,"","","","","","",5,1,5,1,2,1,0,1,5,1,"","","","","","","","","","","","","","","","","","","","","","","","",25000,1,"","",2,1,1,1,"","","","","","","","","","",4,1,"","","","","","","","","","","","","","","","","","","","","","","","","","","","","","","","","","","","","","","","","","","","","","","","","","","","","",""
"50020001","PTE DE LA HAGUE",49.725167,-1.939833,6,1951012712,"","","","",7.,1,"","","","","","","","","","","","","","","","","","","","","","","","","","","","","","",4.8,1,0.4,1,"","","","","","","","","","","","","","","","","","","","","","","","","","",74,1,"","","","","","","","","","","","",6.3,1,995.9,1,"","","","","","",7,1,7,1,0,1,1,1,0,1,"","","","","","","","","","","","","","","","","","","","","","","","",28000,1,"","",2,1,2,1,"","","","","","","","","","",4,1,"","","","","","","","","","","","","","","","","","","","","","","","","","","","","","","","","","","","","","","","","","","","","","","","","","","","","",""
"50020001","PTE DE LA HAGUE",49.725167,-1.939833,6,1951012715,"","","","",8.,1,"","","","","","","","","","","","","","","","","","","","","","","","","","","","","","",5.,1,0.,1,"","","","","","","","","","","","","","","","","","","","","","","","","","",72,1,"","","","","","","","","","","","",6.1,1,993.9,1,"","","","","","",8,1,8,1,0,1,7,1,"","","","","","","","","","","","","","","","","","","","","","","","","","",28000,1,"","",2,1,2,1,"","","","","","","","","","",4,1,"","","","","","","","","","","","","","","","","","","","","","","","","","","","","","","","","","","","","","","","","","","","","","","","","","","","","",""
"50020001","PTE DE LA HAGUE",49.725167,-1.939833,6,1951012718,"","","","",7.,1,"","","","","","","","","","","","","","","","","","","","","","","","","","","","","","",4.8,1,0.,1,"","","","","","","","","","","","","","","","","","","","","","","","","","",72,1,"","","","","","","","","","","","",6.1,1,994.7,1,"","","","","","",8,1,8,1,0,1,7,1,"","","","","","","","","","","","","","","","","","","","","","","","","","",28000,1,"","",2,1,2,1,"","","","","","","","","","",4,1,"","","","","","","","","","","","","","","","","","","","","","","","","","","","","","","","","","","","","","","","","","","","","","","","","","","","","",""
"50020001","PTE DE LA HAGUE",49.725167,-1.939833,6,1951012800,"","","","",7.,1,"","","","","","","","","","","","","","","","","","","","","","","","","","","","","","",5.,1,0.,1,"","","","","","","","","","","","","","","","","","","","","","","","","","",69,1,"","","","","","","","","","","","",6.1,1,999.5,1,"","","","","","",8,1,8,1,1,1,1,1,"","","","","","","","","","","","","","","","","","","","","","","","","","",28000,1,"","",2,1,"","","","","","","","","","","","",4,1,"","","","","","","","","","","","","","","","","","","","","","","","","","","","","","","","","","","","","","","","","","","","","","","","","","","","","",""
"50020001","PTE DE LA HAGUE",49.725167,-1.939833,6,1951012806,"","","","",5.,1,"","","","","","","","","","","","","","","","","","","","","","","","","","","","","","",5.6,1,1.,1,"","","","","","","","","","","","","","","","","","","","","","","","","","",70,1,"","","","","","","","","","","","",6.6,1,1003.8,1,"","","","","","",7,1,7,1,2,1,0,1,0,1,"","","","","","","","","","","","","","","","","","","","","","","","",28000,1,"","",2,1,2,1,"","","","","","","","","","",3,1,"","","","","","","","","","","","","","","","","","","","","","","","","","","","","","","","","","","","","","","","","","","","","","","","","","","","","",""
"50020001","PTE DE LA HAGUE",49.725167,-1.939833,6,1951012809,"","","","",6.,1,"","","","","","","","","","","","","","","","","","","","","","","","","","","","","","",5.8,1,1.2,1,"","","","","","","","","","","","","","","","","","","","","","","","","","",73,1,"","","","","","","","","","","","",6.7,1,1006.7,1,"","","","","","",8,1,8,1,2,1,0,1,7,1,"","","","","","","","","","","","","","","","","","","","","","","","",8000,1,"","",2,1,2,1,"","","","","","","","","","",4,1,"","","","","","","","","","","","","","","","","","","","","","","","","","","","","","","","","","","","","","","","","","","","","","","","","","","","","",""
"50020001","PTE DE LA HAGUE",49.725167,-1.939833,6,1951012812,"","","","",6.,1,"","","","","","","","","","","","","","","","","","","","","","","","","","","","","","",6.,1,1.,1,"","","","","","","","","","","","","","","","","","","","","","","","","","",70,1,"","","","","","","","","","","","",6.6,1,1009.,1,"","","","","","",7,1,6,1,2,1,0,1,2,1,"","","","","","","","","","","","","","","","","","","","","","","","",8000,1,"","",2,1,2,1,"","","","","","","","","","",4,1,"","","","","","","","","","","","","","","","","","","","","","","","","","","","","","","","","","","","","","","","","","","","","","","","","","","","","",""
"50020001","PTE DE LA HAGUE",49.725167,-1.939833,6,1951012815,"","","","",5.,1,"","","","","","","","","","","","","","","","","","","","","","","","","","","","","","",6.,1,-2.9,1,"","","","","","","","","","","","","","","","","","","","","","","","","","",53,1,"","","","","","","","","","","","",4.9,1,1010.6,1,"","","","","","",7,1,7,1,0,1,0,1,2,1,"","","","","","","","","","","","","","","","","","","","","","","","",25000,1,"","",2,1,2,1,"","","","","","","","","","",3,1,"","","","","","","","","","","","","","","","","","","","","","","","","","","","","","","","","","","","","","","","","","","","","","","","","","","","","",""
"50020001","PTE DE LA HAGUE",49.725167,-1.939833,6,1951012818,"","","","",4.,1,"","","","","","","","","","","","","","","","","","","","","","","","","","","","","","",5.6,1,-2.7,1,"","","","","","","","","","","","","","","","","","","","","","","","","","",55,1,"","","","","","","","","","","","",5.,1,1012.7,1,"","","","","","",7,1,7,1,0,1,0,1,2,1,"","","","","","","","","","","","","","","","","","","","","","","","",22000,1,"","",2,1,2,1,"","","","","","","","","","",3,1,"","","","","","","","","","","","","","","","","","","","","","","","","","","","","","","","","","","","","","","","","","","","","","","","","","","","","",""
"50020001","PTE DE LA HAGUE",49.725167,-1.939833,6,1951012900,"","","","",4.,1,"","","","","","","","","","","","","","","","","","","","","","","","","","","","","","",5.,1,0.2,1,"","","","","","","","","","","","","","","","","","","","","","","","","","",69,1,"","","","","","","","","","","","",6.2,1,1015.9,1,"","","","","","",2,1,0,1,1,1,0,1,0,1,"","","","","","","","","","","","","","","","","","","","","","","","",14000,1,"","",2,1,0,1,"","","","","","","","","","",3,1,"","","","","","","","","","","","","","","","","","","","","","","","","","","","","","","","","","","","","","","","","","","","","","","","","","","","","",""
"50020001","PTE DE LA HAGUE",49.725167,-1.939833,6,1951012906,"","","","",4.,1,"","","","","","","","","","","","","","","","","","","","","","","","","","","","","","",5.,1,0.,1,"","","","","","","","","","","","","","","","","","","","","","","","","","",72,1,"","","","","","","","","","","","",6.1,1,1018.7,1,"","","","","","",6,1,6,1,2,1,0,1,0,1,"","","","","","","","","","","","","","","","","","","","","","","","",8000,1,"","",2,1,"","","","","","","","","","","","",3,1,"","","","","","","","","","","","","","","","","","","","","","","","","","","","","","","","","","","","","","","","","","","","","","","","","","","","","",""
"50020001","PTE DE LA HAGUE",49.725167,-1.939833,6,1951012909,"","","","",2.,1,"","","","","","","","","","","","","","","","","","","","","","","","","","","","","","",4.9,1,0.,1,"","","","","","","","","","","","","","","","","","","","","","","","","","",72,1,"","","","","","","","","","","","",6.1,1,1020.7,1,"","","","","","",6,1,6,1,2,1,0,1,0,1,"","","","","","","","","","","","","","","","","","","","","","","","",8000,1,"","",2,1,2,1,"","","","","","","","","","",2,1,"","","","","","","","","","","","","","","","","","","","","","","","","","","","","","","","","","","","","","","","","","","","","","","","","","","","","",""
"50020001","PTE DE LA HAGUE",49.725167,-1.939833,6,1951012912,"","","","",2.,1,"","","","","","","","","","","","","","","","","","","","","","","","","","","","","","",6.,1,1.,1,"","","","","","","","","","","","","","","","","","","","","","","","","","",70,1,"","","","","","","","","","","","",6.6,1,1021.3,1,"","","","","","",4,1,0,1,2,1,0,1,0,1,"","","","","","","","","","","","","","","","","","","","","","","","",14000,1,"","",2,1,2,1,"","","","","","","","","","",2,1,"","","","","","","","","","","","","","","","","","","","","","","","","","","","","","","","","","","","","","","","","","","","","","","","","","","","","",""
"50020001","PTE DE LA HAGUE",49.725167,-1.939833,6,1951012915,"","","","",3.,1,"","","","","","","","","","","","","","","","","","","","","","","","","","","","","","",6.1,1,0.6,1,"","","","","","","","","","","","","","","","","","","","","","","","","","",67,1,"","","","","","","","","","","","",6.4,1,1021.3,1,"","","","","","",7,1,7,1,2,1,0,1,0,1,"","","","","","","","","","","","","","","","","","","","","","","","",4000,1,"","",10,1,2,1,"","","","","","","","","","",2,1,"","","","","","","","","","","","","","","","","","","","","","","","","","","","","","","","","","","","","","","","","","","","","","","","","","","","","",""
"50020001","PTE DE LA HAGUE",49.725167,-1.939833,6,1951012918,"","","","",3.,1,"","","","","","","","","","","","","","","","","","","","","","","","","","","","","","",4.8,1,2.6,1,"","","","","","","","","","","","","","","","","","","","","","","","","","",84,1,"","","","","","","","","","","","",7.4,1,1022.3,1,"","","","","","",8,1,8,1,6,1,"","","","","","","","","","","","","","","","","","","","","","","","","","","","",6000,1,"","",2,1,2,1,"","","","","","","","","","",2,1,"","","","","","","","","","","","","","","","","","","","","","","","","","","","","","","","","","","","","","","","","","","","","","","","","","","","","",""
"50020001","PTE DE LA HAGUE",49.725167,-1.939833,6,1951013000,"","","","",0.,1,"","","","","","","","","","","","","","","","","","","","","","","","","","","","","","",0.8,1,-0.2,1,"","","","","","","","","","","","","","","","","","","","","","","","","","",92,1,"","","","","","","","","","","","",6.,1,1021.8,1,"","","","","","",0,1,"","",0,1,0,1,0,1,"","","","","","","","","","","","","","","","","","","","","","","","",5000,1,"","",2,1,2,1,"","","","","","","","","","",2,1,"","","","","","","","","","","","","","","","","","","","","","","","","","","","","","","","","","","","","","","","","","","","","","","","","","","","","",""
"50020001","PTE DE LA HAGUE",49.725167,-1.939833,6,1951013006,"","","","",4.,1,"","","","","","","","","","","","","","","","","","","","","","","","","","","","","","",2.,1,-0.7,1,"","","","","","","","","","","","","","","","","","","","","","","","","","",82,1,"","","","","","","","","","","","",5.8,1,1020.9,1,"","","","","","",0,1,"","",0,1,0,1,0,1,"","","","","","","","","","","","","","","","","","","","","","","","",8000,1,"","",2,1,0,1,"","","","","","","","","","",2,1,"","","","","","","","","","","","","","","","","","","","","","","","","","","","","","","","","","","","","","","","","","","","","","","","","","","","","",""
"50020001","PTE DE LA HAGUE",49.725167,-1.939833,6,1951013009,"","","","",4.,1,"","","","","","","","","","","","","","","","","","","","","","","","","","","","","","",2.6,1,0.4,1,"","","","","","","","","","","","","","","","","","","","","","","","","","",83,1,"","","","","","","","","","","","",6.3,1,1020.2,1,"","","","","","",5,1,5,1,5,1,0,1,0,1,"","","","","","","","","","","","","","","","","","","","","","","","",10000,1,"","",3,1,0,1,"","","","","","","","","","",2,1,"","","","","","","","","","","","","","","","","","","","","","","","","","","","","","","","","","","","","","","","","","","","","","","","","","","","","",""
"50020001","PTE DE LA HAGUE",49.725167,-1.939833,6,1951013012,"","","","",4.,1,"","","","","","","","","","","","","","","","","","","","","","","","","","","","","","",5.,1,2.6,1,"","","","","","","","","","","","","","","","","","","","","","","","","","",84,1,"","","","","","","","","","","","",7.4,1,1018.6,1,"","","","","","",0,1,"","",0,1,0,1,0,1,"","","","","","","","","","","","","","","","","","","","","","","","",8000,1,"","",1,1,2,1,"","","","","","","","","","",3,1,"","","","","","","","","","","","","","","","","","","","","","","","","","","","","","","","","","","","","","","","","","","","","","","","","","","","","",""
"50020001","PTE DE LA HAGUE",49.725167,-1.939833,6,1951013015,"","","","",4.,1,"","","","","","","","","","","","","","","","","","","","","","","","","","","","","","",5.4,1,-0.2,1,"","","","","","","","","","","","","","","","","","","","","","","","","","",69,1,"","","","","","","","","","","","",6.,1,1015.9,1,"","","","","","",1,1,0,1,2,1,0,1,1,1,"","","","","","","","","","","","","","","","","","","","","","","","",13000,1,"","",2,1,0,1,"","","","","","","","","","",3,1,"","","","","","","","","","","","","","","","","","","","","","","","","","","","","","","","","","","","","","","","","","","","","","","","","","","","","",""
"50020001","PTE DE LA HAGUE",49.725167,-1.939833,6,1951013018,"","","","",3.,1,"","","","","","","","","","","","","","","","","","","","","","","","","","","","","","",2.,1,-0.7,1,"","","","","","","","","","","","","","","","","","","","","","","","","","",83,1,"","","","","","","","","","","","",5.8,1,1013.9,1,"","","","","","",2,1,0,1,0,1,5,1,5,1,"","","","","","","","","","","","","","","","","","","","","","","","",9000,1,"","",3,1,0,1,"","","","","","","","","","",2,1,"","","","","","","","","","","","","","","","","","","","","","","","","","","","","","","","","","","","","","","","","","","","","","","","","","","","","",""
"50020001","PTE DE LA HAGUE",49.725167,-1.939833,6,1951013100,"","","","",6.,1,"","","","","","","","","","","","","","","","","","","","","","","","","","","","","","",1.,1,-1.9,1,"","","","","","","","","","","","","","","","","","","","","","","","","","",81,1,"","","","","","","","","","","","",5.3,1,1011.3,1,"","","","","","",0,1,"","",0,1,0,1,0,1,"","","","","","","","","","","","","","","","","","","","","","","","",12000,1,"","",2,1,0,1,"","","","","","","","","","",3,1,"","","","","","","","","","","","","","","","","","","","","","","","","","","","","","","","","","","","","","","","","","","","","","","","","","","","","",""
"50020001","PTE DE LA HAGUE",49.725167,-1.939833,6,1951013106,"","","","",5.,1,"","","","","","","","","","","","","","","","","","","","","","","","","","","","","","",2.,1,-0.7,1,"","","","","","","","","","","","","","","","","","","","","","","","","","",82,1,"","","","","","","","","","","","",5.8,1,1008.9,1,"","","","","","",8,1,5,1,5,1,7,1,"","","","","","","","","","","","","","","","","","","","","","","","","","",12000,1,"","",60,1,"","","","","","","","","","","","",3,1,"","","","","","","","","","","","","","","","","","","","","","","","","","","","","","","","","","","","","","","","","","","","","","","","","","","","","",""
"50020001","PTE DE LA HAGUE",49.725167,-1.939833,6,1951013109,"","","","",5.,1,"","","","","","","","","","","","","","","","","","","","","","","","","","","","","","",2.6,1,0.6,1,"","","","","","","","","","","","","","","","","","","","","","","","","","",86,1,"","","","","","","","","","","","",6.4,1,1010.6,1,"","","","","","",8,1,7,1,5,1,7,1,"","","","","","","","","","","","","","","","","","","","","","","","","","",13000,1,"","",2,1,2,1,"","","","","","","","","","",3,1,"","","","","","","","","","","","","","","","","","","","","","","","","","","","","","","","","","","","","","","","","","","","","","","","","","","","","",""
"50020001","PTE DE LA HAGUE",49.725167,-1.939833,6,1951013112,"","","","",2.,1,"","","","","","","","","","","","","","","","","","","","","","","","","","","","","","",3.4,1,1.6,1,"","","","","","","","","","","","","","","","","","","","","","","","","","",87,1,"","","","","","","","","","","","",6.9,1,1011.7,1,"","","","","","",7,1,6,1,5,1,0,1,4,1,"","","","","","","","","","","","","","","","","","","","","","","","",7000,1,"","",2,1,2,1,"","","","","","","","","","",4,1,"","","","","","","","","","","","","","","","","","","","","","","","","","","","","","","","","","","","","","","","","","","","","","","","","","","","","",""
"50020001","PTE DE LA HAGUE",49.725167,-1.939833,6,1951013115,"","","","",2.,1,"","","","","","","","","","","","","","","","","","","","","","","","","","","","","","",5.,1,2.6,1,"","","","","","","","","","","","","","","","","","","","","","","","","","",84,1,"","","","","","","","","","","","",7.4,1,1012.5,1,"","","","","","",7,1,5,1,5,1,4,1,0,1,"","","","","","","","","","","","","","","","","","","","","","","","",9000,1,"","",2,1,2,1,"","","","","","","","","","",4,1,"","","","","","","","","","","","","","","","","","","","","","","","","","","","","","","","","","","","","","","","","","","","","","","","","","","","","",""
"50020001","PTE DE LA HAGUE",49.725167,-1.939833,6,1951013118,"","","","",1.,1,"","","","","","","","","","","","","","","","","","","","","","","","","","","","","","",5.2,1,4.2,1,"","","","","","","","","","","","","","","","","","","","","","","","","","",91,1,"","","","","","","","","","","","",8.3,1,1015.3,1,"","","","","","",8,1,8,1,5,1,"","","","","","","","","","","","","","","","","","","","","","","","","","","","",10000,1,"","",2,1,2,1,"","","","","","","","","","",4,1,"","","","","","","","","","","","","","","","","","","","","","","","","","","","","","","","","","","","","","","","","","","","","","","","","","","","","",""
"50020001","PTE DE LA HAGUE",49.725167,-1.939833,6,1951020100,"","","","",1.,1,"","","","","","","","","","","","","","","","","","","","","","","","","","","","","","",3.4,1,2.,1,"","","","","","","","","","","","","","","","","","","","","","","","","","",90,1,"","","","","","","","","","","","",7.1,1,1018.5,1,"","","","","","",7,1,7,1,5,1,0,1,0,1,"","","","","","","","","","","","","","","","","","","","","","","","",13000,1,"","",2,1,2,1,"","","","","","","","","","",3,1,"","","","","","","","","","","","","","","","","","","","","","","","","","","","","","","","","","","","","","","","","","","","","","","","","","","","","",""
"50020001","PTE DE LA HAGUE",49.725167,-1.939833,6,1951020106,"","","","",0.,1,"","","","","","","","","","","","","","","","","","","","","","","","","","","","","","",2.6,1,1.,1,"","","","","","","","","","","","","","","","","","","","","","","","","","",90,1,"","","","","","","","","","","","",6.6,1,1020.2,1,"","","","","","",8,1,8,1,5,1,"","","","","","","","","","","","","","","","","","","","","","","","","","","","",14000,1,"","",2,1,2,1,"","","","","","","","","","",3,1,"","","","","","","","","","","","","","","","","","","","","","","","","","","","","","","","","","","","","","","","","","","","","","","","","","","","","",""
"50020001","PTE DE LA HAGUE",49.725167,-1.939833,6,1951020109,"","","","",0.,1,"","","","","","","","","","","","","","","","","","","","","","","","","","","","","","",3.2,1,2.6,1,"","","","","","","","","","","","","","","","","","","","","","","","","","",97,1,"","","","","","","","","","","","",7.4,1,1021.1,1,"","","","","","",7,1,7,1,5,1,0,1,0,1,"","","","","","","","","","","","","","","","","","","","","","","","",8000,1,"","",2,1,2,1,"","","","","","","","","","",2,1,"","","","","","","","","","","","","","","","","","","","","","","","","","","","","","","","","","","","","","","","","","","","","","","","","","","","","",""
"50020001","PTE DE LA HAGUE",49.725167,-1.939833,6,1951020112,"","","","",5.,1,"","","","","","","","","","","","","","","","","","","","","","","","","","","","","","",5.,1,3.1,1,"","","","","","","","","","","","","","","","","","","","","","","","","","",90,1,"","","","","","","","","","","","",7.7,1,1021.4,1,"","","","","","",8,1,8,1,5,1,"","","","","","","","","","","","","","","","","","","","","","","","","","","","",12000,1,"","",2,1,2,1,"","","","","","","","","","",3,1,"","","","","","","","","","","","","","","","","","","","","","","","","","","","","","","","","","","","","","","","","","","","","","","","","","","","","",""
"50020001","PTE DE LA HAGUE",49.725167,-1.939833,6,1951020115,"","","","",5.,1,"","","","","","","","","","","","","","","","","","","","","","","","","","","","","","",6.,1,4.2,1,"","","","","","","","","","","","","","","","","","","","","","","","","","",91,1,"","","","","","","","","","","","",8.3,1,1021.4,1,"","","","","","",7,1,5,1,6,1,0,1,2,1,"","","","","","","","","","","","","","","","","","","","","","","","",8000,1,"","",2,1,2,1,"","","","","","","","","","",3,1,"","","","","","","","","","","","","","","","","","","","","","","","","","","","","","","","","","","","","","","","","","","","","","","","","","","","","",""
"50020001","PTE DE LA HAGUE",49.725167,-1.939833,6,1951020118,"","","","",4.,1,"","","","","","","","","","","","","","","","","","","","","","","","","","","","","","",4.,1,4.,1,"","","","","","","","","","","","","","","","","","","","","","","","","","",100,1,"","","","","","","","","","","","",8.1,1,1021.4,1,"","","","","","",7,1,6,1,6,1,0,1,2,1,"","","","","","","","","","","","","","","","","","","","","","","","",6000,1,"","",40,1,1,1,"","","","","","","","","","",3,1,"","","","","","","","","","","","","","","","","","","","","","","","","","","","","","","","","","","","","","","","","","","","","","","","","","","","","",""
"50020001","PTE DE LA HAGUE",49.725167,-1.939833,6,1951020200,"","","","",6.,1,"","","","","","","","","","","","","","","","","","","","","","","","","","","","","","",6.,1,6.,1,"","","","","","","","","","","","","","","","","","","","","","","","","","",100,1,"","","","","","","","","","","","",9.3,1,1020.9,1,"","","","","","",8,1,8,1,6,1,"","","","","","","","","","","","","","","","","","","","","","","","","","","","",3000,1,"","",40,1,2,1,"","","","","","","","","","",4,1,"","","","","","","","","","","","","","","","","","","","","","","","","","","","","","","","","","","","","","","","","","","","","","","","","","","","","",""
"50020001","PTE DE LA HAGUE",49.725167,-1.939833,6,1951020206,"","","","",5.,1,"","","","","","","","","","","","","","","","","","","","","","","","","","","","","","",5.2,1,5.2,1,"","","","","","","","","","","","","","","","","","","","","","","","","","",100,1,"","","","","","","","","","","","",8.7,1,1019.3,1,"","","","","","",8,1,8,1,6,1,"","","","","","","","","","","","","","","","","","","","","","","","","","","","",3000,1,"","",40,1,4,1,"","","","","","","","","","",4,1,"","","","","","","","","","","","","","","","","","","","","","","","","","","","","","","","","","","","","","","","","","","","","","","","","","","","","",""
"50020001","PTE DE LA HAGUE",49.725167,-1.939833,6,1951020209,"","","","",8.,1,"","","","","","","","","","","","","","","","","","","","","","","","","","","","","","",5.4,1,4.5,1,"","","","","","","","","","","","","","","","","","","","","","","","","","",97,1,"","","","","","","","","","","","",8.5,1,1018.3,1,"","","","","","",8,1,8,1,6,1,"","","","","","","","","","","","","","","","","","","","","","","","","","","","",7000,1,"","",2,1,4,1,"","","","","","","","","","",4,1,"","","","","","","","","","","","","","","","","","","","","","","","","","","","","","","","","","","","","","","","","","","","","","","","","","","","","",""
"50020001","PTE DE LA HAGUE",49.725167,-1.939833,6,1951020212,"","","","",6.,1,"","","","","","","","","","","","","","","","","","","","","","","","","","","","","","",6.2,1,5.3,1,"","","","","","","","","","","","","","","","","","","","","","","","","","",94,1,"","","","","","","","","","","","",9.,1,1017.3,1,"","","","","","",7,1,0,1,6,1,0,1,0,1,"","","","","","","","","","","","","","","","","","","","","","","","",9000,1,"","",2,1,4,1,"","","","","","","","","","",4,1,"","","","","","","","","","","","","","","","","","","","","","","","","","","","","","","","","","","","","","","","","","","","","","","","","","","","","",""
"50020001","PTE DE LA HAGUE",49.725167,-1.939833,6,1951020215,"","","","",8.,1,"","","","","","","","","","","","","","","","","","","","","","","","","","","","","","",6.4,1,5.1,1,"","","","","","","","","","","","","","","","","","","","","","","","","","",91,1,"","","","","","","","","","","","",8.9,1,1014.5,1,"","","","","","",7,1,6,1,6,1,7,1,0,1,"","","","","","","","","","","","","","","","","","","","","","","","",9000,1,"","",2,1,2,1,"","","","","","","","","","",4,1,"","","","","","","","","","","","","","","","","","","","","","","","","","","","","","","","","","","","","","","","","","","","","","","","","","","","","",""
"50020001","PTE DE LA HAGUE",49.725167,-1.939833,6,1951020218,"","","","",7.,1,"","","","","","","","","","","","","","","","","","","","","","","","","","","","","","",6.2,1,5.1,1,"","","","","","","","","","","","","","","","","","","","","","","","","","",91,1,"","","","","","","","","","","","",8.9,1,1013.1,1,"","","","","","",7,1,7,1,0,1,7,1,0,1,"","","","","","","","","","","","","","","","","","","","","","","","",11000,1,"","",2,1,2,1,"","","","","","","","","","",4,1,"","","","","","","","","","","","","","","","","","","","","","","","","","","","","","","","","","","","","","","","","","","","","","","","","","","","","",""
"50020001","PTE DE LA HAGUE",49.725167,-1.939833,6,1951020300,"","","","",8.,1,"","","","","","","","","","","","","","","","","","","","","","","","","","","","","","",6.4,1,5.3,1,"","","","","","","","","","","","","","","","","","","","","","","","","","",94,1,"","","","","","","","","","","","",9.,1,1008.2,1,"","","","","","",8,1,8,1,5,1,"","","","","","","","","","","","","","","","","","","","","","","","","","","","",9000,1,"","",2,1,6,1,"","","","","","","","","","",4,1,"","","","","","","","","","","","","","","","","","","","","","","","","","","","","","","","","","","","","","","","","","","","","","","","","","","","","",""
"50020001","PTE DE LA HAGUE",49.725167,-1.939833,6,1951020306,"","","","",9.,1,"","","","","","","","","","","","","","","","","","","","","","","","","","","","","","",5.8,1,5.6,1,"","","","","","","","","","","","","","","","","","","","","","","","","","",97,1,"","","","","","","","","","","","",9.2,1,1002.2,1,"","","","","","",8,1,8,1,7,1,"","","","","","","","","","","","","","","","","","","","","","","","","","","","",8000,1,"","",60,1,6,1,"","","","","","","","","","",4,1,"","","","","","","","","","","","","","","","","","","","","","","","","","","","","","","","","","","","","","","","","","","","","","","","","","","","","",""
"50020001","PTE DE LA HAGUE",49.725167,-1.939833,6,1951020309,"","","","",10.,1,"","","","","","","","","","","","","","","","","","","","","","","","","","","","","","",6.1,1,5.6,1,"","","","","","","","","","","","","","","","","","","","","","","","","","",97,1,"","","","","","","","","","","","",9.2,1,1000.6,1,"","","","","","",8,1,7,1,7,1,2,1,"","","","","","","","","","","","","","","","","","","","","","","","","","",8000,1,"","",63,1,6,1,"","","","","","","","","","",4,1,"","","","","","","","","","","","","","","","","","","","","","","","","","","","","","","","","","","","","","","","","","","","","","","","","","","","","",""
"50020001","PTE DE LA HAGUE",49.725167,-1.939833,6,1951020312,"","","","",5.,1,"","","","","","","","","","","","","","","","","","","","","","","","","","","","","","",6.,1,4.2,1,"","","","","","","","","","","","","","","","","","","","","","","","","","",91,1,"","","","","","","","","","","","",8.3,1,999.9,1,"","","","","","",8,1,8,1,0,1,7,1,"","","","","","","","","","","","","","","","","","","","","","","","","","",35000,1,"","",21,1,6,1,"","","","","","","","","","",4,1,"","","","","","","","","","","","","","","","","","","","","","","","","","","","","","","","","","","","","","","","","","","","","","","","","","","","","",""
"50020001","PTE DE LA HAGUE",49.725167,-1.939833,6,1951020315,"","","","",5.,1,"","","","","","","","","","","","","","","","","","","","","","","","","","","","","","",6.,1,3.5,1,"","","","","","","","","","","","","","","","","","","","","","","","","","",85,1,"","","","","","","","","","","","",7.9,1,999.3,1,"","","","","","",8,1,8,1,5,1,"","","","","","","","","","","","","","","","","","","","","","","","","","","","",30000,1,"","",2,1,2,1,"","","","","","","","","","",4,1,"","","","","","","","","","","","","","","","","","","","","","","","","","","","","","","","","","","","","","","","","","","","","","","","","","","","","",""
"50020001","PTE DE LA HAGUE",49.725167,-1.939833,6,1951020318,"","","","",5.,1,"","","","","","","","","","","","","","","","","","","","","","","","","","","","","","",5.4,1,1.8,1,"","","","","","","","","","","","","","","","","","","","","","","","","","",78,1,"","","","","","","","","","","","",7.,1,998.7,1,"","","","","","",8,1,8,1,5,1,"","","","","","","","","","","","","","","","","","","","","","","","","","","","",32000,1,"","",2,1,2,1,"","","","","","","","","","",4,1,"","","","","","","","","","","","","","","","","","","","","","","","","","","","","","","","","","","","","","","","","","","","","","","","","","","","","",""
"50020001","PTE DE LA HAGUE",49.725167,-1.939833,6,1951020400,"","","","",11.,1,"","","","","","","","","","","","","","","","","","","","","","","","","","","","","","",5.2,1,2.2,1,"","","","","","","","","","","","","","","","","","","","","","","","","","",81,1,"","","","","","","","","","","","",7.2,1,993.9,1,"","","","","","",4,1,0,1,0,1,0,1,5,1,"","","","","","","","","","","","","","","","","","","","","","","","",35000,1,"","",2,1,"","","","","","","","","","","","",5,1,"","","","","","","","","","","","","","","","","","","","","","","","","","","","","","","","","","","","","","","","","","","","","","","","","","","","","",""
"50020001","PTE DE LA HAGUE",49.725167,-1.939833,6,1951020406,"","","","",17.,1,"","","","","","","","","","","","","","","","","","","","","","","","","","","","","","",5.6,1,4.2,1,"","","","","","","","","","","","","","","","","","","","","","","","","","",91,1,"","","","","","","","","","","","",8.3,1,978.7,1,"","","","","","",8,1,7,1,7,1,2,1,"","","","","","","","","","","","","","","","","","","","","","","","","","",10000,1,"","",63,1,6,1,"","","","","","","","","","",5,1,"","","","","","","","","","","","","","","","","","","","","","","","","","","","","","","","","","","","","","","","","","","","","","","","","","","","","",""
"50020001","PTE DE LA HAGUE",49.725167,-1.939833,6,1951020409,"","","","",27.,1,"","","","","","","","","","","","","","","","","","","","","","","","","","","","","","",6.4,1,5.3,1,"","","","","","","","","","","","","","","","","","","","","","","","","","",94,1,"","","","","","","","","","","","",9.,1,970.6,1,"","","","","","",8,1,7,1,7,1,2,1,"","","","","","","","","","","","","","","","","","","","","","","","","","",6000,1,"","",63,1,6,1,"","","","","","","","","","",6,1,"","","","","","","","","","","","","","","","","","","","","","","","","","","","","","","","","","","","","","","","","","","","","","","","","","","","","",""
"50020001","PTE DE LA HAGUE",49.725167,-1.939833,6,1951020412,"","","","",29.,1,"","","","","","","","","","","","","","","","","","","","","","","","","","","","","","",6.2,1,5.3,1,"","","","","","","","","","","","","","","","","","","","","","","","","","",94,1,"","","","","","","","","","","","",9.,1,963.4,1,"","","","","","",8,1,8,1,7,1,"","","","","","","","","","","","","","","","","","","","","","","","","","","","",6000,1,"","",63,1,6,1,"","","","","","","","","","",7,1,"","","","","","","","","","","","","","","","","","","","","","","","","","","","","","","","","","","","","","","","","","","","","","","","","","","","","",""
"50020001","PTE DE LA HAGUE",49.725167,-1.939833,6,1951020415,"","","","",5.,1,"","","","","","","","","","","","","","","","","","","","","","","","","","","","","","",7.,1,4.8,1,"","","","","","","","","","","","","","","","","","","","","","","","","","",88,1,"","","","","","","","","","","","",8.7,1,963.4,1,"","","","","","",7,1,0,1,3,1,9,1,2,1,"","","","","","","","","","","","","","","","","","","","","","","","",19000,1,"","",81,1,6,1,"","","","","","","","","","",5,1,"","","","","","","","","","","","","","","","","","","","","","","","","","","","","","","","","","","","","","","","","","","","","","","","","","","","","",""
"50020001","PTE DE LA HAGUE",49.725167,-1.939833,6,1951020418,"","","","",14.,1,"","","","","","","","","","","","","","","","","","","","","","","","","","","","","","",6.8,1,4.5,1,"","","","","","","","","","","","","","","","","","","","","","","","","","",85,1,"","","","","","","","","","","","",8.5,1,962.9,1,"","","","","","",7,1,6,1,9,1,0,1,3,1,"","","","","","","","","","","","","","","","","","","","","","","","",18000,1,"","",29,1,9,1,"","","","","","","","","","",7,1,"","","","","","","","","","","","","","","","","","","","","","","","","","","","","","","","","","","","","","","","","","","","","","","","","","","","","",""
"50020001","PTE DE LA HAGUE",49.725167,-1.939833,6,1951020500,"","","","",18.,1,"","","","","","","","","","","","","","","","","","","","","","","","","","","","","","",7.,1,4.5,1,"","","","","","","","","","","","","","","","","","","","","","","","","","",85,1,"","","","","","","","","","","","",8.5,1,965.3,1,"","","","","","",8,1,8,1,3,1,"","","","","","","","","","","","","","","","","","","","","","","","","","","","",11000,1,"","",25,1,8,1,"","","","","","","","","","",7,1,"","","","","","","","","","","","","","","","","","","","","","","","","","","","","","","","","","","","","","","","","","","","","","","","","","","","","",""
"50020001","PTE DE LA HAGUE",49.725167,-1.939833,6,1951020506,"","","","",15.,1,"","","","","","","","","","","","","","","","","","","","","","","","","","","","","","",5.2,1,4.2,1,"","","","","","","","","","","","","","","","","","","","","","","","","","",91,1,"","","","","","","","","","","","",8.3,1,971.9,1,"","","","","","",7,1,7,1,9,1,0,1,0,1,"","","","","","","","","","","","","","","","","","","","","","","","",25000,1,"","",0,1,"","","","","","","","","","","","",7,1,"","","","","","","","","","","","","","","","","","","","","","","","","","","","","","","","","","","","","","","","","","","","","","","","","","","","","",""
"50020001","PTE DE LA HAGUE",49.725167,-1.939833,6,1951020509,"","","","",12.,1,"","","","","","","","","","","","","","","","","","","","","","","","","","","","","","",5.4,1,2.6,1,"","","","","","","","","","","","","","","","","","","","","","","","","","",84,1,"","","","","","","","","","","","",7.4,1,974.1,1,"","","","","","",7,1,7,1,9,1,0,1,0,1,"","","","","","","","","","","","","","","","","","","","","","","","",18000,1,"","",15,1,8,1,"","","","","","","","","","",6,1,"","","","","","","","","","","","","","","","","","","","","","","","","","","","","","","","","","","","","","","","","","","","","","","","","","","","","",""
"50020001","PTE DE LA HAGUE",49.725167,-1.939833,6,1951020512,"","","","",5.,1,"","","","","","","","","","","","","","","","","","","","","","","","","","","","","","",6.,1,3.5,1,"","","","","","","","","","","","","","","","","","","","","","","","","","",85,1,"","","","","","","","","","","","",7.9,1,977.3,1,"","","","","","",7,1,7,1,9,1,0,1,3,1,"","","","","","","","","","","","","","","","","","","","","","","","",28000,1,"","",27,1,8,1,"","","","","","","","","","",5,1,"","","","","","","","","","","","","","","","","","","","","","","","","","","","","","","","","","","","","","","","","","","","","","","","","","","","","",""
"50020001","PTE DE LA HAGUE",49.725167,-1.939833,6,1951020515,"","","","",10.,1,"","","","","","","","","","","","","","","","","","","","","","","","","","","","","","",5.9,1,3.5,1,"","","","","","","","","","","","","","","","","","","","","","","","","","",85,1,"","","","","","","","","","","","",7.9,1,979.3,1,"","","","","","",7,1,7,1,9,1,0,1,0,1,"","","","","","","","","","","","","","","","","","","","","","","","",25000,1,"","",25,1,8,1,"","","","","","","","","","",5,1,"","","","","","","","","","","","","","","","","","","","","","","","","","","","","","","","","","","","","","","","","","","","","","","","","","","","","",""
"50020001","PTE DE LA HAGUE",49.725167,-1.939833,6,1951020518,"","","","",12.,1,"","","","","","","","","","","","","","","","","","","","","","","","","","","","","","",6.6,1,4.5,1,"","","","","","","","","","","","","","","","","","","","","","","","","","",85,1,"","","","","","","","","","","","",8.5,1,981.9,1,"","","","","","",7,1,7,1,9,1,0,1,0,1,"","","","","","","","","","","","","","","","","","","","","","","","",18000,1,"","",89,1,8,1,"","","","","","","","","","",5,1,"","","","","","","","","","","","","","","","","","","","","","","","","","","","","","","","","","","","","","","","","","","","","","","","","","","","","",""
"50020001","PTE DE LA HAGUE",49.725167,-1.939833,6,1951020600,"","","","",7.,1,"","","","","","","","","","","","","","","","","","","","","","","","","","","","","","",5.4,1,2.6,1,"","","","","","","","","","","","","","","","","","","","","","","","","","",84,1,"","","","","","","","","","","","",7.4,1,985.3,1,"","","","","","",7,1,7,1,3,1,0,1,0,1,"","","","","","","","","","","","","","","","","","","","","","","","",45000,1,"","",2,1,"","","","","","","","","","","","",4,1,"","","","","","","","","","","","","","","","","","","","","","","","","","","","","","","","","","","","","","","","","","","","","","","","","","","","","",""
"50020001","PTE DE LA HAGUE",49.725167,-1.939833,6,1951020606,"","","","",4.,1,"","","","","","","","","","","","","","","","","","","","","","","","","","","","","","",4.6,1,2.8,1,"","","","","","","","","","","","","","","","","","","","","","","","","","",87,1,"","","","","","","","","","","","",7.5,1,986.2,1,"","","","","","",7,1,7,1,3,1,0,1,0,1,"","","","","","","","","","","","","","","","","","","","","","","","",28000,1,"","",81,1,8,1,"","","","","","","","","","",5,1,"","","","","","","","","","","","","","","","","","","","","","","","","","","","","","","","","","","","","","","","","","","","","","","","","","","","","",""
"50020001","PTE DE LA HAGUE",49.725167,-1.939833,6,1951020609,"","","","",4.,1,"","","","","","","","","","","","","","","","","","","","","","","","","","","","","","",6.,1,1.2,1,"","","","","","","","","","","","","","","","","","","","","","","","","","",73,1,"","","","","","","","","","","","",6.7,1,987.9,1,"","","","","","",6,1,5,1,9,1,0,1,3,1,"","","","","","","","","","","","","","","","","","","","","","","","",30000,1,"","",25,1,8,1,"","","","","","","","","","",4,1,"","","","","","","","","","","","","","","","","","","","","","","","","","","","","","","","","","","","","","","","","","","","","","","","","","","","","",""
"50020001","PTE DE LA HAGUE",49.725167,-1.939833,6,1951020612,"","","","",8.,1,"","","","","","","","","","","","","","","","","","","","","","","","","","","","","","",7.4,1,4.2,1,"","","","","","","","","","","","","","","","","","","","","","","","","","",80,1,"","","","","","","","","","","","",8.3,1,988.9,1,"","","","","","",6,1,5,1,3,1,0,1,2,1,"","","","","","","","","","","","","","","","","","","","","","","","",35000,1,"","",15,1,8,1,"","","","","","","","","","",5,1,"","","","","","","","","","","","","","","","","","","","","","","","","","","","","","","","","","","","","","","","","","","","","","","","","","","","","",""
"50020001","PTE DE LA HAGUE",49.725167,-1.939833,6,1951020615,"","","","",7.,1,"","","","","","","","","","","","","","","","","","","","","","","","","","","","","","",6.4,1,3.3,1,"","","","","","","","","","","","","","","","","","","","","","","","","","",82,1,"","","","","","","","","","","","",7.8,1,989.4,1,"","","","","","",7,1,0,1,9,1,8,1,3,1,"","","","","","","","","","","","","","","","","","","","","","","","",22000,1,"","",25,1,8,1,"","","","","","","","","","",4,1,"","","","","","","","","","","","","","","","","","","","","","","","","","","","","","","","","","","","","","","","","","","","","","","","","","","","","",""
"50020001","PTE DE LA HAGUE",49.725167,-1.939833,6,1951020618,"","","","",4.,1,"","","","","","","","","","","","","","","","","","","","","","","","","","","","","","",6.,1,3.3,1,"","","","","","","","","","","","","","","","","","","","","","","","","","",82,1,"","","","","","","","","","","","",7.8,1,991.5,1,"","","","","","",3,1,0,1,9,1,0,1,3,1,"","","","","","","","","","","","","","","","","","","","","","","","",38000,1,"","",1,1,8,1,"","","","","","","","","","",5,1,"","","","","","","","","","","","","","","","","","","","","","","","","","","","","","","","","","","","","","","","","","","","","","","","","","","","","",""
"50020001","PTE DE LA HAGUE",49.725167,-1.939833,6,1951020700,"","","","",5.,1,"","","","","","","","","","","","","","","","","","","","","","","","","","","","","","",6.6,1,2.8,1,"","","","","","","","","","","","","","","","","","","","","","","","","","",77,1,"","","","","","","","","","","","",7.5,1,995.1,1,"","","","","","",2,1,0,1,2,1,0,1,0,1,"","","","","","","","","","","","","","","","","","","","","","","","",40000,1,"","",2,1,"","","","","","","","","","","","",4,1,"","","","","","","","","","","","","","","","","","","","","","","","","","","","","","","","","","","","","","","","","","","","","","","","","","","","","",""
"50020001","PTE DE LA HAGUE",49.725167,-1.939833,6,1951020706,"","","","",9.,1,"","","","","","","","","","","","","","","","","","","","","","","","","","","","","","",6.2,1,3.3,1,"","","","","","","","","","","","","","","","","","","","","","","","","","",82,1,"","","","","","","","","","","","",7.8,1,998.1,1,"","","","","","",7,1,7,1,3,1,0,1,0,1,"","","","","","","","","","","","","","","","","","","","","","","","",28000,1,"","",80,1,8,1,"","","","","","","","","","",5,1,"","","","","","","","","","","","","","","","","","","","","","","","","","","","","","","","","","","","","","","","","","","","","","","","","","","","","",""
"50020001","PTE DE LA HAGUE",49.725167,-1.939833,6,1951020709,"","","","",12.,1,"","","","","","","","","","","","","","","","","","","","","","","","","","","","","","",6.2,1,1.2,1,"","","","","","","","","","","","","","","","","","","","","","","","","","",73,1,"","","","","","","","","","","","",6.7,1,1000.1,1,"","","","","","",7,1,7,1,9,1,0,1,3,1,"","","","","","","","","","","","","","","","","","","","","","","","",28000,1,"","",80,1,8,1,"","","","","","","","","","",5,1,"","","","","","","","","","","","","","","","","","","","","","","","","","","","","","","","","","","","","","","","","","","","","","","","","","","","","",""
"50020001","PTE DE LA HAGUE",49.725167,-1.939833,6,1951020712,"","","","",7.,1,"","","","","","","","","","","","","","","","","","","","","","","","","","","","","","",7.,1,4.2,1,"","","","","","","","","","","","","","","","","","","","","","","","","","",80,1,"","","","","","","","","","","","",8.3,1,1001.8,1,"","","","","","",3,1,0,1,9,1,0,1,3,1,"","","","","","","","","","","","","","","","","","","","","","","","",30000,1,"","",2,1,8,1,"","","","","","","","","","",5,1,"","","","","","","","","","","","","","","","","","","","","","","","","","","","","","","","","","","","","","","","","","","","","","","","","","","","","",""
"50020001","PTE DE LA HAGUE",49.725167,-1.939833,6,1951020715,"","","","",6.,1,"","","","","","","","","","","","","","","","","","","","","","","","","","","","","","",6.9,1,4.3,1,"","","","","","","","","","","","","","","","","","","","","","","","","","",83,1,"","","","","","","","","","","","",8.4,1,1001.8,1,"","","","","","",7,1,7,1,3,1,2,1,0,1,"","","","","","","","","","","","","","","","","","","","","","","","",25000,1,"","",25,1,8,1,"","","","","","","","","","",5,1,"","","","","","","","","","","","","","","","","","","","","","","","","","","","","","","","","","","","","","","","","","","","","","","","","","","","","",""
"50020001","PTE DE LA HAGUE",49.725167,-1.939833,6,1951020718,"","","","",6.,1,"","","","","","","","","","","","","","","","","","","","","","","","","","","","","","",7.1,1,4.5,1,"","","","","","","","","","","","","","","","","","","","","","","","","","",85,1,"","","","","","","","","","","","",8.5,1,1000.6,1,"","","","","","",8,1,8,1,7,1,2,1,"","","","","","","","","","","","","","","","","","","","","","","","","","",17000,1,"","",60,1,8,1,"","","","","","","","","","",5,1,"","","","","","","","","","","","","","","","","","","","","","","","","","","","","","","","","","","","","","","","","","","","","","","","","","","","","",""
"50020001","PTE DE LA HAGUE",49.725167,-1.939833,6,1951020800,"","","","",15.,1,"","","","","","","","","","","","","","","","","","","","","","","","","","","","","","",6.2,1,5.6,1,"","","","","","","","","","","","","","","","","","","","","","","","","","",97,1,"","","","","","","","","","","","",9.2,1,993.,1,"","","","","","",8,1,8,1,7,1,"","","","","","","","","","","","","","","","","","","","","","","","","","","","",12000,1,"","",63,1,6,1,"","","","","","","","","","",6,1,"","","","","","","","","","","","","","","","","","","","","","","","","","","","","","","","","","","","","","","","","","","","","","","","","","","","","",""
"50020001","PTE DE LA HAGUE",49.725167,-1.939833,6,1951020806,"","","","",7.,1,"","","","","","","","","","","","","","","","","","","","","","","","","","","","","","",9.,1,7.1,1,"","","","","","","","","","","","","","","","","","","","","","","","","","",92,1,"","","","","","","","","","","","",10.2,1,993.9,1,"","","","","","",8,1,8,1,5,1,"","","","","","","","","","","","","","","","","","","","","","","","","","","","",10000,1,"","",2,1,6,1,"","","","","","","","","","",5,1,"","","","","","","","","","","","","","","","","","","","","","","","","","","","","","","","","","","","","","","","","","","","","","","","","","","","","",""
"50020001","PTE DE LA HAGUE",49.725167,-1.939833,6,1951020809,"","","","",7.,1,"","","","","","","","","","","","","","","","","","","","","","","","","","","","","","",9.,1,8.5,1,"","","","","","","","","","","","","","","","","","","","","","","","","","",97,1,"","","","","","","","","","","","",11.3,1,993.1,1,"","","","","","",8,1,5,1,7,1,2,1,"","","","","","","","","","","","","","","","","","","","","","","","","","",6000,1,"","",61,1,6,1,"","","","","","","","","","",5,1,"","","","","","","","","","","","","","","","","","","","","","","","","","","","","","","","","","","","","","","","","","","","","","","","","","","","","",""
"50020001","PTE DE LA HAGUE",49.725167,-1.939833,6,1951020812,"","","","",12.,1,"","","","","","","","","","","","","","","","","","","","","","","","","","","","","","",10.,1,9.5,1,"","","","","","","","","","","","","","","","","","","","","","","","","","",97,1,"","","","","","","","","","","","",12.1,1,990.6,1,"","","","","","",8,1,7,1,7,1,2,1,"","","","","","","","","","","","","","","","","","","","","","","","","","",6000,1,"","",61,1,6,1,"","","","","","","","","","",5,1,"","","","","","","","","","","","","","","","","","","","","","","","","","","","","","","","","","","","","","","","","","","","","","","","","","","","","",""
"50020001","PTE DE LA HAGUE",49.725167,-1.939833,6,1951020815,"","","","",12.,1,"","","","","","","","","","","","","","","","","","","","","","","","","","","","","","",10.,1,8.4,1,"","","","","","","","","","","","","","","","","","","","","","","","","","",95,1,"","","","","","","","","","","","",11.2,1,987.8,1,"","","","","","",8,1,5,1,7,1,2,1,"","","","","","","","","","","","","","","","","","","","","","","","","","",7000,1,"","",61,1,6,1,"","","","","","","","","","",5,1,"","","","","","","","","","","","","","","","","","","","","","","","","","","","","","","","","","","","","","","","","","","","","","","","","","","","","",""
"50020001","PTE DE LA HAGUE",49.725167,-1.939833,6,1951020818,"","","","",2.,1,"","","","","","","","","","","","","","","","","","","","","","","","","","","","","","",7.2,1,6.6,1,"","","","","","","","","","","","","","","","","","","","","","","","","","",97,1,"","","","","","","","","","","","",9.9,1,987.8,1,"","","","","","",8,1,8,1,0,1,2,1,"","","","","","","","","","","","","","","","","","","","","","","","","","",9000,1,"","",61,1,6,1,"","","","","","","","","","",4,1,"","","","","","","","","","","","","","","","","","","","","","","","","","","","","","","","","","","","","","","","","","","","","","","","","","","","","",""
"50020001","PTE DE LA HAGUE",49.725167,-1.939833,6,1951020900,"","","","",14.,1,"","","","","","","","","","","","","","","","","","","","","","","","","","","","","","",9.,1,4.7,1,"","","","","","","","","","","","","","","","","","","","","","","","","","",76,1,"","","","","","","","","","","","",8.6,1,984.2,1,"","","","","","",8,1,8,1,7,1,2,1,"","","","","","","","","","","","","","","","","","","","","","","","","","",22000,1,"","",60,1,6,1,"","","","","","","","","","",5,1,"","","","","","","","","","","","","","","","","","","","","","","","","","","","","","","","","","","","","","","","","","","","","","","","","","","","","",""
"50020001","PTE DE LA HAGUE",49.725167,-1.939833,6,1951020906,"","","","",10.,1,"","","","","","","","","","","","","","","","","","","","","","","","","","","","","","",5.6,1,4.2,1,"","","","","","","","","","","","","","","","","","","","","","","","","","",91,1,"","","","","","","","","","","","",8.3,1,994.1,1,"","","","","","",4,1,0,1,3,1,0,1,0,1,"","","","","","","","","","","","","","","","","","","","","","","","",28000,1,"","",25,1,8,1,"","","","","","","","","","",5,1,"","","","","","","","","","","","","","","","","","","","","","","","","","","","","","","","","","","","","","","","","","","","","","","","","","","","","",""
"50020001","PTE DE LA HAGUE",49.725167,-1.939833,6,1951020909,"","","","",14.,1,"","","","","","","","","","","","","","","","","","","","","","","","","","","","","","",6.1,1,3.3,1,"","","","","","","","","","","","","","","","","","","","","","","","","","",82,1,"","","","","","","","","","","","",7.8,1,997.3,1,"","","","","","",7,1,0,1,2,1,0,1,2,1,"","","","","","","","","","","","","","","","","","","","","","","","",28000,1,"","",2,1,2,1,"","","","","","","","","","",5,1,"","","","","","","","","","","","","","","","","","","","","","","","","","","","","","","","","","","","","","","","","","","","","","","","","","","","","",""
"50020001","PTE DE LA HAGUE",49.725167,-1.939833,6,1951020912,"","","","",13.,1,"","","","","","","","","","","","","","","","","","","","","","","","","","","","","","",7.2,1,2.4,1,"","","","","","","","","","","","","","","","","","","","","","","","","","",74,1,"","","","","","","","","","","","",7.3,1,999.3,1,"","","","","","",2,1,0,1,2,1,0,1,2,1,"","","","","","","","","","","","","","","","","","","","","","","","",22000,1,"","",1,1,2,1,"","","","","","","","","","",5,1,"","","","","","","","","","","","","","","","","","","","","","","","","","","","","","","","","","","","","","","","","","","","","","","","","","","","","",""
"50020001","PTE DE LA HAGUE",49.725167,-1.939833,6,1951020915,"","","","",9.,1,"","","","","","","","","","","","","","","","","","","","","","","","","","","","","","",6.8,1,3.,1,"","","","","","","","","","","","","","","","","","","","","","","","","","",79,1,"","","","","","","","","","","","",7.6,1,1000.3,1,"","","","","","",3,1,0,1,9,1,0,1,3,1,"","","","","","","","","","","","","","","","","","","","","","","","",30000,1,"","",2,1,8,1,"","","","","","","","","","",5,1,"","","","","","","","","","","","","","","","","","","","","","","","","","","","","","","","","","","","","","","","","","","","","","","","","","","","","",""
"50020001","PTE DE LA HAGUE",49.725167,-1.939833,6,1951020918,"","","","",7.,1,"","","","","","","","","","","","","","","","","","","","","","","","","","","","","","",6.,1,1.2,1,"","","","","","","","","","","","","","","","","","","","","","","","","","",73,1,"","","","","","","","","","","","",6.7,1,1003.1,1,"","","","","","",6,1,6,1,3,1,0,1,0,1,"","","","","","","","","","","","","","","","","","","","","","","","",42000,1,"","",2,1,8,1,"","","","","","","","","","",4,1,"","","","","","","","","","","","","","","","","","","","","","","","","","","","","","","","","","","","","","","","","","","","","","","","","","","","","",""
"50020001","PTE DE LA HAGUE",49.725167,-1.939833,6,1951021000,"","","","",4.,1,"","","","","","","","","","","","","","","","","","","","","","","","","","","","","","",5.,1,4.3,1,"","","","","","","","","","","","","","","","","","","","","","","","","","",94,1,"","","","","","","","","","","","",8.4,1,1005.,1,"","","","","","",8,1,8,1,5,1,"","","","","","","","","","","","","","","","","","","","","","","","","","","","",30000,1,"","",2,1,"","","","","","","","","","","","",4,1,"","","","","","","","","","","","","","","","","","","","","","","","","","","","","","","","","","","","","","","","","","","","","","","","","","","","","",""
"50020001","PTE DE LA HAGUE",49.725167,-1.939833,6,1951021006,"","","","",7.,1,"","","","","","","","","","","","","","","","","","","","","","","","","","","","","","",5.4,1,1.2,1,"","","","","","","","","","","","","","","","","","","","","","","","","","",73,1,"","","","","","","","","","","","",6.7,1,1004.3,1,"","","","","","",8,1,8,1,0,1,2,1,"","","","","","","","","","","","","","","","","","","","","","","","","","",45000,1,"","",2,1,2,1,"","","","","","","","","","",4,1,"","","","","","","","","","","","","","","","","","","","","","","","","","","","","","","","","","","","","","","","","","","","","","","","","","","","","",""
"50020001","PTE DE LA HAGUE",49.725167,-1.939833,6,1951021009,"","","","",5.,1,"","","","","","","","","","","","","","","","","","","","","","","","","","","","","","",5.4,1,-0.2,1,"","","","","","","","","","","","","","","","","","","","","","","","","","",69,1,"","","","","","","","","","","","",6.,1,1004.7,1,"","","","","","",8,1,8,1,0,1,7,1,"","","","","","","","","","","","","","","","","","","","","","","","","","",38000,1,"","",2,1,2,1,"","","","","","","","","","",4,1,"","","","","","","","","","","","","","","","","","","","","","","","","","","","","","","","","","","","","","","","","","","","","","","","","","","","","",""
"50020001","PTE DE LA HAGUE",49.725167,-1.939833,6,1951021012,"","","","",7.,1,"","","","","","","","","","","","","","","","","","","","","","","","","","","","","","",6.2,1,2.8,1,"","","","","","","","","","","","","","","","","","","","","","","","","","",77,1,"","","","","","","","","","","","",7.5,1,1004.2,1,"","","","","","",7,1,7,1,0,1,7,1,0,1,"","","","","","","","","","","","","","","","","","","","","","","","",29000,1,"","",2,1,2,1,"","","","","","","","","","",4,1,"","","","","","","","","","","","","","","","","","","","","","","","","","","","","","","","","","","","","","","","","","","","","","","","","","","","","",""
"50020001","PTE DE LA HAGUE",49.725167,-1.939833,6,1951021015,"","","","",8.,1,"","","","","","","","","","","","","","","","","","","","","","","","","","","","","","",6.,1,3.,1,"","","","","","","","","","","","","","","","","","","","","","","","","","",79,1,"","","","","","","","","","","","",7.6,1,1003.,1,"","","","","","",8,1,8,1,0,1,2,1,"","","","","","","","","","","","","","","","","","","","","","","","","","",29000,1,"","",2,1,2,1,"","","","","","","","","","",4,1,"","","","","","","","","","","","","","","","","","","","","","","","","","","","","","","","","","","","","","","","","","","","","","","","","","","","","",""
"50020001","PTE DE LA HAGUE",49.725167,-1.939833,6,1951021018,"","","","",12.,1,"","","","","","","","","","","","","","","","","","","","","","","","","","","","","","",6.8,1,4.5,1,"","","","","","","","","","","","","","","","","","","","","","","","","","",85,1,"","","","","","","","","","","","",8.5,1,1001.8,1,"","","","","","",8,1,0,1,5,1,2,1,"","","","","","","","","","","","","","","","","","","","","","","","","","",19000,1,"","",2,1,2,1,"","","","","","","","","","",4,1,"","","","","","","","","","","","","","","","","","","","","","","","","","","","","","","","","","","","","","","","","","","","","","","","","","","","","",""
"50020001","PTE DE LA HAGUE",49.725167,-1.939833,6,1951021100,"","","","",3.,1,"","","","","","","","","","","","","","","","","","","","","","","","","","","","","","",5.,1,3.5,1,"","","","","","","","","","","","","","","","","","","","","","","","","","",90,1,"","","","","","","","","","","","",7.9,1,1001.9,1,"","","","","","",7,1,7,1,5,1,0,1,0,1,"","","","","","","","","","","","","","","","","","","","","","","","",8000,1,"","",2,1,2,1,"","","","","","","","","","",4,1,"","","","","","","","","","","","","","","","","","","","","","","","","","","","","","","","","","","","","","","","","","","","","","","","","","","","","",""
"50020001","PTE DE LA HAGUE",49.725167,-1.939833,6,1951021106,"","","","",2.,1,"","","","","","","","","","","","","","","","","","","","","","","","","","","","","","",3.2,1,2.6,1,"","","","","","","","","","","","","","","","","","","","","","","","","","",97,1,"","","","","","","","","","","","",7.4,1,1001.3,1,"","","","","","",3,1,0,1,5,1,0,1,0,1,"","","","","","","","","","","","","","","","","","","","","","","","",10000,1,"","",2,1,"","","","","","","","","","","","",2,1,"","","","","","","","","","","","","","","","","","","","","","","","","","","","","","","","","","","","","","","","","","","","","","","","","","","","","",""
"50020001","PTE DE LA HAGUE",49.725167,-1.939833,6,1951021109,"","","","",4.,1,"","","","","","","","","","","","","","","","","","","","","","","","","","","","","","",5.2,1,2.8,1,"","","","","","","","","","","","","","","","","","","","","","","","","","",87,1,"","","","","","","","","","","","",7.5,1,1002.2,1,"","","","","","",6,1,0,1,5,1,0,1,2,1,"","","","","","","","","","","","","","","","","","","","","","","","",25000,1,"","",2,1,1,1,"","","","","","","","","","",3,1,"","","","","","","","","","","","","","","","","","","","","","","","","","","","","","","","","","","","","","","","","","","","","","","","","","","","","",""
"50020001","PTE DE LA HAGUE",49.725167,-1.939833,6,1951021112,"","","","",4.,1,"","","","","","","","","","","","","","","","","","","","","","","","","","","","","","",7.2,1,4.3,1,"","","","","","","","","","","","","","","","","","","","","","","","","","",83,1,"","","","","","","","","","","","",8.4,1,1003.3,1,"","","","","","",2,1,0,1,1,1,0,1,2,1,"","","","","","","","","","","","","","","","","","","","","","","","",30000,1,"","",2,1,2,1,"","","","","","","","","","",3,1,"","","","","","","","","","","","","","","","","","","","","","","","","","","","","","","","","","","","","","","","","","","","","","","","","","","","","",""
"50020001","PTE DE LA HAGUE",49.725167,-1.939833,6,1951021115,"","","","",5.,1,"","","","","","","","","","","","","","","","","","","","","","","","","","","","","","",8.,1,5.6,1,"","","","","","","","","","","","","","","","","","","","","","","","","","",86,1,"","","","","","","","","","","","",9.2,1,1003.3,1,"","","","","","",2,1,0,1,2,1,0,1,2,1,"","","","","","","","","","","","","","","","","","","","","","","","",16000,1,"","",2,1,0,1,"","","","","","","","","","",3,1,"","","","","","","","","","","","","","","","","","","","","","","","","","","","","","","","","","","","","","","","","","","","","","","","","","","","","",""
"50020001","PTE DE LA HAGUE",49.725167,-1.939833,6,1951021118,"","","","",3.,1,"","","","","","","","","","","","","","","","","","","","","","","","","","","","","","",5.2,1,4.2,1,"","","","","","","","","","","","","","","","","","","","","","","","","","",91,1,"","","","","","","","","","","","",8.3,1,1003.5,1,"","","","","","",6,1,6,1,2,1,0,1,2,1,"","","","","","","","","","","","","","","","","","","","","","","","",18000,1,"","",2,1,1,1,"","","","","","","","","","",2,1,"","","","","","","","","","","","","","","","","","","","","","","","","","","","","","","","","","","","","","","","","","","","","","","","","","","","","",""
"50020001","PTE DE LA HAGUE",49.725167,-1.939833,6,1951021200,"","","","",7.,1,"","","","","","","","","","","","","","","","","","","","","","","","","","","","","","",6.2,1,5.1,1,"","","","","","","","","","","","","","","","","","","","","","","","","","",91,1,"","","","","","","","","","","","",8.9,1,1004.5,1,"","","","","","",1,1,0,1,2,1,0,1,0,1,"","","","","","","","","","","","","","","","","","","","","","","","",30000,1,"","",2,1,0,1,"","","","","","","","","","",4,1,"","","","","","","","","","","","","","","","","","","","","","","","","","","","","","","","","","","","","","","","","","","","","","","","","","","","","",""
"50020001","PTE DE LA HAGUE",49.725167,-1.939833,6,1951021206,"","","","",4.,1,"","","","","","","","","","","","","","","","","","","","","","","","","","","","","","",4.2,1,3.3,1,"","","","","","","","","","","","","","","","","","","","","","","","","","",94,1,"","","","","","","","","","","","",7.8,1,1004.9,1,"","","","","","",1,1,0,1,0,1,4,1,0,1,"","","","","","","","","","","","","","","","","","","","","","","","",32000,1,"","",2,1,0,1,"","","","","","","","","","",3,1,"","","","","","","","","","","","","","","","","","","","","","","","","","","","","","","","","","","","","","","","","","","","","","","","","","","","","",""
"50020001","PTE DE LA HAGUE",49.725167,-1.939833,6,1951021209,"","","","",7.,1,"","","","","","","","","","","","","","","","","","","","","","","","","","","","","","",5.2,1,2.6,1,"","","","","","","","","","","","","","","","","","","","","","","","","","",84,1,"","","","","","","","","","","","",7.4,1,1005.9,1,"","","","","","",2,1,0,1,9,1,4,1,2,1,"","","","","","","","","","","","","","","","","","","","","","","","",32000,1,"","",2,1,0,1,"","","","","","","","","","",3,1,"","","","","","","","","","","","","","","","","","","","","","","","","","","","","","","","","","","","","","","","","","","","","","","","","","","","","",""
"50020001","PTE DE LA HAGUE",49.725167,-1.939833,6,1951021212,"","","","",4.,1,"","","","","","","","","","","","","","","","","","","","","","","","","","","","","","",9.1,1,3.8,1,"","","","","","","","","","","","","","","","","","","","","","","","","","",69,1,"","","","","","","","","","","","",8.1,1,1006.3,1,"","","","","","",7,1,7,1,0,1,0,1,2,1,"","","","","","","","","","","","","","","","","","","","","","","","",30000,1,"","",2,1,0,1,"","","","","","","","","","",3,1,"","","","","","","","","","","","","","","","","","","","","","","","","","","","","","","","","","","","","","","","","","","","","","","","","","","","","",""
"50020001","PTE DE LA HAGUE",49.725167,-1.939833,6,1951021215,"","","","",1.,1,"","","","","","","","","","","","","","","","","","","","","","","","","","","","","","",9.2,1,4.5,1,"","","","","","","","","","","","","","","","","","","","","","","","","","",73,1,"","","","","","","","","","","","",8.5,1,1005.4,1,"","","","","","",6,1,5,1,1,1,0,1,2,1,"","","","","","","","","","","","","","","","","","","","","","","","",30000,1,"","",2,1,1,1,"","","","","","","","","","",3,1,"","","","","","","","","","","","","","","","","","","","","","","","","","","","","","","","","","","","","","","","","","","","","","","","","","","","","",""
"50020001","PTE DE LA HAGUE",49.725167,-1.939833,6,1951021218,"","","","",4.,1,"","","","","","","","","","","","","","","","","","","","","","","","","","","","","","",7.,1,4.5,1,"","","","","","","","","","","","","","","","","","","","","","","","","","",85,1,"","","","","","","","","","","","",8.5,1,1006.1,1,"","","","","","",7,1,7,1,0,1,0,1,2,1,"","","","","","","","","","","","","","","","","","","","","","","","",28000,1,"","",2,1,2,1,"","","","","","","","","","",3,1,"","","","","","","","","","","","","","","","","","","","","","","","","","","","","","","","","","","","","","","","","","","","","","","","","","","","","",""
"50020001","PTE DE LA HAGUE",49.725167,-1.939833,6,1951021300,"","","","",3.,1,"","","","","","","","","","","","","","","","","","","","","","","","","","","","","","",6.4,1,5.3,1,"","","","","","","","","","","","","","","","","","","","","","","","","","",94,1,"","","","","","","","","","","","",9.,1,1005.4,1,"","","","","","",8,1,8,1,0,1,0,1,7,1,"","","","","","","","","","","","","","","","","","","","","","","","",8000,1,"","",2,1,2,1,"","","","","","","","","","",3,1,"","","","","","","","","","","","","","","","","","","","","","","","","","","","","","","","","","","","","","","","","","","","","","","","","","","","","",""
"50020001","PTE DE LA HAGUE",49.725167,-1.939833,6,1951021306,"","","","",3.,1,"","","","","","","","","","","","","","","","","","","","","","","","","","","","","","",6.8,1,4.8,1,"","","","","","","","","","","","","","","","","","","","","","","","","","",88,1,"","","","","","","","","","","","",8.7,1,1004.2,1,"","","","","","",6,1,6,1,5,1,0,1,0,1,"","","","","","","","","","","","","","","","","","","","","","","","",10000,1,"","",2,1,2,1,"","","","","","","","","","",3,1,"","","","","","","","","","","","","","","","","","","","","","","","","","","","","","","","","","","","","","","","","","","","","","","","","","","","","",""
"50020001","PTE DE LA HAGUE",49.725167,-1.939833,6,1951021309,"","","","",5.,1,"","","","","","","","","","","","","","","","","","","","","","","","","","","","","","",7.,1,5.1,1,"","","","","","","","","","","","","","","","","","","","","","","","","","",91,1,"","","","","","","","","","","","",8.9,1,1005.,1,"","","","","","",8,1,8,1,6,1,"","","","","","","","","","","","","","","","","","","","","","","","","","","","",6000,1,"","",2,1,2,1,"","","","","","","","","","",4,1,"","","","","","","","","","","","","","","","","","","","","","","","","","","","","","","","","","","","","","","","","","","","","","","","","","","","","",""
"50020001","PTE DE LA HAGUE",49.725167,-1.939833,6,1951021312,"","","","",4.,1,"","","","","","","","","","","","","","","","","","","","","","","","","","","","","","",6.2,1,5.6,1,"","","","","","","","","","","","","","","","","","","","","","","","","","",97,1,"","","","","","","","","","","","",9.2,1,1005.,1,"","","","","","",8,1,8,1,6,1,"","","","","","","","","","","","","","","","","","","","","","","","","","","","",5000,1,"","",2,1,2,1,"","","","","","","","","","",3,1,"","","","","","","","","","","","","","","","","","","","","","","","","","","","","","","","","","","","","","","","","","","","","","","","","","","","","",""
"50020001","PTE DE LA HAGUE",49.725167,-1.939833,6,1951021315,"","","","",2.,1,"","","","","","","","","","","","","","","","","","","","","","","","","","","","","","",6.1,1,5.6,1,"","","","","","","","","","","","","","","","","","","","","","","","","","",97,1,"","","","","","","","","","","","",9.2,1,1004.6,1,"","","","","","",8,1,8,1,6,1,"","","","","","","","","","","","","","","","","","","","","","","","","","","","",5000,1,"","",2,1,2,1,"","","","","","","","","","",2,1,"","","","","","","","","","","","","","","","","","","","","","","","","","","","","","","","","","","","","","","","","","","","","","","","","","","","","",""
"50020001","PTE DE LA HAGUE",49.725167,-1.939833,6,1951021318,"","","","",4.,1,"","","","","","","","","","","","","","","","","","","","","","","","","","","","","","",6.2,1,5.3,1,"","","","","","","","","","","","","","","","","","","","","","","","","","",94,1,"","","","","","","","","","","","",9.,1,1004.7,1,"","","","","","",8,1,8,1,6,1,"","","","","","","","","","","","","","","","","","","","","","","","","","","","",4000,1,"","",50,1,5,1,"","","","","","","","","","",3,1,"","","","","","","","","","","","","","","","","","","","","","","","","","","","","","","","","","","","","","","","","","","","","","","","","","","","","",""
"50020001","PTE DE LA HAGUE",49.725167,-1.939833,6,1951021400,"","","","",3.,1,"","","","","","","","","","","","","","","","","","","","","","","","","","","","","","",6.2,1,5.6,1,"","","","","","","","","","","","","","","","","","","","","","","","","","",97,1,"","","","","","","","","","","","",9.2,1,1005.8,1,"","","","","","",8,1,8,1,6,1,"","","","","","","","","","","","","","","","","","","","","","","","","","","","",7000,1,"","",60,1,6,1,"","","","","","","","","","",3,1,"","","","","","","","","","","","","","","","","","","","","","","","","","","","","","","","","","","","","","","","","","","","","","","","","","","","","",""
"50020001","PTE DE LA HAGUE",49.725167,-1.939833,6,1951021406,"","","","",3.,1,"","","","","","","","","","","","","","","","","","","","","","","","","","","","","","",5.4,1,3.8,1,"","","","","","","","","","","","","","","","","","","","","","","","","","",88,1,"","","","","","","","","","","","",8.1,1,1006.5,1,"","","","","","",8,1,7,1,2,1,2,1,"","","","","","","","","","","","","","","","","","","","","","","","","","",17000,1,"","",2,1,6,1,"","","","","","","","","","",4,1,"","","","","","","","","","","","","","","","","","","","","","","","","","","","","","","","","","","","","","","","","","","","","","","","","","","","","",""
"50020001","PTE DE LA HAGUE",49.725167,-1.939833,6,1951021409,"","","","",4.,1,"","","","","","","","","","","","","","","","","","","","","","","","","","","","","","",5.4,1,2.6,1,"","","","","","","","","","","","","","","","","","","","","","","","","","",84,1,"","","","","","","","","","","","",7.4,1,1007.5,1,"","","","","","",7,1,6,1,8,1,0,1,0,1,"","","","","","","","","","","","","","","","","","","","","","","","",25000,1,"","",2,1,2,1,"","","","","","","","","","",4,1,"","","","","","","","","","","","","","","","","","","","","","","","","","","","","","","","","","","","","","","","","","","","","","","","","","","","","",""
"50020001","PTE DE LA HAGUE",49.725167,-1.939833,6,1951021412,"","","","",4.,1,"","","","","","","","","","","","","","","","","","","","","","","","","","","","","","",5.6,1,2.2,1,"","","","","","","","","","","","","","","","","","","","","","","","","","",81,1,"","","","","","","","","","","","",7.2,1,1008.6,1,"","","","","","",7,1,6,1,2,1,0,1,2,1,"","","","","","","","","","","","","","","","","","","","","","","","",30000,1,"","",2,1,2,1,"","","","","","","","","","",4,1,"","","","","","","","","","","","","","","","","","","","","","","","","","","","","","","","","","","","","","","","","","","","","","","","","","","","","",""
"50020001","PTE DE LA HAGUE",49.725167,-1.939833,6,1951021415,"","","","",1.,1,"","","","","","","","","","","","","","","","","","","","","","","","","","","","","","",6.,1,3.,1,"","","","","","","","","","","","","","","","","","","","","","","","","","",79,1,"","","","","","","","","","","","",7.6,1,1008.7,1,"","","","","","",7,1,7,1,2,1,0,1,0,1,"","","","","","","","","","","","","","","","","","","","","","","","",23000,1,"","",2,1,2,1,"","","","","","","","","","",3,1,"","","","","","","","","","","","","","","","","","","","","","","","","","","","","","","","","","","","","","","","","","","","","","","","","","","","","",""
"50020001","PTE DE LA HAGUE",49.725167,-1.939833,6,1951021418,"","","","",0.,1,"","","","","","","","","","","","","","","","","","","","","","","","","","","","","","",5.8,1,1.8,1,"","","","","","","","","","","","","","","","","","","","","","","","","","",78,1,"","","","","","","","","","","","",7.,1,1009.4,1,"","","","","","",7,1,6,1,8,1,0,1,0,1,"","","","","","","","","","","","","","","","","","","","","","","","",22000,1,"","",2,1,2,1,"","","","","","","","","","",3,1,"","","","","","","","","","","","","","","","","","","","","","","","","","","","","","","","","","","","","","","","","","","","","","","","","","","","","",""
"50020001","PTE DE LA HAGUE",49.725167,-1.939833,6,1951021500,"","","","",1.,1,"","","","","","","","","","","","","","","","","","","","","","","","","","","","","","",5.2,1,1.4,1,"","","","","","","","","","","","","","","","","","","","","","","","","","",76,1,"","","","","","","","","","","","",6.8,1,1011.,1,"","","","","","",2,1,0,1,0,1,4,1,2,1,"","","","","","","","","","","","","","","","","","","","","","","","",35000,1,"","",1,1,1,1,"","","","","","","","","","",2,1,"","","","","","","","","","","","","","","","","","","","","","","","","","","","","","","","","","","","","","","","","","","","","","","","","","","","","",""
"50020001","PTE DE LA HAGUE",49.725167,-1.939833,6,1951021506,"","","","",6.,1,"","","","","","","","","","","","","","","","","","","","","","","","","","","","","","",6.,1,3.5,1,"","","","","","","","","","","","","","","","","","","","","","","","","","",85,1,"","","","","","","","","","","","",7.9,1,1010.3,1,"","","","","","",8,1,8,1,5,1,"","","","","","","","","","","","","","","","","","","","","","","","","","","","",12000,1,"","",2,1,2,1,"","","","","","","","","","",3,1,"","","","","","","","","","","","","","","","","","","","","","","","","","","","","","","","","","","","","","","","","","","","","","","","","","","","","",""
"50020001","PTE DE LA HAGUE",49.725167,-1.939833,6,1951021509,"","","","",2.,1,"","","","","","","","","","","","","","","","","","","","","","","","","","","","","","",5.,1,2.8,1,"","","","","","","","","","","","","","","","","","","","","","","","","","",87,1,"","","","","","","","","","","","",7.5,1,1010.6,1,"","","","","","",8,1,8,1,5,1,"","","","","","","","","","","","","","","","","","","","","","","","","","","","",8000,1,"","",60,1,6,1,"","","","","","","","","","",2,1,"","","","","","","","","","","","","","","","","","","","","","","","","","","","","","","","","","","","","","","","","","","","","","","","","","","","","",""
"50020001","PTE DE LA HAGUE",49.725167,-1.939833,6,1951021512,"","","","",4.,1,"","","","","","","","","","","","","","","","","","","","","","","","","","","","","","",5.2,1,4.5,1,"","","","","","","","","","","","","","","","","","","","","","","","","","",97,1,"","","","","","","","","","","","",8.5,1,1010.6,1,"","","","","","",7,1,7,1,5,1,0,1,0,1,"","","","","","","","","","","","","","","","","","","","","","","","",22000,1,"","",60,1,6,1,"","","","","","","","","","",3,1,"","","","","","","","","","","","","","","","","","","","","","","","","","","","","","","","","","","","","","","","","","","","","","","","","","","","","",""
"50020001","PTE DE LA HAGUE",49.725167,-1.939833,6,1951021515,"","","","",6.,1,"","","","","","","","","","","","","","","","","","","","","","","","","","","","","","",7.,1,4.8,1,"","","","","","","","","","","","","","","","","","","","","","","","","","",88,1,"","","","","","","","","","","","",8.7,1,1009.8,1,"","","","","","",8,1,7,1,2,1,7,1,"","","","","","","","","","","","","","","","","","","","","","","","","","",16000,1,"","",2,1,6,1,"","","","","","","","","","",3,1,"","","","","","","","","","","","","","","","","","","","","","","","","","","","","","","","","","","","","","","","","","","","","","","","","","","","","",""
"50020001","PTE DE LA HAGUE",49.725167,-1.939833,6,1951021518,"","","","",4.,1,"","","","","","","","","","","","","","","","","","","","","","","","","","","","","","",6.6,1,5.1,1,"","","","","","","","","","","","","","","","","","","","","","","","","","",91,1,"","","","","","","","","","","","",8.9,1,1009.3,1,"","","","","","",7,1,7,1,5,1,7,1,0,1,"","","","","","","","","","","","","","","","","","","","","","","","",17000,1,"","",2,1,2,1,"","","","","","","","","","",3,1,"","","","","","","","","","","","","","","","","","","","","","","","","","","","","","","","","","","","","","","","","","","","","","","","","","","","","",""
"50020001","PTE DE LA HAGUE",49.725167,-1.939833,6,1951021600,"","","","",7.,1,"","","","","","","","","","","","","","","","","","","","","","","","","","","","","","",6.2,1,5.3,1,"","","","","","","","","","","","","","","","","","","","","","","","","","",94,1,"","","","","","","","","","","","",9.,1,1008.5,1,"","","","","","",8,1,8,1,0,1,0,1,7,1,"","","","","","","","","","","","","","","","","","","","","","","","",25000,1,"","",2,1,"","","","","","","","","","","","",4,1,"","","","","","","","","","","","","","","","","","","","","","","","","","","","","","","","","","","","","","","","","","","","","","","","","","","","","",""
"50020001","PTE DE LA HAGUE",49.725167,-1.939833,6,1951021606,"","","","",7.,1,"","","","","","","","","","","","","","","","","","","","","","","","","","","","","","",6.6,1,5.1,1,"","","","","","","","","","","","","","","","","","","","","","","","","","",91,1,"","","","","","","","","","","","",8.9,1,1004.5,1,"","","","","","",8,1,5,1,7,1,2,1,"","","","","","","","","","","","","","","","","","","","","","","","","","",12000,1,"","",61,1,6,1,"","","","","","","","","","",4,1,"","","","","","","","","","","","","","","","","","","","","","","","","","","","","","","","","","","","","","","","","","","","","","","","","","","","","",""
"50020001","PTE DE LA HAGUE",49.725167,-1.939833,6,1951021609,"","","","",13.,1,"","","","","","","","","","","","","","","","","","","","","","","","","","","","","","",7.,1,6.6,1,"","","","","","","","","","","","","","","","","","","","","","","","","","",97,1,"","","","","","","","","","","","",9.9,1,1003.7,1,"","","","","","",8,1,7,1,7,1,2,1,"","","","","","","","","","","","","","","","","","","","","","","","","","",6000,1,"","",61,1,6,1,"","","","","","","","","","",5,1,"","","","","","","","","","","","","","","","","","","","","","","","","","","","","","","","","","","","","","","","","","","","","","","","","","","","","",""
"50020001","PTE DE LA HAGUE",49.725167,-1.939833,6,1951021612,"","","","",11.,1,"","","","","","","","","","","","","","","","","","","","","","","","","","","","","","",8.1,1,7.6,1,"","","","","","","","","","","","","","","","","","","","","","","","","","",97,1,"","","","","","","","","","","","",10.6,1,1003.9,1,"","","","","","",7,1,7,1,5,1,0,1,0,1,"","","","","","","","","","","","","","","","","","","","","","","","",14000,1,"","",21,1,6,1,"","","","","","","","","","",5,1,"","","","","","","","","","","","","","","","","","","","","","","","","","","","","","","","","","","","","","","","","","","","","","","","","","","","","",""
"50020001","PTE DE LA HAGUE",49.725167,-1.939833,6,1951021615,"","","","",10.,1,"","","","","","","","","","","","","","","","","","","","","","","","","","","","","","",9.,1,7.1,1,"","","","","","","","","","","","","","","","","","","","","","","","","","",92,1,"","","","","","","","","","","","",10.2,1,1004.2,1,"","","","","","",7,1,7,1,2,1,0,1,0,1,"","","","","","","","","","","","","","","","","","","","","","","","",16000,1,"","",2,1,2,1,"","","","","","","","","","",5,1,"","","","","","","","","","","","","","","","","","","","","","","","","","","","","","","","","","","","","","","","","","","","","","","","","","","","","",""
"50020001","PTE DE LA HAGUE",49.725167,-1.939833,6,1951021618,"","","","",6.,1,"","","","","","","","","","","","","","","","","","","","","","","","","","","","","","",8.7,1,7.1,1,"","","","","","","","","","","","","","","","","","","","","","","","","","",92,1,"","","","","","","","","","","","",10.2,1,1005.5,1,"","","","","","",7,1,6,1,2,1,7,1,0,1,"","","","","","","","","","","","","","","","","","","","","","","","",16000,1,"","",2,1,2,1,"","","","","","","","","","",4,1,"","","","","","","","","","","","","","","","","","","","","","","","","","","","","","","","","","","","","","","","","","","","","","","","","","","","","",""
"50020001","PTE DE LA HAGUE",49.725167,-1.939833,6,1951021700,"","","","",7.,1,"","","","","","","","","","","","","","","","","","","","","","","","","","","","","","",8.,1,8.,1,"","","","","","","","","","","","","","","","","","","","","","","","","","",100,1,"","","","","","","","","","","","",10.7,1,1006.3,1,"","","","","","",8,1,8,1,5,1,7,1,"","","","","","","","","","","","","","","","","","","","","","","","","","",18000,1,"","",60,1,6,1,"","","","","","","","","","",4,1,"","","","","","","","","","","","","","","","","","","","","","","","","","","","","","","","","","","","","","","","","","","","","","","","","","","","","",""
"50020001","PTE DE LA HAGUE",49.725167,-1.939833,6,1951021706,"","","","",12.,1,"","","","","","","","","","","","","","","","","","","","","","","","","","","","","","",8.4,1,8.4,1,"","","","","","","","","","","","","","","","","","","","","","","","","","",100,1,"","","","","","","","","","","","",10.7,1,1001.7,1,"","","","","","",8,1,8,1,6,1,2,1,"","","","","","","","","","","","","","","","","","","","","","","","","","",12000,1,"","",60,1,6,1,"","","","","","","","","","",5,1,"","","","","","","","","","","","","","","","","","","","","","","","","","","","","","","","","","","","","","","","","","","","","","","","","","","","","",""
"50020001","PTE DE LA HAGUE",49.725167,-1.939833,6,1951021709,"","","","",12.,1,"","","","","","","","","","","","","","","","","","","","","","","","","","","","","","",8.9,1,8.5,1,"","","","","","","","","","","","","","","","","","","","","","","","","","",97,1,"","","","","","","","","","","","",11.3,1,999.,1,"","","","","","",8,1,7,1,7,1,2,1,"","","","","","","","","","","","","","","","","","","","","","","","","","",5000,1,"","",63,1,6,1,"","","","","","","","","","",5,1,"","","","","","","","","","","","","","","","","","","","","","","","","","","","","","","","","","","","","","","","","","","","","","","","","","","","","",""
"50020001","PTE DE LA HAGUE",49.725167,-1.939833,6,1951021712,"","","","",5.,1,"","","","","","","","","","","","","","","","","","","","","","","","","","","","","","",6.8,1,6.6,1,"","","","","","","","","","","","","","","","","","","","","","","","","","",97,1,"","","","","","","","","","","","",9.9,1,999.4,1,"","","","","","",8,1,7,1,7,1,2,1,"","","","","","","","","","","","","","","","","","","","","","","","","","",12000,1,"","",63,1,6,1,"","","","","","","","","","",4,1,"","","","","","","","","","","","","","","","","","","","","","","","","","","","","","","","","","","","","","","","","","","","","","","","","","","","","",""
"50020001","PTE DE LA HAGUE",49.725167,-1.939833,6,1951021715,"","","","",9.,1,"","","","","","","","","","","","","","","","","","","","","","","","","","","","","","",7.,1,5.1,1,"","","","","","","","","","","","","","","","","","","","","","","","","","",91,1,"","","","","","","","","","","","",8.9,1,1000.3,1,"","","","","","",7,1,7,1,6,1,0,1,2,1,"","","","","","","","","","","","","","","","","","","","","","","","",17000,1,"","",2,1,6,1,"","","","","","","","","","",4,1,"","","","","","","","","","","","","","","","","","","","","","","","","","","","","","","","","","","","","","","","","","","","","","","","","","","","","",""
"50020001","PTE DE LA HAGUE",49.725167,-1.939833,6,1951021718,"","","","",10.,1,"","","","","","","","","","","","","","","","","","","","","","","","","","","","","","",6.8,1,2.4,1,"","","","","","","","","","","","","","","","","","","","","","","","","","",74,1,"","","","","","","","","","","","",7.3,1,1003.9,1,"","","","","","",6,1,5,1,2,1,7,1,0,1,"","","","","","","","","","","","","","","","","","","","","","","","",18000,1,"","",2,1,6,1,"","","","","","","","","","",5,1,"","","","","","","","","","","","","","","","","","","","","","","","","","","","","","","","","","","","","","","","","","","","","","","","","","","","","",""
"50020001","PTE DE LA HAGUE",49.725167,-1.939833,6,1951021800,"","","","",12.,1,"","","","","","","","","","","","","","","","","","","","","","","","","","","","","","",6.,1,3.3,1,"","","","","","","","","","","","","","","","","","","","","","","","","","",82,1,"","","","","","","","","","","","",7.8,1,1008.3,1,"","","","","","",5,1,5,1,3,1,0,1,0,1,"","","","","","","","","","","","","","","","","","","","","","","","",28000,1,"","",25,1,8,1,"","","","","","","","","","",5,1,"","","","","","","","","","","","","","","","","","","","","","","","","","","","","","","","","","","","","","","","","","","","","","","","","","","","","",""
"50020001","PTE DE LA HAGUE",49.725167,-1.939833,6,1951021806,"","","","",11.,1,"","","","","","","","","","","","","","","","","","","","","","","","","","","","","","",6.8,1,2.8,1,"","","","","","","","","","","","","","","","","","","","","","","","","","",77,1,"","","","","","","","","","","","",7.5,1,1008.3,1,"","","","","","",1,1,0,1,2,1,0,1,0,1,"","","","","","","","","","","","","","","","","","","","","","","","",25000,1,"","",2,1,"","","","","","","","","","","","",5,1,"","","","","","","","","","","","","","","","","","","","","","","","","","","","","","","","","","","","","","","","","","","","","","","","","","","","","",""
"50020001","PTE DE LA HAGUE",49.725167,-1.939833,6,1951021809,"","","","",10.,1,"","","","","","","","","","","","","","","","","","","","","","","","","","","","","","",7.8,1,3.5,1,"","","","","","","","","","","","","","","","","","","","","","","","","","",75,1,"","","","","","","","","","","","",7.9,1,1008.5,1,"","","","","","",6,1,6,1,4,1,0,1,6,1,"","","","","","","","","","","","","","","","","","","","","","","","",22000,1,"","",2,1,0,1,"","","","","","","","","","",5,1,"","","","","","","","","","","","","","","","","","","","","","","","","","","","","","","","","","","","","","","","","","","","","","","","","","","","","",""
"50020001","PTE DE LA HAGUE",49.725167,-1.939833,6,1951021812,"","","","",10.,1,"","","","","","","","","","","","","","","","","","","","","","","","","","","","","","",8.1,1,3.3,1,"","","","","","","","","","","","","","","","","","","","","","","","","","",72,1,"","","","","","","","","","","","",7.8,1,1007.4,1,"","","","","","",7,1,6,1,5,1,0,1,2,1,"","","","","","","","","","","","","","","","","","","","","","","","",18000,1,"","",2,1,2,1,"","","","","","","","","","",5,1,"","","","","","","","","","","","","","","","","","","","","","","","","","","","","","","","","","","","","","","","","","","","","","","","","","","","","",""
"50020001","PTE DE LA HAGUE",49.725167,-1.939833,6,1951021815,"","","","",10.,1,"","","","","","","","","","","","","","","","","","","","","","","","","","","","","","",8.,1,3.8,1,"","","","","","","","","","","","","","","","","","","","","","","","","","",77,1,"","","","","","","","","","","","",8.1,1,1004.3,1,"","","","","","",8,1,8,1,5,1,1,1,"","","","","","","","","","","","","","","","","","","","","","","","","","",22000,1,"","",2,1,2,1,"","","","","","","","","","",5,1,"","","","","","","","","","","","","","","","","","","","","","","","","","","","","","","","","","","","","","","","","","","","","","","","","","","","","",""
"50020001","PTE DE LA HAGUE",49.725167,-1.939833,6,1951021818,"","","","",10.,1,"","","","","","","","","","","","","","","","","","","","","","","","","","","","","","",7.4,1,4.5,1,"","","","","","","","","","","","","","","","","","","","","","","","","","",85,1,"","","","","","","","","","","","",8.5,1,1001.8,1,"","","","","","",8,1,8,1,1,1,1,1,"","","","","","","","","","","","","","","","","","","","","","","","","","",22000,1,"","",2,1,2,1,"","","","","","","","","","",5,1,"","","","","","","","","","","","","","","","","","","","","","","","","","","","","","","","","","","","","","","","","","","","","","","","","","","","","",""
"50020001","PTE DE LA HAGUE",49.725167,-1.939833,6,1951021900,"","","","",12.,1,"","","","","","","","","","","","","","","","","","","","","","","","","","","","","","",7.,1,6.4,1,"","","","","","","","","","","","","","","","","","","","","","","","","","",94,1,"","","","","","","","","","","","",9.7,1,995.4,1,"","","","","","",8,1,8,1,3,1,"","","","","","","","","","","","","","","","","","","","","","","","","","","","",6000,1,"","",81,1,6,1,"","","","","","","","","","",5,1,"","","","","","","","","","","","","","","","","","","","","","","","","","","","","","","","","","","","","","","","","","","","","","","","","","","","","",""
"50020001","PTE DE LA HAGUE",49.725167,-1.939833,6,1951021906,"","","","",13.,1,"","","","","","","","","","","","","","","","","","","","","","","","","","","","","","",6.8,1,4.3,1,"","","","","","","","","","","","","","","","","","","","","","","","","","",83,1,"","","","","","","","","","","","",8.4,1,996.7,1,"","","","","","",5,1,5,1,3,1,0,1,0,1,"","","","","","","","","","","","","","","","","","","","","","","","",25000,1,"","",2,1,8,1,"","","","","","","","","","",5,1,"","","","","","","","","","","","","","","","","","","","","","","","","","","","","","","","","","","","","","","","","","","","","","","","","","","","","",""
"50020001","PTE DE LA HAGUE",49.725167,-1.939833,6,1951021909,"","","","",9.,1,"","","","","","","","","","","","","","","","","","","","","","","","","","","","","","",7.4,1,4.2,1,"","","","","","","","","","","","","","","","","","","","","","","","","","",80,1,"","","","","","","","","","","","",8.3,1,999.3,1,"","","","","","",5,1,5,1,3,1,0,1,0,1,"","","","","","","","","","","","","","","","","","","","","","","","",28000,1,"","",25,1,8,1,"","","","","","","","","","",5,1,"","","","","","","","","","","","","","","","","","","","","","","","","","","","","","","","","","","","","","","","","","","","","","","","","","","","","",""
"50020001","PTE DE LA HAGUE",49.725167,-1.939833,6,1951021912,"","","","",10.,1,"","","","","","","","","","","","","","","","","","","","","","","","","","","","","","",8.7,1,4.7,1,"","","","","","","","","","","","","","","","","","","","","","","","","","",76,1,"","","","","","","","","","","","",8.6,1,1001.7,1,"","","","","","",5,1,0,1,9,1,0,1,3,1,"","","","","","","","","","","","","","","","","","","","","","","","",22000,1,"","",2,1,8,1,"","","","","","","","","","",5,1,"","","","","","","","","","","","","","","","","","","","","","","","","","","","","","","","","","","","","","","","","","","","","","","","","","","","","",""
"50020001","PTE DE LA HAGUE",49.725167,-1.939833,6,1951021915,"","","","",13.,1,"","","","","","","","","","","","","","","","","","","","","","","","","","","","","","",8.2,1,3.3,1,"","","","","","","","","","","","","","","","","","","","","","","","","","",72,1,"","","","","","","","","","","","",7.8,1,1002.1,1,"","","","","","",6,1,0,1,2,1,0,1,2,1,"","","","","","","","","","","","","","","","","","","","","","","","",18000,1,"","",2,1,1,1,"","","","","","","","","","",5,1,"","","","","","","","","","","","","","","","","","","","","","","","","","","","","","","","","","","","","","","","","","","","","","","","","","","","","",""
"50020001","PTE DE LA HAGUE",49.725167,-1.939833,6,1951021918,"","","","",14.,1,"","","","","","","","","","","","","","","","","","","","","","","","","","","","","","",7.,1,4.3,1,"","","","","","","","","","","","","","","","","","","","","","","","","","",83,1,"","","","","","","","","","","","",8.4,1,1003.,1,"","","","","","",7,1,7,1,3,1,0,1,0,1,"","","","","","","","","","","","","","","","","","","","","","","","",18000,1,"","",80,1,8,1,"","","","","","","","","","",5,1,"","","","","","","","","","","","","","","","","","","","","","","","","","","","","","","","","","","","","","","","","","","","","","","","","","","","","",""
"50020001","PTE DE LA HAGUE",49.725167,-1.939833,6,1951022000,"","","","",6.,1,"","","","","","","","","","","","","","","","","","","","","","","","","","","","","","",6.5,1,5.1,1,"","","","","","","","","","","","","","","","","","","","","","","","","","",91,1,"","","","","","","","","","","","",8.9,1,1003.5,1,"","","","","","",3,1,0,1,2,1,0,1,0,1,"","","","","","","","","","","","","","","","","","","","","","","","",28000,1,"","",2,1,"","","","","","","","","","","","",4,1,"","","","","","","","","","","","","","","","","","","","","","","","","","","","","","","","","","","","","","","","","","","","","","","","","","","","","",""
"50020001","PTE DE LA HAGUE",49.725167,-1.939833,6,1951022006,"","","","",10.,1,"","","","","","","","","","","","","","","","","","","","","","","","","","","","","","",7.2,1,4.2,1,"","","","","","","","","","","","","","","","","","","","","","","","","","",80,1,"","","","","","","","","","","","",8.3,1,997.9,1,"","","","","","",7,1,5,1,2,1,4,1,0,1,"","","","","","","","","","","","","","","","","","","","","","","","",28000,1,"","",2,1,"","","","","","","","","","","","",5,1,"","","","","","","","","","","","","","","","","","","","","","","","","","","","","","","","","","","","","","","","","","","","","","","","","","","","","",""
"50020001","PTE DE LA HAGUE",49.725167,-1.939833,6,1951022009,"","","","",15.,1,"","","","","","","","","","","","","","","","","","","","","","","","","","","","","","",8.,1,5.5,1,"","","","","","","","","","","","","","","","","","","","","","","","","","",83,1,"","","","","","","","","","","","",9.1,1,993.,1,"","","","","","",7,1,5,1,5,1,0,1,0,1,"","","","","","","","","","","","","","","","","","","","","","","","",17000,1,"","",2,1,2,1,"","","","","","","","","","",5,1,"","","","","","","","","","","","","","","","","","","","","","","","","","","","","","","","","","","","","","","","","","","","","","","","","","","","","",""
"50020001","PTE DE LA HAGUE",49.725167,-1.939833,6,1951022012,"","","","",15.,1,"","","","","","","","","","","","","","","","","","","","","","","","","","","","","","",8.,1,7.3,1,"","","","","","","","","","","","","","","","","","","","","","","","","","",97,1,"","","","","","","","","","","","",10.4,1,988.5,1,"","","","","","",7,1,7,1,3,1,0,1,0,1,"","","","","","","","","","","","","","","","","","","","","","","","",12000,1,"","",21,1,6,1,"","","","","","","","","","",6,1,"","","","","","","","","","","","","","","","","","","","","","","","","","","","","","","","","","","","","","","","","","","","","","","","","","","","","",""
"50020001","PTE DE LA HAGUE",49.725167,-1.939833,6,1951022015,"","","","",12.,1,"","","","","","","","","","","","","","","","","","","","","","","","","","","","","","",7.8,1,5.9,1,"","","","","","","","","","","","","","","","","","","","","","","","","","",89,1,"","","","","","","","","","","","",9.4,1,985.4,1,"","","","","","",3,1,0,1,9,1,0,1,3,1,"","","","","","","","","","","","","","","","","","","","","","","","",25000,1,"","",21,1,6,1,"","","","","","","","","","",5,1,"","","","","","","","","","","","","","","","","","","","","","","","","","","","","","","","","","","","","","","","","","","","","","","","","","","","","",""
"50020001","PTE DE LA HAGUE",49.725167,-1.939833,6,1951022018,"","","","",9.,1,"","","","","","","","","","","","","","","","","","","","","","","","","","","","","","",7.,1,4.8,1,"","","","","","","","","","","","","","","","","","","","","","","","","","",88,1,"","","","","","","","","","","","",8.7,1,985.,1,"","","","","","",6,1,5,1,9,1,0,1,3,1,"","","","","","","","","","","","","","","","","","","","","","","","",14000,1,"","",25,1,8,1,"","","","","","","","","","",5,1,"","","","","","","","","","","","","","","","","","","","","","","","","","","","","","","","","","","","","","","","","","","","","","","","","","","","","",""
"50020001","PTE DE LA HAGUE",49.725167,-1.939833,6,1951022100,"","","","",19.,1,"","","","","","","","","","","","","","","","","","","","","","","","","","","","","","",5.8,1,3.5,1,"","","","","","","","","","","","","","","","","","","","","","","","","","",85,1,"","","","","","","","","","","","",7.9,1,980.1,1,"","","","","","",8,1,8,1,7,1,"","","","","","","","","","","","","","","","","","","","","","","","","","","","",6000,1,"","",81,1,8,1,"","","","","","","","","","",6,1,"","","","","","","","","","","","","","","","","","","","","","","","","","","","","","","","","","","","","","","","","","","","","","","","","","","","","",""
"50020001","PTE DE LA HAGUE",49.725167,-1.939833,6,1951022106,"","","","",10.,1,"","","","","","","","","","","","","","","","","","","","","","","","","","","","","","",6.,1,1.4,1,"","","","","","","","","","","","","","","","","","","","","","","","","","",76,1,"","","","","","","","","","","","",6.8,1,988.9,1,"","","","","","",6,1,5,1,2,1,0,1,2,1,"","","","","","","","","","","","","","","","","","","","","","","","",28000,1,"","",2,1,8,1,"","","","","","","","","","",5,1,"","","","","","","","","","","","","","","","","","","","","","","","","","","","","","","","","","","","","","","","","","","","","","","","","","","","","",""
"50020001","PTE DE LA HAGUE",49.725167,-1.939833,6,1951022109,"","","","",14.,1,"","","","","","","","","","","","","","","","","","","","","","","","","","","","","","",6.,1,1.,1,"","","","","","","","","","","","","","","","","","","","","","","","","","",70,1,"","","","","","","","","","","","",6.6,1,991.4,1,"","","","","","",7,1,7,1,3,1,0,1,0,1,"","","","","","","","","","","","","","","","","","","","","","","","",12000,1,"","",90,1,8,1,"","","","","","","","","","",5,1,"","","","","","","","","","","","","","","","","","","","","","","","","","","","","","","","","","","","","","","","","","","","","","","","","","","","","",""
"50020001","PTE DE LA HAGUE",49.725167,-1.939833,6,1951022112,"","","","",9.,1,"","","","","","","","","","","","","","","","","","","","","","","","","","","","","","",6.8,1,2.4,1,"","","","","","","","","","","","","","","","","","","","","","","","","","",74,1,"","","","","","","","","","","","",7.3,1,993.8,1,"","","","","","",3,1,0,1,2,1,0,1,0,1,"","","","","","","","","","","","","","","","","","","","","","","","",26000,1,"","",2,1,8,1,"","","","","","","","","","",5,1,"","","","","","","","","","","","","","","","","","","","","","","","","","","","","","","","","","","","","","","","","","","","","","","","","","","","","",""
"50020001","PTE DE LA HAGUE",49.725167,-1.939833,6,1951022115,"","","","",8.,1,"","","","","","","","","","","","","","","","","","","","","","","","","","","","","","",8.,1,3.3,1,"","","","","","","","","","","","","","","","","","","","","","","","","","",72,1,"","","","","","","","","","","","",7.8,1,993.9,1,"","","","","","",6,1,6,1,2,1,0,1,2,1,"","","","","","","","","","","","","","","","","","","","","","","","",25000,1,"","",80,1,8,1,"","","","","","","","","","",5,1,"","","","","","","","","","","","","","","","","","","","","","","","","","","","","","","","","","","","","","","","","","","","","","","","","","","","","",""
"50020001","PTE DE LA HAGUE",49.725167,-1.939833,6,1951022118,"","","","",12.,1,"","","","","","","","","","","","","","","","","","","","","","","","","","","","","","",7.,1,2.4,1,"","","","","","","","","","","","","","","","","","","","","","","","","","",74,1,"","","","","","","","","","","","",7.3,1,996.7,1,"","","","","","",3,1,0,1,2,1,0,1,0,1,"","","","","","","","","","","","","","","","","","","","","","","","",22000,1,"","",2,1,8,1,"","","","","","","","","","",5,1,"","","","","","","","","","","","","","","","","","","","","","","","","","","","","","","","","","","","","","","","","","","","","","","","","","","","","",""
"50020001","PTE DE LA HAGUE",49.725167,-1.939833,6,1951022200,"","","","",10.,1,"","","","","","","","","","","","","","","","","","","","","","","","","","","","","","",7.,1,2.2,1,"","","","","","","","","","","","","","","","","","","","","","","","","","",71,1,"","","","","","","","","","","","",7.2,1,999.3,1,"","","","","","",7,1,7,1,3,1,0,1,0,1,"","","","","","","","","","","","","","","","","","","","","","","","",17000,1,"","",2,1,"","","","","","","","","","","","",5,1,"","","","","","","","","","","","","","","","","","","","","","","","","","","","","","","","","","","","","","","","","","","","","","","","","","","","","",""
"50020001","PTE DE LA HAGUE",49.725167,-1.939833,6,1951022206,"","","","",14.,1,"","","","","","","","","","","","","","","","","","","","","","","","","","","","","","",5.6,1,1.8,1,"","","","","","","","","","","","","","","","","","","","","","","","","","",78,1,"","","","","","","","","","","","",7.,1,999.7,1,"","","","","","",7,1,0,1,3,1,0,1,2,1,"","","","","","","","","","","","","","","","","","","","","","","","",25000,1,"","",2,1,8,1,"","","","","","","","","","",5,1,"","","","","","","","","","","","","","","","","","","","","","","","","","","","","","","","","","","","","","","","","","","","","","","","","","","","","",""
"50020001","PTE DE LA HAGUE",49.725167,-1.939833,6,1951022209,"","","","",15.,1,"","","","","","","","","","","","","","","","","","","","","","","","","","","","","","",6.6,1,2.4,1,"","","","","","","","","","","","","","","","","","","","","","","","","","",74,1,"","","","","","","","","","","","",7.3,1,1002.1,1,"","","","","","",6,1,5,1,9,1,0,1,3,1,"","","","","","","","","","","","","","","","","","","","","","","","",22000,1,"","",27,1,8,1,"","","","","","","","","","",5,1,"","","","","","","","","","","","","","","","","","","","","","","","","","","","","","","","","","","","","","","","","","","","","","","","","","","","","",""
"50020001","PTE DE LA HAGUE",49.725167,-1.939833,6,1951022212,"","","","",12.,1,"","","","","","","","","","","","","","","","","","","","","","","","","","","","","","",7.4,1,1.8,1,"","","","","","","","","","","","","","","","","","","","","","","","","","",69,1,"","","","","","","","","","","","",7.,1,1004.6,1,"","","","","","",6,1,6,1,9,1,0,1,0,1,"","","","","","","","","","","","","","","","","","","","","","","","",14000,1,"","",2,1,8,1,"","","","","","","","","","",6,1,"","","","","","","","","","","","","","","","","","","","","","","","","","","","","","","","","","","","","","","","","","","","","","","","","","","","","",""
"50020001","PTE DE LA HAGUE",49.725167,-1.939833,6,1951022215,"","","","",13.,1,"","","","","","","","","","","","","","","","","","","","","","","","","","","","","","",7.2,1,2.2,1,"","","","","","","","","","","","","","","","","","","","","","","","","","",71,1,"","","","","","","","","","","","",7.2,1,1005.7,1,"","","","","","",6,1,6,1,9,1,0,1,0,1,"","","","","","","","","","","","","","","","","","","","","","","","",22000,1,"","",2,1,8,1,"","","","","","","","","","",5,1,"","","","","","","","","","","","","","","","","","","","","","","","","","","","","","","","","","","","","","","","","","","","","","","","","","","","","",""
"50020001","PTE DE LA HAGUE",49.725167,-1.939833,6,1951022218,"","","","",12.,1,"","","","","","","","","","","","","","","","","","","","","","","","","","","","","","",7.,1,2.2,1,"","","","","","","","","","","","","","","","","","","","","","","","","","",71,1,"","","","","","","","","","","","",7.2,1,1007.4,1,"","","","","","",3,1,0,1,9,1,0,1,0,1,"","","","","","","","","","","","","","","","","","","","","","","","",22000,1,"","",2,1,8,1,"","","","","","","","","","",5,1,"","","","","","","","","","","","","","","","","","","","","","","","","","","","","","","","","","","","","","","","","","","","","","","","","","","","","",""
"50020001","PTE DE LA HAGUE",49.725167,-1.939833,6,1951022300,"","","","",12.,1,"","","","","","","","","","","","","","","","","","","","","","","","","","","","","","",6.8,1,2.2,1,"","","","","","","","","","","","","","","","","","","","","","","","","","",71,1,"","","","","","","","","","","","",7.2,1,1010.3,1,"","","","","","",3,1,0,1,3,1,0,1,0,1,"","","","","","","","","","","","","","","","","","","","","","","","",25000,1,"","",25,1,8,1,"","","","","","","","","","",5,1,"","","","","","","","","","","","","","","","","","","","","","","","","","","","","","","","","","","","","","","","","","","","","","","","","","","","","",""
"50020001","PTE DE LA HAGUE",49.725167,-1.939833,6,1951022306,"","","","",9.,1,"","","","","","","","","","","","","","","","","","","","","","","","","","","","","","",7.,1,2.2,1,"","","","","","","","","","","","","","","","","","","","","","","","","","",71,1,"","","","","","","","","","","","",7.2,1,1011.7,1,"","","","","","",6,1,6,1,2,1,0,1,0,1,"","","","","","","","","","","","","","","","","","","","","","","","",28000,1,"","",2,1,8,1,"","","","","","","","","","",5,1,"","","","","","","","","","","","","","","","","","","","","","","","","","","","","","","","","","","","","","","","","","","","","","","","","","","","","",""
"50020001","PTE DE LA HAGUE",49.725167,-1.939833,6,1951022309,"","","","",8.,1,"","","","","","","","","","","","","","","","","","","","","","","","","","","","","","",6.6,1,2.8,1,"","","","","","","","","","","","","","","","","","","","","","","","","","",77,1,"","","","","","","","","","","","",7.5,1,1012.6,1,"","","","","","",5,1,5,1,2,1,0,1,2,1,"","","","","","","","","","","","","","","","","","","","","","","","",30000,1,"","",2,1,1,1,"","","","","","","","","","",4,1,"","","","","","","","","","","","","","","","","","","","","","","","","","","","","","","","","","","","","","","","","","","","","","","","","","","","","",""
"50020001","PTE DE LA HAGUE",49.725167,-1.939833,6,1951022312,"","","","",4.,1,"","","","","","","","","","","","","","","","","","","","","","","","","","","","","","",9.,1,4.5,1,"","","","","","","","","","","","","","","","","","","","","","","","","","",73,1,"","","","","","","","","","","","",8.5,1,1012.9,1,"","","","","","",5,1,0,1,2,1,0,1,2,1,"","","","","","","","","","","","","","","","","","","","","","","","",35000,1,"","",2,1,1,1,"","","","","","","","","","",3,1,"","","","","","","","","","","","","","","","","","","","","","","","","","","","","","","","","","","","","","","","","","","","","","","","","","","","","",""
"50020001","PTE DE LA HAGUE",49.725167,-1.939833,6,1951022315,"","","","",4.,1,"","","","","","","","","","","","","","","","","","","","","","","","","","","","","","",8.2,1,5.5,1,"","","","","","","","","","","","","","","","","","","","","","","","","","",83,1,"","","","","","","","","","","","",9.1,1,1011.4,1,"","","","","","",2,1,0,1,9,1,0,1,0,1,"","","","","","","","","","","","","","","","","","","","","","","","",35000,1,"","",25,1,8,1,"","","","","","","","","","",3,1,"","","","","","","","","","","","","","","","","","","","","","","","","","","","","","","","","","","","","","","","","","","","","","","","","","","","","",""
"50020001","PTE DE LA HAGUE",49.725167,-1.939833,6,1951022318,"","","","",5.,1,"","","","","","","","","","","","","","","","","","","","","","","","","","","","","","",7.,1,4.3,1,"","","","","","","","","","","","","","","","","","","","","","","","","","",83,1,"","","","","","","","","","","","",8.4,1,1009.9,1,"","","","","","",2,1,0,1,9,1,0,1,0,1,"","","","","","","","","","","","","","","","","","","","","","","","",35000,1,"","",2,1,8,1,"","","","","","","","","","",3,1,"","","","","","","","","","","","","","","","","","","","","","","","","","","","","","","","","","","","","","","","","","","","","","","","","","","","","",""
"50020001","PTE DE LA HAGUE",49.725167,-1.939833,6,1951022400,"","","","",5.,1,"","","","","","","","","","","","","","","","","","","","","","","","","","","","","","",6.4,1,4.8,1,"","","","","","","","","","","","","","","","","","","","","","","","","","",88,1,"","","","","","","","","","","","",8.7,1,1007.9,1,"","","","","","",7,1,0,1,2,1,0,1,2,1,"","","","","","","","","","","","","","","","","","","","","","","","",38000,1,"","",2,1,2,1,"","","","","","","","","","",4,1,"","","","","","","","","","","","","","","","","","","","","","","","","","","","","","","","","","","","","","","","","","","","","","","","","","","","","",""
"50020001","PTE DE LA HAGUE",49.725167,-1.939833,6,1951022406,"","","","",6.,1,"","","","","","","","","","","","","","","","","","","","","","","","","","","","","","",6.8,1,4.8,1,"","","","","","","","","","","","","","","","","","","","","","","","","","",88,1,"","","","","","","","","","","","",8.7,1,1004.7,1,"","","","","","",8,1,8,1,8,1,"","","","","","","","","","","","","","","","","","","","","","","","","","","","",35000,1,"","",60,1,2,1,"","","","","","","","","","",3,1,"","","","","","","","","","","","","","","","","","","","","","","","","","","","","","","","","","","","","","","","","","","","","","","","","","","","","",""
"50020001","PTE DE LA HAGUE",49.725167,-1.939833,6,1951022409,"","","","",7.,1,"","","","","","","","","","","","","","","","","","","","","","","","","","","","","","",6.6,1,4.8,1,"","","","","","","","","","","","","","","","","","","","","","","","","","",88,1,"","","","","","","","","","","","",8.7,1,1003.5,1,"","","","","","",8,1,0,1,3,1,9,1,7,1,"","","","","","","","","","","","","","","","","","","","","","","","",28000,1,"","",15,1,8,1,"","","","","","","","","","",3,1,"","","","","","","","","","","","","","","","","","","","","","","","","","","","","","","","","","","","","","","","","","","","","","","","","","","","","",""
"50020001","PTE DE LA HAGUE",49.725167,-1.939833,6,1951022412,"","","","",3.,1,"","","","","","","","","","","","","","","","","","","","","","","","","","","","","","",7.4,1,6.1,1,"","","","","","","","","","","","","","","","","","","","","","","","","","",92,1,"","","","","","","","","","","","",9.5,1,1003.,1,"","","","","","",8,1,6,1,3,1,0,1,7,1,"","","","","","","","","","","","","","","","","","","","","","","","",30000,1,"","",80,1,8,1,"","","","","","","","","","",3,1,"","","","","","","","","","","","","","","","","","","","","","","","","","","","","","","","","","","","","","","","","","","","","","","","","","","","","",""
"50020001","PTE DE LA HAGUE",49.725167,-1.939833,6,1951022415,"","","","",2.,1,"","","","","","","","","","","","","","","","","","","","","","","","","","","","","","",7.8,1,3.8,1,"","","","","","","","","","","","","","","","","","","","","","","","","","",77,1,"","","","","","","","","","","","",8.1,1,1002.3,1,"","","","","","",7,1,5,1,2,1,0,1,2,1,"","","","","","","","","","","","","","","","","","","","","","","","",35000,1,"","",2,1,8,1,"","","","","","","","","","",2,1,"","","","","","","","","","","","","","","","","","","","","","","","","","","","","","","","","","","","","","","","","","","","","","","","","","","","","",""
"50020001","PTE DE LA HAGUE",49.725167,-1.939833,6,1951022418,"","","","",3.,1,"","","","","","","","","","","","","","","","","","","","","","","","","","","","","","",6.7,1,4.5,1,"","","","","","","","","","","","","","","","","","","","","","","","","","",85,1,"","","","","","","","","","","","",8.5,1,1002.3,1,"","","","","","",8,1,8,1,8,1,"","","","","","","","","","","","","","","","","","","","","","","","","","","","",30000,1,"","",25,1,8,1,"","","","","","","","","","",2,1,"","","","","","","","","","","","","","","","","","","","","","","","","","","","","","","","","","","","","","","","","","","","","","","","","","","","","",""
"50020001","PTE DE LA HAGUE",49.725167,-1.939833,6,1951022500,"","","","",3.,1,"","","","","","","","","","","","","","","","","","","","","","","","","","","","","","",6.2,1,3.5,1,"","","","","","","","","","","","","","","","","","","","","","","","","","",85,1,"","","","","","","","","","","","",7.9,1,1003.1,1,"","","","","","",7,1,7,1,3,1,0,1,0,1,"","","","","","","","","","","","","","","","","","","","","","","","",30000,1,"","",25,1,8,1,"","","","","","","","","","",2,1,"","","","","","","","","","","","","","","","","","","","","","","","","","","","","","","","","","","","","","","","","","","","","","","","","","","","","",""
"50020001","PTE DE LA HAGUE",49.725167,-1.939833,6,1951022506,"","","","",6.,1,"","","","","","","","","","","","","","","","","","","","","","","","","","","","","","",5.2,1,4.3,1,"","","","","","","","","","","","","","","","","","","","","","","","","","",94,1,"","","","","","","","","","","","",8.4,1,1004.7,1,"","","","","","",8,1,8,1,3,1,"","","","","","","","","","","","","","","","","","","","","","","","","","","","",6000,1,"","",61,1,6,1,"","","","","","","","","","",4,1,"","","","","","","","","","","","","","","","","","","","","","","","","","","","","","","","","","","","","","","","","","","","","","","","","","","","","",""
"50020001","PTE DE LA HAGUE",49.725167,-1.939833,6,1951022509,"","","","",15.,1,"","","","","","","","","","","","","","","","","","","","","","","","","","","","","","",5.,1,4.5,1,"","","","","","","","","","","","","","","","","","","","","","","","","","",97,1,"","","","","","","","","","","","",8.5,1,1006.9,1,"","","","","","",8,1,8,1,5,1,"","","","","","","","","","","","","","","","","","","","","","","","","","","","",6000,1,"","",61,1,6,1,"","","","","","","","","","",5,1,"","","","","","","","","","","","","","","","","","","","","","","","","","","","","","","","","","","","","","","","","","","","","","","","","","","","","",""
"50020001","PTE DE LA HAGUE",49.725167,-1.939833,6,1951022512,"","","","",16.,1,"","","","","","","","","","","","","","","","","","","","","","","","","","","","","","",5.6,1,4.2,1,"","","","","","","","","","","","","","","","","","","","","","","","","","",91,1,"","","","","","","","","","","","",8.3,1,1010.3,1,"","","","","","",8,1,8,1,5,1,"","","","","","","","","","","","","","","","","","","","","","","","","","","","",7000,1,"","",63,1,6,1,"","","","","","","","","","",5,1,"","","","","","","","","","","","","","","","","","","","","","","","","","","","","","","","","","","","","","","","","","","","","","","","","","","","","",""
"50020001","PTE DE LA HAGUE",49.725167,-1.939833,6,1951022515,"","","","",15.,1,"","","","","","","","","","","","","","","","","","","","","","","","","","","","","","",6.,1,3.3,1,"","","","","","","","","","","","","","","","","","","","","","","","","","",82,1,"","","","","","","","","","","","",7.8,1,1013.1,1,"","","","","","",8,1,8,1,5,1,"","","","","","","","","","","","","","","","","","","","","","","","","","","","",10000,1,"","",2,1,6,1,"","","","","","","","","","",5,1,"","","","","","","","","","","","","","","","","","","","","","","","","","","","","","","","","","","","","","","","","","","","","","","","","","","","","",""
"50020001","PTE DE LA HAGUE",49.725167,-1.939833,6,1951022518,"","","","",9.,1,"","","","","","","","","","","","","","","","","","","","","","","","","","","","","","",5.8,1,1.2,1,"","","","","","","","","","","","","","","","","","","","","","","","","","",73,1,"","","","","","","","","","","","",6.7,1,1016.2,1,"","","","","","",7,1,7,1,2,1,0,1,0,1,"","","","","","","","","","","","","","","","","","","","","","","","",10000,1,"","",2,1,6,1,"","","","","","","","","","",5,1,"","","","","","","","","","","","","","","","","","","","","","","","","","","","","","","","","","","","","","","","","","","","","","","","","","","","","",""
"50020001","PTE DE LA HAGUE",49.725167,-1.939833,6,1951022600,"","","","",3.,1,"","","","","","","","","","","","","","","","","","","","","","","","","","","","","","",5.4,1,1.2,1,"","","","","","","","","","","","","","","","","","","","","","","","","","",73,1,"","","","","","","","","","","","",6.7,1,1018.6,1,"","","","","","",4,1,0,1,1,1,4,1,2,1,"","","","","","","","","","","","","","","","","","","","","","","","",30000,1,"","",1,1,1,1,"","","","","","","","","","",4,1,"","","","","","","","","","","","","","","","","","","","","","","","","","","","","","","","","","","","","","","","","","","","","","","","","","","","","",""
"50020001","PTE DE LA HAGUE",49.725167,-1.939833,6,1951022606,"","","","",2.,1,"","","","","","","","","","","","","","","","","","","","","","","","","","","","","","",4.2,1,1.2,1,"","","","","","","","","","","","","","","","","","","","","","","","","","",83,1,"","","","","","","","","","","","",6.7,1,1018.2,1,"","","","","","",8,1,8,1,8,1,"","","","","","","","","","","","","","","","","","","","","","","","","","","","",35000,1,"","",80,1,"","","","","","","","","","","","",2,1,"","","","","","","","","","","","","","","","","","","","","","","","","","","","","","","","","","","","","","","","","","","","","","","","","","","","","",""
"50020001","PTE DE LA HAGUE",49.725167,-1.939833,6,1951022609,"","","","",4.,1,"","","","","","","","","","","","","","","","","","","","","","","","","","","","","","",5.4,1,1.8,1,"","","","","","","","","","","","","","","","","","","","","","","","","","",78,1,"","","","","","","","","","","","",7.,1,1018.3,1,"","","","","","",5,1,0,1,2,1,0,1,1,1,"","","","","","","","","","","","","","","","","","","","","","","","",32000,1,"","",2,1,8,1,"","","","","","","","","","",3,1,"","","","","","","","","","","","","","","","","","","","","","","","","","","","","","","","","","","","","","","","","","","","","","","","","","","","","",""
"50020001","PTE DE LA HAGUE",49.725167,-1.939833,6,1951022612,"","","","",5.,1,"","","","","","","","","","","","","","","","","","","","","","","","","","","","","","",6.8,1,2.4,1,"","","","","","","","","","","","","","","","","","","","","","","","","","",74,1,"","","","","","","","","","","","",7.3,1,1017.8,1,"","","","","","",8,1,8,1,8,1,"","","","","","","","","","","","","","","","","","","","","","","","","","","","",22000,1,"","",80,1,2,1,"","","","","","","","","","",3,1,"","","","","","","","","","","","","","","","","","","","","","","","","","","","","","","","","","","","","","","","","","","","","","","","","","","","","",""
"50020001","PTE DE LA HAGUE",49.725167,-1.939833,6,1951022615,"","","","",6.,1,"","","","","","","","","","","","","","","","","","","","","","","","","","","","","","",7.,1,4.5,1,"","","","","","","","","","","","","","","","","","","","","","","","","","",85,1,"","","","","","","","","","","","",8.5,1,1015.,1,"","","","","","",8,1,6,1,2,1,2,1,"","","","","","","","","","","","","","","","","","","","","","","","","","",24000,1,"","",21,1,6,1,"","","","","","","","","","",4,1,"","","","","","","","","","","","","","","","","","","","","","","","","","","","","","","","","","","","","","","","","","","","","","","","","","","","","",""
"50020001","PTE DE LA HAGUE",49.725167,-1.939833,6,1951022618,"","","","",6.,1,"","","","","","","","","","","","","","","","","","","","","","","","","","","","","","",6.3,1,5.1,1,"","","","","","","","","","","","","","","","","","","","","","","","","","",91,1,"","","","","","","","","","","","",8.9,1,1013.,1,"","","","","","",7,1,5,1,3,1,3,1,0,1,"","","","","","","","","","","","","","","","","","","","","","","","",30000,1,"","",81,1,8,1,"","","","","","","","","","",4,1,"","","","","","","","","","","","","","","","","","","","","","","","","","","","","","","","","","","","","","","","","","","","","","","","","","","","","",""
"50020001","PTE DE LA HAGUE",49.725167,-1.939833,6,1951022700,"","","","",7.,1,"","","","","","","","","","","","","","","","","","","","","","","","","","","","","","",7.2,1,4.3,1,"","","","","","","","","","","","","","","","","","","","","","","","","","",83,1,"","","","","","","","","","","","",8.4,1,1011.9,1,"","","","","","",7,1,7,1,2,1,0,1,0,1,"","","","","","","","","","","","","","","","","","","","","","","","",28000,1,"","",2,1,8,1,"","","","","","","","","","",4,1,"","","","","","","","","","","","","","","","","","","","","","","","","","","","","","","","","","","","","","","","","","","","","","","","","","","","","",""
"50020001","PTE DE LA HAGUE",49.725167,-1.939833,6,1951022706,"","","","",9.,1,"","","","","","","","","","","","","","","","","","","","","","","","","","","","","","",5.9,1,3.3,1,"","","","","","","","","","","","","","","","","","","","","","","","","","",82,1,"","","","","","","","","","","","",7.8,1,1011.9,1,"","","","","","",7,1,7,1,2,1,0,1,0,1,"","","","","","","","","","","","","","","","","","","","","","","","",35000,1,"","",2,1,"","","","","","","","","","","","",4,1,"","","","","","","","","","","","","","","","","","","","","","","","","","","","","","","","","","","","","","","","","","","","","","","","","","","","","",""
"50020001","PTE DE LA HAGUE",49.725167,-1.939833,6,1951022709,"","","","",11.,1,"","","","","","","","","","","","","","","","","","","","","","","","","","","","","","",5.8,1,1.4,1,"","","","","","","","","","","","","","","","","","","","","","","","","","",76,1,"","","","","","","","","","","","",6.8,1,1013.9,1,"","","","","","",8,1,8,1,8,1,"","","","","","","","","","","","","","","","","","","","","","","","","","","","",8000,1,"","",2,1,2,1,"","","","","","","","","","",5,1,"","","","","","","","","","","","","","","","","","","","","","","","","","","","","","","","","","","","","","","","","","","","","","","","","","","","","",""
"50020001","PTE DE LA HAGUE",49.725167,-1.939833,6,1951022712,"","","","",8.,1,"","","","","","","","","","","","","","","","","","","","","","","","","","","","","","",5.2,1,1.8,1,"","","","","","","","","","","","","","","","","","","","","","","","","","",78,1,"","","","","","","","","","","","",7.,1,1016.7,1,"","","","","","",8,1,8,1,8,1,"","","","","","","","","","","","","","","","","","","","","","","","","","","","",8000,1,"","",2,1,2,1,"","","","","","","","","","",5,1,"","","","","","","","","","","","","","","","","","","","","","","","","","","","","","","","","","","","","","","","","","","","","","","","","","","","","",""
"50020001","PTE DE LA HAGUE",49.725167,-1.939833,6,1951022715,"","","","",7.,1,"","","","","","","","","","","","","","","","","","","","","","","","","","","","","","",7.,1,2.2,1,"","","","","","","","","","","","","","","","","","","","","","","","","","",71,1,"","","","","","","","","","","","",7.2,1,1018.2,1,"","","","","","",7,1,7,1,2,1,0,1,0,1,"","","","","","","","","","","","","","","","","","","","","","","","",8000,1,"","",2,1,2,1,"","","","","","","","","","",4,1,"","","","","","","","","","","","","","","","","","","","","","","","","","","","","","","","","","","","","","","","","","","","","","","","","","","","","",""
"50020001","PTE DE LA HAGUE",49.725167,-1.939833,6,1951022718,"","","","",6.,1,"","","","","","","","","","","","","","","","","","","","","","","","","","","","","","",6.8,1,2.2,1,"","","","","","","","","","","","","","","","","","","","","","","","","","",71,1,"","","","","","","","","","","","",7.2,1,1020.7,1,"","","","","","",6,1,5,1,2,1,0,1,2,1,"","","","","","","","","","","","","","","","","","","","","","","","",8000,1,"","",2,1,2,1,"","","","","","","","","","",3,1,"","","","","","","","","","","","","","","","","","","","","","","","","","","","","","","","","","","","","","","","","","","","","","","","","","","","","",""
"50020001","PTE DE LA HAGUE",49.725167,-1.939833,6,1951022800,"","","","",2.,1,"","","","","","","","","","","","","","","","","","","","","","","","","","","","","","",6.6,1,2.8,1,"","","","","","","","","","","","","","","","","","","","","","","","","","",77,1,"","","","","","","","","","","","",7.5,1,1024.2,1,"","","","","","",1,1,0,1,2,1,0,1,0,1,"","","","","","","","","","","","","","","","","","","","","","","","",16000,1,"","",2,1,1,1,"","","","","","","","","","",3,1,"","","","","","","","","","","","","","","","","","","","","","","","","","","","","","","","","","","","","","","","","","","","","","","","","","","","","",""
"50020001","PTE DE LA HAGUE",49.725167,-1.939833,6,1951022806,"","","","",0.,1,"","","","","","","","","","","","","","","","","","","","","","","","","","","","","","",3.4,1,1.6,1,"","","","","","","","","","","","","","","","","","","","","","","","","","",87,1,"","","","","","","","","","","","",6.9,1,1025.7,1,"","","","","","",6,1,0,1,1,1,7,1,8,1,"","","","","","","","","","","","","","","","","","","","","","","","",7000,1,"","",2,1,1,1,"","","","","","","","","","",2,1,"","","","","","","","","","","","","","","","","","","","","","","","","","","","","","","","","","","","","","","","","","","","","","","","","","","","","",""
"50020001","PTE DE LA HAGUE",49.725167,-1.939833,6,1951022809,"","","","",1.,1,"","","","","","","","","","","","","","","","","","","","","","","","","","","","","","",6.,1,3.,1,"","","","","","","","","","","","","","","","","","","","","","","","","","",79,1,"","","","","","","","","","","","",7.6,1,1027.,1,"","","","","","",6,1,0,1,2,1,3,1,2,1,"","","","","","","","","","","","","","","","","","","","","","","","",8000,1,"","",2,1,2,1,"","","","","","","","","","",2,1,"","","","","","","","","","","","","","","","","","","","","","","","","","","","","","","","","","","","","","","","","","","","","","","","","","","","","",""
"50020001","PTE DE LA HAGUE",49.725167,-1.939833,6,1951022812,"","","","",1.,1,"","","","","","","","","","","","","","","","","","","","","","","","","","","","","","",7.2,1,2.2,1,"","","","","","","","","","","","","","","","","","","","","","","","","","",71,1,"","","","","","","","","","","","",7.2,1,1027.9,1,"","","","","","",7,1,7,1,2,1,4,1,0,1,"","","","","","","","","","","","","","","","","","","","","","","","",8000,1,"","",2,1,2,1,"","","","","","","","","","",2,1,"","","","","","","","","","","","","","","","","","","","","","","","","","","","","","","","","","","","","","","","","","","","","","","","","","","","","",""
"50020001","PTE DE LA HAGUE",49.725167,-1.939833,6,1951022815,"","","","",1.,1,"","","","","","","","","","","","","","","","","","","","","","","","","","","","","","",8.,1,3.,1,"","","","","","","","","","","","","","","","","","","","","","","","","","",70,1,"","","","","","","","","","","","",7.6,1,1027.5,1,"","","","","","",1,1,0,1,2,1,0,1,0,1,"","","","","","","","","","","","","","","","","","","","","","","","",10000,1,"","",1,1,2,1,"","","","","","","","","","",1,1,"","","","","","","","","","","","","","","","","","","","","","","","","","","","","","","","","","","","","","","","","","","","","","","","","","","","","",""
"50020001","PTE DE LA HAGUE",49.725167,-1.939833,6,1951022818,"","","","",1.,1,"","","","","","","","","","","","","","","","","","","","","","","","","","","","","","",6.6,1,0.,1,"","","","","","","","","","","","","","","","","","","","","","","","","","",62,1,"","","","","","","","","","","","",6.1,1,1027.5,1,"","","","","","",1,1,0,1,0,1,0,1,2,1,"","","","","","","","","","","","","","","","","","","","","","","","",13000,1,"","",2,1,1,1,"","","","","","","","","","",1,1,"","","","","","","","","","","","","","","","","","","","","","","","","","","","","","","","","","","","","","","","","","","","","","","","","","","","","",""
"50020001","PTE DE LA HAGUE",49.725167,-1.939833,6,1951030100,"","","","",1.,1,"","","","","","","","","","","","","","","","","","","","","","","","","","","","","","",2.4,1,1.,1,"","","","","","","","","","","","","","","","","","","","","","","","","","",90,1,"","","","","","","","","","","","",6.6,1,1028.7,1,"","","","","","",0,1,"","",0,1,0,1,0,1,"","","","","","","","","","","","","","","","","","","","","","","","",10000,1,"","",2,1,0,1,"","","","","","","","","","",2,1,"","","","","","","","","","","","","","","","","","","","","","","","","","","","","","","","","","","","","","","","","","","","","","","","","","","","","",""
"50020001","PTE DE LA HAGUE",49.725167,-1.939833,6,1951030106,"","","","",2.,1,"","","","","","","","","","","","","","","","","","","","","","","","","","","","","","",4.,1,1.6,1,"","","","","","","","","","","","","","","","","","","","","","","","","","",87,1,"","","","","","","","","","","","",6.9,1,1028.2,1,"","","","","","",1,1,0,1,2,1,0,1,0,1,"","","","","","","","","","","","","","","","","","","","","","","","",12000,1,"","",2,1,0,1,"","","","","","","","","","",2,1,"","","","","","","","","","","","","","","","","","","","","","","","","","","","","","","","","","","","","","","","","","","","","","","","","","","","","",""
"50020001","PTE DE LA HAGUE",49.725167,-1.939833,6,1951030109,"","","","",2.,1,"","","","","","","","","","","","","","","","","","","","","","","","","","","","","","",5.8,1,3.8,1,"","","","","","","","","","","","","","","","","","","","","","","","","","",88,1,"","","","","","","","","","","","",8.1,1,1028.7,1,"","","","","","",7,1,7,1,5,1,0,1,0,1,"","","","","","","","","","","","","","","","","","","","","","","","",7000,1,"","",2,1,1,1,"","","","","","","","","","",2,1,"","","","","","","","","","","","","","","","","","","","","","","","","","","","","","","","","","","","","","","","","","","","","","","","","","","","","",""
"50020001","PTE DE LA HAGUE",49.725167,-1.939833,6,1951030112,"","","","",4.,1,"","","","","","","","","","","","","","","","","","","","","","","","","","","","","","",7.1,1,4.5,1,"","","","","","","","","","","","","","","","","","","","","","","","","","",85,1,"","","","","","","","","","","","",8.5,1,1029.,1,"","","","","","",7,1,7,1,5,1,0,1,2,1,"","","","","","","","","","","","","","","","","","","","","","","","",5000,1,"","",2,1,2,1,"","","","","","","","","","",3,1,"","","","","","","","","","","","","","","","","","","","","","","","","","","","","","","","","","","","","","","","","","","","","","","","","","","","","",""
"50020001","PTE DE LA HAGUE",49.725167,-1.939833,6,1951030115,"","","","",4.,1,"","","","","","","","","","","","","","","","","","","","","","","","","","","","","","",7.8,1,3.5,1,"","","","","","","","","","","","","","","","","","","","","","","","","","",75,1,"","","","","","","","","","","","",7.9,1,1028.6,1,"","","","","","",7,1,7,1,5,1,0,1,0,1,"","","","","","","","","","","","","","","","","","","","","","","","",8000,1,"","",2,1,2,1,"","","","","","","","","","",3,1,"","","","","","","","","","","","","","","","","","","","","","","","","","","","","","","","","","","","","","","","","","","","","","","","","","","","","",""
"50020001","PTE DE LA HAGUE",49.725167,-1.939833,6,1951030118,"","","","",3.,1,"","","","","","","","","","","","","","","","","","","","","","","","","","","","","","",7.6,1,4.2,1,"","","","","","","","","","","","","","","","","","","","","","","","","","",80,1,"","","","","","","","","","","","",8.3,1,1027.8,1,"","","","","","",5,1,0,1,5,1,0,1,2,1,"","","","","","","","","","","","","","","","","","","","","","","","",14000,1,"","",1,1,2,1,"","","","","","","","","","",2,1,"","","","","","","","","","","","","","","","","","","","","","","","","","","","","","","","","","","","","","","","","","","","","","","","","","","","","",""
"50020001","PTE DE LA HAGUE",49.725167,-1.939833,6,1951030200,"","","","",5.,1,"","","","","","","","","","","","","","","","","","","","","","","","","","","","","","",8.,1,5.5,1,"","","","","","","","","","","","","","","","","","","","","","","","","","",83,1,"","","","","","","","","","","","",9.1,1,1027.1,1,"","","","","","",8,1,8,1,5,1,"","","","","","","","","","","","","","","","","","","","","","","","","","","","",12000,1,"","",2,1,"","","","","","","","","","","","",3,1,"","","","","","","","","","","","","","","","","","","","","","","","","","","","","","","","","","","","","","","","","","","","","","","","","","","","","",""
"50020001","PTE DE LA HAGUE",49.725167,-1.939833,6,1951030206,"","","","",5.,1,"","","","","","","","","","","","","","","","","","","","","","","","","","","","","","",8.,1,5.5,1,"","","","","","","","","","","","","","","","","","","","","","","","","","",83,1,"","","","","","","","","","","","",9.1,1,1023.9,1,"","","","","","",8,1,8,1,5,1,"","","","","","","","","","","","","","","","","","","","","","","","","","","","",14000,1,"","",2,1,2,1,"","","","","","","","","","",3,1,"","","","","","","","","","","","","","","","","","","","","","","","","","","","","","","","","","","","","","","","","","","","","","","","","","","","","",""
"50020001","PTE DE LA HAGUE",49.725167,-1.939833,6,1951030209,"","","","",5.,1,"","","","","","","","","","","","","","","","","","","","","","","","","","","","","","",7.8,1,6.1,1,"","","","","","","","","","","","","","","","","","","","","","","","","","",92,1,"","","","","","","","","","","","",9.5,1,1023.7,1,"","","","","","",8,1,8,1,6,1,"","","","","","","","","","","","","","","","","","","","","","","","","","","","",8000,1,"","",61,1,6,1,"","","","","","","","","","",3,1,"","","","","","","","","","","","","","","","","","","","","","","","","","","","","","","","","","","","","","","","","","","","","","","","","","","","","",""
"50020001","PTE DE LA HAGUE",49.725167,-1.939833,6,1951030212,"","","","",6.,1,"","","","","","","","","","","","","","","","","","","","","","","","","","","","","","",7.8,1,7.6,1,"","","","","","","","","","","","","","","","","","","","","","","","","","",97,1,"","","","","","","","","","","","",10.6,1,1023.1,1,"","","","","","",8,1,8,1,6,1,"","","","","","","","","","","","","","","","","","","","","","","","","","","","",2000,1,"","",53,1,6,1,"","","","","","","","","","",4,1,"","","","","","","","","","","","","","","","","","","","","","","","","","","","","","","","","","","","","","","","","","","","","","","","","","","","","",""
"50020001","PTE DE LA HAGUE",49.725167,-1.939833,6,1951030215,"","","","",5.,1,"","","","","","","","","","","","","","","","","","","","","","","","","","","","","","",8.,1,8.,1,"","","","","","","","","","","","","","","","","","","","","","","","","","",100,1,"","","","","","","","","","","","",10.7,1,1021.8,1,"","","","","","",8,1,8,1,6,1,"","","","","","","","","","","","","","","","","","","","","","","","","","","","",1500,1,"","",53,1,5,1,"","","","","","","","","","",3,1,"","","","","","","","","","","","","","","","","","","","","","","","","","","","","","","","","","","","","","","","","","","","","","","","","","","","","",""
"50020001","PTE DE LA HAGUE",49.725167,-1.939833,6,1951030218,"","","","",2.,1,"","","","","","","","","","","","","","","","","","","","","","","","","","","","","","",8.,1,8.,1,"","","","","","","","","","","","","","","","","","","","","","","","","","",100,1,"","","","","","","","","","","","",10.7,1,1020.9,1,"","","","","","",8,1,8,1,6,1,"","","","","","","","","","","","","","","","","","","","","","","","","","","","",1500,1,"","",53,1,5,1,"","","","","","","","","","",2,1,"","","","","","","","","","","","","","","","","","","","","","","","","","","","","","","","","","","","","","","","","","","","","","","","","","","","","",""
"50020001","PTE DE LA HAGUE",49.725167,-1.939833,6,1951030300,"","","","",8.,1,"","","","","","","","","","","","","","","","","","","","","","","","","","","","","","",6.2,1,3.5,1,"","","","","","","","","","","","","","","","","","","","","","","","","","",85,1,"","","","","","","","","","","","",7.9,1,1022.2,1,"","","","","","",8,1,8,1,6,1,"","","","","","","","","","","","","","","","","","","","","","","","","","","","",6000,1,"","",2,1,5,1,"","","","","","","","","","",4,1,"","","","","","","","","","","","","","","","","","","","","","","","","","","","","","","","","","","","","","","","","","","","","","","","","","","","","",""
"50020001","PTE DE LA HAGUE",49.725167,-1.939833,6,1951030306,"","","","",8.,1,"","","","","","","","","","","","","","","","","","","","","","","","","","","","","","",4.,1,-1.4,1,"","","","","","","","","","","","","","","","","","","","","","","","","","",67,1,"","","","","","","","","","","","",5.5,1,1023.3,1,"","","","","","",7,1,7,1,5,1,0,1,0,1,"","","","","","","","","","","","","","","","","","","","","","","","",14000,1,"","",2,1,2,1,"","","","","","","","","","",4,1,"","","","","","","","","","","","","","","","","","","","","","","","","","","","","","","","","","","","","","","","","","","","","","","","","","","","","",""
"50020001","PTE DE LA HAGUE",49.725167,-1.939833,6,1951030309,"","","","",10.,1,"","","","","","","","","","","","","","","","","","","","","","","","","","","","","","",3.8,1,-2.4,1,"","","","","","","","","","","","","","","","","","","","","","","","","","",64,1,"","","","","","","","","","","","",5.1,1,1024.7,1,"","","","","","",7,1,7,1,5,1,0,1,0,1,"","","","","","","","","","","","","","","","","","","","","","","","",14000,1,"","",2,1,2,1,"","","","","","","","","","",5,1,"","","","","","","","","","","","","","","","","","","","","","","","","","","","","","","","","","","","","","","","","","","","","","","","","","","","","",""
"50020001","PTE DE LA HAGUE",49.725167,-1.939833,6,1951030312,"","","","",10.,1,"","","","","","","","","","","","","","","","","","","","","","","","","","","","","","",4.8,1,0.2,1,"","","","","","","","","","","","","","","","","","","","","","","","","","",69,1,"","","","","","","","","","","","",6.2,1,1025.3,1,"","","","","","",7,1,7,1,2,1,0,1,0,1,"","","","","","","","","","","","","","","","","","","","","","","","",8000,1,"","",2,1,2,1,"","","","","","","","","","",5,1,"","","","","","","","","","","","","","","","","","","","","","","","","","","","","","","","","","","","","","","","","","","","","","","","","","","","","",""
"50020001","PTE DE LA HAGUE",49.725167,-1.939833,6,1951030315,"","","","",11.,1,"","","","","","","","","","","","","","","","","","","","","","","","","","","","","","",5.,1,0.2,1,"","","","","","","","","","","","","","","","","","","","","","","","","","",69,1,"","","","","","","","","","","","",6.2,1,1025.3,1,"","","","","","",7,1,7,1,2,1,0,1,0,1,"","","","","","","","","","","","","","","","","","","","","","","","",6000,1,"","",2,1,2,1,"","","","","","","","","","",5,1,"","","","","","","","","","","","","","","","","","","","","","","","","","","","","","","","","","","","","","","","","","","","","","","","","","","","","",""
"50020001","PTE DE LA HAGUE",49.725167,-1.939833,6,1951030318,"","","","",10.,1,"","","","","","","","","","","","","","","","","","","","","","","","","","","","","","",5.,1,0.2,1,"","","","","","","","","","","","","","","","","","","","","","","","","","",69,1,"","","","","","","","","","","","",6.2,1,1025.,1,"","","","","","",7,1,7,1,2,1,0,1,0,1,"","","","","","","","","","","","","","","","","","","","","","","","",10000,1,"","",2,1,2,1,"","","","","","","","","","",5,1,"","","","","","","","","","","","","","","","","","","","","","","","","","","","","","","","","","","","","","","","","","","","","","","","","","","","","",""
"50020001","PTE DE LA HAGUE",49.725167,-1.939833,6,1951030400,"","","","",11.,1,"","","","","","","","","","","","","","","","","","","","","","","","","","","","","","",5.,1,0.4,1,"","","","","","","","","","","","","","","","","","","","","","","","","","",74,1,"","","","","","","","","","","","",6.3,1,1025.1,1,"","","","","","",8,1,8,1,2,1,"","","","","","","","","","","","","","","","","","","","","","","","","","","","",10000,1,"","",2,1,2,1,"","","","","","","","","","",5,1,"","","","","","","","","","","","","","","","","","","","","","","","","","","","","","","","","","","","","","","","","","","","","","","","","","","","","",""
"50020001","PTE DE LA HAGUE",49.725167,-1.939833,6,1951030406,"","","","",9.,1,"","","","","","","","","","","","","","","","","","","","","","","","","","","","","","",3.8,1,-0.5,1,"","","","","","","","","","","","","","","","","","","","","","","","","","",73,1,"","","","","","","","","","","","",5.9,1,1024.9,1,"","","","","","",8,1,8,1,5,1,"","","","","","","","","","","","","","","","","","","","","","","","","","","","",10000,1,"","",2,1,2,1,"","","","","","","","","","",5,1,"","","","","","","","","","","","","","","","","","","","","","","","","","","","","","","","","","","","","","","","","","","","","","","","","","","","","",""
"50020001","PTE DE LA HAGUE",49.725167,-1.939833,6,1951030409,"","","","",9.,1,"","","","","","","","","","","","","","","","","","","","","","","","","","","","","","",4.8,1,0.4,1,"","","","","","","","","","","","","","","","","","","","","","","","","","",74,1,"","","","","","","","","","","","",6.3,1,1024.5,1,"","","","","","",7,1,7,1,5,1,0,1,0,1,"","","","","","","","","","","","","","","","","","","","","","","","",14000,1,"","",2,1,2,1,"","","","","","","","","","",4,1,"","","","","","","","","","","","","","","","","","","","","","","","","","","","","","","","","","","","","","","","","","","","","","","","","","","","","",""
"50020001","PTE DE LA HAGUE",49.725167,-1.939833,6,1951030412,"","","","",10.,1,"","","","","","","","","","","","","","","","","","","","","","","","","","","","","","",5.,1,0.4,1,"","","","","","","","","","","","","","","","","","","","","","","","","","",74,1,"","","","","","","","","","","","",6.3,1,1024.1,1,"","","","","","",8,1,8,1,5,1,"","","","","","","","","","","","","","","","","","","","","","","","","","","","",18000,1,"","",2,1,2,1,"","","","","","","","","","",5,1,"","","","","","","","","","","","","","","","","","","","","","","","","","","","","","","","","","","","","","","","","","","","","","","","","","","","","",""
"50020001","PTE DE LA HAGUE",49.725167,-1.939833,6,1951030415,"","","","",10.,1,"","","","","","","","","","","","","","","","","","","","","","","","","","","","","","",5.2,1,1.8,1,"","","","","","","","","","","","","","","","","","","","","","","","","","",78,1,"","","","","","","","","","","","",7.,1,1023.1,1,"","","","","","",7,1,7,1,5,1,0,1,0,1,"","","","","","","","","","","","","","","","","","","","","","","","",10000,1,"","",2,1,2,1,"","","","","","","","","","",5,1,"","","","","","","","","","","","","","","","","","","","","","","","","","","","","","","","","","","","","","","","","","","","","","","","","","","","","",""
"50020001","PTE DE LA HAGUE",49.725167,-1.939833,6,1951030418,"","","","",8.,1,"","","","","","","","","","","","","","","","","","","","","","","","","","","","","","",5.8,1,1.8,1,"","","","","","","","","","","","","","","","","","","","","","","","","","",78,1,"","","","","","","","","","","","",7.,1,1022.1,1,"","","","","","",6,1,5,1,2,1,0,1,2,1,"","","","","","","","","","","","","","","","","","","","","","","","",10000,1,"","",2,1,1,1,"","","","","","","","","","",4,1,"","","","","","","","","","","","","","","","","","","","","","","","","","","","","","","","","","","","","","","","","","","","","","","","","","","","","",""
"50020001","PTE DE LA HAGUE",49.725167,-1.939833,6,1951030500,"","","","",5.,1,"","","","","","","","","","","","","","","","","","","","","","","","","","","","","","",4.8,1,2.6,1,"","","","","","","","","","","","","","","","","","","","","","","","","","",84,1,"","","","","","","","","","","","",7.4,1,1021.4,1,"","","","","","",3,1,0,1,5,1,0,1,0,1,"","","","","","","","","","","","","","","","","","","","","","","","",12000,1,"","",2,1,0,1,"","","","","","","","","","",3,1,"","","","","","","","","","","","","","","","","","","","","","","","","","","","","","","","","","","","","","","","","","","","","","","","","","","","","",""
"50020001","PTE DE LA HAGUE",49.725167,-1.939833,6,1951030506,"","","","",1.,1,"","","","","","","","","","","","","","","","","","","","","","","","","","","","","","",1.6,1,0.,1,"","","","","","","","","","","","","","","","","","","","","","","","","","",89,1,"","","","","","","","","","","","",6.1,1,1019.7,1,"","","","","","",1,1,0,1,0,1,0,1,2,1,"","","","","","","","","","","","","","","","","","","","","","","","",6000,1,"","",2,1,0,1,"","","","","","","","","","",2,1,"","","","","","","","","","","","","","","","","","","","","","","","","","","","","","","","","","","","","","","","","","","","","","","","","","","","","",""
"50020001","PTE DE LA HAGUE",49.725167,-1.939833,6,1951030509,"","","","",1.,1,"","","","","","","","","","","","","","","","","","","","","","","","","","","","","","",4.8,1,3.1,1,"","","","","","","","","","","","","","","","","","","","","","","","","","",90,1,"","","","","","","","","","","","",7.7,1,1019.8,1,"","","","","","",7,1,6,1,5,1,0,1,2,1,"","","","","","","","","","","","","","","","","","","","","","","","",8000,1,"","",2,1,1,1,"","","","","","","","","","",2,1,"","","","","","","","","","","","","","","","","","","","","","","","","","","","","","","","","","","","","","","","","","","","","","","","","","","","","",""
"50020001","PTE DE LA HAGUE",49.725167,-1.939833,6,1951030512,"","","","",1.,1,"","","","","","","","","","","","","","","","","","","","","","","","","","","","","","",7.4,1,4.2,1,"","","","","","","","","","","","","","","","","","","","","","","","","","",80,1,"","","","","","","","","","","","",8.3,1,1019.4,1,"","","","","","",8,1,8,1,0,1,0,1,7,1,"","","","","","","","","","","","","","","","","","","","","","","","",11000,1,"","",2,1,2,1,"","","","","","","","","","",2,1,"","","","","","","","","","","","","","","","","","","","","","","","","","","","","","","","","","","","","","","","","","","","","","","","","","","","","",""
"50020001","PTE DE LA HAGUE",49.725167,-1.939833,6,1951030515,"","","","",1.,1,"","","","","","","","","","","","","","","","","","","","","","","","","","","","","","",7.6,1,3.8,1,"","","","","","","","","","","","","","","","","","","","","","","","","","",77,1,"","","","","","","","","","","","",8.1,1,1017.8,1,"","","","","","",8,1,8,1,1,1,0,1,7,1,"","","","","","","","","","","","","","","","","","","","","","","","",14000,1,"","",2,1,2,1,"","","","","","","","","","",2,1,"","","","","","","","","","","","","","","","","","","","","","","","","","","","","","","","","","","","","","","","","","","","","","","","","","","","","",""
"50020001","PTE DE LA HAGUE",49.725167,-1.939833,6,1951030518,"","","","",1.,1,"","","","","","","","","","","","","","","","","","","","","","","","","","","","","","",6.6,1,3.3,1,"","","","","","","","","","","","","","","","","","","","","","","","","","",82,1,"","","","","","","","","","","","",7.8,1,1017.,1,"","","","","","",8,1,8,1,0,1,4,1,7,1,"","","","","","","","","","","","","","","","","","","","","","","","",12000,1,"","",2,1,2,1,"","","","","","","","","","",2,1,"","","","","","","","","","","","","","","","","","","","","","","","","","","","","","","","","","","","","","","","","","","","","","","","","","","","","",""
"50020001","PTE DE LA HAGUE",49.725167,-1.939833,6,1951030600,"","","","",2.,1,"","","","","","","","","","","","","","","","","","","","","","","","","","","","","","",6.2,1,3.3,1,"","","","","","","","","","","","","","","","","","","","","","","","","","",82,1,"","","","","","","","","","","","",7.8,1,1015.,1,"","","","","","",8,1,8,1,5,1,"","","","","","","","","","","","","","","","","","","","","","","","","","","","",11000,1,"","",2,1,2,1,"","","","","","","","","","",2,1,"","","","","","","","","","","","","","","","","","","","","","","","","","","","","","","","","","","","","","","","","","","","","","","","","","","","","",""
"50020001","PTE DE LA HAGUE",49.725167,-1.939833,6,1951030606,"","","","",3.,1,"","","","","","","","","","","","","","","","","","","","","","","","","","","","","","",6.,1,3.5,1,"","","","","","","","","","","","","","","","","","","","","","","","","","",85,1,"","","","","","","","","","","","",7.9,1,1011.1,1,"","","","","","",7,1,7,1,2,1,0,1,0,1,"","","","","","","","","","","","","","","","","","","","","","","","",13000,1,"","",2,1,2,1,"","","","","","","","","","",3,1,"","","","","","","","","","","","","","","","","","","","","","","","","","","","","","","","","","","","","","","","","","","","","","","","","","","","","",""
"50020001","PTE DE LA HAGUE",49.725167,-1.939833,6,1951030609,"","","","",6.,1,"","","","","","","","","","","","","","","","","","","","","","","","","","","","","","",6.4,1,5.1,1,"","","","","","","","","","","","","","","","","","","","","","","","","","",91,1,"","","","","","","","","","","","",8.9,1,1009.8,1,"","","","","","",8,1,0,1,6,1,7,1,"","","","","","","","","","","","","","","","","","","","","","","","","","",7000,1,"","",2,1,2,1,"","","","","","","","","","",4,1,"","","","","","","","","","","","","","","","","","","","","","","","","","","","","","","","","","","","","","","","","","","","","","","","","","","","","",""
"50020001","PTE DE LA HAGUE",49.725167,-1.939833,6,1951030612,"","","","",1.,1,"","","","","","","","","","","","","","","","","","","","","","","","","","","","","","",7.,1,5.1,1,"","","","","","","","","","","","","","","","","","","","","","","","","","",91,1,"","","","","","","","","","","","",8.9,1,1009.,1,"","","","","","",7,1,6,1,5,1,0,1,2,1,"","","","","","","","","","","","","","","","","","","","","","","","",18000,1,"","",60,1,2,1,"","","","","","","","","","",2,1,"","","","","","","","","","","","","","","","","","","","","","","","","","","","","","","","","","","","","","","","","","","","","","","","","","","","","",""
"50020001","PTE DE LA HAGUE",49.725167,-1.939833,6,1951030615,"","","","",5.,1,"","","","","","","","","","","","","","","","","","","","","","","","","","","","","","",6.4,1,5.3,1,"","","","","","","","","","","","","","","","","","","","","","","","","","",94,1,"","","","","","","","","","","","",9.,1,1006.2,1,"","","","","","",8,1,0,1,8,1,7,1,"","","","","","","","","","","","","","","","","","","","","","","","","","",16000,1,"","",50,1,6,1,"","","","","","","","","","",3,1,"","","","","","","","","","","","","","","","","","","","","","","","","","","","","","","","","","","","","","","","","","","","","","","","","","","","","",""
"50020001","PTE DE LA HAGUE",49.725167,-1.939833,6,1951030618,"","","","",2.,1,"","","","","","","","","","","","","","","","","","","","","","","","","","","","","","",6.,1,3.5,1,"","","","","","","","","","","","","","","","","","","","","","","","","","",85,1,"","","","","","","","","","","","",7.9,1,1004.9,1,"","","","","","",8,1,5,1,8,1,9,1,2,1,"","","","","","","","","","","","","","","","","","","","","","","","",30000,1,"","",2,1,6,1,"","","","","","","","","","",3,1,"","","","","","","","","","","","","","","","","","","","","","","","","","","","","","","","","","","","","","","","","","","","","","","","","","","","","",""
"50020001","PTE DE LA HAGUE",49.725167,-1.939833,6,1951030700,"","","","",5.,1,"","","","","","","","","","","","","","","","","","","","","","","","","","","","","","",6.,1,4.2,1,"","","","","","","","","","","","","","","","","","","","","","","","","","",91,1,"","","","","","","","","","","","",8.3,1,1000.1,1,"","","","","","",6,1,0,1,2,1,0,1,2,1,"","","","","","","","","","","","","","","","","","","","","","","","",11000,1,"","",2,1,5,1,"","","","","","","","","","",3,1,"","","","","","","","","","","","","","","","","","","","","","","","","","","","","","","","","","","","","","","","","","","","","","","","","","","","","",""
"50020001","PTE DE LA HAGUE",49.725167,-1.939833,6,1951030706,"","","","",8.,1,"","","","","","","","","","","","","","","","","","","","","","","","","","","","","","",6.4,1,5.1,1,"","","","","","","","","","","","","","","","","","","","","","","","","","",91,1,"","","","","","","","","","","","",8.9,1,991.1,1,"","","","","","",8,1,5,1,7,1,2,1,"","","","","","","","","","","","","","","","","","","","","","","","","","",11000,1,"","",61,1,6,1,"","","","","","","","","","",4,1,"","","","","","","","","","","","","","","","","","","","","","","","","","","","","","","","","","","","","","","","","","","","","","","","","","","","","",""
"50020001","PTE DE LA HAGUE",49.725167,-1.939833,6,1951030709,"","","","",5.,1,"","","","","","","","","","","","","","","","","","","","","","","","","","","","","","",6.,1,3.5,1,"","","","","","","","","","","","","","","","","","","","","","","","","","",85,1,"","","","","","","","","","","","",7.9,1,992.2,1,"","","","","","",8,1,7,1,5,1,2,1,"","","","","","","","","","","","","","","","","","","","","","","","","","",21000,1,"","",60,1,6,1,"","","","","","","","","","",4,1,"","","","","","","","","","","","","","","","","","","","","","","","","","","","","","","","","","","","","","","","","","","","","","","","","","","","","",""
"50020001","PTE DE LA HAGUE",49.725167,-1.939833,6,1951030712,"","","","",2.,1,"","","","","","","","","","","","","","","","","","","","","","","","","","","","","","",6.8,1,2.4,1,"","","","","","","","","","","","","","","","","","","","","","","","","","",74,1,"","","","","","","","","","","","",7.3,1,994.4,1,"","","","","","",8,1,5,1,8,1,7,1,"","","","","","","","","","","","","","","","","","","","","","","","","","",42000,1,"","",2,1,6,1,"","","","","","","","","","",3,1,"","","","","","","","","","","","","","","","","","","","","","","","","","","","","","","","","","","","","","","","","","","","","","","","","","","","","",""
"50020001","PTE DE LA HAGUE",49.725167,-1.939833,6,1951030715,"","","","",2.,1,"","","","","","","","","","","","","","","","","","","","","","","","","","","","","","",5.6,1,1.8,1,"","","","","","","","","","","","","","","","","","","","","","","","","","",78,1,"","","","","","","","","","","","",7.,1,994.4,1,"","","","","","",8,1,5,1,3,1,7,1,"","","","","","","","","","","","","","","","","","","","","","","","","","",30000,1,"","",80,1,2,1,"","","","","","","","","","",3,1,"","","","","","","","","","","","","","","","","","","","","","","","","","","","","","","","","","","","","","","","","","","","","","","","","","","","","",""
"50020001","PTE DE LA HAGUE",49.725167,-1.939833,6,1951030718,"","","","",1.,1,"","","","","","","","","","","","","","","","","","","","","","","","","","","","","","",4.6,1,3.1,1,"","","","","","","","","","","","","","","","","","","","","","","","","","",90,1,"","","","","","","","","","","","",7.7,1,994.7,1,"","","","","","",8,1,0,1,3,1,9,1,2,1,"","","","","","","","","","","","","","","","","","","","","","","","",30000,1,"","",25,1,8,1,"","","","","","","","","","",3,1,"","","","","","","","","","","","","","","","","","","","","","","","","","","","","","","","","","","","","","","","","","","","","","","","","","","","","",""
"50020001","PTE DE LA HAGUE",49.725167,-1.939833,6,1951030800,"","","","",1.,1,"","","","","","","","","","","","","","","","","","","","","","","","","","","","","","",5.,1,3.1,1,"","","","","","","","","","","","","","","","","","","","","","","","","","",90,1,"","","","","","","","","","","","",7.7,1,994.6,1,"","","","","","",8,1,8,1,5,1,"","","","","","","","","","","","","","","","","","","","","","","","","","","","",25000,1,"","",51,1,"","","","","","","","","","","","",3,1,"","","","","","","","","","","","","","","","","","","","","","","","","","","","","","","","","","","","","","","","","","","","","","","","","","","","","",""
"50020001","PTE DE LA HAGUE",49.725167,-1.939833,6,1951030806,"","","","",0.,1,"","","","","","","","","","","","","","","","","","","","","","","","","","","","","","",3.,1,2.6,1,"","","","","","","","","","","","","","","","","","","","","","","","","","",97,1,"","","","","","","","","","","","",7.4,1,994.3,1,"","","","","","",7,1,5,1,5,1,7,1,0,1,"","","","","","","","","","","","","","","","","","","","","","","","",22000,1,"","",2,1,6,1,"","","","","","","","","","",3,1,"","","","","","","","","","","","","","","","","","","","","","","","","","","","","","","","","","","","","","","","","","","","","","","","","","","","","",""
"50020001","PTE DE LA HAGUE",49.725167,-1.939833,6,1951030809,"","","","",1.,1,"","","","","","","","","","","","","","","","","","","","","","","","","","","","","","",6.4,1,4.8,1,"","","","","","","","","","","","","","","","","","","","","","","","","","",88,1,"","","","","","","","","","","","",8.7,1,993.9,1,"","","","","","",7,1,5,1,2,1,4,1,4,1,"","","","","","","","","","","","","","","","","","","","","","","","",16000,1,"","",2,1,1,1,"","","","","","","","","","",3,1,"","","","","","","","","","","","","","","","","","","","","","","","","","","","","","","","","","","","","","","","","","","","","","","","","","","","","",""
"50020001","PTE DE LA HAGUE",49.725167,-1.939833,6,1951030812,"","","","",4.,1,"","","","","","","","","","","","","","","","","","","","","","","","","","","","","","",7.8,1,4.2,1,"","","","","","","","","","","","","","","","","","","","","","","","","","",80,1,"","","","","","","","","","","","",8.3,1,994.1,1,"","","","","","",7,1,5,1,5,1,3,1,2,1,"","","","","","","","","","","","","","","","","","","","","","","","",7000,1,"","",2,1,1,1,"","","","","","","","","","",3,1,"","","","","","","","","","","","","","","","","","","","","","","","","","","","","","","","","","","","","","","","","","","","","","","","","","","","","",""
"50020001","PTE DE LA HAGUE",49.725167,-1.939833,6,1951030815,"","","","",7.,1,"","","","","","","","","","","","","","","","","","","","","","","","","","","","","","",7.2,1,4.3,1,"","","","","","","","","","","","","","","","","","","","","","","","","","",83,1,"","","","","","","","","","","","",8.3,1,994.1,1,"","","","","","",8,1,7,1,6,1,7,1,"","","","","","","","","","","","","","","","","","","","","","","","","","",4000,1,"","",10,1,2,1,"","","","","","","","","","",4,1,"","","","","","","","","","","","","","","","","","","","","","","","","","","","","","","","","","","","","","","","","","","","","","","","","","","","","",""
"50020001","PTE DE LA HAGUE",49.725167,-1.939833,6,1951030818,"","","","",10.,1,"","","","","","","","","","","","","","","","","","","","","","","","","","","","","","",6.2,1,3.3,1,"","","","","","","","","","","","","","","","","","","","","","","","","","",82,1,"","","","","","","","","","","","",7.7,1,994.6,1,"","","","","","",8,1,8,1,5,1,"","","","","","","","","","","","","","","","","","","","","","","","","","","","",4000,1,"","",10,1,2,1,"","","","","","","","","","",4,1,"","","","","","","","","","","","","","","","","","","","","","","","","","","","","","","","","","","","","","","","","","","","","","","","","","","","","",""
"50020001","PTE DE LA HAGUE",49.725167,-1.939833,6,1951030900,"","","","",8.,1,"","","","","","","","","","","","","","","","","","","","","","","","","","","","","","",5.4,1,3.8,1,"","","","","","","","","","","","","","","","","","","","","","","","","","",88,1,"","","","","","","","","","","","",8.1,1,995.9,1,"","","","","","",8,1,8,1,5,1,"","","","","","","","","","","","","","","","","","","","","","","","","","","","",10000,1,"","",50,1,2,1,"","","","","","","","","","",5,1,"","","","","","","","","","","","","","","","","","","","","","","","","","","","","","","","","","","","","","","","","","","","","","","","","","","","","",""
"50020001","PTE DE LA HAGUE",49.725167,-1.939833,6,1951030906,"","","","",11.,1,"","","","","","","","","","","","","","","","","","","","","","","","","","","","","","",4.6,1,3.3,1,"","","","","","","","","","","","","","","","","","","","","","","","","","",94,1,"","","","","","","","","","","","",7.8,1,995.4,1,"","","","","","",8,1,7,1,7,1,2,1,"","","","","","","","","","","","","","","","","","","","","","","","","","",6000,1,"","",51,1,6,1,"","","","","","","","","","",5,1,"","","","","","","","","","","","","","","","","","","","","","","","","","","","","","","","","","","","","","","","","","","","","","","","","","","","","",""
"50020001","PTE DE LA HAGUE",49.725167,-1.939833,6,1951030909,"","","","",10.,1,"","","","","","","","","","","","","","","","","","","","","","","","","","","","","","",5.,1,2.6,1,"","","","","","","","","","","","","","","","","","","","","","","","","","",84,1,"","","","","","","","","","","","",7.4,1,996.3,1,"","","","","","",8,1,7,1,7,1,2,1,"","","","","","","","","","","","","","","","","","","","","","","","","","",8000,1,"","",61,1,6,1,"","","","","","","","","","",5,1,"","","","","","","","","","","","","","","","","","","","","","","","","","","","","","","","","","","","","","","","","","","","","","","","","","","","","",""
"50020001","PTE DE LA HAGUE",49.725167,-1.939833,6,1951030912,"","","","",12.,1,"","","","","","","","","","","","","","","","","","","","","","","","","","","","","","",4.8,1,2.6,1,"","","","","","","","","","","","","","","","","","","","","","","","","","",84,1,"","","","","","","","","","","","",7.4,1,996.7,1,"","","","","","",8,1,8,1,5,1,"","","","","","","","","","","","","","","","","","","","","","","","","","","","",13000,1,"","",60,1,6,1,"","","","","","","","","","",5,1,"","","","","","","","","","","","","","","","","","","","","","","","","","","","","","","","","","","","","","","","","","","","","","","","","","","","","",""
"50020001","PTE DE LA HAGUE",49.725167,-1.939833,6,1951030915,"","","","",9.,1,"","","","","","","","","","","","","","","","","","","","","","","","","","","","","","",4.6,1,2.8,1,"","","","","","","","","","","","","","","","","","","","","","","","","","",87,1,"","","","","","","","","","","","",7.5,1,997.8,1,"","","","","","",8,1,8,1,5,1,"","","","","","","","","","","","","","","","","","","","","","","","","","","","",7000,1,"","",2,1,2,1,"","","","","","","","","","",5,1,"","","","","","","","","","","","","","","","","","","","","","","","","","","","","","","","","","","","","","","","","","","","","","","","","","","","","",""
"50020001","PTE DE LA HAGUE",49.725167,-1.939833,6,1951030918,"","","","",7.,1,"","","","","","","","","","","","","","","","","","","","","","","","","","","","","","",4.4,1,2.8,1,"","","","","","","","","","","","","","","","","","","","","","","","","","",87,1,"","","","","","","","","","","","",7.5,1,998.7,1,"","","","","","",8,1,8,1,5,1,"","","","","","","","","","","","","","","","","","","","","","","","","","","","",7000,1,"","",50,1,5,1,"","","","","","","","","","",5,1,"","","","","","","","","","","","","","","","","","","","","","","","","","","","","","","","","","","","","","","","","","","","","","","","","","","","","",""
"50020001","PTE DE LA HAGUE",49.725167,-1.939833,6,1951031000,"","","","",3.,1,"","","","","","","","","","","","","","","","","","","","","","","","","","","","","","",4.4,1,2.8,1,"","","","","","","","","","","","","","","","","","","","","","","","","","",87,1,"","","","","","","","","","","","",7.5,1,999.5,1,"","","","","","",8,1,8,1,5,1,"","","","","","","","","","","","","","","","","","","","","","","","","","","","",8000,1,"","",2,1,2,1,"","","","","","","","","","",4,1,"","","","","","","","","","","","","","","","","","","","","","","","","","","","","","","","","","","","","","","","","","","","","","","","","","","","","",""
"50020001","PTE DE LA HAGUE",49.725167,-1.939833,6,1951031006,"","","","",3.,1,"","","","","","","","","","","","","","","","","","","","","","","","","","","","","","",4.,1,1.6,1,"","","","","","","","","","","","","","","","","","","","","","","","","","",87,1,"","","","","","","","","","","","",6.9,1,999.5,1,"","","","","","",8,1,8,1,6,1,"","","","","","","","","","","","","","","","","","","","","","","","","","","","",6000,1,"","",2,1,2,1,"","","","","","","","","","",3,1,"","","","","","","","","","","","","","","","","","","","","","","","","","","","","","","","","","","","","","","","","","","","","","","","","","","","","",""
"50020001","PTE DE LA HAGUE",49.725167,-1.939833,6,1951031009,"","","","",2.,1,"","","","","","","","","","","","","","","","","","","","","","","","","","","","","","",4.2,1,1.2,1,"","","","","","","","","","","","","","","","","","","","","","","","","","",83,1,"","","","","","","","","","","","",6.7,1,999.5,1,"","","","","","",8,1,8,1,6,1,"","","","","","","","","","","","","","","","","","","","","","","","","","","","",6000,1,"","",2,1,2,1,"","","","","","","","","","",2,1,"","","","","","","","","","","","","","","","","","","","","","","","","","","","","","","","","","","","","","","","","","","","","","","","","","","","","",""
"50020001","PTE DE LA HAGUE",49.725167,-1.939833,6,1951031012,"","","","",2.,1,"","","","","","","","","","","","","","","","","","","","","","","","","","","","","","",4.8,1,2.6,1,"","","","","","","","","","","","","","","","","","","","","","","","","","",84,1,"","","","","","","","","","","","",7.4,1,999.4,1,"","","","","","",8,1,8,1,6,1,"","","","","","","","","","","","","","","","","","","","","","","","","","","","",5000,1,"","",2,1,2,1,"","","","","","","","","","",2,1,"","","","","","","","","","","","","","","","","","","","","","","","","","","","","","","","","","","","","","","","","","","","","","","","","","","","","",""
"50020001","PTE DE LA HAGUE",49.725167,-1.939833,6,1951031015,"","","","",2.,1,"","","","","","","","","","","","","","","","","","","","","","","","","","","","","","",5.,1,2.6,1,"","","","","","","","","","","","","","","","","","","","","","","","","","",84,1,"","","","","","","","","","","","",7.4,1,998.1,1,"","","","","","",8,1,8,1,6,1,"","","","","","","","","","","","","","","","","","","","","","","","","","","","",5000,1,"","",50,1,2,1,"","","","","","","","","","",2,1,"","","","","","","","","","","","","","","","","","","","","","","","","","","","","","","","","","","","","","","","","","","","","","","","","","","","","",""
"50020001","PTE DE LA HAGUE",49.725167,-1.939833,6,1951031018,"","","","",3.,1,"","","","","","","","","","","","","","","","","","","","","","","","","","","","","","",4.6,1,3.1,1,"","","","","","","","","","","","","","","","","","","","","","","","","","",90,1,"","","","","","","","","","","","",7.7,1,996.6,1,"","","","","","",8,1,8,1,6,1,"","","","","","","","","","","","","","","","","","","","","","","","","","","","",5000,1,"","",50,1,5,1,"","","","","","","","","","",2,1,"","","","","","","","","","","","","","","","","","","","","","","","","","","","","","","","","","","","","","","","","","","","","","","","","","","","","",""
"50020001","PTE DE LA HAGUE",49.725167,-1.939833,6,1951031100,"","","","",2.,1,"","","","","","","","","","","","","","","","","","","","","","","","","","","","","","",4.,1,3.7,1,"","","","","","","","","","","","","","","","","","","","","","","","","","",97,1,"","","","","","","","","","","","",8.,1,993.3,1,"","","","","","",8,1,8,1,6,1,"","","","","","","","","","","","","","","","","","","","","","","","","","","","",6000,1,"","",2,1,2,1,"","","","","","","","","","",3,1,"","","","","","","","","","","","","","","","","","","","","","","","","","","","","","","","","","","","","","","","","","","","","","","","","","","","","",""
"50020001","PTE DE LA HAGUE",49.725167,-1.939833,6,1951031106,"","","","",1.,1,"","","","","","","","","","","","","","","","","","","","","","","","","","","","","","",4.,1,3.3,1,"","","","","","","","","","","","","","","","","","","","","","","","","","",94,1,"","","","","","","","","","","","",7.8,1,989.5,1,"","","","","","",8,1,8,1,6,1,"","","","","","","","","","","","","","","","","","","","","","","","","","","","",5000,1,"","",50,1,5,1,"","","","","","","","","","",2,1,"","","","","","","","","","","","","","","","","","","","","","","","","","","","","","","","","","","","","","","","","","","","","","","","","","","","","",""
"50020001","PTE DE LA HAGUE",49.725167,-1.939833,6,1951031109,"","","","",1.,1,"","","","","","","","","","","","","","","","","","","","","","","","","","","","","","",5.4,1,4.3,1,"","","","","","","","","","","","","","","","","","","","","","","","","","",94,1,"","","","","","","","","","","","",8.4,1,989.,1,"","","","","","",8,1,8,1,6,1,"","","","","","","","","","","","","","","","","","","","","","","","","","","","",6000,1,"","",2,1,5,1,"","","","","","","","","","",2,1,"","","","","","","","","","","","","","","","","","","","","","","","","","","","","","","","","","","","","","","","","","","","","","","","","","","","","",""
"50020001","PTE DE LA HAGUE",49.725167,-1.939833,6,1951031112,"","","","",1.,1,"","","","","","","","","","","","","","","","","","","","","","","","","","","","","","",6.4,1,5.3,1,"","","","","","","","","","","","","","","","","","","","","","","","","","",94,1,"","","","","","","","","","","","",9.,1,989.,1,"","","","","","",8,1,8,1,5,1,"","","","","","","","","","","","","","","","","","","","","","","","","","","","",5000,1,"","",2,1,5,1,"","","","","","","","","","",2,1,"","","","","","","","","","","","","","","","","","","","","","","","","","","","","","","","","","","","","","","","","","","","","","","","","","","","","",""
"50020001","PTE DE LA HAGUE",49.725167,-1.939833,6,1951031115,"","","","",1.,1,"","","","","","","","","","","","","","","","","","","","","","","","","","","","","","",7.,1,4.5,1,"","","","","","","","","","","","","","","","","","","","","","","","","","",85,1,"","","","","","","","","","","","",8.5,1,989.,1,"","","","","","",8,1,5,1,8,1,2,1,"","","","","","","","","","","","","","","","","","","","","","","","","","",9000,1,"","",60,1,2,1,"","","","","","","","","","",2,1,"","","","","","","","","","","","","","","","","","","","","","","","","","","","","","","","","","","","","","","","","","","","","","","","","","","","","",""
"50020001","PTE DE LA HAGUE",49.725167,-1.939833,6,1951031118,"","","","",1.,1,"","","","","","","","","","","","","","","","","","","","","","","","","","","","","","",6.6,1,4.8,1,"","","","","","","","","","","","","","","","","","","","","","","","","","",88,1,"","","","","","","","","","","","",8.7,1,989.8,1,"","","","","","",7,1,6,1,2,1,7,1,0,1,"","","","","","","","","","","","","","","","","","","","","","","","",14000,1,"","",2,1,6,1,"","","","","","","","","","",2,1,"","","","","","","","","","","","","","","","","","","","","","","","","","","","","","","","","","","","","","","","","","","","","","","","","","","","","",""
"50020001","PTE DE LA HAGUE",49.725167,-1.939833,6,1951031200,"","","","",14.,1,"","","","","","","","","","","","","","","","","","","","","","","","","","","","","","",6.6,1,3.3,1,"","","","","","","","","","","","","","","","","","","","","","","","","","",82,1,"","","","","","","","","","","","",7.8,1,991.1,1,"","","","","","",2,1,0,1,2,1,4,1,0,1,"","","","","","","","","","","","","","","","","","","","","","","","",28000,1,"","",2,1,1,1,"","","","","","","","","","",4,1,"","","","","","","","","","","","","","","","","","","","","","","","","","","","","","","","","","","","","","","","","","","","","","","","","","","","","",""
"50020001","PTE DE LA HAGUE",49.725167,-1.939833,6,1951031206,"","","","",7.,1,"","","","","","","","","","","","","","","","","","","","","","","","","","","","","","",5.2,1,2.6,1,"","","","","","","","","","","","","","","","","","","","","","","","","","",84,1,"","","","","","","","","","","","",7.4,1,993.,1,"","","","","","",3,1,0,1,2,1,0,1,0,1,"","","","","","","","","","","","","","","","","","","","","","","","",30000,1,"","",2,1,6,1,"","","","","","","","","","",4,1,"","","","","","","","","","","","","","","","","","","","","","","","","","","","","","","","","","","","","","","","","","","","","","","","","","","","","",""
"50020001","PTE DE LA HAGUE",49.725167,-1.939833,6,1951031209,"","","","",8.,1,"","","","","","","","","","","","","","","","","","","","","","","","","","","","","","",7.,1,2.4,1,"","","","","","","","","","","","","","","","","","","","","","","","","","",74,1,"","","","","","","","","","","","",7.3,1,994.9,1,"","","","","","",4,1,0,1,2,1,0,1,0,1,"","","","","","","","","","","","","","","","","","","","","","","","",32000,1,"","",2,1,1,1,"","","","","","","","","","",4,1,"","","","","","","","","","","","","","","","","","","","","","","","","","","","","","","","","","","","","","","","","","","","","","","","","","","","","",""
"50020001","PTE DE LA HAGUE",49.725167,-1.939833,6,1951031212,"","","","",7.,1,"","","","","","","","","","","","","","","","","","","","","","","","","","","","","","",9.,1,4.2,1,"","","","","","","","","","","","","","","","","","","","","","","","","","",71,1,"","","","","","","","","","","","",8.3,1,995.7,1,"","","","","","",4,1,0,1,2,1,0,1,2,1,"","","","","","","","","","","","","","","","","","","","","","","","",32000,1,"","",2,1,1,1,"","","","","","","","","","",4,1,"","","","","","","","","","","","","","","","","","","","","","","","","","","","","","","","","","","","","","","","","","","","","","","","","","","","","",""
"50020001","PTE DE LA HAGUE",49.725167,-1.939833,6,1951031215,"","","","",4.,1,"","","","","","","","","","","","","","","","","","","","","","","","","","","","","","",8.8,1,4.7,1,"","","","","","","","","","","","","","","","","","","","","","","","","","",76,1,"","","","","","","","","","","","",8.6,1,995.,1,"","","","","","",7,1,7,1,2,1,0,1,0,1,"","","","","","","","","","","","","","","","","","","","","","","","",30000,1,"","",3,1,1,1,"","","","","","","","","","",3,1,"","","","","","","","","","","","","","","","","","","","","","","","","","","","","","","","","","","","","","","","","","","","","","","","","","","","","",""
"50020001","PTE DE LA HAGUE",49.725167,-1.939833,6,1951031218,"","","","",2.,1,"","","","","","","","","","","","","","","","","","","","","","","","","","","","","","",7.5,1,6.1,1,"","","","","","","","","","","","","","","","","","","","","","","","","","",92,1,"","","","","","","","","","","","",9.5,1,993.,1,"","","","","","",8,1,8,1,0,1,7,1,"","","","","","","","","","","","","","","","","","","","","","","","","","",28000,1,"","",60,1,6,1,"","","","","","","","","","",2,1,"","","","","","","","","","","","","","","","","","","","","","","","","","","","","","","","","","","","","","","","","","","","","","","","","","","","","",""
"50020001","PTE DE LA HAGUE",49.725167,-1.939833,6,1951031300,"","","","",13.,1,"","","","","","","","","","","","","","","","","","","","","","","","","","","","","","",8.,1,5.5,1,"","","","","","","","","","","","","","","","","","","","","","","","","","",83,1,"","","","","","","","","","","","",9.1,1,989.9,1,"","","","","","",1,1,0,1,0,1,4,1,0,1,"","","","","","","","","","","","","","","","","","","","","","","","",30000,1,"","",2,1,6,1,"","","","","","","","","","",5,1,"","","","","","","","","","","","","","","","","","","","","","","","","","","","","","","","","","","","","","","","","","","","","","","","","","","","","",""
"50020001","PTE DE LA HAGUE",49.725167,-1.939833,6,1951031306,"","","","",11.,1,"","","","","","","","","","","","","","","","","","","","","","","","","","","","","","",7.,1,4.8,1,"","","","","","","","","","","","","","","","","","","","","","","","","","",88,1,"","","","","","","","","","","","",8.7,1,984.7,1,"","","","","","",7,1,0,1,5,1,0,1,6,1,"","","","","","","","","","","","","","","","","","","","","","","","",26000,1,"","",2,1,6,1,"","","","","","","","","","",4,1,"","","","","","","","","","","","","","","","","","","","","","","","","","","","","","","","","","","","","","","","","","","","","","","","","","","","","",""
"50020001","PTE DE LA HAGUE",49.725167,-1.939833,6,1951031309,"","","","",9.,1,"","","","","","","","","","","","","","","","","","","","","","","","","","","","","","",8.2,1,5.1,1,"","","","","","","","","","","","","","","","","","","","","","","","","","",81,1,"","","","","","","","","","","","",8.9,1,981.5,1,"","","","","","",8,1,8,1,0,1,7,1,"","","","","","","","","","","","","","","","","","","","","","","","","","",25000,1,"","",2,1,2,1,"","","","","","","","","","",4,1,"","","","","","","","","","","","","","","","","","","","","","","","","","","","","","","","","","","","","","","","","","","","","","","","","","","","","",""
"50020001","PTE DE LA HAGUE",49.725167,-1.939833,6,1951031312,"","","","",3.,1,"","","","","","","","","","","","","","","","","","","","","","","","","","","","","","",8.6,1,6.8,1,"","","","","","","","","","","","","","","","","","","","","","","","","","",86,1,"","","","","","","","","","","","",10.,1,977.5,1,"","","","","","",8,1,8,1,7,1,2,1,"","","","","","","","","","","","","","","","","","","","","","","","","","",21000,1,"","",61,1,6,1,"","","","","","","","","","",4,1,"","","","","","","","","","","","","","","","","","","","","","","","","","","","","","","","","","","","","","","","","","","","","","","","","","","","","",""
"50020001","PTE DE LA HAGUE",49.725167,-1.939833,6,1951031315,"","","","",6.,1,"","","","","","","","","","","","","","","","","","","","","","","","","","","","","","",7.6,1,5.6,1,"","","","","","","","","","","","","","","","","","","","","","","","","","",86,1,"","","","","","","","","","","","",9.2,1,971.1,1,"","","","","","",7,1,6,1,2,1,7,1,0,1,"","","","","","","","","","","","","","","","","","","","","","","","",21000,1,"","",21,1,6,1,"","","","","","","","","","",4,1,"","","","","","","","","","","","","","","","","","","","","","","","","","","","","","","","","","","","","","","","","","","","","","","","","","","","","",""
"50020001","PTE DE LA HAGUE",49.725167,-1.939833,6,1951031318,"","","","",10.,1,"","","","","","","","","","","","","","","","","","","","","","","","","","","","","","",7.6,1,6.4,1,"","","","","","","","","","","","","","","","","","","","","","","","","","",94,1,"","","","","","","","","","","","",9.7,1,969.8,1,"","","","","","",7,1,6,1,6,1,7,1,0,1,"","","","","","","","","","","","","","","","","","","","","","","","",23000,1,"","",21,1,6,1,"","","","","","","","","","",4,1,"","","","","","","","","","","","","","","","","","","","","","","","","","","","","","","","","","","","","","","","","","","","","","","","","","","","","",""
"50020001","PTE DE LA HAGUE",49.725167,-1.939833,6,1951031400,"","","","",22.,1,"","","","","","","","","","","","","","","","","","","","","","","","","","","","","","",7.8,1,3.8,1,"","","","","","","","","","","","","","","","","","","","","","","","","","",77,1,"","","","","","","","","","","","",8.1,1,978.1,1,"","","","","","",8,1,8,1,7,1,"","","","","","","","","","","","","","","","","","","","","","","","","","","","",11000,1,"","",2,1,6,1,"","","","","","","","","","",7,1,"","","","","","","","","","","","","","","","","","","","","","","","","","","","","","","","","","","","","","","","","","","","","","","","","","","","","",""
"50020001","PTE DE LA HAGUE",49.725167,-1.939833,6,1951031406,"","","","",20.,1,"","","","","","","","","","","","","","","","","","","","","","","","","","","","","","",8.,1,3.8,1,"","","","","","","","","","","","","","","","","","","","","","","","","","",79,1,"","","","","","","","","","","","",8.1,1,985.4,1,"","","","","","",8,1,7,1,7,1,2,1,"","","","","","","","","","","","","","","","","","","","","","","","","","",8000,1,"","",60,1,6,1,"","","","","","","","","","",6,1,"","","","","","","","","","","","","","","","","","","","","","","","","","","","","","","","","","","","","","","","","","","","","","","","","","","","","",""
"50020001","PTE DE LA HAGUE",49.725167,-1.939833,6,1951031409,"","","","",18.,1,"","","","","","","","","","","","","","","","","","","","","","","","","","","","","","",8.4,1,5.1,1,"","","","","","","","","","","","","","","","","","","","","","","","","","",81,1,"","","","","","","","","","","","",8.9,1,991.1,1,"","","","","","",6,1,6,1,3,1,0,1,0,1,"","","","","","","","","","","","","","","","","","","","","","","","",10000,1,"","",80,1,8,1,"","","","","","","","","","",6,1,"","","","","","","","","","","","","","","","","","","","","","","","","","","","","","","","","","","","","","","","","","","","","","","","","","","","","",""
"50020001","PTE DE LA HAGUE",49.725167,-1.939833,6,1951031412,"","","","",13.,1,"","","","","","","","","","","","","","","","","","","","","","","","","","","","","","",9.2,1,4.5,1,"","","","","","","","","","","","","","","","","","","","","","","","","","",73,1,"","","","","","","","","","","","",8.5,1,996.3,1,"","","","","","",3,1,0,1,9,1,0,1,0,1,"","","","","","","","","","","","","","","","","","","","","","","","",17000,1,"","",2,1,1,1,"","","","","","","","","","",6,1,"","","","","","","","","","","","","","","","","","","","","","","","","","","","","","","","","","","","","","","","","","","","","","","","","","","","","",""
"50020001","PTE DE LA HAGUE",49.725167,-1.939833,6,1951031415,"","","","",12.,1,"","","","","","","","","","","","","","","","","","","","","","","","","","","","","","",9.1,1,4.5,1,"","","","","","","","","","","","","","","","","","","","","","","","","","",73,1,"","","","","","","","","","","","",8.5,1,998.5,1,"","","","","","",3,1,0,1,9,1,0,1,2,1,"","","","","","","","","","","","","","","","","","","","","","","","",22000,1,"","",2,1,1,1,"","","","","","","","","","",5,1,"","","","","","","","","","","","","","","","","","","","","","","","","","","","","","","","","","","","","","","","","","","","","","","","","","","","","",""
"50020001","PTE DE LA HAGUE",49.725167,-1.939833,6,1951031418,"","","","",10.,1,"","","","","","","","","","","","","","","","","","","","","","","","","","","","","","",8.2,1,5.1,1,"","","","","","","","","","","","","","","","","","","","","","","","","","",81,1,"","","","","","","","","","","","",8.9,1,1000.7,1,"","","","","","",3,1,0,1,9,1,6,1,0,1,"","","","","","","","","","","","","","","","","","","","","","","","",22000,1,"","",2,1,1,1,"","","","","","","","","","",5,1,"","","","","","","","","","","","","","","","","","","","","","","","","","","","","","","","","","","","","","","","","","","","","","","","","","","","","",""
"50020001","PTE DE LA HAGUE",49.725167,-1.939833,6,1951031500,"","","","",9.,1,"","","","","","","","","","","","","","","","","","","","","","","","","","","","","","",7.9,1,5.6,1,"","","","","","","","","","","","","","","","","","","","","","","","","","",86,1,"","","","","","","","","","","","",9.2,1,1005.7,1,"","","","","","",2,1,0,1,3,1,0,1,0,1,"","","","","","","","","","","","","","","","","","","","","","","","",22000,1,"","",2,1,"","","","","","","","","","","","",5,1,"","","","","","","","","","","","","","","","","","","","","","","","","","","","","","","","","","","","","","","","","","","","","","","","","","","","","",""
"50020001","PTE DE LA HAGUE",49.725167,-1.939833,6,1951031506,"","","","",3.,1,"","","","","","","","","","","","","","","","","","","","","","","","","","","","","","",7.2,1,6.1,1,"","","","","","","","","","","","","","","","","","","","","","","","","","",92,1,"","","","","","","","","","","","",9.5,1,1007.8,1,"","","","","","",4,1,0,1,5,1,0,1,4,1,"","","","","","","","","","","","","","","","","","","","","","","","",19000,1,"","",3,1,1,1,"","","","","","","","","","",3,1,"","","","","","","","","","","","","","","","","","","","","","","","","","","","","","","","","","","","","","","","","","","","","","","","","","","","","",""
"50020001","PTE DE LA HAGUE",49.725167,-1.939833,6,1951031509,"","","","",2.,1,"","","","","","","","","","","","","","","","","","","","","","","","","","","","","","",8.2,1,7.1,1,"","","","","","","","","","","","","","","","","","","","","","","","","","",92,1,"","","","","","","","","","","","",10.2,1,1009.4,1,"","","","","","",8,1,8,1,6,1,0,1,7,1,"","","","","","","","","","","","","","","","","","","","","","","","",19000,1,"","",2,1,2,1,"","","","","","","","","","",3,1,"","","","","","","","","","","","","","","","","","","","","","","","","","","","","","","","","","","","","","","","","","","","","","","","","","","","","",""
"50020001","PTE DE LA HAGUE",49.725167,-1.939833,6,1951031512,"","","","",2.,1,"","","","","","","","","","","","","","","","","","","","","","","","","","","","","","",10.2,1,7.5,1,"","","","","","","","","","","","","","","","","","","","","","","","","","",85,1,"","","","","","","","","","","","",10.5,1,1010.6,1,"","","","","","",6,1,5,1,2,1,0,1,2,1,"","","","","","","","","","","","","","","","","","","","","","","","",21000,1,"","",1,1,2,1,"","","","","","","","","","",3,1,"","","","","","","","","","","","","","","","","","","","","","","","","","","","","","","","","","","","","","","","","","","","","","","","","","","","","",""
"50020001","PTE DE LA HAGUE",49.725167,-1.939833,6,1951031515,"","","","",1.,1,"","","","","","","","","","","","","","","","","","","","","","","","","","","","","","",10.6,1,6.9,1,"","","","","","","","","","","","","","","","","","","","","","","","","","",78,1,"","","","","","","","","","","","",10.1,1,1010.3,1,"","","","","","",4,1,0,1,2,1,0,1,1,1,"","","","","","","","","","","","","","","","","","","","","","","","",24000,1,"","",40,1,1,1,"","","","","","","","","","",2,1,"","","","","","","","","","","","","","","","","","","","","","","","","","","","","","","","","","","","","","","","","","","","","","","","","","","","","",""
"50020001","PTE DE LA HAGUE",49.725167,-1.939833,6,1951031518,"","","","",1.,1,"","","","","","","","","","","","","","","","","","","","","","","","","","","","","","",8.4,1,5.5,1,"","","","","","","","","","","","","","","","","","","","","","","","","","",83,1,"","","","","","","","","","","","",9.1,1,1010.7,1,"","","","","","",6,1,6,1,0,1,0,1,2,1,"","","","","","","","","","","","","","","","","","","","","","","","",25000,1,"","",2,1,2,1,"","","","","","","","","","",2,1,"","","","","","","","","","","","","","","","","","","","","","","","","","","","","","","","","","","","","","","","","","","","","","","","","","","","","",""
"50020001","PTE DE LA HAGUE",49.725167,-1.939833,6,1951031600,"","","","",1.,1,"","","","","","","","","","","","","","","","","","","","","","","","","","","","","","",7.,1,4.3,1,"","","","","","","","","","","","","","","","","","","","","","","","","","",83,1,"","","","","","","","","","","","",8.4,1,1010.5,1,"","","","","","",0,1,"","",0,1,0,1,0,1,"","","","","","","","","","","","","","","","","","","","","","","","",35000,1,"","",2,1,0,1,"","","","","","","","","","",2,1,"","","","","","","","","","","","","","","","","","","","","","","","","","","","","","","","","","","","","","","","","","","","","","","","","","","","","",""
"50020001","PTE DE LA HAGUE",49.725167,-1.939833,6,1951031606,"","","","",7.,1,"","","","","","","","","","","","","","","","","","","","","","","","","","","","","","",8.8,1,6.9,1,"","","","","","","","","","","","","","","","","","","","","","","","","","",89,1,"","","","","","","","","","","","",10.1,1,1007.5,1,"","","","","","",8,1,8,1,6,1,"","","","","","","","","","","","","","","","","","","","","","","","","","","","",3000,1,"","",53,1,5,1,"","","","","","","","","","",4,1,"","","","","","","","","","","","","","","","","","","","","","","","","","","","","","","","","","","","","","","","","","","","","","","","","","","","","",""
"50020001","PTE DE LA HAGUE",49.725167,-1.939833,6,1951031609,"","","","",7.,1,"","","","","","","","","","","","","","","","","","","","","","","","","","","","","","",10.2,1,9.3,1,"","","","","","","","","","","","","","","","","","","","","","","","","","",95,1,"","","","","","","","","","","","",11.9,1,1006.3,1,"","","","","","",8,1,7,1,6,1,7,1,"","","","","","","","","","","","","","","","","","","","","","","","","","",12000,1,"","",2,1,5,1,"","","","","","","","","","",4,1,"","","","","","","","","","","","","","","","","","","","","","","","","","","","","","","","","","","","","","","","","","","","","","","","","","","","","",""
"50020001","PTE DE LA HAGUE",49.725167,-1.939833,6,1951031612,"","","","",7.,1,"","","","","","","","","","","","","","","","","","","","","","","","","","","","","","",10.,1,6.1,1,"","","","","","","","","","","","","","","","","","","","","","","","","","",79,1,"","","","","","","","","","","","",9.5,1,1005.5,1,"","","","","","",8,1,8,1,5,1,"","","","","","","","","","","","","","","","","","","","","","","","","","","","",18000,1,"","",2,1,2,1,"","","","","","","","","","",4,1,"","","","","","","","","","","","","","","","","","","","","","","","","","","","","","","","","","","","","","","","","","","","","","","","","","","","","",""
"50020001","PTE DE LA HAGUE",49.725167,-1.939833,6,1951031615,"","","","",7.,1,"","","","","","","","","","","","","","","","","","","","","","","","","","","","","","",11.8,1,11.2,1,"","","","","","","","","","","","","","","","","","","","","","","","","","",98,1,"","","","","","","","","","","","",13.6,1,1002.9,1,"","","","","","",8,1,8,1,7,1,"","","","","","","","","","","","","","","","","","","","","","","","","","","","",6000,1,"","",61,1,6,1,"","","","","","","","","","",3,1,"","","","","","","","","","","","","","","","","","","","","","","","","","","","","","","","","","","","","","","","","","","","","","","","","","","","","",""
"50020001","PTE DE LA HAGUE",49.725167,-1.939833,6,1951031618,"","","","",10.,1,"","","","","","","","","","","","","","","","","","","","","","","","","","","","","","",11.8,1,11.2,1,"","","","","","","","","","","","","","","","","","","","","","","","","","",98,1,"","","","","","","","","","","","",13.6,1,1000.3,1,"","","","","","",8,1,8,1,7,1,"","","","","","","","","","","","","","","","","","","","","","","","","","","","",6000,1,"","",63,1,6,1,"","","","","","","","","","",4,1,"","","","","","","","","","","","","","","","","","","","","","","","","","","","","","","","","","","","","","","","","","","","","","","","","","","","","",""
"50020001","PTE DE LA HAGUE",49.725167,-1.939833,6,1951031700,"","","","",9.,1,"","","","","","","","","","","","","","","","","","","","","","","","","","","","","","",10.,1,10.,1,"","","","","","","","","","","","","","","","","","","","","","","","","","",100,1,"","","","","","","","","","","","",12.3,1,1000.5,1,"","","","","","",9,1,"","","","","","","","","","","","","","","","","","","","","","","","","","","","","","","","",500,1,"","",45,1,4,1,"","","","","","","","","","",4,1,"","","","","","","","","","","","","","","","","","","","","","","","","","","","","","","","","","","","","","","","","","","","","","","","","","","","","",""
"50020001","PTE DE LA HAGUE",49.725167,-1.939833,6,1951031706,"","","","",6.,1,"","","","","","","","","","","","","","","","","","","","","","","","","","","","","","",10.6,1,9.5,1,"","","","","","","","","","","","","","","","","","","","","","","","","","",97,1,"","","","","","","","","","","","",12.1,1,1000.3,1,"","","","","","",8,1,8,1,6,1,2,1,"","","","","","","","","","","","","","","","","","","","","","","","","","",10000,1,"","",63,1,4,1,"","","","","","","","","","",4,1,"","","","","","","","","","","","","","","","","","","","","","","","","","","","","","","","","","","","","","","","","","","","","","","","","","","","","",""
"50020001","PTE DE LA HAGUE",49.725167,-1.939833,6,1951031709,"","","","",10.,1,"","","","","","","","","","","","","","","","","","","","","","","","","","","","","","",11.4,1,10.6,1,"","","","","","","","","","","","","","","","","","","","","","","","","","",98,1,"","","","","","","","","","","","",13.,1,999.7,1,"","","","","","",8,1,0,1,6,1,2,1,"","","","","","","","","","","","","","","","","","","","","","","","","","",9000,1,"","",62,1,6,1,"","","","","","","","","","",4,1,"","","","","","","","","","","","","","","","","","","","","","","","","","","","","","","","","","","","","","","","","","","","","","","","","","","","","",""
"50020001","PTE DE LA HAGUE",49.725167,-1.939833,6,1951031712,"","","","",12.,1,"","","","","","","","","","","","","","","","","","","","","","","","","","","","","","",12.2,1,11.4,1,"","","","","","","","","","","","","","","","","","","","","","","","","","",98,1,"","","","","","","","","","","","",13.8,1,998.6,1,"","","","","","",7,1,0,1,6,1,7,1,2,1,"","","","","","","","","","","","","","","","","","","","","","","","",9000,1,"","",62,1,6,1,"","","","","","","","","","",4,1,"","","","","","","","","","","","","","","","","","","","","","","","","","","","","","","","","","","","","","","","","","","","","","","","","","","","","",""
"50020001","PTE DE LA HAGUE",49.725167,-1.939833,6,1951031715,"","","","",11.,1,"","","","","","","","","","","","","","","","","","","","","","","","","","","","","","",12.8,1,11.,1,"","","","","","","","","","","","","","","","","","","","","","","","","","",91,1,"","","","","","","","","","","","",13.4,1,996.6,1,"","","","","","",7,1,5,1,6,1,9,1,2,1,"","","","","","","","","","","","","","","","","","","","","","","","",19000,1,"","",2,1,6,1,"","","","","","","","","","",4,1,"","","","","","","","","","","","","","","","","","","","","","","","","","","","","","","","","","","","","","","","","","","","","","","","","","","","","",""
"50020001","PTE DE LA HAGUE",49.725167,-1.939833,6,1951031718,"","","","",13.,1,"","","","","","","","","","","","","","","","","","","","","","","","","","","","","","",11.4,1,8.8,1,"","","","","","","","","","","","","","","","","","","","","","","","","","",87,1,"","","","","","","","","","","","",11.5,1,994.3,1,"","","","","","",7,1,7,1,5,1,0,1,0,1,"","","","","","","","","","","","","","","","","","","","","","","","",19000,1,"","",2,1,6,1,"","","","","","","","","","",4,1,"","","","","","","","","","","","","","","","","","","","","","","","","","","","","","","","","","","","","","","","","","","","","","","","","","","","","",""
"50020001","PTE DE LA HAGUE",49.725167,-1.939833,6,1951031800,"","","","",12.,1,"","","","","","","","","","","","","","","","","","","","","","","","","","","","","","",8.6,1,6.8,1,"","","","","","","","","","","","","","","","","","","","","","","","","","",86,1,"","","","","","","","","","","","",10.,1,997.7,1,"","","","","","",8,1,8,1,6,1,"","","","","","","","","","","","","","","","","","","","","","","","","","","","",7000,1,"","",2,1,2,1,"","","","","","","","","","",5,1,"","","","","","","","","","","","","","","","","","","","","","","","","","","","","","","","","","","","","","","","","","","","","","","","","","","","","",""
"50020001","PTE DE LA HAGUE",49.725167,-1.939833,6,1951031806,"","","","",8.,1,"","","","","","","","","","","","","","","","","","","","","","","","","","","","","","",8.,1,5.6,1,"","","","","","","","","","","","","","","","","","","","","","","","","","",86,1,"","","","","","","","","","","","",9.2,1,999.5,1,"","","","","","",6,1,6,1,2,1,0,1,0,1,"","","","","","","","","","","","","","","","","","","","","","","","",32000,1,"","",2,1,2,1,"","","","","","","","","","",4,1,"","","","","","","","","","","","","","","","","","","","","","","","","","","","","","","","","","","","","","","","","","","","","","","","","","","","","",""
"50020001","PTE DE LA HAGUE",49.725167,-1.939833,6,1951031809,"","","","",10.,1,"","","","","","","","","","","","","","","","","","","","","","","","","","","","","","",8.7,1,6.4,1,"","","","","","","","","","","","","","","","","","","","","","","","","","",84,1,"","","","","","","","","","","","",9.7,1,998.3,1,"","","","","","",8,1,6,1,5,1,7,1,0,1,"","","","","","","","","","","","","","","","","","","","","","","","",12000,1,"","",60,1,2,1,"","","","","","","","","","",4,1,"","","","","","","","","","","","","","","","","","","","","","","","","","","","","","","","","","","","","","","","","","","","","","","","","","","","","",""
"50020001","PTE DE LA HAGUE",49.725167,-1.939833,6,1951031812,"","","","",10.,1,"","","","","","","","","","","","","","","","","","","","","","","","","","","","","","",8.,1,5.6,1,"","","","","","","","","","","","","","","","","","","","","","","","","","",86,1,"","","","","","","","","","","","",9.2,1,999.,1,"","","","","","",7,1,7,1,9,1,0,1,0,1,"","","","","","","","","","","","","","","","","","","","","","","","",18000,1,"","",25,1,8,1,"","","","","","","","","","",4,1,"","","","","","","","","","","","","","","","","","","","","","","","","","","","","","","","","","","","","","","","","","","","","","","","","","","","","",""
"50020001","PTE DE LA HAGUE",49.725167,-1.939833,6,1951031815,"","","","",11.,1,"","","","","","","","","","","","","","","","","","","","","","","","","","","","","","",9.3,1,6.4,1,"","","","","","","","","","","","","","","","","","","","","","","","","","",84,1,"","","","","","","","","","","","",9.7,1,1000.3,1,"","","","","","",1,1,0,1,9,1,0,1,0,1,"","","","","","","","","","","","","","","","","","","","","","","","",12000,1,"","",25,1,8,1,"","","","","","","","","","",5,1,"","","","","","","","","","","","","","","","","","","","","","","","","","","","","","","","","","","","","","","","","","","","","","","","","","","","","",""
"50020001","PTE DE LA HAGUE",49.725167,-1.939833,6,1951031818,"","","","",7.,1,"","","","","","","","","","","","","","","","","","","","","","","","","","","","","","",9.,1,6.4,1,"","","","","","","","","","","","","","","","","","","","","","","","","","",84,1,"","","","","","","","","","","","",9.7,1,1001.,1,"","","","","","",2,1,0,1,9,1,0,1,0,1,"","","","","","","","","","","","","","","","","","","","","","","","",18000,1,"","",2,1,1,1,"","","","","","","","","","",4,1,"","","","","","","","","","","","","","","","","","","","","","","","","","","","","","","","","","","","","","","","","","","","","","","","","","","","","",""
"50020001","PTE DE LA HAGUE",49.725167,-1.939833,6,1951031900,"","","","",6.,1,"","","","","","","","","","","","","","","","","","","","","","","","","","","","","","",7.6,1,6.1,1,"","","","","","","","","","","","","","","","","","","","","","","","","","",92,1,"","","","","","","","","","","","",9.5,1,998.7,1,"","","","","","",7,1,7,1,5,1,0,1,0,1,"","","","","","","","","","","","","","","","","","","","","","","","",22000,1,"","",60,1,6,1,"","","","","","","","","","",4,1,"","","","","","","","","","","","","","","","","","","","","","","","","","","","","","","","","","","","","","","","","","","","","","","","","","","","","",""
"50020001","PTE DE LA HAGUE",49.725167,-1.939833,6,1951031906,"","","","",2.,1,"","","","","","","","","","","","","","","","","","","","","","","","","","","","","","",7.8,1,6.4,1,"","","","","","","","","","","","","","","","","","","","","","","","","","",94,1,"","","","","","","","","","","","",9.7,1,996.7,1,"","","","","","",6,1,0,1,6,1,4,1,2,1,"","","","","","","","","","","","","","","","","","","","","","","","",21000,1,"","",2,1,6,1,"","","","","","","","","","",4,1,"","","","","","","","","","","","","","","","","","","","","","","","","","","","","","","","","","","","","","","","","","","","","","","","","","","","","",""
"50020001","PTE DE LA HAGUE",49.725167,-1.939833,6,1951031909,"","","","",3.,1,"","","","","","","","","","","","","","","","","","","","","","","","","","","","","","",6.6,1,5.1,1,"","","","","","","","","","","","","","","","","","","","","","","","","","",91,1,"","","","","","","","","","","","",8.9,1,997.7,1,"","","","","","",7,1,5,1,9,1,9,1,2,1,"","","","","","","","","","","","","","","","","","","","","","","","",12000,1,"","",81,1,6,1,"","","","","","","","","","",3,1,"","","","","","","","","","","","","","","","","","","","","","","","","","","","","","","","","","","","","","","","","","","","","","","","","","","","","",""
"50020001","PTE DE LA HAGUE",49.725167,-1.939833,6,1951031912,"","","","",7.,1,"","","","","","","","","","","","","","","","","","","","","","","","","","","","","","",9.,1,6.8,1,"","","","","","","","","","","","","","","","","","","","","","","","","","",86,1,"","","","","","","","","","","","",10.,1,998.1,1,"","","","","","",7,1,6,1,9,1,0,1,2,1,"","","","","","","","","","","","","","","","","","","","","","","","",9000,1,"","",81,1,8,1,"","","","","","","","","","",4,1,"","","","","","","","","","","","","","","","","","","","","","","","","","","","","","","","","","","","","","","","","","","","","","","","","","","","","",""
"50020001","PTE DE LA HAGUE",49.725167,-1.939833,6,1951031915,"","","","",6.,1,"","","","","","","","","","","","","","","","","","","","","","","","","","","","","","",8.4,1,5.6,1,"","","","","","","","","","","","","","","","","","","","","","","","","","",86,1,"","","","","","","","","","","","",9.2,1,998.1,1,"","","","","","",7,1,5,1,9,1,0,1,3,1,"","","","","","","","","","","","","","","","","","","","","","","","",10000,1,"","",81,1,8,1,"","","","","","","","","","",4,1,"","","","","","","","","","","","","","","","","","","","","","","","","","","","","","","","","","","","","","","","","","","","","","","","","","","","","",""
"50020001","PTE DE LA HAGUE",49.725167,-1.939833,6,1951031918,"","","","",8.,1,"","","","","","","","","","","","","","","","","","","","","","","","","","","","","","",8.,1,5.9,1,"","","","","","","","","","","","","","","","","","","","","","","","","","",89,1,"","","","","","","","","","","","",9.4,1,999.5,1,"","","","","","",7,1,6,1,3,1,0,1,2,1,"","","","","","","","","","","","","","","","","","","","","","","","",25000,1,"","",2,1,8,1,"","","","","","","","","","",4,1,"","","","","","","","","","","","","","","","","","","","","","","","","","","","","","","","","","","","","","","","","","","","","","","","","","","","","",""
"50020001","PTE DE LA HAGUE",49.725167,-1.939833,6,1951032000,"","","","",6.,1,"","","","","","","","","","","","","","","","","","","","","","","","","","","","","","",7.2,1,4.8,1,"","","","","","","","","","","","","","","","","","","","","","","","","","",88,1,"","","","","","","","","","","","",8.7,1,1010.2,1,"","","","","","",8,1,8,1,2,1,"","","","","","","","","","","","","","","","","","","","","","","","","","","","",19000,1,"","",2,1,2,1,"","","","","","","","","","",4,1,"","","","","","","","","","","","","","","","","","","","","","","","","","","","","","","","","","","","","","","","","","","","","","","","","","","","","",""
"50020001","PTE DE LA HAGUE",49.725167,-1.939833,6,1951032006,"","","","",5.,1,"","","","","","","","","","","","","","","","","","","","","","","","","","","","","","",5.8,1,3.8,1,"","","","","","","","","","","","","","","","","","","","","","","","","","",88,1,"","","","","","","","","","","","",8.1,1,1014.9,1,"","","","","","",8,1,8,1,2,1,"","","","","","","","","","","","","","","","","","","","","","","","","","","","",16000,1,"","",2,1,2,1,"","","","","","","","","","",4,1,"","","","","","","","","","","","","","","","","","","","","","","","","","","","","","","","","","","","","","","","","","","","","","","","","","","","","",""
"50020001","PTE DE LA HAGUE",49.725167,-1.939833,6,1951032009,"","","","",5.,1,"","","","","","","","","","","","","","","","","","","","","","","","","","","","","","",6.,1,3.8,1,"","","","","","","","","","","","","","","","","","","","","","","","","","",88,1,"","","","","","","","","","","","",8.1,1,1016.6,1,"","","","","","",8,1,8,1,5,1,"","","","","","","","","","","","","","","","","","","","","","","","","","","","",14000,1,"","",50,1,5,1,"","","","","","","","","","",4,1,"","","","","","","","","","","","","","","","","","","","","","","","","","","","","","","","","","","","","","","","","","","","","","","","","","","","","",""
"50020001","PTE DE LA HAGUE",49.725167,-1.939833,6,1951032012,"","","","",8.,1,"","","","","","","","","","","","","","","","","","","","","","","","","","","","","","",6.3,1,4.8,1,"","","","","","","","","","","","","","","","","","","","","","","","","","",88,1,"","","","","","","","","","","","",8.7,1,1017.5,1,"","","","","","",8,1,8,1,5,1,"","","","","","","","","","","","","","","","","","","","","","","","","","","","",16000,1,"","",2,1,5,1,"","","","","","","","","","",4,1,"","","","","","","","","","","","","","","","","","","","","","","","","","","","","","","","","","","","","","","","","","","","","","","","","","","","","",""
"50020001","PTE DE LA HAGUE",49.725167,-1.939833,6,1951032015,"","","","",8.,1,"","","","","","","","","","","","","","","","","","","","","","","","","","","","","","",6.6,1,3.,1,"","","","","","","","","","","","","","","","","","","","","","","","","","",79,1,"","","","","","","","","","","","",7.6,1,1018.1,1,"","","","","","",8,1,8,1,1,1,1,1,"","","","","","","","","","","","","","","","","","","","","","","","","","",17000,1,"","",2,1,6,1,"","","","","","","","","","",4,1,"","","","","","","","","","","","","","","","","","","","","","","","","","","","","","","","","","","","","","","","","","","","","","","","","","","","","",""
"50020001","PTE DE LA HAGUE",49.725167,-1.939833,6,1951032018,"","","","",10.,1,"","","","","","","","","","","","","","","","","","","","","","","","","","","","","","",6.,1,3.3,1,"","","","","","","","","","","","","","","","","","","","","","","","","","",82,1,"","","","","","","","","","","","",7.8,1,1019.,1,"","","","","","",7,1,7,1,0,1,7,1,0,1,"","","","","","","","","","","","","","","","","","","","","","","","",22000,1,"","",2,1,2,1,"","","","","","","","","","",4,1,"","","","","","","","","","","","","","","","","","","","","","","","","","","","","","","","","","","","","","","","","","","","","","","","","","","","","",""
"50020001","PTE DE LA HAGUE",49.725167,-1.939833,6,1951032100,"","","","",10.,1,"","","","","","","","","","","","","","","","","","","","","","","","","","","","","","",5.6,1,1.,1,"","","","","","","","","","","","","","","","","","","","","","","","","","",70,1,"","","","","","","","","","","","",6.6,1,1022.2,1,"","","","","","",8,1,8,1,0,1,7,1,"","","","","","","","","","","","","","","","","","","","","","","","","","",18000,1,"","",2,1,2,1,"","","","","","","","","","",5,1,"","","","","","","","","","","","","","","","","","","","","","","","","","","","","","","","","","","","","","","","","","","","","","","","","","","","","",""
"50020001","PTE DE LA HAGUE",49.725167,-1.939833,6,1951032106,"","","","",5.,1,"","","","","","","","","","","","","","","","","","","","","","","","","","","","","","",3.8,1,-1.4,1,"","","","","","","","","","","","","","","","","","","","","","","","","","",67,1,"","","","","","","","","","","","",5.5,1,1024.9,1,"","","","","","",8,1,8,1,0,1,7,1,"","","","","","","","","","","","","","","","","","","","","","","","","","",25000,1,"","",2,1,2,1,"","","","","","","","","","",4,1,"","","","","","","","","","","","","","","","","","","","","","","","","","","","","","","","","","","","","","","","","","","","","","","","","","","","","",""
"50020001","PTE DE LA HAGUE",49.725167,-1.939833,6,1951032109,"","","","",6.,1,"","","","","","","","","","","","","","","","","","","","","","","","","","","","","","",4.6,1,-3.2,1,"","","","","","","","","","","","","","","","","","","","","","","","","","",54,1,"","","","","","","","","","","","",4.8,1,1026.3,1,"","","","","","",8,1,8,1,0,1,7,1,"","","","","","","","","","","","","","","","","","","","","","","","","","",28000,1,"","",2,1,2,1,"","","","","","","","","","",4,1,"","","","","","","","","","","","","","","","","","","","","","","","","","","","","","","","","","","","","","","","","","","","","","","","","","","","","",""
"50020001","PTE DE LA HAGUE",49.725167,-1.939833,6,1951032112,"","","","",4.,1,"","","","","","","","","","","","","","","","","","","","","","","","","","","","","","",6.6,1,2.4,1,"","","","","","","","","","","","","","","","","","","","","","","","","","",74,1,"","","","","","","","","","","","",7.3,1,1026.5,1,"","","","","","",8,1,8,1,0,1,7,1,"","","","","","","","","","","","","","","","","","","","","","","","","","",35000,1,"","",2,1,2,1,"","","","","","","","","","",3,1,"","","","","","","","","","","","","","","","","","","","","","","","","","","","","","","","","","","","","","","","","","","","","","","","","","","","","",""
"50020001","PTE DE LA HAGUE",49.725167,-1.939833,6,1951032115,"","","","",5.,1,"","","","","","","","","","","","","","","","","","","","","","","","","","","","","","",6.,1,1.,1,"","","","","","","","","","","","","","","","","","","","","","","","","","",70,1,"","","","","","","","","","","","",6.6,1,1025.,1,"","","","","","",8,1,8,1,0,1,7,1,"","","","","","","","","","","","","","","","","","","","","","","","","","",30000,1,"","",2,1,2,1,"","","","","","","","","","",3,1,"","","","","","","","","","","","","","","","","","","","","","","","","","","","","","","","","","","","","","","","","","","","","","","","","","","","","",""
"50020001","PTE DE LA HAGUE",49.725167,-1.939833,6,1951032118,"","","","",10.,1,"","","","","","","","","","","","","","","","","","","","","","","","","","","","","","",5.8,1,1.2,1,"","","","","","","","","","","","","","","","","","","","","","","","","","",73,1,"","","","","","","","","","","","",6.7,1,1023.8,1,"","","","","","",8,1,8,1,0,1,7,1,"","","","","","","","","","","","","","","","","","","","","","","","","","",12000,1,"","",61,1,6,1,"","","","","","","","","","",4,1,"","","","","","","","","","","","","","","","","","","","","","","","","","","","","","","","","","","","","","","","","","","","","","","","","","","","","",""
"50020001","PTE DE LA HAGUE",49.725167,-1.939833,6,1951032200,"","","","",15.,1,"","","","","","","","","","","","","","","","","","","","","","","","","","","","","","",6.4,1,5.6,1,"","","","","","","","","","","","","","","","","","","","","","","","","","",97,1,"","","","","","","","","","","","",9.2,1,1021.3,1,"","","","","","",8,1,8,1,6,1,"","","","","","","","","","","","","","","","","","","","","","","","","","","","",7000,1,"","",53,1,5,1,"","","","","","","","","","",4,1,"","","","","","","","","","","","","","","","","","","","","","","","","","","","","","","","","","","","","","","","","","","","","","","","","","","","","",""
"50020001","PTE DE LA HAGUE",49.725167,-1.939833,6,1951032206,"","","","",5.,1,"","","","","","","","","","","","","","","","","","","","","","","","","","","","","","",8.4,1,8.4,1,"","","","","","","","","","","","","","","","","","","","","","","","","","",100,1,"","","","","","","","","","","","",10.7,1,1019.4,1,"","","","","","",8,1,8,1,6,1,"","","","","","","","","","","","","","","","","","","","","","","","","","","","",6000,1,"","",51,1,5,1,"","","","","","","","","","",4,1,"","","","","","","","","","","","","","","","","","","","","","","","","","","","","","","","","","","","","","","","","","","","","","","","","","","","","",""
"50020001","PTE DE LA HAGUE",49.725167,-1.939833,6,1951032209,"","","","",5.,1,"","","","","","","","","","","","","","","","","","","","","","","","","","","","","","",8.8,1,8.5,1,"","","","","","","","","","","","","","","","","","","","","","","","","","",97,1,"","","","","","","","","","","","",11.3,1,1019.5,1,"","","","","","",8,1,8,1,6,1,"","","","","","","","","","","","","","","","","","","","","","","","","","","","",8000,1,"","",50,1,5,1,"","","","","","","","","","",4,1,"","","","","","","","","","","","","","","","","","","","","","","","","","","","","","","","","","","","","","","","","","","","","","","","","","","","","",""
"50020001","PTE DE LA HAGUE",49.725167,-1.939833,6,1951032212,"","","","",6.,1,"","","","","","","","","","","","","","","","","","","","","","","","","","","","","","",9.8,1,8.4,1,"","","","","","","","","","","","","","","","","","","","","","","","","","",95,1,"","","","","","","","","","","","",11.2,1,1019.4,1,"","","","","","",8,1,8,1,6,1,"","","","","","","","","","","","","","","","","","","","","","","","","","","","",9000,1,"","",2,1,5,1,"","","","","","","","","","",4,1,"","","","","","","","","","","","","","","","","","","","","","","","","","","","","","","","","","","","","","","","","","","","","","","","","","","","","",""
"50020001","PTE DE LA HAGUE",49.725167,-1.939833,6,1951032215,"","","","",6.,1,"","","","","","","","","","","","","","","","","","","","","","","","","","","","","","",9.2,1,8.4,1,"","","","","","","","","","","","","","","","","","","","","","","","","","",95,1,"","","","","","","","","","","","",11.2,1,1018.7,1,"","","","","","",8,1,5,1,6,1,"","","","","","","","","","","","","","","","","","","","","","","","","","","","",9000,1,"","",2,1,2,1,"","","","","","","","","","",4,1,"","","","","","","","","","","","","","","","","","","","","","","","","","","","","","","","","","","","","","","","","","","","","","","","","","","","","",""
"50020001","PTE DE LA HAGUE",49.725167,-1.939833,6,1951032218,"","","","",7.,1,"","","","","","","","","","","","","","","","","","","","","","","","","","","","","","",9.,1,8.4,1,"","","","","","","","","","","","","","","","","","","","","","","","","","",95,1,"","","","","","","","","","","","",11.2,1,1017.7,1,"","","","","","",8,1,8,1,5,1,"","","","","","","","","","","","","","","","","","","","","","","","","","","","",10000,1,"","",2,1,2,1,"","","","","","","","","","",4,1,"","","","","","","","","","","","","","","","","","","","","","","","","","","","","","","","","","","","","","","","","","","","","","","","","","","","","",""
"50020001","PTE DE LA HAGUE",49.725167,-1.939833,6,1951032300,"","","","",11.,1,"","","","","","","","","","","","","","","","","","","","","","","","","","","","","","",9.,1,6.8,1,"","","","","","","","","","","","","","","","","","","","","","","","","","",86,1,"","","","","","","","","","","","",10.,1,1015.4,1,"","","","","","",8,1,8,1,5,1,"","","","","","","","","","","","","","","","","","","","","","","","","","","","",12000,1,"","",2,1,2,1,"","","","","","","","","","",4,1,"","","","","","","","","","","","","","","","","","","","","","","","","","","","","","","","","","","","","","","","","","","","","","","","","","","","","",""
"50020001","PTE DE LA HAGUE",49.725167,-1.939833,6,1951032306,"","","","",12.,1,"","","","","","","","","","","","","","","","","","","","","","","","","","","","","","",8.6,1,7.6,1,"","","","","","","","","","","","","","","","","","","","","","","","","","",97,1,"","","","","","","","","","","","",10.6,1,1011.8,1,"","","","","","",8,1,8,1,7,1,"","","","","","","","","","","","","","","","","","","","","","","","","","","","",7000,1,"","",50,1,5,1,"","","","","","","","","","",5,1,"","","","","","","","","","","","","","","","","","","","","","","","","","","","","","","","","","","","","","","","","","","","","","","","","","","","","",""
"50020001","PTE DE LA HAGUE",49.725167,-1.939833,6,1951032309,"","","","",12.,1,"","","","","","","","","","","","","","","","","","","","","","","","","","","","","","",8.8,1,8.5,1,"","","","","","","","","","","","","","","","","","","","","","","","","","",97,1,"","","","","","","","","","","","",11.3,1,1010.5,1,"","","","","","",7,1,5,1,6,1,0,1,4,1,"","","","","","","","","","","","","","","","","","","","","","","","",9000,1,"","",20,1,5,1,"","","","","","","","","","",4,1,"","","","","","","","","","","","","","","","","","","","","","","","","","","","","","","","","","","","","","","","","","","","","","","","","","","","","",""
"50020001","PTE DE LA HAGUE",49.725167,-1.939833,6,1951032312,"","","","",7.,1,"","","","","","","","","","","","","","","","","","","","","","","","","","","","","","",9.,1,8.5,1,"","","","","","","","","","","","","","","","","","","","","","","","","","",97,1,"","","","","","","","","","","","",11.3,1,1008.2,1,"","","","","","",8,1,8,1,6,1,"","","","","","","","","","","","","","","","","","","","","","","","","","","","",6000,1,"","",52,1,5,1,"","","","","","","","","","",4,1,"","","","","","","","","","","","","","","","","","","","","","","","","","","","","","","","","","","","","","","","","","","","","","","","","","","","","",""
"50020001","PTE DE LA HAGUE",49.725167,-1.939833,6,1951032315,"","","","",10.,1,"","","","","","","","","","","","","","","","","","","","","","","","","","","","","","",9.2,1,8.4,1,"","","","","","","","","","","","","","","","","","","","","","","","","","",95,1,"","","","","","","","","","","","",11.2,1,1004.7,1,"","","","","","",8,1,8,1,5,1,"","","","","","","","","","","","","","","","","","","","","","","","","","","","",12000,1,"","",2,1,5,1,"","","","","","","","","","",4,1,"","","","","","","","","","","","","","","","","","","","","","","","","","","","","","","","","","","","","","","","","","","","","","","","","","","","","",""
"50020001","PTE DE LA HAGUE",49.725167,-1.939833,6,1951032318,"","","","",11.,1,"","","","","","","","","","","","","","","","","","","","","","","","","","","","","","",9.4,1,8.4,1,"","","","","","","","","","","","","","","","","","","","","","","","","","",95,1,"","","","","","","","","","","","",11.2,1,1002.3,1,"","","","","","",6,1,0,1,5,1,4,1,2,1,"","","","","","","","","","","","","","","","","","","","","","","","",13000,1,"","",21,1,6,1,"","","","","","","","","","",5,1,"","","","","","","","","","","","","","","","","","","","","","","","","","","","","","","","","","","","","","","","","","","","","","","","","","","","","",""
"50020001","PTE DE LA HAGUE",49.725167,-1.939833,6,1951032400,"","","","",13.,1,"","","","","","","","","","","","","","","","","","","","","","","","","","","","","","",7.,1,4.2,1,"","","","","","","","","","","","","","","","","","","","","","","","","","",80,1,"","","","","","","","","","","","",8.3,1,1010.1,1,"","","","","","",5,1,0,1,2,1,0,1,2,1,"","","","","","","","","","","","","","","","","","","","","","","","",32000,1,"","",2,1,6,1,"","","","","","","","","","",6,1,"","","","","","","","","","","","","","","","","","","","","","","","","","","","","","","","","","","","","","","","","","","","","","","","","","","","","",""
"50020001","PTE DE LA HAGUE",49.725167,-1.939833,6,1951032406,"","","","",15.,1,"","","","","","","","","","","","","","","","","","","","","","","","","","","","","","",6.6,1,2.2,1,"","","","","","","","","","","","","","","","","","","","","","","","","","",71,1,"","","","","","","","","","","","",7.2,1,1015.7,1,"","","","","","",1,1,0,1,1,1,0,1,0,1,"","","","","","","","","","","","","","","","","","","","","","","","",23000,1,"","",2,1,0,1,"","","","","","","","","","",6,1,"","","","","","","","","","","","","","","","","","","","","","","","","","","","","","","","","","","","","","","","","","","","","","","","","","","","","",""
"50020001","PTE DE LA HAGUE",49.725167,-1.939833,6,1951032409,"","","","",10.,1,"","","","","","","","","","","","","","","","","","","","","","","","","","","","","","",6.6,1,3.3,1,"","","","","","","","","","","","","","","","","","","","","","","","","","",82,1,"","","","","","","","","","","","",7.8,1,1017.8,1,"","","","","","",5,1,0,1,3,1,4,1,0,1,"","","","","","","","","","","","","","","","","","","","","","","","",28000,1,"","",25,1,8,1,"","","","","","","","","","",5,1,"","","","","","","","","","","","","","","","","","","","","","","","","","","","","","","","","","","","","","","","","","","","","","","","","","","","","",""
"50020001","PTE DE LA HAGUE",49.725167,-1.939833,6,1951032412,"","","","",13.,1,"","","","","","","","","","","","","","","","","","","","","","","","","","","","","","",7.,1,0.4,1,"","","","","","","","","","","","","","","","","","","","","","","","","","",60,1,"","","","","","","","","","","","",6.3,1,1018.5,1,"","","","","","",7,1,6,1,3,1,4,1,0,1,"","","","","","","","","","","","","","","","","","","","","","","","",35000,1,"","",80,1,8,1,"","","","","","","","","","",5,1,"","","","","","","","","","","","","","","","","","","","","","","","","","","","","","","","","","","","","","","","","","","","","","","","","","","","","",""
"50020001","PTE DE LA HAGUE",49.725167,-1.939833,6,1951032415,"","","","",9.,1,"","","","","","","","","","","","","","","","","","","","","","","","","","","","","","",7.2,1,2.4,1,"","","","","","","","","","","","","","","","","","","","","","","","","","",74,1,"","","","","","","","","","","","",7.3,1,1017.9,1,"","","","","","",6,1,6,1,3,1,0,1,0,1,"","","","","","","","","","","","","","","","","","","","","","","","",30000,1,"","",27,1,8,1,"","","","","","","","","","",5,1,"","","","","","","","","","","","","","","","","","","","","","","","","","","","","","","","","","","","","","","","","","","","","","","","","","","","","",""
"50020001","PTE DE LA HAGUE",49.725167,-1.939833,6,1951032418,"","","","",9.,1,"","","","","","","","","","","","","","","","","","","","","","","","","","","","","","",6.6,1,0.4,1,"","","","","","","","","","","","","","","","","","","","","","","","","","",65,1,"","","","","","","","","","","","",6.3,1,1019.3,1,"","","","","","",3,1,0,1,2,1,0,1,0,1,"","","","","","","","","","","","","","","","","","","","","","","","",32000,1,"","",2,1,8,1,"","","","","","","","","","",6,1,"","","","","","","","","","","","","","","","","","","","","","","","","","","","","","","","","","","","","","","","","","","","","","","","","","","","","",""
"50020001","PTE DE LA HAGUE",49.725167,-1.939833,6,1951032500,"","","","",10.,1,"","","","","","","","","","","","","","","","","","","","","","","","","","","","","","",5.8,1,-0.9,1,"","","","","","","","","","","","","","","","","","","","","","","","","","",63,1,"","","","","","","","","","","","",5.7,1,1021.4,1,"","","","","","",1,1,0,1,1,1,0,1,1,1,"","","","","","","","","","","","","","","","","","","","","","","","",45000,1,"","",2,1,0,1,"","","","","","","","","","",5,1,"","","","","","","","","","","","","","","","","","","","","","","","","","","","","","","","","","","","","","","","","","","","","","","","","","","","","",""
"50020001","PTE DE LA HAGUE",49.725167,-1.939833,6,1951032506,"","","","",8.,1,"","","","","","","","","","","","","","","","","","","","","","","","","","","","","","",5.,1,0.4,1,"","","","","","","","","","","","","","","","","","","","","","","","","","",74,1,"","","","","","","","","","","","",6.3,1,1020.9,1,"","","","","","",6,1,6,1,2,1,0,1,0,1,"","","","","","","","","","","","","","","","","","","","","","","","",30000,1,"","",2,1,1,1,"","","","","","","","","","",5,1,"","","","","","","","","","","","","","","","","","","","","","","","","","","","","","","","","","","","","","","","","","","","","","","","","","","","","",""
"50020001","PTE DE LA HAGUE",49.725167,-1.939833,6,1951032509,"","","","",6.,1,"","","","","","","","","","","","","","","","","","","","","","","","","","","","","","",5.8,1,0.6,1,"","","","","","","","","","","","","","","","","","","","","","","","","","",67,1,"","","","","","","","","","","","",6.4,1,1021.8,1,"","","","","","",6,1,6,1,2,1,0,1,0,1,"","","","","","","","","","","","","","","","","","","","","","","","",35000,1,"","",2,1,2,1,"","","","","","","","","","",5,1,"","","","","","","","","","","","","","","","","","","","","","","","","","","","","","","","","","","","","","","","","","","","","","","","","","","","","",""
"50020001","PTE DE LA HAGUE",49.725167,-1.939833,6,1951032512,"","","","",4.,1,"","","","","","","","","","","","","","","","","","","","","","","","","","","","","","",6.6,1,0.2,1,"","","","","","","","","","","","","","","","","","","","","","","","","","",63,1,"","","","","","","","","","","","",6.2,1,1021.4,1,"","","","","","",5,1,0,1,2,1,0,1,4,1,"","","","","","","","","","","","","","","","","","","","","","","","",42000,1,"","",3,1,1,1,"","","","","","","","","","",4,1,"","","","","","","","","","","","","","","","","","","","","","","","","","","","","","","","","","","","","","","","","","","","","","","","","","","","","",""
"50020001","PTE DE LA HAGUE",49.725167,-1.939833,6,1951032515,"","","","",4.,1,"","","","","","","","","","","","","","","","","","","","","","","","","","","","","","",8.4,1,2.8,1,"","","","","","","","","","","","","","","","","","","","","","","","","","",68,1,"","","","","","","","","","","","",7.5,1,1019.9,1,"","","","","","",4,1,0,1,2,1,0,1,8,1,"","","","","","","","","","","","","","","","","","","","","","","","",32000,1,"","",2,1,1,1,"","","","","","","","","","",4,1,"","","","","","","","","","","","","","","","","","","","","","","","","","","","","","","","","","","","","","","","","","","","","","","","","","","","","",""
"50020001","PTE DE LA HAGUE",49.725167,-1.939833,6,1951032518,"","","","",5.,1,"","","","","","","","","","","","","","","","","","","","","","","","","","","","","","",7.4,1,3.5,1,"","","","","","","","","","","","","","","","","","","","","","","","","","",75,1,"","","","","","","","","","","","",7.9,1,1018.1,1,"","","","","","",8,1,0,1,2,1,9,1,7,1,"","","","","","","","","","","","","","","","","","","","","","","","",30000,1,"","",3,1,1,1,"","","","","","","","","","","","","","","","","","","","","","","","","","","","","","","","","","","","","","","","","","","","","","","","","","","","","","","","","","","","","","","","","",""
"50020001","PTE DE LA HAGUE",49.725167,-1.939833,6,1951032600,"","","","",9.,1,"","","","","","","","","","","","","","","","","","","","","","","","","","","","","","",8.,1,5.9,1,"","","","","","","","","","","","","","","","","","","","","","","","","","",89,1,"","","","","","","","","","","","",9.4,1,1013.5,1,"","","","","","",8,1,6,1,2,1,2,1,"","","","","","","","","","","","","","","","","","","","","","","","","","",25000,1,"","",2,1,2,1,"","","","","","","","","","",4,1,"","","","","","","","","","","","","","","","","","","","","","","","","","","","","","","","","","","","","","","","","","","","","","","","","","","","","",""
"50020001","PTE DE LA HAGUE",49.725167,-1.939833,6,1951032606,"","","","",5.,1,"","","","","","","","","","","","","","","","","","","","","","","","","","","","","","",8.,1,7.6,1,"","","","","","","","","","","","","","","","","","","","","","","","","","",97,1,"","","","","","","","","","","","",10.6,1,1010.6,1,"","","","","","",8,1,8,1,6,1,"","","","","","","","","","","","","","","","","","","","","","","","","","","","",6000,1,"","",61,1,6,1,"","","","","","","","","","",4,1,"","","","","","","","","","","","","","","","","","","","","","","","","","","","","","","","","","","","","","","","","","","","","","","","","","","","","",""
"50020001","PTE DE LA HAGUE",49.725167,-1.939833,6,1951032609,"","","","",6.,1,"","","","","","","","","","","","","","","","","","","","","","","","","","","","","","",8.,1,8.,1,"","","","","","","","","","","","","","","","","","","","","","","","","","",100,1,"","","","","","","","","","","","",10.7,1,1009.9,1,"","","","","","",8,1,8,1,6,1,"","","","","","","","","","","","","","","","","","","","","","","","","","","","",5000,1,"","",53,1,6,1,"","","","","","","","","","",5,1,"","","","","","","","","","","","","","","","","","","","","","","","","","","","","","","","","","","","","","","","","","","","","","","","","","","","","",""
"50020001","PTE DE LA HAGUE",49.725167,-1.939833,6,1951032612,"","","","",6.,1,"","","","","","","","","","","","","","","","","","","","","","","","","","","","","","",8.8,1,7.1,1,"","","","","","","","","","","","","","","","","","","","","","","","","","",92,1,"","","","","","","","","","","","",10.2,1,1009.1,1,"","","","","","",7,1,7,1,0,1,7,1,0,1,"","","","","","","","","","","","","","","","","","","","","","","","",28000,1,"","",2,1,6,1,"","","","","","","","","","",4,1,"","","","","","","","","","","","","","","","","","","","","","","","","","","","","","","","","","","","","","","","","","","","","","","","","","","","","",""
"50020001","PTE DE LA HAGUE",49.725167,-1.939833,6,1951032615,"","","","",6.,1,"","","","","","","","","","","","","","","","","","","","","","","","","","","","","","",9.,1,8.5,1,"","","","","","","","","","","","","","","","","","","","","","","","","","",97,1,"","","","","","","","","","","","",11.3,1,1007.1,1,"","","","","","",8,1,8,1,6,1,"","","","","","","","","","","","","","","","","","","","","","","","","","","","",8000,1,"","",52,1,5,1,"","","","","","","","","","",4,1,"","","","","","","","","","","","","","","","","","","","","","","","","","","","","","","","","","","","","","","","","","","","","","","","","","","","","",""
"50020001","PTE DE LA HAGUE",49.725167,-1.939833,6,1951032618,"","","","",9.,1,"","","","","","","","","","","","","","","","","","","","","","","","","","","","","","",8.6,1,7.6,1,"","","","","","","","","","","","","","","","","","","","","","","","","","",97,1,"","","","","","","","","","","","",10.6,1,1004.9,1,"","","","","","",8,1,6,1,6,1,9,1,"","","","","","","","","","","","","","","","","","","","","","","","","","",10000,1,"","",20,1,5,1,"","","","","","","","","","",5,1,"","","","","","","","","","","","","","","","","","","","","","","","","","","","","","","","","","","","","","","","","","","","","","","","","","","","","",""
"50020001","PTE DE LA HAGUE",49.725167,-1.939833,6,1951032700,"","","","",6.,1,"","","","","","","","","","","","","","","","","","","","","","","","","","","","","","",7.4,1,6.6,1,"","","","","","","","","","","","","","","","","","","","","","","","","","",97,1,"","","","","","","","","","","","",9.9,1,1003.1,1,"","","","","","",8,1,8,1,0,1,7,1,"","","","","","","","","","","","","","","","","","","","","","","","","","",28000,1,"","",0,1,6,1,"","","","","","","","","","",4,1,"","","","","","","","","","","","","","","","","","","","","","","","","","","","","","","","","","","","","","","","","","","","","","","","","","","","","",""
"50020001","PTE DE LA HAGUE",49.725167,-1.939833,6,1951032706,"","","","",8.,1,"","","","","","","","","","","","","","","","","","","","","","","","","","","","","","",8.2,1,5.9,1,"","","","","","","","","","","","","","","","","","","","","","","","","","",89,1,"","","","","","","","","","","","",9.4,1,1002.6,1,"","","","","","",7,1,0,1,2,1,9,1,2,1,"","","","","","","","","","","","","","","","","","","","","","","","",14000,1,"","",2,1,6,1,"","","","","","","","","","",4,1,"","","","","","","","","","","","","","","","","","","","","","","","","","","","","","","","","","","","","","","","","","","","","","","","","","","","","",""
"50020001","PTE DE LA HAGUE",49.725167,-1.939833,6,1951032709,"","","","",7.,1,"","","","","","","","","","","","","","","","","","","","","","","","","","","","","","",8.2,1,5.6,1,"","","","","","","","","","","","","","","","","","","","","","","","","","",86,1,"","","","","","","","","","","","",9.2,1,1003.4,1,"","","","","","",6,1,0,1,2,1,0,1,4,1,"","","","","","","","","","","","","","","","","","","","","","","","",17000,1,"","",3,1,2,1,"","","","","","","","","","",5,1,"","","","","","","","","","","","","","","","","","","","","","","","","","","","","","","","","","","","","","","","","","","","","","","","","","","","","",""
"50020001","PTE DE LA HAGUE",49.725167,-1.939833,6,1951032712,"","","","",7.,1,"","","","","","","","","","","","","","","","","","","","","","","","","","","","","","",8.8,1,5.,1,"","","","","","","","","","","","","","","","","","","","","","","","","","",78,1,"","","","","","","","","","","","",8.8,1,1004.2,1,"","","","","","",7,1,7,1,3,1,0,1,0,1,"","","","","","","","","","","","","","","","","","","","","","","","",25000,1,"","",15,1,8,1,"","","","","","","","","","",5,1,"","","","","","","","","","","","","","","","","","","","","","","","","","","","","","","","","","","","","","","","","","","","","","","","","","","","","",""
"50020001","PTE DE LA HAGUE",49.725167,-1.939833,6,1951032715,"","","","",10.,1,"","","","","","","","","","","","","","","","","","","","","","","","","","","","","","",5.,1,2.6,1,"","","","","","","","","","","","","","","","","","","","","","","","","","",84,1,"","","","","","","","","","","","",7.4,1,1007.8,1,"","","","","","",8,1,8,1,2,1,"","","","","","","","","","","","","","","","","","","","","","","","","","","","",26000,1,"","",2,1,2,1,"","","","","","","","","","",5,1,"","","","","","","","","","","","","","","","","","","","","","","","","","","","","","","","","","","","","","","","","","","","","","","","","","","","","",""
"50020001","PTE DE LA HAGUE",49.725167,-1.939833,6,1951032718,"","","","",4.,1,"","","","","","","","","","","","","","","","","","","","","","","","","","","","","","",6.6,1,2.8,1,"","","","","","","","","","","","","","","","","","","","","","","","","","",77,1,"","","","","","","","","","","","",7.5,1,1011.3,1,"","","","","","",4,1,0,1,2,1,0,1,0,1,"","","","","","","","","","","","","","","","","","","","","","","","",25000,1,"","",2,1,1,1,"","","","","","","","","","",4,1,"","","","","","","","","","","","","","","","","","","","","","","","","","","","","","","","","","","","","","","","","","","","","","","","","","","","","",""
"50020001","PTE DE LA HAGUE",49.725167,-1.939833,6,1951032800,"","","","",1.,1,"","","","","","","","","","","","","","","","","","","","","","","","","","","","","","",6.2,1,-1.9,1,"","","","","","","","","","","","","","","","","","","","","","","","","","",58,1,"","","","","","","","","","","","",5.3,1,1014.7,1,"","","","","","",1,1,0,1,1,1,0,1,0,1,"","","","","","","","","","","","","","","","","","","","","","","","",30000,1,"","",2,1,0,1,"","","","","","","","","","",3,1,"","","","","","","","","","","","","","","","","","","","","","","","","","","","","","","","","","","","","","","","","","","","","","","","","","","","","",""
"50020001","PTE DE LA HAGUE",49.725167,-1.939833,6,1951032806,"","","","",5.,1,"","","","","","","","","","","","","","","","","","","","","","","","","","","","","","",5.2,1,-0.7,1,"","","","","","","","","","","","","","","","","","","","","","","","","","",66,1,"","","","","","","","","","","","",5.8,1,1014.7,1,"","","","","","",3,1,0,1,2,1,0,1,0,1,"","","","","","","","","","","","","","","","","","","","","","","","",28000,1,"","",2,1,0,1,"","","","","","","","","","",4,1,"","","","","","","","","","","","","","","","","","","","","","","","","","","","","","","","","","","","","","","","","","","","","","","","","","","","","",""
"50020001","PTE DE LA HAGUE",49.725167,-1.939833,6,1951032809,"","","","",3.,1,"","","","","","","","","","","","","","","","","","","","","","","","","","","","","","",5.6,1,-0.7,1,"","","","","","","","","","","","","","","","","","","","","","","","","","",66,1,"","","","","","","","","","","","",5.8,1,1015.1,1,"","","","","","",5,1,5,1,2,1,0,1,0,1,"","","","","","","","","","","","","","","","","","","","","","","","",28000,1,"","",2,1,1,1,"","","","","","","","","","",4,1,"","","","","","","","","","","","","","","","","","","","","","","","","","","","","","","","","","","","","","","","","","","","","","","","","","","","","",""
"50020001","PTE DE LA HAGUE",49.725167,-1.939833,6,1951032812,"","","","",2.,1,"","","","","","","","","","","","","","","","","","","","","","","","","","","","","","",5.8,1,-0.9,1,"","","","","","","","","","","","","","","","","","","","","","","","","","",63,1,"","","","","","","","","","","","",5.7,1,1015.3,1,"","","","","","",7,1,7,1,3,1,0,1,0,1,"","","","","","","","","","","","","","","","","","","","","","","","",27000,1,"","",15,1,2,1,"","","","","","","","","","",4,1,"","","","","","","","","","","","","","","","","","","","","","","","","","","","","","","","","","","","","","","","","","","","","","","","","","","","","",""
"50020001","PTE DE LA HAGUE",49.725167,-1.939833,6,1951032815,"","","","",2.,1,"","","","","","","","","","","","","","","","","","","","","","","","","","","","","","",6.4,1,-0.5,1,"","","","","","","","","","","","","","","","","","","","","","","","","","",60,1,"","","","","","","","","","","","",5.9,1,1014.3,1,"","","","","","",2,1,0,1,2,1,0,1,0,1,"","","","","","","","","","","","","","","","","","","","","","","","",35000,1,"","",1,1,2,1,"","","","","","","","","","",3,1,"","","","","","","","","","","","","","","","","","","","","","","","","","","","","","","","","","","","","","","","","","","","","","","","","","","","","",""
"50020001","PTE DE LA HAGUE",49.725167,-1.939833,6,1951032818,"","","","",4.,1,"","","","","","","","","","","","","","","","","","","","","","","","","","","","","","",6.2,1,0.,1,"","","","","","","","","","","","","","","","","","","","","","","","","","",62,1,"","","","","","","","","","","","",6.1,1,1013.3,1,"","","","","","",5,1,0,1,2,1,4,1,0,1,"","","","","","","","","","","","","","","","","","","","","","","","",42000,1,"","",2,1,1,1,"","","","","","","","","","",4,1,"","","","","","","","","","","","","","","","","","","","","","","","","","","","","","","","","","","","","","","","","","","","","","","","","","","","","",""
"50020001","PTE DE LA HAGUE",49.725167,-1.939833,6,1951032900,"","","","",3.,1,"","","","","","","","","","","","","","","","","","","","","","","","","","","","","","",5.4,1,-0.9,1,"","","","","","","","","","","","","","","","","","","","","","","","","","",63,1,"","","","","","","","","","","","",5.7,1,1010.7,1,"","","","","","",3,1,0,1,2,1,0,1,0,1,"","","","","","","","","","","","","","","","","","","","","","","","",32000,1,"","",2,1,1,1,"","","","","","","","","","",3,1,"","","","","","","","","","","","","","","","","","","","","","","","","","","","","","","","","","","","","","","","","","","","","","","","","","","","","",""
"50020001","PTE DE LA HAGUE",49.725167,-1.939833,6,1951032906,"","","","",6.,1,"","","","","","","","","","","","","","","","","","","","","","","","","","","","","","",4.,1,3.3,1,"","","","","","","","","","","","","","","","","","","","","","","","","","",94,1,"","","","","","","","","","","","",7.8,1,1003.7,1,"","","","","","",8,1,8,1,5,1,"","","","","","","","","","","","","","","","","","","","","","","","","","","","",11000,1,"","",63,1,6,1,"","","","","","","","","","",4,1,"","","","","","","","","","","","","","","","","","","","","","","","","","","","","","","","","","","","","","","","","","","","","","","","","","","","","",""
"50020001","PTE DE LA HAGUE",49.725167,-1.939833,6,1951032909,"","","","",6.,1,"","","","","","","","","","","","","","","","","","","","","","","","","","","","","","",4.4,1,3.3,1,"","","","","","","","","","","","","","","","","","","","","","","","","","",94,1,"","","","","","","","","","","","",7.8,1,999.9,1,"","","","","","",8,1,8,1,7,1,"","","","","","","","","","","","","","","","","","","","","","","","","","","","",10000,1,"","",61,1,6,1,"","","","","","","","","","",4,1,"","","","","","","","","","","","","","","","","","","","","","","","","","","","","","","","","","","","","","","","","","","","","","","","","","","","","",""
"50020001","PTE DE LA HAGUE",49.725167,-1.939833,6,1951032912,"","","","",8.,1,"","","","","","","","","","","","","","","","","","","","","","","","","","","","","","",3.4,1,2.4,1,"","","","","","","","","","","","","","","","","","","","","","","","","","",93,1,"","","","","","","","","","","","",7.3,1,995.4,1,"","","","","","",8,1,8,1,7,1,"","","","","","","","","","","","","","","","","","","","","","","","","","","","",7000,1,"","",63,1,6,1,"","","","","","","","","","",4,1,"","","","","","","","","","","","","","","","","","","","","","","","","","","","","","","","","","","","","","","","","","","","","","","","","","","","","",""
"50020001","PTE DE LA HAGUE",49.725167,-1.939833,6,1951032915,"","","","",10.,1,"","","","","","","","","","","","","","","","","","","","","","","","","","","","","","",4.6,1,3.3,1,"","","","","","","","","","","","","","","","","","","","","","","","","","",94,1,"","","","","","","","","","","","",7.8,1,991.1,1,"","","","","","",8,1,8,1,7,1,"","","","","","","","","","","","","","","","","","","","","","","","","","","","",6000,1,"","",63,1,6,1,"","","","","","","","","","",4,1,"","","","","","","","","","","","","","","","","","","","","","","","","","","","","","","","","","","","","","","","","","","","","","","","","","","","","",""
"50020001","PTE DE LA HAGUE",49.725167,-1.939833,6,1951032918,"","","","",6.,1,"","","","","","","","","","","","","","","","","","","","","","","","","","","","","","",5.6,1,4.5,1,"","","","","","","","","","","","","","","","","","","","","","","","","","",97,1,"","","","","","","","","","","","",8.5,1,990.3,1,"","","","","","",7,1,7,1,5,1,0,1,0,1,"","","","","","","","","","","","","","","","","","","","","","","","",28000,1,"","",2,1,6,1,"","","","","","","","","","",3,1,"","","","","","","","","","","","","","","","","","","","","","","","","","","","","","","","","","","","","","","","","","","","","","","","","","","","","",""
"50020001","PTE DE LA HAGUE",49.725167,-1.939833,6,1951033000,"","","","",13.,1,"","","","","","","","","","","","","","","","","","","","","","","","","","","","","","",5.2,1,2.8,1,"","","","","","","","","","","","","","","","","","","","","","","","","","",87,1,"","","","","","","","","","","","",7.5,1,992.7,1,"","","","","","",8,1,8,1,7,1,"","","","","","","","","","","","","","","","","","","","","","","","","","","","",12000,1,"","",60,1,6,1,"","","","","","","","","","",5,1,"","","","","","","","","","","","","","","","","","","","","","","","","","","","","","","","","","","","","","","","","","","","","","","","","","","","","",""
"50020001","PTE DE LA HAGUE",49.725167,-1.939833,6,1951033006,"","","","",20.,1,"","","","","","","","","","","","","","","","","","","","","","","","","","","","","","",5.,1,2.6,1,"","","","","","","","","","","","","","","","","","","","","","","","","","",84,1,"","","","","","","","","","","","",7.4,1,997.4,1,"","","","","","",8,1,8,1,2,1,"","","","","","","","","","","","","","","","","","","","","","","","","","","","",9000,1,"","",21,1,6,1,"","","","","","","","","","",6,1,"","","","","","","","","","","","","","","","","","","","","","","","","","","","","","","","","","","","","","","","","","","","","","","","","","","","","",""
"50020001","PTE DE LA HAGUE",49.725167,-1.939833,6,1951033009,"","","","",18.,1,"","","","","","","","","","","","","","","","","","","","","","","","","","","","","","",4.8,1,2.2,1,"","","","","","","","","","","","","","","","","","","","","","","","","","",81,1,"","","","","","","","","","","","",7.2,1,1001.8,1,"","","","","","",7,1,7,1,2,1,0,1,0,1,"","","","","","","","","","","","","","","","","","","","","","","","",12000,1,"","",2,1,2,1,"","","","","","","","","","",6,1,"","","","","","","","","","","","","","","","","","","","","","","","","","","","","","","","","","","","","","","","","","","","","","","","","","","","","",""
"50020001","PTE DE LA HAGUE",49.725167,-1.939833,6,1951033012,"","","","",12.,1,"","","","","","","","","","","","","","","","","","","","","","","","","","","","","","",5.6,1,1.4,1,"","","","","","","","","","","","","","","","","","","","","","","","","","",76,1,"","","","","","","","","","","","",6.8,1,1004.5,1,"","","","","","",3,1,0,1,2,1,0,1,0,1,"","","","","","","","","","","","","","","","","","","","","","","","",13000,1,"","",1,1,2,1,"","","","","","","","","","",6,1,"","","","","","","","","","","","","","","","","","","","","","","","","","","","","","","","","","","","","","","","","","","","","","","","","","","","","",""
"50020001","PTE DE LA HAGUE",49.725167,-1.939833,6,1951033015,"","","","",8.,1,"","","","","","","","","","","","","","","","","","","","","","","","","","","","","","",6.,1,1.,1,"","","","","","","","","","","","","","","","","","","","","","","","","","",70,1,"","","","","","","","","","","","",6.6,1,1008.1,1,"","","","","","",1,1,0,1,2,1,0,1,0,1,"","","","","","","","","","","","","","","","","","","","","","","","",17000,1,"","",2,1,0,1,"","","","","","","","","","",5,1,"","","","","","","","","","","","","","","","","","","","","","","","","","","","","","","","","","","","","","","","","","","","","","","","","","","","","",""
"50020001","PTE DE LA HAGUE",49.725167,-1.939833,6,1951033018,"","","","",4.,1,"","","","","","","","","","","","","","","","","","","","","","","","","","","","","","",7.,1,-1.9,1,"","","","","","","","","","","","","","","","","","","","","","","","","","",53,1,"","","","","","","","","","","","",5.3,1,1009.,1,"","","","","","",3,1,0,1,2,1,0,1,0,1,"","","","","","","","","","","","","","","","","","","","","","","","",30000,1,"","",2,1,1,1,"","","","","","","","","","",4,1,"","","","","","","","","","","","","","","","","","","","","","","","","","","","","","","","","","","","","","","","","","","","","","","","","","","","","",""
"50020001","PTE DE LA HAGUE",49.725167,-1.939833,6,1951033100,"","","","",1.,1,"","","","","","","","","","","","","","","","","","","","","","","","","","","","","","",5.6,1,-1.4,1,"","","","","","","","","","","","","","","","","","","","","","","","","","",61,1,"","","","","","","","","","","","",5.5,1,1011.3,1,"","","","","","",1,1,0,1,0,1,4,1,0,1,"","","","","","","","","","","","","","","","","","","","","","","","",35000,1,"","",2,1,0,1,"","","","","","","","","","",3,1,"","","","","","","","","","","","","","","","","","","","","","","","","","","","","","","","","","","","","","","","","","","","","","","","","","","","","",""
"50020001","PTE DE LA HAGUE",49.725167,-1.939833,6,1951033106,"","","","",4.,1,"","","","","","","","","","","","","","","","","","","","","","","","","","","","","","",5.4,1,1.2,1,"","","","","","","","","","","","","","","","","","","","","","","","","","",73,1,"","","","","","","","","","","","",6.7,1,1011.4,1,"","","","","","",8,1,5,1,2,1,0,1,7,1,"","","","","","","","","","","","","","","","","","","","","","","","",26000,1,"","",3,1,1,1,"","","","","","","","","","",3,1,"","","","","","","","","","","","","","","","","","","","","","","","","","","","","","","","","","","","","","","","","","","","","","","","","","","","","",""
"50020001","PTE DE LA HAGUE",49.725167,-1.939833,6,1951033109,"","","","",6.,1,"","","","","","","","","","","","","","","","","","","","","","","","","","","","","","",6.4,1,0.6,1,"","","","","","","","","","","","","","","","","","","","","","","","","","",67,1,"","","","","","","","","","","","",6.4,1,1011.,1,"","","","","","",8,1,7,1,2,1,7,1,"","","","","","","","","","","","","","","","","","","","","","","","","","",42000,1,"","",2,1,2,1,"","","","","","","","","","",3,1,"","","","","","","","","","","","","","","","","","","","","","","","","","","","","","","","","","","","","","","","","","","","","","","","","","","","","",""
"50020001","PTE DE LA HAGUE",49.725167,-1.939833,6,1951033112,"","","","",9.,1,"","","","","","","","","","","","","","","","","","","","","","","","","","","","","","",7.6,1,3.8,1,"","","","","","","","","","","","","","","","","","","","","","","","","","",77,1,"","","","","","","","","","","","",8.1,1,1009.3,1,"","","","","","",8,1,8,1,2,1,2,1,"","","","","","","","","","","","","","","","","","","","","","","","","","",29000,1,"","",2,1,2,1,"","","","","","","","","","",4,1,"","","","","","","","","","","","","","","","","","","","","","","","","","","","","","","","","","","","","","","","","","","","","","","","","","","","","",""
"50020001","PTE DE LA HAGUE",49.725167,-1.939833,6,1951033115,"","","","",11.,1,"","","","","","","","","","","","","","","","","","","","","","","","","","","","","","",8.,1,6.1,1,"","","","","","","","","","","","","","","","","","","","","","","","","","",92,1,"","","","","","","","","","","","",9.5,1,1006.6,1,"","","","","","",8,1,7,1,7,1,2,1,"","","","","","","","","","","","","","","","","","","","","","","","","","",16000,1,"","",60,1,6,1,"","","","","","","","","","",5,1,"","","","","","","","","","","","","","","","","","","","","","","","","","","","","","","","","","","","","","","","","","","","","","","","","","","","","",""
"50020001","PTE DE LA HAGUE",49.725167,-1.939833,6,1951033118,"","","","",7.,1,"","","","","","","","","","","","","","","","","","","","","","","","","","","","","","",8.6,1,6.9,1,"","","","","","","","","","","","","","","","","","","","","","","","","","",89,1,"","","","","","","","","","","","",10.1,1,1006.5,1,"","","","","","",8,1,0,1,2,1,7,1,"","","","","","","","","","","","","","","","","","","","","","","","","","",19000,1,"","",2,1,8,1,"","","","","","","","","","",4,1,"","","","","","","","","","","","","","","","","","","","","","","","","","","","","","","","","","","","","","","","","","","","","","","","","","","","","",""
"50020001","PTE DE LA HAGUE",49.725167,-1.939833,6,1951040100,"","","","",7.,1,"","","","","","","","","","","","","","","","","","","","","","","","","","","","","","",7.6,1,5.9,1,"","","","","","","","","","","","","","","","","","","","","","","","","","",89,1,"","","","","","","","","","","","",9.4,1,1006.7,1,"","","","","","",6,1,5,1,2,1,0,1,2,1,"","","","","","","","","","","","","","","","","","","","","","","","",18000,1,"","",2,1,6,1,"","","","","","","","","","",4,1,"","","","","","","","","","","","","","","","","","","","","","","","","","","","","","","","","","","","","","","","","","","","","","","","","","","","","",""
"50020001","PTE DE LA HAGUE",49.725167,-1.939833,6,1951040106,"","","","",9.,1,"","","","","","","","","","","","","","","","","","","","","","","","","","","","","","",8.,1,5.9,1,"","","","","","","","","","","","","","","","","","","","","","","","","","",89,1,"","","","","","","","","","","","",9.4,1,1004.5,1,"","","","","","",8,1,7,1,0,1,7,1,2,1,"","","","","","","","","","","","","","","","","","","","","","","","",22000,1,"","",2,1,2,1,"","","","","","","","","","",4,1,"","","","","","","","","","","","","","","","","","","","","","","","","","","","","","","","","","","","","","","","","","","","","","","","","","","","","",""
"50020001","PTE DE LA HAGUE",49.725167,-1.939833,6,1951040109,"","","","",9.,1,"","","","","","","","","","","","","","","","","","","","","","","","","","","","","","",8.3,1,7.1,1,"","","","","","","","","","","","","","","","","","","","","","","","","","",92,1,"","","","","","","","","","","","",10.2,1,1002.9,1,"","","","","","",8,1,7,1,5,1,9,1,"","","","","","","","","","","","","","","","","","","","","","","","","","",16000,1,"","",2,1,6,1,"","","","","","","","","","",4,1,"","","","","","","","","","","","","","","","","","","","","","","","","","","","","","","","","","","","","","","","","","","","","","","","","","","","","",""
"50020001","PTE DE LA HAGUE",49.725167,-1.939833,6,1951040112,"","","","",12.,1,"","","","","","","","","","","","","","","","","","","","","","","","","","","","","","",9.,1,6.4,1,"","","","","","","","","","","","","","","","","","","","","","","","","","",84,1,"","","","","","","","","","","","",9.7,1,1002.9,1,"","","","","","",3,1,0,1,2,1,0,1,2,1,"","","","","","","","","","","","","","","","","","","","","","","","",16000,1,"","",2,1,6,1,"","","","","","","","","","",5,1,"","","","","","","","","","","","","","","","","","","","","","","","","","","","","","","","","","","","","","","","","","","","","","","","","","","","","",""
"50020001","PTE DE LA HAGUE",49.725167,-1.939833,6,1951040115,"","","","",14.,1,"","","","","","","","","","","","","","","","","","","","","","","","","","","","","","",10.,1,5.6,1,"","","","","","","","","","","","","","","","","","","","","","","","","","",74,1,"","","","","","","","","","","","",9.2,1,1002.2,1,"","","","","","",7,1,6,1,5,1,7,1,0,1,"","","","","","","","","","","","","","","","","","","","","","","","",6000,1,"","",2,1,1,1,"","","","","","","","","","",5,1,"","","","","","","","","","","","","","","","","","","","","","","","","","","","","","","","","","","","","","","","","","","","","","","","","","","","","",""
"50020001","PTE DE LA HAGUE",49.725167,-1.939833,6,1951040118,"","","","",13.,1,"","","","","","","","","","","","","","","","","","","","","","","","","","","","","","",8.8,1,6.8,1,"","","","","","","","","","","","","","","","","","","","","","","","","","",86,1,"","","","","","","","","","","","",10.,1,1002.7,1,"","","","","","",7,1,7,1,5,1,0,1,2,1,"","","","","","","","","","","","","","","","","","","","","","","","",8000,1,"","",2,1,6,1,"","","","","","","","","","",5,1,"","","","","","","","","","","","","","","","","","","","","","","","","","","","","","","","","","","","","","","","","","","","","","","","","","","","","",""
"50020001","PTE DE LA HAGUE",49.725167,-1.939833,6,1951040200,"","","","",10.,1,"","","","","","","","","","","","","","","","","","","","","","","","","","","","","","",8.,1,5.1,1,"","","","","","","","","","","","","","","","","","","","","","","","","","",81,1,"","","","","","","","","","","","",8.9,1,1004.7,1,"","","","","","",5,1,5,1,2,1,0,1,0,1,"","","","","","","","","","","","","","","","","","","","","","","","",22000,1,"","",2,1,1,1,"","","","","","","","","","",5,1,"","","","","","","","","","","","","","","","","","","","","","","","","","","","","","","","","","","","","","","","","","","","","","","","","","","","","",""
"50020001","PTE DE LA HAGUE",49.725167,-1.939833,6,1951040206,"","","","",14.,1,"","","","","","","","","","","","","","","","","","","","","","","","","","","","","","",6.6,1,5.1,1,"","","","","","","","","","","","","","","","","","","","","","","","","","",91,1,"","","","","","","","","","","","",8.9,1,1006.7,1,"","","","","","",7,1,6,1,9,1,0,1,3,1,"","","","","","","","","","","","","","","","","","","","","","","","",12000,1,"","",81,1,8,1,"","","","","","","","","","",5,1,"","","","","","","","","","","","","","","","","","","","","","","","","","","","","","","","","","","","","","","","","","","","","","","","","","","","","",""
"50020001","PTE DE LA HAGUE",49.725167,-1.939833,6,1951040209,"","","","",6.,1,"","","","","","","","","","","","","","","","","","","","","","","","","","","","","","",7.4,1,4.5,1,"","","","","","","","","","","","","","","","","","","","","","","","","","",85,1,"","","","","","","","","","","","",8.5,1,1008.2,1,"","","","","","",6,1,0,1,2,1,4,1,0,1,"","","","","","","","","","","","","","","","","","","","","","","","",35000,1,"","",2,1,2,1,"","","","","","","","","","",4,1,"","","","","","","","","","","","","","","","","","","","","","","","","","","","","","","","","","","","","","","","","","","","","","","","","","","","","",""
"50020001","PTE DE LA HAGUE",49.725167,-1.939833,6,1951040212,"","","","",5.,1,"","","","","","","","","","","","","","","","","","","","","","","","","","","","","","",9.2,1,4.7,1,"","","","","","","","","","","","","","","","","","","","","","","","","","",76,1,"","","","","","","","","","","","",8.6,1,1011.1,1,"","","","","","",1,1,0,1,2,1,0,1,0,1,"","","","","","","","","","","","","","","","","","","","","","","","",45000,1,"","",1,1,1,1,"","","","","","","","","","",4,1,"","","","","","","","","","","","","","","","","","","","","","","","","","","","","","","","","","","","","","","","","","","","","","","","","","","","","",""
"50020001","PTE DE LA HAGUE",49.725167,-1.939833,6,1951040215,"","","","",3.,1,"","","","","","","","","","","","","","","","","","","","","","","","","","","","","","",10.2,1,5.6,1,"","","","","","","","","","","","","","","","","","","","","","","","","","",74,1,"","","","","","","","","","","","",9.2,1,1013.3,1,"","","","","","",1,1,0,1,2,1,0,1,0,1,"","","","","","","","","","","","","","","","","","","","","","","","",35000,1,"","",2,1,0,1,"","","","","","","","","","",4,1,"","","","","","","","","","","","","","","","","","","","","","","","","","","","","","","","","","","","","","","","","","","","","","","","","","","","","",""
"50020001","PTE DE LA HAGUE",49.725167,-1.939833,6,1951040218,"","","","",3.,1,"","","","","","","","","","","","","","","","","","","","","","","","","","","","","","",9.,1,6.2,1,"","","","","","","","","","","","","","","","","","","","","","","","","","",82,1,"","","","","","","","","","","","",9.6,1,1015.1,1,"","","","","","",1,1,0,1,0,1,4,1,0,1,"","","","","","","","","","","","","","","","","","","","","","","","",32000,1,"","",2,1,0,1,"","","","","","","","","","",3,1,"","","","","","","","","","","","","","","","","","","","","","","","","","","","","","","","","","","","","","","","","","","","","","","","","","","","","",""
"50020001","PTE DE LA HAGUE",49.725167,-1.939833,6,1951040300,"","","","",6.,1,"","","","","","","","","","","","","","","","","","","","","","","","","","","","","","",7.8,1,5.9,1,"","","","","","","","","","","","","","","","","","","","","","","","","","",89,1,"","","","","","","","","","","","",9.4,1,1018.6,1,"","","","","","",1,1,0,1,0,1,4,1,0,1,"","","","","","","","","","","","","","","","","","","","","","","","",35000,1,"","",2,1,0,1,"","","","","","","","","","",3,1,"","","","","","","","","","","","","","","","","","","","","","","","","","","","","","","","","","","","","","","","","","","","","","","","","","","","","",""
"50020001","PTE DE LA HAGUE",49.725167,-1.939833,6,1951040306,"","","","",7.,1,"","","","","","","","","","","","","","","","","","","","","","","","","","","","","","",7.4,1,4.5,1,"","","","","","","","","","","","","","","","","","","","","","","","","","",85,1,"","","","","","","","","","","","",8.5,1,1020.7,1,"","","","","","",1,1,0,1,2,1,0,1,1,1,"","","","","","","","","","","","","","","","","","","","","","","","",19000,1,"","",2,1,0,1,"","","","","","","","","","",4,1,"","","","","","","","","","","","","","","","","","","","","","","","","","","","","","","","","","","","","","","","","","","","","","","","","","","","","",""
"50020001","PTE DE LA HAGUE",49.725167,-1.939833,6,1951040309,"","","","",7.,1,"","","","","","","","","","","","","","","","","","","","","","","","","","","","","","",8.2,1,5.1,1,"","","","","","","","","","","","","","","","","","","","","","","","","","",81,1,"","","","","","","","","","","","",8.9,1,1022.7,1,"","","","","","",3,1,0,1,2,1,0,1,2,1,"","","","","","","","","","","","","","","","","","","","","","","","",22000,1,"","",2,1,0,1,"","","","","","","","","","",4,1,"","","","","","","","","","","","","","","","","","","","","","","","","","","","","","","","","","","","","","","","","","","","","","","","","","","","","",""
"50020001","PTE DE LA HAGUE",49.725167,-1.939833,6,1951040312,"","","","",5.,1,"","","","","","","","","","","","","","","","","","","","","","","","","","","","","","",10.,1,5.6,1,"","","","","","","","","","","","","","","","","","","","","","","","","","",74,1,"","","","","","","","","","","","",9.2,1,1023.7,1,"","","","","","",7,1,6,1,2,1,3,1,2,1,"","","","","","","","","","","","","","","","","","","","","","","","",19000,1,"","",2,1,2,1,"","","","","","","","","","",4,1,"","","","","","","","","","","","","","","","","","","","","","","","","","","","","","","","","","","","","","","","","","","","","","","","","","","","","",""
"50020001","PTE DE LA HAGUE",49.725167,-1.939833,6,1951040315,"","","","",6.,1,"","","","","","","","","","","","","","","","","","","","","","","","","","","","","","",10.2,1,5.8,1,"","","","","","","","","","","","","","","","","","","","","","","","","","",77,1,"","","","","","","","","","","","",9.3,1,1023.7,1,"","","","","","",5,1,0,1,2,1,0,1,2,1,"","","","","","","","","","","","","","","","","","","","","","","","",22000,1,"","",2,1,8,1,"","","","","","","","","","",4,1,"","","","","","","","","","","","","","","","","","","","","","","","","","","","","","","","","","","","","","","","","","","","","","","","","","","","","",""
"50020001","PTE DE LA HAGUE",49.725167,-1.939833,6,1951040318,"","","","",6.,1,"","","","","","","","","","","","","","","","","","","","","","","","","","","","","","",9.,1,6.8,1,"","","","","","","","","","","","","","","","","","","","","","","","","","",86,1,"","","","","","","","","","","","",10.,1,1022.6,1,"","","","","","",7,1,7,1,3,1,4,1,2,1,"","","","","","","","","","","","","","","","","","","","","","","","",25000,1,"","",2,1,8,1,"","","","","","","","","","",3,1,"","","","","","","","","","","","","","","","","","","","","","","","","","","","","","","","","","","","","","","","","","","","","","","","","","","","","",""
"50020001","PTE DE LA HAGUE",49.725167,-1.939833,6,1951040400,"","","","",8.,1,"","","","","","","","","","","","","","","","","","","","","","","","","","","","","","",8.,1,6.1,1,"","","","","","","","","","","","","","","","","","","","","","","","","","",92,1,"","","","","","","","","","","","",9.5,1,1020.5,1,"","","","","","",8,1,8,1,0,1,7,1,"","","","","","","","","","","","","","","","","","","","","","","","","","",30000,1,"","",2,1,2,1,"","","","","","","","","","",4,1,"","","","","","","","","","","","","","","","","","","","","","","","","","","","","","","","","","","","","","","","","","","","","","","","","","","","","",""
"50020001","PTE DE LA HAGUE",49.725167,-1.939833,6,1951040406,"","","","",10.,1,"","","","","","","","","","","","","","","","","","","","","","","","","","","","","","",8.2,1,7.3,1,"","","","","","","","","","","","","","","","","","","","","","","","","","",95,1,"","","","","","","","","","","","",10.4,1,1015.4,1,"","","","","","",8,1,5,1,7,1,2,1,"","","","","","","","","","","","","","","","","","","","","","","","","","",14000,1,"","",60,1,6,1,"","","","","","","","","","",4,1,"","","","","","","","","","","","","","","","","","","","","","","","","","","","","","","","","","","","","","","","","","","","","","","","","","","","","",""
"50020001","PTE DE LA HAGUE",49.725167,-1.939833,6,1951040409,"","","","",12.,1,"","","","","","","","","","","","","","","","","","","","","","","","","","","","","","",8.6,1,7.6,1,"","","","","","","","","","","","","","","","","","","","","","","","","","",97,1,"","","","","","","","","","","","",10.6,1,1014.3,1,"","","","","","",8,1,8,1,6,1,"","","","","","","","","","","","","","","","","","","","","","","","","","","","",5000,1,"","",52,1,6,1,"","","","","","","","","","",4,1,"","","","","","","","","","","","","","","","","","","","","","","","","","","","","","","","","","","","","","","","","","","","","","","","","","","","","",""
"50020001","PTE DE LA HAGUE",49.725167,-1.939833,6,1951040412,"","","","",9.,1,"","","","","","","","","","","","","","","","","","","","","","","","","","","","","","",9.2,1,9.2,1,"","","","","","","","","","","","","","","","","","","","","","","","","","",100,1,"","","","","","","","","","","","",11.5,1,1013.9,1,"","","","","","",8,1,8,1,6,1,"","","","","","","","","","","","","","","","","","","","","","","","","","","","",3000,1,"","",53,1,6,1,"","","","","","","","","","",4,1,"","","","","","","","","","","","","","","","","","","","","","","","","","","","","","","","","","","","","","","","","","","","","","","","","","","","","",""
"50020001","PTE DE LA HAGUE",49.725167,-1.939833,6,1951040415,"","","","",3.,1,"","","","","","","","","","","","","","","","","","","","","","","","","","","","","","",9.4,1,9.4,1,"","","","","","","","","","","","","","","","","","","","","","","","","","",100,1,"","","","","","","","","","","","",11.5,1,1014.2,1,"","","","","","",8,1,8,1,6,1,"","","","","","","","","","","","","","","","","","","","","","","","","","","","",3000,1,"","",61,1,6,1,"","","","","","","","","","",4,1,"","","","","","","","","","","","","","","","","","","","","","","","","","","","","","","","","","","","","","","","","","","","","","","","","","","","","",""
"50020001","PTE DE LA HAGUE",49.725167,-1.939833,6,1951040418,"","","","",2.,1,"","","","","","","","","","","","","","","","","","","","","","","","","","","","","","",8.8,1,8.5,1,"","","","","","","","","","","","","","","","","","","","","","","","","","",97,1,"","","","","","","","","","","","",11.3,1,1016.2,1,"","","","","","",5,1,0,1,5,1,0,1,2,1,"","","","","","","","","","","","","","","","","","","","","","","","",13000,1,"","",1,1,6,1,"","","","","","","","","","","","","","","","","","","","","","","","","","","","","","","","","","","","","","","","","","","","","","","","","","","","","","","","","","","","","","","","","",""
"50020001","PTE DE LA HAGUE",49.725167,-1.939833,6,1951040500,"","","","",1.,1,"","","","","","","","","","","","","","","","","","","","","","","","","","","","","","",7.2,1,4.8,1,"","","","","","","","","","","","","","","","","","","","","","","","","","",88,1,"","","","","","","","","","","","",8.7,1,1019.8,1,"","","","","","",0,1,"","",0,1,0,1,0,1,"","","","","","","","","","","","","","","","","","","","","","","","",28000,1,"","",2,1,0,1,"","","","","","","","","","",3,1,"","","","","","","","","","","","","","","","","","","","","","","","","","","","","","","","","","","","","","","","","","","","","","","","","","","","","",""
"50020001","PTE DE LA HAGUE",49.725167,-1.939833,6,1951040506,"","","","",3.,1,"","","","","","","","","","","","","","","","","","","","","","","","","","","","","","",7.,1,5.1,1,"","","","","","","","","","","","","","","","","","","","","","","","","","",91,1,"","","","","","","","","","","","",8.9,1,1020.7,1,"","","","","","",5,1,5,1,0,1,0,1,2,1,"","","","","","","","","","","","","","","","","","","","","","","","",12000,1,"","",2,1,2,1,"","","","","","","","","","",3,1,"","","","","","","","","","","","","","","","","","","","","","","","","","","","","","","","","","","","","","","","","","","","","","","","","","","","","",""
"50020001","PTE DE LA HAGUE",49.725167,-1.939833,6,1951040509,"","","","",1.,1,"","","","","","","","","","","","","","","","","","","","","","","","","","","","","","",8.2,1,7.3,1,"","","","","","","","","","","","","","","","","","","","","","","","","","",95,1,"","","","","","","","","","","","",10.4,1,1021.9,1,"","","","","","",7,1,7,1,1,1,0,1,2,1,"","","","","","","","","","","","","","","","","","","","","","","","",24000,1,"","",2,1,2,1,"","","","","","","","","","",2,1,"","","","","","","","","","","","","","","","","","","","","","","","","","","","","","","","","","","","","","","","","","","","","","","","","","","","","",""
"50020001","PTE DE LA HAGUE",49.725167,-1.939833,6,1951040512,"","","","",1.,1,"","","","","","","","","","","","","","","","","","","","","","","","","","","","","","",10.2,1,7.5,1,"","","","","","","","","","","","","","","","","","","","","","","","","","",85,1,"","","","","","","","","","","","",10.5,1,1022.1,1,"","","","","","",7,1,5,1,2,1,4,1,6,1,"","","","","","","","","","","","","","","","","","","","","","","","",25000,1,"","",3,1,1,1,"","","","","","","","","","",2,1,"","","","","","","","","","","","","","","","","","","","","","","","","","","","","","","","","","","","","","","","","","","","","","","","","","","","","",""
"50020001","PTE DE LA HAGUE",49.725167,-1.939833,6,1951040515,"","","","",2.,1,"","","","","","","","","","","","","","","","","","","","","","","","","","","","","","",10.2,1,7.5,1,"","","","","","","","","","","","","","","","","","","","","","","","","","",85,1,"","","","","","","","","","","","",10.5,1,1021.4,1,"","","","","","",5,1,5,1,0,1,0,1,2,1,"","","","","","","","","","","","","","","","","","","","","","","","",22000,1,"","",2,1,2,1,"","","","","","","","","","",2,1,"","","","","","","","","","","","","","","","","","","","","","","","","","","","","","","","","","","","","","","","","","","","","","","","","","","","","",""
"50020001","PTE DE LA HAGUE",49.725167,-1.939833,6,1951040518,"","","","",1.,1,"","","","","","","","","","","","","","","","","","","","","","","","","","","","","","",9.4,1,6.4,1,"","","","","","","","","","","","","","","","","","","","","","","","","","",84,1,"","","","","","","","","","","","",9.7,1,1020.3,1,"","","","","","",3,1,0,1,0,1,0,1,2,1,"","","","","","","","","","","","","","","","","","","","","","","","",22000,1,"","",1,1,2,1,"","","","","","","","","","",2,1,"","","","","","","","","","","","","","","","","","","","","","","","","","","","","","","","","","","","","","","","","","","","","","","","","","","","","",""
"50020001","PTE DE LA HAGUE",49.725167,-1.939833,6,1951040600,"","","","",3.,1,"","","","","","","","","","","","","","","","","","","","","","","","","","","","","","",8.2,1,3.5,1,"","","","","","","","","","","","","","","","","","","","","","","","","","",75,1,"","","","","","","","","","","","",7.9,1,1017.9,1,"","","","","","",8,1,8,1,0,1,7,1,"","","","","","","","","","","","","","","","","","","","","","","","","","",40000,1,"","",2,1,2,1,"","","","","","","","","","",3,1,"","","","","","","","","","","","","","","","","","","","","","","","","","","","","","","","","","","","","","","","","","","","","","","","","","","","","",""
"50020001","PTE DE LA HAGUE",49.725167,-1.939833,6,1951040606,"","","","",5.,1,"","","","","","","","","","","","","","","","","","","","","","","","","","","","","","",9.2,1,8.4,1,"","","","","","","","","","","","","","","","","","","","","","","","","","",95,1,"","","","","","","","","","","","",11.2,1,1013.1,1,"","","","","","",8,1,8,1,6,1,"","","","","","","","","","","","","","","","","","","","","","","","","","","","",7000,1,"","",2,1,2,1,"","","","","","","","","","",3,1,"","","","","","","","","","","","","","","","","","","","","","","","","","","","","","","","","","","","","","","","","","","","","","","","","","","","","",""
"50020001","PTE DE LA HAGUE",49.725167,-1.939833,6,1951040609,"","","","",6.,1,"","","","","","","","","","","","","","","","","","","","","","","","","","","","","","",10.,1,10.,1,"","","","","","","","","","","","","","","","","","","","","","","","","","",100,1,"","","","","","","","","","","","",12.3,1,1012.3,1,"","","","","","",8,1,8,1,6,1,"","","","","","","","","","","","","","","","","","","","","","","","","","","","",2000,1,"","",63,1,4,1,"","","","","","","","","","",3,1,"","","","","","","","","","","","","","","","","","","","","","","","","","","","","","","","","","","","","","","","","","","","","","","","","","","","","",""
"50020001","PTE DE LA HAGUE",49.725167,-1.939833,6,1951040612,"","","","",6.,1,"","","","","","","","","","","","","","","","","","","","","","","","","","","","","","",10.4,1,9.5,1,"","","","","","","","","","","","","","","","","","","","","","","","","","",97,1,"","","","","","","","","","","","",12.1,1,1010.9,1,"","","","","","",8,1,8,1,6,1,"","","","","","","","","","","","","","","","","","","","","","","","","","","","",9000,1,"","",2,1,4,1,"","","","","","","","","","",4,1,"","","","","","","","","","","","","","","","","","","","","","","","","","","","","","","","","","","","","","","","","","","","","","","","","","","","","",""
"50020001","PTE DE LA HAGUE",49.725167,-1.939833,6,1951040615,"","","","",7.,1,"","","","","","","","","","","","","","","","","","","","","","","","","","","","","","",10.,1,10.,1,"","","","","","","","","","","","","","","","","","","","","","","","","","",100,1,"","","","","","","","","","","","",12.3,1,1009.1,1,"","","","","","",8,1,8,1,6,1,"","","","","","","","","","","","","","","","","","","","","","","","","","","","",2000,1,"","",53,1,6,1,"","","","","","","","","","",4,1,"","","","","","","","","","","","","","","","","","","","","","","","","","","","","","","","","","","","","","","","","","","","","","","","","","","","","",""
"50020001","PTE DE LA HAGUE",49.725167,-1.939833,6,1951040618,"","","","",5.,1,"","","","","","","","","","","","","","","","","","","","","","","","","","","","","","",9.6,1,9.6,1,"","","","","","","","","","","","","","","","","","","","","","","","","","",100,1,"","","","","","","","","","","","",12.3,1,1006.3,1,"","","","","","",8,1,8,1,6,1,"","","","","","","","","","","","","","","","","","","","","","","","","","","","",4000,1,"","",20,1,6,1,"","","","","","","","","","",4,1,"","","","","","","","","","","","","","","","","","","","","","","","","","","","","","","","","","","","","","","","","","","","","","","","","","","","","",""
"50020001","PTE DE LA HAGUE",49.725167,-1.939833,6,1951040700,"","","","",6.,1,"","","","","","","","","","","","","","","","","","","","","","","","","","","","","","",8.,1,7.3,1,"","","","","","","","","","","","","","","","","","","","","","","","","","",95,1,"","","","","","","","","","","","",10.4,1,1002.5,1,"","","","","","",8,1,8,1,0,1,2,1,"","","","","","","","","","","","","","","","","","","","","","","","","","",35000,1,"","",2,1,6,1,"","","","","","","","","","",4,1,"","","","","","","","","","","","","","","","","","","","","","","","","","","","","","","","","","","","","","","","","","","","","","","","","","","","","",""
"50020001","PTE DE LA HAGUE",49.725167,-1.939833,6,1951040706,"","","","",8.,1,"","","","","","","","","","","","","","","","","","","","","","","","","","","","","","",6.8,1,2.4,1,"","","","","","","","","","","","","","","","","","","","","","","","","","",74,1,"","","","","","","","","","","","",7.3,1,999.8,1,"","","","","","",2,1,0,1,3,1,0,1,0,1,"","","","","","","","","","","","","","","","","","","","","","","","",22000,1,"","",2,1,0,1,"","","","","","","","","","",4,1,"","","","","","","","","","","","","","","","","","","","","","","","","","","","","","","","","","","","","","","","","","","","","","","","","","","","","",""
"50020001","PTE DE LA HAGUE",49.725167,-1.939833,6,1951040709,"","","","",13.,1,"","","","","","","","","","","","","","","","","","","","","","","","","","","","","","",7.2,1,4.5,1,"","","","","","","","","","","","","","","","","","","","","","","","","","",85,1,"","","","","","","","","","","","",8.5,1,996.6,1,"","","","","","",7,1,0,1,2,1,3,1,0,1,"","","","","","","","","","","","","","","","","","","","","","","","",18000,1,"","",25,1,8,1,"","","","","","","","","","",5,1,"","","","","","","","","","","","","","","","","","","","","","","","","","","","","","","","","","","","","","","","","","","","","","","","","","","","","",""
"50020001","PTE DE LA HAGUE",49.725167,-1.939833,6,1951040712,"","","","",7.,1,"","","","","","","","","","","","","","","","","","","","","","","","","","","","","","",6.2,1,3.8,1,"","","","","","","","","","","","","","","","","","","","","","","","","","",88,1,"","","","","","","","","","","","",8.1,1,994.4,1,"","","","","","",6,1,5,1,9,1,0,1,3,1,"","","","","","","","","","","","","","","","","","","","","","","","",22000,1,"","",25,1,8,1,"","","","","","","","","","",5,1,"","","","","","","","","","","","","","","","","","","","","","","","","","","","","","","","","","","","","","","","","","","","","","","","","","","","","",""
"50020001","PTE DE LA HAGUE",49.725167,-1.939833,6,1951040715,"","","","",9.,1,"","","","","","","","","","","","","","","","","","","","","","","","","","","","","","",7.4,1,4.2,1,"","","","","","","","","","","","","","","","","","","","","","","","","","",80,1,"","","","","","","","","","","","",8.3,1,998.6,1,"","","","","","",6,1,6,1,9,1,0,1,3,1,"","","","","","","","","","","","","","","","","","","","","","","","",25000,1,"","",15,1,8,1,"","","","","","","","","","",5,1,"","","","","","","","","","","","","","","","","","","","","","","","","","","","","","","","","","","","","","","","","","","","","","","","","","","","","",""
"50020001","PTE DE LA HAGUE",49.725167,-1.939833,6,1951040718,"","","","",10.,1,"","","","","","","","","","","","","","","","","","","","","","","","","","","","","","",7.,1,2.8,1,"","","","","","","","","","","","","","","","","","","","","","","","","","",77,1,"","","","","","","","","","","","",7.5,1,1000.5,1,"","","","","","",7,1,7,1,9,1,0,1,3,1,"","","","","","","","","","","","","","","","","","","","","","","","",22000,1,"","",2,1,8,1,"","","","","","","","","","",5,1,"","","","","","","","","","","","","","","","","","","","","","","","","","","","","","","","","","","","","","","","","","","","","","","","","","","","","",""
"50020001","PTE DE LA HAGUE",49.725167,-1.939833,6,1951040800,"","","","",12.,1,"","","","","","","","","","","","","","","","","","","","","","","","","","","","","","",6.9,1,4.5,1,"","","","","","","","","","","","","","","","","","","","","","","","","","",85,1,"","","","","","","","","","","","",8.5,1,1001.7,1,"","","","","","",7,1,7,1,3,1,0,1,0,1,"","","","","","","","","","","","","","","","","","","","","","","","",32000,1,"","",25,1,8,1,"","","","","","","","","","",5,1,"","","","","","","","","","","","","","","","","","","","","","","","","","","","","","","","","","","","","","","","","","","","","","","","","","","","","",""
"50020001","PTE DE LA HAGUE",49.725167,-1.939833,6,1951040806,"","","","",11.,1,"","","","","","","","","","","","","","","","","","","","","","","","","","","","","","",7.4,1,4.3,1,"","","","","","","","","","","","","","","","","","","","","","","","","","",83,1,"","","","","","","","","","","","",8.4,1,1003.9,1,"","","","","","",6,1,0,1,8,1,4,1,2,1,"","","","","","","","","","","","","","","","","","","","","","","","",30000,1,"","",2,1,8,1,"","","","","","","","","","",5,1,"","","","","","","","","","","","","","","","","","","","","","","","","","","","","","","","","","","","","","","","","","","","","","","","","","","","","",""
"50020001","PTE DE LA HAGUE",49.725167,-1.939833,6,1951040809,"","","","",8.,1,"","","","","","","","","","","","","","","","","","","","","","","","","","","","","","",7.6,1,3.8,1,"","","","","","","","","","","","","","","","","","","","","","","","","","",77,1,"","","","","","","","","","","","",8.1,1,1005.7,1,"","","","","","",7,1,0,1,2,1,9,1,4,1,"","","","","","","","","","","","","","","","","","","","","","","","",28000,1,"","",2,1,2,1,"","","","","","","","","","",4,1,"","","","","","","","","","","","","","","","","","","","","","","","","","","","","","","","","","","","","","","","","","","","","","","","","","","","","",""
"50020001","PTE DE LA HAGUE",49.725167,-1.939833,6,1951040812,"","","","",8.,1,"","","","","","","","","","","","","","","","","","","","","","","","","","","","","","",8.5,1,5.,1,"","","","","","","","","","","","","","","","","","","","","","","","","","",78,1,"","","","","","","","","","","","",8.8,1,1005.8,1,"","","","","","",8,1,6,1,2,1,1,1,"","","","","","","","","","","","","","","","","","","","","","","","","","",23000,1,"","",3,1,2,1,"","","","","","","","","","",5,1,"","","","","","","","","","","","","","","","","","","","","","","","","","","","","","","","","","","","","","","","","","","","","","","","","","","","","",""
"50020001","PTE DE LA HAGUE",49.725167,-1.939833,6,1951040815,"","","","",8.,1,"","","","","","","","","","","","","","","","","","","","","","","","","","","","","","",7.4,1,4.5,1,"","","","","","","","","","","","","","","","","","","","","","","","","","",85,1,"","","","","","","","","","","","",8.5,1,1005.,1,"","","","","","",8,1,5,1,3,1,2,1,"","","","","","","","","","","","","","","","","","","","","","","","","","",17000,1,"","",62,1,2,1,"","","","","","","","","","",4,1,"","","","","","","","","","","","","","","","","","","","","","","","","","","","","","","","","","","","","","","","","","","","","","","","","","","","","",""
"50020001","PTE DE LA HAGUE",49.725167,-1.939833,6,1951040818,"","","","",4.,1,"","","","","","","","","","","","","","","","","","","","","","","","","","","","","","",7.8,1,6.4,1,"","","","","","","","","","","","","","","","","","","","","","","","","","",94,1,"","","","","","","","","","","","",9.7,1,1002.9,1,"","","","","","",7,1,0,1,3,1,9,1,2,1,"","","","","","","","","","","","","","","","","","","","","","","","",23000,1,"","",21,1,6,1,"","","","","","","","","","",4,1,"","","","","","","","","","","","","","","","","","","","","","","","","","","","","","","","","","","","","","","","","","","","","","","","","","","","","",""
"50020001","PTE DE LA HAGUE",49.725167,-1.939833,6,1951040900,"","","","",10.,1,"","","","","","","","","","","","","","","","","","","","","","","","","","","","","","",7.8,1,6.4,1,"","","","","","","","","","","","","","","","","","","","","","","","","","",94,1,"","","","","","","","","","","","",9.7,1,997.9,1,"","","","","","",8,1,6,1,5,1,2,1,"","","","","","","","","","","","","","","","","","","","","","","","","","",18000,1,"","",62,1,6,1,"","","","","","","","","","",4,1,"","","","","","","","","","","","","","","","","","","","","","","","","","","","","","","","","","","","","","","","","","","","","","","","","","","","","",""
"50020001","PTE DE LA HAGUE",49.725167,-1.939833,6,1951040906,"","","","",10.,1,"","","","","","","","","","","","","","","","","","","","","","","","","","","","","","",7.,1,4.3,1,"","","","","","","","","","","","","","","","","","","","","","","","","","",83,1,"","","","","","","","","","","","",8.4,1,990.2,1,"","","","","","",6,1,6,1,2,1,0,1,0,1,"","","","","","","","","","","","","","","","","","","","","","","","",19000,1,"","",2,1,6,1,"","","","","","","","","","",5,1,"","","","","","","","","","","","","","","","","","","","","","","","","","","","","","","","","","","","","","","","","","","","","","","","","","","","","",""
"50020001","PTE DE LA HAGUE",49.725167,-1.939833,6,1951040909,"","","","",13.,1,"","","","","","","","","","","","","","","","","","","","","","","","","","","","","","",7.6,1,3.8,1,"","","","","","","","","","","","","","","","","","","","","","","","","","",77,1,"","","","","","","","","","","","",8.1,1,992.1,1,"","","","","","",7,1,7,1,2,1,0,1,0,1,"","","","","","","","","","","","","","","","","","","","","","","","",16000,1,"","",2,1,2,1,"","","","","","","","","","",5,1,"","","","","","","","","","","","","","","","","","","","","","","","","","","","","","","","","","","","","","","","","","","","","","","","","","","","","",""
"50020001","PTE DE LA HAGUE",49.725167,-1.939833,6,1951040912,"","","","",14.,1,"","","","","","","","","","","","","","","","","","","","","","","","","","","","","","",8.,1,3.3,1,"","","","","","","","","","","","","","","","","","","","","","","","","","",72,1,"","","","","","","","","","","","",7.8,1,993.7,1,"","","","","","",3,1,0,1,9,1,0,1,0,1,"","","","","","","","","","","","","","","","","","","","","","","","",18000,1,"","",2,1,1,1,"","","","","","","","","","",5,1,"","","","","","","","","","","","","","","","","","","","","","","","","","","","","","","","","","","","","","","","","","","","","","","","","","","","","",""
"50020001","PTE DE LA HAGUE",49.725167,-1.939833,6,1951040915,"","","","",14.,1,"","","","","","","","","","","","","","","","","","","","","","","","","","","","","","",8.8,1,4.7,1,"","","","","","","","","","","","","","","","","","","","","","","","","","",76,1,"","","","","","","","","","","","",8.6,1,995.4,1,"","","","","","",2,1,0,1,9,1,0,1,3,1,"","","","","","","","","","","","","","","","","","","","","","","","",8000,1,"","",2,1,1,1,"","","","","","","","","","",5,1,"","","","","","","","","","","","","","","","","","","","","","","","","","","","","","","","","","","","","","","","","","","","","","","","","","","","","",""
"50020001","PTE DE LA HAGUE",49.725167,-1.939833,6,1951040918,"","","","",10.,1,"","","","","","","","","","","","","","","","","","","","","","","","","","","","","","",8.4,1,4.7,1,"","","","","","","","","","","","","","","","","","","","","","","","","","",76,1,"","","","","","","","","","","","",8.6,1,998.9,1,"","","","","","",6,1,6,1,3,1,0,1,2,1,"","","","","","","","","","","","","","","","","","","","","","","","",10000,1,"","",2,1,1,1,"","","","","","","","","","",5,1,"","","","","","","","","","","","","","","","","","","","","","","","","","","","","","","","","","","","","","","","","","","","","","","","","","","","","",""
"50020001","PTE DE LA HAGUE",49.725167,-1.939833,6,1951041000,"","","","",10.,1,"","","","","","","","","","","","","","","","","","","","","","","","","","","","","","",7.,1,2.4,1,"","","","","","","","","","","","","","","","","","","","","","","","","","",74,1,"","","","","","","","","","","","",7.3,1,1004.2,1,"","","","","","",5,1,5,1,2,1,0,1,0,1,"","","","","","","","","","","","","","","","","","","","","","","","",30000,1,"","",2,1,1,1,"","","","","","","","","","",5,1,"","","","","","","","","","","","","","","","","","","","","","","","","","","","","","","","","","","","","","","","","","","","","","","","","","","","","",""
"50020001","PTE DE LA HAGUE",49.725167,-1.939833,6,1951041006,"","","","",9.,1,"","","","","","","","","","","","","","","","","","","","","","","","","","","","","","",6.8,1,3.,1,"","","","","","","","","","","","","","","","","","","","","","","","","","",79,1,"","","","","","","","","","","","",7.6,1,1006.9,1,"","","","","","",5,1,0,1,2,1,4,1,0,1,"","","","","","","","","","","","","","","","","","","","","","","","",25000,1,"","",2,1,2,1,"","","","","","","","","","",4,1,"","","","","","","","","","","","","","","","","","","","","","","","","","","","","","","","","","","","","","","","","","","","","","","","","","","","","",""
"50020001","PTE DE LA HAGUE",49.725167,-1.939833,6,1951041009,"","","","",10.,1,"","","","","","","","","","","","","","","","","","","","","","","","","","","","","","",7.,1,4.2,1,"","","","","","","","","","","","","","","","","","","","","","","","","","",80,1,"","","","","","","","","","","","",8.3,1,1009.5,1,"","","","","","",7,1,7,1,3,1,0,1,0,1,"","","","","","","","","","","","","","","","","","","","","","","","",25000,1,"","",15,1,8,1,"","","","","","","","","","",5,1,"","","","","","","","","","","","","","","","","","","","","","","","","","","","","","","","","","","","","","","","","","","","","","","","","","","","","",""
"50020001","PTE DE LA HAGUE",49.725167,-1.939833,6,1951041012,"","","","",8.,1,"","","","","","","","","","","","","","","","","","","","","","","","","","","","","","",7.6,1,3.3,1,"","","","","","","","","","","","","","","","","","","","","","","","","","",72,1,"","","","","","","","","","","","",7.8,1,1011.8,1,"","","","","","",6,1,6,1,2,1,0,1,0,1,"","","","","","","","","","","","","","","","","","","","","","","","",28000,1,"","",2,1,8,1,"","","","","","","","","","",5,1,"","","","","","","","","","","","","","","","","","","","","","","","","","","","","","","","","","","","","","","","","","","","","","","","","","","","","",""
"50020001","PTE DE LA HAGUE",49.725167,-1.939833,6,1951041015,"","","","",6.,1,"","","","","","","","","","","","","","","","","","","","","","","","","","","","","","",9.,1,1.4,1,"","","","","","","","","","","","","","","","","","","","","","","","","","",58,1,"","","","","","","","","","","","",6.8,1,1013.,1,"","","","","","",2,1,0,1,2,1,0,1,0,1,"","","","","","","","","","","","","","","","","","","","","","","","",32000,1,"","",1,1,1,1,"","","","","","","","","","",4,1,"","","","","","","","","","","","","","","","","","","","","","","","","","","","","","","","","","","","","","","","","","","","","","","","","","","","","",""
"50020001","PTE DE LA HAGUE",49.725167,-1.939833,6,1951041018,"","","","",5.,1,"","","","","","","","","","","","","","","","","","","","","","","","","","","","","","",9.,1,2.2,1,"","","","","","","","","","","","","","","","","","","","","","","","","","",63,1,"","","","","","","","","","","","",7.2,1,1014.1,1,"","","","","","",1,1,0,1,2,1,0,1,0,1,"","","","","","","","","","","","","","","","","","","","","","","","",35000,1,"","",2,1,1,1,"","","","","","","","","","",4,1,"","","","","","","","","","","","","","","","","","","","","","","","","","","","","","","","","","","","","","","","","","","","","","","","","","","","","",""
"50020001","PTE DE LA HAGUE",49.725167,-1.939833,6,1951041100,"","","","",2.,1,"","","","","","","","","","","","","","","","","","","","","","","","","","","","","","",7.,1,4.3,1,"","","","","","","","","","","","","","","","","","","","","","","","","","",83,1,"","","","","","","","","","","","",8.4,1,1016.9,1,"","","","","","",7,1,7,1,2,1,0,1,0,1,"","","","","","","","","","","","","","","","","","","","","","","","",25000,1,"","",2,1,2,1,"","","","","","","","","","",4,1,"","","","","","","","","","","","","","","","","","","","","","","","","","","","","","","","","","","","","","","","","","","","","","","","","","","","","",""
"50020001","PTE DE LA HAGUE",49.725167,-1.939833,6,1951041106,"","","","",2.,1,"","","","","","","","","","","","","","","","","","","","","","","","","","","","","","",6.2,1,3.,1,"","","","","","","","","","","","","","","","","","","","","","","","","","",79,1,"","","","","","","","","","","","",7.6,1,1018.2,1,"","","","","","",7,1,7,1,1,1,7,1,0,1,"","","","","","","","","","","","","","","","","","","","","","","","",30000,1,"","",2,1,2,1,"","","","","","","","","","",3,1,"","","","","","","","","","","","","","","","","","","","","","","","","","","","","","","","","","","","","","","","","","","","","","","","","","","","","",""
"50020001","PTE DE LA HAGUE",49.725167,-1.939833,6,1951041109,"","","","",4.,1,"","","","","","","","","","","","","","","","","","","","","","","","","","","","","","",6.4,1,5.1,1,"","","","","","","","","","","","","","","","","","","","","","","","","","",91,1,"","","","","","","","","","","","",8.9,1,1019.7,1,"","","","","","",6,1,6,1,9,1,0,1,0,1,"","","","","","","","","","","","","","","","","","","","","","","","",35000,1,"","",25,1,8,1,"","","","","","","","","","",3,1,"","","","","","","","","","","","","","","","","","","","","","","","","","","","","","","","","","","","","","","","","","","","","","","","","","","","","",""
"50020001","PTE DE LA HAGUE",49.725167,-1.939833,6,1951041112,"","","","",4.,1,"","","","","","","","","","","","","","","","","","","","","","","","","","","","","","",8.4,1,4.7,1,"","","","","","","","","","","","","","","","","","","","","","","","","","",76,1,"","","","","","","","","","","","",8.6,1,1020.5,1,"","","","","","",6,1,6,1,2,1,0,1,0,1,"","","","","","","","","","","","","","","","","","","","","","","","",35000,1,"","",2,1,2,1,"","","","","","","","","","",3,1,"","","","","","","","","","","","","","","","","","","","","","","","","","","","","","","","","","","","","","","","","","","","","","","","","","","","","",""
"50020001","PTE DE LA HAGUE",49.725167,-1.939833,6,1951041115,"","","","",4.,1,"","","","","","","","","","","","","","","","","","","","","","","","","","","","","","",9.8,1,3.3,1,"","","","","","","","","","","","","","","","","","","","","","","","","","",64,1,"","","","","","","","","","","","",7.8,1,1020.6,1,"","","","","","",2,1,0,1,2,1,0,1,0,1,"","","","","","","","","","","","","","","","","","","","","","","","",30000,1,"","",2,1,1,1,"","","","","","","","","","",3,1,"","","","","","","","","","","","","","","","","","","","","","","","","","","","","","","","","","","","","","","","","","","","","","","","","","","","","",""
"50020001","PTE DE LA HAGUE",49.725167,-1.939833,6,1951041118,"","","","",4.,1,"","","","","","","","","","","","","","","","","","","","","","","","","","","","","","",9.,1,4.5,1,"","","","","","","","","","","","","","","","","","","","","","","","","","",73,1,"","","","","","","","","","","","",8.5,1,1021.,1,"","","","","","",6,1,6,1,1,1,0,1,4,1,"","","","","","","","","","","","","","","","","","","","","","","","",30000,1,"","",3,1,0,1,"","","","","","","","","","",3,1,"","","","","","","","","","","","","","","","","","","","","","","","","","","","","","","","","","","","","","","","","","","","","","","","","","","","","",""
"50020001","PTE DE LA HAGUE",49.725167,-1.939833,6,1951041200,"","","","",6.,1,"","","","","","","","","","","","","","","","","","","","","","","","","","","","","","",8.2,1,7.1,1,"","","","","","","","","","","","","","","","","","","","","","","","","","",92,1,"","","","","","","","","","","","",10.2,1,1020.5,1,"","","","","","",8,1,6,1,2,1,7,1,"","","","","","","","","","","","","","","","","","","","","","","","","","",35000,1,"","",2,1,2,1,"","","","","","","","","","",4,1,"","","","","","","","","","","","","","","","","","","","","","","","","","","","","","","","","","","","","","","","","","","","","","","","","","","","","",""
"50020001","PTE DE LA HAGUE",49.725167,-1.939833,6,1951041206,"","","","",8.,1,"","","","","","","","","","","","","","","","","","","","","","","","","","","","","","",7.8,1,6.4,1,"","","","","","","","","","","","","","","","","","","","","","","","","","",94,1,"","","","","","","","","","","","",9.7,1,1016.9,1,"","","","","","",7,1,0,1,5,1,4,1,2,1,"","","","","","","","","","","","","","","","","","","","","","","","",28000,1,"","",2,1,6,1,"","","","","","","","","","",4,1,"","","","","","","","","","","","","","","","","","","","","","","","","","","","","","","","","","","","","","","","","","","","","","","","","","","","","",""
"50020001","PTE DE LA HAGUE",49.725167,-1.939833,6,1951041209,"","","","",12.,1,"","","","","","","","","","","","","","","","","","","","","","","","","","","","","","",9.,1,7.1,1,"","","","","","","","","","","","","","","","","","","","","","","","","","",92,1,"","","","","","","","","","","","",10.2,1,1016.3,1,"","","","","","",7,1,0,1,7,1,7,1,4,1,"","","","","","","","","","","","","","","","","","","","","","","","",23000,1,"","",2,1,1,1,"","","","","","","","","","",4,1,"","","","","","","","","","","","","","","","","","","","","","","","","","","","","","","","","","","","","","","","","","","","","","","","","","","","","",""
"50020001","PTE DE LA HAGUE",49.725167,-1.939833,6,1951041212,"","","","",9.,1,"","","","","","","","","","","","","","","","","","","","","","","","","","","","","","",10.2,1,8.,1,"","","","","","","","","","","","","","","","","","","","","","","","","","",90,1,"","","","","","","","","","","","",10.9,1,1015.9,1,"","","","","","",8,1,0,1,2,1,4,1,7,1,"","","","","","","","","","","","","","","","","","","","","","","","",21000,1,"","",2,1,5,1,"","","","","","","","","","",4,1,"","","","","","","","","","","","","","","","","","","","","","","","","","","","","","","","","","","","","","","","","","","","","","","","","","","","","",""
"50020001","PTE DE LA HAGUE",49.725167,-1.939833,6,1951041215,"","","","",8.,1,"","","","","","","","","","","","","","","","","","","","","","","","","","","","","","",10.6,1,7.1,1,"","","","","","","","","","","","","","","","","","","","","","","","","","",80,1,"","","","","","","","","","","","",10.2,1,1014.5,1,"","","","","","",7,1,6,1,2,1,7,1,0,1,"","","","","","","","","","","","","","","","","","","","","","","","",21000,1,"","",2,1,2,1,"","","","","","","","","","",4,1,"","","","","","","","","","","","","","","","","","","","","","","","","","","","","","","","","","","","","","","","","","","","","","","","","","","","","",""
"50020001","PTE DE LA HAGUE",49.725167,-1.939833,6,1951041218,"","","","",8.,1,"","","","","","","","","","","","","","","","","","","","","","","","","","","","","","",9.8,1,7.5,1,"","","","","","","","","","","","","","","","","","","","","","","","","","",85,1,"","","","","","","","","","","","",10.5,1,1013.5,1,"","","","","","",8,1,8,1,7,1,2,1,"","","","","","","","","","","","","","","","","","","","","","","","","","",19000,1,"","",60,1,2,1,"","","","","","","","","","",4,1,"","","","","","","","","","","","","","","","","","","","","","","","","","","","","","","","","","","","","","","","","","","","","","","","","","","","","",""
"50020001","PTE DE LA HAGUE",49.725167,-1.939833,6,1951041300,"","","","",10.,1,"","","","","","","","","","","","","","","","","","","","","","","","","","","","","","",8.8,1,7.1,1,"","","","","","","","","","","","","","","","","","","","","","","","","","",92,1,"","","","","","","","","","","","",10.2,1,1009.8,1,"","","","","","",8,1,8,1,5,1,"","","","","","","","","","","","","","","","","","","","","","","","","","","","",18000,1,"","",21,1,6,1,"","","","","","","","","","",5,1,"","","","","","","","","","","","","","","","","","","","","","","","","","","","","","","","","","","","","","","","","","","","","","","","","","","","","",""
"50020001","PTE DE LA HAGUE",49.725167,-1.939833,6,1951041306,"","","","",8.,1,"","","","","","","","","","","","","","","","","","","","","","","","","","","","","","",7.,1,5.1,1,"","","","","","","","","","","","","","","","","","","","","","","","","","",91,1,"","","","","","","","","","","","",8.9,1,1007.3,1,"","","","","","",8,1,8,1,7,1,"","","","","","","","","","","","","","","","","","","","","","","","","","","","",10000,1,"","",63,1,6,1,"","","","","","","","","","",4,1,"","","","","","","","","","","","","","","","","","","","","","","","","","","","","","","","","","","","","","","","","","","","","","","","","","","","","",""
"50020001","PTE DE LA HAGUE",49.725167,-1.939833,6,1951041309,"","","","",9.,1,"","","","","","","","","","","","","","","","","","","","","","","","","","","","","","",8.,1,5.5,1,"","","","","","","","","","","","","","","","","","","","","","","","","","",83,1,"","","","","","","","","","","","",9.1,1,1009.8,1,"","","","","","",7,1,7,1,2,1,0,1,0,1,"","","","","","","","","","","","","","","","","","","","","","","","",30000,1,"","",2,1,6,1,"","","","","","","","","","",4,1,"","","","","","","","","","","","","","","","","","","","","","","","","","","","","","","","","","","","","","","","","","","","","","","","","","","","","",""
"50020001","PTE DE LA HAGUE",49.725167,-1.939833,6,1951041312,"","","","",10.,1,"","","","","","","","","","","","","","","","","","","","","","","","","","","","","","",9.2,1,4.5,1,"","","","","","","","","","","","","","","","","","","","","","","","","","",73,1,"","","","","","","","","","","","",8.5,1,1011.3,1,"","","","","","",6,1,6,1,3,1,0,1,0,1,"","","","","","","","","","","","","","","","","","","","","","","","",32000,1,"","",2,1,2,1,"","","","","","","","","","",5,1,"","","","","","","","","","","","","","","","","","","","","","","","","","","","","","","","","","","","","","","","","","","","","","","","","","","","","",""
"50020001","PTE DE LA HAGUE",49.725167,-1.939833,6,1951041315,"","","","",10.,1,"","","","","","","","","","","","","","","","","","","","","","","","","","","","","","",9.4,1,4.5,1,"","","","","","","","","","","","","","","","","","","","","","","","","","",73,1,"","","","","","","","","","","","",8.5,1,1012.1,1,"","","","","","",6,1,6,1,9,1,0,1,0,1,"","","","","","","","","","","","","","","","","","","","","","","","",32000,1,"","",25,1,8,1,"","","","","","","","","","",5,1,"","","","","","","","","","","","","","","","","","","","","","","","","","","","","","","","","","","","","","","","","","","","","","","","","","","","","",""
"50020001","PTE DE LA HAGUE",49.725167,-1.939833,6,1951041318,"","","","",11.,1,"","","","","","","","","","","","","","","","","","","","","","","","","","","","","","",8.2,1,3.3,1,"","","","","","","","","","","","","","","","","","","","","","","","","","",72,1,"","","","","","","","","","","","",7.8,1,1012.6,1,"","","","","","",4,1,0,1,2,1,0,1,0,1,"","","","","","","","","","","","","","","","","","","","","","","","",22000,1,"","",2,1,8,1,"","","","","","","","","","",5,1,"","","","","","","","","","","","","","","","","","","","","","","","","","","","","","","","","","","","","","","","","","","","","","","","","","","","","",""
"50020001","PTE DE LA HAGUE",49.725167,-1.939833,6,1951041400,"","","","",11.,1,"","","","","","","","","","","","","","","","","","","","","","","","","","","","","","",7.2,1,2.2,1,"","","","","","","","","","","","","","","","","","","","","","","","","","",71,1,"","","","","","","","","","","","",7.2,1,1015.1,1,"","","","","","",6,1,6,1,3,1,0,1,0,1,"","","","","","","","","","","","","","","","","","","","","","","","",28000,1,"","",80,1,1,1,"","","","","","","","","","",5,1,"","","","","","","","","","","","","","","","","","","","","","","","","","","","","","","","","","","","","","","","","","","","","","","","","","","","","",""
"50020001","PTE DE LA HAGUE",49.725167,-1.939833,6,1951041406,"","","","",10.,1,"","","","","","","","","","","","","","","","","","","","","","","","","","","","","","",6.2,1,0.6,1,"","","","","","","","","","","","","","","","","","","","","","","","","","",67,1,"","","","","","","","","","","","",6.4,1,1017.8,1,"","","","","","",4,1,0,1,2,1,0,1,0,1,"","","","","","","","","","","","","","","","","","","","","","","","",30000,1,"","",2,1,1,1,"","","","","","","","","","",5,1,"","","","","","","","","","","","","","","","","","","","","","","","","","","","","","","","","","","","","","","","","","","","","","","","","","","","","",""
"50020001","PTE DE LA HAGUE",49.725167,-1.939833,6,1951041409,"","","","",9.,1,"","","","","","","","","","","","","","","","","","","","","","","","","","","","","","",7.,1,1.8,1,"","","","","","","","","","","","","","","","","","","","","","","","","","",69,1,"","","","","","","","","","","","",7.,1,1020.9,1,"","","","","","",3,1,0,1,2,1,0,1,0,1,"","","","","","","","","","","","","","","","","","","","","","","","",32000,1,"","",2,1,0,1,"","","","","","","","","","",4,1,"","","","","","","","","","","","","","","","","","","","","","","","","","","","","","","","","","","","","","","","","","","","","","","","","","","","","",""
"50020001","PTE DE LA HAGUE",49.725167,-1.939833,6,1951041412,"","","","",4.,1,"","","","","","","","","","","","","","","","","","","","","","","","","","","","","","",8.,1,0.6,1,"","","","","","","","","","","","","","","","","","","","","","","","","","",59,1,"","","","","","","","","","","","",6.4,1,1022.9,1,"","","","","","",3,1,0,1,2,1,6,1,0,1,"","","","","","","","","","","","","","","","","","","","","","","","",35000,1,"","",2,1,1,1,"","","","","","","","","","",4,1,"","","","","","","","","","","","","","","","","","","","","","","","","","","","","","","","","","","","","","","","","","","","","","","","","","","","","",""
"50020001","PTE DE LA HAGUE",49.725167,-1.939833,6,1951041415,"","","","",6.,1,"","","","","","","","","","","","","","","","","","","","","","","","","","","","","","",9.,1,1.,1,"","","","","","","","","","","","","","","","","","","","","","","","","","",56,1,"","","","","","","","","","","","",6.6,1,1023.8,1,"","","","","","",3,1,0,1,2,1,0,1,0,1,"","","","","","","","","","","","","","","","","","","","","","","","",35000,1,"","",2,1,0,1,"","","","","","","","","","",4,1,"","","","","","","","","","","","","","","","","","","","","","","","","","","","","","","","","","","","","","","","","","","","","","","","","","","","","",""
"50020001","PTE DE LA HAGUE",49.725167,-1.939833,6,1951041418,"","","","",4.,1,"","","","","","","","","","","","","","","","","","","","","","","","","","","","","","",8.4,1,-0.5,1,"","","","","","","","","","","","","","","","","","","","","","","","","","",53,1,"","","","","","","","","","","","",5.9,1,1025.4,1,"","","","","","",1,1,0,1,2,1,0,1,0,1,"","","","","","","","","","","","","","","","","","","","","","","","",42000,1,"","",1,1,0,1,"","","","","","","","","","",4,1,"","","","","","","","","","","","","","","","","","","","","","","","","","","","","","","","","","","","","","","","","","","","","","","","","","","","","",""
"50020001","PTE DE LA HAGUE",49.725167,-1.939833,6,1951041500,"","","","",1.,1,"","","","","","","","","","","","","","","","","","","","","","","","","","","","","","",7.,1,0.,1,"","","","","","","","","","","","","","","","","","","","","","","","","","",62,1,"","","","","","","","","","","","",6.1,1,1027.5,1,"","","","","","",0,1,"","",0,1,0,1,0,1,"","","","","","","","","","","","","","","","","","","","","","","","",45000,1,"","",2,1,0,1,"","","","","","","","","","",3,1,"","","","","","","","","","","","","","","","","","","","","","","","","","","","","","","","","","","","","","","","","","","","","","","","","","","","","",""
"50020001","PTE DE LA HAGUE",49.725167,-1.939833,6,1951041506,"","","","",2.,1,"","","","","","","","","","","","","","","","","","","","","","","","","","","","","","",3.,1,0.,1,"","","","","","","","","","","","","","","","","","","","","","","","","","",80,1,"","","","","","","","","","","","",6.1,1,1027.7,1,"","","","","","",7,1,6,1,0,1,4,1,6,1,"","","","","","","","","","","","","","","","","","","","","","","","",38000,1,"","",2,1,2,1,"","","","","","","","","","",2,1,"","","","","","","","","","","","","","","","","","","","","","","","","","","","","","","","","","","","","","","","","","","","","","","","","","","","","",""
"50020001","PTE DE LA HAGUE",49.725167,-1.939833,6,1951041509,"","","","",3.,1,"","","","","","","","","","","","","","","","","","","","","","","","","","","","","","",8.8,1,2.2,1,"","","","","","","","","","","","","","","","","","","","","","","","","","",63,1,"","","","","","","","","","","","",7.2,1,1027.4,1,"","","","","","",7,1,7,1,1,1,8,1,2,1,"","","","","","","","","","","","","","","","","","","","","","","","",40000,1,"","",2,1,2,1,"","","","","","","","","","",2,1,"","","","","","","","","","","","","","","","","","","","","","","","","","","","","","","","","","","","","","","","","","","","","","","","","","","","","",""
"50020001","PTE DE LA HAGUE",49.725167,-1.939833,6,1951041512,"","","","",4.,1,"","","","","","","","","","","","","","","","","","","","","","","","","","","","","","",10.,1,3.1,1,"","","","","","","","","","","","","","","","","","","","","","","","","","",62,1,"","","","","","","","","","","","",7.7,1,1026.7,1,"","","","","","",7,1,7,1,2,1,0,1,2,1,"","","","","","","","","","","","","","","","","","","","","","","","",40000,1,"","",2,1,2,1,"","","","","","","","","","",3,1,"","","","","","","","","","","","","","","","","","","","","","","","","","","","","","","","","","","","","","","","","","","","","","","","","","","","","",""
"50020001","PTE DE LA HAGUE",49.725167,-1.939833,6,1951041515,"","","","",4.,1,"","","","","","","","","","","","","","","","","","","","","","","","","","","","","","",10.2,1,2.6,1,"","","","","","","","","","","","","","","","","","","","","","","","","","",58,1,"","","","","","","","","","","","",7.4,1,1025.4,1,"","","","","","",7,1,7,1,0,1,0,1,2,1,"","","","","","","","","","","","","","","","","","","","","","","","",35000,1,"","",2,1,2,1,"","","","","","","","","","",3,1,"","","","","","","","","","","","","","","","","","","","","","","","","","","","","","","","","","","","","","","","","","","","","","","","","","","","","",""
"50020001","PTE DE LA HAGUE",49.725167,-1.939833,6,1951041518,"","","","",2.,1,"","","","","","","","","","","","","","","","","","","","","","","","","","","","","","",9.,1,2.4,1,"","","","","","","","","","","","","","","","","","","","","","","","","","",65,1,"","","","","","","","","","","","",7.3,1,1023.9,1,"","","","","","",2,1,0,1,0,1,0,1,2,1,"","","","","","","","","","","","","","","","","","","","","","","","",30000,1,"","",1,1,2,1,"","","","","","","","","","",2,1,"","","","","","","","","","","","","","","","","","","","","","","","","","","","","","","","","","","","","","","","","","","","","","","","","","","","","",""
"50020001","PTE DE LA HAGUE",49.725167,-1.939833,6,1951041600,"","","","",3.,1,"","","","","","","","","","","","","","","","","","","","","","","","","","","","","","",5.2,1,2.2,1,"","","","","","","","","","","","","","","","","","","","","","","","","","",81,1,"","","","","","","","","","","","",7.2,1,1021.8,1,"","","","","","",6,1,6,1,0,1,0,1,2,1,"","","","","","","","","","","","","","","","","","","","","","","","",35000,1,"","",2,1,2,1,"","","","","","","","","","",2,1,"","","","","","","","","","","","","","","","","","","","","","","","","","","","","","","","","","","","","","","","","","","","","","","","","","","","","",""
"50020001","PTE DE LA HAGUE",49.725167,-1.939833,6,1951041606,"","","","",4.,1,"","","","","","","","","","","","","","","","","","","","","","","","","","","","","","",7.4,1,4.3,1,"","","","","","","","","","","","","","","","","","","","","","","","","","",83,1,"","","","","","","","","","","","",8.4,1,1019.8,1,"","","","","","",3,1,0,1,0,1,0,1,2,1,"","","","","","","","","","","","","","","","","","","","","","","","",30000,1,"","",2,1,0,1,"","","","","","","","","","",3,1,"","","","","","","","","","","","","","","","","","","","","","","","","","","","","","","","","","","","","","","","","","","","","","","","","","","","","",""
"50020001","PTE DE LA HAGUE",49.725167,-1.939833,6,1951041609,"","","","",5.,1,"","","","","","","","","","","","","","","","","","","","","","","","","","","","","","",9.6,1,6.1,1,"","","","","","","","","","","","","","","","","","","","","","","","","","",79,1,"","","","","","","","","","","","",9.5,1,1019.3,1,"","","","","","",3,1,0,1,0,1,0,1,2,1,"","","","","","","","","","","","","","","","","","","","","","","","",25000,1,"","",2,1,0,1,"","","","","","","","","","",3,1,"","","","","","","","","","","","","","","","","","","","","","","","","","","","","","","","","","","","","","","","","","","","","","","","","","","","","",""
"50020001","PTE DE LA HAGUE",49.725167,-1.939833,6,1951041612,"","","","",8.,1,"","","","","","","","","","","","","","","","","","","","","","","","","","","","","","",11.,1,6.9,1,"","","","","","","","","","","","","","","","","","","","","","","","","","",78,1,"","","","","","","","","","","","",10.1,1,1019.3,1,"","","","","","",1,1,0,1,0,1,4,1,0,1,"","","","","","","","","","","","","","","","","","","","","","","","",25000,1,"","",2,1,0,1,"","","","","","","","","","",4,1,"","","","","","","","","","","","","","","","","","","","","","","","","","","","","","","","","","","","","","","","","","","","","","","","","","","","","",""
"50020001","PTE DE LA HAGUE",49.725167,-1.939833,6,1951041615,"","","","",5.,1,"","","","","","","","","","","","","","","","","","","","","","","","","","","","","","",11.4,1,8.,1,"","","","","","","","","","","","","","","","","","","","","","","","","","",78,1,"","","","","","","","","","","","",10.9,1,1019.1,1,"","","","","","",6,1,6,1,0,1,5,1,0,1,"","","","","","","","","","","","","","","","","","","","","","","","",27000,1,"","",3,1,0,1,"","","","","","","","","","",4,1,"","","","","","","","","","","","","","","","","","","","","","","","","","","","","","","","","","","","","","","","","","","","","","","","","","","","","",""
"50020001","PTE DE LA HAGUE",49.725167,-1.939833,6,1951041618,"","","","",3.,1,"","","","","","","","","","","","","","","","","","","","","","","","","","","","","","",10.4,1,8.9,1,"","","","","","","","","","","","","","","","","","","","","","","","","","",90,1,"","","","","","","","","","","","",11.6,1,1018.7,1,"","","","","","",8,1,8,1,6,1,"","","","","","","","","","","","","","","","","","","","","","","","","","","","",10000,1,"","",2,1,1,1,"","","","","","","","","","",3,1,"","","","","","","","","","","","","","","","","","","","","","","","","","","","","","","","","","","","","","","","","","","","","","","","","","","","","",""
"50020001","PTE DE LA HAGUE",49.725167,-1.939833,6,1951041700,"","","","",3.,1,"","","","","","","","","","","","","","","","","","","","","","","","","","","","","","",8.,1,3.8,1,"","","","","","","","","","","","","","","","","","","","","","","","","","",77,1,"","","","","","","","","","","","",8.1,1,1020.3,1,"","","","","","",1,1,0,1,0,1,4,1,0,1,"","","","","","","","","","","","","","","","","","","","","","","","",28000,1,"","",1,1,2,1,"","","","","","","","","","",3,1,"","","","","","","","","","","","","","","","","","","","","","","","","","","","","","","","","","","","","","","","","","","","","","","","","","","","","",""
"50020001","PTE DE LA HAGUE",49.725167,-1.939833,6,1951041706,"","","","",6.,1,"","","","","","","","","","","","","","","","","","","","","","","","","","","","","","",6.,1,-1.9,1,"","","","","","","","","","","","","","","","","","","","","","","","","","",58,1,"","","","","","","","","","","","",5.3,1,1022.6,1,"","","","","","",8,1,8,1,0,1,0,1,7,1,"","","","","","","","","","","","","","","","","","","","","","","","",28000,1,"","",2,1,2,1,"","","","","","","","","","",3,1,"","","","","","","","","","","","","","","","","","","","","","","","","","","","","","","","","","","","","","","","","","","","","","","","","","","","","",""
"50020001","PTE DE LA HAGUE",49.725167,-1.939833,6,1951041709,"","","","",9.,1,"","","","","","","","","","","","","","","","","","","","","","","","","","","","","","",6.6,1,-2.7,1,"","","","","","","","","","","","","","","","","","","","","","","","","","",53,1,"","","","","","","","","","","","",5.,1,1022.7,1,"","","","","","",8,1,8,1,0,1,0,1,7,1,"","","","","","","","","","","","","","","","","","","","","","","","",30000,1,"","",2,1,2,1,"","","","","","","","","","",4,1,"","","","","","","","","","","","","","","","","","","","","","","","","","","","","","","","","","","","","","","","","","","","","","","","","","","","","",""
"50020001","PTE DE LA HAGUE",49.725167,-1.939833,6,1951041712,"","","","",8.,1,"","","","","","","","","","","","","","","","","","","","","","","","","","","","","","",8.2,1,0.2,1,"","","","","","","","","","","","","","","","","","","","","","","","","","",57,1,"","","","","","","","","","","","",6.2,1,1022.7,1,"","","","","","","","",7,1,0,1,0,1,"","","","","","","","","","","","","","","","","","","","","","","","","","",28000,1,"","",2,1,2,1,"","","","","","","","","","",4,1,"","","","","","","","","","","","","","","","","","","","","","","","","","","","","","","","","","","","","","","","","","","","","","","","","","","","","",""
"50020001","PTE DE LA HAGUE",49.725167,-1.939833,6,1951041715,"","","","",10.,1,"","","","","","","","","","","","","","","","","","","","","","","","","","","","","","",8.8,1,-0.2,1,"","","","","","","","","","","","","","","","","","","","","","","","","","",55,1,"","","","","","","","","","","","",6.,1,1020.2,1,"","","","","","",4,1,0,1,0,1,0,1,2,1,"","","","","","","","","","","","","","","","","","","","","","","","",25000,1,"","",1,1,2,1,"","","","","","","","","","",5,1,"","","","","","","","","","","","","","","","","","","","","","","","","","","","","","","","","","","","","","","","","","","","","","","","","","","","","",""
"50020001","PTE DE LA HAGUE",49.725167,-1.939833,6,1951041718,"","","","",10.,1,"","","","","","","","","","","","","","","","","","","","","","","","","","","","","","",7.8,1,0.8,1,"","","","","","","","","","","","","","","","","","","","","","","","","","",61,1,"","","","","","","","","","","","",6.5,1,1018.6,1,"","","","","","",7,1,7,1,0,1,0,1,2,1,"","","","","","","","","","","","","","","","","","","","","","","","",17000,1,"","",2,1,2,1,"","","","","","","","","","",5,1,"","","","","","","","","","","","","","","","","","","","","","","","","","","","","","","","","","","","","","","","","","","","","","","","","","","","","",""
"50020001","PTE DE LA HAGUE",49.725167,-1.939833,6,1951041800,"","","","",8.,1,"","","","","","","","","","","","","","","","","","","","","","","","","","","","","","",8.,1,3.5,1,"","","","","","","","","","","","","","","","","","","","","","","","","","",75,1,"","","","","","","","","","","","",7.9,1,1017.5,1,"","","","","","",7,1,7,1,0,1,0,1,2,1,"","","","","","","","","","","","","","","","","","","","","","","","",30000,1,"","",2,1,2,1,"","","","","","","","","","",4,1,"","","","","","","","","","","","","","","","","","","","","","","","","","","","","","","","","","","","","","","","","","","","","","","","","","","","","",""
"50020001","PTE DE LA HAGUE",49.725167,-1.939833,6,1951041806,"","","","",7.,1,"","","","","","","","","","","","","","","","","","","","","","","","","","","","","","",6.8,1,2.8,1,"","","","","","","","","","","","","","","","","","","","","","","","","","",77,1,"","","","","","","","","","","","",7.5,1,1014.5,1,"","","","","","",7,1,6,1,0,1,9,1,2,1,"","","","","","","","","","","","","","","","","","","","","","","","",17000,1,"","",2,1,2,1,"","","","","","","","","","",4,1,"","","","","","","","","","","","","","","","","","","","","","","","","","","","","","","","","","","","","","","","","","","","","","","","","","","","","",""
"50020001","PTE DE LA HAGUE",49.725167,-1.939833,6,1951041809,"","","","",4.,1,"","","","","","","","","","","","","","","","","","","","","","","","","","","","","","",8.1,1,3.3,1,"","","","","","","","","","","","","","","","","","","","","","","","","","",72,1,"","","","","","","","","","","","",7.8,1,1014.1,1,"","","","","","",8,1,8,1,0,1,9,1,"","","","","","","","","","","","","","","","","","","","","","","","","","",18000,1,"","",2,1,6,1,"","","","","","","","","","",3,1,"","","","","","","","","","","","","","","","","","","","","","","","","","","","","","","","","","","","","","","","","","","","","","","","","","","","","",""
"50020001","PTE DE LA HAGUE",49.725167,-1.939833,6,1951041812,"","","","",3.,1,"","","","","","","","","","","","","","","","","","","","","","","","","","","","","","",9.6,1,5.8,1,"","","","","","","","","","","","","","","","","","","","","","","","","","",77,1,"","","","","","","","","","","","",9.3,1,1013.5,1,"","","","","","",7,1,7,1,0,1,7,1,0,1,"","","","","","","","","","","","","","","","","","","","","","","","",12000,1,"","",2,1,6,1,"","","","","","","","","","",3,1,"","","","","","","","","","","","","","","","","","","","","","","","","","","","","","","","","","","","","","","","","","","","","","","","","","","","","",""
"50020001","PTE DE LA HAGUE",49.725167,-1.939833,6,1951041815,"","","","",4.,1,"","","","","","","","","","","","","","","","","","","","","","","","","","","","","","",10.2,1,5.3,1,"","","","","","","","","","","","","","","","","","","","","","","","","","",72,1,"","","","","","","","","","","","",9.,1,1012.3,1,"","","","","","",6,1,0,1,0,1,3,1,2,1,"","","","","","","","","","","","","","","","","","","","","","","","",11000,1,"","",1,1,2,1,"","","","","","","","","","",3,1,"","","","","","","","","","","","","","","","","","","","","","","","","","","","","","","","","","","","","","","","","","","","","","","","","","","","","",""
"50020001","PTE DE LA HAGUE",49.725167,-1.939833,6,1951041818,"","","","",2.,1,"","","","","","","","","","","","","","","","","","","","","","","","","","","","","","",9.,1,5.,1,"","","","","","","","","","","","","","","","","","","","","","","","","","",78,1,"","","","","","","","","","","","",8.8,1,1011.7,1,"","","","","","",7,1,7,1,0,1,3,1,0,1,"","","","","","","","","","","","","","","","","","","","","","","","",10000,1,"","",2,1,1,1,"","","","","","","","","","",3,1,"","","","","","","","","","","","","","","","","","","","","","","","","","","","","","","","","","","","","","","","","","","","","","","","","","","","","",""
"50020001","PTE DE LA HAGUE",49.725167,-1.939833,6,1951041900,"","","","",1.,1,"","","","","","","","","","","","","","","","","","","","","","","","","","","","","","",8.4,1,7.3,1,"","","","","","","","","","","","","","","","","","","","","","","","","","",95,1,"","","","","","","","","","","","",10.4,1,1011.7,1,"","","","","","",8,1,8,1,0,1,7,1,"","","","","","","","","","","","","","","","","","","","","","","","","","",8000,1,"","",2,1,6,1,"","","","","","","","","","",2,1,"","","","","","","","","","","","","","","","","","","","","","","","","","","","","","","","","","","","","","","","","","","","","","","","","","","","","",""
"50020001","PTE DE LA HAGUE",49.725167,-1.939833,6,1951041906,"","","","",3.,1,"","","","","","","","","","","","","","","","","","","","","","","","","","","","","","",8.6,1,7.3,1,"","","","","","","","","","","","","","","","","","","","","","","","","","",95,1,"","","","","","","","","","","","",10.2,1,1011.3,1,"","","","","","",8,1,8,1,0,1,9,1,"","","","","","","","","","","","","","","","","","","","","","","","","","",3000,1,"","",10,1,6,1,"","","","","","","","","","",2,1,"","","","","","","","","","","","","","","","","","","","","","","","","","","","","","","","","","","","","","","","","","","","","","","","","","","","","",""
"50020001","PTE DE LA HAGUE",49.725167,-1.939833,6,1951041909,"","","","",4.,1,"","","","","","","","","","","","","","","","","","","","","","","","","","","","","","",9.8,1,8.1,1,"","","","","","","","","","","","","","","","","","","","","","","","","","",92,1,"","","","","","","","","","","","",10.8,1,1012.1,1,"","","","","","",7,1,7,1,0,1,3,1,0,1,"","","","","","","","","","","","","","","","","","","","","","","","",3000,1,"","",10,1,2,1,"","","","","","","","","","",2,1,"","","","","","","","","","","","","","","","","","","","","","","","","","","","","","","","","","","","","","","","","","","","","","","","","","","","","",""
"50020001","PTE DE LA HAGUE",49.725167,-1.939833,6,1951041912,"","","","",6.,1,"","","","","","","","","","","","","","","","","","","","","","","","","","","","","","",10.6,1,7.5,1,"","","","","","","","","","","","","","","","","","","","","","","","","","",85,1,"","","","","","","","","","","","",10.4,1,1013.4,1,"","","","","","",7,1,7,1,0,1,3,1,0,1,"","","","","","","","","","","","","","","","","","","","","","","","",3000,1,"","",10,1,2,1,"","","","","","","","","","",3,1,"","","","","","","","","","","","","","","","","","","","","","","","","","","","","","","","","","","","","","","","","","","","","","","","","","","","","",""
"50020001","PTE DE LA HAGUE",49.725167,-1.939833,6,1951041915,"","","","",8.,1,"","","","","","","","","","","","","","","","","","","","","","","","","","","","","","",10.,1,7.5,1,"","","","","","","","","","","","","","","","","","","","","","","","","","",85,1,"","","","","","","","","","","","",10.4,1,1013.7,1,"","","","","","",3,1,0,1,0,1,3,1,0,1,"","","","","","","","","","","","","","","","","","","","","","","","",4000,1,"","",10,1,2,1,"","","","","","","","","","",4,1,"","","","","","","","","","","","","","","","","","","","","","","","","","","","","","","","","","","","","","","","","","","","","","","","","","","","","",""
"50020001","PTE DE LA HAGUE",49.725167,-1.939833,6,1951041918,"","","","",8.,1,"","","","","","","","","","","","","","","","","","","","","","","","","","","","","","",9.,1,6.8,1,"","","","","","","","","","","","","","","","","","","","","","","","","","",86,1,"","","","","","","","","","","","",10.,1,1014.9,1,"","","","","","",8,1,8,1,0,1,2,1,"","","","","","","","","","","","","","","","","","","","","","","","","","",8000,1,"","",2,1,2,1,"","","","","","","","","","",4,1,"","","","","","","","","","","","","","","","","","","","","","","","","","","","","","","","","","","","","","","","","","","","","","","","","","","","","",""
"50020001","PTE DE LA HAGUE",49.725167,-1.939833,6,1951042000,"","","","",8.,1,"","","","","","","","","","","","","","","","","","","","","","","","","","","","","","",8.6,1,6.9,1,"","","","","","","","","","","","","","","","","","","","","","","","","","",89,1,"","","","","","","","","","","","",10.1,1,1015.8,1,"","","","","","",8,1,8,1,6,1,"","","","","","","","","","","","","","","","","","","","","","","","","","","","",8000,1,"","",2,1,2,1,"","","","","","","","","","",4,1,"","","","","","","","","","","","","","","","","","","","","","","","","","","","","","","","","","","","","","","","","","","","","","","","","","","","","",""
"50020001","PTE DE LA HAGUE",49.725167,-1.939833,6,1951042006,"","","","",8.,1,"","","","","","","","","","","","","","","","","","","","","","","","","","","","","","",8.2,1,5.6,1,"","","","","","","","","","","","","","","","","","","","","","","","","","",86,1,"","","","","","","","","","","","",9.2,1,1015.7,1,"","","","","","",8,1,8,1,5,1,7,1,"","","","","","","","","","","","","","","","","","","","","","","","","","",10000,1,"","",2,1,2,1,"","","","","","","","","","",4,1,"","","","","","","","","","","","","","","","","","","","","","","","","","","","","","","","","","","","","","","","","","","","","","","","","","","","","",""
"50020001","PTE DE LA HAGUE",49.725167,-1.939833,6,1951042009,"","","","",8.,1,"","","","","","","","","","","","","","","","","","","","","","","","","","","","","","",8.4,1,5.5,1,"","","","","","","","","","","","","","","","","","","","","","","","","","",83,1,"","","","","","","","","","","","",9.1,1,1016.1,1,"","","","","","",8,1,5,1,5,1,2,1,"","","","","","","","","","","","","","","","","","","","","","","","","","",11000,1,"","",2,1,2,1,"","","","","","","","","","",4,1,"","","","","","","","","","","","","","","","","","","","","","","","","","","","","","","","","","","","","","","","","","","","","","","","","","","","","",""
"50020001","PTE DE LA HAGUE",49.725167,-1.939833,6,1951042012,"","","","",10.,1,"","","","","","","","","","","","","","","","","","","","","","","","","","","","","","",9.8,1,6.2,1,"","","","","","","","","","","","","","","","","","","","","","","","","","",82,1,"","","","","","","","","","","","",9.6,1,1015.9,1,"","","","","","",8,1,0,1,5,1,7,1,2,1,"","","","","","","","","","","","","","","","","","","","","","","","",10000,1,"","",2,1,2,1,"","","","","","","","","","",5,1,"","","","","","","","","","","","","","","","","","","","","","","","","","","","","","","","","","","","","","","","","","","","","","","","","","","","","",""
"50020001","PTE DE LA HAGUE",49.725167,-1.939833,6,1951042015,"","","","",7.,1,"","","","","","","","","","","","","","","","","","","","","","","","","","","","","","",10.4,1,7.3,1,"","","","","","","","","","","","","","","","","","","","","","","","","","",82,1,"","","","","","","","","","","","",10.4,1,1015.4,1,"","","","","","",5,1,0,1,5,1,8,1,0,1,"","","","","","","","","","","","","","","","","","","","","","","","",9000,1,"","",1,1,2,1,"","","","","","","","","","",4,1,"","","","","","","","","","","","","","","","","","","","","","","","","","","","","","","","","","","","","","","","","","","","","","","","","","","","","",""
"50020001","PTE DE LA HAGUE",49.725167,-1.939833,6,1951042018,"","","","",3.,1,"","","","","","","","","","","","","","","","","","","","","","","","","","","","","","",9.6,1,7.7,1,"","","","","","","","","","","","","","","","","","","","","","","","","","",87,1,"","","","","","","","","","","","",10.7,1,1015.1,1,"","","","","","",1,1,0,1,0,1,8,1,0,1,"","","","","","","","","","","","","","","","","","","","","","","","",8000,1,"","",1,1,1,1,"","","","","","","","","","",4,1,"","","","","","","","","","","","","","","","","","","","","","","","","","","","","","","","","","","","","","","","","","","","","","","","","","","","","",""
"50020001","PTE DE LA HAGUE",49.725167,-1.939833,6,1951042100,"","","","",4.,1,"","","","","","","","","","","","","","","","","","","","","","","","","","","","","","",8.4,1,6.9,1,"","","","","","","","","","","","","","","","","","","","","","","","","","",89,1,"","","","","","","","","","","","",10.1,1,1015.8,1,"","","","","","",0,1,"","",0,1,0,1,0,1,"","","","","","","","","","","","","","","","","","","","","","","","",13000,1,"","",2,1,0,1,"","","","","","","","","","",4,1,"","","","","","","","","","","","","","","","","","","","","","","","","","","","","","","","","","","","","","","","","","","","","","","","","","","","","",""
"50020001","PTE DE LA HAGUE",49.725167,-1.939833,6,1951042106,"","","","",7.,1,"","","","","","","","","","","","","","","","","","","","","","","","","","","","","","",7.2,1,6.1,1,"","","","","","","","","","","","","","","","","","","","","","","","","","",92,1,"","","","","","","","","","","","",9.5,1,1017.1,1,"","","","","","",6,1,6,1,5,1,0,1,0,1,"","","","","","","","","","","","","","","","","","","","","","","","",8000,1,"","",2,1,1,1,"","","","","","","","","","",4,1,"","","","","","","","","","","","","","","","","","","","","","","","","","","","","","","","","","","","","","","","","","","","","","","","","","","","","",""
"50020001","PTE DE LA HAGUE",49.725167,-1.939833,6,1951042109,"","","","",14.,1,"","","","","","","","","","","","","","","","","","","","","","","","","","","","","","",7.8,1,5.9,1,"","","","","","","","","","","","","","","","","","","","","","","","","","",89,1,"","","","","","","","","","","","",9.4,1,1017.4,1,"","","","","","",8,1,8,1,5,1,"","","","","","","","","","","","","","","","","","","","","","","","","","","","",6000,1,"","",2,1,2,1,"","","","","","","","","","",6,1,"","","","","","","","","","","","","","","","","","","","","","","","","","","","","","","","","","","","","","","","","","","","","","","","","","","","","",""
"50020001","PTE DE LA HAGUE",49.725167,-1.939833,6,1951042112,"","","","",13.,1,"","","","","","","","","","","","","","","","","","","","","","","","","","","","","","",9.,1,4.5,1,"","","","","","","","","","","","","","","","","","","","","","","","","","",73,1,"","","","","","","","","","","","",8.5,1,1018.1,1,"","","","","","",7,1,7,1,5,1,0,1,0,1,"","","","","","","","","","","","","","","","","","","","","","","","",10000,1,"","",2,1,2,1,"","","","","","","","","","",5,1,"","","","","","","","","","","","","","","","","","","","","","","","","","","","","","","","","","","","","","","","","","","","","","","","","","","","","",""
"50020001","PTE DE LA HAGUE",49.725167,-1.939833,6,1951042115,"","","","",13.,1,"","","","","","","","","","","","","","","","","","","","","","","","","","","","","","",9.,1,4.5,1,"","","","","","","","","","","","","","","","","","","","","","","","","","",73,1,"","","","","","","","","","","","",8.5,1,1018.6,1,"","","","","","",1,1,0,1,5,1,0,1,0,1,"","","","","","","","","","","","","","","","","","","","","","","","",12000,1,"","",1,1,2,1,"","","","","","","","","","",5,1,"","","","","","","","","","","","","","","","","","","","","","","","","","","","","","","","","","","","","","","","","","","","","","","","","","","","","",""
"50020001","PTE DE LA HAGUE",49.725167,-1.939833,6,1951042118,"","","","",13.,1,"","","","","","","","","","","","","","","","","","","","","","","","","","","","","","",8.,1,3.3,1,"","","","","","","","","","","","","","","","","","","","","","","","","","",72,1,"","","","","","","","","","","","",7.8,1,1018.6,1,"","","","","","",0,1,"","",0,1,0,1,0,1,"","","","","","","","","","","","","","","","","","","","","","","","",12000,1,"","",2,1,0,1,"","","","","","","","","","",5,1,"","","","","","","","","","","","","","","","","","","","","","","","","","","","","","","","","","","","","","","","","","","","","","","","","","","","","",""
"50020001","PTE DE LA HAGUE",49.725167,-1.939833,6,1951042200,"","","","",11.,1,"","","","","","","","","","","","","","","","","","","","","","","","","","","","","","",7.,1,4.5,1,"","","","","","","","","","","","","","","","","","","","","","","","","","",85,1,"","","","","","","","","","","","",8.5,1,1020.5,1,"","","","","","",7,1,7,1,5,1,0,1,0,1,"","","","","","","","","","","","","","","","","","","","","","","","",14000,1,"","",2,1,1,1,"","","","","","","","","","",5,1,"","","","","","","","","","","","","","","","","","","","","","","","","","","","","","","","","","","","","","","","","","","","","","","","","","","","","",""
"50020001","PTE DE LA HAGUE",49.725167,-1.939833,6,1951042206,"","","","",12.,1,"","","","","","","","","","","","","","","","","","","","","","","","","","","","","","",6.6,1,3.3,1,"","","","","","","","","","","","","","","","","","","","","","","","","","",82,1,"","","","","","","","","","","","",7.8,1,1020.9,1,"","","","","","",0,1,"","",0,1,0,1,0,1,"","","","","","","","","","","","","","","","","","","","","","","","",13000,1,"","",2,1,0,1,"","","","","","","","","","",5,1,"","","","","","","","","","","","","","","","","","","","","","","","","","","","","","","","","","","","","","","","","","","","","","","","","","","","","",""
"50020001","PTE DE LA HAGUE",49.725167,-1.939833,6,1951042209,"","","","",12.,1,"","","","","","","","","","","","","","","","","","","","","","","","","","","","","","",7.8,1,3.3,1,"","","","","","","","","","","","","","","","","","","","","","","","","","",72,1,"","","","","","","","","","","","",7.8,1,1021.3,1,"","","","","","",0,1,"","",0,1,0,1,0,1,"","","","","","","","","","","","","","","","","","","","","","","","",14000,1,"","",2,1,0,1,"","","","","","","","","","",5,1,"","","","","","","","","","","","","","","","","","","","","","","","","","","","","","","","","","","","","","","","","","","","","","","","","","","","","",""
"50020001","PTE DE LA HAGUE",49.725167,-1.939833,6,1951042212,"","","","",8.,1,"","","","","","","","","","","","","","","","","","","","","","","","","","","","","","",9.,1,2.4,1,"","","","","","","","","","","","","","","","","","","","","","","","","","",65,1,"","","","","","","","","","","","",7.3,1,1022.2,1,"","","","","","",0,1,"","",0,1,0,1,0,1,"","","","","","","","","","","","","","","","","","","","","","","","",16000,1,"","",2,1,0,1,"","","","","","","","","","",5,1,"","","","","","","","","","","","","","","","","","","","","","","","","","","","","","","","","","","","","","","","","","","","","","","","","","","","","",""
"50020001","PTE DE LA HAGUE",49.725167,-1.939833,6,1951042215,"","","","",8.,1,"","","","","","","","","","","","","","","","","","","","","","","","","","","","","","",9.2,1,3.7,1,"","","","","","","","","","","","","","","","","","","","","","","","","","",67,1,"","","","","","","","","","","","",8.,1,1021.7,1,"","","","","","",0,1,"","",0,1,0,1,0,1,"","","","","","","","","","","","","","","","","","","","","","","","",15000,1,"","",2,1,0,1,"","","","","","","","","","",5,1,"","","","","","","","","","","","","","","","","","","","","","","","","","","","","","","","","","","","","","","","","","","","","","","","","","","","","",""
"50020001","PTE DE LA HAGUE",49.725167,-1.939833,6,1951042218,"","","","",7.,1,"","","","","","","","","","","","","","","","","","","","","","","","","","","","","","",8.6,1,4.7,1,"","","","","","","","","","","","","","","","","","","","","","","","","","",76,1,"","","","","","","","","","","","",8.6,1,1021.7,1,"","","","","","",0,1,"","",0,1,0,1,0,1,"","","","","","","","","","","","","","","","","","","","","","","","",14000,1,"","",2,1,0,1,"","","","","","","","","","",4,1,"","","","","","","","","","","","","","","","","","","","","","","","","","","","","","","","","","","","","","","","","","","","","","","","","","","","","",""
"50020001","PTE DE LA HAGUE",49.725167,-1.939833,6,1951042300,"","","","",3.,1,"","","","","","","","","","","","","","","","","","","","","","","","","","","","","","",7.8,1,5.9,1,"","","","","","","","","","","","","","","","","","","","","","","","","","",89,1,"","","","","","","","","","","","",9.4,1,1022.7,1,"","","","","","",0,1,"","",0,1,0,1,0,1,"","","","","","","","","","","","","","","","","","","","","","","","",11000,1,"","",2,1,0,1,"","","","","","","","","","",3,1,"","","","","","","","","","","","","","","","","","","","","","","","","","","","","","","","","","","","","","","","","","","","","","","","","","","","","",""
"50020001","PTE DE LA HAGUE",49.725167,-1.939833,6,1951042306,"","","","",2.,1,"","","","","","","","","","","","","","","","","","","","","","","","","","","","","","",6.4,1,5.6,1,"","","","","","","","","","","","","","","","","","","","","","","","","","",97,1,"","","","","","","","","","","","",9.2,1,1022.7,1,"","","","","","",1,1,0,1,0,1,0,1,1,1,"","","","","","","","","","","","","","","","","","","","","","","","",6000,1,"","",2,1,0,1,"","","","","","","","","","",2,1,"","","","","","","","","","","","","","","","","","","","","","","","","","","","","","","","","","","","","","","","","","","","","","","","","","","","","",""
"50020001","PTE DE LA HAGUE",49.725167,-1.939833,6,1951042309,"","","","",3.,1,"","","","","","","","","","","","","","","","","","","","","","","","","","","","","","",9.8,1,8.,1,"","","","","","","","","","","","","","","","","","","","","","","","","","",90,1,"","","","","","","","","","","","",10.9,1,1023.1,1,"","","","","","",0,1,"","",0,1,0,1,0,1,"","","","","","","","","","","","","","","","","","","","","","","","",6000,1,"","",2,1,0,1,"","","","","","","","","","",3,1,"","","","","","","","","","","","","","","","","","","","","","","","","","","","","","","","","","","","","","","","","","","","","","","","","","","","","",""
"50020001","PTE DE LA HAGUE",49.725167,-1.939833,6,1951042312,"","","","",3.,1,"","","","","","","","","","","","","","","","","","","","","","","","","","","","","","",11.4,1,8.4,1,"","","","","","","","","","","","","","","","","","","","","","","","","","",83,1,"","","","","","","","","","","","",11.2,1,1023.1,1,"","","","","","",2,1,0,1,0,1,0,1,1,1,"","","","","","","","","","","","","","","","","","","","","","","","",6000,1,"","",3,1,0,1,"","","","","","","","","","",3,1,"","","","","","","","","","","","","","","","","","","","","","","","","","","","","","","","","","","","","","","","","","","","","","","","","","","","","",""
"50020001","PTE DE LA HAGUE",49.725167,-1.939833,6,1951042315,"","","","",4.,1,"","","","","","","","","","","","","","","","","","","","","","","","","","","","","","",12.,1,8.,1,"","","","","","","","","","","","","","","","","","","","","","","","","","",78,1,"","","","","","","","","","","","",10.9,1,1022.5,1,"","","","","","",0,1,"","",0,1,0,1,0,1,"","","","","","","","","","","","","","","","","","","","","","","","",5000,1,"","",2,1,0,1,"","","","","","","","","","",3,1,"","","","","","","","","","","","","","","","","","","","","","","","","","","","","","","","","","","","","","","","","","","","","","","","","","","","","",""
"50020001","PTE DE LA HAGUE",49.725167,-1.939833,6,1951042318,"","","","",2.,1,"","","","","","","","","","","","","","","","","","","","","","","","","","","","","","",10.6,1,7.5,1,"","","","","","","","","","","","","","","","","","","","","","","","","","",85,1,"","","","","","","","","","","","",10.5,1,1022.3,1,"","","","","","",0,1,"","",0,1,0,1,0,1,"","","","","","","","","","","","","","","","","","","","","","","","",5000,1,"","",2,1,0,1,"","","","","","","","","","",2,1,"","","","","","","","","","","","","","","","","","","","","","","","","","","","","","","","","","","","","","","","","","","","","","","","","","","","","",""
"50020001","PTE DE LA HAGUE",49.725167,-1.939833,6,1951042400,"","","","",2.,1,"","","","","","","","","","","","","","","","","","","","","","","","","","","","","","",6.4,1,5.3,1,"","","","","","","","","","","","","","","","","","","","","","","","","","",94,1,"","","","","","","","","","","","",9.,1,1023.,1,"","","","","","",0,1,"","",0,1,0,1,0,1,"","","","","","","","","","","","","","","","","","","","","","","","",6000,1,"","",2,1,0,1,"","","","","","","","","","",2,1,"","","","","","","","","","","","","","","","","","","","","","","","","","","","","","","","","","","","","","","","","","","","","","","","","","","","","",""
"50020001","PTE DE LA HAGUE",49.725167,-1.939833,6,1951042406,"","","","",1.,1,"","","","","","","","","","","","","","","","","","","","","","","","","","","","","","",6.6,1,3.3,1,"","","","","","","","","","","","","","","","","","","","","","","","","","",82,1,"","","","","","","","","","","","",7.8,1,1021.9,1,"","","","","","",0,1,"","",0,1,0,1,0,1,"","","","","","","","","","","","","","","","","","","","","","","","",14000,1,"","",2,1,0,1,"","","","","","","","","","",2,1,"","","","","","","","","","","","","","","","","","","","","","","","","","","","","","","","","","","","","","","","","","","","","","","","","","","","","",""
"50020001","PTE DE LA HAGUE",49.725167,-1.939833,6,1951042409,"","","","",1.,1,"","","","","","","","","","","","","","","","","","","","","","","","","","","","","","",12.,1,3.5,1,"","","","","","","","","","","","","","","","","","","","","","","","","","",58,1,"","","","","","","","","","","","",7.9,1,1022.5,1,"","","","","","",0,1,"","",0,1,0,1,0,1,"","","","","","","","","","","","","","","","","","","","","","","","",14000,1,"","",2,1,0,1,"","","","","","","","","","",2,1,"","","","","","","","","","","","","","","","","","","","","","","","","","","","","","","","","","","","","","","","","","","","","","","","","","","","","",""
"50020001","PTE DE LA HAGUE",49.725167,-1.939833,6,1951042412,"","","","",1.,1,"","","","","","","","","","","","","","","","","","","","","","","","","","","","","","",11.,1,8.4,1,"","","","","","","","","","","","","","","","","","","","","","","","","","",83,1,"","","","","","","","","","","","",11.2,1,1022.5,1,"","","","","","",0,1,"","",0,1,0,1,0,1,"","","","","","","","","","","","","","","","","","","","","","","","",10000,1,"","",2,1,0,1,"","","","","","","","","","",2,1,"","","","","","","","","","","","","","","","","","","","","","","","","","","","","","","","","","","","","","","","","","","","","","","","","","","","","",""
"50020001","PTE DE LA HAGUE",49.725167,-1.939833,6,1951042415,"","","","",2.,1,"","","","","","","","","","","","","","","","","","","","","","","","","","","","","","",13.2,1,6.9,1,"","","","","","","","","","","","","","","","","","","","","","","","","","",68,1,"","","","","","","","","","","","",10.1,1,1020.9,1,"","","","","","",0,1,"","",0,1,0,1,0,1,"","","","","","","","","","","","","","","","","","","","","","","","",8000,1,"","",2,1,0,1,"","","","","","","","","","",2,1,"","","","","","","","","","","","","","","","","","","","","","","","","","","","","","","","","","","","","","","","","","","","","","","","","","","","","",""
"50020001","PTE DE LA HAGUE",49.725167,-1.939833,6,1951042418,"","","","",1.,1,"","","","","","","","","","","","","","","","","","","","","","","","","","","","","","",12.4,1,7.3,1,"","","","","","","","","","","","","","","","","","","","","","","","","","",72,1,"","","","","","","","","","","","",10.4,1,1020.3,1,"","","","","","",1,1,0,1,0,1,0,1,1,1,"","","","","","","","","","","","","","","","","","","","","","","","",9000,1,"","",2,1,0,1,"","","","","","","","","","",2,1,"","","","","","","","","","","","","","","","","","","","","","","","","","","","","","","","","","","","","","","","","","","","","","","","","","","","","",""
"50020001","PTE DE LA HAGUE",49.725167,-1.939833,6,1951042500,"","","","",1.,1,"","","","","","","","","","","","","","","","","","","","","","","","","","","","","","",8.2,1,5.9,1,"","","","","","","","","","","","","","","","","","","","","","","","","","",89,1,"","","","","","","","","","","","",9.4,1,1020.9,1,"","","","","","",0,1,"","",0,1,0,1,0,1,"","","","","","","","","","","","","","","","","","","","","","","","",10000,1,"","",2,1,0,1,"","","","","","","","","","",2,1,"","","","","","","","","","","","","","","","","","","","","","","","","","","","","","","","","","","","","","","","","","","","","","","","","","","","","",""
"50020001","PTE DE LA HAGUE",49.725167,-1.939833,6,1951042506,"","","","",2.,1,"","","","","","","","","","","","","","","","","","","","","","","","","","","","","","",8.2,1,5.5,1,"","","","","","","","","","","","","","","","","","","","","","","","","","",83,1,"","","","","","","","","","","","",9.1,1,1019.8,1,"","","","","","",0,1,"","",0,1,0,1,0,1,"","","","","","","","","","","","","","","","","","","","","","","","",6000,1,"","",2,1,0,1,"","","","","","","","","","",2,1,"","","","","","","","","","","","","","","","","","","","","","","","","","","","","","","","","","","","","","","","","","","","","","","","","","","","","",""
"50020001","PTE DE LA HAGUE",49.725167,-1.939833,6,1951042509,"","","","",2.,1,"","","","","","","","","","","","","","","","","","","","","","","","","","","","","","",11.2,1,8.4,1,"","","","","","","","","","","","","","","","","","","","","","","","","","",83,1,"","","","","","","","","","","","",11.2,1,1019.8,1,"","","","","","",0,1,"","",0,1,0,1,0,1,"","","","","","","","","","","","","","","","","","","","","","","","",5000,1,"","",2,1,0,1,"","","","","","","","","","",2,1,"","","","","","","","","","","","","","","","","","","","","","","","","","","","","","","","","","","","","","","","","","","","","","","","","","","","","",""
"50020001","PTE DE LA HAGUE",49.725167,-1.939833,6,1951042512,"","","","",3.,1,"","","","","","","","","","","","","","","","","","","","","","","","","","","","","","",14.,1,7.6,1,"","","","","","","","","","","","","","","","","","","","","","","","","","",65,1,"","","","","","","","","","","","",10.6,1,1019.4,1,"","","","","","",0,1,"","",0,1,0,1,0,1,"","","","","","","","","","","","","","","","","","","","","","","","",5000,1,"","",2,1,0,1,"","","","","","","","","","",2,1,"","","","","","","","","","","","","","","","","","","","","","","","","","","","","","","","","","","","","","","","","","","","","","","","","","","","","",""
"50020001","PTE DE LA HAGUE",49.725167,-1.939833,6,1951042515,"","","","",2.,1,"","","","","","","","","","","","","","","","","","","","","","","","","","","","","","",15.,1,6.8,1,"","","","","","","","","","","","","","","","","","","","","","","","","","",58,1,"","","","","","","","","","","","",10.,1,1017.5,1,"","","","","","",0,1,"","",0,1,0,1,0,1,"","","","","","","","","","","","","","","","","","","","","","","","",5000,1,"","",2,1,0,1,"","","","","","","","","","",2,1,"","","","","","","","","","","","","","","","","","","","","","","","","","","","","","","","","","","","","","","","","","","","","","","","","","","","","",""
"50020001","PTE DE LA HAGUE",49.725167,-1.939833,6,1951042518,"","","","",2.,1,"","","","","","","","","","","","","","","","","","","","","","","","","","","","","","",14.8,1,7.1,1,"","","","","","","","","","","","","","","","","","","","","","","","","","",60,1,"","","","","","","","","","","","",10.2,1,1016.3,1,"","","","","","",0,1,"","",0,1,0,1,0,1,"","","","","","","","","","","","","","","","","","","","","","","","",5000,1,"","",2,1,0,1,"","","","","","","","","","",2,1,"","","","","","","","","","","","","","","","","","","","","","","","","","","","","","","","","","","","","","","","","","","","","","","","","","","","","",""
"50020001","PTE DE LA HAGUE",49.725167,-1.939833,6,1951042600,"","","","",1.,1,"","","","","","","","","","","","","","","","","","","","","","","","","","","","","","",8.2,1,5.1,1,"","","","","","","","","","","","","","","","","","","","","","","","","","",81,1,"","","","","","","","","","","","",8.9,1,1015.7,1,"","","","","","",0,1,"","",0,1,0,1,0,1,"","","","","","","","","","","","","","","","","","","","","","","","",8000,1,"","",2,1,0,1,"","","","","","","","","","",2,1,"","","","","","","","","","","","","","","","","","","","","","","","","","","","","","","","","","","","","","","","","","","","","","","","","","","","","",""
"50020001","PTE DE LA HAGUE",49.725167,-1.939833,6,1951042606,"","","","",3.,1,"","","","","","","","","","","","","","","","","","","","","","","","","","","","","","",8.8,1,6.4,1,"","","","","","","","","","","","","","","","","","","","","","","","","","",84,1,"","","","","","","","","","","","",9.7,1,1013.3,1,"","","","","","",0,1,"","",0,1,0,1,0,1,"","","","","","","","","","","","","","","","","","","","","","","","",6000,1,"","",2,1,0,1,"","","","","","","","","","",2,1,"","","","","","","","","","","","","","","","","","","","","","","","","","","","","","","","","","","","","","","","","","","","","","","","","","","","","",""
"50020001","PTE DE LA HAGUE",49.725167,-1.939833,6,1951042609,"","","","",0.,1,"","","","","","","","","","","","","","","","","","","","","","","","","","","","","","",12.2,1,7.5,1,"","","","","","","","","","","","","","","","","","","","","","","","","","",74,1,"","","","","","","","","","","","",10.5,1,1013.3,1,"","","","","","",0,1,"","",0,1,0,1,0,1,"","","","","","","","","","","","","","","","","","","","","","","","",6000,1,"","",2,1,0,1,"","","","","","","","","","",2,1,"","","","","","","","","","","","","","","","","","","","","","","","","","","","","","","","","","","","","","","","","","","","","","","","","","","","","",""
"50020001","PTE DE LA HAGUE",49.725167,-1.939833,6,1951042612,"","","","",3.,1,"","","","","","","","","","","","","","","","","","","","","","","","","","","","","","",11.4,1,8.4,1,"","","","","","","","","","","","","","","","","","","","","","","","","","",83,1,"","","","","","","","","","","","",11.2,1,1013.3,1,"","","","","","",6,1,6,1,0,1,0,1,2,1,"","","","","","","","","","","","","","","","","","","","","","","","",5000,1,"","",3,1,0,1,"","","","","","","","","","",2,1,"","","","","","","","","","","","","","","","","","","","","","","","","","","","","","","","","","","","","","","","","","","","","","","","","","","","","",""
"50020001","PTE DE LA HAGUE",49.725167,-1.939833,6,1951042615,"","","","",5.,1,"","","","","","","","","","","","","","","","","","","","","","","","","","","","","","",11.2,1,8.4,1,"","","","","","","","","","","","","","","","","","","","","","","","","","",83,1,"","","","","","","","","","","","",11.2,1,1012.9,1,"","","","","","",7,1,7,1,0,1,9,1,0,1,"","","","","","","","","","","","","","","","","","","","","","","","",12000,1,"","",2,1,2,1,"","","","","","","","","","",3,1,"","","","","","","","","","","","","","","","","","","","","","","","","","","","","","","","","","","","","","","","","","","","","","","","","","","","","",""
"50020001","PTE DE LA HAGUE",49.725167,-1.939833,6,1951042618,"","","","",3.,1,"","","","","","","","","","","","","","","","","","","","","","","","","","","","","","",10.8,1,6.9,1,"","","","","","","","","","","","","","","","","","","","","","","","","","",78,1,"","","","","","","","","","","","",10.1,1,1012.9,1,"","","","","","",6,1,6,1,0,1,9,1,0,1,"","","","","","","","","","","","","","","","","","","","","","","","",12000,1,"","",2,1,2,1,"","","","","","","","","","",2,1,"","","","","","","","","","","","","","","","","","","","","","","","","","","","","","","","","","","","","","","","","","","","","","","","","","","","","",""
"50020001","PTE DE LA HAGUE",49.725167,-1.939833,6,1951042700,"","","","",8.,1,"","","","","","","","","","","","","","","","","","","","","","","","","","","","","","",9.2,1,4.2,1,"","","","","","","","","","","","","","","","","","","","","","","","","","",71,1,"","","","","","","","","","","","",8.3,1,1013.5,1,"","","","","","",7,1,7,1,0,1,9,1,0,1,"","","","","","","","","","","","","","","","","","","","","","","","",16000,1,"","",2,1,2,1,"","","","","","","","","","",4,1,"","","","","","","","","","","","","","","","","","","","","","","","","","","","","","","","","","","","","","","","","","","","","","","","","","","","","",""
"50020001","PTE DE LA HAGUE",49.725167,-1.939833,6,1951042706,"","","","",7.,1,"","","","","","","","","","","","","","","","","","","","","","","","","","","","","","",8.,1,5.5,1,"","","","","","","","","","","","","","","","","","","","","","","","","","",83,1,"","","","","","","","","","","","",9.1,1,1013.9,1,"","","","","","",7,1,7,1,0,1,9,1,0,1,"","","","","","","","","","","","","","","","","","","","","","","","",10000,1,"","",80,1,8,1,"","","","","","","","","","",3,1,"","","","","","","","","","","","","","","","","","","","","","","","","","","","","","","","","","","","","","","","","","","","","","","","","","","","","",""
"50020001","PTE DE LA HAGUE",49.725167,-1.939833,6,1951042709,"","","","",6.,1,"","","","","","","","","","","","","","","","","","","","","","","","","","","","","","",7.8,1,3.5,1,"","","","","","","","","","","","","","","","","","","","","","","","","","",75,1,"","","","","","","","","","","","",7.9,1,1014.9,1,"","","","","","",7,1,7,1,2,1,0,1,0,1,"","","","","","","","","","","","","","","","","","","","","","","","",16000,1,"","",2,1,2,1,"","","","","","","","","","",4,1,"","","","","","","","","","","","","","","","","","","","","","","","","","","","","","","","","","","","","","","","","","","","","","","","","","","","","",""
"50020001","PTE DE LA HAGUE",49.725167,-1.939833,6,1951042712,"","","","",5.,1,"","","","","","","","","","","","","","","","","","","","","","","","","","","","","","",7.,1,2.4,1,"","","","","","","","","","","","","","","","","","","","","","","","","","",74,1,"","","","","","","","","","","","",7.3,1,1015.1,1,"","","","","","",8,1,8,1,0,1,9,1,"","","","","","","","","","","","","","","","","","","","","","","","","","",18000,1,"","",2,1,2,1,"","","","","","","","","","",3,1,"","","","","","","","","","","","","","","","","","","","","","","","","","","","","","","","","","","","","","","","","","","","","","","","","","","","","",""
"50020001","PTE DE LA HAGUE",49.725167,-1.939833,6,1951042715,"","","","",3.,1,"","","","","","","","","","","","","","","","","","","","","","","","","","","","","","",9.,1,4.5,1,"","","","","","","","","","","","","","","","","","","","","","","","","","",73,1,"","","","","","","","","","","","",8.5,1,1015.4,1,"","","","","","",2,1,0,1,2,1,0,1,0,1,"","","","","","","","","","","","","","","","","","","","","","","","",14000,1,"","",1,1,2,1,"","","","","","","","","","",3,1,"","","","","","","","","","","","","","","","","","","","","","","","","","","","","","","","","","","","","","","","","","","","","","","","","","","","","",""
"50020001","PTE DE LA HAGUE",49.725167,-1.939833,6,1951042718,"","","","",7.,1,"","","","","","","","","","","","","","","","","","","","","","","","","","","","","","",7.,1,4.5,1,"","","","","","","","","","","","","","","","","","","","","","","","","","",85,1,"","","","","","","","","","","","",8.5,1,1015.4,1,"","","","","","",7,1,7,1,0,1,9,1,0,1,"","","","","","","","","","","","","","","","","","","","","","","","",22000,1,"","",2,1,2,1,"","","","","","","","","","",4,1,"","","","","","","","","","","","","","","","","","","","","","","","","","","","","","","","","","","","","","","","","","","","","","","","","","","","","",""
"50020001","PTE DE LA HAGUE",49.725167,-1.939833,6,1951042800,"","","","",10.,1,"","","","","","","","","","","","","","","","","","","","","","","","","","","","","","",6.2,1,5.3,1,"","","","","","","","","","","","","","","","","","","","","","","","","","",94,1,"","","","","","","","","","","","",9.,1,1017.9,1,"","","","","","",8,1,6,1,3,1,"","","","","","","","","","","","","","","","","","","","","","","","","","","","",25000,1,"","",80,1,8,1,"","","","","","","","","","",5,1,"","","","","","","","","","","","","","","","","","","","","","","","","","","","","","","","","","","","","","","","","","","","","","","","","","","","","",""
"50020001","PTE DE LA HAGUE",49.725167,-1.939833,6,1951042806,"","","","",10.,1,"","","","","","","","","","","","","","","","","","","","","","","","","","","","","","",5.6,1,2.2,1,"","","","","","","","","","","","","","","","","","","","","","","","","","",81,1,"","","","","","","","","","","","",7.2,1,1020.2,1,"","","","","","",7,1,7,1,2,1,0,1,0,1,"","","","","","","","","","","","","","","","","","","","","","","","",26000,1,"","",2,1,8,1,"","","","","","","","","","",5,1,"","","","","","","","","","","","","","","","","","","","","","","","","","","","","","","","","","","","","","","","","","","","","","","","","","","","","",""
"50020001","PTE DE LA HAGUE",49.725167,-1.939833,6,1951042809,"","","","",8.,1,"","","","","","","","","","","","","","","","","","","","","","","","","","","","","","",6.4,1,3.,1,"","","","","","","","","","","","","","","","","","","","","","","","","","",79,1,"","","","","","","","","","","","",7.6,1,1021.1,1,"","","","","","",5,1,0,1,2,1,4,1,2,1,"","","","","","","","","","","","","","","","","","","","","","","","",20000,1,"","",1,1,2,1,"","","","","","","","","","",5,1,"","","","","","","","","","","","","","","","","","","","","","","","","","","","","","","","","","","","","","","","","","","","","","","","","","","","","",""
"50020001","PTE DE LA HAGUE",49.725167,-1.939833,6,1951042812,"","","","",4.,1,"","","","","","","","","","","","","","","","","","","","","","","","","","","","","","",7.8,1,1.,1,"","","","","","","","","","","","","","","","","","","","","","","","","","",64,1,"","","","","","","","","","","","",6.6,1,1021.8,1,"","","","","","",2,1,0,1,2,1,0,1,0,1,"","","","","","","","","","","","","","","","","","","","","","","","",21000,1,"","",1,1,1,1,"","","","","","","","","","",4,1,"","","","","","","","","","","","","","","","","","","","","","","","","","","","","","","","","","","","","","","","","","","","","","","","","","","","","",""
"50020001","PTE DE LA HAGUE",49.725167,-1.939833,6,1951042815,"","","","",4.,1,"","","","","","","","","","","","","","","","","","","","","","","","","","","","","","",8.8,1,1.8,1,"","","","","","","","","","","","","","","","","","","","","","","","","","",60,1,"","","","","","","","","","","","",7.,1,1021.3,1,"","","","","","",5,1,0,1,8,1,0,1,0,1,"","","","","","","","","","","","","","","","","","","","","","","","",23000,1,"","",3,1,0,1,"","","","","","","","","","",4,1,"","","","","","","","","","","","","","","","","","","","","","","","","","","","","","","","","","","","","","","","","","","","","","","","","","","","","",""
"50020001","PTE DE LA HAGUE",49.725167,-1.939833,6,1951042818,"","","","",6.,1,"","","","","","","","","","","","","","","","","","","","","","","","","","","","","","",7.6,1,1.8,1,"","","","","","","","","","","","","","","","","","","","","","","","","","",69,1,"","","","","","","","","","","","",7.,1,1020.6,1,"","","","","","",7,1,5,1,2,1,9,1,0,1,"","","","","","","","","","","","","","","","","","","","","","","","",19000,1,"","",60,1,1,1,"","","","","","","","","","",4,1,"","","","","","","","","","","","","","","","","","","","","","","","","","","","","","","","","","","","","","","","","","","","","","","","","","","","","",""
"50020001","PTE DE LA HAGUE",49.725167,-1.939833,6,1951042900,"","","","",4.,1,"","","","","","","","","","","","","","","","","","","","","","","","","","","","","","",7.,1,1.4,1,"","","","","","","","","","","","","","","","","","","","","","","","","","",66,1,"","","","","","","","","","","","",6.8,1,1020.6,1,"","","","","","",0,1,"","",0,1,0,1,0,1,"","","","","","","","","","","","","","","","","","","","","","","","",25000,1,"","",2,1,8,1,"","","","","","","","","","",4,1,"","","","","","","","","","","","","","","","","","","","","","","","","","","","","","","","","","","","","","","","","","","","","","","","","","","","","",""
"50020001","PTE DE LA HAGUE",49.725167,-1.939833,6,1951042906,"","","","",0.,1,"","","","","","","","","","","","","","","","","","","","","","","","","","","","","","",6.,1,3.3,1,"","","","","","","","","","","","","","","","","","","","","","","","","","",82,1,"","","","","","","","","","","","",7.8,1,1020.3,1,"","","","","","",7,1,6,1,2,1,0,1,2,1,"","","","","","","","","","","","","","","","","","","","","","","","",16000,1,"","",2,1,2,1,"","","","","","","","","","",2,1,"","","","","","","","","","","","","","","","","","","","","","","","","","","","","","","","","","","","","","","","","","","","","","","","","","","","","",""
"50020001","PTE DE LA HAGUE",49.725167,-1.939833,6,1951042909,"","","","",2.,1,"","","","","","","","","","","","","","","","","","","","","","","","","","","","","","",8.8,1,4.2,1,"","","","","","","","","","","","","","","","","","","","","","","","","","",71,1,"","","","","","","","","","","","",8.3,1,1019.9,1,"","","","","","",7,1,5,1,2,1,0,1,2,1,"","","","","","","","","","","","","","","","","","","","","","","","",18000,1,"","",2,1,2,1,"","","","","","","","","","",2,1,"","","","","","","","","","","","","","","","","","","","","","","","","","","","","","","","","","","","","","","","","","","","","","","","","","","","","",""
"50020001","PTE DE LA HAGUE",49.725167,-1.939833,6,1951042912,"","","","",4.,1,"","","","","","","","","","","","","","","","","","","","","","","","","","","","","","",8.2,1,2.8,1,"","","","","","","","","","","","","","","","","","","","","","","","","","",68,1,"","","","","","","","","","","","",7.5,1,1018.7,1,"","","","","","",7,1,6,1,3,1,0,1,2,1,"","","","","","","","","","","","","","","","","","","","","","","","",25000,1,"","",2,1,2,1,"","","","","","","","","","",3,1,"","","","","","","","","","","","","","","","","","","","","","","","","","","","","","","","","","","","","","","","","","","","","","","","","","","","","",""
"50020001","PTE DE LA HAGUE",49.725167,-1.939833,6,1951042915,"","","","",4.,1,"","","","","","","","","","","","","","","","","","","","","","","","","","","","","","",8.2,1,2.8,1,"","","","","","","","","","","","","","","","","","","","","","","","","","",68,1,"","","","","","","","","","","","",7.5,1,1017.4,1,"","","","","","",7,1,0,1,3,1,9,1,2,1,"","","","","","","","","","","","","","","","","","","","","","","","",30000,1,"","",15,1,2,1,"","","","","","","","","","",3,1,"","","","","","","","","","","","","","","","","","","","","","","","","","","","","","","","","","","","","","","","","","","","","","","","","","","","","",""
"50020001","PTE DE LA HAGUE",49.725167,-1.939833,6,1951042918,"","","","",4.,1,"","","","","","","","","","","","","","","","","","","","","","","","","","","","","","",8.,1,2.8,1,"","","","","","","","","","","","","","","","","","","","","","","","","","",68,1,"","","","","","","","","","","","",7.5,1,1016.6,1,"","","","","","",7,1,7,1,3,1,0,1,2,1,"","","","","","","","","","","","","","","","","","","","","","","","",35000,1,"","",15,1,2,1,"","","","","","","","","","",3,1,"","","","","","","","","","","","","","","","","","","","","","","","","","","","","","","","","","","","","","","","","","","","","","","","","","","","","",""
"50020001","PTE DE LA HAGUE",49.725167,-1.939833,6,1951043000,"","","","",3.,1,"","","","","","","","","","","","","","","","","","","","","","","","","","","","","","",5.4,1,4.2,1,"","","","","","","","","","","","","","","","","","","","","","","","","","",91,1,"","","","","","","","","","","","",8.3,1,1016.7,1,"","","","","","",4,1,0,1,2,1,0,1,0,1,"","","","","","","","","","","","","","","","","","","","","","","","",30000,1,"","",2,1,1,1,"","","","","","","","","","",2,1,"","","","","","","","","","","","","","","","","","","","","","","","","","","","","","","","","","","","","","","","","","","","","","","","","","","","","",""
"50020001","PTE DE LA HAGUE",49.725167,-1.939833,6,1951043006,"","","","",1.,1,"","","","","","","","","","","","","","","","","","","","","","","","","","","","","","",3.2,1,2.6,1,"","","","","","","","","","","","","","","","","","","","","","","","","","",97,1,"","","","","","","","","","","","",7.4,1,1014.9,1,"","","","","","",7,1,6,1,2,1,0,1,2,1,"","","","","","","","","","","","","","","","","","","","","","","","",30000,1,"","",2,1,2,1,"","","","","","","","","","",2,1,"","","","","","","","","","","","","","","","","","","","","","","","","","","","","","","","","","","","","","","","","","","","","","","","","","","","","",""
"50020001","PTE DE LA HAGUE",49.725167,-1.939833,6,1951043009,"","","","",3.,1,"","","","","","","","","","","","","","","","","","","","","","","","","","","","","","",7.6,1,3.8,1,"","","","","","","","","","","","","","","","","","","","","","","","","","",77,1,"","","","","","","","","","","","",8.1,1,1014.5,1,"","","","","","",7,1,5,1,3,1,0,1,3,1,"","","","","","","","","","","","","","","","","","","","","","","","",30000,1,"","",2,1,2,1,"","","","","","","","","","",2,1,"","","","","","","","","","","","","","","","","","","","","","","","","","","","","","","","","","","","","","","","","","","","","","","","","","","","","",""
"50020001","PTE DE LA HAGUE",49.725167,-1.939833,6,1951043012,"","","","",2.,1,"","","","","","","","","","","","","","","","","","","","","","","","","","","","","","",8.4,1,5.1,1,"","","","","","","","","","","","","","","","","","","","","","","","","","",81,1,"","","","","","","","","","","","",8.9,1,1014.2,1,"","","","","","",7,1,0,1,9,1,0,1,3,1,"","","","","","","","","","","","","","","","","","","","","","","","",32000,1,"","",15,1,2,1,"","","","","","","","","","",2,1,"","","","","","","","","","","","","","","","","","","","","","","","","","","","","","","","","","","","","","","","","","","","","","","","","","","","","",""
"50020001","PTE DE LA HAGUE",49.725167,-1.939833,6,1951043015,"","","","",1.,1,"","","","","","","","","","","","","","","","","","","","","","","","","","","","","","",8.8,1,4.7,1,"","","","","","","","","","","","","","","","","","","","","","","","","","",76,1,"","","","","","","","","","","","",8.6,1,1013.9,1,"","","","","","",7,1,5,1,2,1,0,1,2,1,"","","","","","","","","","","","","","","","","","","","","","","","",28000,1,"","",2,1,2,1,"","","","","","","","","","",2,1,"","","","","","","","","","","","","","","","","","","","","","","","","","","","","","","","","","","","","","","","","","","","","","","","","","","","","",""
"50020001","PTE DE LA HAGUE",49.725167,-1.939833,6,1951043018,"","","","",3.,1,"","","","","","","","","","","","","","","","","","","","","","","","","","","","","","",8.4,1,4.7,1,"","","","","","","","","","","","","","","","","","","","","","","","","","",76,1,"","","","","","","","","","","","",8.6,1,1013.9,1,"","","","","","",7,1,5,1,9,1,0,1,3,1,"","","","","","","","","","","","","","","","","","","","","","","","",35000,1,"","",15,1,2,1,"","","","","","","","","","",2,1,"","","","","","","","","","","","","","","","","","","","","","","","","","","","","","","","","","","","","","","","","","","","","","","","","","","","","",""
"50020001","PTE DE LA HAGUE",49.725167,-1.939833,6,1951050100,"","","","",1.,1,"","","","","","","","","","","","","","","","","","","","","","","","","","","","","","",5.,1,4.5,1,"","","","","","","","","","","","","","","","","","","","","","","","","","",97,1,"","","","","","","","","","","","",8.5,1,1013.8,1,"","","","","","",6,1,0,1,0,1,4,1,8,1,"","","","","","","","","","","","","","","","","","","","","","","","",30000,1,"","",2,1,1,1,"","","","","","","","","","",2,1,"","","","","","","","","","","","","","","","","","","","","","","","","","","","","","","","","","","","","","","","","","","","","","","","","","","","","",""
"50020001","PTE DE LA HAGUE",49.725167,-1.939833,6,1951050106,"","","","",2.,1,"","","","","","","","","","","","","","","","","","","","","","","","","","","","","","",3.6,1,3.6,1,"","","","","","","","","","","","","","","","","","","","","","","","","","",100,1,"","","","","","","","","","","","",8.1,1,1012.9,1,"","","","","","",2,1,0,1,3,1,0,1,0,1,"","","","","","","","","","","","","","","","","","","","","","","","",30000,1,"","",1,1,1,1,"","","","","","","","","","",2,1,"","","","","","","","","","","","","","","","","","","","","","","","","","","","","","","","","","","","","","","","","","","","","","","","","","","","","",""
"50020001","PTE DE LA HAGUE",49.725167,-1.939833,6,1951050109,"","","","",3.,1,"","","","","","","","","","","","","","","","","","","","","","","","","","","","","","",9.,1,5.,1,"","","","","","","","","","","","","","","","","","","","","","","","","","",78,1,"","","","","","","","","","","","",8.8,1,1013.1,1,"","","","","","",6,1,5,1,2,1,0,1,2,1,"","","","","","","","","","","","","","","","","","","","","","","","",32000,1,"","",2,1,1,1,"","","","","","","","","","",2,1,"","","","","","","","","","","","","","","","","","","","","","","","","","","","","","","","","","","","","","","","","","","","","","","","","","","","","",""
"50020001","PTE DE LA HAGUE",49.725167,-1.939833,6,1951050112,"","","","",5.,1,"","","","","","","","","","","","","","","","","","","","","","","","","","","","","","",10.,1,6.1,1,"","","","","","","","","","","","","","","","","","","","","","","","","","",79,1,"","","","","","","","","","","","",9.5,1,1012.6,1,"","","","","","",7,1,6,1,2,1,0,1,2,1,"","","","","","","","","","","","","","","","","","","","","","","","",35000,1,"","",2,1,2,1,"","","","","","","","","","",3,1,"","","","","","","","","","","","","","","","","","","","","","","","","","","","","","","","","","","","","","","","","","","","","","","","","","","","","",""
"50020001","PTE DE LA HAGUE",49.725167,-1.939833,6,1951050115,"","","","",5.,1,"","","","","","","","","","","","","","","","","","","","","","","","","","","","","","",9.4,1,6.4,1,"","","","","","","","","","","","","","","","","","","","","","","","","","",84,1,"","","","","","","","","","","","",9.7,1,1011.1,1,"","","","","","",7,1,6,1,2,1,0,1,2,1,"","","","","","","","","","","","","","","","","","","","","","","","",32000,1,"","",2,1,2,1,"","","","","","","","","","",3,1,"","","","","","","","","","","","","","","","","","","","","","","","","","","","","","","","","","","","","","","","","","","","","","","","","","","","","",""
"50020001","PTE DE LA HAGUE",49.725167,-1.939833,6,1951050118,"","","","",5.,1,"","","","","","","","","","","","","","","","","","","","","","","","","","","","","","",9.2,1,8.4,1,"","","","","","","","","","","","","","","","","","","","","","","","","","",95,1,"","","","","","","","","","","","",11.2,1,1010.1,1,"","","","","","",7,1,6,1,2,1,9,1,0,1,"","","","","","","","","","","","","","","","","","","","","","","","",28000,1,"","",80,1,8,1,"","","","","","","","","","",3,1,"","","","","","","","","","","","","","","","","","","","","","","","","","","","","","","","","","","","","","","","","","","","","","","","","","","","","",""
"50020001","PTE DE LA HAGUE",49.725167,-1.939833,6,1951050200,"","","","",4.,1,"","","","","","","","","","","","","","","","","","","","","","","","","","","","","","",7.8,1,7.6,1,"","","","","","","","","","","","","","","","","","","","","","","","","","",97,1,"","","","","","","","","","","","",10.6,1,1009.8,1,"","","","","","",7,1,6,1,3,1,9,1,0,1,"","","","","","","","","","","","","","","","","","","","","","","","",35000,1,"","",25,1,8,1,"","","","","","","","","","",3,1,"","","","","","","","","","","","","","","","","","","","","","","","","","","","","","","","","","","","","","","","","","","","","","","","","","","","","",""
"50020001","PTE DE LA HAGUE",49.725167,-1.939833,6,1951050206,"","","","",6.,1,"","","","","","","","","","","","","","","","","","","","","","","","","","","","","","",7.,1,4.5,1,"","","","","","","","","","","","","","","","","","","","","","","","","","",85,1,"","","","","","","","","","","","",8.5,1,1008.9,1,"","","","","","",5,1,0,1,9,1,0,1,3,1,"","","","","","","","","","","","","","","","","","","","","","","","",35000,1,"","",2,1,8,1,"","","","","","","","","","",4,1,"","","","","","","","","","","","","","","","","","","","","","","","","","","","","","","","","","","","","","","","","","","","","","","","","","","","","",""
"50020001","PTE DE LA HAGUE",49.725167,-1.939833,6,1951050209,"","","","",8.,1,"","","","","","","","","","","","","","","","","","","","","","","","","","","","","","",9.4,1,5.3,1,"","","","","","","","","","","","","","","","","","","","","","","","","","",82,1,"","","","","","","","","","","","",9.,1,1009.3,1,"","","","","","",5,1,0,1,8,1,4,1,0,1,"","","","","","","","","","","","","","","","","","","","","","","","",30000,1,"","",3,1,1,1,"","","","","","","","","","",4,1,"","","","","","","","","","","","","","","","","","","","","","","","","","","","","","","","","","","","","","","","","","","","","","","","","","","","","",""
"50020001","PTE DE LA HAGUE",49.725167,-1.939833,6,1951050212,"","","","",7.,1,"","","","","","","","","","","","","","","","","","","","","","","","","","","","","","",11.4,1,6.6,1,"","","","","","","","","","","","","","","","","","","","","","","","","","",75,1,"","","","","","","","","","","","",9.9,1,1010.3,1,"","","","","","",2,1,0,1,2,1,0,1,0,1,"","","","","","","","","","","","","","","","","","","","","","","","",35000,1,"","",1,1,1,1,"","","","","","","","","","",4,1,"","","","","","","","","","","","","","","","","","","","","","","","","","","","","","","","","","","","","","","","","","","","","","","","","","","","","",""
"50020001","PTE DE LA HAGUE",49.725167,-1.939833,6,1951050215,"","","","",8.,1,"","","","","","","","","","","","","","","","","","","","","","","","","","","","","","",12.4,1,7.1,1,"","","","","","","","","","","","","","","","","","","","","","","","","","",70,1,"","","","","","","","","","","","",10.2,1,1010.3,1,"","","","","","",1,1,0,1,2,1,0,1,0,1,"","","","","","","","","","","","","","","","","","","","","","","","",30000,1,"","",2,1,0,1,"","","","","","","","","","",4,1,"","","","","","","","","","","","","","","","","","","","","","","","","","","","","","","","","","","","","","","","","","","","","","","","","","","","","",""
"50020001","PTE DE LA HAGUE",49.725167,-1.939833,6,1951050218,"","","","",5.,1,"","","","","","","","","","","","","","","","","","","","","","","","","","","","","","",11.4,1,5.9,1,"","","","","","","","","","","","","","","","","","","","","","","","","","",69,1,"","","","","","","","","","","","",9.4,1,1011.1,1,"","","","","","",2,1,0,1,3,1,4,1,1,1,"","","","","","","","","","","","","","","","","","","","","","","","",30000,1,"","",15,1,0,1,"","","","","","","","","","",4,1,"","","","","","","","","","","","","","","","","","","","","","","","","","","","","","","","","","","","","","","","","","","","","","","","","","","","","",""
"50020001","PTE DE LA HAGUE",49.725167,-1.939833,6,1951050300,"","","","",1.,1,"","","","","","","","","","","","","","","","","","","","","","","","","","","","","","",8.4,1,6.9,1,"","","","","","","","","","","","","","","","","","","","","","","","","","",89,1,"","","","","","","","","","","","",10.1,1,1013.5,1,"","","","","","",1,1,0,1,0,1,8,1,0,1,"","","","","","","","","","","","","","","","","","","","","","","","",42000,1,"","",2,1,1,1,"","","","","","","","","","",2,1,"","","","","","","","","","","","","","","","","","","","","","","","","","","","","","","","","","","","","","","","","","","","","","","","","","","","","",""
"50020001","PTE DE LA HAGUE",49.725167,-1.939833,6,1951050306,"","","","",2.,1,"","","","","","","","","","","","","","","","","","","","","","","","","","","","","","",7.4,1,6.4,1,"","","","","","","","","","","","","","","","","","","","","","","","","","",94,1,"","","","","","","","","","","","",9.7,1,1013.7,1,"","","","","","",7,1,7,1,0,1,0,1,6,1,"","","","","","","","","","","","","","","","","","","","","","","","",17000,1,"","",2,1,2,1,"","","","","","","","","","",2,1,"","","","","","","","","","","","","","","","","","","","","","","","","","","","","","","","","","","","","","","","","","","","","","","","","","","","","",""
"50020001","PTE DE LA HAGUE",49.725167,-1.939833,6,1951050309,"","","","",1.,1,"","","","","","","","","","","","","","","","","","","","","","","","","","","","","","",10.2,1,7.7,1,"","","","","","","","","","","","","","","","","","","","","","","","","","",87,1,"","","","","","","","","","","","",10.7,1,1013.3,1,"","","","","","",7,1,7,1,0,1,0,1,6,1,"","","","","","","","","","","","","","","","","","","","","","","","",18000,1,"","",2,1,2,1,"","","","","","","","","","",1,1,"","","","","","","","","","","","","","","","","","","","","","","","","","","","","","","","","","","","","","","","","","","","","","","","","","","","","",""
"50020001","PTE DE LA HAGUE",49.725167,-1.939833,6,1951050312,"","","","",3.,1,"","","","","","","","","","","","","","","","","","","","","","","","","","","","","","",11.8,1,8.,1,"","","","","","","","","","","","","","","","","","","","","","","","","","",78,1,"","","","","","","","","","","","",10.9,1,1013.,1,"","","","","","",7,1,5,1,0,1,9,1,6,1,"","","","","","","","","","","","","","","","","","","","","","","","",19000,1,"","",2,1,2,1,"","","","","","","","","","",2,1,"","","","","","","","","","","","","","","","","","","","","","","","","","","","","","","","","","","","","","","","","","","","","","","","","","","","","",""
"50020001","PTE DE LA HAGUE",49.725167,-1.939833,6,1951050315,"","","","",2.,1,"","","","","","","","","","","","","","","","","","","","","","","","","","","","","","",10.,1,10.,1,"","","","","","","","","","","","","","","","","","","","","","","","","","",100,1,"","","","","","","","","","","","",12.3,1,1011.7,1,"","","","","","",7,1,7,1,0,1,9,1,0,1,"","","","","","","","","","","","","","","","","","","","","","","","",28000,1,"","",60,1,6,1,"","","","","","","","","","",2,1,"","","","","","","","","","","","","","","","","","","","","","","","","","","","","","","","","","","","","","","","","","","","","","","","","","","","","",""
"50020001","PTE DE LA HAGUE",49.725167,-1.939833,6,1951050318,"","","","",2.,1,"","","","","","","","","","","","","","","","","","","","","","","","","","","","","","",9.6,1,9.6,1,"","","","","","","","","","","","","","","","","","","","","","","","","","",100,1,"","","","","","","","","","","","",12.3,1,1010.5,1,"","","","","","",8,1,8,1,0,1,7,1,"","","","","","","","","","","","","","","","","","","","","","","","","","",16000,1,"","",60,1,6,1,"","","","","","","","","","",2,1,"","","","","","","","","","","","","","","","","","","","","","","","","","","","","","","","","","","","","","","","","","","","","","","","","","","","","",""
"50020001","PTE DE LA HAGUE",49.725167,-1.939833,6,1951050400,"","","","",6.,1,"","","","","","","","","","","","","","","","","","","","","","","","","","","","","","",9.2,1,9.2,1,"","","","","","","","","","","","","","","","","","","","","","","","","","",100,1,"","","","","","","","","","","","",11.5,1,1007.9,1,"","","","","","",8,1,8,1,0,1,7,1,"","","","","","","","","","","","","","","","","","","","","","","","","","",12000,1,"","",2,1,6,1,"","","","","","","","","","",3,1,"","","","","","","","","","","","","","","","","","","","","","","","","","","","","","","","","","","","","","","","","","","","","","","","","","","","","",""
"50020001","PTE DE LA HAGUE",49.725167,-1.939833,6,1951050406,"","","","",1.,1,"","","","","","","","","","","","","","","","","","","","","","","","","","","","","","",8.8,1,8.8,1,"","","","","","","","","","","","","","","","","","","","","","","","","","",100,1,"","","","","","","","","","","","",11.5,1,1005.1,1,"","","","","","",8,1,6,1,6,1,2,1,"","","","","","","","","","","","","","","","","","","","","","","","","","",7000,1,"","",21,1,6,1,"","","","","","","","","","",3,1,"","","","","","","","","","","","","","","","","","","","","","","","","","","","","","","","","","","","","","","","","","","","","","","","","","","","","",""
"50020001","PTE DE LA HAGUE",49.725167,-1.939833,6,1951050409,"","","","",1.,1,"","","","","","","","","","","","","","","","","","","","","","","","","","","","","","",11.2,1,10.3,1,"","","","","","","","","","","","","","","","","","","","","","","","","","",95,1,"","","","","","","","","","","","",12.8,1,1004.9,1,"","","","","","",6,1,5,1,2,1,1,1,0,1,"","","","","","","","","","","","","","","","","","","","","","","","",13000,1,"","",1,1,2,1,"","","","","","","","","","",3,1,"","","","","","","","","","","","","","","","","","","","","","","","","","","","","","","","","","","","","","","","","","","","","","","","","","","","","",""
"50020001","PTE DE LA HAGUE",49.725167,-1.939833,6,1951050412,"","","","",6.,1,"","","","","","","","","","","","","","","","","","","","","","","","","","","","","","",14.,1,9.8,1,"","","","","","","","","","","","","","","","","","","","","","","","","","",76,1,"","","","","","","","","","","","",12.3,1,1004.9,1,"","","","","","",3,1,0,1,2,1,2,1,0,1,"","","","","","","","","","","","","","","","","","","","","","","","",25000,1,"","",1,1,2,1,"","","","","","","","","","",3,1,"","","","","","","","","","","","","","","","","","","","","","","","","","","","","","","","","","","","","","","","","","","","","","","","","","","","","",""
"50020001","PTE DE LA HAGUE",49.725167,-1.939833,6,1951050415,"","","","",1.,1,"","","","","","","","","","","","","","","","","","","","","","","","","","","","","","",11.2,1,10.3,1,"","","","","","","","","","","","","","","","","","","","","","","","","","",95,1,"","","","","","","","","","","","",12.8,1,1004.9,1,"","","","","","",7,1,5,1,9,1,9,1,0,1,"","","","","","","","","","","","","","","","","","","","","","","","",35000,1,"","",60,1,6,1,"","","","","","","","","","",2,1,"","","","","","","","","","","","","","","","","","","","","","","","","","","","","","","","","","","","","","","","","","","","","","","","","","","","","",""
"50020001","PTE DE LA HAGUE",49.725167,-1.939833,6,1951050418,"","","","",1.,1,"","","","","","","","","","","","","","","","","","","","","","","","","","","","","","",12.,1,9.4,1,"","","","","","","","","","","","","","","","","","","","","","","","","","",83,1,"","","","","","","","","","","","",12.,1,1004.1,1,"","","","","","",6,1,0,1,9,1,9,1,3,1,"","","","","","","","","","","","","","","","","","","","","","","","",38000,1,"","",15,1,6,1,"","","","","","","","","","",2,1,"","","","","","","","","","","","","","","","","","","","","","","","","","","","","","","","","","","","","","","","","","","","","","","","","","","","","",""
"50020001","PTE DE LA HAGUE",49.725167,-1.939833,6,1951050500,"","","","",2.,1,"","","","","","","","","","","","","","","","","","","","","","","","","","","","","","",9.6,1,8.5,1,"","","","","","","","","","","","","","","","","","","","","","","","","","",97,1,"","","","","","","","","","","","",11.3,1,1004.7,1,"","","","","","",7,1,5,1,0,1,9,1,2,1,"","","","","","","","","","","","","","","","","","","","","","","","",29000,1,"","",3,1,1,1,"","","","","","","","","","",2,1,"","","","","","","","","","","","","","","","","","","","","","","","","","","","","","","","","","","","","","","","","","","","","","","","","","","","","",""
"50020001","PTE DE LA HAGUE",49.725167,-1.939833,6,1951050506,"","","","",5.,1,"","","","","","","","","","","","","","","","","","","","","","","","","","","","","","",9.8,1,8.4,1,"","","","","","","","","","","","","","","","","","","","","","","","","","",95,1,"","","","","","","","","","","","",11.2,1,1005.7,1,"","","","","","",8,1,8,1,6,1,"","","","","","","","","","","","","","","","","","","","","","","","","","","","",5000,1,"","",2,1,2,1,"","","","","","","","","","",3,1,"","","","","","","","","","","","","","","","","","","","","","","","","","","","","","","","","","","","","","","","","","","","","","","","","","","","","",""
"50020001","PTE DE LA HAGUE",49.725167,-1.939833,6,1951050509,"","","","",4.,1,"","","","","","","","","","","","","","","","","","","","","","","","","","","","","","",9.6,1,8.4,1,"","","","","","","","","","","","","","","","","","","","","","","","","","",95,1,"","","","","","","","","","","","",11.2,1,1007.,1,"","","","","","",8,1,7,1,8,1,2,1,"","","","","","","","","","","","","","","","","","","","","","","","","","",6000,1,"","",60,1,6,1,"","","","","","","","","","",2,1,"","","","","","","","","","","","","","","","","","","","","","","","","","","","","","","","","","","","","","","","","","","","","","","","","","","","","",""
"50020001","PTE DE LA HAGUE",49.725167,-1.939833,6,1951050512,"","","","",5.,1,"","","","","","","","","","","","","","","","","","","","","","","","","","","","","","",12.,1,9.9,1,"","","","","","","","","","","","","","","","","","","","","","","","","","",88,1,"","","","","","","","","","","","",12.4,1,1008.2,1,"","","","","","",7,1,7,1,1,1,8,1,0,1,"","","","","","","","","","","","","","","","","","","","","","","","",8000,1,"","",2,1,6,1,"","","","","","","","","","",3,1,"","","","","","","","","","","","","","","","","","","","","","","","","","","","","","","","","","","","","","","","","","","","","","","","","","","","","",""
"50020001","PTE DE LA HAGUE",49.725167,-1.939833,6,1951050515,"","","","",2.,1,"","","","","","","","","","","","","","","","","","","","","","","","","","","","","","",13.6,1,10.1,1,"","","","","","","","","","","","","","","","","","","","","","","","","","",80,1,"","","","","","","","","","","","",12.6,1,1008.5,1,"","","","","","",2,1,0,1,2,1,0,1,2,1,"","","","","","","","","","","","","","","","","","","","","","","","",14000,1,"","",2,1,1,1,"","","","","","","","","","",2,1,"","","","","","","","","","","","","","","","","","","","","","","","","","","","","","","","","","","","","","","","","","","","","","","","","","","","","",""
"50020001","PTE DE LA HAGUE",49.725167,-1.939833,6,1951050518,"","","","",2.,1,"","","","","","","","","","","","","","","","","","","","","","","","","","","","","","",11.2,1,8.8,1,"","","","","","","","","","","","","","","","","","","","","","","","","","",87,1,"","","","","","","","","","","","",11.5,1,1008.7,1,"","","","","","",6,1,5,1,3,1,9,1,0,1,"","","","","","","","","","","","","","","","","","","","","","","","",14000,1,"","",3,1,0,1,"","","","","","","","","","",2,1,"","","","","","","","","","","","","","","","","","","","","","","","","","","","","","","","","","","","","","","","","","","","","","","","","","","","","",""
"50020001","PTE DE LA HAGUE",49.725167,-1.939833,6,1951050600,"","","","",3.,1,"","","","","","","","","","","","","","","","","","","","","","","","","","","","","","",9.,1,8.5,1,"","","","","","","","","","","","","","","","","","","","","","","","","","",97,1,"","","","","","","","","","","","",11.3,1,1008.9,1,"","","","","","",1,1,0,1,0,1,4,1,0,1,"","","","","","","","","","","","","","","","","","","","","","","","",14000,1,"","",2,1,"","","","","","","","","","","","",2,1,"","","","","","","","","","","","","","","","","","","","","","","","","","","","","","","","","","","","","","","","","","","","","","","","","","","","","",""
"50020001","PTE DE LA HAGUE",49.725167,-1.939833,6,1951050606,"","","","",3.,1,"","","","","","","","","","","","","","","","","","","","","","","","","","","","","","",9.8,1,8.4,1,"","","","","","","","","","","","","","","","","","","","","","","","","","",95,1,"","","","","","","","","","","","",11.2,1,1006.3,1,"","","","","","",7,1,7,1,0,1,9,1,0,1,"","","","","","","","","","","","","","","","","","","","","","","","",12000,1,"","",2,1,2,1,"","","","","","","","","","",3,1,"","","","","","","","","","","","","","","","","","","","","","","","","","","","","","","","","","","","","","","","","","","","","","","","","","","","","",""
"50020001","PTE DE LA HAGUE",49.725167,-1.939833,6,1951050609,"","","","",8.,1,"","","","","","","","","","","","","","","","","","","","","","","","","","","","","","",9.4,1,8.4,1,"","","","","","","","","","","","","","","","","","","","","","","","","","",95,1,"","","","","","","","","","","","",11.2,1,1006.1,1,"","","","","","",8,1,8,1,0,1,9,1,"","","","","","","","","","","","","","","","","","","","","","","","","","",11000,1,"","",21,1,6,1,"","","","","","","","","","",4,1,"","","","","","","","","","","","","","","","","","","","","","","","","","","","","","","","","","","","","","","","","","","","","","","","","","","","","",""
"50020001","PTE DE LA HAGUE",49.725167,-1.939833,6,1951050612,"","","","",5.,1,"","","","","","","","","","","","","","","","","","","","","","","","","","","","","","",9.6,1,8.4,1,"","","","","","","","","","","","","","","","","","","","","","","","","","",95,1,"","","","","","","","","","","","",11.2,1,1006.7,1,"","","","","","",8,1,6,1,6,1,2,1,"","","","","","","","","","","","","","","","","","","","","","","","","","",6000,1,"","",60,1,6,1,"","","","","","","","","","",4,1,"","","","","","","","","","","","","","","","","","","","","","","","","","","","","","","","","","","","","","","","","","","","","","","","","","","","","",""
"50020001","PTE DE LA HAGUE",49.725167,-1.939833,6,1951050615,"","","","",4.,1,"","","","","","","","","","","","","","","","","","","","","","","","","","","","","","",10.8,1,9.3,1,"","","","","","","","","","","","","","","","","","","","","","","","","","",95,1,"","","","","","","","","","","","",11.7,1,1006.3,1,"","","","","","",8,1,5,1,6,1,7,1,"","","","","","","","","","","","","","","","","","","","","","","","","","",4000,1,"","",10,1,6,1,"","","","","","","","","","",4,1,"","","","","","","","","","","","","","","","","","","","","","","","","","","","","","","","","","","","","","","","","","","","","","","","","","","","","",""
"50020001","PTE DE LA HAGUE",49.725167,-1.939833,6,1951050618,"","","","",4.,1,"","","","","","","","","","","","","","","","","","","","","","","","","","","","","","",10.6,1,9.2,1,"","","","","","","","","","","","","","","","","","","","","","","","","","",92,1,"","","","","","","","","","","","",11.8,1,1005.9,1,"","","","","","",4,1,0,1,0,1,8,1,3,1,"","","","","","","","","","","","","","","","","","","","","","","","",7000,1,"","",1,1,6,1,"","","","","","","","","","",4,1,"","","","","","","","","","","","","","","","","","","","","","","","","","","","","","","","","","","","","","","","","","","","","","","","","","","","","",""
"50020001","PTE DE LA HAGUE",49.725167,-1.939833,6,1951050700,"","","","",9.,1,"","","","","","","","","","","","","","","","","","","","","","","","","","","","","","",10.4,1,9.2,1,"","","","","","","","","","","","","","","","","","","","","","","","","","",92,1,"","","","","","","","","","","","",11.6,1,1007.3,1,"","","","","","",7,1,7,1,5,1,0,1,0,1,"","","","","","","","","","","","","","","","","","","","","","","","",3000,1,"","",10,1,1,1,"","","","","","","","","","",5,1,"","","","","","","","","","","","","","","","","","","","","","","","","","","","","","","","","","","","","","","","","","","","","","","","","","","","","",""
"50020001","PTE DE LA HAGUE",49.725167,-1.939833,6,1951050706,"","","","",10.,1,"","","","","","","","","","","","","","","","","","","","","","","","","","","","","","",9.,1,6.8,1,"","","","","","","","","","","","","","","","","","","","","","","","","","",86,1,"","","","","","","","","","","","",10.,1,1007.9,1,"","","","","","",8,1,8,1,5,1,"","","","","","","","","","","","","","","","","","","","","","","","","","","","",9000,1,"","",2,1,2,1,"","","","","","","","","","",5,1,"","","","","","","","","","","","","","","","","","","","","","","","","","","","","","","","","","","","","","","","","","","","","","","","","","","","","",""
"50020001","PTE DE LA HAGUE",49.725167,-1.939833,6,1951050709,"","","","",11.,1,"","","","","","","","","","","","","","","","","","","","","","","","","","","","","","",8.8,1,6.9,1,"","","","","","","","","","","","","","","","","","","","","","","","","","",89,1,"","","","","","","","","","","","",10.1,1,1009.7,1,"","","","","","",8,1,8,1,5,1,"","","","","","","","","","","","","","","","","","","","","","","","","","","","",7000,1,"","",2,1,2,1,"","","","","","","","","","",5,1,"","","","","","","","","","","","","","","","","","","","","","","","","","","","","","","","","","","","","","","","","","","","","","","","","","","","","",""
"50020001","PTE DE LA HAGUE",49.725167,-1.939833,6,1951050712,"","","","",9.,1,"","","","","","","","","","","","","","","","","","","","","","","","","","","","","","",9.4,1,6.8,1,"","","","","","","","","","","","","","","","","","","","","","","","","","",86,1,"","","","","","","","","","","","",10.,1,1010.1,1,"","","","","","",8,1,8,1,5,1,"","","","","","","","","","","","","","","","","","","","","","","","","","","","",7000,1,"","",2,1,6,1,"","","","","","","","","","",5,1,"","","","","","","","","","","","","","","","","","","","","","","","","","","","","","","","","","","","","","","","","","","","","","","","","","","","","",""
"50020001","PTE DE LA HAGUE",49.725167,-1.939833,6,1951050715,"","","","",7.,1,"","","","","","","","","","","","","","","","","","","","","","","","","","","","","","",10.,1,7.5,1,"","","","","","","","","","","","","","","","","","","","","","","","","","",85,1,"","","","","","","","","","","","",10.5,1,1010.6,1,"","","","","","",7,1,5,1,5,1,8,1,2,1,"","","","","","","","","","","","","","","","","","","","","","","","",7000,1,"","",2,1,2,1,"","","","","","","","","","",5,1,"","","","","","","","","","","","","","","","","","","","","","","","","","","","","","","","","","","","","","","","","","","","","","","","","","","","","",""
"50020001","PTE DE LA HAGUE",49.725167,-1.939833,6,1951050718,"","","","",9.,1,"","","","","","","","","","","","","","","","","","","","","","","","","","","","","","",9.6,1,6.4,1,"","","","","","","","","","","","","","","","","","","","","","","","","","",84,1,"","","","","","","","","","","","",9.7,1,1011.1,1,"","","","","","",8,1,8,1,5,1,"","","","","","","","","","","","","","","","","","","","","","","","","","","","",8000,1,"","",2,1,2,1,"","","","","","","","","","",5,1,"","","","","","","","","","","","","","","","","","","","","","","","","","","","","","","","","","","","","","","","","","","","","","","","","","","","","",""
"50020001","PTE DE LA HAGUE",49.725167,-1.939833,6,1951050800,"","","","",10.,1,"","","","","","","","","","","","","","","","","","","","","","","","","","","","","","",8.8,1,5.,1,"","","","","","","","","","","","","","","","","","","","","","","","","","",78,1,"","","","","","","","","","","","",8.8,1,1013.3,1,"","","","","","",8,1,8,1,5,1,"","","","","","","","","","","","","","","","","","","","","","","","","","","","",12000,1,"","",2,1,2,1,"","","","","","","","","","",5,1,"","","","","","","","","","","","","","","","","","","","","","","","","","","","","","","","","","","","","","","","","","","","","","","","","","","","","",""
"50020001","PTE DE LA HAGUE",49.725167,-1.939833,6,1951050806,"","","","",10.,1,"","","","","","","","","","","","","","","","","","","","","","","","","","","","","","",6.,1,3.,1,"","","","","","","","","","","","","","","","","","","","","","","","","","",79,1,"","","","","","","","","","","","",7.6,1,1013.4,1,"","","","","","",7,1,7,1,2,1,0,1,0,1,"","","","","","","","","","","","","","","","","","","","","","","","",18000,1,"","",3,1,1,1,"","","","","","","","","","",5,1,"","","","","","","","","","","","","","","","","","","","","","","","","","","","","","","","","","","","","","","","","","","","","","","","","","","","","",""
"50020001","PTE DE LA HAGUE",49.725167,-1.939833,6,1951050809,"","","","",12.,1,"","","","","","","","","","","","","","","","","","","","","","","","","","","","","","",6.,1,3.,1,"","","","","","","","","","","","","","","","","","","","","","","","","","",79,1,"","","","","","","","","","","","",7.6,1,1013.7,1,"","","","","","",7,1,7,1,2,1,0,1,0,1,"","","","","","","","","","","","","","","","","","","","","","","","",16000,1,"","",2,1,2,1,"","","","","","","","","","",5,1,"","","","","","","","","","","","","","","","","","","","","","","","","","","","","","","","","","","","","","","","","","","","","","","","","","","","","",""
"50020001","PTE DE LA HAGUE",49.725167,-1.939833,6,1951050812,"","","","",8.,1,"","","","","","","","","","","","","","","","","","","","","","","","","","","","","","",7.,1,2.8,1,"","","","","","","","","","","","","","","","","","","","","","","","","","",77,1,"","","","","","","","","","","","",7.5,1,1013.5,1,"","","","","","",8,1,8,1,3,1,"","","","","","","","","","","","","","","","","","","","","","","","","","","","",21000,1,"","",15,1,2,1,"","","","","","","","","","",5,1,"","","","","","","","","","","","","","","","","","","","","","","","","","","","","","","","","","","","","","","","","","","","","","","","","","","","","",""
"50020001","PTE DE LA HAGUE",49.725167,-1.939833,6,1951050815,"","","","",7.,1,"","","","","","","","","","","","","","","","","","","","","","","","","","","","","","",8.2,1,3.,1,"","","","","","","","","","","","","","","","","","","","","","","","","","",70,1,"","","","","","","","","","","","",7.6,1,1012.9,1,"","","","","","",4,1,0,1,2,1,8,1,0,1,"","","","","","","","","","","","","","","","","","","","","","","","",13000,1,"","",1,1,2,1,"","","","","","","","","","",5,1,"","","","","","","","","","","","","","","","","","","","","","","","","","","","","","","","","","","","","","","","","","","","","","","","","","","","","",""
"50020001","PTE DE LA HAGUE",49.725167,-1.939833,6,1951050818,"","","","",6.,1,"","","","","","","","","","","","","","","","","","","","","","","","","","","","","","",7.8,1,3.5,1,"","","","","","","","","","","","","","","","","","","","","","","","","","",75,1,"","","","","","","","","","","","",7.9,1,1012.1,1,"","","","","","",7,1,0,1,2,1,9,1,2,1,"","","","","","","","","","","","","","","","","","","","","","","","",13000,1,"","",2,1,1,1,"","","","","","","","","","",4,1,"","","","","","","","","","","","","","","","","","","","","","","","","","","","","","","","","","","","","","","","","","","","","","","","","","","","","",""
"50020001","PTE DE LA HAGUE",49.725167,-1.939833,6,1951050900,"","","","",9.,1,"","","","","","","","","","","","","","","","","","","","","","","","","","","","","","",7.4,1,4.3,1,"","","","","","","","","","","","","","","","","","","","","","","","","","",83,1,"","","","","","","","","","","","",8.4,1,1011.9,1,"","","","","","",2,1,0,1,2,1,0,1,2,1,"","","","","","","","","","","","","","","","","","","","","","","","",22000,1,"","",0,1,1,1,"","","","","","","","","","",5,1,"","","","","","","","","","","","","","","","","","","","","","","","","","","","","","","","","","","","","","","","","","","","","","","","","","","","","",""
"50020001","PTE DE LA HAGUE",49.725167,-1.939833,6,1951050906,"","","","",5.,1,"","","","","","","","","","","","","","","","","","","","","","","","","","","","","","",7.2,1,4.8,1,"","","","","","","","","","","","","","","","","","","","","","","","","","",88,1,"","","","","","","","","","","","",8.7,1,1012.2,1,"","","","","","",8,1,8,1,5,1,"","","","","","","","","","","","","","","","","","","","","","","","","","","","",8000,1,"","",2,1,2,1,"","","","","","","","","","",4,1,"","","","","","","","","","","","","","","","","","","","","","","","","","","","","","","","","","","","","","","","","","","","","","","","","","","","","",""
"50020001","PTE DE LA HAGUE",49.725167,-1.939833,6,1951050909,"","","","",4.,1,"","","","","","","","","","","","","","","","","","","","","","","","","","","","","","",8.8,1,5.1,1,"","","","","","","","","","","","","","","","","","","","","","","","","","",81,1,"","","","","","","","","","","","",8.9,1,1012.9,1,"","","","","","",7,1,7,1,2,1,0,1,0,1,"","","","","","","","","","","","","","","","","","","","","","","","",8000,1,"","",2,1,2,1,"","","","","","","","","","",3,1,"","","","","","","","","","","","","","","","","","","","","","","","","","","","","","","","","","","","","","","","","","","","","","","","","","","","","",""
"50020001","PTE DE LA HAGUE",49.725167,-1.939833,6,1951050912,"","","","",2.,1,"","","","","","","","","","","","","","","","","","","","","","","","","","","","","","",10.,1,5.6,1,"","","","","","","","","","","","","","","","","","","","","","","","","","",74,1,"","","","","","","","","","","","",9.2,1,1013.5,1,"","","","","","",2,1,0,1,1,1,4,1,0,1,"","","","","","","","","","","","","","","","","","","","","","","","",12000,1,"","",1,1,2,1,"","","","","","","","","","",3,1,"","","","","","","","","","","","","","","","","","","","","","","","","","","","","","","","","","","","","","","","","","","","","","","","","","","","","",""
"50020001","PTE DE LA HAGUE",49.725167,-1.939833,6,1951050915,"","","","",2.,1,"","","","","","","","","","","","","","","","","","","","","","","","","","","","","","",10.8,1,4.8,1,"","","","","","","","","","","","","","","","","","","","","","","","","","",68,1,"","","","","","","","","","","","",8.7,1,1014.2,1,"","","","","","",1,1,0,1,1,1,0,1,0,1,"","","","","","","","","","","","","","","","","","","","","","","","",12000,1,"","",2,1,0,1,"","","","","","","","","","",3,1,"","","","","","","","","","","","","","","","","","","","","","","","","","","","","","","","","","","","","","","","","","","","","","","","","","","","","",""
"50020001","PTE DE LA HAGUE",49.725167,-1.939833,6,1951050918,"","","","",2.,1,"","","","","","","","","","","","","","","","","","","","","","","","","","","","","","",10.,1,5.6,1,"","","","","","","","","","","","","","","","","","","","","","","","","","",74,1,"","","","","","","","","","","","",9.2,1,1014.5,1,"","","","","","",1,1,0,1,1,1,0,1,0,1,"","","","","","","","","","","","","","","","","","","","","","","","",10000,1,"","",2,1,0,1,"","","","","","","","","","",2,1,"","","","","","","","","","","","","","","","","","","","","","","","","","","","","","","","","","","","","","","","","","","","","","","","","","","","","",""
"50020001","PTE DE LA HAGUE",49.725167,-1.939833,6,1951051000,"","","","",3.,1,"","","","","","","","","","","","","","","","","","","","","","","","","","","","","","",9.6,1,8.4,1,"","","","","","","","","","","","","","","","","","","","","","","","","","",95,1,"","","","","","","","","","","","",11.2,1,1015.9,1,"","","","","","",8,1,8,1,6,1,"","","","","","","","","","","","","","","","","","","","","","","","","","","","",6000,1,"","",2,1,2,1,"","","","","","","","","","",3,1,"","","","","","","","","","","","","","","","","","","","","","","","","","","","","","","","","","","","","","","","","","","","","","","","","","","","","",""
"50020001","PTE DE LA HAGUE",49.725167,-1.939833,6,1951051006,"","","","",8.,1,"","","","","","","","","","","","","","","","","","","","","","","","","","","","","","",8.8,1,7.3,1,"","","","","","","","","","","","","","","","","","","","","","","","","","",95,1,"","","","","","","","","","","","",10.4,1,1016.1,1,"","","","","","",8,1,8,1,5,1,"","","","","","","","","","","","","","","","","","","","","","","","","","","","",10000,1,"","",2,1,6,1,"","","","","","","","","","",4,1,"","","","","","","","","","","","","","","","","","","","","","","","","","","","","","","","","","","","","","","","","","","","","","","","","","","","","",""
"50020001","PTE DE LA HAGUE",49.725167,-1.939833,6,1951051009,"","","","",11.,1,"","","","","","","","","","","","","","","","","","","","","","","","","","","","","","",8.6,1,7.1,1,"","","","","","","","","","","","","","","","","","","","","","","","","","",92,1,"","","","","","","","","","","","",10.2,1,1016.6,1,"","","","","","",8,1,8,1,5,1,"","","","","","","","","","","","","","","","","","","","","","","","","","","","",9000,1,"","",2,1,2,1,"","","","","","","","","","",5,1,"","","","","","","","","","","","","","","","","","","","","","","","","","","","","","","","","","","","","","","","","","","","","","","","","","","","","",""
"50020001","PTE DE LA HAGUE",49.725167,-1.939833,6,1951051012,"","","","",10.,1,"","","","","","","","","","","","","","","","","","","","","","","","","","","","","","",9.4,1,8.1,1,"","","","","","","","","","","","","","","","","","","","","","","","","","",92,1,"","","","","","","","","","","","",11.,1,1016.7,1,"","","","","","",8,1,8,1,5,1,7,1,"","","","","","","","","","","","","","","","","","","","","","","","","","",10000,1,"","",2,1,2,1,"","","","","","","","","","",5,1,"","","","","","","","","","","","","","","","","","","","","","","","","","","","","","","","","","","","","","","","","","","","","","","","","","","","","",""
"50020001","PTE DE LA HAGUE",49.725167,-1.939833,6,1951051015,"","","","",10.,1,"","","","","","","","","","","","","","","","","","","","","","","","","","","","","","",11.4,1,8.8,1,"","","","","","","","","","","","","","","","","","","","","","","","","","",87,1,"","","","","","","","","","","","",11.5,1,1016.7,1,"","","","","","",1,1,0,1,0,1,4,1,0,1,"","","","","","","","","","","","","","","","","","","","","","","","",10000,1,"","",1,1,1,1,"","","","","","","","","","",5,1,"","","","","","","","","","","","","","","","","","","","","","","","","","","","","","","","","","","","","","","","","","","","","","","","","","","","","",""
"50020001","PTE DE LA HAGUE",49.725167,-1.939833,6,1951051018,"","","","",8.,1,"","","","","","","","","","","","","","","","","","","","","","","","","","","","","","",11.4,1,8.8,1,"","","","","","","","","","","","","","","","","","","","","","","","","","",87,1,"","","","","","","","","","","","",11.5,1,1017.4,1,"","","","","","",1,1,0,1,2,1,0,1,0,1,"","","","","","","","","","","","","","","","","","","","","","","","",12000,1,"","",2,1,1,1,"","","","","","","","","","",5,1,"","","","","","","","","","","","","","","","","","","","","","","","","","","","","","","","","","","","","","","","","","","","","","","","","","","","","",""
"50020001","PTE DE LA HAGUE",49.725167,-1.939833,6,1951051100,"","","","",8.,1,"","","","","","","","","","","","","","","","","","","","","","","","","","","","","","",9.6,1,8.1,1,"","","","","","","","","","","","","","","","","","","","","","","","","","",92,1,"","","","","","","","","","","","",11.,1,1020.1,1,"","","","","","",0,1,"","",0,1,0,1,0,1,"","","","","","","","","","","","","","","","","","","","","","","","",19000,1,"","",2,1,1,1,"","","","","","","","","","",5,1,"","","","","","","","","","","","","","","","","","","","","","","","","","","","","","","","","","","","","","","","","","","","","","","","","","","","","",""
"50020001","PTE DE LA HAGUE",49.725167,-1.939833,6,1951051106,"","","","",6.,1,"","","","","","","","","","","","","","","","","","","","","","","","","","","","","","",7.6,1,6.1,1,"","","","","","","","","","","","","","","","","","","","","","","","","","",92,1,"","","","","","","","","","","","",9.5,1,1021.4,1,"","","","","","",7,1,7,1,5,1,0,1,0,1,"","","","","","","","","","","","","","","","","","","","","","","","",18000,1,"","",2,1,1,1,"","","","","","","","","","",3,1,"","","","","","","","","","","","","","","","","","","","","","","","","","","","","","","","","","","","","","","","","","","","","","","","","","","","","",""
"50020001","PTE DE LA HAGUE",49.725167,-1.939833,6,1951051109,"","","","",8.,1,"","","","","","","","","","","","","","","","","","","","","","","","","","","","","","",7.8,1,6.1,1,"","","","","","","","","","","","","","","","","","","","","","","","","","",92,1,"","","","","","","","","","","","",9.5,1,1021.8,1,"","","","","","",8,1,8,1,5,1,"","","","","","","","","","","","","","","","","","","","","","","","","","","","",10000,1,"","",2,1,2,1,"","","","","","","","","","",4,1,"","","","","","","","","","","","","","","","","","","","","","","","","","","","","","","","","","","","","","","","","","","","","","","","","","","","","",""
"50020001","PTE DE LA HAGUE",49.725167,-1.939833,6,1951051112,"","","","",5.,1,"","","","","","","","","","","","","","","","","","","","","","","","","","","","","","",8.6,1,7.1,1,"","","","","","","","","","","","","","","","","","","","","","","","","","",92,1,"","","","","","","","","","","","",10.2,1,1021.8,1,"","","","","","",8,1,8,1,5,1,"","","","","","","","","","","","","","","","","","","","","","","","","","","","",10000,1,"","",2,1,2,1,"","","","","","","","","","",3,1,"","","","","","","","","","","","","","","","","","","","","","","","","","","","","","","","","","","","","","","","","","","","","","","","","","","","","",""
"50020001","PTE DE LA HAGUE",49.725167,-1.939833,6,1951051115,"","","","",4.,1,"","","","","","","","","","","","","","","","","","","","","","","","","","","","","","",10.,1,8.,1,"","","","","","","","","","","","","","","","","","","","","","","","","","",90,1,"","","","","","","","","","","","",10.9,1,1021.8,1,"","","","","","",5,1,5,1,0,1,0,1,2,1,"","","","","","","","","","","","","","","","","","","","","","","","",8000,1,"","",1,1,2,1,"","","","","","","","","","",3,1,"","","","","","","","","","","","","","","","","","","","","","","","","","","","","","","","","","","","","","","","","","","","","","","","","","","","","",""
"50020001","PTE DE LA HAGUE",49.725167,-1.939833,6,1951051118,"","","","",2.,1,"","","","","","","","","","","","","","","","","","","","","","","","","","","","","","",10.8,1,8.9,1,"","","","","","","","","","","","","","","","","","","","","","","","","","",90,1,"","","","","","","","","","","","",11.6,1,1021.3,1,"","","","","","",1,1,0,1,0,1,0,1,2,1,"","","","","","","","","","","","","","","","","","","","","","","","",8000,1,"","",2,1,1,1,"","","","","","","","","","",2,1,"","","","","","","","","","","","","","","","","","","","","","","","","","","","","","","","","","","","","","","","","","","","","","","","","","","","","",""
"50020001","PTE DE LA HAGUE",49.725167,-1.939833,6,1951051200,"","","","",4.,1,"","","","","","","","","","","","","","","","","","","","","","","","","","","","","","",9.4,1,8.4,1,"","","","","","","","","","","","","","","","","","","","","","","","","","",95,1,"","","","","","","","","","","","",11.2,1,1022.5,1,"","","","","","",0,1,"","",0,1,0,1,0,1,"","","","","","","","","","","","","","","","","","","","","","","","",24000,1,"","",2,1,0,1,"","","","","","","","","","",3,1,"","","","","","","","","","","","","","","","","","","","","","","","","","","","","","","","","","","","","","","","","","","","","","","","","","","","","",""
"50020001","PTE DE LA HAGUE",49.725167,-1.939833,6,1951051206,"","","","",5.,1,"","","","","","","","","","","","","","","","","","","","","","","","","","","","","","",8.2,1,5.6,1,"","","","","","","","","","","","","","","","","","","","","","","","","","",85,1,"","","","","","","","","","","","",9.2,1,1021.7,1,"","","","","","",1,1,0,1,6,1,0,1,0,1,"","","","","","","","","","","","","","","","","","","","","","","","",8000,1,"","",2,1,0,1,"","","","","","","","","","",3,1,"","","","","","","","","","","","","","","","","","","","","","","","","","","","","","","","","","","","","","","","","","","","","","","","","","","","","",""
"50020001","PTE DE LA HAGUE",49.725167,-1.939833,6,1951051209,"","","","",5.,1,"","","","","","","","","","","","","","","","","","","","","","","","","","","","","","",9.,1,6.9,1,"","","","","","","","","","","","","","","","","","","","","","","","","","",89,1,"","","","","","","","","","","","",10.1,1,1022.5,1,"","","","","","",7,1,7,1,5,1,0,1,0,1,"","","","","","","","","","","","","","","","","","","","","","","","",12000,1,"","",2,1,2,1,"","","","","","","","","","",3,1,"","","","","","","","","","","","","","","","","","","","","","","","","","","","","","","","","","","","","","","","","","","","","","","","","","","","","",""
"50020001","PTE DE LA HAGUE",49.725167,-1.939833,6,1951051212,"","","","",3.,1,"","","","","","","","","","","","","","","","","","","","","","","","","","","","","","",10.4,1,9.2,1,"","","","","","","","","","","","","","","","","","","","","","","","","","",92,1,"","","","","","","","","","","","",11.8,1,1022.7,1,"","","","","","",7,1,7,1,5,1,0,1,0,1,"","","","","","","","","","","","","","","","","","","","","","","","",8000,1,"","",2,1,2,1,"","","","","","","","","","",3,1,"","","","","","","","","","","","","","","","","","","","","","","","","","","","","","","","","","","","","","","","","","","","","","","","","","","","","",""
"50020001","PTE DE LA HAGUE",49.725167,-1.939833,6,1951051215,"","","","",2.,1,"","","","","","","","","","","","","","","","","","","","","","","","","","","","","","",11.,1,8.8,1,"","","","","","","","","","","","","","","","","","","","","","","","","","",87,1,"","","","","","","","","","","","",11.5,1,1022.2,1,"","","","","","",0,1,"","",0,1,0,1,0,1,"","","","","","","","","","","","","","","","","","","","","","","","",12000,1,"","",2,1,1,1,"","","","","","","","","","",2,1,"","","","","","","","","","","","","","","","","","","","","","","","","","","","","","","","","","","","","","","","","","","","","","","","","","","","","",""
"50020001","PTE DE LA HAGUE",49.725167,-1.939833,6,1951051218,"","","","",2.,1,"","","","","","","","","","","","","","","","","","","","","","","","","","","","","","",11.8,1,9.9,1,"","","","","","","","","","","","","","","","","","","","","","","","","","",88,1,"","","","","","","","","","","","",12.4,1,1021.,1,"","","","","","",0,1,"","",0,1,0,1,0,1,"","","","","","","","","","","","","","","","","","","","","","","","",10000,1,"","",2,1,0,1,"","","","","","","","","","",2,1,"","","","","","","","","","","","","","","","","","","","","","","","","","","","","","","","","","","","","","","","","","","","","","","","","","","","","",""
"50020001","PTE DE LA HAGUE",49.725167,-1.939833,6,1951051300,"","","","",2.,1,"","","","","","","","","","","","","","","","","","","","","","","","","","","","","","",9.,1,8.5,1,"","","","","","","","","","","","","","","","","","","","","","","","","","",97,1,"","","","","","","","","","","","",11.3,1,1021.4,1,"","","","","","",3,1,0,1,0,1,0,1,2,1,"","","","","","","","","","","","","","","","","","","","","","","","",25000,1,"","",2,1,"","","","","","","","","","","","",2,1,"","","","","","","","","","","","","","","","","","","","","","","","","","","","","","","","","","","","","","","","","","","","","","","","","","","","","",""
"50020001","PTE DE LA HAGUE",49.725167,-1.939833,6,1951051306,"","","","",2.,1,"","","","","","","","","","","","","","","","","","","","","","","","","","","","","","",10.,1,9.5,1,"","","","","","","","","","","","","","","","","","","","","","","","","","",97,1,"","","","","","","","","","","","",12.1,1,1019.5,1,"","","","","","",7,1,7,1,0,1,0,1,2,1,"","","","","","","","","","","","","","","","","","","","","","","","",10000,1,"","",3,1,1,1,"","","","","","","","","","",2,1,"","","","","","","","","","","","","","","","","","","","","","","","","","","","","","","","","","","","","","","","","","","","","","","","","","","","","",""
"50020001","PTE DE LA HAGUE",49.725167,-1.939833,6,1951051309,"","","","",3.,1,"","","","","","","","","","","","","","","","","","","","","","","","","","","","","","",11.2,1,10.3,1,"","","","","","","","","","","","","","","","","","","","","","","","","","",95,1,"","","","","","","","","","","","",12.8,1,1019.4,1,"","","","","","",7,1,7,1,0,1,4,1,2,1,"","","","","","","","","","","","","","","","","","","","","","","","",10000,1,"","",2,1,2,1,"","","","","","","","","","",2,1,"","","","","","","","","","","","","","","","","","","","","","","","","","","","","","","","","","","","","","","","","","","","","","","","","","","","","",""
"50020001","PTE DE LA HAGUE",49.725167,-1.939833,6,1951051312,"","","","",4.,1,"","","","","","","","","","","","","","","","","","","","","","","","","","","","","","",11.8,1,10.,1,"","","","","","","","","","","","","","","","","","","","","","","","","","",90,1,"","","","","","","","","","","","",12.5,1,1019.7,1,"","","","","","",8,1,8,1,5,1,"","","","","","","","","","","","","","","","","","","","","","","","","","","","",14000,1,"","",2,1,1,1,"","","","","","","","","","",3,1,"","","","","","","","","","","","","","","","","","","","","","","","","","","","","","","","","","","","","","","","","","","","","","","","","","","","","",""
"50020001","PTE DE LA HAGUE",49.725167,-1.939833,6,1951051315,"","","","",4.,1,"","","","","","","","","","","","","","","","","","","","","","","","","","","","","","",13.,1,9.2,1,"","","","","","","","","","","","","","","","","","","","","","","","","","",81,1,"","","","","","","","","","","","",11.8,1,1019.4,1,"","","","","","",3,1,0,1,1,1,0,1,0,1,"","","","","","","","","","","","","","","","","","","","","","","","",22000,1,"","",2,1,1,1,"","","","","","","","","","",3,1,"","","","","","","","","","","","","","","","","","","","","","","","","","","","","","","","","","","","","","","","","","","","","","","","","","","","","",""
"50020001","PTE DE LA HAGUE",49.725167,-1.939833,6,1951051318,"","","","",6.,1,"","","","","","","","","","","","","","","","","","","","","","","","","","","","","","",11.2,1,8.5,1,"","","","","","","","","","","","","","","","","","","","","","","","","","",85,1,"","","","","","","","","","","","",11.3,1,1019.4,1,"","","","","","",7,1,7,1,0,1,8,1,0,1,"","","","","","","","","","","","","","","","","","","","","","","","",22000,1,"","",2,1,1,1,"","","","","","","","","","",3,1,"","","","","","","","","","","","","","","","","","","","","","","","","","","","","","","","","","","","","","","","","","","","","","","","","","","","","",""
"50020001","PTE DE LA HAGUE",49.725167,-1.939833,6,1951051406,"","","","",6.,1,"","","","","","","","","","","","","","","","","","","","","","","","","","","","","","",9.,1,6.4,1,"","","","","","","","","","","","","","","","","","","","","","","","","","",84,1,"","","","","","","","","","","","",9.7,1,1023.,1,"","","","","","",7,1,7,1,0,1,5,1,0,1,"","","","","","","","","","","","","","","","","","","","","","","","",14000,1,"","",2,1,2,1,"","","","","","","","","","",4,1,"","","","","","","","","","","","","","","","","","","","","","","","","","","","","","","","","","","","","","","","","","","","","","","","","","","","","",""
"50020001","PTE DE LA HAGUE",49.725167,-1.939833,6,1951051409,"","","","",6.,1,"","","","","","","","","","","","","","","","","","","","","","","","","","","","","","",9.4,1,4.5,1,"","","","","","","","","","","","","","","","","","","","","","","","","","",73,1,"","","","","","","","","","","","",8.5,1,1024.1,1,"","","","","","",1,1,0,1,1,1,0,1,0,1,"","","","","","","","","","","","","","","","","","","","","","","","",19000,1,"","",2,1,1,1,"","","","","","","","","","",4,1,"","","","","","","","","","","","","","","","","","","","","","","","","","","","","","","","","","","","","","","","","","","","","","","","","","","","","",""
"50020001","PTE DE LA HAGUE",49.725167,-1.939833,6,1951051412,"","","","",6.,1,"","","","","","","","","","","","","","","","","","","","","","","","","","","","","","",10.4,1,4.8,1,"","","","","","","","","","","","","","","","","","","","","","","","","","",68,1,"","","","","","","","","","","","",8.7,1,1025.,1,"","","","","","",1,1,0,1,1,1,0,1,2,1,"","","","","","","","","","","","","","","","","","","","","","","","",19000,1,"","",2,1,0,1,"","","","","","","","","","",4,1,"","","","","","","","","","","","","","","","","","","","","","","","","","","","","","","","","","","","","","","","","","","","","","","","","","","","","",""
"50020001","PTE DE LA HAGUE",49.725167,-1.939833,6,1951051415,"","","","",5.,1,"","","","","","","","","","","","","","","","","","","","","","","","","","","","","","",12.,1,5.5,1,"","","","","","","","","","","","","","","","","","","","","","","","","","",65,1,"","","","","","","","","","","","",9.1,1,1025.,1,"","","","","","",5,1,5,1,0,1,4,1,0,1,"","","","","","","","","","","","","","","","","","","","","","","","",22000,1,"","",3,1,0,1,"","","","","","","","","","",3,1,"","","","","","","","","","","","","","","","","","","","","","","","","","","","","","","","","","","","","","","","","","","","","","","","","","","","","",""
"50020001","PTE DE LA HAGUE",49.725167,-1.939833,6,1951051418,"","","","",1.,1,"","","","","","","","","","","","","","","","","","","","","","","","","","","","","","",11.,1,4.3,1,"","","","","","","","","","","","","","","","","","","","","","","","","","",63,1,"","","","","","","","","","","","",8.4,1,1025.3,1,"","","","","","",0,1,"","",0,1,0,1,0,1,"","","","","","","","","","","","","","","","","","","","","","","","",24000,1,"","",2,1,1,1,"","","","","","","","","","",2,1,"","","","","","","","","","","","","","","","","","","","","","","","","","","","","","","","","","","","","","","","","","","","","","","","","","","","","",""
"50020001","PTE DE LA HAGUE",49.725167,-1.939833,6,1951051506,"","","","",5.,1,"","","","","","","","","","","","","","","","","","","","","","","","","","","","","","",9.8,1,8.1,1,"","","","","","","","","","","","","","","","","","","","","","","","","","",92,1,"","","","","","","","","","","","",11.,1,1024.3,1,"","","","","","",1,1,0,1,0,1,4,1,0,1,"","","","","","","","","","","","","","","","","","","","","","","","",12000,1,"","",1,1,2,1,"","","","","","","","","","",3,1,"","","","","","","","","","","","","","","","","","","","","","","","","","","","","","","","","","","","","","","","","","","","","","","","","","","","","",""
"50020001","PTE DE LA HAGUE",49.725167,-1.939833,6,1951051509,"","","","",4.,1,"","","","","","","","","","","","","","","","","","","","","","","","","","","","","","",11.4,1,8.4,1,"","","","","","","","","","","","","","","","","","","","","","","","","","",83,1,"","","","","","","","","","","","",11.2,1,1023.9,1,"","","","","","",1,1,0,1,0,1,4,1,0,1,"","","","","","","","","","","","","","","","","","","","","","","","",22000,1,"","",2,1,1,1,"","","","","","","","","","",3,1,"","","","","","","","","","","","","","","","","","","","","","","","","","","","","","","","","","","","","","","","","","","","","","","","","","","","","",""
"50020001","PTE DE LA HAGUE",49.725167,-1.939833,6,1951051512,"","","","",4.,1,"","","","","","","","","","","","","","","","","","","","","","","","","","","","","","",12.,1,9.6,1,"","","","","","","","","","","","","","","","","","","","","","","","","","",86,1,"","","","","","","","","","","","",12.2,1,1023.9,1,"","","","","","",7,1,7,1,5,1,0,1,0,1,"","","","","","","","","","","","","","","","","","","","","","","","",16000,1,"","",2,1,1,1,"","","","","","","","","","",3,1,"","","","","","","","","","","","","","","","","","","","","","","","","","","","","","","","","","","","","","","","","","","","","","","","","","","","","",""
"50020001","PTE DE LA HAGUE",49.725167,-1.939833,6,1951051515,"","","","",0.,1,"","","","","","","","","","","","","","","","","","","","","","","","","","","","","","",12.8,1,9.,1,"","","","","","","","","","","","","","","","","","","","","","","","","","",79,1,"","","","","","","","","","","","",11.7,1,1022.9,1,"","","","","","",7,1,7,1,5,1,0,1,0,1,"","","","","","","","","","","","","","","","","","","","","","","","",16000,1,"","",2,1,2,1,"","","","","","","","","","",2,1,"","","","","","","","","","","","","","","","","","","","","","","","","","","","","","","","","","","","","","","","","","","","","","","","","","","","","",""
"50020001","PTE DE LA HAGUE",49.725167,-1.939833,6,1951051518,"","","","",1.,1,"","","","","","","","","","","","","","","","","","","","","","","","","","","","","","",12.8,1,9.,1,"","","","","","","","","","","","","","","","","","","","","","","","","","",79,1,"","","","","","","","","","","","",11.7,1,1021.8,1,"","","","","","",7,1,7,1,0,1,3,1,0,1,"","","","","","","","","","","","","","","","","","","","","","","","",16000,1,"","",2,1,2,1,"","","","","","","","","","",2,1,"","","","","","","","","","","","","","","","","","","","","","","","","","","","","","","","","","","","","","","","","","","","","","","","","","","","","",""
"50020001","PTE DE LA HAGUE",49.725167,-1.939833,6,1951051606,"","","","",5.,1,"","","","","","","","","","","","","","","","","","","","","","","","","","","","","","",10.,1,8.,1,"","","","","","","","","","","","","","","","","","","","","","","","","","",90,1,"","","","","","","","","","","","",10.9,1,1017.3,1,"","","","","","",8,1,5,1,6,1,7,1,"","","","","","","","","","","","","","","","","","","","","","","","","","",18000,1,"","",60,1,6,1,"","","","","","","","","","",3,1,"","","","","","","","","","","","","","","","","","","","","","","","","","","","","","","","","","","","","","","","","","","","","","","","","","","","","",""
"50020001","PTE DE LA HAGUE",49.725167,-1.939833,6,1951051609,"","","","",5.,1,"","","","","","","","","","","","","","","","","","","","","","","","","","","","","","",9.8,1,8.1,1,"","","","","","","","","","","","","","","","","","","","","","","","","","",92,1,"","","","","","","","","","","","",11.,1,1017.,1,"","","","","","",8,1,7,1,7,1,2,1,"","","","","","","","","","","","","","","","","","","","","","","","","","",6000,1,"","",61,1,6,1,"","","","","","","","","","",3,1,"","","","","","","","","","","","","","","","","","","","","","","","","","","","","","","","","","","","","","","","","","","","","","","","","","","","","",""
"50020001","PTE DE LA HAGUE",49.725167,-1.939833,6,1951051612,"","","","",4.,1,"","","","","","","","","","","","","","","","","","","","","","","","","","","","","","",10.8,1,8.9,1,"","","","","","","","","","","","","","","","","","","","","","","","","","",90,1,"","","","","","","","","","","","",11.6,1,1016.3,1,"","","","","","",8,1,8,1,6,1,"","","","","","","","","","","","","","","","","","","","","","","","","","","","",10000,1,"","",2,1,6,1,"","","","","","","","","","",3,1,"","","","","","","","","","","","","","","","","","","","","","","","","","","","","","","","","","","","","","","","","","","","","","","","","","","","","",""
"50020001","PTE DE LA HAGUE",49.725167,-1.939833,6,1951051615,"","","","",5.,1,"","","","","","","","","","","","","","","","","","","","","","","","","","","","","","",10.,1,8.1,1,"","","","","","","","","","","","","","","","","","","","","","","","","","",92,1,"","","","","","","","","","","","",11.,1,1016.3,1,"","","","","","",8,1,8,1,6,1,"","","","","","","","","","","","","","","","","","","","","","","","","","","","",4000,1,"","",50,1,5,1,"","","","","","","","","","",3,1,"","","","","","","","","","","","","","","","","","","","","","","","","","","","","","","","","","","","","","","","","","","","","","","","","","","","","",""
"50020001","PTE DE LA HAGUE",49.725167,-1.939833,6,1951051618,"","","","",4.,1,"","","","","","","","","","","","","","","","","","","","","","","","","","","","","","",10.,1,6.1,1,"","","","","","","","","","","","","","","","","","","","","","","","","","",79,1,"","","","","","","","","","","","",9.5,1,1016.9,1,"","","","","","",8,1,8,1,0,1,3,1,"","","","","","","","","","","","","","","","","","","","","","","","","","",12000,1,"","",2,1,5,1,"","","","","","","","","","",3,1,"","","","","","","","","","","","","","","","","","","","","","","","","","","","","","","","","","","","","","","","","","","","","","","","","","","","","",""
"50020001","PTE DE LA HAGUE",49.725167,-1.939833,6,1951051706,"","","","",8.,1,"","","","","","","","","","","","","","","","","","","","","","","","","","","","","","",8.,1,5.5,1,"","","","","","","","","","","","","","","","","","","","","","","","","","",83,1,"","","","","","","","","","","","",9.1,1,1017.7,1,"","","","","","",6,1,0,1,2,1,4,1,0,1,"","","","","","","","","","","","","","","","","","","","","","","","",22000,1,"","",2,1,2,1,"","","","","","","","","","",4,1,"","","","","","","","","","","","","","","","","","","","","","","","","","","","","","","","","","","","","","","","","","","","","","","","","","","","","",""
"50020001","PTE DE LA HAGUE",49.725167,-1.939833,6,1951051709,"","","","",7.,1,"","","","","","","","","","","","","","","","","","","","","","","","","","","","","","",8.,1,5.1,1,"","","","","","","","","","","","","","","","","","","","","","","","","","",81,1,"","","","","","","","","","","","",8.9,1,1018.7,1,"","","","","","",6,1,6,1,2,1,0,1,0,1,"","","","","","","","","","","","","","","","","","","","","","","","",22000,1,"","",2,1,2,1,"","","","","","","","","","",4,1,"","","","","","","","","","","","","","","","","","","","","","","","","","","","","","","","","","","","","","","","","","","","","","","","","","","","","",""
"50020001","PTE DE LA HAGUE",49.725167,-1.939833,6,1951051712,"","","","",6.,1,"","","","","","","","","","","","","","","","","","","","","","","","","","","","","","",10.,1,5.3,1,"","","","","","","","","","","","","","","","","","","","","","","","","","",72,1,"","","","","","","","","","","","",9.,1,1018.5,1,"","","","","","",2,1,0,1,2,1,4,1,0,1,"","","","","","","","","","","","","","","","","","","","","","","","",22000,1,"","",1,1,1,1,"","","","","","","","","","",4,1,"","","","","","","","","","","","","","","","","","","","","","","","","","","","","","","","","","","","","","","","","","","","","","","","","","","","","",""
"50020001","PTE DE LA HAGUE",49.725167,-1.939833,6,1951051715,"","","","",1.,1,"","","","","","","","","","","","","","","","","","","","","","","","","","","","","","",9.,1,6.8,1,"","","","","","","","","","","","","","","","","","","","","","","","","","",86,1,"","","","","","","","","","","","",10.,1,1017.5,1,"","","","","","",7,1,7,1,8,1,0,1,0,1,"","","","","","","","","","","","","","","","","","","","","","","","",12000,1,"","",25,1,8,1,"","","","","","","","","","",3,1,"","","","","","","","","","","","","","","","","","","","","","","","","","","","","","","","","","","","","","","","","","","","","","","","","","","","","",""
"50020001","PTE DE LA HAGUE",49.725167,-1.939833,6,1951051718,"","","","",5.,1,"","","","","","","","","","","","","","","","","","","","","","","","","","","","","","",9.6,1,6.1,1,"","","","","","","","","","","","","","","","","","","","","","","","","","",79,1,"","","","","","","","","","","","",9.5,1,1017.1,1,"","","","","","",7,1,7,1,8,1,0,1,0,1,"","","","","","","","","","","","","","","","","","","","","","","","",26000,1,"","",2,1,8,1,"","","","","","","","","","",3,1,"","","","","","","","","","","","","","","","","","","","","","","","","","","","","","","","","","","","","","","","","","","","","","","","","","","","","",""
"50020001","PTE DE LA HAGUE",49.725167,-1.939833,6,1951051806,"","","","",13.,1,"","","","","","","","","","","","","","","","","","","","","","","","","","","","","","",9.8,1,8.,1,"","","","","","","","","","","","","","","","","","","","","","","","","","",90,1,"","","","","","","","","","","","",10.9,1,1012.6,1,"","","","","","",8,1,7,1,7,1,2,1,"","","","","","","","","","","","","","","","","","","","","","","","","","",4000,1,"","",60,1,6,1,"","","","","","","","","","",5,1,"","","","","","","","","","","","","","","","","","","","","","","","","","","","","","","","","","","","","","","","","","","","","","","","","","","","","",""
"50020001","PTE DE LA HAGUE",49.725167,-1.939833,6,1951051809,"","","","",12.,1,"","","","","","","","","","","","","","","","","","","","","","","","","","","","","","",10.,1,8.,1,"","","","","","","","","","","","","","","","","","","","","","","","","","",90,1,"","","","","","","","","","","","",10.9,1,1012.3,1,"","","","","","",8,1,7,1,6,1,2,1,"","","","","","","","","","","","","","","","","","","","","","","","","","",5000,1,"","",2,1,6,1,"","","","","","","","","","",5,1,"","","","","","","","","","","","","","","","","","","","","","","","","","","","","","","","","","","","","","","","","","","","","","","","","","","","","",""
"50020001","PTE DE LA HAGUE",49.725167,-1.939833,6,1951051812,"","","","",8.,1,"","","","","","","","","","","","","","","","","","","","","","","","","","","","","","",10.2,1,9.3,1,"","","","","","","","","","","","","","","","","","","","","","","","","","",95,1,"","","","","","","","","","","","",11.9,1,1012.3,1,"","","","","","",8,1,8,1,7,1,"","","","","","","","","","","","","","","","","","","","","","","","","","","","",5000,1,"","",60,1,6,1,"","","","","","","","","","",5,1,"","","","","","","","","","","","","","","","","","","","","","","","","","","","","","","","","","","","","","","","","","","","","","","","","","","","","",""
"50020001","PTE DE LA HAGUE",49.725167,-1.939833,6,1951051815,"","","","",6.,1,"","","","","","","","","","","","","","","","","","","","","","","","","","","","","","",10.4,1,9.3,1,"","","","","","","","","","","","","","","","","","","","","","","","","","",95,1,"","","","","","","","","","","","",11.9,1,1011.8,1,"","","","","","",8,1,7,1,7,1,2,1,"","","","","","","","","","","","","","","","","","","","","","","","","","",4000,1,"","",61,1,6,1,"","","","","","","","","","",4,1,"","","","","","","","","","","","","","","","","","","","","","","","","","","","","","","","","","","","","","","","","","","","","","","","","","","","","",""
"50020001","PTE DE LA HAGUE",49.725167,-1.939833,6,1951051818,"","","","",4.,1,"","","","","","","","","","","","","","","","","","","","","","","","","","","","","","",10.,1,9.5,1,"","","","","","","","","","","","","","","","","","","","","","","","","","",97,1,"","","","","","","","","","","","",12.1,1,1010.6,1,"","","","","","",8,1,7,1,7,1,7,1,"","","","","","","","","","","","","","","","","","","","","","","","","","",4000,1,"","",61,1,6,1,"","","","","","","","","","",3,1,"","","","","","","","","","","","","","","","","","","","","","","","","","","","","","","","","","","","","","","","","","","","","","","","","","","","","",""
"50020001","PTE DE LA HAGUE",49.725167,-1.939833,6,1951051900,"","","","",4.,1,"","","","","","","","","","","","","","","","","","","","","","","","","","","","","","",9.2,1,8.5,1,"","","","","","","","","","","","","","","","","","","","","","","","","","",97,1,"","","","","","","","","","","","",11.3,1,1010.7,1,"","","","","","",5,1,5,1,0,1,4,1,0,1,"","","","","","","","","","","","","","","","","","","","","","","","",19000,1,"","",2,1,6,1,"","","","","","","","","","",3,1,"","","","","","","","","","","","","","","","","","","","","","","","","","","","","","","","","","","","","","","","","","","","","","","","","","","","","",""
"50020001","PTE DE LA HAGUE",49.725167,-1.939833,6,1951051906,"","","","",1.,1,"","","","","","","","","","","","","","","","","","","","","","","","","","","","","","",9.2,1,8.5,1,"","","","","","","","","","","","","","","","","","","","","","","","","","",97,1,"","","","","","","","","","","","",11.1,1,1009.5,1,"","","","","","",8,1,8,1,6,1,"","","","","","","","","","","","","","","","","","","","","","","","","","","","",3000,1,"","",10,1,2,1,"","","","","","","","","","",1,1,"","","","","","","","","","","","","","","","","","","","","","","","","","","","","","","","","","","","","","","","","","","","","","","","","","","","","",""
"50020001","PTE DE LA HAGUE",49.725167,-1.939833,6,1951051909,"","","","",0.,1,"","","","","","","","","","","","","","","","","","","","","","","","","","","","","","",9.8,1,9.5,1,"","","","","","","","","","","","","","","","","","","","","","","","","","",97,1,"","","","","","","","","","","","",12.1,1,1009.4,1,"","","","","","",8,1,7,1,6,1,2,1,"","","","","","","","","","","","","","","","","","","","","","","","","","",3000,1,"","",61,1,6,1,"","","","","","","","","","",1,1,"","","","","","","","","","","","","","","","","","","","","","","","","","","","","","","","","","","","","","","","","","","","","","","","","","","","","",""
"50020001","PTE DE LA HAGUE",49.725167,-1.939833,6,1951051912,"","","","",1.,1,"","","","","","","","","","","","","","","","","","","","","","","","","","","","","","",10.2,1,9.5,1,"","","","","","","","","","","","","","","","","","","","","","","","","","",97,1,"","","","","","","","","","","","",12.1,1,1009.4,1,"","","","","","",8,1,7,1,6,1,2,1,"","","","","","","","","","","","","","","","","","","","","","","","","","",6000,1,"","",60,1,6,1,"","","","","","","","","","",1,1,"","","","","","","","","","","","","","","","","","","","","","","","","","","","","","","","","","","","","","","","","","","","","","","","","","","","","",""
"50020001","PTE DE LA HAGUE",49.725167,-1.939833,6,1951051915,"","","","",1.,1,"","","","","","","","","","","","","","","","","","","","","","","","","","","","","","",11.,1,9.2,1,"","","","","","","","","","","","","","","","","","","","","","","","","","",92,1,"","","","","","","","","","","","",11.8,1,1009.4,1,"","","","","","",6,1,0,1,5,1,7,1,2,1,"","","","","","","","","","","","","","","","","","","","","","","","",11000,1,"","",1,1,6,1,"","","","","","","","","","",2,1,"","","","","","","","","","","","","","","","","","","","","","","","","","","","","","","","","","","","","","","","","","","","","","","","","","","","","",""
"50020001","PTE DE LA HAGUE",49.725167,-1.939833,6,1951051918,"","","","",2.,1,"","","","","","","","","","","","","","","","","","","","","","","","","","","","","","",11.4,1,8.4,1,"","","","","","","","","","","","","","","","","","","","","","","","","","",83,1,"","","","","","","","","","","","",11.2,1,1009.5,1,"","","","","","",1,1,0,1,0,1,4,1,0,1,"","","","","","","","","","","","","","","","","","","","","","","","",22000,1,"","",1,1,1,1,"","","","","","","","","","",2,1,"","","","","","","","","","","","","","","","","","","","","","","","","","","","","","","","","","","","","","","","","","","","","","","","","","","","","",""
"50020001","PTE DE LA HAGUE",49.725167,-1.939833,6,1951052000,"","","","",5.,1,"","","","","","","","","","","","","","","","","","","","","","","","","","","","","","",9.4,1,5.8,1,"","","","","","","","","","","","","","","","","","","","","","","","","","",77,1,"","","","","","","","","","","","",9.3,1,1009.7,1,"","","","","","",1,1,0,1,0,1,4,1,0,1,"","","","","","","","","","","","","","","","","","","","","","","","",22000,1,"","",2,1,0,1,"","","","","","","","","","",3,1,"","","","","","","","","","","","","","","","","","","","","","","","","","","","","","","","","","","","","","","","","","","","","","","","","","","","","",""
"50020001","PTE DE LA HAGUE",49.725167,-1.939833,6,1951052006,"","","","",5.,1,"","","","","","","","","","","","","","","","","","","","","","","","","","","","","","",9.8,1,8.4,1,"","","","","","","","","","","","","","","","","","","","","","","","","","",95,1,"","","","","","","","","","","","",11.2,1,1008.1,1,"","","","","","",7,1,0,1,6,1,4,1,9,1,"","","","","","","","","","","","","","","","","","","","","","","","",11000,1,"","",3,1,1,1,"","","","","","","","","","",3,1,"","","","","","","","","","","","","","","","","","","","","","","","","","","","","","","","","","","","","","","","","","","","","","","","","","","","","",""
"50020001","PTE DE LA HAGUE",49.725167,-1.939833,6,1951052009,"","","","",7.,1,"","","","","","","","","","","","","","","","","","","","","","","","","","","","","","",11.6,1,9.9,1,"","","","","","","","","","","","","","","","","","","","","","","","","","",88,1,"","","","","","","","","","","","",12.4,1,1007.9,1,"","","","","","",8,1,8,1,5,1,1,1,"","","","","","","","","","","","","","","","","","","","","","","","","","",10000,1,"","",2,1,2,1,"","","","","","","","","","",3,1,"","","","","","","","","","","","","","","","","","","","","","","","","","","","","","","","","","","","","","","","","","","","","","","","","","","","","",""
"50020001","PTE DE LA HAGUE",49.725167,-1.939833,6,1951052012,"","","","",5.,1,"","","","","","","","","","","","","","","","","","","","","","","","","","","","","","",12.,1,9.9,1,"","","","","","","","","","","","","","","","","","","","","","","","","","",88,1,"","","","","","","","","","","","",12.4,1,1007.9,1,"","","","","","",8,1,0,1,5,1,2,1,"","","","","","","","","","","","","","","","","","","","","","","","","","",9000,1,"","",61,1,2,1,"","","","","","","","","","",3,1,"","","","","","","","","","","","","","","","","","","","","","","","","","","","","","","","","","","","","","","","","","","","","","","","","","","","","",""
"50020001","PTE DE LA HAGUE",49.725167,-1.939833,6,1951052015,"","","","",2.,1,"","","","","","","","","","","","","","","","","","","","","","","","","","","","","","",12.,1,11.3,1,"","","","","","","","","","","","","","","","","","","","","","","","","","",95,1,"","","","","","","","","","","","",13.7,1,1007.4,1,"","","","","","",8,1,0,1,5,1,2,1,"","","","","","","","","","","","","","","","","","","","","","","","","","",5000,1,"","",61,1,6,1,"","","","","","","","","","",3,1,"","","","","","","","","","","","","","","","","","","","","","","","","","","","","","","","","","","","","","","","","","","","","","","","","","","","","",""
"50020001","PTE DE LA HAGUE",49.725167,-1.939833,6,1951052018,"","","","",5.,1,"","","","","","","","","","","","","","","","","","","","","","","","","","","","","","",11.4,1,10.3,1,"","","","","","","","","","","","","","","","","","","","","","","","","","",95,1,"","","","","","","","","","","","",12.8,1,1007.,1,"","","","","","",8,1,8,1,0,1,7,1,"","","","","","","","","","","","","","","","","","","","","","","","","","",9000,1,"","",61,1,6,1,"","","","","","","","","","",4,1,"","","","","","","","","","","","","","","","","","","","","","","","","","","","","","","","","","","","","","","","","","","","","","","","","","","","","",""
"50020001","PTE DE LA HAGUE",49.725167,-1.939833,6,1951052100,"","","","",3.,1,"","","","","","","","","","","","","","","","","","","","","","","","","","","","","","",9.6,1,8.5,1,"","","","","","","","","","","","","","","","","","","","","","","","","","",97,1,"","","","","","","","","","","","",11.3,1,1009.5,1,"","","","","","",3,1,0,1,0,1,4,1,2,1,"","","","","","","","","","","","","","","","","","","","","","","","",28000,1,"","",1,1,6,1,"","","","","","","","","","",4,1,"","","","","","","","","","","","","","","","","","","","","","","","","","","","","","","","","","","","","","","","","","","","","","","","","","","","","",""
"50020001","PTE DE LA HAGUE",49.725167,-1.939833,6,1951052106,"","","","",4.,1,"","","","","","","","","","","","","","","","","","","","","","","","","","","","","","",9.8,1,8.4,1,"","","","","","","","","","","","","","","","","","","","","","","","","","",95,1,"","","","","","","","","","","","",11.2,1,1011.7,1,"","","","","","",1,1,0,1,6,1,0,1,0,1,"","","","","","","","","","","","","","","","","","","","","","","","",19000,1,"","",2,1,1,1,"","","","","","","","","","",3,1,"","","","","","","","","","","","","","","","","","","","","","","","","","","","","","","","","","","","","","","","","","","","","","","","","","","","","",""
"50020001","PTE DE LA HAGUE",49.725167,-1.939833,6,1951052109,"","","","",5.,1,"","","","","","","","","","","","","","","","","","","","","","","","","","","","","","",11.8,1,10.,1,"","","","","","","","","","","","","","","","","","","","","","","","","","",90,1,"","","","","","","","","","","","",12.5,1,1012.9,1,"","","","","","",1,1,0,1,2,1,0,1,2,1,"","","","","","","","","","","","","","","","","","","","","","","","",22000,1,"","",2,1,0,1,"","","","","","","","","","",3,1,"","","","","","","","","","","","","","","","","","","","","","","","","","","","","","","","","","","","","","","","","","","","","","","","","","","","","",""
"50020001","PTE DE LA HAGUE",49.725167,-1.939833,6,1951052112,"","","","",5.,1,"","","","","","","","","","","","","","","","","","","","","","","","","","","","","","",13.,1,10.8,1,"","","","","","","","","","","","","","","","","","","","","","","","","","",88,1,"","","","","","","","","","","","",13.2,1,1013.4,1,"","","","","","",6,1,6,1,2,1,0,1,0,1,"","","","","","","","","","","","","","","","","","","","","","","","",28000,1,"","",2,1,1,1,"","","","","","","","","","",3,1,"","","","","","","","","","","","","","","","","","","","","","","","","","","","","","","","","","","","","","","","","","","","","","","","","","","","","",""
"50020001","PTE DE LA HAGUE",49.725167,-1.939833,6,1951052115,"","","","",2.,1,"","","","","","","","","","","","","","","","","","","","","","","","","","","","","","",14.,1,7.6,1,"","","","","","","","","","","","","","","","","","","","","","","","","","",65,1,"","","","","","","","","","","","",10.6,1,1012.7,1,"","","","","","",2,1,0,1,2,1,0,1,2,1,"","","","","","","","","","","","","","","","","","","","","","","","",35000,1,"","",2,1,0,1,"","","","","","","","","","",2,1,"","","","","","","","","","","","","","","","","","","","","","","","","","","","","","","","","","","","","","","","","","","","","","","","","","","","","",""
"50020001","PTE DE LA HAGUE",49.725167,-1.939833,6,1951052118,"","","","",3.,1,"","","","","","","","","","","","","","","","","","","","","","","","","","","","","","",11.8,1,8.,1,"","","","","","","","","","","","","","","","","","","","","","","","","","",78,1,"","","","","","","","","","","","",10.9,1,1011.3,1,"","","","","","",7,1,7,1,0,1,8,1,2,1,"","","","","","","","","","","","","","","","","","","","","","","","",38000,1,"","",3,1,1,1,"","","","","","","","","","",3,1,"","","","","","","","","","","","","","","","","","","","","","","","","","","","","","","","","","","","","","","","","","","","","","","","","","","","","",""
"50020001","PTE DE LA HAGUE",49.725167,-1.939833,6,1951052200,"","","","",5.,1,"","","","","","","","","","","","","","","","","","","","","","","","","","","","","","",10.4,1,8.9,1,"","","","","","","","","","","","","","","","","","","","","","","","","","",90,1,"","","","","","","","","","","","",11.6,1,1006.5,1,"","","","","","",8,1,8,1,0,1,7,1,"","","","","","","","","","","","","","","","","","","","","","","","","","",32000,1,"","",2,1,2,1,"","","","","","","","","","",3,1,"","","","","","","","","","","","","","","","","","","","","","","","","","","","","","","","","","","","","","","","","","","","","","","","","","","","","",""
"50020001","PTE DE LA HAGUE",49.725167,-1.939833,6,1951052206,"","","","",5.,1,"","","","","","","","","","","","","","","","","","","","","","","","","","","","","","",10.6,1,8.9,1,"","","","","","","","","","","","","","","","","","","","","","","","","","",90,1,"","","","","","","","","","","","",11.6,1,1004.2,1,"","","","","","",5,1,5,1,0,1,4,1,4,1,"","","","","","","","","","","","","","","","","","","","","","","","",22000,1,"","",3,1,6,1,"","","","","","","","","","",4,1,"","","","","","","","","","","","","","","","","","","","","","","","","","","","","","","","","","","","","","","","","","","","","","","","","","","","","",""
"50020001","PTE DE LA HAGUE",49.725167,-1.939833,6,1951052209,"","","","",9.,1,"","","","","","","","","","","","","","","","","","","","","","","","","","","","","","",13.,1,9.,1,"","","","","","","","","","","","","","","","","","","","","","","","","","",79,1,"","","","","","","","","","","","",11.7,1,1005.5,1,"","","","","","",5,1,0,1,8,1,0,1,0,1,"","","","","","","","","","","","","","","","","","","","","","","","",21000,1,"","",2,1,8,1,"","","","","","","","","","",4,1,"","","","","","","","","","","","","","","","","","","","","","","","","","","","","","","","","","","","","","","","","","","","","","","","","","","","","",""
"50020001","PTE DE LA HAGUE",49.725167,-1.939833,6,1951052212,"","","","",7.,1,"","","","","","","","","","","","","","","","","","","","","","","","","","","","","","",12.,1,9.9,1,"","","","","","","","","","","","","","","","","","","","","","","","","","",88,1,"","","","","","","","","","","","",12.4,1,1007.9,1,"","","","","","",6,1,5,1,9,1,0,1,3,1,"","","","","","","","","","","","","","","","","","","","","","","","",19000,1,"","",25,1,8,1,"","","","","","","","","","",5,1,"","","","","","","","","","","","","","","","","","","","","","","","","","","","","","","","","","","","","","","","","","","","","","","","","","","","","",""
"50020001","PTE DE LA HAGUE",49.725167,-1.939833,6,1951052215,"","","","",8.,1,"","","","","","","","","","","","","","","","","","","","","","","","","","","","","","",14.6,1,9.8,1,"","","","","","","","","","","","","","","","","","","","","","","","","","",76,1,"","","","","","","","","","","","",12.3,1,1009.9,1,"","","","","","",2,1,0,1,2,1,4,1,0,1,"","","","","","","","","","","","","","","","","","","","","","","","",16000,1,"","",2,1,1,1,"","","","","","","","","","",4,1,"","","","","","","","","","","","","","","","","","","","","","","","","","","","","","","","","","","","","","","","","","","","","","","","","","","","","",""
"50020001","PTE DE LA HAGUE",49.725167,-1.939833,6,1951052218,"","","","",3.,1,"","","","","","","","","","","","","","","","","","","","","","","","","","","","","","",12.6,1,9.6,1,"","","","","","","","","","","","","","","","","","","","","","","","","","",86,1,"","","","","","","","","","","","",12.2,1,1010.9,1,"","","","","","",8,1,5,1,2,1,0,1,7,1,"","","","","","","","","","","","","","","","","","","","","","","","",15000,1,"","",3,1,1,1,"","","","","","","","","","",4,1,"","","","","","","","","","","","","","","","","","","","","","","","","","","","","","","","","","","","","","","","","","","","","","","","","","","","","",""
"50020001","PTE DE LA HAGUE",49.725167,-1.939833,6,1951052300,"","","","",7.,1,"","","","","","","","","","","","","","","","","","","","","","","","","","","","","","",12.2,1,9.2,1,"","","","","","","","","","","","","","","","","","","","","","","","","","",81,1,"","","","","","","","","","","","",11.8,1,1012.5,1,"","","","","","",8,1,0,1,0,1,9,1,7,1,"","","","","","","","","","","","","","","","","","","","","","","","",25000,1,"","",2,1,2,1,"","","","","","","","","","",4,1,"","","","","","","","","","","","","","","","","","","","","","","","","","","","","","","","","","","","","","","","","","","","","","","","","","","","","",""
"50020001","PTE DE LA HAGUE",49.725167,-1.939833,6,1951052306,"","","","",5.,1,"","","","","","","","","","","","","","","","","","","","","","","","","","","","","","",13.2,1,6.9,1,"","","","","","","","","","","","","","","","","","","","","","","","","","",68,1,"","","","","","","","","","","","",10.1,1,1012.2,1,"","","","","","",8,1,8,1,0,1,7,1,"","","","","","","","","","","","","","","","","","","","","","","","","","",34000,1,"","",2,1,2,1,"","","","","","","","","","",3,1,"","","","","","","","","","","","","","","","","","","","","","","","","","","","","","","","","","","","","","","","","","","","","","","","","","","","","",""
"50020001","PTE DE LA HAGUE",49.725167,-1.939833,6,1951052309,"","","","",1.,1,"","","","","","","","","","","","","","","","","","","","","","","","","","","","","","",13.,1,10.6,1,"","","","","","","","","","","","","","","","","","","","","","","","","","",86,1,"","","","","","","","","","","","",13.,1,1011.8,1,"","","","","","",8,1,8,1,0,1,9,1,"","","","","","","","","","","","","","","","","","","","","","","","","","",19000,1,"","",60,1,6,1,"","","","","","","","","","",3,1,"","","","","","","","","","","","","","","","","","","","","","","","","","","","","","","","","","","","","","","","","","","","","","","","","","","","","",""
"50020001","PTE DE LA HAGUE",49.725167,-1.939833,6,1951052312,"","","","",7.,1,"","","","","","","","","","","","","","","","","","","","","","","","","","","","","","",19.8,1,12.6,1,"","","","","","","","","","","","","","","","","","","","","","","","","","",62,1,"","","","","","","","","","","","",14.9,1,1011.4,1,"","","","","","",7,1,0,1,2,1,9,1,2,1,"","","","","","","","","","","","","","","","","","","","","","","","",28000,1,"","",2,1,2,1,"","","","","","","","","","",4,1,"","","","","","","","","","","","","","","","","","","","","","","","","","","","","","","","","","","","","","","","","","","","","","","","","","","","","",""
"50020001","PTE DE LA HAGUE",49.725167,-1.939833,6,1951052315,"","","","",3.,1,"","","","","","","","","","","","","","","","","","","","","","","","","","","","","","",16.6,1,11.9,1,"","","","","","","","","","","","","","","","","","","","","","","","","","",77,1,"","","","","","","","","","","","",14.2,1,1012.2,1,"","","","","","",7,1,7,1,0,1,7,1,0,1,"","","","","","","","","","","","","","","","","","","","","","","","",28000,1,"","",2,1,2,1,"","","","","","","","","","",3,1,"","","","","","","","","","","","","","","","","","","","","","","","","","","","","","","","","","","","","","","","","","","","","","","","","","","","","",""
"50020001","PTE DE LA HAGUE",49.725167,-1.939833,6,1951052318,"","","","",4.,1,"","","","","","","","","","","","","","","","","","","","","","","","","","","","","","",14.6,1,11.3,1,"","","","","","","","","","","","","","","","","","","","","","","","","","",82,1,"","","","","","","","","","","","",13.7,1,1011.7,1,"","","","","","",7,1,5,1,3,1,3,1,2,1,"","","","","","","","","","","","","","","","","","","","","","","","",22000,1,"","",2,1,2,1,"","","","","","","","","","",3,1,"","","","","","","","","","","","","","","","","","","","","","","","","","","","","","","","","","","","","","","","","","","","","","","","","","","","","",""
"50020001","PTE DE LA HAGUE",49.725167,-1.939833,6,1951052400,"","","","",3.,1,"","","","","","","","","","","","","","","","","","","","","","","","","","","","","","",12.2,1,9.9,1,"","","","","","","","","","","","","","","","","","","","","","","","","","",88,1,"","","","","","","","","","","","",12.4,1,1009.3,1,"","","","","","",1,1,0,1,0,1,0,1,2,1,"","","","","","","","","","","","","","","","","","","","","","","","",32000,1,"","",2,1,0,1,"","","","","","","","","","",3,1,"","","","","","","","","","","","","","","","","","","","","","","","","","","","","","","","","","","","","","","","","","","","","","","","","","","","","",""
"50020001","PTE DE LA HAGUE",49.725167,-1.939833,6,1951052406,"","","","",1.,1,"","","","","","","","","","","","","","","","","","","","","","","","","","","","","","",12.6,1,11.4,1,"","","","","","","","","","","","","","","","","","","","","","","","","","",98,1,"","","","","","","","","","","","",13.8,1,1010.2,1,"","","","","","",7,1,7,1,0,1,9,1,0,1,"","","","","","","","","","","","","","","","","","","","","","","","",12000,1,"","",60,1,9,1,"","","","","","","","","","",2,1,"","","","","","","","","","","","","","","","","","","","","","","","","","","","","","","","","","","","","","","","","","","","","","","","","","","","","",""
"50020001","PTE DE LA HAGUE",49.725167,-1.939833,6,1951052409,"","","","",4.,1,"","","","","","","","","","","","","","","","","","","","","","","","","","","","","","",12.8,1,11.3,1,"","","","","","","","","","","","","","","","","","","","","","","","","","",95,1,"","","","","","","","","","","","",13.7,1,1013.7,1,"","","","","","",6,1,6,1,5,1,0,1,0,1,"","","","","","","","","","","","","","","","","","","","","","","","",19000,1,"","",1,1,6,1,"","","","","","","","","","",4,1,"","","","","","","","","","","","","","","","","","","","","","","","","","","","","","","","","","","","","","","","","","","","","","","","","","","","","",""
"50020001","PTE DE LA HAGUE",49.725167,-1.939833,6,1951052412,"","","","",3.,1,"","","","","","","","","","","","","","","","","","","","","","","","","","","","","","",14.2,1,11.9,1,"","","","","","","","","","","","","","","","","","","","","","","","","","",89,1,"","","","","","","","","","","","",14.2,1,1016.2,1,"","","","","","",2,1,0,1,8,1,0,1,2,1,"","","","","","","","","","","","","","","","","","","","","","","","",30000,1,"","",2,1,1,1,"","","","","","","","","","",3,1,"","","","","","","","","","","","","","","","","","","","","","","","","","","","","","","","","","","","","","","","","","","","","","","","","","","","","",""
"50020001","PTE DE LA HAGUE",49.725167,-1.939833,6,1951052415,"","","","",1.,1,"","","","","","","","","","","","","","","","","","","","","","","","","","","","","","",16.6,1,13.2,1,"","","","","","","","","","","","","","","","","","","","","","","","","","",80,1,"","","","","","","","","","","","",15.5,1,1016.2,1,"","","","","","",7,1,7,1,0,1,0,1,2,1,"","","","","","","","","","","","","","","","","","","","","","","","",28000,1,"","",2,1,1,1,"","","","","","","","","","",2,1,"","","","","","","","","","","","","","","","","","","","","","","","","","","","","","","","","","","","","","","","","","","","","","","","","","","","","",""
"50020001","PTE DE LA HAGUE",49.725167,-1.939833,6,1951052418,"","","","",2.,1,"","","","","","","","","","","","","","","","","","","","","","","","","","","","","","",13.8,1,10.6,1,"","","","","","","","","","","","","","","","","","","","","","","","","","",84,1,"","","","","","","","","","","","",13.,1,1016.3,1,"","","","","","",7,1,7,1,2,1,8,1,2,1,"","","","","","","","","","","","","","","","","","","","","","","","",28000,1,"","",2,1,1,1,"","","","","","","","","","",2,1,"","","","","","","","","","","","","","","","","","","","","","","","","","","","","","","","","","","","","","","","","","","","","","","","","","","","","",""
"50020001","PTE DE LA HAGUE",49.725167,-1.939833,6,1951052500,"","","","",3.,1,"","","","","","","","","","","","","","","","","","","","","","","","","","","","","","",12.2,1,9.6,1,"","","","","","","","","","","","","","","","","","","","","","","","","","",86,1,"","","","","","","","","","","","",12.2,1,1016.7,1,"","","","","","",6,1,6,1,5,1,0,1,0,1,"","","","","","","","","","","","","","","","","","","","","","","","",38000,1,"","",1,1,2,1,"","","","","","","","","","",4,1,"","","","","","","","","","","","","","","","","","","","","","","","","","","","","","","","","","","","","","","","","","","","","","","","","","","","","",""
"50020001","PTE DE LA HAGUE",49.725167,-1.939833,6,1951052506,"","","","",4.,1,"","","","","","","","","","","","","","","","","","","","","","","","","","","","","","",12.,1,9.9,1,"","","","","","","","","","","","","","","","","","","","","","","","","","",88,1,"","","","","","","","","","","","",12.4,1,1016.6,1,"","","","","","",0,1,"","",0,1,0,1,0,1,"","","","","","","","","","","","","","","","","","","","","","","","",24000,1,"","",2,1,0,1,"","","","","","","","","","",3,1,"","","","","","","","","","","","","","","","","","","","","","","","","","","","","","","","","","","","","","","","","","","","","","","","","","","","","",""
"50020001","PTE DE LA HAGUE",49.725167,-1.939833,6,1951052509,"","","","",5.,1,"","","","","","","","","","","","","","","","","","","","","","","","","","","","","","",14.4,1,9.9,1,"","","","","","","","","","","","","","","","","","","","","","","","","","",78,1,"","","","","","","","","","","","",12.4,1,1016.3,1,"","","","","","",7,1,6,1,2,1,0,1,2,1,"","","","","","","","","","","","","","","","","","","","","","","","",22000,1,"","",3,1,0,1,"","","","","","","","","","",3,1,"","","","","","","","","","","","","","","","","","","","","","","","","","","","","","","","","","","","","","","","","","","","","","","","","","","","","",""
"50020001","PTE DE LA HAGUE",49.725167,-1.939833,6,1951052512,"","","","",5.,1,"","","","","","","","","","","","","","","","","","","","","","","","","","","","","","",15.8,1,10.6,1,"","","","","","","","","","","","","","","","","","","","","","","","","","",73,1,"","","","","","","","","","","","",13.,1,1016.3,1,"","","","","","",7,1,7,1,0,1,7,1,2,1,"","","","","","","","","","","","","","","","","","","","","","","","",22000,1,"","",2,1,2,1,"","","","","","","","","","",3,1,"","","","","","","","","","","","","","","","","","","","","","","","","","","","","","","","","","","","","","","","","","","","","","","","","","","","","",""
"50020001","PTE DE LA HAGUE",49.725167,-1.939833,6,1951052515,"","","","",3.,1,"","","","","","","","","","","","","","","","","","","","","","","","","","","","","","",16.8,1,9.8,1,"","","","","","","","","","","","","","","","","","","","","","","","","","",66,1,"","","","","","","","","","","","",12.3,1,1015.5,1,"","","","","","",2,1,0,1,2,1,4,1,2,1,"","","","","","","","","","","","","","","","","","","","","","","","",26000,1,"","",1,1,2,1,"","","","","","","","","","",3,1,"","","","","","","","","","","","","","","","","","","","","","","","","","","","","","","","","","","","","","","","","","","","","","","","","","","","","",""
"50020001","PTE DE LA HAGUE",49.725167,-1.939833,6,1951052518,"","","","",0.,1,"","","","","","","","","","","","","","","","","","","","","","","","","","","","","","",14.,1,10.1,1,"","","","","","","","","","","","","","","","","","","","","","","","","","",80,1,"","","","","","","","","","","","",12.6,1,1014.9,1,"","","","","","",7,1,6,1,3,1,9,1,2,1,"","","","","","","","","","","","","","","","","","","","","","","","",36000,1,"","",2,1,2,1,"","","","","","","","","","",2,1,"","","","","","","","","","","","","","","","","","","","","","","","","","","","","","","","","","","","","","","","","","","","","","","","","","","","","",""
"50020001","PTE DE LA HAGUE",49.725167,-1.939833,6,1951052600,"","","","",4.,1,"","","","","","","","","","","","","","","","","","","","","","","","","","","","","","",12.6,1,9.2,1,"","","","","","","","","","","","","","","","","","","","","","","","","","",81,1,"","","","","","","","","","","","",11.8,1,1012.6,1,"","","","","","",5,1,0,1,3,1,0,1,2,1,"","","","","","","","","","","","","","","","","","","","","","","","",26000,1,"","",2,1,1,1,"","","","","","","","","","",3,1,"","","","","","","","","","","","","","","","","","","","","","","","","","","","","","","","","","","","","","","","","","","","","","","","","","","","","",""
"50020001","PTE DE LA HAGUE",49.725167,-1.939833,6,1951052606,"","","","",0.,1,"","","","","","","","","","","","","","","","","","","","","","","","","","","","","","",12.,1,9.9,1,"","","","","","","","","","","","","","","","","","","","","","","","","","",88,1,"","","","","","","","","","","","",12.4,1,1009.4,1,"","","","","","",8,1,8,1,0,1,9,1,"","","","","","","","","","","","","","","","","","","","","","","","","","",18000,1,"","",60,1,2,1,"","","","","","","","","","",1,1,"","","","","","","","","","","","","","","","","","","","","","","","","","","","","","","","","","","","","","","","","","","","","","","","","","","","","",""
"50020001","PTE DE LA HAGUE",49.725167,-1.939833,6,1951052609,"","","","",0.,1,"","","","","","","","","","","","","","","","","","","","","","","","","","","","","","",12.8,1,11.,1,"","","","","","","","","","","","","","","","","","","","","","","","","","",91,1,"","","","","","","","","","","","",13.4,1,1007.9,1,"","","","","","",8,1,8,1,0,1,7,1,"","","","","","","","","","","","","","","","","","","","","","","","","","",15000,1,"","",60,1,6,1,"","","","","","","","","","",2,1,"","","","","","","","","","","","","","","","","","","","","","","","","","","","","","","","","","","","","","","","","","","","","","","","","","","","","",""
"50020001","PTE DE LA HAGUE",49.725167,-1.939833,6,1951052612,"","","","",0.,1,"","","","","","","","","","","","","","","","","","","","","","","","","","","","","","",11.8,1,10.,1,"","","","","","","","","","","","","","","","","","","","","","","","","","",90,1,"","","","","","","","","","","","",12.5,1,1006.7,1,"","","","","","",8,1,8,1,0,1,7,1,"","","","","","","","","","","","","","","","","","","","","","","","","","",15000,1,"","",61,1,6,1,"","","","","","","","","","",2,1,"","","","","","","","","","","","","","","","","","","","","","","","","","","","","","","","","","","","","","","","","","","","","","","","","","","","","",""
"50020001","PTE DE LA HAGUE",49.725167,-1.939833,6,1951052615,"","","","",1.,1,"","","","","","","","","","","","","","","","","","","","","","","","","","","","","","",10.8,1,10.6,1,"","","","","","","","","","","","","","","","","","","","","","","","","","",98,1,"","","","","","","","","","","","",13.,1,1006.1,1,"","","","","","",8,1,8,1,6,1,7,1,"","","","","","","","","","","","","","","","","","","","","","","","","","",7000,1,"","",61,1,6,1,"","","","","","","","","","",2,1,"","","","","","","","","","","","","","","","","","","","","","","","","","","","","","","","","","","","","","","","","","","","","","","","","","","","","",""
"50020001","PTE DE LA HAGUE",49.725167,-1.939833,6,1951052618,"","","","",2.,1,"","","","","","","","","","","","","","","","","","","","","","","","","","","","","","",10.2,1,9.5,1,"","","","","","","","","","","","","","","","","","","","","","","","","","",97,1,"","","","","","","","","","","","",12.1,1,1004.,1,"","","","","","",8,1,8,1,6,1,7,1,"","","","","","","","","","","","","","","","","","","","","","","","","","",14000,1,"","",61,1,6,1,"","","","","","","","","","",3,1,"","","","","","","","","","","","","","","","","","","","","","","","","","","","","","","","","","","","","","","","","","","","","","","","","","","","","",""
"50020001","PTE DE LA HAGUE",49.725167,-1.939833,6,1951052700,"","","","",3.,1,"","","","","","","","","","","","","","","","","","","","","","","","","","","","","","",10.,1,9.5,1,"","","","","","","","","","","","","","","","","","","","","","","","","","",97,1,"","","","","","","","","","","","",12.1,1,1002.3,1,"","","","","","",8,1,8,1,0,1,2,1,"","","","","","","","","","","","","","","","","","","","","","","","","","",12000,1,"","",63,1,6,1,"","","","","","","","","","",3,1,"","","","","","","","","","","","","","","","","","","","","","","","","","","","","","","","","","","","","","","","","","","","","","","","","","","","","",""
"50020001","PTE DE LA HAGUE",49.725167,-1.939833,6,1951052706,"","","","",3.,1,"","","","","","","","","","","","","","","","","","","","","","","","","","","","","","",9.4,1,8.5,1,"","","","","","","","","","","","","","","","","","","","","","","","","","",97,1,"","","","","","","","","","","","",11.3,1,1000.9,1,"","","","","","",8,1,7,1,2,1,2,1,"","","","","","","","","","","","","","","","","","","","","","","","","","",12000,1,"","",61,1,6,1,"","","","","","","","","","",3,1,"","","","","","","","","","","","","","","","","","","","","","","","","","","","","","","","","","","","","","","","","","","","","","","","","","","","","",""
"50020001","PTE DE LA HAGUE",49.725167,-1.939833,6,1951052709,"","","","",5.,1,"","","","","","","","","","","","","","","","","","","","","","","","","","","","","","",10.,1,9.5,1,"","","","","","","","","","","","","","","","","","","","","","","","","","",97,1,"","","","","","","","","","","","",12.1,1,1000.9,1,"","","","","","",8,1,8,1,2,1,1,1,"","","","","","","","","","","","","","","","","","","","","","","","","","",8000,1,"","",61,1,6,1,"","","","","","","","","","",3,1,"","","","","","","","","","","","","","","","","","","","","","","","","","","","","","","","","","","","","","","","","","","","","","","","","","","","","",""
"50020001","PTE DE LA HAGUE",49.725167,-1.939833,6,1951052712,"","","","",7.,1,"","","","","","","","","","","","","","","","","","","","","","","","","","","","","","",11.,1,10.7,1,"","","","","","","","","","","","","","","","","","","","","","","","","","",97,1,"","","","","","","","","","","","",13.1,1,1000.3,1,"","","","","","",8,1,7,1,2,1,1,1,"","","","","","","","","","","","","","","","","","","","","","","","","","",12000,1,"","",61,1,6,1,"","","","","","","","","","",4,1,"","","","","","","","","","","","","","","","","","","","","","","","","","","","","","","","","","","","","","","","","","","","","","","","","","","","","",""
"50020001","PTE DE LA HAGUE",49.725167,-1.939833,6,1951052715,"","","","",6.,1,"","","","","","","","","","","","","","","","","","","","","","","","","","","","","","",13.,1,10.8,1,"","","","","","","","","","","","","","","","","","","","","","","","","","",88,1,"","","","","","","","","","","","",13.2,1,1000.1,1,"","","","","","",7,1,7,1,2,1,0,1,2,1,"","","","","","","","","","","","","","","","","","","","","","","","",12000,1,"","",2,1,6,1,"","","","","","","","","","",4,1,"","","","","","","","","","","","","","","","","","","","","","","","","","","","","","","","","","","","","","","","","","","","","","","","","","","","","",""
"50020001","PTE DE LA HAGUE",49.725167,-1.939833,6,1951052718,"","","","",6.,1,"","","","","","","","","","","","","","","","","","","","","","","","","","","","","","",11.6,1,10.2,1,"","","","","","","","","","","","","","","","","","","","","","","","","","",93,1,"","","","","","","","","","","","",12.7,1,1000.5,1,"","","","","","",7,1,0,1,2,1,7,1,2,1,"","","","","","","","","","","","","","","","","","","","","","","","",12000,1,"","",2,1,2,1,"","","","","","","","","","",4,1,"","","","","","","","","","","","","","","","","","","","","","","","","","","","","","","","","","","","","","","","","","","","","","","","","","","","","",""
"50020001","PTE DE LA HAGUE",49.725167,-1.939833,6,1951052800,"","","","",6.,1,"","","","","","","","","","","","","","","","","","","","","","","","","","","","","","",10.6,1,9.2,1,"","","","","","","","","","","","","","","","","","","","","","","","","","",92,1,"","","","","","","","","","","","",11.8,1,1001.1,1,"","","","","","",5,1,5,1,0,1,7,1,0,1,"","","","","","","","","","","","","","","","","","","","","","","","",19000,1,"","",2,1,2,1,"","","","","","","","","","",4,1,"","","","","","","","","","","","","","","","","","","","","","","","","","","","","","","","","","","","","","","","","","","","","","","","","","","","","",""
"50020001","PTE DE LA HAGUE",49.725167,-1.939833,6,1951052806,"","","","",2.,1,"","","","","","","","","","","","","","","","","","","","","","","","","","","","","","",10.2,1,9.3,1,"","","","","","","","","","","","","","","","","","","","","","","","","","",95,1,"","","","","","","","","","","","",11.9,1,1001.,1,"","","","","","",8,1,8,1,6,1,7,1,"","","","","","","","","","","","","","","","","","","","","","","","","","",19000,1,"","",60,1,6,1,"","","","","","","","","","",2,1,"","","","","","","","","","","","","","","","","","","","","","","","","","","","","","","","","","","","","","","","","","","","","","","","","","","","","",""
"50020001","PTE DE LA HAGUE",49.725167,-1.939833,6,1951052809,"","","","",2.,1,"","","","","","","","","","","","","","","","","","","","","","","","","","","","","","",11.,1,9.2,1,"","","","","","","","","","","","","","","","","","","","","","","","","","",92,1,"","","","","","","","","","","","",11.8,1,1001.5,1,"","","","","","",8,1,8,1,3,1,7,1,"","","","","","","","","","","","","","","","","","","","","","","","","","",22000,1,"","",61,1,6,1,"","","","","","","","","","",2,1,"","","","","","","","","","","","","","","","","","","","","","","","","","","","","","","","","","","","","","","","","","","","","","","","","","","","","",""
"50020001","PTE DE LA HAGUE",49.725167,-1.939833,6,1951052812,"","","","",3.,1,"","","","","","","","","","","","","","","","","","","","","","","","","","","","","","",12.8,1,9.4,1,"","","","","","","","","","","","","","","","","","","","","","","","","","",83,1,"","","","","","","","","","","","",12.,1,1003.,1,"","","","","","",8,1,6,1,3,1,7,1,"","","","","","","","","","","","","","","","","","","","","","","","","","",27000,1,"","",15,1,6,1,"","","","","","","","","","",3,1,"","","","","","","","","","","","","","","","","","","","","","","","","","","","","","","","","","","","","","","","","","","","","","","","","","","","","",""
"50020001","PTE DE LA HAGUE",49.725167,-1.939833,6,1951052815,"","","","",2.,1,"","","","","","","","","","","","","","","","","","","","","","","","","","","","","","",12.4,1,9.6,1,"","","","","","","","","","","","","","","","","","","","","","","","","","",86,1,"","","","","","","","","","","","",12.2,1,1003.9,1,"","","","","","",7,1,5,1,8,1,7,1,0,1,"","","","","","","","","","","","","","","","","","","","","","","","",30000,1,"","",2,1,2,1,"","","","","","","","","","",2,1,"","","","","","","","","","","","","","","","","","","","","","","","","","","","","","","","","","","","","","","","","","","","","","","","","","","","","",""
"50020001","PTE DE LA HAGUE",49.725167,-1.939833,6,1951052818,"","","","",1.,1,"","","","","","","","","","","","","","","","","","","","","","","","","","","","","","",12.4,1,11.,1,"","","","","","","","","","","","","","","","","","","","","","","","","","",91,1,"","","","","","","","","","","","",13.4,1,1005.4,1,"","","","","","",7,1,6,1,2,1,9,1,0,1,"","","","","","","","","","","","","","","","","","","","","","","","",35000,1,"","",2,1,2,1,"","","","","","","","","","",2,1,"","","","","","","","","","","","","","","","","","","","","","","","","","","","","","","","","","","","","","","","","","","","","","","","","","","","","",""
"50020001","PTE DE LA HAGUE",49.725167,-1.939833,6,1951052900,"","","","",1.,1,"","","","","","","","","","","","","","","","","","","","","","","","","","","","","","",10.8,1,9.2,1,"","","","","","","","","","","","","","","","","","","","","","","","","","",92,1,"","","","","","","","","","","","",11.8,1,1007.8,1,"","","","","","",4,1,0,1,0,1,4,1,2,1,"","","","","","","","","","","","","","","","","","","","","","","","",42000,1,"","",2,1,1,1,"","","","","","","","","","",2,1,"","","","","","","","","","","","","","","","","","","","","","","","","","","","","","","","","","","","","","","","","","","","","","","","","","","","","",""
"50020001","PTE DE LA HAGUE",49.725167,-1.939833,6,1951052906,"","","","",2.,1,"","","","","","","","","","","","","","","","","","","","","","","","","","","","","","",10.6,1,9.3,1,"","","","","","","","","","","","","","","","","","","","","","","","","","",95,1,"","","","","","","","","","","","",11.9,1,1010.6,1,"","","","","","",7,1,7,1,0,1,7,1,0,1,"","","","","","","","","","","","","","","","","","","","","","","","",16000,1,"","",60,1,6,1,"","","","","","","","","","",2,1,"","","","","","","","","","","","","","","","","","","","","","","","","","","","","","","","","","","","","","","","","","","","","","","","","","","","","",""
"50020001","PTE DE LA HAGUE",49.725167,-1.939833,6,1951052909,"","","","",4.,1,"","","","","","","","","","","","","","","","","","","","","","","","","","","","","","",12.6,1,11.,1,"","","","","","","","","","","","","","","","","","","","","","","","","","",91,1,"","","","","","","","","","","","",13.4,1,1011.9,1,"","","","","","",7,1,6,1,2,1,4,1,0,1,"","","","","","","","","","","","","","","","","","","","","","","","",14000,1,"","",2,1,2,1,"","","","","","","","","","",3,1,"","","","","","","","","","","","","","","","","","","","","","","","","","","","","","","","","","","","","","","","","","","","","","","","","","","","","",""
"50020001","PTE DE LA HAGUE",49.725167,-1.939833,6,1951052912,"","","","",7.,1,"","","","","","","","","","","","","","","","","","","","","","","","","","","","","","",12.6,1,11.,1,"","","","","","","","","","","","","","","","","","","","","","","","","","",91,1,"","","","","","","","","","","","",13.4,1,1013.3,1,"","","","","","",7,1,7,1,2,1,3,1,0,1,"","","","","","","","","","","","","","","","","","","","","","","","",8000,1,"","",2,1,2,1,"","","","","","","","","","",3,1,"","","","","","","","","","","","","","","","","","","","","","","","","","","","","","","","","","","","","","","","","","","","","","","","","","","","","",""
"50020001","PTE DE LA HAGUE",49.725167,-1.939833,6,1951052915,"","","","",7.,1,"","","","","","","","","","","","","","","","","","","","","","","","","","","","","","",13.,1,10.8,1,"","","","","","","","","","","","","","","","","","","","","","","","","","",88,1,"","","","","","","","","","","","",13.2,1,1013.9,1,"","","","","","",7,1,7,1,2,1,7,1,0,1,"","","","","","","","","","","","","","","","","","","","","","","","",14000,1,"","",2,1,2,1,"","","","","","","","","","",4,1,"","","","","","","","","","","","","","","","","","","","","","","","","","","","","","","","","","","","","","","","","","","","","","","","","","","","","",""
"50020001","PTE DE LA HAGUE",49.725167,-1.939833,6,1951052918,"","","","",9.,1,"","","","","","","","","","","","","","","","","","","","","","","","","","","","","","",11.8,1,10.,1,"","","","","","","","","","","","","","","","","","","","","","","","","","",90,1,"","","","","","","","","","","","",12.5,1,1014.1,1,"","","","","","",7,1,6,1,6,1,3,1,0,1,"","","","","","","","","","","","","","","","","","","","","","","","",6000,1,"","",2,1,2,1,"","","","","","","","","","",4,1,"","","","","","","","","","","","","","","","","","","","","","","","","","","","","","","","","","","","","","","","","","","","","","","","","","","","","",""
"50020001","PTE DE LA HAGUE",49.725167,-1.939833,6,1951053000,"","","","",12.,1,"","","","","","","","","","","","","","","","","","","","","","","","","","","","","","",10.8,1,9.2,1,"","","","","","","","","","","","","","","","","","","","","","","","","","",92,1,"","","","","","","","","","","","",11.8,1,1015.4,1,"","","","","","",7,1,7,1,0,1,3,1,0,1,"","","","","","","","","","","","","","","","","","","","","","","","",10000,1,"","",2,1,2,1,"","","","","","","","","","",5,1,"","","","","","","","","","","","","","","","","","","","","","","","","","","","","","","","","","","","","","","","","","","","","","","","","","","","","",""
"50020001","PTE DE LA HAGUE",49.725167,-1.939833,6,1951053006,"","","","",11.,1,"","","","","","","","","","","","","","","","","","","","","","","","","","","","","","",10.4,1,9.2,1,"","","","","","","","","","","","","","","","","","","","","","","","","","",92,1,"","","","","","","","","","","","",11.8,1,1015.4,1,"","","","","","",7,1,6,1,7,1,3,1,4,1,"","","","","","","","","","","","","","","","","","","","","","","","",12000,1,"","",2,1,2,1,"","","","","","","","","","",4,1,"","","","","","","","","","","","","","","","","","","","","","","","","","","","","","","","","","","","","","","","","","","","","","","","","","","","","",""
"50020001","PTE DE LA HAGUE",49.725167,-1.939833,6,1951053009,"","","","",14.,1,"","","","","","","","","","","","","","","","","","","","","","","","","","","","","","",11.,1,8.8,1,"","","","","","","","","","","","","","","","","","","","","","","","","","",87,1,"","","","","","","","","","","","",11.5,1,1016.9,1,"","","","","","",3,1,0,1,5,1,8,1,0,1,"","","","","","","","","","","","","","","","","","","","","","","","",13000,1,"","",1,1,1,1,"","","","","","","","","","",5,1,"","","","","","","","","","","","","","","","","","","","","","","","","","","","","","","","","","","","","","","","","","","","","","","","","","","","","",""
"50020001","PTE DE LA HAGUE",49.725167,-1.939833,6,1951053012,"","","","",12.,1,"","","","","","","","","","","","","","","","","","","","","","","","","","","","","","",12.,1,8.,1,"","","","","","","","","","","","","","","","","","","","","","","","","","",78,1,"","","","","","","","","","","","",10.9,1,1016.9,1,"","","","","","",3,1,0,1,0,1,0,1,2,1,"","","","","","","","","","","","","","","","","","","","","","","","",13000,1,"","",2,1,1,1,"","","","","","","","","","",5,1,"","","","","","","","","","","","","","","","","","","","","","","","","","","","","","","","","","","","","","","","","","","","","","","","","","","","","",""
"50020001","PTE DE LA HAGUE",49.725167,-1.939833,6,1951053015,"","","","",10.,1,"","","","","","","","","","","","","","","","","","","","","","","","","","","","","","",12.2,1,7.7,1,"","","","","","","","","","","","","","","","","","","","","","","","","","",76,1,"","","","","","","","","","","","",10.7,1,1016.6,1,"","","","","","",2,1,0,1,0,1,0,1,2,1,"","","","","","","","","","","","","","","","","","","","","","","","",14000,1,"","",2,1,0,1,"","","","","","","","","","",5,1,"","","","","","","","","","","","","","","","","","","","","","","","","","","","","","","","","","","","","","","","","","","","","","","","","","","","","",""
"50020001","PTE DE LA HAGUE",49.725167,-1.939833,6,1951053018,"","","","",9.,1,"","","","","","","","","","","","","","","","","","","","","","","","","","","","","","",12.,1,8.,1,"","","","","","","","","","","","","","","","","","","","","","","","","","",78,1,"","","","","","","","","","","","",10.9,1,1016.3,1,"","","","","","",6,1,6,1,0,1,0,1,4,1,"","","","","","","","","","","","","","","","","","","","","","","","",15000,1,"","",3,1,1,1,"","","","","","","","","","",5,1,"","","","","","","","","","","","","","","","","","","","","","","","","","","","","","","","","","","","","","","","","","","","","","","","","","","","","",""
"50020001","PTE DE LA HAGUE",49.725167,-1.939833,6,1951053100,"","","","",11.,1,"","","","","","","","","","","","","","","","","","","","","","","","","","","","","","",10.4,1,7.1,1,"","","","","","","","","","","","","","","","","","","","","","","","","","",80,1,"","","","","","","","","","","","",10.2,1,1016.7,1,"","","","","","",2,1,0,1,0,1,0,1,2,1,"","","","","","","","","","","","","","","","","","","","","","","","",16000,1,"","",2,1,1,1,"","","","","","","","","","",5,1,"","","","","","","","","","","","","","","","","","","","","","","","","","","","","","","","","","","","","","","","","","","","","","","","","","","","","",""
"50020001","PTE DE LA HAGUE",49.725167,-1.939833,6,1951053106,"","","","",14.,1,"","","","","","","","","","","","","","","","","","","","","","","","","","","","","","",10.8,1,8.8,1,"","","","","","","","","","","","","","","","","","","","","","","","","","",87,1,"","","","","","","","","","","","",11.5,1,1015.,1,"","","","","","",6,1,6,1,0,1,3,1,0,1,"","","","","","","","","","","","","","","","","","","","","","","","",10000,1,"","",3,1,1,1,"","","","","","","","","","",5,1,"","","","","","","","","","","","","","","","","","","","","","","","","","","","","","","","","","","","","","","","","","","","","","","","","","","","","",""
"50020001","PTE DE LA HAGUE",49.725167,-1.939833,6,1951053109,"","","","",13.,1,"","","","","","","","","","","","","","","","","","","","","","","","","","","","","","",12.,1,9.4,1,"","","","","","","","","","","","","","","","","","","","","","","","","","",83,1,"","","","","","","","","","","","",12.,1,1014.3,1,"","","","","","",6,1,0,1,0,1,5,1,2,1,"","","","","","","","","","","","","","","","","","","","","","","","",7000,1,"","",2,1,1,1,"","","","","","","","","","",5,1,"","","","","","","","","","","","","","","","","","","","","","","","","","","","","","","","","","","","","","","","","","","","","","","","","","","","","",""
"50020001","PTE DE LA HAGUE",49.725167,-1.939833,6,1951053112,"","","","",13.,1,"","","","","","","","","","","","","","","","","","","","","","","","","","","","","","",13.6,1,8.3,1,"","","","","","","","","","","","","","","","","","","","","","","","","","",71,1,"","","","","","","","","","","","",11.1,1,1014.3,1,"","","","","","",7,1,7,1,0,1,3,1,0,1,"","","","","","","","","","","","","","","","","","","","","","","","",6000,1,"","",2,1,2,1,"","","","","","","","","","",5,1,"","","","","","","","","","","","","","","","","","","","","","","","","","","","","","","","","","","","","","","","","","","","","","","","","","","","","",""
"50020001","PTE DE LA HAGUE",49.725167,-1.939833,6,1951053115,"","","","",11.,1,"","","","","","","","","","","","","","","","","","","","","","","","","","","","","","",13.,1,8.7,1,"","","","","","","","","","","","","","","","","","","","","","","","","","",75,1,"","","","","","","","","","","","",11.4,1,1014.1,1,"","","","","","",7,1,6,1,0,1,3,1,2,1,"","","","","","","","","","","","","","","","","","","","","","","","",10000,1,"","",2,1,2,1,"","","","","","","","","","",5,1,"","","","","","","","","","","","","","","","","","","","","","","","","","","","","","","","","","","","","","","","","","","","","","","","","","","","","",""
"50020001","PTE DE LA HAGUE",49.725167,-1.939833,6,1951053118,"","","","",10.,1,"","","","","","","","","","","","","","","","","","","","","","","","","","","","","","",13.,1,9.,1,"","","","","","","","","","","","","","","","","","","","","","","","","","",79,1,"","","","","","","","","","","","",11.7,1,1013.,1,"","","","","","",7,1,7,1,0,1,9,1,0,1,"","","","","","","","","","","","","","","","","","","","","","","","",10000,1,"","",2,1,2,1,"","","","","","","","","","",5,1,"","","","","","","","","","","","","","","","","","","","","","","","","","","","","","","","","","","","","","","","","","","","","","","","","","","","","",""
"50020001","PTE DE LA HAGUE",49.725167,-1.939833,6,1951060100,"","","","",5.,1,"","","","","","","","","","","","","","","","","","","","","","","","","","","","","","",11.2,1,10.3,1,"","","","","","","","","","","","","","","","","","","","","","","","","","",95,1,"","","","","","","","","","","","",12.8,1,1014.6,1,"","","","","","",8,1,8,1,5,1,"","","","","","","","","","","","","","","","","","","","","","","","","","","","",6000,1,"","",60,1,6,1,"","","","","","","","","","",4,1,"","","","","","","","","","","","","","","","","","","","","","","","","","","","","","","","","","","","","","","","","","","","","","","","","","","","","",""
"50020001","PTE DE LA HAGUE",49.725167,-1.939833,6,1951060106,"","","","",1.,1,"","","","","","","","","","","","","","","","","","","","","","","","","","","","","","",11.2,1,10.2,1,"","","","","","","","","","","","","","","","","","","","","","","","","","",93,1,"","","","","","","","","","","","",12.7,1,1014.9,1,"","","","","","",8,1,8,1,0,1,9,1,"","","","","","","","","","","","","","","","","","","","","","","","","","",10000,1,"","",2,1,2,1,"","","","","","","","","","",3,1,"","","","","","","","","","","","","","","","","","","","","","","","","","","","","","","","","","","","","","","","","","","","","","","","","","","","","",""
"50020001","PTE DE LA HAGUE",49.725167,-1.939833,6,1951060109,"","","","",2.,1,"","","","","","","","","","","","","","","","","","","","","","","","","","","","","","",11.6,1,10.,1,"","","","","","","","","","","","","","","","","","","","","","","","","","",90,1,"","","","","","","","","","","","",12.5,1,1015.5,1,"","","","","","",5,1,5,1,0,1,8,1,0,1,"","","","","","","","","","","","","","","","","","","","","","","","",10000,1,"","",1,1,2,1,"","","","","","","","","","",3,1,"","","","","","","","","","","","","","","","","","","","","","","","","","","","","","","","","","","","","","","","","","","","","","","","","","","","","",""
"50020001","PTE DE LA HAGUE",49.725167,-1.939833,6,1951060112,"","","","",2.,1,"","","","","","","","","","","","","","","","","","","","","","","","","","","","","","",13.6,1,10.6,1,"","","","","","","","","","","","","","","","","","","","","","","","","","",86,1,"","","","","","","","","","","","",13.,1,1015.5,1,"","","","","","",1,1,0,1,0,1,4,1,0,1,"","","","","","","","","","","","","","","","","","","","","","","","",10000,1,"","",2,1,1,1,"","","","","","","","","","",4,1,"","","","","","","","","","","","","","","","","","","","","","","","","","","","","","","","","","","","","","","","","","","","","","","","","","","","","",""
"50020001","PTE DE LA HAGUE",49.725167,-1.939833,6,1951060115,"","","","",3.,1,"","","","","","","","","","","","","","","","","","","","","","","","","","","","","","",13.6,1,10.3,1,"","","","","","","","","","","","","","","","","","","","","","","","","","",82,1,"","","","","","","","","","","","",12.8,1,1015.5,1,"","","","","","",1,1,0,1,0,1,0,1,2,1,"","","","","","","","","","","","","","","","","","","","","","","","",6000,1,"","",2,1,0,1,"","","","","","","","","","",3,1,"","","","","","","","","","","","","","","","","","","","","","","","","","","","","","","","","","","","","","","","","","","","","","","","","","","","","",""
"50020001","PTE DE LA HAGUE",49.725167,-1.939833,6,1951060118,"","","","",1.,1,"","","","","","","","","","","","","","","","","","","","","","","","","","","","","","",13.6,1,10.6,1,"","","","","","","","","","","","","","","","","","","","","","","","","","",84,1,"","","","","","","","","","","","",13.,1,1015.,1,"","","","","","",0,1,"","",0,1,0,1,0,1,"","","","","","","","","","","","","","","","","","","","","","","","",6000,1,"","",2,1,0,1,"","","","","","","","","","",2,1,"","","","","","","","","","","","","","","","","","","","","","","","","","","","","","","","","","","","","","","","","","","","","","","","","","","","","",""
"50020001","PTE DE LA HAGUE",49.725167,-1.939833,6,1951060200,"","","","",2.,1,"","","","","","","","","","","","","","","","","","","","","","","","","","","","","","",11.4,1,10.,1,"","","","","","","","","","","","","","","","","","","","","","","","","","",90,1,"","","","","","","","","","","","",12.5,1,1015.4,1,"","","","","","",0,1,"","",0,1,0,1,0,1,"","","","","","","","","","","","","","","","","","","","","","","","",11000,1,"","",2,1,0,1,"","","","","","","","","","",2,1,"","","","","","","","","","","","","","","","","","","","","","","","","","","","","","","","","","","","","","","","","","","","","","","","","","","","","",""
"50020001","PTE DE LA HAGUE",49.725167,-1.939833,6,1951060206,"","","","",2.,1,"","","","","","","","","","","","","","","","","","","","","","","","","","","","","","",10.8,1,9.2,1,"","","","","","","","","","","","","","","","","","","","","","","","","","",92,1,"","","","","","","","","","","","",11.8,1,1015.,1,"","","","","","",0,1,"","",0,1,0,1,0,1,"","","","","","","","","","","","","","","","","","","","","","","","",12000,1,"","",2,1,0,1,"","","","","","","","","","",2,1,"","","","","","","","","","","","","","","","","","","","","","","","","","","","","","","","","","","","","","","","","","","","","","","","","","","","","",""
"50020001","PTE DE LA HAGUE",49.725167,-1.939833,6,1951060209,"","","","",3.,1,"","","","","","","","","","","","","","","","","","","","","","","","","","","","","","",12.,1,9.9,1,"","","","","","","","","","","","","","","","","","","","","","","","","","",88,1,"","","","","","","","","","","","",12.4,1,1015.3,1,"","","","","","",1,1,0,1,0,1,4,1,0,1,"","","","","","","","","","","","","","","","","","","","","","","","",10000,1,"","",2,1,0,1,"","","","","","","","","","",2,1,"","","","","","","","","","","","","","","","","","","","","","","","","","","","","","","","","","","","","","","","","","","","","","","","","","","","","",""
"50020001","PTE DE LA HAGUE",49.725167,-1.939833,6,1951060212,"","","","",4.,1,"","","","","","","","","","","","","","","","","","","","","","","","","","","","","","",13.6,1,10.3,1,"","","","","","","","","","","","","","","","","","","","","","","","","","",82,1,"","","","","","","","","","","","",12.8,1,1015.3,1,"","","","","","",0,1,"","",0,1,0,1,0,1,"","","","","","","","","","","","","","","","","","","","","","","","",10000,1,"","",2,1,0,1,"","","","","","","","","","",3,1,"","","","","","","","","","","","","","","","","","","","","","","","","","","","","","","","","","","","","","","","","","","","","","","","","","","","","",""
"50020001","PTE DE LA HAGUE",49.725167,-1.939833,6,1951060215,"","","","",1.,1,"","","","","","","","","","","","","","","","","","","","","","","","","","","","","","",14.2,1,8.,1,"","","","","","","","","","","","","","","","","","","","","","","","","","",69,1,"","","","","","","","","","","","",10.9,1,1015.,1,"","","","","","",0,1,"","",0,1,0,1,0,1,"","","","","","","","","","","","","","","","","","","","","","","","",10000,1,"","",2,1,0,1,"","","","","","","","","","",2,1,"","","","","","","","","","","","","","","","","","","","","","","","","","","","","","","","","","","","","","","","","","","","","","","","","","","","","",""
"50020001","PTE DE LA HAGUE",49.725167,-1.939833,6,1951060218,"","","","",1.,1,"","","","","","","","","","","","","","","","","","","","","","","","","","","","","","",14.,1,7.7,1,"","","","","","","","","","","","","","","","","","","","","","","","","","",67,1,"","","","","","","","","","","","",10.7,1,1013.9,1,"","","","","","",0,1,"","",0,1,0,1,0,1,"","","","","","","","","","","","","","","","","","","","","","","","",10000,1,"","",2,1,0,1,"","","","","","","","","","",2,1,"","","","","","","","","","","","","","","","","","","","","","","","","","","","","","","","","","","","","","","","","","","","","","","","","","","","","",""
"50020001","PTE DE LA HAGUE",49.725167,-1.939833,6,1951060300,"","","","",1.,1,"","","","","","","","","","","","","","","","","","","","","","","","","","","","","","",9.,1,6.8,1,"","","","","","","","","","","","","","","","","","","","","","","","","","",86,1,"","","","","","","","","","","","",10.,1,1015.,1,"","","","","","",0,1,"","",0,1,0,1,0,1,"","","","","","","","","","","","","","","","","","","","","","","","",12000,1,"","",2,1,0,1,"","","","","","","","","","",2,1,"","","","","","","","","","","","","","","","","","","","","","","","","","","","","","","","","","","","","","","","","","","","","","","","","","","","","",""
"50020001","PTE DE LA HAGUE",49.725167,-1.939833,6,1951060306,"","","","",0.,1,"","","","","","","","","","","","","","","","","","","","","","","","","","","","","","",10.2,1,7.1,1,"","","","","","","","","","","","","","","","","","","","","","","","","","",80,1,"","","","","","","","","","","","",10.2,1,1014.5,1,"","","","","","",0,1,"","",0,1,0,1,0,1,"","","","","","","","","","","","","","","","","","","","","","","","",18000,1,"","",2,1,0,1,"","","","","","","","","","",1,1,"","","","","","","","","","","","","","","","","","","","","","","","","","","","","","","","","","","","","","","","","","","","","","","","","","","","","",""
"50020001","PTE DE LA HAGUE",49.725167,-1.939833,6,1951060309,"","","","",0.,1,"","","","","","","","","","","","","","","","","","","","","","","","","","","","","","",14.,1,7.3,1,"","","","","","","","","","","","","","","","","","","","","","","","","","",64,1,"","","","","","","","","","","","",10.4,1,1014.9,1,"","","","","","",1,1,0,1,0,1,0,1,1,1,"","","","","","","","","","","","","","","","","","","","","","","","",18000,1,"","",2,1,0,1,"","","","","","","","","","",1,1,"","","","","","","","","","","","","","","","","","","","","","","","","","","","","","","","","","","","","","","","","","","","","","","","","","","","","",""
"50020001","PTE DE LA HAGUE",49.725167,-1.939833,6,1951060312,"","","","",1.,1,"","","","","","","","","","","","","","","","","","","","","","","","","","","","","","",14.4,1,9.9,1,"","","","","","","","","","","","","","","","","","","","","","","","","","",78,1,"","","","","","","","","","","","",12.4,1,1015.1,1,"","","","","","",0,1,"","",0,1,0,1,0,1,"","","","","","","","","","","","","","","","","","","","","","","","",12000,1,"","",2,1,0,1,"","","","","","","","","","",1,1,"","","","","","","","","","","","","","","","","","","","","","","","","","","","","","","","","","","","","","","","","","","","","","","","","","","","","",""
"50020001","PTE DE LA HAGUE",49.725167,-1.939833,6,1951060315,"","","","",3.,1,"","","","","","","","","","","","","","","","","","","","","","","","","","","","","","",15.6,1,10.3,1,"","","","","","","","","","","","","","","","","","","","","","","","","","",71,1,"","","","","","","","","","","","",12.8,1,1014.7,1,"","","","","","",1,1,0,1,0,1,0,1,4,1,"","","","","","","","","","","","","","","","","","","","","","","","",11000,1,"","",3,1,0,1,"","","","","","","","","","",2,1,"","","","","","","","","","","","","","","","","","","","","","","","","","","","","","","","","","","","","","","","","","","","","","","","","","","","","",""
"50020001","PTE DE LA HAGUE",49.725167,-1.939833,6,1951060318,"","","","",2.,1,"","","","","","","","","","","","","","","","","","","","","","","","","","","","","","",14.,1,9.5,1,"","","","","","","","","","","","","","","","","","","","","","","","","","",74,1,"","","","","","","","","","","","",12.1,1,1015.,1,"","","","","","",6,1,6,1,0,1,0,1,2,1,"","","","","","","","","","","","","","","","","","","","","","","","",12000,1,"","",2,1,1,1,"","","","","","","","","","",2,1,"","","","","","","","","","","","","","","","","","","","","","","","","","","","","","","","","","","","","","","","","","","","","","","","","","","","","",""
"50020001","PTE DE LA HAGUE",49.725167,-1.939833,6,1951060400,"","","","",2.,1,"","","","","","","","","","","","","","","","","","","","","","","","","","","","","","",11.,1,9.2,1,"","","","","","","","","","","","","","","","","","","","","","","","","","",92,1,"","","","","","","","","","","","",11.8,1,1015.1,1,"","","","","","",1,1,0,1,0,1,0,1,2,1,"","","","","","","","","","","","","","","","","","","","","","","","",21000,1,"","",2,1,1,1,"","","","","","","","","","",2,1,"","","","","","","","","","","","","","","","","","","","","","","","","","","","","","","","","","","","","","","","","","","","","","","","","","","","","",""
"50020001","PTE DE LA HAGUE",49.725167,-1.939833,6,1951060406,"","","","",5.,1,"","","","","","","","","","","","","","","","","","","","","","","","","","","","","","",11.,1,8.9,1,"","","","","","","","","","","","","","","","","","","","","","","","","","",90,1,"","","","","","","","","","","","",11.6,1,1015.3,1,"","","","","","",3,1,0,1,0,1,0,1,2,1,"","","","","","","","","","","","","","","","","","","","","","","","",14000,1,"","",2,1,2,1,"","","","","","","","","","",3,1,"","","","","","","","","","","","","","","","","","","","","","","","","","","","","","","","","","","","","","","","","","","","","","","","","","","","","",""
"50020001","PTE DE LA HAGUE",49.725167,-1.939833,6,1951060409,"","","","",5.,1,"","","","","","","","","","","","","","","","","","","","","","","","","","","","","","",12.8,1,10.8,1,"","","","","","","","","","","","","","","","","","","","","","","","","","",88,1,"","","","","","","","","","","","",13.2,1,1016.2,1,"","","","","","",4,1,0,1,0,1,0,1,2,1,"","","","","","","","","","","","","","","","","","","","","","","","",14000,1,"","",2,1,2,1,"","","","","","","","","","",3,1,"","","","","","","","","","","","","","","","","","","","","","","","","","","","","","","","","","","","","","","","","","","","","","","","","","","","","",""
"50020001","PTE DE LA HAGUE",49.725167,-1.939833,6,1951060412,"","","","",5.,1,"","","","","","","","","","","","","","","","","","","","","","","","","","","","","","",14.,1,10.1,1,"","","","","","","","","","","","","","","","","","","","","","","","","","",80,1,"","","","","","","","","","","","",12.6,1,1016.7,1,"","","","","","",6,1,6,1,0,1,0,1,2,1,"","","","","","","","","","","","","","","","","","","","","","","","",14000,1,"","",2,1,2,1,"","","","","","","","","","",3,1,"","","","","","","","","","","","","","","","","","","","","","","","","","","","","","","","","","","","","","","","","","","","","","","","","","","","","",""
"50020001","PTE DE LA HAGUE",49.725167,-1.939833,6,1951060415,"","","","",6.,1,"","","","","","","","","","","","","","","","","","","","","","","","","","","","","","",13.,1,10.6,1,"","","","","","","","","","","","","","","","","","","","","","","","","","",86,1,"","","","","","","","","","","","",13.,1,1016.7,1,"","","","","","",9,1,"","","","","","","","","","","","","","","","","","","","","","","","","","","","","","","","",900,1,"","",47,1,1,1,"","","","","","","","","","",3,1,"","","","","","","","","","","","","","","","","","","","","","","","","","","","","","","","","","","","","","","","","","","","","","","","","","","","","",""
"50020001","PTE DE LA HAGUE",49.725167,-1.939833,6,1951060418,"","","","",5.,1,"","","","","","","","","","","","","","","","","","","","","","","","","","","","","","",12.6,1,10.8,1,"","","","","","","","","","","","","","","","","","","","","","","","","","",88,1,"","","","","","","","","","","","",13.2,1,1016.2,1,"","","","","","",1,1,0,1,0,1,0,1,2,1,"","","","","","","","","","","","","","","","","","","","","","","","",5000,1,"","",1,1,4,1,"","","","","","","","","","",3,1,"","","","","","","","","","","","","","","","","","","","","","","","","","","","","","","","","","","","","","","","","","","","","","","","","","","","","",""
"50020001","PTE DE LA HAGUE",49.725167,-1.939833,6,1951060500,"","","","",4.,1,"","","","","","","","","","","","","","","","","","","","","","","","","","","","","","",11.2,1,10.3,1,"","","","","","","","","","","","","","","","","","","","","","","","","","",95,1,"","","","","","","","","","","","",12.8,1,1016.9,1,"","","","","","",0,1,"","",0,1,0,1,0,1,"","","","","","","","","","","","","","","","","","","","","","","","",12000,1,"","",2,1,0,1,"","","","","","","","","","",3,1,"","","","","","","","","","","","","","","","","","","","","","","","","","","","","","","","","","","","","","","","","","","","","","","","","","","","","",""
"50020001","PTE DE LA HAGUE",49.725167,-1.939833,6,1951060506,"","","","",5.,1,"","","","","","","","","","","","","","","","","","","","","","","","","","","","","","",11.8,1,10.,1,"","","","","","","","","","","","","","","","","","","","","","","","","","",90,1,"","","","","","","","","","","","",12.5,1,1016.1,1,"","","","","","",2,1,0,1,6,1,8,1,0,1,"","","","","","","","","","","","","","","","","","","","","","","","",10000,1,"","",2,1,0,1,"","","","","","","","","","",3,1,"","","","","","","","","","","","","","","","","","","","","","","","","","","","","","","","","","","","","","","","","","","","","","","","","","","","","",""
"50020001","PTE DE LA HAGUE",49.725167,-1.939833,6,1951060509,"","","","",6.,1,"","","","","","","","","","","","","","","","","","","","","","","","","","","","","","",13.,1,10.8,1,"","","","","","","","","","","","","","","","","","","","","","","","","","",88,1,"","","","","","","","","","","","",13.2,1,1016.9,1,"","","","","","",2,1,0,1,0,1,8,1,0,1,"","","","","","","","","","","","","","","","","","","","","","","","",10000,1,"","",2,1,1,1,"","","","","","","","","","",3,1,"","","","","","","","","","","","","","","","","","","","","","","","","","","","","","","","","","","","","","","","","","","","","","","","","","","","","",""
"50020001","PTE DE LA HAGUE",49.725167,-1.939833,6,1951060512,"","","","",5.,1,"","","","","","","","","","","","","","","","","","","","","","","","","","","","","","",13.8,1,10.6,1,"","","","","","","","","","","","","","","","","","","","","","","","","","",84,1,"","","","","","","","","","","","",13.,1,1017.,1,"","","","","","",3,1,0,1,0,1,8,1,0,1,"","","","","","","","","","","","","","","","","","","","","","","","",12000,1,"","",2,1,1,1,"","","","","","","","","","",3,1,"","","","","","","","","","","","","","","","","","","","","","","","","","","","","","","","","","","","","","","","","","","","","","","","","","","","","",""
"50020001","PTE DE LA HAGUE",49.725167,-1.939833,6,1951060515,"","","","",5.,1,"","","","","","","","","","","","","","","","","","","","","","","","","","","","","","",13.,1,10.8,1,"","","","","","","","","","","","","","","","","","","","","","","","","","",88,1,"","","","","","","","","","","","",13.2,1,1016.7,1,"","","","","","",2,1,0,1,0,1,8,1,0,1,"","","","","","","","","","","","","","","","","","","","","","","","",11000,1,"","",2,1,1,1,"","","","","","","","","","",3,1,"","","","","","","","","","","","","","","","","","","","","","","","","","","","","","","","","","","","","","","","","","","","","","","","","","","","","",""
"50020001","PTE DE LA HAGUE",49.725167,-1.939833,6,1951060518,"","","","",4.,1,"","","","","","","","","","","","","","","","","","","","","","","","","","","","","","",13.6,1,8.3,1,"","","","","","","","","","","","","","","","","","","","","","","","","","",71,1,"","","","","","","","","","","","",11.1,1,1015.7,1,"","","","","","",0,1,"","",0,1,0,1,0,1,"","","","","","","","","","","","","","","","","","","","","","","","",22000,1,"","",2,1,0,1,"","","","","","","","","","",3,1,"","","","","","","","","","","","","","","","","","","","","","","","","","","","","","","","","","","","","","","","","","","","","","","","","","","","","",""
"50020001","PTE DE LA HAGUE",49.725167,-1.939833,6,1951060600,"","","","",0.,1,"","","","","","","","","","","","","","","","","","","","","","","","","","","","","","",10.6,1,8.9,1,"","","","","","","","","","","","","","","","","","","","","","","","","","",90,1,"","","","","","","","","","","","",11.6,1,1016.2,1,"","","","","","",0,1,"","",0,1,0,1,0,1,"","","","","","","","","","","","","","","","","","","","","","","","",21000,1,"","",2,1,0,1,"","","","","","","","","","",2,1,"","","","","","","","","","","","","","","","","","","","","","","","","","","","","","","","","","","","","","","","","","","","","","","","","","","","","",""
"50020001","PTE DE LA HAGUE",49.725167,-1.939833,6,1951060606,"","","","",4.,1,"","","","","","","","","","","","","","","","","","","","","","","","","","","","","","",11.,1,9.2,1,"","","","","","","","","","","","","","","","","","","","","","","","","","",92,1,"","","","","","","","","","","","",11.8,1,1015.,1,"","","","","","",0,1,"","",0,1,0,1,0,1,"","","","","","","","","","","","","","","","","","","","","","","","",22000,1,"","",2,1,0,1,"","","","","","","","","","",2,1,"","","","","","","","","","","","","","","","","","","","","","","","","","","","","","","","","","","","","","","","","","","","","","","","","","","","","",""
"50020001","PTE DE LA HAGUE",49.725167,-1.939833,6,1951060609,"","","","",5.,1,"","","","","","","","","","","","","","","","","","","","","","","","","","","","","","",13.2,1,10.6,1,"","","","","","","","","","","","","","","","","","","","","","","","","","",84,1,"","","","","","","","","","","","",13.,1,1015.,1,"","","","","","",0,1,"","",0,1,0,1,0,1,"","","","","","","","","","","","","","","","","","","","","","","","",22000,1,"","",2,1,0,1,"","","","","","","","","","",3,1,"","","","","","","","","","","","","","","","","","","","","","","","","","","","","","","","","","","","","","","","","","","","","","","","","","","","","",""
"50020001","PTE DE LA HAGUE",49.725167,-1.939833,6,1951060612,"","","","",5.,1,"","","","","","","","","","","","","","","","","","","","","","","","","","","","","","",14.8,1,11.2,1,"","","","","","","","","","","","","","","","","","","","","","","","","","",80,1,"","","","","","","","","","","","",13.6,1,1015.,1,"","","","","","",6,1,6,1,0,1,0,1,2,1,"","","","","","","","","","","","","","","","","","","","","","","","",19000,1,"","",3,1,0,1,"","","","","","","","","","",3,1,"","","","","","","","","","","","","","","","","","","","","","","","","","","","","","","","","","","","","","","","","","","","","","","","","","","","","",""
"50020001","PTE DE LA HAGUE",49.725167,-1.939833,6,1951060615,"","","","",6.,1,"","","","","","","","","","","","","","","","","","","","","","","","","","","","","","",13.,1,10.8,1,"","","","","","","","","","","","","","","","","","","","","","","","","","",88,1,"","","","","","","","","","","","",12.9,1,1013.9,1,"","","","","","",7,1,6,1,6,1,0,1,2,1,"","","","","","","","","","","","","","","","","","","","","","","","",4000,1,"","",10,1,2,1,"","","","","","","","","","",3,1,"","","","","","","","","","","","","","","","","","","","","","","","","","","","","","","","","","","","","","","","","","","","","","","","","","","","","",""
"50020001","PTE DE LA HAGUE",49.725167,-1.939833,6,1951060618,"","","","",5.,1,"","","","","","","","","","","","","","","","","","","","","","","","","","","","","","",13.4,1,10.6,1,"","","","","","","","","","","","","","","","","","","","","","","","","","",84,1,"","","","","","","","","","","","",13.,1,1012.9,1,"","","","","","",6,1,6,1,0,1,0,1,2,1,"","","","","","","","","","","","","","","","","","","","","","","","",14000,1,"","",2,1,2,1,"","","","","","","","","","",3,1,"","","","","","","","","","","","","","","","","","","","","","","","","","","","","","","","","","","","","","","","","","","","","","","","","","","","","",""
"50020001","PTE DE LA HAGUE",49.725167,-1.939833,6,1951060700,"","","","",4.,1,"","","","","","","","","","","","","","","","","","","","","","","","","","","","","","",11.6,1,10.,1,"","","","","","","","","","","","","","","","","","","","","","","","","","",91,1,"","","","","","","","","","","","",12.5,1,1012.7,1,"","","","","","",2,1,0,1,0,1,0,1,2,1,"","","","","","","","","","","","","","","","","","","","","","","","",14000,1,"","",2,1,1,1,"","","","","","","","","","",3,1,"","","","","","","","","","","","","","","","","","","","","","","","","","","","","","","","","","","","","","","","","","","","","","","","","","","","","",""
"50020001","PTE DE LA HAGUE",49.725167,-1.939833,6,1951060706,"","","","",6.,1,"","","","","","","","","","","","","","","","","","","","","","","","","","","","","","",12.,1,11.3,1,"","","","","","","","","","","","","","","","","","","","","","","","","","",95,1,"","","","","","","","","","","","",13.7,1,1011.4,1,"","","","","","",8,1,8,1,6,1,0,1,2,1,"","","","","","","","","","","","","","","","","","","","","","","","",12000,1,"","",2,1,2,1,"","","","","","","","","","",4,1,"","","","","","","","","","","","","","","","","","","","","","","","","","","","","","","","","","","","","","","","","","","","","","","","","","","","","",""
"50020001","PTE DE LA HAGUE",49.725167,-1.939833,6,1951060709,"","","","",8.,1,"","","","","","","","","","","","","","","","","","","","","","","","","","","","","","",12.4,1,11.,1,"","","","","","","","","","","","","","","","","","","","","","","","","","",91,1,"","","","","","","","","","","","",13.4,1,1011.5,1,"","","","","","",8,1,8,1,5,1,"","","","","","","","","","","","","","","","","","","","","","","","","","","","",9000,1,"","",2,1,2,1,"","","","","","","","","","",4,1,"","","","","","","","","","","","","","","","","","","","","","","","","","","","","","","","","","","","","","","","","","","","","","","","","","","","","",""
"50020001","PTE DE LA HAGUE",49.725167,-1.939833,6,1951060712,"","","","",11.,1,"","","","","","","","","","","","","","","","","","","","","","","","","","","","","","",12.4,1,11.,1,"","","","","","","","","","","","","","","","","","","","","","","","","","",91,1,"","","","","","","","","","","","",13.4,1,1011.,1,"","","","","","",8,1,8,1,5,1,"","","","","","","","","","","","","","","","","","","","","","","","","","","","",9000,1,"","",2,1,2,1,"","","","","","","","","","",4,1,"","","","","","","","","","","","","","","","","","","","","","","","","","","","","","","","","","","","","","","","","","","","","","","","","","","","","",""
"50020001","PTE DE LA HAGUE",49.725167,-1.939833,6,1951060715,"","","","",11.,1,"","","","","","","","","","","","","","","","","","","","","","","","","","","","","","",13.,1,10.6,1,"","","","","","","","","","","","","","","","","","","","","","","","","","",86,1,"","","","","","","","","","","","",13.,1,1009.8,1,"","","","","","",7,1,7,1,5,1,0,1,0,1,"","","","","","","","","","","","","","","","","","","","","","","","",8000,1,"","",2,1,2,1,"","","","","","","","","","",5,1,"","","","","","","","","","","","","","","","","","","","","","","","","","","","","","","","","","","","","","","","","","","","","","","","","","","","","",""
"50020001","PTE DE LA HAGUE",49.725167,-1.939833,6,1951060718,"","","","",14.,1,"","","","","","","","","","","","","","","","","","","","","","","","","","","","","","",12.2,1,9.6,1,"","","","","","","","","","","","","","","","","","","","","","","","","","",86,1,"","","","","","","","","","","","",12.2,1,1008.5,1,"","","","","","",7,1,6,1,5,1,0,1,2,1,"","","","","","","","","","","","","","","","","","","","","","","","",9000,1,"","",2,1,2,1,"","","","","","","","","","",5,1,"","","","","","","","","","","","","","","","","","","","","","","","","","","","","","","","","","","","","","","","","","","","","","","","","","","","","",""
"50020001","PTE DE LA HAGUE",49.725167,-1.939833,6,1951060800,"","","","",16.,1,"","","","","","","","","","","","","","","","","","","","","","","","","","","","","","",11.,1,9.2,1,"","","","","","","","","","","","","","","","","","","","","","","","","","",92,1,"","","","","","","","","","","","",11.8,1,1008.1,1,"","","","","","",8,1,8,1,5,1,"","","","","","","","","","","","","","","","","","","","","","","","","","","","",12000,1,"","",2,1,1,1,"","","","","","","","","","",5,1,"","","","","","","","","","","","","","","","","","","","","","","","","","","","","","","","","","","","","","","","","","","","","","","","","","","","","",""
"50020001","PTE DE LA HAGUE",49.725167,-1.939833,6,1951060806,"","","","",10.,1,"","","","","","","","","","","","","","","","","","","","","","","","","","","","","","",11.2,1,10.2,1,"","","","","","","","","","","","","","","","","","","","","","","","","","",93,1,"","","","","","","","","","","","",12.7,1,1006.5,1,"","","","","","",8,1,8,1,5,1,"","","","","","","","","","","","","","","","","","","","","","","","","","","","",10000,1,"","",2,1,2,1,"","","","","","","","","","",5,1,"","","","","","","","","","","","","","","","","","","","","","","","","","","","","","","","","","","","","","","","","","","","","","","","","","","","","",""
"50020001","PTE DE LA HAGUE",49.725167,-1.939833,6,1951060809,"","","","",10.,1,"","","","","","","","","","","","","","","","","","","","","","","","","","","","","","",11.6,1,10.2,1,"","","","","","","","","","","","","","","","","","","","","","","","","","",93,1,"","","","","","","","","","","","",12.7,1,1006.9,1,"","","","","","",8,1,8,1,5,1,"","","","","","","","","","","","","","","","","","","","","","","","","","","","",12000,1,"","",2,1,2,1,"","","","","","","","","","",5,1,"","","","","","","","","","","","","","","","","","","","","","","","","","","","","","","","","","","","","","","","","","","","","","","","","","","","","",""
"50020001","PTE DE LA HAGUE",49.725167,-1.939833,6,1951060812,"","","","",7.,1,"","","","","","","","","","","","","","","","","","","","","","","","","","","","","","",12.,1,10.,1,"","","","","","","","","","","","","","","","","","","","","","","","","","",90,1,"","","","","","","","","","","","",12.5,1,1007.5,1,"","","","","","",7,1,7,1,5,1,8,1,0,1,"","","","","","","","","","","","","","","","","","","","","","","","",14000,1,"","",2,1,2,1,"","","","","","","","","","",4,1,"","","","","","","","","","","","","","","","","","","","","","","","","","","","","","","","","","","","","","","","","","","","","","","","","","","","","",""
"50020001","PTE DE LA HAGUE",49.725167,-1.939833,6,1951060815,"","","","",1.,1,"","","","","","","","","","","","","","","","","","","","","","","","","","","","","","",14.,1,10.3,1,"","","","","","","","","","","","","","","","","","","","","","","","","","",82,1,"","","","","","","","","","","","",12.8,1,1008.2,1,"","","","","","",5,1,5,1,0,1,8,1,0,1,"","","","","","","","","","","","","","","","","","","","","","","","",14000,1,"","",2,1,1,1,"","","","","","","","","","",2,1,"","","","","","","","","","","","","","","","","","","","","","","","","","","","","","","","","","","","","","","","","","","","","","","","","","","","","",""
"50020001","PTE DE LA HAGUE",49.725167,-1.939833,6,1951060818,"","","","",1.,1,"","","","","","","","","","","","","","","","","","","","","","","","","","","","","","",14.,1,11.4,1,"","","","","","","","","","","","","","","","","","","","","","","","","","",84,1,"","","","","","","","","","","","",13.8,1,1008.6,1,"","","","","","",5,1,5,1,0,1,8,1,0,1,"","","","","","","","","","","","","","","","","","","","","","","","",14000,1,"","",2,1,2,1,"","","","","","","","","","",2,1,"","","","","","","","","","","","","","","","","","","","","","","","","","","","","","","","","","","","","","","","","","","","","","","","","","","","","",""
"50020001","PTE DE LA HAGUE",49.725167,-1.939833,6,1951060900,"","","","",1.,1,"","","","","","","","","","","","","","","","","","","","","","","","","","","","","","",11.2,1,10.2,1,"","","","","","","","","","","","","","","","","","","","","","","","","","",93,1,"","","","","","","","","","","","",12.7,1,1011.1,1,"","","","","","",1,1,0,1,0,1,4,1,0,1,"","","","","","","","","","","","","","","","","","","","","","","","",14000,1,"","",2,1,0,1,"","","","","","","","","","",3,1,"","","","","","","","","","","","","","","","","","","","","","","","","","","","","","","","","","","","","","","","","","","","","","","","","","","","","",""
"50020001","PTE DE LA HAGUE",49.725167,-1.939833,6,1951060906,"","","","",1.,1,"","","","","","","","","","","","","","","","","","","","","","","","","","","","","","",12.8,1,11.2,1,"","","","","","","","","","","","","","","","","","","","","","","","","","",93,1,"","","","","","","","","","","","",13.6,1,1011.,1,"","","","","","",8,1,8,1,6,1,7,1,"","","","","","","","","","","","","","","","","","","","","","","","","","",14000,1,"","",2,1,2,1,"","","","","","","","","","",2,1,"","","","","","","","","","","","","","","","","","","","","","","","","","","","","","","","","","","","","","","","","","","","","","","","","","","","","",""
"50020001","PTE DE LA HAGUE",49.725167,-1.939833,6,1951060909,"","","","",2.,1,"","","","","","","","","","","","","","","","","","","","","","","","","","","","","","",12.6,1,11.2,1,"","","","","","","","","","","","","","","","","","","","","","","","","","",93,1,"","","","","","","","","","","","",13.6,1,1011.4,1,"","","","","","",8,1,8,1,0,1,7,1,"","","","","","","","","","","","","","","","","","","","","","","","","","",21000,1,"","",2,1,2,1,"","","","","","","","","","",3,1,"","","","","","","","","","","","","","","","","","","","","","","","","","","","","","","","","","","","","","","","","","","","","","","","","","","","","",""
"50020001","PTE DE LA HAGUE",49.725167,-1.939833,6,1951060912,"","","","",2.,1,"","","","","","","","","","","","","","","","","","","","","","","","","","","","","","",14.2,1,11.9,1,"","","","","","","","","","","","","","","","","","","","","","","","","","",89,1,"","","","","","","","","","","","",14.2,1,1011.7,1,"","","","","","",8,1,6,1,6,1,7,1,"","","","","","","","","","","","","","","","","","","","","","","","","","",19000,1,"","",2,1,2,1,"","","","","","","","","","",3,1,"","","","","","","","","","","","","","","","","","","","","","","","","","","","","","","","","","","","","","","","","","","","","","","","","","","","","",""
"50020001","PTE DE LA HAGUE",49.725167,-1.939833,6,1951060915,"","","","",2.,1,"","","","","","","","","","","","","","","","","","","","","","","","","","","","","","",15.6,1,12.6,1,"","","","","","","","","","","","","","","","","","","","","","","","","","",85,1,"","","","","","","","","","","","",14.9,1,1011.8,1,"","","","","","",5,1,0,1,2,1,8,1,2,1,"","","","","","","","","","","","","","","","","","","","","","","","",22000,1,"","",2,1,1,1,"","","","","","","","","","",3,1,"","","","","","","","","","","","","","","","","","","","","","","","","","","","","","","","","","","","","","","","","","","","","","","","","","","","","",""
"50020001","PTE DE LA HAGUE",49.725167,-1.939833,6,1951060918,"","","","",4.,1,"","","","","","","","","","","","","","","","","","","","","","","","","","","","","","",13.8,1,10.6,1,"","","","","","","","","","","","","","","","","","","","","","","","","","",84,1,"","","","","","","","","","","","",13.,1,1011.5,1,"","","","","","",7,1,7,1,0,1,7,1,0,1,"","","","","","","","","","","","","","","","","","","","","","","","",16000,1,"","",2,1,2,1,"","","","","","","","","","",3,1,"","","","","","","","","","","","","","","","","","","","","","","","","","","","","","","","","","","","","","","","","","","","","","","","","","","","","",""
"50020001","PTE DE LA HAGUE",49.725167,-1.939833,6,1951061000,"","","","",4.,1,"","","","","","","","","","","","","","","","","","","","","","","","","","","","","","",12.4,1,11.3,1,"","","","","","","","","","","","","","","","","","","","","","","","","","",95,1,"","","","","","","","","","","","",13.7,1,1011.3,1,"","","","","","",5,1,5,1,0,1,9,1,0,1,"","","","","","","","","","","","","","","","","","","","","","","","",25000,1,"","",2,1,1,1,"","","","","","","","","","",4,1,"","","","","","","","","","","","","","","","","","","","","","","","","","","","","","","","","","","","","","","","","","","","","","","","","","","","","",""
"50020001","PTE DE LA HAGUE",49.725167,-1.939833,6,1951061006,"","","","",4.,1,"","","","","","","","","","","","","","","","","","","","","","","","","","","","","","",12.,1,11.3,1,"","","","","","","","","","","","","","","","","","","","","","","","","","",95,1,"","","","","","","","","","","","",13.7,1,1011.3,1,"","","","","","",7,1,7,1,8,1,0,1,0,1,"","","","","","","","","","","","","","","","","","","","","","","","",16000,1,"","",2,1,6,1,"","","","","","","","","","",3,1,"","","","","","","","","","","","","","","","","","","","","","","","","","","","","","","","","","","","","","","","","","","","","","","","","","","","","",""
"50020001","PTE DE LA HAGUE",49.725167,-1.939833,6,1951061009,"","","","",3.,1,"","","","","","","","","","","","","","","","","","","","","","","","","","","","","","",14.,1,12.,1,"","","","","","","","","","","","","","","","","","","","","","","","","","",91,1,"","","","","","","","","","","","",14.3,1,1012.7,1,"","","","","","",1,1,0,1,2,1,0,1,0,1,"","","","","","","","","","","","","","","","","","","","","","","","",16000,1,"","",2,1,1,1,"","","","","","","","","","",3,1,"","","","","","","","","","","","","","","","","","","","","","","","","","","","","","","","","","","","","","","","","","","","","","","","","","","","","",""
"50020001","PTE DE LA HAGUE",49.725167,-1.939833,6,1951061012,"","","","",4.,1,"","","","","","","","","","","","","","","","","","","","","","","","","","","","","","",15.,1,12.9,1,"","","","","","","","","","","","","","","","","","","","","","","","","","",89,1,"","","","","","","","","","","","",15.2,1,1013.4,1,"","","","","","",1,1,0,1,2,1,0,1,0,1,"","","","","","","","","","","","","","","","","","","","","","","","",14000,1,"","",2,1,0,1,"","","","","","","","","","",3,1,"","","","","","","","","","","","","","","","","","","","","","","","","","","","","","","","","","","","","","","","","","","","","","","","","","","","","",""
"50020001","PTE DE LA HAGUE",49.725167,-1.939833,6,1951061015,"","","","",3.,1,"","","","","","","","","","","","","","","","","","","","","","","","","","","","","","",16.,1,13.6,1,"","","","","","","","","","","","","","","","","","","","","","","","","","",85,1,"","","","","","","","","","","","",16.,1,1014.1,1,"","","","","","",1,1,0,1,1,1,0,1,0,1,"","","","","","","","","","","","","","","","","","","","","","","","",19000,1,"","",2,1,0,1,"","","","","","","","","","",3,1,"","","","","","","","","","","","","","","","","","","","","","","","","","","","","","","","","","","","","","","","","","","","","","","","","","","","","",""
"50020001","PTE DE LA HAGUE",49.725167,-1.939833,6,1951061018,"","","","",2.,1,"","","","","","","","","","","","","","","","","","","","","","","","","","","","","","",15.6,1,10.6,1,"","","","","","","","","","","","","","","","","","","","","","","","","","",73,1,"","","","","","","","","","","","",13.,1,1014.9,1,"","","","","","",0,1,"","",0,1,0,1,0,1,"","","","","","","","","","","","","","","","","","","","","","","","",14000,1,"","",2,1,0,1,"","","","","","","","","","",2,1,"","","","","","","","","","","","","","","","","","","","","","","","","","","","","","","","","","","","","","","","","","","","","","","","","","","","","",""
"50020001","PTE DE LA HAGUE",49.725167,-1.939833,6,1951061100,"","","","",0.,1,"","","","","","","","","","","","","","","","","","","","","","","","","","","","","","",10.8,1,8.8,1,"","","","","","","","","","","","","","","","","","","","","","","","","","",87,1,"","","","","","","","","","","","",11.5,1,1016.9,1,"","","","","","",0,1,"","",0,1,0,1,0,1,"","","","","","","","","","","","","","","","","","","","","","","","",26000,1,"","",2,1,0,1,"","","","","","","","","","",2,1,"","","","","","","","","","","","","","","","","","","","","","","","","","","","","","","","","","","","","","","","","","","","","","","","","","","","","",""
"50020001","PTE DE LA HAGUE",49.725167,-1.939833,6,1951061106,"","","","",0.,1,"","","","","","","","","","","","","","","","","","","","","","","","","","","","","","",11.4,1,10.3,1,"","","","","","","","","","","","","","","","","","","","","","","","","","",95,1,"","","","","","","","","","","","",12.8,1,1017.9,1,"","","","","","",4,1,0,1,6,1,0,1,0,1,"","","","","","","","","","","","","","","","","","","","","","","","",7000,1,"","",40,1,0,1,"","","","","","","","","","",2,1,"","","","","","","","","","","","","","","","","","","","","","","","","","","","","","","","","","","","","","","","","","","","","","","","","","","","","",""
"50020001","PTE DE LA HAGUE",49.725167,-1.939833,6,1951061109,"","","","",1.,1,"","","","","","","","","","","","","","","","","","","","","","","","","","","","","","",14.6,1,13.1,1,"","","","","","","","","","","","","","","","","","","","","","","","","","",91,1,"","","","","","","","","","","","",15.4,1,1018.2,1,"","","","","","",7,1,5,1,5,1,0,1,2,1,"","","","","","","","","","","","","","","","","","","","","","","","",14000,1,"","",2,1,1,1,"","","","","","","","","","",2,1,"","","","","","","","","","","","","","","","","","","","","","","","","","","","","","","","","","","","","","","","","","","","","","","","","","","","","",""
"50020001","PTE DE LA HAGUE",49.725167,-1.939833,6,1951061112,"","","","",3.,1,"","","","","","","","","","","","","","","","","","","","","","","","","","","","","","",17.8,1,14.4,1,"","","","","","","","","","","","","","","","","","","","","","","","","","",84,1,"","","","","","","","","","","","",16.9,1,1018.7,1,"","","","","","",6,1,0,1,0,1,8,1,2,1,"","","","","","","","","","","","","","","","","","","","","","","","",14000,1,"","",2,1,1,1,"","","","","","","","","","",3,1,"","","","","","","","","","","","","","","","","","","","","","","","","","","","","","","","","","","","","","","","","","","","","","","","","","","","","",""
"50020001","PTE DE LA HAGUE",49.725167,-1.939833,6,1951061115,"","","","",3.,1,"","","","","","","","","","","","","","","","","","","","","","","","","","","","","","",19.2,1,14.8,1,"","","","","","","","","","","","","","","","","","","","","","","","","","",76,1,"","","","","","","","","","","","",17.3,1,1017.9,1,"","","","","","",7,1,7,1,2,1,9,1,0,1,"","","","","","","","","","","","","","","","","","","","","","","","",30000,1,"","",3,1,1,1,"","","","","","","","","","",3,1,"","","","","","","","","","","","","","","","","","","","","","","","","","","","","","","","","","","","","","","","","","","","","","","","","","","","","",""
"50020001","PTE DE LA HAGUE",49.725167,-1.939833,6,1951061118,"","","","",3.,1,"","","","","","","","","","","","","","","","","","","","","","","","","","","","","","",18.6,1,15.3,1,"","","","","","","","","","","","","","","","","","","","","","","","","","",82,1,"","","","","","","","","","","","",17.9,1,1017.1,1,"","","","","","",7,1,6,1,2,1,9,1,2,1,"","","","","","","","","","","","","","","","","","","","","","","","",35000,1,"","",2,1,1,1,"","","","","","","","","","",2,1,"","","","","","","","","","","","","","","","","","","","","","","","","","","","","","","","","","","","","","","","","","","","","","","","","","","","","",""
"50020001","PTE DE LA HAGUE",49.725167,-1.939833,6,1951061200,"","","","",4.,1,"","","","","","","","","","","","","","","","","","","","","","","","","","","","","","",15.8,1,15.4,1,"","","","","","","","","","","","","","","","","","","","","","","","","","",98,1,"","","","","","","","","","","","",18.,1,1016.5,1,"","","","","","",8,1,8,1,5,1,"","","","","","","","","","","","","","","","","","","","","","","","","","","","",32000,1,"","",2,1,6,1,"","","","","","","","","","",3,1,"","","","","","","","","","","","","","","","","","","","","","","","","","","","","","","","","","","","","","","","","","","","","","","","","","","","","",""
"50020001","PTE DE LA HAGUE",49.725167,-1.939833,6,1951061206,"","","","",6.,1,"","","","","","","","","","","","","","","","","","","","","","","","","","","","","","",14.2,1,14.2,1,"","","","","","","","","","","","","","","","","","","","","","","","","","",100,1,"","","","","","","","","","","","",16.2,1,1014.1,1,"","","","","","",8,1,7,1,6,1,2,1,"","","","","","","","","","","","","","","","","","","","","","","","","","",6000,1,"","",60,1,6,1,"","","","","","","","","","",3,1,"","","","","","","","","","","","","","","","","","","","","","","","","","","","","","","","","","","","","","","","","","","","","","","","","","","","","",""
"50020001","PTE DE LA HAGUE",49.725167,-1.939833,6,1951061209,"","","","",5.,1,"","","","","","","","","","","","","","","","","","","","","","","","","","","","","","",14.,1,11.6,1,"","","","","","","","","","","","","","","","","","","","","","","","","","",87,1,"","","","","","","","","","","","",14.,1,1015.5,1,"","","","","","",7,1,7,1,5,1,0,1,0,1,"","","","","","","","","","","","","","","","","","","","","","","","",19000,1,"","",2,1,6,1,"","","","","","","","","","",3,1,"","","","","","","","","","","","","","","","","","","","","","","","","","","","","","","","","","","","","","","","","","","","","","","","","","","","","",""
"50020001","PTE DE LA HAGUE",49.725167,-1.939833,6,1951061212,"","","","",7.,1,"","","","","","","","","","","","","","","","","","","","","","","","","","","","","","",15.6,1,12.4,1,"","","","","","","","","","","","","","","","","","","","","","","","","","",83,1,"","","","","","","","","","","","",14.7,1,1016.1,1,"","","","","","",1,1,0,1,0,1,4,1,0,1,"","","","","","","","","","","","","","","","","","","","","","","","",18000,1,"","",1,1,2,1,"","","","","","","","","","",4,1,"","","","","","","","","","","","","","","","","","","","","","","","","","","","","","","","","","","","","","","","","","","","","","","","","","","","","",""
"50020001","PTE DE LA HAGUE",49.725167,-1.939833,6,1951061215,"","","","",8.,1,"","","","","","","","","","","","","","","","","","","","","","","","","","","","","","",16.,1,12.3,1,"","","","","","","","","","","","","","","","","","","","","","","","","","",81,1,"","","","","","","","","","","","",14.6,1,1016.5,1,"","","","","","",2,1,0,1,0,1,4,1,0,1,"","","","","","","","","","","","","","","","","","","","","","","","",14000,1,"","",2,1,1,1,"","","","","","","","","","",4,1,"","","","","","","","","","","","","","","","","","","","","","","","","","","","","","","","","","","","","","","","","","","","","","","","","","","","","",""
"50020001","PTE DE LA HAGUE",49.725167,-1.939833,6,1951061218,"","","","",8.,1,"","","","","","","","","","","","","","","","","","","","","","","","","","","","","","",14.2,1,11.6,1,"","","","","","","","","","","","","","","","","","","","","","","","","","",87,1,"","","","","","","","","","","","",14.,1,1017.5,1,"","","","","","",8,1,8,1,5,1,"","","","","","","","","","","","","","","","","","","","","","","","","","","","",12000,1,"","",2,1,2,1,"","","","","","","","","","",4,1,"","","","","","","","","","","","","","","","","","","","","","","","","","","","","","","","","","","","","","","","","","","","","","","","","","","","","",""
"50020001","PTE DE LA HAGUE",49.725167,-1.939833,6,1951061300,"","","","",10.,1,"","","","","","","","","","","","","","","","","","","","","","","","","","","","","","",13.,1,10.8,1,"","","","","","","","","","","","","","","","","","","","","","","","","","",88,1,"","","","","","","","","","","","",13.2,1,1020.2,1,"","","","","","",8,1,8,1,5,1,"","","","","","","","","","","","","","","","","","","","","","","","","","","","",12000,1,"","",2,1,2,1,"","","","","","","","","","",4,1,"","","","","","","","","","","","","","","","","","","","","","","","","","","","","","","","","","","","","","","","","","","","","","","","","","","","","",""
"50020001","PTE DE LA HAGUE",49.725167,-1.939833,6,1951061306,"","","","",5.,1,"","","","","","","","","","","","","","","","","","","","","","","","","","","","","","",13.4,1,12.4,1,"","","","","","","","","","","","","","","","","","","","","","","","","","",95,1,"","","","","","","","","","","","",14.7,1,1021.8,1,"","","","","","",7,1,7,1,6,1,0,1,0,1,"","","","","","","","","","","","","","","","","","","","","","","","",12000,1,"","",2,1,2,1,"","","","","","","","","","",4,1,"","","","","","","","","","","","","","","","","","","","","","","","","","","","","","","","","","","","","","","","","","","","","","","","","","","","","",""
"50020001","PTE DE LA HAGUE",49.725167,-1.939833,6,1951061309,"","","","",5.,1,"","","","","","","","","","","","","","","","","","","","","","","","","","","","","","",14.4,1,11.9,1,"","","","","","","","","","","","","","","","","","","","","","","","","","",89,1,"","","","","","","","","","","","",14.2,1,1022.5,1,"","","","","","",8,1,8,1,5,1,"","","","","","","","","","","","","","","","","","","","","","","","","","","","",14000,1,"","",2,1,2,1,"","","","","","","","","","",4,1,"","","","","","","","","","","","","","","","","","","","","","","","","","","","","","","","","","","","","","","","","","","","","","","","","","","","","",""
"50020001","PTE DE LA HAGUE",49.725167,-1.939833,6,1951061312,"","","","",5.,1,"","","","","","","","","","","","","","","","","","","","","","","","","","","","","","",17.4,1,13.1,1,"","","","","","","","","","","","","","","","","","","","","","","","","","",78,1,"","","","","","","","","","","","",15.4,1,1022.3,1,"","","","","","",5,1,0,1,2,1,4,1,0,1,"","","","","","","","","","","","","","","","","","","","","","","","",14000,1,"","",1,1,2,1,"","","","","","","","","","",4,1,"","","","","","","","","","","","","","","","","","","","","","","","","","","","","","","","","","","","","","","","","","","","","","","","","","","","","",""
"50020001","PTE DE LA HAGUE",49.725167,-1.939833,6,1951061315,"","","","",8.,1,"","","","","","","","","","","","","","","","","","","","","","","","","","","","","","",19.4,1,13.2,1,"","","","","","","","","","","","","","","","","","","","","","","","","","",68,1,"","","","","","","","","","","","",15.5,1,1021.3,1,"","","","","","",1,1,0,1,2,1,0,1,0,1,"","","","","","","","","","","","","","","","","","","","","","","","",16000,1,"","",1,1,0,1,"","","","","","","","","","",4,1,"","","","","","","","","","","","","","","","","","","","","","","","","","","","","","","","","","","","","","","","","","","","","","","","","","","","","",""
"50020001","PTE DE LA HAGUE",49.725167,-1.939833,6,1951061318,"","","","",3.,1,"","","","","","","","","","","","","","","","","","","","","","","","","","","","","","",18.2,1,12.3,1,"","","","","","","","","","","","","","","","","","","","","","","","","","",71,1,"","","","","","","","","","","","",14.6,1,1020.6,1,"","","","","","",1,1,0,1,0,1,4,1,0,1,"","","","","","","","","","","","","","","","","","","","","","","","",20000,1,"","",2,1,0,1,"","","","","","","","","","",3,1,"","","","","","","","","","","","","","","","","","","","","","","","","","","","","","","","","","","","","","","","","","","","","","","","","","","","","",""
"50020001","PTE DE LA HAGUE",49.725167,-1.939833,6,1951061400,"","","","",5.,1,"","","","","","","","","","","","","","","","","","","","","","","","","","","","","","",14.6,1,11.3,1,"","","","","","","","","","","","","","","","","","","","","","","","","","",82,1,"","","","","","","","","","","","",13.7,1,1019.9,1,"","","","","","",1,1,0,1,0,1,0,1,1,1,"","","","","","","","","","","","","","","","","","","","","","","","",28000,1,"","",2,1,0,1,"","","","","","","","","","",4,1,"","","","","","","","","","","","","","","","","","","","","","","","","","","","","","","","","","","","","","","","","","","","","","","","","","","","","",""
"50020001","PTE DE LA HAGUE",49.725167,-1.939833,6,1951061406,"","","","",8.,1,"","","","","","","","","","","","","","","","","","","","","","","","","","","","","","",14.4,1,11.3,1,"","","","","","","","","","","","","","","","","","","","","","","","","","",82,1,"","","","","","","","","","","","",13.7,1,1019.4,1,"","","","","","",6,1,6,1,5,1,0,1,0,1,"","","","","","","","","","","","","","","","","","","","","","","","",19000,1,"","",3,1,0,1,"","","","","","","","","","",4,1,"","","","","","","","","","","","","","","","","","","","","","","","","","","","","","","","","","","","","","","","","","","","","","","","","","","","","",""
"50020001","PTE DE LA HAGUE",49.725167,-1.939833,6,1951061409,"","","","",6.,1,"","","","","","","","","","","","","","","","","","","","","","","","","","","","","","",16.,1,10.3,1,"","","","","","","","","","","","","","","","","","","","","","","","","","",71,1,"","","","","","","","","","","","",12.8,1,1019.7,1,"","","","","","",7,1,7,1,5,1,0,1,0,1,"","","","","","","","","","","","","","","","","","","","","","","","",25000,1,"","",2,1,2,1,"","","","","","","","","","",3,1,"","","","","","","","","","","","","","","","","","","","","","","","","","","","","","","","","","","","","","","","","","","","","","","","","","","","","",""
"50020001","PTE DE LA HAGUE",49.725167,-1.939833,6,1951061412,"","","","",5.,1,"","","","","","","","","","","","","","","","","","","","","","","","","","","","","","",18.8,1,13.4,1,"","","","","","","","","","","","","","","","","","","","","","","","","","",72,1,"","","","","","","","","","","","",15.8,1,1019.9,1,"","","","","","",7,1,7,1,5,1,0,1,0,1,"","","","","","","","","","","","","","","","","","","","","","","","",28000,1,"","",2,1,2,1,"","","","","","","","","","",3,1,"","","","","","","","","","","","","","","","","","","","","","","","","","","","","","","","","","","","","","","","","","","","","","","","","","","","","",""
"50020001","PTE DE LA HAGUE",49.725167,-1.939833,6,1951061415,"","","","",3.,1,"","","","","","","","","","","","","","","","","","","","","","","","","","","","","","",17.8,1,12.7,1,"","","","","","","","","","","","","","","","","","","","","","","","","","",74,1,"","","","","","","","","","","","",15.,1,1019.9,1,"","","","","","",7,1,7,1,5,1,0,1,0,1,"","","","","","","","","","","","","","","","","","","","","","","","",22000,1,"","",2,1,2,1,"","","","","","","","","","",3,1,"","","","","","","","","","","","","","","","","","","","","","","","","","","","","","","","","","","","","","","","","","","","","","","","","","","","","",""
"50020001","PTE DE LA HAGUE",49.725167,-1.939833,6,1951061418,"","","","",2.,1,"","","","","","","","","","","","","","","","","","","","","","","","","","","","","","",16.6,1,13.6,1,"","","","","","","","","","","","","","","","","","","","","","","","","","",85,1,"","","","","","","","","","","","",16.,1,1019.4,1,"","","","","","",8,1,8,1,6,1,"","","","","","","","","","","","","","","","","","","","","","","","","","","","",12000,1,"","",2,1,2,1,"","","","","","","","","","",3,1,"","","","","","","","","","","","","","","","","","","","","","","","","","","","","","","","","","","","","","","","","","","","","","","","","","","","","",""
"50020001","PTE DE LA HAGUE",49.725167,-1.939833,6,1951061500,"","","","",2.,1,"","","","","","","","","","","","","","","","","","","","","","","","","","","","","","",13.6,1,12.4,1,"","","","","","","","","","","","","","","","","","","","","","","","","","",95,1,"","","","","","","","","","","","",14.7,1,1019.,1,"","","","","","",8,1,8,1,6,1,"","","","","","","","","","","","","","","","","","","","","","","","","","","","",150,1,"","",53,1,5,1,"","","","","","","","","","",3,1,"","","","","","","","","","","","","","","","","","","","","","","","","","","","","","","","","","","","","","","","","","","","","","","","","","","","","",""
"50020001","PTE DE LA HAGUE",49.725167,-1.939833,6,1951061506,"","","","",2.,1,"","","","","","","","","","","","","","","","","","","","","","","","","","","","","","",12.2,1,11.4,1,"","","","","","","","","","","","","","","","","","","","","","","","","","",98,1,"","","","","","","","","","","","",13.8,1,1019.9,1,"","","","","","",8,1,8,1,6,1,"","","","","","","","","","","","","","","","","","","","","","","","","","","","",2000,1,"","",40,1,4,1,"","","","","","","","","","",4,1,"","","","","","","","","","","","","","","","","","","","","","","","","","","","","","","","","","","","","","","","","","","","","","","","","","","","","",""
"50020001","PTE DE LA HAGUE",49.725167,-1.939833,6,1951061509,"","","","",2.,1,"","","","","","","","","","","","","","","","","","","","","","","","","","","","","","",14.4,1,11.6,1,"","","","","","","","","","","","","","","","","","","","","","","","","","",87,1,"","","","","","","","","","","","",14.,1,1021.5,1,"","","","","","",3,1,0,1,5,1,4,1,0,1,"","","","","","","","","","","","","","","","","","","","","","","","",18000,1,"","",1,1,2,1,"","","","","","","","","","",3,1,"","","","","","","","","","","","","","","","","","","","","","","","","","","","","","","","","","","","","","","","","","","","","","","","","","","","","",""
"50020001","PTE DE LA HAGUE",49.725167,-1.939833,6,1951061512,"","","","",1.,1,"","","","","","","","","","","","","","","","","","","","","","","","","","","","","","",16.,1,12.4,1,"","","","","","","","","","","","","","","","","","","","","","","","","","",83,1,"","","","","","","","","","","","",14.7,1,1022.6,1,"","","","","","",1,1,0,1,2,1,0,1,0,1,"","","","","","","","","","","","","","","","","","","","","","","","",16000,1,"","",2,1,0,1,"","","","","","","","","","",3,1,"","","","","","","","","","","","","","","","","","","","","","","","","","","","","","","","","","","","","","","","","","","","","","","","","","","","","",""
"50020001","PTE DE LA HAGUE",49.725167,-1.939833,6,1951061515,"","","","",2.,1,"","","","","","","","","","","","","","","","","","","","","","","","","","","","","","",16.6,1,13.3,1,"","","","","","","","","","","","","","","","","","","","","","","","","","",81,1,"","","","","","","","","","","","",15.7,1,1023.1,1,"","","","","","",1,1,0,1,2,1,0,1,0,1,"","","","","","","","","","","","","","","","","","","","","","","","",16000,1,"","",2,1,0,1,"","","","","","","","","","",3,1,"","","","","","","","","","","","","","","","","","","","","","","","","","","","","","","","","","","","","","","","","","","","","","","","","","","","","",""
"50020001","PTE DE LA HAGUE",49.725167,-1.939833,6,1951061518,"","","","",1.,1,"","","","","","","","","","","","","","","","","","","","","","","","","","","","","","",15.,1,12.6,1,"","","","","","","","","","","","","","","","","","","","","","","","","","",85,1,"","","","","","","","","","","","",14.9,1,1023.3,1,"","","","","","",1,1,0,1,1,1,0,1,0,1,"","","","","","","","","","","","","","","","","","","","","","","","",22000,1,"","",2,1,0,1,"","","","","","","","","","",3,1,"","","","","","","","","","","","","","","","","","","","","","","","","","","","","","","","","","","","","","","","","","","","","","","","","","","","","",""
"50020001","PTE DE LA HAGUE",49.725167,-1.939833,6,1951061600,"","","","",1.,1,"","","","","","","","","","","","","","","","","","","","","","","","","","","","","","",11.6,1,10.6,1,"","","","","","","","","","","","","","","","","","","","","","","","","","",98,1,"","","","","","","","","","","","",13.,1,1024.1,1,"","","","","","",0,1,"","",0,1,0,1,0,1,"","","","","","","","","","","","","","","","","","","","","","","","",19000,1,"","",2,1,0,1,"","","","","","","","","","",2,1,"","","","","","","","","","","","","","","","","","","","","","","","","","","","","","","","","","","","","","","","","","","","","","","","","","","","","",""
"50020001","PTE DE LA HAGUE",49.725167,-1.939833,6,1951061606,"","","","",2.,1,"","","","","","","","","","","","","","","","","","","","","","","","","","","","","","",12.2,1,11.3,1,"","","","","","","","","","","","","","","","","","","","","","","","","","",95,1,"","","","","","","","","","","","",13.7,1,1023.4,1,"","","","","","",8,1,8,1,5,1,"","","","","","","","","","","","","","","","","","","","","","","","","","","","",12000,1,"","",2,1,2,1,"","","","","","","","","","",2,1,"","","","","","","","","","","","","","","","","","","","","","","","","","","","","","","","","","","","","","","","","","","","","","","","","","","","","",""
"50020001","PTE DE LA HAGUE",49.725167,-1.939833,6,1951061609,"","","","",0.,1,"","","","","","","","","","","","","","","","","","","","","","","","","","","","","","",13.8,1,11.9,1,"","","","","","","","","","","","","","","","","","","","","","","","","","",89,1,"","","","","","","","","","","","",14.2,1,1023.4,1,"","","","","","",7,1,7,1,5,1,0,1,0,1,"","","","","","","","","","","","","","","","","","","","","","","","",10000,1,"","",2,1,2,1,"","","","","","","","","","",2,1,"","","","","","","","","","","","","","","","","","","","","","","","","","","","","","","","","","","","","","","","","","","","","","","","","","","","","",""
"50020001","PTE DE LA HAGUE",49.725167,-1.939833,6,1951061612,"","","","",1.,1,"","","","","","","","","","","","","","","","","","","","","","","","","","","","","","",15.2,1,12.4,1,"","","","","","","","","","","","","","","","","","","","","","","","","","",83,1,"","","","","","","","","","","","",14.7,1,1023.4,1,"","","","","","",5,1,5,1,2,1,0,1,6,1,"","","","","","","","","","","","","","","","","","","","","","","","",14000,1,"","",3,1,0,1,"","","","","","","","","","",2,1,"","","","","","","","","","","","","","","","","","","","","","","","","","","","","","","","","","","","","","","","","","","","","","","","","","","","","",""
"50020001","PTE DE LA HAGUE",49.725167,-1.939833,6,1951061615,"","","","",2.,1,"","","","","","","","","","","","","","","","","","","","","","","","","","","","","","",15.,1,11.2,1,"","","","","","","","","","","","","","","","","","","","","","","","","","",80,1,"","","","","","","","","","","","",13.6,1,1021.9,1,"","","","","","",7,1,7,1,0,1,0,1,2,1,"","","","","","","","","","","","","","","","","","","","","","","","",900,1,"","",41,1,2,1,"","","","","","","","","","",2,1,"","","","","","","","","","","","","","","","","","","","","","","","","","","","","","","","","","","","","","","","","","","","","","","","","","","","","",""
"50020001","PTE DE LA HAGUE",49.725167,-1.939833,6,1951061618,"","","","",1.,1,"","","","","","","","","","","","","","","","","","","","","","","","","","","","","","",13.2,1,10.8,1,"","","","","","","","","","","","","","","","","","","","","","","","","","",88,1,"","","","","","","","","","","","",13.2,1,1020.6,1,"","","","","","",7,1,7,1,0,1,8,1,0,1,"","","","","","","","","","","","","","","","","","","","","","","","",6000,1,"","",40,1,4,1,"","","","","","","","","","",2,1,"","","","","","","","","","","","","","","","","","","","","","","","","","","","","","","","","","","","","","","","","","","","","","","","","","","","","",""
"50020001","PTE DE LA HAGUE",49.725167,-1.939833,6,1951061700,"","","","",1.,1,"","","","","","","","","","","","","","","","","","","","","","","","","","","","","","",12.,1,9.9,1,"","","","","","","","","","","","","","","","","","","","","","","","","","",88,1,"","","","","","","","","","","","",12.4,1,1019.1,1,"","","","","","",8,1,8,1,0,1,9,1,"","","","","","","","","","","","","","","","","","","","","","","","","","",28000,1,"","",2,1,2,1,"","","","","","","","","","",2,1,"","","","","","","","","","","","","","","","","","","","","","","","","","","","","","","","","","","","","","","","","","","","","","","","","","","","","",""
"50020001","PTE DE LA HAGUE",49.725167,-1.939833,6,1951061706,"","","","",1.,1,"","","","","","","","","","","","","","","","","","","","","","","","","","","","","","",12.6,1,11.2,1,"","","","","","","","","","","","","","","","","","","","","","","","","","",93,1,"","","","","","","","","","","","",13.6,1,1017.3,1,"","","","","","",1,1,0,1,2,1,4,1,0,1,"","","","","","","","","","","","","","","","","","","","","","","","",28000,1,"","",2,1,0,1,"","","","","","","","","","",3,1,"","","","","","","","","","","","","","","","","","","","","","","","","","","","","","","","","","","","","","","","","","","","","","","","","","","","","",""
"50020001","PTE DE LA HAGUE",49.725167,-1.939833,6,1951061709,"","","","",2.,1,"","","","","","","","","","","","","","","","","","","","","","","","","","","","","","",15.,1,12.8,1,"","","","","","","","","","","","","","","","","","","","","","","","","","",87,1,"","","","","","","","","","","","",15.1,1,1017.4,1,"","","","","","",1,1,0,1,2,1,4,1,0,1,"","","","","","","","","","","","","","","","","","","","","","","","",25000,1,"","",1,1,1,1,"","","","","","","","","","",3,1,"","","","","","","","","","","","","","","","","","","","","","","","","","","","","","","","","","","","","","","","","","","","","","","","","","","","","",""
"50020001","PTE DE LA HAGUE",49.725167,-1.939833,6,1951061712,"","","","",4.,1,"","","","","","","","","","","","","","","","","","","","","","","","","","","","","","",15.8,1,10.6,1,"","","","","","","","","","","","","","","","","","","","","","","","","","",75,1,"","","","","","","","","","","","",13.,1,1018.1,1,"","","","","","",1,1,0,1,2,1,0,1,1,1,"","","","","","","","","","","","","","","","","","","","","","","","",25000,1,"","",2,1,1,1,"","","","","","","","","","",3,1,"","","","","","","","","","","","","","","","","","","","","","","","","","","","","","","","","","","","","","","","","","","","","","","","","","","","","",""
"50020001","PTE DE LA HAGUE",49.725167,-1.939833,6,1951061715,"","","","",4.,1,"","","","","","","","","","","","","","","","","","","","","","","","","","","","","","",16.2,1,11.9,1,"","","","","","","","","","","","","","","","","","","","","","","","","","",77,1,"","","","","","","","","","","","",14.2,1,1018.2,1,"","","","","","",2,1,0,1,2,1,0,1,4,1,"","","","","","","","","","","","","","","","","","","","","","","","",21000,1,"","",3,1,0,1,"","","","","","","","","","",3,1,"","","","","","","","","","","","","","","","","","","","","","","","","","","","","","","","","","","","","","","","","","","","","","","","","","","","","",""
"50020001","PTE DE LA HAGUE",49.725167,-1.939833,6,1951061718,"","","","",4.,1,"","","","","","","","","","","","","","","","","","","","","","","","","","","","","","",15.2,1,12.4,1,"","","","","","","","","","","","","","","","","","","","","","","","","","",83,1,"","","","","","","","","","","","",14.7,1,1018.1,1,"","","","","","",6,1,6,1,0,1,0,1,2,1,"","","","","","","","","","","","","","","","","","","","","","","","",20000,1,"","",2,1,1,1,"","","","","","","","","","",4,1,"","","","","","","","","","","","","","","","","","","","","","","","","","","","","","","","","","","","","","","","","","","","","","","","","","","","","",""
"50020001","PTE DE LA HAGUE",49.725167,-1.939833,6,1951061800,"","","","",2.,1,"","","","","","","","","","","","","","","","","","","","","","","","","","","","","","",12.2,1,11.2,1,"","","","","","","","","","","","","","","","","","","","","","","","","","",93,1,"","","","","","","","","","","","",13.6,1,1018.9,1,"","","","","","",7,1,7,1,0,1,0,1,2,1,"","","","","","","","","","","","","","","","","","","","","","","","",28000,1,"","",2,1,2,1,"","","","","","","","","","",3,1,"","","","","","","","","","","","","","","","","","","","","","","","","","","","","","","","","","","","","","","","","","","","","","","","","","","","","",""
"50020001","PTE DE LA HAGUE",49.725167,-1.939833,6,1951061806,"","","","",3.,1,"","","","","","","","","","","","","","","","","","","","","","","","","","","","","","",12.,1,10.,1,"","","","","","","","","","","","","","","","","","","","","","","","","","",90,1,"","","","","","","","","","","","",12.5,1,1018.9,1,"","","","","","",3,1,0,1,2,1,0,1,8,1,"","","","","","","","","","","","","","","","","","","","","","","","",24000,1,"","",2,1,1,1,"","","","","","","","","","",3,1,"","","","","","","","","","","","","","","","","","","","","","","","","","","","","","","","","","","","","","","","","","","","","","","","","","","","","",""
"50020001","PTE DE LA HAGUE",49.725167,-1.939833,6,1951061809,"","","","",2.,1,"","","","","","","","","","","","","","","","","","","","","","","","","","","","","","",14.6,1,11.,1,"","","","","","","","","","","","","","","","","","","","","","","","","","",78,1,"","","","","","","","","","","","",13.4,1,1019.3,1,"","","","","","",3,1,0,1,2,1,0,1,2,1,"","","","","","","","","","","","","","","","","","","","","","","","",35000,1,"","",2,1,0,1,"","","","","","","","","","",3,1,"","","","","","","","","","","","","","","","","","","","","","","","","","","","","","","","","","","","","","","","","","","","","","","","","","","","","",""
"50020001","PTE DE LA HAGUE",49.725167,-1.939833,6,1951061812,"","","","",3.,1,"","","","","","","","","","","","","","","","","","","","","","","","","","","","","","",15.4,1,10.6,1,"","","","","","","","","","","","","","","","","","","","","","","","","","",75,1,"","","","","","","","","","","","",13.,1,1019.5,1,"","","","","","",2,1,0,1,2,1,0,1,0,1,"","","","","","","","","","","","","","","","","","","","","","","","",32000,1,"","",2,1,1,1,"","","","","","","","","","",3,1,"","","","","","","","","","","","","","","","","","","","","","","","","","","","","","","","","","","","","","","","","","","","","","","","","","","","","",""
"50020001","PTE DE LA HAGUE",49.725167,-1.939833,6,1951061815,"","","","",3.,1,"","","","","","","","","","","","","","","","","","","","","","","","","","","","","","",15.4,1,10.6,1,"","","","","","","","","","","","","","","","","","","","","","","","","","",73,1,"","","","","","","","","","","","",13.,1,1019.7,1,"","","","","","",1,1,0,1,2,1,0,1,0,1,"","","","","","","","","","","","","","","","","","","","","","","","",35000,1,"","",2,1,0,1,"","","","","","","","","","",3,1,"","","","","","","","","","","","","","","","","","","","","","","","","","","","","","","","","","","","","","","","","","","","","","","","","","","","","",""
"50020001","PTE DE LA HAGUE",49.725167,-1.939833,6,1951061818,"","","","",4.,1,"","","","","","","","","","","","","","","","","","","","","","","","","","","","","","",14.2,1,9.9,1,"","","","","","","","","","","","","","","","","","","","","","","","","","",78,1,"","","","","","","","","","","","",12.4,1,1019.5,1,"","","","","","",1,1,0,1,2,1,0,1,0,1,"","","","","","","","","","","","","","","","","","","","","","","","",38000,1,"","",2,1,0,1,"","","","","","","","","","",4,1,"","","","","","","","","","","","","","","","","","","","","","","","","","","","","","","","","","","","","","","","","","","","","","","","","","","","","",""
"50020001","PTE DE LA HAGUE",49.725167,-1.939833,6,1951061900,"","","","",3.,1,"","","","","","","","","","","","","","","","","","","","","","","","","","","","","","",12.2,1,9.6,1,"","","","","","","","","","","","","","","","","","","","","","","","","","",86,1,"","","","","","","","","","","","",12.2,1,1021.7,1,"","","","","","",0,1,"","",0,1,0,1,0,1,"","","","","","","","","","","","","","","","","","","","","","","","",28000,1,"","",2,1,0,1,"","","","","","","","","","",3,1,"","","","","","","","","","","","","","","","","","","","","","","","","","","","","","","","","","","","","","","","","","","","","","","","","","","","","",""
"50020001","PTE DE LA HAGUE",49.725167,-1.939833,6,1951061906,"","","","",1.,1,"","","","","","","","","","","","","","","","","","","","","","","","","","","","","","",12.,1,9.6,1,"","","","","","","","","","","","","","","","","","","","","","","","","","",86,1,"","","","","","","","","","","","",12.2,1,1021.9,1,"","","","","","",7,1,7,1,2,1,0,1,4,1,"","","","","","","","","","","","","","","","","","","","","","","","",30000,1,"","",3,1,0,1,"","","","","","","","","","",3,1,"","","","","","","","","","","","","","","","","","","","","","","","","","","","","","","","","","","","","","","","","","","","","","","","","","","","","",""
"50020001","PTE DE LA HAGUE",49.725167,-1.939833,6,1951061909,"","","","",3.,1,"","","","","","","","","","","","","","","","","","","","","","","","","","","","","","",14.4,1,9.8,1,"","","","","","","","","","","","","","","","","","","","","","","","","","",76,1,"","","","","","","","","","","","",12.3,1,1023.,1,"","","","","","",3,1,0,1,2,1,0,1,2,1,"","","","","","","","","","","","","","","","","","","","","","","","",35000,1,"","",2,1,1,1,"","","","","","","","","","",3,1,"","","","","","","","","","","","","","","","","","","","","","","","","","","","","","","","","","","","","","","","","","","","","","","","","","","","","",""
"50020001","PTE DE LA HAGUE",49.725167,-1.939833,6,1951061912,"","","","",3.,1,"","","","","","","","","","","","","","","","","","","","","","","","","","","","","","",15.8,1,10.6,1,"","","","","","","","","","","","","","","","","","","","","","","","","","",73,1,"","","","","","","","","","","","",13.,1,1023.4,1,"","","","","","",4,1,0,1,2,1,0,1,2,1,"","","","","","","","","","","","","","","","","","","","","","","","",35000,1,"","",2,1,1,1,"","","","","","","","","","",3,1,"","","","","","","","","","","","","","","","","","","","","","","","","","","","","","","","","","","","","","","","","","","","","","","","","","","","","",""
"50020001","PTE DE LA HAGUE",49.725167,-1.939833,6,1951061915,"","","","",1.,1,"","","","","","","","","","","","","","","","","","","","","","","","","","","","","","",15.8,1,10.6,1,"","","","","","","","","","","","","","","","","","","","","","","","","","",73,1,"","","","","","","","","","","","",13.,1,1023.4,1,"","","","","","",2,1,0,1,2,1,0,1,1,1,"","","","","","","","","","","","","","","","","","","","","","","","",35000,1,"","",2,1,0,1,"","","","","","","","","","",3,1,"","","","","","","","","","","","","","","","","","","","","","","","","","","","","","","","","","","","","","","","","","","","","","","","","","","","","",""
"50020001","PTE DE LA HAGUE",49.725167,-1.939833,6,1951061918,"","","","",3.,1,"","","","","","","","","","","","","","","","","","","","","","","","","","","","","","",15.,1,11.,1,"","","","","","","","","","","","","","","","","","","","","","","","","","",78,1,"","","","","","","","","","","","",13.4,1,1023.4,1,"","","","","","",1,1,0,1,2,1,0,1,0,1,"","","","","","","","","","","","","","","","","","","","","","","","",35000,1,"","",2,1,0,1,"","","","","","","","","","",3,1,"","","","","","","","","","","","","","","","","","","","","","","","","","","","","","","","","","","","","","","","","","","","","","","","","","","","","",""
"50020001","PTE DE LA HAGUE",49.725167,-1.939833,6,1951062000,"","","","",1.,1,"","","","","","","","","","","","","","","","","","","","","","","","","","","","","","",10.4,1,9.3,1,"","","","","","","","","","","","","","","","","","","","","","","","","","",95,1,"","","","","","","","","","","","",11.9,1,1023.7,1,"","","","","","",2,1,0,1,2,1,0,1,2,1,"","","","","","","","","","","","","","","","","","","","","","","","",40000,1,"","",2,1,0,1,"","","","","","","","","","",2,1,"","","","","","","","","","","","","","","","","","","","","","","","","","","","","","","","","","","","","","","","","","","","","","","","","","","","","",""
"50020001","PTE DE LA HAGUE",49.725167,-1.939833,6,1951062006,"","","","",0.,1,"","","","","","","","","","","","","","","","","","","","","","","","","","","","","","",12.,1,11.3,1,"","","","","","","","","","","","","","","","","","","","","","","","","","",95,1,"","","","","","","","","","","","",13.7,1,1023.7,1,"","","","","","","","",7,1,0,1,0,1,"","","","","","","","","","","","","","","","","","","","","","","","","","",35000,1,"","",3,1,0,1,"","","","","","","","","","",2,1,"","","","","","","","","","","","","","","","","","","","","","","","","","","","","","","","","","","","","","","","","","","","","","","","","","","","","",""
"50020001","PTE DE LA HAGUE",49.725167,-1.939833,6,1951062009,"","","","",1.,1,"","","","","","","","","","","","","","","","","","","","","","","","","","","","","","",15.,1,11.2,1,"","","","","","","","","","","","","","","","","","","","","","","","","","",80,1,"","","","","","","","","","","","",13.6,1,1024.3,1,"","","","","","",2,1,0,1,1,1,0,1,2,1,"","","","","","","","","","","","","","","","","","","","","","","","",35000,1,"","",2,1,2,1,"","","","","","","","","","",2,1,"","","","","","","","","","","","","","","","","","","","","","","","","","","","","","","","","","","","","","","","","","","","","","","","","","","","","",""
"50020001","PTE DE LA HAGUE",49.725167,-1.939833,6,1951062012,"","","","",2.,1,"","","","","","","","","","","","","","","","","","","","","","","","","","","","","","",14.6,1,11.,1,"","","","","","","","","","","","","","","","","","","","","","","","","","",78,1,"","","","","","","","","","","","",13.4,1,1024.3,1,"","","","","","",1,1,0,1,1,1,0,1,2,1,"","","","","","","","","","","","","","","","","","","","","","","","",42000,1,"","",2,1,1,1,"","","","","","","","","","",2,1,"","","","","","","","","","","","","","","","","","","","","","","","","","","","","","","","","","","","","","","","","","","","","","","","","","","","","",""
"50020001","PTE DE LA HAGUE",49.725167,-1.939833,6,1951062015,"","","","",3.,1,"","","","","","","","","","","","","","","","","","","","","","","","","","","","","","",16.2,1,11.9,1,"","","","","","","","","","","","","","","","","","","","","","","","","","",77,1,"","","","","","","","","","","","",14.2,1,1023.4,1,"","","","","","",1,1,0,1,1,1,0,1,0,1,"","","","","","","","","","","","","","","","","","","","","","","","",36000,1,"","",2,1,0,1,"","","","","","","","","","",3,1,"","","","","","","","","","","","","","","","","","","","","","","","","","","","","","","","","","","","","","","","","","","","","","","","","","","","","",""
"50020001","PTE DE LA HAGUE",49.725167,-1.939833,6,1951062018,"","","","",4.,1,"","","","","","","","","","","","","","","","","","","","","","","","","","","","","","",15.,1,11.2,1,"","","","","","","","","","","","","","","","","","","","","","","","","","",80,1,"","","","","","","","","","","","",13.6,1,1022.1,1,"","","","","","",2,1,0,1,0,1,0,1,2,1,"","","","","","","","","","","","","","","","","","","","","","","","",32000,1,"","",2,1,0,1,"","","","","","","","","","",3,1,"","","","","","","","","","","","","","","","","","","","","","","","","","","","","","","","","","","","","","","","","","","","","","","","","","","","","",""
"50020001","PTE DE LA HAGUE",49.725167,-1.939833,6,1951062100,"","","","",4.,1,"","","","","","","","","","","","","","","","","","","","","","","","","","","","","","",12.2,1,10.,1,"","","","","","","","","","","","","","","","","","","","","","","","","","",90,1,"","","","","","","","","","","","",12.5,1,1021.,1,"","","","","","",7,1,7,1,0,1,8,1,0,1,"","","","","","","","","","","","","","","","","","","","","","","","",36000,1,"","",2,1,1,1,"","","","","","","","","","",3,1,"","","","","","","","","","","","","","","","","","","","","","","","","","","","","","","","","","","","","","","","","","","","","","","","","","","","","",""
"50020001","PTE DE LA HAGUE",49.725167,-1.939833,6,1951062106,"","","","",2.,1,"","","","","","","","","","","","","","","","","","","","","","","","","","","","","","",13.4,1,10.8,1,"","","","","","","","","","","","","","","","","","","","","","","","","","",88,1,"","","","","","","","","","","","",13.2,1,1017.9,1,"","","","","","",8,1,8,1,0,1,4,1,7,1,"","","","","","","","","","","","","","","","","","","","","","","","",28000,1,"","",3,1,1,1,"","","","","","","","","","",2,1,"","","","","","","","","","","","","","","","","","","","","","","","","","","","","","","","","","","","","","","","","","","","","","","","","","","","","",""
"50020001","PTE DE LA HAGUE",49.725167,-1.939833,6,1951062109,"","","","",2.,1,"","","","","","","","","","","","","","","","","","","","","","","","","","","","","","",15.4,1,12.6,1,"","","","","","","","","","","","","","","","","","","","","","","","","","",85,1,"","","","","","","","","","","","",14.9,1,1017.3,1,"","","","","","",7,1,5,1,0,1,8,1,2,1,"","","","","","","","","","","","","","","","","","","","","","","","",22000,1,"","",2,1,2,1,"","","","","","","","","","",2,1,"","","","","","","","","","","","","","","","","","","","","","","","","","","","","","","","","","","","","","","","","","","","","","","","","","","","","",""
"50020001","PTE DE LA HAGUE",49.725167,-1.939833,6,1951062112,"","","","",2.,1,"","","","","","","","","","","","","","","","","","","","","","","","","","","","","","",16.8,1,13.1,1,"","","","","","","","","","","","","","","","","","","","","","","","","","",78,1,"","","","","","","","","","","","",15.4,1,1015.7,1,"","","","","","",2,1,0,1,0,1,8,1,2,1,"","","","","","","","","","","","","","","","","","","","","","","","",16000,1,"","",1,1,1,1,"","","","","","","","","","",2,1,"","","","","","","","","","","","","","","","","","","","","","","","","","","","","","","","","","","","","","","","","","","","","","","","","","","","","",""
"50020001","PTE DE LA HAGUE",49.725167,-1.939833,6,1951062115,"","","","",4.,1,"","","","","","","","","","","","","","","","","","","","","","","","","","","","","","",17.,1,12.9,1,"","","","","","","","","","","","","","","","","","","","","","","","","","",76,1,"","","","","","","","","","","","",15.2,1,1013.9,1,"","","","","","",7,1,7,1,0,1,0,1,9,1,"","","","","","","","","","","","","","","","","","","","","","","","",6000,1,"","",2,1,2,1,"","","","","","","","","","",3,1,"","","","","","","","","","","","","","","","","","","","","","","","","","","","","","","","","","","","","","","","","","","","","","","","","","","","","",""
"50020001","PTE DE LA HAGUE",49.725167,-1.939833,6,1951062118,"","","","",3.,1,"","","","","","","","","","","","","","","","","","","","","","","","","","","","","","",15.4,1,12.6,1,"","","","","","","","","","","","","","","","","","","","","","","","","","",85,1,"","","","","","","","","","","","",14.9,1,1011.8,1,"","","","","","",8,1,5,1,0,1,9,1,7,1,"","","","","","","","","","","","","","","","","","","","","","","","",9000,1,"","",2,1,2,1,"","","","","","","","","","",2,1,"","","","","","","","","","","","","","","","","","","","","","","","","","","","","","","","","","","","","","","","","","","","","","","","","","","","","",""
"50020001","PTE DE LA HAGUE",49.725167,-1.939833,6,1951062200,"","","","",1.,1,"","","","","","","","","","","","","","","","","","","","","","","","","","","","","","",14.6,1,14.,1,"","","","","","","","","","","","","","","","","","","","","","","","","","",96,1,"","","","","","","","","","","","",16.4,1,1010.3,1,"","","","","","",8,1,8,1,0,1,9,1,"","","","","","","","","","","","","","","","","","","","","","","","","","",10000,1,"","",21,1,6,1,"","","","","","","","","","",2,1,"","","","","","","","","","","","","","","","","","","","","","","","","","","","","","","","","","","","","","","","","","","","","","","","","","","","","",""
"50020001","PTE DE LA HAGUE",49.725167,-1.939833,6,1951062206,"","","","",3.,1,"","","","","","","","","","","","","","","","","","","","","","","","","","","","","","",14.,1,12.2,1,"","","","","","","","","","","","","","","","","","","","","","","","","","",93,1,"","","","","","","","","","","","",14.5,1,1008.9,1,"","","","","","",7,1,7,1,0,1,9,1,0,1,"","","","","","","","","","","","","","","","","","","","","","","","",6000,1,"","",2,1,2,1,"","","","","","","","","","",2,1,"","","","","","","","","","","","","","","","","","","","","","","","","","","","","","","","","","","","","","","","","","","","","","","","","","","","","",""
"50020001","PTE DE LA HAGUE",49.725167,-1.939833,6,1951062209,"","","","",1.,1,"","","","","","","","","","","","","","","","","","","","","","","","","","","","","","",14.8,1,13.1,1,"","","","","","","","","","","","","","","","","","","","","","","","","","",91,1,"","","","","","","","","","","","",15.4,1,1008.9,1,"","","","","","",7,1,7,1,0,1,9,1,0,1,"","","","","","","","","","","","","","","","","","","","","","","","",6000,1,"","",2,1,2,1,"","","","","","","","","","",2,1,"","","","","","","","","","","","","","","","","","","","","","","","","","","","","","","","","","","","","","","","","","","","","","","","","","","","","",""
"50020001","PTE DE LA HAGUE",49.725167,-1.939833,6,1951062212,"","","","",1.,1,"","","","","","","","","","","","","","","","","","","","","","","","","","","","","","",13.8,1,13.5,1,"","","","","","","","","","","","","","","","","","","","","","","","","","",98,1,"","","","","","","","","","","","",15.9,1,1009.5,1,"","","","","","",8,1,8,1,0,1,9,1,"","","","","","","","","","","","","","","","","","","","","","","","","","",5000,1,"","",61,1,6,1,"","","","","","","","","","",2,1,"","","","","","","","","","","","","","","","","","","","","","","","","","","","","","","","","","","","","","","","","","","","","","","","","","","","","",""
"50020001","PTE DE LA HAGUE",49.725167,-1.939833,6,1951062215,"","","","",1.,1,"","","","","","","","","","","","","","","","","","","","","","","","","","","","","","",15.4,1,14.,1,"","","","","","","","","","","","","","","","","","","","","","","","","","",91,1,"","","","","","","","","","","","",16.4,1,1009.5,1,"","","","","","",7,1,7,1,0,1,9,1,0,1,"","","","","","","","","","","","","","","","","","","","","","","","",6000,1,"","",2,1,6,1,"","","","","","","","","","",2,1,"","","","","","","","","","","","","","","","","","","","","","","","","","","","","","","","","","","","","","","","","","","","","","","","","","","","","",""
"50020001","PTE DE LA HAGUE",49.725167,-1.939833,6,1951062218,"","","","",2.,1,"","","","","","","","","","","","","","","","","","","","","","","","","","","","","","",15.6,1,12.8,1,"","","","","","","","","","","","","","","","","","","","","","","","","","",87,1,"","","","","","","","","","","","",15.1,1,1009.8,1,"","","","","","",7,1,7,1,0,1,9,1,0,1,"","","","","","","","","","","","","","","","","","","","","","","","",6000,1,"","",2,1,2,1,"","","","","","","","","","",2,1,"","","","","","","","","","","","","","","","","","","","","","","","","","","","","","","","","","","","","","","","","","","","","","","","","","","","","",""
"50020001","PTE DE LA HAGUE",49.725167,-1.939833,6,1951062300,"","","","",6.,1,"","","","","","","","","","","","","","","","","","","","","","","","","","","","","","",13.8,1,12.2,1,"","","","","","","","","","","","","","","","","","","","","","","","","","",93,1,"","","","","","","","","","","","",14.5,1,1009.8,1,"","","","","","",9,1,"","","","","","","","","","","","","","","","","","","","","","","","","","","","","","","","",800,1,"","",45,1,4,1,"","","","","","","","","","",4,1,"","","","","","","","","","","","","","","","","","","","","","","","","","","","","","","","","","","","","","","","","","","","","","","","","","","","","",""
"50020001","PTE DE LA HAGUE",49.725167,-1.939833,6,1951062306,"","","","",3.,1,"","","","","","","","","","","","","","","","","","","","","","","","","","","","","","",13.2,1,12.5,1,"","","","","","","","","","","","","","","","","","","","","","","","","","",98,1,"","","","","","","","","","","","",14.8,1,1009.4,1,"","","","","","",8,1,8,1,6,1,"","","","","","","","","","","","","","","","","","","","","","","","","","","","",2500,1,"","",61,1,6,1,"","","","","","","","","","",3,1,"","","","","","","","","","","","","","","","","","","","","","","","","","","","","","","","","","","","","","","","","","","","","","","","","","","","","",""
"50020001","PTE DE LA HAGUE",49.725167,-1.939833,6,1951062309,"","","","",3.,1,"","","","","","","","","","","","","","","","","","","","","","","","","","","","","","",13.2,1,12.4,1,"","","","","","","","","","","","","","","","","","","","","","","","","","",95,1,"","","","","","","","","","","","",14.7,1,1010.2,1,"","","","","","",8,1,8,1,6,1,"","","","","","","","","","","","","","","","","","","","","","","","","","","","",4000,1,"","",21,1,6,1,"","","","","","","","","","",3,1,"","","","","","","","","","","","","","","","","","","","","","","","","","","","","","","","","","","","","","","","","","","","","","","","","","","","","",""
"50020001","PTE DE LA HAGUE",49.725167,-1.939833,6,1951062312,"","","","",3.,1,"","","","","","","","","","","","","","","","","","","","","","","","","","","","","","",13.2,1,12.4,1,"","","","","","","","","","","","","","","","","","","","","","","","","","",95,1,"","","","","","","","","","","","",14.7,1,1011.,1,"","","","","","",8,1,8,1,6,1,"","","","","","","","","","","","","","","","","","","","","","","","","","","","",6000,1,"","",2,1,2,1,"","","","","","","","","","",3,1,"","","","","","","","","","","","","","","","","","","","","","","","","","","","","","","","","","","","","","","","","","","","","","","","","","","","","",""
"50020001","PTE DE LA HAGUE",49.725167,-1.939833,6,1951062315,"","","","",2.,1,"","","","","","","","","","","","","","","","","","","","","","","","","","","","","","",13.4,1,12.2,1,"","","","","","","","","","","","","","","","","","","","","","","","","","",93,1,"","","","","","","","","","","","",14.5,1,1011.,1,"","","","","","",8,1,8,1,6,1,"","","","","","","","","","","","","","","","","","","","","","","","","","","","",9000,1,"","",60,1,2,1,"","","","","","","","","","",3,1,"","","","","","","","","","","","","","","","","","","","","","","","","","","","","","","","","","","","","","","","","","","","","","","","","","","","","",""
"50020001","PTE DE LA HAGUE",49.725167,-1.939833,6,1951062318,"","","","",7.,1,"","","","","","","","","","","","","","","","","","","","","","","","","","","","","","",13.2,1,10.3,1,"","","","","","","","","","","","","","","","","","","","","","","","","","",82,1,"","","","","","","","","","","","",12.8,1,1010.7,1,"","","","","","",8,1,8,1,0,1,7,1,"","","","","","","","","","","","","","","","","","","","","","","","","","",28000,1,"","",2,1,6,1,"","","","","","","","","","",4,1,"","","","","","","","","","","","","","","","","","","","","","","","","","","","","","","","","","","","","","","","","","","","","","","","","","","","","",""
"50020001","PTE DE LA HAGUE",49.725167,-1.939833,6,1951062400,"","","","",6.,1,"","","","","","","","","","","","","","","","","","","","","","","","","","","","","","",12.4,1,11.,1,"","","","","","","","","","","","","","","","","","","","","","","","","","",91,1,"","","","","","","","","","","","",13.4,1,1011.,1,"","","","","","",8,1,5,1,5,1,7,1,"","","","","","","","","","","","","","","","","","","","","","","","","","",21000,1,"","",2,1,2,1,"","","","","","","","","","",4,1,"","","","","","","","","","","","","","","","","","","","","","","","","","","","","","","","","","","","","","","","","","","","","","","","","","","","","",""
"50020001","PTE DE LA HAGUE",49.725167,-1.939833,6,1951062406,"","","","",5.,1,"","","","","","","","","","","","","","","","","","","","","","","","","","","","","","",12.4,1,11.2,1,"","","","","","","","","","","","","","","","","","","","","","","","","","",93,1,"","","","","","","","","","","","",13.6,1,1010.2,1,"","","","","","",8,1,8,1,6,1,7,1,"","","","","","","","","","","","","","","","","","","","","","","","","","",28000,1,"","",2,1,2,1,"","","","","","","","","","",3,1,"","","","","","","","","","","","","","","","","","","","","","","","","","","","","","","","","","","","","","","","","","","","","","","","","","","","","",""
"50020001","PTE DE LA HAGUE",49.725167,-1.939833,6,1951062409,"","","","",4.,1,"","","","","","","","","","","","","","","","","","","","","","","","","","","","","","",13.2,1,11.,1,"","","","","","","","","","","","","","","","","","","","","","","","","","",91,1,"","","","","","","","","","","","",13.4,1,1010.2,1,"","","","","","",8,1,6,1,5,1,7,1,"","","","","","","","","","","","","","","","","","","","","","","","","","",22000,1,"","",2,1,2,1,"","","","","","","","","","",3,1,"","","","","","","","","","","","","","","","","","","","","","","","","","","","","","","","","","","","","","","","","","","","","","","","","","","","","",""
"50020001","PTE DE LA HAGUE",49.725167,-1.939833,6,1951062412,"","","","",4.,1,"","","","","","","","","","","","","","","","","","","","","","","","","","","","","","",13.8,1,12.,1,"","","","","","","","","","","","","","","","","","","","","","","","","","",91,1,"","","","","","","","","","","","",14.3,1,1010.2,1,"","","","","","",8,1,8,1,6,1,7,1,"","","","","","","","","","","","","","","","","","","","","","","","","","",22000,1,"","",2,1,2,1,"","","","","","","","","","",3,1,"","","","","","","","","","","","","","","","","","","","","","","","","","","","","","","","","","","","","","","","","","","","","","","","","","","","","",""
"50020001","PTE DE LA HAGUE",49.725167,-1.939833,6,1951062415,"","","","",4.,1,"","","","","","","","","","","","","","","","","","","","","","","","","","","","","","",14.6,1,13.1,1,"","","","","","","","","","","","","","","","","","","","","","","","","","",91,1,"","","","","","","","","","","","",15.4,1,1010.2,1,"","","","","","",8,1,8,1,6,1,7,1,"","","","","","","","","","","","","","","","","","","","","","","","","","",22000,1,"","",2,1,2,1,"","","","","","","","","","",3,1,"","","","","","","","","","","","","","","","","","","","","","","","","","","","","","","","","","","","","","","","","","","","","","","","","","","","","",""
"50020001","PTE DE LA HAGUE",49.725167,-1.939833,6,1951062418,"","","","",3.,1,"","","","","","","","","","","","","","","","","","","","","","","","","","","","","","",14.,1,12.,1,"","","","","","","","","","","","","","","","","","","","","","","","","","",91,1,"","","","","","","","","","","","",14.3,1,1009.9,1,"","","","","","",7,1,7,1,0,1,7,1,0,1,"","","","","","","","","","","","","","","","","","","","","","","","",19000,1,"","",2,1,2,1,"","","","","","","","","","",2,1,"","","","","","","","","","","","","","","","","","","","","","","","","","","","","","","","","","","","","","","","","","","","","","","","","","","","","",""
"50020001","PTE DE LA HAGUE",49.725167,-1.939833,6,1951062500,"","","","",4.,1,"","","","","","","","","","","","","","","","","","","","","","","","","","","","","","",13.,1,12.5,1,"","","","","","","","","","","","","","","","","","","","","","","","","","",98,1,"","","","","","","","","","","","",14.8,1,1009.9,1,"","","","","","",8,1,8,1,7,1,"","","","","","","","","","","","","","","","","","","","","","","","","","","","",5000,1,"","",61,1,6,1,"","","","","","","","","","",3,1,"","","","","","","","","","","","","","","","","","","","","","","","","","","","","","","","","","","","","","","","","","","","","","","","","","","","","",""
"50020001","PTE DE LA HAGUE",49.725167,-1.939833,6,1951062506,"","","","",2.,1,"","","","","","","","","","","","","","","","","","","","","","","","","","","","","","",12.6,1,11.2,1,"","","","","","","","","","","","","","","","","","","","","","","","","","",93,1,"","","","","","","","","","","","",13.6,1,1010.2,1,"","","","","","",7,1,7,1,5,1,9,1,0,1,"","","","","","","","","","","","","","","","","","","","","","","","",30000,1,"","",2,1,6,1,"","","","","","","","","","",2,1,"","","","","","","","","","","","","","","","","","","","","","","","","","","","","","","","","","","","","","","","","","","","","","","","","","","","","",""
"50020001","PTE DE LA HAGUE",49.725167,-1.939833,6,1951062509,"","","","",2.,1,"","","","","","","","","","","","","","","","","","","","","","","","","","","","","","",14.,1,12.,1,"","","","","","","","","","","","","","","","","","","","","","","","","","",91,1,"","","","","","","","","","","","",14.3,1,1011.7,1,"","","","","","",3,1,0,1,2,1,8,1,2,1,"","","","","","","","","","","","","","","","","","","","","","","","",25000,1,"","",1,1,1,1,"","","","","","","","","","",3,1,"","","","","","","","","","","","","","","","","","","","","","","","","","","","","","","","","","","","","","","","","","","","","","","","","","","","","",""
"50020001","PTE DE LA HAGUE",49.725167,-1.939833,6,1951062512,"","","","",3.,1,"","","","","","","","","","","","","","","","","","","","","","","","","","","","","","",15.6,1,13.9,1,"","","","","","","","","","","","","","","","","","","","","","","","","","",89,1,"","","","","","","","","","","","",16.3,1,1012.7,1,"","","","","","",3,1,0,1,2,1,0,1,2,1,"","","","","","","","","","","","","","","","","","","","","","","","",28000,1,"","",2,1,1,1,"","","","","","","","","","",3,1,"","","","","","","","","","","","","","","","","","","","","","","","","","","","","","","","","","","","","","","","","","","","","","","","","","","","","",""
"50020001","PTE DE LA HAGUE",49.725167,-1.939833,6,1951062515,"","","","",5.,1,"","","","","","","","","","","","","","","","","","","","","","","","","","","","","","",16.4,1,13.3,1,"","","","","","","","","","","","","","","","","","","","","","","","","","",81,1,"","","","","","","","","","","","",15.7,1,1013.5,1,"","","","","","",1,1,0,1,2,1,4,1,0,1,"","","","","","","","","","","","","","","","","","","","","","","","",25000,1,"","",2,1,0,1,"","","","","","","","","","",3,1,"","","","","","","","","","","","","","","","","","","","","","","","","","","","","","","","","","","","","","","","","","","","","","","","","","","","","",""
"50020001","PTE DE LA HAGUE",49.725167,-1.939833,6,1951062518,"","","","",4.,1,"","","","","","","","","","","","","","","","","","","","","","","","","","","","","","",15.,1,11.,1,"","","","","","","","","","","","","","","","","","","","","","","","","","",78,1,"","","","","","","","","","","","",13.4,1,1013.9,1,"","","","","","",1,1,0,1,0,1,4,1,0,1,"","","","","","","","","","","","","","","","","","","","","","","","",25000,1,"","",2,1,0,1,"","","","","","","","","","",4,1,"","","","","","","","","","","","","","","","","","","","","","","","","","","","","","","","","","","","","","","","","","","","","","","","","","","","","",""
"50020001","PTE DE LA HAGUE",49.725167,-1.939833,6,1951062600,"","","","",8.,1,"","","","","","","","","","","","","","","","","","","","","","","","","","","","","","",13.,1,11.,1,"","","","","","","","","","","","","","","","","","","","","","","","","","",91,1,"","","","","","","","","","","","",13.4,1,1014.6,1,"","","","","","",7,1,7,1,0,1,9,1,0,1,"","","","","","","","","","","","","","","","","","","","","","","","",32000,1,"","",2,1,2,1,"","","","","","","","","","",4,1,"","","","","","","","","","","","","","","","","","","","","","","","","","","","","","","","","","","","","","","","","","","","","","","","","","","","","",""
"50020001","PTE DE LA HAGUE",49.725167,-1.939833,6,1951062606,"","","","",7.,1,"","","","","","","","","","","","","","","","","","","","","","","","","","","","","","",12.8,1,10.8,1,"","","","","","","","","","","","","","","","","","","","","","","","","","",88,1,"","","","","","","","","","","","",13.2,1,1015.8,1,"","","","","","",7,1,7,1,5,1,0,1,0,1,"","","","","","","","","","","","","","","","","","","","","","","","",30000,1,"","",21,1,6,1,"","","","","","","","","","",4,1,"","","","","","","","","","","","","","","","","","","","","","","","","","","","","","","","","","","","","","","","","","","","","","","","","","","","","",""
"50020001","PTE DE LA HAGUE",49.725167,-1.939833,6,1951062609,"","","","",7.,1,"","","","","","","","","","","","","","","","","","","","","","","","","","","","","","",13.4,1,10.3,1,"","","","","","","","","","","","","","","","","","","","","","","","","","",82,1,"","","","","","","","","","","","",12.8,1,1017.,1,"","","","","","",6,1,6,1,0,1,4,1,0,1,"","","","","","","","","","","","","","","","","","","","","","","","",32000,1,"","",1,1,2,1,"","","","","","","","","","",4,1,"","","","","","","","","","","","","","","","","","","","","","","","","","","","","","","","","","","","","","","","","","","","","","","","","","","","","",""
"50020001","PTE DE LA HAGUE",49.725167,-1.939833,6,1951062612,"","","","",8.,1,"","","","","","","","","","","","","","","","","","","","","","","","","","","","","","",15.,1,10.8,1,"","","","","","","","","","","","","","","","","","","","","","","","","","",76,1,"","","","","","","","","","","","",13.2,1,1017.9,1,"","","","","","",5,1,0,1,2,1,4,1,0,1,"","","","","","","","","","","","","","","","","","","","","","","","",30000,1,"","",2,1,2,1,"","","","","","","","","","",4,1,"","","","","","","","","","","","","","","","","","","","","","","","","","","","","","","","","","","","","","","","","","","","","","","","","","","","","",""
"50020001","PTE DE LA HAGUE",49.725167,-1.939833,6,1951062615,"","","","",6.,1,"","","","","","","","","","","","","","","","","","","","","","","","","","","","","","",14.4,1,9.5,1,"","","","","","","","","","","","","","","","","","","","","","","","","","",74,1,"","","","","","","","","","","","",12.1,1,1018.5,1,"","","","","","",7,1,5,1,0,1,4,1,2,1,"","","","","","","","","","","","","","","","","","","","","","","","",30000,1,"","",2,1,2,1,"","","","","","","","","","",4,1,"","","","","","","","","","","","","","","","","","","","","","","","","","","","","","","","","","","","","","","","","","","","","","","","","","","","","",""
"50020001","PTE DE LA HAGUE",49.725167,-1.939833,6,1951062618,"","","","",6.,1,"","","","","","","","","","","","","","","","","","","","","","","","","","","","","","",14.6,1,11.,1,"","","","","","","","","","","","","","","","","","","","","","","","","","",78,1,"","","","","","","","","","","","",13.4,1,1018.9,1,"","","","","","",4,1,0,1,0,1,4,1,2,1,"","","","","","","","","","","","","","","","","","","","","","","","",28000,1,"","",2,1,1,1,"","","","","","","","","","",4,1,"","","","","","","","","","","","","","","","","","","","","","","","","","","","","","","","","","","","","","","","","","","","","","","","","","","","","",""
"50020001","PTE DE LA HAGUE",49.725167,-1.939833,6,1951062700,"","","","",5.,1,"","","","","","","","","","","","","","","","","","","","","","","","","","","","","","",12.8,1,11.,1,"","","","","","","","","","","","","","","","","","","","","","","","","","",91,1,"","","","","","","","","","","","",13.4,1,1019.4,1,"","","","","","",1,1,0,1,0,1,7,1,0,1,"","","","","","","","","","","","","","","","","","","","","","","","",42000,1,"","",2,1,0,1,"","","","","","","","","","",4,1,"","","","","","","","","","","","","","","","","","","","","","","","","","","","","","","","","","","","","","","","","","","","","","","","","","","","","",""
"50020001","PTE DE LA HAGUE",49.725167,-1.939833,6,1951062706,"","","","",1.,1,"","","","","","","","","","","","","","","","","","","","","","","","","","","","","","",13.2,1,12.4,1,"","","","","","","","","","","","","","","","","","","","","","","","","","",95,1,"","","","","","","","","","","","",14.7,1,1018.2,1,"","","","","","",7,1,7,1,6,1,7,1,0,1,"","","","","","","","","","","","","","","","","","","","","","","","",35000,1,"","",2,1,1,1,"","","","","","","","","","",2,1,"","","","","","","","","","","","","","","","","","","","","","","","","","","","","","","","","","","","","","","","","","","","","","","","","","","","","",""
"50020001","PTE DE LA HAGUE",49.725167,-1.939833,6,1951062709,"","","","",2.,1,"","","","","","","","","","","","","","","","","","","","","","","","","","","","","","",14.2,1,11.9,1,"","","","","","","","","","","","","","","","","","","","","","","","","","",89,1,"","","","","","","","","","","","",14.2,1,1018.6,1,"","","","","","",7,1,6,1,0,1,9,1,2,1,"","","","","","","","","","","","","","","","","","","","","","","","",38000,1,"","",2,1,2,1,"","","","","","","","","","",2,1,"","","","","","","","","","","","","","","","","","","","","","","","","","","","","","","","","","","","","","","","","","","","","","","","","","","","","",""
"50020001","PTE DE LA HAGUE",49.725167,-1.939833,6,1951062712,"","","","",1.,1,"","","","","","","","","","","","","","","","","","","","","","","","","","","","","","",15.,1,12.9,1,"","","","","","","","","","","","","","","","","","","","","","","","","","",89,1,"","","","","","","","","","","","",15.2,1,1019.1,1,"","","","","","",8,1,8,1,6,1,"","","","","","","","","","","","","","","","","","","","","","","","","","","","",2800,1,"","",53,1,2,1,"","","","","","","","","","",2,1,"","","","","","","","","","","","","","","","","","","","","","","","","","","","","","","","","","","","","","","","","","","","","","","","","","","","","",""
"50020001","PTE DE LA HAGUE",49.725167,-1.939833,6,1951062715,"","","","",2.,1,"","","","","","","","","","","","","","","","","","","","","","","","","","","","","","",16.2,1,13.7,1,"","","","","","","","","","","","","","","","","","","","","","","","","","",87,1,"","","","","","","","","","","","",16.1,1,1019.1,1,"","","","","","",7,1,7,1,6,1,3,1,0,1,"","","","","","","","","","","","","","","","","","","","","","","","",14000,1,"","",2,1,5,1,"","","","","","","","","","",2,1,"","","","","","","","","","","","","","","","","","","","","","","","","","","","","","","","","","","","","","","","","","","","","","","","","","","","","",""
"50020001","PTE DE LA HAGUE",49.725167,-1.939833,6,1951062718,"","","","",3.,1,"","","","","","","","","","","","","","","","","","","","","","","","","","","","","","",14.6,1,13.1,1,"","","","","","","","","","","","","","","","","","","","","","","","","","",91,1,"","","","","","","","","","","","",15.4,1,1019.1,1,"","","","","","",7,1,5,1,6,1,3,1,2,1,"","","","","","","","","","","","","","","","","","","","","","","","",19000,1,"","",28,1,4,1,"","","","","","","","","","",2,1,"","","","","","","","","","","","","","","","","","","","","","","","","","","","","","","","","","","","","","","","","","","","","","","","","","","","","",""
"50020001","PTE DE LA HAGUE",49.725167,-1.939833,6,1951062800,"","","","",2.,1,"","","","","","","","","","","","","","","","","","","","","","","","","","","","","","",13.,1,10.8,1,"","","","","","","","","","","","","","","","","","","","","","","","","","",88,1,"","","","","","","","","","","","",13.2,1,1019.8,1,"","","","","","",3,1,0,1,0,1,4,1,2,1,"","","","","","","","","","","","","","","","","","","","","","","","",42000,1,"","",1,1,1,1,"","","","","","","","","","",3,1,"","","","","","","","","","","","","","","","","","","","","","","","","","","","","","","","","","","","","","","","","","","","","","","","","","","","","",""
"50020001","PTE DE LA HAGUE",49.725167,-1.939833,6,1951062806,"","","","",3.,1,"","","","","","","","","","","","","","","","","","","","","","","","","","","","","","",12.4,1,11.,1,"","","","","","","","","","","","","","","","","","","","","","","","","","",91,1,"","","","","","","","","","","","",13.4,1,1020.9,1,"","","","","","",1,1,0,1,0,1,4,1,0,1,"","","","","","","","","","","","","","","","","","","","","","","","",30000,1,"","",1,1,2,1,"","","","","","","","","","",3,1,"","","","","","","","","","","","","","","","","","","","","","","","","","","","","","","","","","","","","","","","","","","","","","","","","","","","","",""
"50020001","PTE DE LA HAGUE",49.725167,-1.939833,6,1951062809,"","","","",2.,1,"","","","","","","","","","","","","","","","","","","","","","","","","","","","","","",15.,1,11.2,1,"","","","","","","","","","","","","","","","","","","","","","","","","","",80,1,"","","","","","","","","","","","",13.6,1,1021.8,1,"","","","","","",7,1,7,1,5,1,0,1,0,1,"","","","","","","","","","","","","","","","","","","","","","","","",28000,1,"","",2,1,1,1,"","","","","","","","","","",2,1,"","","","","","","","","","","","","","","","","","","","","","","","","","","","","","","","","","","","","","","","","","","","","","","","","","","","","",""
"50020001","PTE DE LA HAGUE",49.725167,-1.939833,6,1951062812,"","","","",4.,1,"","","","","","","","","","","","","","","","","","","","","","","","","","","","","","",14.8,1,13.1,1,"","","","","","","","","","","","","","","","","","","","","","","","","","",91,1,"","","","","","","","","","","","",15.4,1,1022.1,1,"","","","","","",8,1,8,1,6,1,"","","","","","","","","","","","","","","","","","","","","","","","","","","","",10000,1,"","",2,1,5,1,"","","","","","","","","","",3,1,"","","","","","","","","","","","","","","","","","","","","","","","","","","","","","","","","","","","","","","","","","","","","","","","","","","","","",""
"50020001","PTE DE LA HAGUE",49.725167,-1.939833,6,1951062815,"","","","",4.,1,"","","","","","","","","","","","","","","","","","","","","","","","","","","","","","",16.2,1,13.7,1,"","","","","","","","","","","","","","","","","","","","","","","","","","",87,1,"","","","","","","","","","","","",16.1,1,1022.1,1,"","","","","","",6,1,6,1,2,1,4,1,0,1,"","","","","","","","","","","","","","","","","","","","","","","","",14000,1,"","",2,1,2,1,"","","","","","","","","","",3,1,"","","","","","","","","","","","","","","","","","","","","","","","","","","","","","","","","","","","","","","","","","","","","","","","","","","","","",""
"50020001","PTE DE LA HAGUE",49.725167,-1.939833,6,1951062818,"","","","",4.,1,"","","","","","","","","","","","","","","","","","","","","","","","","","","","","","",15.4,1,12.8,1,"","","","","","","","","","","","","","","","","","","","","","","","","","",87,1,"","","","","","","","","","","","",15.1,1,1021.4,1,"","","","","","",1,1,0,1,0,1,0,1,2,1,"","","","","","","","","","","","","","","","","","","","","","","","",18000,1,"","",2,1,1,1,"","","","","","","","","","",3,1,"","","","","","","","","","","","","","","","","","","","","","","","","","","","","","","","","","","","","","","","","","","","","","","","","","","","","",""
"50020001","PTE DE LA HAGUE",49.725167,-1.939833,6,1951062900,"","","","",2.,1,"","","","","","","","","","","","","","","","","","","","","","","","","","","","","","",13.8,1,12.4,1,"","","","","","","","","","","","","","","","","","","","","","","","","","",95,1,"","","","","","","","","","","","",14.7,1,1020.6,1,"","","","","","",8,1,8,1,0,1,7,1,"","","","","","","","","","","","","","","","","","","","","","","","","","",8000,1,"","",61,1,6,1,"","","","","","","","","","",2,1,"","","","","","","","","","","","","","","","","","","","","","","","","","","","","","","","","","","","","","","","","","","","","","","","","","","","","",""
"50020001","PTE DE LA HAGUE",49.725167,-1.939833,6,1951062906,"","","","",2.,1,"","","","","","","","","","","","","","","","","","","","","","","","","","","","","","",13.4,1,12.5,1,"","","","","","","","","","","","","","","","","","","","","","","","","","",98,1,"","","","","","","","","","","","",14.8,1,1019.3,1,"","","","","","",8,1,8,1,6,1,2,1,"","","","","","","","","","","","","","","","","","","","","","","","","","",6000,1,"","",61,1,6,1,"","","","","","","","","","",2,1,"","","","","","","","","","","","","","","","","","","","","","","","","","","","","","","","","","","","","","","","","","","","","","","","","","","","","",""
"50020001","PTE DE LA HAGUE",49.725167,-1.939833,6,1951062909,"","","","",3.,1,"","","","","","","","","","","","","","","","","","","","","","","","","","","","","","",13.8,1,12.2,1,"","","","","","","","","","","","","","","","","","","","","","","","","","",93,1,"","","","","","","","","","","","",14.5,1,1020.1,1,"","","","","","",8,1,8,1,6,1,7,1,"","","","","","","","","","","","","","","","","","","","","","","","","","",30000,1,"","",2,1,6,1,"","","","","","","","","","",2,1,"","","","","","","","","","","","","","","","","","","","","","","","","","","","","","","","","","","","","","","","","","","","","","","","","","","","","",""
"50020001","PTE DE LA HAGUE",49.725167,-1.939833,6,1951062912,"","","","",5.,1,"","","","","","","","","","","","","","","","","","","","","","","","","","","","","","",14.4,1,13.1,1,"","","","","","","","","","","","","","","","","","","","","","","","","","",91,1,"","","","","","","","","","","","",15.4,1,1020.1,1,"","","","","","",7,1,7,1,6,1,7,1,0,1,"","","","","","","","","","","","","","","","","","","","","","","","",12000,1,"","",2,1,6,1,"","","","","","","","","","",3,1,"","","","","","","","","","","","","","","","","","","","","","","","","","","","","","","","","","","","","","","","","","","","","","","","","","","","","",""
"50020001","PTE DE LA HAGUE",49.725167,-1.939833,6,1951062915,"","","","",4.,1,"","","","","","","","","","","","","","","","","","","","","","","","","","","","","","",14.4,1,13.1,1,"","","","","","","","","","","","","","","","","","","","","","","","","","",91,1,"","","","","","","","","","","","",15.4,1,1020.7,1,"","","","","","",8,1,0,1,6,1,9,1,2,1,"","","","","","","","","","","","","","","","","","","","","","","","",9000,1,"","",2,1,2,1,"","","","","","","","","","",3,1,"","","","","","","","","","","","","","","","","","","","","","","","","","","","","","","","","","","","","","","","","","","","","","","","","","","","","",""
"50020001","PTE DE LA HAGUE",49.725167,-1.939833,6,1951062918,"","","","",4.,1,"","","","","","","","","","","","","","","","","","","","","","","","","","","","","","",14.,1,12.,1,"","","","","","","","","","","","","","","","","","","","","","","","","","",91,1,"","","","","","","","","","","","",14.3,1,1021.7,1,"","","","","","",7,1,7,1,6,1,9,1,0,1,"","","","","","","","","","","","","","","","","","","","","","","","",12000,1,"","",2,1,2,1,"","","","","","","","","","",3,1,"","","","","","","","","","","","","","","","","","","","","","","","","","","","","","","","","","","","","","","","","","","","","","","","","","","","","",""
"50020001","PTE DE LA HAGUE",49.725167,-1.939833,6,1951063000,"","","","",2.,1,"","","","","","","","","","","","","","","","","","","","","","","","","","","","","","",13.4,1,12.,1,"","","","","","","","","","","","","","","","","","","","","","","","","","",91,1,"","","","","","","","","","","","",14.3,1,1024.6,1,"","","","","","",8,1,8,1,5,1,"","","","","","","","","","","","","","","","","","","","","","","","","","","","",35000,1,"","",2,1,2,1,"","","","","","","","","","",3,1,"","","","","","","","","","","","","","","","","","","","","","","","","","","","","","","","","","","","","","","","","","","","","","","","","","","","","",""
"50020001","PTE DE LA HAGUE",49.725167,-1.939833,6,1951063006,"","","","",6.,1,"","","","","","","","","","","","","","","","","","","","","","","","","","","","","","",12.6,1,10.8,1,"","","","","","","","","","","","","","","","","","","","","","","","","","",88,1,"","","","","","","","","","","","",13.2,1,1026.7,1,"","","","","","",2,1,0,1,5,1,0,1,0,1,"","","","","","","","","","","","","","","","","","","","","","","","",18000,1,"","",2,1,1,1,"","","","","","","","","","",3,1,"","","","","","","","","","","","","","","","","","","","","","","","","","","","","","","","","","","","","","","","","","","","","","","","","","","","","",""
"50020001","PTE DE LA HAGUE",49.725167,-1.939833,6,1951063009,"","","","",7.,1,"","","","","","","","","","","","","","","","","","","","","","","","","","","","","","",13.8,1,10.3,1,"","","","","","","","","","","","","","","","","","","","","","","","","","",82,1,"","","","","","","","","","","","",12.8,1,1027.3,1,"","","","","","",7,1,7,1,5,1,0,1,0,1,"","","","","","","","","","","","","","","","","","","","","","","","",22000,1,"","",2,1,2,1,"","","","","","","","","","",4,1,"","","","","","","","","","","","","","","","","","","","","","","","","","","","","","","","","","","","","","","","","","","","","","","","","","","","","",""
"50020001","PTE DE LA HAGUE",49.725167,-1.939833,6,1951063012,"","","","",8.,1,"","","","","","","","","","","","","","","","","","","","","","","","","","","","","","",14.8,1,10.8,1,"","","","","","","","","","","","","","","","","","","","","","","","","","",76,1,"","","","","","","","","","","","",13.2,1,1027.5,1,"","","","","","",2,1,0,1,1,1,0,1,2,1,"","","","","","","","","","","","","","","","","","","","","","","","",26000,1,"","",2,1,1,1,"","","","","","","","","","",4,1,"","","","","","","","","","","","","","","","","","","","","","","","","","","","","","","","","","","","","","","","","","","","","","","","","","","","","",""
"50020001","PTE DE LA HAGUE",49.725167,-1.939833,6,1951063015,"","","","",7.,1,"","","","","","","","","","","","","","","","","","","","","","","","","","","","","","",15.4,1,10.6,1,"","","","","","","","","","","","","","","","","","","","","","","","","","",75,1,"","","","","","","","","","","","",13.,1,1027.5,1,"","","","","","",1,1,0,1,0,1,0,1,1,1,"","","","","","","","","","","","","","","","","","","","","","","","",24000,1,"","",2,1,1,1,"","","","","","","","","","",4,1,"","","","","","","","","","","","","","","","","","","","","","","","","","","","","","","","","","","","","","","","","","","","","","","","","","","","","",""
"50020001","PTE DE LA HAGUE",49.725167,-1.939833,6,1951063018,"","","","",4.,1,"","","","","","","","","","","","","","","","","","","","","","","","","","","","","","",15.2,1,10.8,1,"","","","","","","","","","","","","","","","","","","","","","","","","","",76,1,"","","","","","","","","","","","",13.2,1,1027.1,1,"","","","","","",0,1,"","",0,1,0,1,0,1,"","","","","","","","","","","","","","","","","","","","","","","","",19000,1,"","",2,1,0,1,"","","","","","","","","","",3,1,"","","","","","","","","","","","","","","","","","","","","","","","","","","","","","","","","","","","","","","","","","","","","","","","","","","","","",""
"50020001","PTE DE LA HAGUE",49.725167,-1.939833,6,1951070100,"","","","",1.,1,"","","","","","","","","","","","","","","","","","","","","","","","","","","","","","",12.8,1,11.,1,"","","","","","","","","","","","","","","","","","","","","","","","","","",91,1,"","","","","","","","","","","","",13.4,1,1028.6,1,"","","","","","",0,1,"","",0,1,0,1,0,1,"","","","","","","","","","","","","","","","","","","","","","","","",12000,1,"","",2,1,0,1,"","","","","","","","","","",2,1,"","","","","","","","","","","","","","","","","","","","","","","","","","","","","","","","","","","","","","","","","","","","","","","","","","","","","",""
"50020001","PTE DE LA HAGUE",49.725167,-1.939833,6,1951070106,"","","","",1.,1,"","","","","","","","","","","","","","","","","","","","","","","","","","","","","","",11.6,1,10.,1,"","","","","","","","","","","","","","","","","","","","","","","","","","",90,1,"","","","","","","","","","","","",12.5,1,1027.8,1,"","","","","","",4,1,0,1,0,1,3,1,2,1,"","","","","","","","","","","","","","","","","","","","","","","","",18000,1,"","",2,1,0,1,"","","","","","","","","","",2,1,"","","","","","","","","","","","","","","","","","","","","","","","","","","","","","","","","","","","","","","","","","","","","","","","","","","","","",""
"50020001","PTE DE LA HAGUE",49.725167,-1.939833,6,1951070109,"","","","",1.,1,"","","","","","","","","","","","","","","","","","","","","","","","","","","","","","",14.4,1,10.8,1,"","","","","","","","","","","","","","","","","","","","","","","","","","",84,1,"","","","","","","","","","","","",13.2,1,1027.8,1,"","","","","","",6,1,6,1,0,1,3,1,0,1,"","","","","","","","","","","","","","","","","","","","","","","","",18000,1,"","",2,1,1,1,"","","","","","","","","","",2,1,"","","","","","","","","","","","","","","","","","","","","","","","","","","","","","","","","","","","","","","","","","","","","","","","","","","","","",""
"50020001","PTE DE LA HAGUE",49.725167,-1.939833,6,1951070112,"","","","",1.,1,"","","","","","","","","","","","","","","","","","","","","","","","","","","","","","",17.,1,13.1,1,"","","","","","","","","","","","","","","","","","","","","","","","","","",78,1,"","","","","","","","","","","","",15.4,1,1027.8,1,"","","","","","",0,1,"","",0,1,0,1,0,1,"","","","","","","","","","","","","","","","","","","","","","","","",15000,1,"","",2,1,1,1,"","","","","","","","","","",2,1,"","","","","","","","","","","","","","","","","","","","","","","","","","","","","","","","","","","","","","","","","","","","","","","","","","","","","",""
"50020001","PTE DE LA HAGUE",49.725167,-1.939833,6,1951070115,"","","","",0.,1,"","","","","","","","","","","","","","","","","","","","","","","","","","","","","","",18.6,1,13.7,1,"","","","","","","","","","","","","","","","","","","","","","","","","","",75,1,"","","","","","","","","","","","",16.1,1,1027.,1,"","","","","","",0,1,"","",0,1,0,1,0,1,"","","","","","","","","","","","","","","","","","","","","","","","",15000,1,"","",2,1,0,1,"","","","","","","","","","",2,1,"","","","","","","","","","","","","","","","","","","","","","","","","","","","","","","","","","","","","","","","","","","","","","","","","","","","","",""
"50020001","PTE DE LA HAGUE",49.725167,-1.939833,6,1951070118,"","","","",1.,1,"","","","","","","","","","","","","","","","","","","","","","","","","","","","","","",17.4,1,13.2,1,"","","","","","","","","","","","","","","","","","","","","","","","","","",80,1,"","","","","","","","","","","","",15.5,1,1026.5,1,"","","","","","",0,1,"","",0,1,0,1,0,1,"","","","","","","","","","","","","","","","","","","","","","","","",16000,1,"","",2,1,0,1,"","","","","","","","","","",2,1,"","","","","","","","","","","","","","","","","","","","","","","","","","","","","","","","","","","","","","","","","","","","","","","","","","","","","",""
"50020001","PTE DE LA HAGUE",49.725167,-1.939833,6,1951070200,"","","","",1.,1,"","","","","","","","","","","","","","","","","","","","","","","","","","","","","","",14.4,1,11.6,1,"","","","","","","","","","","","","","","","","","","","","","","","","","",87,1,"","","","","","","","","","","","",14.,1,1026.2,1,"","","","","","",0,1,"","",0,1,0,1,0,1,"","","","","","","","","","","","","","","","","","","","","","","","",19000,1,"","",2,1,0,1,"","","","","","","","","","",1,1,"","","","","","","","","","","","","","","","","","","","","","","","","","","","","","","","","","","","","","","","","","","","","","","","","","","","","",""
"50020001","PTE DE LA HAGUE",49.725167,-1.939833,6,1951070206,"","","","",1.,1,"","","","","","","","","","","","","","","","","","","","","","","","","","","","","","",13.8,1,11.9,1,"","","","","","","","","","","","","","","","","","","","","","","","","","",89,1,"","","","","","","","","","","","",14.2,1,1025.7,1,"","","","","","",0,1,"","",0,1,0,1,0,1,"","","","","","","","","","","","","","","","","","","","","","","","",19000,1,"","",2,1,0,1,"","","","","","","","","","",2,1,"","","","","","","","","","","","","","","","","","","","","","","","","","","","","","","","","","","","","","","","","","","","","","","","","","","","","",""
"50020001","PTE DE LA HAGUE",49.725167,-1.939833,6,1951070209,"","","","",0.,1,"","","","","","","","","","","","","","","","","","","","","","","","","","","","","","",15.6,1,12.6,1,"","","","","","","","","","","","","","","","","","","","","","","","","","",85,1,"","","","","","","","","","","","",14.9,1,1025.7,1,"","","","","","",0,1,"","",0,1,0,1,0,1,"","","","","","","","","","","","","","","","","","","","","","","","",16000,1,"","",2,1,0,1,"","","","","","","","","","",1,1,"","","","","","","","","","","","","","","","","","","","","","","","","","","","","","","","","","","","","","","","","","","","","","","","","","","","","",""
"50020001","PTE DE LA HAGUE",49.725167,-1.939833,6,1951070212,"","","","",2.,1,"","","","","","","","","","","","","","","","","","","","","","","","","","","","","","",16.,1,12.3,1,"","","","","","","","","","","","","","","","","","","","","","","","","","",81,1,"","","","","","","","","","","","",14.6,1,1025.8,1,"","","","","","",9,1,"","","","","","","","","","","","","","","","","","","","","","","","","","","","","","","","",300,1,"","",47,1,4,1,"","","","","","","","","","",1,1,"","","","","","","","","","","","","","","","","","","","","","","","","","","","","","","","","","","","","","","","","","","","","","","","","","","","","",""
"50020001","PTE DE LA HAGUE",49.725167,-1.939833,6,1951070215,"","","","",2.,1,"","","","","","","","","","","","","","","","","","","","","","","","","","","","","","",15.6,1,12.4,1,"","","","","","","","","","","","","","","","","","","","","","","","","","",83,1,"","","","","","","","","","","","",14.7,1,1025.3,1,"","","","","","",0,1,"","",0,1,0,1,0,1,"","","","","","","","","","","","","","","","","","","","","","","","",300,1,"","",44,1,4,1,"","","","","","","","","","",1,1,"","","","","","","","","","","","","","","","","","","","","","","","","","","","","","","","","","","","","","","","","","","","","","","","","","","","","",""
"50020001","PTE DE LA HAGUE",49.725167,-1.939833,6,1951070218,"","","","",1.,1,"","","","","","","","","","","","","","","","","","","","","","","","","","","","","","",14.,1,11.9,1,"","","","","","","","","","","","","","","","","","","","","","","","","","",89,1,"","","","","","","","","","","","",14.2,1,1024.6,1,"","","","","","",8,1,8,1,"","","","","","","","","","","","","","","","","","","","","","","","","","","","","","",240,1,"","",44,1,4,1,"","","","","","","","","","",1,1,"","","","","","","","","","","","","","","","","","","","","","","","","","","","","","","","","","","","","","","","","","","","","","","","","","","","","",""
"50020001","PTE DE LA HAGUE",49.725167,-1.939833,6,1951070300,"","","","",2.,1,"","","","","","","","","","","","","","","","","","","","","","","","","","","","","","",13.,1,11.,1,"","","","","","","","","","","","","","","","","","","","","","","","","","",91,1,"","","","","","","","","","","","",13.4,1,1024.2,1,"","","","","","",0,1,"","",0,1,0,1,0,1,"","","","","","","","","","","","","","","","","","","","","","","","",12000,1,"","",2,1,0,1,"","","","","","","","","","",2,1,"","","","","","","","","","","","","","","","","","","","","","","","","","","","","","","","","","","","","","","","","","","","","","","","","","","","","",""
"50020001","PTE DE LA HAGUE",49.725167,-1.939833,6,1951070306,"","","","",2.,1,"","","","","","","","","","","","","","","","","","","","","","","","","","","","","","",13.4,1,12.5,1,"","","","","","","","","","","","","","","","","","","","","","","","","","",98,1,"","","","","","","","","","","","",14.8,1,1022.2,1,"","","","","","",0,1,"","",0,1,0,1,0,1,"","","","","","","","","","","","","","","","","","","","","","","","",450,1,"","",44,1,4,1,"","","","","","","","","","",2,1,"","","","","","","","","","","","","","","","","","","","","","","","","","","","","","","","","","","","","","","","","","","","","","","","","","","","","",""
"50020001","PTE DE LA HAGUE",49.725167,-1.939833,6,1951070309,"","","","",2.,1,"","","","","","","","","","","","","","","","","","","","","","","","","","","","","","",15.4,1,14.2,1,"","","","","","","","","","","","","","","","","","","","","","","","","","",94,1,"","","","","","","","","","","","",16.6,1,1022.2,1,"","","","","","",0,1,"","",0,1,0,1,0,1,"","","","","","","","","","","","","","","","","","","","","","","","",500,1,"","",46,1,4,1,"","","","","","","","","","",2,1,"","","","","","","","","","","","","","","","","","","","","","","","","","","","","","","","","","","","","","","","","","","","","","","","","","","","","",""
"50020001","PTE DE LA HAGUE",49.725167,-1.939833,6,1951070312,"","","","",2.,1,"","","","","","","","","","","","","","","","","","","","","","","","","","","","","","",15.6,1,13.9,1,"","","","","","","","","","","","","","","","","","","","","","","","","","",89,1,"","","","","","","","","","","","",16.3,1,1022.2,1,"","","","","","",9,1,"","","","","","","","","","","","","","","","","","","","","","","","","","","","","","","","",900,1,"","",43,1,4,1,"","","","","","","","","","",2,1,"","","","","","","","","","","","","","","","","","","","","","","","","","","","","","","","","","","","","","","","","","","","","","","","","","","","","",""
"50020001","PTE DE LA HAGUE",49.725167,-1.939833,6,1951070315,"","","","",3.,1,"","","","","","","","","","","","","","","","","","","","","","","","","","","","","","",17.4,1,14.3,1,"","","","","","","","","","","","","","","","","","","","","","","","","","",82,1,"","","","","","","","","","","","",16.7,1,1021.5,1,"","","","","","",1,1,0,1,5,1,0,1,0,1,"","","","","","","","","","","","","","","","","","","","","","","","",28000,1,"","",1,1,4,1,"","","","","","","","","","",3,1,"","","","","","","","","","","","","","","","","","","","","","","","","","","","","","","","","","","","","","","","","","","","","","","","","","","","","",""
"50020001","PTE DE LA HAGUE",49.725167,-1.939833,6,1951070318,"","","","",3.,1,"","","","","","","","","","","","","","","","","","","","","","","","","","","","","","",16.4,1,13.6,1,"","","","","","","","","","","","","","","","","","","","","","","","","","",85,1,"","","","","","","","","","","","",16.,1,1020.6,1,"","","","","","",1,1,0,1,5,1,0,1,0,1,"","","","","","","","","","","","","","","","","","","","","","","","",22000,1,"","",2,1,4,1,"","","","","","","","","","",3,1,"","","","","","","","","","","","","","","","","","","","","","","","","","","","","","","","","","","","","","","","","","","","","","","","","","","","","",""
"50020001","PTE DE LA HAGUE",49.725167,-1.939833,6,1951070400,"","","","",3.,1,"","","","","","","","","","","","","","","","","","","","","","","","","","","","","","",14.,1,12.2,1,"","","","","","","","","","","","","","","","","","","","","","","","","","",93,1,"","","","","","","","","","","","",14.5,1,1019.1,1,"","","","","","",0,1,"","",0,1,0,1,0,1,"","","","","","","","","","","","","","","","","","","","","","","","",32000,1,"","",2,1,0,1,"","","","","","","","","","",3,1,"","","","","","","","","","","","","","","","","","","","","","","","","","","","","","","","","","","","","","","","","","","","","","","","","","","","","",""
"50020001","PTE DE LA HAGUE",49.725167,-1.939833,6,1951070406,"","","","",3.,1,"","","","","","","","","","","","","","","","","","","","","","","","","","","","","","",14.,1,11.9,1,"","","","","","","","","","","","","","","","","","","","","","","","","","",89,1,"","","","","","","","","","","","",14.2,1,1017.5,1,"","","","","","",8,1,8,1,5,1,"","","","","","","","","","","","","","","","","","","","","","","","","","","","",16000,1,"","",2,1,2,1,"","","","","","","","","","",2,1,"","","","","","","","","","","","","","","","","","","","","","","","","","","","","","","","","","","","","","","","","","","","","","","","","","","","","",""
"50020001","PTE DE LA HAGUE",49.725167,-1.939833,6,1951070409,"","","","",4.,1,"","","","","","","","","","","","","","","","","","","","","","","","","","","","","","",15.6,1,13.9,1,"","","","","","","","","","","","","","","","","","","","","","","","","","",89,1,"","","","","","","","","","","","",16.3,1,1017.5,1,"","","","","","",7,1,7,1,5,1,4,1,0,1,"","","","","","","","","","","","","","","","","","","","","","","","",22000,1,"","",2,1,2,1,"","","","","","","","","","",3,1,"","","","","","","","","","","","","","","","","","","","","","","","","","","","","","","","","","","","","","","","","","","","","","","","","","","","","",""
"50020001","PTE DE LA HAGUE",49.725167,-1.939833,6,1951070412,"","","","",4.,1,"","","","","","","","","","","","","","","","","","","","","","","","","","","","","","",17.6,1,14.4,1,"","","","","","","","","","","","","","","","","","","","","","","","","","",84,1,"","","","","","","","","","","","",16.9,1,1017.5,1,"","","","","","",7,1,6,1,2,1,4,1,2,1,"","","","","","","","","","","","","","","","","","","","","","","","",24000,1,"","",2,1,2,1,"","","","","","","","","","",3,1,"","","","","","","","","","","","","","","","","","","","","","","","","","","","","","","","","","","","","","","","","","","","","","","","","","","","","",""
"50020001","PTE DE LA HAGUE",49.725167,-1.939833,6,1951070415,"","","","",5.,1,"","","","","","","","","","","","","","","","","","","","","","","","","","","","","","",17.,1,14.7,1,"","","","","","","","","","","","","","","","","","","","","","","","","","",86,1,"","","","","","","","","","","","",17.2,1,1017.5,1,"","","","","","",8,1,8,1,6,1,"","","","","","","","","","","","","","","","","","","","","","","","","","","","",14000,1,"","",2,1,2,1,"","","","","","","","","","",3,1,"","","","","","","","","","","","","","","","","","","","","","","","","","","","","","","","","","","","","","","","","","","","","","","","","","","","","",""
"50020001","PTE DE LA HAGUE",49.725167,-1.939833,6,1951070418,"","","","",3.,1,"","","","","","","","","","","","","","","","","","","","","","","","","","","","","","",16.4,1,13.9,1,"","","","","","","","","","","","","","","","","","","","","","","","","","",89,1,"","","","","","","","","","","","",16.3,1,1016.7,1,"","","","","","",6,1,0,1,6,1,4,1,0,1,"","","","","","","","","","","","","","","","","","","","","","","","",16000,1,"","",1,1,2,1,"","","","","","","","","","",3,1,"","","","","","","","","","","","","","","","","","","","","","","","","","","","","","","","","","","","","","","","","","","","","","","","","","","","","",""
"50020001","PTE DE LA HAGUE",49.725167,-1.939833,6,1951070500,"","","","",2.,1,"","","","","","","","","","","","","","","","","","","","","","","","","","","","","","",13.8,1,12.,1,"","","","","","","","","","","","","","","","","","","","","","","","","","",91,1,"","","","","","","","","","","","",14.3,1,1018.9,1,"","","","","","",0,1,"","",0,1,0,1,0,1,"","","","","","","","","","","","","","","","","","","","","","","","",12000,1,"","",2,1,0,1,"","","","","","","","","","",2,1,"","","","","","","","","","","","","","","","","","","","","","","","","","","","","","","","","","","","","","","","","","","","","","","","","","","","","",""
"50020001","PTE DE LA HAGUE",49.725167,-1.939833,6,1951070506,"","","","",3.,1,"","","","","","","","","","","","","","","","","","","","","","","","","","","","","","",13.4,1,10.8,1,"","","","","","","","","","","","","","","","","","","","","","","","","","",88,1,"","","","","","","","","","","","",13.2,1,1019.7,1,"","","","","","",7,1,7,1,0,1,9,1,0,1,"","","","","","","","","","","","","","","","","","","","","","","","",23000,1,"","",3,1,1,1,"","","","","","","","","","",3,1,"","","","","","","","","","","","","","","","","","","","","","","","","","","","","","","","","","","","","","","","","","","","","","","","","","","","","",""
"50020001","PTE DE LA HAGUE",49.725167,-1.939833,6,1951070509,"","","","",4.,1,"","","","","","","","","","","","","","","","","","","","","","","","","","","","","","",16.2,1,10.3,1,"","","","","","","","","","","","","","","","","","","","","","","","","","",76,1,"","","","","","","","","","","","",12.8,1,1020.5,1,"","","","","","",7,1,7,1,0,1,3,1,0,1,"","","","","","","","","","","","","","","","","","","","","","","","",30000,1,"","",2,1,2,1,"","","","","","","","","","",3,1,"","","","","","","","","","","","","","","","","","","","","","","","","","","","","","","","","","","","","","","","","","","","","","","","","","","","","",""
"50020001","PTE DE LA HAGUE",49.725167,-1.939833,6,1951070512,"","","","",4.,1,"","","","","","","","","","","","","","","","","","","","","","","","","","","","","","",17.2,1,11.1,1,"","","","","","","","","","","","","","","","","","","","","","","","","","",68,1,"","","","","","","","","","","","",13.5,1,1021.3,1,"","","","","","",4,1,0,1,0,1,3,1,0,1,"","","","","","","","","","","","","","","","","","","","","","","","",30000,1,"","",1,1,2,1,"","","","","","","","","","",3,1,"","","","","","","","","","","","","","","","","","","","","","","","","","","","","","","","","","","","","","","","","","","","","","","","","","","","","",""
"50020001","PTE DE LA HAGUE",49.725167,-1.939833,6,1951070515,"","","","",2.,1,"","","","","","","","","","","","","","","","","","","","","","","","","","","","","","",17.4,1,11.2,1,"","","","","","","","","","","","","","","","","","","","","","","","","","",70,1,"","","","","","","","","","","","",13.6,1,1021.3,1,"","","","","","",2,1,0,1,2,1,0,1,1,1,"","","","","","","","","","","","","","","","","","","","","","","","",25000,1,"","",2,1,0,1,"","","","","","","","","","",2,1,"","","","","","","","","","","","","","","","","","","","","","","","","","","","","","","","","","","","","","","","","","","","","","","","","","","","","",""
"50020001","PTE DE LA HAGUE",49.725167,-1.939833,6,1951070518,"","","","",0.,1,"","","","","","","","","","","","","","","","","","","","","","","","","","","","","","",17.8,1,14.,1,"","","","","","","","","","","","","","","","","","","","","","","","","","",78,1,"","","","","","","","","","","","",16.4,1,1020.9,1,"","","","","","",8,1,8,1,0,1,0,1,7,1,"","","","","","","","","","","","","","","","","","","","","","","","",19000,1,"","",3,1,1,1,"","","","","","","","","","",2,1,"","","","","","","","","","","","","","","","","","","","","","","","","","","","","","","","","","","","","","","","","","","","","","","","","","","","","",""
"50020001","PTE DE LA HAGUE",49.725167,-1.939833,6,1951070600,"","","","",5.,1,"","","","","","","","","","","","","","","","","","","","","","","","","","","","","","",14.2,1,13.2,1,"","","","","","","","","","","","","","","","","","","","","","","","","","",93,1,"","","","","","","","","","","","",15.5,1,1020.9,1,"","","","","","",8,1,8,1,5,1,7,1,"","","","","","","","","","","","","","","","","","","","","","","","","","",18000,1,"","",2,1,2,1,"","","","","","","","","","",3,1,"","","","","","","","","","","","","","","","","","","","","","","","","","","","","","","","","","","","","","","","","","","","","","","","","","","","","",""
"50020001","PTE DE LA HAGUE",49.725167,-1.939833,6,1951070606,"","","","",3.,1,"","","","","","","","","","","","","","","","","","","","","","","","","","","","","","",15.,1,13.1,1,"","","","","","","","","","","","","","","","","","","","","","","","","","",91,1,"","","","","","","","","","","","",15.4,1,1020.5,1,"","","","","","",7,1,7,1,5,1,0,1,0,1,"","","","","","","","","","","","","","","","","","","","","","","","",15000,1,"","",2,1,2,1,"","","","","","","","","","",3,1,"","","","","","","","","","","","","","","","","","","","","","","","","","","","","","","","","","","","","","","","","","","","","","","","","","","","","",""
"50020001","PTE DE LA HAGUE",49.725167,-1.939833,6,1951070609,"","","","",3.,1,"","","","","","","","","","","","","","","","","","","","","","","","","","","","","","",15.8,1,14.,1,"","","","","","","","","","","","","","","","","","","","","","","","","","",91,1,"","","","","","","","","","","","",16.4,1,1021.4,1,"","","","","","",8,1,8,1,6,1,"","","","","","","","","","","","","","","","","","","","","","","","","","","","",12000,1,"","",2,1,2,1,"","","","","","","","","","",3,1,"","","","","","","","","","","","","","","","","","","","","","","","","","","","","","","","","","","","","","","","","","","","","","","","","","","","","",""
"50020001","PTE DE LA HAGUE",49.725167,-1.939833,6,1951070612,"","","","",4.,1,"","","","","","","","","","","","","","","","","","","","","","","","","","","","","","",17.2,1,14.4,1,"","","","","","","","","","","","","","","","","","","","","","","","","","",84,1,"","","","","","","","","","","","",16.9,1,1021.4,1,"","","","","","",1,1,0,1,2,1,0,1,1,1,"","","","","","","","","","","","","","","","","","","","","","","","",14000,1,"","",2,1,2,1,"","","","","","","","","","",3,1,"","","","","","","","","","","","","","","","","","","","","","","","","","","","","","","","","","","","","","","","","","","","","","","","","","","","","",""
"50020001","PTE DE LA HAGUE",49.725167,-1.939833,6,1951070615,"","","","",4.,1,"","","","","","","","","","","","","","","","","","","","","","","","","","","","","","",18.,1,14.2,1,"","","","","","","","","","","","","","","","","","","","","","","","","","",80,1,"","","","","","","","","","","","",16.6,1,1021.,1,"","","","","","",1,1,0,1,0,1,0,1,2,1,"","","","","","","","","","","","","","","","","","","","","","","","",14000,1,"","",2,1,0,1,"","","","","","","","","","",3,1,"","","","","","","","","","","","","","","","","","","","","","","","","","","","","","","","","","","","","","","","","","","","","","","","","","","","","",""
"50020001","PTE DE LA HAGUE",49.725167,-1.939833,6,1951070618,"","","","",4.,1,"","","","","","","","","","","","","","","","","","","","","","","","","","","","","","",17.,1,14.5,1,"","","","","","","","","","","","","","","","","","","","","","","","","","",86,1,"","","","","","","","","","","","",17.,1,1020.6,1,"","","","","","",1,1,0,1,0,1,0,1,2,1,"","","","","","","","","","","","","","","","","","","","","","","","",12000,1,"","",2,1,0,1,"","","","","","","","","","",3,1,"","","","","","","","","","","","","","","","","","","","","","","","","","","","","","","","","","","","","","","","","","","","","","","","","","","","","",""
"50020001","PTE DE LA HAGUE",49.725167,-1.939833,6,1951070700,"","","","",3.,1,"","","","","","","","","","","","","","","","","","","","","","","","","","","","","","",14.,1,12.2,1,"","","","","","","","","","","","","","","","","","","","","","","","","","",93,1,"","","","","","","","","","","","",14.5,1,1019.9,1,"","","","","","",0,1,"","",0,1,0,1,0,1,"","","","","","","","","","","","","","","","","","","","","","","","",16000,1,"","",2,1,0,1,"","","","","","","","","","",2,1,"","","","","","","","","","","","","","","","","","","","","","","","","","","","","","","","","","","","","","","","","","","","","","","","","","","","","",""
"50020001","PTE DE LA HAGUE",49.725167,-1.939833,6,1951070706,"","","","",1.,1,"","","","","","","","","","","","","","","","","","","","","","","","","","","","","","",14.2,1,13.5,1,"","","","","","","","","","","","","","","","","","","","","","","","","","",98,1,"","","","","","","","","","","","",15.5,1,1018.6,1,"","","","","","",8,1,8,1,6,1,"","","","","","","","","","","","","","","","","","","","","","","","","","","","",400,1,"","",41,1,1,1,"","","","","","","","","","",2,1,"","","","","","","","","","","","","","","","","","","","","","","","","","","","","","","","","","","","","","","","","","","","","","","","","","","","","",""
"50020001","PTE DE LA HAGUE",49.725167,-1.939833,6,1951070709,"","","","",2.,1,"","","","","","","","","","","","","","","","","","","","","","","","","","","","","","",15.8,1,14.,1,"","","","","","","","","","","","","","","","","","","","","","","","","","",91,1,"","","","","","","","","","","","",16.4,1,1017.9,1,"","","","","","",7,1,7,1,6,1,3,1,0,1,"","","","","","","","","","","","","","","","","","","","","","","","",8000,1,"","",1,1,2,1,"","","","","","","","","","",2,1,"","","","","","","","","","","","","","","","","","","","","","","","","","","","","","","","","","","","","","","","","","","","","","","","","","","","","",""
"50020001","PTE DE LA HAGUE",49.725167,-1.939833,6,1951070712,"","","","",1.,1,"","","","","","","","","","","","","","","","","","","","","","","","","","","","","","",18.6,1,13.9,1,"","","","","","","","","","","","","","","","","","","","","","","","","","",77,1,"","","","","","","","","","","","",16.3,1,1017.8,1,"","","","","","",7,1,6,1,0,1,4,1,2,1,"","","","","","","","","","","","","","","","","","","","","","","","",16000,1,"","",2,1,1,1,"","","","","","","","","","",2,1,"","","","","","","","","","","","","","","","","","","","","","","","","","","","","","","","","","","","","","","","","","","","","","","","","","","","","",""
"50020001","PTE DE LA HAGUE",49.725167,-1.939833,6,1951070715,"","","","",1.,1,"","","","","","","","","","","","","","","","","","","","","","","","","","","","","","",18.2,1,14.2,1,"","","","","","","","","","","","","","","","","","","","","","","","","","",80,1,"","","","","","","","","","","","",16.6,1,1017.3,1,"","","","","","",1,1,0,1,2,1,0,1,1,1,"","","","","","","","","","","","","","","","","","","","","","","","",14000,1,"","",2,1,0,1,"","","","","","","","","","",2,1,"","","","","","","","","","","","","","","","","","","","","","","","","","","","","","","","","","","","","","","","","","","","","","","","","","","","","",""
"50020001","PTE DE LA HAGUE",49.725167,-1.939833,6,1951070718,"","","","",1.,1,"","","","","","","","","","","","","","","","","","","","","","","","","","","","","","",18.2,1,14.2,1,"","","","","","","","","","","","","","","","","","","","","","","","","","",80,1,"","","","","","","","","","","","",16.6,1,1016.5,1,"","","","","","",2,1,0,1,0,1,4,1,2,1,"","","","","","","","","","","","","","","","","","","","","","","","",22000,1,"","",2,1,0,1,"","","","","","","","","","",2,1,"","","","","","","","","","","","","","","","","","","","","","","","","","","","","","","","","","","","","","","","","","","","","","","","","","","","","",""
"50020001","PTE DE LA HAGUE",49.725167,-1.939833,6,1951070800,"","","","",1.,1,"","","","","","","","","","","","","","","","","","","","","","","","","","","","","","",14.4,1,13.2,1,"","","","","","","","","","","","","","","","","","","","","","","","","","",93,1,"","","","","","","","","","","","",15.5,1,1016.2,1,"","","","","","",2,1,0,1,0,1,4,1,2,1,"","","","","","","","","","","","","","","","","","","","","","","","",19000,1,"","",2,1,0,1,"","","","","","","","","","",2,1,"","","","","","","","","","","","","","","","","","","","","","","","","","","","","","","","","","","","","","","","","","","","","","","","","","","","","",""
"50020001","PTE DE LA HAGUE",49.725167,-1.939833,6,1951070806,"","","","",2.,1,"","","","","","","","","","","","","","","","","","","","","","","","","","","","","","",15.2,1,14.2,1,"","","","","","","","","","","","","","","","","","","","","","","","","","",94,1,"","","","","","","","","","","","",16.6,1,1013.9,1,"","","","","","",7,1,7,1,6,1,3,1,0,1,"","","","","","","","","","","","","","","","","","","","","","","","",12000,1,"","",2,1,2,1,"","","","","","","","","","",2,1,"","","","","","","","","","","","","","","","","","","","","","","","","","","","","","","","","","","","","","","","","","","","","","","","","","","","","",""
"50020001","PTE DE LA HAGUE",49.725167,-1.939833,6,1951070809,"","","","",2.,1,"","","","","","","","","","","","","","","","","","","","","","","","","","","","","","",15.8,1,14.,1,"","","","","","","","","","","","","","","","","","","","","","","","","","",91,1,"","","","","","","","","","","","",16.4,1,1013.3,1,"","","","","","",8,1,8,1,6,1,"","","","","","","","","","","","","","","","","","","","","","","","","","","","",1200,1,"","",10,1,2,1,"","","","","","","","","","",2,1,"","","","","","","","","","","","","","","","","","","","","","","","","","","","","","","","","","","","","","","","","","","","","","","","","","","","","",""
"50020001","PTE DE LA HAGUE",49.725167,-1.939833,6,1951070812,"","","","",3.,1,"","","","","","","","","","","","","","","","","","","","","","","","","","","","","","",18.,1,15.7,1,"","","","","","","","","","","","","","","","","","","","","","","","","","",86,1,"","","","","","","","","","","","",18.3,1,1012.3,1,"","","","","","",6,1,5,1,2,1,0,1,2,1,"","","","","","","","","","","","","","","","","","","","","","","","",8000,1,"","",2,1,2,1,"","","","","","","","","","",2,1,"","","","","","","","","","","","","","","","","","","","","","","","","","","","","","","","","","","","","","","","","","","","","","","","","","","","","",""
"50020001","PTE DE LA HAGUE",49.725167,-1.939833,6,1951070815,"","","","",3.,1,"","","","","","","","","","","","","","","","","","","","","","","","","","","","","","",18.,1,14.3,1,"","","","","","","","","","","","","","","","","","","","","","","","","","",82,1,"","","","","","","","","","","","",16.7,1,1011.7,1,"","","","","","",8,1,8,1,6,1,"","","","","","","","","","","","","","","","","","","","","","","","","","","","",12000,1,"","",2,1,2,1,"","","","","","","","","","",2,1,"","","","","","","","","","","","","","","","","","","","","","","","","","","","","","","","","","","","","","","","","","","","","","","","","","","","","",""
"50020001","PTE DE LA HAGUE",49.725167,-1.939833,6,1951070818,"","","","",3.,1,"","","","","","","","","","","","","","","","","","","","","","","","","","","","","","",17.,1,13.2,1,"","","","","","","","","","","","","","","","","","","","","","","","","","",80,1,"","","","","","","","","","","","",15.5,1,1010.9,1,"","","","","","",7,1,7,1,0,1,0,1,2,1,"","","","","","","","","","","","","","","","","","","","","","","","",12000,1,"","",2,1,2,1,"","","","","","","","","","",2,1,"","","","","","","","","","","","","","","","","","","","","","","","","","","","","","","","","","","","","","","","","","","","","","","","","","","","","",""
"50020001","PTE DE LA HAGUE",49.725167,-1.939833,6,1951070900,"","","","",4.,1,"","","","","","","","","","","","","","","","","","","","","","","","","","","","","","",15.,1,13.1,1,"","","","","","","","","","","","","","","","","","","","","","","","","","",91,1,"","","","","","","","","","","","",15.4,1,1011.3,1,"","","","","","",8,1,8,1,5,1,"","","","","","","","","","","","","","","","","","","","","","","","","","","","",28000,1,"","",2,1,2,1,"","","","","","","","","","",3,1,"","","","","","","","","","","","","","","","","","","","","","","","","","","","","","","","","","","","","","","","","","","","","","","","","","","","","",""
"50020001","PTE DE LA HAGUE",49.725167,-1.939833,6,1951070906,"","","","",3.,1,"","","","","","","","","","","","","","","","","","","","","","","","","","","","","","",14.,1,13.3,1,"","","","","","","","","","","","","","","","","","","","","","","","","","",96,1,"","","","","","","","","","","","",15.7,1,1010.7,1,"","","","","","",8,1,6,1,5,1,7,1,"","","","","","","","","","","","","","","","","","","","","","","","","","",25000,1,"","",21,1,6,1,"","","","","","","","","","",3,1,"","","","","","","","","","","","","","","","","","","","","","","","","","","","","","","","","","","","","","","","","","","","","","","","","","","","","",""
"50020001","PTE DE LA HAGUE",49.725167,-1.939833,6,1951070909,"","","","",4.,1,"","","","","","","","","","","","","","","","","","","","","","","","","","","","","","",16.4,1,13.9,1,"","","","","","","","","","","","","","","","","","","","","","","","","","",89,1,"","","","","","","","","","","","",16.3,1,1010.9,1,"","","","","","",6,1,0,1,6,1,8,1,2,1,"","","","","","","","","","","","","","","","","","","","","","","","",19000,1,"","",1,1,2,1,"","","","","","","","","","",3,1,"","","","","","","","","","","","","","","","","","","","","","","","","","","","","","","","","","","","","","","","","","","","","","","","","","","","","",""
"50020001","PTE DE LA HAGUE",49.725167,-1.939833,6,1951070912,"","","","",4.,1,"","","","","","","","","","","","","","","","","","","","","","","","","","","","","","",16.6,1,13.4,1,"","","","","","","","","","","","","","","","","","","","","","","","","","",83,1,"","","","","","","","","","","","",15.8,1,1010.3,1,"","","","","","",8,1,8,1,2,1,7,1,"","","","","","","","","","","","","","","","","","","","","","","","","","",19000,1,"","",2,1,2,1,"","","","","","","","","","",3,1,"","","","","","","","","","","","","","","","","","","","","","","","","","","","","","","","","","","","","","","","","","","","","","","","","","","","","",""
"50020001","PTE DE LA HAGUE",49.725167,-1.939833,6,1951070915,"","","","",4.,1,"","","","","","","","","","","","","","","","","","","","","","","","","","","","","","",16.4,1,13.7,1,"","","","","","","","","","","","","","","","","","","","","","","","","","",87,1,"","","","","","","","","","","","",16.1,1,1009.8,1,"","","","","","",8,1,8,1,0,1,2,1,"","","","","","","","","","","","","","","","","","","","","","","","","","",14000,1,"","",60,1,6,1,"","","","","","","","","","",3,1,"","","","","","","","","","","","","","","","","","","","","","","","","","","","","","","","","","","","","","","","","","","","","","","","","","","","","",""
"50020001","PTE DE LA HAGUE",49.725167,-1.939833,6,1951070918,"","","","",6.,1,"","","","","","","","","","","","","","","","","","","","","","","","","","","","","","",16.,1,14.,1,"","","","","","","","","","","","","","","","","","","","","","","","","","",91,1,"","","","","","","","","","","","",16.4,1,1008.6,1,"","","","","","",8,1,8,1,7,1,"","","","","","","","","","","","","","","","","","","","","","","","","","","","",7000,1,"","",62,1,6,1,"","","","","","","","","","",3,1,"","","","","","","","","","","","","","","","","","","","","","","","","","","","","","","","","","","","","","","","","","","","","","","","","","","","","",""
"50020001","PTE DE LA HAGUE",49.725167,-1.939833,6,1951071000,"","","","",4.,1,"","","","","","","","","","","","","","","","","","","","","","","","","","","","","","",15.6,1,15.6,1,"","","","","","","","","","","","","","","","","","","","","","","","","","",100,1,"","","","","","","","","","","","",18.2,1,1007.,1,"","","","","","",8,1,8,1,6,1,"","","","","","","","","","","","","","","","","","","","","","","","","","","","",4000,1,"","",53,1,6,1,"","","","","","","","","","",4,1,"","","","","","","","","","","","","","","","","","","","","","","","","","","","","","","","","","","","","","","","","","","","","","","","","","","","","",""
"50020001","PTE DE LA HAGUE",49.725167,-1.939833,6,1951071006,"","","","",6.,1,"","","","","","","","","","","","","","","","","","","","","","","","","","","","","","",15.4,1,14.3,1,"","","","","","","","","","","","","","","","","","","","","","","","","","",96,1,"","","","","","","","","","","","",16.7,1,1006.9,1,"","","","","","",8,1,7,1,6,1,9,1,"","","","","","","","","","","","","","","","","","","","","","","","","","",14000,1,"","",2,1,6,1,"","","","","","","","","","",4,1,"","","","","","","","","","","","","","","","","","","","","","","","","","","","","","","","","","","","","","","","","","","","","","","","","","","","","",""
"50020001","PTE DE LA HAGUE",49.725167,-1.939833,6,1951071009,"","","","",6.,1,"","","","","","","","","","","","","","","","","","","","","","","","","","","","","","",17.8,1,15.8,1,"","","","","","","","","","","","","","","","","","","","","","","","","","",90,1,"","","","","","","","","","","","",18.5,1,1007.3,1,"","","","","","",7,1,6,1,2,1,4,1,2,1,"","","","","","","","","","","","","","","","","","","","","","","","",15000,1,"","",2,1,2,1,"","","","","","","","","","",4,1,"","","","","","","","","","","","","","","","","","","","","","","","","","","","","","","","","","","","","","","","","","","","","","","","","","","","","",""
"50020001","PTE DE LA HAGUE",49.725167,-1.939833,6,1951071012,"","","","",6.,1,"","","","","","","","","","","","","","","","","","","","","","","","","","","","","","",18.4,1,14.,1,"","","","","","","","","","","","","","","","","","","","","","","","","","",78,1,"","","","","","","","","","","","",16.4,1,1008.1,1,"","","","","","",7,1,6,1,2,1,4,1,0,1,"","","","","","","","","","","","","","","","","","","","","","","","",16000,1,"","",2,1,2,1,"","","","","","","","","","",4,1,"","","","","","","","","","","","","","","","","","","","","","","","","","","","","","","","","","","","","","","","","","","","","","","","","","","","","",""
"50020001","PTE DE LA HAGUE",49.725167,-1.939833,6,1951071015,"","","","",5.,1,"","","","","","","","","","","","","","","","","","","","","","","","","","","","","","",18.,1,14.3,1,"","","","","","","","","","","","","","","","","","","","","","","","","","",82,1,"","","","","","","","","","","","",16.7,1,1008.1,1,"","","","","","",7,1,7,1,2,1,3,1,0,1,"","","","","","","","","","","","","","","","","","","","","","","","",19000,1,"","",2,1,2,1,"","","","","","","","","","",4,1,"","","","","","","","","","","","","","","","","","","","","","","","","","","","","","","","","","","","","","","","","","","","","","","","","","","","","",""
"50020001","PTE DE LA HAGUE",49.725167,-1.939833,6,1951071018,"","","","",3.,1,"","","","","","","","","","","","","","","","","","","","","","","","","","","","","","",17.,1,13.4,1,"","","","","","","","","","","","","","","","","","","","","","","","","","",83,1,"","","","","","","","","","","","",15.8,1,1008.2,1,"","","","","","",6,1,5,1,2,1,3,1,0,1,"","","","","","","","","","","","","","","","","","","","","","","","",22000,1,"","",2,1,2,1,"","","","","","","","","","",3,1,"","","","","","","","","","","","","","","","","","","","","","","","","","","","","","","","","","","","","","","","","","","","","","","","","","","","","",""
"50020001","PTE DE LA HAGUE",49.725167,-1.939833,6,1951071100,"","","","",4.,1,"","","","","","","","","","","","","","","","","","","","","","","","","","","","","","",15.8,1,14.2,1,"","","","","","","","","","","","","","","","","","","","","","","","","","",94,1,"","","","","","","","","","","","",16.6,1,1007.7,1,"","","","","","",8,1,8,1,0,1,7,1,"","","","","","","","","","","","","","","","","","","","","","","","","","",12000,1,"","",21,1,6,1,"","","","","","","","","","",3,1,"","","","","","","","","","","","","","","","","","","","","","","","","","","","","","","","","","","","","","","","","","","","","","","","","","","","","",""
"50020001","PTE DE LA HAGUE",49.725167,-1.939833,6,1951071106,"","","","",4.,1,"","","","","","","","","","","","","","","","","","","","","","","","","","","","","","",15.,1,14.3,1,"","","","","","","","","","","","","","","","","","","","","","","","","","",96,1,"","","","","","","","","","","","",16.7,1,1006.3,1,"","","","","","",2,1,0,1,5,1,4,1,0,1,"","","","","","","","","","","","","","","","","","","","","","","","",28000,1,"","",1,1,6,1,"","","","","","","","","","",3,1,"","","","","","","","","","","","","","","","","","","","","","","","","","","","","","","","","","","","","","","","","","","","","","","","","","","","","",""
"50020001","PTE DE LA HAGUE",49.725167,-1.939833,6,1951071109,"","","","",5.,1,"","","","","","","","","","","","","","","","","","","","","","","","","","","","","","",17.,1,14.5,1,"","","","","","","","","","","","","","","","","","","","","","","","","","",86,1,"","","","","","","","","","","","",17.,1,1006.3,1,"","","","","","",2,1,0,1,2,1,4,1,0,1,"","","","","","","","","","","","","","","","","","","","","","","","",25000,1,"","",2,1,1,1,"","","","","","","","","","",3,1,"","","","","","","","","","","","","","","","","","","","","","","","","","","","","","","","","","","","","","","","","","","","","","","","","","","","","",""
"50020001","PTE DE LA HAGUE",49.725167,-1.939833,6,1951071112,"","","","",5.,1,"","","","","","","","","","","","","","","","","","","","","","","","","","","","","","",15.4,1,14.3,1,"","","","","","","","","","","","","","","","","","","","","","","","","","",96,1,"","","","","","","","","","","","",16.7,1,1006.6,1,"","","","","","",7,1,6,1,9,1,0,1,3,1,"","","","","","","","","","","","","","","","","","","","","","","","",16000,1,"","",21,1,6,1,"","","","","","","","","","",3,1,"","","","","","","","","","","","","","","","","","","","","","","","","","","","","","","","","","","","","","","","","","","","","","","","","","","","","",""
"50020001","PTE DE LA HAGUE",49.725167,-1.939833,6,1951071115,"","","","",6.,1,"","","","","","","","","","","","","","","","","","","","","","","","","","","","","","",18.4,1,14.2,1,"","","","","","","","","","","","","","","","","","","","","","","","","","",80,1,"","","","","","","","","","","","",16.6,1,1006.7,1,"","","","","","",6,1,0,1,8,1,4,1,9,1,"","","","","","","","","","","","","","","","","","","","","","","","",22000,1,"","",2,1,1,1,"","","","","","","","","","",4,1,"","","","","","","","","","","","","","","","","","","","","","","","","","","","","","","","","","","","","","","","","","","","","","","","","","","","","",""
"50020001","PTE DE LA HAGUE",49.725167,-1.939833,6,1951071118,"","","","",9.,1,"","","","","","","","","","","","","","","","","","","","","","","","","","","","","","",16.2,1,12.1,1,"","","","","","","","","","","","","","","","","","","","","","","","","","",79,1,"","","","","","","","","","","","",14.4,1,1008.6,1,"","","","","","",4,1,0,1,2,1,8,1,2,1,"","","","","","","","","","","","","","","","","","","","","","","","",19000,1,"","",2,1,1,1,"","","","","","","","","","",4,1,"","","","","","","","","","","","","","","","","","","","","","","","","","","","","","","","","","","","","","","","","","","","","","","","","","","","","",""
"50020001","PTE DE LA HAGUE",49.725167,-1.939833,6,1951071200,"","","","",5.,1,"","","","","","","","","","","","","","","","","","","","","","","","","","","","","","",14.4,1,11.9,1,"","","","","","","","","","","","","","","","","","","","","","","","","","",89,1,"","","","","","","","","","","","",14.2,1,1012.7,1,"","","","","","",7,1,7,1,5,1,7,1,0,1,"","","","","","","","","","","","","","","","","","","","","","","","",30000,1,"","",2,1,2,1,"","","","","","","","","","",4,1,"","","","","","","","","","","","","","","","","","","","","","","","","","","","","","","","","","","","","","","","","","","","","","","","","","","","","",""
"50020001","PTE DE LA HAGUE",49.725167,-1.939833,6,1951071206,"","","","",6.,1,"","","","","","","","","","","","","","","","","","","","","","","","","","","","","","",14.,1,11.9,1,"","","","","","","","","","","","","","","","","","","","","","","","","","",89,1,"","","","","","","","","","","","",14.2,1,1013.8,1,"","","","","","",7,1,5,1,3,1,0,1,2,1,"","","","","","","","","","","","","","","","","","","","","","","","",18000,1,"","",2,1,2,1,"","","","","","","","","","",4,1,"","","","","","","","","","","","","","","","","","","","","","","","","","","","","","","","","","","","","","","","","","","","","","","","","","","","","",""
"50020001","PTE DE LA HAGUE",49.725167,-1.939833,6,1951071209,"","","","",4.,1,"","","","","","","","","","","","","","","","","","","","","","","","","","","","","","",15.,1,12.6,1,"","","","","","","","","","","","","","","","","","","","","","","","","","",85,1,"","","","","","","","","","","","",14.9,1,1015.,1,"","","","","","",8,1,8,1,2,1,2,1,"","","","","","","","","","","","","","","","","","","","","","","","","","",18000,1,"","",60,1,2,1,"","","","","","","","","","",3,1,"","","","","","","","","","","","","","","","","","","","","","","","","","","","","","","","","","","","","","","","","","","","","","","","","","","","","",""
"50020001","PTE DE LA HAGUE",49.725167,-1.939833,6,1951071212,"","","","",0.,1,"","","","","","","","","","","","","","","","","","","","","","","","","","","","","","",13.,1,11.,1,"","","","","","","","","","","","","","","","","","","","","","","","","","",91,1,"","","","","","","","","","","","",13.4,1,1014.7,1,"","","","","","",8,1,8,1,0,1,2,1,"","","","","","","","","","","","","","","","","","","","","","","","","","",14000,1,"","",63,1,6,1,"","","","","","","","","","",3,1,"","","","","","","","","","","","","","","","","","","","","","","","","","","","","","","","","","","","","","","","","","","","","","","","","","","","","",""
"50020001","PTE DE LA HAGUE",49.725167,-1.939833,6,1951071215,"","","","",4.,1,"","","","","","","","","","","","","","","","","","","","","","","","","","","","","","",12.,1,12.,1,"","","","","","","","","","","","","","","","","","","","","","","","","","",100,1,"","","","","","","","","","","","",14.,1,1011.8,1,"","","","","","",8,1,7,1,7,1,2,1,"","","","","","","","","","","","","","","","","","","","","","","","","","",5000,1,"","",63,1,6,1,"","","","","","","","","","",3,1,"","","","","","","","","","","","","","","","","","","","","","","","","","","","","","","","","","","","","","","","","","","","","","","","","","","","","",""
"50020001","PTE DE LA HAGUE",49.725167,-1.939833,6,1951071218,"","","","",4.,1,"","","","","","","","","","","","","","","","","","","","","","","","","","","","","","",12.4,1,11.3,1,"","","","","","","","","","","","","","","","","","","","","","","","","","",95,1,"","","","","","","","","","","","",13.7,1,1012.5,1,"","","","","","",7,1,7,1,8,1,0,1,0,1,"","","","","","","","","","","","","","","","","","","","","","","","",22000,1,"","",60,1,6,1,"","","","","","","","","","",3,1,"","","","","","","","","","","","","","","","","","","","","","","","","","","","","","","","","","","","","","","","","","","","","","","","","","","","","",""
"50020001","PTE DE LA HAGUE",49.725167,-1.939833,6,1951071300,"","","","",4.,1,"","","","","","","","","","","","","","","","","","","","","","","","","","","","","","",13.,1,11.2,1,"","","","","","","","","","","","","","","","","","","","","","","","","","",93,1,"","","","","","","","","","","","",13.6,1,1015.4,1,"","","","","","",0,1,"","",0,1,0,1,0,1,"","","","","","","","","","","","","","","","","","","","","","","","",30000,1,"","",2,1,0,1,"","","","","","","","","","",3,1,"","","","","","","","","","","","","","","","","","","","","","","","","","","","","","","","","","","","","","","","","","","","","","","","","","","","","",""
"50020001","PTE DE LA HAGUE",49.725167,-1.939833,6,1951071306,"","","","",1.,1,"","","","","","","","","","","","","","","","","","","","","","","","","","","","","","",12.6,1,10.,1,"","","","","","","","","","","","","","","","","","","","","","","","","","",90,1,"","","","","","","","","","","","",12.5,1,1017.1,1,"","","","","","",1,1,0,1,2,1,4,1,2,1,"","","","","","","","","","","","","","","","","","","","","","","","",42000,1,"","",2,1,0,1,"","","","","","","","","","",3,1,"","","","","","","","","","","","","","","","","","","","","","","","","","","","","","","","","","","","","","","","","","","","","","","","","","","","","",""
"50020001","PTE DE LA HAGUE",49.725167,-1.939833,6,1951071309,"","","","",2.,1,"","","","","","","","","","","","","","","","","","","","","","","","","","","","","","",15.2,1,11.2,1,"","","","","","","","","","","","","","","","","","","","","","","","","","",80,1,"","","","","","","","","","","","",13.6,1,1018.3,1,"","","","","","",1,1,0,1,2,1,4,1,0,1,"","","","","","","","","","","","","","","","","","","","","","","","",42000,1,"","",2,1,0,1,"","","","","","","","","","",3,1,"","","","","","","","","","","","","","","","","","","","","","","","","","","","","","","","","","","","","","","","","","","","","","","","","","","","","",""
"50020001","PTE DE LA HAGUE",49.725167,-1.939833,6,1951071312,"","","","",3.,1,"","","","","","","","","","","","","","","","","","","","","","","","","","","","","","",17.,1,12.9,1,"","","","","","","","","","","","","","","","","","","","","","","","","","",76,1,"","","","","","","","","","","","",15.2,1,1019.,1,"","","","","","",2,1,0,1,2,1,0,1,4,1,"","","","","","","","","","","","","","","","","","","","","","","","",45000,1,"","",3,1,0,1,"","","","","","","","","","",3,1,"","","","","","","","","","","","","","","","","","","","","","","","","","","","","","","","","","","","","","","","","","","","","","","","","","","","","",""
"50020001","PTE DE LA HAGUE",49.725167,-1.939833,6,1951071315,"","","","",2.,1,"","","","","","","","","","","","","","","","","","","","","","","","","","","","","","",17.4,1,12.9,1,"","","","","","","","","","","","","","","","","","","","","","","","","","",76,1,"","","","","","","","","","","","",15.2,1,1019.3,1,"","","","","","",5,1,0,1,2,1,0,1,4,1,"","","","","","","","","","","","","","","","","","","","","","","","",42000,1,"","",3,1,1,1,"","","","","","","","","","",3,1,"","","","","","","","","","","","","","","","","","","","","","","","","","","","","","","","","","","","","","","","","","","","","","","","","","","","","",""
"50020001","PTE DE LA HAGUE",49.725167,-1.939833,6,1951071318,"","","","",1.,1,"","","","","","","","","","","","","","","","","","","","","","","","","","","","","","",16.6,1,13.7,1,"","","","","","","","","","","","","","","","","","","","","","","","","","",87,1,"","","","","","","","","","","","",16.1,1,1018.6,1,"","","","","","",7,1,7,1,2,1,0,1,4,1,"","","","","","","","","","","","","","","","","","","","","","","","",42000,1,"","",3,1,1,1,"","","","","","","","","","",2,1,"","","","","","","","","","","","","","","","","","","","","","","","","","","","","","","","","","","","","","","","","","","","","","","","","","","","","",""
"50020001","PTE DE LA HAGUE",49.725167,-1.939833,6,1951071400,"","","","",1.,1,"","","","","","","","","","","","","","","","","","","","","","","","","","","","","","",12.,1,10.2,1,"","","","","","","","","","","","","","","","","","","","","","","","","","",93,1,"","","","","","","","","","","","",12.7,1,1019.,1,"","","","","","",6,1,6,1,0,1,0,1,2,1,"","","","","","","","","","","","","","","","","","","","","","","","",38000,1,"","",2,1,2,1,"","","","","","","","","","",2,1,"","","","","","","","","","","","","","","","","","","","","","","","","","","","","","","","","","","","","","","","","","","","","","","","","","","","","",""
"50020001","PTE DE LA HAGUE",49.725167,-1.939833,6,1951071406,"","","","",1.,1,"","","","","","","","","","","","","","","","","","","","","","","","","","","","","","",13.,1,11.,1,"","","","","","","","","","","","","","","","","","","","","","","","","","",91,1,"","","","","","","","","","","","",13.4,1,1018.3,1,"","","","","","",7,1,5,1,0,1,9,1,2,1,"","","","","","","","","","","","","","","","","","","","","","","","",42000,1,"","",2,1,2,1,"","","","","","","","","","",2,1,"","","","","","","","","","","","","","","","","","","","","","","","","","","","","","","","","","","","","","","","","","","","","","","","","","","","","",""
"50020001","PTE DE LA HAGUE",49.725167,-1.939833,6,1951071409,"","","","",0.,1,"","","","","","","","","","","","","","","","","","","","","","","","","","","","","","",15.,1,12.9,1,"","","","","","","","","","","","","","","","","","","","","","","","","","",89,1,"","","","","","","","","","","","",15.2,1,1018.5,1,"","","","","","",2,1,0,1,2,1,4,1,0,1,"","","","","","","","","","","","","","","","","","","","","","","","",40000,1,"","",2,1,2,1,"","","","","","","","","","",2,1,"","","","","","","","","","","","","","","","","","","","","","","","","","","","","","","","","","","","","","","","","","","","","","","","","","","","","",""
"50020001","PTE DE LA HAGUE",49.725167,-1.939833,6,1951071412,"","","","",1.,1,"","","","","","","","","","","","","","","","","","","","","","","","","","","","","","",16.,1,13.6,1,"","","","","","","","","","","","","","","","","","","","","","","","","","",85,1,"","","","","","","","","","","","",16.,1,1018.6,1,"","","","","","",3,1,0,1,2,1,0,1,4,1,"","","","","","","","","","","","","","","","","","","","","","","","",30000,1,"","",3,1,1,1,"","","","","","","","","","",2,1,"","","","","","","","","","","","","","","","","","","","","","","","","","","","","","","","","","","","","","","","","","","","","","","","","","","","","",""
"50020001","PTE DE LA HAGUE",49.725167,-1.939833,6,1951071415,"","","","",1.,1,"","","","","","","","","","","","","","","","","","","","","","","","","","","","","","",17.,1,13.2,1,"","","","","","","","","","","","","","","","","","","","","","","","","","",80,1,"","","","","","","","","","","","",15.5,1,1018.6,1,"","","","","","",2,1,0,1,2,1,0,1,2,1,"","","","","","","","","","","","","","","","","","","","","","","","",25000,1,"","",2,1,0,1,"","","","","","","","","","",2,1,"","","","","","","","","","","","","","","","","","","","","","","","","","","","","","","","","","","","","","","","","","","","","","","","","","","","","",""
"50020001","PTE DE LA HAGUE",49.725167,-1.939833,6,1951071418,"","","","",1.,1,"","","","","","","","","","","","","","","","","","","","","","","","","","","","","","",15.8,1,12.1,1,"","","","","","","","","","","","","","","","","","","","","","","","","","",79,1,"","","","","","","","","","","","",14.4,1,1018.2,1,"","","","","","",1,1,0,1,0,1,4,1,0,1,"","","","","","","","","","","","","","","","","","","","","","","","",32000,1,"","",1,1,0,1,"","","","","","","","","","",2,1,"","","","","","","","","","","","","","","","","","","","","","","","","","","","","","","","","","","","","","","","","","","","","","","","","","","","","",""
"50020001","PTE DE LA HAGUE",49.725167,-1.939833,6,1951071500,"","","","",1.,1,"","","","","","","","","","","","","","","","","","","","","","","","","","","","","","",14.,1,11.9,1,"","","","","","","","","","","","","","","","","","","","","","","","","","",89,1,"","","","","","","","","","","","",14.2,1,1019.8,1,"","","","","","",1,1,0,1,0,1,4,1,0,1,"","","","","","","","","","","","","","","","","","","","","","","","",28000,1,"","",2,1,0,1,"","","","","","","","","","",2,1,"","","","","","","","","","","","","","","","","","","","","","","","","","","","","","","","","","","","","","","","","","","","","","","","","","","","","",""
"50020001","PTE DE LA HAGUE",49.725167,-1.939833,6,1951071506,"","","","",0.,1,"","","","","","","","","","","","","","","","","","","","","","","","","","","","","","",14.,1,11.9,1,"","","","","","","","","","","","","","","","","","","","","","","","","","",89,1,"","","","","","","","","","","","",14.2,1,1020.6,1,"","","","","","",0,1,"","",0,1,0,1,0,1,"","","","","","","","","","","","","","","","","","","","","","","","",14000,1,"","",2,1,0,1,"","","","","","","","","","",1,1,"","","","","","","","","","","","","","","","","","","","","","","","","","","","","","","","","","","","","","","","","","","","","","","","","","","","","",""
"50020001","PTE DE LA HAGUE",49.725167,-1.939833,6,1951071509,"","","","",0.,1,"","","","","","","","","","","","","","","","","","","","","","","","","","","","","","",15.4,1,12.9,1,"","","","","","","","","","","","","","","","","","","","","","","","","","",89,1,"","","","","","","","","","","","",15.2,1,1022.1,1,"","","","","","",3,1,0,1,5,1,0,1,0,1,"","","","","","","","","","","","","","","","","","","","","","","","",8000,1,"","",1,1,2,1,"","","","","","","","","","",1,1,"","","","","","","","","","","","","","","","","","","","","","","","","","","","","","","","","","","","","","","","","","","","","","","","","","","","","",""
"50020001","PTE DE LA HAGUE",49.725167,-1.939833,6,1951071512,"","","","",3.,1,"","","","","","","","","","","","","","","","","","","","","","","","","","","","","","",17.6,1,14.3,1,"","","","","","","","","","","","","","","","","","","","","","","","","","",82,1,"","","","","","","","","","","","",16.7,1,1022.9,1,"","","","","","",1,1,0,1,2,1,0,1,1,1,"","","","","","","","","","","","","","","","","","","","","","","","",10000,1,"","",2,1,1,1,"","","","","","","","","","",2,1,"","","","","","","","","","","","","","","","","","","","","","","","","","","","","","","","","","","","","","","","","","","","","","","","","","","","","",""
"50020001","PTE DE LA HAGUE",49.725167,-1.939833,6,1951071515,"","","","",2.,1,"","","","","","","","","","","","","","","","","","","","","","","","","","","","","","",17.6,1,13.1,1,"","","","","","","","","","","","","","","","","","","","","","","","","","",78,1,"","","","","","","","","","","","",15.4,1,1023.7,1,"","","","","","",6,1,5,1,2,1,0,1,4,1,"","","","","","","","","","","","","","","","","","","","","","","","",10000,1,"","",3,1,1,1,"","","","","","","","","","",2,1,"","","","","","","","","","","","","","","","","","","","","","","","","","","","","","","","","","","","","","","","","","","","","","","","","","","","","",""
"50020001","PTE DE LA HAGUE",49.725167,-1.939833,6,1951071518,"","","","",0.,1,"","","","","","","","","","","","","","","","","","","","","","","","","","","","","","",17.,1,13.4,1,"","","","","","","","","","","","","","","","","","","","","","","","","","",83,1,"","","","","","","","","","","","",15.8,1,1023.9,1,"","","","","","",0,1,"","",0,1,0,1,0,1,"","","","","","","","","","","","","","","","","","","","","","","","",9000,1,"","",1,1,1,1,"","","","","","","","","","",2,1,"","","","","","","","","","","","","","","","","","","","","","","","","","","","","","","","","","","","","","","","","","","","","","","","","","","","","",""
"50020001","PTE DE LA HAGUE",49.725167,-1.939833,6,1951071600,"","","","",1.,1,"","","","","","","","","","","","","","","","","","","","","","","","","","","","","","",13.6,1,12.9,1,"","","","","","","","","","","","","","","","","","","","","","","","","","",89,1,"","","","","","","","","","","","",15.2,1,1026.3,1,"","","","","","",0,1,"","",0,1,0,1,0,1,"","","","","","","","","","","","","","","","","","","","","","","","",12000,1,"","",2,1,0,1,"","","","","","","","","","",1,1,"","","","","","","","","","","","","","","","","","","","","","","","","","","","","","","","","","","","","","","","","","","","","","","","","","","","","",""
"50020001","PTE DE LA HAGUE",49.725167,-1.939833,6,1951071606,"","","","",0.,1,"","","","","","","","","","","","","","","","","","","","","","","","","","","","","","",14.2,1,11.9,1,"","","","","","","","","","","","","","","","","","","","","","","","","","",89,1,"","","","","","","","","","","","",14.2,1,1026.6,1,"","","","","","",0,1,"","",0,1,0,1,0,1,"","","","","","","","","","","","","","","","","","","","","","","","",19000,1,"","",2,1,0,1,"","","","","","","","","","",1,1,"","","","","","","","","","","","","","","","","","","","","","","","","","","","","","","","","","","","","","","","","","","","","","","","","","","","","",""
"50020001","PTE DE LA HAGUE",49.725167,-1.939833,6,1951071609,"","","","",1.,1,"","","","","","","","","","","","","","","","","","","","","","","","","","","","","","",15.6,1,12.4,1,"","","","","","","","","","","","","","","","","","","","","","","","","","",83,1,"","","","","","","","","","","","",14.7,1,1027.8,1,"","","","","","",0,1,"","",0,1,0,1,0,1,"","","","","","","","","","","","","","","","","","","","","","","","",14000,1,"","",2,1,0,1,"","","","","","","","","","",2,1,"","","","","","","","","","","","","","","","","","","","","","","","","","","","","","","","","","","","","","","","","","","","","","","","","","","","","",""
"50020001","PTE DE LA HAGUE",49.725167,-1.939833,6,1951071612,"","","","",1.,1,"","","","","","","","","","","","","","","","","","","","","","","","","","","","","","",16.4,1,13.3,1,"","","","","","","","","","","","","","","","","","","","","","","","","","",81,1,"","","","","","","","","","","","",15.7,1,1028.3,1,"","","","","","",0,1,"","",0,1,0,1,0,1,"","","","","","","","","","","","","","","","","","","","","","","","",10000,1,"","",2,1,0,1,"","","","","","","","","","",1,1,"","","","","","","","","","","","","","","","","","","","","","","","","","","","","","","","","","","","","","","","","","","","","","","","","","","","","",""
"50020001","PTE DE LA HAGUE",49.725167,-1.939833,6,1951071615,"","","","",1.,1,"","","","","","","","","","","","","","","","","","","","","","","","","","","","","","",17.6,1,13.1,1,"","","","","","","","","","","","","","","","","","","","","","","","","","",78,1,"","","","","","","","","","","","",15.4,1,1028.5,1,"","","","","","",0,1,"","",0,1,0,1,0,1,"","","","","","","","","","","","","","","","","","","","","","","","",15000,1,"","",2,1,0,1,"","","","","","","","","","",1,1,"","","","","","","","","","","","","","","","","","","","","","","","","","","","","","","","","","","","","","","","","","","","","","","","","","","","","",""
"50020001","PTE DE LA HAGUE",49.725167,-1.939833,6,1951071618,"","","","",1.,1,"","","","","","","","","","","","","","","","","","","","","","","","","","","","","","",17.6,1,12.7,1,"","","","","","","","","","","","","","","","","","","","","","","","","","",74,1,"","","","","","","","","","","","",15.,1,1028.2,1,"","","","","","",0,1,"","",0,1,0,1,0,1,"","","","","","","","","","","","","","","","","","","","","","","","",28000,1,"","",2,1,0,1,"","","","","","","","","","",2,1,"","","","","","","","","","","","","","","","","","","","","","","","","","","","","","","","","","","","","","","","","","","","","","","","","","","","","",""
"50020001","PTE DE LA HAGUE",49.725167,-1.939833,6,1951071700,"","","","",0.,1,"","","","","","","","","","","","","","","","","","","","","","","","","","","","","","",15.,1,12.6,1,"","","","","","","","","","","","","","","","","","","","","","","","","","",85,1,"","","","","","","","","","","","",14.9,1,1028.7,1,"","","","","","",0,1,"","",0,1,0,1,0,1,"","","","","","","","","","","","","","","","","","","","","","","","",38000,1,"","",2,1,0,1,"","","","","","","","","","",1,1,"","","","","","","","","","","","","","","","","","","","","","","","","","","","","","","","","","","","","","","","","","","","","","","","","","","","","",""
"50020001","PTE DE LA HAGUE",49.725167,-1.939833,6,1951071706,"","","","",0.,1,"","","","","","","","","","","","","","","","","","","","","","","","","","","","","","",14.4,1,11.9,1,"","","","","","","","","","","","","","","","","","","","","","","","","","",89,1,"","","","","","","","","","","","",14.2,1,1028.3,1,"","","","","","",0,1,"","",0,1,0,1,0,1,"","","","","","","","","","","","","","","","","","","","","","","","",28000,1,"","",2,1,0,1,"","","","","","","","","","",1,1,"","","","","","","","","","","","","","","","","","","","","","","","","","","","","","","","","","","","","","","","","","","","","","","","","","","","","",""
"50020001","PTE DE LA HAGUE",49.725167,-1.939833,6,1951071709,"","","","",0.,1,"","","","","","","","","","","","","","","","","","","","","","","","","","","","","","",16.,1,13.7,1,"","","","","","","","","","","","","","","","","","","","","","","","","","",87,1,"","","","","","","","","","","","",16.1,1,1028.6,1,"","","","","","",0,1,"","",0,1,0,1,0,1,"","","","","","","","","","","","","","","","","","","","","","","","",30000,1,"","",2,1,0,1,"","","","","","","","","","",2,1,"","","","","","","","","","","","","","","","","","","","","","","","","","","","","","","","","","","","","","","","","","","","","","","","","","","","","",""
"50020001","PTE DE LA HAGUE",49.725167,-1.939833,6,1951071712,"","","","",1.,1,"","","","","","","","","","","","","","","","","","","","","","","","","","","","","","",18.,1,7.3,1,"","","","","","","","","","","","","","","","","","","","","","","","","","",78,1,"","","","","","","","","","","","",10.4,1,1028.5,1,"","","","","","",1,1,0,1,0,1,0,1,2,1,"","","","","","","","","","","","","","","","","","","","","","","","",28000,1,"","",2,1,0,1,"","","","","","","","","","",2,1,"","","","","","","","","","","","","","","","","","","","","","","","","","","","","","","","","","","","","","","","","","","","","","","","","","","","","",""
"50020001","PTE DE LA HAGUE",49.725167,-1.939833,6,1951071715,"","","","",1.,1,"","","","","","","","","","","","","","","","","","","","","","","","","","","","","","",19.,1,13.7,1,"","","","","","","","","","","","","","","","","","","","","","","","","","",75,1,"","","","","","","","","","","","",16.1,1,1027.7,1,"","","","","","",2,1,0,1,0,1,0,1,4,1,"","","","","","","","","","","","","","","","","","","","","","","","",28000,1,"","",3,1,0,1,"","","","","","","","","","",2,1,"","","","","","","","","","","","","","","","","","","","","","","","","","","","","","","","","","","","","","","","","","","","","","","","","","","","","",""
"50020001","PTE DE LA HAGUE",49.725167,-1.939833,6,1951071718,"","","","",2.,1,"","","","","","","","","","","","","","","","","","","","","","","","","","","","","","",17.8,1,14.2,1,"","","","","","","","","","","","","","","","","","","","","","","","","","",80,1,"","","","","","","","","","","","",16.6,1,1026.7,1,"","","","","","",7,1,7,1,0,1,0,1,4,1,"","","","","","","","","","","","","","","","","","","","","","","","",28000,1,"","",3,1,1,1,"","","","","","","","","","",3,1,"","","","","","","","","","","","","","","","","","","","","","","","","","","","","","","","","","","","","","","","","","","","","","","","","","","","","",""
"50020001","PTE DE LA HAGUE",49.725167,-1.939833,6,1951071800,"","","","",1.,1,"","","","","","","","","","","","","","","","","","","","","","","","","","","","","","",15.4,1,12.9,1,"","","","","","","","","","","","","","","","","","","","","","","","","","",89,1,"","","","","","","","","","","","",15.2,1,1026.3,1,"","","","","","",4,1,0,1,0,1,0,1,2,1,"","","","","","","","","","","","","","","","","","","","","","","","",40000,1,"","",2,1,2,1,"","","","","","","","","","",2,1,"","","","","","","","","","","","","","","","","","","","","","","","","","","","","","","","","","","","","","","","","","","","","","","","","","","","","",""
"50020001","PTE DE LA HAGUE",49.725167,-1.939833,6,1951071806,"","","","",3.,1,"","","","","","","","","","","","","","","","","","","","","","","","","","","","","","",14.,1,13.3,1,"","","","","","","","","","","","","","","","","","","","","","","","","","",96,1,"","","","","","","","","","","","",15.7,1,1025.7,1,"","","","","","",9,1,"","","","","","","","","","","","","","","","","","","","","","","","","","","","","","","","",400,1,"","",45,1,4,1,"","","","","","","","","","",3,1,"","","","","","","","","","","","","","","","","","","","","","","","","","","","","","","","","","","","","","","","","","","","","","","","","","","","","",""
"50020001","PTE DE LA HAGUE",49.725167,-1.939833,6,1951071809,"","","","",1.,1,"","","","","","","","","","","","","","","","","","","","","","","","","","","","","","",15.8,1,14.,1,"","","","","","","","","","","","","","","","","","","","","","","","","","",91,1,"","","","","","","","","","","","",16.4,1,1025.9,1,"","","","","","",8,1,8,1,5,1,"","","","","","","","","","","","","","","","","","","","","","","","","","","","",12000,1,"","",2,1,4,1,"","","","","","","","","","",2,1,"","","","","","","","","","","","","","","","","","","","","","","","","","","","","","","","","","","","","","","","","","","","","","","","","","","","","",""
"50020001","PTE DE LA HAGUE",49.725167,-1.939833,6,1951071812,"","","","",1.,1,"","","","","","","","","","","","","","","","","","","","","","","","","","","","","","",17.,1,14.5,1,"","","","","","","","","","","","","","","","","","","","","","","","","","",86,1,"","","","","","","","","","","","",17.,1,1025.9,1,"","","","","","",8,1,8,1,5,1,"","","","","","","","","","","","","","","","","","","","","","","","","","","","",15000,1,"","",2,1,4,1,"","","","","","","","","","",1,1,"","","","","","","","","","","","","","","","","","","","","","","","","","","","","","","","","","","","","","","","","","","","","","","","","","","","","",""
"50020001","PTE DE LA HAGUE",49.725167,-1.939833,6,1951071815,"","","","",1.,1,"","","","","","","","","","","","","","","","","","","","","","","","","","","","","","",17.6,1,14.4,1,"","","","","","","","","","","","","","","","","","","","","","","","","","",84,1,"","","","","","","","","","","","",16.9,1,1025.8,1,"","","","","","",8,1,8,1,6,1,"","","","","","","","","","","","","","","","","","","","","","","","","","","","",6000,1,"","",2,1,2,1,"","","","","","","","","","",1,1,"","","","","","","","","","","","","","","","","","","","","","","","","","","","","","","","","","","","","","","","","","","","","","","","","","","","","",""
"50020001","PTE DE LA HAGUE",49.725167,-1.939833,6,1951071818,"","","","",2.,1,"","","","","","","","","","","","","","","","","","","","","","","","","","","","","","",16.2,1,14.,1,"","","","","","","","","","","","","","","","","","","","","","","","","","",91,1,"","","","","","","","","","","","",16.,1,1025.,1,"","","","","","",8,1,8,1,6,1,"","","","","","","","","","","","","","","","","","","","","","","","","","","","",1100,1,"","",10,1,2,1,"","","","","","","","","","",3,1,"","","","","","","","","","","","","","","","","","","","","","","","","","","","","","","","","","","","","","","","","","","","","","","","","","","","","",""
"50020001","PTE DE LA HAGUE",49.725167,-1.939833,6,1951071900,"","","","",2.,1,"","","","","","","","","","","","","","","","","","","","","","","","","","","","","","",14.6,1,13.5,1,"","","","","","","","","","","","","","","","","","","","","","","","","","",98,1,"","","","","","","","","","","","",15.9,1,1025.1,1,"","","","","","",0,1,"","",0,1,0,1,0,1,"","","","","","","","","","","","","","","","","","","","","","","","",200,1,"","",44,1,4,1,"","","","","","","","","","",2,1,"","","","","","","","","","","","","","","","","","","","","","","","","","","","","","","","","","","","","","","","","","","","","","","","","","","","","",""
"50020001","PTE DE LA HAGUE",49.725167,-1.939833,6,1951071906,"","","","",0.,1,"","","","","","","","","","","","","","","","","","","","","","","","","","","","","","",13.4,1,13.3,1,"","","","","","","","","","","","","","","","","","","","","","","","","","",96,1,"","","","","","","","","","","","",15.3,1,1024.3,1,"","","","","","",4,1,0,1,0,1,3,1,0,1,"","","","","","","","","","","","","","","","","","","","","","","","",600,1,"","",41,1,4,1,"","","","","","","","","","",2,1,"","","","","","","","","","","","","","","","","","","","","","","","","","","","","","","","","","","","","","","","","","","","","","","","","","","","","",""
"50020001","PTE DE LA HAGUE",49.725167,-1.939833,6,1951071909,"","","","",2.,1,"","","","","","","","","","","","","","","","","","","","","","","","","","","","","","",15.2,1,14.2,1,"","","","","","","","","","","","","","","","","","","","","","","","","","",94,1,"","","","","","","","","","","","",16.6,1,1024.7,1,"","","","","","",0,1,"","",0,1,0,1,0,1,"","","","","","","","","","","","","","","","","","","","","","","","",400,1,"","",46,1,1,1,"","","","","","","","","","",2,1,"","","","","","","","","","","","","","","","","","","","","","","","","","","","","","","","","","","","","","","","","","","","","","","","","","","","","",""
"50020001","PTE DE LA HAGUE",49.725167,-1.939833,6,1951071912,"","","","",1.,1,"","","","","","","","","","","","","","","","","","","","","","","","","","","","","","",16.,1,13.9,1,"","","","","","","","","","","","","","","","","","","","","","","","","","",89,1,"","","","","","","","","","","","",16.3,1,1024.7,1,"","","","","","",9,1,"","","","","","","","","","","","","","","","","","","","","","","","","","","","","","","","",400,1,"","",45,1,4,1,"","","","","","","","","","",2,1,"","","","","","","","","","","","","","","","","","","","","","","","","","","","","","","","","","","","","","","","","","","","","","","","","","","","","",""
"50020001","PTE DE LA HAGUE",49.725167,-1.939833,6,1951071915,"","","","",1.,1,"","","","","","","","","","","","","","","","","","","","","","","","","","","","","","",17.4,1,14.4,1,"","","","","","","","","","","","","","","","","","","","","","","","","","",84,1,"","","","","","","","","","","","",16.9,1,1023.9,1,"","","","","","",0,1,"","",0,1,0,1,0,1,"","","","","","","","","","","","","","","","","","","","","","","","",8000,1,"","",28,1,4,1,"","","","","","","","","","",1,1,"","","","","","","","","","","","","","","","","","","","","","","","","","","","","","","","","","","","","","","","","","","","","","","","","","","","","",""
"50020001","PTE DE LA HAGUE",49.725167,-1.939833,6,1951071918,"","","","",0.,1,"","","","","","","","","","","","","","","","","","","","","","","","","","","","","","",19.4,1,15.1,1,"","","","","","","","","","","","","","","","","","","","","","","","","","",79,1,"","","","","","","","","","","","",17.6,1,1023.1,1,"","","","","","",1,1,0,1,0,1,0,1,4,1,"","","","","","","","","","","","","","","","","","","","","","","","",19000,1,"","",3,1,4,1,"","","","","","","","","","",2,1,"","","","","","","","","","","","","","","","","","","","","","","","","","","","","","","","","","","","","","","","","","","","","","","","","","","","","",""
"50020001","PTE DE LA HAGUE",49.725167,-1.939833,6,1951072000,"","","","",0.,1,"","","","","","","","","","","","","","","","","","","","","","","","","","","","","","",14.8,1,13.2,1,"","","","","","","","","","","","","","","","","","","","","","","","","","",93,1,"","","","","","","","","","","","",15.5,1,1022.9,1,"","","","","","",2,1,0,1,0,1,4,1,2,1,"","","","","","","","","","","","","","","","","","","","","","","","",14000,1,"","",2,1,0,1,"","","","","","","","","","",1,1,"","","","","","","","","","","","","","","","","","","","","","","","","","","","","","","","","","","","","","","","","","","","","","","","","","","","","",""
"50020001","PTE DE LA HAGUE",49.725167,-1.939833,6,1951072006,"","","","",1.,1,"","","","","","","","","","","","","","","","","","","","","","","","","","","","","","",15.,1,14.3,1,"","","","","","","","","","","","","","","","","","","","","","","","","","",96,1,"","","","","","","","","","","","",16.7,1,1022.2,1,"","","","","","",0,1,"","",0,1,0,1,0,1,"","","","","","","","","","","","","","","","","","","","","","","","",180,1,"","",46,1,0,1,"","","","","","","","","","",2,1,"","","","","","","","","","","","","","","","","","","","","","","","","","","","","","","","","","","","","","","","","","","","","","","","","","","","","",""
"50020001","PTE DE LA HAGUE",49.725167,-1.939833,6,1951072009,"","","","",0.,1,"","","","","","","","","","","","","","","","","","","","","","","","","","","","","","",17.8,1,15.7,1,"","","","","","","","","","","","","","","","","","","","","","","","","","",88,1,"","","","","","","","","","","","",18.4,1,1023.,1,"","","","","","",0,1,"","",0,1,0,1,0,1,"","","","","","","","","","","","","","","","","","","","","","","","",9000,1,"","",2,1,4,1,"","","","","","","","","","",2,1,"","","","","","","","","","","","","","","","","","","","","","","","","","","","","","","","","","","","","","","","","","","","","","","","","","","","","",""
"50020001","PTE DE LA HAGUE",49.725167,-1.939833,6,1951072012,"","","","",0.,1,"","","","","","","","","","","","","","","","","","","","","","","","","","","","","","",18.,1,14.4,1,"","","","","","","","","","","","","","","","","","","","","","","","","","",84,1,"","","","","","","","","","","","",16.9,1,1023.3,1,"","","","","","",0,1,"","",0,1,0,1,0,1,"","","","","","","","","","","","","","","","","","","","","","","","",8000,1,"","",2,1,4,1,"","","","","","","","","","",1,1,"","","","","","","","","","","","","","","","","","","","","","","","","","","","","","","","","","","","","","","","","","","","","","","","","","","","","",""
"50020001","PTE DE LA HAGUE",49.725167,-1.939833,6,1951072015,"","","","",0.,1,"","","","","","","","","","","","","","","","","","","","","","","","","","","","","","",19.,1,15.,1,"","","","","","","","","","","","","","","","","","","","","","","","","","",77,1,"","","","","","","","","","","","",17.5,1,1023.4,1,"","","","","","",0,1,"","",0,1,0,1,0,1,"","","","","","","","","","","","","","","","","","","","","","","","",8000,1,"","",2,1,0,1,"","","","","","","","","","",1,1,"","","","","","","","","","","","","","","","","","","","","","","","","","","","","","","","","","","","","","","","","","","","","","","","","","","","","",""
"50020001","PTE DE LA HAGUE",49.725167,-1.939833,6,1951072018,"","","","",0.,1,"","","","","","","","","","","","","","","","","","","","","","","","","","","","","","",18.4,1,14.2,1,"","","","","","","","","","","","","","","","","","","","","","","","","","",80,1,"","","","","","","","","","","","",16.6,1,1022.9,1,"","","","","","",0,1,"","",0,1,0,1,0,1,"","","","","","","","","","","","","","","","","","","","","","","","",9000,1,"","",2,1,0,1,"","","","","","","","","","",1,1,"","","","","","","","","","","","","","","","","","","","","","","","","","","","","","","","","","","","","","","","","","","","","","","","","","","","","",""
"50020001","PTE DE LA HAGUE",49.725167,-1.939833,6,1951072100,"","","","",1.,1,"","","","","","","","","","","","","","","","","","","","","","","","","","","","","","",15.,1,12.9,1,"","","","","","","","","","","","","","","","","","","","","","","","","","",80,1,"","","","","","","","","","","","",15.2,1,1023.5,1,"","","","","","",0,1,"","",0,1,0,1,0,1,"","","","","","","","","","","","","","","","","","","","","","","","",9000,1,"","",2,1,0,1,"","","","","","","","","","",1,1,"","","","","","","","","","","","","","","","","","","","","","","","","","","","","","","","","","","","","","","","","","","","","","","","","","","","","",""
"50020001","PTE DE LA HAGUE",49.725167,-1.939833,6,1951072106,"","","","",2.,1,"","","","","","","","","","","","","","","","","","","","","","","","","","","","","","",15.4,1,12.9,1,"","","","","","","","","","","","","","","","","","","","","","","","","","",89,1,"","","","","","","","","","","","",15.2,1,1023.4,1,"","","","","","",0,1,"","",0,1,0,1,0,1,"","","","","","","","","","","","","","","","","","","","","","","","",10000,1,"","",2,1,0,1,"","","","","","","","","","",2,1,"","","","","","","","","","","","","","","","","","","","","","","","","","","","","","","","","","","","","","","","","","","","","","","","","","","","","",""
"50020001","PTE DE LA HAGUE",49.725167,-1.939833,6,1951072109,"","","","",2.,1,"","","","","","","","","","","","","","","","","","","","","","","","","","","","","","",17.4,1,14.8,1,"","","","","","","","","","","","","","","","","","","","","","","","","","",88,1,"","","","","","","","","","","","",17.3,1,1023.,1,"","","","","","",0,1,"","",0,1,0,1,0,1,"","","","","","","","","","","","","","","","","","","","","","","","",8000,1,"","",2,1,0,1,"","","","","","","","","","",2,1,"","","","","","","","","","","","","","","","","","","","","","","","","","","","","","","","","","","","","","","","","","","","","","","","","","","","","",""
"50020001","PTE DE LA HAGUE",49.725167,-1.939833,6,1951072112,"","","","",5.,1,"","","","","","","","","","","","","","","","","","","","","","","","","","","","","","",18.4,1,14.2,1,"","","","","","","","","","","","","","","","","","","","","","","","","","",80,1,"","","","","","","","","","","","",16.6,1,1022.3,1,"","","","","","",1,1,0,1,0,1,0,1,4,1,"","","","","","","","","","","","","","","","","","","","","","","","",9000,1,"","",3,1,0,1,"","","","","","","","","","",3,1,"","","","","","","","","","","","","","","","","","","","","","","","","","","","","","","","","","","","","","","","","","","","","","","","","","","","","",""
"50020001","PTE DE LA HAGUE",49.725167,-1.939833,6,1951072115,"","","","",5.,1,"","","","","","","","","","","","","","","","","","","","","","","","","","","","","","",17.6,1,14.2,1,"","","","","","","","","","","","","","","","","","","","","","","","","","",80,1,"","","","","","","","","","","","",16.6,1,1021.,1,"","","","","","",1,1,0,1,0,1,0,1,2,1,"","","","","","","","","","","","","","","","","","","","","","","","",11000,1,"","",2,1,0,1,"","","","","","","","","","",3,1,"","","","","","","","","","","","","","","","","","","","","","","","","","","","","","","","","","","","","","","","","","","","","","","","","","","","","",""
"50020001","PTE DE LA HAGUE",49.725167,-1.939833,6,1951072118,"","","","",6.,1,"","","","","","","","","","","","","","","","","","","","","","","","","","","","","","",16.8,1,13.4,1,"","","","","","","","","","","","","","","","","","","","","","","","","","",83,1,"","","","","","","","","","","","",15.8,1,1018.9,1,"","","","","","",6,1,0,1,0,1,8,1,2,1,"","","","","","","","","","","","","","","","","","","","","","","","",12000,1,"","",3,1,1,1,"","","","","","","","","","",4,1,"","","","","","","","","","","","","","","","","","","","","","","","","","","","","","","","","","","","","","","","","","","","","","","","","","","","","",""
"50020001","PTE DE LA HAGUE",49.725167,-1.939833,6,1951072200,"","","","",5.,1,"","","","","","","","","","","","","","","","","","","","","","","","","","","","","","",15.6,1,14.,1,"","","","","","","","","","","","","","","","","","","","","","","","","","",91,1,"","","","","","","","","","","","",16.4,1,1016.2,1,"","","","","","",7,1,0,1,0,1,9,1,2,1,"","","","","","","","","","","","","","","","","","","","","","","","",22000,1,"","",2,1,1,1,"","","","","","","","","","",4,1,"","","","","","","","","","","","","","","","","","","","","","","","","","","","","","","","","","","","","","","","","","","","","","","","","","","","","",""
"50020001","PTE DE LA HAGUE",49.725167,-1.939833,6,1951072206,"","","","",6.,1,"","","","","","","","","","","","","","","","","","","","","","","","","","","","","","",21.,1,15.3,1,"","","","","","","","","","","","","","","","","","","","","","","","","","",70,1,"","","","","","","","","","","","",17.9,1,1011.7,1,"","","","","","",4,1,0,1,2,1,8,1,0,1,"","","","","","","","","","","","","","","","","","","","","","","","",16000,1,"","",1,1,1,1,"","","","","","","","","","",3,1,"","","","","","","","","","","","","","","","","","","","","","","","","","","","","","","","","","","","","","","","","","","","","","","","","","","","","",""
"50020001","PTE DE LA HAGUE",49.725167,-1.939833,6,1951072209,"","","","",8.,1,"","","","","","","","","","","","","","","","","","","","","","","","","","","","","","",18.,1,15.8,1,"","","","","","","","","","","","","","","","","","","","","","","","","","",90,1,"","","","","","","","","","","","",18.5,1,1010.1,1,"","","","","","",8,1,8,1,6,1,"","","","","","","","","","","","","","","","","","","","","","","","","","","","",1500,1,"","",21,1,1,1,"","","","","","","","","","",4,1,"","","","","","","","","","","","","","","","","","","","","","","","","","","","","","","","","","","","","","","","","","","","","","","","","","","","","",""
"50020001","PTE DE LA HAGUE",49.725167,-1.939833,6,1951072212,"","","","",7.,1,"","","","","","","","","","","","","","","","","","","","","","","","","","","","","","",17.4,1,14.9,1,"","","","","","","","","","","","","","","","","","","","","","","","","","",90,1,"","","","","","","","","","","","",16.9,1,1010.1,1,"","","","","","",8,1,8,1,6,1,"","","","","","","","","","","","","","","","","","","","","","","","","","","","",3000,1,"","",10,1,2,1,"","","","","","","","","","",4,1,"","","","","","","","","","","","","","","","","","","","","","","","","","","","","","","","","","","","","","","","","","","","","","","","","","","","","",""
"50020001","PTE DE LA HAGUE",49.725167,-1.939833,6,1951072215,"","","","",8.,1,"","","","","","","","","","","","","","","","","","","","","","","","","","","","","","",17.,1,14.8,1,"","","","","","","","","","","","","","","","","","","","","","","","","","",88,1,"","","","","","","","","","","","",17.3,1,1010.2,1,"","","","","","",8,1,8,1,5,1,"","","","","","","","","","","","","","","","","","","","","","","","","","","","",8000,1,"","",2,1,2,1,"","","","","","","","","","",4,1,"","","","","","","","","","","","","","","","","","","","","","","","","","","","","","","","","","","","","","","","","","","","","","","","","","","","","",""
"50020001","PTE DE LA HAGUE",49.725167,-1.939833,6,1951072218,"","","","",7.,1,"","","","","","","","","","","","","","","","","","","","","","","","","","","","","","",17.,1,14.9,1,"","","","","","","","","","","","","","","","","","","","","","","","","","",90,1,"","","","","","","","","","","","",17.4,1,1010.7,1,"","","","","","",7,1,5,1,0,1,9,1,2,1,"","","","","","","","","","","","","","","","","","","","","","","","",13000,1,"","",2,1,2,1,"","","","","","","","","","",3,1,"","","","","","","","","","","","","","","","","","","","","","","","","","","","","","","","","","","","","","","","","","","","","","","","","","","","","",""
"50020001","PTE DE LA HAGUE",49.725167,-1.939833,6,1951072300,"","","","",9.,1,"","","","","","","","","","","","","","","","","","","","","","","","","","","","","","",15.8,1,14.2,1,"","","","","","","","","","","","","","","","","","","","","","","","","","",94,1,"","","","","","","","","","","","",16.6,1,1007.9,1,"","","","","","",8,1,8,1,5,1,"","","","","","","","","","","","","","","","","","","","","","","","","","","","",15000,1,"","",2,1,2,1,"","","","","","","","","","",4,1,"","","","","","","","","","","","","","","","","","","","","","","","","","","","","","","","","","","","","","","","","","","","","","","","","","","","","",""
"50020001","PTE DE LA HAGUE",49.725167,-1.939833,6,1951072306,"","","","",8.,1,"","","","","","","","","","","","","","","","","","","","","","","","","","","","","","",15.2,1,13.1,1,"","","","","","","","","","","","","","","","","","","","","","","","","","",91,1,"","","","","","","","","","","","",15.4,1,1006.7,1,"","","","","","",7,1,0,1,8,1,8,1,0,1,"","","","","","","","","","","","","","","","","","","","","","","","",25000,1,"","",2,1,8,1,"","","","","","","","","","",4,1,"","","","","","","","","","","","","","","","","","","","","","","","","","","","","","","","","","","","","","","","","","","","","","","","","","","","","",""
"50020001","PTE DE LA HAGUE",49.725167,-1.939833,6,1951072309,"","","","",9.,1,"","","","","","","","","","","","","","","","","","","","","","","","","","","","","","",14.6,1,12.9,1,"","","","","","","","","","","","","","","","","","","","","","","","","","",89,1,"","","","","","","","","","","","",15.2,1,1009.5,1,"","","","","","",8,1,6,1,5,1,7,1,"","","","","","","","","","","","","","","","","","","","","","","","","","",16000,1,"","",21,1,2,1,"","","","","","","","","","",5,1,"","","","","","","","","","","","","","","","","","","","","","","","","","","","","","","","","","","","","","","","","","","","","","","","","","","","","",""
"50020001","PTE DE LA HAGUE",49.725167,-1.939833,6,1951072312,"","","","",8.,1,"","","","","","","","","","","","","","","","","","","","","","","","","","","","","","",15.6,1,10.3,1,"","","","","","","","","","","","","","","","","","","","","","","","","","",71,1,"","","","","","","","","","","","",12.8,1,1012.1,1,"","","","","","",1,1,0,1,2,1,4,1,0,1,"","","","","","","","","","","","","","","","","","","","","","","","",22000,1,"","",1,1,6,1,"","","","","","","","","","",5,1,"","","","","","","","","","","","","","","","","","","","","","","","","","","","","","","","","","","","","","","","","","","","","","","","","","","","","",""
"50020001","PTE DE LA HAGUE",49.725167,-1.939833,6,1951072315,"","","","",5.,1,"","","","","","","","","","","","","","","","","","","","","","","","","","","","","","",16.8,1,9.3,1,"","","","","","","","","","","","","","","","","","","","","","","","","","",62,1,"","","","","","","","","","","","",11.9,1,1013.7,1,"","","","","","",2,1,0,1,2,1,0,1,4,1,"","","","","","","","","","","","","","","","","","","","","","","","",28000,1,"","",3,1,0,1,"","","","","","","","","","",5,1,"","","","","","","","","","","","","","","","","","","","","","","","","","","","","","","","","","","","","","","","","","","","","","","","","","","","","",""
"50020001","PTE DE LA HAGUE",49.725167,-1.939833,6,1951072318,"","","","",7.,1,"","","","","","","","","","","","","","","","","","","","","","","","","","","","","","",16.4,1,9.8,1,"","","","","","","","","","","","","","","","","","","","","","","","","","",66,1,"","","","","","","","","","","","",12.3,1,1015.,1,"","","","","","",7,1,5,1,0,1,9,1,4,1,"","","","","","","","","","","","","","","","","","","","","","","","",25000,1,"","",3,1,1,1,"","","","","","","","","","",4,1,"","","","","","","","","","","","","","","","","","","","","","","","","","","","","","","","","","","","","","","","","","","","","","","","","","","","","",""
"50020001","PTE DE LA HAGUE",49.725167,-1.939833,6,1951072400,"","","","",8.,1,"","","","","","","","","","","","","","","","","","","","","","","","","","","","","","",14.6,1,11.2,1,"","","","","","","","","","","","","","","","","","","","","","","","","","",80,1,"","","","","","","","","","","","",13.6,1,1017.8,1,"","","","","","",4,1,0,1,0,1,9,1,2,1,"","","","","","","","","","","","","","","","","","","","","","","","",39000,1,"","",1,1,2,1,"","","","","","","","","","",5,1,"","","","","","","","","","","","","","","","","","","","","","","","","","","","","","","","","","","","","","","","","","","","","","","","","","","","","",""
"50020001","PTE DE LA HAGUE",49.725167,-1.939833,6,1951072406,"","","","",5.,1,"","","","","","","","","","","","","","","","","","","","","","","","","","","","","","",14.2,1,9.8,1,"","","","","","","","","","","","","","","","","","","","","","","","","","",76,1,"","","","","","","","","","","","",12.3,1,1019.9,1,"","","","","","",7,1,5,1,8,1,4,1,0,1,"","","","","","","","","","","","","","","","","","","","","","","","",30000,1,"","",2,1,2,1,"","","","","","","","","","",4,1,"","","","","","","","","","","","","","","","","","","","","","","","","","","","","","","","","","","","","","","","","","","","","","","","","","","","","",""
"50020001","PTE DE LA HAGUE",49.725167,-1.939833,6,1951072409,"","","","",5.,1,"","","","","","","","","","","","","","","","","","","","","","","","","","","","","","",15.2,1,9.8,1,"","","","","","","","","","","","","","","","","","","","","","","","","","",76,1,"","","","","","","","","","","","",12.3,1,1021.4,1,"","","","","","",6,1,5,1,2,1,4,1,0,1,"","","","","","","","","","","","","","","","","","","","","","","","",28000,1,"","",2,1,2,1,"","","","","","","","","","",4,1,"","","","","","","","","","","","","","","","","","","","","","","","","","","","","","","","","","","","","","","","","","","","","","","","","","","","","",""
"50020001","PTE DE LA HAGUE",49.725167,-1.939833,6,1951072412,"","","","",6.,1,"","","","","","","","","","","","","","","","","","","","","","","","","","","","","","",15.6,1,10.6,1,"","","","","","","","","","","","","","","","","","","","","","","","","","",75,1,"","","","","","","","","","","","",13.,1,1022.6,1,"","","","","","",6,1,5,1,2,1,4,1,0,1,"","","","","","","","","","","","","","","","","","","","","","","","",32000,1,"","",2,1,1,1,"","","","","","","","","","",4,1,"","","","","","","","","","","","","","","","","","","","","","","","","","","","","","","","","","","","","","","","","","","","","","","","","","","","","",""
"50020001","PTE DE LA HAGUE",49.725167,-1.939833,6,1951072415,"","","","",4.,1,"","","","","","","","","","","","","","","","","","","","","","","","","","","","","","",17.4,1,11.2,1,"","","","","","","","","","","","","","","","","","","","","","","","","","",70,1,"","","","","","","","","","","","",13.6,1,1023.4,1,"","","","","","",2,1,0,1,2,1,0,1,2,1,"","","","","","","","","","","","","","","","","","","","","","","","",30000,1,"","",1,1,1,1,"","","","","","","","","","",4,1,"","","","","","","","","","","","","","","","","","","","","","","","","","","","","","","","","","","","","","","","","","","","","","","","","","","","","",""
"50020001","PTE DE LA HAGUE",49.725167,-1.939833,6,1951072418,"","","","",2.,1,"","","","","","","","","","","","","","","","","","","","","","","","","","","","","","",17.4,1,10.9,1,"","","","","","","","","","","","","","","","","","","","","","","","","","",67,1,"","","","","","","","","","","","",13.3,1,1024.1,1,"","","","","","",4,1,0,1,0,1,4,1,4,1,"","","","","","","","","","","","","","","","","","","","","","","","",28000,1,"","",3,1,1,1,"","","","","","","","","","",3,1,"","","","","","","","","","","","","","","","","","","","","","","","","","","","","","","","","","","","","","","","","","","","","","","","","","","","","",""
"50020001","PTE DE LA HAGUE",49.725167,-1.939833,6,1951072500,"","","","",4.,1,"","","","","","","","","","","","","","","","","","","","","","","","","","","","","","",15.2,1,11.2,1,"","","","","","","","","","","","","","","","","","","","","","","","","","",80,1,"","","","","","","","","","","","",13.6,1,1025.,1,"","","","","","",4,1,0,1,0,1,4,1,1,1,"","","","","","","","","","","","","","","","","","","","","","","","",30000,1,"","",2,1,1,1,"","","","","","","","","","",4,1,"","","","","","","","","","","","","","","","","","","","","","","","","","","","","","","","","","","","","","","","","","","","","","","","","","","","","",""
"50020001","PTE DE LA HAGUE",49.725167,-1.939833,6,1951072506,"","","","",1.,1,"","","","","","","","","","","","","","","","","","","","","","","","","","","","","","",14.4,1,11.4,1,"","","","","","","","","","","","","","","","","","","","","","","","","","",84,1,"","","","","","","","","","","","",13.8,1,1026.1,1,"","","","","","",3,1,0,1,0,1,4,1,2,1,"","","","","","","","","","","","","","","","","","","","","","","","",28000,1,"","",2,1,1,1,"","","","","","","","","","",2,1,"","","","","","","","","","","","","","","","","","","","","","","","","","","","","","","","","","","","","","","","","","","","","","","","","","","","","",""
"50020001","PTE DE LA HAGUE",49.725167,-1.939833,6,1951072509,"","","","",1.,1,"","","","","","","","","","","","","","","","","","","","","","","","","","","","","","",16.,1,10.6,1,"","","","","","","","","","","","","","","","","","","","","","","","","","",73,1,"","","","","","","","","","","","",13.,1,1027.1,1,"","","","","","",3,1,0,1,0,1,0,1,4,1,"","","","","","","","","","","","","","","","","","","","","","","","",30000,1,"","",3,1,1,1,"","","","","","","","","","",2,1,"","","","","","","","","","","","","","","","","","","","","","","","","","","","","","","","","","","","","","","","","","","","","","","","","","","","","",""
"50020001","PTE DE LA HAGUE",49.725167,-1.939833,6,1951072512,"","","","",1.,1,"","","","","","","","","","","","","","","","","","","","","","","","","","","","","","",18.4,1,11.9,1,"","","","","","","","","","","","","","","","","","","","","","","","","","",66,1,"","","","","","","","","","","","",14.2,1,1027.4,1,"","","","","","",7,1,7,1,2,1,0,1,2,1,"","","","","","","","","","","","","","","","","","","","","","","","",32000,1,"","",2,1,1,1,"","","","","","","","","","",2,1,"","","","","","","","","","","","","","","","","","","","","","","","","","","","","","","","","","","","","","","","","","","","","","","","","","","","","",""
"50020001","PTE DE LA HAGUE",49.725167,-1.939833,6,1951072515,"","","","",1.,1,"","","","","","","","","","","","","","","","","","","","","","","","","","","","","","",18.2,1,12.1,1,"","","","","","","","","","","","","","","","","","","","","","","","","","",68,1,"","","","","","","","","","","","",14.4,1,1027.,1,"","","","","","",3,1,0,1,2,1,0,1,2,1,"","","","","","","","","","","","","","","","","","","","","","","","",28000,1,"","",1,1,1,1,"","","","","","","","","","",2,1,"","","","","","","","","","","","","","","","","","","","","","","","","","","","","","","","","","","","","","","","","","","","","","","","","","","","","",""
"50020001","PTE DE LA HAGUE",49.725167,-1.939833,6,1951072518,"","","","",1.,1,"","","","","","","","","","","","","","","","","","","","","","","","","","","","","","",18.,1,12.4,1,"","","","","","","","","","","","","","","","","","","","","","","","","","",71,1,"","","","","","","","","","","","",14.7,1,1026.5,1,"","","","","","",6,1,6,1,0,1,0,1,2,1,"","","","","","","","","","","","","","","","","","","","","","","","",30000,1,"","",2,1,1,1,"","","","","","","","","","",2,1,"","","","","","","","","","","","","","","","","","","","","","","","","","","","","","","","","","","","","","","","","","","","","","","","","","","","","",""
"50020001","PTE DE LA HAGUE",49.725167,-1.939833,6,1951072600,"","","","",1.,1,"","","","","","","","","","","","","","","","","","","","","","","","","","","","","","",14.,1,11.9,1,"","","","","","","","","","","","","","","","","","","","","","","","","","",89,1,"","","","","","","","","","","","",14.2,1,1026.7,1,"","","","","","",6,1,6,1,0,1,1,1,0,1,"","","","","","","","","","","","","","","","","","","","","","","","",30000,1,"","",2,1,2,1,"","","","","","","","","","",2,1,"","","","","","","","","","","","","","","","","","","","","","","","","","","","","","","","","","","","","","","","","","","","","","","","","","","","","",""
"50020001","PTE DE LA HAGUE",49.725167,-1.939833,6,1951072606,"","","","",1.,1,"","","","","","","","","","","","","","","","","","","","","","","","","","","","","","",13.6,1,12.2,1,"","","","","","","","","","","","","","","","","","","","","","","","","","",93,1,"","","","","","","","","","","","",14.5,1,1026.1,1,"","","","","","",8,1,8,1,0,1,2,1,"","","","","","","","","","","","","","","","","","","","","","","","","","",30000,1,"","",2,1,2,1,"","","","","","","","","","",1,1,"","","","","","","","","","","","","","","","","","","","","","","","","","","","","","","","","","","","","","","","","","","","","","","","","","","","","",""
"50020001","PTE DE LA HAGUE",49.725167,-1.939833,6,1951072609,"","","","",2.,1,"","","","","","","","","","","","","","","","","","","","","","","","","","","","","","",16.2,1,13.9,1,"","","","","","","","","","","","","","","","","","","","","","","","","","",89,1,"","","","","","","","","","","","",16.3,1,1026.2,1,"","","","","","",7,1,5,1,5,1,7,1,2,1,"","","","","","","","","","","","","","","","","","","","","","","","",25000,1,"","",2,1,2,1,"","","","","","","","","","",2,1,"","","","","","","","","","","","","","","","","","","","","","","","","","","","","","","","","","","","","","","","","","","","","","","","","","","","","",""
"50020001","PTE DE LA HAGUE",49.725167,-1.939833,6,1951072612,"","","","",2.,1,"","","","","","","","","","","","","","","","","","","","","","","","","","","","","","",18.2,1,14.3,1,"","","","","","","","","","","","","","","","","","","","","","","","","","",82,1,"","","","","","","","","","","","",16.7,1,1026.3,1,"","","","","","",7,1,7,1,2,1,0,1,2,1,"","","","","","","","","","","","","","","","","","","","","","","","",28000,1,"","",2,1,2,1,"","","","","","","","","","",2,1,"","","","","","","","","","","","","","","","","","","","","","","","","","","","","","","","","","","","","","","","","","","","","","","","","","","","","",""
"50020001","PTE DE LA HAGUE",49.725167,-1.939833,6,1951072615,"","","","",1.,1,"","","","","","","","","","","","","","","","","","","","","","","","","","","","","","",19.6,1,14.6,1,"","","","","","","","","","","","","","","","","","","","","","","","","","",74,1,"","","","","","","","","","","","",17.1,1,1025.7,1,"","","","","","",3,1,0,1,0,1,4,1,2,1,"","","","","","","","","","","","","","","","","","","","","","","","",25000,1,"","",1,1,2,1,"","","","","","","","","","",2,1,"","","","","","","","","","","","","","","","","","","","","","","","","","","","","","","","","","","","","","","","","","","","","","","","","","","","","",""
"50020001","PTE DE LA HAGUE",49.725167,-1.939833,6,1951072618,"","","","",0.,1,"","","","","","","","","","","","","","","","","","","","","","","","","","","","","","",18.2,1,13.7,1,"","","","","","","","","","","","","","","","","","","","","","","","","","",75,1,"","","","","","","","","","","","",16.1,1,1025.4,1,"","","","","","",3,1,0,1,0,1,4,1,2,1,"","","","","","","","","","","","","","","","","","","","","","","","",19000,1,"","",2,1,1,1,"","","","","","","","","","",1,1,"","","","","","","","","","","","","","","","","","","","","","","","","","","","","","","","","","","","","","","","","","","","","","","","","","","","","",""
"50020001","PTE DE LA HAGUE",49.725167,-1.939833,6,1951072700,"","","","",0.,1,"","","","","","","","","","","","","","","","","","","","","","","","","","","","","","",14.,1,11.6,1,"","","","","","","","","","","","","","","","","","","","","","","","","","",87,1,"","","","","","","","","","","","",14.,1,1025.1,1,"","","","","","",7,1,7,1,0,1,7,1,0,1,"","","","","","","","","","","","","","","","","","","","","","","","",22000,1,"","",2,1,2,1,"","","","","","","","","","",2,1,"","","","","","","","","","","","","","","","","","","","","","","","","","","","","","","","","","","","","","","","","","","","","","","","","","","","","",""
"50020001","PTE DE LA HAGUE",49.725167,-1.939833,6,1951072706,"","","","",1.,1,"","","","","","","","","","","","","","","","","","","","","","","","","","","","","","",13.,1,10.6,1,"","","","","","","","","","","","","","","","","","","","","","","","","","",86,1,"","","","","","","","","","","","",13.,1,1024.7,1,"","","","","","",4,1,0,1,0,1,9,1,9,1,"","","","","","","","","","","","","","","","","","","","","","","","",21000,1,"","",3,1,1,1,"","","","","","","","","","",2,1,"","","","","","","","","","","","","","","","","","","","","","","","","","","","","","","","","","","","","","","","","","","","","","","","","","","","","",""
"50020001","PTE DE LA HAGUE",49.725167,-1.939833,6,1951072709,"","","","",0.,1,"","","","","","","","","","","","","","","","","","","","","","","","","","","","","","",17.,1,11.2,1,"","","","","","","","","","","","","","","","","","","","","","","","","","",72,1,"","","","","","","","","","","","",13.6,1,1025.,1,"","","","","","",5,1,0,1,0,1,4,1,9,1,"","","","","","","","","","","","","","","","","","","","","","","","",25000,1,"","",2,1,1,1,"","","","","","","","","","",1,1,"","","","","","","","","","","","","","","","","","","","","","","","","","","","","","","","","","","","","","","","","","","","","","","","","","","","","",""
"50020001","PTE DE LA HAGUE",49.725167,-1.939833,6,1951072712,"","","","",1.,1,"","","","","","","","","","","","","","","","","","","","","","","","","","","","","","",18.8,1,13.3,1,"","","","","","","","","","","","","","","","","","","","","","","","","","",70,1,"","","","","","","","","","","","",15.7,1,1025.4,1,"","","","","","",2,1,0,1,0,1,8,1,2,1,"","","","","","","","","","","","","","","","","","","","","","","","",25000,1,"","",2,1,1,1,"","","","","","","","","","",2,1,"","","","","","","","","","","","","","","","","","","","","","","","","","","","","","","","","","","","","","","","","","","","","","","","","","","","","",""
"50020001","PTE DE LA HAGUE",49.725167,-1.939833,6,1951072715,"","","","",2.,1,"","","","","","","","","","","","","","","","","","","","","","","","","","","","","","",20.,1,11.,1,"","","","","","","","","","","","","","","","","","","","","","","","","","",58,1,"","","","","","","","","","","","",13.4,1,1024.7,1,"","","","","","",1,1,0,1,0,1,4,1,0,1,"","","","","","","","","","","","","","","","","","","","","","","","",28000,1,"","",2,1,0,1,"","","","","","","","","","",2,1,"","","","","","","","","","","","","","","","","","","","","","","","","","","","","","","","","","","","","","","","","","","","","","","","","","","","","",""
"50020001","PTE DE LA HAGUE",49.725167,-1.939833,6,1951072718,"","","","",0.,1,"","","","","","","","","","","","","","","","","","","","","","","","","","","","","","",19.4,1,13.4,1,"","","","","","","","","","","","","","","","","","","","","","","","","","",72,1,"","","","","","","","","","","","",15.8,1,1024.1,1,"","","","","","",1,1,0,1,0,1,4,1,0,1,"","","","","","","","","","","","","","","","","","","","","","","","",30000,1,"","",2,1,0,1,"","","","","","","","","","",1,1,"","","","","","","","","","","","","","","","","","","","","","","","","","","","","","","","","","","","","","","","","","","","","","","","","","","","","",""
"50020001","PTE DE LA HAGUE",49.725167,-1.939833,6,1951072800,"","","","",0.,1,"","","","","","","","","","","","","","","","","","","","","","","","","","","","","","",13.2,1,10.6,1,"","","","","","","","","","","","","","","","","","","","","","","","","","",86,1,"","","","","","","","","","","","",13.,1,1024.1,1,"","","","","","",0,1,"","",0,1,0,1,0,1,"","","","","","","","","","","","","","","","","","","","","","","","",25000,1,"","",2,1,0,1,"","","","","","","","","","",1,1,"","","","","","","","","","","","","","","","","","","","","","","","","","","","","","","","","","","","","","","","","","","","","","","","","","","","","",""
"50020001","PTE DE LA HAGUE",49.725167,-1.939833,6,1951072806,"","","","",0.,1,"","","","","","","","","","","","","","","","","","","","","","","","","","","","","","",14.6,1,9.5,1,"","","","","","","","","","","","","","","","","","","","","","","","","","",74,1,"","","","","","","","","","","","",12.1,1,1022.7,1,"","","","","","",0,1,"","",0,1,0,1,0,1,"","","","","","","","","","","","","","","","","","","","","","","","",23000,1,"","",2,1,0,1,"","","","","","","","","","",1,1,"","","","","","","","","","","","","","","","","","","","","","","","","","","","","","","","","","","","","","","","","","","","","","","","","","","","","",""
"50020001","PTE DE LA HAGUE",49.725167,-1.939833,6,1951072809,"","","","",0.,1,"","","","","","","","","","","","","","","","","","","","","","","","","","","","","","",17.4,1,13.1,1,"","","","","","","","","","","","","","","","","","","","","","","","","","",78,1,"","","","","","","","","","","","",15.4,1,1022.9,1,"","","","","","",0,1,"","",0,1,0,1,0,1,"","","","","","","","","","","","","","","","","","","","","","","","",21000,1,"","",2,1,0,1,"","","","","","","","","","",1,1,"","","","","","","","","","","","","","","","","","","","","","","","","","","","","","","","","","","","","","","","","","","","","","","","","","","","","",""
"50020001","PTE DE LA HAGUE",49.725167,-1.939833,6,1951072812,"","","","",1.,1,"","","","","","","","","","","","","","","","","","","","","","","","","","","","","","",18.8,1,12.1,1,"","","","","","","","","","","","","","","","","","","","","","","","","","",68,1,"","","","","","","","","","","","",14.4,1,1022.6,1,"","","","","","",0,1,"","",0,1,0,1,0,1,"","","","","","","","","","","","","","","","","","","","","","","","",19000,1,"","",2,1,0,1,"","","","","","","","","","",2,1,"","","","","","","","","","","","","","","","","","","","","","","","","","","","","","","","","","","","","","","","","","","","","","","","","","","","","",""
"50020001","PTE DE LA HAGUE",49.725167,-1.939833,6,1951072815,"","","","",1.,1,"","","","","","","","","","","","","","","","","","","","","","","","","","","","","","",20.,1,14.4,1,"","","","","","","","","","","","","","","","","","","","","","","","","","",71,1,"","","","","","","","","","","","",16.8,1,1021.9,1,"","","","","","",0,1,"","",0,1,0,1,0,1,"","","","","","","","","","","","","","","","","","","","","","","","",19000,1,"","",2,1,0,1,"","","","","","","","","","",2,1,"","","","","","","","","","","","","","","","","","","","","","","","","","","","","","","","","","","","","","","","","","","","","","","","","","","","","",""
"50020001","PTE DE LA HAGUE",49.725167,-1.939833,6,1951072818,"","","","",1.,1,"","","","","","","","","","","","","","","","","","","","","","","","","","","","","","",19.6,1,11.,1,"","","","","","","","","","","","","","","","","","","","","","","","","","",58,1,"","","","","","","","","","","","",13.4,1,1020.7,1,"","","","","","",1,1,0,1,0,1,0,1,4,1,"","","","","","","","","","","","","","","","","","","","","","","","",22000,1,"","",3,1,0,1,"","","","","","","","","","",2,1,"","","","","","","","","","","","","","","","","","","","","","","","","","","","","","","","","","","","","","","","","","","","","","","","","","","","","",""
"50020001","PTE DE LA HAGUE",49.725167,-1.939833,6,1951072900,"","","","",1.,1,"","","","","","","","","","","","","","","","","","","","","","","","","","","","","","",16.,1,8.4,1,"","","","","","","","","","","","","","","","","","","","","","","","","","",63,1,"","","","","","","","","","","","",11.2,1,1021.3,1,"","","","","","",7,1,5,1,0,1,8,1,2,1,"","","","","","","","","","","","","","","","","","","","","","","","",25000,1,"","",2,1,1,1,"","","","","","","","","","",2,1,"","","","","","","","","","","","","","","","","","","","","","","","","","","","","","","","","","","","","","","","","","","","","","","","","","","","","",""
"50020001","PTE DE LA HAGUE",49.725167,-1.939833,6,1951072906,"","","","",2.,1,"","","","","","","","","","","","","","","","","","","","","","","","","","","","","","",15.8,1,12.6,1,"","","","","","","","","","","","","","","","","","","","","","","","","","",85,1,"","","","","","","","","","","","",14.9,1,1019.5,1,"","","","","","",8,1,6,1,0,1,7,1,7,1,"","","","","","","","","","","","","","","","","","","","","","","","",14000,1,"","",2,1,2,1,"","","","","","","","","","",2,1,"","","","","","","","","","","","","","","","","","","","","","","","","","","","","","","","","","","","","","","","","","","","","","","","","","","","","",""
"50020001","PTE DE LA HAGUE",49.725167,-1.939833,6,1951072909,"","","","",2.,1,"","","","","","","","","","","","","","","","","","","","","","","","","","","","","","",16.4,1,15.,1,"","","","","","","","","","","","","","","","","","","","","","","","","","",92,1,"","","","","","","","","","","","",17.5,1,1019.7,1,"","","","","","",7,1,6,1,0,1,7,1,2,1,"","","","","","","","","","","","","","","","","","","","","","","","",7000,1,"","",21,1,6,1,"","","","","","","","","","",3,1,"","","","","","","","","","","","","","","","","","","","","","","","","","","","","","","","","","","","","","","","","","","","","","","","","","","","","",""
"50020001","PTE DE LA HAGUE",49.725167,-1.939833,6,1951072912,"","","","",4.,1,"","","","","","","","","","","","","","","","","","","","","","","","","","","","","","",17.8,1,14.4,1,"","","","","","","","","","","","","","","","","","","","","","","","","","",84,1,"","","","","","","","","","","","",16.9,1,1019.7,1,"","","","","","",8,1,8,1,0,1,1,1,"","","","","","","","","","","","","","","","","","","","","","","","","","",7000,1,"","",2,1,6,1,"","","","","","","","","","",3,1,"","","","","","","","","","","","","","","","","","","","","","","","","","","","","","","","","","","","","","","","","","","","","","","","","","","","","",""
"50020001","PTE DE LA HAGUE",49.725167,-1.939833,6,1951072915,"","","","",6.,1,"","","","","","","","","","","","","","","","","","","","","","","","","","","","","","",17.2,1,13.3,1,"","","","","","","","","","","","","","","","","","","","","","","","","","",81,1,"","","","","","","","","","","","",15.7,1,1019.3,1,"","","","","","",8,1,8,1,0,1,9,1,"","","","","","","","","","","","","","","","","","","","","","","","","","",12000,1,"","",2,1,2,1,"","","","","","","","","","",4,1,"","","","","","","","","","","","","","","","","","","","","","","","","","","","","","","","","","","","","","","","","","","","","","","","","","","","","",""
"50020001","PTE DE LA HAGUE",49.725167,-1.939833,6,1951072918,"","","","",5.,1,"","","","","","","","","","","","","","","","","","","","","","","","","","","","","","",16.8,1,13.4,1,"","","","","","","","","","","","","","","","","","","","","","","","","","",83,1,"","","","","","","","","","","","",15.8,1,1018.2,1,"","","","","","",7,1,5,1,0,1,9,1,2,1,"","","","","","","","","","","","","","","","","","","","","","","","",13000,1,"","",2,1,2,1,"","","","","","","","","","",4,1,"","","","","","","","","","","","","","","","","","","","","","","","","","","","","","","","","","","","","","","","","","","","","","","","","","","","","",""
"50020001","PTE DE LA HAGUE",49.725167,-1.939833,6,1951073000,"","","","",8.,1,"","","","","","","","","","","","","","","","","","","","","","","","","","","","","","",15.8,1,14.,1,"","","","","","","","","","","","","","","","","","","","","","","","","","",91,1,"","","","","","","","","","","","",16.4,1,1018.6,1,"","","","","","",7,1,7,1,0,1,0,1,2,1,"","","","","","","","","","","","","","","","","","","","","","","","",5000,1,"","",2,1,2,1,"","","","","","","","","","",4,1,"","","","","","","","","","","","","","","","","","","","","","","","","","","","","","","","","","","","","","","","","","","","","","","","","","","","","",""
"50020001","PTE DE LA HAGUE",49.725167,-1.939833,6,1951073006,"","","","",8.,1,"","","","","","","","","","","","","","","","","","","","","","","","","","","","","","",16.,1,14.,1,"","","","","","","","","","","","","","","","","","","","","","","","","","",91,1,"","","","","","","","","","","","",16.4,1,1016.1,1,"","","","","","",7,1,5,1,0,1,9,1,2,1,"","","","","","","","","","","","","","","","","","","","","","","","",7000,1,"","",2,1,2,1,"","","","","","","","","","",4,1,"","","","","","","","","","","","","","","","","","","","","","","","","","","","","","","","","","","","","","","","","","","","","","","","","","","","","",""
"50020001","PTE DE LA HAGUE",49.725167,-1.939833,6,1951073009,"","","","",8.,1,"","","","","","","","","","","","","","","","","","","","","","","","","","","","","","",16.6,1,14.9,1,"","","","","","","","","","","","","","","","","","","","","","","","","","",90,1,"","","","","","","","","","","","",17.4,1,1015.5,1,"","","","","","",8,1,0,1,6,1,0,1,2,1,"","","","","","","","","","","","","","","","","","","","","","","","",8000,1,"","",25,1,8,1,"","","","","","","","","","",4,1,"","","","","","","","","","","","","","","","","","","","","","","","","","","","","","","","","","","","","","","","","","","","","","","","","","","","","",""
"50020001","PTE DE LA HAGUE",49.725167,-1.939833,6,1951073012,"","","","",7.,1,"","","","","","","","","","","","","","","","","","","","","","","","","","","","","","",17.,1,14.9,1,"","","","","","","","","","","","","","","","","","","","","","","","","","",90,1,"","","","","","","","","","","","",17.4,1,1015.,1,"","","","","","",8,1,0,1,6,1,8,1,2,1,"","","","","","","","","","","","","","","","","","","","","","","","",7000,1,"","",17,1,8,1,"","","","","","","","","","",4,1,"","","","","","","","","","","","","","","","","","","","","","","","","","","","","","","","","","","","","","","","","","","","","","","","","","","","","",""
"50020001","PTE DE LA HAGUE",49.725167,-1.939833,6,1951073015,"","","","",8.,1,"","","","","","","","","","","","","","","","","","","","","","","","","","","","","","",18.,1,14.4,1,"","","","","","","","","","","","","","","","","","","","","","","","","","",84,1,"","","","","","","","","","","","",16.9,1,1013.3,1,"","","","","","",6,1,6,1,0,1,8,1,0,1,"","","","","","","","","","","","","","","","","","","","","","","","",7000,1,"","",2,1,2,1,"","","","","","","","","","",4,1,"","","","","","","","","","","","","","","","","","","","","","","","","","","","","","","","","","","","","","","","","","","","","","","","","","","","","",""
"50020001","PTE DE LA HAGUE",49.725167,-1.939833,6,1951073018,"","","","",3.,1,"","","","","","","","","","","","","","","","","","","","","","","","","","","","","","",18.2,1,15.7,1,"","","","","","","","","","","","","","","","","","","","","","","","","","",86,1,"","","","","","","","","","","","",18.3,1,1011.8,1,"","","","","","",7,1,0,1,9,1,9,1,3,1,"","","","","","","","","","","","","","","","","","","","","","","","",7000,1,"","",95,1,2,1,"","","","","","","","","","",3,1,"","","","","","","","","","","","","","","","","","","","","","","","","","","","","","","","","","","","","","","","","","","","","","","","","","","","","",""
"50020001","PTE DE LA HAGUE",49.725167,-1.939833,6,1951073100,"","","","",3.,1,"","","","","","","","","","","","","","","","","","","","","","","","","","","","","","",18.4,1,17.1,1,"","","","","","","","","","","","","","","","","","","","","","","","","","",94,1,"","","","","","","","","","","","",20.1,1,1011.1,1,"","","","","","",2,1,0,1,0,1,8,1,0,1,"","","","","","","","","","","","","","","","","","","","","","","","",8000,1,"","",13,1,9,1,"","","","","","","","","","",3,1,"","","","","","","","","","","","","","","","","","","","","","","","","","","","","","","","","","","","","","","","","","","","","","","","","","","","","",""
"50020001","PTE DE LA HAGUE",49.725167,-1.939833,6,1951073106,"","","","",4.,1,"","","","","","","","","","","","","","","","","","","","","","","","","","","","","","",18.,1,16.,1,"","","","","","","","","","","","","","","","","","","","","","","","","","",92,1,"","","","","","","","","","","","",18.7,1,1010.6,1,"","","","","","",8,1,8,1,6,1,"","","","","","","","","","","","","","","","","","","","","","","","","","","","",5000,1,"","",2,1,2,1,"","","","","","","","","","",3,1,"","","","","","","","","","","","","","","","","","","","","","","","","","","","","","","","","","","","","","","","","","","","","","","","","","","","","",""
"50020001","PTE DE LA HAGUE",49.725167,-1.939833,6,1951073109,"","","","",3.,1,"","","","","","","","","","","","","","","","","","","","","","","","","","","","","","",18.,1,16.,1,"","","","","","","","","","","","","","","","","","","","","","","","","","",92,1,"","","","","","","","","","","","",18.2,1,1011.5,1,"","","","","","",8,1,8,1,6,1,"","","","","","","","","","","","","","","","","","","","","","","","","","","","",2000,1,"","",10,1,2,1,"","","","","","","","","","",3,1,"","","","","","","","","","","","","","","","","","","","","","","","","","","","","","","","","","","","","","","","","","","","","","","","","","","","","",""
"50020001","PTE DE LA HAGUE",49.725167,-1.939833,6,1951073112,"","","","",3.,1,"","","","","","","","","","","","","","","","","","","","","","","","","","","","","","",17.8,1,16.1,1,"","","","","","","","","","","","","","","","","","","","","","","","","","",94,1,"","","","","","","","","","","","",18.9,1,1012.1,1,"","","","","","",8,1,8,1,6,1,"","","","","","","","","","","","","","","","","","","","","","","","","","","","",1200,1,"","",28,1,4,1,"","","","","","","","","","",2,1,"","","","","","","","","","","","","","","","","","","","","","","","","","","","","","","","","","","","","","","","","","","","","","","","","","","","","",""
"50020001","PTE DE LA HAGUE",49.725167,-1.939833,6,1951073115,"","","","",4.,1,"","","","","","","","","","","","","","","","","","","","","","","","","","","","","","",18.4,1,15.7,1,"","","","","","","","","","","","","","","","","","","","","","","","","","",88,1,"","","","","","","","","","","","",18.4,1,1012.3,1,"","","","","","",7,1,7,1,5,1,0,1,0,1,"","","","","","","","","","","","","","","","","","","","","","","","",8000,1,"","",2,1,2,1,"","","","","","","","","","",3,1,"","","","","","","","","","","","","","","","","","","","","","","","","","","","","","","","","","","","","","","","","","","","","","","","","","","","","",""
"50020001","PTE DE LA HAGUE",49.725167,-1.939833,6,1951073118,"","","","",3.,1,"","","","","","","","","","","","","","","","","","","","","","","","","","","","","","",17.2,1,16.1,1,"","","","","","","","","","","","","","","","","","","","","","","","","","",94,1,"","","","","","","","","","","","",18.9,1,1012.1,1,"","","","","","",7,1,7,1,5,1,0,1,0,1,"","","","","","","","","","","","","","","","","","","","","","","","",8000,1,"","",2,1,2,1,"","","","","","","","","","",2,1,"","","","","","","","","","","","","","","","","","","","","","","","","","","","","","","","","","","","","","","","","","","","","","","","","","","","","",""
"50020001","PTE DE LA HAGUE",49.725167,-1.939833,6,1951080100,"","","","",2.,1,"","","","","","","","","","","","","","","","","","","","","","","","","","","","","","",16.4,1,15.,1,"","","","","","","","","","","","","","","","","","","","","","","","","","",92,1,"","","","","","","","","","","","",17.5,1,1012.9,1,"","","","","","",8,1,8,1,6,1,"","","","","","","","","","","","","","","","","","","","","","","","","","","","",8000,1,"","",2,1,2,1,"","","","","","","","","","",2,1,"","","","","","","","","","","","","","","","","","","","","","","","","","","","","","","","","","","","","","","","","","","","","","","","","","","","","",""
"50020001","PTE DE LA HAGUE",49.725167,-1.939833,6,1951080106,"","","","",2.,1,"","","","","","","","","","","","","","","","","","","","","","","","","","","","","","",16.,1,14.2,1,"","","","","","","","","","","","","","","","","","","","","","","","","","",94,1,"","","","","","","","","","","","",16.6,1,1014.2,1,"","","","","","",8,1,8,1,6,1,7,1,"","","","","","","","","","","","","","","","","","","","","","","","","","",9000,1,"","",2,1,2,1,"","","","","","","","","","",2,1,"","","","","","","","","","","","","","","","","","","","","","","","","","","","","","","","","","","","","","","","","","","","","","","","","","","","","",""
"50020001","PTE DE LA HAGUE",49.725167,-1.939833,6,1951080109,"","","","",2.,1,"","","","","","","","","","","","","","","","","","","","","","","","","","","","","","",16.2,1,13.9,1,"","","","","","","","","","","","","","","","","","","","","","","","","","",89,1,"","","","","","","","","","","","",16.3,1,1015.5,1,"","","","","","",7,1,5,1,0,1,7,1,2,1,"","","","","","","","","","","","","","","","","","","","","","","","",19000,1,"","",1,1,2,1,"","","","","","","","","","",2,1,"","","","","","","","","","","","","","","","","","","","","","","","","","","","","","","","","","","","","","","","","","","","","","","","","","","","","",""
"50020001","PTE DE LA HAGUE",49.725167,-1.939833,6,1951080112,"","","","",1.,1,"","","","","","","","","","","","","","","","","","","","","","","","","","","","","","",18.6,1,15.3,1,"","","","","","","","","","","","","","","","","","","","","","","","","","",82,1,"","","","","","","","","","","","",17.9,1,1015.9,1,"","","","","","",5,1,0,1,2,1,0,1,2,1,"","","","","","","","","","","","","","","","","","","","","","","","",21000,1,"","",1,1,1,1,"","","","","","","","","","",2,1,"","","","","","","","","","","","","","","","","","","","","","","","","","","","","","","","","","","","","","","","","","","","","","","","","","","","","",""
"50020001","PTE DE LA HAGUE",49.725167,-1.939833,6,1951080115,"","","","",2.,1,"","","","","","","","","","","","","","","","","","","","","","","","","","","","","","",18.2,1,14.3,1,"","","","","","","","","","","","","","","","","","","","","","","","","","",82,1,"","","","","","","","","","","","",16.7,1,1016.7,1,"","","","","","",6,1,0,1,2,1,0,1,2,1,"","","","","","","","","","","","","","","","","","","","","","","","",30000,1,"","",2,1,1,1,"","","","","","","","","","",3,1,"","","","","","","","","","","","","","","","","","","","","","","","","","","","","","","","","","","","","","","","","","","","","","","","","","","","","",""
"50020001","PTE DE LA HAGUE",49.725167,-1.939833,6,1951080118,"","","","",1.,1,"","","","","","","","","","","","","","","","","","","","","","","","","","","","","","",18.4,1,15.3,1,"","","","","","","","","","","","","","","","","","","","","","","","","","",82,1,"","","","","","","","","","","","",17.9,1,1017.4,1,"","","","","","",3,1,0,1,2,1,0,1,2,1,"","","","","","","","","","","","","","","","","","","","","","","","",29000,1,"","",1,1,1,1,"","","","","","","","","","",3,1,"","","","","","","","","","","","","","","","","","","","","","","","","","","","","","","","","","","","","","","","","","","","","","","","","","","","","",""
"50020001","PTE DE LA HAGUE",49.725167,-1.939833,6,1951080200,"","","","",3.,1,"","","","","","","","","","","","","","","","","","","","","","","","","","","","","","",16.,1,13.9,1,"","","","","","","","","","","","","","","","","","","","","","","","","","",89,1,"","","","","","","","","","","","",16.3,1,1018.2,1,"","","","","","",0,1,"","",0,1,0,1,0,1,"","","","","","","","","","","","","","","","","","","","","","","","",25000,1,"","",2,1,0,1,"","","","","","","","","","",3,1,"","","","","","","","","","","","","","","","","","","","","","","","","","","","","","","","","","","","","","","","","","","","","","","","","","","","","",""
"50020001","PTE DE LA HAGUE",49.725167,-1.939833,6,1951080206,"","","","",2.,1,"","","","","","","","","","","","","","","","","","","","","","","","","","","","","","",15.,1,12.9,1,"","","","","","","","","","","","","","","","","","","","","","","","","","",89,1,"","","","","","","","","","","","",15.2,1,1019.9,1,"","","","","","",6,1,6,1,0,1,0,1,2,1,"","","","","","","","","","","","","","","","","","","","","","","","",19000,1,"","",2,1,1,1,"","","","","","","","","","",2,1,"","","","","","","","","","","","","","","","","","","","","","","","","","","","","","","","","","","","","","","","","","","","","","","","","","","","","",""
"50020001","PTE DE LA HAGUE",49.725167,-1.939833,6,1951080209,"","","","",2.,1,"","","","","","","","","","","","","","","","","","","","","","","","","","","","","","",17.2,1,14.8,1,"","","","","","","","","","","","","","","","","","","","","","","","","","",88,1,"","","","","","","","","","","","",17.3,1,1021.,1,"","","","","","",6,1,5,1,2,1,0,1,2,1,"","","","","","","","","","","","","","","","","","","","","","","","",26000,1,"","",2,1,2,1,"","","","","","","","","","",2,1,"","","","","","","","","","","","","","","","","","","","","","","","","","","","","","","","","","","","","","","","","","","","","","","","","","","","","",""
"50020001","PTE DE LA HAGUE",49.725167,-1.939833,6,1951080212,"","","","",2.,1,"","","","","","","","","","","","","","","","","","","","","","","","","","","","","","",19.2,1,15.,1,"","","","","","","","","","","","","","","","","","","","","","","","","","",77,1,"","","","","","","","","","","","",17.5,1,1021.,1,"","","","","","",2,1,0,1,2,1,0,1,2,1,"","","","","","","","","","","","","","","","","","","","","","","","",24000,1,"","",2,1,1,1,"","","","","","","","","","",2,1,"","","","","","","","","","","","","","","","","","","","","","","","","","","","","","","","","","","","","","","","","","","","","","","","","","","","","",""
"50020001","PTE DE LA HAGUE",49.725167,-1.939833,6,1951080215,"","","","",2.,1,"","","","","","","","","","","","","","","","","","","","","","","","","","","","","","",19.6,1,14.8,1,"","","","","","","","","","","","","","","","","","","","","","","","","","",76,1,"","","","","","","","","","","","",17.3,1,1021.,1,"","","","","","",2,1,0,1,2,1,0,1,2,1,"","","","","","","","","","","","","","","","","","","","","","","","",24000,1,"","",2,1,0,1,"","","","","","","","","","",2,1,"","","","","","","","","","","","","","","","","","","","","","","","","","","","","","","","","","","","","","","","","","","","","","","","","","","","","",""
"50020001","PTE DE LA HAGUE",49.725167,-1.939833,6,1951080218,"","","","",2.,1,"","","","","","","","","","","","","","","","","","","","","","","","","","","","","","",18.,1,14.,1,"","","","","","","","","","","","","","","","","","","","","","","","","","",78,1,"","","","","","","","","","","","",16.4,1,1020.3,1,"","","","","","",1,1,0,1,0,1,0,1,1,1,"","","","","","","","","","","","","","","","","","","","","","","","",24000,1,"","",2,1,0,1,"","","","","","","","","","",2,1,"","","","","","","","","","","","","","","","","","","","","","","","","","","","","","","","","","","","","","","","","","","","","","","","","","","","","",""
"50020001","PTE DE LA HAGUE",49.725167,-1.939833,6,1951080300,"","","","",1.,1,"","","","","","","","","","","","","","","","","","","","","","","","","","","","","","",14.2,1,11.6,1,"","","","","","","","","","","","","","","","","","","","","","","","","","",87,1,"","","","","","","","","","","","",14.,1,1019.3,1,"","","","","","",6,1,6,1,0,1,8,1,0,1,"","","","","","","","","","","","","","","","","","","","","","","","",22000,1,"","",2,1,2,1,"","","","","","","","","","",2,1,"","","","","","","","","","","","","","","","","","","","","","","","","","","","","","","","","","","","","","","","","","","","","","","","","","","","","",""
"50020001","PTE DE LA HAGUE",49.725167,-1.939833,6,1951080306,"","","","",2.,1,"","","","","","","","","","","","","","","","","","","","","","","","","","","","","","",15.4,1,12.8,1,"","","","","","","","","","","","","","","","","","","","","","","","","","",87,1,"","","","","","","","","","","","",15.1,1,1017.3,1,"","","","","","",5,1,0,1,0,1,4,1,2,1,"","","","","","","","","","","","","","","","","","","","","","","","",30000,1,"","",2,1,0,1,"","","","","","","","","","",2,1,"","","","","","","","","","","","","","","","","","","","","","","","","","","","","","","","","","","","","","","","","","","","","","","","","","","","","",""
"50020001","PTE DE LA HAGUE",49.725167,-1.939833,6,1951080309,"","","","",4.,1,"","","","","","","","","","","","","","","","","","","","","","","","","","","","","","",17.8,1,14.2,1,"","","","","","","","","","","","","","","","","","","","","","","","","","",80,1,"","","","","","","","","","","","",16.6,1,1016.7,1,"","","","","","",7,1,5,1,0,1,3,1,2,1,"","","","","","","","","","","","","","","","","","","","","","","","",32000,1,"","",2,1,2,1,"","","","","","","","","","",3,1,"","","","","","","","","","","","","","","","","","","","","","","","","","","","","","","","","","","","","","","","","","","","","","","","","","","","","",""
"50020001","PTE DE LA HAGUE",49.725167,-1.939833,6,1951080312,"","","","",6.,1,"","","","","","","","","","","","","","","","","","","","","","","","","","","","","","",20.8,1,14.3,1,"","","","","","","","","","","","","","","","","","","","","","","","","","",69,1,"","","","","","","","","","","","",16.7,1,1015.5,1,"","","","","","",7,1,0,1,1,1,3,1,2,1,"","","","","","","","","","","","","","","","","","","","","","","","",35000,1,"","",2,1,2,1,"","","","","","","","","","",3,1,"","","","","","","","","","","","","","","","","","","","","","","","","","","","","","","","","","","","","","","","","","","","","","","","","","","","","",""
"50020001","PTE DE LA HAGUE",49.725167,-1.939833,6,1951080315,"","","","",5.,1,"","","","","","","","","","","","","","","","","","","","","","","","","","","","","","",22.,1,13.2,1,"","","","","","","","","","","","","","","","","","","","","","","","","","",58,1,"","","","","","","","","","","","",15.5,1,1014.5,1,"","","","","","",5,1,0,1,1,1,4,1,2,1,"","","","","","","","","","","","","","","","","","","","","","","","",28000,1,"","",2,1,2,1,"","","","","","","","","","",3,1,"","","","","","","","","","","","","","","","","","","","","","","","","","","","","","","","","","","","","","","","","","","","","","","","","","","","","",""
"50020001","PTE DE LA HAGUE",49.725167,-1.939833,6,1951080318,"","","","",2.,1,"","","","","","","","","","","","","","","","","","","","","","","","","","","","","","",19.8,1,14.5,1,"","","","","","","","","","","","","","","","","","","","","","","","","","",72,1,"","","","","","","","","","","","",17.,1,1013.9,1,"","","","","","",7,1,7,1,0,1,7,1,0,1,"","","","","","","","","","","","","","","","","","","","","","","","",30000,1,"","",2,1,2,1,"","","","","","","","","","",2,1,"","","","","","","","","","","","","","","","","","","","","","","","","","","","","","","","","","","","","","","","","","","","","","","","","","","","","",""
"50020001","PTE DE LA HAGUE",49.725167,-1.939833,6,1951080400,"","","","",2.,1,"","","","","","","","","","","","","","","","","","","","","","","","","","","","","","",15.8,1,14.,1,"","","","","","","","","","","","","","","","","","","","","","","","","","",91,1,"","","","","","","","","","","","",16.4,1,1013.3,1,"","","","","","",8,1,7,1,0,1,7,1,"","","","","","","","","","","","","","","","","","","","","","","","","","",18000,1,"","",61,1,6,1,"","","","","","","","","","",2,1,"","","","","","","","","","","","","","","","","","","","","","","","","","","","","","","","","","","","","","","","","","","","","","","","","","","","","",""
"50020001","PTE DE LA HAGUE",49.725167,-1.939833,6,1951080406,"","","","",1.,1,"","","","","","","","","","","","","","","","","","","","","","","","","","","","","","",15.2,1,14.3,1,"","","","","","","","","","","","","","","","","","","","","","","","","","",96,1,"","","","","","","","","","","","",16.7,1,1012.2,1,"","","","","","",7,1,6,1,6,1,7,1,0,1,"","","","","","","","","","","","","","","","","","","","","","","","",28000,1,"","",2,1,6,1,"","","","","","","","","","",2,1,"","","","","","","","","","","","","","","","","","","","","","","","","","","","","","","","","","","","","","","","","","","","","","","","","","","","","",""
"50020001","PTE DE LA HAGUE",49.725167,-1.939833,6,1951080409,"","","","",3.,1,"","","","","","","","","","","","","","","","","","","","","","","","","","","","","","",17.2,1,14.9,1,"","","","","","","","","","","","","","","","","","","","","","","","","","",90,1,"","","","","","","","","","","","",17.4,1,1012.3,1,"","","","","","",7,1,7,1,8,1,0,1,0,1,"","","","","","","","","","","","","","","","","","","","","","","","",22000,1,"","",2,1,2,1,"","","","","","","","","","",3,1,"","","","","","","","","","","","","","","","","","","","","","","","","","","","","","","","","","","","","","","","","","","","","","","","","","","","","",""
"50020001","PTE DE LA HAGUE",49.725167,-1.939833,6,1951080412,"","","","",5.,1,"","","","","","","","","","","","","","","","","","","","","","","","","","","","","","",18.8,1,15.2,1,"","","","","","","","","","","","","","","","","","","","","","","","","","",81,1,"","","","","","","","","","","","",17.8,1,1013.,1,"","","","","","",2,1,0,1,2,1,4,1,0,1,"","","","","","","","","","","","","","","","","","","","","","","","",30000,1,"","",1,1,2,1,"","","","","","","","","","",3,1,"","","","","","","","","","","","","","","","","","","","","","","","","","","","","","","","","","","","","","","","","","","","","","","","","","","","","",""
"50020001","PTE DE LA HAGUE",49.725167,-1.939833,6,1951080415,"","","","",4.,1,"","","","","","","","","","","","","","","","","","","","","","","","","","","","","","",19.,1,15.1,1,"","","","","","","","","","","","","","","","","","","","","","","","","","",79,1,"","","","","","","","","","","","",17.6,1,1013.3,1,"","","","","","",2,1,0,1,2,1,0,1,0,1,"","","","","","","","","","","","","","","","","","","","","","","","",26000,1,"","",2,1,0,1,"","","","","","","","","","",3,1,"","","","","","","","","","","","","","","","","","","","","","","","","","","","","","","","","","","","","","","","","","","","","","","","","","","","","",""
"50020001","PTE DE LA HAGUE",49.725167,-1.939833,6,1951080418,"","","","",4.,1,"","","","","","","","","","","","","","","","","","","","","","","","","","","","","","",17.8,1,14.2,1,"","","","","","","","","","","","","","","","","","","","","","","","","","",80,1,"","","","","","","","","","","","",16.6,1,1012.9,1,"","","","","","",1,1,0,1,0,1,0,1,2,1,"","","","","","","","","","","","","","","","","","","","","","","","",22000,1,"","",2,1,0,1,"","","","","","","","","","",3,1,"","","","","","","","","","","","","","","","","","","","","","","","","","","","","","","","","","","","","","","","","","","","","","","","","","","","","",""
"50020001","PTE DE LA HAGUE",49.725167,-1.939833,6,1951080500,"","","","",4.,1,"","","","","","","","","","","","","","","","","","","","","","","","","","","","","","",16.,1,13.9,1,"","","","","","","","","","","","","","","","","","","","","","","","","","",89,1,"","","","","","","","","","","","",16.3,1,1012.3,1,"","","","","","",2,1,0,1,0,1,0,1,2,1,"","","","","","","","","","","","","","","","","","","","","","","","",25000,1,"","",2,1,0,1,"","","","","","","","","","",3,1,"","","","","","","","","","","","","","","","","","","","","","","","","","","","","","","","","","","","","","","","","","","","","","","","","","","","","",""
"50020001","PTE DE LA HAGUE",49.725167,-1.939833,6,1951080506,"","","","",4.,1,"","","","","","","","","","","","","","","","","","","","","","","","","","","","","","",15.6,1,14.2,1,"","","","","","","","","","","","","","","","","","","","","","","","","","",94,1,"","","","","","","","","","","","",16.6,1,1011.,1,"","","","","","",8,1,8,1,5,1,"","","","","","","","","","","","","","","","","","","","","","","","","","","","",28000,1,"","",2,1,2,1,"","","","","","","","","","",3,1,"","","","","","","","","","","","","","","","","","","","","","","","","","","","","","","","","","","","","","","","","","","","","","","","","","","","","",""
"50020001","PTE DE LA HAGUE",49.725167,-1.939833,6,1951080509,"","","","",5.,1,"","","","","","","","","","","","","","","","","","","","","","","","","","","","","","",16.8,1,13.3,1,"","","","","","","","","","","","","","","","","","","","","","","","","","",81,1,"","","","","","","","","","","","",15.7,1,1010.2,1,"","","","","","",8,1,8,1,0,1,7,1,"","","","","","","","","","","","","","","","","","","","","","","","","","",28000,1,"","",2,1,2,1,"","","","","","","","","","",3,1,"","","","","","","","","","","","","","","","","","","","","","","","","","","","","","","","","","","","","","","","","","","","","","","","","","","","","",""
"50020001","PTE DE LA HAGUE",49.725167,-1.939833,6,1951080512,"","","","",6.,1,"","","","","","","","","","","","","","","","","","","","","","","","","","","","","","",18.,1,12.7,1,"","","","","","","","","","","","","","","","","","","","","","","","","","",74,1,"","","","","","","","","","","","",15.,1,1009.1,1,"","","","","","",8,1,8,1,2,1,7,1,"","","","","","","","","","","","","","","","","","","","","","","","","","",28000,1,"","",2,1,2,1,"","","","","","","","","","",3,1,"","","","","","","","","","","","","","","","","","","","","","","","","","","","","","","","","","","","","","","","","","","","","","","","","","","","","",""
"50020001","PTE DE LA HAGUE",49.725167,-1.939833,6,1951080515,"","","","",6.,1,"","","","","","","","","","","","","","","","","","","","","","","","","","","","","","",18.,1,15.7,1,"","","","","","","","","","","","","","","","","","","","","","","","","","",88,1,"","","","","","","","","","","","",18.4,1,1007.9,1,"","","","","","",8,1,8,1,2,1,7,1,"","","","","","","","","","","","","","","","","","","","","","","","","","",22000,1,"","",21,1,6,1,"","","","","","","","","","",4,1,"","","","","","","","","","","","","","","","","","","","","","","","","","","","","","","","","","","","","","","","","","","","","","","","","","","","","",""
"50020001","PTE DE LA HAGUE",49.725167,-1.939833,6,1951080518,"","","","",4.,1,"","","","","","","","","","","","","","","","","","","","","","","","","","","","","","",16.8,1,15.,1,"","","","","","","","","","","","","","","","","","","","","","","","","","",92,1,"","","","","","","","","","","","",17.5,1,1006.7,1,"","","","","","",8,1,5,1,7,1,2,1,"","","","","","","","","","","","","","","","","","","","","","","","","","",18000,1,"","",61,1,6,1,"","","","","","","","","","",3,1,"","","","","","","","","","","","","","","","","","","","","","","","","","","","","","","","","","","","","","","","","","","","","","","","","","","","","",""
"50020001","PTE DE LA HAGUE",49.725167,-1.939833,6,1951080600,"","","","",2.,1,"","","","","","","","","","","","","","","","","","","","","","","","","","","","","","",16.,1,14.2,1,"","","","","","","","","","","","","","","","","","","","","","","","","","",94,1,"","","","","","","","","","","","",16.6,1,1006.7,1,"","","","","","",8,1,8,1,0,1,7,1,"","","","","","","","","","","","","","","","","","","","","","","","","","",25000,1,"","",2,1,6,1,"","","","","","","","","","",2,1,"","","","","","","","","","","","","","","","","","","","","","","","","","","","","","","","","","","","","","","","","","","","","","","","","","","","","",""
"50020001","PTE DE LA HAGUE",49.725167,-1.939833,6,1951080606,"","","","",0.,1,"","","","","","","","","","","","","","","","","","","","","","","","","","","","","","",15.2,1,14.4,1,"","","","","","","","","","","","","","","","","","","","","","","","","","",98,1,"","","","","","","","","","","","",16.9,1,1005.8,1,"","","","","","",8,1,7,1,6,1,2,1,"","","","","","","","","","","","","","","","","","","","","","","","","","",18000,1,"","",21,1,6,1,"","","","","","","","","","",2,1,"","","","","","","","","","","","","","","","","","","","","","","","","","","","","","","","","","","","","","","","","","","","","","","","","","","","","",""
"50020001","PTE DE LA HAGUE",49.725167,-1.939833,6,1951080609,"","","","",4.,1,"","","","","","","","","","","","","","","","","","","","","","","","","","","","","","",17.,1,15.,1,"","","","","","","","","","","","","","","","","","","","","","","","","","",92,1,"","","","","","","","","","","","",17.5,1,1005.4,1,"","","","","","",8,1,7,1,8,1,2,1,"","","","","","","","","","","","","","","","","","","","","","","","","","",18000,1,"","",2,1,2,1,"","","","","","","","","","",3,1,"","","","","","","","","","","","","","","","","","","","","","","","","","","","","","","","","","","","","","","","","","","","","","","","","","","","","",""
"50020001","PTE DE LA HAGUE",49.725167,-1.939833,6,1951080612,"","","","",4.,1,"","","","","","","","","","","","","","","","","","","","","","","","","","","","","","",15.8,1,14.2,1,"","","","","","","","","","","","","","","","","","","","","","","","","","",94,1,"","","","","","","","","","","","",16.6,1,1004.9,1,"","","","","","",8,1,7,1,8,1,2,1,"","","","","","","","","","","","","","","","","","","","","","","","","","",12000,1,"","",62,1,6,1,"","","","","","","","","","",3,1,"","","","","","","","","","","","","","","","","","","","","","","","","","","","","","","","","","","","","","","","","","","","","","","","","","","","","",""
"50020001","PTE DE LA HAGUE",49.725167,-1.939833,6,1951080615,"","","","",3.,1,"","","","","","","","","","","","","","","","","","","","","","","","","","","","","","",16.,1,15.4,1,"","","","","","","","","","","","","","","","","","","","","","","","","","",98,1,"","","","","","","","","","","","",18.,1,1004.2,1,"","","","","","",8,1,7,1,8,1,2,1,"","","","","","","","","","","","","","","","","","","","","","","","","","",22000,1,"","",60,1,6,1,"","","","","","","","","","",2,1,"","","","","","","","","","","","","","","","","","","","","","","","","","","","","","","","","","","","","","","","","","","","","","","","","","","","","",""
"50020001","PTE DE LA HAGUE",49.725167,-1.939833,6,1951080618,"","","","",2.,1,"","","","","","","","","","","","","","","","","","","","","","","","","","","","","","",16.6,1,15.1,1,"","","","","","","","","","","","","","","","","","","","","","","","","","",94,1,"","","","","","","","","","","","",17.7,1,1003.3,1,"","","","","","",4,1,0,1,2,1,9,1,2,1,"","","","","","","","","","","","","","","","","","","","","","","","",28000,1,"","",2,1,6,1,"","","","","","","","","","",2,1,"","","","","","","","","","","","","","","","","","","","","","","","","","","","","","","","","","","","","","","","","","","","","","","","","","","","","",""
"50020001","PTE DE LA HAGUE",49.725167,-1.939833,6,1951080706,"","","","",4.,1,"","","","","","","","","","","","","","","","","","","","","","","","","","","","","","",15.6,1,14.2,1,"","","","","","","","","","","","","","","","","","","","","","","","","","",94,1,"","","","","","","","","","","","",16.6,1,1004.1,1,"","","","","","",7,1,7,1,8,1,3,1,0,1,"","","","","","","","","","","","","","","","","","","","","","","","",12000,1,"","",2,1,2,1,"","","","","","","","","","",3,1,"","","","","","","","","","","","","","","","","","","","","","","","","","","","","","","","","","","","","","","","","","","","","","","","","","","","","",""
"50020001","PTE DE LA HAGUE",49.725167,-1.939833,6,1951080709,"","","","",4.,1,"","","","","","","","","","","","","","","","","","","","","","","","","","","","","","",17.,1,14.9,1,"","","","","","","","","","","","","","","","","","","","","","","","","","",90,1,"","","","","","","","","","","","",17.4,1,1004.6,1,"","","","","","",6,1,5,1,2,1,0,1,2,1,"","","","","","","","","","","","","","","","","","","","","","","","",14000,1,"","",2,1,8,1,"","","","","","","","","","",3,1,"","","","","","","","","","","","","","","","","","","","","","","","","","","","","","","","","","","","","","","","","","","","","","","","","","","","","",""
"50020001","PTE DE LA HAGUE",49.725167,-1.939833,6,1951080712,"","","","",4.,1,"","","","","","","","","","","","","","","","","","","","","","","","","","","","","","",18.,1,15.7,1,"","","","","","","","","","","","","","","","","","","","","","","","","","",86,1,"","","","","","","","","","","","",18.3,1,1005.5,1,"","","","","","",7,1,6,1,2,1,0,1,2,1,"","","","","","","","","","","","","","","","","","","","","","","","",18000,1,"","",2,1,2,1,"","","","","","","","","","",3,1,"","","","","","","","","","","","","","","","","","","","","","","","","","","","","","","","","","","","","","","","","","","","","","","","","","","","","",""
"50020001","PTE DE LA HAGUE",49.725167,-1.939833,6,1951080715,"","","","",4.,1,"","","","","","","","","","","","","","","","","","","","","","","","","","","","","","",18.,1,14.4,1,"","","","","","","","","","","","","","","","","","","","","","","","","","",84,1,"","","","","","","","","","","","",16.9,1,1005.5,1,"","","","","","",7,1,5,1,2,1,7,1,2,1,"","","","","","","","","","","","","","","","","","","","","","","","",24000,1,"","",2,1,2,1,"","","","","","","","","","",3,1,"","","","","","","","","","","","","","","","","","","","","","","","","","","","","","","","","","","","","","","","","","","","","","","","","","","","","",""
"50020001","PTE DE LA HAGUE",49.725167,-1.939833,6,1951080718,"","","","",4.,1,"","","","","","","","","","","","","","","","","","","","","","","","","","","","","","",17.4,1,14.4,1,"","","","","","","","","","","","","","","","","","","","","","","","","","",84,1,"","","","","","","","","","","","",16.9,1,1005.1,1,"","","","","","",6,1,5,1,0,1,7,1,2,1,"","","","","","","","","","","","","","","","","","","","","","","","",22000,1,"","",2,1,1,1,"","","","","","","","","","",3,1,"","","","","","","","","","","","","","","","","","","","","","","","","","","","","","","","","","","","","","","","","","","","","","","","","","","","","",""
"50020001","PTE DE LA HAGUE",49.725167,-1.939833,6,1951080806,"","","","",1.,1,"","","","","","","","","","","","","","","","","","","","","","","","","","","","","","",14.,1,12.,1,"","","","","","","","","","","","","","","","","","","","","","","","","","",91,1,"","","","","","","","","","","","",14.3,1,999.9,1,"","","","","","",8,1,8,1,2,1,7,1,"","","","","","","","","","","","","","","","","","","","","","","","","","",24000,1,"","",2,1,2,1,"","","","","","","","","","",2,1,"","","","","","","","","","","","","","","","","","","","","","","","","","","","","","","","","","","","","","","","","","","","","","","","","","","","","",""
"50020001","PTE DE LA HAGUE",49.725167,-1.939833,6,1951080809,"","","","",2.,1,"","","","","","","","","","","","","","","","","","","","","","","","","","","","","","",14.8,1,13.1,1,"","","","","","","","","","","","","","","","","","","","","","","","","","",91,1,"","","","","","","","","","","","",15.4,1,998.9,1,"","","","","","",8,1,8,1,8,1,7,1,"","","","","","","","","","","","","","","","","","","","","","","","","","",18000,1,"","",2,1,8,1,"","","","","","","","","","",2,1,"","","","","","","","","","","","","","","","","","","","","","","","","","","","","","","","","","","","","","","","","","","","","","","","","","","","","",""
"50020001","PTE DE LA HAGUE",49.725167,-1.939833,6,1951080812,"","","","",3.,1,"","","","","","","","","","","","","","","","","","","","","","","","","","","","","","",15.,1,13.1,1,"","","","","","","","","","","","","","","","","","","","","","","","","","",91,1,"","","","","","","","","","","","",15.4,1,998.1,1,"","","","","","",8,1,7,1,8,1,2,1,"","","","","","","","","","","","","","","","","","","","","","","","","","",10000,1,"","",61,1,6,1,"","","","","","","","","","",2,1,"","","","","","","","","","","","","","","","","","","","","","","","","","","","","","","","","","","","","","","","","","","","","","","","","","","","","",""
"50020001","PTE DE LA HAGUE",49.725167,-1.939833,6,1951080815,"","","","",3.,1,"","","","","","","","","","","","","","","","","","","","","","","","","","","","","","",15.2,1,13.1,1,"","","","","","","","","","","","","","","","","","","","","","","","","","",91,1,"","","","","","","","","","","","",15.4,1,998.1,1,"","","","","","",8,1,8,1,7,1,"","","","","","","","","","","","","","","","","","","","","","","","","","","","",10000,1,"","",61,1,6,1,"","","","","","","","","","",2,1,"","","","","","","","","","","","","","","","","","","","","","","","","","","","","","","","","","","","","","","","","","","","","","","","","","","","","",""
"50020001","PTE DE LA HAGUE",49.725167,-1.939833,6,1951080818,"","","","",0.,1,"","","","","","","","","","","","","","","","","","","","","","","","","","","","","","",15.2,1,13.1,1,"","","","","","","","","","","","","","","","","","","","","","","","","","",91,1,"","","","","","","","","","","","",15.4,1,998.1,1,"","","","","","",8,1,8,1,5,1,"","","","","","","","","","","","","","","","","","","","","","","","","","","","",22000,1,"","",60,1,6,1,"","","","","","","","","","",2,1,"","","","","","","","","","","","","","","","","","","","","","","","","","","","","","","","","","","","","","","","","","","","","","","","","","","","","",""
"50020001","PTE DE LA HAGUE",49.725167,-1.939833,6,1951080906,"","","","",7.,1,"","","","","","","","","","","","","","","","","","","","","","","","","","","","","","",15.4,1,14.2,1,"","","","","","","","","","","","","","","","","","","","","","","","","","",94,1,"","","","","","","","","","","","",16.6,1,1005.9,1,"","","","","","",7,1,7,1,8,1,0,1,0,1,"","","","","","","","","","","","","","","","","","","","","","","","",12000,1,"","",15,1,2,1,"","","","","","","","","","",4,1,"","","","","","","","","","","","","","","","","","","","","","","","","","","","","","","","","","","","","","","","","","","","","","","","","","","","","",""
"50020001","PTE DE LA HAGUE",49.725167,-1.939833,6,1951080909,"","","","",9.,1,"","","","","","","","","","","","","","","","","","","","","","","","","","","","","","",15.,1,12.8,1,"","","","","","","","","","","","","","","","","","","","","","","","","","",87,1,"","","","","","","","","","","","",15.1,1,1007.5,1,"","","","","","",8,1,8,1,8,1,"","","","","","","","","","","","","","","","","","","","","","","","","","","","",28000,1,"","",2,1,8,1,"","","","","","","","","","",4,1,"","","","","","","","","","","","","","","","","","","","","","","","","","","","","","","","","","","","","","","","","","","","","","","","","","","","","",""
"50020001","PTE DE LA HAGUE",49.725167,-1.939833,6,1951080912,"","","","",8.,1,"","","","","","","","","","","","","","","","","","","","","","","","","","","","","","",15.6,1,12.4,1,"","","","","","","","","","","","","","","","","","","","","","","","","","",83,1,"","","","","","","","","","","","",14.7,1,1009.1,1,"","","","","","",7,1,6,1,2,1,9,1,2,1,"","","","","","","","","","","","","","","","","","","","","","","","",28000,1,"","",2,1,8,1,"","","","","","","","","","",4,1,"","","","","","","","","","","","","","","","","","","","","","","","","","","","","","","","","","","","","","","","","","","","","","","","","","","","","",""
"50020001","PTE DE LA HAGUE",49.725167,-1.939833,6,1951080915,"","","","",7.,1,"","","","","","","","","","","","","","","","","","","","","","","","","","","","","","",16.4,1,13.3,1,"","","","","","","","","","","","","","","","","","","","","","","","","","",81,1,"","","","","","","","","","","","",15.7,1,1010.2,1,"","","","","","",7,1,6,1,2,1,9,1,2,1,"","","","","","","","","","","","","","","","","","","","","","","","",28000,1,"","",2,1,2,1,"","","","","","","","","","",4,1,"","","","","","","","","","","","","","","","","","","","","","","","","","","","","","","","","","","","","","","","","","","","","","","","","","","","","",""
"50020001","PTE DE LA HAGUE",49.725167,-1.939833,6,1951080918,"","","","",5.,1,"","","","","","","","","","","","","","","","","","","","","","","","","","","","","","",16.,1,12.4,1,"","","","","","","","","","","","","","","","","","","","","","","","","","",83,1,"","","","","","","","","","","","",14.7,1,1010.6,1,"","","","","","",7,1,7,1,2,1,7,1,0,1,"","","","","","","","","","","","","","","","","","","","","","","","",30000,1,"","",2,1,2,1,"","","","","","","","","","",4,1,"","","","","","","","","","","","","","","","","","","","","","","","","","","","","","","","","","","","","","","","","","","","","","","","","","","","","",""
"50020001","PTE DE LA HAGUE",49.725167,-1.939833,6,1951081006,"","","","",3.,1,"","","","","","","","","","","","","","","","","","","","","","","","","","","","","","",15.4,1,14.,1,"","","","","","","","","","","","","","","","","","","","","","","","","","",91,1,"","","","","","","","","","","","",16.4,1,1014.1,1,"","","","","","",6,1,6,1,0,1,8,1,0,1,"","","","","","","","","","","","","","","","","","","","","","","","",9000,1,"","",2,1,1,1,"","","","","","","","","","",3,1,"","","","","","","","","","","","","","","","","","","","","","","","","","","","","","","","","","","","","","","","","","","","","","","","","","","","","",""
"50020001","PTE DE LA HAGUE",49.725167,-1.939833,6,1951081009,"","","","",3.,1,"","","","","","","","","","","","","","","","","","","","","","","","","","","","","","",15.8,1,14.,1,"","","","","","","","","","","","","","","","","","","","","","","","","","",91,1,"","","","","","","","","","","","",16.4,1,1015.4,1,"","","","","","",2,1,0,1,5,1,0,1,0,1,"","","","","","","","","","","","","","","","","","","","","","","","",17000,1,"","",1,1,1,1,"","","","","","","","","","",3,1,"","","","","","","","","","","","","","","","","","","","","","","","","","","","","","","","","","","","","","","","","","","","","","","","","","","","","",""
"50020001","PTE DE LA HAGUE",49.725167,-1.939833,6,1951081012,"","","","",3.,1,"","","","","","","","","","","","","","","","","","","","","","","","","","","","","","",17.,1,13.2,1,"","","","","","","","","","","","","","","","","","","","","","","","","","",80,1,"","","","","","","","","","","","",15.5,1,1016.6,1,"","","","","","",6,1,5,1,2,1,0,1,4,1,"","","","","","","","","","","","","","","","","","","","","","","","",19000,1,"","",3,1,1,1,"","","","","","","","","","",4,1,"","","","","","","","","","","","","","","","","","","","","","","","","","","","","","","","","","","","","","","","","","","","","","","","","","","","","",""
"50020001","PTE DE LA HAGUE",49.725167,-1.939833,6,1951081015,"","","","",6.,1,"","","","","","","","","","","","","","","","","","","","","","","","","","","","","","",17.2,1,13.1,1,"","","","","","","","","","","","","","","","","","","","","","","","","","",78,1,"","","","","","","","","","","","",15.4,1,1016.9,1,"","","","","","",7,1,7,1,2,1,7,1,0,1,"","","","","","","","","","","","","","","","","","","","","","","","",22000,1,"","",3,1,1,1,"","","","","","","","","","",4,1,"","","","","","","","","","","","","","","","","","","","","","","","","","","","","","","","","","","","","","","","","","","","","","","","","","","","","",""
"50020001","PTE DE LA HAGUE",49.725167,-1.939833,6,1951081018,"","","","",7.,1,"","","","","","","","","","","","","","","","","","","","","","","","","","","","","","",15.6,1,12.4,1,"","","","","","","","","","","","","","","","","","","","","","","","","","",83,1,"","","","","","","","","","","","",14.7,1,1016.5,1,"","","","","","",7,1,6,1,2,1,4,1,2,1,"","","","","","","","","","","","","","","","","","","","","","","","",25000,1,"","",2,1,1,1,"","","","","","","","","","",4,1,"","","","","","","","","","","","","","","","","","","","","","","","","","","","","","","","","","","","","","","","","","","","","","","","","","","","","",""
"50020001","PTE DE LA HAGUE",49.725167,-1.939833,6,1951081106,"","","","",5.,1,"","","","","","","","","","","","","","","","","","","","","","","","","","","","","","",15.,1,12.8,1,"","","","","","","","","","","","","","","","","","","","","","","","","","",87,1,"","","","","","","","","","","","",15.1,1,1013.3,1,"","","","","","",8,1,0,1,3,1,9,1,"","","","","","","","","","","","","","","","","","","","","","","","","","",12000,1,"","",81,1,8,1,"","","","","","","","","","",4,1,"","","","","","","","","","","","","","","","","","","","","","","","","","","","","","","","","","","","","","","","","","","","","","","","","","","","","",""
"50020001","PTE DE LA HAGUE",49.725167,-1.939833,6,1951081109,"","","","",7.,1,"","","","","","","","","","","","","","","","","","","","","","","","","","","","","","",16.,1,13.6,1,"","","","","","","","","","","","","","","","","","","","","","","","","","",85,1,"","","","","","","","","","","","",16.,1,1012.2,1,"","","","","","",7,1,7,1,5,1,7,1,0,1,"","","","","","","","","","","","","","","","","","","","","","","","",18000,1,"","",60,1,6,1,"","","","","","","","","","",4,1,"","","","","","","","","","","","","","","","","","","","","","","","","","","","","","","","","","","","","","","","","","","","","","","","","","","","","",""
"50020001","PTE DE LA HAGUE",49.725167,-1.939833,6,1951081112,"","","","",8.,1,"","","","","","","","","","","","","","","","","","","","","","","","","","","","","","",16.6,1,13.4,1,"","","","","","","","","","","","","","","","","","","","","","","","","","",83,1,"","","","","","","","","","","","",15.8,1,1011.,1,"","","","","","",8,1,8,1,5,1,"","","","","","","","","","","","","","","","","","","","","","","","","","","","",24000,1,"","",2,1,6,1,"","","","","","","","","","",4,1,"","","","","","","","","","","","","","","","","","","","","","","","","","","","","","","","","","","","","","","","","","","","","","","","","","","","","",""
"50020001","PTE DE LA HAGUE",49.725167,-1.939833,6,1951081115,"","","","",8.,1,"","","","","","","","","","","","","","","","","","","","","","","","","","","","","","",15.6,1,14.3,1,"","","","","","","","","","","","","","","","","","","","","","","","","","",96,1,"","","","","","","","","","","","",16.7,1,1009.5,1,"","","","","","",8,1,8,1,7,1,"","","","","","","","","","","","","","","","","","","","","","","","","","","","",5000,1,"","",63,1,6,1,"","","","","","","","","","",4,1,"","","","","","","","","","","","","","","","","","","","","","","","","","","","","","","","","","","","","","","","","","","","","","","","","","","","","",""
"50020001","PTE DE LA HAGUE",49.725167,-1.939833,6,1951081118,"","","","",9.,1,"","","","","","","","","","","","","","","","","","","","","","","","","","","","","","",15.6,1,14.4,1,"","","","","","","","","","","","","","","","","","","","","","","","","","",98,1,"","","","","","","","","","","","",16.9,1,1006.9,1,"","","","","","",8,1,6,1,7,1,2,1,"","","","","","","","","","","","","","","","","","","","","","","","","","",4000,1,"","",63,1,6,1,"","","","","","","","","","",5,1,"","","","","","","","","","","","","","","","","","","","","","","","","","","","","","","","","","","","","","","","","","","","","","","","","","","","","",""
"50020001","PTE DE LA HAGUE",49.725167,-1.939833,6,1951081206,"","","","",10.,1,"","","","","","","","","","","","","","","","","","","","","","","","","","","","","","",15.6,1,14.2,1,"","","","","","","","","","","","","","","","","","","","","","","","","","",94,1,"","","","","","","","","","","","",16.6,1,1001.3,1,"","","","","","",8,1,5,1,3,1,9,1,"","","","","","","","","","","","","","","","","","","","","","","","","","",12000,1,"","",80,1,6,1,"","","","","","","","","","",5,1,"","","","","","","","","","","","","","","","","","","","","","","","","","","","","","","","","","","","","","","","","","","","","","","","","","","","","",""
"50020001","PTE DE LA HAGUE",49.725167,-1.939833,6,1951081209,"","","","",7.,1,"","","","","","","","","","","","","","","","","","","","","","","","","","","","","","",15.6,1,12.4,1,"","","","","","","","","","","","","","","","","","","","","","","","","","",83,1,"","","","","","","","","","","","",14.7,1,1004.6,1,"","","","","","",7,1,0,1,8,1,4,1,2,1,"","","","","","","","","","","","","","","","","","","","","","","","",25000,1,"","",2,1,6,1,"","","","","","","","","","",5,1,"","","","","","","","","","","","","","","","","","","","","","","","","","","","","","","","","","","","","","","","","","","","","","","","","","","","","",""
"50020001","PTE DE LA HAGUE",49.725167,-1.939833,6,1951081212,"","","","",9.,1,"","","","","","","","","","","","","","","","","","","","","","","","","","","","","","",16.6,1,11.2,1,"","","","","","","","","","","","","","","","","","","","","","","","","","",70,1,"","","","","","","","","","","","",13.6,1,1006.7,1,"","","","","","",7,1,0,1,2,1,5,1,9,1,"","","","","","","","","","","","","","","","","","","","","","","","",28000,1,"","",2,1,6,1,"","","","","","","","","","",5,1,"","","","","","","","","","","","","","","","","","","","","","","","","","","","","","","","","","","","","","","","","","","","","","","","","","","","","",""
"50020001","PTE DE LA HAGUE",49.725167,-1.939833,6,1951081215,"","","","",9.,1,"","","","","","","","","","","","","","","","","","","","","","","","","","","","","","",17.,1,11.5,1,"","","","","","","","","","","","","","","","","","","","","","","","","","",73,1,"","","","","","","","","","","","",13.9,1,1007.8,1,"","","","","","",3,1,0,1,8,1,4,1,0,1,"","","","","","","","","","","","","","","","","","","","","","","","",30000,1,"","",1,1,1,1,"","","","","","","","","","",5,1,"","","","","","","","","","","","","","","","","","","","","","","","","","","","","","","","","","","","","","","","","","","","","","","","","","","","","",""
"50020001","PTE DE LA HAGUE",49.725167,-1.939833,6,1951081218,"","","","",9.,1,"","","","","","","","","","","","","","","","","","","","","","","","","","","","","","",16.2,1,11.9,1,"","","","","","","","","","","","","","","","","","","","","","","","","","",77,1,"","","","","","","","","","","","",14.2,1,1009.1,1,"","","","","","",3,1,0,1,2,1,4,1,4,1,"","","","","","","","","","","","","","","","","","","","","","","","",30000,1,"","",3,1,1,1,"","","","","","","","","","",5,1,"","","","","","","","","","","","","","","","","","","","","","","","","","","","","","","","","","","","","","","","","","","","","","","","","","","","","",""
"50020001","PTE DE LA HAGUE",49.725167,-1.939833,6,1951081306,"","","","",3.,1,"","","","","","","","","","","","","","","","","","","","","","","","","","","","","","",14.2,1,11.9,1,"","","","","","","","","","","","","","","","","","","","","","","","","","",89,1,"","","","","","","","","","","","",14.2,1,1011.,1,"","","","","","",7,1,0,1,3,1,9,1,0,1,"","","","","","","","","","","","","","","","","","","","","","","","",32000,1,"","",25,1,8,1,"","","","","","","","","","",4,1,"","","","","","","","","","","","","","","","","","","","","","","","","","","","","","","","","","","","","","","","","","","","","","","","","","","","","",""
"50020001","PTE DE LA HAGUE",49.725167,-1.939833,6,1951081309,"","","","",3.,1,"","","","","","","","","","","","","","","","","","","","","","","","","","","","","","",16.4,1,13.4,1,"","","","","","","","","","","","","","","","","","","","","","","","","","",83,1,"","","","","","","","","","","","",15.8,1,1012.2,1,"","","","","","",7,1,6,1,3,1,2,1,0,1,"","","","","","","","","","","","","","","","","","","","","","","","",32000,1,"","",60,1,8,1,"","","","","","","","","","",3,1,"","","","","","","","","","","","","","","","","","","","","","","","","","","","","","","","","","","","","","","","","","","","","","","","","","","","","",""
"50020001","PTE DE LA HAGUE",49.725167,-1.939833,6,1951081312,"","","","",2.,1,"","","","","","","","","","","","","","","","","","","","","","","","","","","","","","",14.,1,11.6,1,"","","","","","","","","","","","","","","","","","","","","","","","","","",87,1,"","","","","","","","","","","","",14.,1,1013.1,1,"","","","","","",7,1,5,1,3,1,7,1,0,1,"","","","","","","","","","","","","","","","","","","","","","","","",28000,1,"","",61,1,6,1,"","","","","","","","","","",3,1,"","","","","","","","","","","","","","","","","","","","","","","","","","","","","","","","","","","","","","","","","","","","","","","","","","","","","",""
"50020001","PTE DE LA HAGUE",49.725167,-1.939833,6,1951081315,"","","","",4.,1,"","","","","","","","","","","","","","","","","","","","","","","","","","","","","","",16.,1,11.9,1,"","","","","","","","","","","","","","","","","","","","","","","","","","",77,1,"","","","","","","","","","","","",14.2,1,1013.8,1,"","","","","","",2,1,0,1,2,1,0,1,2,1,"","","","","","","","","","","","","","","","","","","","","","","","",45000,1,"","",1,1,6,1,"","","","","","","","","","",4,1,"","","","","","","","","","","","","","","","","","","","","","","","","","","","","","","","","","","","","","","","","","","","","","","","","","","","","",""
"50020001","PTE DE LA HAGUE",49.725167,-1.939833,6,1951081318,"","","","",8.,1,"","","","","","","","","","","","","","","","","","","","","","","","","","","","","","",16.,1,11.9,1,"","","","","","","","","","","","","","","","","","","","","","","","","","",77,1,"","","","","","","","","","","","",14.2,1,1014.7,1,"","","","","","",1,1,0,1,2,1,0,1,0,1,"","","","","","","","","","","","","","","","","","","","","","","","",45000,1,"","",2,1,0,1,"","","","","","","","","","",4,1,"","","","","","","","","","","","","","","","","","","","","","","","","","","","","","","","","","","","","","","","","","","","","","","","","","","","","",""
"50020001","PTE DE LA HAGUE",49.725167,-1.939833,6,1951081406,"","","","",3.,1,"","","","","","","","","","","","","","","","","","","","","","","","","","","","","","",14.6,1,11.6,1,"","","","","","","","","","","","","","","","","","","","","","","","","","",87,1,"","","","","","","","","","","","",14.,1,1017.1,1,"","","","","","",3,1,0,1,2,1,0,1,0,1,"","","","","","","","","","","","","","","","","","","","","","","","",42000,1,"","",2,1,1,1,"","","","","","","","","","",3,1,"","","","","","","","","","","","","","","","","","","","","","","","","","","","","","","","","","","","","","","","","","","","","","","","","","","","","",""
"50020001","PTE DE LA HAGUE",49.725167,-1.939833,6,1951081409,"","","","",4.,1,"","","","","","","","","","","","","","","","","","","","","","","","","","","","","","",16.6,1,13.3,1,"","","","","","","","","","","","","","","","","","","","","","","","","","",81,1,"","","","","","","","","","","","",15.7,1,1018.3,1,"","","","","","",6,1,0,1,2,1,4,1,2,1,"","","","","","","","","","","","","","","","","","","","","","","","",42000,1,"","",2,1,1,1,"","","","","","","","","","",4,1,"","","","","","","","","","","","","","","","","","","","","","","","","","","","","","","","","","","","","","","","","","","","","","","","","","","","","",""
"50020001","PTE DE LA HAGUE",49.725167,-1.939833,6,1951081412,"","","","",3.,1,"","","","","","","","","","","","","","","","","","","","","","","","","","","","","","",18.,1,14.,1,"","","","","","","","","","","","","","","","","","","","","","","","","","",78,1,"","","","","","","","","","","","",16.4,1,1018.7,1,"","","","","","",3,1,0,1,2,1,4,1,2,1,"","","","","","","","","","","","","","","","","","","","","","","","",42000,1,"","",2,1,1,1,"","","","","","","","","","",3,1,"","","","","","","","","","","","","","","","","","","","","","","","","","","","","","","","","","","","","","","","","","","","","","","","","","","","","",""
"50020001","PTE DE LA HAGUE",49.725167,-1.939833,6,1951081415,"","","","",3.,1,"","","","","","","","","","","","","","","","","","","","","","","","","","","","","","",18.,1,14.2,1,"","","","","","","","","","","","","","","","","","","","","","","","","","",80,1,"","","","","","","","","","","","",16.6,1,1018.7,1,"","","","","","",2,1,0,1,2,1,4,1,0,1,"","","","","","","","","","","","","","","","","","","","","","","","",32000,1,"","",2,1,0,1,"","","","","","","","","","",3,1,"","","","","","","","","","","","","","","","","","","","","","","","","","","","","","","","","","","","","","","","","","","","","","","","","","","","","",""
"50020001","PTE DE LA HAGUE",49.725167,-1.939833,6,1951081418,"","","","",2.,1,"","","","","","","","","","","","","","","","","","","","","","","","","","","","","","",17.,1,14.5,1,"","","","","","","","","","","","","","","","","","","","","","","","","","",86,1,"","","","","","","","","","","","",17.,1,1018.6,1,"","","","","","",6,1,5,1,2,1,5,1,0,1,"","","","","","","","","","","","","","","","","","","","","","","","",35000,1,"","",3,1,0,1,"","","","","","","","","","",3,1,"","","","","","","","","","","","","","","","","","","","","","","","","","","","","","","","","","","","","","","","","","","","","","","","","","","","","",""
"50020001","PTE DE LA HAGUE",49.725167,-1.939833,6,1951081506,"","","","",0.,1,"","","","","","","","","","","","","","","","","","","","","","","","","","","","","","",13.,1,11.2,1,"","","","","","","","","","","","","","","","","","","","","","","","","","",93,1,"","","","","","","","","","","","",13.6,1,1018.9,1,"","","","","","",7,1,7,1,5,1,0,1,0,1,"","","","","","","","","","","","","","","","","","","","","","","","",28000,1,"","",2,1,2,1,"","","","","","","","","","",2,1,"","","","","","","","","","","","","","","","","","","","","","","","","","","","","","","","","","","","","","","","","","","","","","","","","","","","","",""
"50020001","PTE DE LA HAGUE",49.725167,-1.939833,6,1951081509,"","","","",1.,1,"","","","","","","","","","","","","","","","","","","","","","","","","","","","","","",16.2,1,11.7,1,"","","","","","","","","","","","","","","","","","","","","","","","","","",75,1,"","","","","","","","","","","","",14.1,1,1019.4,1,"","","","","","",7,1,7,1,5,1,0,1,0,1,"","","","","","","","","","","","","","","","","","","","","","","","",32000,1,"","",2,1,2,1,"","","","","","","","","","",2,1,"","","","","","","","","","","","","","","","","","","","","","","","","","","","","","","","","","","","","","","","","","","","","","","","","","","","","",""
"50020001","PTE DE LA HAGUE",49.725167,-1.939833,6,1951081512,"","","","",2.,1,"","","","","","","","","","","","","","","","","","","","","","","","","","","","","","",17.,1,12.9,1,"","","","","","","","","","","","","","","","","","","","","","","","","","",76,1,"","","","","","","","","","","","",15.2,1,1019.4,1,"","","","","","",1,1,0,1,2,1,0,1,0,1,"","","","","","","","","","","","","","","","","","","","","","","","",28000,1,"","",2,1,0,1,"","","","","","","","","","",2,1,"","","","","","","","","","","","","","","","","","","","","","","","","","","","","","","","","","","","","","","","","","","","","","","","","","","","","",""
"50020001","PTE DE LA HAGUE",49.725167,-1.939833,6,1951081515,"","","","",2.,1,"","","","","","","","","","","","","","","","","","","","","","","","","","","","","","",17.6,1,12.7,1,"","","","","","","","","","","","","","","","","","","","","","","","","","",74,1,"","","","","","","","","","","","",15.,1,1019.4,1,"","","","","","",1,1,0,1,2,1,0,1,0,1,"","","","","","","","","","","","","","","","","","","","","","","","",26000,1,"","",2,1,0,1,"","","","","","","","","","",2,1,"","","","","","","","","","","","","","","","","","","","","","","","","","","","","","","","","","","","","","","","","","","","","","","","","","","","","",""
"50020001","PTE DE LA HAGUE",49.725167,-1.939833,6,1951081518,"","","","",1.,1,"","","","","","","","","","","","","","","","","","","","","","","","","","","","","","",16.8,1,11.7,1,"","","","","","","","","","","","","","","","","","","","","","","","","","",75,1,"","","","","","","","","","","","",14.1,1,1019.,1,"","","","","","",0,1,"","",0,1,0,1,0,1,"","","","","","","","","","","","","","","","","","","","","","","","",25000,1,"","",2,1,0,1,"","","","","","","","","","",2,1,"","","","","","","","","","","","","","","","","","","","","","","","","","","","","","","","","","","","","","","","","","","","","","","","","","","","","",""
"50020001","PTE DE LA HAGUE",49.725167,-1.939833,6,1951081606,"","","","",0.,1,"","","","","","","","","","","","","","","","","","","","","","","","","","","","","","",11.4,1,10.,1,"","","","","","","","","","","","","","","","","","","","","","","","","","",90,1,"","","","","","","","","","","","",12.5,1,1020.1,1,"","","","","","",0,1,"","",0,1,0,1,0,1,"","","","","","","","","","","","","","","","","","","","","","","","",21000,1,"","",2,1,0,1,"","","","","","","","","","",1,1,"","","","","","","","","","","","","","","","","","","","","","","","","","","","","","","","","","","","","","","","","","","","","","","","","","","","","",""
"50020001","PTE DE LA HAGUE",49.725167,-1.939833,6,1951081609,"","","","",0.,1,"","","","","","","","","","","","","","","","","","","","","","","","","","","","","","",16.2,1,11.7,1,"","","","","","","","","","","","","","","","","","","","","","","","","","",75,1,"","","","","","","","","","","","",14.1,1,1021.,1,"","","","","","",2,1,0,1,1,1,0,1,4,1,"","","","","","","","","","","","","","","","","","","","","","","","",19000,1,"","",3,1,0,1,"","","","","","","","","","",1,1,"","","","","","","","","","","","","","","","","","","","","","","","","","","","","","","","","","","","","","","","","","","","","","","","","","","","","",""
"50020001","PTE DE LA HAGUE",49.725167,-1.939833,6,1951081612,"","","","",1.,1,"","","","","","","","","","","","","","","","","","","","","","","","","","","","","","",17.2,1,11.3,1,"","","","","","","","","","","","","","","","","","","","","","","","","","",72,1,"","","","","","","","","","","","",13.7,1,1021.4,1,"","","","","","",6,1,5,1,2,1,0,1,2,1,"","","","","","","","","","","","","","","","","","","","","","","","",16000,1,"","",2,1,1,1,"","","","","","","","","","",1,1,"","","","","","","","","","","","","","","","","","","","","","","","","","","","","","","","","","","","","","","","","","","","","","","","","","","","","",""
"50020001","PTE DE LA HAGUE",49.725167,-1.939833,6,1951081615,"","","","",1.,1,"","","","","","","","","","","","","","","","","","","","","","","","","","","","","","",18.,1,14.3,1,"","","","","","","","","","","","","","","","","","","","","","","","","","",82,1,"","","","","","","","","","","","",16.7,1,1021.5,1,"","","","","","",2,1,0,1,2,1,0,1,0,1,"","","","","","","","","","","","","","","","","","","","","","","","",16000,1,"","",2,1,0,1,"","","","","","","","","","",1,1,"","","","","","","","","","","","","","","","","","","","","","","","","","","","","","","","","","","","","","","","","","","","","","","","","","","","","",""
"50020001","PTE DE LA HAGUE",49.725167,-1.939833,6,1951081618,"","","","",2.,1,"","","","","","","","","","","","","","","","","","","","","","","","","","","","","","",18.2,1,14.3,1,"","","","","","","","","","","","","","","","","","","","","","","","","","",82,1,"","","","","","","","","","","","",16.7,1,1020.5,1,"","","","","","",6,1,5,1,0,1,4,1,4,1,"","","","","","","","","","","","","","","","","","","","","","","","",19000,1,"","",3,1,1,1,"","","","","","","","","","",2,1,"","","","","","","","","","","","","","","","","","","","","","","","","","","","","","","","","","","","","","","","","","","","","","","","","","","","","",""
"50020001","PTE DE LA HAGUE",49.725167,-1.939833,6,1951081706,"","","","",2.,1,"","","","","","","","","","","","","","","","","","","","","","","","","","","","","","",15.8,1,13.9,1,"","","","","","","","","","","","","","","","","","","","","","","","","","",89,1,"","","","","","","","","","","","",16.3,1,1018.7,1,"","","","","","",7,1,7,1,0,1,7,1,0,1,"","","","","","","","","","","","","","","","","","","","","","","","",22000,1,"","",60,1,6,1,"","","","","","","","","","",2,1,"","","","","","","","","","","","","","","","","","","","","","","","","","","","","","","","","","","","","","","","","","","","","","","","","","","","","",""
"50020001","PTE DE LA HAGUE",49.725167,-1.939833,6,1951081709,"","","","",4.,1,"","","","","","","","","","","","","","","","","","","","","","","","","","","","","","",16.4,1,13.6,1,"","","","","","","","","","","","","","","","","","","","","","","","","","",85,1,"","","","","","","","","","","","",16.,1,1019.,1,"","","","","","",8,1,8,1,2,1,7,1,"","","","","","","","","","","","","","","","","","","","","","","","","","",18000,1,"","",60,1,2,1,"","","","","","","","","","",3,1,"","","","","","","","","","","","","","","","","","","","","","","","","","","","","","","","","","","","","","","","","","","","","","","","","","","","","",""
"50020001","PTE DE LA HAGUE",49.725167,-1.939833,6,1951081712,"","","","",5.,1,"","","","","","","","","","","","","","","","","","","","","","","","","","","","","","",16.,1,15.2,1,"","","","","","","","","","","","","","","","","","","","","","","","","","",96,1,"","","","","","","","","","","","",17.8,1,1019.,1,"","","","","","",8,1,8,1,6,1,"","","","","","","","","","","","","","","","","","","","","","","","","","","","",6000,1,"","",60,1,6,1,"","","","","","","","","","",3,1,"","","","","","","","","","","","","","","","","","","","","","","","","","","","","","","","","","","","","","","","","","","","","","","","","","","","","",""
"50020001","PTE DE LA HAGUE",49.725167,-1.939833,6,1951081715,"","","","",5.,1,"","","","","","","","","","","","","","","","","","","","","","","","","","","","","","",18.6,1,14.,1,"","","","","","","","","","","","","","","","","","","","","","","","","","",78,1,"","","","","","","","","","","","",16.4,1,1019.,1,"","","","","","",1,1,0,1,2,1,0,1,2,1,"","","","","","","","","","","","","","","","","","","","","","","","",28000,1,"","",2,1,6,1,"","","","","","","","","","",3,1,"","","","","","","","","","","","","","","","","","","","","","","","","","","","","","","","","","","","","","","","","","","","","","","","","","","","","",""
"50020001","PTE DE LA HAGUE",49.725167,-1.939833,6,1951081718,"","","","",4.,1,"","","","","","","","","","","","","","","","","","","","","","","","","","","","","","",17.,1,14.8,1,"","","","","","","","","","","","","","","","","","","","","","","","","","",88,1,"","","","","","","","","","","","",17.3,1,1019.5,1,"","","","","","",2,1,0,1,0,1,4,1,0,1,"","","","","","","","","","","","","","","","","","","","","","","","",30000,1,"","",2,1,1,1,"","","","","","","","","","",3,1,"","","","","","","","","","","","","","","","","","","","","","","","","","","","","","","","","","","","","","","","","","","","","","","","","","","","","",""
"50020001","PTE DE LA HAGUE",49.725167,-1.939833,6,1951081806,"","","","",1.,1,"","","","","","","","","","","","","","","","","","","","","","","","","","","","","","",11.6,1,10.2,1,"","","","","","","","","","","","","","","","","","","","","","","","","","",93,1,"","","","","","","","","","","","",12.7,1,1019.3,1,"","","","","","",7,1,7,1,1,1,0,1,6,1,"","","","","","","","","","","","","","","","","","","","","","","","",28000,1,"","",3,1,1,1,"","","","","","","","","","",3,1,"","","","","","","","","","","","","","","","","","","","","","","","","","","","","","","","","","","","","","","","","","","","","","","","","","","","","",""
"50020001","PTE DE LA HAGUE",49.725167,-1.939833,6,1951081809,"","","","",3.,1,"","","","","","","","","","","","","","","","","","","","","","","","","","","","","","",16.8,1,11.1,1,"","","","","","","","","","","","","","","","","","","","","","","","","","",68,1,"","","","","","","","","","","","",13.5,1,1018.9,1,"","","","","","",5,1,0,1,1,1,4,1,2,1,"","","","","","","","","","","","","","","","","","","","","","","","",30000,1,"","",2,1,1,1,"","","","","","","","","","",3,1,"","","","","","","","","","","","","","","","","","","","","","","","","","","","","","","","","","","","","","","","","","","","","","","","","","","","","",""
"50020001","PTE DE LA HAGUE",49.725167,-1.939833,6,1951081812,"","","","",6.,1,"","","","","","","","","","","","","","","","","","","","","","","","","","","","","","",19.,1,15.,1,"","","","","","","","","","","","","","","","","","","","","","","","","","",77,1,"","","","","","","","","","","","",17.5,1,1017.3,1,"","","","","","",3,1,0,1,1,1,5,1,0,1,"","","","","","","","","","","","","","","","","","","","","","","","",38000,1,"","",3,1,1,1,"","","","","","","","","","",4,1,"","","","","","","","","","","","","","","","","","","","","","","","","","","","","","","","","","","","","","","","","","","","","","","","","","","","","",""
"50020001","PTE DE LA HAGUE",49.725167,-1.939833,6,1951081815,"","","","",5.,1,"","","","","","","","","","","","","","","","","","","","","","","","","","","","","","",21.,1,15.7,1,"","","","","","","","","","","","","","","","","","","","","","","","","","",75,1,"","","","","","","","","","","","",18.4,1,1014.7,1,"","","","","","",4,1,0,1,1,1,4,1,2,1,"","","","","","","","","","","","","","","","","","","","","","","","",22000,1,"","",2,1,1,1,"","","","","","","","","","",3,1,"","","","","","","","","","","","","","","","","","","","","","","","","","","","","","","","","","","","","","","","","","","","","","","","","","","","","",""
"50020001","PTE DE LA HAGUE",49.725167,-1.939833,6,1951081818,"","","","",6.,1,"","","","","","","","","","","","","","","","","","","","","","","","","","","","","","",20.,1,14.3,1,"","","","","","","","","","","","","","","","","","","","","","","","","","",69,1,"","","","","","","","","","","","",16.7,1,1011.7,1,"","","","","","",4,1,0,1,2,1,8,1,2,1,"","","","","","","","","","","","","","","","","","","","","","","","",30000,1,"","",2,1,1,1,"","","","","","","","","","",4,1,"","","","","","","","","","","","","","","","","","","","","","","","","","","","","","","","","","","","","","","","","","","","","","","","","","","","","",""
"50020001","PTE DE LA HAGUE",49.725167,-1.939833,6,1951081900,"","","","",11.,1,"","","","","","","","","","","","","","","","","","","","","","","","","","","","","","",17.,1,13.3,1,"","","","","","","","","","","","","","","","","","","","","","","","","","",81,1,"","","","","","","","","","","","",15.7,1,1007.9,1,"","","","","","",8,1,8,1,0,1,9,1,"","","","","","","","","","","","","","","","","","","","","","","","","","",30000,1,"","",60,1,1,1,"","","","","","","","","","",4,1,"","","","","","","","","","","","","","","","","","","","","","","","","","","","","","","","","","","","","","","","","","","","","","","","","","","","","",""
"50020001","PTE DE LA HAGUE",49.725167,-1.939833,6,1951081906,"","","","",4.,1,"","","","","","","","","","","","","","","","","","","","","","","","","","","","","","",15.8,1,14.,1,"","","","","","","","","","","","","","","","","","","","","","","","","","",91,1,"","","","","","","","","","","","",16.4,1,1006.6,1,"","","","","","",7,1,7,1,0,1,7,1,0,1,"","","","","","","","","","","","","","","","","","","","","","","","",25000,1,"","",2,1,6,1,"","","","","","","","","","",3,1,"","","","","","","","","","","","","","","","","","","","","","","","","","","","","","","","","","","","","","","","","","","","","","","","","","","","","",""
"50020001","PTE DE LA HAGUE",49.725167,-1.939833,6,1951081909,"","","","",4.,1,"","","","","","","","","","","","","","","","","","","","","","","","","","","","","","",17.2,1,14.8,1,"","","","","","","","","","","","","","","","","","","","","","","","","","",88,1,"","","","","","","","","","","","",17.3,1,1007.9,1,"","","","","","",1,1,0,1,0,1,0,1,2,1,"","","","","","","","","","","","","","","","","","","","","","","","",10000,1,"","",2,1,1,1,"","","","","","","","","","",3,1,"","","","","","","","","","","","","","","","","","","","","","","","","","","","","","","","","","","","","","","","","","","","","","","","","","","","","",""
"50020001","PTE DE LA HAGUE",49.725167,-1.939833,6,1951081912,"","","","",4.,1,"","","","","","","","","","","","","","","","","","","","","","","","","","","","","","",17.2,1,14.8,1,"","","","","","","","","","","","","","","","","","","","","","","","","","",88,1,"","","","","","","","","","","","",17.3,1,1008.7,1,"","","","","","",7,1,7,1,0,1,7,1,2,1,"","","","","","","","","","","","","","","","","","","","","","","","",12000,1,"","",2,1,1,1,"","","","","","","","","","",3,1,"","","","","","","","","","","","","","","","","","","","","","","","","","","","","","","","","","","","","","","","","","","","","","","","","","","","","",""
"50020001","PTE DE LA HAGUE",49.725167,-1.939833,6,1951081915,"","","","",3.,1,"","","","","","","","","","","","","","","","","","","","","","","","","","","","","","",17.2,1,14.8,1,"","","","","","","","","","","","","","","","","","","","","","","","","","",88,1,"","","","","","","","","","","","",17.3,1,1009.4,1,"","","","","","",8,1,8,1,0,1,7,1,"","","","","","","","","","","","","","","","","","","","","","","","","","",14000,1,"","",2,1,2,1,"","","","","","","","","","",3,1,"","","","","","","","","","","","","","","","","","","","","","","","","","","","","","","","","","","","","","","","","","","","","","","","","","","","","",""
"50020001","PTE DE LA HAGUE",49.725167,-1.939833,6,1951081918,"","","","",4.,1,"","","","","","","","","","","","","","","","","","","","","","","","","","","","","","",17.,1,14.8,1,"","","","","","","","","","","","","","","","","","","","","","","","","","",88,1,"","","","","","","","","","","","",17.3,1,1009.9,1,"","","","","","",4,1,0,1,0,1,4,1,2,1,"","","","","","","","","","","","","","","","","","","","","","","","",14000,1,"","",2,1,2,1,"","","","","","","","","","",3,1,"","","","","","","","","","","","","","","","","","","","","","","","","","","","","","","","","","","","","","","","","","","","","","","","","","","","","",""
"50020001","PTE DE LA HAGUE",49.725167,-1.939833,6,1951082000,"","","","",4.,1,"","","","","","","","","","","","","","","","","","","","","","","","","","","","","","",15.6,1,14.,1,"","","","","","","","","","","","","","","","","","","","","","","","","","",91,1,"","","","","","","","","","","","",16.4,1,1012.3,1,"","","","","","",0,1,"","",0,1,0,1,0,1,"","","","","","","","","","","","","","","","","","","","","","","","",30000,1,"","",2,1,0,1,"","","","","","","","","","",3,1,"","","","","","","","","","","","","","","","","","","","","","","","","","","","","","","","","","","","","","","","","","","","","","","","","","","","","",""
"50020001","PTE DE LA HAGUE",49.725167,-1.939833,6,1951082006,"","","","",2.,1,"","","","","","","","","","","","","","","","","","","","","","","","","","","","","","",14.8,1,12.9,1,"","","","","","","","","","","","","","","","","","","","","","","","","","",89,1,"","","","","","","","","","","","",15.2,1,1013.8,1,"","","","","","",2,1,0,1,2,1,4,1,2,1,"","","","","","","","","","","","","","","","","","","","","","","","",28000,1,"","",2,1,0,1,"","","","","","","","","","",3,1,"","","","","","","","","","","","","","","","","","","","","","","","","","","","","","","","","","","","","","","","","","","","","","","","","","","","","",""
"50020001","PTE DE LA HAGUE",49.725167,-1.939833,6,1951082009,"","","","",2.,1,"","","","","","","","","","","","","","","","","","","","","","","","","","","","","","",15.8,1,12.3,1,"","","","","","","","","","","","","","","","","","","","","","","","","","",81,1,"","","","","","","","","","","","",14.6,1,1014.9,1,"","","","","","",6,1,5,1,2,1,4,1,0,1,"","","","","","","","","","","","","","","","","","","","","","","","",30000,1,"","",2,1,1,1,"","","","","","","","","","",4,1,"","","","","","","","","","","","","","","","","","","","","","","","","","","","","","","","","","","","","","","","","","","","","","","","","","","","","",""
"50020001","PTE DE LA HAGUE",49.725167,-1.939833,6,1951082012,"","","","",3.,1,"","","","","","","","","","","","","","","","","","","","","","","","","","","","","","",18.2,1,13.9,1,"","","","","","","","","","","","","","","","","","","","","","","","","","",77,1,"","","","","","","","","","","","",16.3,1,1016.1,1,"","","","","","",2,1,0,1,2,1,4,1,0,1,"","","","","","","","","","","","","","","","","","","","","","","","",42000,1,"","",1,1,1,1,"","","","","","","","","","",4,1,"","","","","","","","","","","","","","","","","","","","","","","","","","","","","","","","","","","","","","","","","","","","","","","","","","","","","",""
"50020001","PTE DE LA HAGUE",49.725167,-1.939833,6,1951082015,"","","","",3.,1,"","","","","","","","","","","","","","","","","","","","","","","","","","","","","","",19.,1,15.4,1,"","","","","","","","","","","","","","","","","","","","","","","","","","",84,1,"","","","","","","","","","","","",18.,1,1016.5,1,"","","","","","",1,1,0,1,2,1,4,1,0,1,"","","","","","","","","","","","","","","","","","","","","","","","",25000,1,"","",2,1,0,1,"","","","","","","","","","",4,1,"","","","","","","","","","","","","","","","","","","","","","","","","","","","","","","","","","","","","","","","","","","","","","","","","","","","","",""
"50020001","PTE DE LA HAGUE",49.725167,-1.939833,6,1951082018,"","","","",4.,1,"","","","","","","","","","","","","","","","","","","","","","","","","","","","","","",17.,1,13.2,1,"","","","","","","","","","","","","","","","","","","","","","","","","","",80,1,"","","","","","","","","","","","",15.5,1,1017.5,1,"","","","","","",1,1,0,1,2,1,0,1,0,1,"","","","","","","","","","","","","","","","","","","","","","","","",30000,1,"","",2,1,0,1,"","","","","","","","","","",3,1,"","","","","","","","","","","","","","","","","","","","","","","","","","","","","","","","","","","","","","","","","","","","","","","","","","","","","",""
"50020001","PTE DE LA HAGUE",49.725167,-1.939833,6,1951082100,"","","","",3.,1,"","","","","","","","","","","","","","","","","","","","","","","","","","","","","","",15.2,1,12.6,1,"","","","","","","","","","","","","","","","","","","","","","","","","","",85,1,"","","","","","","","","","","","",14.9,1,1020.5,1,"","","","","","",0,1,"","",0,1,0,1,0,1,"","","","","","","","","","","","","","","","","","","","","","","","",38000,1,"","",2,1,0,1,"","","","","","","","","","",4,1,"","","","","","","","","","","","","","","","","","","","","","","","","","","","","","","","","","","","","","","","","","","","","","","","","","","","","",""
"50020001","PTE DE LA HAGUE",49.725167,-1.939833,6,1951082106,"","","","",2.,1,"","","","","","","","","","","","","","","","","","","","","","","","","","","","","","",15.,1,12.9,1,"","","","","","","","","","","","","","","","","","","","","","","","","","",89,1,"","","","","","","","","","","","",15.2,1,1022.6,1,"","","","","","",2,1,0,1,2,1,0,1,1,1,"","","","","","","","","","","","","","","","","","","","","","","","",22000,1,"","",2,1,0,1,"","","","","","","","","","",2,1,"","","","","","","","","","","","","","","","","","","","","","","","","","","","","","","","","","","","","","","","","","","","","","","","","","","","","",""
"50020001","PTE DE LA HAGUE",49.725167,-1.939833,6,1951082109,"","","","",3.,1,"","","","","","","","","","","","","","","","","","","","","","","","","","","","","","",17.2,1,14.5,1,"","","","","","","","","","","","","","","","","","","","","","","","","","",86,1,"","","","","","","","","","","","",17.,1,1023.5,1,"","","","","","",7,1,6,1,2,1,4,1,2,1,"","","","","","","","","","","","","","","","","","","","","","","","",16000,1,"","",3,1,1,1,"","","","","","","","","","",3,1,"","","","","","","","","","","","","","","","","","","","","","","","","","","","","","","","","","","","","","","","","","","","","","","","","","","","","",""
"50020001","PTE DE LA HAGUE",49.725167,-1.939833,6,1951082112,"","","","",4.,1,"","","","","","","","","","","","","","","","","","","","","","","","","","","","","","",18.2,1,15.4,1,"","","","","","","","","","","","","","","","","","","","","","","","","","",84,1,"","","","","","","","","","","","",18.,1,1023.5,1,"","","","","","",7,1,7,1,2,1,7,1,0,1,"","","","","","","","","","","","","","","","","","","","","","","","",16000,1,"","",2,1,2,1,"","","","","","","","","","",3,1,"","","","","","","","","","","","","","","","","","","","","","","","","","","","","","","","","","","","","","","","","","","","","","","","","","","","","",""
"50020001","PTE DE LA HAGUE",49.725167,-1.939833,6,1951082115,"","","","",4.,1,"","","","","","","","","","","","","","","","","","","","","","","","","","","","","","",17.6,1,14.8,1,"","","","","","","","","","","","","","","","","","","","","","","","","","",88,1,"","","","","","","","","","","","",17.3,1,1022.9,1,"","","","","","",8,1,8,1,0,1,7,1,"","","","","","","","","","","","","","","","","","","","","","","","","","",22000,1,"","",2,1,2,1,"","","","","","","","","","",3,1,"","","","","","","","","","","","","","","","","","","","","","","","","","","","","","","","","","","","","","","","","","","","","","","","","","","","","",""
"50020001","PTE DE LA HAGUE",49.725167,-1.939833,6,1951082118,"","","","",5.,1,"","","","","","","","","","","","","","","","","","","","","","","","","","","","","","",17.,1,15.,1,"","","","","","","","","","","","","","","","","","","","","","","","","","",92,1,"","","","","","","","","","","","",17.5,1,1021.9,1,"","","","","","",7,1,7,1,2,1,7,1,0,1,"","","","","","","","","","","","","","","","","","","","","","","","",25000,1,"","",2,1,6,1,"","","","","","","","","","",3,1,"","","","","","","","","","","","","","","","","","","","","","","","","","","","","","","","","","","","","","","","","","","","","","","","","","","","","",""
"50020001","PTE DE LA HAGUE",49.725167,-1.939833,6,1951082200,"","","","",11.,1,"","","","","","","","","","","","","","","","","","","","","","","","","","","","","","",15.2,1,15.2,1,"","","","","","","","","","","","","","","","","","","","","","","","","","",100,1,"","","","","","","","","","","","",17.3,1,1019.3,1,"","","","","","",8,1,8,1,7,1,"","","","","","","","","","","","","","","","","","","","","","","","","","","","",6000,1,"","",61,1,6,1,"","","","","","","","","","",5,1,"","","","","","","","","","","","","","","","","","","","","","","","","","","","","","","","","","","","","","","","","","","","","","","","","","","","","",""
"50020001","PTE DE LA HAGUE",49.725167,-1.939833,6,1951082206,"","","","",5.,1,"","","","","","","","","","","","","","","","","","","","","","","","","","","","","","",16.,1,14.2,1,"","","","","","","","","","","","","","","","","","","","","","","","","","",94,1,"","","","","","","","","","","","",16.6,1,1018.3,1,"","","","","","",8,1,6,1,5,1,7,1,"","","","","","","","","","","","","","","","","","","","","","","","","","",12000,1,"","",2,1,6,1,"","","","","","","","","","",4,1,"","","","","","","","","","","","","","","","","","","","","","","","","","","","","","","","","","","","","","","","","","","","","","","","","","","","","",""
"50020001","PTE DE LA HAGUE",49.725167,-1.939833,6,1951082209,"","","","",5.,1,"","","","","","","","","","","","","","","","","","","","","","","","","","","","","","",16.2,1,13.9,1,"","","","","","","","","","","","","","","","","","","","","","","","","","",89,1,"","","","","","","","","","","","",16.3,1,1019.3,1,"","","","","","",8,1,6,1,8,1,"","","","","","","","","","","","","","","","","","","","","","","","","","","","",16000,1,"","",2,1,2,1,"","","","","","","","","","",4,1,"","","","","","","","","","","","","","","","","","","","","","","","","","","","","","","","","","","","","","","","","","","","","","","","","","","","","",""
"50020001","PTE DE LA HAGUE",49.725167,-1.939833,6,1951082212,"","","","",5.,1,"","","","","","","","","","","","","","","","","","","","","","","","","","","","","","",16.8,1,15.1,1,"","","","","","","","","","","","","","","","","","","","","","","","","","",94,1,"","","","","","","","","","","","",17.7,1,1019.7,1,"","","","","","",7,1,5,1,8,1,0,1,0,1,"","","","","","","","","","","","","","","","","","","","","","","","",18000,1,"","",1,1,2,1,"","","","","","","","","","",4,1,"","","","","","","","","","","","","","","","","","","","","","","","","","","","","","","","","","","","","","","","","","","","","","","","","","","","","",""
"50020001","PTE DE LA HAGUE",49.725167,-1.939833,6,1951082215,"","","","",4.,1,"","","","","","","","","","","","","","","","","","","","","","","","","","","","","","",18.,1,14.,1,"","","","","","","","","","","","","","","","","","","","","","","","","","",78,1,"","","","","","","","","","","","",16.4,1,1020.5,1,"","","","","","",6,1,5,1,8,1,0,1,0,1,"","","","","","","","","","","","","","","","","","","","","","","","",22000,1,"","",2,1,1,1,"","","","","","","","","","",4,1,"","","","","","","","","","","","","","","","","","","","","","","","","","","","","","","","","","","","","","","","","","","","","","","","","","","","","",""
"50020001","PTE DE LA HAGUE",49.725167,-1.939833,6,1951082218,"","","","",3.,1,"","","","","","","","","","","","","","","","","","","","","","","","","","","","","","",17.,1,12.9,1,"","","","","","","","","","","","","","","","","","","","","","","","","","",76,1,"","","","","","","","","","","","",15.2,1,1021.1,1,"","","","","","",0,1,"","",0,1,0,1,0,1,"","","","","","","","","","","","","","","","","","","","","","","","",30000,1,"","",1,1,1,1,"","","","","","","","","","",3,1,"","","","","","","","","","","","","","","","","","","","","","","","","","","","","","","","","","","","","","","","","","","","","","","","","","","","","",""
"50020001","PTE DE LA HAGUE",49.725167,-1.939833,6,1951082300,"","","","",5.,1,"","","","","","","","","","","","","","","","","","","","","","","","","","","","","","",15.4,1,10.8,1,"","","","","","","","","","","","","","","","","","","","","","","","","","",76,1,"","","","","","","","","","","","",13.2,1,1022.9,1,"","","","","","",1,1,0,1,0,1,4,1,0,1,"","","","","","","","","","","","","","","","","","","","","","","","",30000,1,"","",2,1,0,1,"","","","","","","","","","",4,1,"","","","","","","","","","","","","","","","","","","","","","","","","","","","","","","","","","","","","","","","","","","","","","","","","","","","","",""
"50020001","PTE DE LA HAGUE",49.725167,-1.939833,6,1951082306,"","","","",2.,1,"","","","","","","","","","","","","","","","","","","","","","","","","","","","","","",14.6,1,11.3,1,"","","","","","","","","","","","","","","","","","","","","","","","","","",82,1,"","","","","","","","","","","","",13.7,1,1023.,1,"","","","","","",7,1,7,1,0,1,4,1,6,1,"","","","","","","","","","","","","","","","","","","","","","","","",26000,1,"","",2,1,2,1,"","","","","","","","","","",2,1,"","","","","","","","","","","","","","","","","","","","","","","","","","","","","","","","","","","","","","","","","","","","","","","","","","","","","",""
"50020001","PTE DE LA HAGUE",49.725167,-1.939833,6,1951082309,"","","","",0.,1,"","","","","","","","","","","","","","","","","","","","","","","","","","","","","","",16.,1,12.1,1,"","","","","","","","","","","","","","","","","","","","","","","","","","",79,1,"","","","","","","","","","","","",14.4,1,1023.9,1,"","","","","","",7,1,7,1,1,1,3,1,2,1,"","","","","","","","","","","","","","","","","","","","","","","","",32000,1,"","",2,1,2,1,"","","","","","","","","","",2,1,"","","","","","","","","","","","","","","","","","","","","","","","","","","","","","","","","","","","","","","","","","","","","","","","","","","","","",""
"50020001","PTE DE LA HAGUE",49.725167,-1.939833,6,1951082312,"","","","",2.,1,"","","","","","","","","","","","","","","","","","","","","","","","","","","","","","",18.,1,12.4,1,"","","","","","","","","","","","","","","","","","","","","","","","","","",71,1,"","","","","","","","","","","","",14.7,1,1023.4,1,"","","","","","",5,1,0,1,2,1,4,1,1,1,"","","","","","","","","","","","","","","","","","","","","","","","",32000,1,"","",2,1,1,1,"","","","","","","","","","",2,1,"","","","","","","","","","","","","","","","","","","","","","","","","","","","","","","","","","","","","","","","","","","","","","","","","","","","","",""
"50020001","PTE DE LA HAGUE",49.725167,-1.939833,6,1951082315,"","","","",2.,1,"","","","","","","","","","","","","","","","","","","","","","","","","","","","","","",18.,1,12.6,1,"","","","","","","","","","","","","","","","","","","","","","","","","","",72,1,"","","","","","","","","","","","",14.9,1,1021.7,1,"","","","","","",7,1,7,1,0,1,5,1,0,1,"","","","","","","","","","","","","","","","","","","","","","","","",30000,1,"","",2,1,2,1,"","","","","","","","","","",2,1,"","","","","","","","","","","","","","","","","","","","","","","","","","","","","","","","","","","","","","","","","","","","","","","","","","","","","",""
"50020001","PTE DE LA HAGUE",49.725167,-1.939833,6,1951082318,"","","","",2.,1,"","","","","","","","","","","","","","","","","","","","","","","","","","","","","","",17.,1,11.2,1,"","","","","","","","","","","","","","","","","","","","","","","","","","",70,1,"","","","","","","","","","","","",13.6,1,1020.1,1,"","","","","","",6,1,6,1,0,1,3,1,0,1,"","","","","","","","","","","","","","","","","","","","","","","","",26000,1,"","",2,1,2,1,"","","","","","","","","","",2,1,"","","","","","","","","","","","","","","","","","","","","","","","","","","","","","","","","","","","","","","","","","","","","","","","","","","","","",""
"50020001","PTE DE LA HAGUE",49.725167,-1.939833,6,1951082400,"","","","",6.,1,"","","","","","","","","","","","","","","","","","","","","","","","","","","","","","",15.8,1,12.4,1,"","","","","","","","","","","","","","","","","","","","","","","","","","",83,1,"","","","","","","","","","","","",14.7,1,1016.3,1,"","","","","","",8,1,8,1,5,1,"","","","","","","","","","","","","","","","","","","","","","","","","","","","",30000,1,"","",2,1,2,1,"","","","","","","","","","",4,1,"","","","","","","","","","","","","","","","","","","","","","","","","","","","","","","","","","","","","","","","","","","","","","","","","","","","","",""
"50020001","PTE DE LA HAGUE",49.725167,-1.939833,6,1951082406,"","","","",6.,1,"","","","","","","","","","","","","","","","","","","","","","","","","","","","","","",15.2,1,13.1,1,"","","","","","","","","","","","","","","","","","","","","","","","","","",91,1,"","","","","","","","","","","","",15.4,1,1014.5,1,"","","","","","",7,1,5,1,7,1,9,1,0,1,"","","","","","","","","","","","","","","","","","","","","","","","",22000,1,"","",25,1,6,1,"","","","","","","","","","",4,1,"","","","","","","","","","","","","","","","","","","","","","","","","","","","","","","","","","","","","","","","","","","","","","","","","","","","","",""
"50020001","PTE DE LA HAGUE",49.725167,-1.939833,6,1951082409,"","","","",7.,1,"","","","","","","","","","","","","","","","","","","","","","","","","","","","","","",16.,1,12.3,1,"","","","","","","","","","","","","","","","","","","","","","","","","","",81,1,"","","","","","","","","","","","",14.6,1,1014.7,1,"","","","","","",7,1,6,1,2,1,3,1,2,1,"","","","","","","","","","","","","","","","","","","","","","","","",22000,1,"","",2,1,2,1,"","","","","","","","","","",4,1,"","","","","","","","","","","","","","","","","","","","","","","","","","","","","","","","","","","","","","","","","","","","","","","","","","","","","",""
"50020001","PTE DE LA HAGUE",49.725167,-1.939833,6,1951082412,"","","","",8.,1,"","","","","","","","","","","","","","","","","","","","","","","","","","","","","","",16.2,1,13.6,1,"","","","","","","","","","","","","","","","","","","","","","","","","","",85,1,"","","","","","","","","","","","",16.,1,1015.,1,"","","","","","",7,1,0,1,2,1,4,1,0,1,"","","","","","","","","","","","","","","","","","","","","","","","",25000,1,"","",1,1,2,1,"","","","","","","","","","",4,1,"","","","","","","","","","","","","","","","","","","","","","","","","","","","","","","","","","","","","","","","","","","","","","","","","","","","","",""
"50020001","PTE DE LA HAGUE",49.725167,-1.939833,6,1951082415,"","","","",7.,1,"","","","","","","","","","","","","","","","","","","","","","","","","","","","","","",15.6,1,12.4,1,"","","","","","","","","","","","","","","","","","","","","","","","","","",83,1,"","","","","","","","","","","","",14.7,1,1015.,1,"","","","","","",8,1,0,1,8,1,7,1,"","","","","","","","","","","","","","","","","","","","","","","","","","",21000,1,"","",2,1,2,1,"","","","","","","","","","",4,1,"","","","","","","","","","","","","","","","","","","","","","","","","","","","","","","","","","","","","","","","","","","","","","","","","","","","","",""
"50020001","PTE DE LA HAGUE",49.725167,-1.939833,6,1951082418,"","","","",4.,1,"","","","","","","","","","","","","","","","","","","","","","","","","","","","","","",15.4,1,12.6,1,"","","","","","","","","","","","","","","","","","","","","","","","","","",85,1,"","","","","","","","","","","","",14.9,1,1015.7,1,"","","","","","",7,1,5,1,8,1,0,1,0,1,"","","","","","","","","","","","","","","","","","","","","","","","",30000,1,"","",2,1,2,1,"","","","","","","","","","",4,1,"","","","","","","","","","","","","","","","","","","","","","","","","","","","","","","","","","","","","","","","","","","","","","","","","","","","","",""
"50020001","PTE DE LA HAGUE",49.725167,-1.939833,6,1951082500,"","","","",6.,1,"","","","","","","","","","","","","","","","","","","","","","","","","","","","","","",14.6,1,11.4,1,"","","","","","","","","","","","","","","","","","","","","","","","","","",84,1,"","","","","","","","","","","","",13.8,1,1015.8,1,"","","","","","",6,1,0,1,0,1,4,1,6,1,"","","","","","","","","","","","","","","","","","","","","","","","",38000,1,"","",3,1,1,1,"","","","","","","","","","",4,1,"","","","","","","","","","","","","","","","","","","","","","","","","","","","","","","","","","","","","","","","","","","","","","","","","","","","","",""
"50020001","PTE DE LA HAGUE",49.725167,-1.939833,6,1951082506,"","","","",3.,1,"","","","","","","","","","","","","","","","","","","","","","","","","","","","","","",14.2,1,11.6,1,"","","","","","","","","","","","","","","","","","","","","","","","","","",87,1,"","","","","","","","","","","","",14.,1,1014.7,1,"","","","","","",8,1,5,1,2,1,9,1,"","","","","","","","","","","","","","","","","","","","","","","","","","",30000,1,"","",2,1,2,1,"","","","","","","","","","",3,1,"","","","","","","","","","","","","","","","","","","","","","","","","","","","","","","","","","","","","","","","","","","","","","","","","","","","","",""
"50020001","PTE DE LA HAGUE",49.725167,-1.939833,6,1951082509,"","","","",4.,1,"","","","","","","","","","","","","","","","","","","","","","","","","","","","","","",15.2,1,12.9,1,"","","","","","","","","","","","","","","","","","","","","","","","","","",89,1,"","","","","","","","","","","","",15.2,1,1013.5,1,"","","","","","",7,1,6,1,2,1,4,1,2,1,"","","","","","","","","","","","","","","","","","","","","","","","",30000,1,"","",2,1,2,1,"","","","","","","","","","",3,1,"","","","","","","","","","","","","","","","","","","","","","","","","","","","","","","","","","","","","","","","","","","","","","","","","","","","","",""
"50020001","PTE DE LA HAGUE",49.725167,-1.939833,6,1951082512,"","","","",6.,1,"","","","","","","","","","","","","","","","","","","","","","","","","","","","","","",16.,1,14.,1,"","","","","","","","","","","","","","","","","","","","","","","","","","",91,1,"","","","","","","","","","","","",16.4,1,1012.5,1,"","","","","","",7,1,6,1,2,1,7,1,0,1,"","","","","","","","","","","","","","","","","","","","","","","","",30000,1,"","",2,1,2,1,"","","","","","","","","","",4,1,"","","","","","","","","","","","","","","","","","","","","","","","","","","","","","","","","","","","","","","","","","","","","","","","","","","","","",""
"50020001","PTE DE LA HAGUE",49.725167,-1.939833,6,1951082515,"","","","",7.,1,"","","","","","","","","","","","","","","","","","","","","","","","","","","","","","",17.8,1,14.5,1,"","","","","","","","","","","","","","","","","","","","","","","","","","",86,1,"","","","","","","","","","","","",17.,1,1011.3,1,"","","","","","",7,1,7,1,2,1,7,1,0,1,"","","","","","","","","","","","","","","","","","","","","","","","",28000,1,"","",2,1,2,1,"","","","","","","","","","",4,1,"","","","","","","","","","","","","","","","","","","","","","","","","","","","","","","","","","","","","","","","","","","","","","","","","","","","","",""
"50020001","PTE DE LA HAGUE",49.725167,-1.939833,6,1951082518,"","","","",7.,1,"","","","","","","","","","","","","","","","","","","","","","","","","","","","","","",16.8,1,14.9,1,"","","","","","","","","","","","","","","","","","","","","","","","","","",90,1,"","","","","","","","","","","","",17.4,1,1008.3,1,"","","","","","",7,1,7,1,0,1,7,1,0,1,"","","","","","","","","","","","","","","","","","","","","","","","",25000,1,"","",2,1,2,1,"","","","","","","","","","",4,1,"","","","","","","","","","","","","","","","","","","","","","","","","","","","","","","","","","","","","","","","","","","","","","","","","","","","","",""
"50020001","PTE DE LA HAGUE",49.725167,-1.939833,6,1951082600,"","","","",15.,1,"","","","","","","","","","","","","","","","","","","","","","","","","","","","","","",15.,1,15.,1,"","","","","","","","","","","","","","","","","","","","","","","","","","",100,1,"","","","","","","","","","","","",17.,1,1003.7,1,"","","","","","",8,1,8,1,7,1,"","","","","","","","","","","","","","","","","","","","","","","","","","","","",6000,1,"","",63,1,6,1,"","","","","","","","","","",5,1,"","","","","","","","","","","","","","","","","","","","","","","","","","","","","","","","","","","","","","","","","","","","","","","","","","","","","",""
"50020001","PTE DE LA HAGUE",49.725167,-1.939833,6,1951082606,"","","","",8.,1,"","","","","","","","","","","","","","","","","","","","","","","","","","","","","","",14.4,1,13.1,1,"","","","","","","","","","","","","","","","","","","","","","","","","","",91,1,"","","","","","","","","","","","",15.4,1,1001.3,1,"","","","","","",7,1,7,1,3,1,0,1,0,1,"","","","","","","","","","","","","","","","","","","","","","","","",16000,1,"","",81,1,8,1,"","","","","","","","","","",4,1,"","","","","","","","","","","","","","","","","","","","","","","","","","","","","","","","","","","","","","","","","","","","","","","","","","","","","",""
"50020001","PTE DE LA HAGUE",49.725167,-1.939833,6,1951082609,"","","","",9.,1,"","","","","","","","","","","","","","","","","","","","","","","","","","","","","","",14.4,1,11.6,1,"","","","","","","","","","","","","","","","","","","","","","","","","","",87,1,"","","","","","","","","","","","",14.,1,1001.7,1,"","","","","","",7,1,7,1,3,1,0,1,0,1,"","","","","","","","","","","","","","","","","","","","","","","","",25000,1,"","",81,1,8,1,"","","","","","","","","","",4,1,"","","","","","","","","","","","","","","","","","","","","","","","","","","","","","","","","","","","","","","","","","","","","","","","","","","","","",""
"50020001","PTE DE LA HAGUE",49.725167,-1.939833,6,1951082612,"","","","",10.,1,"","","","","","","","","","","","","","","","","","","","","","","","","","","","","","",16.6,1,13.6,1,"","","","","","","","","","","","","","","","","","","","","","","","","","",85,1,"","","","","","","","","","","","",16.,1,1001.7,1,"","","","","","",7,1,0,1,3,1,9,1,2,1,"","","","","","","","","","","","","","","","","","","","","","","","",25000,1,"","",81,1,8,1,"","","","","","","","","","",5,1,"","","","","","","","","","","","","","","","","","","","","","","","","","","","","","","","","","","","","","","","","","","","","","","","","","","","","",""
"50020001","PTE DE LA HAGUE",49.725167,-1.939833,6,1951082615,"","","","",11.,1,"","","","","","","","","","","","","","","","","","","","","","","","","","","","","","",17.2,1,12.7,1,"","","","","","","","","","","","","","","","","","","","","","","","","","",74,1,"","","","","","","","","","","","",15.,1,1002.3,1,"","","","","","",3,1,0,1,2,1,0,1,2,1,"","","","","","","","","","","","","","","","","","","","","","","","",22000,1,"","",1,1,1,1,"","","","","","","","","","",5,1,"","","","","","","","","","","","","","","","","","","","","","","","","","","","","","","","","","","","","","","","","","","","","","","","","","","","","",""
"50020001","PTE DE LA HAGUE",49.725167,-1.939833,6,1951082618,"","","","",11.,1,"","","","","","","","","","","","","","","","","","","","","","","","","","","","","","",15.6,1,12.4,1,"","","","","","","","","","","","","","","","","","","","","","","","","","",83,1,"","","","","","","","","","","","",14.7,1,1002.6,1,"","","","","","",7,1,5,1,2,1,7,1,6,1,"","","","","","","","","","","","","","","","","","","","","","","","",21000,1,"","",3,1,1,1,"","","","","","","","","","",5,1,"","","","","","","","","","","","","","","","","","","","","","","","","","","","","","","","","","","","","","","","","","","","","","","","","","","","","",""
"50020001","PTE DE LA HAGUE",49.725167,-1.939833,6,1951082700,"","","","",13.,1,"","","","","","","","","","","","","","","","","","","","","","","","","","","","","","",14.,1,11.4,1,"","","","","","","","","","","","","","","","","","","","","","","","","","",84,1,"","","","","","","","","","","","",13.8,1,1002.1,1,"","","","","","",6,1,0,1,2,1,0,1,2,1,"","","","","","","","","","","","","","","","","","","","","","","","",19000,1,"","",2,1,8,1,"","","","","","","","","","",6,1,"","","","","","","","","","","","","","","","","","","","","","","","","","","","","","","","","","","","","","","","","","","","","","","","","","","","","",""
"50020001","PTE DE LA HAGUE",49.725167,-1.939833,6,1951082706,"","","","",12.,1,"","","","","","","","","","","","","","","","","","","","","","","","","","","","","","",14.6,1,12.9,1,"","","","","","","","","","","","","","","","","","","","","","","","","","",89,1,"","","","","","","","","","","","",15.2,1,1001.8,1,"","","","","","",8,1,5,1,2,1,7,1,"","","","","","","","","","","","","","","","","","","","","","","","","","",22000,1,"","",2,1,2,1,"","","","","","","","","","",5,1,"","","","","","","","","","","","","","","","","","","","","","","","","","","","","","","","","","","","","","","","","","","","","","","","","","","","","",""
"50020001","PTE DE LA HAGUE",49.725167,-1.939833,6,1951082709,"","","","",13.,1,"","","","","","","","","","","","","","","","","","","","","","","","","","","","","","",15.,1,12.9,1,"","","","","","","","","","","","","","","","","","","","","","","","","","",89,1,"","","","","","","","","","","","",15.2,1,1002.1,1,"","","","","","",8,1,7,1,2,1,7,1,"","","","","","","","","","","","","","","","","","","","","","","","","","",14000,1,"","",81,1,2,1,"","","","","","","","","","",5,1,"","","","","","","","","","","","","","","","","","","","","","","","","","","","","","","","","","","","","","","","","","","","","","","","","","","","","",""
"50020001","PTE DE LA HAGUE",49.725167,-1.939833,6,1951082712,"","","","",11.,1,"","","","","","","","","","","","","","","","","","","","","","","","","","","","","","",15.,1,11.1,1,"","","","","","","","","","","","","","","","","","","","","","","","","","",80,1,"","","","","","","","","","","","",13.5,1,1003.4,1,"","","","","","",8,1,8,1,2,1,7,1,"","","","","","","","","","","","","","","","","","","","","","","","","","",25000,1,"","",2,1,8,1,"","","","","","","","","","",5,1,"","","","","","","","","","","","","","","","","","","","","","","","","","","","","","","","","","","","","","","","","","","","","","","","","","","","","",""
"50020001","PTE DE LA HAGUE",49.725167,-1.939833,6,1951082715,"","","","",9.,1,"","","","","","","","","","","","","","","","","","","","","","","","","","","","","","",17.,1,13.1,1,"","","","","","","","","","","","","","","","","","","","","","","","","","",80,1,"","","","","","","","","","","","",15.4,1,1003.4,1,"","","","","","",7,1,7,1,2,1,3,1,0,1,"","","","","","","","","","","","","","","","","","","","","","","","",22000,1,"","",2,1,2,1,"","","","","","","","","","",5,1,"","","","","","","","","","","","","","","","","","","","","","","","","","","","","","","","","","","","","","","","","","","","","","","","","","","","","",""
"50020001","PTE DE LA HAGUE",49.725167,-1.939833,6,1951082718,"","","","",10.,1,"","","","","","","","","","","","","","","","","","","","","","","","","","","","","","",14.8,1,13.1,1,"","","","","","","","","","","","","","","","","","","","","","","","","","",91,1,"","","","","","","","","","","","",15.4,1,1002.9,1,"","","","","","",8,1,8,1,8,1,"","","","","","","","","","","","","","","","","","","","","","","","","","","","",10000,1,"","",63,1,6,1,"","","","","","","","","","",5,1,"","","","","","","","","","","","","","","","","","","","","","","","","","","","","","","","","","","","","","","","","","","","","","","","","","","","","",""
"50020001","PTE DE LA HAGUE",49.725167,-1.939833,6,1951082800,"","","","",17.,1,"","","","","","","","","","","","","","","","","","","","","","","","","","","","","","",17.,1,16.3,1,"","","","","","","","","","","","","","","","","","","","","","","","","","",96,1,"","","","","","","","","","","","",19.1,1,998.7,1,"","","","","","",8,1,8,1,7,1,"","","","","","","","","","","","","","","","","","","","","","","","","","","","",10000,1,"","",60,1,6,1,"","","","","","","","","","",6,1,"","","","","","","","","","","","","","","","","","","","","","","","","","","","","","","","","","","","","","","","","","","","","","","","","","","","","",""
"50020001","PTE DE LA HAGUE",49.725167,-1.939833,6,1951082806,"","","","",6.,1,"","","","","","","","","","","","","","","","","","","","","","","","","","","","","","",16.8,1,15.1,1,"","","","","","","","","","","","","","","","","","","","","","","","","","",94,1,"","","","","","","","","","","","",17.7,1,1000.6,1,"","","","","","",8,1,6,1,5,1,7,1,"","","","","","","","","","","","","","","","","","","","","","","","","","",15000,1,"","",2,1,6,1,"","","","","","","","","","",5,1,"","","","","","","","","","","","","","","","","","","","","","","","","","","","","","","","","","","","","","","","","","","","","","","","","","","","","",""
"50020001","PTE DE LA HAGUE",49.725167,-1.939833,6,1951082809,"","","","",9.,1,"","","","","","","","","","","","","","","","","","","","","","","","","","","","","","",18.,1,16.1,1,"","","","","","","","","","","","","","","","","","","","","","","","","","",94,1,"","","","","","","","","","","","",18.9,1,1001.4,1,"","","","","","",8,1,6,1,6,1,7,1,"","","","","","","","","","","","","","","","","","","","","","","","","","",9000,1,"","",50,1,2,1,"","","","","","","","","","",4,1,"","","","","","","","","","","","","","","","","","","","","","","","","","","","","","","","","","","","","","","","","","","","","","","","","","","","","",""
"50020001","PTE DE LA HAGUE",49.725167,-1.939833,6,1951082812,"","","","",8.,1,"","","","","","","","","","","","","","","","","","","","","","","","","","","","","","",17.6,1,16.1,1,"","","","","","","","","","","","","","","","","","","","","","","","","","",94,1,"","","","","","","","","","","","",18.9,1,1001.9,1,"","","","","","",8,1,8,1,7,1,"","","","","","","","","","","","","","","","","","","","","","","","","","","","",7000,1,"","",63,1,6,1,"","","","","","","","","","",4,1,"","","","","","","","","","","","","","","","","","","","","","","","","","","","","","","","","","","","","","","","","","","","","","","","","","","","","",""
"50020001","PTE DE LA HAGUE",49.725167,-1.939833,6,1951082815,"","","","",8.,1,"","","","","","","","","","","","","","","","","","","","","","","","","","","","","","",18.,1,16.,1,"","","","","","","","","","","","","","","","","","","","","","","","","","",92,1,"","","","","","","","","","","","",18.7,1,1002.2,1,"","","","","","",7,1,7,1,7,1,7,1,0,1,"","","","","","","","","","","","","","","","","","","","","","","","",15000,1,"","",60,1,6,1,"","","","","","","","","","",4,1,"","","","","","","","","","","","","","","","","","","","","","","","","","","","","","","","","","","","","","","","","","","","","","","","","","","","","",""
"50020001","PTE DE LA HAGUE",49.725167,-1.939833,6,1951082818,"","","","",5.,1,"","","","","","","","","","","","","","","","","","","","","","","","","","","","","","",16.6,1,15.4,1,"","","","","","","","","","","","","","","","","","","","","","","","","","",98,1,"","","","","","","","","","","","",18.,1,1002.5,1,"","","","","","",8,1,5,1,7,1,2,1,"","","","","","","","","","","","","","","","","","","","","","","","","","",11000,1,"","",61,1,6,1,"","","","","","","","","","",4,1,"","","","","","","","","","","","","","","","","","","","","","","","","","","","","","","","","","","","","","","","","","","","","","","","","","","","","",""
"50020001","PTE DE LA HAGUE",49.725167,-1.939833,6,1951082900,"","","","",9.,1,"","","","","","","","","","","","","","","","","","","","","","","","","","","","","","",17.,1,14.9,1,"","","","","","","","","","","","","","","","","","","","","","","","","","",90,1,"","","","","","","","","","","","",17.4,1,1002.3,1,"","","","","","",8,1,8,1,7,1,2,1,"","","","","","","","","","","","","","","","","","","","","","","","","","",30000,1,"","",21,1,6,1,"","","","","","","","","","",4,1,"","","","","","","","","","","","","","","","","","","","","","","","","","","","","","","","","","","","","","","","","","","","","","","","","","","","","",""
"50020001","PTE DE LA HAGUE",49.725167,-1.939833,6,1951082906,"","","","",9.,1,"","","","","","","","","","","","","","","","","","","","","","","","","","","","","","",15.,1,12.9,1,"","","","","","","","","","","","","","","","","","","","","","","","","","",89,1,"","","","","","","","","","","","",15.2,1,1005.7,1,"","","","","","",2,1,0,1,3,1,0,1,0,1,"","","","","","","","","","","","","","","","","","","","","","","","",28000,1,"","",25,1,8,1,"","","","","","","","","","",5,1,"","","","","","","","","","","","","","","","","","","","","","","","","","","","","","","","","","","","","","","","","","","","","","","","","","","","","",""
"50020001","PTE DE LA HAGUE",49.725167,-1.939833,6,1951082909,"","","","",9.,1,"","","","","","","","","","","","","","","","","","","","","","","","","","","","","","",16.8,1,13.3,1,"","","","","","","","","","","","","","","","","","","","","","","","","","",81,1,"","","","","","","","","","","","",15.7,1,1008.5,1,"","","","","","",7,1,5,1,2,1,0,1,2,1,"","","","","","","","","","","","","","","","","","","","","","","","",25000,1,"","",2,1,1,1,"","","","","","","","","","",5,1,"","","","","","","","","","","","","","","","","","","","","","","","","","","","","","","","","","","","","","","","","","","","","","","","","","","","","",""
"50020001","PTE DE LA HAGUE",49.725167,-1.939833,6,1951082912,"","","","",7.,1,"","","","","","","","","","","","","","","","","","","","","","","","","","","","","","",18.8,1,13.6,1,"","","","","","","","","","","","","","","","","","","","","","","","","","",73,1,"","","","","","","","","","","","",16.,1,1009.5,1,"","","","","","",5,1,0,1,2,1,0,1,2,1,"","","","","","","","","","","","","","","","","","","","","","","","",22000,1,"","",2,1,1,1,"","","","","","","","","","",4,1,"","","","","","","","","","","","","","","","","","","","","","","","","","","","","","","","","","","","","","","","","","","","","","","","","","","","","",""
"50020001","PTE DE LA HAGUE",49.725167,-1.939833,6,1951082915,"","","","",8.,1,"","","","","","","","","","","","","","","","","","","","","","","","","","","","","","",18.8,1,13.4,1,"","","","","","","","","","","","","","","","","","","","","","","","","","",72,1,"","","","","","","","","","","","",15.8,1,1008.7,1,"","","","","","",7,1,0,1,2,1,7,1,2,1,"","","","","","","","","","","","","","","","","","","","","","","","",25000,1,"","",3,1,1,1,"","","","","","","","","","",4,1,"","","","","","","","","","","","","","","","","","","","","","","","","","","","","","","","","","","","","","","","","","","","","","","","","","","","","",""
"50020001","PTE DE LA HAGUE",49.725167,-1.939833,6,1951082918,"","","","",8.,1,"","","","","","","","","","","","","","","","","","","","","","","","","","","","","","",18.,1,14.,1,"","","","","","","","","","","","","","","","","","","","","","","","","","",78,1,"","","","","","","","","","","","",16.4,1,1008.1,1,"","","","","","",8,1,0,1,3,1,9,1,7,1,"","","","","","","","","","","","","","","","","","","","","","","","",28000,1,"","",15,1,1,1,"","","","","","","","","","",4,1,"","","","","","","","","","","","","","","","","","","","","","","","","","","","","","","","","","","","","","","","","","","","","","","","","","","","","",""
"50020001","PTE DE LA HAGUE",49.725167,-1.939833,6,1951083000,"","","","",9.,1,"","","","","","","","","","","","","","","","","","","","","","","","","","","","","","",16.8,1,13.3,1,"","","","","","","","","","","","","","","","","","","","","","","","","","",82,1,"","","","","","","","","","","","",15.7,1,1006.6,1,"","","","","","",0,1,"","",0,1,0,1,0,1,"","","","","","","","","","","","","","","","","","","","","","","","",35000,1,"","",2,1,0,1,"","","","","","","","","","",5,1,"","","","","","","","","","","","","","","","","","","","","","","","","","","","","","","","","","","","","","","","","","","","","","","","","","","","","",""
"50020001","PTE DE LA HAGUE",49.725167,-1.939833,6,1951083006,"","","","",3.,1,"","","","","","","","","","","","","","","","","","","","","","","","","","","","","","",15.4,1,14.2,1,"","","","","","","","","","","","","","","","","","","","","","","","","","",94,1,"","","","","","","","","","","","",16.6,1,1003.8,1,"","","","","","",8,1,5,1,2,1,2,1,"","","","","","","","","","","","","","","","","","","","","","","","","","",9000,1,"","",63,1,6,1,"","","","","","","","","","",4,1,"","","","","","","","","","","","","","","","","","","","","","","","","","","","","","","","","","","","","","","","","","","","","","","","","","","","","",""
"50020001","PTE DE LA HAGUE",49.725167,-1.939833,6,1951083009,"","","","",9.,1,"","","","","","","","","","","","","","","","","","","","","","","","","","","","","","",15.6,1,12.6,1,"","","","","","","","","","","","","","","","","","","","","","","","","","",85,1,"","","","","","","","","","","","",14.9,1,1002.6,1,"","","","","","",8,1,6,1,3,1,9,1,"","","","","","","","","","","","","","","","","","","","","","","","","","",22000,1,"","",15,1,6,1,"","","","","","","","","","",4,1,"","","","","","","","","","","","","","","","","","","","","","","","","","","","","","","","","","","","","","","","","","","","","","","","","","","","","",""
"50020001","PTE DE LA HAGUE",49.725167,-1.939833,6,1951083012,"","","","",4.,1,"","","","","","","","","","","","","","","","","","","","","","","","","","","","","","",15.4,1,14.,1,"","","","","","","","","","","","","","","","","","","","","","","","","","",91,1,"","","","","","","","","","","","",16.4,1,1003.1,1,"","","","","","",7,1,5,1,3,1,9,1,2,1,"","","","","","","","","","","","","","","","","","","","","","","","",21000,1,"","",80,1,6,1,"","","","","","","","","","",4,1,"","","","","","","","","","","","","","","","","","","","","","","","","","","","","","","","","","","","","","","","","","","","","","","","","","","","","",""
"50020001","PTE DE LA HAGUE",49.725167,-1.939833,6,1951083015,"","","","",6.,1,"","","","","","","","","","","","","","","","","","","","","","","","","","","","","","",17.6,1,15.8,1,"","","","","","","","","","","","","","","","","","","","","","","","","","",90,1,"","","","","","","","","","","","",18.5,1,1003.9,1,"","","","","","",5,1,0,1,9,1,4,1,3,1,"","","","","","","","","","","","","","","","","","","","","","","","",38000,1,"","",1,1,1,1,"","","","","","","","","","",4,1,"","","","","","","","","","","","","","","","","","","","","","","","","","","","","","","","","","","","","","","","","","","","","","","","","","","","","",""
"50020001","PTE DE LA HAGUE",49.725167,-1.939833,6,1951083018,"","","","",8.,1,"","","","","","","","","","","","","","","","","","","","","","","","","","","","","","",14.6,1,11.4,1,"","","","","","","","","","","","","","","","","","","","","","","","","","",84,1,"","","","","","","","","","","","",13.8,1,1005.5,1,"","","","","","",7,1,6,1,9,1,0,1,3,1,"","","","","","","","","","","","","","","","","","","","","","","","",25000,1,"","",81,1,8,1,"","","","","","","","","","",4,1,"","","","","","","","","","","","","","","","","","","","","","","","","","","","","","","","","","","","","","","","","","","","","","","","","","","","","",""
"50020001","PTE DE LA HAGUE",49.725167,-1.939833,6,1951083100,"","","","",8.,1,"","","","","","","","","","","","","","","","","","","","","","","","","","","","","","",15.2,1,12.4,1,"","","","","","","","","","","","","","","","","","","","","","","","","","",83,1,"","","","","","","","","","","","",14.7,1,1005.8,1,"","","","","","",4,1,0,1,2,1,0,1,4,1,"","","","","","","","","","","","","","","","","","","","","","","","",28000,1,"","",3,1,9,1,"","","","","","","","","","",4,1,"","","","","","","","","","","","","","","","","","","","","","","","","","","","","","","","","","","","","","","","","","","","","","","","","","","","","",""
"50020001","PTE DE LA HAGUE",49.725167,-1.939833,6,1951083106,"","","","",5.,1,"","","","","","","","","","","","","","","","","","","","","","","","","","","","","","",14.8,1,11.2,1,"","","","","","","","","","","","","","","","","","","","","","","","","","",80,1,"","","","","","","","","","","","",13.6,1,1005.8,1,"","","","","","",7,1,7,1,2,1,0,1,6,1,"","","","","","","","","","","","","","","","","","","","","","","","",30000,1,"","",2,1,2,1,"","","","","","","","","","",4,1,"","","","","","","","","","","","","","","","","","","","","","","","","","","","","","","","","","","","","","","","","","","","","","","","","","","","","",""
"50020001","PTE DE LA HAGUE",49.725167,-1.939833,6,1951083109,"","","","",5.,1,"","","","","","","","","","","","","","","","","","","","","","","","","","","","","","",16.,1,12.1,1,"","","","","","","","","","","","","","","","","","","","","","","","","","",79,1,"","","","","","","","","","","","",14.4,1,1007.4,1,"","","","","","",4,1,0,1,3,1,0,1,2,1,"","","","","","","","","","","","","","","","","","","","","","","","",30000,1,"","",2,1,2,1,"","","","","","","","","","",4,1,"","","","","","","","","","","","","","","","","","","","","","","","","","","","","","","","","","","","","","","","","","","","","","","","","","","","","",""
"50020001","PTE DE LA HAGUE",49.725167,-1.939833,6,1951083112,"","","","",6.,1,"","","","","","","","","","","","","","","","","","","","","","","","","","","","","","",17.8,1,14.2,1,"","","","","","","","","","","","","","","","","","","","","","","","","","",80,1,"","","","","","","","","","","","",16.6,1,1008.6,1,"","","","","","",6,1,6,1,3,1,0,1,2,1,"","","","","","","","","","","","","","","","","","","","","","","","",25000,1,"","",2,1,1,1,"","","","","","","","","","",4,1,"","","","","","","","","","","","","","","","","","","","","","","","","","","","","","","","","","","","","","","","","","","","","","","","","","","","","",""
"50020001","PTE DE LA HAGUE",49.725167,-1.939833,6,1951083115,"","","","",6.,1,"","","","","","","","","","","","","","","","","","","","","","","","","","","","","","",17.,1,13.2,1,"","","","","","","","","","","","","","","","","","","","","","","","","","",80,1,"","","","","","","","","","","","",15.5,1,1010.1,1,"","","","","","",6,1,0,1,2,1,0,1,2,1,"","","","","","","","","","","","","","","","","","","","","","","","",30000,1,"","",2,1,8,1,"","","","","","","","","","",4,1,"","","","","","","","","","","","","","","","","","","","","","","","","","","","","","","","","","","","","","","","","","","","","","","","","","","","","",""
"50020001","PTE DE LA HAGUE",49.725167,-1.939833,6,1951083118,"","","","",8.,1,"","","","","","","","","","","","","","","","","","","","","","","","","","","","","","",16.,1,13.7,1,"","","","","","","","","","","","","","","","","","","","","","","","","","",87,1,"","","","","","","","","","","","",16.1,1,1012.1,1,"","","","","","",3,1,0,1,2,1,0,1,2,1,"","","","","","","","","","","","","","","","","","","","","","","","",26000,1,"","",2,1,8,1,"","","","","","","","","","",4,1,"","","","","","","","","","","","","","","","","","","","","","","","","","","","","","","","","","","","","","","","","","","","","","","","","","","","","",""
"50020001","PTE DE LA HAGUE",49.725167,-1.939833,6,1951090100,"","","","",7.,1,"","","","","","","","","","","","","","","","","","","","","","","","","","","","","","",15.,1,12.9,1,"","","","","","","","","","","","","","","","","","","","","","","","","","",89,1,"","","","","","","","","","","","",15.2,1,1013.9,1,"","","","","","",4,1,0,1,2,1,0,1,0,1,"","","","","","","","","","","","","","","","","","","","","","","","",45000,1,"","",2,1,1,1,"","","","","","","","","","",4,1,"","","","","","","","","","","","","","","","","","","","","","","","","","","","","","","","","","","","","","","","","","","","","","","","","","","","","",""
"50020001","PTE DE LA HAGUE",49.725167,-1.939833,6,1951090106,"","","","",3.,1,"","","","","","","","","","","","","","","","","","","","","","","","","","","","","","",14.6,1,11.3,1,"","","","","","","","","","","","","","","","","","","","","","","","","","",82,1,"","","","","","","","","","","","",13.7,1,1012.2,1,"","","","","","",7,1,0,1,2,1,9,1,4,1,"","","","","","","","","","","","","","","","","","","","","","","","",32000,1,"","",3,1,8,1,"","","","","","","","","","",4,1,"","","","","","","","","","","","","","","","","","","","","","","","","","","","","","","","","","","","","","","","","","","","","","","","","","","","","",""
"50020001","PTE DE LA HAGUE",49.725167,-1.939833,6,1951090109,"","","","",5.,1,"","","","","","","","","","","","","","","","","","","","","","","","","","","","","","",15.,1,12.9,1,"","","","","","","","","","","","","","","","","","","","","","","","","","",89,1,"","","","","","","","","","","","",15.2,1,1010.7,1,"","","","","","",8,1,6,1,7,1,2,1,"","","","","","","","","","","","","","","","","","","","","","","","","","",12000,1,"","",60,1,2,1,"","","","","","","","","","",4,1,"","","","","","","","","","","","","","","","","","","","","","","","","","","","","","","","","","","","","","","","","","","","","","","","","","","","","",""
"50020001","PTE DE LA HAGUE",49.725167,-1.939833,6,1951090112,"","","","",5.,1,"","","","","","","","","","","","","","","","","","","","","","","","","","","","","","",13.8,1,12.2,1,"","","","","","","","","","","","","","","","","","","","","","","","","","",93,1,"","","","","","","","","","","","",14.5,1,1005.9,1,"","","","","","",8,1,8,1,7,1,2,1,"","","","","","","","","","","","","","","","","","","","","","","","","","",6000,1,"","",63,1,6,1,"","","","","","","","","","",3,1,"","","","","","","","","","","","","","","","","","","","","","","","","","","","","","","","","","","","","","","","","","","","","","","","","","","","","",""
"50020001","PTE DE LA HAGUE",49.725167,-1.939833,6,1951090115,"","","","",7.,1,"","","","","","","","","","","","","","","","","","","","","","","","","","","","","","",15.8,1,14.3,1,"","","","","","","","","","","","","","","","","","","","","","","","","","",96,1,"","","","","","","","","","","","",16.7,1,1000.6,1,"","","","","","",8,1,8,1,7,1,"","","","","","","","","","","","","","","","","","","","","","","","","","","","",4000,1,"","",63,1,6,1,"","","","","","","","","","",4,1,"","","","","","","","","","","","","","","","","","","","","","","","","","","","","","","","","","","","","","","","","","","","","","","","","","","","","",""
"50020001","PTE DE LA HAGUE",49.725167,-1.939833,6,1951090118,"","","","",2.,1,"","","","","","","","","","","","","","","","","","","","","","","","","","","","","","",16.,1,15.4,1,"","","","","","","","","","","","","","","","","","","","","","","","","","",98,1,"","","","","","","","","","","","",18.,1,1000.6,1,"","","","","","",7,1,5,1,6,1,7,1,0,1,"","","","","","","","","","","","","","","","","","","","","","","","",3000,1,"","",53,1,6,1,"","","","","","","","","","",4,1,"","","","","","","","","","","","","","","","","","","","","","","","","","","","","","","","","","","","","","","","","","","","","","","","","","","","","",""
"50020001","PTE DE LA HAGUE",49.725167,-1.939833,6,1951090200,"","","","",5.,1,"","","","","","","","","","","","","","","","","","","","","","","","","","","","","","",14.6,1,12.9,1,"","","","","","","","","","","","","","","","","","","","","","","","","","",89,1,"","","","","","","","","","","","",15.2,1,1009.1,1,"","","","","","",4,1,0,1,2,1,0,1,0,1,"","","","","","","","","","","","","","","","","","","","","","","","",23000,1,"","",2,1,1,1,"","","","","","","","","","",4,1,"","","","","","","","","","","","","","","","","","","","","","","","","","","","","","","","","","","","","","","","","","","","","","","","","","","","","",""
"50020001","PTE DE LA HAGUE",49.725167,-1.939833,6,1951090206,"","","","",4.,1,"","","","","","","","","","","","","","","","","","","","","","","","","","","","","","",14.,1,11.6,1,"","","","","","","","","","","","","","","","","","","","","","","","","","",87,1,"","","","","","","","","","","","",14.,1,1010.1,1,"","","","","","",8,1,8,1,2,1,0,1,7,1,"","","","","","","","","","","","","","","","","","","","","","","","",25000,1,"","",2,1,2,1,"","","","","","","","","","",3,1,"","","","","","","","","","","","","","","","","","","","","","","","","","","","","","","","","","","","","","","","","","","","","","","","","","","","","",""
"50020001","PTE DE LA HAGUE",49.725167,-1.939833,6,1951090209,"","","","",1.,1,"","","","","","","","","","","","","","","","","","","","","","","","","","","","","","",14.,1,12.,1,"","","","","","","","","","","","","","","","","","","","","","","","","","",91,1,"","","","","","","","","","","","",14.3,1,1008.7,1,"","","","","","",8,1,0,1,3,1,2,1,"","","","","","","","","","","","","","","","","","","","","","","","","","",12000,1,"","",63,1,6,1,"","","","","","","","","","",2,1,"","","","","","","","","","","","","","","","","","","","","","","","","","","","","","","","","","","","","","","","","","","","","","","","","","","","","",""
"50020001","PTE DE LA HAGUE",49.725167,-1.939833,6,1951090212,"","","","",4.,1,"","","","","","","","","","","","","","","","","","","","","","","","","","","","","","",12.6,1,11.2,1,"","","","","","","","","","","","","","","","","","","","","","","","","","",93,1,"","","","","","","","","","","","",13.6,1,1005.3,1,"","","","","","",8,1,8,1,7,1,"","","","","","","","","","","","","","","","","","","","","","","","","","","","",8000,1,"","",63,1,6,1,"","","","","","","","","","",3,1,"","","","","","","","","","","","","","","","","","","","","","","","","","","","","","","","","","","","","","","","","","","","","","","","","","","","","",""
"50020001","PTE DE LA HAGUE",49.725167,-1.939833,6,1951090215,"","","","",6.,1,"","","","","","","","","","","","","","","","","","","","","","","","","","","","","","",13.,1,12.5,1,"","","","","","","","","","","","","","","","","","","","","","","","","","",98,1,"","","","","","","","","","","","",14.8,1,1000.5,1,"","","","","","",8,1,8,1,7,1,"","","","","","","","","","","","","","","","","","","","","","","","","","","","",8000,1,"","",63,1,6,1,"","","","","","","","","","",4,1,"","","","","","","","","","","","","","","","","","","","","","","","","","","","","","","","","","","","","","","","","","","","","","","","","","","","","",""
"50020001","PTE DE LA HAGUE",49.725167,-1.939833,6,1951090218,"","","","",12.,1,"","","","","","","","","","","","","","","","","","","","","","","","","","","","","","",14.,1,11.9,1,"","","","","","","","","","","","","","","","","","","","","","","","","","",89,1,"","","","","","","","","","","","",14.2,1,1002.1,1,"","","","","","",8,1,8,1,2,1,7,1,"","","","","","","","","","","","","","","","","","","","","","","","","","",12000,1,"","",21,1,6,1,"","","","","","","","","","",5,1,"","","","","","","","","","","","","","","","","","","","","","","","","","","","","","","","","","","","","","","","","","","","","","","","","","","","","",""
"50020001","PTE DE LA HAGUE",49.725167,-1.939833,6,1951090300,"","","","",3.,1,"","","","","","","","","","","","","","","","","","","","","","","","","","","","","","",14.8,1,12.8,1,"","","","","","","","","","","","","","","","","","","","","","","","","","",87,1,"","","","","","","","","","","","",15.1,1,1010.9,1,"","","","","","",0,1,"","",0,1,0,1,0,1,"","","","","","","","","","","","","","","","","","","","","","","","",30000,1,"","",2,1,0,1,"","","","","","","","","","",3,1,"","","","","","","","","","","","","","","","","","","","","","","","","","","","","","","","","","","","","","","","","","","","","","","","","","","","","",""
"50020001","PTE DE LA HAGUE",49.725167,-1.939833,6,1951090306,"","","","",1.,1,"","","","","","","","","","","","","","","","","","","","","","","","","","","","","","",14.6,1,12.9,1,"","","","","","","","","","","","","","","","","","","","","","","","","","",89,1,"","","","","","","","","","","","",15.2,1,1015.8,1,"","","","","","",7,1,5,1,0,1,4,1,2,1,"","","","","","","","","","","","","","","","","","","","","","","","",28000,1,"","",2,1,1,1,"","","","","","","","","","",3,1,"","","","","","","","","","","","","","","","","","","","","","","","","","","","","","","","","","","","","","","","","","","","","","","","","","","","","",""
"50020001","PTE DE LA HAGUE",49.725167,-1.939833,6,1951090309,"","","","",2.,1,"","","","","","","","","","","","","","","","","","","","","","","","","","","","","","",16.2,1,13.7,1,"","","","","","","","","","","","","","","","","","","","","","","","","","",87,1,"","","","","","","","","","","","",16.1,1,1018.3,1,"","","","","","",7,1,6,1,0,1,3,1,2,1,"","","","","","","","","","","","","","","","","","","","","","","","",30000,1,"","",3,1,1,1,"","","","","","","","","","",3,1,"","","","","","","","","","","","","","","","","","","","","","","","","","","","","","","","","","","","","","","","","","","","","","","","","","","","","",""
"50020001","PTE DE LA HAGUE",49.725167,-1.939833,6,1951090312,"","","","",3.,1,"","","","","","","","","","","","","","","","","","","","","","","","","","","","","","",18.2,1,14.2,1,"","","","","","","","","","","","","","","","","","","","","","","","","","",80,1,"","","","","","","","","","","","",16.6,1,1019.1,1,"","","","","","",7,1,0,1,2,1,4,1,2,1,"","","","","","","","","","","","","","","","","","","","","","","","",30000,1,"","",2,1,1,1,"","","","","","","","","","",3,1,"","","","","","","","","","","","","","","","","","","","","","","","","","","","","","","","","","","","","","","","","","","","","","","","","","","","","",""
"50020001","PTE DE LA HAGUE",49.725167,-1.939833,6,1951090315,"","","","",3.,1,"","","","","","","","","","","","","","","","","","","","","","","","","","","","","","",16.8,1,11.7,1,"","","","","","","","","","","","","","","","","","","","","","","","","","",75,1,"","","","","","","","","","","","",14.1,1,1019.,1,"","","","","","",8,1,8,1,0,1,7,1,"","","","","","","","","","","","","","","","","","","","","","","","","","",26000,1,"","",2,1,2,1,"","","","","","","","","","",3,1,"","","","","","","","","","","","","","","","","","","","","","","","","","","","","","","","","","","","","","","","","","","","","","","","","","","","","",""
"50020001","PTE DE LA HAGUE",49.725167,-1.939833,6,1951090318,"","","","",4.,1,"","","","","","","","","","","","","","","","","","","","","","","","","","","","","","",16.6,1,13.7,1,"","","","","","","","","","","","","","","","","","","","","","","","","","",87,1,"","","","","","","","","","","","",16.1,1,1017.9,1,"","","","","","",8,1,8,1,0,1,7,1,"","","","","","","","","","","","","","","","","","","","","","","","","","",22000,1,"","",61,1,6,1,"","","","","","","","","","",3,1,"","","","","","","","","","","","","","","","","","","","","","","","","","","","","","","","","","","","","","","","","","","","","","","","","","","","","",""
"50020001","PTE DE LA HAGUE",49.725167,-1.939833,6,1951090400,"","","","",8.,1,"","","","","","","","","","","","","","","","","","","","","","","","","","","","","","",16.4,1,15.4,1,"","","","","","","","","","","","","","","","","","","","","","","","","","",98,1,"","","","","","","","","","","","",18.,1,1017.1,1,"","","","","","",8,1,8,1,6,1,"","","","","","","","","","","","","","","","","","","","","","","","","","","","",2100,1,"","",55,1,6,1,"","","","","","","","","","",4,1,"","","","","","","","","","","","","","","","","","","","","","","","","","","","","","","","","","","","","","","","","","","","","","","","","","","","","",""
"50020001","PTE DE LA HAGUE",49.725167,-1.939833,6,1951090406,"","","","",3.,1,"","","","","","","","","","","","","","","","","","","","","","","","","","","","","","",17.,1,16.4,1,"","","","","","","","","","","","","","","","","","","","","","","","","","",98,1,"","","","","","","","","","","","",19.2,1,1018.7,1,"","","","","","",8,1,8,1,6,1,"","","","","","","","","","","","","","","","","","","","","","","","","","","","",10000,1,"","",20,1,5,1,"","","","","","","","","","",3,1,"","","","","","","","","","","","","","","","","","","","","","","","","","","","","","","","","","","","","","","","","","","","","","","","","","","","","",""
"50020001","PTE DE LA HAGUE",49.725167,-1.939833,6,1951090409,"","","","",6.,1,"","","","","","","","","","","","","","","","","","","","","","","","","","","","","","",18.,1,17.2,1,"","","","","","","","","","","","","","","","","","","","","","","","","","",96,1,"","","","","","","","","","","","",20.3,1,1019.9,1,"","","","","","",8,1,8,1,6,1,"","","","","","","","","","","","","","","","","","","","","","","","","","","","",12000,1,"","",2,1,2,1,"","","","","","","","","","",4,1,"","","","","","","","","","","","","","","","","","","","","","","","","","","","","","","","","","","","","","","","","","","","","","","","","","","","","",""
"50020001","PTE DE LA HAGUE",49.725167,-1.939833,6,1951090412,"","","","",5.,1,"","","","","","","","","","","","","","","","","","","","","","","","","","","","","","",18.4,1,17.1,1,"","","","","","","","","","","","","","","","","","","","","","","","","","",94,1,"","","","","","","","","","","","",20.1,1,1020.6,1,"","","","","","",8,1,8,1,5,1,"","","","","","","","","","","","","","","","","","","","","","","","","","","","",22000,1,"","",2,1,2,1,"","","","","","","","","","",3,1,"","","","","","","","","","","","","","","","","","","","","","","","","","","","","","","","","","","","","","","","","","","","","","","","","","","","","",""
"50020001","PTE DE LA HAGUE",49.725167,-1.939833,6,1951090415,"","","","",3.,1,"","","","","","","","","","","","","","","","","","","","","","","","","","","","","","",18.,1,15.8,1,"","","","","","","","","","","","","","","","","","","","","","","","","","",90,1,"","","","","","","","","","","","",18.5,1,1021.4,1,"","","","","","",8,1,8,1,5,1,"","","","","","","","","","","","","","","","","","","","","","","","","","","","",28000,1,"","",2,1,2,1,"","","","","","","","","","",3,1,"","","","","","","","","","","","","","","","","","","","","","","","","","","","","","","","","","","","","","","","","","","","","","","","","","","","","",""
"50020001","PTE DE LA HAGUE",49.725167,-1.939833,6,1951090418,"","","","",2.,1,"","","","","","","","","","","","","","","","","","","","","","","","","","","","","","",18.8,1,16.9,1,"","","","","","","","","","","","","","","","","","","","","","","","","","",90,1,"","","","","","","","","","","","",19.8,1,1020.6,1,"","","","","","",8,1,8,1,5,1,"","","","","","","","","","","","","","","","","","","","","","","","","","","","",28000,1,"","",2,1,2,1,"","","","","","","","","","",2,1,"","","","","","","","","","","","","","","","","","","","","","","","","","","","","","","","","","","","","","","","","","","","","","","","","","","","","",""
"50020001","PTE DE LA HAGUE",49.725167,-1.939833,6,1951090500,"","","","",1.,1,"","","","","","","","","","","","","","","","","","","","","","","","","","","","","","",17.8,1,16.,1,"","","","","","","","","","","","","","","","","","","","","","","","","","",92,1,"","","","","","","","","","","","",18.7,1,1021.4,1,"","","","","","",8,1,8,1,5,1,"","","","","","","","","","","","","","","","","","","","","","","","","","","","",28000,1,"","",2,1,2,1,"","","","","","","","","","",2,1,"","","","","","","","","","","","","","","","","","","","","","","","","","","","","","","","","","","","","","","","","","","","","","","","","","","","","",""
"50020001","PTE DE LA HAGUE",49.725167,-1.939833,6,1951090506,"","","","",0.,1,"","","","","","","","","","","","","","","","","","","","","","","","","","","","","","",17.,1,16.3,1,"","","","","","","","","","","","","","","","","","","","","","","","","","",96,1,"","","","","","","","","","","","",19.1,1,1020.3,1,"","","","","","",8,1,8,1,5,1,"","","","","","","","","","","","","","","","","","","","","","","","","","","","",28000,1,"","",2,1,2,1,"","","","","","","","","","",2,1,"","","","","","","","","","","","","","","","","","","","","","","","","","","","","","","","","","","","","","","","","","","","","","","","","","","","","",""
"50020001","PTE DE LA HAGUE",49.725167,-1.939833,6,1951090509,"","","","",0.,1,"","","","","","","","","","","","","","","","","","","","","","","","","","","","","","",19.,1,15.2,1,"","","","","","","","","","","","","","","","","","","","","","","","","","",81,1,"","","","","","","","","","","","",17.8,1,1020.6,1,"","","","","","",8,1,8,1,5,1,"","","","","","","","","","","","","","","","","","","","","","","","","","","","",22000,1,"","",2,1,2,1,"","","","","","","","","","",2,1,"","","","","","","","","","","","","","","","","","","","","","","","","","","","","","","","","","","","","","","","","","","","","","","","","","","","","",""
"50020001","PTE DE LA HAGUE",49.725167,-1.939833,6,1951090512,"","","","",0.,1,"","","","","","","","","","","","","","","","","","","","","","","","","","","","","","",19.,1,16.9,1,"","","","","","","","","","","","","","","","","","","","","","","","","","",90,1,"","","","","","","","","","","","",19.8,1,1019.5,1,"","","","","","",8,1,8,1,5,1,"","","","","","","","","","","","","","","","","","","","","","","","","","","","",25000,1,"","",2,1,2,1,"","","","","","","","","","",3,1,"","","","","","","","","","","","","","","","","","","","","","","","","","","","","","","","","","","","","","","","","","","","","","","","","","","","","",""
"50020001","PTE DE LA HAGUE",49.725167,-1.939833,6,1951090515,"","","","",1.,1,"","","","","","","","","","","","","","","","","","","","","","","","","","","","","","",18.,1,16.1,1,"","","","","","","","","","","","","","","","","","","","","","","","","","",94,1,"","","","","","","","","","","","",18.9,1,1019.1,1,"","","","","","",8,1,8,1,5,1,"","","","","","","","","","","","","","","","","","","","","","","","","","","","",22000,1,"","",2,1,2,1,"","","","","","","","","","",3,1,"","","","","","","","","","","","","","","","","","","","","","","","","","","","","","","","","","","","","","","","","","","","","","","","","","","","","",""
"50020001","PTE DE LA HAGUE",49.725167,-1.939833,6,1951090518,"","","","",2.,1,"","","","","","","","","","","","","","","","","","","","","","","","","","","","","","",17.4,1,14.9,1,"","","","","","","","","","","","","","","","","","","","","","","","","","",90,1,"","","","","","","","","","","","",17.4,1,1018.5,1,"","","","","","",8,1,8,1,5,1,"","","","","","","","","","","","","","","","","","","","","","","","","","","","",25000,1,"","",2,1,2,1,"","","","","","","","","","",3,1,"","","","","","","","","","","","","","","","","","","","","","","","","","","","","","","","","","","","","","","","","","","","","","","","","","","","","",""
"50020001","PTE DE LA HAGUE",49.725167,-1.939833,6,1951090600,"","","","",2.,1,"","","","","","","","","","","","","","","","","","","","","","","","","","","","","","",17.,1,15.1,1,"","","","","","","","","","","","","","","","","","","","","","","","","","",94,1,"","","","","","","","","","","","",17.7,1,1018.5,1,"","","","","","",8,1,5,1,2,1,2,1,"","","","","","","","","","","","","","","","","","","","","","","","","","",19000,1,"","",2,1,2,1,"","","","","","","","","","",3,1,"","","","","","","","","","","","","","","","","","","","","","","","","","","","","","","","","","","","","","","","","","","","","","","","","","","","","",""
"50020001","PTE DE LA HAGUE",49.725167,-1.939833,6,1951090606,"","","","",2.,1,"","","","","","","","","","","","","","","","","","","","","","","","","","","","","","",16.2,1,15.4,1,"","","","","","","","","","","","","","","","","","","","","","","","","","",98,1,"","","","","","","","","","","","",18.,1,1018.5,1,"","","","","","",7,1,7,1,5,1,0,1,0,1,"","","","","","","","","","","","","","","","","","","","","","","","",22000,1,"","",2,1,2,1,"","","","","","","","","","",2,1,"","","","","","","","","","","","","","","","","","","","","","","","","","","","","","","","","","","","","","","","","","","","","","","","","","","","","",""
"50020001","PTE DE LA HAGUE",49.725167,-1.939833,6,1951090609,"","","","",2.,1,"","","","","","","","","","","","","","","","","","","","","","","","","","","","","","",17.,1,15.,1,"","","","","","","","","","","","","","","","","","","","","","","","","","",92,1,"","","","","","","","","","","","",17.5,1,1018.5,1,"","","","","","",8,1,8,1,0,1,7,1,"","","","","","","","","","","","","","","","","","","","","","","","","","",10000,1,"","",2,1,1,1,"","","","","","","","","","",2,1,"","","","","","","","","","","","","","","","","","","","","","","","","","","","","","","","","","","","","","","","","","","","","","","","","","","","","",""
"50020001","PTE DE LA HAGUE",49.725167,-1.939833,6,1951090612,"","","","",4.,1,"","","","","","","","","","","","","","","","","","","","","","","","","","","","","","",17.,1,15.,1,"","","","","","","","","","","","","","","","","","","","","","","","","","",92,1,"","","","","","","","","","","","",17.5,1,1018.6,1,"","","","","","",8,1,8,1,6,1,"","","","","","","","","","","","","","","","","","","","","","","","","","","","",6000,1,"","",2,1,2,1,"","","","","","","","","","",3,1,"","","","","","","","","","","","","","","","","","","","","","","","","","","","","","","","","","","","","","","","","","","","","","","","","","","","","",""
"50020001","PTE DE LA HAGUE",49.725167,-1.939833,6,1951090615,"","","","",3.,1,"","","","","","","","","","","","","","","","","","","","","","","","","","","","","","",18.,1,15.8,1,"","","","","","","","","","","","","","","","","","","","","","","","","","",90,1,"","","","","","","","","","","","",18.5,1,1018.9,1,"","","","","","",6,1,6,1,0,1,9,1,0,1,"","","","","","","","","","","","","","","","","","","","","","","","",6000,1,"","",2,1,1,1,"","","","","","","","","","",2,1,"","","","","","","","","","","","","","","","","","","","","","","","","","","","","","","","","","","","","","","","","","","","","","","","","","","","","",""
"50020001","PTE DE LA HAGUE",49.725167,-1.939833,6,1951090618,"","","","",1.,1,"","","","","","","","","","","","","","","","","","","","","","","","","","","","","","",17.2,1,16.1,1,"","","","","","","","","","","","","","","","","","","","","","","","","","",94,1,"","","","","","","","","","","","",18.9,1,1019.1,1,"","","","","","",7,1,7,1,0,1,9,1,0,1,"","","","","","","","","","","","","","","","","","","","","","","","",8000,1,"","",2,1,1,1,"","","","","","","","","","",1,1,"","","","","","","","","","","","","","","","","","","","","","","","","","","","","","","","","","","","","","","","","","","","","","","","","","","","","",""
"50020001","PTE DE LA HAGUE",49.725167,-1.939833,6,1951090700,"","","","",0.,1,"","","","","","","","","","","","","","","","","","","","","","","","","","","","","","",17.,1,16.3,1,"","","","","","","","","","","","","","","","","","","","","","","","","","",96,1,"","","","","","","","","","","","",19.1,1,1019.9,1,"","","","","","",8,1,8,1,6,1,"","","","","","","","","","","","","","","","","","","","","","","","","","","","",4000,1,"","",60,1,6,1,"","","","","","","","","","",2,1,"","","","","","","","","","","","","","","","","","","","","","","","","","","","","","","","","","","","","","","","","","","","","","","","","","","","","",""
"50020001","PTE DE LA HAGUE",49.725167,-1.939833,6,1951090706,"","","","",0.,1,"","","","","","","","","","","","","","","","","","","","","","","","","","","","","","",17.4,1,16.3,1,"","","","","","","","","","","","","","","","","","","","","","","","","","",96,1,"","","","","","","","","","","","",18.5,1,1020.2,1,"","","","","","",8,1,6,1,6,1,7,1,"","","","","","","","","","","","","","","","","","","","","","","","","","",3000,1,"","",10,1,6,1,"","","","","","","","","","",1,1,"","","","","","","","","","","","","","","","","","","","","","","","","","","","","","","","","","","","","","","","","","","","","","","","","","","","","",""
"50020001","PTE DE LA HAGUE",49.725167,-1.939833,6,1951090709,"","","","",3.,1,"","","","","","","","","","","","","","","","","","","","","","","","","","","","","","",16.8,1,15.2,1,"","","","","","","","","","","","","","","","","","","","","","","","","","",96,1,"","","","","","","","","","","","",17.8,1,1021.1,1,"","","","","","",8,1,8,1,6,1,"","","","","","","","","","","","","","","","","","","","","","","","","","","","",1700,1,"","",10,1,2,1,"","","","","","","","","","",2,1,"","","","","","","","","","","","","","","","","","","","","","","","","","","","","","","","","","","","","","","","","","","","","","","","","","","","","",""
"50020001","PTE DE LA HAGUE",49.725167,-1.939833,6,1951090712,"","","","",5.,1,"","","","","","","","","","","","","","","","","","","","","","","","","","","","","","",17.,1,15.,1,"","","","","","","","","","","","","","","","","","","","","","","","","","",92,1,"","","","","","","","","","","","",17.,1,1020.9,1,"","","","","","",8,1,8,1,6,1,"","","","","","","","","","","","","","","","","","","","","","","","","","","","",3000,1,"","",10,1,2,1,"","","","","","","","","","",3,1,"","","","","","","","","","","","","","","","","","","","","","","","","","","","","","","","","","","","","","","","","","","","","","","","","","","","","",""
"50020001","PTE DE LA HAGUE",49.725167,-1.939833,6,1951090715,"","","","",6.,1,"","","","","","","","","","","","","","","","","","","","","","","","","","","","","","",17.2,1,16.1,1,"","","","","","","","","","","","","","","","","","","","","","","","","","",94,1,"","","","","","","","","","","","",18.9,1,1020.1,1,"","","","","","",8,1,8,1,6,1,"","","","","","","","","","","","","","","","","","","","","","","","","","","","",5000,1,"","",2,1,2,1,"","","","","","","","","","",4,1,"","","","","","","","","","","","","","","","","","","","","","","","","","","","","","","","","","","","","","","","","","","","","","","","","","","","","",""
"50020001","PTE DE LA HAGUE",49.725167,-1.939833,6,1951090718,"","","","",6.,1,"","","","","","","","","","","","","","","","","","","","","","","","","","","","","","",17.,1,15.,1,"","","","","","","","","","","","","","","","","","","","","","","","","","",92,1,"","","","","","","","","","","","",17.5,1,1019.4,1,"","","","","","",6,1,0,1,6,1,8,1,2,1,"","","","","","","","","","","","","","","","","","","","","","","","",5000,1,"","",1,1,2,1,"","","","","","","","","","",4,1,"","","","","","","","","","","","","","","","","","","","","","","","","","","","","","","","","","","","","","","","","","","","","","","","","","","","","",""
"50020001","PTE DE LA HAGUE",49.725167,-1.939833,6,1951090800,"","","","",9.,1,"","","","","","","","","","","","","","","","","","","","","","","","","","","","","","",16.4,1,15.2,1,"","","","","","","","","","","","","","","","","","","","","","","","","","",96,1,"","","","","","","","","","","","",17.8,1,1019.,1,"","","","","","",8,1,8,1,6,1,"","","","","","","","","","","","","","","","","","","","","","","","","","","","",1900,1,"","",10,1,2,1,"","","","","","","","","","",5,1,"","","","","","","","","","","","","","","","","","","","","","","","","","","","","","","","","","","","","","","","","","","","","","","","","","","","","",""
"50020001","PTE DE LA HAGUE",49.725167,-1.939833,6,1951090806,"","","","",6.,1,"","","","","","","","","","","","","","","","","","","","","","","","","","","","","","",16.4,1,15.2,1,"","","","","","","","","","","","","","","","","","","","","","","","","","",96,1,"","","","","","","","","","","","",17.8,1,1017.4,1,"","","","","","",8,1,8,1,6,1,"","","","","","","","","","","","","","","","","","","","","","","","","","","","",1400,1,"","",51,1,2,1,"","","","","","","","","","",4,1,"","","","","","","","","","","","","","","","","","","","","","","","","","","","","","","","","","","","","","","","","","","","","","","","","","","","","",""
"50020001","PTE DE LA HAGUE",49.725167,-1.939833,6,1951090809,"","","","",8.,1,"","","","","","","","","","","","","","","","","","","","","","","","","","","","","","",16.4,1,15.2,1,"","","","","","","","","","","","","","","","","","","","","","","","","","",96,1,"","","","","","","","","","","","",17.3,1,1016.7,1,"","","","","","",8,1,8,1,6,1,"","","","","","","","","","","","","","","","","","","","","","","","","","","","",4000,1,"","",10,1,5,1,"","","","","","","","","","",4,1,"","","","","","","","","","","","","","","","","","","","","","","","","","","","","","","","","","","","","","","","","","","","","","","","","","","","","",""
"50020001","PTE DE LA HAGUE",49.725167,-1.939833,6,1951090812,"","","","",9.,1,"","","","","","","","","","","","","","","","","","","","","","","","","","","","","","",16.6,1,15.2,1,"","","","","","","","","","","","","","","","","","","","","","","","","","",96,1,"","","","","","","","","","","","",17.8,1,1016.6,1,"","","","","","",8,1,8,1,6,1,"","","","","","","","","","","","","","","","","","","","","","","","","","","","",1700,1,"","",10,1,5,1,"","","","","","","","","","",4,1,"","","","","","","","","","","","","","","","","","","","","","","","","","","","","","","","","","","","","","","","","","","","","","","","","","","","","",""
"50020001","PTE DE LA HAGUE",49.725167,-1.939833,6,1951090815,"","","","",11.,1,"","","","","","","","","","","","","","","","","","","","","","","","","","","","","","",17.2,1,14.9,1,"","","","","","","","","","","","","","","","","","","","","","","","","","",90,1,"","","","","","","","","","","","",17.4,1,1014.7,1,"","","","","","",8,1,8,1,6,1,"","","","","","","","","","","","","","","","","","","","","","","","","","","","",5000,1,"","",2,1,2,1,"","","","","","","","","","",5,1,"","","","","","","","","","","","","","","","","","","","","","","","","","","","","","","","","","","","","","","","","","","","","","","","","","","","","",""
"50020001","PTE DE LA HAGUE",49.725167,-1.939833,6,1951090818,"","","","",11.,1,"","","","","","","","","","","","","","","","","","","","","","","","","","","","","","",16.7,1,15.,1,"","","","","","","","","","","","","","","","","","","","","","","","","","",92,1,"","","","","","","","","","","","",17.5,1,1013.1,1,"","","","","","",8,1,6,1,6,1,1,1,"","","","","","","","","","","","","","","","","","","","","","","","","","",7000,1,"","",2,1,2,1,"","","","","","","","","","",5,1,"","","","","","","","","","","","","","","","","","","","","","","","","","","","","","","","","","","","","","","","","","","","","","","","","","","","","",""
"50020001","PTE DE LA HAGUE",49.725167,-1.939833,6,1951090900,"","","","",12.,1,"","","","","","","","","","","","","","","","","","","","","","","","","","","","","","",16.2,1,14.,1,"","","","","","","","","","","","","","","","","","","","","","","","","","",91,1,"","","","","","","","","","","","",16.4,1,1013.4,1,"","","","","","",8,1,8,1,6,1,"","","","","","","","","","","","","","","","","","","","","","","","","","","","",7000,1,"","",2,1,2,1,"","","","","","","","","","",6,1,"","","","","","","","","","","","","","","","","","","","","","","","","","","","","","","","","","","","","","","","","","","","","","","","","","","","","",""
"50020001","PTE DE LA HAGUE",49.725167,-1.939833,6,1951090906,"","","","",10.,1,"","","","","","","","","","","","","","","","","","","","","","","","","","","","","","",16.6,1,15.1,1,"","","","","","","","","","","","","","","","","","","","","","","","","","",94,1,"","","","","","","","","","","","",17.1,1,1010.7,1,"","","","","","",8,1,8,1,6,1,"","","","","","","","","","","","","","","","","","","","","","","","","","","","",3000,1,"","",10,1,2,1,"","","","","","","","","","",6,1,"","","","","","","","","","","","","","","","","","","","","","","","","","","","","","","","","","","","","","","","","","","","","","","","","","","","","",""
"50020001","PTE DE LA HAGUE",49.725167,-1.939833,6,1951090909,"","","","",8.,1,"","","","","","","","","","","","","","","","","","","","","","","","","","","","","","",16.4,1,15.2,1,"","","","","","","","","","","","","","","","","","","","","","","","","","",96,1,"","","","","","","","","","","","",17.8,1,1011.3,1,"","","","","","",8,1,8,1,6,1,"","","","","","","","","","","","","","","","","","","","","","","","","","","","",1300,1,"","",50,1,2,1,"","","","","","","","","","",5,1,"","","","","","","","","","","","","","","","","","","","","","","","","","","","","","","","","","","","","","","","","","","","","","","","","","","","","",""
"50020001","PTE DE LA HAGUE",49.725167,-1.939833,6,1951090912,"","","","",7.,1,"","","","","","","","","","","","","","","","","","","","","","","","","","","","","","",16.4,1,15.2,1,"","","","","","","","","","","","","","","","","","","","","","","","","","",96,1,"","","","","","","","","","","","",17.3,1,1011.7,1,"","","","","","",8,1,8,1,6,1,"","","","","","","","","","","","","","","","","","","","","","","","","","","","",1300,1,"","",10,1,5,1,"","","","","","","","","","",4,1,"","","","","","","","","","","","","","","","","","","","","","","","","","","","","","","","","","","","","","","","","","","","","","","","","","","","","",""
"50020001","PTE DE LA HAGUE",49.725167,-1.939833,6,1951090915,"","","","",9.,1,"","","","","","","","","","","","","","","","","","","","","","","","","","","","","","",16.4,1,15.1,1,"","","","","","","","","","","","","","","","","","","","","","","","","","",94,1,"","","","","","","","","","","","",17.1,1,1011.,1,"","","","","","",8,1,8,1,6,1,"","","","","","","","","","","","","","","","","","","","","","","","","","","","",3000,1,"","",10,1,2,1,"","","","","","","","","","",4,1,"","","","","","","","","","","","","","","","","","","","","","","","","","","","","","","","","","","","","","","","","","","","","","","","","","","","","",""
"50020001","PTE DE LA HAGUE",49.725167,-1.939833,6,1951090918,"","","","",7.,1,"","","","","","","","","","","","","","","","","","","","","","","","","","","","","","",16.6,1,15.1,1,"","","","","","","","","","","","","","","","","","","","","","","","","","",94,1,"","","","","","","","","","","","",17.1,1,1010.9,1,"","","","","","",8,1,8,1,6,1,"","","","","","","","","","","","","","","","","","","","","","","","","","","","",3500,1,"","",10,1,2,1,"","","","","","","","","","",4,1,"","","","","","","","","","","","","","","","","","","","","","","","","","","","","","","","","","","","","","","","","","","","","","","","","","","","","",""
"50020001","PTE DE LA HAGUE",49.725167,-1.939833,6,1951091000,"","","","",2.,1,"","","","","","","","","","","","","","","","","","","","","","","","","","","","","","",16.6,1,15.2,1,"","","","","","","","","","","","","","","","","","","","","","","","","","",96,1,"","","","","","","","","","","","",17.8,1,1011.2,1,"","","","","","",8,1,8,1,6,1,"","","","","","","","","","","","","","","","","","","","","","","","","","","","",1500,1,"","",10,1,2,1,"","","","","","","","","","",4,1,"","","","","","","","","","","","","","","","","","","","","","","","","","","","","","","","","","","","","","","","","","","","","","","","","","","","","",""
"50020001","PTE DE LA HAGUE",49.725167,-1.939833,6,1951091006,"","","","",1.,1,"","","","","","","","","","","","","","","","","","","","","","","","","","","","","","",16.4,1,15.2,1,"","","","","","","","","","","","","","","","","","","","","","","","","","",96,1,"","","","","","","","","","","","",17.8,1,1011.8,1,"","","","","","",8,1,8,1,6,1,"","","","","","","","","","","","","","","","","","","","","","","","","","","","",1500,1,"","",10,1,2,1,"","","","","","","","","","",3,1,"","","","","","","","","","","","","","","","","","","","","","","","","","","","","","","","","","","","","","","","","","","","","","","","","","","","","",""
"50020001","PTE DE LA HAGUE",49.725167,-1.939833,6,1951091009,"","","","",2.,1,"","","","","","","","","","","","","","","","","","","","","","","","","","","","","","",17.,1,16.3,1,"","","","","","","","","","","","","","","","","","","","","","","","","","",96,1,"","","","","","","","","","","","",19.1,1,1013.1,1,"","","","","","",8,1,8,1,6,1,"","","","","","","","","","","","","","","","","","","","","","","","","","","","",1900,1,"","",10,1,2,1,"","","","","","","","","","",3,1,"","","","","","","","","","","","","","","","","","","","","","","","","","","","","","","","","","","","","","","","","","","","","","","","","","","","","",""
"50020001","PTE DE LA HAGUE",49.725167,-1.939833,6,1951091012,"","","","",1.,1,"","","","","","","","","","","","","","","","","","","","","","","","","","","","","","",18.2,1,16.,1,"","","","","","","","","","","","","","","","","","","","","","","","","","",92,1,"","","","","","","","","","","","",18.7,1,1013.4,1,"","","","","","",8,1,8,1,6,1,"","","","","","","","","","","","","","","","","","","","","","","","","","","","",6000,1,"","",2,1,2,1,"","","","","","","","","","",2,1,"","","","","","","","","","","","","","","","","","","","","","","","","","","","","","","","","","","","","","","","","","","","","","","","","","","","","",""
"50020001","PTE DE LA HAGUE",49.725167,-1.939833,6,1951091015,"","","","",0.,1,"","","","","","","","","","","","","","","","","","","","","","","","","","","","","","",18.,1,16.,1,"","","","","","","","","","","","","","","","","","","","","","","","","","",92,1,"","","","","","","","","","","","",18.7,1,1013.4,1,"","","","","","",8,1,8,1,6,1,"","","","","","","","","","","","","","","","","","","","","","","","","","","","",5000,1,"","",2,1,2,1,"","","","","","","","","","",2,1,"","","","","","","","","","","","","","","","","","","","","","","","","","","","","","","","","","","","","","","","","","","","","","","","","","","","","",""
"50020001","PTE DE LA HAGUE",49.725167,-1.939833,6,1951091018,"","","","",1.,1,"","","","","","","","","","","","","","","","","","","","","","","","","","","","","","",17.6,1,16.1,1,"","","","","","","","","","","","","","","","","","","","","","","","","","",94,1,"","","","","","","","","","","","",18.9,1,1013.7,1,"","","","","","",4,1,0,1,0,1,8,1,0,1,"","","","","","","","","","","","","","","","","","","","","","","","",6000,1,"","",1,1,2,1,"","","","","","","","","","",2,1,"","","","","","","","","","","","","","","","","","","","","","","","","","","","","","","","","","","","","","","","","","","","","","","","","","","","","",""
"50020001","PTE DE LA HAGUE",49.725167,-1.939833,6,1951091100,"","","","",0.,1,"","","","","","","","","","","","","","","","","","","","","","","","","","","","","","",16.2,1,15.4,1,"","","","","","","","","","","","","","","","","","","","","","","","","","",98,1,"","","","","","","","","","","","",17.5,1,1014.3,1,"","","","","","",0,1,"","",0,1,0,1,0,1,"","","","","","","","","","","","","","","","","","","","","","","","",3000,1,"","",10,1,0,1,"","","","","","","","","","",2,1,"","","","","","","","","","","","","","","","","","","","","","","","","","","","","","","","","","","","","","","","","","","","","","","","","","","","","",""
"50020001","PTE DE LA HAGUE",49.725167,-1.939833,6,1951091106,"","","","",0.,1,"","","","","","","","","","","","","","","","","","","","","","","","","","","","","","",16.2,1,15.4,1,"","","","","","","","","","","","","","","","","","","","","","","","","","",98,1,"","","","","","","","","","","","",18.,1,1014.7,1,"","","","","","",9,1,"","","","","","","","","","","","","","","","","","","","","","","","","","","","","","","","",80,1,"","",45,1,4,1,"","","","","","","","","","",2,1,"","","","","","","","","","","","","","","","","","","","","","","","","","","","","","","","","","","","","","","","","","","","","","","","","","","","","",""
"50020001","PTE DE LA HAGUE",49.725167,-1.939833,6,1951091109,"","","","",0.,1,"","","","","","","","","","","","","","","","","","","","","","","","","","","","","","",16.8,1,15.2,1,"","","","","","","","","","","","","","","","","","","","","","","","","","",96,1,"","","","","","","","","","","","",17.8,1,1015.1,1,"","","","","","",9,1,"","","","","","","","","","","","","","","","","","","","","","","","","","","","","","","","",500,1,"","",43,1,4,1,"","","","","","","","","","",2,1,"","","","","","","","","","","","","","","","","","","","","","","","","","","","","","","","","","","","","","","","","","","","","","","","","","","","","",""
"50020001","PTE DE LA HAGUE",49.725167,-1.939833,6,1951091112,"","","","",1.,1,"","","","","","","","","","","","","","","","","","","","","","","","","","","","","","",18.2,1,17.2,1,"","","","","","","","","","","","","","","","","","","","","","","","","","",96,1,"","","","","","","","","","","","",20.3,1,1015.1,1,"","","","","","",8,1,8,1,6,1,"","","","","","","","","","","","","","","","","","","","","","","","","","","","",4000,1,"","",28,1,4,1,"","","","","","","","","","",1,1,"","","","","","","","","","","","","","","","","","","","","","","","","","","","","","","","","","","","","","","","","","","","","","","","","","","","","",""
"50020001","PTE DE LA HAGUE",49.725167,-1.939833,6,1951091115,"","","","",2.,1,"","","","","","","","","","","","","","","","","","","","","","","","","","","","","","",17.4,1,16.3,1,"","","","","","","","","","","","","","","","","","","","","","","","","","",96,1,"","","","","","","","","","","","",19.1,1,1014.9,1,"","","","","","",9,1,"","","","","","","","","","","","","","","","","","","","","","","","","","","","","","","","",700,1,"","",47,1,2,1,"","","","","","","","","","",2,1,"","","","","","","","","","","","","","","","","","","","","","","","","","","","","","","","","","","","","","","","","","","","","","","","","","","","","",""
"50020001","PTE DE LA HAGUE",49.725167,-1.939833,6,1951091118,"","","","",0.,1,"","","","","","","","","","","","","","","","","","","","","","","","","","","","","","",17.4,1,16.3,1,"","","","","","","","","","","","","","","","","","","","","","","","","","",96,1,"","","","","","","","","","","","",19.1,1,1014.3,1,"","","","","","",9,1,"","","","","","","","","","","","","","","","","","","","","","","","","","","","","","","","",400,1,"","",45,1,4,1,"","","","","","","","","","",1,1,"","","","","","","","","","","","","","","","","","","","","","","","","","","","","","","","","","","","","","","","","","","","","","","","","","","","","",""
"50020001","PTE DE LA HAGUE",49.725167,-1.939833,6,1951091200,"","","","",1.,1,"","","","","","","","","","","","","","","","","","","","","","","","","","","","","","",16.2,1,15.4,1,"","","","","","","","","","","","","","","","","","","","","","","","","","",98,1,"","","","","","","","","","","","",18.,1,1013.3,1,"","","","","","",7,1,6,1,0,1,9,1,2,1,"","","","","","","","","","","","","","","","","","","","","","","","",12000,1,"","",2,1,4,1,"","","","","","","","","","",1,1,"","","","","","","","","","","","","","","","","","","","","","","","","","","","","","","","","","","","","","","","","","","","","","","","","","","","","",""
"50020001","PTE DE LA HAGUE",49.725167,-1.939833,6,1951091206,"","","","",2.,1,"","","","","","","","","","","","","","","","","","","","","","","","","","","","","","",18.2,1,17.2,1,"","","","","","","","","","","","","","","","","","","","","","","","","","",96,1,"","","","","","","","","","","","",20.3,1,1011.9,1,"","","","","","",8,1,0,1,5,1,7,1,"","","","","","","","","","","","","","","","","","","","","","","","","","",8000,1,"","",2,1,2,1,"","","","","","","","","","",2,1,"","","","","","","","","","","","","","","","","","","","","","","","","","","","","","","","","","","","","","","","","","","","","","","","","","","","","",""
"50020001","PTE DE LA HAGUE",49.725167,-1.939833,6,1951091209,"","","","",3.,1,"","","","","","","","","","","","","","","","","","","","","","","","","","","","","","",18.,1,16.1,1,"","","","","","","","","","","","","","","","","","","","","","","","","","",94,1,"","","","","","","","","","","","",18.9,1,1011.9,1,"","","","","","",4,1,0,1,0,1,4,1,0,1,"","","","","","","","","","","","","","","","","","","","","","","","",8000,1,"","",1,1,2,1,"","","","","","","","","","",3,1,"","","","","","","","","","","","","","","","","","","","","","","","","","","","","","","","","","","","","","","","","","","","","","","","","","","","","",""
"50020001","PTE DE LA HAGUE",49.725167,-1.939833,6,1951091212,"","","","",4.,1,"","","","","","","","","","","","","","","","","","","","","","","","","","","","","","",19.4,1,16.6,1,"","","","","","","","","","","","","","","","","","","","","","","","","","",87,1,"","","","","","","","","","","","",19.5,1,1012.2,1,"","","","","","",7,1,6,1,2,1,0,1,2,1,"","","","","","","","","","","","","","","","","","","","","","","","",8000,1,"","",2,1,1,1,"","","","","","","","","","",3,1,"","","","","","","","","","","","","","","","","","","","","","","","","","","","","","","","","","","","","","","","","","","","","","","","","","","","","",""
"50020001","PTE DE LA HAGUE",49.725167,-1.939833,6,1951091215,"","","","",3.,1,"","","","","","","","","","","","","","","","","","","","","","","","","","","","","","",19.4,1,16.5,1,"","","","","","","","","","","","","","","","","","","","","","","","","","",85,1,"","","","","","","","","","","","",19.4,1,1012.2,1,"","","","","","",7,1,6,1,0,1,4,1,2,1,"","","","","","","","","","","","","","","","","","","","","","","","",12000,1,"","",2,1,2,1,"","","","","","","","","","",2,1,"","","","","","","","","","","","","","","","","","","","","","","","","","","","","","","","","","","","","","","","","","","","","","","","","","","","","",""
"50020001","PTE DE LA HAGUE",49.725167,-1.939833,6,1951091218,"","","","",1.,1,"","","","","","","","","","","","","","","","","","","","","","","","","","","","","","",18.,1,15.8,1,"","","","","","","","","","","","","","","","","","","","","","","","","","",90,1,"","","","","","","","","","","","",18.5,1,1011.8,1,"","","","","","",7,1,7,1,0,1,9,1,0,1,"","","","","","","","","","","","","","","","","","","","","","","","",14000,1,"","",2,1,2,1,"","","","","","","","","","",2,1,"","","","","","","","","","","","","","","","","","","","","","","","","","","","","","","","","","","","","","","","","","","","","","","","","","","","","",""
"50020001","PTE DE LA HAGUE",49.725167,-1.939833,6,1951091300,"","","","",5.,1,"","","","","","","","","","","","","","","","","","","","","","","","","","","","","","",17.2,1,14.9,1,"","","","","","","","","","","","","","","","","","","","","","","","","","",90,1,"","","","","","","","","","","","",17.4,1,1009.3,1,"","","","","","",8,1,8,1,0,1,0,1,7,1,"","","","","","","","","","","","","","","","","","","","","","","","",28000,1,"","",2,1,2,1,"","","","","","","","","","",3,1,"","","","","","","","","","","","","","","","","","","","","","","","","","","","","","","","","","","","","","","","","","","","","","","","","","","","","",""
"50020001","PTE DE LA HAGUE",49.725167,-1.939833,6,1951091306,"","","","",6.,1,"","","","","","","","","","","","","","","","","","","","","","","","","","","","","","",17.,1,15.,1,"","","","","","","","","","","","","","","","","","","","","","","","","","",92,1,"","","","","","","","","","","","",17.5,1,1003.3,1,"","","","","","",8,1,8,1,6,1,"","","","","","","","","","","","","","","","","","","","","","","","","","","","",12000,1,"","",2,1,2,1,"","","","","","","","","","",4,1,"","","","","","","","","","","","","","","","","","","","","","","","","","","","","","","","","","","","","","","","","","","","","","","","","","","","","",""
"50020001","PTE DE LA HAGUE",49.725167,-1.939833,6,1951091309,"","","","",9.,1,"","","","","","","","","","","","","","","","","","","","","","","","","","","","","","",18.2,1,15.7,1,"","","","","","","","","","","","","","","","","","","","","","","","","","",88,1,"","","","","","","","","","","","",18.4,1,1001.4,1,"","","","","","",8,1,6,1,6,1,7,1,"","","","","","","","","","","","","","","","","","","","","","","","","","",8000,1,"","",2,1,2,1,"","","","","","","","","","",4,1,"","","","","","","","","","","","","","","","","","","","","","","","","","","","","","","","","","","","","","","","","","","","","","","","","","","","","",""
"50020001","PTE DE LA HAGUE",49.725167,-1.939833,6,1951091312,"","","","",9.,1,"","","","","","","","","","","","","","","","","","","","","","","","","","","","","","",15.6,1,12.4,1,"","","","","","","","","","","","","","","","","","","","","","","","","","",83,1,"","","","","","","","","","","","",14.7,1,1002.7,1,"","","","","","",8,1,8,1,6,1,7,1,"","","","","","","","","","","","","","","","","","","","","","","","","","",12000,1,"","",21,1,6,1,"","","","","","","","","","",4,1,"","","","","","","","","","","","","","","","","","","","","","","","","","","","","","","","","","","","","","","","","","","","","","","","","","","","","",""
"50020001","PTE DE LA HAGUE",49.725167,-1.939833,6,1951091315,"","","","",12.,1,"","","","","","","","","","","","","","","","","","","","","","","","","","","","","","",16.6,1,13.6,1,"","","","","","","","","","","","","","","","","","","","","","","","","","",85,1,"","","","","","","","","","","","",16.,1,1004.7,1,"","","","","","",6,1,0,1,2,1,9,1,2,1,"","","","","","","","","","","","","","","","","","","","","","","","",14000,1,"","",2,1,1,1,"","","","","","","","","","",5,1,"","","","","","","","","","","","","","","","","","","","","","","","","","","","","","","","","","","","","","","","","","","","","","","","","","","","","",""
"50020001","PTE DE LA HAGUE",49.725167,-1.939833,6,1951091318,"","","","",11.,1,"","","","","","","","","","","","","","","","","","","","","","","","","","","","","","",15.6,1,10.6,1,"","","","","","","","","","","","","","","","","","","","","","","","","","",73,1,"","","","","","","","","","","","",13.,1,1006.7,1,"","","","","","",2,1,0,1,2,1,0,1,2,1,"","","","","","","","","","","","","","","","","","","","","","","","",14000,1,"","",1,1,1,1,"","","","","","","","","","",5,1,"","","","","","","","","","","","","","","","","","","","","","","","","","","","","","","","","","","","","","","","","","","","","","","","","","","","","",""
"50020001","PTE DE LA HAGUE",49.725167,-1.939833,6,1951091400,"","","","",9.,1,"","","","","","","","","","","","","","","","","","","","","","","","","","","","","","",15.,1,11.2,1,"","","","","","","","","","","","","","","","","","","","","","","","","","",80,1,"","","","","","","","","","","","",13.6,1,1011.3,1,"","","","","","",2,1,0,1,2,1,0,1,0,1,"","","","","","","","","","","","","","","","","","","","","","","","",30000,1,"","",2,1,0,1,"","","","","","","","","","",5,1,"","","","","","","","","","","","","","","","","","","","","","","","","","","","","","","","","","","","","","","","","","","","","","","","","","","","","",""
"50020001","PTE DE LA HAGUE",49.725167,-1.939833,6,1951091406,"","","","",7.,1,"","","","","","","","","","","","","","","","","","","","","","","","","","","","","","",15.,1,12.6,1,"","","","","","","","","","","","","","","","","","","","","","","","","","",85,1,"","","","","","","","","","","","",14.9,1,1014.2,1,"","","","","","",5,1,5,1,8,1,0,1,0,1,"","","","","","","","","","","","","","","","","","","","","","","","",26000,1,"","",2,1,1,1,"","","","","","","","","","",4,1,"","","","","","","","","","","","","","","","","","","","","","","","","","","","","","","","","","","","","","","","","","","","","","","","","","","","","",""
"50020001","PTE DE LA HAGUE",49.725167,-1.939833,6,1951091409,"","","","",6.,1,"","","","","","","","","","","","","","","","","","","","","","","","","","","","","","",16.,1,13.6,1,"","","","","","","","","","","","","","","","","","","","","","","","","","",85,1,"","","","","","","","","","","","",16.,1,1016.5,1,"","","","","","",3,1,0,1,2,1,0,1,2,1,"","","","","","","","","","","","","","","","","","","","","","","","",28000,1,"","",2,1,8,1,"","","","","","","","","","",4,1,"","","","","","","","","","","","","","","","","","","","","","","","","","","","","","","","","","","","","","","","","","","","","","","","","","","","","",""
"50020001","PTE DE LA HAGUE",49.725167,-1.939833,6,1951091412,"","","","",6.,1,"","","","","","","","","","","","","","","","","","","","","","","","","","","","","","",18.,1,14.4,1,"","","","","","","","","","","","","","","","","","","","","","","","","","",84,1,"","","","","","","","","","","","",16.9,1,1017.5,1,"","","","","","",2,1,0,1,3,1,0,1,0,1,"","","","","","","","","","","","","","","","","","","","","","","","",28000,1,"","",2,1,8,1,"","","","","","","","","","",4,1,"","","","","","","","","","","","","","","","","","","","","","","","","","","","","","","","","","","","","","","","","","","","","","","","","","","","","",""
"50020001","PTE DE LA HAGUE",49.725167,-1.939833,6,1951091415,"","","","",4.,1,"","","","","","","","","","","","","","","","","","","","","","","","","","","","","","",19.,1,15.2,1,"","","","","","","","","","","","","","","","","","","","","","","","","","",81,1,"","","","","","","","","","","","",17.8,1,1017.5,1,"","","","","","",3,1,0,1,2,1,4,1,0,1,"","","","","","","","","","","","","","","","","","","","","","","","",30000,1,"","",2,1,1,1,"","","","","","","","","","",3,1,"","","","","","","","","","","","","","","","","","","","","","","","","","","","","","","","","","","","","","","","","","","","","","","","","","","","","",""
"50020001","PTE DE LA HAGUE",49.725167,-1.939833,6,1951091418,"","","","",3.,1,"","","","","","","","","","","","","","","","","","","","","","","","","","","","","","",17.,1,13.3,1,"","","","","","","","","","","","","","","","","","","","","","","","","","",81,1,"","","","","","","","","","","","",15.7,1,1017.,1,"","","","","","",7,1,6,1,0,1,5,1,2,1,"","","","","","","","","","","","","","","","","","","","","","","","",30000,1,"","",3,1,1,1,"","","","","","","","","","",3,1,"","","","","","","","","","","","","","","","","","","","","","","","","","","","","","","","","","","","","","","","","","","","","","","","","","","","","",""
"50020001","PTE DE LA HAGUE",49.725167,-1.939833,6,1951091500,"","","","",9.,1,"","","","","","","","","","","","","","","","","","","","","","","","","","","","","","",15.6,1,12.5,1,"","","","","","","","","","","","","","","","","","","","","","","","","","",83,1,"","","","","","","","","","","","",14.8,1,1014.9,1,"","","","","","",1,1,0,1,1,1,0,1,2,1,"","","","","","","","","","","","","","","","","","","","","","","","",42000,1,"","",2,1,0,1,"","","","","","","","","","",4,1,"","","","","","","","","","","","","","","","","","","","","","","","","","","","","","","","","","","","","","","","","","","","","","","","","","","","","",""
"50020001","PTE DE LA HAGUE",49.725167,-1.939833,6,1951091506,"","","","",15.,1,"","","","","","","","","","","","","","","","","","","","","","","","","","","","","","",15.6,1,12.8,1,"","","","","","","","","","","","","","","","","","","","","","","","","","",87,1,"","","","","","","","","","","","",15.1,1,1009.4,1,"","","","","","",8,1,8,1,1,1,7,1,"","","","","","","","","","","","","","","","","","","","","","","","","","",18000,1,"","",2,1,6,1,"","","","","","","","","","",5,1,"","","","","","","","","","","","","","","","","","","","","","","","","","","","","","","","","","","","","","","","","","","","","","","","","","","","","",""
"50020001","PTE DE LA HAGUE",49.725167,-1.939833,6,1951091509,"","","","",15.,1,"","","","","","","","","","","","","","","","","","","","","","","","","","","","","","",17.,1,14.5,1,"","","","","","","","","","","","","","","","","","","","","","","","","","",86,1,"","","","","","","","","","","","",17.,1,1007.,1,"","","","","","",8,1,7,1,6,1,2,1,"","","","","","","","","","","","","","","","","","","","","","","","","","",6000,1,"","",2,1,2,1,"","","","","","","","","","",5,1,"","","","","","","","","","","","","","","","","","","","","","","","","","","","","","","","","","","","","","","","","","","","","","","","","","","","","",""
"50020001","PTE DE LA HAGUE",49.725167,-1.939833,6,1951091512,"","","","",12.,1,"","","","","","","","","","","","","","","","","","","","","","","","","","","","","","",17.2,1,16.3,1,"","","","","","","","","","","","","","","","","","","","","","","","","","",96,1,"","","","","","","","","","","","",19.1,1,1007.3,1,"","","","","","",8,1,8,1,6,1,"","","","","","","","","","","","","","","","","","","","","","","","","","","","",3000,1,"","",60,1,6,1,"","","","","","","","","","",5,1,"","","","","","","","","","","","","","","","","","","","","","","","","","","","","","","","","","","","","","","","","","","","","","","","","","","","","",""
"50020001","PTE DE LA HAGUE",49.725167,-1.939833,6,1951091515,"","","","",6.,1,"","","","","","","","","","","","","","","","","","","","","","","","","","","","","","",16.8,1,15.,1,"","","","","","","","","","","","","","","","","","","","","","","","","","",92,1,"","","","","","","","","","","","",17.5,1,1010.7,1,"","","","","","",8,1,8,1,6,1,"","","","","","","","","","","","","","","","","","","","","","","","","","","","",9000,1,"","",2,1,6,1,"","","","","","","","","","",4,1,"","","","","","","","","","","","","","","","","","","","","","","","","","","","","","","","","","","","","","","","","","","","","","","","","","","","","",""
"50020001","PTE DE LA HAGUE",49.725167,-1.939833,6,1951091518,"","","","",9.,1,"","","","","","","","","","","","","","","","","","","","","","","","","","","","","","",17.,1,13.3,1,"","","","","","","","","","","","","","","","","","","","","","","","","","",81,1,"","","","","","","","","","","","",15.7,1,1015.,1,"","","","","","",3,1,0,1,5,1,0,1,0,1,"","","","","","","","","","","","","","","","","","","","","","","","",14000,1,"","",2,1,1,1,"","","","","","","","","","",5,1,"","","","","","","","","","","","","","","","","","","","","","","","","","","","","","","","","","","","","","","","","","","","","","","","","","","","","",""
"50020001","PTE DE LA HAGUE",49.725167,-1.939833,6,1951091600,"","","","",5.,1,"","","","","","","","","","","","","","","","","","","","","","","","","","","","","","",15.,1,12.6,1,"","","","","","","","","","","","","","","","","","","","","","","","","","",85,1,"","","","","","","","","","","","",14.9,1,1021.7,1,"","","","","","",0,1,"","",0,1,0,1,0,1,"","","","","","","","","","","","","","","","","","","","","","","","",35000,1,"","",2,1,0,1,"","","","","","","","","","",4,1,"","","","","","","","","","","","","","","","","","","","","","","","","","","","","","","","","","","","","","","","","","","","","","","","","","","","","",""
"50020001","PTE DE LA HAGUE",49.725167,-1.939833,6,1951091606,"","","","",3.,1,"","","","","","","","","","","","","","","","","","","","","","","","","","","","","","",14.6,1,12.9,1,"","","","","","","","","","","","","","","","","","","","","","","","","","",89,1,"","","","","","","","","","","","",15.2,1,1024.6,1,"","","","","","",1,1,0,1,0,1,0,1,2,1,"","","","","","","","","","","","","","","","","","","","","","","","",24000,1,"","",2,1,0,1,"","","","","","","","","","",3,1,"","","","","","","","","","","","","","","","","","","","","","","","","","","","","","","","","","","","","","","","","","","","","","","","","","","","","",""
"50020001","PTE DE LA HAGUE",49.725167,-1.939833,6,1951091609,"","","","",3.,1,"","","","","","","","","","","","","","","","","","","","","","","","","","","","","","",15.6,1,12.6,1,"","","","","","","","","","","","","","","","","","","","","","","","","","",85,1,"","","","","","","","","","","","",14.9,1,1025.5,1,"","","","","","",5,1,0,1,2,1,0,1,2,1,"","","","","","","","","","","","","","","","","","","","","","","","",18000,1,"","",2,1,1,1,"","","","","","","","","","",4,1,"","","","","","","","","","","","","","","","","","","","","","","","","","","","","","","","","","","","","","","","","","","","","","","","","","","","","",""
"50020001","PTE DE LA HAGUE",49.725167,-1.939833,6,1951091612,"","","","",3.,1,"","","","","","","","","","","","","","","","","","","","","","","","","","","","","","",16.8,1,11.5,1,"","","","","","","","","","","","","","","","","","","","","","","","","","",73,1,"","","","","","","","","","","","",13.9,1,1025.9,1,"","","","","","",7,1,7,1,2,1,0,1,6,1,"","","","","","","","","","","","","","","","","","","","","","","","",25000,1,"","",2,1,1,1,"","","","","","","","","","",4,1,"","","","","","","","","","","","","","","","","","","","","","","","","","","","","","","","","","","","","","","","","","","","","","","","","","","","","",""
"50020001","PTE DE LA HAGUE",49.725167,-1.939833,6,1951091615,"","","","",4.,1,"","","","","","","","","","","","","","","","","","","","","","","","","","","","","","",16.4,1,11.7,1,"","","","","","","","","","","","","","","","","","","","","","","","","","",75,1,"","","","","","","","","","","","",14.1,1,1025.9,1,"","","","","","",8,1,5,1,2,1,7,1,"","","","","","","","","","","","","","","","","","","","","","","","","","",35000,1,"","",2,1,2,1,"","","","","","","","","","",4,1,"","","","","","","","","","","","","","","","","","","","","","","","","","","","","","","","","","","","","","","","","","","","","","","","","","","","","",""
"50020001","PTE DE LA HAGUE",49.725167,-1.939833,6,1951091618,"","","","",5.,1,"","","","","","","","","","","","","","","","","","","","","","","","","","","","","","",15.2,1,11.,1,"","","","","","","","","","","","","","","","","","","","","","","","","","",78,1,"","","","","","","","","","","","",13.4,1,1024.7,1,"","","","","","",8,1,6,1,2,1,7,1,"","","","","","","","","","","","","","","","","","","","","","","","","","",26000,1,"","",2,1,2,1,"","","","","","","","","","",4,1,"","","","","","","","","","","","","","","","","","","","","","","","","","","","","","","","","","","","","","","","","","","","","","","","","","","","","",""
"50020001","PTE DE LA HAGUE",49.725167,-1.939833,6,1951091700,"","","","",5.,1,"","","","","","","","","","","","","","","","","","","","","","","","","","","","","","",14.2,1,11.6,1,"","","","","","","","","","","","","","","","","","","","","","","","","","",87,1,"","","","","","","","","","","","",14.,1,1024.9,1,"","","","","","",7,1,7,1,3,1,0,1,0,1,"","","","","","","","","","","","","","","","","","","","","","","","",42000,1,"","",2,1,6,1,"","","","","","","","","","",4,1,"","","","","","","","","","","","","","","","","","","","","","","","","","","","","","","","","","","","","","","","","","","","","","","","","","","","","",""
"50020001","PTE DE LA HAGUE",49.725167,-1.939833,6,1951091706,"","","","",3.,1,"","","","","","","","","","","","","","","","","","","","","","","","","","","","","","",14.2,1,11.6,1,"","","","","","","","","","","","","","","","","","","","","","","","","","",87,1,"","","","","","","","","","","","",14.,1,1024.1,1,"","","","","","",7,1,7,1,8,1,0,1,0,1,"","","","","","","","","","","","","","","","","","","","","","","","",35000,1,"","",2,1,2,1,"","","","","","","","","","",3,1,"","","","","","","","","","","","","","","","","","","","","","","","","","","","","","","","","","","","","","","","","","","","","","","","","","","","","",""
"50020001","PTE DE LA HAGUE",49.725167,-1.939833,6,1951091709,"","","","",4.,1,"","","","","","","","","","","","","","","","","","","","","","","","","","","","","","",14.8,1,11.2,1,"","","","","","","","","","","","","","","","","","","","","","","","","","",80,1,"","","","","","","","","","","","",13.6,1,1024.5,1,"","","","","","",6,1,5,1,2,1,4,1,0,1,"","","","","","","","","","","","","","","","","","","","","","","","",30000,1,"","",2,1,2,1,"","","","","","","","","","",3,1,"","","","","","","","","","","","","","","","","","","","","","","","","","","","","","","","","","","","","","","","","","","","","","","","","","","","","",""
"50020001","PTE DE LA HAGUE",49.725167,-1.939833,6,1951091712,"","","","",3.,1,"","","","","","","","","","","","","","","","","","","","","","","","","","","","","","",15.4,1,10.6,1,"","","","","","","","","","","","","","","","","","","","","","","","","","",73,1,"","","","","","","","","","","","",13.,1,1025.4,1,"","","","","","",1,1,0,1,2,1,0,1,0,1,"","","","","","","","","","","","","","","","","","","","","","","","",32000,1,"","",1,1,1,1,"","","","","","","","","","",3,1,"","","","","","","","","","","","","","","","","","","","","","","","","","","","","","","","","","","","","","","","","","","","","","","","","","","","","",""
"50020001","PTE DE LA HAGUE",49.725167,-1.939833,6,1951091715,"","","","",3.,1,"","","","","","","","","","","","","","","","","","","","","","","","","","","","","","",15.6,1,6.5,1,"","","","","","","","","","","","","","","","","","","","","","","","","","",56,1,"","","","","","","","","","","","",9.8,1,1025.5,1,"","","","","","",1,1,0,1,2,1,0,1,0,1,"","","","","","","","","","","","","","","","","","","","","","","","",32000,1,"","",2,1,0,1,"","","","","","","","","","",3,1,"","","","","","","","","","","","","","","","","","","","","","","","","","","","","","","","","","","","","","","","","","","","","","","","","","","","","",""
"50020001","PTE DE LA HAGUE",49.725167,-1.939833,6,1951091718,"","","","",2.,1,"","","","","","","","","","","","","","","","","","","","","","","","","","","","","","",15.,1,8.8,1,"","","","","","","","","","","","","","","","","","","","","","","","","","",66,1,"","","","","","","","","","","","",11.5,1,1025.5,1,"","","","","","",1,1,0,1,1,1,0,1,2,1,"","","","","","","","","","","","","","","","","","","","","","","","",32000,1,"","",2,1,0,1,"","","","","","","","","","",2,1,"","","","","","","","","","","","","","","","","","","","","","","","","","","","","","","","","","","","","","","","","","","","","","","","","","","","","",""
"50020001","PTE DE LA HAGUE",49.725167,-1.939833,6,1951091800,"","","","",4.,1,"","","","","","","","","","","","","","","","","","","","","","","","","","","","","","",14.2,1,10.1,1,"","","","","","","","","","","","","","","","","","","","","","","","","","",76,1,"","","","","","","","","","","","",12.6,1,1025.9,1,"","","","","","",6,1,5,1,2,1,4,1,0,1,"","","","","","","","","","","","","","","","","","","","","","","","",40000,1,"","",2,1,2,1,"","","","","","","","","","",4,1,"","","","","","","","","","","","","","","","","","","","","","","","","","","","","","","","","","","","","","","","","","","","","","","","","","","","","",""
"50020001","PTE DE LA HAGUE",49.725167,-1.939833,6,1951091806,"","","","",4.,1,"","","","","","","","","","","","","","","","","","","","","","","","","","","","","","",13.8,1,8.,1,"","","","","","","","","","","","","","","","","","","","","","","","","","",69,1,"","","","","","","","","","","","",10.9,1,1025.7,1,"","","","","","",7,1,7,1,5,1,0,1,0,1,"","","","","","","","","","","","","","","","","","","","","","","","",35000,1,"","",2,1,2,1,"","","","","","","","","","",3,1,"","","","","","","","","","","","","","","","","","","","","","","","","","","","","","","","","","","","","","","","","","","","","","","","","","","","","",""
"50020001","PTE DE LA HAGUE",49.725167,-1.939833,6,1951091809,"","","","",6.,1,"","","","","","","","","","","","","","","","","","","","","","","","","","","","","","",15.,1,8.9,1,"","","","","","","","","","","","","","","","","","","","","","","","","","",68,1,"","","","","","","","","","","","",11.6,1,1025.7,1,"","","","","","",7,1,7,1,2,1,0,1,0,1,"","","","","","","","","","","","","","","","","","","","","","","","",30000,1,"","",2,1,2,1,"","","","","","","","","","",4,1,"","","","","","","","","","","","","","","","","","","","","","","","","","","","","","","","","","","","","","","","","","","","","","","","","","","","","",""
"50020001","PTE DE LA HAGUE",49.725167,-1.939833,6,1951091812,"","","","",6.,1,"","","","","","","","","","","","","","","","","","","","","","","","","","","","","","",14.2,1,9.8,1,"","","","","","","","","","","","","","","","","","","","","","","","","","",76,1,"","","","","","","","","","","","",12.3,1,1025.7,1,"","","","","","",8,1,8,1,2,1,0,1,"","","","","","","","","","","","","","","","","","","","","","","","","","",30000,1,"","",2,1,2,1,"","","","","","","","","","",4,1,"","","","","","","","","","","","","","","","","","","","","","","","","","","","","","","","","","","","","","","","","","","","","","","","","","","","","",""
"50020001","PTE DE LA HAGUE",49.725167,-1.939833,6,1951091815,"","","","",6.,1,"","","","","","","","","","","","","","","","","","","","","","","","","","","","","","",14.8,1,9.3,1,"","","","","","","","","","","","","","","","","","","","","","","","","","",72,1,"","","","","","","","","","","","",11.9,1,1024.1,1,"","","","","","",8,1,6,1,2,1,7,1,"","","","","","","","","","","","","","","","","","","","","","","","","","",30000,1,"","",2,1,2,1,"","","","","","","","","","",4,1,"","","","","","","","","","","","","","","","","","","","","","","","","","","","","","","","","","","","","","","","","","","","","","","","","","","","","",""
"50020001","PTE DE LA HAGUE",49.725167,-1.939833,6,1951091818,"","","","",5.,1,"","","","","","","","","","","","","","","","","","","","","","","","","","","","","","",14.6,1,11.2,1,"","","","","","","","","","","","","","","","","","","","","","","","","","",80,1,"","","","","","","","","","","","",13.6,1,1023.7,1,"","","","","","",7,1,7,1,8,1,0,1,0,1,"","","","","","","","","","","","","","","","","","","","","","","","",24000,1,"","",2,1,2,1,"","","","","","","","","","",3,1,"","","","","","","","","","","","","","","","","","","","","","","","","","","","","","","","","","","","","","","","","","","","","","","","","","","","","",""
"50020001","PTE DE LA HAGUE",49.725167,-1.939833,6,1951091900,"","","","",5.,1,"","","","","","","","","","","","","","","","","","","","","","","","","","","","","","",15.,1,11.,1,"","","","","","","","","","","","","","","","","","","","","","","","","","",78,1,"","","","","","","","","","","","",13.4,1,1023.5,1,"","","","","","",8,1,8,1,5,1,"","","","","","","","","","","","","","","","","","","","","","","","","","","","",28000,1,"","",2,1,2,1,"","","","","","","","","","",3,1,"","","","","","","","","","","","","","","","","","","","","","","","","","","","","","","","","","","","","","","","","","","","","","","","","","","","","",""
"50020001","PTE DE LA HAGUE",49.725167,-1.939833,6,1951091906,"","","","",5.,1,"","","","","","","","","","","","","","","","","","","","","","","","","","","","","","",15.,1,9.8,1,"","","","","","","","","","","","","","","","","","","","","","","","","","",73,1,"","","","","","","","","","","","",12.3,1,1023.5,1,"","","","","","",7,1,7,1,5,1,0,1,0,1,"","","","","","","","","","","","","","","","","","","","","","","","",25000,1,"","",2,1,2,1,"","","","","","","","","","",3,1,"","","","","","","","","","","","","","","","","","","","","","","","","","","","","","","","","","","","","","","","","","","","","","","","","","","","","",""
"50020001","PTE DE LA HAGUE",49.725167,-1.939833,6,1951091909,"","","","",3.,1,"","","","","","","","","","","","","","","","","","","","","","","","","","","","","","",15.4,1,12.4,1,"","","","","","","","","","","","","","","","","","","","","","","","","","",83,1,"","","","","","","","","","","","",14.7,1,1024.5,1,"","","","","","",6,1,6,1,8,1,0,1,0,1,"","","","","","","","","","","","","","","","","","","","","","","","",22000,1,"","",2,1,2,1,"","","","","","","","","","",3,1,"","","","","","","","","","","","","","","","","","","","","","","","","","","","","","","","","","","","","","","","","","","","","","","","","","","","","",""
"50020001","PTE DE LA HAGUE",49.725167,-1.939833,6,1951091912,"","","","",4.,1,"","","","","","","","","","","","","","","","","","","","","","","","","","","","","","",15.6,1,12.1,1,"","","","","","","","","","","","","","","","","","","","","","","","","","",79,1,"","","","","","","","","","","","",14.4,1,1024.9,1,"","","","","","",8,1,8,1,8,1,"","","","","","","","","","","","","","","","","","","","","","","","","","","","",22000,1,"","",2,1,2,1,"","","","","","","","","","",3,1,"","","","","","","","","","","","","","","","","","","","","","","","","","","","","","","","","","","","","","","","","","","","","","","","","","","","","",""
"50020001","PTE DE LA HAGUE",49.725167,-1.939833,6,1951091915,"","","","",2.,1,"","","","","","","","","","","","","","","","","","","","","","","","","","","","","","",16.2,1,11.9,1,"","","","","","","","","","","","","","","","","","","","","","","","","","",77,1,"","","","","","","","","","","","",14.2,1,1025.1,1,"","","","","","",6,1,6,1,2,1,4,1,0,1,"","","","","","","","","","","","","","","","","","","","","","","","",22000,1,"","",2,1,1,1,"","","","","","","","","","",3,1,"","","","","","","","","","","","","","","","","","","","","","","","","","","","","","","","","","","","","","","","","","","","","","","","","","","","","",""
"50020001","PTE DE LA HAGUE",49.725167,-1.939833,6,1951091918,"","","","",2.,1,"","","","","","","","","","","","","","","","","","","","","","","","","","","","","","",15.,1,10.8,1,"","","","","","","","","","","","","","","","","","","","","","","","","","",76,1,"","","","","","","","","","","","",13.2,1,1025.5,1,"","","","","","",8,1,8,1,8,1,"","","","","","","","","","","","","","","","","","","","","","","","","","","","",25000,1,"","",2,1,2,1,"","","","","","","","","","",2,1,"","","","","","","","","","","","","","","","","","","","","","","","","","","","","","","","","","","","","","","","","","","","","","","","","","","","","",""
"50020001","PTE DE LA HAGUE",49.725167,-1.939833,6,1951092000,"","","","",0.,1,"","","","","","","","","","","","","","","","","","","","","","","","","","","","","","",14.2,1,9.8,1,"","","","","","","","","","","","","","","","","","","","","","","","","","",76,1,"","","","","","","","","","","","",12.3,1,1026.2,1,"","","","","","",8,1,8,1,5,1,"","","","","","","","","","","","","","","","","","","","","","","","","","","","",35000,1,"","",2,1,2,1,"","","","","","","","","","",2,1,"","","","","","","","","","","","","","","","","","","","","","","","","","","","","","","","","","","","","","","","","","","","","","","","","","","","","",""
"50020001","PTE DE LA HAGUE",49.725167,-1.939833,6,1951092006,"","","","",1.,1,"","","","","","","","","","","","","","","","","","","","","","","","","","","","","","",11.,1,6.9,1,"","","","","","","","","","","","","","","","","","","","","","","","","","",78,1,"","","","","","","","","","","","",10.1,1,1026.2,1,"","","","","","",7,1,7,1,5,1,0,1,6,1,"","","","","","","","","","","","","","","","","","","","","","","","",22000,1,"","",2,1,2,1,"","","","","","","","","","",1,1,"","","","","","","","","","","","","","","","","","","","","","","","","","","","","","","","","","","","","","","","","","","","","","","","","","","","","",""
"50020001","PTE DE LA HAGUE",49.725167,-1.939833,6,1951092009,"","","","",1.,1,"","","","","","","","","","","","","","","","","","","","","","","","","","","","","","",13.6,1,8.4,1,"","","","","","","","","","","","","","","","","","","","","","","","","","",73,1,"","","","","","","","","","","","",11.2,1,1027.,1,"","","","","","",8,1,8,1,5,1,"","","","","","","","","","","","","","","","","","","","","","","","","","","","",22000,1,"","",2,1,2,1,"","","","","","","","","","",1,1,"","","","","","","","","","","","","","","","","","","","","","","","","","","","","","","","","","","","","","","","","","","","","","","","","","","","","",""
"50020001","PTE DE LA HAGUE",49.725167,-1.939833,6,1951092012,"","","","",1.,1,"","","","","","","","","","","","","","","","","","","","","","","","","","","","","","",17.6,1,8.8,1,"","","","","","","","","","","","","","","","","","","","","","","","","","",57,1,"","","","","","","","","","","","",11.5,1,1027.,1,"","","","","","",7,1,7,1,5,1,0,1,4,1,"","","","","","","","","","","","","","","","","","","","","","","","",22000,1,"","",2,1,2,1,"","","","","","","","","","",1,1,"","","","","","","","","","","","","","","","","","","","","","","","","","","","","","","","","","","","","","","","","","","","","","","","","","","","","",""
"50020001","PTE DE LA HAGUE",49.725167,-1.939833,6,1951092015,"","","","",2.,1,"","","","","","","","","","","","","","","","","","","","","","","","","","","","","","",17.,1,10.7,1,"","","","","","","","","","","","","","","","","","","","","","","","","","",65,1,"","","","","","","","","","","","",13.1,1,1025.9,1,"","","","","","",4,1,0,1,5,1,0,1,4,1,"","","","","","","","","","","","","","","","","","","","","","","","",22000,1,"","",2,1,1,1,"","","","","","","","","","",2,1,"","","","","","","","","","","","","","","","","","","","","","","","","","","","","","","","","","","","","","","","","","","","","","","","","","","","","",""
"50020001","PTE DE LA HAGUE",49.725167,-1.939833,6,1951092018,"","","","",3.,1,"","","","","","","","","","","","","","","","","","","","","","","","","","","","","","",16.,1,10.1,1,"","","","","","","","","","","","","","","","","","","","","","","","","","",69,1,"","","","","","","","","","","","",12.6,1,1025.5,1,"","","","","","",2,1,0,1,0,1,0,1,2,1,"","","","","","","","","","","","","","","","","","","","","","","","",20000,1,"","",1,1,1,1,"","","","","","","","","","",2,1,"","","","","","","","","","","","","","","","","","","","","","","","","","","","","","","","","","","","","","","","","","","","","","","","","","","","","",""
"50020001","PTE DE LA HAGUE",49.725167,-1.939833,6,1951092100,"","","","",2.,1,"","","","","","","","","","","","","","","","","","","","","","","","","","","","","","",11.8,1,8.,1,"","","","","","","","","","","","","","","","","","","","","","","","","","",78,1,"","","","","","","","","","","","",10.9,1,1025.5,1,"","","","","","",1,1,0,1,0,1,0,1,1,1,"","","","","","","","","","","","","","","","","","","","","","","","",25000,1,"","",2,1,0,1,"","","","","","","","","","",2,1,"","","","","","","","","","","","","","","","","","","","","","","","","","","","","","","","","","","","","","","","","","","","","","","","","","","","","",""
"50020001","PTE DE LA HAGUE",49.725167,-1.939833,6,1951092106,"","","","",3.,1,"","","","","","","","","","","","","","","","","","","","","","","","","","","","","","",11.8,1,6.2,1,"","","","","","","","","","","","","","","","","","","","","","","","","","",71,1,"","","","","","","","","","","","",9.6,1,1024.5,1,"","","","","","",2,1,0,1,5,1,0,1,0,1,"","","","","","","","","","","","","","","","","","","","","","","","",12000,1,"","",3,1,0,1,"","","","","","","","","","",2,1,"","","","","","","","","","","","","","","","","","","","","","","","","","","","","","","","","","","","","","","","","","","","","","","","","","","","","",""
"50020001","PTE DE LA HAGUE",49.725167,-1.939833,6,1951092109,"","","","",2.,1,"","","","","","","","","","","","","","","","","","","","","","","","","","","","","","",14.8,1,7.1,1,"","","","","","","","","","","","","","","","","","","","","","","","","","",60,1,"","","","","","","","","","","","",10.2,1,1024.5,1,"","","","","","",0,1,"","",0,1,0,1,0,1,"","","","","","","","","","","","","","","","","","","","","","","","",12000,1,"","",2,1,0,1,"","","","","","","","","","",3,1,"","","","","","","","","","","","","","","","","","","","","","","","","","","","","","","","","","","","","","","","","","","","","","","","","","","","","",""
"50020001","PTE DE LA HAGUE",49.725167,-1.939833,6,1951092112,"","","","",5.,1,"","","","","","","","","","","","","","","","","","","","","","","","","","","","","","",16.2,1,7.7,1,"","","","","","","","","","","","","","","","","","","","","","","","","","",58,1,"","","","","","","","","","","","",10.7,1,1023.3,1,"","","","","","",0,1,"","",0,1,0,1,0,1,"","","","","","","","","","","","","","","","","","","","","","","","",12000,1,"","",2,1,0,1,"","","","","","","","","","",3,1,"","","","","","","","","","","","","","","","","","","","","","","","","","","","","","","","","","","","","","","","","","","","","","","","","","","","","",""
"50020001","PTE DE LA HAGUE",49.725167,-1.939833,6,1951092115,"","","","",6.,1,"","","","","","","","","","","","","","","","","","","","","","","","","","","","","","",16.6,1,9.5,1,"","","","","","","","","","","","","","","","","","","","","","","","","","",64,1,"","","","","","","","","","","","",12.1,1,1021.5,1,"","","","","","",0,1,"","",0,1,0,1,0,1,"","","","","","","","","","","","","","","","","","","","","","","","",12000,1,"","",2,1,0,1,"","","","","","","","","","",4,1,"","","","","","","","","","","","","","","","","","","","","","","","","","","","","","","","","","","","","","","","","","","","","","","","","","","","","",""
"50020001","PTE DE LA HAGUE",49.725167,-1.939833,6,1951092118,"","","","",6.,1,"","","","","","","","","","","","","","","","","","","","","","","","","","","","","","",15.,1,11.,1,"","","","","","","","","","","","","","","","","","","","","","","","","","",78,1,"","","","","","","","","","","","",13.4,1,1020.2,1,"","","","","","",1,1,0,1,0,1,0,1,1,1,"","","","","","","","","","","","","","","","","","","","","","","","",10000,1,"","",2,1,0,1,"","","","","","","","","","",4,1,"","","","","","","","","","","","","","","","","","","","","","","","","","","","","","","","","","","","","","","","","","","","","","","","","","","","","",""
"50020001","PTE DE LA HAGUE",49.725167,-1.939833,6,1951092200,"","","","",2.,1,"","","","","","","","","","","","","","","","","","","","","","","","","","","","","","",11.,1,6.6,1,"","","","","","","","","","","","","","","","","","","","","","","","","","",75,1,"","","","","","","","","","","","",9.9,1,1019.1,1,"","","","","","",1,1,0,1,0,1,0,1,1,1,"","","","","","","","","","","","","","","","","","","","","","","","",12000,1,"","",2,1,0,1,"","","","","","","","","","",2,1,"","","","","","","","","","","","","","","","","","","","","","","","","","","","","","","","","","","","","","","","","","","","","","","","","","","","","",""
"50020001","PTE DE LA HAGUE",49.725167,-1.939833,6,1951092206,"","","","",2.,1,"","","","","","","","","","","","","","","","","","","","","","","","","","","","","","",11.2,1,8.1,1,"","","","","","","","","","","","","","","","","","","","","","","","","","",81,1,"","","","","","","","","","","","",11.,1,1016.6,1,"","","","","","",6,1,6,1,0,1,0,1,4,1,"","","","","","","","","","","","","","","","","","","","","","","","",12000,1,"","",3,1,0,1,"","","","","","","","","","",2,1,"","","","","","","","","","","","","","","","","","","","","","","","","","","","","","","","","","","","","","","","","","","","","","","","","","","","","",""
"50020001","PTE DE LA HAGUE",49.725167,-1.939833,6,1951092209,"","","","",3.,1,"","","","","","","","","","","","","","","","","","","","","","","","","","","","","","",15.8,1,10.6,1,"","","","","","","","","","","","","","","","","","","","","","","","","","",73,1,"","","","","","","","","","","","",13.,1,1013.7,1,"","","","","","",7,1,7,1,0,1,0,1,4,1,"","","","","","","","","","","","","","","","","","","","","","","","",12000,1,"","",2,1,2,1,"","","","","","","","","","",3,1,"","","","","","","","","","","","","","","","","","","","","","","","","","","","","","","","","","","","","","","","","","","","","","","","","","","","","",""
"50020001","PTE DE LA HAGUE",49.725167,-1.939833,6,1951092212,"","","","",2.,1,"","","","","","","","","","","","","","","","","","","","","","","","","","","","","","",17.6,1,12.9,1,"","","","","","","","","","","","","","","","","","","","","","","","","","",76,1,"","","","","","","","","","","","",15.2,1,1012.6,1,"","","","","","",7,1,7,1,0,1,0,1,4,1,"","","","","","","","","","","","","","","","","","","","","","","","",10000,1,"","",2,1,2,1,"","","","","","","","","","",2,1,"","","","","","","","","","","","","","","","","","","","","","","","","","","","","","","","","","","","","","","","","","","","","","","","","","","","","",""
"50020001","PTE DE LA HAGUE",49.725167,-1.939833,6,1951092215,"","","","",2.,1,"","","","","","","","","","","","","","","","","","","","","","","","","","","","","","",18.2,1,14.2,1,"","","","","","","","","","","","","","","","","","","","","","","","","","",80,1,"","","","","","","","","","","","",16.6,1,1009.9,1,"","","","","","",8,1,8,1,0,1,8,1,7,1,"","","","","","","","","","","","","","","","","","","","","","","","",8000,1,"","",2,1,2,1,"","","","","","","","","","",2,1,"","","","","","","","","","","","","","","","","","","","","","","","","","","","","","","","","","","","","","","","","","","","","","","","","","","","","",""
"50020001","PTE DE LA HAGUE",49.725167,-1.939833,6,1951092218,"","","","",2.,1,"","","","","","","","","","","","","","","","","","","","","","","","","","","","","","",17.,1,13.3,1,"","","","","","","","","","","","","","","","","","","","","","","","","","",81,1,"","","","","","","","","","","","",15.7,1,1008.2,1,"","","","","","",8,1,8,1,0,1,9,1,"","","","","","","","","","","","","","","","","","","","","","","","","","",8000,1,"","",2,1,2,1,"","","","","","","","","","",2,1,"","","","","","","","","","","","","","","","","","","","","","","","","","","","","","","","","","","","","","","","","","","","","","","","","","","","","",""
"50020001","PTE DE LA HAGUE",49.725167,-1.939833,6,1951092300,"","","","",2.,1,"","","","","","","","","","","","","","","","","","","","","","","","","","","","","","",17.6,1,14.5,1,"","","","","","","","","","","","","","","","","","","","","","","","","","",86,1,"","","","","","","","","","","","",17.,1,1004.6,1,"","","","","","",8,1,8,1,0,1,9,1,"","","","","","","","","","","","","","","","","","","","","","","","","","",12000,1,"","",2,1,6,1,"","","","","","","","","","",2,1,"","","","","","","","","","","","","","","","","","","","","","","","","","","","","","","","","","","","","","","","","","","","","","","","","","","","","",""
"50020001","PTE DE LA HAGUE",49.725167,-1.939833,6,1951092306,"","","","",8.,1,"","","","","","","","","","","","","","","","","","","","","","","","","","","","","","",17.,1,15.1,1,"","","","","","","","","","","","","","","","","","","","","","","","","","",94,1,"","","","","","","","","","","","",17.7,1,1000.9,1,"","","","","","",8,1,8,1,6,1,"","","","","","","","","","","","","","","","","","","","","","","","","","","","",8000,1,"","",2,1,6,1,"","","","","","","","","","",4,1,"","","","","","","","","","","","","","","","","","","","","","","","","","","","","","","","","","","","","","","","","","","","","","","","","","","","","",""
"50020001","PTE DE LA HAGUE",49.725167,-1.939833,6,1951092309,"","","","",6.,1,"","","","","","","","","","","","","","","","","","","","","","","","","","","","","","",16.,1,13.9,1,"","","","","","","","","","","","","","","","","","","","","","","","","","",89,1,"","","","","","","","","","","","",16.3,1,1001.9,1,"","","","","","",6,1,0,1,8,1,7,1,0,1,"","","","","","","","","","","","","","","","","","","","","","","","",25000,1,"","",2,1,2,1,"","","","","","","","","","",4,1,"","","","","","","","","","","","","","","","","","","","","","","","","","","","","","","","","","","","","","","","","","","","","","","","","","","","","",""
"50020001","PTE DE LA HAGUE",49.725167,-1.939833,6,1951092312,"","","","",7.,1,"","","","","","","","","","","","","","","","","","","","","","","","","","","","","","",16.8,1,13.2,1,"","","","","","","","","","","","","","","","","","","","","","","","","","",80,1,"","","","","","","","","","","","",15.5,1,1003.1,1,"","","","","","",2,1,0,1,2,1,0,1,2,1,"","","","","","","","","","","","","","","","","","","","","","","","",18000,1,"","",1,1,1,1,"","","","","","","","","","",4,1,"","","","","","","","","","","","","","","","","","","","","","","","","","","","","","","","","","","","","","","","","","","","","","","","","","","","","",""
"50020001","PTE DE LA HAGUE",49.725167,-1.939833,6,1951092315,"","","","",5.,1,"","","","","","","","","","","","","","","","","","","","","","","","","","","","","","",15.6,1,8.8,1,"","","","","","","","","","","","","","","","","","","","","","","","","","",66,1,"","","","","","","","","","","","",11.5,1,1004.1,1,"","","","","","",8,1,8,1,2,1,2,1,"","","","","","","","","","","","","","","","","","","","","","","","","","",22000,1,"","",2,1,2,1,"","","","","","","","","","",4,1,"","","","","","","","","","","","","","","","","","","","","","","","","","","","","","","","","","","","","","","","","","","","","","","","","","","","","",""
"50020001","PTE DE LA HAGUE",49.725167,-1.939833,6,1951092318,"","","","",9.,1,"","","","","","","","","","","","","","","","","","","","","","","","","","","","","","",14.6,1,9.3,1,"","","","","","","","","","","","","","","","","","","","","","","","","","",72,1,"","","","","","","","","","","","",11.9,1,1004.6,1,"","","","","","",7,1,7,1,3,1,0,1,2,1,"","","","","","","","","","","","","","","","","","","","","","","","",26000,1,"","",81,1,1,1,"","","","","","","","","","",4,1,"","","","","","","","","","","","","","","","","","","","","","","","","","","","","","","","","","","","","","","","","","","","","","","","","","","","","",""
"50020001","PTE DE LA HAGUE",49.725167,-1.939833,6,1951092400,"","","","",16.,1,"","","","","","","","","","","","","","","","","","","","","","","","","","","","","","",14.2,1,9.8,1,"","","","","","","","","","","","","","","","","","","","","","","","","","",76,1,"","","","","","","","","","","","",12.3,1,1005.,1,"","","","","","",7,1,7,1,3,1,0,1,0,1,"","","","","","","","","","","","","","","","","","","","","","","","",25000,1,"","",2,1,2,1,"","","","","","","","","","",5,1,"","","","","","","","","","","","","","","","","","","","","","","","","","","","","","","","","","","","","","","","","","","","","","","","","","","","","",""
"50020001","PTE DE LA HAGUE",49.725167,-1.939833,6,1951092406,"","","","",13.,1,"","","","","","","","","","","","","","","","","","","","","","","","","","","","","","",14.6,1,11.2,1,"","","","","","","","","","","","","","","","","","","","","","","","","","",80,1,"","","","","","","","","","","","",13.6,1,1008.5,1,"","","","","","",8,1,8,1,2,1,7,1,"","","","","","","","","","","","","","","","","","","","","","","","","","",22000,1,"","",2,1,2,1,"","","","","","","","","","",5,1,"","","","","","","","","","","","","","","","","","","","","","","","","","","","","","","","","","","","","","","","","","","","","","","","","","","","","",""
"50020001","PTE DE LA HAGUE",49.725167,-1.939833,6,1951092409,"","","","",10.,1,"","","","","","","","","","","","","","","","","","","","","","","","","","","","","","",15.6,1,10.8,1,"","","","","","","","","","","","","","","","","","","","","","","","","","",76,1,"","","","","","","","","","","","",13.2,1,1009.7,1,"","","","","","",7,1,6,1,2,1,4,1,0,1,"","","","","","","","","","","","","","","","","","","","","","","","",22000,1,"","",2,1,2,1,"","","","","","","","","","",5,1,"","","","","","","","","","","","","","","","","","","","","","","","","","","","","","","","","","","","","","","","","","","","","","","","","","","","","",""
"50020001","PTE DE LA HAGUE",49.725167,-1.939833,6,1951092412,"","","","",10.,1,"","","","","","","","","","","","","","","","","","","","","","","","","","","","","","",17.2,1,13.1,1,"","","","","","","","","","","","","","","","","","","","","","","","","","",78,1,"","","","","","","","","","","","",15.4,1,1010.7,1,"","","","","","",5,1,5,1,2,1,0,1,2,1,"","","","","","","","","","","","","","","","","","","","","","","","",22000,1,"","",2,1,2,1,"","","","","","","","","","",5,1,"","","","","","","","","","","","","","","","","","","","","","","","","","","","","","","","","","","","","","","","","","","","","","","","","","","","","",""
"50020001","PTE DE LA HAGUE",49.725167,-1.939833,6,1951092415,"","","","",6.,1,"","","","","","","","","","","","","","","","","","","","","","","","","","","","","","",18.,1,14.2,1,"","","","","","","","","","","","","","","","","","","","","","","","","","",80,1,"","","","","","","","","","","","",16.6,1,1010.7,1,"","","","","","",2,1,0,1,0,1,4,1,2,1,"","","","","","","","","","","","","","","","","","","","","","","","",24000,1,"","",2,1,0,1,"","","","","","","","","","",4,1,"","","","","","","","","","","","","","","","","","","","","","","","","","","","","","","","","","","","","","","","","","","","","","","","","","","","","",""
"50020001","PTE DE LA HAGUE",49.725167,-1.939833,6,1951092418,"","","","",6.,1,"","","","","","","","","","","","","","","","","","","","","","","","","","","","","","",16.8,1,13.1,1,"","","","","","","","","","","","","","","","","","","","","","","","","","",78,1,"","","","","","","","","","","","",15.4,1,1009.7,1,"","","","","","",8,1,8,1,0,1,7,1,"","","","","","","","","","","","","","","","","","","","","","","","","","",25000,1,"","",2,1,2,1,"","","","","","","","","","",4,1,"","","","","","","","","","","","","","","","","","","","","","","","","","","","","","","","","","","","","","","","","","","","","","","","","","","","","",""
"50020001","PTE DE LA HAGUE",49.725167,-1.939833,6,1951092500,"","","","",10.,1,"","","","","","","","","","","","","","","","","","","","","","","","","","","","","","",15.6,1,12.6,1,"","","","","","","","","","","","","","","","","","","","","","","","","","",85,1,"","","","","","","","","","","","",14.9,1,1008.2,1,"","","","","","",5,1,5,1,0,1,7,1,0,1,"","","","","","","","","","","","","","","","","","","","","","","","",35000,1,"","",3,1,0,1,"","","","","","","","","","",5,1,"","","","","","","","","","","","","","","","","","","","","","","","","","","","","","","","","","","","","","","","","","","","","","","","","","","","","",""
"50020001","PTE DE LA HAGUE",49.725167,-1.939833,6,1951092506,"","","","",10.,1,"","","","","","","","","","","","","","","","","","","","","","","","","","","","","","",16.,1,12.4,1,"","","","","","","","","","","","","","","","","","","","","","","","","","",83,1,"","","","","","","","","","","","",14.7,1,1003.8,1,"","","","","","",8,1,8,1,7,1,7,1,"","","","","","","","","","","","","","","","","","","","","","","","","","",21000,1,"","",3,1,1,1,"","","","","","","","","","",4,1,"","","","","","","","","","","","","","","","","","","","","","","","","","","","","","","","","","","","","","","","","","","","","","","","","","","","","",""
"50020001","PTE DE LA HAGUE",49.725167,-1.939833,6,1951092509,"","","","",11.,1,"","","","","","","","","","","","","","","","","","","","","","","","","","","","","","",16.,1,12.4,1,"","","","","","","","","","","","","","","","","","","","","","","","","","",83,1,"","","","","","","","","","","","",14.7,1,1002.5,1,"","","","","","",8,1,8,1,7,1,7,1,"","","","","","","","","","","","","","","","","","","","","","","","","","",20000,1,"","",2,1,2,1,"","","","","","","","","","",5,1,"","","","","","","","","","","","","","","","","","","","","","","","","","","","","","","","","","","","","","","","","","","","","","","","","","","","","",""
"50020001","PTE DE LA HAGUE",49.725167,-1.939833,6,1951092512,"","","","",8.,1,"","","","","","","","","","","","","","","","","","","","","","","","","","","","","","",16.,1,14.,1,"","","","","","","","","","","","","","","","","","","","","","","","","","",91,1,"","","","","","","","","","","","",16.4,1,1001.5,1,"","","","","","",8,1,8,1,7,1,2,1,"","","","","","","","","","","","","","","","","","","","","","","","","","",8000,1,"","",63,1,2,1,"","","","","","","","","","",4,1,"","","","","","","","","","","","","","","","","","","","","","","","","","","","","","","","","","","","","","","","","","","","","","","","","","","","","",""
"50020001","PTE DE LA HAGUE",49.725167,-1.939833,6,1951092515,"","","","",7.,1,"","","","","","","","","","","","","","","","","","","","","","","","","","","","","","",15.,1,13.1,1,"","","","","","","","","","","","","","","","","","","","","","","","","","",91,1,"","","","","","","","","","","","",15.4,1,999.8,1,"","","","","","",7,1,0,1,3,1,9,1,0,1,"","","","","","","","","","","","","","","","","","","","","","","","",18000,1,"","",25,1,6,1,"","","","","","","","","","",4,1,"","","","","","","","","","","","","","","","","","","","","","","","","","","","","","","","","","","","","","","","","","","","","","","","","","","","","",""
"50020001","PTE DE LA HAGUE",49.725167,-1.939833,6,1951092518,"","","","",3.,1,"","","","","","","","","","","","","","","","","","","","","","","","","","","","","","",15.,1,12.9,1,"","","","","","","","","","","","","","","","","","","","","","","","","","",89,1,"","","","","","","","","","","","",15.2,1,1001.3,1,"","","","","","",8,1,0,1,2,1,7,1,7,1,"","","","","","","","","","","","","","","","","","","","","","","","",22000,1,"","",2,1,6,1,"","","","","","","","","","",3,1,"","","","","","","","","","","","","","","","","","","","","","","","","","","","","","","","","","","","","","","","","","","","","","","","","","","","","",""
"50020001","PTE DE LA HAGUE",49.725167,-1.939833,6,1951092600,"","","","",2.,1,"","","","","","","","","","","","","","","","","","","","","","","","","","","","","","",14.6,1,11.3,1,"","","","","","","","","","","","","","","","","","","","","","","","","","",84,1,"","","","","","","","","","","","",13.7,1,1003.1,1,"","","","","","",7,1,7,1,2,1,7,1,0,1,"","","","","","","","","","","","","","","","","","","","","","","","",28000,1,"","",21,1,6,1,"","","","","","","","","","",4,1,"","","","","","","","","","","","","","","","","","","","","","","","","","","","","","","","","","","","","","","","","","","","","","","","","","","","","",""
"50020001","PTE DE LA HAGUE",49.725167,-1.939833,6,1951092606,"","","","",5.,1,"","","","","","","","","","","","","","","","","","","","","","","","","","","","","","",14.,1,11.9,1,"","","","","","","","","","","","","","","","","","","","","","","","","","",89,1,"","","","","","","","","","","","",14.2,1,1005.9,1,"","","","","","",2,1,0,1,2,1,0,1,0,1,"","","","","","","","","","","","","","","","","","","","","","","","",22000,1,"","",2,1,6,1,"","","","","","","","","","",3,1,"","","","","","","","","","","","","","","","","","","","","","","","","","","","","","","","","","","","","","","","","","","","","","","","","","","","","",""
"50020001","PTE DE LA HAGUE",49.725167,-1.939833,6,1951092609,"","","","",4.,1,"","","","","","","","","","","","","","","","","","","","","","","","","","","","","","",15.,1,12.8,1,"","","","","","","","","","","","","","","","","","","","","","","","","","",87,1,"","","","","","","","","","","","",15.1,1,1007.4,1,"","","","","","",7,1,7,1,8,1,0,1,0,1,"","","","","","","","","","","","","","","","","","","","","","","","",22000,1,"","",80,1,8,1,"","","","","","","","","","",3,1,"","","","","","","","","","","","","","","","","","","","","","","","","","","","","","","","","","","","","","","","","","","","","","","","","","","","","",""
"50020001","PTE DE LA HAGUE",49.725167,-1.939833,6,1951092612,"","","","",5.,1,"","","","","","","","","","","","","","","","","","","","","","","","","","","","","","",15.6,1,12.4,1,"","","","","","","","","","","","","","","","","","","","","","","","","","",83,1,"","","","","","","","","","","","",14.7,1,1009.8,1,"","","","","","",7,1,7,1,8,1,0,1,0,1,"","","","","","","","","","","","","","","","","","","","","","","","",24000,1,"","",80,1,8,1,"","","","","","","","","","",3,1,"","","","","","","","","","","","","","","","","","","","","","","","","","","","","","","","","","","","","","","","","","","","","","","","","","","","","",""
"50020001","PTE DE LA HAGUE",49.725167,-1.939833,6,1951092615,"","","","",5.,1,"","","","","","","","","","","","","","","","","","","","","","","","","","","","","","",16.,1,12.1,1,"","","","","","","","","","","","","","","","","","","","","","","","","","",79,1,"","","","","","","","","","","","",14.4,1,1011.4,1,"","","","","","",7,1,7,1,8,1,0,1,0,1,"","","","","","","","","","","","","","","","","","","","","","","","",22000,1,"","",2,1,1,1,"","","","","","","","","","",3,1,"","","","","","","","","","","","","","","","","","","","","","","","","","","","","","","","","","","","","","","","","","","","","","","","","","","","","",""
"50020001","PTE DE LA HAGUE",49.725167,-1.939833,6,1951092618,"","","","",5.,1,"","","","","","","","","","","","","","","","","","","","","","","","","","","","","","",15.,1,12.6,1,"","","","","","","","","","","","","","","","","","","","","","","","","","",85,1,"","","","","","","","","","","","",14.9,1,1012.6,1,"","","","","","",6,1,0,1,2,1,0,1,2,1,"","","","","","","","","","","","","","","","","","","","","","","","",25000,1,"","",2,1,2,1,"","","","","","","","","","",3,1,"","","","","","","","","","","","","","","","","","","","","","","","","","","","","","","","","","","","","","","","","","","","","","","","","","","","","",""
"50020001","PTE DE LA HAGUE",49.725167,-1.939833,6,1951092700,"","","","",5.,1,"","","","","","","","","","","","","","","","","","","","","","","","","","","","","","",15.,1,12.9,1,"","","","","","","","","","","","","","","","","","","","","","","","","","",89,1,"","","","","","","","","","","","",15.2,1,1014.3,1,"","","","","","",5,1,5,1,2,1,0,1,0,1,"","","","","","","","","","","","","","","","","","","","","","","","",28000,1,"","",2,1,2,1,"","","","","","","","","","",3,1,"","","","","","","","","","","","","","","","","","","","","","","","","","","","","","","","","","","","","","","","","","","","","","","","","","","","","",""
"50020001","PTE DE LA HAGUE",49.725167,-1.939833,6,1951092706,"","","","",6.,1,"","","","","","","","","","","","","","","","","","","","","","","","","","","","","","",15.4,1,14.2,1,"","","","","","","","","","","","","","","","","","","","","","","","","","",94,1,"","","","","","","","","","","","",16.6,1,1012.9,1,"","","","","","",8,1,8,1,5,1,"","","","","","","","","","","","","","","","","","","","","","","","","","","","",9000,1,"","",50,1,2,1,"","","","","","","","","","",4,1,"","","","","","","","","","","","","","","","","","","","","","","","","","","","","","","","","","","","","","","","","","","","","","","","","","","","","",""
"50020001","PTE DE LA HAGUE",49.725167,-1.939833,6,1951092709,"","","","",7.,1,"","","","","","","","","","","","","","","","","","","","","","","","","","","","","","",16.,1,14.,1,"","","","","","","","","","","","","","","","","","","","","","","","","","",91,1,"","","","","","","","","","","","",16.4,1,1012.6,1,"","","","","","",8,1,8,1,5,1,7,1,"","","","","","","","","","","","","","","","","","","","","","","","","","",13000,1,"","",21,1,6,1,"","","","","","","","","","",4,1,"","","","","","","","","","","","","","","","","","","","","","","","","","","","","","","","","","","","","","","","","","","","","","","","","","","","","",""
"50020001","PTE DE LA HAGUE",49.725167,-1.939833,6,1951092712,"","","","",8.,1,"","","","","","","","","","","","","","","","","","","","","","","","","","","","","","",17.2,1,14.5,1,"","","","","","","","","","","","","","","","","","","","","","","","","","",86,1,"","","","","","","","","","","","",17.,1,1012.1,1,"","","","","","",8,1,8,1,5,1,7,1,"","","","","","","","","","","","","","","","","","","","","","","","","","",14000,1,"","",2,1,6,1,"","","","","","","","","","",4,1,"","","","","","","","","","","","","","","","","","","","","","","","","","","","","","","","","","","","","","","","","","","","","","","","","","","","","",""
"50020001","PTE DE LA HAGUE",49.725167,-1.939833,6,1951092715,"","","","",5.,1,"","","","","","","","","","","","","","","","","","","","","","","","","","","","","","",17.,1,13.4,1,"","","","","","","","","","","","","","","","","","","","","","","","","","",83,1,"","","","","","","","","","","","",15.8,1,1010.1,1,"","","","","","",8,1,8,1,0,1,7,1,"","","","","","","","","","","","","","","","","","","","","","","","","","",21000,1,"","",2,1,2,1,"","","","","","","","","","",3,1,"","","","","","","","","","","","","","","","","","","","","","","","","","","","","","","","","","","","","","","","","","","","","","","","","","","","","",""
"50020001","PTE DE LA HAGUE",49.725167,-1.939833,6,1951092718,"","","","",7.,1,"","","","","","","","","","","","","","","","","","","","","","","","","","","","","","",16.2,1,13.7,1,"","","","","","","","","","","","","","","","","","","","","","","","","","",87,1,"","","","","","","","","","","","",16.1,1,1008.2,1,"","","","","","",8,1,6,1,5,1,2,1,"","","","","","","","","","","","","","","","","","","","","","","","","","",8000,1,"","",62,1,2,1,"","","","","","","","","","",4,1,"","","","","","","","","","","","","","","","","","","","","","","","","","","","","","","","","","","","","","","","","","","","","","","","","","","","","",""
"50020001","PTE DE LA HAGUE",49.725167,-1.939833,6,1951092800,"","","","",7.,1,"","","","","","","","","","","","","","","","","","","","","","","","","","","","","","",14.4,1,11.4,1,"","","","","","","","","","","","","","","","","","","","","","","","","","",84,1,"","","","","","","","","","","","",13.8,1,1007.1,1,"","","","","","",2,1,0,1,2,1,0,1,0,1,"","","","","","","","","","","","","","","","","","","","","","","","",38000,1,"","",1,1,6,1,"","","","","","","","","","",4,1,"","","","","","","","","","","","","","","","","","","","","","","","","","","","","","","","","","","","","","","","","","","","","","","","","","","","","",""
"50020001","PTE DE LA HAGUE",49.725167,-1.939833,6,1951092806,"","","","",6.,1,"","","","","","","","","","","","","","","","","","","","","","","","","","","","","","",14.,1,9.9,1,"","","","","","","","","","","","","","","","","","","","","","","","","","",78,1,"","","","","","","","","","","","",12.4,1,1008.7,1,"","","","","","",2,1,0,1,9,1,0,1,2,1,"","","","","","","","","","","","","","","","","","","","","","","","",22000,1,"","",2,1,1,1,"","","","","","","","","","",4,1,"","","","","","","","","","","","","","","","","","","","","","","","","","","","","","","","","","","","","","","","","","","","","","","","","","","","","",""
"50020001","PTE DE LA HAGUE",49.725167,-1.939833,6,1951092809,"","","","",6.,1,"","","","","","","","","","","","","","","","","","","","","","","","","","","","","","",14.4,1,11.2,1,"","","","","","","","","","","","","","","","","","","","","","","","","","",80,1,"","","","","","","","","","","","",13.6,1,1010.3,1,"","","","","","",4,1,0,1,3,1,0,1,0,1,"","","","","","","","","","","","","","","","","","","","","","","","",28000,1,"","",2,1,1,1,"","","","","","","","","","",4,1,"","","","","","","","","","","","","","","","","","","","","","","","","","","","","","","","","","","","","","","","","","","","","","","","","","","","","",""
"50020001","PTE DE LA HAGUE",49.725167,-1.939833,6,1951092812,"","","","",5.,1,"","","","","","","","","","","","","","","","","","","","","","","","","","","","","","",15.4,1,10.8,1,"","","","","","","","","","","","","","","","","","","","","","","","","","",76,1,"","","","","","","","","","","","",13.2,1,1013.9,1,"","","","","","",4,1,0,1,2,1,0,1,0,1,"","","","","","","","","","","","","","","","","","","","","","","","",32000,1,"","",2,1,1,1,"","","","","","","","","","",4,1,"","","","","","","","","","","","","","","","","","","","","","","","","","","","","","","","","","","","","","","","","","","","","","","","","","","","","",""
"50020001","PTE DE LA HAGUE",49.725167,-1.939833,6,1951092815,"","","","",4.,1,"","","","","","","","","","","","","","","","","","","","","","","","","","","","","","",16.,1,11.9,1,"","","","","","","","","","","","","","","","","","","","","","","","","","",77,1,"","","","","","","","","","","","",14.2,1,1015.,1,"","","","","","",4,1,0,1,2,1,0,1,0,1,"","","","","","","","","","","","","","","","","","","","","","","","",30000,1,"","",2,1,1,1,"","","","","","","","","","",3,1,"","","","","","","","","","","","","","","","","","","","","","","","","","","","","","","","","","","","","","","","","","","","","","","","","","","","","",""
"50020001","PTE DE LA HAGUE",49.725167,-1.939833,6,1951092818,"","","","",4.,1,"","","","","","","","","","","","","","","","","","","","","","","","","","","","","","",15.,1,10.9,1,"","","","","","","","","","","","","","","","","","","","","","","","","","",78,1,"","","","","","","","","","","","",13.3,1,1016.9,1,"","","","","","",1,1,0,1,2,1,0,1,0,1,"","","","","","","","","","","","","","","","","","","","","","","","",30000,1,"","",2,1,1,1,"","","","","","","","","","",3,1,"","","","","","","","","","","","","","","","","","","","","","","","","","","","","","","","","","","","","","","","","","","","","","","","","","","","","",""
"50020001","PTE DE LA HAGUE",49.725167,-1.939833,6,1951092900,"","","","",2.,1,"","","","","","","","","","","","","","","","","","","","","","","","","","","","","","",14.,1,10.1,1,"","","","","","","","","","","","","","","","","","","","","","","","","","",80,1,"","","","","","","","","","","","",12.6,1,1019.5,1,"","","","","","",0,1,"","",0,1,0,1,0,1,"","","","","","","","","","","","","","","","","","","","","","","","",42000,1,"","",2,1,0,1,"","","","","","","","","","",3,1,"","","","","","","","","","","","","","","","","","","","","","","","","","","","","","","","","","","","","","","","","","","","","","","","","","","","","",""
"50020001","PTE DE LA HAGUE",49.725167,-1.939833,6,1951092906,"","","","",1.,1,"","","","","","","","","","","","","","","","","","","","","","","","","","","","","","",12.8,1,9.,1,"","","","","","","","","","","","","","","","","","","","","","","","","","",79,1,"","","","","","","","","","","","",11.7,1,1020.5,1,"","","","","","",3,1,0,1,1,1,4,1,0,1,"","","","","","","","","","","","","","","","","","","","","","","","",35000,1,"","",2,1,0,1,"","","","","","","","","","",3,1,"","","","","","","","","","","","","","","","","","","","","","","","","","","","","","","","","","","","","","","","","","","","","","","","","","","","","",""
"50020001","PTE DE LA HAGUE",49.725167,-1.939833,6,1951092909,"","","","",1.,1,"","","","","","","","","","","","","","","","","","","","","","","","","","","","","","",14.4,1,9.9,1,"","","","","","","","","","","","","","","","","","","","","","","","","","",78,1,"","","","","","","","","","","","",12.4,1,1021.4,1,"","","","","","",3,1,0,1,1,1,4,1,0,1,"","","","","","","","","","","","","","","","","","","","","","","","",42000,1,"","",2,1,0,1,"","","","","","","","","","",3,1,"","","","","","","","","","","","","","","","","","","","","","","","","","","","","","","","","","","","","","","","","","","","","","","","","","","","","",""
"50020001","PTE DE LA HAGUE",49.725167,-1.939833,6,1951092912,"","","","",1.,1,"","","","","","","","","","","","","","","","","","","","","","","","","","","","","","",17.,1,10.9,1,"","","","","","","","","","","","","","","","","","","","","","","","","","",67,1,"","","","","","","","","","","","",13.3,1,1021.9,1,"","","","","","",3,1,0,1,2,1,4,1,2,1,"","","","","","","","","","","","","","","","","","","","","","","","",45000,1,"","",2,1,0,1,"","","","","","","","","","",2,1,"","","","","","","","","","","","","","","","","","","","","","","","","","","","","","","","","","","","","","","","","","","","","","","","","","","","","",""
"50020001","PTE DE LA HAGUE",49.725167,-1.939833,6,1951092915,"","","","",1.,1,"","","","","","","","","","","","","","","","","","","","","","","","","","","","","","",15.8,1,10.1,1,"","","","","","","","","","","","","","","","","","","","","","","","","","",69,1,"","","","","","","","","","","","",12.6,1,1020.9,1,"","","","","","",6,1,5,1,2,1,4,1,8,1,"","","","","","","","","","","","","","","","","","","","","","","","",42000,1,"","",2,1,1,1,"","","","","","","","","","",2,1,"","","","","","","","","","","","","","","","","","","","","","","","","","","","","","","","","","","","","","","","","","","","","","","","","","","","","",""
"50020001","PTE DE LA HAGUE",49.725167,-1.939833,6,1951092918,"","","","",2.,1,"","","","","","","","","","","","","","","","","","","","","","","","","","","","","","",14.8,1,11.,1,"","","","","","","","","","","","","","","","","","","","","","","","","","",78,1,"","","","","","","","","","","","",13.4,1,1020.7,1,"","","","","","",6,1,5,1,0,1,4,1,2,1,"","","","","","","","","","","","","","","","","","","","","","","","",42000,1,"","",2,1,1,1,"","","","","","","","","","",3,1,"","","","","","","","","","","","","","","","","","","","","","","","","","","","","","","","","","","","","","","","","","","","","","","","","","","","","",""
"50020001","PTE DE LA HAGUE",49.725167,-1.939833,6,1951093000,"","","","",2.,1,"","","","","","","","","","","","","","","","","","","","","","","","","","","","","","",12.4,1,11.,1,"","","","","","","","","","","","","","","","","","","","","","","","","","",91,1,"","","","","","","","","","","","",13.4,1,1020.6,1,"","","","","","",0,1,"","",0,1,0,1,0,1,"","","","","","","","","","","","","","","","","","","","","","","","",19000,1,"","",2,1,0,1,"","","","","","","","","","",2,1,"","","","","","","","","","","","","","","","","","","","","","","","","","","","","","","","","","","","","","","","","","","","","","","","","","","","","",""
"50020001","PTE DE LA HAGUE",49.725167,-1.939833,6,1951093006,"","","","",2.,1,"","","","","","","","","","","","","","","","","","","","","","","","","","","","","","",12.,1,9.9,1,"","","","","","","","","","","","","","","","","","","","","","","","","","",88,1,"","","","","","","","","","","","",12.4,1,1019.4,1,"","","","","","",3,1,0,1,0,1,4,1,0,1,"","","","","","","","","","","","","","","","","","","","","","","","",12000,1,"","",2,1,0,1,"","","","","","","","","","",2,1,"","","","","","","","","","","","","","","","","","","","","","","","","","","","","","","","","","","","","","","","","","","","","","","","","","","","","",""
"50020001","PTE DE LA HAGUE",49.725167,-1.939833,6,1951093009,"","","","",2.,1,"","","","","","","","","","","","","","","","","","","","","","","","","","","","","","",14.6,1,11.2,1,"","","","","","","","","","","","","","","","","","","","","","","","","","",80,1,"","","","","","","","","","","","",13.6,1,1019.,1,"","","","","","",2,1,0,1,0,1,0,1,2,1,"","","","","","","","","","","","","","","","","","","","","","","","",15000,1,"","",2,1,0,1,"","","","","","","","","","",2,1,"","","","","","","","","","","","","","","","","","","","","","","","","","","","","","","","","","","","","","","","","","","","","","","","","","","","","",""
"50020001","PTE DE LA HAGUE",49.725167,-1.939833,6,1951093012,"","","","",5.,1,"","","","","","","","","","","","","","","","","","","","","","","","","","","","","","",17.,1,13.1,1,"","","","","","","","","","","","","","","","","","","","","","","","","","",78,1,"","","","","","","","","","","","",15.4,1,1017.4,1,"","","","","","",6,1,0,1,0,1,8,1,2,1,"","","","","","","","","","","","","","","","","","","","","","","","",9000,1,"","",2,1,1,1,"","","","","","","","","","",3,1,"","","","","","","","","","","","","","","","","","","","","","","","","","","","","","","","","","","","","","","","","","","","","","","","","","","","","",""
"50020001","PTE DE LA HAGUE",49.725167,-1.939833,6,1951093015,"","","","",7.,1,"","","","","","","","","","","","","","","","","","","","","","","","","","","","","","",17.6,1,14.2,1,"","","","","","","","","","","","","","","","","","","","","","","","","","",80,1,"","","","","","","","","","","","",16.6,1,1015.4,1,"","","","","","",7,1,7,1,5,1,0,1,2,1,"","","","","","","","","","","","","","","","","","","","","","","","",8000,1,"","",2,1,1,1,"","","","","","","","","","",3,1,"","","","","","","","","","","","","","","","","","","","","","","","","","","","","","","","","","","","","","","","","","","","","","","","","","","","","",""
"50020001","PTE DE LA HAGUE",49.725167,-1.939833,6,1951093018,"","","","",5.,1,"","","","","","","","","","","","","","","","","","","","","","","","","","","","","","",16.,1,13.9,1,"","","","","","","","","","","","","","","","","","","","","","","","","","",89,1,"","","","","","","","","","","","",16.3,1,1014.7,1,"","","","","","",7,1,7,1,5,1,0,1,2,1,"","","","","","","","","","","","","","","","","","","","","","","","",8000,1,"","",2,1,2,1,"","","","","","","","","","",3,1,"","","","","","","","","","","","","","","","","","","","","","","","","","","","","","","","","","","","","","","","","","","","","","","","","","","","","",""
"50020001","PTE DE LA HAGUE",49.725167,-1.939833,6,1951100100,"","","","",4.,1,"","","","","","","","","","","","","","","","","","","","","","","","","","","","","","",16.,1,14.2,1,"","","","","","","","","","","","","","","","","","","","","","","","","","",94,1,"","","","","","","","","","","","",16.6,1,1014.1,1,"","","","","","",8,1,8,1,6,1,"","","","","","","","","","","","","","","","","","","","","","","","","","","","",5000,1,"","",2,1,2,1,"","","","","","","","","","",3,1,"","","","","","","","","","","","","","","","","","","","","","","","","","","","","","","","","","","","","","","","","","","","","","","","","","","","","",""
"50020001","PTE DE LA HAGUE",49.725167,-1.939833,6,1951100106,"","","","",7.,1,"","","","","","","","","","","","","","","","","","","","","","","","","","","","","","",15.6,1,13.9,1,"","","","","","","","","","","","","","","","","","","","","","","","","","",89,1,"","","","","","","","","","","","",15.9,1,1013.1,1,"","","","","","",8,1,8,1,6,1,"","","","","","","","","","","","","","","","","","","","","","","","","","","","",4000,1,"","",10,1,2,1,"","","","","","","","","","",4,1,"","","","","","","","","","","","","","","","","","","","","","","","","","","","","","","","","","","","","","","","","","","","","","","","","","","","","",""
"50020001","PTE DE LA HAGUE",49.725167,-1.939833,6,1951100109,"","","","",7.,1,"","","","","","","","","","","","","","","","","","","","","","","","","","","","","","",15.4,1,12.4,1,"","","","","","","","","","","","","","","","","","","","","","","","","","",83,1,"","","","","","","","","","","","",14.7,1,1013.,1,"","","","","","",2,1,0,1,5,1,0,1,0,1,"","","","","","","","","","","","","","","","","","","","","","","","",7000,1,"","",1,1,2,1,"","","","","","","","","","",4,1,"","","","","","","","","","","","","","","","","","","","","","","","","","","","","","","","","","","","","","","","","","","","","","","","","","","","","",""
"50020001","PTE DE LA HAGUE",49.725167,-1.939833,6,1951100112,"","","","",6.,1,"","","","","","","","","","","","","","","","","","","","","","","","","","","","","","",16.2,1,13.4,1,"","","","","","","","","","","","","","","","","","","","","","","","","","",83,1,"","","","","","","","","","","","",15.8,1,1013.,1,"","","","","","",8,1,8,1,2,1,"","","","","","","","","","","","","","","","","","","","","","","","","","","","",7000,1,"","",2,1,1,1,"","","","","","","","","","",4,1,"","","","","","","","","","","","","","","","","","","","","","","","","","","","","","","","","","","","","","","","","","","","","","","","","","","","","",""
"50020001","PTE DE LA HAGUE",49.725167,-1.939833,6,1951100115,"","","","",6.,1,"","","","","","","","","","","","","","","","","","","","","","","","","","","","","","",16.2,1,11.9,1,"","","","","","","","","","","","","","","","","","","","","","","","","","",77,1,"","","","","","","","","","","","",14.2,1,1013.,1,"","","","","","",6,1,6,1,5,1,0,1,0,1,"","","","","","","","","","","","","","","","","","","","","","","","",7000,1,"","",2,1,2,1,"","","","","","","","","","",5,1,"","","","","","","","","","","","","","","","","","","","","","","","","","","","","","","","","","","","","","","","","","","","","","","","","","","","","",""
"50020001","PTE DE LA HAGUE",49.725167,-1.939833,6,1951100118,"","","","",7.,1,"","","","","","","","","","","","","","","","","","","","","","","","","","","","","","",15.6,1,12.6,1,"","","","","","","","","","","","","","","","","","","","","","","","","","",85,1,"","","","","","","","","","","","",14.9,1,1013.4,1,"","","","","","",7,1,7,1,5,1,0,1,0,1,"","","","","","","","","","","","","","","","","","","","","","","","",8000,1,"","",2,1,2,1,"","","","","","","","","","",4,1,"","","","","","","","","","","","","","","","","","","","","","","","","","","","","","","","","","","","","","","","","","","","","","","","","","","","","",""
"50020001","PTE DE LA HAGUE",49.725167,-1.939833,6,1951100200,"","","","",4.,1,"","","","","","","","","","","","","","","","","","","","","","","","","","","","","","",15.4,1,12.9,1,"","","","","","","","","","","","","","","","","","","","","","","","","","",89,1,"","","","","","","","","","","","",14.9,1,1014.5,1,"","","","","","",8,1,8,1,6,1,"","","","","","","","","","","","","","","","","","","","","","","","","","","","",4000,1,"","",10,1,2,1,"","","","","","","","","","",4,1,"","","","","","","","","","","","","","","","","","","","","","","","","","","","","","","","","","","","","","","","","","","","","","","","","","","","","",""
"50020001","PTE DE LA HAGUE",49.725167,-1.939833,6,1951100206,"","","","",3.,1,"","","","","","","","","","","","","","","","","","","","","","","","","","","","","","",15.2,1,13.1,1,"","","","","","","","","","","","","","","","","","","","","","","","","","",91,1,"","","","","","","","","","","","",15.1,1,1016.3,1,"","","","","","",5,1,5,1,6,1,0,1,0,1,"","","","","","","","","","","","","","","","","","","","","","","","",4000,1,"","",10,1,2,1,"","","","","","","","","","",3,1,"","","","","","","","","","","","","","","","","","","","","","","","","","","","","","","","","","","","","","","","","","","","","","","","","","","","","",""
"50020001","PTE DE LA HAGUE",49.725167,-1.939833,6,1951100209,"","","","",3.,1,"","","","","","","","","","","","","","","","","","","","","","","","","","","","","","",16.,1,14.,1,"","","","","","","","","","","","","","","","","","","","","","","","","","",91,1,"","","","","","","","","","","","",16.,1,1017.4,1,"","","","","","",8,1,8,1,6,1,"","","","","","","","","","","","","","","","","","","","","","","","","","","","",4000,1,"","",10,1,2,1,"","","","","","","","","","",3,1,"","","","","","","","","","","","","","","","","","","","","","","","","","","","","","","","","","","","","","","","","","","","","","","","","","","","","",""
"50020001","PTE DE LA HAGUE",49.725167,-1.939833,6,1951100212,"","","","",5.,1,"","","","","","","","","","","","","","","","","","","","","","","","","","","","","","",17.,1,14.9,1,"","","","","","","","","","","","","","","","","","","","","","","","","","",90,1,"","","","","","","","","","","","",16.9,1,1018.1,1,"","","","","","",7,1,7,1,5,1,0,1,0,1,"","","","","","","","","","","","","","","","","","","","","","","","",4000,1,"","",10,1,2,1,"","","","","","","","","","",3,1,"","","","","","","","","","","","","","","","","","","","","","","","","","","","","","","","","","","","","","","","","","","","","","","","","","","","","",""
"50020001","PTE DE LA HAGUE",49.725167,-1.939833,6,1951100215,"","","","",4.,1,"","","","","","","","","","","","","","","","","","","","","","","","","","","","","","",18.,1,14.3,1,"","","","","","","","","","","","","","","","","","","","","","","","","","",82,1,"","","","","","","","","","","","",16.3,1,1019.,1,"","","","","","",0,1,"","",0,1,0,1,0,1,"","","","","","","","","","","","","","","","","","","","","","","","",3000,1,"","",10,1,1,1,"","","","","","","","","","",3,1,"","","","","","","","","","","","","","","","","","","","","","","","","","","","","","","","","","","","","","","","","","","","","","","","","","","","","",""
"50020001","PTE DE LA HAGUE",49.725167,-1.939833,6,1951100218,"","","","",3.,1,"","","","","","","","","","","","","","","","","","","","","","","","","","","","","","",16.,1,13.9,1,"","","","","","","","","","","","","","","","","","","","","","","","","","",89,1,"","","","","","","","","","","","",15.9,1,1020.1,1,"","","","","","",5,1,5,1,6,1,0,1,0,1,"","","","","","","","","","","","","","","","","","","","","","","","",3000,1,"","",10,1,1,1,"","","","","","","","","","",3,1,"","","","","","","","","","","","","","","","","","","","","","","","","","","","","","","","","","","","","","","","","","","","","","","","","","","","","",""
"50020001","PTE DE LA HAGUE",49.725167,-1.939833,6,1951100300,"","","","",3.,1,"","","","","","","","","","","","","","","","","","","","","","","","","","","","","","",15.8,1,14.,1,"","","","","","","","","","","","","","","","","","","","","","","","","","",91,1,"","","","","","","","","","","","",16.,1,1021.8,1,"","","","","","",0,1,"","",0,1,0,1,0,1,"","","","","","","","","","","","","","","","","","","","","","","","",4000,1,"","",10,1,0,1,"","","","","","","","","","",3,1,"","","","","","","","","","","","","","","","","","","","","","","","","","","","","","","","","","","","","","","","","","","","","","","","","","","","","",""
"50020001","PTE DE LA HAGUE",49.725167,-1.939833,6,1951100306,"","","","",2.,1,"","","","","","","","","","","","","","","","","","","","","","","","","","","","","","",15.4,1,14.4,1,"","","","","","","","","","","","","","","","","","","","","","","","","","",98,1,"","","","","","","","","","","","",16.9,1,1022.5,1,"","","","","","",8,1,8,1,6,1,"","","","","","","","","","","","","","","","","","","","","","","","","","","","",1200,1,"","",10,1,2,1,"","","","","","","","","","",2,1,"","","","","","","","","","","","","","","","","","","","","","","","","","","","","","","","","","","","","","","","","","","","","","","","","","","","","",""
"50020001","PTE DE LA HAGUE",49.725167,-1.939833,6,1951100309,"","","","",4.,1,"","","","","","","","","","","","","","","","","","","","","","","","","","","","","","",16.4,1,13.9,1,"","","","","","","","","","","","","","","","","","","","","","","","","","",89,1,"","","","","","","","","","","","",16.3,1,1023.8,1,"","","","","","",7,1,7,1,0,1,3,1,0,1,"","","","","","","","","","","","","","","","","","","","","","","","",7000,1,"","",3,1,1,1,"","","","","","","","","","",3,1,"","","","","","","","","","","","","","","","","","","","","","","","","","","","","","","","","","","","","","","","","","","","","","","","","","","","","",""
"50020001","PTE DE LA HAGUE",49.725167,-1.939833,6,1951100312,"","","","",3.,1,"","","","","","","","","","","","","","","","","","","","","","","","","","","","","","",17.4,1,13.2,1,"","","","","","","","","","","","","","","","","","","","","","","","","","",80,1,"","","","","","","","","","","","",15.5,1,1023.8,1,"","","","","","",0,1,"","",0,1,0,1,0,1,"","","","","","","","","","","","","","","","","","","","","","","","",9000,1,"","",2,1,1,1,"","","","","","","","","","",3,1,"","","","","","","","","","","","","","","","","","","","","","","","","","","","","","","","","","","","","","","","","","","","","","","","","","","","","",""
"50020001","PTE DE LA HAGUE",49.725167,-1.939833,6,1951100315,"","","","",3.,1,"","","","","","","","","","","","","","","","","","","","","","","","","","","","","","",17.4,1,13.1,1,"","","","","","","","","","","","","","","","","","","","","","","","","","",78,1,"","","","","","","","","","","","",15.4,1,1023.7,1,"","","","","","",1,1,0,1,1,1,0,1,0,1,"","","","","","","","","","","","","","","","","","","","","","","","",9000,1,"","",2,1,0,1,"","","","","","","","","","",3,1,"","","","","","","","","","","","","","","","","","","","","","","","","","","","","","","","","","","","","","","","","","","","","","","","","","","","","",""
"50020001","PTE DE LA HAGUE",49.725167,-1.939833,6,1951100318,"","","","",2.,1,"","","","","","","","","","","","","","","","","","","","","","","","","","","","","","",15.8,1,12.3,1,"","","","","","","","","","","","","","","","","","","","","","","","","","",81,1,"","","","","","","","","","","","",14.6,1,1023.9,1,"","","","","","",1,1,0,1,1,1,8,1,0,1,"","","","","","","","","","","","","","","","","","","","","","","","",9000,1,"","",2,1,0,1,"","","","","","","","","","",3,1,"","","","","","","","","","","","","","","","","","","","","","","","","","","","","","","","","","","","","","","","","","","","","","","","","","","","","",""
"50020001","PTE DE LA HAGUE",49.725167,-1.939833,6,1951100400,"","","","",2.,1,"","","","","","","","","","","","","","","","","","","","","","","","","","","","","","",15.,1,11.2,1,"","","","","","","","","","","","","","","","","","","","","","","","","","",80,1,"","","","","","","","","","","","",13.6,1,1023.9,1,"","","","","","",5,1,5,1,5,1,0,1,0,1,"","","","","","","","","","","","","","","","","","","","","","","","",10000,1,"","",2,1,1,1,"","","","","","","","","","",2,1,"","","","","","","","","","","","","","","","","","","","","","","","","","","","","","","","","","","","","","","","","","","","","","","","","","","","","",""
"50020001","PTE DE LA HAGUE",49.725167,-1.939833,6,1951100406,"","","","",2.,1,"","","","","","","","","","","","","","","","","","","","","","","","","","","","","","",15.2,1,12.8,1,"","","","","","","","","","","","","","","","","","","","","","","","","","",87,1,"","","","","","","","","","","","",15.1,1,1023.3,1,"","","","","","",8,1,8,1,5,1,"","","","","","","","","","","","","","","","","","","","","","","","","","","","",10000,1,"","",2,1,2,1,"","","","","","","","","","",2,1,"","","","","","","","","","","","","","","","","","","","","","","","","","","","","","","","","","","","","","","","","","","","","","","","","","","","","",""
"50020001","PTE DE LA HAGUE",49.725167,-1.939833,6,1951100409,"","","","",2.,1,"","","","","","","","","","","","","","","","","","","","","","","","","","","","","","",15.6,1,12.4,1,"","","","","","","","","","","","","","","","","","","","","","","","","","",83,1,"","","","","","","","","","","","",14.7,1,1023.3,1,"","","","","","",8,1,8,1,5,1,"","","","","","","","","","","","","","","","","","","","","","","","","","","","",10000,1,"","",2,1,2,1,"","","","","","","","","","",2,1,"","","","","","","","","","","","","","","","","","","","","","","","","","","","","","","","","","","","","","","","","","","","","","","","","","","","","",""
"50020001","PTE DE LA HAGUE",49.725167,-1.939833,6,1951100412,"","","","",2.,1,"","","","","","","","","","","","","","","","","","","","","","","","","","","","","","",16.,1,10.6,1,"","","","","","","","","","","","","","","","","","","","","","","","","","",73,1,"","","","","","","","","","","","",13.,1,1023.,1,"","","","","","",7,1,7,1,5,1,0,1,0,1,"","","","","","","","","","","","","","","","","","","","","","","","",8000,1,"","",2,1,2,1,"","","","","","","","","","",2,1,"","","","","","","","","","","","","","","","","","","","","","","","","","","","","","","","","","","","","","","","","","","","","","","","","","","","","",""
"50020001","PTE DE LA HAGUE",49.725167,-1.939833,6,1951100415,"","","","",2.,1,"","","","","","","","","","","","","","","","","","","","","","","","","","","","","","",16.4,1,11.7,1,"","","","","","","","","","","","","","","","","","","","","","","","","","",75,1,"","","","","","","","","","","","",14.1,1,1022.3,1,"","","","","","",7,1,7,1,5,1,0,1,0,1,"","","","","","","","","","","","","","","","","","","","","","","","",7000,1,"","",2,1,2,1,"","","","","","","","","","",2,1,"","","","","","","","","","","","","","","","","","","","","","","","","","","","","","","","","","","","","","","","","","","","","","","","","","","","","",""
"50020001","PTE DE LA HAGUE",49.725167,-1.939833,6,1951100418,"","","","",2.,1,"","","","","","","","","","","","","","","","","","","","","","","","","","","","","","",15.4,1,10.6,1,"","","","","","","","","","","","","","","","","","","","","","","","","","",75,1,"","","","","","","","","","","","",13.,1,1021.9,1,"","","","","","",7,1,7,1,5,1,0,1,0,1,"","","","","","","","","","","","","","","","","","","","","","","","",8000,1,"","",2,1,2,1,"","","","","","","","","","",2,1,"","","","","","","","","","","","","","","","","","","","","","","","","","","","","","","","","","","","","","","","","","","","","","","","","","","","","",""
"50020001","PTE DE LA HAGUE",49.725167,-1.939833,6,1951100500,"","","","",3.,1,"","","","","","","","","","","","","","","","","","","","","","","","","","","","","","",14.2,1,11.4,1,"","","","","","","","","","","","","","","","","","","","","","","","","","",84,1,"","","","","","","","","","","","",13.8,1,1021.7,1,"","","","","","",8,1,8,1,5,1,"","","","","","","","","","","","","","","","","","","","","","","","","","","","",6000,1,"","",2,1,2,1,"","","","","","","","","","",3,1,"","","","","","","","","","","","","","","","","","","","","","","","","","","","","","","","","","","","","","","","","","","","","","","","","","","","","",""
"50020001","PTE DE LA HAGUE",49.725167,-1.939833,6,1951100506,"","","","",2.,1,"","","","","","","","","","","","","","","","","","","","","","","","","","","","","","",13.6,1,10.3,1,"","","","","","","","","","","","","","","","","","","","","","","","","","",82,1,"","","","","","","","","","","","",12.8,1,1020.2,1,"","","","","","",4,1,0,1,5,1,0,1,0,1,"","","","","","","","","","","","","","","","","","","","","","","","",7000,1,"","",2,1,1,1,"","","","","","","","","","",3,1,"","","","","","","","","","","","","","","","","","","","","","","","","","","","","","","","","","","","","","","","","","","","","","","","","","","","","",""
"50020001","PTE DE LA HAGUE",49.725167,-1.939833,6,1951100509,"","","","",3.,1,"","","","","","","","","","","","","","","","","","","","","","","","","","","","","","",14.,1,10.1,1,"","","","","","","","","","","","","","","","","","","","","","","","","","",80,1,"","","","","","","","","","","","",12.4,1,1020.9,1,"","","","","","",5,1,5,1,2,1,0,1,0,1,"","","","","","","","","","","","","","","","","","","","","","","","",3000,1,"","",10,1,1,1,"","","","","","","","","","",3,1,"","","","","","","","","","","","","","","","","","","","","","","","","","","","","","","","","","","","","","","","","","","","","","","","","","","","","",""
"50020001","PTE DE LA HAGUE",49.725167,-1.939833,6,1951100512,"","","","",3.,1,"","","","","","","","","","","","","","","","","","","","","","","","","","","","","","",14.,1,9.8,1,"","","","","","","","","","","","","","","","","","","","","","","","","","",76,1,"","","","","","","","","","","","",12.3,1,1020.5,1,"","","","","","",5,1,5,1,2,1,0,1,0,1,"","","","","","","","","","","","","","","","","","","","","","","","",7000,1,"","",2,1,1,1,"","","","","","","","","","",3,1,"","","","","","","","","","","","","","","","","","","","","","","","","","","","","","","","","","","","","","","","","","","","","","","","","","","","","",""
"50020001","PTE DE LA HAGUE",49.725167,-1.939833,6,1951100515,"","","","",3.,1,"","","","","","","","","","","","","","","","","","","","","","","","","","","","","","",14.6,1,11.,1,"","","","","","","","","","","","","","","","","","","","","","","","","","",78,1,"","","","","","","","","","","","",13.4,1,1020.1,1,"","","","","","",8,1,8,1,5,1,"","","","","","","","","","","","","","","","","","","","","","","","","","","","",7000,1,"","",2,1,2,1,"","","","","","","","","","",3,1,"","","","","","","","","","","","","","","","","","","","","","","","","","","","","","","","","","","","","","","","","","","","","","","","","","","","","",""
"50020001","PTE DE LA HAGUE",49.725167,-1.939833,6,1951100518,"","","","",3.,1,"","","","","","","","","","","","","","","","","","","","","","","","","","","","","","",14.2,1,9.3,1,"","","","","","","","","","","","","","","","","","","","","","","","","","",72,1,"","","","","","","","","","","","",11.9,1,1019.9,1,"","","","","","",7,1,7,1,5,1,0,1,0,1,"","","","","","","","","","","","","","","","","","","","","","","","",7000,1,"","",2,1,2,1,"","","","","","","","","","",3,1,"","","","","","","","","","","","","","","","","","","","","","","","","","","","","","","","","","","","","","","","","","","","","","","","","","","","","",""
"50020001","PTE DE LA HAGUE",49.725167,-1.939833,6,1951100600,"","","","",2.,1,"","","","","","","","","","","","","","","","","","","","","","","","","","","","","","",14.2,1,9.8,1,"","","","","","","","","","","","","","","","","","","","","","","","","","",76,1,"","","","","","","","","","","","",12.3,1,1020.2,1,"","","","","","",8,1,8,1,5,1,"","","","","","","","","","","","","","","","","","","","","","","","","","","","",8000,1,"","",2,1,2,1,"","","","","","","","","","",3,1,"","","","","","","","","","","","","","","","","","","","","","","","","","","","","","","","","","","","","","","","","","","","","","","","","","","","","",""
"50020001","PTE DE LA HAGUE",49.725167,-1.939833,6,1951100606,"","","","",3.,1,"","","","","","","","","","","","","","","","","","","","","","","","","","","","","","",14.2,1,11.6,1,"","","","","","","","","","","","","","","","","","","","","","","","","","",87,1,"","","","","","","","","","","","",14.,1,1019.1,1,"","","","","","",7,1,7,1,2,1,0,1,0,1,"","","","","","","","","","","","","","","","","","","","","","","","",6000,1,"","",2,1,2,1,"","","","","","","","","","",3,1,"","","","","","","","","","","","","","","","","","","","","","","","","","","","","","","","","","","","","","","","","","","","","","","","","","","","","",""
"50020001","PTE DE LA HAGUE",49.725167,-1.939833,6,1951100609,"","","","",4.,1,"","","","","","","","","","","","","","","","","","","","","","","","","","","","","","",14.8,1,11.2,1,"","","","","","","","","","","","","","","","","","","","","","","","","","",80,1,"","","","","","","","","","","","",13.6,1,1019.4,1,"","","","","","",6,1,6,1,2,1,0,1,0,1,"","","","","","","","","","","","","","","","","","","","","","","","",6000,1,"","",2,1,1,1,"","","","","","","","","","",3,1,"","","","","","","","","","","","","","","","","","","","","","","","","","","","","","","","","","","","","","","","","","","","","","","","","","","","","",""
"50020001","PTE DE LA HAGUE",49.725167,-1.939833,6,1951100612,"","","","",3.,1,"","","","","","","","","","","","","","","","","","","","","","","","","","","","","","",15.8,1,12.1,1,"","","","","","","","","","","","","","","","","","","","","","","","","","",79,1,"","","","","","","","","","","","",14.4,1,1019.4,1,"","","","","","",7,1,7,1,2,1,0,1,0,1,"","","","","","","","","","","","","","","","","","","","","","","","",8000,1,"","",2,1,1,1,"","","","","","","","","","",3,1,"","","","","","","","","","","","","","","","","","","","","","","","","","","","","","","","","","","","","","","","","","","","","","","","","","","","","",""
"50020001","PTE DE LA HAGUE",49.725167,-1.939833,6,1951100615,"","","","",3.,1,"","","","","","","","","","","","","","","","","","","","","","","","","","","","","","",15.6,1,12.4,1,"","","","","","","","","","","","","","","","","","","","","","","","","","",83,1,"","","","","","","","","","","","",14.7,1,1018.6,1,"","","","","","",6,1,6,1,5,1,0,1,0,1,"","","","","","","","","","","","","","","","","","","","","","","","",8000,1,"","",2,1,2,1,"","","","","","","","","","",3,1,"","","","","","","","","","","","","","","","","","","","","","","","","","","","","","","","","","","","","","","","","","","","","","","","","","","","","",""
"50020001","PTE DE LA HAGUE",49.725167,-1.939833,6,1951100618,"","","","",4.,1,"","","","","","","","","","","","","","","","","","","","","","","","","","","","","","",15.,1,12.9,1,"","","","","","","","","","","","","","","","","","","","","","","","","","",89,1,"","","","","","","","","","","","",15.2,1,1018.3,1,"","","","","","",0,1,"","",0,1,0,1,0,1,"","","","","","","","","","","","","","","","","","","","","","","","",8000,1,"","",1,1,1,1,"","","","","","","","","","",3,1,"","","","","","","","","","","","","","","","","","","","","","","","","","","","","","","","","","","","","","","","","","","","","","","","","","","","","",""
"50020001","PTE DE LA HAGUE",49.725167,-1.939833,6,1951100700,"","","","",0.,1,"","","","","","","","","","","","","","","","","","","","","","","","","","","","","","",14.2,1,13.3,1,"","","","","","","","","","","","","","","","","","","","","","","","","","",96,1,"","","","","","","","","","","","",15.3,1,1019.1,1,"","","","","","",6,1,6,1,6,1,0,1,0,1,"","","","","","","","","","","","","","","","","","","","","","","","",3000,1,"","",10,1,2,1,"","","","","","","","","","",2,1,"","","","","","","","","","","","","","","","","","","","","","","","","","","","","","","","","","","","","","","","","","","","","","","","","","","","","",""
"50020001","PTE DE LA HAGUE",49.725167,-1.939833,6,1951100706,"","","","",2.,1,"","","","","","","","","","","","","","","","","","","","","","","","","","","","","","",12.,1,10.2,1,"","","","","","","","","","","","","","","","","","","","","","","","","","",93,1,"","","","","","","","","","","","",12.4,1,1018.3,1,"","","","","","",0,1,"","",0,1,0,1,0,1,"","","","","","","","","","","","","","","","","","","","","","","","",3000,1,"","",10,1,0,1,"","","","","","","","","","",2,1,"","","","","","","","","","","","","","","","","","","","","","","","","","","","","","","","","","","","","","","","","","","","","","","","","","","","","",""
"50020001","PTE DE LA HAGUE",49.725167,-1.939833,6,1951100709,"","","","",2.,1,"","","","","","","","","","","","","","","","","","","","","","","","","","","","","","",15.,1,12.9,1,"","","","","","","","","","","","","","","","","","","","","","","","","","",89,1,"","","","","","","","","","","","",14.9,1,1018.6,1,"","","","","","",0,1,"","",0,1,0,1,0,1,"","","","","","","","","","","","","","","","","","","","","","","","",2200,1,"","",10,1,0,1,"","","","","","","","","","",2,1,"","","","","","","","","","","","","","","","","","","","","","","","","","","","","","","","","","","","","","","","","","","","","","","","","","","","","",""
"50020001","PTE DE LA HAGUE",49.725167,-1.939833,6,1951100712,"","","","",2.,1,"","","","","","","","","","","","","","","","","","","","","","","","","","","","","","",17.4,1,14.4,1,"","","","","","","","","","","","","","","","","","","","","","","","","","",84,1,"","","","","","","","","","","","",16.9,1,1018.6,1,"","","","","","",0,1,"","",0,1,0,1,0,1,"","","","","","","","","","","","","","","","","","","","","","","","",1800,1,"","",10,1,0,1,"","","","","","","","","","",2,1,"","","","","","","","","","","","","","","","","","","","","","","","","","","","","","","","","","","","","","","","","","","","","","","","","","","","","",""
"50020001","PTE DE LA HAGUE",49.725167,-1.939833,6,1951100715,"","","","",2.,1,"","","","","","","","","","","","","","","","","","","","","","","","","","","","","","",17.,1,13.4,1,"","","","","","","","","","","","","","","","","","","","","","","","","","",83,1,"","","","","","","","","","","","",15.8,1,1018.3,1,"","","","","","",0,1,"","",0,1,0,1,0,1,"","","","","","","","","","","","","","","","","","","","","","","","",5000,1,"","",2,1,0,1,"","","","","","","","","","",2,1,"","","","","","","","","","","","","","","","","","","","","","","","","","","","","","","","","","","","","","","","","","","","","","","","","","","","","",""
"50020001","PTE DE LA HAGUE",49.725167,-1.939833,6,1951100718,"","","","",3.,1,"","","","","","","","","","","","","","","","","","","","","","","","","","","","","","",15.,1,12.6,1,"","","","","","","","","","","","","","","","","","","","","","","","","","",85,1,"","","","","","","","","","","","",14.9,1,1018.5,1,"","","","","","",1,1,0,1,0,1,0,1,1,1,"","","","","","","","","","","","","","","","","","","","","","","","",5000,1,"","",2,1,0,1,"","","","","","","","","","",3,1,"","","","","","","","","","","","","","","","","","","","","","","","","","","","","","","","","","","","","","","","","","","","","","","","","","","","","",""
"50020001","PTE DE LA HAGUE",49.725167,-1.939833,6,1951100800,"","","","",2.,1,"","","","","","","","","","","","","","","","","","","","","","","","","","","","","","",12.4,1,11.3,1,"","","","","","","","","","","","","","","","","","","","","","","","","","",95,1,"","","","","","","","","","","","",13.7,1,1019.,1,"","","","","","",0,1,"","",0,1,0,1,0,1,"","","","","","","","","","","","","","","","","","","","","","","","",5000,1,"","",2,1,0,1,"","","","","","","","","","",3,1,"","","","","","","","","","","","","","","","","","","","","","","","","","","","","","","","","","","","","","","","","","","","","","","","","","","","","",""
"50020001","PTE DE LA HAGUE",49.725167,-1.939833,6,1951100806,"","","","",1.,1,"","","","","","","","","","","","","","","","","","","","","","","","","","","","","","",11.2,1,8.8,1,"","","","","","","","","","","","","","","","","","","","","","","","","","",87,1,"","","","","","","","","","","","",11.5,1,1019.7,1,"","","","","","",0,1,"","",0,1,0,1,0,1,"","","","","","","","","","","","","","","","","","","","","","","","",8000,1,"","",2,1,0,1,"","","","","","","","","","",2,1,"","","","","","","","","","","","","","","","","","","","","","","","","","","","","","","","","","","","","","","","","","","","","","","","","","","","","",""
"50020001","PTE DE LA HAGUE",49.725167,-1.939833,6,1951100809,"","","","",0.,1,"","","","","","","","","","","","","","","","","","","","","","","","","","","","","","",16.,1,12.1,1,"","","","","","","","","","","","","","","","","","","","","","","","","","",79,1,"","","","","","","","","","","","",14.4,1,1021.4,1,"","","","","","",0,1,"","",0,1,0,1,0,1,"","","","","","","","","","","","","","","","","","","","","","","","",8000,1,"","",2,1,0,1,"","","","","","","","","","",2,1,"","","","","","","","","","","","","","","","","","","","","","","","","","","","","","","","","","","","","","","","","","","","","","","","","","","","","",""
"50020001","PTE DE LA HAGUE",49.725167,-1.939833,6,1951100812,"","","","",2.,1,"","","","","","","","","","","","","","","","","","","","","","","","","","","","","","",17.,1,13.3,1,"","","","","","","","","","","","","","","","","","","","","","","","","","",81,1,"","","","","","","","","","","","",15.7,1,1021.7,1,"","","","","","",0,1,"","",0,1,0,1,0,1,"","","","","","","","","","","","","","","","","","","","","","","","",8000,1,"","",2,1,0,1,"","","","","","","","","","",2,1,"","","","","","","","","","","","","","","","","","","","","","","","","","","","","","","","","","","","","","","","","","","","","","","","","","","","","",""
"50020001","PTE DE LA HAGUE",49.725167,-1.939833,6,1951100815,"","","","",3.,1,"","","","","","","","","","","","","","","","","","","","","","","","","","","","","","",17.2,1,12.9,1,"","","","","","","","","","","","","","","","","","","","","","","","","","",76,1,"","","","","","","","","","","","",15.2,1,1020.9,1,"","","","","","",0,1,"","",0,1,0,1,0,1,"","","","","","","","","","","","","","","","","","","","","","","","",8000,1,"","",2,1,0,1,"","","","","","","","","","",3,1,"","","","","","","","","","","","","","","","","","","","","","","","","","","","","","","","","","","","","","","","","","","","","","","","","","","","","",""
"50020001","PTE DE LA HAGUE",49.725167,-1.939833,6,1951100818,"","","","",3.,1,"","","","","","","","","","","","","","","","","","","","","","","","","","","","","","",13.8,1,10.1,1,"","","","","","","","","","","","","","","","","","","","","","","","","","",80,1,"","","","","","","","","","","","",12.6,1,1021.5,1,"","","","","","",0,1,"","",0,1,0,1,0,1,"","","","","","","","","","","","","","","","","","","","","","","","",12000,1,"","",2,1,0,1,"","","","","","","","","","",3,1,"","","","","","","","","","","","","","","","","","","","","","","","","","","","","","","","","","","","","","","","","","","","","","","","","","","","","",""
"50020001","PTE DE LA HAGUE",49.725167,-1.939833,6,1951100900,"","","","",2.,1,"","","","","","","","","","","","","","","","","","","","","","","","","","","","","","",10.2,1,7.5,1,"","","","","","","","","","","","","","","","","","","","","","","","","","",85,1,"","","","","","","","","","","","",10.5,1,1021.8,1,"","","","","","",0,1,"","",0,1,0,1,0,1,"","","","","","","","","","","","","","","","","","","","","","","","",10000,1,"","",2,1,0,1,"","","","","","","","","","",2,1,"","","","","","","","","","","","","","","","","","","","","","","","","","","","","","","","","","","","","","","","","","","","","","","","","","","","","",""
"50020001","PTE DE LA HAGUE",49.725167,-1.939833,6,1951100906,"","","","",0.,1,"","","","","","","","","","","","","","","","","","","","","","","","","","","","","","",10.,1,7.7,1,"","","","","","","","","","","","","","","","","","","","","","","","","","",87,1,"","","","","","","","","","","","",10.7,1,1020.9,1,"","","","","","",0,1,"","",0,1,0,1,0,1,"","","","","","","","","","","","","","","","","","","","","","","","",10000,1,"","",2,1,0,1,"","","","","","","","","","",2,1,"","","","","","","","","","","","","","","","","","","","","","","","","","","","","","","","","","","","","","","","","","","","","","","","","","","","","",""
"50020001","PTE DE LA HAGUE",49.725167,-1.939833,6,1951100909,"","","","",1.,1,"","","","","","","","","","","","","","","","","","","","","","","","","","","","","","",12.8,1,9.,1,"","","","","","","","","","","","","","","","","","","","","","","","","","",79,1,"","","","","","","","","","","","",11.7,1,1021.,1,"","","","","","",0,1,"","",0,1,0,1,0,1,"","","","","","","","","","","","","","","","","","","","","","","","",10000,1,"","",2,1,0,1,"","","","","","","","","","",2,1,"","","","","","","","","","","","","","","","","","","","","","","","","","","","","","","","","","","","","","","","","","","","","","","","","","","","","",""
"50020001","PTE DE LA HAGUE",49.725167,-1.939833,6,1951100912,"","","","",3.,1,"","","","","","","","","","","","","","","","","","","","","","","","","","","","","","",15.,1,9.3,1,"","","","","","","","","","","","","","","","","","","","","","","","","","",72,1,"","","","","","","","","","","","",11.9,1,1020.7,1,"","","","","","",0,1,"","",0,1,0,1,0,1,"","","","","","","","","","","","","","","","","","","","","","","","",10000,1,"","",2,1,0,1,"","","","","","","","","","",3,1,"","","","","","","","","","","","","","","","","","","","","","","","","","","","","","","","","","","","","","","","","","","","","","","","","","","","","",""
"50020001","PTE DE LA HAGUE",49.725167,-1.939833,6,1951100915,"","","","",3.,1,"","","","","","","","","","","","","","","","","","","","","","","","","","","","","","",15.,1,8.9,1,"","","","","","","","","","","","","","","","","","","","","","","","","","",68,1,"","","","","","","","","","","","",11.6,1,1019.3,1,"","","","","","",0,1,"","",0,1,0,1,0,1,"","","","","","","","","","","","","","","","","","","","","","","","",12000,1,"","",2,1,0,1,"","","","","","","","","","",3,1,"","","","","","","","","","","","","","","","","","","","","","","","","","","","","","","","","","","","","","","","","","","","","","","","","","","","","",""
"50020001","PTE DE LA HAGUE",49.725167,-1.939833,6,1951100918,"","","","",1.,1,"","","","","","","","","","","","","","","","","","","","","","","","","","","","","","",11.2,1,8.8,1,"","","","","","","","","","","","","","","","","","","","","","","","","","",87,1,"","","","","","","","","","","","",11.5,1,1019.4,1,"","","","","","",1,1,0,1,0,1,0,1,5,1,"","","","","","","","","","","","","","","","","","","","","","","","",7000,1,"","",2,1,0,1,"","","","","","","","","","",2,1,"","","","","","","","","","","","","","","","","","","","","","","","","","","","","","","","","","","","","","","","","","","","","","","","","","","","","",""
"50020001","PTE DE LA HAGUE",49.725167,-1.939833,6,1951101000,"","","","",0.,1,"","","","","","","","","","","","","","","","","","","","","","","","","","","","","","",11.,1,10.3,1,"","","","","","","","","","","","","","","","","","","","","","","","","","",95,1,"","","","","","","","","","","","",12.8,1,1019.,1,"","","","","","",1,1,0,1,0,1,0,1,1,1,"","","","","","","","","","","","","","","","","","","","","","","","",11000,1,"","",2,1,0,1,"","","","","","","","","","",3,1,"","","","","","","","","","","","","","","","","","","","","","","","","","","","","","","","","","","","","","","","","","","","","","","","","","","","","",""
"50020001","PTE DE LA HAGUE",49.725167,-1.939833,6,1951101006,"","","","",1.,1,"","","","","","","","","","","","","","","","","","","","","","","","","","","","","","",9.2,1,6.4,1,"","","","","","","","","","","","","","","","","","","","","","","","","","",84,1,"","","","","","","","","","","","",9.7,1,1019.5,1,"","","","","","",3,1,0,1,0,1,0,1,5,1,"","","","","","","","","","","","","","","","","","","","","","","","",14000,1,"","",2,1,0,1,"","","","","","","","","","",2,1,"","","","","","","","","","","","","","","","","","","","","","","","","","","","","","","","","","","","","","","","","","","","","","","","","","","","","",""
"50020001","PTE DE LA HAGUE",49.725167,-1.939833,6,1951101009,"","","","",0.,1,"","","","","","","","","","","","","","","","","","","","","","","","","","","","","","",14.6,1,11.2,1,"","","","","","","","","","","","","","","","","","","","","","","","","","",80,1,"","","","","","","","","","","","",13.6,1,1019.9,1,"","","","","","",7,1,7,1,0,1,0,1,4,1,"","","","","","","","","","","","","","","","","","","","","","","","",14000,1,"","",2,1,2,1,"","","","","","","","","","",2,1,"","","","","","","","","","","","","","","","","","","","","","","","","","","","","","","","","","","","","","","","","","","","","","","","","","","","","",""
"50020001","PTE DE LA HAGUE",49.725167,-1.939833,6,1951101012,"","","","",2.,1,"","","","","","","","","","","","","","","","","","","","","","","","","","","","","","",16.8,1,9.3,1,"","","","","","","","","","","","","","","","","","","","","","","","","","",62,1,"","","","","","","","","","","","",11.9,1,1020.2,1,"","","","","","",6,1,6,1,0,1,0,1,4,1,"","","","","","","","","","","","","","","","","","","","","","","","",16000,1,"","",2,1,2,1,"","","","","","","","","","",2,1,"","","","","","","","","","","","","","","","","","","","","","","","","","","","","","","","","","","","","","","","","","","","","","","","","","","","","",""
"50020001","PTE DE LA HAGUE",49.725167,-1.939833,6,1951101015,"","","","",3.,1,"","","","","","","","","","","","","","","","","","","","","","","","","","","","","","",16.2,1,7.5,1,"","","","","","","","","","","","","","","","","","","","","","","","","","",56,1,"","","","","","","","","","","","",10.5,1,1019.7,1,"","","","","","",7,1,7,1,0,1,0,1,2,1,"","","","","","","","","","","","","","","","","","","","","","","","",14000,1,"","",2,1,2,1,"","","","","","","","","","",3,1,"","","","","","","","","","","","","","","","","","","","","","","","","","","","","","","","","","","","","","","","","","","","","","","","","","","","","",""
"50020001","PTE DE LA HAGUE",49.725167,-1.939833,6,1951101018,"","","","",3.,1,"","","","","","","","","","","","","","","","","","","","","","","","","","","","","","",13.2,1,6.2,1,"","","","","","","","","","","","","","","","","","","","","","","","","","",62,1,"","","","","","","","","","","","",9.6,1,1020.2,1,"","","","","","",7,1,7,1,0,1,0,1,2,1,"","","","","","","","","","","","","","","","","","","","","","","","",14000,1,"","",2,1,2,1,"","","","","","","","","","",2,1,"","","","","","","","","","","","","","","","","","","","","","","","","","","","","","","","","","","","","","","","","","","","","","","","","","","","","",""
"50020001","PTE DE LA HAGUE",49.725167,-1.939833,6,1951101100,"","","","",2.,1,"","","","","","","","","","","","","","","","","","","","","","","","","","","","","","",9.,1,6.4,1,"","","","","","","","","","","","","","","","","","","","","","","","","","",84,1,"","","","","","","","","","","","",9.7,1,1019.9,1,"","","","","","",7,1,7,1,0,1,0,1,2,1,"","","","","","","","","","","","","","","","","","","","","","","","",14000,1,"","",2,1,2,1,"","","","","","","","","","",2,1,"","","","","","","","","","","","","","","","","","","","","","","","","","","","","","","","","","","","","","","","","","","","","","","","","","","","","",""
"50020001","PTE DE LA HAGUE",49.725167,-1.939833,6,1951101106,"","","","",1.,1,"","","","","","","","","","","","","","","","","","","","","","","","","","","","","","",7.6,1,5.6,1,"","","","","","","","","","","","","","","","","","","","","","","","","","",86,1,"","","","","","","","","","","","",9.2,1,1018.1,1,"","","","","","",6,1,6,1,0,1,0,1,4,1,"","","","","","","","","","","","","","","","","","","","","","","","",10000,1,"","",3,1,1,1,"","","","","","","","","","",3,1,"","","","","","","","","","","","","","","","","","","","","","","","","","","","","","","","","","","","","","","","","","","","","","","","","","","","","",""
"50020001","PTE DE LA HAGUE",49.725167,-1.939833,6,1951101109,"","","","",2.,1,"","","","","","","","","","","","","","","","","","","","","","","","","","","","","","",12.6,1,9.2,1,"","","","","","","","","","","","","","","","","","","","","","","","","","",81,1,"","","","","","","","","","","","",11.8,1,1017.4,1,"","","","","","",7,1,7,1,0,1,0,1,2,1,"","","","","","","","","","","","","","","","","","","","","","","","",9000,1,"","",2,1,2,1,"","","","","","","","","","",2,1,"","","","","","","","","","","","","","","","","","","","","","","","","","","","","","","","","","","","","","","","","","","","","","","","","","","","","",""
"50020001","PTE DE LA HAGUE",49.725167,-1.939833,6,1951101112,"","","","",2.,1,"","","","","","","","","","","","","","","","","","","","","","","","","","","","","","",15.2,1,8.4,1,"","","","","","","","","","","","","","","","","","","","","","","","","","",68,1,"","","","","","","","","","","","",11.2,1,1016.9,1,"","","","","","",7,1,7,1,0,1,0,1,2,1,"","","","","","","","","","","","","","","","","","","","","","","","",13000,1,"","",2,1,2,1,"","","","","","","","","","",3,1,"","","","","","","","","","","","","","","","","","","","","","","","","","","","","","","","","","","","","","","","","","","","","","","","","","","","","",""
"50020001","PTE DE LA HAGUE",49.725167,-1.939833,6,1951101115,"","","","",3.,1,"","","","","","","","","","","","","","","","","","","","","","","","","","","","","","",15.,1,7.1,1,"","","","","","","","","","","","","","","","","","","","","","","","","","",60,1,"","","","","","","","","","","","",10.2,1,1014.5,1,"","","","","","",7,1,7,1,0,1,0,1,2,1,"","","","","","","","","","","","","","","","","","","","","","","","",23000,1,"","",2,1,2,1,"","","","","","","","","","",3,1,"","","","","","","","","","","","","","","","","","","","","","","","","","","","","","","","","","","","","","","","","","","","","","","","","","","","","",""
"50020001","PTE DE LA HAGUE",49.725167,-1.939833,6,1951101118,"","","","",2.,1,"","","","","","","","","","","","","","","","","","","","","","","","","","","","","","",11.6,1,6.4,1,"","","","","","","","","","","","","","","","","","","","","","","","","","",73,1,"","","","","","","","","","","","",9.7,1,1013.5,1,"","","","","","",5,1,5,1,0,1,0,1,2,1,"","","","","","","","","","","","","","","","","","","","","","","","",11000,1,"","",1,1,2,1,"","","","","","","","","","",3,1,"","","","","","","","","","","","","","","","","","","","","","","","","","","","","","","","","","","","","","","","","","","","","","","","","","","","","",""
"50020001","PTE DE LA HAGUE",49.725167,-1.939833,6,1951101200,"","","","",4.,1,"","","","","","","","","","","","","","","","","","","","","","","","","","","","","","",10.,1,2.6,1,"","","","","","","","","","","","","","","","","","","","","","","","","","",58,1,"","","","","","","","","","","","",7.4,1,1012.6,1,"","","","","","",6,1,6,1,0,1,0,1,2,1,"","","","","","","","","","","","","","","","","","","","","","","","",13000,1,"","",2,1,2,1,"","","","","","","","","","",3,1,"","","","","","","","","","","","","","","","","","","","","","","","","","","","","","","","","","","","","","","","","","","","","","","","","","","","","",""
"50020001","PTE DE LA HAGUE",49.725167,-1.939833,6,1951101206,"","","","",3.,1,"","","","","","","","","","","","","","","","","","","","","","","","","","","","","","",7.,1,2.4,1,"","","","","","","","","","","","","","","","","","","","","","","","","","",74,1,"","","","","","","","","","","","",7.3,1,1010.3,1,"","","","","","",3,1,0,1,0,1,0,1,2,1,"","","","","","","","","","","","","","","","","","","","","","","","",14000,1,"","",2,1,2,1,"","","","","","","","","","",3,1,"","","","","","","","","","","","","","","","","","","","","","","","","","","","","","","","","","","","","","","","","","","","","","","","","","","","","",""
"50020001","PTE DE LA HAGUE",49.725167,-1.939833,6,1951101209,"","","","",2.,1,"","","","","","","","","","","","","","","","","","","","","","","","","","","","","","",10.8,1,4.5,1,"","","","","","","","","","","","","","","","","","","","","","","","","","",66,1,"","","","","","","","","","","","",8.5,1,1010.2,1,"","","","","","",1,1,0,1,0,1,0,1,2,1,"","","","","","","","","","","","","","","","","","","","","","","","",12000,1,"","",2,1,0,1,"","","","","","","","","","",3,1,"","","","","","","","","","","","","","","","","","","","","","","","","","","","","","","","","","","","","","","","","","","","","","","","","","","","","",""
"50020001","PTE DE LA HAGUE",49.725167,-1.939833,6,1951101212,"","","","",5.,1,"","","","","","","","","","","","","","","","","","","","","","","","","","","","","","",13.2,1,6.4,1,"","","","","","","","","","","","","","","","","","","","","","","","","","",64,1,"","","","","","","","","","","","",9.7,1,1009.,1,"","","","","","",1,1,0,1,0,1,0,1,2,1,"","","","","","","","","","","","","","","","","","","","","","","","",12000,1,"","",1,1,0,1,"","","","","","","","","","",3,1,"","","","","","","","","","","","","","","","","","","","","","","","","","","","","","","","","","","","","","","","","","","","","","","","","","","","","",""
"50020001","PTE DE LA HAGUE",49.725167,-1.939833,6,1951101215,"","","","",5.,1,"","","","","","","","","","","","","","","","","","","","","","","","","","","","","","",15.,1,8.9,1,"","","","","","","","","","","","","","","","","","","","","","","","","","",68,1,"","","","","","","","","","","","",11.6,1,1007.5,1,"","","","","","",2,1,0,1,0,1,8,1,0,1,"","","","","","","","","","","","","","","","","","","","","","","","",8000,1,"","",2,1,0,1,"","","","","","","","","","",3,1,"","","","","","","","","","","","","","","","","","","","","","","","","","","","","","","","","","","","","","","","","","","","","","","","","","","","","",""
"50020001","PTE DE LA HAGUE",49.725167,-1.939833,6,1951101218,"","","","",4.,1,"","","","","","","","","","","","","","","","","","","","","","","","","","","","","","",14.,1,9.9,1,"","","","","","","","","","","","","","","","","","","","","","","","","","",78,1,"","","","","","","","","","","","",12.4,1,1007.9,1,"","","","","","",7,1,7,1,0,1,7,1,0,1,"","","","","","","","","","","","","","","","","","","","","","","","",12000,1,"","",2,1,2,1,"","","","","","","","","","",3,1,"","","","","","","","","","","","","","","","","","","","","","","","","","","","","","","","","","","","","","","","","","","","","","","","","","","","","",""
"50020001","PTE DE LA HAGUE",49.725167,-1.939833,6,1951101300,"","","","",5.,1,"","","","","","","","","","","","","","","","","","","","","","","","","","","","","","",13.,1,10.6,1,"","","","","","","","","","","","","","","","","","","","","","","","","","",86,1,"","","","","","","","","","","","",13.,1,1007.8,1,"","","","","","",8,1,8,1,7,1,"","","","","","","","","","","","","","","","","","","","","","","","","","","","",12000,1,"","",60,1,6,1,"","","","","","","","","","",3,1,"","","","","","","","","","","","","","","","","","","","","","","","","","","","","","","","","","","","","","","","","","","","","","","","","","","","","",""
"50020001","PTE DE LA HAGUE",49.725167,-1.939833,6,1951101306,"","","","",1.,1,"","","","","","","","","","","","","","","","","","","","","","","","","","","","","","",13.2,1,11.,1,"","","","","","","","","","","","","","","","","","","","","","","","","","",91,1,"","","","","","","","","","","","",13.4,1,1009.1,1,"","","","","","",7,1,5,1,2,1,9,1,2,1,"","","","","","","","","","","","","","","","","","","","","","","","",19000,1,"","",2,1,6,1,"","","","","","","","","","",3,1,"","","","","","","","","","","","","","","","","","","","","","","","","","","","","","","","","","","","","","","","","","","","","","","","","","","","","",""
"50020001","PTE DE LA HAGUE",49.725167,-1.939833,6,1951101309,"","","","",1.,1,"","","","","","","","","","","","","","","","","","","","","","","","","","","","","","",14.6,1,13.1,1,"","","","","","","","","","","","","","","","","","","","","","","","","","",91,1,"","","","","","","","","","","","",15.4,1,1010.9,1,"","","","","","",8,1,7,1,2,1,9,1,"","","","","","","","","","","","","","","","","","","","","","","","","","",25000,1,"","",2,1,2,1,"","","","","","","","","","",3,1,"","","","","","","","","","","","","","","","","","","","","","","","","","","","","","","","","","","","","","","","","","","","","","","","","","","","","",""
"50020001","PTE DE LA HAGUE",49.725167,-1.939833,6,1951101312,"","","","",2.,1,"","","","","","","","","","","","","","","","","","","","","","","","","","","","","","",15.6,1,12.4,1,"","","","","","","","","","","","","","","","","","","","","","","","","","",83,1,"","","","","","","","","","","","",14.7,1,1012.1,1,"","","","","","",7,1,0,1,2,1,9,1,2,1,"","","","","","","","","","","","","","","","","","","","","","","","",28000,1,"","",2,1,2,1,"","","","","","","","","","",2,1,"","","","","","","","","","","","","","","","","","","","","","","","","","","","","","","","","","","","","","","","","","","","","","","","","","","","","",""
"50020001","PTE DE LA HAGUE",49.725167,-1.939833,6,1951101315,"","","","",2.,1,"","","","","","","","","","","","","","","","","","","","","","","","","","","","","","",17.4,1,12.6,1,"","","","","","","","","","","","","","","","","","","","","","","","","","",72,1,"","","","","","","","","","","","",14.9,1,1012.2,1,"","","","","","",4,1,0,1,2,1,4,1,2,1,"","","","","","","","","","","","","","","","","","","","","","","","",30000,1,"","",2,1,1,1,"","","","","","","","","","",3,1,"","","","","","","","","","","","","","","","","","","","","","","","","","","","","","","","","","","","","","","","","","","","","","","","","","","","","",""
"50020001","PTE DE LA HAGUE",49.725167,-1.939833,6,1951101318,"","","","",1.,1,"","","","","","","","","","","","","","","","","","","","","","","","","","","","","","",13.,1,10.6,1,"","","","","","","","","","","","","","","","","","","","","","","","","","",86,1,"","","","","","","","","","","","",13.,1,1012.9,1,"","","","","","",3,1,0,1,3,1,4,1,3,1,"","","","","","","","","","","","","","","","","","","","","","","","",30000,1,"","",2,1,1,1,"","","","","","","","","","",3,1,"","","","","","","","","","","","","","","","","","","","","","","","","","","","","","","","","","","","","","","","","","","","","","","","","","","","","",""
"50020001","PTE DE LA HAGUE",49.725167,-1.939833,6,1951101400,"","","","",0.,1,"","","","","","","","","","","","","","","","","","","","","","","","","","","","","","",12.4,1,10.2,1,"","","","","","","","","","","","","","","","","","","","","","","","","","",88,1,"","","","","","","","","","","","",12.7,1,1013.8,1,"","","","","","",6,1,5,1,0,1,4,1,2,1,"","","","","","","","","","","","","","","","","","","","","","","","",22000,1,"","",2,1,1,1,"","","","","","","","","","",2,1,"","","","","","","","","","","","","","","","","","","","","","","","","","","","","","","","","","","","","","","","","","","","","","","","","","","","","",""
"50020001","PTE DE LA HAGUE",49.725167,-1.939833,6,1951101406,"","","","",2.,1,"","","","","","","","","","","","","","","","","","","","","","","","","","","","","","",11.,1,10.3,1,"","","","","","","","","","","","","","","","","","","","","","","","","","",95,1,"","","","","","","","","","","","",12.8,1,1015.7,1,"","","","","","",7,1,6,1,0,1,5,1,2,1,"","","","","","","","","","","","","","","","","","","","","","","","",16000,1,"","",2,1,2,1,"","","","","","","","","","",2,1,"","","","","","","","","","","","","","","","","","","","","","","","","","","","","","","","","","","","","","","","","","","","","","","","","","","","","",""
"50020001","PTE DE LA HAGUE",49.725167,-1.939833,6,1951101409,"","","","",2.,1,"","","","","","","","","","","","","","","","","","","","","","","","","","","","","","",14.4,1,13.1,1,"","","","","","","","","","","","","","","","","","","","","","","","","","",91,1,"","","","","","","","","","","","",15.4,1,1017.9,1,"","","","","","",8,1,8,1,5,1,"","","","","","","","","","","","","","","","","","","","","","","","","","","","",18000,1,"","",2,1,1,1,"","","","","","","","","","",2,1,"","","","","","","","","","","","","","","","","","","","","","","","","","","","","","","","","","","","","","","","","","","","","","","","","","","","","",""
"50020001","PTE DE LA HAGUE",49.725167,-1.939833,6,1951101412,"","","","",3.,1,"","","","","","","","","","","","","","","","","","","","","","","","","","","","","","",15.8,1,12.3,1,"","","","","","","","","","","","","","","","","","","","","","","","","","",81,1,"","","","","","","","","","","","",14.6,1,1019.3,1,"","","","","","",5,1,0,1,5,1,4,1,0,1,"","","","","","","","","","","","","","","","","","","","","","","","",21000,1,"","",2,1,1,1,"","","","","","","","","","",3,1,"","","","","","","","","","","","","","","","","","","","","","","","","","","","","","","","","","","","","","","","","","","","","","","","","","","","","",""
"50020001","PTE DE LA HAGUE",49.725167,-1.939833,6,1951101415,"","","","",4.,1,"","","","","","","","","","","","","","","","","","","","","","","","","","","","","","",16.,1,11.9,1,"","","","","","","","","","","","","","","","","","","","","","","","","","",77,1,"","","","","","","","","","","","",14.2,1,1020.7,1,"","","","","","",7,1,7,1,5,1,0,1,0,1,"","","","","","","","","","","","","","","","","","","","","","","","",22000,1,"","",3,1,0,1,"","","","","","","","","","",3,1,"","","","","","","","","","","","","","","","","","","","","","","","","","","","","","","","","","","","","","","","","","","","","","","","","","","","","",""
"50020001","PTE DE LA HAGUE",49.725167,-1.939833,6,1951101418,"","","","",3.,1,"","","","","","","","","","","","","","","","","","","","","","","","","","","","","","",15.,1,11.,1,"","","","","","","","","","","","","","","","","","","","","","","","","","",78,1,"","","","","","","","","","","","",13.4,1,1023.3,1,"","","","","","",7,1,7,1,5,1,0,1,0,1,"","","","","","","","","","","","","","","","","","","","","","","","",22000,1,"","",2,1,1,1,"","","","","","","","","","",3,1,"","","","","","","","","","","","","","","","","","","","","","","","","","","","","","","","","","","","","","","","","","","","","","","","","","","","","",""
"50020001","PTE DE LA HAGUE",49.725167,-1.939833,6,1951101500,"","","","",2.,1,"","","","","","","","","","","","","","","","","","","","","","","","","","","","","","",15.,1,12.9,1,"","","","","","","","","","","","","","","","","","","","","","","","","","",89,1,"","","","","","","","","","","","",15.2,1,1025.9,1,"","","","","","",7,1,7,1,5,1,0,1,0,1,"","","","","","","","","","","","","","","","","","","","","","","","",22000,1,"","",2,1,2,1,"","","","","","","","","","",2,1,"","","","","","","","","","","","","","","","","","","","","","","","","","","","","","","","","","","","","","","","","","","","","","","","","","","","","",""
"50020001","PTE DE LA HAGUE",49.725167,-1.939833,6,1951101506,"","","","",1.,1,"","","","","","","","","","","","","","","","","","","","","","","","","","","","","","",15.,1,12.9,1,"","","","","","","","","","","","","","","","","","","","","","","","","","",89,1,"","","","","","","","","","","","",15.2,1,1027.,1,"","","","","","",4,1,0,1,5,1,4,1,0,1,"","","","","","","","","","","","","","","","","","","","","","","","",17000,1,"","",2,1,1,1,"","","","","","","","","","",2,1,"","","","","","","","","","","","","","","","","","","","","","","","","","","","","","","","","","","","","","","","","","","","","","","","","","","","","",""
"50020001","PTE DE LA HAGUE",49.725167,-1.939833,6,1951101509,"","","","",2.,1,"","","","","","","","","","","","","","","","","","","","","","","","","","","","","","",15.4,1,12.9,1,"","","","","","","","","","","","","","","","","","","","","","","","","","",89,1,"","","","","","","","","","","","",15.2,1,1029.3,1,"","","","","","",7,1,6,1,8,1,0,1,0,1,"","","","","","","","","","","","","","","","","","","","","","","","",12000,1,"","",3,1,1,1,"","","","","","","","","","",3,1,"","","","","","","","","","","","","","","","","","","","","","","","","","","","","","","","","","","","","","","","","","","","","","","","","","","","","",""
"50020001","PTE DE LA HAGUE",49.725167,-1.939833,6,1951101512,"","","","",1.,1,"","","","","","","","","","","","","","","","","","","","","","","","","","","","","","",15.,1,12.6,1,"","","","","","","","","","","","","","","","","","","","","","","","","","",85,1,"","","","","","","","","","","","",14.9,1,1029.1,1,"","","","","","",8,1,8,1,5,1,"","","","","","","","","","","","","","","","","","","","","","","","","","","","",8000,1,"","",2,1,1,1,"","","","","","","","","","",2,1,"","","","","","","","","","","","","","","","","","","","","","","","","","","","","","","","","","","","","","","","","","","","","","","","","","","","","",""
"50020001","PTE DE LA HAGUE",49.725167,-1.939833,6,1951101515,"","","","",2.,1,"","","","","","","","","","","","","","","","","","","","","","","","","","","","","","",15.,1,12.9,1,"","","","","","","","","","","","","","","","","","","","","","","","","","",89,1,"","","","","","","","","","","","",14.9,1,1029.4,1,"","","","","","",8,1,8,1,6,1,"","","","","","","","","","","","","","","","","","","","","","","","","","","","",2000,1,"","",10,1,2,1,"","","","","","","","","","",2,1,"","","","","","","","","","","","","","","","","","","","","","","","","","","","","","","","","","","","","","","","","","","","","","","","","","","","","",""
"50020001","PTE DE LA HAGUE",49.725167,-1.939833,6,1951101518,"","","","",1.,1,"","","","","","","","","","","","","","","","","","","","","","","","","","","","","","",14.,1,11.9,1,"","","","","","","","","","","","","","","","","","","","","","","","","","",89,1,"","","","","","","","","","","","",13.9,1,1030.2,1,"","","","","","",8,1,8,1,6,1,"","","","","","","","","","","","","","","","","","","","","","","","","","","","",2000,1,"","",10,1,2,1,"","","","","","","","","","",2,1,"","","","","","","","","","","","","","","","","","","","","","","","","","","","","","","","","","","","","","","","","","","","","","","","","","","","","",""
"50020001","PTE DE LA HAGUE",49.725167,-1.939833,6,1951101600,"","","","",2.,1,"","","","","","","","","","","","","","","","","","","","","","","","","","","","","","",14.6,1,13.2,1,"","","","","","","","","","","","","","","","","","","","","","","","","","",93,1,"","","","","","","","","","","","",15.2,1,1030.3,1,"","","","","","",1,1,0,1,0,1,0,1,1,1,"","","","","","","","","","","","","","","","","","","","","","","","",3000,1,"","",10,1,4,1,"","","","","","","","","","",3,1,"","","","","","","","","","","","","","","","","","","","","","","","","","","","","","","","","","","","","","","","","","","","","","","","","","","","","",""
"50020001","PTE DE LA HAGUE",49.725167,-1.939833,6,1951101606,"","","","",3.,1,"","","","","","","","","","","","","","","","","","","","","","","","","","","","","","",14.4,1,11.9,1,"","","","","","","","","","","","","","","","","","","","","","","","","","",89,1,"","","","","","","","","","","","",13.9,1,1029.1,1,"","","","","","",7,1,7,1,5,1,0,1,0,1,"","","","","","","","","","","","","","","","","","","","","","","","",4000,1,"","",10,1,1,1,"","","","","","","","","","",3,1,"","","","","","","","","","","","","","","","","","","","","","","","","","","","","","","","","","","","","","","","","","","","","","","","","","","","","",""
"50020001","PTE DE LA HAGUE",49.725167,-1.939833,6,1951101609,"","","","",3.,1,"","","","","","","","","","","","","","","","","","","","","","","","","","","","","","",14.,1,11.9,1,"","","","","","","","","","","","","","","","","","","","","","","","","","",89,1,"","","","","","","","","","","","",13.9,1,1029.8,1,"","","","","","",6,1,6,1,5,1,0,1,0,1,"","","","","","","","","","","","","","","","","","","","","","","","",4000,1,"","",10,1,2,1,"","","","","","","","","","",3,1,"","","","","","","","","","","","","","","","","","","","","","","","","","","","","","","","","","","","","","","","","","","","","","","","","","","","","",""
"50020001","PTE DE LA HAGUE",49.725167,-1.939833,6,1951101612,"","","","",2.,1,"","","","","","","","","","","","","","","","","","","","","","","","","","","","","","",14.8,1,11.4,1,"","","","","","","","","","","","","","","","","","","","","","","","","","",84,1,"","","","","","","","","","","","",13.8,1,1029.5,1,"","","","","","",8,1,8,1,5,1,"","","","","","","","","","","","","","","","","","","","","","","","","","","","",5000,1,"","",2,1,2,1,"","","","","","","","","","",2,1,"","","","","","","","","","","","","","","","","","","","","","","","","","","","","","","","","","","","","","","","","","","","","","","","","","","","","",""
"50020001","PTE DE LA HAGUE",49.725167,-1.939833,6,1951101615,"","","","",1.,1,"","","","","","","","","","","","","","","","","","","","","","","","","","","","","","",15.,1,11.2,1,"","","","","","","","","","","","","","","","","","","","","","","","","","",80,1,"","","","","","","","","","","","",13.6,1,1028.3,1,"","","","","","",7,1,7,1,5,1,0,1,0,1,"","","","","","","","","","","","","","","","","","","","","","","","",6000,1,"","",2,1,2,1,"","","","","","","","","","",2,1,"","","","","","","","","","","","","","","","","","","","","","","","","","","","","","","","","","","","","","","","","","","","","","","","","","","","","",""
"50020001","PTE DE LA HAGUE",49.725167,-1.939833,6,1951101618,"","","","",1.,1,"","","","","","","","","","","","","","","","","","","","","","","","","","","","","","",14.2,1,11.6,1,"","","","","","","","","","","","","","","","","","","","","","","","","","",87,1,"","","","","","","","","","","","",14.,1,1027.7,1,"","","","","","",1,1,0,1,1,1,0,1,0,1,"","","","","","","","","","","","","","","","","","","","","","","","",6000,1,"","",2,1,2,1,"","","","","","","","","","",2,1,"","","","","","","","","","","","","","","","","","","","","","","","","","","","","","","","","","","","","","","","","","","","","","","","","","","","","",""
"50020001","PTE DE LA HAGUE",49.725167,-1.939833,6,1951101700,"","","","",2.,1,"","","","","","","","","","","","","","","","","","","","","","","","","","","","","","",14.2,1,13.2,1,"","","","","","","","","","","","","","","","","","","","","","","","","","",93,1,"","","","","","","","","","","","",15.5,1,1027.4,1,"","","","","","",7,1,7,1,5,1,0,1,0,1,"","","","","","","","","","","","","","","","","","","","","","","","",8000,1,"","",2,1,2,1,"","","","","","","","","","",2,1,"","","","","","","","","","","","","","","","","","","","","","","","","","","","","","","","","","","","","","","","","","","","","","","","","","","","","",""
"50020001","PTE DE LA HAGUE",49.725167,-1.939833,6,1951101706,"","","","",2.,1,"","","","","","","","","","","","","","","","","","","","","","","","","","","","","","",14.4,1,13.3,1,"","","","","","","","","","","","","","","","","","","","","","","","","","",96,1,"","","","","","","","","","","","",15.7,1,1026.6,1,"","","","","","",8,1,8,1,5,1,"","","","","","","","","","","","","","","","","","","","","","","","","","","","",12000,1,"","",2,1,2,1,"","","","","","","","","","",2,1,"","","","","","","","","","","","","","","","","","","","","","","","","","","","","","","","","","","","","","","","","","","","","","","","","","","","","",""
"50020001","PTE DE LA HAGUE",49.725167,-1.939833,6,1951101709,"","","","",2.,1,"","","","","","","","","","","","","","","","","","","","","","","","","","","","","","",15.2,1,14.3,1,"","","","","","","","","","","","","","","","","","","","","","","","","","",96,1,"","","","","","","","","","","","",16.7,1,1027.5,1,"","","","","","",8,1,8,1,6,1,"","","","","","","","","","","","","","","","","","","","","","","","","","","","",10000,1,"","",50,1,2,1,"","","","","","","","","","",2,1,"","","","","","","","","","","","","","","","","","","","","","","","","","","","","","","","","","","","","","","","","","","","","","","","","","","","","",""
"50020001","PTE DE LA HAGUE",49.725167,-1.939833,6,1951101712,"","","","",4.,1,"","","","","","","","","","","","","","","","","","","","","","","","","","","","","","",15.2,1,13.1,1,"","","","","","","","","","","","","","","","","","","","","","","","","","",91,1,"","","","","","","","","","","","",15.4,1,1027.9,1,"","","","","","",8,1,8,1,6,1,"","","","","","","","","","","","","","","","","","","","","","","","","","","","",8000,1,"","",2,1,5,1,"","","","","","","","","","",3,1,"","","","","","","","","","","","","","","","","","","","","","","","","","","","","","","","","","","","","","","","","","","","","","","","","","","","","",""
"50020001","PTE DE LA HAGUE",49.725167,-1.939833,6,1951101715,"","","","",5.,1,"","","","","","","","","","","","","","","","","","","","","","","","","","","","","","",14.,1,11.9,1,"","","","","","","","","","","","","","","","","","","","","","","","","","",89,1,"","","","","","","","","","","","",14.2,1,1027.9,1,"","","","","","",8,1,8,1,6,1,"","","","","","","","","","","","","","","","","","","","","","","","","","","","",10000,1,"","",50,1,5,1,"","","","","","","","","","",3,1,"","","","","","","","","","","","","","","","","","","","","","","","","","","","","","","","","","","","","","","","","","","","","","","","","","","","","",""
"50020001","PTE DE LA HAGUE",49.725167,-1.939833,6,1951101718,"","","","",4.,1,"","","","","","","","","","","","","","","","","","","","","","","","","","","","","","",15.,1,12.6,1,"","","","","","","","","","","","","","","","","","","","","","","","","","",85,1,"","","","","","","","","","","","",14.9,1,1028.6,1,"","","","","","",7,1,7,1,5,1,0,1,0,1,"","","","","","","","","","","","","","","","","","","","","","","","",12000,1,"","",2,1,5,1,"","","","","","","","","","",3,1,"","","","","","","","","","","","","","","","","","","","","","","","","","","","","","","","","","","","","","","","","","","","","","","","","","","","","",""
"50020001","PTE DE LA HAGUE",49.725167,-1.939833,6,1951101800,"","","","",4.,1,"","","","","","","","","","","","","","","","","","","","","","","","","","","","","","",13.8,1,10.6,1,"","","","","","","","","","","","","","","","","","","","","","","","","","",84,1,"","","","","","","","","","","","",13.,1,1027.9,1,"","","","","","",1,1,0,1,5,1,0,1,0,1,"","","","","","","","","","","","","","","","","","","","","","","","",6000,1,"","",1,1,2,1,"","","","","","","","","","",4,1,"","","","","","","","","","","","","","","","","","","","","","","","","","","","","","","","","","","","","","","","","","","","","","","","","","","","","",""
"50020001","PTE DE LA HAGUE",49.725167,-1.939833,6,1951101806,"","","","",3.,1,"","","","","","","","","","","","","","","","","","","","","","","","","","","","","","",12.,1,9.6,1,"","","","","","","","","","","","","","","","","","","","","","","","","","",86,1,"","","","","","","","","","","","",12.2,1,1025.3,1,"","","","","","",8,1,8,1,5,1,"","","","","","","","","","","","","","","","","","","","","","","","","","","","",10000,1,"","",2,1,2,1,"","","","","","","","","","",3,1,"","","","","","","","","","","","","","","","","","","","","","","","","","","","","","","","","","","","","","","","","","","","","","","","","","","","","",""
"50020001","PTE DE LA HAGUE",49.725167,-1.939833,6,1951101809,"","","","",1.,1,"","","","","","","","","","","","","","","","","","","","","","","","","","","","","","",12.,1,8.,1,"","","","","","","","","","","","","","","","","","","","","","","","","","",78,1,"","","","","","","","","","","","",10.9,1,1023.8,1,"","","","","","",7,1,7,1,5,1,0,1,1,1,"","","","","","","","","","","","","","","","","","","","","","","","",12000,1,"","",2,1,2,1,"","","","","","","","","","",3,1,"","","","","","","","","","","","","","","","","","","","","","","","","","","","","","","","","","","","","","","","","","","","","","","","","","","","","",""
"50020001","PTE DE LA HAGUE",49.725167,-1.939833,6,1951101812,"","","","",2.,1,"","","","","","","","","","","","","","","","","","","","","","","","","","","","","","",13.,1,8.8,1,"","","","","","","","","","","","","","","","","","","","","","","","","","",77,1,"","","","","","","","","","","","",11.5,1,1021.3,1,"","","","","","",7,1,7,1,5,1,0,1,2,1,"","","","","","","","","","","","","","","","","","","","","","","","",16000,1,"","",2,1,2,1,"","","","","","","","","","",2,1,"","","","","","","","","","","","","","","","","","","","","","","","","","","","","","","","","","","","","","","","","","","","","","","","","","","","","",""
"50020001","PTE DE LA HAGUE",49.725167,-1.939833,6,1951101815,"","","","",2.,1,"","","","","","","","","","","","","","","","","","","","","","","","","","","","","","",13.,1,9.,1,"","","","","","","","","","","","","","","","","","","","","","","","","","",79,1,"","","","","","","","","","","","",11.7,1,1018.1,1,"","","","","","",7,1,7,1,5,1,0,1,2,1,"","","","","","","","","","","","","","","","","","","","","","","","",17000,1,"","",2,1,2,1,"","","","","","","","","","",2,1,"","","","","","","","","","","","","","","","","","","","","","","","","","","","","","","","","","","","","","","","","","","","","","","","","","","","","",""
"50020001","PTE DE LA HAGUE",49.725167,-1.939833,6,1951101818,"","","","",2.,1,"","","","","","","","","","","","","","","","","","","","","","","","","","","","","","",12.2,1,9.6,1,"","","","","","","","","","","","","","","","","","","","","","","","","","",86,1,"","","","","","","","","","","","",12.2,1,1016.7,1,"","","","","","",8,1,8,1,0,1,7,1,"","","","","","","","","","","","","","","","","","","","","","","","","","",12000,1,"","",2,1,2,1,"","","","","","","","","","",2,1,"","","","","","","","","","","","","","","","","","","","","","","","","","","","","","","","","","","","","","","","","","","","","","","","","","","","","",""
"50020001","PTE DE LA HAGUE",49.725167,-1.939833,6,1951101900,"","","","",2.,1,"","","","","","","","","","","","","","","","","","","","","","","","","","","","","","",12.6,1,11.2,1,"","","","","","","","","","","","","","","","","","","","","","","","","","",93,1,"","","","","","","","","","","","",13.6,1,1013.,1,"","","","","","",7,1,7,1,5,1,0,1,0,1,"","","","","","","","","","","","","","","","","","","","","","","","",10000,1,"","",2,1,2,1,"","","","","","","","","","",2,1,"","","","","","","","","","","","","","","","","","","","","","","","","","","","","","","","","","","","","","","","","","","","","","","","","","","","","",""
"50020001","PTE DE LA HAGUE",49.725167,-1.939833,6,1951101906,"","","","",2.,1,"","","","","","","","","","","","","","","","","","","","","","","","","","","","","","",11.4,1,9.5,1,"","","","","","","","","","","","","","","","","","","","","","","","","","",90,1,"","","","","","","","","","","","",12.1,1,1012.2,1,"","","","","","",8,1,0,1,5,1,9,1,2,1,"","","","","","","","","","","","","","","","","","","","","","","","",8000,1,"","",2,1,2,1,"","","","","","","","","","",3,1,"","","","","","","","","","","","","","","","","","","","","","","","","","","","","","","","","","","","","","","","","","","","","","","","","","","","","",""
"50020001","PTE DE LA HAGUE",49.725167,-1.939833,6,1951101909,"","","","",3.,1,"","","","","","","","","","","","","","","","","","","","","","","","","","","","","","",12.6,1,9.6,1,"","","","","","","","","","","","","","","","","","","","","","","","","","",86,1,"","","","","","","","","","","","",12.2,1,1012.7,1,"","","","","","",4,1,0,1,5,1,0,1,0,1,"","","","","","","","","","","","","","","","","","","","","","","","",18000,1,"","",2,1,1,1,"","","","","","","","","","",3,1,"","","","","","","","","","","","","","","","","","","","","","","","","","","","","","","","","","","","","","","","","","","","","","","","","","","","","",""
"50020001","PTE DE LA HAGUE",49.725167,-1.939833,6,1951101912,"","","","",3.,1,"","","","","","","","","","","","","","","","","","","","","","","","","","","","","","",13.,1,10.8,1,"","","","","","","","","","","","","","","","","","","","","","","","","","",88,1,"","","","","","","","","","","","",13.2,1,1013.,1,"","","","","","",7,1,7,1,2,1,0,1,0,1,"","","","","","","","","","","","","","","","","","","","","","","","",11000,1,"","",2,1,1,1,"","","","","","","","","","",3,1,"","","","","","","","","","","","","","","","","","","","","","","","","","","","","","","","","","","","","","","","","","","","","","","","","","","","","",""
"50020001","PTE DE LA HAGUE",49.725167,-1.939833,6,1951101915,"","","","",3.,1,"","","","","","","","","","","","","","","","","","","","","","","","","","","","","","",13.,1,10.8,1,"","","","","","","","","","","","","","","","","","","","","","","","","","",88,1,"","","","","","","","","","","","",13.2,1,1012.7,1,"","","","","","",6,1,6,1,2,1,0,1,0,1,"","","","","","","","","","","","","","","","","","","","","","","","",12000,1,"","",2,1,2,1,"","","","","","","","","","",3,1,"","","","","","","","","","","","","","","","","","","","","","","","","","","","","","","","","","","","","","","","","","","","","","","","","","","","","",""
"50020001","PTE DE LA HAGUE",49.725167,-1.939833,6,1951101918,"","","","",1.,1,"","","","","","","","","","","","","","","","","","","","","","","","","","","","","","",12.6,1,10.8,1,"","","","","","","","","","","","","","","","","","","","","","","","","","",88,1,"","","","","","","","","","","","",13.2,1,1013.,1,"","","","","","",4,1,0,1,2,1,0,1,0,1,"","","","","","","","","","","","","","","","","","","","","","","","",12000,1,"","",2,1,1,1,"","","","","","","","","","",3,1,"","","","","","","","","","","","","","","","","","","","","","","","","","","","","","","","","","","","","","","","","","","","","","","","","","","","","",""
"50020001","PTE DE LA HAGUE",49.725167,-1.939833,6,1951102000,"","","","",0.,1,"","","","","","","","","","","","","","","","","","","","","","","","","","","","","","",9.6,1,8.,1,"","","","","","","","","","","","","","","","","","","","","","","","","","",90,1,"","","","","","","","","","","","",10.9,1,1013.8,1,"","","","","","",1,1,0,1,1,1,0,1,0,1,"","","","","","","","","","","","","","","","","","","","","","","","",19000,1,"","",2,1,0,1,"","","","","","","","","","",3,1,"","","","","","","","","","","","","","","","","","","","","","","","","","","","","","","","","","","","","","","","","","","","","","","","","","","","","",""
"50020001","PTE DE LA HAGUE",49.725167,-1.939833,6,1951102006,"","","","",3.,1,"","","","","","","","","","","","","","","","","","","","","","","","","","","","","","",12.8,1,11.,1,"","","","","","","","","","","","","","","","","","","","","","","","","","",91,1,"","","","","","","","","","","","",13.4,1,1013.,1,"","","","","","",8,1,8,1,5,1,"","","","","","","","","","","","","","","","","","","","","","","","","","","","",14000,1,"","",2,1,2,1,"","","","","","","","","","",3,1,"","","","","","","","","","","","","","","","","","","","","","","","","","","","","","","","","","","","","","","","","","","","","","","","","","","","","",""
"50020001","PTE DE LA HAGUE",49.725167,-1.939833,6,1951102009,"","","","",3.,1,"","","","","","","","","","","","","","","","","","","","","","","","","","","","","","",13.4,1,10.6,1,"","","","","","","","","","","","","","","","","","","","","","","","","","",84,1,"","","","","","","","","","","","",13.,1,1014.1,1,"","","","","","",7,1,6,1,8,1,0,1,0,1,"","","","","","","","","","","","","","","","","","","","","","","","",28000,1,"","",2,1,2,1,"","","","","","","","","","",3,1,"","","","","","","","","","","","","","","","","","","","","","","","","","","","","","","","","","","","","","","","","","","","","","","","","","","","","",""
"50020001","PTE DE LA HAGUE",49.725167,-1.939833,6,1951102012,"","","","",5.,1,"","","","","","","","","","","","","","","","","","","","","","","","","","","","","","",13.6,1,12.2,1,"","","","","","","","","","","","","","","","","","","","","","","","","","",93,1,"","","","","","","","","","","","",14.5,1,1013.5,1,"","","","","","",7,1,7,1,8,1,0,1,2,1,"","","","","","","","","","","","","","","","","","","","","","","","",35000,1,"","",80,1,8,1,"","","","","","","","","","",3,1,"","","","","","","","","","","","","","","","","","","","","","","","","","","","","","","","","","","","","","","","","","","","","","","","","","","","","",""
"50020001","PTE DE LA HAGUE",49.725167,-1.939833,6,1951102015,"","","","",5.,1,"","","","","","","","","","","","","","","","","","","","","","","","","","","","","","",14.,1,11.9,1,"","","","","","","","","","","","","","","","","","","","","","","","","","",89,1,"","","","","","","","","","","","",14.2,1,1012.7,1,"","","","","","",7,1,7,1,8,1,0,1,2,1,"","","","","","","","","","","","","","","","","","","","","","","","",32000,1,"","",2,1,2,1,"","","","","","","","","","",4,1,"","","","","","","","","","","","","","","","","","","","","","","","","","","","","","","","","","","","","","","","","","","","","","","","","","","","","",""
"50020001","PTE DE LA HAGUE",49.725167,-1.939833,6,1951102018,"","","","",7.,1,"","","","","","","","","","","","","","","","","","","","","","","","","","","","","","",13.8,1,12.,1,"","","","","","","","","","","","","","","","","","","","","","","","","","",91,1,"","","","","","","","","","","","",14.3,1,1011.7,1,"","","","","","",8,1,8,1,8,1,"","","","","","","","","","","","","","","","","","","","","","","","","","","","",32000,1,"","",2,1,8,1,"","","","","","","","","","",4,1,"","","","","","","","","","","","","","","","","","","","","","","","","","","","","","","","","","","","","","","","","","","","","","","","","","","","","",""
"50020001","PTE DE LA HAGUE",49.725167,-1.939833,6,1951102100,"","","","",13.,1,"","","","","","","","","","","","","","","","","","","","","","","","","","","","","","",13.8,1,12.,1,"","","","","","","","","","","","","","","","","","","","","","","","","","",91,1,"","","","","","","","","","","","",14.3,1,1009.,1,"","","","","","",8,1,8,1,8,1,"","","","","","","","","","","","","","","","","","","","","","","","","","","","",28000,1,"","",2,1,2,1,"","","","","","","","","","",5,1,"","","","","","","","","","","","","","","","","","","","","","","","","","","","","","","","","","","","","","","","","","","","","","","","","","","","","",""
"50020001","PTE DE LA HAGUE",49.725167,-1.939833,6,1951102106,"","","","",8.,1,"","","","","","","","","","","","","","","","","","","","","","","","","","","","","","",12.,1,10.,1,"","","","","","","","","","","","","","","","","","","","","","","","","","",90,1,"","","","","","","","","","","","",12.5,1,1007.,1,"","","","","","",7,1,7,1,3,1,0,1,0,1,"","","","","","","","","","","","","","","","","","","","","","","","",21000,1,"","",16,1,8,1,"","","","","","","","","","",5,1,"","","","","","","","","","","","","","","","","","","","","","","","","","","","","","","","","","","","","","","","","","","","","","","","","","","","","",""
"50020001","PTE DE LA HAGUE",49.725167,-1.939833,6,1951102109,"","","","",5.,1,"","","","","","","","","","","","","","","","","","","","","","","","","","","","","","",12.,1,9.9,1,"","","","","","","","","","","","","","","","","","","","","","","","","","",88,1,"","","","","","","","","","","","",12.4,1,1008.6,1,"","","","","","",7,1,5,1,2,1,4,1,0,1,"","","","","","","","","","","","","","","","","","","","","","","","",30000,1,"","",2,1,2,1,"","","","","","","","","","",4,1,"","","","","","","","","","","","","","","","","","","","","","","","","","","","","","","","","","","","","","","","","","","","","","","","","","","","","",""
"50020001","PTE DE LA HAGUE",49.725167,-1.939833,6,1951102112,"","","","",5.,1,"","","","","","","","","","","","","","","","","","","","","","","","","","","","","","",12.8,1,8.7,1,"","","","","","","","","","","","","","","","","","","","","","","","","","",75,1,"","","","","","","","","","","","",11.4,1,1008.7,1,"","","","","","",5,1,0,1,3,1,0,1,3,1,"","","","","","","","","","","","","","","","","","","","","","","","",35000,1,"","",15,1,1,1,"","","","","","","","","","",4,1,"","","","","","","","","","","","","","","","","","","","","","","","","","","","","","","","","","","","","","","","","","","","","","","","","","","","","",""
"50020001","PTE DE LA HAGUE",49.725167,-1.939833,6,1951102115,"","","","",11.,1,"","","","","","","","","","","","","","","","","","","","","","","","","","","","","","",11.4,1,5.8,1,"","","","","","","","","","","","","","","","","","","","","","","","","","",67,1,"","","","","","","","","","","","",9.3,1,1007.4,1,"","","","","","",7,1,6,1,9,1,0,1,3,1,"","","","","","","","","","","","","","","","","","","","","","","","",22000,1,"","",80,1,8,1,"","","","","","","","","","",5,1,"","","","","","","","","","","","","","","","","","","","","","","","","","","","","","","","","","","","","","","","","","","","","","","","","","","","","",""
"50020001","PTE DE LA HAGUE",49.725167,-1.939833,6,1951102118,"","","","",8.,1,"","","","","","","","","","","","","","","","","","","","","","","","","","","","","","",10.4,1,5.1,1,"","","","","","","","","","","","","","","","","","","","","","","","","","",70,1,"","","","","","","","","","","","",8.9,1,1008.7,1,"","","","","","",6,1,5,1,9,1,0,1,3,1,"","","","","","","","","","","","","","","","","","","","","","","","",32000,1,"","",16,1,8,1,"","","","","","","","","","",5,1,"","","","","","","","","","","","","","","","","","","","","","","","","","","","","","","","","","","","","","","","","","","","","","","","","","","","","",""
"50020001","PTE DE LA HAGUE",49.725167,-1.939833,6,1951102200,"","","","",9.,1,"","","","","","","","","","","","","","","","","","","","","","","","","","","","","","",10.6,1,6.5,1,"","","","","","","","","","","","","","","","","","","","","","","","","","",75,1,"","","","","","","","","","","","",9.8,1,1011.3,1,"","","","","","",6,1,6,1,3,1,0,1,0,1,"","","","","","","","","","","","","","","","","","","","","","","","",42000,1,"","",15,1,2,1,"","","","","","","","","","",5,1,"","","","","","","","","","","","","","","","","","","","","","","","","","","","","","","","","","","","","","","","","","","","","","","","","","","","","",""
"50020001","PTE DE LA HAGUE",49.725167,-1.939833,6,1951102206,"","","","",5.,1,"","","","","","","","","","","","","","","","","","","","","","","","","","","","","","",10.,1,5.8,1,"","","","","","","","","","","","","","","","","","","","","","","","","","",77,1,"","","","","","","","","","","","",9.3,1,1013.4,1,"","","","","","",6,1,6,1,3,1,0,1,0,1,"","","","","","","","","","","","","","","","","","","","","","","","",32000,1,"","",2,1,2,1,"","","","","","","","","","",4,1,"","","","","","","","","","","","","","","","","","","","","","","","","","","","","","","","","","","","","","","","","","","","","","","","","","","","","",""
"50020001","PTE DE LA HAGUE",49.725167,-1.939833,6,1951102209,"","","","",9.,1,"","","","","","","","","","","","","","","","","","","","","","","","","","","","","","",9.8,1,5.8,1,"","","","","","","","","","","","","","","","","","","","","","","","","","",77,1,"","","","","","","","","","","","",9.3,1,1016.1,1,"","","","","","",7,1,7,1,2,1,0,1,0,1,"","","","","","","","","","","","","","","","","","","","","","","","",32000,1,"","",2,1,2,1,"","","","","","","","","","",5,1,"","","","","","","","","","","","","","","","","","","","","","","","","","","","","","","","","","","","","","","","","","","","","","","","","","","","","",""
"50020001","PTE DE LA HAGUE",49.725167,-1.939833,6,1951102212,"","","","",10.,1,"","","","","","","","","","","","","","","","","","","","","","","","","","","","","","",9.8,1,5.8,1,"","","","","","","","","","","","","","","","","","","","","","","","","","",77,1,"","","","","","","","","","","","",9.3,1,1018.5,1,"","","","","","",8,1,8,1,2,1,"","","","","","","","","","","","","","","","","","","","","","","","","","","","",28000,1,"","",2,1,2,1,"","","","","","","","","","",5,1,"","","","","","","","","","","","","","","","","","","","","","","","","","","","","","","","","","","","","","","","","","","","","","","","","","","","","",""
"50020001","PTE DE LA HAGUE",49.725167,-1.939833,6,1951102215,"","","","",9.,1,"","","","","","","","","","","","","","","","","","","","","","","","","","","","","","",10.6,1,4.3,1,"","","","","","","","","","","","","","","","","","","","","","","","","","",63,1,"","","","","","","","","","","","",8.4,1,1019.9,1,"","","","","","",6,1,6,1,2,1,0,1,0,1,"","","","","","","","","","","","","","","","","","","","","","","","",30000,1,"","",2,1,2,1,"","","","","","","","","","",5,1,"","","","","","","","","","","","","","","","","","","","","","","","","","","","","","","","","","","","","","","","","","","","","","","","","","","","","",""
"50020001","PTE DE LA HAGUE",49.725167,-1.939833,6,1951102218,"","","","",8.,1,"","","","","","","","","","","","","","","","","","","","","","","","","","","","","","",10.,1,2.8,1,"","","","","","","","","","","","","","","","","","","","","","","","","","",60,1,"","","","","","","","","","","","",7.5,1,1022.2,1,"","","","","","",7,1,7,1,2,1,0,1,0,1,"","","","","","","","","","","","","","","","","","","","","","","","",30000,1,"","",2,1,2,1,"","","","","","","","","","",4,1,"","","","","","","","","","","","","","","","","","","","","","","","","","","","","","","","","","","","","","","","","","","","","","","","","","","","","",""
"50020001","PTE DE LA HAGUE",49.725167,-1.939833,6,1951102300,"","","","",7.,1,"","","","","","","","","","","","","","","","","","","","","","","","","","","","","","",8.4,1,2.8,1,"","","","","","","","","","","","","","","","","","","","","","","","","","",68,1,"","","","","","","","","","","","",7.5,1,1025.3,1,"","","","","","",7,1,7,1,2,1,0,1,0,1,"","","","","","","","","","","","","","","","","","","","","","","","",30000,1,"","",2,1,2,1,"","","","","","","","","","",4,1,"","","","","","","","","","","","","","","","","","","","","","","","","","","","","","","","","","","","","","","","","","","","","","","","","","","","","",""
"50020001","PTE DE LA HAGUE",49.725167,-1.939833,6,1951102306,"","","","",6.,1,"","","","","","","","","","","","","","","","","","","","","","","","","","","","","","",7.,1,1.4,1,"","","","","","","","","","","","","","","","","","","","","","","","","","",66,1,"","","","","","","","","","","","",6.8,1,1026.3,1,"","","","","","",2,1,0,1,2,1,0,1,0,1,"","","","","","","","","","","","","","","","","","","","","","","","",25000,1,"","",2,1,1,1,"","","","","","","","","","",4,1,"","","","","","","","","","","","","","","","","","","","","","","","","","","","","","","","","","","","","","","","","","","","","","","","","","","","","",""
"50020001","PTE DE LA HAGUE",49.725167,-1.939833,6,1951102309,"","","","",6.,1,"","","","","","","","","","","","","","","","","","","","","","","","","","","","","","",7.8,1,0.6,1,"","","","","","","","","","","","","","","","","","","","","","","","","","",59,1,"","","","","","","","","","","","",6.4,1,1027.7,1,"","","","","","",2,1,0,1,1,1,0,1,0,1,"","","","","","","","","","","","","","","","","","","","","","","","",30000,1,"","",2,1,0,1,"","","","","","","","","","",5,1,"","","","","","","","","","","","","","","","","","","","","","","","","","","","","","","","","","","","","","","","","","","","","","","","","","","","","",""
"50020001","PTE DE LA HAGUE",49.725167,-1.939833,6,1951102312,"","","","",5.,1,"","","","","","","","","","","","","","","","","","","","","","","","","","","","","","",8.6,1,-0.2,1,"","","","","","","","","","","","","","","","","","","","","","","","","","",55,1,"","","","","","","","","","","","",6.,1,1027.7,1,"","","","","","",1,1,0,1,1,1,0,1,0,1,"","","","","","","","","","","","","","","","","","","","","","","","",32000,1,"","",2,1,0,1,"","","","","","","","","","",4,1,"","","","","","","","","","","","","","","","","","","","","","","","","","","","","","","","","","","","","","","","","","","","","","","","","","","","","",""
"50020001","PTE DE LA HAGUE",49.725167,-1.939833,6,1951102315,"","","","",4.,1,"","","","","","","","","","","","","","","","","","","","","","","","","","","","","","",9.2,1,-0.9,1,"","","","","","","","","","","","","","","","","","","","","","","","","","",50,1,"","","","","","","","","","","","",5.7,1,1027.4,1,"","","","","","",1,1,0,1,1,1,0,1,1,1,"","","","","","","","","","","","","","","","","","","","","","","","",32000,1,"","",2,1,0,1,"","","","","","","","","","",4,1,"","","","","","","","","","","","","","","","","","","","","","","","","","","","","","","","","","","","","","","","","","","","","","","","","","","","","",""
"50020001","PTE DE LA HAGUE",49.725167,-1.939833,6,1951102318,"","","","",4.,1,"","","","","","","","","","","","","","","","","","","","","","","","","","","","","","",9.4,1,1.8,1,"","","","","","","","","","","","","","","","","","","","","","","","","","",60,1,"","","","","","","","","","","","",7.,1,1027.9,1,"","","","","","",3,1,0,1,1,1,0,1,0,1,"","","","","","","","","","","","","","","","","","","","","","","","",30000,1,"","",2,1,1,1,"","","","","","","","","","",4,1,"","","","","","","","","","","","","","","","","","","","","","","","","","","","","","","","","","","","","","","","","","","","","","","","","","","","","",""
"50020001","PTE DE LA HAGUE",49.725167,-1.939833,6,1951102400,"","","","",4.,1,"","","","","","","","","","","","","","","","","","","","","","","","","","","","","","",8.8,1,2.2,1,"","","","","","","","","","","","","","","","","","","","","","","","","","",63,1,"","","","","","","","","","","","",7.2,1,1028.5,1,"","","","","","",2,1,0,1,1,1,0,1,0,1,"","","","","","","","","","","","","","","","","","","","","","","","",17000,1,"","",2,1,0,1,"","","","","","","","","","",4,1,"","","","","","","","","","","","","","","","","","","","","","","","","","","","","","","","","","","","","","","","","","","","","","","","","","","","","",""
"50020001","PTE DE LA HAGUE",49.725167,-1.939833,6,1951102406,"","","","",4.,1,"","","","","","","","","","","","","","","","","","","","","","","","","","","","","","",9.2,1,1.4,1,"","","","","","","","","","","","","","","","","","","","","","","","","","",58,1,"","","","","","","","","","","","",6.8,1,1028.5,1,"","","","","","",2,1,0,1,1,1,0,1,0,1,"","","","","","","","","","","","","","","","","","","","","","","","",16000,1,"","",2,1,0,1,"","","","","","","","","","",4,1,"","","","","","","","","","","","","","","","","","","","","","","","","","","","","","","","","","","","","","","","","","","","","","","","","","","","","",""
"50020001","PTE DE LA HAGUE",49.725167,-1.939833,6,1951102409,"","","","",4.,1,"","","","","","","","","","","","","","","","","","","","","","","","","","","","","","",9.6,1,1.,1,"","","","","","","","","","","","","","","","","","","","","","","","","","",56,1,"","","","","","","","","","","","",6.6,1,1028.6,1,"","","","","","",3,1,0,1,1,1,0,1,0,1,"","","","","","","","","","","","","","","","","","","","","","","","",16000,1,"","",2,1,0,1,"","","","","","","","","","",3,1,"","","","","","","","","","","","","","","","","","","","","","","","","","","","","","","","","","","","","","","","","","","","","","","","","","","","","",""
"50020001","PTE DE LA HAGUE",49.725167,-1.939833,6,1951102412,"","","","",6.,1,"","","","","","","","","","","","","","","","","","","","","","","","","","","","","","",11.,1,6.2,1,"","","","","","","","","","","","","","","","","","","","","","","","","","",71,1,"","","","","","","","","","","","",9.6,1,1028.6,1,"","","","","","",5,1,5,1,1,1,0,1,0,1,"","","","","","","","","","","","","","","","","","","","","","","","",22000,1,"","",2,1,1,1,"","","","","","","","","","",4,1,"","","","","","","","","","","","","","","","","","","","","","","","","","","","","","","","","","","","","","","","","","","","","","","","","","","","","",""
"50020001","PTE DE LA HAGUE",49.725167,-1.939833,6,1951102415,"","","","",5.,1,"","","","","","","","","","","","","","","","","","","","","","","","","","","","","","",11.,1,4.3,1,"","","","","","","","","","","","","","","","","","","","","","","","","","",63,1,"","","","","","","","","","","","",8.4,1,1027.3,1,"","","","","","",4,1,0,1,2,1,0,1,0,1,"","","","","","","","","","","","","","","","","","","","","","","","",28000,1,"","",2,1,1,1,"","","","","","","","","","",4,1,"","","","","","","","","","","","","","","","","","","","","","","","","","","","","","","","","","","","","","","","","","","","","","","","","","","","","",""
"50020001","PTE DE LA HAGUE",49.725167,-1.939833,6,1951102418,"","","","",4.,1,"","","","","","","","","","","","","","","","","","","","","","","","","","","","","","",11.,1,2.2,1,"","","","","","","","","","","","","","","","","","","","","","","","","","",56,1,"","","","","","","","","","","","",7.2,1,1027.7,1,"","","","","","",2,1,0,1,1,1,0,1,0,1,"","","","","","","","","","","","","","","","","","","","","","","","",28000,1,"","",2,1,1,1,"","","","","","","","","","",3,1,"","","","","","","","","","","","","","","","","","","","","","","","","","","","","","","","","","","","","","","","","","","","","","","","","","","","","",""
"50020001","PTE DE LA HAGUE",49.725167,-1.939833,6,1951102500,"","","","",5.,1,"","","","","","","","","","","","","","","","","","","","","","","","","","","","","","",11.2,1,4.3,1,"","","","","","","","","","","","","","","","","","","","","","","","","","",63,1,"","","","","","","","","","","","",8.4,1,1026.9,1,"","","","","","",4,1,0,1,1,1,0,1,0,1,"","","","","","","","","","","","","","","","","","","","","","","","",35000,1,"","",2,1,1,1,"","","","","","","","","","",4,1,"","","","","","","","","","","","","","","","","","","","","","","","","","","","","","","","","","","","","","","","","","","","","","","","","","","","","",""
"50020001","PTE DE LA HAGUE",49.725167,-1.939833,6,1951102506,"","","","",3.,1,"","","","","","","","","","","","","","","","","","","","","","","","","","","","","","",11.,1,4.8,1,"","","","","","","","","","","","","","","","","","","","","","","","","","",68,1,"","","","","","","","","","","","",8.7,1,1023.7,1,"","","","","","",6,1,6,1,3,1,0,1,0,1,"","","","","","","","","","","","","","","","","","","","","","","","",32000,1,"","",3,1,1,1,"","","","","","","","","","",4,1,"","","","","","","","","","","","","","","","","","","","","","","","","","","","","","","","","","","","","","","","","","","","","","","","","","","","","",""
"50020001","PTE DE LA HAGUE",49.725167,-1.939833,6,1951102509,"","","","",5.,1,"","","","","","","","","","","","","","","","","","","","","","","","","","","","","","",11.6,1,3.7,1,"","","","","","","","","","","","","","","","","","","","","","","","","","",59,1,"","","","","","","","","","","","",8.,1,1023.5,1,"","","","","","",2,1,0,1,2,1,0,1,0,1,"","","","","","","","","","","","","","","","","","","","","","","","",32000,1,"","",2,1,1,1,"","","","","","","","","","",4,1,"","","","","","","","","","","","","","","","","","","","","","","","","","","","","","","","","","","","","","","","","","","","","","","","","","","","","",""
"50020001","PTE DE LA HAGUE",49.725167,-1.939833,6,1951102512,"","","","",4.,1,"","","","","","","","","","","","","","","","","","","","","","","","","","","","","","",11.,1,6.4,1,"","","","","","","","","","","","","","","","","","","","","","","","","","",73,1,"","","","","","","","","","","","",9.7,1,1021.9,1,"","","","","","",4,1,0,1,2,1,0,1,0,1,"","","","","","","","","","","","","","","","","","","","","","","","",38000,1,"","",2,1,1,1,"","","","","","","","","","",4,1,"","","","","","","","","","","","","","","","","","","","","","","","","","","","","","","","","","","","","","","","","","","","","","","","","","","","","",""
"50020001","PTE DE LA HAGUE",49.725167,-1.939833,6,1951102515,"","","","",4.,1,"","","","","","","","","","","","","","","","","","","","","","","","","","","","","","",12.2,1,5.3,1,"","","","","","","","","","","","","","","","","","","","","","","","","","",63,1,"","","","","","","","","","","","",9.,1,1020.7,1,"","","","","","",3,1,0,1,2,1,0,1,0,1,"","","","","","","","","","","","","","","","","","","","","","","","",30000,1,"","",2,1,1,1,"","","","","","","","","","",4,1,"","","","","","","","","","","","","","","","","","","","","","","","","","","","","","","","","","","","","","","","","","","","","","","","","","","","","",""
"50020001","PTE DE LA HAGUE",49.725167,-1.939833,6,1951102518,"","","","",7.,1,"","","","","","","","","","","","","","","","","","","","","","","","","","","","","","",11.6,1,5.9,1,"","","","","","","","","","","","","","","","","","","","","","","","","","",69,1,"","","","","","","","","","","","",9.4,1,1019.3,1,"","","","","","",2,1,0,1,1,1,0,1,5,1,"","","","","","","","","","","","","","","","","","","","","","","","",32000,1,"","",2,1,0,1,"","","","","","","","","","",4,1,"","","","","","","","","","","","","","","","","","","","","","","","","","","","","","","","","","","","","","","","","","","","","","","","","","","","","",""
"50020001","PTE DE LA HAGUE",49.725167,-1.939833,6,1951102600,"","","","",2.,1,"","","","","","","","","","","","","","","","","","","","","","","","","","","","","","",7.6,1,5.9,1,"","","","","","","","","","","","","","","","","","","","","","","","","","",89,1,"","","","","","","","","","","","",9.4,1,1017.5,1,"","","","","","",0,1,"","",0,1,0,1,0,1,"","","","","","","","","","","","","","","","","","","","","","","","",17000,1,"","",2,1,0,1,"","","","","","","","","","",4,1,"","","","","","","","","","","","","","","","","","","","","","","","","","","","","","","","","","","","","","","","","","","","","","","","","","","","","",""
"50020001","PTE DE LA HAGUE",49.725167,-1.939833,6,1951102606,"","","","",2.,1,"","","","","","","","","","","","","","","","","","","","","","","","","","","","","","",6.4,1,5.1,1,"","","","","","","","","","","","","","","","","","","","","","","","","","",91,1,"","","","","","","","","","","","",8.9,1,1016.6,1,"","","","","","",1,1,0,1,0,1,0,1,2,1,"","","","","","","","","","","","","","","","","","","","","","","","",8000,1,"","",2,1,0,1,"","","","","","","","","","",2,1,"","","","","","","","","","","","","","","","","","","","","","","","","","","","","","","","","","","","","","","","","","","","","","","","","","","","","",""
"50020001","PTE DE LA HAGUE",49.725167,-1.939833,6,1951102609,"","","","",2.,1,"","","","","","","","","","","","","","","","","","","","","","","","","","","","","","",8.2,1,5.6,1,"","","","","","","","","","","","","","","","","","","","","","","","","","",86,1,"","","","","","","","","","","","",9.2,1,1017.,1,"","","","","","",8,1,8,1,6,1,"","","","","","","","","","","","","","","","","","","","","","","","","","","","",6000,1,"","",2,1,0,1,"","","","","","","","","","",2,1,"","","","","","","","","","","","","","","","","","","","","","","","","","","","","","","","","","","","","","","","","","","","","","","","","","","","","",""
"50020001","PTE DE LA HAGUE",49.725167,-1.939833,6,1951102612,"","","","",4.,1,"","","","","","","","","","","","","","","","","","","","","","","","","","","","","","",11.4,1,8.1,1,"","","","","","","","","","","","","","","","","","","","","","","","","","",81,1,"","","","","","","","","","","","",11.,1,1016.2,1,"","","","","","",0,1,"","",0,1,0,1,0,1,"","","","","","","","","","","","","","","","","","","","","","","","",6000,1,"","",2,1,2,1,"","","","","","","","","","",3,1,"","","","","","","","","","","","","","","","","","","","","","","","","","","","","","","","","","","","","","","","","","","","","","","","","","","","","",""
"50020001","PTE DE LA HAGUE",49.725167,-1.939833,6,1951102615,"","","","",3.,1,"","","","","","","","","","","","","","","","","","","","","","","","","","","","","","",11.8,1,8.,1,"","","","","","","","","","","","","","","","","","","","","","","","","","",78,1,"","","","","","","","","","","","",10.9,1,1015.,1,"","","","","","",2,1,0,1,0,1,4,1,0,1,"","","","","","","","","","","","","","","","","","","","","","","","",8000,1,"","",2,1,1,1,"","","","","","","","","","",3,1,"","","","","","","","","","","","","","","","","","","","","","","","","","","","","","","","","","","","","","","","","","","","","","","","","","","","","",""
"50020001","PTE DE LA HAGUE",49.725167,-1.939833,6,1951102618,"","","","",3.,1,"","","","","","","","","","","","","","","","","","","","","","","","","","","","","","",9.8,1,8.,1,"","","","","","","","","","","","","","","","","","","","","","","","","","",90,1,"","","","","","","","","","","","",10.7,1,1014.3,1,"","","","","","",1,1,0,1,0,1,0,1,1,1,"","","","","","","","","","","","","","","","","","","","","","","","",4000,1,"","",10,1,0,1,"","","","","","","","","","",3,1,"","","","","","","","","","","","","","","","","","","","","","","","","","","","","","","","","","","","","","","","","","","","","","","","","","","","","",""
"50020001","PTE DE LA HAGUE",49.725167,-1.939833,6,1951102700,"","","","",5.,1,"","","","","","","","","","","","","","","","","","","","","","","","","","","","","","",8.8,1,7.1,1,"","","","","","","","","","","","","","","","","","","","","","","","","","",92,1,"","","","","","","","","","","","",10.1,1,1012.9,1,"","","","","","",8,1,8,1,6,1,"","","","","","","","","","","","","","","","","","","","","","","","","","","","",4000,1,"","",10,1,2,1,"","","","","","","","","","",3,1,"","","","","","","","","","","","","","","","","","","","","","","","","","","","","","","","","","","","","","","","","","","","","","","","","","","","","",""
"50020001","PTE DE LA HAGUE",49.725167,-1.939833,6,1951102706,"","","","",2.,1,"","","","","","","","","","","","","","","","","","","","","","","","","","","","","","",8.,1,7.3,1,"","","","","","","","","","","","","","","","","","","","","","","","","","",95,1,"","","","","","","","","","","","",10.2,1,1010.3,1,"","","","","","",8,1,8,1,6,1,"","","","","","","","","","","","","","","","","","","","","","","","","","","","",3000,1,"","",10,1,2,1,"","","","","","","","","","",3,1,"","","","","","","","","","","","","","","","","","","","","","","","","","","","","","","","","","","","","","","","","","","","","","","","","","","","","",""
"50020001","PTE DE LA HAGUE",49.725167,-1.939833,6,1951102709,"","","","",4.,1,"","","","","","","","","","","","","","","","","","","","","","","","","","","","","","",9.8,1,7.7,1,"","","","","","","","","","","","","","","","","","","","","","","","","","",87,1,"","","","","","","","","","","","",10.7,1,1008.9,1,"","","","","","",3,1,0,1,0,1,0,1,6,1,"","","","","","","","","","","","","","","","","","","","","","","","",6000,1,"","",3,1,1,1,"","","","","","","","","","",4,1,"","","","","","","","","","","","","","","","","","","","","","","","","","","","","","","","","","","","","","","","","","","","","","","","","","","","","",""
"50020001","PTE DE LA HAGUE",49.725167,-1.939833,6,1951102712,"","","","",4.,1,"","","","","","","","","","","","","","","","","","","","","","","","","","","","","","",11.,1,7.1,1,"","","","","","","","","","","","","","","","","","","","","","","","","","",80,1,"","","","","","","","","","","","",10.2,1,1007.1,1,"","","","","","",8,1,8,1,5,1,0,1,7,1,"","","","","","","","","","","","","","","","","","","","","","","","",9000,1,"","",2,1,1,1,"","","","","","","","","","",4,1,"","","","","","","","","","","","","","","","","","","","","","","","","","","","","","","","","","","","","","","","","","","","","","","","","","","","","",""
"50020001","PTE DE LA HAGUE",49.725167,-1.939833,6,1951102715,"","","","",1.,1,"","","","","","","","","","","","","","","","","","","","","","","","","","","","","","",11.,1,8.4,1,"","","","","","","","","","","","","","","","","","","","","","","","","","",83,1,"","","","","","","","","","","","",11.2,1,1006.7,1,"","","","","","",8,1,0,1,0,1,7,1,7,1,"","","","","","","","","","","","","","","","","","","","","","","","",10000,1,"","",2,1,2,1,"","","","","","","","","","",3,1,"","","","","","","","","","","","","","","","","","","","","","","","","","","","","","","","","","","","","","","","","","","","","","","","","","","","","",""
"50020001","PTE DE LA HAGUE",49.725167,-1.939833,6,1951102718,"","","","",6.,1,"","","","","","","","","","","","","","","","","","","","","","","","","","","","","","",10.,1,7.5,1,"","","","","","","","","","","","","","","","","","","","","","","","","","",85,1,"","","","","","","","","","","","",10.5,1,1006.9,1,"","","","","","",8,1,8,1,0,1,2,1,"","","","","","","","","","","","","","","","","","","","","","","","","","",5000,1,"","",62,1,2,1,"","","","","","","","","","",4,1,"","","","","","","","","","","","","","","","","","","","","","","","","","","","","","","","","","","","","","","","","","","","","","","","","","","","","",""
"50020001","PTE DE LA HAGUE",49.725167,-1.939833,6,1951102800,"","","","",3.,1,"","","","","","","","","","","","","","","","","","","","","","","","","","","","","","",10.4,1,8.9,1,"","","","","","","","","","","","","","","","","","","","","","","","","","",90,1,"","","","","","","","","","","","",11.6,1,1006.2,1,"","","","","","",1,1,0,1,0,1,4,1,0,1,"","","","","","","","","","","","","","","","","","","","","","","","",11000,1,"","",2,1,6,1,"","","","","","","","","","",3,1,"","","","","","","","","","","","","","","","","","","","","","","","","","","","","","","","","","","","","","","","","","","","","","","","","","","","","",""
"50020001","PTE DE LA HAGUE",49.725167,-1.939833,6,1951102806,"","","","",5.,1,"","","","","","","","","","","","","","","","","","","","","","","","","","","","","","",12.2,1,10.,1,"","","","","","","","","","","","","","","","","","","","","","","","","","",90,1,"","","","","","","","","","","","",12.5,1,1007.7,1,"","","","","","",6,1,6,1,6,1,0,1,0,1,"","","","","","","","","","","","","","","","","","","","","","","","",16000,1,"","",2,1,1,1,"","","","","","","","","","",3,1,"","","","","","","","","","","","","","","","","","","","","","","","","","","","","","","","","","","","","","","","","","","","","","","","","","","","","",""
"50020001","PTE DE LA HAGUE",49.725167,-1.939833,6,1951102809,"","","","",5.,1,"","","","","","","","","","","","","","","","","","","","","","","","","","","","","","",13.,1,10.6,1,"","","","","","","","","","","","","","","","","","","","","","","","","","",84,1,"","","","","","","","","","","","",13.,1,1008.2,1,"","","","","","",4,1,0,1,0,1,0,1,2,1,"","","","","","","","","","","","","","","","","","","","","","","","",22000,1,"","",2,1,1,1,"","","","","","","","","","",3,1,"","","","","","","","","","","","","","","","","","","","","","","","","","","","","","","","","","","","","","","","","","","","","","","","","","","","","",""
"50020001","PTE DE LA HAGUE",49.725167,-1.939833,6,1951102812,"","","","",8.,1,"","","","","","","","","","","","","","","","","","","","","","","","","","","","","","",14.,1,9.8,1,"","","","","","","","","","","","","","","","","","","","","","","","","","",76,1,"","","","","","","","","","","","",12.3,1,1007.3,1,"","","","","","",7,1,5,1,2,1,7,1,2,1,"","","","","","","","","","","","","","","","","","","","","","","","",22000,1,"","",2,1,2,1,"","","","","","","","","","",4,1,"","","","","","","","","","","","","","","","","","","","","","","","","","","","","","","","","","","","","","","","","","","","","","","","","","","","","",""
"50020001","PTE DE LA HAGUE",49.725167,-1.939833,6,1951102815,"","","","",7.,1,"","","","","","","","","","","","","","","","","","","","","","","","","","","","","","",12.2,1,9.4,1,"","","","","","","","","","","","","","","","","","","","","","","","","","",83,1,"","","","","","","","","","","","",12.,1,1007.3,1,"","","","","","",7,1,7,1,0,1,7,1,2,1,"","","","","","","","","","","","","","","","","","","","","","","","",25000,1,"","",2,1,6,1,"","","","","","","","","","",4,1,"","","","","","","","","","","","","","","","","","","","","","","","","","","","","","","","","","","","","","","","","","","","","","","","","","","","","",""
"50020001","PTE DE LA HAGUE",49.725167,-1.939833,6,1951102818,"","","","",4.,1,"","","","","","","","","","","","","","","","","","","","","","","","","","","","","","",11.2,1,8.1,1,"","","","","","","","","","","","","","","","","","","","","","","","","","",81,1,"","","","","","","","","","","","",11.,1,1007.3,1,"","","","","","",3,1,0,1,5,1,0,1,2,1,"","","","","","","","","","","","","","","","","","","","","","","","",25000,1,"","",1,1,2,1,"","","","","","","","","","",3,1,"","","","","","","","","","","","","","","","","","","","","","","","","","","","","","","","","","","","","","","","","","","","","","","","","","","","","",""
"50020001","PTE DE LA HAGUE",49.725167,-1.939833,6,1951102900,"","","","",8.,1,"","","","","","","","","","","","","","","","","","","","","","","","","","","","","","",12.6,1,11.,1,"","","","","","","","","","","","","","","","","","","","","","","","","","",91,1,"","","","","","","","","","","","",13.4,1,1007.9,1,"","","","","","",8,1,8,1,7,1,"","","","","","","","","","","","","","","","","","","","","","","","","","","","",28000,1,"","",62,1,6,1,"","","","","","","","","","",4,1,"","","","","","","","","","","","","","","","","","","","","","","","","","","","","","","","","","","","","","","","","","","","","","","","","","","","","",""
"50020001","PTE DE LA HAGUE",49.725167,-1.939833,6,1951102906,"","","","",10.,1,"","","","","","","","","","","","","","","","","","","","","","","","","","","","","","",12.6,1,11.2,1,"","","","","","","","","","","","","","","","","","","","","","","","","","",93,1,"","","","","","","","","","","","",13.6,1,1009.,1,"","","","","","",7,1,5,1,9,1,0,1,3,1,"","","","","","","","","","","","","","","","","","","","","","","","",18000,1,"","",25,1,8,1,"","","","","","","","","","",5,1,"","","","","","","","","","","","","","","","","","","","","","","","","","","","","","","","","","","","","","","","","","","","","","","","","","","","","",""
"50020001","PTE DE LA HAGUE",49.725167,-1.939833,6,1951102909,"","","","",9.,1,"","","","","","","","","","","","","","","","","","","","","","","","","","","","","","",13.6,1,10.6,1,"","","","","","","","","","","","","","","","","","","","","","","","","","",84,1,"","","","","","","","","","","","",13.,1,1011.8,1,"","","","","","",8,1,6,1,3,1,0,1,7,1,"","","","","","","","","","","","","","","","","","","","","","","","",28000,1,"","",25,1,8,1,"","","","","","","","","","",5,1,"","","","","","","","","","","","","","","","","","","","","","","","","","","","","","","","","","","","","","","","","","","","","","","","","","","","","",""
"50020001","PTE DE LA HAGUE",49.725167,-1.939833,6,1951102912,"","","","",8.,1,"","","","","","","","","","","","","","","","","","","","","","","","","","","","","","",14.2,1,10.1,1,"","","","","","","","","","","","","","","","","","","","","","","","","","",80,1,"","","","","","","","","","","","",12.6,1,1012.2,1,"","","","","","",7,1,0,1,2,1,0,1,4,1,"","","","","","","","","","","","","","","","","","","","","","","","",23000,1,"","",2,1,8,1,"","","","","","","","","","",5,1,"","","","","","","","","","","","","","","","","","","","","","","","","","","","","","","","","","","","","","","","","","","","","","","","","","","","","",""
"50020001","PTE DE LA HAGUE",49.725167,-1.939833,6,1951102915,"","","","",8.,1,"","","","","","","","","","","","","","","","","","","","","","","","","","","","","","",14.2,1,9.5,1,"","","","","","","","","","","","","","","","","","","","","","","","","","",74,1,"","","","","","","","","","","","",12.1,1,1012.7,1,"","","","","","",6,1,5,1,2,1,0,1,2,1,"","","","","","","","","","","","","","","","","","","","","","","","",28000,1,"","",2,1,1,1,"","","","","","","","","","",5,1,"","","","","","","","","","","","","","","","","","","","","","","","","","","","","","","","","","","","","","","","","","","","","","","","","","","","","",""
"50020001","PTE DE LA HAGUE",49.725167,-1.939833,6,1951102918,"","","","",4.,1,"","","","","","","","","","","","","","","","","","","","","","","","","","","","","","",13.,1,8.7,1,"","","","","","","","","","","","","","","","","","","","","","","","","","",75,1,"","","","","","","","","","","","",11.4,1,1013.4,1,"","","","","","",6,1,0,1,3,1,4,1,2,1,"","","","","","","","","","","","","","","","","","","","","","","","",30000,1,"","",15,1,1,1,"","","","","","","","","","",4,1,"","","","","","","","","","","","","","","","","","","","","","","","","","","","","","","","","","","","","","","","","","","","","","","","","","","","","",""
"50020001","PTE DE LA HAGUE",49.725167,-1.939833,6,1951103000,"","","","",1.,1,"","","","","","","","","","","","","","","","","","","","","","","","","","","","","","",12.,1,10.,1,"","","","","","","","","","","","","","","","","","","","","","","","","","",90,1,"","","","","","","","","","","","",12.5,1,1013.5,1,"","","","","","",5,1,0,1,2,1,4,1,0,1,"","","","","","","","","","","","","","","","","","","","","","","","",22000,1,"","",2,1,1,1,"","","","","","","","","","",2,1,"","","","","","","","","","","","","","","","","","","","","","","","","","","","","","","","","","","","","","","","","","","","","","","","","","","","","",""
"50020001","PTE DE LA HAGUE",49.725167,-1.939833,6,1951103006,"","","","",2.,1,"","","","","","","","","","","","","","","","","","","","","","","","","","","","","","",8.8,1,7.1,1,"","","","","","","","","","","","","","","","","","","","","","","","","","",92,1,"","","","","","","","","","","","",10.2,1,1013.7,1,"","","","","","",2,1,0,1,2,1,0,1,2,1,"","","","","","","","","","","","","","","","","","","","","","","","",26000,1,"","",2,1,0,1,"","","","","","","","","","",2,1,"","","","","","","","","","","","","","","","","","","","","","","","","","","","","","","","","","","","","","","","","","","","","","","","","","","","","",""
"50020001","PTE DE LA HAGUE",49.725167,-1.939833,6,1951103009,"","","","",2.,1,"","","","","","","","","","","","","","","","","","","","","","","","","","","","","","",12.8,1,10.8,1,"","","","","","","","","","","","","","","","","","","","","","","","","","",88,1,"","","","","","","","","","","","",13.2,1,1014.6,1,"","","","","","",5,1,0,1,2,1,4,1,2,1,"","","","","","","","","","","","","","","","","","","","","","","","",30000,1,"","",2,1,1,1,"","","","","","","","","","",3,1,"","","","","","","","","","","","","","","","","","","","","","","","","","","","","","","","","","","","","","","","","","","","","","","","","","","","","",""
"50020001","PTE DE LA HAGUE",49.725167,-1.939833,6,1951103012,"","","","",2.,1,"","","","","","","","","","","","","","","","","","","","","","","","","","","","","","",13.4,1,10.6,1,"","","","","","","","","","","","","","","","","","","","","","","","","","",84,1,"","","","","","","","","","","","",13.,1,1014.6,1,"","","","","","",4,1,0,1,2,1,0,1,2,1,"","","","","","","","","","","","","","","","","","","","","","","","",30000,1,"","",2,1,1,1,"","","","","","","","","","",2,1,"","","","","","","","","","","","","","","","","","","","","","","","","","","","","","","","","","","","","","","","","","","","","","","","","","","","","",""
"50020001","PTE DE LA HAGUE",49.725167,-1.939833,6,1951103015,"","","","",2.,1,"","","","","","","","","","","","","","","","","","","","","","","","","","","","","","",14.,1,10.3,1,"","","","","","","","","","","","","","","","","","","","","","","","","","",82,1,"","","","","","","","","","","","",12.8,1,1014.6,1,"","","","","","",7,1,6,1,2,1,4,1,2,1,"","","","","","","","","","","","","","","","","","","","","","","","",30000,1,"","",3,1,1,1,"","","","","","","","","","",2,1,"","","","","","","","","","","","","","","","","","","","","","","","","","","","","","","","","","","","","","","","","","","","","","","","","","","","","",""
"50020001","PTE DE LA HAGUE",49.725167,-1.939833,6,1951103018,"","","","",2.,1,"","","","","","","","","","","","","","","","","","","","","","","","","","","","","","",13.,1,10.6,1,"","","","","","","","","","","","","","","","","","","","","","","","","","",84,1,"","","","","","","","","","","","",13.,1,1014.9,1,"","","","","","",6,1,6,1,2,1,0,1,0,1,"","","","","","","","","","","","","","","","","","","","","","","","",30000,1,"","",2,1,1,1,"","","","","","","","","","",2,1,"","","","","","","","","","","","","","","","","","","","","","","","","","","","","","","","","","","","","","","","","","","","","","","","","","","","","",""
"50020001","PTE DE LA HAGUE",49.725167,-1.939833,6,1951103100,"","","","",1.,1,"","","","","","","","","","","","","","","","","","","","","","","","","","","","","","",12.2,1,9.6,1,"","","","","","","","","","","","","","","","","","","","","","","","","","",86,1,"","","","","","","","","","","","",12.2,1,1015.8,1,"","","","","","",1,1,0,1,2,1,0,1,0,1,"","","","","","","","","","","","","","","","","","","","","","","","",14000,1,"","",2,1,0,1,"","","","","","","","","","",2,1,"","","","","","","","","","","","","","","","","","","","","","","","","","","","","","","","","","","","","","","","","","","","","","","","","","","","","",""
"50020001","PTE DE LA HAGUE",49.725167,-1.939833,6,1951103106,"","","","",4.,1,"","","","","","","","","","","","","","","","","","","","","","","","","","","","","","",12.6,1,9.2,1,"","","","","","","","","","","","","","","","","","","","","","","","","","",81,1,"","","","","","","","","","","","",11.8,1,1013.5,1,"","","","","","",8,1,0,1,3,1,7,1,"","","","","","","","","","","","","","","","","","","","","","","","","","",10000,1,"","",2,1,8,1,"","","","","","","","","","",3,1,"","","","","","","","","","","","","","","","","","","","","","","","","","","","","","","","","","","","","","","","","","","","","","","","","","","","","",""
"50020001","PTE DE LA HAGUE",49.725167,-1.939833,6,1951103109,"","","","",9.,1,"","","","","","","","","","","","","","","","","","","","","","","","","","","","","","",12.6,1,7.5,1,"","","","","","","","","","","","","","","","","","","","","","","","","","",77,1,"","","","","","","","","","","","",10.5,1,1012.3,1,"","","","","","",8,1,5,1,2,1,9,1,"","","","","","","","","","","","","","","","","","","","","","","","","","",25000,1,"","",2,1,2,1,"","","","","","","","","","",5,1,"","","","","","","","","","","","","","","","","","","","","","","","","","","","","","","","","","","","","","","","","","","","","","","","","","","","","",""
"50020001","PTE DE LA HAGUE",49.725167,-1.939833,6,1951103112,"","","","",10.,1,"","","","","","","","","","","","","","","","","","","","","","","","","","","","","","",11.8,1,8.1,1,"","","","","","","","","","","","","","","","","","","","","","","","","","",81,1,"","","","","","","","","","","","",11.,1,1009.5,1,"","","","","","",7,1,5,1,2,1,9,1,0,1,"","","","","","","","","","","","","","","","","","","","","","","","",16000,1,"","",62,1,6,1,"","","","","","","","","","",5,1,"","","","","","","","","","","","","","","","","","","","","","","","","","","","","","","","","","","","","","","","","","","","","","","","","","","","","",""
"50020001","PTE DE LA HAGUE",49.725167,-1.939833,6,1951103115,"","","","",16.,1,"","","","","","","","","","","","","","","","","","","","","","","","","","","","","","",11.2,1,7.5,1,"","","","","","","","","","","","","","","","","","","","","","","","","","",79,1,"","","","","","","","","","","","",10.5,1,1008.9,1,"","","","","","",7,1,7,1,3,1,0,1,0,1,"","","","","","","","","","","","","","","","","","","","","","","","",22000,1,"","",21,1,6,1,"","","","","","","","","","",5,1,"","","","","","","","","","","","","","","","","","","","","","","","","","","","","","","","","","","","","","","","","","","","","","","","","","","","","",""
"50020001","PTE DE LA HAGUE",49.725167,-1.939833,6,1951103118,"","","","",16.,1,"","","","","","","","","","","","","","","","","","","","","","","","","","","","","","",11.4,1,8.1,1,"","","","","","","","","","","","","","","","","","","","","","","","","","",81,1,"","","","","","","","","","","","",11.,1,1010.6,1,"","","","","","",6,1,6,1,3,1,0,1,0,1,"","","","","","","","","","","","","","","","","","","","","","","","",25000,1,"","",2,1,8,1,"","","","","","","","","","",5,1,"","","","","","","","","","","","","","","","","","","","","","","","","","","","","","","","","","","","","","","","","","","","","","","","","","","","","",""
"50020001","PTE DE LA HAGUE",49.725167,-1.939833,6,1951110100,"","","","",14.,1,"","","","","","","","","","","","","","","","","","","","","","","","","","","","","","",12.,1,7.5,1,"","","","","","","","","","","","","","","","","","","","","","","","","","",74,1,"","","","","","","","","","","","",10.5,1,1013.1,1,"","","","","","",7,1,7,1,3,1,0,1,0,1,"","","","","","","","","","","","","","","","","","","","","","","","",35000,1,"","",2,1,2,1,"","","","","","","","","","",6,1,"","","","","","","","","","","","","","","","","","","","","","","","","","","","","","","","","","","","","","","","","","","","","","","","","","","","","",""
"50020001","PTE DE LA HAGUE",49.725167,-1.939833,6,1951110106,"","","","",10.,1,"","","","","","","","","","","","","","","","","","","","","","","","","","","","","","",12.,1,7.5,1,"","","","","","","","","","","","","","","","","","","","","","","","","","",74,1,"","","","","","","","","","","","",10.5,1,1015.7,1,"","","","","","",3,1,0,1,3,1,0,1,0,1,"","","","","","","","","","","","","","","","","","","","","","","","",32000,1,"","",2,1,1,1,"","","","","","","","","","",5,1,"","","","","","","","","","","","","","","","","","","","","","","","","","","","","","","","","","","","","","","","","","","","","","","","","","","","","",""
"50020001","PTE DE LA HAGUE",49.725167,-1.939833,6,1951110109,"","","","",8.,1,"","","","","","","","","","","","","","","","","","","","","","","","","","","","","","",12.,1,8.,1,"","","","","","","","","","","","","","","","","","","","","","","","","","",78,1,"","","","","","","","","","","","",10.9,1,1017.1,1,"","","","","","",7,1,7,1,2,1,0,1,0,1,"","","","","","","","","","","","","","","","","","","","","","","","",28000,1,"","",2,1,1,1,"","","","","","","","","","",5,1,"","","","","","","","","","","","","","","","","","","","","","","","","","","","","","","","","","","","","","","","","","","","","","","","","","","","","",""
"50020001","PTE DE LA HAGUE",49.725167,-1.939833,6,1951110112,"","","","",5.,1,"","","","","","","","","","","","","","","","","","","","","","","","","","","","","","",12.2,1,7.5,1,"","","","","","","","","","","","","","","","","","","","","","","","","","",74,1,"","","","","","","","","","","","",10.5,1,1018.2,1,"","","","","","",5,1,5,1,2,1,0,1,2,1,"","","","","","","","","","","","","","","","","","","","","","","","",30000,1,"","",2,1,1,1,"","","","","","","","","","",4,1,"","","","","","","","","","","","","","","","","","","","","","","","","","","","","","","","","","","","","","","","","","","","","","","","","","","","","",""
"50020001","PTE DE LA HAGUE",49.725167,-1.939833,6,1951110115,"","","","",3.,1,"","","","","","","","","","","","","","","","","","","","","","","","","","","","","","",13.,1,6.9,1,"","","","","","","","","","","","","","","","","","","","","","","","","","",68,1,"","","","","","","","","","","","",10.1,1,1017.4,1,"","","","","","",5,1,5,1,1,1,0,1,5,1,"","","","","","","","","","","","","","","","","","","","","","","","",28000,1,"","",2,1,1,1,"","","","","","","","","","",3,1,"","","","","","","","","","","","","","","","","","","","","","","","","","","","","","","","","","","","","","","","","","","","","","","","","","","","","",""
"50020001","PTE DE LA HAGUE",49.725167,-1.939833,6,1951110118,"","","","",3.,1,"","","","","","","","","","","","","","","","","","","","","","","","","","","","","","",12.,1,7.7,1,"","","","","","","","","","","","","","","","","","","","","","","","","","",76,1,"","","","","","","","","","","","",10.7,1,1017.1,1,"","","","","","",8,1,8,1,5,1,"","","","","","","","","","","","","","","","","","","","","","","","","","","","",30000,1,"","",2,1,2,1,"","","","","","","","","","",3,1,"","","","","","","","","","","","","","","","","","","","","","","","","","","","","","","","","","","","","","","","","","","","","","","","","","","","","",""
"50020001","PTE DE LA HAGUE",49.725167,-1.939833,6,1951110200,"","","","",4.,1,"","","","","","","","","","","","","","","","","","","","","","","","","","","","","","",13.4,1,10.8,1,"","","","","","","","","","","","","","","","","","","","","","","","","","",88,1,"","","","","","","","","","","","",13.2,1,1014.6,1,"","","","","","",8,1,8,1,5,1,"","","","","","","","","","","","","","","","","","","","","","","","","","","","",32000,1,"","",2,1,6,1,"","","","","","","","","","",3,1,"","","","","","","","","","","","","","","","","","","","","","","","","","","","","","","","","","","","","","","","","","","","","","","","","","","","","",""
"50020001","PTE DE LA HAGUE",49.725167,-1.939833,6,1951110206,"","","","",8.,1,"","","","","","","","","","","","","","","","","","","","","","","","","","","","","","",13.,1,11.,1,"","","","","","","","","","","","","","","","","","","","","","","","","","",91,1,"","","","","","","","","","","","",13.4,1,1009.4,1,"","","","","","",8,1,7,1,2,1,7,1,"","","","","","","","","","","","","","","","","","","","","","","","","","",10000,1,"","",21,1,6,1,"","","","","","","","","","",4,1,"","","","","","","","","","","","","","","","","","","","","","","","","","","","","","","","","","","","","","","","","","","","","","","","","","","","","",""
"50020001","PTE DE LA HAGUE",49.725167,-1.939833,6,1951110209,"","","","",8.,1,"","","","","","","","","","","","","","","","","","","","","","","","","","","","","","",13.,1,11.,1,"","","","","","","","","","","","","","","","","","","","","","","","","","",91,1,"","","","","","","","","","","","",13.4,1,1007.3,1,"","","","","","",8,1,8,1,5,1,"","","","","","","","","","","","","","","","","","","","","","","","","","","","",10000,1,"","",25,1,8,1,"","","","","","","","","","",4,1,"","","","","","","","","","","","","","","","","","","","","","","","","","","","","","","","","","","","","","","","","","","","","","","","","","","","","",""
"50020001","PTE DE LA HAGUE",49.725167,-1.939833,6,1951110212,"","","","",8.,1,"","","","","","","","","","","","","","","","","","","","","","","","","","","","","","",12.,1,8.1,1,"","","","","","","","","","","","","","","","","","","","","","","","","","",81,1,"","","","","","","","","","","","",11.,1,1006.3,1,"","","","","","",7,1,5,1,5,1,7,1,0,1,"","","","","","","","","","","","","","","","","","","","","","","","",22000,1,"","",2,1,6,1,"","","","","","","","","","",4,1,"","","","","","","","","","","","","","","","","","","","","","","","","","","","","","","","","","","","","","","","","","","","","","","","","","","","","",""
"50020001","PTE DE LA HAGUE",49.725167,-1.939833,6,1951110215,"","","","",7.,1,"","","","","","","","","","","","","","","","","","","","","","","","","","","","","","",12.,1,5.5,1,"","","","","","","","","","","","","","","","","","","","","","","","","","",65,1,"","","","","","","","","","","","",9.1,1,1005.5,1,"","","","","","",6,1,6,1,3,1,0,1,2,1,"","","","","","","","","","","","","","","","","","","","","","","","",28000,1,"","",15,1,2,1,"","","","","","","","","","",4,1,"","","","","","","","","","","","","","","","","","","","","","","","","","","","","","","","","","","","","","","","","","","","","","","","","","","","","",""
"50020001","PTE DE LA HAGUE",49.725167,-1.939833,6,1951110218,"","","","",8.,1,"","","","","","","","","","","","","","","","","","","","","","","","","","","","","","",11.,1,4.8,1,"","","","","","","","","","","","","","","","","","","","","","","","","","",68,1,"","","","","","","","","","","","",8.7,1,1005.,1,"","","","","","",6,1,6,1,9,1,0,1,3,1,"","","","","","","","","","","","","","","","","","","","","","","","",32000,1,"","",15,1,8,1,"","","","","","","","","","",5,1,"","","","","","","","","","","","","","","","","","","","","","","","","","","","","","","","","","","","","","","","","","","","","","","","","","","","","",""
"50020001","PTE DE LA HAGUE",49.725167,-1.939833,6,1951110300,"","","","",5.,1,"","","","","","","","","","","","","","","","","","","","","","","","","","","","","","",10.2,1,5.3,1,"","","","","","","","","","","","","","","","","","","","","","","","","","",72,1,"","","","","","","","","","","","",9.,1,1004.9,1,"","","","","","",6,1,6,1,3,1,0,1,0,1,"","","","","","","","","","","","","","","","","","","","","","","","",32000,1,"","",25,1,8,1,"","","","","","","","","","",5,1,"","","","","","","","","","","","","","","","","","","","","","","","","","","","","","","","","","","","","","","","","","","","","","","","","","","","","",""
"50020001","PTE DE LA HAGUE",49.725167,-1.939833,6,1951110306,"","","","",7.,1,"","","","","","","","","","","","","","","","","","","","","","","","","","","","","","",10.,1,3.7,1,"","","","","","","","","","","","","","","","","","","","","","","","","","",67,1,"","","","","","","","","","","","",8.,1,1005.4,1,"","","","","","",3,1,0,1,3,1,0,1,0,1,"","","","","","","","","","","","","","","","","","","","","","","","",30000,1,"","",2,1,8,1,"","","","","","","","","","",5,1,"","","","","","","","","","","","","","","","","","","","","","","","","","","","","","","","","","","","","","","","","","","","","","","","","","","","","",""
"50020001","PTE DE LA HAGUE",49.725167,-1.939833,6,1951110309,"","","","",9.,1,"","","","","","","","","","","","","","","","","","","","","","","","","","","","","","",10.4,1,5.,1,"","","","","","","","","","","","","","","","","","","","","","","","","","",70,1,"","","","","","","","","","","","",8.8,1,1007.,1,"","","","","","",5,1,5,1,2,1,0,1,0,1,"","","","","","","","","","","","","","","","","","","","","","","","",38000,1,"","",2,1,1,1,"","","","","","","","","","",5,1,"","","","","","","","","","","","","","","","","","","","","","","","","","","","","","","","","","","","","","","","","","","","","","","","","","","","","",""
"50020001","PTE DE LA HAGUE",49.725167,-1.939833,6,1951110312,"","","","",7.,1,"","","","","","","","","","","","","","","","","","","","","","","","","","","","","","",11.,1,4.8,1,"","","","","","","","","","","","","","","","","","","","","","","","","","",68,1,"","","","","","","","","","","","",8.7,1,1007.1,1,"","","","","","",6,1,6,1,2,1,0,1,0,1,"","","","","","","","","","","","","","","","","","","","","","","","",42000,1,"","",2,1,2,1,"","","","","","","","","","",5,1,"","","","","","","","","","","","","","","","","","","","","","","","","","","","","","","","","","","","","","","","","","","","","","","","","","","","","",""
"50020001","PTE DE LA HAGUE",49.725167,-1.939833,6,1951110315,"","","","",4.,1,"","","","","","","","","","","","","","","","","","","","","","","","","","","","","","",10.,1,5.6,1,"","","","","","","","","","","","","","","","","","","","","","","","","","",74,1,"","","","","","","","","","","","",9.2,1,1006.7,1,"","","","","","",7,1,5,1,9,1,0,1,3,1,"","","","","","","","","","","","","","","","","","","","","","","","",32000,1,"","",25,1,8,1,"","","","","","","","","","",4,1,"","","","","","","","","","","","","","","","","","","","","","","","","","","","","","","","","","","","","","","","","","","","","","","","","","","","","",""
"50020001","PTE DE LA HAGUE",49.725167,-1.939833,6,1951110318,"","","","",4.,1,"","","","","","","","","","","","","","","","","","","","","","","","","","","","","","",10.6,1,4.8,1,"","","","","","","","","","","","","","","","","","","","","","","","","","",68,1,"","","","","","","","","","","","",8.7,1,1003.9,1,"","","","","","",8,1,8,1,3,1,2,1,"","","","","","","","","","","","","","","","","","","","","","","","","","",30000,1,"","",2,1,8,1,"","","","","","","","","","",4,1,"","","","","","","","","","","","","","","","","","","","","","","","","","","","","","","","","","","","","","","","","","","","","","","","","","","","","",""
"50020001","PTE DE LA HAGUE",49.725167,-1.939833,6,1951110400,"","","","",10.,1,"","","","","","","","","","","","","","","","","","","","","","","","","","","","","","",9.6,1,6.2,1,"","","","","","","","","","","","","","","","","","","","","","","","","","",82,1,"","","","","","","","","","","","",9.6,1,999.8,1,"","","","","","",8,1,0,1,2,1,7,1,"","","","","","","","","","","","","","","","","","","","","","","","","","",28000,1,"","",60,1,6,1,"","","","","","","","","","",5,1,"","","","","","","","","","","","","","","","","","","","","","","","","","","","","","","","","","","","","","","","","","","","","","","","","","","","","",""
"50020001","PTE DE LA HAGUE",49.725167,-1.939833,6,1951110406,"","","","",9.,1,"","","","","","","","","","","","","","","","","","","","","","","","","","","","","","",10.8,1,9.2,1,"","","","","","","","","","","","","","","","","","","","","","","","","","",92,1,"","","","","","","","","","","","",11.8,1,991.8,1,"","","","","","",8,1,8,1,7,1,2,1,"","","","","","","","","","","","","","","","","","","","","","","","","","",11000,1,"","",61,1,6,1,"","","","","","","","","","",4,1,"","","","","","","","","","","","","","","","","","","","","","","","","","","","","","","","","","","","","","","","","","","","","","","","","","","","","",""
"50020001","PTE DE LA HAGUE",49.725167,-1.939833,6,1951110409,"","","","",11.,1,"","","","","","","","","","","","","","","","","","","","","","","","","","","","","","",11.2,1,10.2,1,"","","","","","","","","","","","","","","","","","","","","","","","","","",93,1,"","","","","","","","","","","","",12.7,1,989.1,1,"","","","","","",8,1,6,1,7,1,2,1,"","","","","","","","","","","","","","","","","","","","","","","","","","",12000,1,"","",61,1,6,1,"","","","","","","","","","",5,1,"","","","","","","","","","","","","","","","","","","","","","","","","","","","","","","","","","","","","","","","","","","","","","","","","","","","","",""
"50020001","PTE DE LA HAGUE",49.725167,-1.939833,6,1951110412,"","","","",11.,1,"","","","","","","","","","","","","","","","","","","","","","","","","","","","","","",11.6,1,10.2,1,"","","","","","","","","","","","","","","","","","","","","","","","","","",93,1,"","","","","","","","","","","","",12.7,1,986.9,1,"","","","","","",8,1,7,1,7,1,2,1,"","","","","","","","","","","","","","","","","","","","","","","","","","",12000,1,"","",60,1,6,1,"","","","","","","","","","",5,1,"","","","","","","","","","","","","","","","","","","","","","","","","","","","","","","","","","","","","","","","","","","","","","","","","","","","","",""
"50020001","PTE DE LA HAGUE",49.725167,-1.939833,6,1951110415,"","","","",12.,1,"","","","","","","","","","","","","","","","","","","","","","","","","","","","","","",12.,1,9.9,1,"","","","","","","","","","","","","","","","","","","","","","","","","","",88,1,"","","","","","","","","","","","",12.4,1,985.7,1,"","","","","","",8,1,7,1,7,1,2,1,"","","","","","","","","","","","","","","","","","","","","","","","","","",13000,1,"","",61,1,6,1,"","","","","","","","","","",6,1,"","","","","","","","","","","","","","","","","","","","","","","","","","","","","","","","","","","","","","","","","","","","","","","","","","","","","",""
"50020001","PTE DE LA HAGUE",49.725167,-1.939833,6,1951110418,"","","","",12.,1,"","","","","","","","","","","","","","","","","","","","","","","","","","","","","","",11.6,1,8.,1,"","","","","","","","","","","","","","","","","","","","","","","","","","",78,1,"","","","","","","","","","","","",10.9,1,985.,1,"","","","","","",8,1,8,1,7,1,7,1,"","","","","","","","","","","","","","","","","","","","","","","","","","",22000,1,"","",21,1,6,1,"","","","","","","","","","",6,1,"","","","","","","","","","","","","","","","","","","","","","","","","","","","","","","","","","","","","","","","","","","","","","","","","","","","","",""
"50020001","PTE DE LA HAGUE",49.725167,-1.939833,6,1951110500,"","","","",13.,1,"","","","","","","","","","","","","","","","","","","","","","","","","","","","","","",12.6,1,8.8,1,"","","","","","","","","","","","","","","","","","","","","","","","","","",77,1,"","","","","","","","","","","","",11.5,1,984.5,1,"","","","","","",8,1,0,1,0,1,7,1,7,1,"","","","","","","","","","","","","","","","","","","","","","","","",30000,1,"","",2,1,2,1,"","","","","","","","","","",6,1,"","","","","","","","","","","","","","","","","","","","","","","","","","","","","","","","","","","","","","","","","","","","","","","","","","","","","",""
"50020001","PTE DE LA HAGUE",49.725167,-1.939833,6,1951110506,"","","","",3.,1,"","","","","","","","","","","","","","","","","","","","","","","","","","","","","","",11.8,1,9.9,1,"","","","","","","","","","","","","","","","","","","","","","","","","","",90,1,"","","","","","","","","","","","",12.4,1,989.4,1,"","","","","","",8,1,7,1,2,1,2,1,"","","","","","","","","","","","","","","","","","","","","","","","","","",12000,1,"","",61,1,6,1,"","","","","","","","","","",3,1,"","","","","","","","","","","","","","","","","","","","","","","","","","","","","","","","","","","","","","","","","","","","","","","","","","","","","",""
"50020001","PTE DE LA HAGUE",49.725167,-1.939833,6,1951110509,"","","","",4.,1,"","","","","","","","","","","","","","","","","","","","","","","","","","","","","","",10.8,1,8.9,1,"","","","","","","","","","","","","","","","","","","","","","","","","","",90,1,"","","","","","","","","","","","",11.6,1,992.6,1,"","","","","","",8,1,0,1,2,1,2,1,"","","","","","","","","","","","","","","","","","","","","","","","","","",14000,1,"","",61,1,6,1,"","","","","","","","","","",3,1,"","","","","","","","","","","","","","","","","","","","","","","","","","","","","","","","","","","","","","","","","","","","","","","","","","","","","",""
"50020001","PTE DE LA HAGUE",49.725167,-1.939833,6,1951110512,"","","","",1.,1,"","","","","","","","","","","","","","","","","","","","","","","","","","","","","","",10.8,1,8.9,1,"","","","","","","","","","","","","","","","","","","","","","","","","","",90,1,"","","","","","","","","","","","",11.6,1,994.1,1,"","","","","","",8,1,5,1,7,1,2,1,"","","","","","","","","","","","","","","","","","","","","","","","","","",10000,1,"","",61,1,6,1,"","","","","","","","","","",3,1,"","","","","","","","","","","","","","","","","","","","","","","","","","","","","","","","","","","","","","","","","","","","","","","","","","","","","",""
"50020001","PTE DE LA HAGUE",49.725167,-1.939833,6,1951110515,"","","","",2.,1,"","","","","","","","","","","","","","","","","","","","","","","","","","","","","","",10.2,1,9.2,1,"","","","","","","","","","","","","","","","","","","","","","","","","","",92,1,"","","","","","","","","","","","",11.8,1,993.8,1,"","","","","","",8,1,7,1,7,1,2,1,"","","","","","","","","","","","","","","","","","","","","","","","","","",10000,1,"","",61,1,6,1,"","","","","","","","","","",2,1,"","","","","","","","","","","","","","","","","","","","","","","","","","","","","","","","","","","","","","","","","","","","","","","","","","","","","",""
"50020001","PTE DE LA HAGUE",49.725167,-1.939833,6,1951110518,"","","","",4.,1,"","","","","","","","","","","","","","","","","","","","","","","","","","","","","","",11.,1,10.6,1,"","","","","","","","","","","","","","","","","","","","","","","","","","",98,1,"","","","","","","","","","","","",13.,1,992.6,1,"","","","","","",8,1,7,1,7,1,2,1,"","","","","","","","","","","","","","","","","","","","","","","","","","",8000,1,"","",63,1,6,1,"","","","","","","","","","",3,1,"","","","","","","","","","","","","","","","","","","","","","","","","","","","","","","","","","","","","","","","","","","","","","","","","","","","","",""
"50020001","PTE DE LA HAGUE",49.725167,-1.939833,6,1951110600,"","","","",10.,1,"","","","","","","","","","","","","","","","","","","","","","","","","","","","","","",14.4,1,11.4,1,"","","","","","","","","","","","","","","","","","","","","","","","","","",84,1,"","","","","","","","","","","","",13.8,1,989.3,1,"","","","","","",8,1,8,1,7,1,"","","","","","","","","","","","","","","","","","","","","","","","","","","","",16000,1,"","",61,1,6,1,"","","","","","","","","","",5,1,"","","","","","","","","","","","","","","","","","","","","","","","","","","","","","","","","","","","","","","","","","","","","","","","","","","","","",""
"50020001","PTE DE LA HAGUE",49.725167,-1.939833,6,1951110606,"","","","",7.,1,"","","","","","","","","","","","","","","","","","","","","","","","","","","","","","",12.,1,9.4,1,"","","","","","","","","","","","","","","","","","","","","","","","","","",83,1,"","","","","","","","","","","","",12.,1,992.6,1,"","","","","","",3,1,0,1,2,1,0,1,2,1,"","","","","","","","","","","","","","","","","","","","","","","","",22000,1,"","",1,1,6,1,"","","","","","","","","","",4,1,"","","","","","","","","","","","","","","","","","","","","","","","","","","","","","","","","","","","","","","","","","","","","","","","","","","","","",""
"50020001","PTE DE LA HAGUE",49.725167,-1.939833,6,1951110609,"","","","",6.,1,"","","","","","","","","","","","","","","","","","","","","","","","","","","","","","",12.8,1,9.,1,"","","","","","","","","","","","","","","","","","","","","","","","","","",79,1,"","","","","","","","","","","","",11.7,1,994.9,1,"","","","","","",1,1,0,1,0,1,0,1,5,1,"","","","","","","","","","","","","","","","","","","","","","","","",28000,1,"","",2,1,0,1,"","","","","","","","","","",4,1,"","","","","","","","","","","","","","","","","","","","","","","","","","","","","","","","","","","","","","","","","","","","","","","","","","","","","",""
"50020001","PTE DE LA HAGUE",49.725167,-1.939833,6,1951110612,"","","","",6.,1,"","","","","","","","","","","","","","","","","","","","","","","","","","","","","","",13.2,1,9.,1,"","","","","","","","","","","","","","","","","","","","","","","","","","",79,1,"","","","","","","","","","","","",11.7,1,995.8,1,"","","","","","",7,1,0,1,5,1,1,1,2,1,"","","","","","","","","","","","","","","","","","","","","","","","",25000,1,"","",2,1,1,1,"","","","","","","","","","",4,1,"","","","","","","","","","","","","","","","","","","","","","","","","","","","","","","","","","","","","","","","","","","","","","","","","","","","","",""
"50020001","PTE DE LA HAGUE",49.725167,-1.939833,6,1951110615,"","","","",6.,1,"","","","","","","","","","","","","","","","","","","","","","","","","","","","","","",13.8,1,11.9,1,"","","","","","","","","","","","","","","","","","","","","","","","","","",89,1,"","","","","","","","","","","","",14.2,1,995.9,1,"","","","","","",7,1,6,1,0,1,7,1,2,1,"","","","","","","","","","","","","","","","","","","","","","","","",30000,1,"","",2,1,1,1,"","","","","","","","","","",4,1,"","","","","","","","","","","","","","","","","","","","","","","","","","","","","","","","","","","","","","","","","","","","","","","","","","","","","",""
"50020001","PTE DE LA HAGUE",49.725167,-1.939833,6,1951110618,"","","","",1.,1,"","","","","","","","","","","","","","","","","","","","","","","","","","","","","","",12.,1,10.,1,"","","","","","","","","","","","","","","","","","","","","","","","","","",90,1,"","","","","","","","","","","","",12.5,1,996.2,1,"","","","","","",2,1,0,1,0,1,4,1,2,1,"","","","","","","","","","","","","","","","","","","","","","","","",35000,1,"","",2,1,1,1,"","","","","","","","","","",4,1,"","","","","","","","","","","","","","","","","","","","","","","","","","","","","","","","","","","","","","","","","","","","","","","","","","","","","",""
"50020001","PTE DE LA HAGUE",49.725167,-1.939833,6,1951110700,"","","","",1.,1,"","","","","","","","","","","","","","","","","","","","","","","","","","","","","","",12.,1,10.2,1,"","","","","","","","","","","","","","","","","","","","","","","","","","",93,1,"","","","","","","","","","","","",12.7,1,994.9,1,"","","","","","",8,1,8,1,0,1,2,1,"","","","","","","","","","","","","","","","","","","","","","","","","","",19000,1,"","",62,1,6,1,"","","","","","","","","","",3,1,"","","","","","","","","","","","","","","","","","","","","","","","","","","","","","","","","","","","","","","","","","","","","","","","","","","","","",""
"50020001","PTE DE LA HAGUE",49.725167,-1.939833,6,1951110706,"","","","",3.,1,"","","","","","","","","","","","","","","","","","","","","","","","","","","","","","",12.2,1,11.3,1,"","","","","","","","","","","","","","","","","","","","","","","","","","",95,1,"","","","","","","","","","","","",13.7,1,993.3,1,"","","","","","",8,1,8,1,5,1,2,1,"","","","","","","","","","","","","","","","","","","","","","","","","","",20000,1,"","",2,1,6,1,"","","","","","","","","","",3,1,"","","","","","","","","","","","","","","","","","","","","","","","","","","","","","","","","","","","","","","","","","","","","","","","","","","","","",""
"50020001","PTE DE LA HAGUE",49.725167,-1.939833,6,1951110709,"","","","",4.,1,"","","","","","","","","","","","","","","","","","","","","","","","","","","","","","",13.6,1,10.3,1,"","","","","","","","","","","","","","","","","","","","","","","","","","",82,1,"","","","","","","","","","","","",12.8,1,994.7,1,"","","","","","",7,1,7,1,0,1,0,1,2,1,"","","","","","","","","","","","","","","","","","","","","","","","",25000,1,"","",2,1,2,1,"","","","","","","","","","",3,1,"","","","","","","","","","","","","","","","","","","","","","","","","","","","","","","","","","","","","","","","","","","","","","","","","","","","","",""
"50020001","PTE DE LA HAGUE",49.725167,-1.939833,6,1951110712,"","","","",6.,1,"","","","","","","","","","","","","","","","","","","","","","","","","","","","","","",15.,1,11.,1,"","","","","","","","","","","","","","","","","","","","","","","","","","",78,1,"","","","","","","","","","","","",13.4,1,994.7,1,"","","","","","",2,1,0,1,0,1,0,1,2,1,"","","","","","","","","","","","","","","","","","","","","","","","",25000,1,"","",2,1,2,1,"","","","","","","","","","",3,1,"","","","","","","","","","","","","","","","","","","","","","","","","","","","","","","","","","","","","","","","","","","","","","","","","","","","","",""
"50020001","PTE DE LA HAGUE",49.725167,-1.939833,6,1951110715,"","","","",5.,1,"","","","","","","","","","","","","","","","","","","","","","","","","","","","","","",15.6,1,8.4,1,"","","","","","","","","","","","","","","","","","","","","","","","","","",63,1,"","","","","","","","","","","","",11.2,1,993.4,1,"","","","","","",5,1,5,1,0,1,0,1,2,1,"","","","","","","","","","","","","","","","","","","","","","","","",32000,1,"","",2,1,1,1,"","","","","","","","","","",3,1,"","","","","","","","","","","","","","","","","","","","","","","","","","","","","","","","","","","","","","","","","","","","","","","","","","","","","",""
"50020001","PTE DE LA HAGUE",49.725167,-1.939833,6,1951110718,"","","","",5.,1,"","","","","","","","","","","","","","","","","","","","","","","","","","","","","","",13.,1,10.6,1,"","","","","","","","","","","","","","","","","","","","","","","","","","",86,1,"","","","","","","","","","","","",13.,1,992.5,1,"","","","","","",8,1,8,1,0,1,7,1,"","","","","","","","","","","","","","","","","","","","","","","","","","",25000,1,"","",62,1,6,1,"","","","","","","","","","",3,1,"","","","","","","","","","","","","","","","","","","","","","","","","","","","","","","","","","","","","","","","","","","","","","","","","","","","","",""
"50020001","PTE DE LA HAGUE",49.725167,-1.939833,6,1951110800,"","","","",5.,1,"","","","","","","","","","","","","","","","","","","","","","","","","","","","","","",13.,1,10.6,1,"","","","","","","","","","","","","","","","","","","","","","","","","","",84,1,"","","","","","","","","","","","",13.,1,988.2,1,"","","","","","",8,1,8,1,0,1,7,1,"","","","","","","","","","","","","","","","","","","","","","","","","","",32000,1,"","",2,1,6,1,"","","","","","","","","","",3,1,"","","","","","","","","","","","","","","","","","","","","","","","","","","","","","","","","","","","","","","","","","","","","","","","","","","","","",""
"50020001","PTE DE LA HAGUE",49.725167,-1.939833,6,1951110806,"","","","",1.,1,"","","","","","","","","","","","","","","","","","","","","","","","","","","","","","",11.8,1,10.3,1,"","","","","","","","","","","","","","","","","","","","","","","","","","",95,1,"","","","","","","","","","","","",12.8,1,985.,1,"","","","","","",8,1,8,1,0,1,2,1,"","","","","","","","","","","","","","","","","","","","","","","","","","",25000,1,"","",2,1,6,1,"","","","","","","","","","",3,1,"","","","","","","","","","","","","","","","","","","","","","","","","","","","","","","","","","","","","","","","","","","","","","","","","","","","","",""
"50020001","PTE DE LA HAGUE",49.725167,-1.939833,6,1951110809,"","","","",0.,1,"","","","","","","","","","","","","","","","","","","","","","","","","","","","","","",12.2,1,11.3,1,"","","","","","","","","","","","","","","","","","","","","","","","","","",95,1,"","","","","","","","","","","","",13.7,1,984.5,1,"","","","","","",8,1,8,1,3,1,2,1,"","","","","","","","","","","","","","","","","","","","","","","","","","",12000,1,"","",61,1,6,1,"","","","","","","","","","",2,1,"","","","","","","","","","","","","","","","","","","","","","","","","","","","","","","","","","","","","","","","","","","","","","","","","","","","","",""
"50020001","PTE DE LA HAGUE",49.725167,-1.939833,6,1951110812,"","","","",0.,1,"","","","","","","","","","","","","","","","","","","","","","","","","","","","","","",12.6,1,11.3,1,"","","","","","","","","","","","","","","","","","","","","","","","","","",95,1,"","","","","","","","","","","","",13.7,1,983.7,1,"","","","","","",8,1,8,1,3,1,2,1,"","","","","","","","","","","","","","","","","","","","","","","","","","",10000,1,"","",61,1,6,1,"","","","","","","","","","",2,1,"","","","","","","","","","","","","","","","","","","","","","","","","","","","","","","","","","","","","","","","","","","","","","","","","","","","","",""
"50020001","PTE DE LA HAGUE",49.725167,-1.939833,6,1951110815,"","","","",1.,1,"","","","","","","","","","","","","","","","","","","","","","","","","","","","","","",11.6,1,10.2,1,"","","","","","","","","","","","","","","","","","","","","","","","","","",93,1,"","","","","","","","","","","","",12.7,1,983.3,1,"","","","","","",7,1,7,1,2,1,2,1,0,1,"","","","","","","","","","","","","","","","","","","","","","","","",25000,1,"","",61,1,6,1,"","","","","","","","","","",3,1,"","","","","","","","","","","","","","","","","","","","","","","","","","","","","","","","","","","","","","","","","","","","","","","","","","","","","",""
"50020001","PTE DE LA HAGUE",49.725167,-1.939833,6,1951110818,"","","","",4.,1,"","","","","","","","","","","","","","","","","","","","","","","","","","","","","","",13.,1,10.8,1,"","","","","","","","","","","","","","","","","","","","","","","","","","",88,1,"","","","","","","","","","","","",13.2,1,982.9,1,"","","","","","",8,1,0,1,3,1,9,1,7,1,"","","","","","","","","","","","","","","","","","","","","","","","",7000,1,"","",81,1,6,1,"","","","","","","","","","",4,1,"","","","","","","","","","","","","","","","","","","","","","","","","","","","","","","","","","","","","","","","","","","","","","","","","","","","","",""
"50020001","PTE DE LA HAGUE",49.725167,-1.939833,6,1951110900,"","","","",4.,1,"","","","","","","","","","","","","","","","","","","","","","","","","","","","","","",11.4,1,10.,1,"","","","","","","","","","","","","","","","","","","","","","","","","","",90,1,"","","","","","","","","","","","",12.5,1,985.3,1,"","","","","","",4,1,0,1,2,1,0,1,6,1,"","","","","","","","","","","","","","","","","","","","","","","","",35000,1,"","",3,1,8,1,"","","","","","","","","","",4,1,"","","","","","","","","","","","","","","","","","","","","","","","","","","","","","","","","","","","","","","","","","","","","","","","","","","","","",""
"50020001","PTE DE LA HAGUE",49.725167,-1.939833,6,1951110906,"","","","",6.,1,"","","","","","","","","","","","","","","","","","","","","","","","","","","","","","",10.2,1,7.7,1,"","","","","","","","","","","","","","","","","","","","","","","","","","",87,1,"","","","","","","","","","","","",10.7,1,983.5,1,"","","","","","",8,1,8,1,0,1,2,1,"","","","","","","","","","","","","","","","","","","","","","","","","","",30000,1,"","",2,1,2,1,"","","","","","","","","","",4,1,"","","","","","","","","","","","","","","","","","","","","","","","","","","","","","","","","","","","","","","","","","","","","","","","","","","","","",""
"50020001","PTE DE LA HAGUE",49.725167,-1.939833,6,1951110909,"","","","",5.,1,"","","","","","","","","","","","","","","","","","","","","","","","","","","","","","",10.8,1,8.8,1,"","","","","","","","","","","","","","","","","","","","","","","","","","",87,1,"","","","","","","","","","","","",11.5,1,983.,1,"","","","","","",8,1,8,1,0,1,7,1,"","","","","","","","","","","","","","","","","","","","","","","","","","",25000,1,"","",60,1,6,1,"","","","","","","","","","",4,1,"","","","","","","","","","","","","","","","","","","","","","","","","","","","","","","","","","","","","","","","","","","","","","","","","","","","","",""
"50020001","PTE DE LA HAGUE",49.725167,-1.939833,6,1951110912,"","","","",6.,1,"","","","","","","","","","","","","","","","","","","","","","","","","","","","","","",11.,1,8.8,1,"","","","","","","","","","","","","","","","","","","","","","","","","","",87,1,"","","","","","","","","","","","",11.5,1,981.4,1,"","","","","","",8,1,7,1,5,1,2,1,"","","","","","","","","","","","","","","","","","","","","","","","","","",22000,1,"","",60,1,6,1,"","","","","","","","","","",4,1,"","","","","","","","","","","","","","","","","","","","","","","","","","","","","","","","","","","","","","","","","","","","","","","","","","","","","",""
"50020001","PTE DE LA HAGUE",49.725167,-1.939833,6,1951110915,"","","","",5.,1,"","","","","","","","","","","","","","","","","","","","","","","","","","","","","","",10.6,1,8.9,1,"","","","","","","","","","","","","","","","","","","","","","","","","","",90,1,"","","","","","","","","","","","",11.6,1,981.5,1,"","","","","","",8,1,8,1,2,1,7,1,"","","","","","","","","","","","","","","","","","","","","","","","","","",30000,1,"","",2,1,6,1,"","","","","","","","","","",4,1,"","","","","","","","","","","","","","","","","","","","","","","","","","","","","","","","","","","","","","","","","","","","","","","","","","","","","",""
"50020001","PTE DE LA HAGUE",49.725167,-1.939833,6,1951110918,"","","","",5.,1,"","","","","","","","","","","","","","","","","","","","","","","","","","","","","","",10.8,1,8.8,1,"","","","","","","","","","","","","","","","","","","","","","","","","","",87,1,"","","","","","","","","","","","",11.5,1,983.4,1,"","","","","","",8,1,0,1,2,1,1,1,"","","","","","","","","","","","","","","","","","","","","","","","","","",32000,1,"","",2,1,2,1,"","","","","","","","","","",4,1,"","","","","","","","","","","","","","","","","","","","","","","","","","","","","","","","","","","","","","","","","","","","","","","","","","","","","",""
"50020001","PTE DE LA HAGUE",49.725167,-1.939833,6,1951111000,"","","","",5.,1,"","","","","","","","","","","","","","","","","","","","","","","","","","","","","","",9.,1,8.4,1,"","","","","","","","","","","","","","","","","","","","","","","","","","",95,1,"","","","","","","","","","","","",11.2,1,987.9,1,"","","","","","",2,1,0,1,0,1,4,1,2,1,"","","","","","","","","","","","","","","","","","","","","","","","",30000,1,"","",2,1,0,1,"","","","","","","","","","",4,1,"","","","","","","","","","","","","","","","","","","","","","","","","","","","","","","","","","","","","","","","","","","","","","","","","","","","","",""
"50020001","PTE DE LA HAGUE",49.725167,-1.939833,6,1951111006,"","","","",6.,1,"","","","","","","","","","","","","","","","","","","","","","","","","","","","","","",9.4,1,6.4,1,"","","","","","","","","","","","","","","","","","","","","","","","","","",84,1,"","","","","","","","","","","","",9.7,1,989.5,1,"","","","","","",1,1,0,1,0,1,4,1,0,1,"","","","","","","","","","","","","","","","","","","","","","","","",30000,1,"","",2,1,0,1,"","","","","","","","","","",4,1,"","","","","","","","","","","","","","","","","","","","","","","","","","","","","","","","","","","","","","","","","","","","","","","","","","","","","",""
"50020001","PTE DE LA HAGUE",49.725167,-1.939833,6,1951111009,"","","","",5.,1,"","","","","","","","","","","","","","","","","","","","","","","","","","","","","","",10.,1,5.8,1,"","","","","","","","","","","","","","","","","","","","","","","","","","",77,1,"","","","","","","","","","","","",9.3,1,990.7,1,"","","","","","",3,1,0,1,0,1,4,1,6,1,"","","","","","","","","","","","","","","","","","","","","","","","",32000,1,"","",3,1,0,1,"","","","","","","","","","",4,1,"","","","","","","","","","","","","","","","","","","","","","","","","","","","","","","","","","","","","","","","","","","","","","","","","","","","","",""
"50020001","PTE DE LA HAGUE",49.725167,-1.939833,6,1951111012,"","","","",1.,1,"","","","","","","","","","","","","","","","","","","","","","","","","","","","","","",12.4,1,7.1,1,"","","","","","","","","","","","","","","","","","","","","","","","","","",70,1,"","","","","","","","","","","","",10.2,1,990.9,1,"","","","","","",7,1,0,1,2,1,7,1,6,1,"","","","","","","","","","","","","","","","","","","","","","","","",45000,1,"","",3,1,1,1,"","","","","","","","","","",3,1,"","","","","","","","","","","","","","","","","","","","","","","","","","","","","","","","","","","","","","","","","","","","","","","","","","","","","",""
"50020001","PTE DE LA HAGUE",49.725167,-1.939833,6,1951111015,"","","","",1.,1,"","","","","","","","","","","","","","","","","","","","","","","","","","","","","","",10.8,1,7.3,1,"","","","","","","","","","","","","","","","","","","","","","","","","","",82,1,"","","","","","","","","","","","",10.4,1,990.4,1,"","","","","","",7,1,5,1,2,1,9,1,"","","","","","","","","","","","","","","","","","","","","","","","","","",30000,1,"","",60,1,6,1,"","","","","","","","","","",3,1,"","","","","","","","","","","","","","","","","","","","","","","","","","","","","","","","","","","","","","","","","","","","","","","","","","","","","",""
"50020001","PTE DE LA HAGUE",49.725167,-1.939833,6,1951111018,"","","","",1.,1,"","","","","","","","","","","","","","","","","","","","","","","","","","","","","","",12.,1,9.4,1,"","","","","","","","","","","","","","","","","","","","","","","","","","",83,1,"","","","","","","","","","","","",12.,1,989.7,1,"","","","","","",8,1,5,1,3,1,2,1,"","","","","","","","","","","","","","","","","","","","","","","","","","",19000,1,"","",61,1,6,1,"","","","","","","","","","",4,1,"","","","","","","","","","","","","","","","","","","","","","","","","","","","","","","","","","","","","","","","","","","","","","","","","","","","","",""
"50020001","PTE DE LA HAGUE",49.725167,-1.939833,6,1951111100,"","","","",6.,1,"","","","","","","","","","","","","","","","","","","","","","","","","","","","","","",10.6,1,8.8,1,"","","","","","","","","","","","","","","","","","","","","","","","","","",87,1,"","","","","","","","","","","","",11.5,1,990.9,1,"","","","","","",6,1,0,1,3,1,9,1,2,1,"","","","","","","","","","","","","","","","","","","","","","","","",28000,1,"","",21,1,6,1,"","","","","","","","","","",4,1,"","","","","","","","","","","","","","","","","","","","","","","","","","","","","","","","","","","","","","","","","","","","","","","","","","","","","",""
"50020001","PTE DE LA HAGUE",49.725167,-1.939833,6,1951111106,"","","","",2.,1,"","","","","","","","","","","","","","","","","","","","","","","","","","","","","","",9.4,1,6.9,1,"","","","","","","","","","","","","","","","","","","","","","","","","","",89,1,"","","","","","","","","","","","",10.1,1,993.4,1,"","","","","","",1,1,0,1,0,1,4,1,0,1,"","","","","","","","","","","","","","","","","","","","","","","","",30000,1,"","",2,1,0,1,"","","","","","","","","","",3,1,"","","","","","","","","","","","","","","","","","","","","","","","","","","","","","","","","","","","","","","","","","","","","","","","","","","","","",""
"50020001","PTE DE LA HAGUE",49.725167,-1.939833,6,1951111109,"","","","",3.,1,"","","","","","","","","","","","","","","","","","","","","","","","","","","","","","",9.8,1,7.7,1,"","","","","","","","","","","","","","","","","","","","","","","","","","",87,1,"","","","","","","","","","","","",10.7,1,994.1,1,"","","","","","",7,1,7,1,5,1,0,1,0,1,"","","","","","","","","","","","","","","","","","","","","","","","",30000,1,"","",2,1,2,1,"","","","","","","","","","",3,1,"","","","","","","","","","","","","","","","","","","","","","","","","","","","","","","","","","","","","","","","","","","","","","","","","","","","","",""
"50020001","PTE DE LA HAGUE",49.725167,-1.939833,6,1951111112,"","","","",4.,1,"","","","","","","","","","","","","","","","","","","","","","","","","","","","","","",11.8,1,8.,1,"","","","","","","","","","","","","","","","","","","","","","","","","","",78,1,"","","","","","","","","","","","",10.9,1,994.7,1,"","","","","","",7,1,7,1,0,1,7,1,0,1,"","","","","","","","","","","","","","","","","","","","","","","","",30000,1,"","",2,1,2,1,"","","","","","","","","","",3,1,"","","","","","","","","","","","","","","","","","","","","","","","","","","","","","","","","","","","","","","","","","","","","","","","","","","","","",""
"50020001","PTE DE LA HAGUE",49.725167,-1.939833,6,1951111115,"","","","",0.,1,"","","","","","","","","","","","","","","","","","","","","","","","","","","","","","",12.4,1,9.4,1,"","","","","","","","","","","","","","","","","","","","","","","","","","",83,1,"","","","","","","","","","","","",12.,1,994.4,1,"","","","","","",8,1,6,1,5,1,9,1,"","","","","","","","","","","","","","","","","","","","","","","","","","",28000,1,"","",2,1,2,1,"","","","","","","","","","",2,1,"","","","","","","","","","","","","","","","","","","","","","","","","","","","","","","","","","","","","","","","","","","","","","","","","","","","","",""
"50020001","PTE DE LA HAGUE",49.725167,-1.939833,6,1951111118,"","","","",2.,1,"","","","","","","","","","","","","","","","","","","","","","","","","","","","","","",10.8,1,8.9,1,"","","","","","","","","","","","","","","","","","","","","","","","","","",90,1,"","","","","","","","","","","","",11.6,1,994.6,1,"","","","","","",7,1,7,1,5,1,0,1,0,1,"","","","","","","","","","","","","","","","","","","","","","","","",25000,1,"","",21,1,6,1,"","","","","","","","","","",2,1,"","","","","","","","","","","","","","","","","","","","","","","","","","","","","","","","","","","","","","","","","","","","","","","","","","","","","",""
"50020001","PTE DE LA HAGUE",49.725167,-1.939833,6,1951111200,"","","","",4.,1,"","","","","","","","","","","","","","","","","","","","","","","","","","","","","","",10.4,1,8.9,1,"","","","","","","","","","","","","","","","","","","","","","","","","","",90,1,"","","","","","","","","","","","",11.6,1,994.2,1,"","","","","","",8,1,8,1,5,1,"","","","","","","","","","","","","","","","","","","","","","","","","","","","",28000,1,"","",2,1,2,1,"","","","","","","","","","",3,1,"","","","","","","","","","","","","","","","","","","","","","","","","","","","","","","","","","","","","","","","","","","","","","","","","","","","","",""
"50020001","PTE DE LA HAGUE",49.725167,-1.939833,6,1951111206,"","","","",2.,1,"","","","","","","","","","","","","","","","","","","","","","","","","","","","","","",11.2,1,10.2,1,"","","","","","","","","","","","","","","","","","","","","","","","","","",93,1,"","","","","","","","","","","","",12.7,1,994.1,1,"","","","","","",7,1,0,1,5,1,9,1,2,1,"","","","","","","","","","","","","","","","","","","","","","","","",28000,1,"","",25,1,6,1,"","","","","","","","","","",3,1,"","","","","","","","","","","","","","","","","","","","","","","","","","","","","","","","","","","","","","","","","","","","","","","","","","","","","",""
"50020001","PTE DE LA HAGUE",49.725167,-1.939833,6,1951111209,"","","","",3.,1,"","","","","","","","","","","","","","","","","","","","","","","","","","","","","","",11.2,1,8.5,1,"","","","","","","","","","","","","","","","","","","","","","","","","","",85,1,"","","","","","","","","","","","",11.3,1,995.1,1,"","","","","","",2,1,0,1,2,1,4,1,0,1,"","","","","","","","","","","","","","","","","","","","","","","","",32000,1,"","",1,1,1,1,"","","","","","","","","","",4,1,"","","","","","","","","","","","","","","","","","","","","","","","","","","","","","","","","","","","","","","","","","","","","","","","","","","","","",""
"50020001","PTE DE LA HAGUE",49.725167,-1.939833,6,1951111212,"","","","",3.,1,"","","","","","","","","","","","","","","","","","","","","","","","","","","","","","",12.4,1,9.,1,"","","","","","","","","","","","","","","","","","","","","","","","","","",79,1,"","","","","","","","","","","","",11.7,1,995.9,1,"","","","","","",4,1,0,1,2,1,0,1,0,1,"","","","","","","","","","","","","","","","","","","","","","","","",32000,1,"","",2,1,1,1,"","","","","","","","","","",3,1,"","","","","","","","","","","","","","","","","","","","","","","","","","","","","","","","","","","","","","","","","","","","","","","","","","","","","",""
"50020001","PTE DE LA HAGUE",49.725167,-1.939833,6,1951111215,"","","","",3.,1,"","","","","","","","","","","","","","","","","","","","","","","","","","","","","","",12.6,1,7.5,1,"","","","","","","","","","","","","","","","","","","","","","","","","","",74,1,"","","","","","","","","","","","",10.5,1,996.2,1,"","","","","","",4,1,0,1,2,1,0,1,4,1,"","","","","","","","","","","","","","","","","","","","","","","","",30000,1,"","",3,1,1,1,"","","","","","","","","","",3,1,"","","","","","","","","","","","","","","","","","","","","","","","","","","","","","","","","","","","","","","","","","","","","","","","","","","","","",""
"50020001","PTE DE LA HAGUE",49.725167,-1.939833,6,1951111218,"","","","",2.,1,"","","","","","","","","","","","","","","","","","","","","","","","","","","","","","",12.,1,8.1,1,"","","","","","","","","","","","","","","","","","","","","","","","","","",81,1,"","","","","","","","","","","","",11.,1,997.,1,"","","","","","",6,1,5,1,3,1,0,1,2,1,"","","","","","","","","","","","","","","","","","","","","","","","",32000,1,"","",15,1,1,1,"","","","","","","","","","",3,1,"","","","","","","","","","","","","","","","","","","","","","","","","","","","","","","","","","","","","","","","","","","","","","","","","","","","","",""
"50020001","PTE DE LA HAGUE",49.725167,-1.939833,6,1951111300,"","","","",1.,1,"","","","","","","","","","","","","","","","","","","","","","","","","","","","","","",11.6,1,8.1,1,"","","","","","","","","","","","","","","","","","","","","","","","","","",81,1,"","","","","","","","","","","","",11.,1,997.9,1,"","","","","","",4,1,0,1,2,1,0,1,0,1,"","","","","","","","","","","","","","","","","","","","","","","","",42000,1,"","",2,1,1,1,"","","","","","","","","","",2,1,"","","","","","","","","","","","","","","","","","","","","","","","","","","","","","","","","","","","","","","","","","","","","","","","","","","","","",""
"50020001","PTE DE LA HAGUE",49.725167,-1.939833,6,1951111306,"","","","",3.,1,"","","","","","","","","","","","","","","","","","","","","","","","","","","","","","",11.8,1,9.6,1,"","","","","","","","","","","","","","","","","","","","","","","","","","",86,1,"","","","","","","","","","","","",12.2,1,998.3,1,"","","","","","",7,1,7,1,3,1,0,1,0,1,"","","","","","","","","","","","","","","","","","","","","","","","",30000,1,"","",2,1,2,1,"","","","","","","","","","",3,1,"","","","","","","","","","","","","","","","","","","","","","","","","","","","","","","","","","","","","","","","","","","","","","","","","","","","","",""
"50020001","PTE DE LA HAGUE",49.725167,-1.939833,6,1951111309,"","","","",1.,1,"","","","","","","","","","","","","","","","","","","","","","","","","","","","","","",12.,1,8.,1,"","","","","","","","","","","","","","","","","","","","","","","","","","",81,1,"","","","","","","","","","","","",10.9,1,999.9,1,"","","","","","",7,1,6,1,2,1,0,1,2,1,"","","","","","","","","","","","","","","","","","","","","","","","",28000,1,"","",2,1,2,1,"","","","","","","","","","",2,1,"","","","","","","","","","","","","","","","","","","","","","","","","","","","","","","","","","","","","","","","","","","","","","","","","","","","","",""
"50020001","PTE DE LA HAGUE",49.725167,-1.939833,6,1951111312,"","","","",2.,1,"","","","","","","","","","","","","","","","","","","","","","","","","","","","","","",12.4,1,9.2,1,"","","","","","","","","","","","","","","","","","","","","","","","","","",81,1,"","","","","","","","","","","","",11.8,1,1001.3,1,"","","","","","",7,1,7,1,2,1,0,1,6,1,"","","","","","","","","","","","","","","","","","","","","","","","",26000,1,"","",2,1,2,1,"","","","","","","","","","",2,1,"","","","","","","","","","","","","","","","","","","","","","","","","","","","","","","","","","","","","","","","","","","","","","","","","","","","","",""
"50020001","PTE DE LA HAGUE",49.725167,-1.939833,6,1951111315,"","","","",3.,1,"","","","","","","","","","","","","","","","","","","","","","","","","","","","","","",12.2,1,7.5,1,"","","","","","","","","","","","","","","","","","","","","","","","","","",74,1,"","","","","","","","","","","","",10.5,1,1002.3,1,"","","","","","",5,1,0,1,2,1,0,1,1,1,"","","","","","","","","","","","","","","","","","","","","","","","",30000,1,"","",2,1,1,1,"","","","","","","","","","",3,1,"","","","","","","","","","","","","","","","","","","","","","","","","","","","","","","","","","","","","","","","","","","","","","","","","","","","","",""
"50020001","PTE DE LA HAGUE",49.725167,-1.939833,6,1951111318,"","","","",3.,1,"","","","","","","","","","","","","","","","","","","","","","","","","","","","","","",12.,1,7.7,1,"","","","","","","","","","","","","","","","","","","","","","","","","","",76,1,"","","","","","","","","","","","",10.7,1,1003.9,1,"","","","","","",7,1,7,1,2,1,0,1,2,1,"","","","","","","","","","","","","","","","","","","","","","","","",25000,1,"","",2,1,2,1,"","","","","","","","","","",3,1,"","","","","","","","","","","","","","","","","","","","","","","","","","","","","","","","","","","","","","","","","","","","","","","","","","","","","",""
"50020001","PTE DE LA HAGUE",49.725167,-1.939833,6,1951111400,"","","","",3.,1,"","","","","","","","","","","","","","","","","","","","","","","","","","","","","","",11.8,1,8.,1,"","","","","","","","","","","","","","","","","","","","","","","","","","",78,1,"","","","","","","","","","","","",10.9,1,1008.1,1,"","","","","","",3,1,0,1,1,1,0,1,2,1,"","","","","","","","","","","","","","","","","","","","","","","","",16000,1,"","",1,1,2,1,"","","","","","","","","","",3,1,"","","","","","","","","","","","","","","","","","","","","","","","","","","","","","","","","","","","","","","","","","","","","","","","","","","","","",""
"50020001","PTE DE LA HAGUE",49.725167,-1.939833,6,1951111406,"","","","",2.,1,"","","","","","","","","","","","","","","","","","","","","","","","","","","","","","",11.6,1,8.1,1,"","","","","","","","","","","","","","","","","","","","","","","","","","",81,1,"","","","","","","","","","","","",11.,1,1010.7,1,"","","","","","",5,1,5,1,2,1,0,1,0,1,"","","","","","","","","","","","","","","","","","","","","","","","",25000,1,"","",2,1,1,1,"","","","","","","","","","",4,1,"","","","","","","","","","","","","","","","","","","","","","","","","","","","","","","","","","","","","","","","","","","","","","","","","","","","","",""
"50020001","PTE DE LA HAGUE",49.725167,-1.939833,6,1951111409,"","","","",3.,1,"","","","","","","","","","","","","","","","","","","","","","","","","","","","","","",11.6,1,8.1,1,"","","","","","","","","","","","","","","","","","","","","","","","","","",81,1,"","","","","","","","","","","","",11.,1,1012.7,1,"","","","","","",4,1,0,1,2,1,0,1,0,1,"","","","","","","","","","","","","","","","","","","","","","","","",30000,1,"","",2,1,1,1,"","","","","","","","","","",3,1,"","","","","","","","","","","","","","","","","","","","","","","","","","","","","","","","","","","","","","","","","","","","","","","","","","","","","",""
"50020001","PTE DE LA HAGUE",49.725167,-1.939833,6,1951111412,"","","","",3.,1,"","","","","","","","","","","","","","","","","","","","","","","","","","","","","","",12.4,1,7.3,1,"","","","","","","","","","","","","","","","","","","","","","","","","","",72,1,"","","","","","","","","","","","",10.4,1,1014.1,1,"","","","","","",8,1,8,1,1,1,0,1,7,1,"","","","","","","","","","","","","","","","","","","","","","","","",30000,1,"","",2,1,1,1,"","","","","","","","","","",3,1,"","","","","","","","","","","","","","","","","","","","","","","","","","","","","","","","","","","","","","","","","","","","","","","","","","","","","",""
"50020001","PTE DE LA HAGUE",49.725167,-1.939833,6,1951111415,"","","","",3.,1,"","","","","","","","","","","","","","","","","","","","","","","","","","","","","","",13.,1,8.7,1,"","","","","","","","","","","","","","","","","","","","","","","","","","",75,1,"","","","","","","","","","","","",11.4,1,1013.8,1,"","","","","","",6,1,5,1,2,1,0,1,2,1,"","","","","","","","","","","","","","","","","","","","","","","","",30000,1,"","",2,1,2,1,"","","","","","","","","","",3,1,"","","","","","","","","","","","","","","","","","","","","","","","","","","","","","","","","","","","","","","","","","","","","","","","","","","","","",""
"50020001","PTE DE LA HAGUE",49.725167,-1.939833,6,1951111418,"","","","",5.,1,"","","","","","","","","","","","","","","","","","","","","","","","","","","","","","",12.2,1,8.,1,"","","","","","","","","","","","","","","","","","","","","","","","","","",78,1,"","","","","","","","","","","","",10.9,1,1013.7,1,"","","","","","",7,1,7,1,2,1,4,1,6,1,"","","","","","","","","","","","","","","","","","","","","","","","",30000,1,"","",2,1,1,1,"","","","","","","","","","",4,1,"","","","","","","","","","","","","","","","","","","","","","","","","","","","","","","","","","","","","","","","","","","","","","","","","","","","","",""
"50020001","PTE DE LA HAGUE",49.725167,-1.939833,6,1951111500,"","","","",7.,1,"","","","","","","","","","","","","","","","","","","","","","","","","","","","","","",11.2,1,8.9,1,"","","","","","","","","","","","","","","","","","","","","","","","","","",90,1,"","","","","","","","","","","","",11.6,1,1011.3,1,"","","","","","",8,1,8,1,6,1,"","","","","","","","","","","","","","","","","","","","","","","","","","","","",8000,1,"","",53,1,6,1,"","","","","","","","","","",4,1,"","","","","","","","","","","","","","","","","","","","","","","","","","","","","","","","","","","","","","","","","","","","","","","","","","","","","",""
"50020001","PTE DE LA HAGUE",49.725167,-1.939833,6,1951111506,"","","","",9.,1,"","","","","","","","","","","","","","","","","","","","","","","","","","","","","","",12.2,1,11.4,1,"","","","","","","","","","","","","","","","","","","","","","","","","","",98,1,"","","","","","","","","","","","",13.8,1,1007.9,1,"","","","","","",8,1,8,1,6,1,"","","","","","","","","","","","","","","","","","","","","","","","","","","","",6000,1,"","",61,1,6,1,"","","","","","","","","","",4,1,"","","","","","","","","","","","","","","","","","","","","","","","","","","","","","","","","","","","","","","","","","","","","","","","","","","","","",""
"50020001","PTE DE LA HAGUE",49.725167,-1.939833,6,1951111509,"","","","",12.,1,"","","","","","","","","","","","","","","","","","","","","","","","","","","","","","",12.8,1,11.3,1,"","","","","","","","","","","","","","","","","","","","","","","","","","",95,1,"","","","","","","","","","","","",13.7,1,1007.4,1,"","","","","","",8,1,8,1,7,1,"","","","","","","","","","","","","","","","","","","","","","","","","","","","",4000,1,"","",63,1,6,1,"","","","","","","","","","",5,1,"","","","","","","","","","","","","","","","","","","","","","","","","","","","","","","","","","","","","","","","","","","","","","","","","","","","","",""
"50020001","PTE DE LA HAGUE",49.725167,-1.939833,6,1951111512,"","","","",10.,1,"","","","","","","","","","","","","","","","","","","","","","","","","","","","","","",14.,1,11.6,1,"","","","","","","","","","","","","","","","","","","","","","","","","","",87,1,"","","","","","","","","","","","",14.,1,1008.2,1,"","","","","","",7,1,7,1,2,1,0,1,2,1,"","","","","","","","","","","","","","","","","","","","","","","","",14000,1,"","",2,1,6,1,"","","","","","","","","","",5,1,"","","","","","","","","","","","","","","","","","","","","","","","","","","","","","","","","","","","","","","","","","","","","","","","","","","","","",""
"50020001","PTE DE LA HAGUE",49.725167,-1.939833,6,1951111515,"","","","",8.,1,"","","","","","","","","","","","","","","","","","","","","","","","","","","","","","",14.,1,10.1,1,"","","","","","","","","","","","","","","","","","","","","","","","","","",80,1,"","","","","","","","","","","","",12.6,1,1009.,1,"","","","","","",5,1,0,1,3,1,0,1,2,1,"","","","","","","","","","","","","","","","","","","","","","","","",14000,1,"","",25,1,8,1,"","","","","","","","","","",5,1,"","","","","","","","","","","","","","","","","","","","","","","","","","","","","","","","","","","","","","","","","","","","","","","","","","","","","",""
"50020001","PTE DE LA HAGUE",49.725167,-1.939833,6,1951111518,"","","","",4.,1,"","","","","","","","","","","","","","","","","","","","","","","","","","","","","","",13.,1,10.8,1,"","","","","","","","","","","","","","","","","","","","","","","","","","",88,1,"","","","","","","","","","","","",13.2,1,1010.3,1,"","","","","","",5,1,0,1,2,1,0,1,2,1,"","","","","","","","","","","","","","","","","","","","","","","","",22000,1,"","",2,1,1,1,"","","","","","","","","","",4,1,"","","","","","","","","","","","","","","","","","","","","","","","","","","","","","","","","","","","","","","","","","","","","","","","","","","","","",""
"50020001","PTE DE LA HAGUE",49.725167,-1.939833,6,1951111600,"","","","",6.,1,"","","","","","","","","","","","","","","","","","","","","","","","","","","","","","",12.4,1,9.6,1,"","","","","","","","","","","","","","","","","","","","","","","","","","",86,1,"","","","","","","","","","","","",12.2,1,1010.6,1,"","","","","","",8,1,8,1,2,1,0,1,7,1,"","","","","","","","","","","","","","","","","","","","","","","","",25000,1,"","",2,1,2,1,"","","","","","","","","","",4,1,"","","","","","","","","","","","","","","","","","","","","","","","","","","","","","","","","","","","","","","","","","","","","","","","","","","","","",""
"50020001","PTE DE LA HAGUE",49.725167,-1.939833,6,1951111606,"","","","",8.,1,"","","","","","","","","","","","","","","","","","","","","","","","","","","","","","",12.2,1,11.2,1,"","","","","","","","","","","","","","","","","","","","","","","","","","",93,1,"","","","","","","","","","","","",13.6,1,1007.9,1,"","","","","","",8,1,5,1,5,1,0,1,7,1,"","","","","","","","","","","","","","","","","","","","","","","","",19000,1,"","",2,1,2,1,"","","","","","","","","","",4,1,"","","","","","","","","","","","","","","","","","","","","","","","","","","","","","","","","","","","","","","","","","","","","","","","","","","","","",""
"50020001","PTE DE LA HAGUE",49.725167,-1.939833,6,1951111609,"","","","",10.,1,"","","","","","","","","","","","","","","","","","","","","","","","","","","","","","",12.6,1,10.8,1,"","","","","","","","","","","","","","","","","","","","","","","","","","",88,1,"","","","","","","","","","","","",13.2,1,1007.5,1,"","","","","","",7,1,0,1,5,1,7,1,2,1,"","","","","","","","","","","","","","","","","","","","","","","","",22000,1,"","",2,1,2,1,"","","","","","","","","","",4,1,"","","","","","","","","","","","","","","","","","","","","","","","","","","","","","","","","","","","","","","","","","","","","","","","","","","","","",""
"50020001","PTE DE LA HAGUE",49.725167,-1.939833,6,1951111612,"","","","",9.,1,"","","","","","","","","","","","","","","","","","","","","","","","","","","","","","",13.,1,10.8,1,"","","","","","","","","","","","","","","","","","","","","","","","","","",88,1,"","","","","","","","","","","","",13.2,1,1006.5,1,"","","","","","",8,1,0,1,0,1,7,1,"","","","","","","","","","","","","","","","","","","","","","","","","","",22000,1,"","",2,1,2,1,"","","","","","","","","","",4,1,"","","","","","","","","","","","","","","","","","","","","","","","","","","","","","","","","","","","","","","","","","","","","","","","","","","","","",""
"50020001","PTE DE LA HAGUE",49.725167,-1.939833,6,1951111615,"","","","",6.,1,"","","","","","","","","","","","","","","","","","","","","","","","","","","","","","",13.2,1,10.8,1,"","","","","","","","","","","","","","","","","","","","","","","","","","",88,1,"","","","","","","","","","","","",13.2,1,1004.9,1,"","","","","","",8,1,8,1,0,1,2,1,"","","","","","","","","","","","","","","","","","","","","","","","","","",19000,1,"","",2,1,2,1,"","","","","","","","","","",4,1,"","","","","","","","","","","","","","","","","","","","","","","","","","","","","","","","","","","","","","","","","","","","","","","","","","","","","",""
"50020001","PTE DE LA HAGUE",49.725167,-1.939833,6,1951111618,"","","","",8.,1,"","","","","","","","","","","","","","","","","","","","","","","","","","","","","","",13.,1,10.8,1,"","","","","","","","","","","","","","","","","","","","","","","","","","",88,1,"","","","","","","","","","","","",13.2,1,1004.3,1,"","","","","","",3,1,0,1,9,1,0,1,3,1,"","","","","","","","","","","","","","","","","","","","","","","","",22000,1,"","",25,1,8,1,"","","","","","","","","","",5,1,"","","","","","","","","","","","","","","","","","","","","","","","","","","","","","","","","","","","","","","","","","","","","","","","","","","","","",""
"50020001","PTE DE LA HAGUE",49.725167,-1.939833,6,1951111700,"","","","",11.,1,"","","","","","","","","","","","","","","","","","","","","","","","","","","","","","",12.6,1,10.8,1,"","","","","","","","","","","","","","","","","","","","","","","","","","",88,1,"","","","","","","","","","","","",13.2,1,1003.,1,"","","","","","",6,1,6,1,2,1,0,1,0,1,"","","","","","","","","","","","","","","","","","","","","","","","",23000,1,"","",2,1,2,1,"","","","","","","","","","",6,1,"","","","","","","","","","","","","","","","","","","","","","","","","","","","","","","","","","","","","","","","","","","","","","","","","","","","","",""
"50020001","PTE DE LA HAGUE",49.725167,-1.939833,6,1951111706,"","","","",11.,1,"","","","","","","","","","","","","","","","","","","","","","","","","","","","","","",12.2,1,9.9,1,"","","","","","","","","","","","","","","","","","","","","","","","","","",88,1,"","","","","","","","","","","","",12.4,1,999.9,1,"","","","","","",7,1,7,1,2,1,0,1,0,1,"","","","","","","","","","","","","","","","","","","","","","","","",26000,1,"","",2,1,2,1,"","","","","","","","","","",5,1,"","","","","","","","","","","","","","","","","","","","","","","","","","","","","","","","","","","","","","","","","","","","","","","","","","","","","",""
"50020001","PTE DE LA HAGUE",49.725167,-1.939833,6,1951111709,"","","","",11.,1,"","","","","","","","","","","","","","","","","","","","","","","","","","","","","","",12.4,1,9.9,1,"","","","","","","","","","","","","","","","","","","","","","","","","","",88,1,"","","","","","","","","","","","",12.4,1,999.5,1,"","","","","","",6,1,0,1,9,1,7,1,2,1,"","","","","","","","","","","","","","","","","","","","","","","","",28000,1,"","",2,1,2,1,"","","","","","","","","","",5,1,"","","","","","","","","","","","","","","","","","","","","","","","","","","","","","","","","","","","","","","","","","","","","","","","","","","","","",""
"50020001","PTE DE LA HAGUE",49.725167,-1.939833,6,1951111712,"","","","",11.,1,"","","","","","","","","","","","","","","","","","","","","","","","","","","","","","",13.,1,10.6,1,"","","","","","","","","","","","","","","","","","","","","","","","","","",86,1,"","","","","","","","","","","","",13.,1,998.1,1,"","","","","","",8,1,8,1,2,1,7,1,7,1,"","","","","","","","","","","","","","","","","","","","","","","","",25000,1,"","",2,1,2,1,"","","","","","","","","","",5,1,"","","","","","","","","","","","","","","","","","","","","","","","","","","","","","","","","","","","","","","","","","","","","","","","","","","","","",""
"50020001","PTE DE LA HAGUE",49.725167,-1.939833,6,1951111715,"","","","",7.,1,"","","","","","","","","","","","","","","","","","","","","","","","","","","","","","",13.2,1,10.6,1,"","","","","","","","","","","","","","","","","","","","","","","","","","",84,1,"","","","","","","","","","","","",13.,1,995.7,1,"","","","","","",2,1,0,1,9,1,0,1,2,1,"","","","","","","","","","","","","","","","","","","","","","","","",22000,1,"","",1,1,2,1,"","","","","","","","","","",4,1,"","","","","","","","","","","","","","","","","","","","","","","","","","","","","","","","","","","","","","","","","","","","","","","","","","","","","",""
"50020001","PTE DE LA HAGUE",49.725167,-1.939833,6,1951111718,"","","","",7.,1,"","","","","","","","","","","","","","","","","","","","","","","","","","","","","","",12.,1,9.6,1,"","","","","","","","","","","","","","","","","","","","","","","","","","",86,1,"","","","","","","","","","","","",12.2,1,995.3,1,"","","","","","",2,1,0,1,2,1,0,1,2,1,"","","","","","","","","","","","","","","","","","","","","","","","",28000,1,"","",2,1,1,1,"","","","","","","","","","",5,1,"","","","","","","","","","","","","","","","","","","","","","","","","","","","","","","","","","","","","","","","","","","","","","","","","","","","","",""
"50020001","PTE DE LA HAGUE",49.725167,-1.939833,6,1951111800,"","","","",10.,1,"","","","","","","","","","","","","","","","","","","","","","","","","","","","","","",12.6,1,9.4,1,"","","","","","","","","","","","","","","","","","","","","","","","","","",83,1,"","","","","","","","","","","","",12.,1,990.7,1,"","","","","","",8,1,8,1,0,1,2,1,"","","","","","","","","","","","","","","","","","","","","","","","","","",22000,1,"","",60,1,6,1,"","","","","","","","","","",5,1,"","","","","","","","","","","","","","","","","","","","","","","","","","","","","","","","","","","","","","","","","","","","","","","","","","","","","",""
"50020001","PTE DE LA HAGUE",49.725167,-1.939833,6,1951111806,"","","","",9.,1,"","","","","","","","","","","","","","","","","","","","","","","","","","","","","","",11.4,1,10.3,1,"","","","","","","","","","","","","","","","","","","","","","","","","","",95,1,"","","","","","","","","","","","",12.8,1,985.3,1,"","","","","","",8,1,8,1,0,1,2,1,"","","","","","","","","","","","","","","","","","","","","","","","","","",18000,1,"","",61,1,6,1,"","","","","","","","","","",5,1,"","","","","","","","","","","","","","","","","","","","","","","","","","","","","","","","","","","","","","","","","","","","","","","","","","","","","",""
"50020001","PTE DE LA HAGUE",49.725167,-1.939833,6,1951111809,"","","","",7.,1,"","","","","","","","","","","","","","","","","","","","","","","","","","","","","","",11.6,1,9.9,1,"","","","","","","","","","","","","","","","","","","","","","","","","","",88,1,"","","","","","","","","","","","",12.4,1,983.9,1,"","","","","","",8,1,6,1,7,1,2,1,"","","","","","","","","","","","","","","","","","","","","","","","","","",19000,1,"","",61,1,6,1,"","","","","","","","","","",5,1,"","","","","","","","","","","","","","","","","","","","","","","","","","","","","","","","","","","","","","","","","","","","","","","","","","","","","",""
"50020001","PTE DE LA HAGUE",49.725167,-1.939833,6,1951111812,"","","","",7.,1,"","","","","","","","","","","","","","","","","","","","","","","","","","","","","","",11.2,1,8.9,1,"","","","","","","","","","","","","","","","","","","","","","","","","","",90,1,"","","","","","","","","","","","",11.6,1,984.2,1,"","","","","","",8,1,6,1,0,1,2,1,"","","","","","","","","","","","","","","","","","","","","","","","","","",23000,1,"","",60,1,6,1,"","","","","","","","","","",4,1,"","","","","","","","","","","","","","","","","","","","","","","","","","","","","","","","","","","","","","","","","","","","","","","","","","","","","",""
"50020001","PTE DE LA HAGUE",49.725167,-1.939833,6,1951111815,"","","","",8.,1,"","","","","","","","","","","","","","","","","","","","","","","","","","","","","","",10.6,1,8.9,1,"","","","","","","","","","","","","","","","","","","","","","","","","","",90,1,"","","","","","","","","","","","",11.6,1,984.1,1,"","","","","","",8,1,8,1,3,1,"","","","","","","","","","","","","","","","","","","","","","","","","","","","",12000,1,"","",81,1,6,1,"","","","","","","","","","",5,1,"","","","","","","","","","","","","","","","","","","","","","","","","","","","","","","","","","","","","","","","","","","","","","","","","","","","","",""
"50020001","PTE DE LA HAGUE",49.725167,-1.939833,6,1951111818,"","","","",6.,1,"","","","","","","","","","","","","","","","","","","","","","","","","","","","","","",10.,1,7.3,1,"","","","","","","","","","","","","","","","","","","","","","","","","","",82,1,"","","","","","","","","","","","",10.4,1,986.2,1,"","","","","","",3,1,0,1,9,1,0,1,3,1,"","","","","","","","","","","","","","","","","","","","","","","","",30000,1,"","",2,1,6,1,"","","","","","","","","","",5,1,"","","","","","","","","","","","","","","","","","","","","","","","","","","","","","","","","","","","","","","","","","","","","","","","","","","","","",""
"50020001","PTE DE LA HAGUE",49.725167,-1.939833,6,1951111900,"","","","",9.,1,"","","","","","","","","","","","","","","","","","","","","","","","","","","","","","",11.4,1,8.5,1,"","","","","","","","","","","","","","","","","","","","","","","","","","",85,1,"","","","","","","","","","","","",11.3,1,987.5,1,"","","","","","",3,1,0,1,2,1,0,1,2,1,"","","","","","","","","","","","","","","","","","","","","","","","",35000,1,"","",2,1,8,1,"","","","","","","","","","",5,1,"","","","","","","","","","","","","","","","","","","","","","","","","","","","","","","","","","","","","","","","","","","","","","","","","","","","","",""
"50020001","PTE DE LA HAGUE",49.725167,-1.939833,6,1951111906,"","","","",8.,1,"","","","","","","","","","","","","","","","","","","","","","","","","","","","","","",11.4,1,8.4,1,"","","","","","","","","","","","","","","","","","","","","","","","","","",83,1,"","","","","","","","","","","","",11.2,1,989.5,1,"","","","","","",7,1,7,1,2,1,0,1,0,1,"","","","","","","","","","","","","","","","","","","","","","","","",28000,1,"","",2,1,2,1,"","","","","","","","","","",4,1,"","","","","","","","","","","","","","","","","","","","","","","","","","","","","","","","","","","","","","","","","","","","","","","","","","","","","",""
"50020001","PTE DE LA HAGUE",49.725167,-1.939833,6,1951111909,"","","","",8.,1,"","","","","","","","","","","","","","","","","","","","","","","","","","","","","","",11.2,1,8.5,1,"","","","","","","","","","","","","","","","","","","","","","","","","","",85,1,"","","","","","","","","","","","",11.3,1,991.9,1,"","","","","","",6,1,0,1,9,1,0,1,2,1,"","","","","","","","","","","","","","","","","","","","","","","","",24000,1,"","",2,1,1,1,"","","","","","","","","","",4,1,"","","","","","","","","","","","","","","","","","","","","","","","","","","","","","","","","","","","","","","","","","","","","","","","","","","","","",""
"50020001","PTE DE LA HAGUE",49.725167,-1.939833,6,1951111912,"","","","",10.,1,"","","","","","","","","","","","","","","","","","","","","","","","","","","","","","",12.8,1,9.,1,"","","","","","","","","","","","","","","","","","","","","","","","","","",79,1,"","","","","","","","","","","","",11.7,1,993.,1,"","","","","","",6,1,5,1,9,1,0,1,2,1,"","","","","","","","","","","","","","","","","","","","","","","","",14000,1,"","",2,1,2,1,"","","","","","","","","","",5,1,"","","","","","","","","","","","","","","","","","","","","","","","","","","","","","","","","","","","","","","","","","","","","","","","","","","","","",""
"50020001","PTE DE LA HAGUE",49.725167,-1.939833,6,1951111915,"","","","",11.,1,"","","","","","","","","","","","","","","","","","","","","","","","","","","","","","",11.4,1,8.8,1,"","","","","","","","","","","","","","","","","","","","","","","","","","",87,1,"","","","","","","","","","","","",11.5,1,993.8,1,"","","","","","",6,1,6,1,9,1,0,1,2,1,"","","","","","","","","","","","","","","","","","","","","","","","",14000,1,"","",27,1,8,1,"","","","","","","","","","",5,1,"","","","","","","","","","","","","","","","","","","","","","","","","","","","","","","","","","","","","","","","","","","","","","","","","","","","","",""
"50020001","PTE DE LA HAGUE",49.725167,-1.939833,6,1951111918,"","","","",7.,1,"","","","","","","","","","","","","","","","","","","","","","","","","","","","","","",11.2,1,8.8,1,"","","","","","","","","","","","","","","","","","","","","","","","","","",87,1,"","","","","","","","","","","","",11.5,1,995.8,1,"","","","","","",4,1,0,1,9,1,0,1,2,1,"","","","","","","","","","","","","","","","","","","","","","","","",16000,1,"","",25,1,8,1,"","","","","","","","","","",4,1,"","","","","","","","","","","","","","","","","","","","","","","","","","","","","","","","","","","","","","","","","","","","","","","","","","","","","",""
"50020001","PTE DE LA HAGUE",49.725167,-1.939833,6,1951112000,"","","","",10.,1,"","","","","","","","","","","","","","","","","","","","","","","","","","","","","","",11.2,1,10.2,1,"","","","","","","","","","","","","","","","","","","","","","","","","","",93,1,"","","","","","","","","","","","",12.7,1,997.,1,"","","","","","",7,1,7,1,9,1,0,1,0,1,"","","","","","","","","","","","","","","","","","","","","","","","",12000,1,"","",81,1,8,1,"","","","","","","","","","",5,1,"","","","","","","","","","","","","","","","","","","","","","","","","","","","","","","","","","","","","","","","","","","","","","","","","","","","","",""
"50020001","PTE DE LA HAGUE",49.725167,-1.939833,6,1951112006,"","","","",6.,1,"","","","","","","","","","","","","","","","","","","","","","","","","","","","","","",11.8,1,10.,1,"","","","","","","","","","","","","","","","","","","","","","","","","","",90,1,"","","","","","","","","","","","",12.5,1,999.4,1,"","","","","","",5,1,0,1,3,1,0,1,2,1,"","","","","","","","","","","","","","","","","","","","","","","","",23000,1,"","",2,1,8,1,"","","","","","","","","","",5,1,"","","","","","","","","","","","","","","","","","","","","","","","","","","","","","","","","","","","","","","","","","","","","","","","","","","","","",""
"50020001","PTE DE LA HAGUE",49.725167,-1.939833,6,1951112009,"","","","",6.,1,"","","","","","","","","","","","","","","","","","","","","","","","","","","","","","",12.,1,9.9,1,"","","","","","","","","","","","","","","","","","","","","","","","","","",88,1,"","","","","","","","","","","","",12.4,1,1001.1,1,"","","","","","",6,1,6,1,3,1,0,1,0,1,"","","","","","","","","","","","","","","","","","","","","","","","",25000,1,"","",16,1,8,1,"","","","","","","","","","",4,1,"","","","","","","","","","","","","","","","","","","","","","","","","","","","","","","","","","","","","","","","","","","","","","","","","","","","","",""
"50020001","PTE DE LA HAGUE",49.725167,-1.939833,6,1951112012,"","","","",6.,1,"","","","","","","","","","","","","","","","","","","","","","","","","","","","","","",12.2,1,9.6,1,"","","","","","","","","","","","","","","","","","","","","","","","","","",86,1,"","","","","","","","","","","","",12.2,1,1001.,1,"","","","","","",7,1,5,1,3,1,9,1,0,1,"","","","","","","","","","","","","","","","","","","","","","","","",25000,1,"","",15,1,8,1,"","","","","","","","","","",4,1,"","","","","","","","","","","","","","","","","","","","","","","","","","","","","","","","","","","","","","","","","","","","","","","","","","","","","",""
"50020001","PTE DE LA HAGUE",49.725167,-1.939833,6,1951112015,"","","","",9.,1,"","","","","","","","","","","","","","","","","","","","","","","","","","","","","","",11.6,1,8.5,1,"","","","","","","","","","","","","","","","","","","","","","","","","","",85,1,"","","","","","","","","","","","",11.3,1,999.4,1,"","","","","","",8,1,0,1,2,1,2,1,"","","","","","","","","","","","","","","","","","","","","","","","","","",21000,1,"","",2,1,2,1,"","","","","","","","","","",5,1,"","","","","","","","","","","","","","","","","","","","","","","","","","","","","","","","","","","","","","","","","","","","","","","","","","","","","",""
"50020001","PTE DE LA HAGUE",49.725167,-1.939833,6,1951112018,"","","","",14.,1,"","","","","","","","","","","","","","","","","","","","","","","","","","","","","","",11.8,1,9.6,1,"","","","","","","","","","","","","","","","","","","","","","","","","","",86,1,"","","","","","","","","","","","",12.2,1,996.5,1,"","","","","","",8,1,6,1,7,1,2,1,"","","","","","","","","","","","","","","","","","","","","","","","","","",10000,1,"","",60,1,2,1,"","","","","","","","","","",5,1,"","","","","","","","","","","","","","","","","","","","","","","","","","","","","","","","","","","","","","","","","","","","","","","","","","","","","",""
"50020001","PTE DE LA HAGUE",49.725167,-1.939833,6,1951112100,"","","","",18.,1,"","","","","","","","","","","","","","","","","","","","","","","","","","","","","","",12.6,1,9.4,1,"","","","","","","","","","","","","","","","","","","","","","","","","","",83,1,"","","","","","","","","","","","",12.,1,992.5,1,"","","","","","",8,1,8,1,3,1,"","","","","","","","","","","","","","","","","","","","","","","","","","","","",7000,1,"","",81,1,6,1,"","","","","","","","","","",6,1,"","","","","","","","","","","","","","","","","","","","","","","","","","","","","","","","","","","","","","","","","","","","","","","","","","","","","",""
"50020001","PTE DE LA HAGUE",49.725167,-1.939833,6,1951112106,"","","","",14.,1,"","","","","","","","","","","","","","","","","","","","","","","","","","","","","","",11.,1,8.4,1,"","","","","","","","","","","","","","","","","","","","","","","","","","",83,1,"","","","","","","","","","","","",11.2,1,991.,1,"","","","","","",7,1,7,1,3,1,0,1,0,1,"","","","","","","","","","","","","","","","","","","","","","","","",16000,1,"","",2,1,2,1,"","","","","","","","","","",6,1,"","","","","","","","","","","","","","","","","","","","","","","","","","","","","","","","","","","","","","","","","","","","","","","","","","","","","",""
"50020001","PTE DE LA HAGUE",49.725167,-1.939833,6,1951112109,"","","","",16.,1,"","","","","","","","","","","","","","","","","","","","","","","","","","","","","","",11.6,1,8.1,1,"","","","","","","","","","","","","","","","","","","","","","","","","","",81,1,"","","","","","","","","","","","",11.,1,991.4,1,"","","","","","",7,1,7,1,9,1,0,1,2,1,"","","","","","","","","","","","","","","","","","","","","","","","",16000,1,"","",2,1,8,1,"","","","","","","","","","",6,1,"","","","","","","","","","","","","","","","","","","","","","","","","","","","","","","","","","","","","","","","","","","","","","","","","","","","","",""
"50020001","PTE DE LA HAGUE",49.725167,-1.939833,6,1951112112,"","","","",16.,1,"","","","","","","","","","","","","","","","","","","","","","","","","","","","","","",10.8,1,8.9,1,"","","","","","","","","","","","","","","","","","","","","","","","","","",90,1,"","","","","","","","","","","","",11.6,1,991.1,1,"","","","","","",7,1,7,1,9,1,0,1,2,1,"","","","","","","","","","","","","","","","","","","","","","","","",14000,1,"","",81,1,8,1,"","","","","","","","","","",6,1,"","","","","","","","","","","","","","","","","","","","","","","","","","","","","","","","","","","","","","","","","","","","","","","","","","","","","",""
"50020001","PTE DE LA HAGUE",49.725167,-1.939833,6,1951112115,"","","","",16.,1,"","","","","","","","","","","","","","","","","","","","","","","","","","","","","","",11.4,1,8.5,1,"","","","","","","","","","","","","","","","","","","","","","","","","","",85,1,"","","","","","","","","","","","",11.3,1,994.4,1,"","","","","","",7,1,7,1,9,1,0,1,2,1,"","","","","","","","","","","","","","","","","","","","","","","","",24000,1,"","",25,1,8,1,"","","","","","","","","","",6,1,"","","","","","","","","","","","","","","","","","","","","","","","","","","","","","","","","","","","","","","","","","","","","","","","","","","","","",""
"50020001","PTE DE LA HAGUE",49.725167,-1.939833,6,1951112118,"","","","",14.,1,"","","","","","","","","","","","","","","","","","","","","","","","","","","","","","",10.6,1,8.8,1,"","","","","","","","","","","","","","","","","","","","","","","","","","",87,1,"","","","","","","","","","","","",11.5,1,1000.3,1,"","","","","","",6,1,6,1,9,1,0,1,0,1,"","","","","","","","","","","","","","","","","","","","","","","","",26000,1,"","",80,1,8,1,"","","","","","","","","","",6,1,"","","","","","","","","","","","","","","","","","","","","","","","","","","","","","","","","","","","","","","","","","","","","","","","","","","","","",""
"50020001","PTE DE LA HAGUE",49.725167,-1.939833,6,1951112200,"","","","",16.,1,"","","","","","","","","","","","","","","","","","","","","","","","","","","","","","",10.8,1,8.9,1,"","","","","","","","","","","","","","","","","","","","","","","","","","",90,1,"","","","","","","","","","","","",11.6,1,1004.1,1,"","","","","","",7,1,7,1,9,1,0,1,0,1,"","","","","","","","","","","","","","","","","","","","","","","","",22000,1,"","",80,1,8,1,"","","","","","","","","","",6,1,"","","","","","","","","","","","","","","","","","","","","","","","","","","","","","","","","","","","","","","","","","","","","","","","","","","","","",""
"50020001","PTE DE LA HAGUE",49.725167,-1.939833,6,1951112206,"","","","",14.,1,"","","","","","","","","","","","","","","","","","","","","","","","","","","","","","",10.6,1,8.8,1,"","","","","","","","","","","","","","","","","","","","","","","","","","",87,1,"","","","","","","","","","","","",11.5,1,1005.,1,"","","","","","",6,1,0,1,2,1,0,1,2,1,"","","","","","","","","","","","","","","","","","","","","","","","",23000,1,"","",2,1,"","","","","","","","","","","","",6,1,"","","","","","","","","","","","","","","","","","","","","","","","","","","","","","","","","","","","","","","","","","","","","","","","","","","","","",""
"50020001","PTE DE LA HAGUE",49.725167,-1.939833,6,1951112209,"","","","",11.,1,"","","","","","","","","","","","","","","","","","","","","","","","","","","","","","",10.6,1,8.8,1,"","","","","","","","","","","","","","","","","","","","","","","","","","",87,1,"","","","","","","","","","","","",11.5,1,1008.2,1,"","","","","","",7,1,6,1,2,1,0,1,1,1,"","","","","","","","","","","","","","","","","","","","","","","","",23000,1,"","",2,1,2,1,"","","","","","","","","","",5,1,"","","","","","","","","","","","","","","","","","","","","","","","","","","","","","","","","","","","","","","","","","","","","","","","","","","","","",""
"50020001","PTE DE LA HAGUE",49.725167,-1.939833,6,1951112212,"","","","",7.,1,"","","","","","","","","","","","","","","","","","","","","","","","","","","","","","",11.,1,8.8,1,"","","","","","","","","","","","","","","","","","","","","","","","","","",87,1,"","","","","","","","","","","","",11.5,1,1008.6,1,"","","","","","",7,1,0,1,2,1,0,1,4,1,"","","","","","","","","","","","","","","","","","","","","","","","",22000,1,"","",3,1,1,1,"","","","","","","","","","",5,1,"","","","","","","","","","","","","","","","","","","","","","","","","","","","","","","","","","","","","","","","","","","","","","","","","","","","","",""
"50020001","PTE DE LA HAGUE",49.725167,-1.939833,6,1951112215,"","","","",3.,1,"","","","","","","","","","","","","","","","","","","","","","","","","","","","","","",11.,1,4.5,1,"","","","","","","","","","","","","","","","","","","","","","","","","","",66,1,"","","","","","","","","","","","",8.5,1,1008.5,1,"","","","","","",8,1,8,1,2,1,1,1,"","","","","","","","","","","","","","","","","","","","","","","","","","",25000,1,"","",2,1,2,1,"","","","","","","","","","",4,1,"","","","","","","","","","","","","","","","","","","","","","","","","","","","","","","","","","","","","","","","","","","","","","","","","","","","","",""
"50020001","PTE DE LA HAGUE",49.725167,-1.939833,6,1951112218,"","","","",4.,1,"","","","","","","","","","","","","","","","","","","","","","","","","","","","","","",11.,1,6.6,1,"","","","","","","","","","","","","","","","","","","","","","","","","","",75,1,"","","","","","","","","","","","",9.9,1,1008.3,1,"","","","","","",8,1,8,1,0,1,2,1,"","","","","","","","","","","","","","","","","","","","","","","","","","",32000,1,"","",2,1,2,1,"","","","","","","","","","",4,1,"","","","","","","","","","","","","","","","","","","","","","","","","","","","","","","","","","","","","","","","","","","","","","","","","","","","","",""
"50020001","PTE DE LA HAGUE",49.725167,-1.939833,6,1951112300,"","","","",6.,1,"","","","","","","","","","","","","","","","","","","","","","","","","","","","","","",9.6,1,8.,1,"","","","","","","","","","","","","","","","","","","","","","","","","","",90,1,"","","","","","","","","","","","",10.9,1,1005.7,1,"","","","","","",8,1,8,1,0,1,2,1,"","","","","","","","","","","","","","","","","","","","","","","","","","",7000,1,"","",61,1,6,1,"","","","","","","","","","",4,1,"","","","","","","","","","","","","","","","","","","","","","","","","","","","","","","","","","","","","","","","","","","","","","","","","","","","","",""
"50020001","PTE DE LA HAGUE",49.725167,-1.939833,6,1951112306,"","","","",6.,1,"","","","","","","","","","","","","","","","","","","","","","","","","","","","","","",12.8,1,12.8,1,"","","","","","","","","","","","","","","","","","","","","","","","","","",100,1,"","","","","","","","","","","","",15.,1,1000.1,1,"","","","","","",8,1,8,1,6,1,"","","","","","","","","","","","","","","","","","","","","","","","","","","","",6000,1,"","",61,1,6,1,"","","","","","","","","","",4,1,"","","","","","","","","","","","","","","","","","","","","","","","","","","","","","","","","","","","","","","","","","","","","","","","","","","","","",""
"50020001","PTE DE LA HAGUE",49.725167,-1.939833,6,1951112309,"","","","",6.,1,"","","","","","","","","","","","","","","","","","","","","","","","","","","","","","",13.,1,13.,1,"","","","","","","","","","","","","","","","","","","","","","","","","","",100,1,"","","","","","","","","","","","",15.,1,1000.9,1,"","","","","","",8,1,8,1,6,1,"","","","","","","","","","","","","","","","","","","","","","","","","","","","",12000,1,"","",50,1,6,1,"","","","","","","","","","",4,1,"","","","","","","","","","","","","","","","","","","","","","","","","","","","","","","","","","","","","","","","","","","","","","","","","","","","","",""
"50020001","PTE DE LA HAGUE",49.725167,-1.939833,6,1951112312,"","","","",6.,1,"","","","","","","","","","","","","","","","","","","","","","","","","","","","","","",13.2,1,12.5,1,"","","","","","","","","","","","","","","","","","","","","","","","","","",98,1,"","","","","","","","","","","","",14.8,1,1002.2,1,"","","","","","",8,1,7,1,5,1,7,1,"","","","","","","","","","","","","","","","","","","","","","","","","","",15000,1,"","",2,1,5,1,"","","","","","","","","","",4,1,"","","","","","","","","","","","","","","","","","","","","","","","","","","","","","","","","","","","","","","","","","","","","","","","","","","","","",""
"50020001","PTE DE LA HAGUE",49.725167,-1.939833,6,1951112315,"","","","",6.,1,"","","","","","","","","","","","","","","","","","","","","","","","","","","","","","",13.2,1,12.4,1,"","","","","","","","","","","","","","","","","","","","","","","","","","",95,1,"","","","","","","","","","","","",14.7,1,1002.6,1,"","","","","","",8,1,7,1,6,1,7,1,"","","","","","","","","","","","","","","","","","","","","","","","","","",10000,1,"","",2,1,2,1,"","","","","","","","","","",4,1,"","","","","","","","","","","","","","","","","","","","","","","","","","","","","","","","","","","","","","","","","","","","","","","","","","","","","",""
"50020001","PTE DE LA HAGUE",49.725167,-1.939833,6,1951112318,"","","","",9.,1,"","","","","","","","","","","","","","","","","","","","","","","","","","","","","","",13.4,1,12.4,1,"","","","","","","","","","","","","","","","","","","","","","","","","","",95,1,"","","","","","","","","","","","",14.7,1,1003.4,1,"","","","","","",8,1,8,1,6,1,"","","","","","","","","","","","","","","","","","","","","","","","","","","","",10000,1,"","",60,1,6,1,"","","","","","","","","","",4,1,"","","","","","","","","","","","","","","","","","","","","","","","","","","","","","","","","","","","","","","","","","","","","","","","","","","","","",""
"50020001","PTE DE LA HAGUE",49.725167,-1.939833,6,1951112400,"","","","",12.,1,"","","","","","","","","","","","","","","","","","","","","","","","","","","","","","",13.2,1,13.2,1,"","","","","","","","","","","","","","","","","","","","","","","","","","",100,1,"","","","","","","","","","","","",15.,1,1004.6,1,"","","","","","",8,1,8,1,6,1,"","","","","","","","","","","","","","","","","","","","","","","","","","","","",4000,1,"","",51,1,5,1,"","","","","","","","","","",5,1,"","","","","","","","","","","","","","","","","","","","","","","","","","","","","","","","","","","","","","","","","","","","","","","","","","","","","",""
"50020001","PTE DE LA HAGUE",49.725167,-1.939833,6,1951112406,"","","","",8.,1,"","","","","","","","","","","","","","","","","","","","","","","","","","","","","","",13.2,1,12.5,1,"","","","","","","","","","","","","","","","","","","","","","","","","","",98,1,"","","","","","","","","","","","",14.8,1,1005.4,1,"","","","","","",8,1,8,1,5,1,"","","","","","","","","","","","","","","","","","","","","","","","","","","","",7000,1,"","",50,1,5,1,"","","","","","","","","","",5,1,"","","","","","","","","","","","","","","","","","","","","","","","","","","","","","","","","","","","","","","","","","","","","","","","","","","","","",""
"50020001","PTE DE LA HAGUE",49.725167,-1.939833,6,1951112409,"","","","",10.,1,"","","","","","","","","","","","","","","","","","","","","","","","","","","","","","",13.6,1,12.2,1,"","","","","","","","","","","","","","","","","","","","","","","","","","",93,1,"","","","","","","","","","","","",14.5,1,1005.5,1,"","","","","","",8,1,7,1,5,1,2,1,"","","","","","","","","","","","","","","","","","","","","","","","","","",10000,1,"","",2,1,5,1,"","","","","","","","","","",5,1,"","","","","","","","","","","","","","","","","","","","","","","","","","","","","","","","","","","","","","","","","","","","","","","","","","","","","",""
"50020001","PTE DE LA HAGUE",49.725167,-1.939833,6,1951112412,"","","","",12.,1,"","","","","","","","","","","","","","","","","","","","","","","","","","","","","","",13.2,1,12.5,1,"","","","","","","","","","","","","","","","","","","","","","","","","","",98,1,"","","","","","","","","","","","",14.8,1,1005.4,1,"","","","","","",7,1,7,1,5,1,0,1,0,1,"","","","","","","","","","","","","","","","","","","","","","","","",12000,1,"","",20,1,5,1,"","","","","","","","","","",5,1,"","","","","","","","","","","","","","","","","","","","","","","","","","","","","","","","","","","","","","","","","","","","","","","","","","","","","",""
"50020001","PTE DE LA HAGUE",49.725167,-1.939833,6,1951112415,"","","","",12.,1,"","","","","","","","","","","","","","","","","","","","","","","","","","","","","","",13.4,1,12.4,1,"","","","","","","","","","","","","","","","","","","","","","","","","","",95,1,"","","","","","","","","","","","",14.7,1,1003.9,1,"","","","","","",8,1,8,1,6,1,"","","","","","","","","","","","","","","","","","","","","","","","","","","","",4000,1,"","",52,1,5,1,"","","","","","","","","","",5,1,"","","","","","","","","","","","","","","","","","","","","","","","","","","","","","","","","","","","","","","","","","","","","","","","","","","","","",""
"50020001","PTE DE LA HAGUE",49.725167,-1.939833,6,1951112418,"","","","",14.,1,"","","","","","","","","","","","","","","","","","","","","","","","","","","","","","",13.8,1,12.,1,"","","","","","","","","","","","","","","","","","","","","","","","","","",91,1,"","","","","","","","","","","","",14.3,1,1002.2,1,"","","","","","",8,1,8,1,5,1,"","","","","","","","","","","","","","","","","","","","","","","","","","","","",16000,1,"","",2,1,5,1,"","","","","","","","","","",6,1,"","","","","","","","","","","","","","","","","","","","","","","","","","","","","","","","","","","","","","","","","","","","","","","","","","","","","",""
"50020001","PTE DE LA HAGUE",49.725167,-1.939833,6,1951112500,"","","","",10.,1,"","","","","","","","","","","","","","","","","","","","","","","","","","","","","","",13.6,1,12.5,1,"","","","","","","","","","","","","","","","","","","","","","","","","","",98,1,"","","","","","","","","","","","",14.8,1,1000.5,1,"","","","","","",8,1,8,1,6,1,2,1,"","","","","","","","","","","","","","","","","","","","","","","","","","",13000,1,"","",21,1,6,1,"","","","","","","","","","",5,1,"","","","","","","","","","","","","","","","","","","","","","","","","","","","","","","","","","","","","","","","","","","","","","","","","","","","","",""
"50020001","PTE DE LA HAGUE",49.725167,-1.939833,6,1951112506,"","","","",11.,1,"","","","","","","","","","","","","","","","","","","","","","","","","","","","","","",11.2,1,10.3,1,"","","","","","","","","","","","","","","","","","","","","","","","","","",95,1,"","","","","","","","","","","","",12.8,1,1003.,1,"","","","","","",8,1,8,1,5,1,"","","","","","","","","","","","","","","","","","","","","","","","","","","","",25000,1,"","",2,1,6,1,"","","","","","","","","","",5,1,"","","","","","","","","","","","","","","","","","","","","","","","","","","","","","","","","","","","","","","","","","","","","","","","","","","","","",""
"50020001","PTE DE LA HAGUE",49.725167,-1.939833,6,1951112509,"","","","",9.,1,"","","","","","","","","","","","","","","","","","","","","","","","","","","","","","",11.4,1,6.4,1,"","","","","","","","","","","","","","","","","","","","","","","","","","",73,1,"","","","","","","","","","","","",9.7,1,1006.1,1,"","","","","","",4,1,0,1,2,1,0,1,0,1,"","","","","","","","","","","","","","","","","","","","","","","","",26000,1,"","",2,1,2,1,"","","","","","","","","","",5,1,"","","","","","","","","","","","","","","","","","","","","","","","","","","","","","","","","","","","","","","","","","","","","","","","","","","","","",""
"50020001","PTE DE LA HAGUE",49.725167,-1.939833,6,1951112512,"","","","",8.,1,"","","","","","","","","","","","","","","","","","","","","","","","","","","","","","",11.,1,7.1,1,"","","","","","","","","","","","","","","","","","","","","","","","","","",80,1,"","","","","","","","","","","","",10.2,1,1008.1,1,"","","","","","",5,1,5,1,2,1,0,1,0,1,"","","","","","","","","","","","","","","","","","","","","","","","",30000,1,"","",2,1,8,1,"","","","","","","","","","",4,1,"","","","","","","","","","","","","","","","","","","","","","","","","","","","","","","","","","","","","","","","","","","","","","","","","","","","","",""
"50020001","PTE DE LA HAGUE",49.725167,-1.939833,6,1951112515,"","","","",7.,1,"","","","","","","","","","","","","","","","","","","","","","","","","","","","","","",10.4,1,6.9,1,"","","","","","","","","","","","","","","","","","","","","","","","","","",78,1,"","","","","","","","","","","","",10.1,1,1012.1,1,"","","","","","",7,1,7,1,2,1,0,1,0,1,"","","","","","","","","","","","","","","","","","","","","","","","",28000,1,"","",2,1,2,1,"","","","","","","","","","",4,1,"","","","","","","","","","","","","","","","","","","","","","","","","","","","","","","","","","","","","","","","","","","","","","","","","","","","","",""
"50020001","PTE DE LA HAGUE",49.725167,-1.939833,6,1951112518,"","","","",6.,1,"","","","","","","","","","","","","","","","","","","","","","","","","","","","","","",9.8,1,6.1,1,"","","","","","","","","","","","","","","","","","","","","","","","","","",79,1,"","","","","","","","","","","","",9.5,1,1015.9,1,"","","","","","",8,1,8,1,3,1,"","","","","","","","","","","","","","","","","","","","","","","","","","","","",25000,1,"","",81,1,8,1,"","","","","","","","","","",4,1,"","","","","","","","","","","","","","","","","","","","","","","","","","","","","","","","","","","","","","","","","","","","","","","","","","","","","",""
"50020001","PTE DE LA HAGUE",49.725167,-1.939833,6,1951112600,"","","","",6.,1,"","","","","","","","","","","","","","","","","","","","","","","","","","","","","","",9.,1,4.5,1,"","","","","","","","","","","","","","","","","","","","","","","","","","",73,1,"","","","","","","","","","","","",8.5,1,1023.9,1,"","","","","","",8,1,8,1,5,1,"","","","","","","","","","","","","","","","","","","","","","","","","","","","",10000,1,"","",2,1,2,1,"","","","","","","","","","",4,1,"","","","","","","","","","","","","","","","","","","","","","","","","","","","","","","","","","","","","","","","","","","","","","","","","","","","","",""
"50020001","PTE DE LA HAGUE",49.725167,-1.939833,6,1951112606,"","","","",4.,1,"","","","","","","","","","","","","","","","","","","","","","","","","","","","","","",7.6,1,1.4,1,"","","","","","","","","","","","","","","","","","","","","","","","","","",66,1,"","","","","","","","","","","","",6.8,1,1029.5,1,"","","","","","",1,1,0,1,1,1,0,1,0,1,"","","","","","","","","","","","","","","","","","","","","","","","",16000,1,"","",2,1,1,1,"","","","","","","","","","",4,1,"","","","","","","","","","","","","","","","","","","","","","","","","","","","","","","","","","","","","","","","","","","","","","","","","","","","","",""
"50020001","PTE DE LA HAGUE",49.725167,-1.939833,6,1951112609,"","","","",2.,1,"","","","","","","","","","","","","","","","","","","","","","","","","","","","","","",7.2,1,1.8,1,"","","","","","","","","","","","","","","","","","","","","","","","","","",69,1,"","","","","","","","","","","","",7.,1,1033.,1,"","","","","","",1,1,0,1,1,1,0,1,0,1,"","","","","","","","","","","","","","","","","","","","","","","","",45000,1,"","",2,1,0,1,"","","","","","","","","","",4,1,"","","","","","","","","","","","","","","","","","","","","","","","","","","","","","","","","","","","","","","","","","","","","","","","","","","","","",""
"50020001","PTE DE LA HAGUE",49.725167,-1.939833,6,1951112612,"","","","",1.,1,"","","","","","","","","","","","","","","","","","","","","","","","","","","","","","",8.2,1,2.4,1,"","","","","","","","","","","","","","","","","","","","","","","","","","",65,1,"","","","","","","","","","","","",7.3,1,1034.5,1,"","","","","","",2,1,0,1,1,1,0,1,0,1,"","","","","","","","","","","","","","","","","","","","","","","","",45000,1,"","",2,1,0,1,"","","","","","","","","","",3,1,"","","","","","","","","","","","","","","","","","","","","","","","","","","","","","","","","","","","","","","","","","","","","","","","","","","","","",""
"50020001","PTE DE LA HAGUE",49.725167,-1.939833,6,1951112615,"","","","",1.,1,"","","","","","","","","","","","","","","","","","","","","","","","","","","","","","",8.6,1,2.8,1,"","","","","","","","","","","","","","","","","","","","","","","","","","",68,1,"","","","","","","","","","","","",7.5,1,1035.,1,"","","","","","",1,1,0,1,1,1,0,1,0,1,"","","","","","","","","","","","","","","","","","","","","","","","",42000,1,"","",2,1,0,1,"","","","","","","","","","",3,1,"","","","","","","","","","","","","","","","","","","","","","","","","","","","","","","","","","","","","","","","","","","","","","","","","","","","","",""
"50020001","PTE DE LA HAGUE",49.725167,-1.939833,6,1951112618,"","","","",1.,1,"","","","","","","","","","","","","","","","","","","","","","","","","","","","","","",8.8,1,2.4,1,"","","","","","","","","","","","","","","","","","","","","","","","","","",65,1,"","","","","","","","","","","","",7.3,1,1036.3,1,"","","","","","",3,1,0,1,1,1,0,1,0,1,"","","","","","","","","","","","","","","","","","","","","","","","",45000,1,"","",2,1,0,1,"","","","","","","","","","",3,1,"","","","","","","","","","","","","","","","","","","","","","","","","","","","","","","","","","","","","","","","","","","","","","","","","","","","","",""
"50020001","PTE DE LA HAGUE",49.725167,-1.939833,6,1951112700,"","","","",2.,1,"","","","","","","","","","","","","","","","","","","","","","","","","","","","","","",8.4,1,2.8,1,"","","","","","","","","","","","","","","","","","","","","","","","","","",68,1,"","","","","","","","","","","","",7.5,1,1037.5,1,"","","","","","",8,1,8,1,5,1,"","","","","","","","","","","","","","","","","","","","","","","","","","","","",32000,1,"","",3,1,1,1,"","","","","","","","","","",2,1,"","","","","","","","","","","","","","","","","","","","","","","","","","","","","","","","","","","","","","","","","","","","","","","","","","","","","",""
"50020001","PTE DE LA HAGUE",49.725167,-1.939833,6,1951112706,"","","","",3.,1,"","","","","","","","","","","","","","","","","","","","","","","","","","","","","","",9.,1,4.7,1,"","","","","","","","","","","","","","","","","","","","","","","","","","",76,1,"","","","","","","","","","","","",8.6,1,1036.7,1,"","","","","","",8,1,8,1,5,1,"","","","","","","","","","","","","","","","","","","","","","","","","","","","",30000,1,"","",2,1,2,1,"","","","","","","","","","",2,1,"","","","","","","","","","","","","","","","","","","","","","","","","","","","","","","","","","","","","","","","","","","","","","","","","","","","","",""
"50020001","PTE DE LA HAGUE",49.725167,-1.939833,6,1951112709,"","","","",4.,1,"","","","","","","","","","","","","","","","","","","","","","","","","","","","","","",9.8,1,5.8,1,"","","","","","","","","","","","","","","","","","","","","","","","","","",77,1,"","","","","","","","","","","","",9.3,1,1037.4,1,"","","","","","",8,1,8,1,5,1,"","","","","","","","","","","","","","","","","","","","","","","","","","","","",35000,1,"","",2,1,2,1,"","","","","","","","","","",3,1,"","","","","","","","","","","","","","","","","","","","","","","","","","","","","","","","","","","","","","","","","","","","","","","","","","","","","",""
"50020001","PTE DE LA HAGUE",49.725167,-1.939833,6,1951112712,"","","","",5.,1,"","","","","","","","","","","","","","","","","","","","","","","","","","","","","","",10.,1,6.1,1,"","","","","","","","","","","","","","","","","","","","","","","","","","",79,1,"","","","","","","","","","","","",9.5,1,1037.4,1,"","","","","","",8,1,8,1,5,1,"","","","","","","","","","","","","","","","","","","","","","","","","","","","",35000,1,"","",2,1,2,1,"","","","","","","","","","",3,1,"","","","","","","","","","","","","","","","","","","","","","","","","","","","","","","","","","","","","","","","","","","","","","","","","","","","","",""
"50020001","PTE DE LA HAGUE",49.725167,-1.939833,6,1951112715,"","","","",5.,1,"","","","","","","","","","","","","","","","","","","","","","","","","","","","","","",9.8,1,5.6,1,"","","","","","","","","","","","","","","","","","","","","","","","","","",74,1,"","","","","","","","","","","","",9.2,1,1035.9,1,"","","","","","",8,1,8,1,5,1,"","","","","","","","","","","","","","","","","","","","","","","","","","","","",32000,1,"","",2,1,2,1,"","","","","","","","","","",3,1,"","","","","","","","","","","","","","","","","","","","","","","","","","","","","","","","","","","","","","","","","","","","","","","","","","","","","",""
"50020001","PTE DE LA HAGUE",49.725167,-1.939833,6,1951112718,"","","","",5.,1,"","","","","","","","","","","","","","","","","","","","","","","","","","","","","","",9.8,1,3.3,1,"","","","","","","","","","","","","","","","","","","","","","","","","","",64,1,"","","","","","","","","","","","",7.8,1,1035.1,1,"","","","","","",8,1,8,1,5,1,"","","","","","","","","","","","","","","","","","","","","","","","","","","","",30000,1,"","",2,1,2,1,"","","","","","","","","","",3,1,"","","","","","","","","","","","","","","","","","","","","","","","","","","","","","","","","","","","","","","","","","","","","","","","","","","","","",""
"50020001","PTE DE LA HAGUE",49.725167,-1.939833,6,1951112800,"","","","",5.,1,"","","","","","","","","","","","","","","","","","","","","","","","","","","","","","",10.,1,5.3,1,"","","","","","","","","","","","","","","","","","","","","","","","","","",72,1,"","","","","","","","","","","","",9.,1,1034.6,1,"","","","","","",8,1,8,1,5,1,"","","","","","","","","","","","","","","","","","","","","","","","","","","","",32000,1,"","",2,1,2,1,"","","","","","","","","","",4,1,"","","","","","","","","","","","","","","","","","","","","","","","","","","","","","","","","","","","","","","","","","","","","","","","","","","","","",""
"50020001","PTE DE LA HAGUE",49.725167,-1.939833,6,1951112806,"","","","",4.,1,"","","","","","","","","","","","","","","","","","","","","","","","","","","","","","",10.8,1,8.9,1,"","","","","","","","","","","","","","","","","","","","","","","","","","",90,1,"","","","","","","","","","","","",11.6,1,1031.9,1,"","","","","","",2,1,0,1,5,1,0,1,0,1,"","","","","","","","","","","","","","","","","","","","","","","","",30000,1,"","",1,1,1,1,"","","","","","","","","","",4,1,"","","","","","","","","","","","","","","","","","","","","","","","","","","","","","","","","","","","","","","","","","","","","","","","","","","","","",""
"50020001","PTE DE LA HAGUE",49.725167,-1.939833,6,1951112809,"","","","",4.,1,"","","","","","","","","","","","","","","","","","","","","","","","","","","","","","",10.8,1,8.9,1,"","","","","","","","","","","","","","","","","","","","","","","","","","",90,1,"","","","","","","","","","","","",11.6,1,1031.8,1,"","","","","","",7,1,6,1,3,1,4,1,0,1,"","","","","","","","","","","","","","","","","","","","","","","","",28000,1,"","",25,1,8,1,"","","","","","","","","","",4,1,"","","","","","","","","","","","","","","","","","","","","","","","","","","","","","","","","","","","","","","","","","","","","","","","","","","","","",""
"50020001","PTE DE LA HAGUE",49.725167,-1.939833,6,1951112812,"","","","",5.,1,"","","","","","","","","","","","","","","","","","","","","","","","","","","","","","",10.8,1,5.1,1,"","","","","","","","","","","","","","","","","","","","","","","","","","",70,1,"","","","","","","","","","","","",8.9,1,1031.3,1,"","","","","","",8,1,5,1,5,1,1,1,"","","","","","","","","","","","","","","","","","","","","","","","","","",25000,1,"","",2,1,8,1,"","","","","","","","","","",4,1,"","","","","","","","","","","","","","","","","","","","","","","","","","","","","","","","","","","","","","","","","","","","","","","","","","","","","",""
"50020001","PTE DE LA HAGUE",49.725167,-1.939833,6,1951112815,"","","","",6.,1,"","","","","","","","","","","","","","","","","","","","","","","","","","","","","","",11.,1,6.2,1,"","","","","","","","","","","","","","","","","","","","","","","","","","",71,1,"","","","","","","","","","","","",9.6,1,1030.3,1,"","","","","","",8,1,7,1,2,1,1,1,"","","","","","","","","","","","","","","","","","","","","","","","","","",21000,1,"","",2,1,2,1,"","","","","","","","","","",4,1,"","","","","","","","","","","","","","","","","","","","","","","","","","","","","","","","","","","","","","","","","","","","","","","","","","","","","",""
"50020001","PTE DE LA HAGUE",49.725167,-1.939833,6,1951112818,"","","","",8.,1,"","","","","","","","","","","","","","","","","","","","","","","","","","","","","","",11.2,1,5.9,1,"","","","","","","","","","","","","","","","","","","","","","","","","","",69,1,"","","","","","","","","","","","",9.4,1,1030.3,1,"","","","","","",7,1,7,1,5,1,0,1,0,1,"","","","","","","","","","","","","","","","","","","","","","","","",18000,1,"","",2,1,2,1,"","","","","","","","","","",5,1,"","","","","","","","","","","","","","","","","","","","","","","","","","","","","","","","","","","","","","","","","","","","","","","","","","","","","",""
"50020001","PTE DE LA HAGUE",49.725167,-1.939833,6,1951112900,"","","","",7.,1,"","","","","","","","","","","","","","","","","","","","","","","","","","","","","","",10.6,1,4.8,1,"","","","","","","","","","","","","","","","","","","","","","","","","","",68,1,"","","","","","","","","","","","",8.7,1,1032.7,1,"","","","","","",6,1,6,1,2,1,0,1,0,1,"","","","","","","","","","","","","","","","","","","","","","","","",32000,1,"","",2,1,2,1,"","","","","","","","","","",5,1,"","","","","","","","","","","","","","","","","","","","","","","","","","","","","","","","","","","","","","","","","","","","","","","","","","","","","",""
"50020001","PTE DE LA HAGUE",49.725167,-1.939833,6,1951112906,"","","","",1.,1,"","","","","","","","","","","","","","","","","","","","","","","","","","","","","","",9.2,1,6.4,1,"","","","","","","","","","","","","","","","","","","","","","","","","","",84,1,"","","","","","","","","","","","",9.7,1,1034.9,1,"","","","","","",3,1,0,1,1,1,0,1,0,1,"","","","","","","","","","","","","","","","","","","","","","","","",32000,1,"","",1,1,2,1,"","","","","","","","","","",4,1,"","","","","","","","","","","","","","","","","","","","","","","","","","","","","","","","","","","","","","","","","","","","","","","","","","","","","",""
"50020001","PTE DE LA HAGUE",49.725167,-1.939833,6,1951112909,"","","","",2.,1,"","","","","","","","","","","","","","","","","","","","","","","","","","","","","","",10.2,1,5.3,1,"","","","","","","","","","","","","","","","","","","","","","","","","","",72,1,"","","","","","","","","","","","",9.,1,1036.2,1,"","","","","","",8,1,6,1,1,1,7,1,7,1,"","","","","","","","","","","","","","","","","","","","","","","","",28000,1,"","",3,1,1,1,"","","","","","","","","","",4,1,"","","","","","","","","","","","","","","","","","","","","","","","","","","","","","","","","","","","","","","","","","","","","","","","","","","","","",""
"50020001","PTE DE LA HAGUE",49.725167,-1.939833,6,1951112912,"","","","",5.,1,"","","","","","","","","","","","","","","","","","","","","","","","","","","","","","",11.4,1,8.4,1,"","","","","","","","","","","","","","","","","","","","","","","","","","",83,1,"","","","","","","","","","","","",11.2,1,1035.,1,"","","","","","",8,1,8,1,2,1,"","","","","","","","","","","","","","","","","","","","","","","","","","","","",25000,1,"","",2,1,1,1,"","","","","","","","","","",4,1,"","","","","","","","","","","","","","","","","","","","","","","","","","","","","","","","","","","","","","","","","","","","","","","","","","","","","",""
"50020001","PTE DE LA HAGUE",49.725167,-1.939833,6,1951112915,"","","","",9.,1,"","","","","","","","","","","","","","","","","","","","","","","","","","","","","","",12.,1,9.4,1,"","","","","","","","","","","","","","","","","","","","","","","","","","",83,1,"","","","","","","","","","","","",12.,1,1033.4,1,"","","","","","",8,1,7,1,2,1,1,1,"","","","","","","","","","","","","","","","","","","","","","","","","","",20000,1,"","",2,1,2,1,"","","","","","","","","","",4,1,"","","","","","","","","","","","","","","","","","","","","","","","","","","","","","","","","","","","","","","","","","","","","","","","","","","","","",""
"50020001","PTE DE LA HAGUE",49.725167,-1.939833,6,1951112918,"","","","",9.,1,"","","","","","","","","","","","","","","","","","","","","","","","","","","","","","",12.6,1,7.3,1,"","","","","","","","","","","","","","","","","","","","","","","","","","",72,1,"","","","","","","","","","","","",10.4,1,1032.2,1,"","","","","","",7,1,7,1,5,1,0,1,0,1,"","","","","","","","","","","","","","","","","","","","","","","","",21000,1,"","",2,1,8,1,"","","","","","","","","","",5,1,"","","","","","","","","","","","","","","","","","","","","","","","","","","","","","","","","","","","","","","","","","","","","","","","","","","","","",""
"50020001","PTE DE LA HAGUE",49.725167,-1.939833,6,1951113000,"","","","",6.,1,"","","","","","","","","","","","","","","","","","","","","","","","","","","","","","",11.8,1,7.7,1,"","","","","","","","","","","","","","","","","","","","","","","","","","",76,1,"","","","","","","","","","","","",10.7,1,1032.7,1,"","","","","","",7,1,7,1,5,1,0,1,0,1,"","","","","","","","","","","","","","","","","","","","","","","","",30000,1,"","",2,1,2,1,"","","","","","","","","","",4,1,"","","","","","","","","","","","","","","","","","","","","","","","","","","","","","","","","","","","","","","","","","","","","","","","","","","","","",""
"50020001","PTE DE LA HAGUE",49.725167,-1.939833,6,1951113006,"","","","",4.,1,"","","","","","","","","","","","","","","","","","","","","","","","","","","","","","",11.4,1,8.,1,"","","","","","","","","","","","","","","","","","","","","","","","","","",78,1,"","","","","","","","","","","","",10.9,1,1031.4,1,"","","","","","",7,1,5,1,5,1,7,1,0,1,"","","","","","","","","","","","","","","","","","","","","","","","",19000,1,"","",2,1,2,1,"","","","","","","","","","",4,1,"","","","","","","","","","","","","","","","","","","","","","","","","","","","","","","","","","","","","","","","","","","","","","","","","","","","","",""
"50020001","PTE DE LA HAGUE",49.725167,-1.939833,6,1951113009,"","","","",4.,1,"","","","","","","","","","","","","","","","","","","","","","","","","","","","","","",11.,1,7.1,1,"","","","","","","","","","","","","","","","","","","","","","","","","","",80,1,"","","","","","","","","","","","",10.2,1,1031.4,1,"","","","","","",7,1,7,1,5,1,0,1,0,1,"","","","","","","","","","","","","","","","","","","","","","","","",28000,1,"","",2,1,2,1,"","","","","","","","","","",4,1,"","","","","","","","","","","","","","","","","","","","","","","","","","","","","","","","","","","","","","","","","","","","","","","","","","","","","",""
"50020001","PTE DE LA HAGUE",49.725167,-1.939833,6,1951113012,"","","","",6.,1,"","","","","","","","","","","","","","","","","","","","","","","","","","","","","","",11.2,1,8.5,1,"","","","","","","","","","","","","","","","","","","","","","","","","","",85,1,"","","","","","","","","","","","",11.3,1,1030.9,1,"","","","","","",8,1,8,1,5,1,"","","","","","","","","","","","","","","","","","","","","","","","","","","","",30000,1,"","",2,1,2,1,"","","","","","","","","","",4,1,"","","","","","","","","","","","","","","","","","","","","","","","","","","","","","","","","","","","","","","","","","","","","","","","","","","","","",""
"50020001","PTE DE LA HAGUE",49.725167,-1.939833,6,1951113015,"","","","",6.,1,"","","","","","","","","","","","","","","","","","","","","","","","","","","","","","",11.,1,8.8,1,"","","","","","","","","","","","","","","","","","","","","","","","","","",87,1,"","","","","","","","","","","","",11.5,1,1029.7,1,"","","","","","",8,1,8,1,5,1,"","","","","","","","","","","","","","","","","","","","","","","","","","","","",10000,1,"","",2,1,2,1,"","","","","","","","","","",4,1,"","","","","","","","","","","","","","","","","","","","","","","","","","","","","","","","","","","","","","","","","","","","","","","","","","","","","",""
"50020001","PTE DE LA HAGUE",49.725167,-1.939833,6,1951113018,"","","","",7.,1,"","","","","","","","","","","","","","","","","","","","","","","","","","","","","","",10.6,1,8.9,1,"","","","","","","","","","","","","","","","","","","","","","","","","","",90,1,"","","","","","","","","","","","",11.6,1,1028.3,1,"","","","","","",8,1,8,1,6,1,"","","","","","","","","","","","","","","","","","","","","","","","","","","","",7000,1,"","",50,1,5,1,"","","","","","","","","","",4,1,"","","","","","","","","","","","","","","","","","","","","","","","","","","","","","","","","","","","","","","","","","","","","","","","","","","","","",""
"50020001","PTE DE LA HAGUE",49.725167,-1.939833,6,1951120100,"","","","",7.,1,"","","","","","","","","","","","","","","","","","","","","","","","","","","","","","",10.2,1,9.2,1,"","","","","","","","","","","","","","","","","","","","","","","","","","",92,1,"","","","","","","","","","","","",11.8,1,1026.7,1,"","","","","","",8,1,8,1,6,1,"","","","","","","","","","","","","","","","","","","","","","","","","","","","",18000,1,"","",20,1,5,1,"","","","","","","","","","",4,1,"","","","","","","","","","","","","","","","","","","","","","","","","","","","","","","","","","","","","","","","","","","","","","","","","","","","","",""
"50020001","PTE DE LA HAGUE",49.725167,-1.939833,6,1951120106,"","","","",4.,1,"","","","","","","","","","","","","","","","","","","","","","","","","","","","","","",10.2,1,9.3,1,"","","","","","","","","","","","","","","","","","","","","","","","","","",95,1,"","","","","","","","","","","","",11.9,1,1023.9,1,"","","","","","",5,1,5,1,3,1,0,1,0,1,"","","","","","","","","","","","","","","","","","","","","","","","",26000,1,"","",25,1,8,1,"","","","","","","","","","",3,1,"","","","","","","","","","","","","","","","","","","","","","","","","","","","","","","","","","","","","","","","","","","","","","","","","","","","","",""
"50020001","PTE DE LA HAGUE",49.725167,-1.939833,6,1951120109,"","","","",3.,1,"","","","","","","","","","","","","","","","","","","","","","","","","","","","","","",11.,1,8.8,1,"","","","","","","","","","","","","","","","","","","","","","","","","","",87,1,"","","","","","","","","","","","",11.5,1,1023.9,1,"","","","","","",7,1,5,1,2,1,5,1,0,1,"","","","","","","","","","","","","","","","","","","","","","","","",30000,1,"","",2,1,2,1,"","","","","","","","","","",3,1,"","","","","","","","","","","","","","","","","","","","","","","","","","","","","","","","","","","","","","","","","","","","","","","","","","","","","",""
"50020001","PTE DE LA HAGUE",49.725167,-1.939833,6,1951120112,"","","","",3.,1,"","","","","","","","","","","","","","","","","","","","","","","","","","","","","","",11.8,1,8.1,1,"","","","","","","","","","","","","","","","","","","","","","","","","","",81,1,"","","","","","","","","","","","",11.,1,1023.5,1,"","","","","","",8,1,8,1,5,1,"","","","","","","","","","","","","","","","","","","","","","","","","","","","",35000,1,"","",2,1,2,1,"","","","","","","","","","",3,1,"","","","","","","","","","","","","","","","","","","","","","","","","","","","","","","","","","","","","","","","","","","","","","","","","","","","","",""
"50020001","PTE DE LA HAGUE",49.725167,-1.939833,6,1951120115,"","","","",4.,1,"","","","","","","","","","","","","","","","","","","","","","","","","","","","","","",10.2,1,9.3,1,"","","","","","","","","","","","","","","","","","","","","","","","","","",95,1,"","","","","","","","","","","","",11.9,1,1022.2,1,"","","","","","",8,1,8,1,5,1,"","","","","","","","","","","","","","","","","","","","","","","","","","","","",12000,1,"","",2,1,8,1,"","","","","","","","","","",3,1,"","","","","","","","","","","","","","","","","","","","","","","","","","","","","","","","","","","","","","","","","","","","","","","","","","","","","",""
"50020001","PTE DE LA HAGUE",49.725167,-1.939833,6,1951120118,"","","","",3.,1,"","","","","","","","","","","","","","","","","","","","","","","","","","","","","","",9.,1,6.4,1,"","","","","","","","","","","","","","","","","","","","","","","","","","",84,1,"","","","","","","","","","","","",9.7,1,1022.2,1,"","","","","","",8,1,8,1,6,1,"","","","","","","","","","","","","","","","","","","","","","","","","","","","",25000,1,"","",2,1,5,1,"","","","","","","","","","",3,1,"","","","","","","","","","","","","","","","","","","","","","","","","","","","","","","","","","","","","","","","","","","","","","","","","","","","","",""
"50020001","PTE DE LA HAGUE",49.725167,-1.939833,6,1951120200,"","","","",2.,1,"","","","","","","","","","","","","","","","","","","","","","","","","","","","","","",9.2,1,3.8,1,"","","","","","","","","","","","","","","","","","","","","","","","","","",69,1,"","","","","","","","","","","","",8.1,1,1021.8,1,"","","","","","",8,1,8,1,5,1,"","","","","","","","","","","","","","","","","","","","","","","","","","","","",28000,1,"","",2,1,2,1,"","","","","","","","","","",3,1,"","","","","","","","","","","","","","","","","","","","","","","","","","","","","","","","","","","","","","","","","","","","","","","","","","","","","",""
"50020001","PTE DE LA HAGUE",49.725167,-1.939833,6,1951120206,"","","","",2.,1,"","","","","","","","","","","","","","","","","","","","","","","","","","","","","","",9.,1,4.5,1,"","","","","","","","","","","","","","","","","","","","","","","","","","",75,1,"","","","","","","","","","","","",8.5,1,1020.3,1,"","","","","","",4,1,0,1,5,1,0,1,2,1,"","","","","","","","","","","","","","","","","","","","","","","","",23000,1,"","",1,1,2,1,"","","","","","","","","","",3,1,"","","","","","","","","","","","","","","","","","","","","","","","","","","","","","","","","","","","","","","","","","","","","","","","","","","","","",""
"50020001","PTE DE LA HAGUE",49.725167,-1.939833,6,1951120209,"","","","",2.,1,"","","","","","","","","","","","","","","","","","","","","","","","","","","","","","",9.8,1,7.5,1,"","","","","","","","","","","","","","","","","","","","","","","","","","",85,1,"","","","","","","","","","","","",10.5,1,1021.3,1,"","","","","","",8,1,6,1,2,1,0,1,7,1,"","","","","","","","","","","","","","","","","","","","","","","","",30000,1,"","",2,1,2,1,"","","","","","","","","","",3,1,"","","","","","","","","","","","","","","","","","","","","","","","","","","","","","","","","","","","","","","","","","","","","","","","","","","","","",""
"50020001","PTE DE LA HAGUE",49.725167,-1.939833,6,1951120212,"","","","",3.,1,"","","","","","","","","","","","","","","","","","","","","","","","","","","","","","",9.6,1,4.2,1,"","","","","","","","","","","","","","","","","","","","","","","","","","",71,1,"","","","","","","","","","","","",8.3,1,1021.5,1,"","","","","","",8,1,5,1,2,1,0,1,2,1,"","","","","","","","","","","","","","","","","","","","","","","","",38000,1,"","",2,1,2,1,"","","","","","","","","","",3,1,"","","","","","","","","","","","","","","","","","","","","","","","","","","","","","","","","","","","","","","","","","","","","","","","","","","","","",""
"50020001","PTE DE LA HAGUE",49.725167,-1.939833,6,1951120215,"","","","",3.,1,"","","","","","","","","","","","","","","","","","","","","","","","","","","","","","",9.4,1,3.7,1,"","","","","","","","","","","","","","","","","","","","","","","","","","",67,1,"","","","","","","","","","","","",8.,1,1021.1,1,"","","","","","",6,1,5,1,2,1,0,1,2,1,"","","","","","","","","","","","","","","","","","","","","","","","",38000,1,"","",2,1,2,1,"","","","","","","","","","",3,1,"","","","","","","","","","","","","","","","","","","","","","","","","","","","","","","","","","","","","","","","","","","","","","","","","","","","","",""
"50020001","PTE DE LA HAGUE",49.725167,-1.939833,6,1951120218,"","","","",4.,1,"","","","","","","","","","","","","","","","","","","","","","","","","","","","","","",8.2,1,5.,1,"","","","","","","","","","","","","","","","","","","","","","","","","","",78,1,"","","","","","","","","","","","",8.8,1,1021.,1,"","","","","","",4,1,0,1,3,1,0,1,0,1,"","","","","","","","","","","","","","","","","","","","","","","","",40000,1,"","",25,1,8,1,"","","","","","","","","","",4,1,"","","","","","","","","","","","","","","","","","","","","","","","","","","","","","","","","","","","","","","","","","","","","","","","","","","","","",""
"50020001","PTE DE LA HAGUE",49.725167,-1.939833,6,1951120300,"","","","",3.,1,"","","","","","","","","","","","","","","","","","","","","","","","","","","","","","",9.,1,4.5,1,"","","","","","","","","","","","","","","","","","","","","","","","","","",73,1,"","","","","","","","","","","","",8.5,1,1023.,1,"","","","","","",4,1,0,1,2,1,0,1,0,1,"","","","","","","","","","","","","","","","","","","","","","","","",32000,1,"","",2,1,1,1,"","","","","","","","","","",4,1,"","","","","","","","","","","","","","","","","","","","","","","","","","","","","","","","","","","","","","","","","","","","","","","","","","","","","",""
"50020001","PTE DE LA HAGUE",49.725167,-1.939833,6,1951120306,"","","","",3.,1,"","","","","","","","","","","","","","","","","","","","","","","","","","","","","","",9.,1,2.2,1,"","","","","","","","","","","","","","","","","","","","","","","","","","",63,1,"","","","","","","","","","","","",7.2,1,1024.3,1,"","","","","","",6,1,6,1,2,1,0,1,0,1,"","","","","","","","","","","","","","","","","","","","","","","","",35000,1,"","",2,1,2,1,"","","","","","","","","","",3,1,"","","","","","","","","","","","","","","","","","","","","","","","","","","","","","","","","","","","","","","","","","","","","","","","","","","","","",""
"50020001","PTE DE LA HAGUE",49.725167,-1.939833,6,1951120309,"","","","",4.,1,"","","","","","","","","","","","","","","","","","","","","","","","","","","","","","",9.2,1,4.5,1,"","","","","","","","","","","","","","","","","","","","","","","","","","",73,1,"","","","","","","","","","","","",8.5,1,1025.1,1,"","","","","","",4,1,0,1,3,1,0,1,1,1,"","","","","","","","","","","","","","","","","","","","","","","","",32000,1,"","",2,1,1,1,"","","","","","","","","","",3,1,"","","","","","","","","","","","","","","","","","","","","","","","","","","","","","","","","","","","","","","","","","","","","","","","","","","","","",""
"50020001","PTE DE LA HAGUE",49.725167,-1.939833,6,1951120312,"","","","",4.,1,"","","","","","","","","","","","","","","","","","","","","","","","","","","","","","",10.,1,5.6,1,"","","","","","","","","","","","","","","","","","","","","","","","","","",74,1,"","","","","","","","","","","","",9.2,1,1025.3,1,"","","","","","",7,1,5,1,2,1,7,1,2,1,"","","","","","","","","","","","","","","","","","","","","","","","",30000,1,"","",2,1,8,1,"","","","","","","","","","",3,1,"","","","","","","","","","","","","","","","","","","","","","","","","","","","","","","","","","","","","","","","","","","","","","","","","","","","","",""
"50020001","PTE DE LA HAGUE",49.725167,-1.939833,6,1951120315,"","","","",6.,1,"","","","","","","","","","","","","","","","","","","","","","","","","","","","","","",10.,1,5.8,1,"","","","","","","","","","","","","","","","","","","","","","","","","","",77,1,"","","","","","","","","","","","",9.3,1,1024.5,1,"","","","","","",8,1,6,1,3,1,2,1,"","","","","","","","","","","","","","","","","","","","","","","","","","",22000,1,"","",61,1,6,1,"","","","","","","","","","",4,1,"","","","","","","","","","","","","","","","","","","","","","","","","","","","","","","","","","","","","","","","","","","","","","","","","","","","","",""
"50020001","PTE DE LA HAGUE",49.725167,-1.939833,6,1951120318,"","","","",6.,1,"","","","","","","","","","","","","","","","","","","","","","","","","","","","","","",10.4,1,7.3,1,"","","","","","","","","","","","","","","","","","","","","","","","","","",82,1,"","","","","","","","","","","","",10.4,1,1024.1,1,"","","","","","",8,1,8,1,2,1,7,1,"","","","","","","","","","","","","","","","","","","","","","","","","","",26000,1,"","",25,1,6,1,"","","","","","","","","","",4,1,"","","","","","","","","","","","","","","","","","","","","","","","","","","","","","","","","","","","","","","","","","","","","","","","","","","","","",""
"50020001","PTE DE LA HAGUE",49.725167,-1.939833,6,1951120400,"","","","",8.,1,"","","","","","","","","","","","","","","","","","","","","","","","","","","","","","",11.8,1,8.,1,"","","","","","","","","","","","","","","","","","","","","","","","","","",78,1,"","","","","","","","","","","","",10.9,1,1024.2,1,"","","","","","",8,1,8,1,2,1,7,1,"","","","","","","","","","","","","","","","","","","","","","","","","","",28000,1,"","",2,1,2,1,"","","","","","","","","","",4,1,"","","","","","","","","","","","","","","","","","","","","","","","","","","","","","","","","","","","","","","","","","","","","","","","","","","","","",""
"50020001","PTE DE LA HAGUE",49.725167,-1.939833,6,1951120406,"","","","",8.,1,"","","","","","","","","","","","","","","","","","","","","","","","","","","","","","",11.8,1,8.,1,"","","","","","","","","","","","","","","","","","","","","","","","","","",78,1,"","","","","","","","","","","","",10.9,1,1024.3,1,"","","","","","",8,1,8,1,5,1,"","","","","","","","","","","","","","","","","","","","","","","","","","","","",24000,1,"","",2,1,2,1,"","","","","","","","","","",4,1,"","","","","","","","","","","","","","","","","","","","","","","","","","","","","","","","","","","","","","","","","","","","","","","","","","","","","",""
"50020001","PTE DE LA HAGUE",49.725167,-1.939833,6,1951120409,"","","","",9.,1,"","","","","","","","","","","","","","","","","","","","","","","","","","","","","","",11.6,1,6.2,1,"","","","","","","","","","","","","","","","","","","","","","","","","","",71,1,"","","","","","","","","","","","",9.6,1,1025.8,1,"","","","","","",8,1,8,1,5,1,"","","","","","","","","","","","","","","","","","","","","","","","","","","","",12000,1,"","",52,1,2,1,"","","","","","","","","","",4,1,"","","","","","","","","","","","","","","","","","","","","","","","","","","","","","","","","","","","","","","","","","","","","","","","","","","","","",""
"50020001","PTE DE LA HAGUE",49.725167,-1.939833,6,1951120412,"","","","",6.,1,"","","","","","","","","","","","","","","","","","","","","","","","","","","","","","",12.,1,7.3,1,"","","","","","","","","","","","","","","","","","","","","","","","","","",72,1,"","","","","","","","","","","","",10.4,1,1026.7,1,"","","","","","",7,1,7,1,5,1,0,1,2,1,"","","","","","","","","","","","","","","","","","","","","","","","",23000,1,"","",2,1,5,1,"","","","","","","","","","",4,1,"","","","","","","","","","","","","","","","","","","","","","","","","","","","","","","","","","","","","","","","","","","","","","","","","","","","","",""
"50020001","PTE DE LA HAGUE",49.725167,-1.939833,6,1951120415,"","","","",7.,1,"","","","","","","","","","","","","","","","","","","","","","","","","","","","","","",12.,1,7.3,1,"","","","","","","","","","","","","","","","","","","","","","","","","","",72,1,"","","","","","","","","","","","",10.4,1,1026.6,1,"","","","","","",8,1,7,1,5,1,0,1,7,1,"","","","","","","","","","","","","","","","","","","","","","","","",21000,1,"","",2,1,2,1,"","","","","","","","","","",4,1,"","","","","","","","","","","","","","","","","","","","","","","","","","","","","","","","","","","","","","","","","","","","","","","","","","","","","",""
"50020001","PTE DE LA HAGUE",49.725167,-1.939833,6,1951120418,"","","","",9.,1,"","","","","","","","","","","","","","","","","","","","","","","","","","","","","","",11.8,1,6.6,1,"","","","","","","","","","","","","","","","","","","","","","","","","","",75,1,"","","","","","","","","","","","",9.9,1,1026.1,1,"","","","","","",8,1,8,1,5,1,"","","","","","","","","","","","","","","","","","","","","","","","","","","","",19000,1,"","",2,1,2,1,"","","","","","","","","","",5,1,"","","","","","","","","","","","","","","","","","","","","","","","","","","","","","","","","","","","","","","","","","","","","","","","","","","","","",""
"50020001","PTE DE LA HAGUE",49.725167,-1.939833,6,1951120500,"","","","",9.,1,"","","","","","","","","","","","","","","","","","","","","","","","","","","","","","",11.6,1,6.2,1,"","","","","","","","","","","","","","","","","","","","","","","","","","",71,1,"","","","","","","","","","","","",9.6,1,1026.2,1,"","","","","","",8,1,8,1,5,1,"","","","","","","","","","","","","","","","","","","","","","","","","","","","",22000,1,"","",2,1,2,1,"","","","","","","","","","",5,1,"","","","","","","","","","","","","","","","","","","","","","","","","","","","","","","","","","","","","","","","","","","","","","","","","","","","","",""
"50020001","PTE DE LA HAGUE",49.725167,-1.939833,6,1951120506,"","","","",9.,1,"","","","","","","","","","","","","","","","","","","","","","","","","","","","","","",11.8,1,7.7,1,"","","","","","","","","","","","","","","","","","","","","","","","","","",76,1,"","","","","","","","","","","","",10.7,1,1024.1,1,"","","","","","",6,1,6,1,5,1,0,1,0,1,"","","","","","","","","","","","","","","","","","","","","","","","",25000,1,"","",2,1,2,1,"","","","","","","","","","",5,1,"","","","","","","","","","","","","","","","","","","","","","","","","","","","","","","","","","","","","","","","","","","","","","","","","","","","","",""
"50020001","PTE DE LA HAGUE",49.725167,-1.939833,6,1951120509,"","","","",8.,1,"","","","","","","","","","","","","","","","","","","","","","","","","","","","","","",11.8,1,8.,1,"","","","","","","","","","","","","","","","","","","","","","","","","","",78,1,"","","","","","","","","","","","",10.9,1,1023.5,1,"","","","","","",8,1,8,1,5,1,"","","","","","","","","","","","","","","","","","","","","","","","","","","","",25000,1,"","",2,1,2,1,"","","","","","","","","","",4,1,"","","","","","","","","","","","","","","","","","","","","","","","","","","","","","","","","","","","","","","","","","","","","","","","","","","","","",""
"50020001","PTE DE LA HAGUE",49.725167,-1.939833,6,1951120512,"","","","",10.,1,"","","","","","","","","","","","","","","","","","","","","","","","","","","","","","",11.8,1,8.,1,"","","","","","","","","","","","","","","","","","","","","","","","","","",78,1,"","","","","","","","","","","","",10.9,1,1022.6,1,"","","","","","",8,1,8,1,5,1,"","","","","","","","","","","","","","","","","","","","","","","","","","","","",22000,1,"","",2,1,2,1,"","","","","","","","","","",5,1,"","","","","","","","","","","","","","","","","","","","","","","","","","","","","","","","","","","","","","","","","","","","","","","","","","","","","",""
"50020001","PTE DE LA HAGUE",49.725167,-1.939833,6,1951120515,"","","","",10.,1,"","","","","","","","","","","","","","","","","","","","","","","","","","","","","","",12.,1,7.5,1,"","","","","","","","","","","","","","","","","","","","","","","","","","",77,1,"","","","","","","","","","","","",10.5,1,1021.3,1,"","","","","","",8,1,8,1,5,1,"","","","","","","","","","","","","","","","","","","","","","","","","","","","",22000,1,"","",2,1,2,1,"","","","","","","","","","",5,1,"","","","","","","","","","","","","","","","","","","","","","","","","","","","","","","","","","","","","","","","","","","","","","","","","","","","","",""
"50020001","PTE DE LA HAGUE",49.725167,-1.939833,6,1951120518,"","","","",10.,1,"","","","","","","","","","","","","","","","","","","","","","","","","","","","","","",11.8,1,7.7,1,"","","","","","","","","","","","","","","","","","","","","","","","","","",76,1,"","","","","","","","","","","","",10.7,1,1019.,1,"","","","","","",8,1,8,1,5,1,"","","","","","","","","","","","","","","","","","","","","","","","","","","","",22000,1,"","",2,1,2,1,"","","","","","","","","","",5,1,"","","","","","","","","","","","","","","","","","","","","","","","","","","","","","","","","","","","","","","","","","","","","","","","","","","","","",""
"50020001","PTE DE LA HAGUE",49.725167,-1.939833,6,1951120600,"","","","",10.,1,"","","","","","","","","","","","","","","","","","","","","","","","","","","","","","",11.4,1,6.6,1,"","","","","","","","","","","","","","","","","","","","","","","","","","",75,1,"","","","","","","","","","","","",9.9,1,1015.9,1,"","","","","","",8,1,8,1,5,1,"","","","","","","","","","","","","","","","","","","","","","","","","","","","",24000,1,"","",2,1,2,1,"","","","","","","","","","",5,1,"","","","","","","","","","","","","","","","","","","","","","","","","","","","","","","","","","","","","","","","","","","","","","","","","","","","","",""
"50020001","PTE DE LA HAGUE",49.725167,-1.939833,6,1951120606,"","","","",4.,1,"","","","","","","","","","","","","","","","","","","","","","","","","","","","","","",10.4,1,9.3,1,"","","","","","","","","","","","","","","","","","","","","","","","","","",95,1,"","","","","","","","","","","","",11.9,1,1011.3,1,"","","","","","",8,1,8,1,6,1,"","","","","","","","","","","","","","","","","","","","","","","","","","","","",7000,1,"","",53,1,2,1,"","","","","","","","","","",4,1,"","","","","","","","","","","","","","","","","","","","","","","","","","","","","","","","","","","","","","","","","","","","","","","","","","","","","",""
"50020001","PTE DE LA HAGUE",49.725167,-1.939833,6,1951120609,"","","","",4.,1,"","","","","","","","","","","","","","","","","","","","","","","","","","","","","","",8.2,1,5.5,1,"","","","","","","","","","","","","","","","","","","","","","","","","","",83,1,"","","","","","","","","","","","",9.1,1,1011.3,1,"","","","","","",8,1,5,1,5,1,2,1,"","","","","","","","","","","","","","","","","","","","","","","","","","",22000,1,"","",60,1,6,1,"","","","","","","","","","",4,1,"","","","","","","","","","","","","","","","","","","","","","","","","","","","","","","","","","","","","","","","","","","","","","","","","","","","","",""
"50020001","PTE DE LA HAGUE",49.725167,-1.939833,6,1951120612,"","","","",3.,1,"","","","","","","","","","","","","","","","","","","","","","","","","","","","","","",8.6,1,5.,1,"","","","","","","","","","","","","","","","","","","","","","","","","","",78,1,"","","","","","","","","","","","",8.8,1,1011.5,1,"","","","","","",7,1,6,1,3,1,0,1,2,1,"","","","","","","","","","","","","","","","","","","","","","","","",19000,1,"","",80,1,6,1,"","","","","","","","","","",4,1,"","","","","","","","","","","","","","","","","","","","","","","","","","","","","","","","","","","","","","","","","","","","","","","","","","","","","",""
"50020001","PTE DE LA HAGUE",49.725167,-1.939833,6,1951120615,"","","","",3.,1,"","","","","","","","","","","","","","","","","","","","","","","","","","","","","","",8.6,1,3.,1,"","","","","","","","","","","","","","","","","","","","","","","","","","",70,1,"","","","","","","","","","","","",7.6,1,1011.3,1,"","","","","","",4,1,0,1,2,1,0,1,2,1,"","","","","","","","","","","","","","","","","","","","","","","","",28000,1,"","",2,1,8,1,"","","","","","","","","","",4,1,"","","","","","","","","","","","","","","","","","","","","","","","","","","","","","","","","","","","","","","","","","","","","","","","","","","","","",""
"50020001","PTE DE LA HAGUE",49.725167,-1.939833,6,1951120618,"","","","",3.,1,"","","","","","","","","","","","","","","","","","","","","","","","","","","","","","",8.2,1,3.8,1,"","","","","","","","","","","","","","","","","","","","","","","","","","",77,1,"","","","","","","","","","","","",8.1,1,1011.5,1,"","","","","","",7,1,6,1,2,1,0,1,2,1,"","","","","","","","","","","","","","","","","","","","","","","","",32000,1,"","",2,1,2,1,"","","","","","","","","","",4,1,"","","","","","","","","","","","","","","","","","","","","","","","","","","","","","","","","","","","","","","","","","","","","","","","","","","","","",""
"50020001","PTE DE LA HAGUE",49.725167,-1.939833,6,1951120700,"","","","",8.,1,"","","","","","","","","","","","","","","","","","","","","","","","","","","","","","",8.2,1,5.,1,"","","","","","","","","","","","","","","","","","","","","","","","","","",78,1,"","","","","","","","","","","","",8.8,1,1009.1,1,"","","","","","",8,1,8,1,7,1,"","","","","","","","","","","","","","","","","","","","","","","","","","","","",6000,1,"","",63,1,8,1,"","","","","","","","","","",5,1,"","","","","","","","","","","","","","","","","","","","","","","","","","","","","","","","","","","","","","","","","","","","","","","","","","","","","",""
"50020001","PTE DE LA HAGUE",49.725167,-1.939833,6,1951120706,"","","","",8.,1,"","","","","","","","","","","","","","","","","","","","","","","","","","","","","","",8.8,1,4.7,1,"","","","","","","","","","","","","","","","","","","","","","","","","","",76,1,"","","","","","","","","","","","",8.6,1,1011.1,1,"","","","","","",8,1,8,1,5,1,"","","","","","","","","","","","","","","","","","","","","","","","","","","","",28000,1,"","",2,1,6,1,"","","","","","","","","","",4,1,"","","","","","","","","","","","","","","","","","","","","","","","","","","","","","","","","","","","","","","","","","","","","","","","","","","","","",""
"50020001","PTE DE LA HAGUE",49.725167,-1.939833,6,1951120709,"","","","",5.,1,"","","","","","","","","","","","","","","","","","","","","","","","","","","","","","",7.4,1,3.5,1,"","","","","","","","","","","","","","","","","","","","","","","","","","",75,1,"","","","","","","","","","","","",7.9,1,1015.,1,"","","","","","",8,1,8,1,5,1,"","","","","","","","","","","","","","","","","","","","","","","","","","","","",30000,1,"","",2,1,2,1,"","","","","","","","","","",4,1,"","","","","","","","","","","","","","","","","","","","","","","","","","","","","","","","","","","","","","","","","","","","","","","","","","","","","",""
"50020001","PTE DE LA HAGUE",49.725167,-1.939833,6,1951120712,"","","","",4.,1,"","","","","","","","","","","","","","","","","","","","","","","","","","","","","","",8.,1,3.3,1,"","","","","","","","","","","","","","","","","","","","","","","","","","",72,1,"","","","","","","","","","","","",7.8,1,1017.5,1,"","","","","","",6,1,6,1,2,1,0,1,0,1,"","","","","","","","","","","","","","","","","","","","","","","","",35000,1,"","",2,1,2,1,"","","","","","","","","","",3,1,"","","","","","","","","","","","","","","","","","","","","","","","","","","","","","","","","","","","","","","","","","","","","","","","","","","","","",""
"50020001","PTE DE LA HAGUE",49.725167,-1.939833,6,1951120715,"","","","",3.,1,"","","","","","","","","","","","","","","","","","","","","","","","","","","","","","",8.4,1,3.,1,"","","","","","","","","","","","","","","","","","","","","","","","","","",70,1,"","","","","","","","","","","","",7.6,1,1017.7,1,"","","","","","",4,1,0,1,2,1,0,1,2,1,"","","","","","","","","","","","","","","","","","","","","","","","",26000,1,"","",2,1,1,1,"","","","","","","","","","",3,1,"","","","","","","","","","","","","","","","","","","","","","","","","","","","","","","","","","","","","","","","","","","","","","","","","","","","","",""
"50020001","PTE DE LA HAGUE",49.725167,-1.939833,6,1951120718,"","","","",4.,1,"","","","","","","","","","","","","","","","","","","","","","","","","","","","","","",8.8,1,2.8,1,"","","","","","","","","","","","","","","","","","","","","","","","","","",68,1,"","","","","","","","","","","","",7.5,1,1018.9,1,"","","","","","",3,1,0,1,2,1,0,1,0,1,"","","","","","","","","","","","","","","","","","","","","","","","",28000,1,"","",2,1,1,1,"","","","","","","","","","",3,1,"","","","","","","","","","","","","","","","","","","","","","","","","","","","","","","","","","","","","","","","","","","","","","","","","","","","","",""
"50020001","PTE DE LA HAGUE",49.725167,-1.939833,6,1951120800,"","","","",8.,1,"","","","","","","","","","","","","","","","","","","","","","","","","","","","","","",10.8,1,6.6,1,"","","","","","","","","","","","","","","","","","","","","","","","","","",75,1,"","","","","","","","","","","","",9.9,1,1017.5,1,"","","","","","",8,1,8,1,2,1,0,1,7,1,"","","","","","","","","","","","","","","","","","","","","","","","",28000,1,"","",2,1,2,1,"","","","","","","","","","",4,1,"","","","","","","","","","","","","","","","","","","","","","","","","","","","","","","","","","","","","","","","","","","","","","","","","","","","","",""
"50020001","PTE DE LA HAGUE",49.725167,-1.939833,6,1951120806,"","","","",10.,1,"","","","","","","","","","","","","","","","","","","","","","","","","","","","","","",10.4,1,7.7,1,"","","","","","","","","","","","","","","","","","","","","","","","","","",87,1,"","","","","","","","","","","","",10.7,1,1012.7,1,"","","","","","",8,1,8,1,2,1,2,1,"","","","","","","","","","","","","","","","","","","","","","","","","","",19000,1,"","",21,1,2,1,"","","","","","","","","","",5,1,"","","","","","","","","","","","","","","","","","","","","","","","","","","","","","","","","","","","","","","","","","","","","","","","","","","","","",""
"50020001","PTE DE LA HAGUE",49.725167,-1.939833,6,1951120809,"","","","",13.,1,"","","","","","","","","","","","","","","","","","","","","","","","","","","","","","",10.8,1,8.5,1,"","","","","","","","","","","","","","","","","","","","","","","","","","",85,1,"","","","","","","","","","","","",11.3,1,1010.3,1,"","","","","","",8,1,0,1,5,1,1,1,"","","","","","","","","","","","","","","","","","","","","","","","","","",17000,1,"","",2,1,2,1,"","","","","","","","","","",4,1,"","","","","","","","","","","","","","","","","","","","","","","","","","","","","","","","","","","","","","","","","","","","","","","","","","","","","",""
"50020001","PTE DE LA HAGUE",49.725167,-1.939833,6,1951120812,"","","","",13.,1,"","","","","","","","","","","","","","","","","","","","","","","","","","","","","","",11.,1,8.8,1,"","","","","","","","","","","","","","","","","","","","","","","","","","",87,1,"","","","","","","","","","","","",11.5,1,1007.,1,"","","","","","",8,1,6,1,5,1,2,1,"","","","","","","","","","","","","","","","","","","","","","","","","","",12000,1,"","",20,1,5,1,"","","","","","","","","","",5,1,"","","","","","","","","","","","","","","","","","","","","","","","","","","","","","","","","","","","","","","","","","","","","","","","","","","","","",""
"50020001","PTE DE LA HAGUE",49.725167,-1.939833,6,1951120815,"","","","",16.,1,"","","","","","","","","","","","","","","","","","","","","","","","","","","","","","",11.2,1,8.8,1,"","","","","","","","","","","","","","","","","","","","","","","","","","",87,1,"","","","","","","","","","","","",11.5,1,1002.9,1,"","","","","","",8,1,7,1,7,1,2,1,"","","","","","","","","","","","","","","","","","","","","","","","","","",5000,1,"","",62,1,5,1,"","","","","","","","","","",6,1,"","","","","","","","","","","","","","","","","","","","","","","","","","","","","","","","","","","","","","","","","","","","","","","","","","","","","",""
"50020001","PTE DE LA HAGUE",49.725167,-1.939833,6,1951120818,"","","","",17.,1,"","","","","","","","","","","","","","","","","","","","","","","","","","","","","","",11.2,1,10.3,1,"","","","","","","","","","","","","","","","","","","","","","","","","","",95,1,"","","","","","","","","","","","",12.8,1,999.5,1,"","","","","","",8,1,8,1,7,1,"","","","","","","","","","","","","","","","","","","","","","","","","","","","",5000,1,"","",53,1,6,1,"","","","","","","","","","",6,1,"","","","","","","","","","","","","","","","","","","","","","","","","","","","","","","","","","","","","","","","","","","","","","","","","","","","","",""
"50020001","PTE DE LA HAGUE",49.725167,-1.939833,6,1951120900,"","","","",10.,1,"","","","","","","","","","","","","","","","","","","","","","","","","","","","","","",10.2,1,8.,1,"","","","","","","","","","","","","","","","","","","","","","","","","","",90,1,"","","","","","","","","","","","",10.9,1,1000.6,1,"","","","","","",7,1,7,1,5,1,0,1,0,1,"","","","","","","","","","","","","","","","","","","","","","","","",19000,1,"","",2,1,6,1,"","","","","","","","","","",5,1,"","","","","","","","","","","","","","","","","","","","","","","","","","","","","","","","","","","","","","","","","","","","","","","","","","","","","",""
"50020001","PTE DE LA HAGUE",49.725167,-1.939833,6,1951120906,"","","","",12.,1,"","","","","","","","","","","","","","","","","","","","","","","","","","","","","","",10.,1,3.1,1,"","","","","","","","","","","","","","","","","","","","","","","","","","",62,1,"","","","","","","","","","","","",7.7,1,1001.9,1,"","","","","","",4,1,0,1,2,1,0,1,0,1,"","","","","","","","","","","","","","","","","","","","","","","","",22000,1,"","",2,1,1,1,"","","","","","","","","","",5,1,"","","","","","","","","","","","","","","","","","","","","","","","","","","","","","","","","","","","","","","","","","","","","","","","","","","","","",""
"50020001","PTE DE LA HAGUE",49.725167,-1.939833,6,1951120909,"","","","",16.,1,"","","","","","","","","","","","","","","","","","","","","","","","","","","","","","",8.6,1,5.,1,"","","","","","","","","","","","","","","","","","","","","","","","","","",78,1,"","","","","","","","","","","","",8.8,1,1004.1,1,"","","","","","",7,1,7,1,3,1,0,1,2,1,"","","","","","","","","","","","","","","","","","","","","","","","",22000,1,"","",80,1,8,1,"","","","","","","","","","",6,1,"","","","","","","","","","","","","","","","","","","","","","","","","","","","","","","","","","","","","","","","","","","","","","","","","","","","","",""
"50020001","PTE DE LA HAGUE",49.725167,-1.939833,6,1951120912,"","","","",16.,1,"","","","","","","","","","","","","","","","","","","","","","","","","","","","","","",10.,1,3.1,1,"","","","","","","","","","","","","","","","","","","","","","","","","","",62,1,"","","","","","","","","","","","",7.7,1,1004.5,1,"","","","","","",5,1,0,1,3,1,0,1,2,1,"","","","","","","","","","","","","","","","","","","","","","","","",24000,1,"","",2,1,8,1,"","","","","","","","","","",6,1,"","","","","","","","","","","","","","","","","","","","","","","","","","","","","","","","","","","","","","","","","","","","","","","","","","","","","",""
"50020001","PTE DE LA HAGUE",49.725167,-1.939833,6,1951120915,"","","","",16.,1,"","","","","","","","","","","","","","","","","","","","","","","","","","","","","","",10.,1,3.1,1,"","","","","","","","","","","","","","","","","","","","","","","","","","",62,1,"","","","","","","","","","","","",7.7,1,1004.6,1,"","","","","","",7,1,7,1,3,1,0,1,2,1,"","","","","","","","","","","","","","","","","","","","","","","","",18000,1,"","",15,1,8,1,"","","","","","","","","","",6,1,"","","","","","","","","","","","","","","","","","","","","","","","","","","","","","","","","","","","","","","","","","","","","","","","","","","","","",""
"50020001","PTE DE LA HAGUE",49.725167,-1.939833,6,1951120918,"","","","",18.,1,"","","","","","","","","","","","","","","","","","","","","","","","","","","","","","",9.8,1,3.1,1,"","","","","","","","","","","","","","","","","","","","","","","","","","",62,1,"","","","","","","","","","","","",7.7,1,1006.7,1,"","","","","","",4,1,0,1,2,1,0,1,0,1,"","","","","","","","","","","","","","","","","","","","","","","","",16000,1,"","",2,1,8,1,"","","","","","","","","","",6,1,"","","","","","","","","","","","","","","","","","","","","","","","","","","","","","","","","","","","","","","","","","","","","","","","","","","","","",""
"50020001","PTE DE LA HAGUE",49.725167,-1.939833,6,1951121000,"","","","",15.,1,"","","","","","","","","","","","","","","","","","","","","","","","","","","","","","",9.,1,1.8,1,"","","","","","","","","","","","","","","","","","","","","","","","","","",60,1,"","","","","","","","","","","","",7.,1,1011.4,1,"","","","","","",6,1,6,1,2,1,0,1,0,1,"","","","","","","","","","","","","","","","","","","","","","","","",22000,1,"","",2,1,1,1,"","","","","","","","","","",6,1,"","","","","","","","","","","","","","","","","","","","","","","","","","","","","","","","","","","","","","","","","","","","","","","","","","","","","",""
"50020001","PTE DE LA HAGUE",49.725167,-1.939833,6,1951121006,"","","","",16.,1,"","","","","","","","","","","","","","","","","","","","","","","","","","","","","","",8.4,1,2.2,1,"","","","","","","","","","","","","","","","","","","","","","","","","","",63,1,"","","","","","","","","","","","",7.2,1,1016.1,1,"","","","","","",7,1,7,1,2,1,0,1,0,1,"","","","","","","","","","","","","","","","","","","","","","","","",22000,1,"","",2,1,2,1,"","","","","","","","","","",6,1,"","","","","","","","","","","","","","","","","","","","","","","","","","","","","","","","","","","","","","","","","","","","","","","","","","","","","",""
"50020001","PTE DE LA HAGUE",49.725167,-1.939833,6,1951121009,"","","","",6.,1,"","","","","","","","","","","","","","","","","","","","","","","","","","","","","","",7.4,1,0.8,1,"","","","","","","","","","","","","","","","","","","","","","","","","","",61,1,"","","","","","","","","","","","",6.5,1,1019.,1,"","","","","","",7,1,6,1,2,1,0,1,6,1,"","","","","","","","","","","","","","","","","","","","","","","","",25000,1,"","",2,1,2,1,"","","","","","","","","","",5,1,"","","","","","","","","","","","","","","","","","","","","","","","","","","","","","","","","","","","","","","","","","","","","","","","","","","","","",""
"50020001","PTE DE LA HAGUE",49.725167,-1.939833,6,1951121012,"","","","",7.,1,"","","","","","","","","","","","","","","","","","","","","","","","","","","","","","",7.8,1,0.8,1,"","","","","","","","","","","","","","","","","","","","","","","","","","",61,1,"","","","","","","","","","","","",6.5,1,1020.9,1,"","","","","","",7,1,7,1,5,1,0,1,0,1,"","","","","","","","","","","","","","","","","","","","","","","","",25000,1,"","",2,1,2,1,"","","","","","","","","","",4,1,"","","","","","","","","","","","","","","","","","","","","","","","","","","","","","","","","","","","","","","","","","","","","","","","","","","","","",""
"50020001","PTE DE LA HAGUE",49.725167,-1.939833,6,1951121015,"","","","",6.,1,"","","","","","","","","","","","","","","","","","","","","","","","","","","","","","",7.6,1,0.6,1,"","","","","","","","","","","","","","","","","","","","","","","","","","",59,1,"","","","","","","","","","","","",6.4,1,1021.8,1,"","","","","","",7,1,7,1,5,1,0,1,0,1,"","","","","","","","","","","","","","","","","","","","","","","","",25000,1,"","",2,1,2,1,"","","","","","","","","","",4,1,"","","","","","","","","","","","","","","","","","","","","","","","","","","","","","","","","","","","","","","","","","","","","","","","","","","","","",""
"50020001","PTE DE LA HAGUE",49.725167,-1.939833,6,1951121018,"","","","",4.,1,"","","","","","","","","","","","","","","","","","","","","","","","","","","","","","",7.6,1,0.6,1,"","","","","","","","","","","","","","","","","","","","","","","","","","",59,1,"","","","","","","","","","","","",6.4,1,1023.,1,"","","","","","",7,1,7,1,5,1,0,1,0,1,"","","","","","","","","","","","","","","","","","","","","","","","",25000,1,"","",2,1,2,1,"","","","","","","","","","",4,1,"","","","","","","","","","","","","","","","","","","","","","","","","","","","","","","","","","","","","","","","","","","","","","","","","","","","","",""
"50020001","PTE DE LA HAGUE",49.725167,-1.939833,6,1951121100,"","","","",3.,1,"","","","","","","","","","","","","","","","","","","","","","","","","","","","","","",6.8,1,-0.7,1,"","","","","","","","","","","","","","","","","","","","","","","","","","",57,1,"","","","","","","","","","","","",5.8,1,1025.8,1,"","","","","","",7,1,7,1,5,1,0,1,0,1,"","","","","","","","","","","","","","","","","","","","","","","","",30000,1,"","",2,1,1,1,"","","","","","","","","","",3,1,"","","","","","","","","","","","","","","","","","","","","","","","","","","","","","","","","","","","","","","","","","","","","","","","","","","","","",""
"50020001","PTE DE LA HAGUE",49.725167,-1.939833,6,1951121106,"","","","",2.,1,"","","","","","","","","","","","","","","","","","","","","","","","","","","","","","",4.,1,-1.6,1,"","","","","","","","","","","","","","","","","","","","","","","","","","",67,1,"","","","","","","","","","","","",5.4,1,1027.4,1,"","","","","","",3,1,0,1,5,1,0,1,2,1,"","","","","","","","","","","","","","","","","","","","","","","","",25000,1,"","",2,1,1,1,"","","","","","","","","","",3,1,"","","","","","","","","","","","","","","","","","","","","","","","","","","","","","","","","","","","","","","","","","","","","","","","","","","","","",""
"50020001","PTE DE LA HAGUE",49.725167,-1.939833,6,1951121109,"","","","",4.,1,"","","","","","","","","","","","","","","","","","","","","","","","","","","","","","",3.8,1,-1.2,1,"","","","","","","","","","","","","","","","","","","","","","","","","","",70,1,"","","","","","","","","","","","",5.6,1,1028.7,1,"","","","","","",6,1,6,1,0,1,0,1,2,1,"","","","","","","","","","","","","","","","","","","","","","","","",14000,1,"","",2,1,1,1,"","","","","","","","","","",3,1,"","","","","","","","","","","","","","","","","","","","","","","","","","","","","","","","","","","","","","","","","","","","","","","","","","","","","",""
"50020001","PTE DE LA HAGUE",49.725167,-1.939833,6,1951121112,"","","","",4.,1,"","","","","","","","","","","","","","","","","","","","","","","","","","","","","","",5.2,1,-0.7,1,"","","","","","","","","","","","","","","","","","","","","","","","","","",66,1,"","","","","","","","","","","","",5.8,1,1029.4,1,"","","","","","",5,1,5,1,0,1,0,1,2,1,"","","","","","","","","","","","","","","","","","","","","","","","",12000,1,"","",2,1,2,1,"","","","","","","","","","",3,1,"","","","","","","","","","","","","","","","","","","","","","","","","","","","","","","","","","","","","","","","","","","","","","","","","","","","","",""
"50020001","PTE DE LA HAGUE",49.725167,-1.939833,6,1951121115,"","","","",2.,1,"","","","","","","","","","","","","","","","","","","","","","","","","","","","","","",5.4,1,-0.9,1,"","","","","","","","","","","","","","","","","","","","","","","","","","",63,1,"","","","","","","","","","","","",5.7,1,1029.4,1,"","","","","","",1,1,0,1,0,1,0,1,1,1,"","","","","","","","","","","","","","","","","","","","","","","","",12000,1,"","",1,1,2,1,"","","","","","","","","","",2,1,"","","","","","","","","","","","","","","","","","","","","","","","","","","","","","","","","","","","","","","","","","","","","","","","","","","","","",""
"50020001","PTE DE LA HAGUE",49.725167,-1.939833,6,1951121118,"","","","",2.,1,"","","","","","","","","","","","","","","","","","","","","","","","","","","","","","",2.,1,-1.2,1,"","","","","","","","","","","","","","","","","","","","","","","","","","",79,1,"","","","","","","","","","","","",5.6,1,1029.9,1,"","","","","","",1,1,0,1,0,1,0,1,2,1,"","","","","","","","","","","","","","","","","","","","","","","","",12000,1,"","",2,1,0,1,"","","","","","","","","","",2,1,"","","","","","","","","","","","","","","","","","","","","","","","","","","","","","","","","","","","","","","","","","","","","","","","","","","","","",""
"50020001","PTE DE LA HAGUE",49.725167,-1.939833,6,1951121200,"","","","",6.,1,"","","","","","","","","","","","","","","","","","","","","","","","","","","","","","",3.,1,-2.9,1,"","","","","","","","","","","","","","","","","","","","","","","","","","",66,1,"","","","","","","","","","","","",4.9,1,1030.3,1,"","","","","","",8,1,8,1,0,1,0,1,7,1,"","","","","","","","","","","","","","","","","","","","","","","","",22000,1,"","",2,1,2,1,"","","","","","","","","","",3,1,"","","","","","","","","","","","","","","","","","","","","","","","","","","","","","","","","","","","","","","","","","","","","","","","","","","","","",""
"50020001","PTE DE LA HAGUE",49.725167,-1.939833,6,1951121206,"","","","",3.,1,"","","","","","","","","","","","","","","","","","","","","","","","","","","","","","",2.8,1,-4.9,1,"","","","","","","","","","","","","","","","","","","","","","","","","","",58,1,"","","","","","","","","","","","",4.2,1,1029.1,1,"","","","","","",7,1,7,1,0,1,5,1,0,1,"","","","","","","","","","","","","","","","","","","","","","","","",25000,1,"","",2,1,2,1,"","","","","","","","","","",3,1,"","","","","","","","","","","","","","","","","","","","","","","","","","","","","","","","","","","","","","","","","","","","","","","","","","","","","",""
"50020001","PTE DE LA HAGUE",49.725167,-1.939833,6,1951121209,"","","","",2.,1,"","","","","","","","","","","","","","","","","","","","","","","","","","","","","","",2.2,1,-4.,1,"","","","","","","","","","","","","","","","","","","","","","","","","","",64,1,"","","","","","","","","","","","",4.5,1,1029.1,1,"","","","","","",7,1,7,1,0,1,4,1,4,1,"","","","","","","","","","","","","","","","","","","","","","","","",22000,1,"","",2,1,2,1,"","","","","","","","","","",2,1,"","","","","","","","","","","","","","","","","","","","","","","","","","","","","","","","","","","","","","","","","","","","","","","","","","","","","",""
"50020001","PTE DE LA HAGUE",49.725167,-1.939833,6,1951121212,"","","","",2.,1,"","","","","","","","","","","","","","","","","","","","","","","","","","","","","","",4.,1,-1.4,1,"","","","","","","","","","","","","","","","","","","","","","","","","","",67,1,"","","","","","","","","","","","",5.5,1,1027.7,1,"","","","","","",8,1,8,1,0,1,0,1,8,1,"","","","","","","","","","","","","","","","","","","","","","","","",14000,1,"","",2,1,2,1,"","","","","","","","","","",2,1,"","","","","","","","","","","","","","","","","","","","","","","","","","","","","","","","","","","","","","","","","","","","","","","","","","","","","",""
"50020001","PTE DE LA HAGUE",49.725167,-1.939833,6,1951121215,"","","","",2.,1,"","","","","","","","","","","","","","","","","","","","","","","","","","","","","","",4.,1,-1.4,1,"","","","","","","","","","","","","","","","","","","","","","","","","","",67,1,"","","","","","","","","","","","",5.5,1,1025.7,1,"","","","","","",6,1,5,1,0,1,5,1,4,1,"","","","","","","","","","","","","","","","","","","","","","","","",12000,1,"","",1,1,2,1,"","","","","","","","","","",2,1,"","","","","","","","","","","","","","","","","","","","","","","","","","","","","","","","","","","","","","","","","","","","","","","","","","","","","",""
"50020001","PTE DE LA HAGUE",49.725167,-1.939833,6,1951121218,"","","","",2.,1,"","","","","","","","","","","","","","","","","","","","","","","","","","","","","","",0.2,1,-3.2,1,"","","","","","","","","","","","","","","","","","","","","","","","","","",80,1,"","","","","","","","","","","","",4.8,1,1025.,1,"","","","","","",2,1,0,1,0,1,0,1,2,1,"","","","","","","","","","","","","","","","","","","","","","","","",12000,1,"","",2,1,0,1,"","","","","","","","","","",2,1,"","","","","","","","","","","","","","","","","","","","","","","","","","","","","","","","","","","","","","","","","","","","","","","","","","","","","",""
"50020001","PTE DE LA HAGUE",49.725167,-1.939833,6,1951121300,"","","","",0.,1,"","","","","","","","","","","","","","","","","","","","","","","","","","","","","","",1.,1,-2.4,1,"","","","","","","","","","","","","","","","","","","","","","","","","","",78,1,"","","","","","","","","","","","",5.1,1,1023.9,1,"","","","","","",8,1,8,1,0,1,0,1,7,1,"","","","","","","","","","","","","","","","","","","","","","","","",12000,1,"","",2,1,2,1,"","","","","","","","","","",2,1,"","","","","","","","","","","","","","","","","","","","","","","","","","","","","","","","","","","","","","","","","","","","","","","","","","","","","",""
"50020001","PTE DE LA HAGUE",49.725167,-1.939833,6,1951121306,"","","","",1.,1,"","","","","","","","","","","","","","","","","","","","","","","","","","","","","","",3.8,1,1.2,1,"","","","","","","","","","","","","","","","","","","","","","","","","","",83,1,"","","","","","","","","","","","",6.7,1,1022.5,1,"","","","","","",8,1,8,1,0,1,4,1,6,1,"","","","","","","","","","","","","","","","","","","","","","","","",14000,1,"","",2,1,2,1,"","","","","","","","","","",2,1,"","","","","","","","","","","","","","","","","","","","","","","","","","","","","","","","","","","","","","","","","","","","","","","","","","","","","",""
"50020001","PTE DE LA HAGUE",49.725167,-1.939833,6,1951121309,"","","","",4.,1,"","","","","","","","","","","","","","","","","","","","","","","","","","","","","","",5.,1,2.6,1,"","","","","","","","","","","","","","","","","","","","","","","","","","",84,1,"","","","","","","","","","","","",7.4,1,1021.9,1,"","","","","","",6,1,6,1,0,1,0,1,2,1,"","","","","","","","","","","","","","","","","","","","","","","","",12000,1,"","",2,1,2,1,"","","","","","","","","","",3,1,"","","","","","","","","","","","","","","","","","","","","","","","","","","","","","","","","","","","","","","","","","","","","","","","","","","","","",""
"50020001","PTE DE LA HAGUE",49.725167,-1.939833,6,1951121312,"","","","",1.,1,"","","","","","","","","","","","","","","","","","","","","","","","","","","","","","",8.8,1,4.7,1,"","","","","","","","","","","","","","","","","","","","","","","","","","",76,1,"","","","","","","","","","","","",8.6,1,1021.9,1,"","","","","","",6,1,6,1,0,1,0,1,2,1,"","","","","","","","","","","","","","","","","","","","","","","","",12000,1,"","",2,1,2,1,"","","","","","","","","","",2,1,"","","","","","","","","","","","","","","","","","","","","","","","","","","","","","","","","","","","","","","","","","","","","","","","","","","","","",""
"50020001","PTE DE LA HAGUE",49.725167,-1.939833,6,1951121315,"","","","",3.,1,"","","","","","","","","","","","","","","","","","","","","","","","","","","","","","",9.2,1,4.5,1,"","","","","","","","","","","","","","","","","","","","","","","","","","",73,1,"","","","","","","","","","","","",8.5,1,1021.3,1,"","","","","","",5,1,5,1,0,1,0,1,2,1,"","","","","","","","","","","","","","","","","","","","","","","","",12000,1,"","",2,1,2,1,"","","","","","","","","","",2,1,"","","","","","","","","","","","","","","","","","","","","","","","","","","","","","","","","","","","","","","","","","","","","","","","","","","","","",""
"50020001","PTE DE LA HAGUE",49.725167,-1.939833,6,1951121318,"","","","",0.,1,"","","","","","","","","","","","","","","","","","","","","","","","","","","","","","",7.2,1,4.3,1,"","","","","","","","","","","","","","","","","","","","","","","","","","",83,1,"","","","","","","","","","","","",8.4,1,1021.9,1,"","","","","","",1,1,0,1,0,1,0,1,2,1,"","","","","","","","","","","","","","","","","","","","","","","","",16000,1,"","",2,1,0,1,"","","","","","","","","","",2,1,"","","","","","","","","","","","","","","","","","","","","","","","","","","","","","","","","","","","","","","","","","","","","","","","","","","","","",""
"50020001","PTE DE LA HAGUE",49.725167,-1.939833,6,1951121400,"","","","",3.,1,"","","","","","","","","","","","","","","","","","","","","","","","","","","","","","",7.8,1,5.6,1,"","","","","","","","","","","","","","","","","","","","","","","","","","",86,1,"","","","","","","","","","","","",9.2,1,1022.3,1,"","","","","","",7,1,7,1,0,1,0,1,2,1,"","","","","","","","","","","","","","","","","","","","","","","","",12000,1,"","",2,1,2,1,"","","","","","","","","","",3,1,"","","","","","","","","","","","","","","","","","","","","","","","","","","","","","","","","","","","","","","","","","","","","","","","","","","","","",""
"50020001","PTE DE LA HAGUE",49.725167,-1.939833,6,1951121406,"","","","",4.,1,"","","","","","","","","","","","","","","","","","","","","","","","","","","","","","",8.,1,5.6,1,"","","","","","","","","","","","","","","","","","","","","","","","","","",86,1,"","","","","","","","","","","","",9.2,1,1022.5,1,"","","","","","",2,1,0,1,0,1,4,1,0,1,"","","","","","","","","","","","","","","","","","","","","","","","",12000,1,"","",2,1,0,1,"","","","","","","","","","",3,1,"","","","","","","","","","","","","","","","","","","","","","","","","","","","","","","","","","","","","","","","","","","","","","","","","","","","","",""
"50020001","PTE DE LA HAGUE",49.725167,-1.939833,6,1951121409,"","","","",6.,1,"","","","","","","","","","","","","","","","","","","","","","","","","","","","","","",9.,1,5.,1,"","","","","","","","","","","","","","","","","","","","","","","","","","",78,1,"","","","","","","","","","","","",8.8,1,1023.4,1,"","","","","","",3,1,0,1,0,1,4,1,0,1,"","","","","","","","","","","","","","","","","","","","","","","","",14000,1,"","",2,1,0,1,"","","","","","","","","","",4,1,"","","","","","","","","","","","","","","","","","","","","","","","","","","","","","","","","","","","","","","","","","","","","","","","","","","","","",""
"50020001","PTE DE LA HAGUE",49.725167,-1.939833,6,1951121412,"","","","",4.,1,"","","","","","","","","","","","","","","","","","","","","","","","","","","","","","",11.,1,6.9,1,"","","","","","","","","","","","","","","","","","","","","","","","","","",78,1,"","","","","","","","","","","","",10.1,1,1023.5,1,"","","","","","",7,1,7,1,0,1,0,1,2,1,"","","","","","","","","","","","","","","","","","","","","","","","",14000,1,"","",2,1,1,1,"","","","","","","","","","",3,1,"","","","","","","","","","","","","","","","","","","","","","","","","","","","","","","","","","","","","","","","","","","","","","","","","","","","","",""
"50020001","PTE DE LA HAGUE",49.725167,-1.939833,6,1951121415,"","","","",4.,1,"","","","","","","","","","","","","","","","","","","","","","","","","","","","","","",10.2,1,7.5,1,"","","","","","","","","","","","","","","","","","","","","","","","","","",85,1,"","","","","","","","","","","","",10.5,1,1023.3,1,"","","","","","",6,1,6,1,0,1,5,1,0,1,"","","","","","","","","","","","","","","","","","","","","","","","",12000,1,"","",2,1,2,1,"","","","","","","","","","",3,1,"","","","","","","","","","","","","","","","","","","","","","","","","","","","","","","","","","","","","","","","","","","","","","","","","","","","","",""
"50020001","PTE DE LA HAGUE",49.725167,-1.939833,6,1951121418,"","","","",3.,1,"","","","","","","","","","","","","","","","","","","","","","","","","","","","","","",9.,1,6.8,1,"","","","","","","","","","","","","","","","","","","","","","","","","","",86,1,"","","","","","","","","","","","",10.,1,1023.3,1,"","","","","","",2,1,0,1,0,1,4,1,0,1,"","","","","","","","","","","","","","","","","","","","","","","","",12000,1,"","",1,1,2,1,"","","","","","","","","","",3,1,"","","","","","","","","","","","","","","","","","","","","","","","","","","","","","","","","","","","","","","","","","","","","","","","","","","","","",""
"50020001","PTE DE LA HAGUE",49.725167,-1.939833,6,1951121500,"","","","",5.,1,"","","","","","","","","","","","","","","","","","","","","","","","","","","","","","",9.8,1,8.,1,"","","","","","","","","","","","","","","","","","","","","","","","","","",90,1,"","","","","","","","","","","","",10.9,1,1023.7,1,"","","","","","",7,1,7,1,0,1,0,1,2,1,"","","","","","","","","","","","","","","","","","","","","","","","",12000,1,"","",2,1,2,1,"","","","","","","","","","",3,1,"","","","","","","","","","","","","","","","","","","","","","","","","","","","","","","","","","","","","","","","","","","","","","","","","","","","","",""
"50020001","PTE DE LA HAGUE",49.725167,-1.939833,6,1951121506,"","","","",5.,1,"","","","","","","","","","","","","","","","","","","","","","","","","","","","","","",10.2,1,9.2,1,"","","","","","","","","","","","","","","","","","","","","","","","","","",96,1,"","","","","","","","","","","","",11.8,1,1023.7,1,"","","","","","",8,1,8,1,5,1,"","","","","","","","","","","","","","","","","","","","","","","","","","","","",16000,1,"","",2,1,2,1,"","","","","","","","","","",3,1,"","","","","","","","","","","","","","","","","","","","","","","","","","","","","","","","","","","","","","","","","","","","","","","","","","","","","",""
"50020001","PTE DE LA HAGUE",49.725167,-1.939833,6,1951121509,"","","","",4.,1,"","","","","","","","","","","","","","","","","","","","","","","","","","","","","","",10.4,1,9.2,1,"","","","","","","","","","","","","","","","","","","","","","","","","","",96,1,"","","","","","","","","","","","",11.8,1,1023.7,1,"","","","","","",8,1,8,1,6,1,"","","","","","","","","","","","","","","","","","","","","","","","","","","","",14000,1,"","",2,1,2,1,"","","","","","","","","","",3,1,"","","","","","","","","","","","","","","","","","","","","","","","","","","","","","","","","","","","","","","","","","","","","","","","","","","","","",""
"50020001","PTE DE LA HAGUE",49.725167,-1.939833,6,1951121512,"","","","",6.,1,"","","","","","","","","","","","","","","","","","","","","","","","","","","","","","",10.6,1,9.2,1,"","","","","","","","","","","","","","","","","","","","","","","","","","",92,1,"","","","","","","","","","","","",11.8,1,1023.7,1,"","","","","","",7,1,7,1,6,1,0,1,2,1,"","","","","","","","","","","","","","","","","","","","","","","","",1500,1,"","",40,1,2,1,"","","","","","","","","","",3,1,"","","","","","","","","","","","","","","","","","","","","","","","","","","","","","","","","","","","","","","","","","","","","","","","","","","","","",""
"50020001","PTE DE LA HAGUE",49.725167,-1.939833,6,1951121515,"","","","",5.,1,"","","","","","","","","","","","","","","","","","","","","","","","","","","","","","",11.,1,9.2,1,"","","","","","","","","","","","","","","","","","","","","","","","","","",92,1,"","","","","","","","","","","","",11.8,1,1023.,1,"","","","","","",8,1,8,1,6,1,0,1,7,1,"","","","","","","","","","","","","","","","","","","","","","","","",12000,1,"","",2,1,2,1,"","","","","","","","","","",3,1,"","","","","","","","","","","","","","","","","","","","","","","","","","","","","","","","","","","","","","","","","","","","","","","","","","","","","",""
"50020001","PTE DE LA HAGUE",49.725167,-1.939833,6,1951121518,"","","","",4.,1,"","","","","","","","","","","","","","","","","","","","","","","","","","","","","","",11.,1,10.6,1,"","","","","","","","","","","","","","","","","","","","","","","","","","",98,1,"","","","","","","","","","","","",13.,1,1023.,1,"","","","","","",8,1,8,1,6,1,"","","","","","","","","","","","","","","","","","","","","","","","","","","","",12000,1,"","",2,1,2,1,"","","","","","","","","","",3,1,"","","","","","","","","","","","","","","","","","","","","","","","","","","","","","","","","","","","","","","","","","","","","","","","","","","","","",""
"50020001","PTE DE LA HAGUE",49.725167,-1.939833,6,1951121600,"","","","",4.,1,"","","","","","","","","","","","","","","","","","","","","","","","","","","","","","",9.8,1,9.5,1,"","","","","","","","","","","","","","","","","","","","","","","","","","",97,1,"","","","","","","","","","","","",12.1,1,1023.,1,"","","","","","",2,1,0,1,0,1,0,1,2,1,"","","","","","","","","","","","","","","","","","","","","","","","",12000,1,"","",2,1,4,1,"","","","","","","","","","",3,1,"","","","","","","","","","","","","","","","","","","","","","","","","","","","","","","","","","","","","","","","","","","","","","","","","","","","","",""
"50020001","PTE DE LA HAGUE",49.725167,-1.939833,6,1951121606,"","","","",4.,1,"","","","","","","","","","","","","","","","","","","","","","","","","","","","","","",9.,1,9.,1,"","","","","","","","","","","","","","","","","","","","","","","","","","",100,1,"","","","","","","","","","","","",11.5,1,1020.5,1,"","","","","","",7,1,6,1,6,1,0,1,2,1,"","","","","","","","","","","","","","","","","","","","","","","","",9000,1,"","",2,1,5,1,"","","","","","","","","","",4,1,"","","","","","","","","","","","","","","","","","","","","","","","","","","","","","","","","","","","","","","","","","","","","","","","","","","","","",""
"50020001","PTE DE LA HAGUE",49.725167,-1.939833,6,1951121609,"","","","",4.,1,"","","","","","","","","","","","","","","","","","","","","","","","","","","","","","",8.6,1,7.6,1,"","","","","","","","","","","","","","","","","","","","","","","","","","",97,1,"","","","","","","","","","","","",10.4,1,1022.2,1,"","","","","","",8,1,0,1,6,1,0,1,6,1,"","","","","","","","","","","","","","","","","","","","","","","","",4000,1,"","",10,1,2,1,"","","","","","","","","","",3,1,"","","","","","","","","","","","","","","","","","","","","","","","","","","","","","","","","","","","","","","","","","","","","","","","","","","","","",""
"50020001","PTE DE LA HAGUE",49.725167,-1.939833,6,1951121612,"","","","",3.,1,"","","","","","","","","","","","","","","","","","","","","","","","","","","","","","",9.,1,9.,1,"","","","","","","","","","","","","","","","","","","","","","","","","","",100,1,"","","","","","","","","","","","",11.5,1,1022.1,1,"","","","","","",9,1,"","","","","","","","","","","","","","","","","","","","","","","","","","","","","","","","",900,1,"","",47,1,2,1,"","","","","","","","","","",3,1,"","","","","","","","","","","","","","","","","","","","","","","","","","","","","","","","","","","","","","","","","","","","","","","","","","","","","",""
"50020001","PTE DE LA HAGUE",49.725167,-1.939833,6,1951121615,"","","","",1.,1,"","","","","","","","","","","","","","","","","","","","","","","","","","","","","","",8.,1,8.,1,"","","","","","","","","","","","","","","","","","","","","","","","","","",100,1,"","","","","","","","","","","","",10.7,1,1021.7,1,"","","","","","",9,1,"","","","","","","","","","","","","","","","","","","","","","","","","","","","","","","","",400,1,"","",47,1,4,1,"","","","","","","","","","",2,1,"","","","","","","","","","","","","","","","","","","","","","","","","","","","","","","","","","","","","","","","","","","","","","","","","","","","","",""
"50020001","PTE DE LA HAGUE",49.725167,-1.939833,6,1951121618,"","","","",0.,1,"","","","","","","","","","","","","","","","","","","","","","","","","","","","","","",6.8,1,6.6,1,"","","","","","","","","","","","","","","","","","","","","","","","","","",97,1,"","","","","","","","","","","","",9.9,1,1021.7,1,"","","","","","",9,1,"","","","","","","","","","","","","","","","","","","","","","","","","","","","","","","","",200,1,"","",47,1,4,1,"","","","","","","","","","",2,1,"","","","","","","","","","","","","","","","","","","","","","","","","","","","","","","","","","","","","","","","","","","","","","","","","","","","","",""
"50020001","PTE DE LA HAGUE",49.725167,-1.939833,6,1951121700,"","","","",1.,1,"","","","","","","","","","","","","","","","","","","","","","","","","","","","","","",4.,1,3.7,1,"","","","","","","","","","","","","","","","","","","","","","","","","","",97,1,"","","","","","","","","","","","",8.,1,1021.,1,"","","","","","",0,1,"","",0,1,0,1,0,1,"","","","","","","","","","","","","","","","","","","","","","","","",9000,1,"","",40,1,4,1,"","","","","","","","","","",3,1,"","","","","","","","","","","","","","","","","","","","","","","","","","","","","","","","","","","","","","","","","","","","","","","","","","","","","",""
"50020001","PTE DE LA HAGUE",49.725167,-1.939833,6,1951121706,"","","","",4.,1,"","","","","","","","","","","","","","","","","","","","","","","","","","","","","","",7.,1,4.8,1,"","","","","","","","","","","","","","","","","","","","","","","","","","",88,1,"","","","","","","","","","","","",8.7,1,1020.6,1,"","","","","","",1,1,0,1,0,1,0,1,2,1,"","","","","","","","","","","","","","","","","","","","","","","","",14000,1,"","",2,1,0,1,"","","","","","","","","","",3,1,"","","","","","","","","","","","","","","","","","","","","","","","","","","","","","","","","","","","","","","","","","","","","","","","","","","","","",""
"50020001","PTE DE LA HAGUE",49.725167,-1.939833,6,1951121709,"","","","",3.,1,"","","","","","","","","","","","","","","","","","","","","","","","","","","","","","",6.6,1,5.1,1,"","","","","","","","","","","","","","","","","","","","","","","","","","",91,1,"","","","","","","","","","","","",8.9,1,1021.3,1,"","","","","","",7,1,7,1,5,1,0,1,0,1,"","","","","","","","","","","","","","","","","","","","","","","","",12000,1,"","",2,1,2,1,"","","","","","","","","","",3,1,"","","","","","","","","","","","","","","","","","","","","","","","","","","","","","","","","","","","","","","","","","","","","","","","","","","","","",""
"50020001","PTE DE LA HAGUE",49.725167,-1.939833,6,1951121712,"","","","",3.,1,"","","","","","","","","","","","","","","","","","","","","","","","","","","","","","",7.4,1,6.4,1,"","","","","","","","","","","","","","","","","","","","","","","","","","",94,1,"","","","","","","","","","","","",9.7,1,1022.2,1,"","","","","","",8,1,8,1,6,1,"","","","","","","","","","","","","","","","","","","","","","","","","","","","",10000,1,"","",2,1,2,1,"","","","","","","","","","",3,1,"","","","","","","","","","","","","","","","","","","","","","","","","","","","","","","","","","","","","","","","","","","","","","","","","","","","","",""
"50020001","PTE DE LA HAGUE",49.725167,-1.939833,6,1951121715,"","","","",2.,1,"","","","","","","","","","","","","","","","","","","","","","","","","","","","","","",8.8,1,6.9,1,"","","","","","","","","","","","","","","","","","","","","","","","","","",89,1,"","","","","","","","","","","","",10.1,1,1022.5,1,"","","","","","",8,1,8,1,5,1,"","","","","","","","","","","","","","","","","","","","","","","","","","","","",16000,1,"","",2,1,2,1,"","","","","","","","","","",2,1,"","","","","","","","","","","","","","","","","","","","","","","","","","","","","","","","","","","","","","","","","","","","","","","","","","","","","",""
"50020001","PTE DE LA HAGUE",49.725167,-1.939833,6,1951121718,"","","","",1.,1,"","","","","","","","","","","","","","","","","","","","","","","","","","","","","","",8.6,1,7.1,1,"","","","","","","","","","","","","","","","","","","","","","","","","","",92,1,"","","","","","","","","","","","",10.2,1,1022.6,1,"","","","","","",8,1,8,1,5,1,"","","","","","","","","","","","","","","","","","","","","","","","","","","","",13000,1,"","",2,1,2,1,"","","","","","","","","","",2,1,"","","","","","","","","","","","","","","","","","","","","","","","","","","","","","","","","","","","","","","","","","","","","","","","","","","","","",""
"50020001","PTE DE LA HAGUE",49.725167,-1.939833,6,1951121800,"","","","",1.,1,"","","","","","","","","","","","","","","","","","","","","","","","","","","","","","",6.8,1,6.6,1,"","","","","","","","","","","","","","","","","","","","","","","","","","",97,1,"","","","","","","","","","","","",9.9,1,1023.3,1,"","","","","","",9,1,"","","","","","","","","","","","","","","","","","","","","","","","","","","","","","","","",250,1,"","",47,1,4,1,"","","","","","","","","","",3,1,"","","","","","","","","","","","","","","","","","","","","","","","","","","","","","","","","","","","","","","","","","","","","","","","","","","","","",""
"50020001","PTE DE LA HAGUE",49.725167,-1.939833,6,1951121806,"","","","",5.,1,"","","","","","","","","","","","","","","","","","","","","","","","","","","","","","",9.2,1,8.1,1,"","","","","","","","","","","","","","","","","","","","","","","","","","",92,1,"","","","","","","","","","","","",11.,1,1022.3,1,"","","","","","",8,1,8,1,5,1,"","","","","","","","","","","","","","","","","","","","","","","","","","","","",12000,1,"","",2,1,4,1,"","","","","","","","","","",4,1,"","","","","","","","","","","","","","","","","","","","","","","","","","","","","","","","","","","","","","","","","","","","","","","","","","","","","",""
"50020001","PTE DE LA HAGUE",49.725167,-1.939833,6,1951121809,"","","","",3.,1,"","","","","","","","","","","","","","","","","","","","","","","","","","","","","","",10.2,1,8.,1,"","","","","","","","","","","","","","","","","","","","","","","","","","",90,1,"","","","","","","","","","","","",10.9,1,1022.9,1,"","","","","","",8,1,8,1,5,1,"","","","","","","","","","","","","","","","","","","","","","","","","","","","",14000,1,"","",2,1,2,1,"","","","","","","","","","",4,1,"","","","","","","","","","","","","","","","","","","","","","","","","","","","","","","","","","","","","","","","","","","","","","","","","","","","","",""
"50020001","PTE DE LA HAGUE",49.725167,-1.939833,6,1951121812,"","","","",4.,1,"","","","","","","","","","","","","","","","","","","","","","","","","","","","","","",9.6,1,8.1,1,"","","","","","","","","","","","","","","","","","","","","","","","","","",92,1,"","","","","","","","","","","","",11.,1,1023.,1,"","","","","","",8,1,8,1,5,1,"","","","","","","","","","","","","","","","","","","","","","","","","","","","",11000,1,"","",2,1,2,1,"","","","","","","","","","",4,1,"","","","","","","","","","","","","","","","","","","","","","","","","","","","","","","","","","","","","","","","","","","","","","","","","","","","","",""
"50020001","PTE DE LA HAGUE",49.725167,-1.939833,6,1951121815,"","","","",5.,1,"","","","","","","","","","","","","","","","","","","","","","","","","","","","","","",10.2,1,9.2,1,"","","","","","","","","","","","","","","","","","","","","","","","","","",92,1,"","","","","","","","","","","","",11.8,1,1021.5,1,"","","","","","",7,1,7,1,6,1,7,1,0,1,"","","","","","","","","","","","","","","","","","","","","","","","",10000,1,"","",2,1,2,1,"","","","","","","","","","",4,1,"","","","","","","","","","","","","","","","","","","","","","","","","","","","","","","","","","","","","","","","","","","","","","","","","","","","","",""
"50020001","PTE DE LA HAGUE",49.725167,-1.939833,6,1951121818,"","","","",4.,1,"","","","","","","","","","","","","","","","","","","","","","","","","","","","","","",10.4,1,9.3,1,"","","","","","","","","","","","","","","","","","","","","","","","","","",95,1,"","","","","","","","","","","","",11.9,1,1022.6,1,"","","","","","",7,1,7,1,5,1,7,1,0,1,"","","","","","","","","","","","","","","","","","","","","","","","",9000,1,"","",2,1,2,1,"","","","","","","","","","",4,1,"","","","","","","","","","","","","","","","","","","","","","","","","","","","","","","","","","","","","","","","","","","","","","","","","","","","","",""
"50020001","PTE DE LA HAGUE",49.725167,-1.939833,6,1951121900,"","","","",3.,1,"","","","","","","","","","","","","","","","","","","","","","","","","","","","","","",10.6,1,9.3,1,"","","","","","","","","","","","","","","","","","","","","","","","","","",95,1,"","","","","","","","","","","","",11.9,1,1023.4,1,"","","","","","",8,1,8,1,6,1,"","","","","","","","","","","","","","","","","","","","","","","","","","","","",11000,1,"","",2,1,2,1,"","","","","","","","","","",4,1,"","","","","","","","","","","","","","","","","","","","","","","","","","","","","","","","","","","","","","","","","","","","","","","","","","","","","",""
"50020001","PTE DE LA HAGUE",49.725167,-1.939833,6,1951121906,"","","","",4.,1,"","","","","","","","","","","","","","","","","","","","","","","","","","","","","","",10.,1,9.3,1,"","","","","","","","","","","","","","","","","","","","","","","","","","",95,1,"","","","","","","","","","","","",11.9,1,1023.4,1,"","","","","","",8,1,8,1,6,1,"","","","","","","","","","","","","","","","","","","","","","","","","","","","",10000,1,"","",2,1,2,1,"","","","","","","","","","",3,1,"","","","","","","","","","","","","","","","","","","","","","","","","","","","","","","","","","","","","","","","","","","","","","","","","","","","","",""
"50020001","PTE DE LA HAGUE",49.725167,-1.939833,6,1951121909,"","","","",5.,1,"","","","","","","","","","","","","","","","","","","","","","","","","","","","","","",8.2,1,7.6,1,"","","","","","","","","","","","","","","","","","","","","","","","","","",97,1,"","","","","","","","","","","","",10.6,1,1022.1,1,"","","","","","",8,1,8,1,6,1,7,1,"","","","","","","","","","","","","","","","","","","","","","","","","","",6000,1,"","",2,1,2,1,"","","","","","","","","","",4,1,"","","","","","","","","","","","","","","","","","","","","","","","","","","","","","","","","","","","","","","","","","","","","","","","","","","","","",""
"50020001","PTE DE LA HAGUE",49.725167,-1.939833,6,1951121912,"","","","",5.,1,"","","","","","","","","","","","","","","","","","","","","","","","","","","","","","",8.8,1,7.1,1,"","","","","","","","","","","","","","","","","","","","","","","","","","",92,1,"","","","","","","","","","","","",10.2,1,1020.2,1,"","","","","","",8,1,8,1,6,1,7,1,"","","","","","","","","","","","","","","","","","","","","","","","","","",6000,1,"","",2,1,2,1,"","","","","","","","","","",4,1,"","","","","","","","","","","","","","","","","","","","","","","","","","","","","","","","","","","","","","","","","","","","","","","","","","","","","",""
"50020001","PTE DE LA HAGUE",49.725167,-1.939833,6,1951121915,"","","","",5.,1,"","","","","","","","","","","","","","","","","","","","","","","","","","","","","","",8.,1,5.6,1,"","","","","","","","","","","","","","","","","","","","","","","","","","",86,1,"","","","","","","","","","","","",9.2,1,1016.3,1,"","","","","","",8,1,5,1,0,1,4,1,7,1,"","","","","","","","","","","","","","","","","","","","","","","","",6000,1,"","",2,1,2,1,"","","","","","","","","","",4,1,"","","","","","","","","","","","","","","","","","","","","","","","","","","","","","","","","","","","","","","","","","","","","","","","","","","","","",""
"50020001","PTE DE LA HAGUE",49.725167,-1.939833,6,1951121918,"","","","",5.,1,"","","","","","","","","","","","","","","","","","","","","","","","","","","","","","",8.4,1,5.1,1,"","","","","","","","","","","","","","","","","","","","","","","","","","",81,1,"","","","","","","","","","","","",8.9,1,1014.7,1,"","","","","","",5,1,5,1,0,1,4,1,0,1,"","","","","","","","","","","","","","","","","","","","","","","","",6000,1,"","",1,1,2,1,"","","","","","","","","","",4,1,"","","","","","","","","","","","","","","","","","","","","","","","","","","","","","","","","","","","","","","","","","","","","","","","","","","","","",""
"50020001","PTE DE LA HAGUE",49.725167,-1.939833,6,1951122000,"","","","",6.,1,"","","","","","","","","","","","","","","","","","","","","","","","","","","","","","",9.,1,6.9,1,"","","","","","","","","","","","","","","","","","","","","","","","","","",89,1,"","","","","","","","","","","","",10.1,1,1011.9,1,"","","","","","",0,1,"","",0,1,0,1,0,1,"","","","","","","","","","","","","","","","","","","","","","","","",8000,1,"","",2,1,0,1,"","","","","","","","","","",4,1,"","","","","","","","","","","","","","","","","","","","","","","","","","","","","","","","","","","","","","","","","","","","","","","","","","","","","",""
"50020001","PTE DE LA HAGUE",49.725167,-1.939833,6,1951122006,"","","","",7.,1,"","","","","","","","","","","","","","","","","","","","","","","","","","","","","","",10.,1,8.1,1,"","","","","","","","","","","","","","","","","","","","","","","","","","",92,1,"","","","","","","","","","","","",11.,1,1011.4,1,"","","","","","",8,1,8,1,0,1,1,1,"","","","","","","","","","","","","","","","","","","","","","","","","","",9000,1,"","",2,1,1,1,"","","","","","","","","","",4,1,"","","","","","","","","","","","","","","","","","","","","","","","","","","","","","","","","","","","","","","","","","","","","","","","","","","","","",""
"50020001","PTE DE LA HAGUE",49.725167,-1.939833,6,1951122009,"","","","",5.,1,"","","","","","","","","","","","","","","","","","","","","","","","","","","","","","",10.,1,9.3,1,"","","","","","","","","","","","","","","","","","","","","","","","","","",95,1,"","","","","","","","","","","","",11.9,1,1014.3,1,"","","","","","",8,1,0,1,6,1,2,1,"","","","","","","","","","","","","","","","","","","","","","","","","","",8000,1,"","",2,1,2,1,"","","","","","","","","","",4,1,"","","","","","","","","","","","","","","","","","","","","","","","","","","","","","","","","","","","","","","","","","","","","","","","","","","","","",""
"50020001","PTE DE LA HAGUE",49.725167,-1.939833,6,1951122012,"","","","",3.,1,"","","","","","","","","","","","","","","","","","","","","","","","","","","","","","",10.8,1,9.3,1,"","","","","","","","","","","","","","","","","","","","","","","","","","",95,1,"","","","","","","","","","","","",11.9,1,1016.5,1,"","","","","","",8,1,8,1,6,1,7,1,"","","","","","","","","","","","","","","","","","","","","","","","","","",7000,1,"","",60,1,6,1,"","","","","","","","","","",4,1,"","","","","","","","","","","","","","","","","","","","","","","","","","","","","","","","","","","","","","","","","","","","","","","","","","","","","",""
"50020001","PTE DE LA HAGUE",49.725167,-1.939833,6,1951122015,"","","","",1.,1,"","","","","","","","","","","","","","","","","","","","","","","","","","","","","","",10.,1,9.3,1,"","","","","","","","","","","","","","","","","","","","","","","","","","",95,1,"","","","","","","","","","","","",11.9,1,1018.6,1,"","","","","","",8,1,8,1,6,1,2,1,"","","","","","","","","","","","","","","","","","","","","","","","","","",9000,1,"","",61,1,6,1,"","","","","","","","","","",3,1,"","","","","","","","","","","","","","","","","","","","","","","","","","","","","","","","","","","","","","","","","","","","","","","","","","","","","",""
"50020001","PTE DE LA HAGUE",49.725167,-1.939833,6,1951122018,"","","","",1.,1,"","","","","","","","","","","","","","","","","","","","","","","","","","","","","","",7.4,1,6.4,1,"","","","","","","","","","","","","","","","","","","","","","","","","","",94,1,"","","","","","","","","","","","",9.7,1,1020.6,1,"","","","","","",2,1,0,1,0,1,4,1,0,1,"","","","","","","","","","","","","","","","","","","","","","","","",16000,1,"","",1,1,6,1,"","","","","","","","","","",3,1,"","","","","","","","","","","","","","","","","","","","","","","","","","","","","","","","","","","","","","","","","","","","","","","","","","","","","",""
"50020001","PTE DE LA HAGUE",49.725167,-1.939833,6,1951122100,"","","","",0.,1,"","","","","","","","","","","","","","","","","","","","","","","","","","","","","","",9.4,1,8.5,1,"","","","","","","","","","","","","","","","","","","","","","","","","","",97,1,"","","","","","","","","","","","",11.3,1,1026.1,1,"","","","","","",8,1,8,1,0,1,2,1,"","","","","","","","","","","","","","","","","","","","","","","","","","",12000,1,"","",2,1,2,1,"","","","","","","","","","",3,1,"","","","","","","","","","","","","","","","","","","","","","","","","","","","","","","","","","","","","","","","","","","","","","","","","","","","","",""
"50020001","PTE DE LA HAGUE",49.725167,-1.939833,6,1951122106,"","","","",2.,1,"","","","","","","","","","","","","","","","","","","","","","","","","","","","","","",8.,1,7.6,1,"","","","","","","","","","","","","","","","","","","","","","","","","","",97,1,"","","","","","","","","","","","",10.6,1,1029.5,1,"","","","","","",3,1,0,1,5,1,0,1,0,1,"","","","","","","","","","","","","","","","","","","","","","","","",8000,1,"","",2,1,2,1,"","","","","","","","","","",3,1,"","","","","","","","","","","","","","","","","","","","","","","","","","","","","","","","","","","","","","","","","","","","","","","","","","","","","",""
"50020001","PTE DE LA HAGUE",49.725167,-1.939833,6,1951122109,"","","","",2.,1,"","","","","","","","","","","","","","","","","","","","","","","","","","","","","","",7.8,1,6.4,1,"","","","","","","","","","","","","","","","","","","","","","","","","","",94,1,"","","","","","","","","","","","",9.7,1,1030.9,1,"","","","","","",1,1,0,1,2,1,0,1,0,1,"","","","","","","","","","","","","","","","","","","","","","","","",8000,1,"","",40,1,0,1,"","","","","","","","","","",2,1,"","","","","","","","","","","","","","","","","","","","","","","","","","","","","","","","","","","","","","","","","","","","","","","","","","","","","",""
"50020001","PTE DE LA HAGUE",49.725167,-1.939833,6,1951122112,"","","","",3.,1,"","","","","","","","","","","","","","","","","","","","","","","","","","","","","","",10.,1,9.5,1,"","","","","","","","","","","","","","","","","","","","","","","","","","",97,1,"","","","","","","","","","","","",12.1,1,1031.1,1,"","","","","","",0,1,"","",0,1,0,1,0,1,"","","","","","","","","","","","","","","","","","","","","","","","",10000,1,"","",2,1,4,1,"","","","","","","","","","",3,1,"","","","","","","","","","","","","","","","","","","","","","","","","","","","","","","","","","","","","","","","","","","","","","","","","","","","","",""
"50020001","PTE DE LA HAGUE",49.725167,-1.939833,6,1951122115,"","","","",3.,1,"","","","","","","","","","","","","","","","","","","","","","","","","","","","","","",8.4,1,7.3,1,"","","","","","","","","","","","","","","","","","","","","","","","","","",95,1,"","","","","","","","","","","","",10.4,1,1030.9,1,"","","","","","",7,1,7,1,6,1,0,1,0,1,"","","","","","","","","","","","","","","","","","","","","","","","",12000,1,"","",2,1,0,1,"","","","","","","","","","",3,1,"","","","","","","","","","","","","","","","","","","","","","","","","","","","","","","","","","","","","","","","","","","","","","","","","","","","","",""
"50020001","PTE DE LA HAGUE",49.725167,-1.939833,6,1951122118,"","","","",2.,1,"","","","","","","","","","","","","","","","","","","","","","","","","","","","","","",7.2,1,6.6,1,"","","","","","","","","","","","","","","","","","","","","","","","","","",97,1,"","","","","","","","","","","","",9.9,1,1030.9,1,"","","","","","",8,1,8,1,6,1,"","","","","","","","","","","","","","","","","","","","","","","","","","","","",5000,1,"","",40,1,2,1,"","","","","","","","","","",3,1,"","","","","","","","","","","","","","","","","","","","","","","","","","","","","","","","","","","","","","","","","","","","","","","","","","","","","",""
"50020001","PTE DE LA HAGUE",49.725167,-1.939833,6,1951122200,"","","","",0.,1,"","","","","","","","","","","","","","","","","","","","","","","","","","","","","","",5.,1,4.5,1,"","","","","","","","","","","","","","","","","","","","","","","","","","",97,1,"","","","","","","","","","","","",8.5,1,1029.7,1,"","","","","","",9,1,"","","","","","","","","","","","","","","","","","","","","","","","","","","","","","","","",120,1,"","",45,1,4,1,"","","","","","","","","","",2,1,"","","","","","","","","","","","","","","","","","","","","","","","","","","","","","","","","","","","","","","","","","","","","","","","","","","","","",""
"50020001","PTE DE LA HAGUE",49.725167,-1.939833,6,1951122206,"","","","",0.,1,"","","","","","","","","","","","","","","","","","","","","","","","","","","","","","",4.6,1,3.7,1,"","","","","","","","","","","","","","","","","","","","","","","","","","",97,1,"","","","","","","","","","","","",8.,1,1026.9,1,"","","","","","",0,1,"","",0,1,0,1,0,1,"","","","","","","","","","","","","","","","","","","","","","","","",140,1,"","",44,1,4,1,"","","","","","","","","","",2,1,"","","","","","","","","","","","","","","","","","","","","","","","","","","","","","","","","","","","","","","","","","","","","","","","","","","","","",""
"50020001","PTE DE LA HAGUE",49.725167,-1.939833,6,1951122209,"","","","",1.,1,"","","","","","","","","","","","","","","","","","","","","","","","","","","","","","",6.2,1,5.3,1,"","","","","","","","","","","","","","","","","","","","","","","","","","",94,1,"","","","","","","","","","","","",9.,1,1026.1,1,"","","","","","",3,1,0,1,0,1,5,1,4,1,"","","","","","","","","","","","","","","","","","","","","","","","",9000,1,"","",3,1,4,1,"","","","","","","","","","",2,1,"","","","","","","","","","","","","","","","","","","","","","","","","","","","","","","","","","","","","","","","","","","","","","","","","","","","","",""
"50020001","PTE DE LA HAGUE",49.725167,-1.939833,6,1951122212,"","","","",1.,1,"","","","","","","","","","","","","","","","","","","","","","","","","","","","","","",8.2,1,5.9,1,"","","","","","","","","","","","","","","","","","","","","","","","","","",89,1,"","","","","","","","","","","","",9.4,1,1024.3,1,"","","","","","",8,1,8,1,5,1,"","","","","","","","","","","","","","","","","","","","","","","","","","","","",11000,1,"","",2,1,4,1,"","","","","","","","","","",3,1,"","","","","","","","","","","","","","","","","","","","","","","","","","","","","","","","","","","","","","","","","","","","","","","","","","","","","",""
"50020001","PTE DE LA HAGUE",49.725167,-1.939833,6,1951122215,"","","","",1.,1,"","","","","","","","","","","","","","","","","","","","","","","","","","","","","","",8.2,1,5.9,1,"","","","","","","","","","","","","","","","","","","","","","","","","","",89,1,"","","","","","","","","","","","",9.4,1,1023.3,1,"","","","","","",8,1,8,1,5,1,"","","","","","","","","","","","","","","","","","","","","","","","","","","","",10000,1,"","",2,1,2,1,"","","","","","","","","","",3,1,"","","","","","","","","","","","","","","","","","","","","","","","","","","","","","","","","","","","","","","","","","","","","","","","","","","","","",""
"50020001","PTE DE LA HAGUE",49.725167,-1.939833,6,1951122218,"","","","",1.,1,"","","","","","","","","","","","","","","","","","","","","","","","","","","","","","",8.2,1,7.1,1,"","","","","","","","","","","","","","","","","","","","","","","","","","",92,1,"","","","","","","","","","","","",10.2,1,1023.5,1,"","","","","","",8,1,8,1,5,1,"","","","","","","","","","","","","","","","","","","","","","","","","","","","",10000,1,"","",2,1,2,1,"","","","","","","","","","",3,1,"","","","","","","","","","","","","","","","","","","","","","","","","","","","","","","","","","","","","","","","","","","","","","","","","","","","","",""
"50020001","PTE DE LA HAGUE",49.725167,-1.939833,6,1951122300,"","","","",3.,1,"","","","","","","","","","","","","","","","","","","","","","","","","","","","","","",9.8,1,8.4,1,"","","","","","","","","","","","","","","","","","","","","","","","","","",95,1,"","","","","","","","","","","","",11.2,1,1023.,1,"","","","","","",8,1,8,1,5,1,"","","","","","","","","","","","","","","","","","","","","","","","","","","","",10000,1,"","",60,1,2,1,"","","","","","","","","","",3,1,"","","","","","","","","","","","","","","","","","","","","","","","","","","","","","","","","","","","","","","","","","","","","","","","","","","","","",""
"50020001","PTE DE LA HAGUE",49.725167,-1.939833,6,1951122306,"","","","",1.,1,"","","","","","","","","","","","","","","","","","","","","","","","","","","","","","",9.,1,9.,1,"","","","","","","","","","","","","","","","","","","","","","","","","","",100,1,"","","","","","","","","","","","",11.5,1,1021.9,1,"","","","","","",8,1,8,1,6,1,"","","","","","","","","","","","","","","","","","","","","","","","","","","","",120,1,"","",51,1,5,1,"","","","","","","","","","",2,1,"","","","","","","","","","","","","","","","","","","","","","","","","","","","","","","","","","","","","","","","","","","","","","","","","","","","","",""
"50020001","PTE DE LA HAGUE",49.725167,-1.939833,6,1951122309,"","","","",3.,1,"","","","","","","","","","","","","","","","","","","","","","","","","","","","","","",9.2,1,8.5,1,"","","","","","","","","","","","","","","","","","","","","","","","","","",97,1,"","","","","","","","","","","","",11.1,1,1021.5,1,"","","","","","",7,1,7,1,5,1,0,1,0,1,"","","","","","","","","","","","","","","","","","","","","","","","",3000,1,"","",10,1,5,1,"","","","","","","","","","",2,1,"","","","","","","","","","","","","","","","","","","","","","","","","","","","","","","","","","","","","","","","","","","","","","","","","","","","","",""
"50020001","PTE DE LA HAGUE",49.725167,-1.939833,6,1951122312,"","","","",3.,1,"","","","","","","","","","","","","","","","","","","","","","","","","","","","","","",9.8,1,9.5,1,"","","","","","","","","","","","","","","","","","","","","","","","","","",97,1,"","","","","","","","","","","","",12.1,1,1019.1,1,"","","","","","",8,1,8,1,6,1,"","","","","","","","","","","","","","","","","","","","","","","","","","","","",6000,1,"","",2,1,2,1,"","","","","","","","","","",2,1,"","","","","","","","","","","","","","","","","","","","","","","","","","","","","","","","","","","","","","","","","","","","","","","","","","","","","",""
"50020001","PTE DE LA HAGUE",49.725167,-1.939833,6,1951122315,"","","","",5.,1,"","","","","","","","","","","","","","","","","","","","","","","","","","","","","","",9.8,1,8.4,1,"","","","","","","","","","","","","","","","","","","","","","","","","","",95,1,"","","","","","","","","","","","",11.2,1,1016.7,1,"","","","","","",6,1,6,1,5,1,0,1,0,1,"","","","","","","","","","","","","","","","","","","","","","","","",6000,1,"","",2,1,2,1,"","","","","","","","","","",3,1,"","","","","","","","","","","","","","","","","","","","","","","","","","","","","","","","","","","","","","","","","","","","","","","","","","","","","",""
"50020001","PTE DE LA HAGUE",49.725167,-1.939833,6,1951122318,"","","","",6.,1,"","","","","","","","","","","","","","","","","","","","","","","","","","","","","","",9.8,1,8.4,1,"","","","","","","","","","","","","","","","","","","","","","","","","","",95,1,"","","","","","","","","","","","",11.2,1,1015.9,1,"","","","","","",8,1,8,1,6,1,"","","","","","","","","","","","","","","","","","","","","","","","","","","","",6000,1,"","",2,1,2,1,"","","","","","","","","","",4,1,"","","","","","","","","","","","","","","","","","","","","","","","","","","","","","","","","","","","","","","","","","","","","","","","","","","","","",""
"50020001","PTE DE LA HAGUE",49.725167,-1.939833,6,1951122400,"","","","",9.,1,"","","","","","","","","","","","","","","","","","","","","","","","","","","","","","",10.,1,9.5,1,"","","","","","","","","","","","","","","","","","","","","","","","","","",97,1,"","","","","","","","","","","","",12.1,1,1010.9,1,"","","","","","",7,1,6,1,5,1,0,1,0,1,"","","","","","","","","","","","","","","","","","","","","","","","",8000,1,"","",2,1,1,1,"","","","","","","","","","",4,1,"","","","","","","","","","","","","","","","","","","","","","","","","","","","","","","","","","","","","","","","","","","","","","","","","","","","","",""
"50020001","PTE DE LA HAGUE",49.725167,-1.939833,6,1951122406,"","","","",10.,1,"","","","","","","","","","","","","","","","","","","","","","","","","","","","","","",10.2,1,9.3,1,"","","","","","","","","","","","","","","","","","","","","","","","","","",95,1,"","","","","","","","","","","","",11.9,1,1005.3,1,"","","","","","",8,1,6,1,5,1,2,1,"","","","","","","","","","","","","","","","","","","","","","","","","","",12000,1,"","",2,1,2,1,"","","","","","","","","","",5,1,"","","","","","","","","","","","","","","","","","","","","","","","","","","","","","","","","","","","","","","","","","","","","","","","","","","","","",""
"50020001","PTE DE LA HAGUE",49.725167,-1.939833,6,1951122409,"","","","",11.,1,"","","","","","","","","","","","","","","","","","","","","","","","","","","","","","",10.8,1,8.9,1,"","","","","","","","","","","","","","","","","","","","","","","","","","",90,1,"","","","","","","","","","","","",11.6,1,1003.,1,"","","","","","",8,1,6,1,5,1,7,1,"","","","","","","","","","","","","","","","","","","","","","","","","","",12000,1,"","",2,1,6,1,"","","","","","","","","","",5,1,"","","","","","","","","","","","","","","","","","","","","","","","","","","","","","","","","","","","","","","","","","","","","","","","","","","","","",""
"50020001","PTE DE LA HAGUE",49.725167,-1.939833,6,1951122412,"","","","",14.,1,"","","","","","","","","","","","","","","","","","","","","","","","","","","","","","",11.2,1,10.2,1,"","","","","","","","","","","","","","","","","","","","","","","","","","",93,1,"","","","","","","","","","","","",12.7,1,999.4,1,"","","","","","",8,1,0,1,6,1,7,1,"","","","","","","","","","","","","","","","","","","","","","","","","","",8000,1,"","",2,1,2,1,"","","","","","","","","","",5,1,"","","","","","","","","","","","","","","","","","","","","","","","","","","","","","","","","","","","","","","","","","","","","","","","","","","","","",""
"50020001","PTE DE LA HAGUE",49.725167,-1.939833,6,1951122415,"","","","",14.,1,"","","","","","","","","","","","","","","","","","","","","","","","","","","","","","",11.,1,10.6,1,"","","","","","","","","","","","","","","","","","","","","","","","","","",98,1,"","","","","","","","","","","","",13.,1,996.3,1,"","","","","","",8,1,8,1,6,1,"","","","","","","","","","","","","","","","","","","","","","","","","","","","",4000,1,"","",53,1,5,1,"","","","","","","","","","",5,1,"","","","","","","","","","","","","","","","","","","","","","","","","","","","","","","","","","","","","","","","","","","","","","","","","","","","","",""
"50020001","PTE DE LA HAGUE",49.725167,-1.939833,6,1951122418,"","","","",12.,1,"","","","","","","","","","","","","","","","","","","","","","","","","","","","","","",11.,1,10.6,1,"","","","","","","","","","","","","","","","","","","","","","","","","","",98,1,"","","","","","","","","","","","",13.,1,994.7,1,"","","","","","",8,1,8,1,6,1,"","","","","","","","","","","","","","","","","","","","","","","","","","","","",4000,1,"","",53,1,5,1,"","","","","","","","","","",5,1,"","","","","","","","","","","","","","","","","","","","","","","","","","","","","","","","","","","","","","","","","","","","","","","","","","","","","",""
"50020001","PTE DE LA HAGUE",49.725167,-1.939833,6,1951122500,"","","","",10.,1,"","","","","","","","","","","","","","","","","","","","","","","","","","","","","","",11.,1,8.9,1,"","","","","","","","","","","","","","","","","","","","","","","","","","",90,1,"","","","","","","","","","","","",11.6,1,993.7,1,"","","","","","",8,1,8,1,5,1,"","","","","","","","","","","","","","","","","","","","","","","","","","","","",24000,1,"","",2,1,6,1,"","","","","","","","","","",5,1,"","","","","","","","","","","","","","","","","","","","","","","","","","","","","","","","","","","","","","","","","","","","","","","","","","","","","",""
"50020001","PTE DE LA HAGUE",49.725167,-1.939833,6,1951122506,"","","","",10.,1,"","","","","","","","","","","","","","","","","","","","","","","","","","","","","","",10.8,1,8.8,1,"","","","","","","","","","","","","","","","","","","","","","","","","","",87,1,"","","","","","","","","","","","",11.5,1,993.7,1,"","","","","","",3,1,0,1,2,1,0,1,0,1,"","","","","","","","","","","","","","","","","","","","","","","","",24000,1,"","",2,1,2,1,"","","","","","","","","","",5,1,"","","","","","","","","","","","","","","","","","","","","","","","","","","","","","","","","","","","","","","","","","","","","","","","","","","","","",""
"50020001","PTE DE LA HAGUE",49.725167,-1.939833,6,1951122509,"","","","",6.,1,"","","","","","","","","","","","","","","","","","","","","","","","","","","","","","",9.2,1,6.9,1,"","","","","","","","","","","","","","","","","","","","","","","","","","",89,1,"","","","","","","","","","","","",10.1,1,993.9,1,"","","","","","",7,1,7,1,9,1,0,1,0,1,"","","","","","","","","","","","","","","","","","","","","","","","",25000,1,"","",25,1,8,1,"","","","","","","","","","",4,1,"","","","","","","","","","","","","","","","","","","","","","","","","","","","","","","","","","","","","","","","","","","","","","","","","","","","","",""
"50020001","PTE DE LA HAGUE",49.725167,-1.939833,6,1951122512,"","","","",6.,1,"","","","","","","","","","","","","","","","","","","","","","","","","","","","","","",10.2,1,7.5,1,"","","","","","","","","","","","","","","","","","","","","","","","","","",85,1,"","","","","","","","","","","","",10.5,1,993.7,1,"","","","","","",7,1,6,1,9,1,7,1,2,1,"","","","","","","","","","","","","","","","","","","","","","","","",22000,1,"","",2,1,8,1,"","","","","","","","","","",4,1,"","","","","","","","","","","","","","","","","","","","","","","","","","","","","","","","","","","","","","","","","","","","","","","","","","","","","",""
"50020001","PTE DE LA HAGUE",49.725167,-1.939833,6,1951122515,"","","","",6.,1,"","","","","","","","","","","","","","","","","","","","","","","","","","","","","","",9.8,1,7.7,1,"","","","","","","","","","","","","","","","","","","","","","","","","","",87,1,"","","","","","","","","","","","",10.7,1,993.,1,"","","","","","",8,1,0,1,3,1,9,1,"","","","","","","","","","","","","","","","","","","","","","","","","","",28000,1,"","",2,1,8,1,"","","","","","","","","","",4,1,"","","","","","","","","","","","","","","","","","","","","","","","","","","","","","","","","","","","","","","","","","","","","","","","","","","","","",""
"50020001","PTE DE LA HAGUE",49.725167,-1.939833,6,1951122518,"","","","",4.,1,"","","","","","","","","","","","","","","","","","","","","","","","","","","","","","",9.,1,6.2,1,"","","","","","","","","","","","","","","","","","","","","","","","","","",82,1,"","","","","","","","","","","","",9.6,1,993.3,1,"","","","","","",7,1,7,1,2,1,0,1,0,1,"","","","","","","","","","","","","","","","","","","","","","","","",28000,1,"","",2,1,8,1,"","","","","","","","","","",4,1,"","","","","","","","","","","","","","","","","","","","","","","","","","","","","","","","","","","","","","","","","","","","","","","","","","","","","",""
"50020001","PTE DE LA HAGUE",49.725167,-1.939833,6,1951122600,"","","","",5.,1,"","","","","","","","","","","","","","","","","","","","","","","","","","","","","","",8.,1,5.9,1,"","","","","","","","","","","","","","","","","","","","","","","","","","",89,1,"","","","","","","","","","","","",9.4,1,996.3,1,"","","","","","",8,1,8,1,5,1,"","","","","","","","","","","","","","","","","","","","","","","","","","","","",25000,1,"","",60,1,6,1,"","","","","","","","","","",4,1,"","","","","","","","","","","","","","","","","","","","","","","","","","","","","","","","","","","","","","","","","","","","","","","","","","","","","",""
"50020001","PTE DE LA HAGUE",49.725167,-1.939833,6,1951122606,"","","","",9.,1,"","","","","","","","","","","","","","","","","","","","","","","","","","","","","","",7.8,1,5.9,1,"","","","","","","","","","","","","","","","","","","","","","","","","","",89,1,"","","","","","","","","","","","",9.4,1,1000.3,1,"","","","","","",8,1,8,1,8,1,"","","","","","","","","","","","","","","","","","","","","","","","","","","","",25000,1,"","",80,1,8,1,"","","","","","","","","","",4,1,"","","","","","","","","","","","","","","","","","","","","","","","","","","","","","","","","","","","","","","","","","","","","","","","","","","","","",""
"50020001","PTE DE LA HAGUE",49.725167,-1.939833,6,1951122609,"","","","",4.,1,"","","","","","","","","","","","","","","","","","","","","","","","","","","","","","",7.2,1,6.4,1,"","","","","","","","","","","","","","","","","","","","","","","","","","",94,1,"","","","","","","","","","","","",9.7,1,1003.7,1,"","","","","","",7,1,7,1,9,1,0,1,0,1,"","","","","","","","","","","","","","","","","","","","","","","","",30000,1,"","",80,1,8,1,"","","","","","","","","","",4,1,"","","","","","","","","","","","","","","","","","","","","","","","","","","","","","","","","","","","","","","","","","","","","","","","","","","","","",""
"50020001","PTE DE LA HAGUE",49.725167,-1.939833,6,1951122612,"","","","",11.,1,"","","","","","","","","","","","","","","","","","","","","","","","","","","","","","",9.,1,6.8,1,"","","","","","","","","","","","","","","","","","","","","","","","","","",86,1,"","","","","","","","","","","","",10.,1,1007.,1,"","","","","","",4,1,0,1,9,1,0,1,0,1,"","","","","","","","","","","","","","","","","","","","","","","","",30000,1,"","",2,1,8,1,"","","","","","","","","","",5,1,"","","","","","","","","","","","","","","","","","","","","","","","","","","","","","","","","","","","","","","","","","","","","","","","","","","","","",""
"50020001","PTE DE LA HAGUE",49.725167,-1.939833,6,1951122615,"","","","",9.,1,"","","","","","","","","","","","","","","","","","","","","","","","","","","","","","",9.,1,6.8,1,"","","","","","","","","","","","","","","","","","","","","","","","","","",86,1,"","","","","","","","","","","","",10.,1,1008.9,1,"","","","","","",5,1,5,1,9,1,0,1,0,1,"","","","","","","","","","","","","","","","","","","","","","","","",30000,1,"","",27,1,8,1,"","","","","","","","","","",5,1,"","","","","","","","","","","","","","","","","","","","","","","","","","","","","","","","","","","","","","","","","","","","","","","","","","","","","",""
"50020001","PTE DE LA HAGUE",49.725167,-1.939833,6,1951122618,"","","","",5.,1,"","","","","","","","","","","","","","","","","","","","","","","","","","","","","","",8.4,1,5.6,1,"","","","","","","","","","","","","","","","","","","","","","","","","","",86,1,"","","","","","","","","","","","",9.2,1,1009.8,1,"","","","","","",2,1,0,1,9,1,0,1,0,1,"","","","","","","","","","","","","","","","","","","","","","","","",32000,1,"","",1,1,8,1,"","","","","","","","","","",4,1,"","","","","","","","","","","","","","","","","","","","","","","","","","","","","","","","","","","","","","","","","","","","","","","","","","","","","",""
"50020001","PTE DE LA HAGUE",49.725167,-1.939833,6,1951122700,"","","","",11.,1,"","","","","","","","","","","","","","","","","","","","","","","","","","","","","","",8.,1,5.9,1,"","","","","","","","","","","","","","","","","","","","","","","","","","",89,1,"","","","","","","","","","","","",9.4,1,1001.8,1,"","","","","","",8,1,8,1,7,1,"","","","","","","","","","","","","","","","","","","","","","","","","","","","",12000,1,"","",61,1,6,1,"","","","","","","","","","",5,1,"","","","","","","","","","","","","","","","","","","","","","","","","","","","","","","","","","","","","","","","","","","","","","","","","","","","","",""
"50020001","PTE DE LA HAGUE",49.725167,-1.939833,6,1951122706,"","","","",14.,1,"","","","","","","","","","","","","","","","","","","","","","","","","","","","","","",9.,1,6.8,1,"","","","","","","","","","","","","","","","","","","","","","","","","","",86,1,"","","","","","","","","","","","",10.,1,992.1,1,"","","","","","",8,1,8,1,9,1,"","","","","","","","","","","","","","","","","","","","","","","","","","","","",14000,1,"","",80,1,6,1,"","","","","","","","","","",5,1,"","","","","","","","","","","","","","","","","","","","","","","","","","","","","","","","","","","","","","","","","","","","","","","","","","","","","",""
"50020001","PTE DE LA HAGUE",49.725167,-1.939833,6,1951122709,"","","","",15.,1,"","","","","","","","","","","","","","","","","","","","","","","","","","","","","","",8.,1,5.6,1,"","","","","","","","","","","","","","","","","","","","","","","","","","",86,1,"","","","","","","","","","","","",9.2,1,991.3,1,"","","","","","",7,1,7,1,9,1,0,1,0,1,"","","","","","","","","","","","","","","","","","","","","","","","",18000,1,"","",81,1,8,1,"","","","","","","","","","",5,1,"","","","","","","","","","","","","","","","","","","","","","","","","","","","","","","","","","","","","","","","","","","","","","","","","","","","","",""
"50020001","PTE DE LA HAGUE",49.725167,-1.939833,6,1951122712,"","","","",17.,1,"","","","","","","","","","","","","","","","","","","","","","","","","","","","","","",8.6,1,5.,1,"","","","","","","","","","","","","","","","","","","","","","","","","","",78,1,"","","","","","","","","","","","",8.8,1,991.3,1,"","","","","","",8,1,8,1,9,1,"","","","","","","","","","","","","","","","","","","","","","","","","","","","",8000,1,"","",96,1,9,1,"","","","","","","","","","",6,1,"","","","","","","","","","","","","","","","","","","","","","","","","","","","","","","","","","","","","","","","","","","","","","","","","","","","","",""
"50020001","PTE DE LA HAGUE",49.725167,-1.939833,6,1951122715,"","","","",16.,1,"","","","","","","","","","","","","","","","","","","","","","","","","","","","","","",8.,1,3.,1,"","","","","","","","","","","","","","","","","","","","","","","","","","",70,1,"","","","","","","","","","","","",7.6,1,992.2,1,"","","","","","",7,1,7,1,9,1,0,1,0,1,"","","","","","","","","","","","","","","","","","","","","","","","",10000,1,"","",15,1,9,1,"","","","","","","","","","",6,1,"","","","","","","","","","","","","","","","","","","","","","","","","","","","","","","","","","","","","","","","","","","","","","","","","","","","","",""
"50020001","PTE DE LA HAGUE",49.725167,-1.939833,6,1951122718,"","","","",17.,1,"","","","","","","","","","","","","","","","","","","","","","","","","","","","","","",5.4,1,2.6,1,"","","","","","","","","","","","","","","","","","","","","","","","","","",84,1,"","","","","","","","","","","","",7.4,1,993.8,1,"","","","","","",8,1,8,1,9,1,"","","","","","","","","","","","","","","","","","","","","","","","","","","","",14000,1,"","",96,1,9,1,"","","","","","","","","","",6,1,"","","","","","","","","","","","","","","","","","","","","","","","","","","","","","","","","","","","","","","","","","","","","","","","","","","","","",""
"50020001","PTE DE LA HAGUE",49.725167,-1.939833,6,1951122800,"","","","",13.,1,"","","","","","","","","","","","","","","","","","","","","","","","","","","","","","",7.,1,2.4,1,"","","","","","","","","","","","","","","","","","","","","","","","","","",74,1,"","","","","","","","","","","","",7.3,1,995.4,1,"","","","","","",6,1,6,1,9,1,0,1,0,1,"","","","","","","","","","","","","","","","","","","","","","","","",18000,1,"","",2,1,8,1,"","","","","","","","","","",5,1,"","","","","","","","","","","","","","","","","","","","","","","","","","","","","","","","","","","","","","","","","","","","","","","","","","","","","",""
"50020001","PTE DE LA HAGUE",49.725167,-1.939833,6,1951122806,"","","","",15.,1,"","","","","","","","","","","","","","","","","","","","","","","","","","","","","","",8.8,1,4.7,1,"","","","","","","","","","","","","","","","","","","","","","","","","","",76,1,"","","","","","","","","","","","",8.6,1,999.,1,"","","","","","",4,1,0,1,9,1,0,1,3,1,"","","","","","","","","","","","","","","","","","","","","","","","",18000,1,"","",25,1,8,1,"","","","","","","","","","",6,1,"","","","","","","","","","","","","","","","","","","","","","","","","","","","","","","","","","","","","","","","","","","","","","","","","","","","","",""
"50020001","PTE DE LA HAGUE",49.725167,-1.939833,6,1951122809,"","","","",11.,1,"","","","","","","","","","","","","","","","","","","","","","","","","","","","","","",8.4,1,2.4,1,"","","","","","","","","","","","","","","","","","","","","","","","","","",65,1,"","","","","","","","","","","","",7.3,1,1002.5,1,"","","","","","",6,1,6,1,3,1,0,1,0,1,"","","","","","","","","","","","","","","","","","","","","","","","",18000,1,"","",15,1,2,1,"","","","","","","","","","",6,1,"","","","","","","","","","","","","","","","","","","","","","","","","","","","","","","","","","","","","","","","","","","","","","","","","","","","","",""
"50020001","PTE DE LA HAGUE",49.725167,-1.939833,6,1951122812,"","","","",6.,1,"","","","","","","","","","","","","","","","","","","","","","","","","","","","","","",8.,1,3.8,1,"","","","","","","","","","","","","","","","","","","","","","","","","","",77,1,"","","","","","","","","","","","",8.1,1,1001.5,1,"","","","","","",7,1,0,1,3,1,7,1,6,1,"","","","","","","","","","","","","","","","","","","","","","","","",21000,1,"","",15,1,8,1,"","","","","","","","","","",5,1,"","","","","","","","","","","","","","","","","","","","","","","","","","","","","","","","","","","","","","","","","","","","","","","","","","","","","",""
"50020001","PTE DE LA HAGUE",49.725167,-1.939833,6,1951122815,"","","","",9.,1,"","","","","","","","","","","","","","","","","","","","","","","","","","","","","","",7.,1,4.3,1,"","","","","","","","","","","","","","","","","","","","","","","","","","",83,1,"","","","","","","","","","","","",8.4,1,994.2,1,"","","","","","",8,1,8,1,7,1,"","","","","","","","","","","","","","","","","","","","","","","","","","","","",9000,1,"","",63,1,6,1,"","","","","","","","","","",5,1,"","","","","","","","","","","","","","","","","","","","","","","","","","","","","","","","","","","","","","","","","","","","","","","","","","","","","",""
"50020001","PTE DE LA HAGUE",49.725167,-1.939833,6,1951122818,"","","","",15.,1,"","","","","","","","","","","","","","","","","","","","","","","","","","","","","","",7.8,1,6.1,1,"","","","","","","","","","","","","","","","","","","","","","","","","","",92,1,"","","","","","","","","","","","",9.5,1,981.1,1,"","","","","","",8,1,8,1,7,1,"","","","","","","","","","","","","","","","","","","","","","","","","","","","",5000,1,"","",63,1,6,1,"","","","","","","","","","",7,1,"","","","","","","","","","","","","","","","","","","","","","","","","","","","","","","","","","","","","","","","","","","","","","","","","","","","","",""
"50020001","PTE DE LA HAGUE",49.725167,-1.939833,6,1951122900,"","","","",2.,1,"","","","","","","","","","","","","","","","","","","","","","","","","","","","","","",9.,1,6.9,1,"","","","","","","","","","","","","","","","","","","","","","","","","","",89,1,"","","","","","","","","","","","",10.1,1,978.2,1,"","","","","","",8,1,8,1,0,1,2,1,"","","","","","","","","","","","","","","","","","","","","","","","","","",10000,1,"","",61,1,6,1,"","","","","","","","","","",4,1,"","","","","","","","","","","","","","","","","","","","","","","","","","","","","","","","","","","","","","","","","","","","","","","","","","","","","",""
"50020001","PTE DE LA HAGUE",49.725167,-1.939833,6,1951122906,"","","","",20.,1,"","","","","","","","","","","","","","","","","","","","","","","","","","","","","","",6.6,1,5.1,1,"","","","","","","","","","","","","","","","","","","","","","","","","","",91,1,"","","","","","","","","","","","",8.9,1,992.1,1,"","","","","","",8,1,8,1,7,1,"","","","","","","","","","","","","","","","","","","","","","","","","","","","",9000,1,"","",62,1,6,1,"","","","","","","","","","",7,1,"","","","","","","","","","","","","","","","","","","","","","","","","","","","","","","","","","","","","","","","","","","","","","","","","","","","","",""
"50020001","PTE DE LA HAGUE",49.725167,-1.939833,6,1951122909,"","","","",16.,1,"","","","","","","","","","","","","","","","","","","","","","","","","","","","","","",7.,1,4.5,1,"","","","","","","","","","","","","","","","","","","","","","","","","","",85,1,"","","","","","","","","","","","",8.5,1,1001.9,1,"","","","","","",7,1,7,1,7,1,7,1,0,1,"","","","","","","","","","","","","","","","","","","","","","","","",8000,1,"","",2,1,6,1,"","","","","","","","","","",8,1,"","","","","","","","","","","","","","","","","","","","","","","","","","","","","","","","","","","","","","","","","","","","","","","","","","","","","",""
"50020001","PTE DE LA HAGUE",49.725167,-1.939833,6,1951122912,"","","","",12.,1,"","","","","","","","","","","","","","","","","","","","","","","","","","","","","","",8.4,1,4.7,1,"","","","","","","","","","","","","","","","","","","","","","","","","","",76,1,"","","","","","","","","","","","",8.6,1,1007.7,1,"","","","","","",6,1,0,1,2,1,0,1,4,1,"","","","","","","","","","","","","","","","","","","","","","","","",22000,1,"","",2,1,6,1,"","","","","","","","","","",7,1,"","","","","","","","","","","","","","","","","","","","","","","","","","","","","","","","","","","","","","","","","","","","","","","","","","","","","",""
"50020001","PTE DE LA HAGUE",49.725167,-1.939833,6,1951122915,"","","","",9.,1,"","","","","","","","","","","","","","","","","","","","","","","","","","","","","","",8.4,1,3.3,1,"","","","","","","","","","","","","","","","","","","","","","","","","","",72,1,"","","","","","","","","","","","",7.8,1,1011.9,1,"","","","","","",6,1,5,1,2,1,0,1,2,1,"","","","","","","","","","","","","","","","","","","","","","","","",30000,1,"","",2,1,1,1,"","","","","","","","","","",7,1,"","","","","","","","","","","","","","","","","","","","","","","","","","","","","","","","","","","","","","","","","","","","","","","","","","","","","",""
"50020001","PTE DE LA HAGUE",49.725167,-1.939833,6,1951122918,"","","","",8.,1,"","","","","","","","","","","","","","","","","","","","","","","","","","","","","","",8.2,1,2.4,1,"","","","","","","","","","","","","","","","","","","","","","","","","","",65,1,"","","","","","","","","","","","",7.3,1,1015.8,1,"","","","","","",3,1,0,1,2,1,0,1,0,1,"","","","","","","","","","","","","","","","","","","","","","","","",32000,1,"","",1,1,1,1,"","","","","","","","","","",6,1,"","","","","","","","","","","","","","","","","","","","","","","","","","","","","","","","","","","","","","","","","","","","","","","","","","","","","",""
"50020001","PTE DE LA HAGUE",49.725167,-1.939833,6,1951123000,"","","","",5.,1,"","","","","","","","","","","","","","","","","","","","","","","","","","","","","","",8.4,1,2.8,1,"","","","","","","","","","","","","","","","","","","","","","","","","","",68,1,"","","","","","","","","","","","",7.5,1,1017.7,1,"","","","","","",8,1,8,1,0,1,2,1,"","","","","","","","","","","","","","","","","","","","","","","","","","",38000,1,"","",3,1,1,1,"","","","","","","","","","",5,1,"","","","","","","","","","","","","","","","","","","","","","","","","","","","","","","","","","","","","","","","","","","","","","","","","","","","","",""
"50020001","PTE DE LA HAGUE",49.725167,-1.939833,6,1951123006,"","","","",10.,1,"","","","","","","","","","","","","","","","","","","","","","","","","","","","","","",8.,1,7.3,1,"","","","","","","","","","","","","","","","","","","","","","","","","","",95,1,"","","","","","","","","","","","",10.4,1,1013.,1,"","","","","","",8,1,8,1,6,1,"","","","","","","","","","","","","","","","","","","","","","","","","","","","",8000,1,"","",52,1,1,1,"","","","","","","","","","",5,1,"","","","","","","","","","","","","","","","","","","","","","","","","","","","","","","","","","","","","","","","","","","","","","","","","","","","","",""
"50020001","PTE DE LA HAGUE",49.725167,-1.939833,6,1951123009,"","","","",8.,1,"","","","","","","","","","","","","","","","","","","","","","","","","","","","","","",11.4,1,10.6,1,"","","","","","","","","","","","","","","","","","","","","","","","","","",98,1,"","","","","","","","","","","","",13.,1,1012.5,1,"","","","","","",8,1,8,1,6,1,"","","","","","","","","","","","","","","","","","","","","","","","","","","","",4000,1,"","",53,1,6,1,"","","","","","","","","","",5,1,"","","","","","","","","","","","","","","","","","","","","","","","","","","","","","","","","","","","","","","","","","","","","","","","","","","","","",""
"50020001","PTE DE LA HAGUE",49.725167,-1.939833,6,1951123012,"","","","",8.,1,"","","","","","","","","","","","","","","","","","","","","","","","","","","","","","",11.6,1,10.6,1,"","","","","","","","","","","","","","","","","","","","","","","","","","",98,1,"","","","","","","","","","","","",13.,1,1012.2,1,"","","","","","",8,1,8,1,6,1,7,1,"","","","","","","","","","","","","","","","","","","","","","","","","","",12000,1,"","",50,1,6,1,"","","","","","","","","","",5,1,"","","","","","","","","","","","","","","","","","","","","","","","","","","","","","","","","","","","","","","","","","","","","","","","","","","","","",""
"50020001","PTE DE LA HAGUE",49.725167,-1.939833,6,1951123015,"","","","",7.,1,"","","","","","","","","","","","","","","","","","","","","","","","","","","","","","",10.4,1,5.3,1,"","","","","","","","","","","","","","","","","","","","","","","","","","",72,1,"","","","","","","","","","","","",9.,1,1015.,1,"","","","","","",8,1,8,1,5,1,0,1,6,1,"","","","","","","","","","","","","","","","","","","","","","","","",17000,1,"","",3,1,1,1,"","","","","","","","","","",6,1,"","","","","","","","","","","","","","","","","","","","","","","","","","","","","","","","","","","","","","","","","","","","","","","","","","","","","",""
"50020001","PTE DE LA HAGUE",49.725167,-1.939833,6,1951123018,"","","","",9.,1,"","","","","","","","","","","","","","","","","","","","","","","","","","","","","","",10.,1,3.3,1,"","","","","","","","","","","","","","","","","","","","","","","","","","",64,1,"","","","","","","","","","","","",7.8,1,1016.5,1,"","","","","","",6,1,6,1,5,1,0,1,0,1,"","","","","","","","","","","","","","","","","","","","","","","","",22000,1,"","",2,1,1,1,"","","","","","","","","","",6,1,"","","","","","","","","","","","","","","","","","","","","","","","","","","","","","","","","","","","","","","","","","","","","","","","","","","","","",""
"50020001","PTE DE LA HAGUE",49.725167,-1.939833,6,1951123100,"","","","",7.,1,"","","","","","","","","","","","","","","","","","","","","","","","","","","","","","",9.2,1,3.8,1,"","","","","","","","","","","","","","","","","","","","","","","","","","",69,1,"","","","","","","","","","","","",8.1,1,1019.,1,"","","","","","",8,1,8,1,5,1,"","","","","","","","","","","","","","","","","","","","","","","","","","","","",28000,1,"","",2,1,2,1,"","","","","","","","","","",5,1,"","","","","","","","","","","","","","","","","","","","","","","","","","","","","","","","","","","","","","","","","","","","","","","","","","","","","",""
"50020001","PTE DE LA HAGUE",49.725167,-1.939833,6,1951123106,"","","","",0.,1,"","","","","","","","","","","","","","","","","","","","","","","","","","","","","","",7.,1,4.2,1,"","","","","","","","","","","","","","","","","","","","","","","","","","",80,1,"","","","","","","","","","","","",8.3,1,1018.1,1,"","","","","","",8,1,8,1,0,1,2,1,"","","","","","","","","","","","","","","","","","","","","","","","","","",11000,1,"","",61,1,6,1,"","","","","","","","","","",4,1,"","","","","","","","","","","","","","","","","","","","","","","","","","","","","","","","","","","","","","","","","","","","","","","","","","","","","",""
"50020001","PTE DE LA HAGUE",49.725167,-1.939833,6,1951123109,"","","","",1.,1,"","","","","","","","","","","","","","","","","","","","","","","","","","","","","","",5.4,1,4.3,1,"","","","","","","","","","","","","","","","","","","","","","","","","","",94,1,"","","","","","","","","","","","",8.4,1,1015.5,1,"","","","","","",8,1,8,1,5,1,2,1,"","","","","","","","","","","","","","","","","","","","","","","","","","",7000,1,"","",63,1,6,1,"","","","","","","","","","",4,1,"","","","","","","","","","","","","","","","","","","","","","","","","","","","","","","","","","","","","","","","","","","","","","","","","","","","","",""
"50020001","PTE DE LA HAGUE",49.725167,-1.939833,6,1951123112,"","","","",3.,1,"","","","","","","","","","","","","","","","","","","","","","","","","","","","","","",5.,1,3.1,1,"","","","","","","","","","","","","","","","","","","","","","","","","","",90,1,"","","","","","","","","","","","",7.7,1,1010.7,1,"","","","","","",8,1,8,1,5,1,2,1,"","","","","","","","","","","","","","","","","","","","","","","","","","",12000,1,"","",61,1,6,1,"","","","","","","","","","",4,1,"","","","","","","","","","","","","","","","","","","","","","","","","","","","","","","","","","","","","","","","","","","","","","","","","","","","","",""
"50020001","PTE DE LA HAGUE",49.725167,-1.939833,6,1951123115,"","","","",5.,1,"","","","","","","","","","","","","","","","","","","","","","","","","","","","","","",6.,1,4.2,1,"","","","","","","","","","","","","","","","","","","","","","","","","","",91,1,"","","","","","","","","","","","",8.3,1,1005.8,1,"","","","","","",7,1,7,1,5,1,0,1,0,1,"","","","","","","","","","","","","","","","","","","","","","","","",25000,1,"","",21,1,6,1,"","","","","","","","","","",4,1,"","","","","","","","","","","","","","","","","","","","","","","","","","","","","","","","","","","","","","","","","","","","","","","","","","","","","",""
"50020001","PTE DE LA HAGUE",49.725167,-1.939833,6,1951123118,"","","","",2.,1,"","","","","","","","","","","","","","","","","","","","","","","","","","","","","","",6.6,1,5.1,1,"","","","","","","","","","","","","","","","","","","","","","","","","","",91,1,"","","","","","","","","","","","",8.9,1,1007.1,1,"","","","","","",8,1,8,1,5,1,"","","","","","","","","","","","","","","","","","","","","","","","","","","","",14000,1,"","",50,1,6,1,"","","","","","","","","","",3,1,"","","","","","","","","","","","","","","","","","","","","","","","","","","","","","","","","","","","","","","","","","","","","","","","","","","","","",""
