"NUM_POSTE","NOM_USUEL","LAT","LON","ALTI","AAAAMMJJHH","RR1","QRR1","DRR1","QDRR1","FF","QFF","DD","QDD","FXY","QFXY","DXY","QDXY","HXY","QHXY","FXI","QFXI","DXI","QDXI","HXI","QHXI","FF2","QFF2","DD2","QDD2","FXI2","QFXI2","DXI2","QDXI2","HXI2","QHXI2","FXI3S","QFXI3S","DXI3S","QDXI3S","HFXI3S","QHFXI3S","T","QT","TD","QTD","TN","QTN","HTN","QHTN","TX","QTX","HTX","QHTX","DG","QDG","T10","QT10","T20","QT20","T50","QT50","T100","QT100","TNSOL","QTNSOL","TN50","QTN50","TCHAUSSEE","QTCHAUSSEE","DHUMEC","QDHUMEC","U","QU","UN","QUN","HUN","QHUN","UX","QUX","HUX","QHUX","DHUMI40","QDHUMI40","DHUMI80","QDHUMI80","TSV","QTSV","PMER","QPMER","PSTAT","QPSTAT","PMERMIN","QPMERMIN","GEOP","QGEOP","N","QN","NBAS","QNBAS","CL","QCL","CM","QCM","CH","QCH","N1","QN1","C1","QC1","B1","QB1","N2","QN2","C2","QC2","B2","QB2","N3","QN3","C3","QC3","B3","QB3","N4","QN4","C4","QC4","B4","QB4","VV","QVV","DVV200","QDVV200","WW","QWW","W1","QW1","W2","QW2","SOL","QSOL","SOLNG","QSOLNG","TMER","QTMER","VVMER","QVVMER","ETATMER","QETATMER","DIRHOULE","QDIRHOULE","HVAGUE","QHVAGUE","PVAGUE","QPVAGUE","HNEIGEF","QHNEIGEF","NEIGETOT","QNEIGETOT","TSNEIGE","QTSNEIGE","TUBENEIGE","QTUBENEIGE","HNEIGEFI3","QHNEIGEFI3","HNEIGEFI1","QHNEIGEFI1","ESNEIGE","QESNEIGE","CHARGENEIGE","QCHARGENEIGE","GLO","QGLO","GLO2","QGLO2","DIR","QDIR","DIR2","QDIR2","DIF","QDIF","DIF2","QDIF2","UV","QUV","UV2","QUV2","UV_INDICE","QUV_INDICE","INFRAR","QINFRAR","INFRAR2","QINFRAR2","INS","QINS","INS2","QINS2","TLAGON","QTLAGON","TVEGETAUX","QTVEGETAUX","ECOULEMENT","QECOULEMENT"
"31069001","TOULOUSE-BLAGNAC",43.621,1.378833,151,1968010100,"","","","",6.,1,300,1,"","","","","","","","","","","","","","","","","","","","","","","","","","","","",5.1,1,3.7,1,"","","","","","","","","","","","","","","","","","","","","","","","","","",91,1,"","","","","","","","","","","","",8.,1,1015.7,1,997.,1,"","","",1,"","","","","","","","","","","","","","","","","","","","","","","","","","","","","","","","","","","","","","","","","","","","","","","","","","","","","","","","","","","","","","","","","","","","","","","","","","","","","","","","","","","","","","","","","","","","","","","","","","","","","","","","","","","",""
"31069001","TOULOUSE-BLAGNAC",43.621,1.378833,151,1968010103,"","","","",5.,1,300,1,"","","","","","","","","","","","","","","","","","","","","","","","","","","","",3.6,1,2.,1,"","","","","","","","","","","","","","","","","","","","","","","","","","",90,1,"","","","","","","","","","","","",7.1,1,1018.,1,999.2,1,"","","",1,"","","","","","","","","","","","","","","","","","","","","","","","","","","","","","","","","","","","","","","","","","","","","","","","","","","","","","","","","","","","","","","","","","","","","","","","","","","","","","","","","","","","","","","","","","","","","","","","","","","","","","","","","","","",""
"31069001","TOULOUSE-BLAGNAC",43.621,1.378833,151,1968010106,"","","","",3.,1,280,1,"","","","","","","","","","","","","","","","","","","","","","","","","","","","",3.1,1,2.2,1,"","","","","","","","","","","","","","","","","","","","","","","","","","",95,1,"","","","","","","","","","","","",7.2,1,1016.,1,997.2,1,"","","",1,"","","","","","","","","","","","","","","","","","","","","","","","","","","","","","","","","","","","","","","","","","","","","","","","","","","","","","","","","","","","","","","","","","","","","","","","","","","","","","","","","","","","","","","","","","","","","","","","","","","","","","","","","","","",""
"31069001","TOULOUSE-BLAGNAC",43.621,1.378833,151,1968010109,"","","","",0.,1,0,1,"","","","","","","","","","","","","","","","","","","","","","","","","","","","",3.9,1,3.1,1,"","","","","","","","","","","","","","","","","","","","","","","","","","",95,1,"","","","","","","","","","","","",7.7,1,1015.9,1,997.1,1,"","","",1,6,1,0,1,0,1,3,1,2,1,"","","","","","","","","","","","","","","","","","","","","","","","",20000,1,"","",1,1,2,1,"","","","","","","","","","","","","","","","","","","","","","","","","","","","","","","","","","","","","","","","","","","","","","","","","","","","","","","","","","","","","","","","","",""
"31069001","TOULOUSE-BLAGNAC",43.621,1.378833,151,1968010112,"","","","",3.,1,260,1,"","","","","","","","","","","","","","","","","","","","","","","","","","","","",7.3,1,3.1,1,"","","","","","","","","","","","","","","","","","","","","","","","","","",76,1,"","","","","","","","","","","","",7.7,1,1012.2,1,993.7,1,"","","",1,8,1,8,1,5,1,7,1,"","","","","","","","","","","","","","","","","","","","","","","","","","",20000,1,"","",3,1,2,1,"","","","","","","","","","","","","","","","","","","","","","","","","","","","","","","","","","","","","","","","","","","","","","","","","","","","","","","","","","","","","","","","","",""
"31069001","TOULOUSE-BLAGNAC",43.621,1.378833,151,1968010115,"","","","",9.,1,260,1,"","","","","","","","","","","","","","","","","","","","","","","","","","","","",9.3,1,7.7,1,"","","","","","","","","","","","","","","","","","","","","","","","","","",91,1,"","","","","","","","","","","","",10.7,1,1009.,1,990.7,1,"","","",1,8,1,8,1,5,1,"","","","","","","","","","","","","","","","","","","","","","","","","","","","",10000,1,"","",60,1,2,1,"","","","","","","","","","","","","","","","","","","","","","","","","","","","","","","","","","","","","","","","","","","","","","","","","","","","","","","","","","","","","","","","","",""
"31069001","TOULOUSE-BLAGNAC",43.621,1.378833,151,1968010118,"","","","",8.,1,260,1,"","","","","","","","","","","","","","","","","","","","","","","","","","","","",9.8,1,8.8,1,"","","","","","","","","","","","","","","","","","","","","","","","","","",95,1,"","","","","","","","","","","","",11.5,1,1007.1,1,988.9,1,"","","",1,8,1,8,1,5,1,"","","","","","","","","","","","","","","","","","","","","","","","","","","","",6000,1,"","",63,1,6,1,"","","","","","","","","","","","","","","","","","","","","","","","","","","","","","","","","","","","","","","","","","","","","","","","","","","","","","","","","","","","","","","","","",""
"31069001","TOULOUSE-BLAGNAC",43.621,1.378833,151,1968010121,"","","","",10.,1,300,1,"","","","","","","","","","","","","","","","","","","","","","","","","","","","",9.7,1,8.4,1,"","","","","","","","","","","","","","","","","","","","","","","","","","",93,1,"","","","","","","","","","","","",11.2,1,1007.,1,988.8,1,"","","",1,8,1,5,1,5,1,"","","","","","","","","","","","","","","","","","","","","","","","","","","","",15000,1,"","",61,1,6,1,"","","","","","","","","","","","","","","","","","","","","","","","","","","","","","","","","","","","","","","","","","","","","","","","","","","","","","","","","","","","","","","","","",""
"31069001","TOULOUSE-BLAGNAC",43.621,1.378833,151,1968010200,"","","","",10.,1,300,1,"","","","","","","","","","","","","","","","","","","","","","","","","","","","",8.4,1,5.1,1,"","","","","","","","","","","","","","","","","","","","","","","","","","",81,1,"","","","","","","","","","","","",8.9,1,1008.,1,989.7,1,"","","",1,2,1,0,1,5,1,0,1,0,1,"","","","","","","","","","","","","","","","","","","","","","","","",15000,1,"","",1,1,6,1,"","","","","","","","","","","","","","","","","","","","","","","","","","","","","","","","","","","","","","","","","","","","","","","","","","","","","","","","","","","","","","","","","",""
"31069001","TOULOUSE-BLAGNAC",43.621,1.378833,151,1968010203,"","","","",8.,1,280,1,"","","","","","","","","","","","","","","","","","","","","","","","","","","","",7.,1,4.5,1,"","","","","","","","","","","","","","","","","","","","","","","","","","",85,1,"","","","","","","","","","","","",8.5,1,1010.7,1,992.2,1,"","","",1,7,1,7,1,5,1,"","","","","","","","","","","","","","","","","","","","","","","","","","","","",15000,1,"","",2,1,6,1,"","","","","","","","","","","","","","","","","","","","","","","","","","","","","","","","","","","","","","","","","","","","","","","","","","","","","","","","","","","","","","","","","",""
"31069001","TOULOUSE-BLAGNAC",43.621,1.378833,151,1968010206,"","","","",8.,1,300,1,"","","","","","","","","","","","","","","","","","","","","","","","","","","","",7.2,1,4.8,1,"","","","","","","","","","","","","","","","","","","","","","","","","","",85,1,"","","","","","","","","","","","",8.7,1,1009.2,1,990.8,1,"","","",1,7,1,5,1,5,1,"","","","","","","","","","","","","","","","","","","","","","","","","","","","",10000,1,"","",21,1,6,1,"","",2,1,"","","","","","","","","","","","","","","","","","","","","","","","","","","","","","","","","","","","","","","","","","","","","","","","","","","","","","","","","","","","","",""
"31069001","TOULOUSE-BLAGNAC",43.621,1.378833,151,1968010209,"","","","",10.,1,280,1,"","","","","","","","","","","","","","","","","","","","","","","","","","","","",6.8,1,4.3,1,"","","","","","","","","","","","","","","","","","","","","","","","","","",85,1,"","","","","","","","","","","","",8.4,1,1011.2,1,992.7,1,"","","",1,6,1,6,1,8,1,0,1,0,1,"","","","","","","","","","","","","","","","","","","","","","","","",10000,1,"","",1,1,6,1,"","","","","","","","","","","","","","","","","","","","","","","","","","","","","","","","","","","","","","","","","","","","","","","","","","","","","","","","","","","","","","","","","",""
"31069001","TOULOUSE-BLAGNAC",43.621,1.378833,151,1968010212,"","","","",12.,1,320,1,"","","","","","","","","","","","","","","","","","","","","","","","","","","","",8.,1,2.8,1,"","","","","","","","","","","","","","","","","","","","","","","","","","",70,1,"","","","","","","","","","","","",7.5,1,1012.1,1,993.7,1,"","","",1,6,1,5,1,8,1,0,1,0,1,"","","","","","","","","","","","","","","","","","","","","","","","",20000,1,"","",1,1,6,1,"","","","","","","","","","","","","","","","","","","","","","","","","","","","","","","","","","","","","","","","","","","","","","","","","","","","","","","","","","","","","","","","","",""
"31069001","TOULOUSE-BLAGNAC",43.621,1.378833,151,1968010215,"","","","",12.,1,320,1,"","","","","","","","","","","","","","","","","","","","","","","","","","","","",9.,1,1.,1,"","","","","","","","","","","","","","","","","","","","","","","","","","",59,1,"","","","","","","","","","","","",6.6,1,1012.5,1,994.1,1,"","","",1,6,1,5,1,8,1,0,1,0,1,"","","","","","","","","","","","","","","","","","","","","","","","",20000,1,"","",2,1,1,1,"","","","","","","","","","","","","","","","","","","","","","","","","","","","","","","","","","","","","","","","","","","","","","","","","","","","","","","","","","","","","","","","","",""
"31069001","TOULOUSE-BLAGNAC",43.621,1.378833,151,1968010218,"","","","",8.,1,280,1,"","","","","","","","","","","","","","","","","","","","","","","","","","","","",7.1,1,2.,1,"","","","","","","","","","","","","","","","","","","","","","","","","","",70,1,"","","","","","","","","","","","",7.1,1,1015.5,1,997.,1,"","","",1,6,1,6,1,5,1,0,1,0,1,"","","","","","","","","","","","","","","","","","","","","","","","",20000,1,"","",2,1,1,1,"","","","","","","","","","","","","","","","","","","","","","","","","","","","","","","","","","","","","","","","","","","","","","","","","","","","","","","","","","","","","","","","","",""
"31069001","TOULOUSE-BLAGNAC",43.621,1.378833,151,1968010221,"","","","",7.,1,280,1,"","","","","","","","","","","","","","","","","","","","","","","","","","","","",5.3,1,2.6,1,"","","","","","","","","","","","","","","","","","","","","","","","","","",83,1,"","","","","","","","","","","","",7.4,1,1017.5,1,998.8,1,"","","",1,4,1,0,1,5,1,0,1,0,1,"","","","","","","","","","","","","","","","","","","","","","","","",20000,1,"","",2,1,1,1,"","","","","","","","","","","","","","","","","","","","","","","","","","","","","","","","","","","","","","","","","","","","","","","","","","","","","","","","","","","","","","","","","",""
"31069001","TOULOUSE-BLAGNAC",43.621,1.378833,151,1968010300,"","","","",6.,1,280,1,"","","","","","","","","","","","","","","","","","","","","","","","","","","","",5.7,1,3.,1,"","","","","","","","","","","","","","","","","","","","","","","","","","",83,1,"","","","","","","","","","","","",7.6,1,1017.9,1,999.2,1,"","","",1,7,1,7,1,5,1,"","","","","","","","","","","","","","","","","","","","","","","","","","","","",15000,1,"","",1,1,1,1,"","","","","","","","","","","","","","","","","","","","","","","","","","","","","","","","","","","","","","","","","","","","","","","","","","","","","","","","","","","","","","","","","",""
"31069001","TOULOUSE-BLAGNAC",43.621,1.378833,151,1968010303,"","","","",5.,1,280,1,"","","","","","","","","","","","","","","","","","","","","","","","","","","","",5.4,1,4.3,1,"","","","","","","","","","","","","","","","","","","","","","","","","","",94,1,"","","","","","","","","","","","",8.4,1,1018.3,1,999.6,1,"","","",1,8,1,8,1,5,1,"","","","","","","","","","","","","","","","","","","","","","","","","","","","",10000,1,"","",2,1,5,1,"","","","","","","","","","","","","","","","","","","","","","","","","","","","","","","","","","","","","","","","","","","","","","","","","","","","","","","","","","","","","","","","","",""
"31069001","TOULOUSE-BLAGNAC",43.621,1.378833,151,1968010306,"","","","",1.,1,260,1,"","","","","","","","","","","","","","","","","","","","","","","","","","","","",5.2,1,4.5,1,"","","","","","","","","","","","","","","","","","","","","","","","","","",97,1,"","","","","","","","","","","","",8.5,1,1016.4,1,997.7,1,"","","",1,8,1,8,1,5,1,"","","","","","","","","","","","","","","","","","","","","","","","","","","","",6000,1,"","",58,1,5,1,"","",2,1,"","","","","","","","","","","","","","","","","","","","","","","","","","","","","","","","","","","","","","","","","","","","","","","","","","","","","","","","","","","","","",""
"31069001","TOULOUSE-BLAGNAC",43.621,1.378833,151,1968010309,"","","","",8.,1,280,1,"","","","","","","","","","","","","","","","","","","","","","","","","","","","",8.4,1,7.6,1,"","","","","","","","","","","","","","","","","","","","","","","","","","",96,1,"","","","","","","","","","","","",10.6,1,1015.3,1,996.9,1,"","","",1,8,1,5,1,5,1,"","","","","","","","","","","","","","","","","","","","","","","","","","","","",7000,1,"","",61,1,5,1,"","","","","","","","","","","","","","","","","","","","","","","","","","","","","","","","","","","","","","","","","","","","","","","","","","","","","","","","","","","","","","","","","",""
"31069001","TOULOUSE-BLAGNAC",43.621,1.378833,151,1968010312,"","","","",10.,1,280,1,"","","","","","","","","","","","","","","","","","","","","","","","","","","","",10.8,1,8.9,1,"","","","","","","","","","","","","","","","","","","","","","","","","","",90,1,"","","","","","","","","","","","",11.6,1,1014.2,1,995.9,1,"","","",1,8,1,6,1,2,1,"","","","","","","","","","","","","","","","","","","","","","","","","","","","",12000,1,"","",20,1,6,1,"","","","","","","","","","","","","","","","","","","","","","","","","","","","","","","","","","","","","","","","","","","","","","","","","","","","","","","","","","","","","","","","","",""
"31069001","TOULOUSE-BLAGNAC",43.621,1.378833,151,1968010315,"","","","",10.,1,300,1,"","","","","","","","","","","","","","","","","","","","","","","","","","","","",10.2,1,8.8,1,"","","","","","","","","","","","","","","","","","","","","","","","","","",92,1,"","","","","","","","","","","","",11.5,1,1014.8,1,996.5,1,"","","",1,7,1,7,1,2,1,"","","","","","","","","","","","","","","","","","","","","","","","","","","","",15000,1,"","",25,1,8,1,"","","","","","","","","","","","","","","","","","","","","","","","","","","","","","","","","","","","","","","","","","","","","","","","","","","","","","","","","","","","","","","","","",""
"31069001","TOULOUSE-BLAGNAC",43.621,1.378833,151,1968010318,"","","","",7.,1,280,1,"","","","","","","","","","","","","","","","","","","","","","","","","","","","",9.2,1,7.3,1,"","","","","","","","","","","","","","","","","","","","","","","","","","",89,1,"","","","","","","","","","","","",10.4,1,1016.9,1,998.5,1,"","","",1,6,1,6,1,8,1,0,1,0,1,"","","","","","","","","","","","","","","","","","","","","","","","",20000,1,"","",1,1,8,1,"","","","","","","","","","","","","","","","","","","","","","","","","","","","","","","","","","","","","","","","","","","","","","","","","","","","","","","","","","","","","","","","","",""
"31069001","TOULOUSE-BLAGNAC",43.621,1.378833,151,1968010321,"","","","",7.,1,280,1,"","","","","","","","","","","","","","","","","","","","","","","","","","","","",9.,1,6.2,1,"","","","","","","","","","","","","","","","","","","","","","","","","","",84,1,"","","","","","","","","","","","",9.6,1,1017.3,1,998.9,1,"","","",1,3,1,0,1,5,1,0,1,0,1,"","","","","","","","","","","","","","","","","","","","","","","","",30000,1,"","",1,1,1,1,"","","","","","","","","","","","","","","","","","","","","","","","","","","","","","","","","","","","","","","","","","","","","","","","","","","","","","","","","","","","","","","","","",""
"31069001","TOULOUSE-BLAGNAC",43.621,1.378833,151,1968010400,"","","","",7.,1,260,1,"","","","","","","","","","","","","","","","","","","","","","","","","","","","",8.1,1,5.9,1,"","","","","","","","","","","","","","","","","","","","","","","","","","",87,1,"","","","","","","","","","","","",9.4,1,1017.3,1,998.8,1,"","","",1,3,1,0,1,5,1,0,1,0,1,"","","","","","","","","","","","","","","","","","","","","","","","",30000,1,"","",3,1,1,1,"","","","","","","","","","","","","","","","","","","","","","","","","","","","","","","","","","","","","","","","","","","","","","","","","","","","","","","","","","","","","","","","","",""
"31069001","TOULOUSE-BLAGNAC",43.621,1.378833,151,1968010403,"","","","",7.,1,280,1,"","","","","","","","","","","","","","","","","","","","","","","","","","","","",8.,1,7.1,1,"","","","","","","","","","","","","","","","","","","","","","","","","","",94,1,"","","","","","","","","","","","",10.2,1,1019.,1,1000.5,1,"","","",1,8,1,8,1,5,1,"","","","","","","","","","","","","","","","","","","","","","","","","","","","",15000,1,"","",60,1,6,1,"","","","","","","","","","","","","","","","","","","","","","","","","","","","","","","","","","","","","","","","","","","","","","","","","","","","","","","","","","","","","","","","","",""
"31069001","TOULOUSE-BLAGNAC",43.621,1.378833,151,1968010406,"","","","",7.,1,300,1,"","","","","","","","","","","","","","","","","","","","","","","","","","","","",8.,1,7.1,1,"","","","","","","","","","","","","","","","","","","","","","","","","","",94,1,"","","","","","","","","","","","",10.2,1,1021.3,1,1002.7,1,"","","",1,8,1,7,1,5,1,"","","","","","","","","","","","","","","","","","","","","","","","","","","","",15000,1,"","",2,1,6,1,"","",2,1,"","","","","","","","","","","","","","","","","","","","","","","","","","","","","","","","","","","","","","","","","","","","","","","","","","","","","","","","","","","","","",""
"31069001","TOULOUSE-BLAGNAC",43.621,1.378833,151,1968010409,"","","","",6.,1,280,1,"","","","","","","","","","","","","","","","","","","","","","","","","","","","",8.4,1,7.1,1,"","","","","","","","","","","","","","","","","","","","","","","","","","",93,1,"","","","","","","","","","","","",10.2,1,1023.5,1,1004.9,1,"","","",1,8,1,8,1,8,1,"","","","","","","","","","","","","","","","","","","","","","","","","","","","",15000,1,"","",3,1,2,1,"","","","","","","","","","","","","","","","","","","","","","","","","","","","","","","","","","","","","","","","","","","","","","","","","","","","","","","","","","","","","","","","","",""
"31069001","TOULOUSE-BLAGNAC",43.621,1.378833,151,1968010412,"","","","",7.,1,300,1,"","","","","","","","","","","","","","","","","","","","","","","","","","","","",9.6,1,7.3,1,"","","","","","","","","","","","","","","","","","","","","","","","","","",87,1,"","","","","","","","","","","","",10.4,1,1024.5,1,1006.,1,"","","",1,7,1,7,1,8,1,"","","","","","","","","","","","","","","","","","","","","","","","","","","","",7000,1,"","",25,1,8,1,"","","","","","","","","","","","","","","","","","","","","","","","","","","","","","","","","","","","","","","","","","","","","","","","","","","","","","","","","","","","","","","","","",""
"31069001","TOULOUSE-BLAGNAC",43.621,1.378833,151,1968010415,"","","","",6.,1,300,1,"","","","","","","","","","","","","","","","","","","","","","","","","","","","",10.3,1,6.8,1,"","","","","","","","","","","","","","","","","","","","","","","","","","",80,1,"","","","","","","","","","","","",10.,1,1024.,1,1005.5,1,"","","",1,7,1,7,1,8,1,"","","","","","","","","","","","","","","","","","","","","","","","","","","","",30000,1,"","",3,1,2,1,"","","","","","","","","","","","","","","","","","","","","","","","","","","","","","","","","","","","","","","","","","","","","","","","","","","","","","","","","","","","","","","","","",""
"31069001","TOULOUSE-BLAGNAC",43.621,1.378833,151,1968010418,"","","","",2.,1,280,1,"","","","","","","","","","","","","","","","","","","","","","","","","","","","",8.8,1,7.5,1,"","","","","","","","","","","","","","","","","","","","","","","","","","",93,1,"","","","","","","","","","","","",10.5,1,1024.6,1,1006.,1,"","","",1,7,1,7,1,8,1,"","","","","","","","","","","","","","","","","","","","","","","","","","","","",15000,1,"","",2,1,2,1,"","","","","","","","","","","","","","","","","","","","","","","","","","","","","","","","","","","","","","","","","","","","","","","","","","","","","","","","","","","","","","","","","",""
"31069001","TOULOUSE-BLAGNAC",43.621,1.378833,151,1968010421,"","","","",5.,1,260,1,"","","","","","","","","","","","","","","","","","","","","","","","","","","","",9.6,1,7.6,1,"","","","","","","","","","","","","","","","","","","","","","","","","","",88,1,"","","","","","","","","","","","",10.6,1,1024.,1,1005.5,1,"","","",1,8,1,8,1,5,1,"","","","","","","","","","","","","","","","","","","","","","","","","","","","",15000,1,"","",3,1,5,1,"","","","","","","","","","","","","","","","","","","","","","","","","","","","","","","","","","","","","","","","","","","","","","","","","","","","","","","","","","","","","","","","","",""
"31069001","TOULOUSE-BLAGNAC",43.621,1.378833,151,1968010500,"","","","",8.,1,280,1,"","","","","","","","","","","","","","","","","","","","","","","","","","","","",10.8,1,9.5,1,"","","","","","","","","","","","","","","","","","","","","","","","","","",94,1,"","","","","","","","","","","","",12.1,1,1023.3,1,1004.9,1,"","","",1,8,1,8,1,7,1,"","","","","","","","","","","","","","","","","","","","","","","","","","","","",10000,1,"","",61,1,5,1,"","","","","","","","","","","","","","","","","","","","","","","","","","","","","","","","","","","","","","","","","","","","","","","","","","","","","","","","","","","","","","","","","",""
"31069001","TOULOUSE-BLAGNAC",43.621,1.378833,151,1968010503,"","","","",9.,1,280,1,"","","","","","","","","","","","","","","","","","","","","","","","","","","","",11.,1,10.1,1,"","","","","","","","","","","","","","","","","","","","","","","","","","",96,1,"","","","","","","","","","","","",12.6,1,1023.6,1,1005.2,1,"","","",1,8,1,5,1,5,1,"","","","","","","","","","","","","","","","","","","","","","","","","","","","",6000,1,"","",51,1,6,1,"","","","","","","","","","","","","","","","","","","","","","","","","","","","","","","","","","","","","","","","","","","","","","","","","","","","","","","","","","","","","","","","","",""
"31069001","TOULOUSE-BLAGNAC",43.621,1.378833,151,1968010506,"","","","",8.,1,280,1,"","","","","","","","","","","","","","","","","","","","","","","","","","","","",11.,1,10.3,1,"","","","","","","","","","","","","","","","","","","","","","","","","","",97,1,"","","","","","","","","","","","",12.8,1,1024.1,1,1005.7,1,"","","",1,8,1,8,1,5,1,"","","","","","","","","","","","","","","","","","","","","","","","","","","","",5000,1,"","",51,1,6,1,"","",2,1,"","","","","","","","","","","","","","","","","","","","","","","","","","","","","","","","","","","","","","","","","","","","","","","","","","","","","","","","","","","","","",""
"31069001","TOULOUSE-BLAGNAC",43.621,1.378833,151,1968010509,"","","","",8.,1,280,1,"","","","","","","","","","","","","","","","","","","","","","","","","","","","",11.3,1,9.8,1,"","","","","","","","","","","","","","","","","","","","","","","","","","",91,1,"","","","","","","","","","","","",12.3,1,1025.3,1,1006.9,1,"","","",1,7,1,7,1,8,1,"","","","","","","","","","","","","","","","","","","","","","","","","","","","",15000,1,"","",21,1,5,1,"","","","","","","","","","","","","","","","","","","","","","","","","","","","","","","","","","","","","","","","","","","","","","","","","","","","","","","","","","","","","","","","","",""
"31069001","TOULOUSE-BLAGNAC",43.621,1.378833,151,1968010512,"","","","",5.,1,300,1,"","","","","","","","","","","","","","","","","","","","","","","","","","","","",11.3,1,9.2,1,"","","","","","","","","","","","","","","","","","","","","","","","","","",89,1,"","","","","","","","","","","","",11.8,1,1025.5,1,1007.1,1,"","","",1,8,1,8,1,7,1,"","","","","","","","","","","","","","","","","","","","","","","","","","","","",5000,1,"","",51,1,6,1,"","","","","","","","","","","","","","","","","","","","","","","","","","","","","","","","","","","","","","","","","","","","","","","","","","","","","","","","","","","","","","","","","",""
"31069001","TOULOUSE-BLAGNAC",43.621,1.378833,151,1968010515,"","","","",6.,1,280,1,"","","","","","","","","","","","","","","","","","","","","","","","","","","","",11.4,1,8.9,1,"","","","","","","","","","","","","","","","","","","","","","","","","","",86,1,"","","","","","","","","","","","",11.6,1,1024.9,1,1006.5,1,"","","",1,7,1,7,1,8,1,"","","","","","","","","","","","","","","","","","","","","","","","","","","","",20000,1,"","",20,1,5,1,"","","","","","","","","","","","","","","","","","","","","","","","","","","","","","","","","","","","","","","","","","","","","","","","","","","","","","","","","","","","","","","","","",""
"31069001","TOULOUSE-BLAGNAC",43.621,1.378833,151,1968010518,"","","","",5.,1,280,1,"","","","","","","","","","","","","","","","","","","","","","","","","","","","",10.5,1,8.3,1,"","","","","","","","","","","","","","","","","","","","","","","","","","",88,1,"","","","","","","","","","","","",11.1,1,1024.6,1,1006.1,1,"","","",1,7,1,7,1,5,1,"","","","","","","","","","","","","","","","","","","","","","","","","","","","",20000,1,"","",2,1,5,1,"","","","","","","","","","","","","","","","","","","","","","","","","","","","","","","","","","","","","","","","","","","","","","","","","","","","","","","","","","","","","","","","","",""
"31069001","TOULOUSE-BLAGNAC",43.621,1.378833,151,1968010521,"","","","",3.,1,240,1,"","","","","","","","","","","","","","","","","","","","","","","","","","","","",10.,1,8.1,1,"","","","","","","","","","","","","","","","","","","","","","","","","","",90,1,"","","","","","","","","","","","",11.,1,1023.6,1,1005.1,1,"","","",1,8,1,8,1,5,1,"","","","","","","","","","","","","","","","","","","","","","","","","","","","",20000,1,"","",3,1,2,1,"","","","","","","","","","","","","","","","","","","","","","","","","","","","","","","","","","","","","","","","","","","","","","","","","","","","","","","","","","","","","","","","","",""
"31069001","TOULOUSE-BLAGNAC",43.621,1.378833,151,1968010600,"","","","",5.,1,260,1,"","","","","","","","","","","","","","","","","","","","","","","","","","","","",10.,1,7.3,1,"","","","","","","","","","","","","","","","","","","","","","","","","","",85,1,"","","","","","","","","","","","",10.4,1,1023.2,1,1004.7,1,"","","",1,8,1,8,1,5,1,"","","","","","","","","","","","","","","","","","","","","","","","","","","","",20000,1,"","",3,1,2,1,"","","","","","","","","","","","","","","","","","","","","","","","","","","","","","","","","","","","","","","","","","","","","","","","","","","","","","","","","","","","","","","","","",""
"31069001","TOULOUSE-BLAGNAC",43.621,1.378833,151,1968010603,"","","","",6.,1,240,1,"","","","","","","","","","","","","","","","","","","","","","","","","","","","",10.6,1,5.3,1,"","","","","","","","","","","","","","","","","","","","","","","","","","",70,1,"","","","","","","","","","","","",9.,1,1021.3,1,1002.9,1,"","","",1,8,1,8,1,5,1,"","","","","","","","","","","","","","","","","","","","","","","","","","","","",20000,1,"","",60,1,2,1,"","","","","","","","","","","","","","","","","","","","","","","","","","","","","","","","","","","","","","","","","","","","","","","","","","","","","","","","","","","","","","","","","",""
"31069001","TOULOUSE-BLAGNAC",43.621,1.378833,151,1968010606,"","","","",7.,1,300,1,"","","","","","","","","","","","","","","","","","","","","","","","","","","","",8.8,1,6.5,1,"","","","","","","","","","","","","","","","","","","","","","","","","","",87,1,"","","","","","","","","","","","",9.8,1,1023.8,1,1005.2,1,"","","",1,4,1,0,1,5,1,0,1,0,1,"","","","","","","","","","","","","","","","","","","","","","","","",20000,1,"","",1,1,6,1,"","",2,1,"","","","","","","","","","","","","","","","","","","","","","","","","","","","","","","","","","","","","","","","","","","","","","","","","","","","","","","","","","","","","",""
"31069001","TOULOUSE-BLAGNAC",43.621,1.378833,151,1968010609,"","","","",9.,1,280,1,"","","","","","","","","","","","","","","","","","","","","","","","","","","","",8.6,1,6.8,1,"","","","","","","","","","","","","","","","","","","","","","","","","","",89,1,"","","","","","","","","","","","",10.,1,1025.2,1,1006.6,1,"","","",1,1,1,0,1,8,1,0,1,0,1,"","","","","","","","","","","","","","","","","","","","","","","","",40000,1,"","",2,1,8,1,"","","","","","","","","","","","","","","","","","","","","","","","","","","","","","","","","","","","","","","","","","","","","","","","","","","","","","","","","","","","","","","","","",""
"31069001","TOULOUSE-BLAGNAC",43.621,1.378833,151,1968010612,"","","","",8.,1,280,1,"","","","","","","","","","","","","","","","","","","","","","","","","","","","",8.8,1,5.3,1,"","","","","","","","","","","","","","","","","","","","","","","","","","",80,1,"","","","","","","","","","","","",9.,1,1025.4,1,1006.8,1,"","","",1,5,1,0,1,8,1,0,1,0,1,"","","","","","","","","","","","","","","","","","","","","","","","",30000,1,"","",25,1,8,1,"","","","","","","","","","","","","","","","","","","","","","","","","","","","","","","","","","","","","","","","","","","","","","","","","","","","","","","","","","","","","","","","","",""
"31069001","TOULOUSE-BLAGNAC",43.621,1.378833,151,1968010615,"","","","",8.,1,260,1,"","","","","","","","","","","","","","","","","","","","","","","","","","","","",10.1,1,5.5,1,"","","","","","","","","","","","","","","","","","","","","","","","","","",73,1,"","","","","","","","","","","","",9.1,1,1023.8,1,1005.3,1,"","","",1,7,1,6,1,8,1,4,1,2,1,"","","","","","","","","","","","","","","","","","","","","","","","",30000,1,"","",3,1,8,1,"","","","","","","","","","","","","","","","","","","","","","","","","","","","","","","","","","","","","","","","","","","","","","","","","","","","","","","","","","","","","","","","","",""
"31069001","TOULOUSE-BLAGNAC",43.621,1.378833,151,1968010618,"","","","",6.,1,260,1,"","","","","","","","","","","","","","","","","","","","","","","","","","","","",8.2,1,6.4,1,"","","","","","","","","","","","","","","","","","","","","","","","","","",89,1,"","","","","","","","","","","","",9.7,1,1023.2,1,1004.6,1,"","","",1,7,1,6,1,4,1,4,1,"","","","","","","","","","","","","","","","","","","","","","","","","","",30000,1,"","",2,1,8,1,"","","","","","","","","","","","","","","","","","","","","","","","","","","","","","","","","","","","","","","","","","","","","","","","","","","","","","","","","","","","","","","","","",""
"31069001","TOULOUSE-BLAGNAC",43.621,1.378833,151,1968010621,"","","","",8.,1,260,1,"","","","","","","","","","","","","","","","","","","","","","","","","","","","",8.5,1,5.9,1,"","","","","","","","","","","","","","","","","","","","","","","","","","",85,1,"","","","","","","","","","","","",9.4,1,1021.2,1,1002.7,1,"","","",1,7,1,5,1,5,1,3,1,"","","","","","","","","","","","","","","","","","","","","","","","","","",15000,1,"","",1,1,2,1,"","","","","","","","","","","","","","","","","","","","","","","","","","","","","","","","","","","","","","","","","","","","","","","","","","","","","","","","","","","","","","","","","",""
"31069001","TOULOUSE-BLAGNAC",43.621,1.378833,151,1968010700,"","","","",9.,1,260,1,"","","","","","","","","","","","","","","","","","","","","","","","","","","","",8.9,1,3.8,1,"","","","","","","","","","","","","","","","","","","","","","","","","","",71,1,"","","","","","","","","","","","",8.1,1,1018.,1,999.5,1,"","","",1,7,1,5,1,5,1,7,1,2,1,"","","","","","","","","","","","","","","","","","","","","","","","",15000,1,"","",1,1,2,1,"","","","","","","","","","","","","","","","","","","","","","","","","","","","","","","","","","","","","","","","","","","","","","","","","","","","","","","","","","","","","","","","","",""
"31069001","TOULOUSE-BLAGNAC",43.621,1.378833,151,1968010703,"","","","",12.,1,260,1,"","","","","","","","","","","","","","","","","","","","","","","","","","","","",9.6,1,5.1,1,"","","","","","","","","","","","","","","","","","","","","","","","","","",74,1,"","","","","","","","","","","","",8.9,1,1013.9,1,995.6,1,"","","",1,8,1,8,1,5,1,7,1,"","","","","","","","","","","","","","","","","","","","","","","","","","",15000,1,"","",21,1,2,1,"","","","","","","","","","","","","","","","","","","","","","","","","","","","","","","","","","","","","","","","","","","","","","","","","","","","","","","","","","","","","","","","","",""
"31069001","TOULOUSE-BLAGNAC",43.621,1.378833,151,1968010706,"","","","",13.,1,260,1,"","","","","","","","","","","","","","","","","","","","","","","","","","","","",9.2,1,6.4,1,"","","","","","","","","","","","","","","","","","","","","","","","","","",84,1,"","","","","","","","","","","","",9.7,1,1011.2,1,992.9,1,"","","",1,8,1,8,1,5,1,"","","","","","","","","","","","","","","","","","","","","","","","","","","","",15000,1,"","",61,1,6,1,"","",2,1,"","","","","","","","","","","","","","","","","","","","","","","","","","","","","","","","","","","","","","","","","","","","","","","","","","","","","","","","","","","","","",""
"31069001","TOULOUSE-BLAGNAC",43.621,1.378833,151,1968010709,"","","","",12.,1,260,1,"","","","","","","","","","","","","","","","","","","","","","","","","","","","",9.3,1,7.2,1,"","","","","","","","","","","","","","","","","","","","","","","","","","",88,1,"","","","","","","","","","","","",10.3,1,1011.9,1,993.6,1,"","","",1,8,1,8,1,5,1,"","","","","","","","","","","","","","","","","","","","","","","","","","","","",6000,1,"","",62,1,6,1,"","","","","","","","","","","","","","","","","","","","","","","","","","","","","","","","","","","","","","","","","","","","","","","","","","","","","","","","","","","","","","","","","",""
"31069001","TOULOUSE-BLAGNAC",43.621,1.378833,151,1968010712,"","","","",8.,1,320,1,"","","","","","","","","","","","","","","","","","","","","","","","","","","","",7.1,1,2.,1,"","","","","","","","","","","","","","","","","","","","","","","","","","",70,1,"","","","","","","","","","","","",7.1,1,1017.5,1,998.9,1,"","","",1,6,1,5,1,8,1,0,1,0,1,"","","","","","","","","","","","","","","","","","","","","","","","",30000,1,"","",1,1,6,1,"","","","","","","","","","","","","","","","","","","","","","","","","","","","","","","","","","","","","","","","","","","","","","","","","","","","","","","","","","","","","","","","","",""
"31069001","TOULOUSE-BLAGNAC",43.621,1.378833,151,1968010715,"","","","",10.,1,300,1,"","","","","","","","","","","","","","","","","","","","","","","","","","","","",7.3,1,-0.5,1,"","","","","","","","","","","","","","","","","","","","","","","","","","",58,1,"","","","","","","","","","","","",5.9,1,1019.9,1,1001.3,1,"","","",1,5,1,5,1,2,1,0,1,0,1,"","","","","","","","","","","","","","","","","","","","","","","","",40000,1,"","",1,1,2,1,"","","","","","","","","","","","","","","","","","","","","","","","","","","","","","","","","","","","","","","","","","","","","","","","","","","","","","","","","","","","","","","","","",""
"31069001","TOULOUSE-BLAGNAC",43.621,1.378833,151,1968010718,"","","","",8.,1,280,1,"","","","","","","","","","","","","","","","","","","","","","","","","","","","",5.6,1,1.8,1,"","","","","","","","","","","","","","","","","","","","","","","","","","",77,1,"","","","","","","","","","","","",7.,1,1021.9,1,1003.1,1,"","","",1,3,1,0,1,5,1,0,1,0,1,"","","","","","","","","","","","","","","","","","","","","","","","",30000,1,"","",1,1,1,1,"","","","","","","","","","","","","","","","","","","","","","","","","","","","","","","","","","","","","","","","","","","","","","","","","","","","","","","","","","","","","","","","","",""
"31069001","TOULOUSE-BLAGNAC",43.621,1.378833,151,1968010721,"","","","",8.,1,300,1,"","","","","","","","","","","","","","","","","","","","","","","","","","","","",5.,1,1.4,1,"","","","","","","","","","","","","","","","","","","","","","","","","","",78,1,"","","","","","","","","","","","",6.8,1,1024.6,1,1005.7,1,"","","",1,5,1,5,1,5,1,0,1,0,1,"","","","","","","","","","","","","","","","","","","","","","","","",20000,1,"","",1,1,1,1,"","","","","","","","","","","","","","","","","","","","","","","","","","","","","","","","","","","","","","","","","","","","","","","","","","","","","","","","","","","","","","","","","",""
"31069001","TOULOUSE-BLAGNAC",43.621,1.378833,151,1968010800,"","","","",6.,1,280,1,"","","","","","","","","","","","","","","","","","","","","","","","","","","","",4.,1,1.4,1,"","","","","","","","","","","","","","","","","","","","","","","","","","",83,1,"","","","","","","","","","","","",6.8,1,1026.1,1,1007.1,1,"","","",1,7,1,5,1,5,1,5,1,"","","","","","","","","","","","","","","","","","","","","","","","","","",20000,1,"","",3,1,1,1,"","","","","","","","","","","","","","","","","","","","","","","","","","","","","","","","","","","","","","","","","","","","","","","","","","","","","","","","","","","","","","","","","",""
"31069001","TOULOUSE-BLAGNAC",43.621,1.378833,151,1968010803,"","","","",6.,1,280,1,"","","","","","","","","","","","","","","","","","","","","","","","","","","","",3.2,1,0.8,1,"","","","","","","","","","","","","","","","","","","","","","","","","","",84,1,"","","","","","","","","","","","",6.5,1,1026.7,1,1007.7,1,"","","",1,6,1,6,1,5,1,3,1,0,1,"","","","","","","","","","","","","","","","","","","","","","","","",20000,1,"","",1,1,2,1,"","","","","","","","","","","","","","","","","","","","","","","","","","","","","","","","","","","","","","","","","","","","","","","","","","","","","","","","","","","","","","","","","",""
"31069001","TOULOUSE-BLAGNAC",43.621,1.378833,151,1968010806,"","","","",5.,1,280,1,"","","","","","","","","","","","","","","","","","","","","","","","","","","","",1.8,1,0.2,1,"","","","","","","","","","","","","","","","","","","","","","","","","","",89,1,"","","","","","","","","","","","",6.2,1,1027.2,1,1008.1,1,"","","",1,2,1,0,1,0,1,3,1,0,1,"","","","","","","","","","","","","","","","","","","","","","","","",20000,1,"","",1,1,1,1,"","",2,1,"","","","","","","","","","","","","","","","","","","","","","","","","","","","","","","","","","","","","","","","","","","","","","","","","","","","","","","","","","","","","",""
"31069001","TOULOUSE-BLAGNAC",43.621,1.378833,151,1968010809,"","","","",2.,1,300,1,"","","","","","","","","","","","","","","","","","","","","","","","","","","","",2.8,1,0.,1,"","","","","","","","","","","","","","","","","","","","","","","","","","",83,1,"","","","","","","","","","","","",6.1,1,1028.8,1,1009.7,1,"","","",1,5,1,5,1,0,1,3,1,0,1,"","","","","","","","","","","","","","","","","","","","","","","","",20000,1,"","",2,1,1,1,"","","","","","","","","","","","","","","","","","","","","","","","","","","","","","","","","","","","","","","","","","","","","","","","","","","","","","","","","","","","","","","","","",""
"31069001","TOULOUSE-BLAGNAC",43.621,1.378833,151,1968010812,"","","","",5.,1,300,1,"","","","","","","","","","","","","","","","","","","","","","","","","","","","",6.3,1,-0.5,1,"","","","","","","","","","","","","","","","","","","","","","","","","","",62,1,"","","","","","","","","","","","",5.9,1,1028.1,1,1009.3,1,"","","",1,4,1,0,1,0,1,3,1,0,1,"","","","","","","","","","","","","","","","","","","","","","","","",25000,1,"","",1,1,1,1,"","","","","","","","","","","","","","","","","","","","","","","","","","","","","","","","","","","","","","","","","","","","","","","","","","","","","","","","","","","","","","","","","",""
"31069001","TOULOUSE-BLAGNAC",43.621,1.378833,151,1968010815,"","","","",3.,1,340,1,"","","","","","","","","","","","","","","","","","","","","","","","","","","","",6.3,1,-1.4,1,"","","","","","","","","","","","","","","","","","","","","","","","","","",58,1,"","","","","","","","","","","","",5.5,1,1026.8,1,1008.,1,"","","",1,4,1,0,1,0,1,3,1,0,1,"","","","","","","","","","","","","","","","","","","","","","","","",30000,1,"","",1,1,1,1,"","","","","","","","","","","","","","","","","","","","","","","","","","","","","","","","","","","","","","","","","","","","","","","","","","","","","","","","","","","","","","","","","",""
"31069001","TOULOUSE-BLAGNAC",43.621,1.378833,151,1968010818,"","","","",0.,1,0,1,"","","","","","","","","","","","","","","","","","","","","","","","","","","","",4.9,1,0.2,1,"","","","","","","","","","","","","","","","","","","","","","","","","","",72,1,"","","","","","","","","","","","",6.2,1,1025.8,1,1006.9,1,"","","",1,7,1,7,1,0,1,7,1,"","","","","","","","","","","","","","","","","","","","","","","","","","",15000,1,"","",2,1,1,1,"","","","","","","","","","","","","","","","","","","","","","","","","","","","","","","","","","","","","","","","","","","","","","","","","","","","","","","","","","","","","","","","","",""
"31069001","TOULOUSE-BLAGNAC",43.621,1.378833,151,1968010821,"","","","",0.,1,0,1,"","","","","","","","","","","","","","","","","","","","","","","","","","","","",3.5,1,2.,1,"","","","","","","","","","","","","","","","","","","","","","","","","","",90,1,"","","","","","","","","","","","",7.1,1,1023.9,1,1005.,1,"","","",1,8,1,7,1,0,1,5,1,"","","","","","","","","","","","","","","","","","","","","","","","","","",15000,1,"","",3,1,2,1,"","","","","","","","","","","","","","","","","","","","","","","","","","","","","","","","","","","","","","","","","","","","","","","","","","","","","","","","","","","","","","","","","",""
"31069001","TOULOUSE-BLAGNAC",43.621,1.378833,151,1968010900,"","","","",1.,1,160,1,"","","","","","","","","","","","","","","","","","","","","","","","","","","","",3.9,1,1.4,1,"","","","","","","","","","","","","","","","","","","","","","","","","","",85,1,"","","","","","","","","","","","",6.8,1,1020.9,1,1002.,1,"","","",1,8,1,8,1,5,1,"","","","","","","","","","","","","","","","","","","","","","","","","","","","",8000,1,"","",61,1,6,1,"","","","","","","","","","","","","","","","","","","","","","","","","","","","","","","","","","","","","","","","","","","","","","","","","","","","","","","","","","","","","","","","","",""
"31069001","TOULOUSE-BLAGNAC",43.621,1.378833,151,1968010903,"","","","",6.,1,260,1,"","","","","","","","","","","","","","","","","","","","","","","","","","","","",8.2,1,6.4,1,"","","","","","","","","","","","","","","","","","","","","","","","","","",89,1,"","","","","","","","","","","","",9.7,1,1017.,1,998.5,1,"","","",1,8,1,8,1,5,1,"","","","","","","","","","","","","","","","","","","","","","","","","","","","",8000,1,"","",2,1,6,1,"","","","","","","","","","","","","","","","","","","","","","","","","","","","","","","","","","","","","","","","","","","","","","","","","","","","","","","","","","","","","","","","","",""
"31069001","TOULOUSE-BLAGNAC",43.621,1.378833,151,1968010906,"","","","",9.,1,260,1,"","","","","","","","","","","","","","","","","","","","","","","","","","","","",9.8,1,6.4,1,"","","","","","","","","","","","","","","","","","","","","","","","","","",80,1,"","","","","","","","","","","","",9.7,1,1012.8,1,994.5,1,"","","",1,7,1,6,1,5,1,"","","","","","","","","","","","","","","","","","","","","","","","","","","","",8000,1,"","",2,1,6,1,"","",2,1,"","","","","","","","","","","","","","","","","","","","","","","","","","","","","","","","","","","","","","","","","","","","","","","","","","","","","","","","","","","","","",""
"31069001","TOULOUSE-BLAGNAC",43.621,1.378833,151,1968010909,"","","","",10.,1,280,1,"","","","","","","","","","","","","","","","","","","","","","","","","","","","",10.2,1,7.1,1,"","","","","","","","","","","","","","","","","","","","","","","","","","",82,1,"","","","","","","","","","","","",10.2,1,1012.2,1,993.9,1,"","","",1,7,1,6,1,8,1,5,1,"","","","","","","","","","","","","","","","","","","","","","","","","","",20000,1,"","",3,1,8,1,"","","","","","","","","","","","","","","","","","","","","","","","","","","","","","","","","","","","","","","","","","","","","","","","","","","","","","","","","","","","","","","","","",""
"31069001","TOULOUSE-BLAGNAC",43.621,1.378833,151,1968010912,"","","","",11.,1,300,1,"","","","","","","","","","","","","","","","","","","","","","","","","","","","",7.8,1,5.5,1,"","","","","","","","","","","","","","","","","","","","","","","","","","",86,1,"","","","","","","","","","","","",9.1,1,1011.5,1,993.1,1,"","","",1,8,1,6,1,8,1,"","","","","","","","","","","","","","","","","","","","","","","","","","","","",10000,1,"","",80,1,8,1,"","","","","","","","","","","","","","","","","","","","","","","","","","","","","","","","","","","","","","","","","","","","","","","","","","","","","","","","","","","","","","","","","",""
"31069001","TOULOUSE-BLAGNAC",43.621,1.378833,151,1968010915,"","","","",6.,1,280,1,"","","","","","","","","","","","","","","","","","","","","","","","","","","","",6.7,1,5.6,1,"","","","","","","","","","","","","","","","","","","","","","","","","","",94,1,"","","","","","","","","","","","",9.2,1,1010.,1,991.5,1,"","","",1,7,1,5,1,5,1,7,1,"","","","","","","","","","","","","","","","","","","","","","","","","","",20000,1,"","",21,1,8,1,"","","","","","","","","","","","","","","","","","","","","","","","","","","","","","","","","","","","","","","","","","","","","","","","","","","","","","","","","","","","","","","","","",""
"31069001","TOULOUSE-BLAGNAC",43.621,1.378833,151,1968010918,"","","","",9.,1,280,1,"","","","","","","","","","","","","","","","","","","","","","","","","","","","",6.8,1,5.3,1,"","","","","","","","","","","","","","","","","","","","","","","","","","",91,1,"","","","","","","","","","","","",9.,1,1010.1,1,991.6,1,"","","",1,7,1,7,1,8,1,"","","","","","","","","","","","","","","","","","","","","","","","","","","","",10000,1,"","",80,1,6,1,"","","","","","","","","","","","","","","","","","","","","","","","","","","","","","","","","","","","","","","","","","","","","","","","","","","","","","","","","","","","","","","","","",""
"31069001","TOULOUSE-BLAGNAC",43.621,1.378833,151,1968010921,"","","","",5.,1,260,1,"","","","","","","","","","","","","","","","","","","","","","","","","","","","",5.6,1,4.8,1,"","","","","","","","","","","","","","","","","","","","","","","","","","",95,1,"","","","","","","","","","","","",8.7,1,1010.5,1,992.,1,"","","",1,8,1,8,1,8,1,"","","","","","","","","","","","","","","","","","","","","","","","","","","","",10000,1,"","",80,1,8,1,"","","","","","","","","","","","","","","","","","","","","","","","","","","","","","","","","","","","","","","","","","","","","","","","","","","","","","","","","","","","","","","","","",""
"31069001","TOULOUSE-BLAGNAC",43.621,1.378833,151,1968011000,"","","","",7.,1,260,1,"","","","","","","","","","","","","","","","","","","","","","","","","","","","",6.,1,4.5,1,"","","","","","","","","","","","","","","","","","","","","","","","","","",91,1,"","","","","","","","","","","","",8.5,1,1009.7,1,991.2,1,"","","",1,8,1,6,1,8,1,"","","","","","","","","","","","","","","","","","","","","","","","","","","","",15000,1,"","",80,1,8,1,"","","","","","","","","","","","","","","","","","","","","","","","","","","","","","","","","","","","","","","","","","","","","","","","","","","","","","","","","","","","","","","","","",""
"31069001","TOULOUSE-BLAGNAC",43.621,1.378833,151,1968011003,"","","","",8.,1,260,1,"","","","","","","","","","","","","","","","","","","","","","","","","","","","",6.,1,4.3,1,"","","","","","","","","","","","","","","","","","","","","","","","","","",89,1,"","","","","","","","","","","","",8.4,1,1007.3,1,988.8,1,"","","",1,8,1,8,1,5,1,"","","","","","","","","","","","","","","","","","","","","","","","","","","","",15000,1,"","",61,1,6,1,"","","","","","","","","","","","","","","","","","","","","","","","","","","","","","","","","","","","","","","","","","","","","","","","","","","","","","","","","","","","","","","","","",""
"31069001","TOULOUSE-BLAGNAC",43.621,1.378833,151,1968011006,"","","","",10.,1,320,1,"","","","","","","","","","","","","","","","","","","","","","","","","","","","",5.4,1,3.8,1,"","","","","","","","","","","","","","","","","","","","","","","","","","",91,1,"","","","","","","","","","","","",8.1,1,1005.8,1,987.3,1,"","","",1,8,1,8,1,5,1,"","","","","","","","","","","","","","","","","","","","","","","","","","","","",10000,1,"","",61,1,6,1,"","",2,1,"","","","","","","","","","","","","","","","","","","","","","","","","","","","","","","","","","","","","","","","","","","","","","","","","","","","","","","","","","","","","",""
"31069001","TOULOUSE-BLAGNAC",43.621,1.378833,151,1968011009,"","","","",10.,1,320,1,"","","","","","","","","","","","","","","","","","","","","","","","","","","","",0.6,1,-1.2,1,"","","","","","","","","","","","","","","","","","","","","","","","","","",88,1,"","","","","","","","","","","","",5.6,1,1015.1,1,996.1,1,"","","",1,8,1,8,1,7,1,"","","","","","","","","","","","","","","","","","","","","","","","","","","","",3000,1,"","",71,1,2,1,"","","","","","","","","","","","","","","","","","","","","","","","","","","","","","","","","","","","","","","","","","","","","","","","","","","","","","","","","","","","","","","","","",""
"31069001","TOULOUSE-BLAGNAC",43.621,1.378833,151,1968011012,"","","","",12.,1,320,1,"","","","","","","","","","","","","","","","","","","","","","","","","","","","",0.6,1,-5.9,1,"","","","","","","","","","","","","","","","","","","","","","","","","","",62,1,"","","","","","","","","","","","",3.9,1,1017.9,1,998.8,1,"","","",1,2,1,0,1,2,1,0,1,0,1,"","","","","","","","","","","","","","","","","","","","","","","","",40000,1,"","",1,1,7,1,"","","","","","","","","","","","","","","","","","","","","","","","","","","","","","","","","","","","","","","","","","","","","","","","","","","","","","","","","","","","","","","","","",""
"31069001","TOULOUSE-BLAGNAC",43.621,1.378833,151,1968011015,"","","","",10.,1,320,1,"","","","","","","","","","","","","","","","","","","","","","","","","","","","",0.7,1,-5.2,1,"","","","","","","","","","","","","","","","","","","","","","","","","","",64,1,"","","","","","","","","","","","",4.1,1,1020.7,1,1001.6,1,"","","",1,0,1,"","",0,1,0,1,0,1,"","","","","","","","","","","","","","","","","","","","","","","","",50000,1,"","",1,1,0,1,"","","","","","","","","","","","","","","","","","","","","","","","","","","","","","","","","","","","","","","","","","","","","","","","","","","","","","","","","","","","","","","","","",""
"31069001","TOULOUSE-BLAGNAC",43.621,1.378833,151,1968011018,"","","","",8.,1,280,1,"","","","","","","","","","","","","","","","","","","","","","","","","","","","",-1.1,1,-8.,1,"","","","","","","","","","","","","","","","","","","","","","","","","","",59,1,"","","","","","","","","","","","",3.3,1,1023.,1,1003.7,1,"","","",1,0,1,"","",0,1,0,1,0,1,"","","","","","","","","","","","","","","","","","","","","","","","",30000,1,"","",2,1,0,1,"","","","","","","","","","","","","","","","","","","","","","","","","","","","","","","","","","","","","","","","","","","","","","","","","","","","","","","","","","","","","","","","","",""
"31069001","TOULOUSE-BLAGNAC",43.621,1.378833,151,1968011021,"","","","",8.,1,300,1,"","","","","","","","","","","","","","","","","","","","","","","","","","","","",-2.3,1,-7.6,1,"","","","","","","","","","","","","","","","","","","","","","","","","","",66,1,"","","","","","","","","","","","",3.4,1,1025.5,1,1006.1,1,"","","",1,0,1,"","",0,1,0,1,0,1,"","","","","","","","","","","","","","","","","","","","","","","","",20000,1,"","",2,1,0,1,"","","","","","","","","","","","","","","","","","","","","","","","","","","","","","","","","","","","","","","","","","","","","","","","","","","","","","","","","","","","","","","","","",""
"31069001","TOULOUSE-BLAGNAC",43.621,1.378833,151,1968011100,"","","","",9.,1,280,1,"","","","","","","","","","","","","","","","","","","","","","","","","","","","",-2.9,1,-6.9,1,"","","","","","","","","","","","","","","","","","","","","","","","","","",73,1,"","","","","","","","","","","","",3.6,1,1027.1,1,1007.6,1,"","","",1,0,1,"","",0,1,0,1,0,1,"","","","","","","","","","","","","","","","","","","","","","","","",20000,1,"","",2,1,0,1,"","","","","","","","","","","","","","","","","","","","","","","","","","","","","","","","","","","","","","","","","","","","","","","","","","","","","","","","","","","","","","","","","",""
"31069001","TOULOUSE-BLAGNAC",43.621,1.378833,151,1968011103,"","","","",5.,1,280,1,"","","","","","","","","","","","","","","","","","","","","","","","","","","","",-3.4,1,-6.5,1,"","","","","","","","","","","","","","","","","","","","","","","","","","",79,1,"","","","","","","","","","","","",3.7,1,1027.9,1,1008.4,1,"","","",1,0,1,"","",0,1,0,1,0,1,"","","","","","","","","","","","","","","","","","","","","","","","",20000,1,"","",2,1,0,1,"","","","","","","","","","","","","","","","","","","","","","","","","","","","","","","","","","","","","","","","","","","","","","","","","","","","","","","","","","","","","","","","","",""
"31069001","TOULOUSE-BLAGNAC",43.621,1.378833,151,1968011106,"","","","",5.,1,280,1,"","","","","","","","","","","","","","","","","","","","","","","","","","","","",-3.3,1,-5.2,1,"","","","","","","","","","","","","","","","","","","","","","","","","","",85,1,"","","","","","","","","","","","",4.1,1,1027.8,1,1008.3,1,"","","",1,1,1,0,1,5,1,0,1,0,1,"","","","","","","","","","","","","","","","","","","","","","","","",20000,1,"","",1,1,0,1,"","",0,1,"","","","","","","","","","","","","","","","","","","","","","","","","","","","","","","","","","","","","","","","","","","","","","","","","","","","","","","","","","","","","",""
"31069001","TOULOUSE-BLAGNAC",43.621,1.378833,151,1968011109,"","","","",7.,1,240,1,"","","","","","","","","","","","","","","","","","","","","","","","","","","","",-0.9,1,-7.6,1,"","","","","","","","","","","","","","","","","","","","","","","","","","",59,1,"","","","","","","","","","","","",3.4,1,1027.,1,1007.7,1,"","","",1,7,1,6,1,5,1,4,1,2,1,"","","","","","","","","","","","","","","","","","","","","","","","",40000,1,"","",3,1,1,1,"","","","","","","","","","","","","","","","","","","","","","","","","","","","","","","","","","","","","","","","","","","","","","","","","","","","","","","","","","","","","","","","","",""
"31069001","TOULOUSE-BLAGNAC",43.621,1.378833,151,1968011112,"","","","",8.,1,260,1,"","","","","","","","","","","","","","","","","","","","","","","","","","","","",2.6,1,-4.6,1,"","","","","","","","","","","","","","","","","","","","","","","","","","",57,1,"","","","","","","","","","","","",4.3,1,1025.2,1,1006.2,1,"","","",1,8,1,8,1,5,1,7,1,"","","","","","","","","","","","","","","","","","","","","","","","","","",40000,1,"","",3,1,2,1,"","","","","","","","","","","","","","","","","","","","","","","","","","","","","","","","","","","","","","","","","","","","","","","","","","","","","","","","","","","","","","","","","",""
"31069001","TOULOUSE-BLAGNAC",43.621,1.378833,151,1968011115,"","","","",10.,1,260,1,"","","","","","","","","","","","","","","","","","","","","","","","","","","","",3.9,1,-3.2,1,"","","","","","","","","","","","","","","","","","","","","","","","","","",59,1,"","","","","","","","","","","","",4.8,1,1022.1,1,1003.2,1,"","","",1,7,1,5,1,5,1,7,1,6,1,"","","","","","","","","","","","","","","","","","","","","","","","",40000,1,"","",2,1,2,1,"","","","","","","","","","","","","","","","","","","","","","","","","","","","","","","","","","","","","","","","","","","","","","","","","","","","","","","","","","","","","","","","","",""
"31069001","TOULOUSE-BLAGNAC",43.621,1.378833,151,1968011118,"","","","",10.,1,260,1,"","","","","","","","","","","","","","","","","","","","","","","","","","","","",3.3,1,-0.2,1,"","","","","","","","","","","","","","","","","","","","","","","","","","",78,1,"","","","","","","","","","","","",6.,1,1021.3,1,1002.4,1,"","","",1,8,1,5,1,5,1,7,1,"","","","","","","","","","","","","","","","","","","","","","","","","","",20000,1,"","",61,1,2,1,"","","","","","","","","","","","","","","","","","","","","","","","","","","","","","","","","","","","","","","","","","","","","","","","","","","","","","","","","","","","","","","","","",""
"31069001","TOULOUSE-BLAGNAC",43.621,1.378833,151,1968011121,"","","","",9.,1,280,1,"","","","","","","","","","","","","","","","","","","","","","","","","","","","",3.2,1,1.6,1,"","","","","","","","","","","","","","","","","","","","","","","","","","",90,1,"","","","","","","","","","","","",6.9,1,1020.8,1,1001.9,1,"","","",1,8,1,8,1,5,1,"","","","","","","","","","","","","","","","","","","","","","","","","","","","",20000,1,"","",2,1,6,1,"","","","","","","","","","","","","","","","","","","","","","","","","","","","","","","","","","","","","","","","","","","","","","","","","","","","","","","","","","","","","","","","","",""
"31069001","TOULOUSE-BLAGNAC",43.621,1.378833,151,1968011200,"","","","",6.,1,300,1,"","","","","","","","","","","","","","","","","","","","","","","","","","","","",3.6,1,2.8,1,"","","","","","","","","","","","","","","","","","","","","","","","","","","","","","","","","","","","","","","","",7.5,1,"","",1001.5,1,"","","","",8,1,8,1,5,1,"","","","","","","","","","","","","","","","","","","","","","","","","","","","",6000,1,"","",61,1,6,1,"","","","","","","","","","","","","","","","","","","","","","","","","","","","","","","","","","","","","","","","","","","","","","","","","","","","","","","","","","","","","","","","","",""
"31069001","TOULOUSE-BLAGNAC",43.621,1.378833,151,1968011203,"","","","",7.,1,280,1,"","","","","","","","","","","","","","","","","","","","","","","","","","","","",3.8,1,3.3,1,"","","","","","","","","","","","","","","","","","","","","","","","","","",98,1,"","","","","","","","","","","","",7.8,1,1020.8,1,1001.9,1,"","","",1,8,1,8,1,5,1,"","","","","","","","","","","","","","","","","","","","","","","","","","","","",15000,1,"","",20,1,6,1,"","","","","","","","","","","","","","","","","","","","","","","","","","","","","","","","","","","","","","","","","","","","","","","","","","","","","","","","","","","","","","","","","",""
"31069001","TOULOUSE-BLAGNAC",43.621,1.378833,151,1968011206,"","","","",6.,1,320,1,"","","","","","","","","","","","","","","","","","","","","","","","","","","","",2.7,1,1.8,1,"","","","","","","","","","","","","","","","","","","","","","","","","","",95,1,"","","","","","","","","","","","",7.,1,1021.4,1,1002.4,1,"","","",1,8,1,8,1,5,1,"","","","","","","","","","","","","","","","","","","","","","","","","","","","",10000,1,"","",61,1,6,1,"","",2,1,"","","","","","","","","","","","","","","","","","","","","","","","","","","","","","","","","","","","","","","","","","","","","","","","","","","","","","","","","","","","","",""
"31069001","TOULOUSE-BLAGNAC",43.621,1.378833,151,1968011209,"","","","",3.,1,340,1,"","","","","","","","","","","","","","","","","","","","","","","","","","","","",1.3,1,0.8,1,"","","","","","","","","","","","","","","","","","","","","","","","","","",96,1,"","","","","","","","","","","","",6.5,1,1022.4,1,1003.3,1,"","","",1,8,1,5,1,5,1,"","","","","","","","","","","","","","","","","","","","","","","","","","","","",4000,1,"","",68,1,7,1,"","","","","","","","","","","","","","","","","","","","","","","","","","","","","","","","","","","","","","","","","","","","","","","","","","","","","","","","","","","","","","","","","",""
"31069001","TOULOUSE-BLAGNAC",43.621,1.378833,151,1968011212,"","","","",2.,1,40,1,"","","","","","","","","","","","","","","","","","","","","","","","","","","","",0.3,1,-0.2,1,"","","","","","","","","","","","","","","","","","","","","","","","","","",96,1,"","","","","","","","","","","","",6.,1,1023.3,1,1004.1,1,"","","",1,8,1,6,1,5,1,"","","","","","","","","","","","","","","","","","","","","","","","","","","","",2000,1,"","",68,1,7,1,"","","","","","","","","","","","","","","","","","","","","","","","","","","","","","","","","","","","","","","","","","","","","","","","","","","","","","","","","","","","","","","","","",""
"31069001","TOULOUSE-BLAGNAC",43.621,1.378833,151,1968011215,"","","","",1.,1,80,1,"","","","","","","","","","","","","","","","","","","","","","","","","","","","",0.8,1,0.2,1,"","","","","","","","","","","","","","","","","","","","","","","","","","",96,1,"","","","","","","","","","","","",6.2,1,1022.4,1,1003.3,1,"","","",1,8,1,5,1,5,1,"","","","","","","","","","","","","","","","","","","","","","","","","","","","",5000,1,"","",60,1,7,1,"","","","","","","","","","","","","","","","","","","","","","","","","","","","","","","","","","","","","","","","","","","","","","","","","","","","","","","","","","","","","","","","","",""
"31069001","TOULOUSE-BLAGNAC",43.621,1.378833,151,1968011218,"","","","",2.,1,60,1,"","","","","","","","","","","","","","","","","","","","","","","","","","","","",0.2,1,-0.5,1,"","","","","","","","","","","","","","","","","","","","","","","","","","",96,1,"","","","","","","","","","","","",5.9,1,1022.8,1,1003.6,1,"","","",1,8,1,8,1,7,1,"","","","","","","","","","","","","","","","","","","","","","","","","","","","",4000,1,"","",21,1,7,1,"","","","","","","","","","","","","","","","","","","","","","","","","","","","","","","","","","","","","","","","","","","","","","","","","","","","","","","","","","","","","","","","","",""
"31069001","TOULOUSE-BLAGNAC",43.621,1.378833,151,1968011221,"","","","",1.,1,80,1,"","","","","","","","","","","","","","","","","","","","","","","","","","","","",0.6,1,-1.2,1,"","","","","","","","","","","","","","","","","","","","","","","","","","",88,1,"","","","","","","","","","","","",5.6,1,1023.6,1,1004.5,1,"","","",1,7,1,7,1,5,1,"","","","","","","","","","","","","","","","","","","","","","","","","","","","",7000,1,"","",21,1,2,1,"","","","","","","","","","","","","","","","","","","","","","","","","","","","","","","","","","","","","","","","","","","","","","","","","","","","","","","","","","","","","","","","","",""
"31069001","TOULOUSE-BLAGNAC",43.621,1.378833,151,1968011300,"","","","",2.,1,320,1,"","","","","","","","","","","","","","","","","","","","","","","","","","","","",0.9,1,0.,1,"","","","","","","","","","","","","","","","","","","","","","","","","","",94,1,"","","","","","","","","","","","",6.1,1,1024.2,1,1005.1,1,"","","",1,8,1,8,1,5,1,"","","","","","","","","","","","","","","","","","","","","","","","","","","","",6000,1,"","",50,1,6,1,"","","","","","","","","","","","","","","","","","","","","","","","","","","","","","","","","","","","","","","","","","","","","","","","","","","","","","","","","","","","","","","","","",""
"31069001","TOULOUSE-BLAGNAC",43.621,1.378833,151,1968011303,"","","","",1.,1,280,1,"","","","","","","","","","","","","","","","","","","","","","","","","","","","",0.8,1,-0.7,1,"","","","","","","","","","","","","","","","","","","","","","","","","","",90,1,"","","","","","","","","","","","",5.8,1,1024.4,1,1005.3,1,"","","",1,8,1,8,1,5,1,"","","","","","","","","","","","","","","","","","","","","","","","","","","","",6000,1,"","",61,1,5,1,"","","","","","","","","","","","","","","","","","","","","","","","","","","","","","","","","","","","","","","","","","","","","","","","","","","","","","","","","","","","","","","","","",""
"31069001","TOULOUSE-BLAGNAC",43.621,1.378833,151,1968011306,"","","","",1.,1,280,1,"","","","","","","","","","","","","","","","","","","","","","","","","","","","",0.8,1,-0.7,1,"","","","","","","","","","","","","","","","","","","","","","","","","","",90,1,"","","","","","","","","","","","",5.8,1,1024.4,1,1005.3,1,"","","",1,8,1,8,1,5,1,"","","","","","","","","","","","","","","","","","","","","","","","","","","","",8000,1,"","",2,1,6,1,"","",2,1,"","","","","","","","","","","","","","","","","","","","","","","","","","","","","","","","","","","","","","","","","","","","","","","","","","","","","","","","","","","","","",""
"31069001","TOULOUSE-BLAGNAC",43.621,1.378833,151,1968011309,"","","","",0.,1,0,1,"","","","","","","","","","","","","","","","","","","","","","","","","","","","",1.2,1,0.,1,"","","","","","","","","","","","","","","","","","","","","","","","","","",92,1,"","","","","","","","","","","","",6.1,1,1026.4,1,1007.2,1,"","","",1,8,1,6,1,8,1,3,1,"","","","","","","","","","","","","","","","","","","","","","","","","","",7000,1,"","",3,1,2,1,"","","","","","","","","","","","","","","","","","","","","","","","","","","","","","","","","","","","","","","","","","","","","","","","","","","","","","","","","","","","","","","","","",""
"31069001","TOULOUSE-BLAGNAC",43.621,1.378833,151,1968011312,"","","","",1.,1,360,1,"","","","","","","","","","","","","","","","","","","","","","","","","","","","",3.2,1,1.,1,"","","","","","","","","","","","","","","","","","","","","","","","","","",86,1,"","","","","","","","","","","","",6.6,1,1027.3,1,1008.3,1,"","","",1,7,1,5,1,8,1,7,1,2,1,"","","","","","","","","","","","","","","","","","","","","","","","",6000,1,"","",21,1,6,1,"","","","","","","","","","","","","","","","","","","","","","","","","","","","","","","","","","","","","","","","","","","","","","","","","","","","","","","","","","","","","","","","","",""
"31069001","TOULOUSE-BLAGNAC",43.621,1.378833,151,1968011315,"","","","",0.,1,0,1,"","","","","","","","","","","","","","","","","","","","","","","","","","","","",4.3,1,0.6,1,"","","","","","","","","","","","","","","","","","","","","","","","","","",77,1,"","","","","","","","","","","","",6.4,1,1026.8,1,1007.9,1,"","","",1,8,1,7,1,5,1,"","","","","","","","","","","","","","","","","","","","","","","","","","","","",6000,1,"","",2,1,2,1,"","","","","","","","","","","","","","","","","","","","","","","","","","","","","","","","","","","","","","","","","","","","","","","","","","","","","","","","","","","","","","","","","",""
"31069001","TOULOUSE-BLAGNAC",43.621,1.378833,151,1968011318,"","","","",1.,1,180,1,"","","","","","","","","","","","","","","","","","","","","","","","","","","","",4.6,1,1.8,1,"","","","","","","","","","","","","","","","","","","","","","","","","","",83,1,"","","","","","","","","","","","",7.,1,1028.2,1,1009.3,1,"","","",1,8,1,8,1,6,1,"","","","","","","","","","","","","","","","","","","","","","","","","","","","",6000,1,"","",2,1,2,1,"","","","","","","","","","","","","","","","","","","","","","","","","","","","","","","","","","","","","","","","","","","","","","","","","","","","","","","","","","","","","","","","","",""
"31069001","TOULOUSE-BLAGNAC",43.621,1.378833,151,1968011321,"","","","",2.,1,140,1,"","","","","","","","","","","","","","","","","","","","","","","","","","","","",4.1,1,1.2,1,"","","","","","","","","","","","","","","","","","","","","","","","","","",82,1,"","","","","","","","","","","","",6.7,1,1029.4,1,1010.4,1,"","","",1,8,1,8,1,6,1,"","","","","","","","","","","","","","","","","","","","","","","","","","","","",5000,1,"","",3,1,2,1,"","","","","","","","","","","","","","","","","","","","","","","","","","","","","","","","","","","","","","","","","","","","","","","","","","","","","","","","","","","","","","","","","",""
"31069001","TOULOUSE-BLAGNAC",43.621,1.378833,151,1968011400,"","","","",2.,1,140,1,"","","","","","","","","","","","","","","","","","","","","","","","","","","","",4.,1,3.1,1,"","","","","","","","","","","","","","","","","","","","","","","","","","",95,1,"","","","","","","","","","","","",7.7,1,1029.6,1,1010.6,1,"","","",1,8,1,8,1,6,1,"","","","","","","","","","","","","","","","","","","","","","","","","","","","",2000,1,"","",10,1,2,1,"","","","","","","","","","","","","","","","","","","","","","","","","","","","","","","","","","","","","","","","","","","","","","","","","","","","","","","","","","","","","","","","","",""
"31069001","TOULOUSE-BLAGNAC",43.621,1.378833,151,1968011403,"","","","",3.,1,120,1,"","","","","","","","","","","","","","","","","","","","","","","","","","","","",4.6,1,3.8,1,"","","","","","","","","","","","","","","","","","","","","","","","","","",95,1,"","","","","","","","","","","","",8.1,1,1029.8,1,1010.8,1,"","","",1,8,1,8,1,6,1,"","","","","","","","","","","","","","","","","","","","","","","","","","","","",3000,1,"","",10,1,2,1,"","","","","","","","","","","","","","","","","","","","","","","","","","","","","","","","","","","","","","","","","","","","","","","","","","","","","","","","","","","","","","","","","",""
"31069001","TOULOUSE-BLAGNAC",43.621,1.378833,151,1968011406,"","","","",4.,1,140,1,"","","","","","","","","","","","","","","","","","","","","","","","","","","","",3.6,1,2.6,1,"","","","","","","","","","","","","","","","","","","","","","","","","","",93,1,"","","","","","","","","","","","",7.4,1,1029.7,1,1010.7,1,"","","",1,8,1,8,1,5,1,"","","","","","","","","","","","","","","","","","","","","","","","","","","","",6000,1,"","",1,1,2,1,"","",1,1,"","","","","","","","","","","","","","","","","","","","","","","","","","","","","","","","","","","","","","","","","","","","","","","","","","","","","","","","","","","","","",""
"31069001","TOULOUSE-BLAGNAC",43.621,1.378833,151,1968011409,"","","","",4.,1,140,1,"","","","","","","","","","","","","","","","","","","","","","","","","","","","",4.,1,2.,1,"","","","","","","","","","","","","","","","","","","","","","","","","","",87,1,"","","","","","","","","","","","",7.1,1,1030.4,1,1011.4,1,"","","",1,8,1,8,1,5,1,"","","","","","","","","","","","","","","","","","","","","","","","","","","","",8000,1,"","",2,1,2,1,"","","","","","","","","","","","","","","","","","","","","","","","","","","","","","","","","","","","","","","","","","","","","","","","","","","","","","","","","","","","","","","","","",""
"31069001","TOULOUSE-BLAGNAC",43.621,1.378833,151,1968011412,"","","","",2.,1,160,1,"","","","","","","","","","","","","","","","","","","","","","","","","","","","",7.3,1,2.8,1,"","","","","","","","","","","","","","","","","","","","","","","","","","",73,1,"","","","","","","","","","","","",7.5,1,1030.,1,1011.2,1,"","","",1,5,1,0,1,5,1,0,1,2,1,"","","","","","","","","","","","","","","","","","","","","","","","",10000,1,"","",1,1,2,1,"","","","","","","","","","","","","","","","","","","","","","","","","","","","","","","","","","","","","","","","","","","","","","","","","","","","","","","","","","","","","","","","","",""
"31069001","TOULOUSE-BLAGNAC",43.621,1.378833,151,1968011415,"","","","",2.,1,100,1,"","","","","","","","","","","","","","","","","","","","","","","","","","","","",9.1,1,5.,1,"","","","","","","","","","","","","","","","","","","","","","","","","","",76,1,"","","","","","","","","","","","",8.8,1,1029.1,1,1010.4,1,"","","",1,5,1,5,1,0,1,0,1,2,1,"","","","","","","","","","","","","","","","","","","","","","","","",10000,1,"","",3,1,1,1,"","","","","","","","","","","","","","","","","","","","","","","","","","","","","","","","","","","","","","","","","","","","","","","","","","","","","","","","","","","","","","","","","",""
"31069001","TOULOUSE-BLAGNAC",43.621,1.378833,151,1968011418,"","","","",2.,1,60,1,"","","","","","","","","","","","","","","","","","","","","","","","","","","","",7.1,1,5.8,1,"","","","","","","","","","","","","","","","","","","","","","","","","","",93,1,"","","","","","","","","","","","",9.3,1,1029.8,1,1011.,1,"","","",1,6,1,6,1,0,1,0,1,2,1,"","","","","","","","","","","","","","","","","","","","","","","","",10000,1,"","",2,1,2,1,"","","","","","","","","","","","","","","","","","","","","","","","","","","","","","","","","","","","","","","","","","","","","","","","","","","","","","","","","","","","","","","","","",""
"31069001","TOULOUSE-BLAGNAC",43.621,1.378833,151,1968011421,"","","","",2.,1,100,1,"","","","","","","","","","","","","","","","","","","","","","","","","","","","",5.5,1,4.8,1,"","","","","","","","","","","","","","","","","","","","","","","","","","",97,1,"","","","","","","","","","","","",8.7,1,1030.1,1,1011.2,1,"","","",1,7,1,7,1,6,1,"","","","","","","","","","","","","","","","","","","","","","","","","","","","",3000,1,"","",10,1,2,1,"","","","","","","","","","","","","","","","","","","","","","","","","","","","","","","","","","","","","","","","","","","","","","","","","","","","","","","","","","","","","","","","","",""
"31069001","TOULOUSE-BLAGNAC",43.621,1.378833,151,1968011500,"","","","",2.,1,100,1,"","","","","","","","","","","","","","","","","","","","","","","","","","","","",4.3,1,4.3,1,"","","","","","","","","","","","","","","","","","","","","","","","","","",100,1,"","","","","","","","","","","","",8.3,1,1029.9,1,1010.9,1,"","","",1,8,1,8,1,6,1,"","","","","","","","","","","","","","","","","","","","","","","","","","","","",250,1,"","",44,1,4,1,"","","","","","","","","","","","","","","","","","","","","","","","","","","","","","","","","","","","","","","","","","","","","","","","","","","","","","","","","","","","","","","","","",""
"31069001","TOULOUSE-BLAGNAC",43.621,1.378833,151,1968011503,"","","","",1.,1,140,1,"","","","","","","","","","","","","","","","","","","","","","","","","","","","",3.5,1,3.5,1,"","","","","","","","","","","","","","","","","","","","","","","","","","",100,1,"","","","","","","","","","","","",7.8,1,1029.7,1,1010.7,1,"","","",1,8,1,8,1,6,1,"","","","","","","","","","","","","","","","","","","","","","","","","","","","",300,1,"","",44,1,4,1,"","","","","","","","","","","","","","","","","","","","","","","","","","","","","","","","","","","","","","","","","","","","","","","","","","","","","","","","","","","","","","","","","",""
"31069001","TOULOUSE-BLAGNAC",43.621,1.378833,151,1968011506,"","","","",1.,1,200,1,"","","","","","","","","","","","","","","","","","","","","","","","","","","","",2.2,1,2.2,1,"","","","","","","","","","","","","","","","","","","","","","","","","","",100,1,"","","","","","","","","","","","",7.2,1,1029.4,1,1010.3,1,"","","",1,9,1,"","","","","","","","","","","","","","","","","","","","","","","","","","","","","","","","",100,1,"","",45,1,4,1,"","",1,1,"","","","","","","","","","","","","","","","","","","","","","","","","","","","","","","","","","","","","","","","","","","","","","","","","","","","","","","","","","","","","",""
"31069001","TOULOUSE-BLAGNAC",43.621,1.378833,151,1968011509,"","","","",2.,1,220,1,"","","","","","","","","","","","","","","","","","","","","","","","","","","","",-0.3,1,-0.3,1,"","","","","","","","","","","","","","","","","","","","","","","","","","",100,1,"","","","","","","","","","","","",6.,1,1029.6,1,1010.3,1,"","","",1,9,1,"","","","","","","","","","","","","","","","","","","","","","","","","","","","","","","","",50,1,"","",45,1,4,1,"","","","","","","","","","","","","","","","","","","","","","","","","","","","","","","","","","","","","","","","","","","","","","","","","","","","","","","","","","","","","","","","","",""
"31069001","TOULOUSE-BLAGNAC",43.621,1.378833,151,1968011512,"","","","",1.,1,60,1,"","","","","","","","","","","","","","","","","","","","","","","","","","","","",3.3,1,3.3,1,"","","","","","","","","","","","","","","","","","","","","","","","","","",100,1,"","","","","","","","","","","","",7.7,1,1028.5,1,1009.5,1,"","","",1,7,1,7,1,6,1,"","","","","","","","","","","","","","","","","","","","","","","","","","","","",200,1,"","",46,1,4,1,"","","","","","","","","","","","","","","","","","","","","","","","","","","","","","","","","","","","","","","","","","","","","","","","","","","","","","","","","","","","","","","","","",""
"31069001","TOULOUSE-BLAGNAC",43.621,1.378833,151,1968011515,"","","","",0.,1,0,1,"","","","","","","","","","","","","","","","","","","","","","","","","","","","",6.6,1,6.6,1,"","","","","","","","","","","","","","","","","","","","","","","","","","",100,1,"","","","","","","","","","","","",9.7,1,1026.7,1,1007.9,1,"","","",1,3,1,0,1,6,1,0,1,0,1,"","","","","","","","","","","","","","","","","","","","","","","","",600,1,"","",42,1,4,1,"","","","","","","","","","","","","","","","","","","","","","","","","","","","","","","","","","","","","","","","","","","","","","","","","","","","","","","","","","","","","","","","","",""
"31069001","TOULOUSE-BLAGNAC",43.621,1.378833,151,1968011518,"","","","",1.,1,360,1,"","","","","","","","","","","","","","","","","","","","","","","","","","","","",4.7,1,4.3,1,"","","","","","","","","","","","","","","","","","","","","","","","","","",98,1,"","","","","","","","","","","","",8.4,1,1026.,1,1007.1,1,"","","",1,0,1,"","",0,1,0,1,0,1,"","","","","","","","","","","","","","","","","","","","","","","","",500,1,"","",46,1,4,1,"","","","","","","","","","","","","","","","","","","","","","","","","","","","","","","","","","","","","","","","","","","","","","","","","","","","","","","","","","","","","","","","","",""
"31069001","TOULOUSE-BLAGNAC",43.621,1.378833,151,1968011521,"","","","",1.,1,340,1,"","","","","","","","","","","","","","","","","","","","","","","","","","","","",1.2,1,1.2,1,"","","","","","","","","","","","","","","","","","","","","","","","","","",100,1,"","","","","","","","","","","","",6.6,1,1025.5,1,1006.4,1,"","","",1,0,1,"","",0,1,0,1,0,1,"","","","","","","","","","","","","","","","","","","","","","","","",250,1,"","",46,1,4,1,"","","","","","","","","","","","","","","","","","","","","","","","","","","","","","","","","","","","","","","","","","","","","","","","","","","","","","","","","","","","","","","","","",""
"31069001","TOULOUSE-BLAGNAC",43.621,1.378833,151,1968011600,"","","","",1.,1,160,1,"","","","","","","","","","","","","","","","","","","","","","","","","","","","",1.6,1,1.6,1,"","","","","","","","","","","","","","","","","","","","","","","","","","",100,1,"","","","","","","","","","","","",6.8,1,1025.,1,1005.9,1,"","","",1,9,1,"","","","","","","","","","","","","","","","","","","","","","","","","","","","","","","","",200,1,"","",45,1,4,1,"","","","","","","","","","","","","","","","","","","","","","","","","","","","","","","","","","","","","","","","","","","","","","","","","","","","","","","","","","","","","","","","","",""
"31069001","TOULOUSE-BLAGNAC",43.621,1.378833,151,1968011603,"","","","",1.,1,160,1,"","","","","","","","","","","","","","","","","","","","","","","","","","","","",2.3,1,2.3,1,"","","","","","","","","","","","","","","","","","","","","","","","","","",100,1,"","","","","","","","","","","","",7.2,1,1024.2,1,1005.2,1,"","","",1,9,1,"","","","","","","","","","","","","","","","","","","","","","","","","","","","","","","","",90,1,"","",45,1,4,1,"","","","","","","","","","","","","","","","","","","","","","","","","","","","","","","","","","","","","","","","","","","","","","","","","","","","","","","","","","","","","","","","","",""
"31069001","TOULOUSE-BLAGNAC",43.621,1.378833,151,1968011606,"","","","",1.,1,160,1,"","","","","","","","","","","","","","","","","","","","","","","","","","","","",1.6,1,1.6,1,"","","","","","","","","","","","","","","","","","","","","","","","","","",100,1,"","","","","","","","","","","","",6.8,1,1023.4,1,1004.3,1,"","","",1,9,1,"","","","","","","","","","","","","","","","","","","","","","","","","","","","","","","","",100,1,"","",45,1,4,1,"","",1,1,"","","","","","","","","","","","","","","","","","","","","","","","","","","","","","","","","","","","","","","","","","","","","","","","","","","","","","","","","","","","","",""
"31069001","TOULOUSE-BLAGNAC",43.621,1.378833,151,1968011609,"","","","",0.,1,0,1,"","","","","","","","","","","","","","","","","","","","","","","","","","","","",-1.3,1,-1.3,1,"","","","","","","","","","","","","","","","","","","","","","","","","","",100,1,"","","","","","","","","","","","",5.5,1,1023.3,1,1004.,1,"","","",1,9,1,"","","","","","","","","","","","","","","","","","","","","","","","","","","","","","","","",40,1,"","",43,1,4,1,"","","","","","","","","","","","","","","","","","","","","","","","","","","","","","","","","","","","","","","","","","","","","","","","","","","","","","","","","","","","","","","","","",""
"31069001","TOULOUSE-BLAGNAC",43.621,1.378833,151,1968011612,"","","","",1.,1,160,1,"","","","","","","","","","","","","","","","","","","","","","","","","","","","",7.4,1,5.,1,"","","","","","","","","","","","","","","","","","","","","","","","","","",85,1,"","","","","","","","","","","","",8.8,1,1021.9,1,1003.3,1,"","","",1,0,1,"","",0,1,0,1,0,1,"","","","","","","","","","","","","","","","","","","","","","","","",2500,1,"","",10,1,4,1,"","","","","","","","","","","","","","","","","","","","","","","","","","","","","","","","","","","","","","","","","","","","","","","","","","","","","","","","","","","","","","","","","",""
"31069001","TOULOUSE-BLAGNAC",43.621,1.378833,151,1968011615,"","","","",2.,1,340,1,"","","","","","","","","","","","","","","","","","","","","","","","","","","","",11.4,1,5.8,1,"","","","","","","","","","","","","","","","","","","","","","","","","","",69,1,"","","","","","","","","","","","",9.3,1,1021.4,1,1003.,1,"","","",1,0,1,"","",0,1,0,1,0,1,"","","","","","","","","","","","","","","","","","","","","","","","",4500,1,"","",10,1,0,1,"","","","","","","","","","","","","","","","","","","","","","","","","","","","","","","","","","","","","","","","","","","","","","","","","","","","","","","","","","","","","","","","","",""
"31069001","TOULOUSE-BLAGNAC",43.621,1.378833,151,1968011618,"","","","",2.,1,200,1,"","","","","","","","","","","","","","","","","","","","","","","","","","","","",6.6,1,5.1,1,"","","","","","","","","","","","","","","","","","","","","","","","","","",91,1,"","","","","","","","","","","","",8.9,1,1022.4,1,1003.7,1,"","","",1,0,1,"","",0,1,0,1,0,1,"","","","","","","","","","","","","","","","","","","","","","","","",4000,1,"","",10,1,0,1,"","","","","","","","","","","","","","","","","","","","","","","","","","","","","","","","","","","","","","","","","","","","","","","","","","","","","","","","","","","","","","","","","",""
"31069001","TOULOUSE-BLAGNAC",43.621,1.378833,151,1968011621,"","","","",2.,1,140,1,"","","","","","","","","","","","","","","","","","","","","","","","","","","","",5.8,1,4.3,1,"","","","","","","","","","","","","","","","","","","","","","","","","","",91,1,"","","","","","","","","","","","",8.4,1,1022.2,1,1003.5,1,"","","",1,0,1,"","",0,1,0,1,0,1,"","","","","","","","","","","","","","","","","","","","","","","","",3000,1,"","",10,1,0,1,"","","","","","","","","","","","","","","","","","","","","","","","","","","","","","","","","","","","","","","","","","","","","","","","","","","","","","","","","","","","","","","","","",""
"31069001","TOULOUSE-BLAGNAC",43.621,1.378833,151,1968011700,"","","","",1.,1,160,1,"","","","","","","","","","","","","","","","","","","","","","","","","","","","",2.2,1,1.8,1,"","","","","","","","","","","","","","","","","","","","","","","","","","",98,1,"","","","","","","","","","","","",7.,1,1022.1,1,1003.1,1,"","","",1,0,1,"","",0,1,0,1,0,1,"","","","","","","","","","","","","","","","","","","","","","","","",4000,1,"","",10,1,0,1,"","","","","","","","","","","","","","","","","","","","","","","","","","","","","","","","","","","","","","","","","","","","","","","","","","","","","","","","","","","","","","","","","",""
"31069001","TOULOUSE-BLAGNAC",43.621,1.378833,151,1968011703,"","","","",2.,1,180,1,"","","","","","","","","","","","","","","","","","","","","","","","","","","","",0.3,1,-0.2,1,"","","","","","","","","","","","","","","","","","","","","","","","","","",96,1,"","","","","","","","","","","","",6.,1,1021.8,1,1002.7,1,"","","",1,0,1,"","",0,1,0,1,0,1,"","","","","","","","","","","","","","","","","","","","","","","","",4000,1,"","",10,1,0,1,"","","","","","","","","","","","","","","","","","","","","","","","","","","","","","","","","","","","","","","","","","","","","","","","","","","","","","","","","","","","","","","","","",""
"31069001","TOULOUSE-BLAGNAC",43.621,1.378833,151,1968011706,"","","","",3.,1,200,1,"","","","","","","","","","","","","","","","","","","","","","","","","","","","",-0.3,1,-1.4,1,"","","","","","","","","","","","","","","","","","","","","","","","","","",92,1,"","","","","","","","","","","","",5.5,1,1021.4,1,1002.2,1,"","","",1,0,1,"","",0,1,0,1,0,1,"","","","","","","","","","","","","","","","","","","","","","","","",4000,1,"","",10,1,0,1,"","",0,1,"","","","","","","","","","","","","","","","","","","","","","","","","","","","","","","","","","","","","","","","","","","","","","","","","","","","","","","","","","","","","",""
"31069001","TOULOUSE-BLAGNAC",43.621,1.378833,151,1968011709,"","","","",4.,1,180,1,"","","","","","","","","","","","","","","","","","","","","","","","","","","","",1.8,1,-0.5,1,"","","","","","","","","","","","","","","","","","","","","","","","","","",85,1,"","","","","","","","","","","","",5.9,1,1022.6,1,1003.6,1,"","","",1,4,1,0,1,0,1,0,1,2,1,"","","","","","","","","","","","","","","","","","","","","","","","",10000,1,"","",3,1,0,1,"","","","","","","","","","","","","","","","","","","","","","","","","","","","","","","","","","","","","","","","","","","","","","","","","","","","","","","","","","","","","","","","","",""
"31069001","TOULOUSE-BLAGNAC",43.621,1.378833,151,1968011712,"","","","",9.,1,320,1,"","","","","","","","","","","","","","","","","","","","","","","","","","","","",8.,1,5.6,1,"","","","","","","","","","","","","","","","","","","","","","","","","","",86,1,"","","","","","","","","","","","",9.2,1,1025.5,1,1006.8,1,"","","",1,7,1,5,1,8,1,5,1,"","","","","","","","","","","","","","","","","","","","","","","","","","",20000,1,"","",21,1,1,1,"","","","","","","","","","","","","","","","","","","","","","","","","","","","","","","","","","","","","","","","","","","","","","","","","","","","","","","","","","","","","","","","","",""
"31069001","TOULOUSE-BLAGNAC",43.621,1.378833,151,1968011715,"","","","",4.,1,260,1,"","","","","","","","","","","","","","","","","","","","","","","","","","","","",7.8,1,5.5,1,"","","","","","","","","","","","","","","","","","","","","","","","","","",86,1,"","","","","","","","","","","","",9.1,1,1026.1,1,1007.4,1,"","","",1,6,1,6,1,8,1,4,1,0,1,"","","","","","","","","","","","","","","","","","","","","","","","",30000,1,"","",21,1,2,1,"","","","","","","","","","","","","","","","","","","","","","","","","","","","","","","","","","","","","","","","","","","","","","","","","","","","","","","","","","","","","","","","","",""
"31069001","TOULOUSE-BLAGNAC",43.621,1.378833,151,1968011718,"","","","",7.,1,260,1,"","","","","","","","","","","","","","","","","","","","","","","","","","","","",6.,1,4.5,1,"","","","","","","","","","","","","","","","","","","","","","","","","","",91,1,"","","","","","","","","","","","",8.5,1,1027.3,1,1008.5,1,"","","",1,1,1,0,1,9,1,0,1,0,1,"","","","","","","","","","","","","","","","","","","","","","","","",30000,1,"","",1,1,8,1,"","","","","","","","","","","","","","","","","","","","","","","","","","","","","","","","","","","","","","","","","","","","","","","","","","","","","","","","","","","","","","","","","",""
"31069001","TOULOUSE-BLAGNAC",43.621,1.378833,151,1968011721,"","","","",7.,1,260,1,"","","","","","","","","","","","","","","","","","","","","","","","","","","","",6.,1,3.5,1,"","","","","","","","","","","","","","","","","","","","","","","","","","",85,1,"","","","","","","","","","","","",7.9,1,1029.4,1,1010.5,1,"","","",1,6,1,6,1,5,1,0,1,0,1,"","","","","","","","","","","","","","","","","","","","","","","","",20000,1,"","",3,1,1,1,"","","","","","","","","","","","","","","","","","","","","","","","","","","","","","","","","","","","","","","","","","","","","","","","","","","","","","","","","","","","","","","","","",""
"31069001","TOULOUSE-BLAGNAC",43.621,1.378833,151,1968011800,"","","","",6.,1,260,1,"","","","","","","","","","","","","","","","","","","","","","","","","","","","",5.6,1,4.2,1,"","","","","","","","","","","","","","","","","","","","","","","","","","",91,1,"","","","","","","","","","","","",8.3,1,1030.8,1,1011.9,1,"","","",1,4,1,0,1,5,1,0,1,0,1,"","","","","","","","","","","","","","","","","","","","","","","","",20000,1,"","",2,1,1,1,"","","","","","","","","","","","","","","","","","","","","","","","","","","","","","","","","","","","","","","","","","","","","","","","","","","","","","","","","","","","","","","","","",""
"31069001","TOULOUSE-BLAGNAC",43.621,1.378833,151,1968011803,"","","","",5.,1,260,1,"","","","","","","","","","","","","","","","","","","","","","","","","","","","",5.8,1,4.3,1,"","","","","","","","","","","","","","","","","","","","","","","","","","",91,1,"","","","","","","","","","","","",8.4,1,1030.8,1,1011.9,1,"","","",1,7,1,6,1,8,1,3,1,"","","","","","","","","","","","","","","","","","","","","","","","","","",20000,1,"","",3,1,1,1,"","","","","","","","","","","","","","","","","","","","","","","","","","","","","","","","","","","","","","","","","","","","","","","","","","","","","","","","","","","","","","","","","",""
"31069001","TOULOUSE-BLAGNAC",43.621,1.378833,151,1968011806,"","","","",6.,1,280,1,"","","","","","","","","","","","","","","","","","","","","","","","","","","","",6.,1,4.5,1,"","","","","","","","","","","","","","","","","","","","","","","","","","",91,1,"","","","","","","","","","","","",8.5,1,1032.2,1,1013.3,1,"","","",1,7,1,5,1,8,1,"","","","","","","","","","","","","","","","","","","","","","","","","","","","",15000,1,"","",2,1,8,1,"","",2,1,"","","","","","","","","","","","","","","","","","","","","","","","","","","","","","","","","","","","","","","","","","","","","","","","","","","","","","","","","","","","","",""
"31069001","TOULOUSE-BLAGNAC",43.621,1.378833,151,1968011809,"","","","",6.,1,280,1,"","","","","","","","","","","","","","","","","","","","","","","","","","","","",6.9,1,5.1,1,"","","","","","","","","","","","","","","","","","","","","","","","","","",90,1,"","","","","","","","","","","","",8.9,1,1033.8,1,1014.9,1,"","","",1,7,1,7,1,8,1,"","","","","","","","","","","","","","","","","","","","","","","","","","","","",20000,1,"","",2,1,8,1,"","","","","","","","","","","","","","","","","","","","","","","","","","","","","","","","","","","","","","","","","","","","","","","","","","","","","","","","","","","","","","","","","",""
"31069001","TOULOUSE-BLAGNAC",43.621,1.378833,151,1968011812,"","","","",6.,1,300,1,"","","","","","","","","","","","","","","","","","","","","","","","","","","","",9.,1,5.8,1,"","","","","","","","","","","","","","","","","","","","","","","","","","",82,1,"","","","","","","","","","","","",9.3,1,1034.7,1,1015.9,1,"","","",1,6,1,5,1,2,1,0,1,1,1,"","","","","","","","","","","","","","","","","","","","","","","","",30000,1,"","",1,1,2,1,"","","","","","","","","","","","","","","","","","","","","","","","","","","","","","","","","","","","","","","","","","","","","","","","","","","","","","","","","","","","","","","","","",""
"31069001","TOULOUSE-BLAGNAC",43.621,1.378833,151,1968011815,"","","","",6.,1,300,1,"","","","","","","","","","","","","","","","","","","","","","","","","","","","",9.9,1,4.5,1,"","","","","","","","","","","","","","","","","","","","","","","","","","",70,1,"","","","","","","","","","","","",8.5,1,1033.8,1,1015.1,1,"","","",1,6,1,5,1,8,1,0,1,1,1,"","","","","","","","","","","","","","","","","","","","","","","","",30000,1,"","",3,1,2,1,"","","","","","","","","","","","","","","","","","","","","","","","","","","","","","","","","","","","","","","","","","","","","","","","","","","","","","","","","","","","","","","","","",""
"31069001","TOULOUSE-BLAGNAC",43.621,1.378833,151,1968011818,"","","","",2.,1,260,1,"","","","","","","","","","","","","","","","","","","","","","","","","","","","",6.9,1,5.,1,"","","","","","","","","","","","","","","","","","","","","","","","","","",88,1,"","","","","","","","","","","","",8.8,1,1034.2,1,1015.3,1,"","","",1,3,1,0,1,5,1,0,1,0,1,"","","","","","","","","","","","","","","","","","","","","","","","",30000,1,"","",1,1,2,1,"","","","","","","","","","","","","","","","","","","","","","","","","","","","","","","","","","","","","","","","","","","","","","","","","","","","","","","","","","","","","","","","","",""
"31069001","TOULOUSE-BLAGNAC",43.621,1.378833,151,1968011821,"","","","",3.,1,280,1,"","","","","","","","","","","","","","","","","","","","","","","","","","","","",4.6,1,3.5,1,"","","","","","","","","","","","","","","","","","","","","","","","","","",93,1,"","","","","","","","","","","","",7.9,1,1034.2,1,1015.1,1,"","","",1,2,1,0,1,0,1,0,1,2,1,"","","","","","","","","","","","","","","","","","","","","","","","",30000,1,"","",3,1,0,1,"","","","","","","","","","","","","","","","","","","","","","","","","","","","","","","","","","","","","","","","","","","","","","","","","","","","","","","","","","","","","","","","","",""
"31069001","TOULOUSE-BLAGNAC",43.621,1.378833,151,1968011900,"","","","",3.,1,260,1,"","","","","","","","","","","","","","","","","","","","","","","","","","","","",4.9,1,3.7,1,"","","","","","","","","","","","","","","","","","","","","","","","","","",92,1,"","","","","","","","","","","","",8.,1,1033.8,1,1014.8,1,"","","",1,6,1,6,1,0,1,5,1,"","","","","","","","","","","","","","","","","","","","","","","","","","",30000,1,"","",3,1,1,1,"","","","","","","","","","","","","","","","","","","","","","","","","","","","","","","","","","","","","","","","","","","","","","","","","","","","","","","","","","","","","","","","","",""
"31069001","TOULOUSE-BLAGNAC",43.621,1.378833,151,1968011903,"","","","",1.,1,220,1,"","","","","","","","","","","","","","","","","","","","","","","","","","","","",5.,1,4.3,1,"","","","","","","","","","","","","","","","","","","","","","","","","","",97,1,"","","","","","","","","","","","",8.4,1,1032.8,1,1013.8,1,"","","",1,7,1,7,1,0,1,5,1,"","","","","","","","","","","","","","","","","","","","","","","","","","",20000,1,"","",2,1,1,1,"","","","","","","","","","","","","","","","","","","","","","","","","","","","","","","","","","","","","","","","","","","","","","","","","","","","","","","","","","","","","","","","","",""
"31069001","TOULOUSE-BLAGNAC",43.621,1.378833,151,1968011906,"","","","",4.,1,260,1,"","","","","","","","","","","","","","","","","","","","","","","","","","","","",5.6,1,4.5,1,"","","","","","","","","","","","","","","","","","","","","","","","","","",94,1,"","","","","","","","","","","","",8.5,1,1032.1,1,1013.2,1,"","","",1,7,1,7,1,5,1,3,1,"","","","","","","","","","","","","","","","","","","","","","","","","","",20000,1,"","",3,1,2,1,"","",1,1,"","","","","","","","","","","","","","","","","","","","","","","","","","","","","","","","","","","","","","","","","","","","","","","","","","","","","","","","","","","","","",""
"31069001","TOULOUSE-BLAGNAC",43.621,1.378833,151,1968011909,"","","","",4.,1,260,1,"","","","","","","","","","","","","","","","","","","","","","","","","","","","",6.6,1,5.6,1,"","","","","","","","","","","","","","","","","","","","","","","","","","",94,1,"","","","","","","","","","","","",9.2,1,1032.2,1,1013.3,1,"","","",1,7,1,6,1,5,1,3,1,"","","","","","","","","","","","","","","","","","","","","","","","","","",15000,1,"","",1,1,2,1,"","","","","","","","","","","","","","","","","","","","","","","","","","","","","","","","","","","","","","","","","","","","","","","","","","","","","","","","","","","","","","","","","",""
"31069001","TOULOUSE-BLAGNAC",43.621,1.378833,151,1968011912,"","","","",6.,1,300,1,"","","","","","","","","","","","","","","","","","","","","","","","","","","","",9.6,1,6.4,1,"","","","","","","","","","","","","","","","","","","","","","","","","","",82,1,"","","","","","","","","","","","",9.7,1,1031.4,1,1012.7,1,"","","",1,7,1,7,1,8,1,"","","","","","","","","","","","","","","","","","","","","","","","","","","","",25000,1,"","",3,1,2,1,"","","","","","","","","","","","","","","","","","","","","","","","","","","","","","","","","","","","","","","","","","","","","","","","","","","","","","","","","","","","","","","","","",""
"31069001","TOULOUSE-BLAGNAC",43.621,1.378833,151,1968011915,"","","","",5.,1,300,1,"","","","","","","","","","","","","","","","","","","","","","","","","","","","",9.8,1,6.9,1,"","","","","","","","","","","","","","","","","","","","","","","","","","",83,1,"","","","","","","","","","","","",10.1,1,1030.2,1,1011.6,1,"","","",1,7,1,5,1,8,1,3,1,"","","","","","","","","","","","","","","","","","","","","","","","","","",30000,1,"","",1,1,2,1,"","","","","","","","","","","","","","","","","","","","","","","","","","","","","","","","","","","","","","","","","","","","","","","","","","","","","","","","","","","","","","","","","",""
"31069001","TOULOUSE-BLAGNAC",43.621,1.378833,151,1968011918,"","","","",4.,1,280,1,"","","","","","","","","","","","","","","","","","","","","","","","","","","","",8.7,1,7.1,1,"","","","","","","","","","","","","","","","","","","","","","","","","","",90,1,"","","","","","","","","","","","",10.2,1,1030.2,1,1011.5,1,"","","",1,7,1,7,1,8,1,"","","","","","","","","","","","","","","","","","","","","","","","","","","","",20000,1,"","",3,1,2,1,"","","","","","","","","","","","","","","","","","","","","","","","","","","","","","","","","","","","","","","","","","","","","","","","","","","","","","","","","","","","","","","","","",""
"31069001","TOULOUSE-BLAGNAC",43.621,1.378833,151,1968011921,"","","","",4.,1,280,1,"","","","","","","","","","","","","","","","","","","","","","","","","","","","",8.2,1,6.9,1,"","","","","","","","","","","","","","","","","","","","","","","","","","",93,1,"","","","","","","","","","","","",10.1,1,1029.6,1,1010.9,1,"","","",1,8,1,8,1,5,1,"","","","","","","","","","","","","","","","","","","","","","","","","","","","",15000,1,"","",50,1,2,1,"","","","","","","","","","","","","","","","","","","","","","","","","","","","","","","","","","","","","","","","","","","","","","","","","","","","","","","","","","","","","","","","","",""
"31069001","TOULOUSE-BLAGNAC",43.621,1.378833,151,1968012000,"","","","",3.,1,300,1,"","","","","","","","","","","","","","","","","","","","","","","","","","","","",7.8,1,7.1,1,"","","","","","","","","","","","","","","","","","","","","","","","","","",96,1,"","","","","","","","","","","","",10.2,1,1028.3,1,1009.6,1,"","","",1,8,1,8,1,5,1,"","","","","","","","","","","","","","","","","","","","","","","","","","","","",20000,1,"","",2,1,5,1,"","","","","","","","","","","","","","","","","","","","","","","","","","","","","","","","","","","","","","","","","","","","","","","","","","","","","","","","","","","","","","","","","",""
"31069001","TOULOUSE-BLAGNAC",43.621,1.378833,151,1968012003,"","","","",3.,1,300,1,"","","","","","","","","","","","","","","","","","","","","","","","","","","","",7.9,1,6.6,1,"","","","","","","","","","","","","","","","","","","","","","","","","","",93,1,"","","","","","","","","","","","",9.9,1,1027.5,1,1008.8,1,"","","",1,7,1,7,1,5,1,"","","","","","","","","","","","","","","","","","","","","","","","","","","","",20000,1,"","",1,1,2,1,"","","","","","","","","","","","","","","","","","","","","","","","","","","","","","","","","","","","","","","","","","","","","","","","","","","","","","","","","","","","","","","","","",""
"31069001","TOULOUSE-BLAGNAC",43.621,1.378833,151,1968012006,"","","","",2.,1,320,1,"","","","","","","","","","","","","","","","","","","","","","","","","","","","",7.6,1,6.8,1,"","","","","","","","","","","","","","","","","","","","","","","","","","",96,1,"","","","","","","","","","","","",10.,1,1026.8,1,1008.1,1,"","","",1,7,1,5,1,5,1,"","","","","","","","","","","","","","","","","","","","","","","","","","","","",10000,1,"","",3,1,2,1,"","",1,1,"","","","","","","","","","","","","","","","","","","","","","","","","","","","","","","","","","","","","","","","","","","","","","","","","","","","","","","","","","","","","",""
"31069001","TOULOUSE-BLAGNAC",43.621,1.378833,151,1968012009,"","","","",0.,1,0,1,"","","","","","","","","","","","","","","","","","","","","","","","","","","","",7.7,1,6.8,1,"","","","","","","","","","","","","","","","","","","","","","","","","","",96,1,"","","","","","","","","","","","",10.,1,1026.7,1,1008.,1,"","","",1,7,1,6,1,8,1,"","","","","","","","","","","","","","","","","","","","","","","","","","","","",8000,1,"","",3,1,2,1,"","","","","","","","","","","","","","","","","","","","","","","","","","","","","","","","","","","","","","","","","","","","","","","","","","","","","","","","","","","","","","","","","",""
"31069001","TOULOUSE-BLAGNAC",43.621,1.378833,151,1968012012,"","","","",1.,1,40,1,"","","","","","","","","","","","","","","","","","","","","","","","","","","","",9.6,1,6.1,1,"","","","","","","","","","","","","","","","","","","","","","","","","","",79,1,"","","","","","","","","","","","",9.5,1,1025.9,1,1007.3,1,"","","",1,6,1,6,1,2,1,0,1,0,1,"","","","","","","","","","","","","","","","","","","","","","","","",15000,1,"","",1,1,2,1,"","","","","","","","","","","","","","","","","","","","","","","","","","","","","","","","","","","","","","","","","","","","","","","","","","","","","","","","","","","","","","","","","",""
"31069001","TOULOUSE-BLAGNAC",43.621,1.378833,151,1968012015,"","","","",1.,1,100,1,"","","","","","","","","","","","","","","","","","","","","","","","","","","","",11.5,1,4.3,1,"","","","","","","","","","","","","","","","","","","","","","","","","","",62,1,"","","","","","","","","","","","",8.4,1,1024.9,1,1006.5,1,"","","",1,3,1,0,1,2,1,0,1,0,1,"","","","","","","","","","","","","","","","","","","","","","","","",15000,1,"","",1,1,1,1,"","","","","","","","","","","","","","","","","","","","","","","","","","","","","","","","","","","","","","","","","","","","","","","","","","","","","","","","","","","","","","","","","",""
"31069001","TOULOUSE-BLAGNAC",43.621,1.378833,151,1968012018,"","","","",1.,1,160,1,"","","","","","","","","","","","","","","","","","","","","","","","","","","","",8.4,1,6.1,1,"","","","","","","","","","","","","","","","","","","","","","","","","","",86,1,"","","","","","","","","","","","",9.5,1,1025.5,1,1006.9,1,"","","",1,2,1,0,1,4,1,0,1,0,1,"","","","","","","","","","","","","","","","","","","","","","","","",15000,1,"","",1,1,1,1,"","","","","","","","","","","","","","","","","","","","","","","","","","","","","","","","","","","","","","","","","","","","","","","","","","","","","","","","","","","","","","","","","",""
"31069001","TOULOUSE-BLAGNAC",43.621,1.378833,151,1968012021,"","","","",2.,1,120,1,"","","","","","","","","","","","","","","","","","","","","","","","","","","","",8.,1,5.3,1,"","","","","","","","","","","","","","","","","","","","","","","","","","",83,1,"","","","","","","","","","","","",9.,1,1026.7,1,1008.,1,"","","",1,6,1,6,1,5,1,0,1,0,1,"","","","","","","","","","","","","","","","","","","","","","","","",10000,1,"","",2,1,1,1,"","","","","","","","","","","","","","","","","","","","","","","","","","","","","","","","","","","","","","","","","","","","","","","","","","","","","","","","","","","","","","","","","",""
"31069001","TOULOUSE-BLAGNAC",43.621,1.378833,151,1968012100,"","","","",0.,1,0,1,"","","","","","","","","","","","","","","","","","","","","","","","","","","","",3.8,1,3.5,1,"","","","","","","","","","","","","","","","","","","","","","","","","","",98,1,"","","","","","","","","","","","",7.9,1,1027.7,1,1008.7,1,"","","",1,0,1,"","",0,1,0,1,0,1,"","","","","","","","","","","","","","","","","","","","","","","","",3000,1,"","",10,1,1,1,"","","","","","","","","","","","","","","","","","","","","","","","","","","","","","","","","","","","","","","","","","","","","","","","","","","","","","","","","","","","","","","","","",""
"31069001","TOULOUSE-BLAGNAC",43.621,1.378833,151,1968012103,"","","","",0.,1,0,1,"","","","","","","","","","","","","","","","","","","","","","","","","","","","",0.5,1,0.5,1,"","","","","","","","","","","","","","","","","","","","","","","","","","",100,1,"","","","","","","","","","","","",6.3,1,1028.1,1,1008.9,1,"","","",1,0,1,"","",0,1,0,1,0,1,"","","","","","","","","","","","","","","","","","","","","","","","",200,1,"","",44,1,4,1,"","","","","","","","","","","","","","","","","","","","","","","","","","","","","","","","","","","","","","","","","","","","","","","","","","","","","","","","","","","","","","","","","",""
"31069001","TOULOUSE-BLAGNAC",43.621,1.378833,151,1968012106,"","","","",0.,1,0,1,"","","","","","","","","","","","","","","","","","","","","","","","","","","","",-1.2,1,-1.2,1,"","","","","","","","","","","","","","","","","","","","","","","","","","",100,1,"","","","","","","","","","","","",5.6,1,1028.5,1,1009.1,1,"","","",1,0,1,"","",0,1,0,1,0,1,"","","","","","","","","","","","","","","","","","","","","","","","",350,1,"","",44,1,4,1,"","",1,1,"","","","","","","","","","","","","","","","","","","","","","","","","","","","","","","","","","","","","","","","","","","","","","","","","","","","","","","","","","","","","",""
"31069001","TOULOUSE-BLAGNAC",43.621,1.378833,151,1968012109,"","","","",0.,1,0,1,"","","","","","","","","","","","","","","","","","","","","","","","","","","","",-1.4,1,-1.4,1,"","","","","","","","","","","","","","","","","","","","","","","","","","",99,1,"","","","","","","","","","","","",5.4,1,1029.4,1,1010.,1,"","","",1,4,1,0,1,6,1,0,1,0,1,"","","","","","","","","","","","","","","","","","","","","","","","",150,1,"","",44,1,4,1,"","","","","","","","","","","","","","","","","","","","","","","","","","","","","","","","","","","","","","","","","","","","","","","","","","","","","","","","","","","","","","","","","",""
"31069001","TOULOUSE-BLAGNAC",43.621,1.378833,151,1968012112,"","","","",1.,1,60,1,"","","","","","","","","","","","","","","","","","","","","","","","","","","","",7.,1,3.1,1,"","","","","","","","","","","","","","","","","","","","","","","","","","",77,1,"","","","","","","","","","","","",7.7,1,1028.7,1,1009.9,1,"","","",1,0,1,"","",0,1,0,1,0,1,"","","","","","","","","","","","","","","","","","","","","","","","",4800,1,"","",10,1,4,1,"","","","","","","","","","","","","","","","","","","","","","","","","","","","","","","","","","","","","","","","","","","","","","","","","","","","","","","","","","","","","","","","","",""
"31069001","TOULOUSE-BLAGNAC",43.621,1.378833,151,1968012115,"","","","",1.,1,240,1,"","","","","","","","","","","","","","","","","","","","","","","","","","","","",11.2,1,4.8,1,"","","","","","","","","","","","","","","","","","","","","","","","","","",65,1,"","","","","","","","","","","","",8.7,1,1027.5,1,1009.,1,"","","",1,0,1,"","",0,1,0,1,0,1,"","","","","","","","","","","","","","","","","","","","","","","","",3500,1,"","",10,1,0,1,"","","","","","","","","","","","","","","","","","","","","","","","","","","","","","","","","","","","","","","","","","","","","","","","","","","","","","","","","","","","","","","","","",""
"31069001","TOULOUSE-BLAGNAC",43.621,1.378833,151,1968012118,"","","","",0.,1,0,1,"","","","","","","","","","","","","","","","","","","","","","","","","","","","",7.8,1,5.,1,"","","","","","","","","","","","","","","","","","","","","","","","","","",83,1,"","","","","","","","","","","","",8.8,1,1027.6,1,1008.9,1,"","","",1,0,1,"","",0,1,0,1,0,1,"","","","","","","","","","","","","","","","","","","","","","","","",4500,1,"","",10,1,0,1,"","","","","","","","","","","","","","","","","","","","","","","","","","","","","","","","","","","","","","","","","","","","","","","","","","","","","","","","","","","","","","","","","",""
"31069001","TOULOUSE-BLAGNAC",43.621,1.378833,151,1968012121,"","","","",2.,1,200,1,"","","","","","","","","","","","","","","","","","","","","","","","","","","","",3.1,1,2.4,1,"","","","","","","","","","","","","","","","","","","","","","","","","","",95,1,"","","","","","","","","","","","",7.3,1,1028.8,1,1009.7,1,"","","",1,0,1,"","",0,1,0,1,0,1,"","","","","","","","","","","","","","","","","","","","","","","","",5000,1,"","",2,1,0,1,"","","","","","","","","","","","","","","","","","","","","","","","","","","","","","","","","","","","","","","","","","","","","","","","","","","","","","","","","","","","","","","","","",""
"31069001","TOULOUSE-BLAGNAC",43.621,1.378833,151,1968012200,"","","","",2.,1,200,1,"","","","","","","","","","","","","","","","","","","","","","","","","","","","",1.,1,1.,1,"","","","","","","","","","","","","","","","","","","","","","","","","","",100,1,"","","","","","","","","","","","",6.6,1,1029.1,1,1009.9,1,"","","",1,0,1,"","",0,1,0,1,0,1,"","","","","","","","","","","","","","","","","","","","","","","","",3500,1,"","",10,1,0,1,"","","","","","","","","","","","","","","","","","","","","","","","","","","","","","","","","","","","","","","","","","","","","","","","","","","","","","","","","","","","","","","","","",""
"31069001","TOULOUSE-BLAGNAC",43.621,1.378833,151,1968012203,"","","","",1.,1,180,1,"","","","","","","","","","","","","","","","","","","","","","","","","","","","",0.2,1,0.2,1,"","","","","","","","","","","","","","","","","","","","","","","","","","",100,1,"","","","","","","","","","","","",6.2,1,1029.2,1,1009.9,1,"","","",1,0,1,"","",0,1,0,1,0,1,"","","","","","","","","","","","","","","","","","","","","","","","",4500,1,"","",10,1,0,1,"","","","","","","","","","","","","","","","","","","","","","","","","","","","","","","","","","","","","","","","","","","","","","","","","","","","","","","","","","","","","","","","","",""
"31069001","TOULOUSE-BLAGNAC",43.621,1.378833,151,1968012206,"","","","",2.,1,160,1,"","","","","","","","","","","","","","","","","","","","","","","","","","","","",-0.4,1,-0.4,1,"","","","","","","","","","","","","","","","","","","","","","","","","","",100,1,"","","","","","","","","","","","",5.9,1,1028.5,1,1009.2,1,"","","",1,0,1,"","",0,1,0,1,0,1,"","","","","","","","","","","","","","","","","","","","","","","","",4000,1,"","",10,1,0,1,"","",0,1,"","","","","","","","","","","","","","","","","","","","","","","","","","","","","","","","","","","","","","","","","","","","","","","","","","","","","","","","","","","","","",""
"31069001","TOULOUSE-BLAGNAC",43.621,1.378833,151,1968012209,"","","","",0.,1,0,1,"","","","","","","","","","","","","","","","","","","","","","","","","","","","",0.8,1,-1.2,1,"","","","","","","","","","","","","","","","","","","","","","","","","","",86,1,"","","","","","","","","","","","",5.6,1,1029.6,1,1010.4,1,"","","",1,0,1,"","",0,1,0,1,0,1,"","","","","","","","","","","","","","","","","","","","","","","","",3500,1,"","",10,1,0,1,"","","","","","","","","","","","","","","","","","","","","","","","","","","","","","","","","","","","","","","","","","","","","","","","","","","","","","","","","","","","","","","","","",""
"31069001","TOULOUSE-BLAGNAC",43.621,1.378833,151,1968012212,"","","","",1.,1,180,1,"","","","","","","","","","","","","","","","","","","","","","","","","","","","",9.,1,3.1,1,"","","","","","","","","","","","","","","","","","","","","","","","","","",67,1,"","","","","","","","","","","","",7.7,1,1028.3,1,1009.6,1,"","","",1,0,1,"","",0,1,0,1,0,1,"","","","","","","","","","","","","","","","","","","","","","","","",6000,1,"","",2,1,0,1,"","","","","","","","","","","","","","","","","","","","","","","","","","","","","","","","","","","","","","","","","","","","","","","","","","","","","","","","","","","","","","","","","",""
"31069001","TOULOUSE-BLAGNAC",43.621,1.378833,151,1968012215,"","","","",2.,1,360,1,"","","","","","","","","","","","","","","","","","","","","","","","","","","","",11.7,1,5.1,1,"","","","","","","","","","","","","","","","","","","","","","","","","","",65,1,"","","","","","","","","","","","",8.9,1,1026.8,1,1008.4,1,"","","",1,1,1,0,1,0,1,0,1,1,1,"","","","","","","","","","","","","","","","","","","","","","","","",15000,1,"","",2,1,0,1,"","","","","","","","","","","","","","","","","","","","","","","","","","","","","","","","","","","","","","","","","","","","","","","","","","","","","","","","","","","","","","","","","",""
"31069001","TOULOUSE-BLAGNAC",43.621,1.378833,151,1968012218,"","","","",2.,1,340,1,"","","","","","","","","","","","","","","","","","","","","","","","","","","","",7.7,1,5.1,1,"","","","","","","","","","","","","","","","","","","","","","","","","","",85,1,"","","","","","","","","","","","",8.9,1,1027.2,1,1008.5,1,"","","",1,1,1,0,1,0,1,0,1,1,1,"","","","","","","","","","","","","","","","","","","","","","","","",8000,1,"","",2,1,0,1,"","","","","","","","","","","","","","","","","","","","","","","","","","","","","","","","","","","","","","","","","","","","","","","","","","","","","","","","","","","","","","","","","",""
"31069001","TOULOUSE-BLAGNAC",43.621,1.378833,151,1968012221,"","","","",1.,1,200,1,"","","","","","","","","","","","","","","","","","","","","","","","","","","","",2.6,1,1.4,1,"","","","","","","","","","","","","","","","","","","","","","","","","","",93,1,"","","","","","","","","","","","",6.8,1,1027.8,1,1008.7,1,"","","",1,0,1,"","",0,1,0,1,0,1,"","","","","","","","","","","","","","","","","","","","","","","","",5000,1,"","",2,1,0,1,"","","","","","","","","","","","","","","","","","","","","","","","","","","","","","","","","","","","","","","","","","","","","","","","","","","","","","","","","","","","","","","","","",""
"31069001","TOULOUSE-BLAGNAC",43.621,1.378833,151,1968012300,"","","","",2.,1,180,1,"","","","","","","","","","","","","","","","","","","","","","","","","","","","",1.,1,0.,1,"","","","","","","","","","","","","","","","","","","","","","","","","","",92,1,"","","","","","","","","","","","",6.1,1,1028.3,1,1009.1,1,"","","",1,0,1,"","",0,1,0,1,0,1,"","","","","","","","","","","","","","","","","","","","","","","","",5000,1,"","",2,1,0,1,"","","","","","","","","","","","","","","","","","","","","","","","","","","","","","","","","","","","","","","","","","","","","","","","","","","","","","","","","","","","","","","","","",""
"31069001","TOULOUSE-BLAGNAC",43.621,1.378833,151,1968012303,"","","","",3.,1,200,1,"","","","","","","","","","","","","","","","","","","","","","","","","","","","",-0.8,1,-1.4,1,"","","","","","","","","","","","","","","","","","","","","","","","","","",96,1,"","","","","","","","","","","","",5.5,1,1028.,1,1008.7,1,"","","",1,2,1,0,1,0,1,0,1,1,1,"","","","","","","","","","","","","","","","","","","","","","","","",5000,1,"","",3,1,0,1,"","","","","","","","","","","","","","","","","","","","","","","","","","","","","","","","","","","","","","","","","","","","","","","","","","","","","","","","","","","","","","","","","",""
"31069001","TOULOUSE-BLAGNAC",43.621,1.378833,151,1968012306,"","","","",2.,1,200,1,"","","","","","","","","","","","","","","","","","","","","","","","","","","","",-1.1,1,-1.4,1,"","","","","","","","","","","","","","","","","","","","","","","","","","",97,1,"","","","","","","","","","","","",5.5,1,1028.2,1,1008.8,1,"","","",1,3,1,0,1,0,1,0,1,1,1,"","","","","","","","","","","","","","","","","","","","","","","","",5000,1,"","",1,1,0,1,"","",1,1,"","","","","","","","","","","","","","","","","","","","","","","","","","","","","","","","","","","","","","","","","","","","","","","","","","","","","","","","","","","","","",""
"31069001","TOULOUSE-BLAGNAC",43.621,1.378833,151,1968012309,"","","","",2.,1,280,1,"","","","","","","","","","","","","","","","","","","","","","","","","","","","",1.6,1,1.6,1,"","","","","","","","","","","","","","","","","","","","","","","","","","",100,1,"","","","","","","","","","","","",6.8,1,1029.2,1,1010.,1,"","","",1,8,1,8,1,6,1,"","","","","","","","","","","","","","","","","","","","","","","","","","","","",300,1,"","",42,1,4,1,"","","","","","","","","","","","","","","","","","","","","","","","","","","","","","","","","","","","","","","","","","","","","","","","","","","","","","","","","","","","","","","","","",""
"31069001","TOULOUSE-BLAGNAC",43.621,1.378833,151,1968012312,"","","","",3.,1,260,1,"","","","","","","","","","","","","","","","","","","","","","","","","","","","",4.3,1,3.7,1,"","","","","","","","","","","","","","","","","","","","","","","","","","",97,1,"","","","","","","","","","","","",8.,1,1029.3,1,1010.3,1,"","","",1,8,1,8,1,6,1,"","","","","","","","","","","","","","","","","","","","","","","","","","","","",4000,1,"","",10,1,4,1,"","","","","","","","","","","","","","","","","","","","","","","","","","","","","","","","","","","","","","","","","","","","","","","","","","","","","","","","","","","","","","","","","",""
"31069001","TOULOUSE-BLAGNAC",43.621,1.378833,151,1968012315,"","","","",1.,1,240,1,"","","","","","","","","","","","","","","","","","","","","","","","","","","","",7.4,1,4.5,1,"","","","","","","","","","","","","","","","","","","","","","","","","","",83,1,"","","","","","","","","","","","",8.5,1,1028.3,1,1009.5,1,"","","",1,3,1,0,1,5,1,0,1,0,1,"","","","","","","","","","","","","","","","","","","","","","","","",5000,1,"","",1,1,1,1,"","","","","","","","","","","","","","","","","","","","","","","","","","","","","","","","","","","","","","","","","","","","","","","","","","","","","","","","","","","","","","","","","",""
"31069001","TOULOUSE-BLAGNAC",43.621,1.378833,151,1968012318,"","","","",2.,1,220,1,"","","","","","","","","","","","","","","","","","","","","","","","","","","","",3.6,1,2.8,1,"","","","","","","","","","","","","","","","","","","","","","","","","","",95,1,"","","","","","","","","","","","",7.5,1,1028.4,1,1009.4,1,"","","",1,0,1,"","",0,1,0,1,0,1,"","","","","","","","","","","","","","","","","","","","","","","","",2500,1,"","",10,1,1,1,"","","","","","","","","","","","","","","","","","","","","","","","","","","","","","","","","","","","","","","","","","","","","","","","","","","","","","","","","","","","","","","","","",""
"31069001","TOULOUSE-BLAGNAC",43.621,1.378833,151,1968012321,"","","","",2.,1,220,1,"","","","","","","","","","","","","","","","","","","","","","","","","","","","",2.9,1,2.9,1,"","","","","","","","","","","","","","","","","","","","","","","","","","",100,1,"","","","","","","","","","","","",7.5,1,1029.,1,1009.9,1,"","","",1,9,1,"","","","","","","","","","","","","","","","","","","","","","","","","","","","","","","","",300,1,"","",47,1,1,1,"","","","","","","","","","","","","","","","","","","","","","","","","","","","","","","","","","","","","","","","","","","","","","","","","","","","","","","","","","","","","","","","","",""
"31069001","TOULOUSE-BLAGNAC",43.621,1.378833,151,1968012400,"","","","",2.,1,220,1,"","","","","","","","","","","","","","","","","","","","","","","","","","","","",2.6,1,2.6,1,"","","","","","","","","","","","","","","","","","","","","","","","","","",100,1,"","","","","","","","","","","","",7.4,1,1029.5,1,1010.4,1,"","","",1,9,1,"","","","","","","","","","","","","","","","","","","","","","","","","","","","","","","","",200,1,"","",45,1,2,1,"","","","","","","","","","","","","","","","","","","","","","","","","","","","","","","","","","","","","","","","","","","","","","","","","","","","","","","","","","","","","","","","","",""
"31069001","TOULOUSE-BLAGNAC",43.621,1.378833,151,1968012403,"","","","",0.,1,0,1,"","","","","","","","","","","","","","","","","","","","","","","","","","","","",1.4,1,1.4,1,"","","","","","","","","","","","","","","","","","","","","","","","","","",100,1,"","","","","","","","","","","","",6.7,1,1028.6,1,1009.4,1,"","","",1,9,1,"","","","","","","","","","","","","","","","","","","","","","","","","","","","","","","","",180,1,"","",47,1,4,1,"","","","","","","","","","","","","","","","","","","","","","","","","","","","","","","","","","","","","","","","","","","","","","","","","","","","","","","","","","","","","","","","","",""
"31069001","TOULOUSE-BLAGNAC",43.621,1.378833,151,1968012406,"","","","",1.,1,180,1,"","","","","","","","","","","","","","","","","","","","","","","","","","","","",2.2,1,2.2,1,"","","","","","","","","","","","","","","","","","","","","","","","","","",100,1,"","","","","","","","","","","","",7.2,1,1027.2,1,1008.1,1,"","","",1,8,1,8,1,5,1,"","","","","","","","","","","","","","","","","","","","","","","","","","","","",2500,1,"","",28,1,4,1,"","",1,1,"","","","","","","","","","","","","","","","","","","","","","","","","","","","","","","","","","","","","","","","","","","","","","","","","","","","","","","","","","","","","",""
"31069001","TOULOUSE-BLAGNAC",43.621,1.378833,151,1968012409,"","","","",4.,1,280,1,"","","","","","","","","","","","","","","","","","","","","","","","","","","","",4.4,1,3.8,1,"","","","","","","","","","","","","","","","","","","","","","","","","","",97,1,"","","","","","","","","","","","",8.1,1,1027.2,1,1008.3,1,"","","",1,8,1,5,1,5,1,7,1,"","","","","","","","","","","","","","","","","","","","","","","","","","",4000,1,"","",21,1,2,1,"","","","","","","","","","","","","","","","","","","","","","","","","","","","","","","","","","","","","","","","","","","","","","","","","","","","","","","","","","","","","","","","","",""
"31069001","TOULOUSE-BLAGNAC",43.621,1.378833,151,1968012412,"","","","",7.,1,320,1,"","","","","","","","","","","","","","","","","","","","","","","","","","","","",5.4,1,4.3,1,"","","","","","","","","","","","","","","","","","","","","","","","","","",94,1,"","","","","","","","","","","","",8.4,1,1028.2,1,1009.3,1,"","","",1,7,1,5,1,8,1,"","","","","","","","","","","","","","","","","","","","","","","","","","","","",5000,1,"","",1,1,6,1,"","","","","","","","","","","","","","","","","","","","","","","","","","","","","","","","","","","","","","","","","","","","","","","","","","","","","","","","","","","","","","","","","",""
"31069001","TOULOUSE-BLAGNAC",43.621,1.378833,151,1968012415,"","","","",7.,1,300,1,"","","","","","","","","","","","","","","","","","","","","","","","","","","","",7.,1,0.4,1,"","","","","","","","","","","","","","","","","","","","","","","","","","",63,1,"","","","","","","","","","","","",6.3,1,1027.3,1,1008.5,1,"","","",1,6,1,0,1,4,1,0,1,0,1,"","","","","","","","","","","","","","","","","","","","","","","","",10000,1,"","",3,1,1,1,"","","","","","","","","","","","","","","","","","","","","","","","","","","","","","","","","","","","","","","","","","","","","","","","","","","","","","","","","","","","","","","","","",""
"31069001","TOULOUSE-BLAGNAC",43.621,1.378833,151,1968012418,"","","","",6.,1,280,1,"","","","","","","","","","","","","","","","","","","","","","","","","","","","",5.3,1,1.,1,"","","","","","","","","","","","","","","","","","","","","","","","","","",74,1,"","","","","","","","","","","","",6.6,1,1028.5,1,1009.6,1,"","","",1,7,1,7,1,4,1,"","","","","","","","","","","","","","","","","","","","","","","","","","","","",10000,1,"","",3,1,1,1,"","","","","","","","","","","","","","","","","","","","","","","","","","","","","","","","","","","","","","","","","","","","","","","","","","","","","","","","","","","","","","","","","",""
"31069001","TOULOUSE-BLAGNAC",43.621,1.378833,151,1968012421,"","","","",6.,1,280,1,"","","","","","","","","","","","","","","","","","","","","","","","","","","","",4.,1,0.8,1,"","","","","","","","","","","","","","","","","","","","","","","","","","",80,1,"","","","","","","","","","","","",6.5,1,1028.9,1,1009.9,1,"","","",1,8,1,8,1,5,1,"","","","","","","","","","","","","","","","","","","","","","","","","","","","",10000,1,"","",3,1,2,1,"","","","","","","","","","","","","","","","","","","","","","","","","","","","","","","","","","","","","","","","","","","","","","","","","","","","","","","","","","","","","","","","","",""
"31069001","TOULOUSE-BLAGNAC",43.621,1.378833,151,1968012500,"","","","",6.,1,280,1,"","","","","","","","","","","","","","","","","","","","","","","","","","","","",3.8,1,1.2,1,"","","","","","","","","","","","","","","","","","","","","","","","","","",83,1,"","","","","","","","","","","","",6.7,1,1029.3,1,1010.3,1,"","","",1,7,1,7,1,5,1,"","","","","","","","","","","","","","","","","","","","","","","","","","","","",10000,1,"","",2,1,2,1,"","","","","","","","","","","","","","","","","","","","","","","","","","","","","","","","","","","","","","","","","","","","","","","","","","","","","","","","","","","","","","","","","",""
"31069001","TOULOUSE-BLAGNAC",43.621,1.378833,151,1968012503,"","","","",6.,1,260,1,"","","","","","","","","","","","","","","","","","","","","","","","","","","","",3.4,1,1.2,1,"","","","","","","","","","","","","","","","","","","","","","","","","","",87,1,"","","","","","","","","","","","",6.7,1,1029.1,1,1010.1,1,"","","",1,7,1,7,1,5,1,"","","","","","","","","","","","","","","","","","","","","","","","","","","","",10000,1,"","",2,1,2,1,"","","","","","","","","","","","","","","","","","","","","","","","","","","","","","","","","","","","","","","","","","","","","","","","","","","","","","","","","","","","","","","","","",""
"31069001","TOULOUSE-BLAGNAC",43.621,1.378833,151,1968012506,"","","","",4.,1,260,1,"","","","","","","","","","","","","","","","","","","","","","","","","","","","",2.2,1,1.,1,"","","","","","","","","","","","","","","","","","","","","","","","","","",93,1,"","","","","","","","","","","","",6.6,1,1029.4,1,1010.3,1,"","","",1,5,1,5,1,5,1,0,1,0,1,"","","","","","","","","","","","","","","","","","","","","","","","",10000,1,"","",1,1,2,1,"","",1,1,"","","","","","","","","","","","","","","","","","","","","","","","","","","","","","","","","","","","","","","","","","","","","","","","","","","","","","","","","","","","","",""
"31069001","TOULOUSE-BLAGNAC",43.621,1.378833,151,1968012509,"","","","",7.,1,260,1,"","","","","","","","","","","","","","","","","","","","","","","","","","","","",3.,1,1.,1,"","","","","","","","","","","","","","","","","","","","","","","","","","",88,1,"","","","","","","","","","","","",6.6,1,1029.8,1,1010.7,1,"","","",1,7,1,7,1,5,1,"","","","","","","","","","","","","","","","","","","","","","","","","","","","",15000,1,"","",2,1,2,1,"","","","","","","","","","","","","","","","","","","","","","","","","","","","","","","","","","","","","","","","","","","","","","","","","","","","","","","","","","","","","","","","","",""
"31069001","TOULOUSE-BLAGNAC",43.621,1.378833,151,1968012512,"","","","",8.,1,260,1,"","","","","","","","","","","","","","","","","","","","","","","","","","","","",5.4,1,1.2,1,"","","","","","","","","","","","","","","","","","","","","","","","","","",74,1,"","","","","","","","","","","","",6.7,1,1029.2,1,1010.3,1,"","","",1,8,1,6,1,5,1,7,1,"","","","","","","","","","","","","","","","","","","","","","","","","","",15000,1,"","",60,1,2,1,"","","","","","","","","","","","","","","","","","","","","","","","","","","","","","","","","","","","","","","","","","","","","","","","","","","","","","","","","","","","","","","","","",""
"31069001","TOULOUSE-BLAGNAC",43.621,1.378833,151,1968012515,"","","","",8.,1,260,1,"","","","","","","","","","","","","","","","","","","","","","","","","","","","",5.3,1,2.,1,"","","","","","","","","","","","","","","","","","","","","","","","","","",80,1,"","","","","","","","","","","","",7.1,1,1028.1,1,1009.2,1,"","","",1,8,1,5,1,5,1,7,1,"","","","","","","","","","","","","","","","","","","","","","","","","","",20000,1,"","",60,1,2,1,"","","","","","","","","","","","","","","","","","","","","","","","","","","","","","","","","","","","","","","","","","","","","","","","","","","","","","","","","","","","","","","","","",""
"31069001","TOULOUSE-BLAGNAC",43.621,1.378833,151,1968012518,"","","","",8.,1,280,1,"","","","","","","","","","","","","","","","","","","","","","","","","","","","",5.8,1,3.3,1,"","","","","","","","","","","","","","","","","","","","","","","","","","",85,1,"","","","","","","","","","","","",7.8,1,1027.1,1,1008.3,1,"","","",1,8,1,8,1,5,1,"","","","","","","","","","","","","","","","","","","","","","","","","","","","",20000,1,"","",60,1,6,1,"","","","","","","","","","","","","","","","","","","","","","","","","","","","","","","","","","","","","","","","","","","","","","","","","","","","","","","","","","","","","","","","","",""
"31069001","TOULOUSE-BLAGNAC",43.621,1.378833,151,1968012521,"","","","",7.,1,280,1,"","","","","","","","","","","","","","","","","","","","","","","","","","","","",5.8,1,4.5,1,"","","","","","","","","","","","","","","","","","","","","","","","","","",92,1,"","","","","","","","","","","","",8.5,1,1027.5,1,1008.7,1,"","","",1,8,1,8,1,5,1,"","","","","","","","","","","","","","","","","","","","","","","","","","","","",15000,1,"","",60,1,6,1,"","","","","","","","","","","","","","","","","","","","","","","","","","","","","","","","","","","","","","","","","","","","","","","","","","","","","","","","","","","","","","","","","",""
"31069001","TOULOUSE-BLAGNAC",43.621,1.378833,151,1968012600,"","","","",6.,1,280,1,"","","","","","","","","","","","","","","","","","","","","","","","","","","","",5.8,1,4.3,1,"","","","","","","","","","","","","","","","","","","","","","","","","","",91,1,"","","","","","","","","","","","",8.4,1,1027.6,1,1008.8,1,"","","",1,8,1,8,1,5,1,"","","","","","","","","","","","","","","","","","","","","","","","","","","","",15000,1,"","",2,1,6,1,"","","","","","","","","","","","","","","","","","","","","","","","","","","","","","","","","","","","","","","","","","","","","","","","","","","","","","","","","","","","","","","","","",""
"31069001","TOULOUSE-BLAGNAC",43.621,1.378833,151,1968012603,"","","","",6.,1,280,1,"","","","","","","","","","","","","","","","","","","","","","","","","","","","",5.5,1,4.8,1,"","","","","","","","","","","","","","","","","","","","","","","","","","",97,1,"","","","","","","","","","","","",8.7,1,1027.3,1,1008.4,1,"","","",1,8,1,5,1,5,1,"","","","","","","","","","","","","","","","","","","","","","","","","","","","",10000,1,"","",58,1,2,1,"","","","","","","","","","","","","","","","","","","","","","","","","","","","","","","","","","","","","","","","","","","","","","","","","","","","","","","","","","","","","","","","","",""
"31069001","TOULOUSE-BLAGNAC",43.621,1.378833,151,1968012606,"","","","",6.,1,280,1,"","","","","","","","","","","","","","","","","","","","","","","","","","","","",5.8,1,5.,1,"","","","","","","","","","","","","","","","","","","","","","","","","","",95,1,"","","","","","","","","","","","",8.8,1,1026.9,1,1008.1,1,"","","",1,8,1,8,1,5,1,"","","","","","","","","","","","","","","","","","","","","","","","","","","","",8000,1,"","",58,1,6,1,"","",1,1,"","","","","","","","","","","","","","","","","","","","","","","","","","","","","","","","","","","","","","","","","","","","","","","","","","","","","","","","","","","","","",""
"31069001","TOULOUSE-BLAGNAC",43.621,1.378833,151,1968012609,"","","","",7.,1,280,1,"","","","","","","","","","","","","","","","","","","","","","","","","","","","",6.4,1,5.3,1,"","","","","","","","","","","","","","","","","","","","","","","","","","",94,1,"","","","","","","","","","","","",9.,1,1027.2,1,1008.4,1,"","","",1,7,1,7,1,5,1,"","","","","","","","","","","","","","","","","","","","","","","","","","","","",10000,1,"","",21,1,6,1,"","","","","","","","","","","","","","","","","","","","","","","","","","","","","","","","","","","","","","","","","","","","","","","","","","","","","","","","","","","","","","","","","",""
"31069001","TOULOUSE-BLAGNAC",43.621,1.378833,151,1968012612,"","","","",7.,1,280,1,"","","","","","","","","","","","","","","","","","","","","","","","","","","","",7.7,1,6.4,1,"","","","","","","","","","","","","","","","","","","","","","","","","","",93,1,"","","","","","","","","","","","",9.7,1,1026.8,1,1008.1,1,"","","",1,8,1,8,1,5,1,"","","","","","","","","","","","","","","","","","","","","","","","","","","","",8000,1,"","",21,1,5,1,"","","","","","","","","","","","","","","","","","","","","","","","","","","","","","","","","","","","","","","","","","","","","","","","","","","","","","","","","","","","","","","","","",""
"31069001","TOULOUSE-BLAGNAC",43.621,1.378833,151,1968012615,"","","","",6.,1,300,1,"","","","","","","","","","","","","","","","","","","","","","","","","","","","",7.7,1,6.8,1,"","","","","","","","","","","","","","","","","","","","","","","","","","",96,1,"","","","","","","","","","","","",10.,1,1025.6,1,1006.9,1,"","","",1,8,1,5,1,8,1,"","","","","","","","","","","","","","","","","","","","","","","","","","","","",4900,1,"","",50,1,5,1,"","","","","","","","","","","","","","","","","","","","","","","","","","","","","","","","","","","","","","","","","","","","","","","","","","","","","","","","","","","","","","","","","",""
"31069001","TOULOUSE-BLAGNAC",43.621,1.378833,151,1968012618,"","","","",6.,1,280,1,"","","","","","","","","","","","","","","","","","","","","","","","","","","","",7.6,1,6.1,1,"","","","","","","","","","","","","","","","","","","","","","","","","","",91,1,"","","","","","","","","","","","",9.5,1,1025.9,1,1007.2,1,"","","",1,8,1,8,1,5,1,"","","","","","","","","","","","","","","","","","","","","","","","","","","","",15000,1,"","",2,1,5,1,"","","","","","","","","","","","","","","","","","","","","","","","","","","","","","","","","","","","","","","","","","","","","","","","","","","","","","","","","","","","","","","","","",""
"31069001","TOULOUSE-BLAGNAC",43.621,1.378833,151,1968012621,"","","","",6.,1,280,1,"","","","","","","","","","","","","","","","","","","","","","","","","","","","",7.,1,5.9,1,"","","","","","","","","","","","","","","","","","","","","","","","","","",94,1,"","","","","","","","","","","","",9.4,1,1026.7,1,1008.,1,"","","",1,7,1,7,1,5,1,"","","","","","","","","","","","","","","","","","","","","","","","","","","","",20000,1,"","",1,1,2,1,"","","","","","","","","","","","","","","","","","","","","","","","","","","","","","","","","","","","","","","","","","","","","","","","","","","","","","","","","","","","","","","","","",""
"31069001","TOULOUSE-BLAGNAC",43.621,1.378833,151,1968012700,"","","","",6.,1,280,1,"","","","","","","","","","","","","","","","","","","","","","","","","","","","",6.8,1,5.6,1,"","","","","","","","","","","","","","","","","","","","","","","","","","",93,1,"","","","","","","","","","","","",9.2,1,1026.9,1,1008.1,1,"","","",1,8,1,8,1,5,1,"","","","","","","","","","","","","","","","","","","","","","","","","","","","",20000,1,"","",2,1,6,1,"","","","","","","","","","","","","","","","","","","","","","","","","","","","","","","","","","","","","","","","","","","","","","","","","","","","","","","","","","","","","","","","","",""
"31069001","TOULOUSE-BLAGNAC",43.621,1.378833,151,1968012703,"","","","",4.,1,280,1,"","","","","","","","","","","","","","","","","","","","","","","","","","","","",6.3,1,5.1,1,"","","","","","","","","","","","","","","","","","","","","","","","","","",93,1,"","","","","","","","","","","","",8.9,1,1026.,1,1007.2,1,"","","",1,8,1,8,1,5,1,"","","","","","","","","","","","","","","","","","","","","","","","","","","","",20000,1,"","",2,1,2,1,"","","","","","","","","","","","","","","","","","","","","","","","","","","","","","","","","","","","","","","","","","","","","","","","","","","","","","","","","","","","","","","","","",""
"31069001","TOULOUSE-BLAGNAC",43.621,1.378833,151,1968012706,"","","","",4.,1,260,1,"","","","","","","","","","","","","","","","","","","","","","","","","","","","",5.8,1,4.5,1,"","","","","","","","","","","","","","","","","","","","","","","","","","",92,1,"","","","","","","","","","","","",8.5,1,1025.2,1,1006.4,1,"","","",1,6,1,6,1,5,1,0,1,0,1,"","","","","","","","","","","","","","","","","","","","","","","","",20000,1,"","",2,1,2,1,"","",2,1,"","","","","","","","","","","","","","","","","","","","","","","","","","","","","","","","","","","","","","","","","","","","","","","","","","","","","","","","","","","","","",""
"31069001","TOULOUSE-BLAGNAC",43.621,1.378833,151,1968012709,"","","","",3.,1,300,1,"","","","","","","","","","","","","","","","","","","","","","","","","","","","",6.1,1,5.3,1,"","","","","","","","","","","","","","","","","","","","","","","","","","",95,1,"","","","","","","","","","","","",9.,1,1025.3,1,1006.5,1,"","","",1,8,1,7,1,5,1,"","","","","","","","","","","","","","","","","","","","","","","","","","","","",20000,1,"","",21,1,2,1,"","","","","","","","","","","","","","","","","","","","","","","","","","","","","","","","","","","","","","","","","","","","","","","","","","","","","","","","","","","","","","","","","",""
"31069001","TOULOUSE-BLAGNAC",43.621,1.378833,151,1968012712,"","","","",3.,1,280,1,"","","","","","","","","","","","","","","","","","","","","","","","","","","","",7.3,1,5.5,1,"","","","","","","","","","","","","","","","","","","","","","","","","","",88,1,"","","","","","","","","","","","",9.1,1,1024.2,1,1005.5,1,"","","",1,8,1,8,1,8,1,"","","","","","","","","","","","","","","","","","","","","","","","","","","","",20000,1,"","",2,1,6,1,"","","","","","","","","","","","","","","","","","","","","","","","","","","","","","","","","","","","","","","","","","","","","","","","","","","","","","","","","","","","","","","","","",""
"31069001","TOULOUSE-BLAGNAC",43.621,1.378833,151,1968012715,"","","","",2.,1,300,1,"","","","","","","","","","","","","","","","","","","","","","","","","","","","",7.8,1,4.8,1,"","","","","","","","","","","","","","","","","","","","","","","","","","",82,1,"","","","","","","","","","","","",8.7,1,1022.2,1,1003.6,1,"","","",1,8,1,8,1,8,1,"","","","","","","","","","","","","","","","","","","","","","","","","","","","",20000,1,"","",2,1,2,1,"","","","","","","","","","","","","","","","","","","","","","","","","","","","","","","","","","","","","","","","","","","","","","","","","","","","","","","","","","","","","","","","","",""
"31069001","TOULOUSE-BLAGNAC",43.621,1.378833,151,1968012718,"","","","",2.,1,360,1,"","","","","","","","","","","","","","","","","","","","","","","","","","","","",6.9,1,4.8,1,"","","","","","","","","","","","","","","","","","","","","","","","","","",87,1,"","","","","","","","","","","","",8.7,1,1021.5,1,1002.8,1,"","","",1,7,1,7,1,5,1,"","","","","","","","","","","","","","","","","","","","","","","","","","","","",20000,1,"","",2,1,2,1,"","","","","","","","","","","","","","","","","","","","","","","","","","","","","","","","","","","","","","","","","","","","","","","","","","","","","","","","","","","","","","","","","",""
"31069001","TOULOUSE-BLAGNAC",43.621,1.378833,151,1968012721,"","","","",1.,1,340,1,"","","","","","","","","","","","","","","","","","","","","","","","","","","","",6.3,1,4.8,1,"","","","","","","","","","","","","","","","","","","","","","","","","","",91,1,"","","","","","","","","","","","",8.7,1,1020.8,1,1002.1,1,"","","",1,8,1,8,1,5,1,"","","","","","","","","","","","","","","","","","","","","","","","","","","","",20000,1,"","",2,1,2,1,"","","","","","","","","","","","","","","","","","","","","","","","","","","","","","","","","","","","","","","","","","","","","","","","","","","","","","","","","","","","","","","","","",""
"31069001","TOULOUSE-BLAGNAC",43.621,1.378833,151,1968012800,"","","","",1.,1,100,1,"","","","","","","","","","","","","","","","","","","","","","","","","","","","",6.1,1,3.7,1,"","","","","","","","","","","","","","","","","","","","","","","","","","",85,1,"","","","","","","","","","","","",8.,1,1018.4,1,999.7,1,"","","",1,6,1,6,1,5,1,0,1,0,1,"","","","","","","","","","","","","","","","","","","","","","","","",15000,1,"","",1,1,2,1,"","","","","","","","","","","","","","","","","","","","","","","","","","","","","","","","","","","","","","","","","","","","","","","","","","","","","","","","","","","","","","","","","",""
"31069001","TOULOUSE-BLAGNAC",43.621,1.378833,151,1968012803,"","","","",1.,1,200,1,"","","","","","","","","","","","","","","","","","","","","","","","","","","","",2.4,1,2.4,1,"","","","","","","","","","","","","","","","","","","","","","","","","","",100,1,"","","","","","","","","","","","",7.3,1,1017.3,1,998.4,1,"","","",1,0,1,"","",0,1,0,1,0,1,"","","","","","","","","","","","","","","","","","","","","","","","",700,1,"","",42,1,4,1,"","","","","","","","","","","","","","","","","","","","","","","","","","","","","","","","","","","","","","","","","","","","","","","","","","","","","","","","","","","","","","","","","",""
"31069001","TOULOUSE-BLAGNAC",43.621,1.378833,151,1968012806,"","","","",2.,1,180,1,"","","","","","","","","","","","","","","","","","","","","","","","","","","","",0.4,1,0.4,1,"","","","","","","","","","","","","","","","","","","","","","","","","","",100,1,"","","","","","","","","","","","",6.3,1,1016.7,1,997.7,1,"","","",1,5,1,5,1,6,1,0,1,0,1,"","","","","","","","","","","","","","","","","","","","","","","","",3500,1,"","",28,1,4,1,"","",1,1,"","","","","","","","","","","","","","","","","","","","","","","","","","","","","","","","","","","","","","","","","","","","","","","","","","","","","","","","","","","","","",""
"31069001","TOULOUSE-BLAGNAC",43.621,1.378833,151,1968012809,"","","","",2.,1,180,1,"","","","","","","","","","","","","","","","","","","","","","","","","","","","",1.3,1,1.,1,"","","","","","","","","","","","","","","","","","","","","","","","","","",98,1,"","","","","","","","","","","","",6.6,1,1016.2,1,997.2,1,"","","",1,6,1,6,1,5,1,0,1,0,1,"","","","","","","","","","","","","","","","","","","","","","","","",4000,1,"","",10,1,2,1,"","","","","","","","","","","","","","","","","","","","","","","","","","","","","","","","","","","","","","","","","","","","","","","","","","","","","","","","","","","","","","","","","",""
"31069001","TOULOUSE-BLAGNAC",43.621,1.378833,151,1968012812,"","","","",1.,1,160,1,"","","","","","","","","","","","","","","","","","","","","","","","","","","","",6.8,1,2.2,1,"","","","","","","","","","","","","","","","","","","","","","","","","","",73,1,"","","","","","","","","","","","",7.2,1,1015.4,1,996.8,1,"","","",1,7,1,6,1,8,1,"","","","","","","","","","","","","","","","","","","","","","","","","","","","",6000,1,"","",3,1,2,1,"","","","","","","","","","","","","","","","","","","","","","","","","","","","","","","","","","","","","","","","","","","","","","","","","","","","","","","","","","","","","","","","","",""
"31069001","TOULOUSE-BLAGNAC",43.621,1.378833,151,1968012815,"","","","",0.,1,0,1,"","","","","","","","","","","","","","","","","","","","","","","","","","","","",6.4,1,3.7,1,"","","","","","","","","","","","","","","","","","","","","","","","","","",83,1,"","","","","","","","","","","","",8.,1,1014.7,1,996.1,1,"","","",1,8,1,8,1,5,1,"","","","","","","","","","","","","","","","","","","","","","","","","","","","",3000,1,"","",60,1,6,1,"","","","","","","","","","","","","","","","","","","","","","","","","","","","","","","","","","","","","","","","","","","","","","","","","","","","","","","","","","","","","","","","","",""
"31069001","TOULOUSE-BLAGNAC",43.621,1.378833,151,1968012818,"","","","",2.,1,100,1,"","","","","","","","","","","","","","","","","","","","","","","","","","","","",6.,1,3.5,1,"","","","","","","","","","","","","","","","","","","","","","","","","","",85,1,"","","","","","","","","","","","",7.9,1,1014.9,1,996.3,1,"","","",1,7,1,7,1,5,1,"","","","","","","","","","","","","","","","","","","","","","","","","","","","",6000,1,"","",3,1,6,1,"","","","","","","","","","","","","","","","","","","","","","","","","","","","","","","","","","","","","","","","","","","","","","","","","","","","","","","","","","","","","","","","","",""
"31069001","TOULOUSE-BLAGNAC",43.621,1.378833,151,1968012821,"","","","",2.,1,40,1,"","","","","","","","","","","","","","","","","","","","","","","","","","","","",4.9,1,3.8,1,"","","","","","","","","","","","","","","","","","","","","","","","","","",93,1,"","","","","","","","","","","","",8.1,1,1016.4,1,997.7,1,"","","",1,8,1,8,1,5,1,"","","","","","","","","","","","","","","","","","","","","","","","","","","","",10000,1,"","",2,1,2,1,"","","","","","","","","","","","","","","","","","","","","","","","","","","","","","","","","","","","","","","","","","","","","","","","","","","","","","","","","","","","","","","","","",""
"31069001","TOULOUSE-BLAGNAC",43.621,1.378833,151,1968012900,"","","","",2.,1,340,1,"","","","","","","","","","","","","","","","","","","","","","","","","","","","",4.8,1,4.5,1,"","","","","","","","","","","","","","","","","","","","","","","","","","",98,1,"","","","","","","","","","","","",8.5,1,1018.2,1,999.5,1,"","","",1,8,1,8,1,5,1,"","","","","","","","","","","","","","","","","","","","","","","","","","","","",8000,1,"","",58,1,6,1,"","","","","","","","","","","","","","","","","","","","","","","","","","","","","","","","","","","","","","","","","","","","","","","","","","","","","","","","","","","","","","","","","",""
"31069001","TOULOUSE-BLAGNAC",43.621,1.378833,151,1968012903,"","","","",2.,1,280,1,"","","","","","","","","","","","","","","","","","","","","","","","","","","","",3.1,1,2.8,1,"","","","","","","","","","","","","","","","","","","","","","","","","","",98,1,"","","","","","","","","","","","",7.5,1,1019.4,1,1000.5,1,"","","",1,6,1,6,1,5,1,0,1,0,1,"","","","","","","","","","","","","","","","","","","","","","","","",15000,1,"","",3,1,6,1,"","","","","","","","","","","","","","","","","","","","","","","","","","","","","","","","","","","","","","","","","","","","","","","","","","","","","","","","","","","","","","","","","",""
"31069001","TOULOUSE-BLAGNAC",43.621,1.378833,151,1968012906,"","","","",3.,1,280,1,"","","","","","","","","","","","","","","","","","","","","","","","","","","","",3.1,1,2.8,1,"","","","","","","","","","","","","","","","","","","","","","","","","","",98,1,"","","","","","","","","","","","",7.5,1,1021.3,1,1002.4,1,"","","",1,7,1,7,1,6,1,"","","","","","","","","","","","","","","","","","","","","","","","","","","","",6000,1,"","",3,1,6,1,"","",1,1,"","","","","","","","","","","","","","","","","","","","","","","","","","","","","","","","","","","","","","","","","","","","","","","","","","","","","","","","","","","","","",""
"31069001","TOULOUSE-BLAGNAC",43.621,1.378833,151,1968012909,"","","","",4.,1,280,1,"","","","","","","","","","","","","","","","","","","","","","","","","","","","",2.5,1,2.5,1,"","","","","","","","","","","","","","","","","","","","","","","","","","",100,1,"","","","","","","","","","","","",7.3,1,1024.2,1,1005.2,1,"","","",1,8,1,8,1,6,1,"","","","","","","","","","","","","","","","","","","","","","","","","","","","",2300,1,"","",10,1,2,1,"","","","","","","","","","","","","","","","","","","","","","","","","","","","","","","","","","","","","","","","","","","","","","","","","","","","","","","","","","","","","","","","","",""
"31069001","TOULOUSE-BLAGNAC",43.621,1.378833,151,1968012912,"","","","",2.,1,320,1,"","","","","","","","","","","","","","","","","","","","","","","","","","","","",3.4,1,2.4,1,"","","","","","","","","","","","","","","","","","","","","","","","","","",93,1,"","","","","","","","","","","","",7.3,1,1026.2,1,1007.2,1,"","","",1,8,1,7,1,6,1,"","","","","","","","","","","","","","","","","","","","","","","","","","","","",5000,1,"","",1,1,2,1,"","","","","","","","","","","","","","","","","","","","","","","","","","","","","","","","","","","","","","","","","","","","","","","","","","","","","","","","","","","","","","","","","",""
"31069001","TOULOUSE-BLAGNAC",43.621,1.378833,151,1968012915,"","","","",4.,1,300,1,"","","","","","","","","","","","","","","","","","","","","","","","","","","","",4.4,1,2.4,1,"","","","","","","","","","","","","","","","","","","","","","","","","","",87,1,"","","","","","","","","","","","",7.3,1,1026.8,1,1007.9,1,"","","",1,7,1,7,1,6,1,"","","","","","","","","","","","","","","","","","","","","","","","","","","","",8000,1,"","",2,1,2,1,"","","","","","","","","","","","","","","","","","","","","","","","","","","","","","","","","","","","","","","","","","","","","","","","","","","","","","","","","","","","","","","","","",""
"31069001","TOULOUSE-BLAGNAC",43.621,1.378833,151,1968012918,"","","","",3.,1,260,1,"","","","","","","","","","","","","","","","","","","","","","","","","","","","",2.9,1,1.8,1,"","","","","","","","","","","","","","","","","","","","","","","","","","",93,1,"","","","","","","","","","","","",7.,1,1028.3,1,1009.2,1,"","","",1,0,1,"","",0,1,0,1,0,1,"","","","","","","","","","","","","","","","","","","","","","","","",6000,1,"","",1,1,1,1,"","","","","","","","","","","","","","","","","","","","","","","","","","","","","","","","","","","","","","","","","","","","","","","","","","","","","","","","","","","","","","","","","",""
"31069001","TOULOUSE-BLAGNAC",43.621,1.378833,151,1968012921,"","","","",0.,1,0,1,"","","","","","","","","","","","","","","","","","","","","","","","","","","","",1.6,1,1.,1,"","","","","","","","","","","","","","","","","","","","","","","","","","",96,1,"","","","","","","","","","","","",6.6,1,1029.2,1,1010.,1,"","","",1,0,1,"","",0,1,0,1,0,1,"","","","","","","","","","","","","","","","","","","","","","","","",15000,1,"","",2,1,0,1,"","","","","","","","","","","","","","","","","","","","","","","","","","","","","","","","","","","","","","","","","","","","","","","","","","","","","","","","","","","","","","","","","",""
"31069001","TOULOUSE-BLAGNAC",43.621,1.378833,151,1968013000,"","","","",1.,1,160,1,"","","","","","","","","","","","","","","","","","","","","","","","","","","","",0.5,1,0.5,1,"","","","","","","","","","","","","","","","","","","","","","","","","","",100,1,"","","","","","","","","","","","",6.3,1,1030.1,1,1010.8,1,"","","",1,7,1,7,1,5,1,"","","","","","","","","","","","","","","","","","","","","","","","","","","","",7000,1,"","",3,1,1,1,"","","","","","","","","","","","","","","","","","","","","","","","","","","","","","","","","","","","","","","","","","","","","","","","","","","","","","","","","","","","","","","","","",""
"31069001","TOULOUSE-BLAGNAC",43.621,1.378833,151,1968013003,"","","","",0.,1,0,1,"","","","","","","","","","","","","","","","","","","","","","","","","","","","",0.6,1,0.6,1,"","","","","","","","","","","","","","","","","","","","","","","","","","",100,1,"","","","","","","","","","","","",6.4,1,1029.8,1,1010.5,1,"","","",1,7,1,7,1,6,1,"","","","","","","","","","","","","","","","","","","","","","","","","","","","",3000,1,"","",10,1,2,1,"","","","","","","","","","","","","","","","","","","","","","","","","","","","","","","","","","","","","","","","","","","","","","","","","","","","","","","","","","","","","","","","","",""
"31069001","TOULOUSE-BLAGNAC",43.621,1.378833,151,1968013006,"","","","",1.,1,280,1,"","","","","","","","","","","","","","","","","","","","","","","","","","","","",2.3,1,2.3,1,"","","","","","","","","","","","","","","","","","","","","","","","","","",100,1,"","","","","","","","","","","","",7.2,1,1029.5,1,1010.4,1,"","","",1,8,1,8,1,6,1,"","","","","","","","","","","","","","","","","","","","","","","","","","","","",1600,1,"","",28,1,4,1,"","",1,1,"","","","","","","","","","","","","","","","","","","","","","","","","","","","","","","","","","","","","","","","","","","","","","","","","","","","","","","","","","","","","",""
"31069001","TOULOUSE-BLAGNAC",43.621,1.378833,151,1968013009,"","","","",1.,1,240,1,"","","","","","","","","","","","","","","","","","","","","","","","","","","","",2.6,1,2.6,1,"","","","","","","","","","","","","","","","","","","","","","","","","","",100,1,"","","","","","","","","","","","",7.4,1,1030.1,1,1011.,1,"","","",1,8,1,8,1,6,1,"","","","","","","","","","","","","","","","","","","","","","","","","","","","",2000,1,"","",50,1,2,1,"","","","","","","","","","","","","","","","","","","","","","","","","","","","","","","","","","","","","","","","","","","","","","","","","","","","","","","","","","","","","","","","","",""
"31069001","TOULOUSE-BLAGNAC",43.621,1.378833,151,1968013012,"","","","",1.,1,220,1,"","","","","","","","","","","","","","","","","","","","","","","","","","","","",3.1,1,2.4,1,"","","","","","","","","","","","","","","","","","","","","","","","","","",95,1,"","","","","","","","","","","","",7.3,1,1030.3,1,1011.2,1,"","","",1,8,1,8,1,6,1,"","","","","","","","","","","","","","","","","","","","","","","","","","","","",3500,1,"","",10,1,2,1,"","","","","","","","","","","","","","","","","","","","","","","","","","","","","","","","","","","","","","","","","","","","","","","","","","","","","","","","","","","","","","","","","",""
"31069001","TOULOUSE-BLAGNAC",43.621,1.378833,151,1968013015,"","","","",1.,1,280,1,"","","","","","","","","","","","","","","","","","","","","","","","","","","","",3.2,1,2.2,1,"","","","","","","","","","","","","","","","","","","","","","","","","","",93,1,"","","","","","","","","","","","",7.2,1,1029.1,1,1010.,1,"","","",1,8,1,8,1,6,1,"","","","","","","","","","","","","","","","","","","","","","","","","","","","",4000,1,"","",10,1,2,1,"","","","","","","","","","","","","","","","","","","","","","","","","","","","","","","","","","","","","","","","","","","","","","","","","","","","","","","","","","","","","","","","","",""
"31069001","TOULOUSE-BLAGNAC",43.621,1.378833,151,1968013018,"","","","",0.,1,0,1,"","","","","","","","","","","","","","","","","","","","","","","","","","","","",2.8,1,1.6,1,"","","","","","","","","","","","","","","","","","","","","","","","","","",93,1,"","","","","","","","","","","","",6.9,1,1029.2,1,1010.1,1,"","","",1,8,1,8,1,6,1,"","","","","","","","","","","","","","","","","","","","","","","","","","","","",4000,1,"","",10,1,2,1,"","","","","","","","","","","","","","","","","","","","","","","","","","","","","","","","","","","","","","","","","","","","","","","","","","","","","","","","","","","","","","","","","",""
"31069001","TOULOUSE-BLAGNAC",43.621,1.378833,151,1968013021,"","","","",1.,1,100,1,"","","","","","","","","","","","","","","","","","","","","","","","","","","","",2.2,1,1.2,1,"","","","","","","","","","","","","","","","","","","","","","","","","","",95,1,"","","","","","","","","","","","",6.7,1,1029.4,1,1010.3,1,"","","",1,8,1,8,1,6,1,"","","","","","","","","","","","","","","","","","","","","","","","","","","","",4000,1,"","",10,1,2,1,"","","","","","","","","","","","","","","","","","","","","","","","","","","","","","","","","","","","","","","","","","","","","","","","","","","","","","","","","","","","","","","","","",""
"31069001","TOULOUSE-BLAGNAC",43.621,1.378833,151,1968013100,"","","","",1.,1,80,1,"","","","","","","","","","","","","","","","","","","","","","","","","","","","",1.3,1,1.3,1,"","","","","","","","","","","","","","","","","","","","","","","","","","",100,1,"","","","","","","","","","","","",6.7,1,1028.9,1,1009.7,1,"","","",1,8,1,8,1,6,1,"","","","","","","","","","","","","","","","","","","","","","","","","","","","",2000,1,"","",10,1,2,1,"","","","","","","","","","","","","","","","","","","","","","","","","","","","","","","","","","","","","","","","","","","","","","","","","","","","","","","","","","","","","","","","","",""
"31069001","TOULOUSE-BLAGNAC",43.621,1.378833,151,1968013103,"","","","",1.,1,100,1,"","","","","","","","","","","","","","","","","","","","","","","","","","","","",1.,1,1.,1,"","","","","","","","","","","","","","","","","","","","","","","","","","",100,1,"","","","","","","","","","","","",6.6,1,1028.1,1,1008.9,1,"","","",1,8,1,8,1,6,1,"","","","","","","","","","","","","","","","","","","","","","","","","","","","",1200,1,"","",10,1,2,1,"","","","","","","","","","","","","","","","","","","","","","","","","","","","","","","","","","","","","","","","","","","","","","","","","","","","","","","","","","","","","","","","","",""
"31069001","TOULOUSE-BLAGNAC",43.621,1.378833,151,1968013106,"","","","",2.,1,120,1,"","","","","","","","","","","","","","","","","","","","","","","","","","","","",0.8,1,0.8,1,"","","","","","","","","","","","","","","","","","","","","","","","","","",100,1,"","","","","","","","","","","","",6.5,1,1026.9,1,1007.7,1,"","","",1,8,1,8,1,6,1,"","","","","","","","","","","","","","","","","","","","","","","","","","","","",2000,1,"","",28,1,2,1,"","",0,1,"","","","","","","","","","","","","","","","","","","","","","","","","","","","","","","","","","","","","","","","","","","","","","","","","","","","","","","","","","","","","",""
"31069001","TOULOUSE-BLAGNAC",43.621,1.378833,151,1968013109,"","","","",2.,1,100,1,"","","","","","","","","","","","","","","","","","","","","","","","","","","","",1.6,1,0.8,1,"","","","","","","","","","","","","","","","","","","","","","","","","","",94,1,"","","","","","","","","","","","",6.5,1,1026.8,1,1007.7,1,"","","",1,6,1,5,1,6,1,0,1,0,1,"","","","","","","","","","","","","","","","","","","","","","","","",3500,1,"","",10,1,2,1,"","","","","","","","","","","","","","","","","","","","","","","","","","","","","","","","","","","","","","","","","","","","","","","","","","","","","","","","","","","","","","","","","",""
"31069001","TOULOUSE-BLAGNAC",43.621,1.378833,151,1968013112,"","","","",1.,1,80,1,"","","","","","","","","","","","","","","","","","","","","","","","","","","","",4.2,1,3.,1,"","","","","","","","","","","","","","","","","","","","","","","","","","",92,1,"","","","","","","","","","","","",7.6,1,1025.5,1,1006.6,1,"","","",1,7,1,7,1,5,1,"","","","","","","","","","","","","","","","","","","","","","","","","","","","",3500,1,"","",10,1,2,1,"","","","","","","","","","","","","","","","","","","","","","","","","","","","","","","","","","","","","","","","","","","","","","","","","","","","","","","","","","","","","","","","","",""
"31069001","TOULOUSE-BLAGNAC",43.621,1.378833,151,1968013115,"","","","",6.,1,140,1,"","","","","","","","","","","","","","","","","","","","","","","","","","","","",10.1,1,5.8,1,"","","","","","","","","","","","","","","","","","","","","","","","","","",76,1,"","","","","","","","","","","","",9.3,1,1023.6,1,1005.1,1,"","","",1,0,1,"","",0,1,0,1,0,1,"","","","","","","","","","","","","","","","","","","","","","","","",6000,1,"","",1,1,1,1,"","","","","","","","","","","","","","","","","","","","","","","","","","","","","","","","","","","","","","","","","","","","","","","","","","","","","","","","","","","","","","","","","",""
"31069001","TOULOUSE-BLAGNAC",43.621,1.378833,151,1968013118,"","","","",4.,1,160,1,"","","","","","","","","","","","","","","","","","","","","","","","","","","","",7.8,1,5.9,1,"","","","","","","","","","","","","","","","","","","","","","","","","","",89,1,"","","","","","","","","","","","",9.4,1,1023.8,1,1005.2,1,"","","",1,0,1,"","",0,1,0,1,0,1,"","","","","","","","","","","","","","","","","","","","","","","","",6000,1,"","",2,1,1,1,"","","","","","","","","","","","","","","","","","","","","","","","","","","","","","","","","","","","","","","","","","","","","","","","","","","","","","","","","","","","","","","","","",""
"31069001","TOULOUSE-BLAGNAC",43.621,1.378833,151,1968013121,"","","","",1.,1,200,1,"","","","","","","","","","","","","","","","","","","","","","","","","","","","",5.7,1,5.1,1,"","","","","","","","","","","","","","","","","","","","","","","","","","",97,1,"","","","","","","","","","","","",8.9,1,1024.5,1,1005.7,1,"","","",1,0,1,"","",0,1,0,1,0,1,"","","","","","","","","","","","","","","","","","","","","","","","",5000,1,"","",2,1,0,1,"","","","","","","","","","","","","","","","","","","","","","","","","","","","","","","","","","","","","","","","","","","","","","","","","","","","","","","","","","","","","","","","","",""
"31069001","TOULOUSE-BLAGNAC",43.621,1.378833,151,1968020100,"","","","",0.,1,0,1,"","","","","","","","","","","","","","","","","","","","","","","","","","","","",1.7,1,1.7,1,"","","","","","","","","","","","","","","","","","","","","","","","","","",100,1,"","","","","","","","","","","","",6.9,1,1024.8,1,1005.7,1,"","","",1,0,1,"","",0,1,0,1,0,1,"","","","","","","","","","","","","","","","","","","","","","","","",200,1,"","",44,1,4,1,"","","","","","","","","","","","","","","","","","","","","","","","","","","","","","","","","","","","","","","","","","","","","","","","","","","","","","","","","","","","","","","","","",""
"31069001","TOULOUSE-BLAGNAC",43.621,1.378833,151,1968020103,"","","","",0.,1,0,1,"","","","","","","","","","","","","","","","","","","","","","","","","","","","",2.6,1,2.6,1,"","","","","","","","","","","","","","","","","","","","","","","","","","",100,1,"","","","","","","","","","","","",7.4,1,1024.8,1,1005.8,1,"","","",1,8,1,8,1,6,1,"","","","","","","","","","","","","","","","","","","","","","","","","","","","",1800,1,"","",28,1,4,1,"","","","","","","","","","","","","","","","","","","","","","","","","","","","","","","","","","","","","","","","","","","","","","","","","","","","","","","","","","","","","","","","","",""
"31069001","TOULOUSE-BLAGNAC",43.621,1.378833,151,1968020106,"","","","",0.,1,0,1,"","","","","","","","","","","","","","","","","","","","","","","","","","","","",3.8,1,3.8,1,"","","","","","","","","","","","","","","","","","","","","","","","","","",100,1,"","","","","","","","","","","","",8.,1,1024.8,1,1005.9,1,"","","",1,9,1,"","","","","","","","","","","","","","","","","","","","","","","","","","","","","","","","",600,1,"","",47,1,4,1,"","",1,1,"","","","","","","","","","","","","","","","","","","","","","","","","","","","","","","","","","","","","","","","","","","","","","","","","","","","","","","","","","","","","",""
"31069001","TOULOUSE-BLAGNAC",43.621,1.378833,151,1968020109,"","","","",1.,1,220,1,"","","","","","","","","","","","","","","","","","","","","","","","","","","","",4.7,1,4.7,1,"","","","","","","","","","","","","","","","","","","","","","","","","","",100,1,"","","","","","","","","","","","",8.5,1,1026.1,1,1007.2,1,"","","",1,9,1,"","","","","","","","","","","","","","","","","","","","","","","","","","","","","","","","",150,1,"","",45,1,4,1,"","","","","","","","","","","","","","","","","","","","","","","","","","","","","","","","","","","","","","","","","","","","","","","","","","","","","","","","","","","","","","","","","",""
"31069001","TOULOUSE-BLAGNAC",43.621,1.378833,151,1968020112,"","","","",0.,1,0,1,"","","","","","","","","","","","","","","","","","","","","","","","","","","","",6.,1,6.,1,"","","","","","","","","","","","","","","","","","","","","","","","","","",100,1,"","","","","","","","","","","","",9.3,1,1026.5,1,1007.7,1,"","","",1,9,1,"","","","","","","","","","","","","","","","","","","","","","","","","","","","","","","","",500,1,"","",45,1,4,1,"","","","","","","","","","","","","","","","","","","","","","","","","","","","","","","","","","","","","","","","","","","","","","","","","","","","","","","","","","","","","","","","","",""
"31069001","TOULOUSE-BLAGNAC",43.621,1.378833,151,1968020115,"","","","",1.,1,120,1,"","","","","","","","","","","","","","","","","","","","","","","","","","","","",6.8,1,5.8,1,"","","","","","","","","","","","","","","","","","","","","","","","","","",94,1,"","","","","","","","","","","","",9.3,1,1025.7,1,1007.,1,"","","",1,8,1,5,1,6,1,"","","","","","","","","","","","","","","","","","","","","","","","","","","","",1700,1,"","",10,1,4,1,"","","","","","","","","","","","","","","","","","","","","","","","","","","","","","","","","","","","","","","","","","","","","","","","","","","","","","","","","","","","","","","","","",""
"31069001","TOULOUSE-BLAGNAC",43.621,1.378833,151,1968020118,"","","","",1.,1,80,1,"","","","","","","","","","","","","","","","","","","","","","","","","","","","",6.3,1,5.3,1,"","","","","","","","","","","","","","","","","","","","","","","","","","",94,1,"","","","","","","","","","","","",9.,1,1026.1,1,1007.3,1,"","","",1,8,1,8,1,6,1,"","","","","","","","","","","","","","","","","","","","","","","","","","","","",2000,1,"","",10,1,4,1,"","","","","","","","","","","","","","","","","","","","","","","","","","","","","","","","","","","","","","","","","","","","","","","","","","","","","","","","","","","","","","","","","",""
"31069001","TOULOUSE-BLAGNAC",43.621,1.378833,151,1968020121,"","","","",1.,1,80,1,"","","","","","","","","","","","","","","","","","","","","","","","","","","","",5.4,1,4.5,1,"","","","","","","","","","","","","","","","","","","","","","","","","","",95,1,"","","","","","","","","","","","",8.5,1,1027.1,1,1008.2,1,"","","",1,8,1,8,1,6,1,"","","","","","","","","","","","","","","","","","","","","","","","","","","","",2000,1,"","",10,1,2,1,"","","","","","","","","","","","","","","","","","","","","","","","","","","","","","","","","","","","","","","","","","","","","","","","","","","","","","","","","","","","","","","","","",""
"31069001","TOULOUSE-BLAGNAC",43.621,1.378833,151,1968020200,"","","","",1.,1,180,1,"","","","","","","","","","","","","","","","","","","","","","","","","","","","",4.5,1,4.2,1,"","","","","","","","","","","","","","","","","","","","","","","","","","",98,1,"","","","","","","","","","","","",8.3,1,1027.6,1,1008.7,1,"","","",1,8,1,8,1,6,1,"","","","","","","","","","","","","","","","","","","","","","","","","","","","",1800,1,"","",10,1,2,1,"","","","","","","","","","","","","","","","","","","","","","","","","","","","","","","","","","","","","","","","","","","","","","","","","","","","","","","","","","","","","","","","","",""
"31069001","TOULOUSE-BLAGNAC",43.621,1.378833,151,1968020203,"","","","",1.,1,200,1,"","","","","","","","","","","","","","","","","","","","","","","","","","","","",3.9,1,3.9,1,"","","","","","","","","","","","","","","","","","","","","","","","","","",100,1,"","","","","","","","","","","","",8.1,1,1027.3,1,1008.3,1,"","","",1,9,1,"","","","","","","","","","","","","","","","","","","","","","","","","","","","","","","","",300,1,"","",45,1,4,1,"","","","","","","","","","","","","","","","","","","","","","","","","","","","","","","","","","","","","","","","","","","","","","","","","","","","","","","","","","","","","","","","","",""
"31069001","TOULOUSE-BLAGNAC",43.621,1.378833,151,1968020206,"","","","",2.,1,240,1,"","","","","","","","","","","","","","","","","","","","","","","","","","","","",3.2,1,3.2,1,"","","","","","","","","","","","","","","","","","","","","","","","","","",100,1,"","","","","","","","","","","","",7.7,1,1027.2,1,1008.2,1,"","","",1,8,1,8,1,6,1,"","","","","","","","","","","","","","","","","","","","","","","","","","","","",900,1,"","",42,1,4,1,"","",0,1,"","","","","","","","","","","","","","","","","","","","","","","","","","","","","","","","","","","","","","","","","","","","","","","","","","","","","","","","","","","","","",""
"31069001","TOULOUSE-BLAGNAC",43.621,1.378833,151,1968020209,"","","","",4.,1,260,1,"","","","","","","","","","","","","","","","","","","","","","","","","","","","",4.7,1,4.3,1,"","","","","","","","","","","","","","","","","","","","","","","","","","",98,1,"","","","","","","","","","","","",8.4,1,1028.1,1,1009.2,1,"","","",1,8,1,8,1,6,1,"","","","","","","","","","","","","","","","","","","","","","","","","","","","",3000,1,"","",61,1,2,1,"","","","","","","","","","","","","","","","","","","","","","","","","","","","","","","","","","","","","","","","","","","","","","","","","","","","","","","","","","","","","","","","","",""
"31069001","TOULOUSE-BLAGNAC",43.621,1.378833,151,1968020212,"","","","",6.,1,280,1,"","","","","","","","","","","","","","","","","","","","","","","","","","","","",6.8,1,3.1,1,"","","","","","","","","","","","","","","","","","","","","","","","","","",78,1,"","","","","","","","","","","","",7.7,1,1028.,1,1009.2,1,"","","",1,6,1,5,1,7,1,4,1,0,1,"","","","","","","","","","","","","","","","","","","","","","","","",20000,1,"","",1,1,6,1,"","","","","","","","","","","","","","","","","","","","","","","","","","","","","","","","","","","","","","","","","","","","","","","","","","","","","","","","","","","","","","","","","",""
"31069001","TOULOUSE-BLAGNAC",43.621,1.378833,151,1968020215,"","","","",5.,1,300,1,"","","","","","","","","","","","","","","","","","","","","","","","","","","","",8.8,1,2.2,1,"","","","","","","","","","","","","","","","","","","","","","","","","","",63,1,"","","","","","","","","","","","",7.2,1,1027.,1,1008.4,1,"","","",1,6,1,0,1,4,1,4,1,2,1,"","","","","","","","","","","","","","","","","","","","","","","","",40000,1,"","",1,1,2,1,"","","","","","","","","","","","","","","","","","","","","","","","","","","","","","","","","","","","","","","","","","","","","","","","","","","","","","","","","","","","","","","","","",""
"31069001","TOULOUSE-BLAGNAC",43.621,1.378833,151,1968020218,"","","","",2.,1,260,1,"","","","","","","","","","","","","","","","","","","","","","","","","","","","",5.6,1,2.,1,"","","","","","","","","","","","","","","","","","","","","","","","","","",78,1,"","","","","","","","","","","","",7.1,1,1026.8,1,1007.9,1,"","","",1,6,1,5,1,4,1,0,1,2,1,"","","","","","","","","","","","","","","","","","","","","","","","",30000,1,"","",3,1,2,1,"","","","","","","","","","","","","","","","","","","","","","","","","","","","","","","","","","","","","","","","","","","","","","","","","","","","","","","","","","","","","","","","","",""
"31069001","TOULOUSE-BLAGNAC",43.621,1.378833,151,1968020221,"","","","",3.,1,220,1,"","","","","","","","","","","","","","","","","","","","","","","","","","","","",2.4,1,1.2,1,"","","","","","","","","","","","","","","","","","","","","","","","","","",93,1,"","","","","","","","","","","","",6.7,1,1026.2,1,1007.1,1,"","","",1,4,1,0,1,5,1,0,1,2,1,"","","","","","","","","","","","","","","","","","","","","","","","",20000,1,"","",1,1,1,1,"","","","","","","","","","","","","","","","","","","","","","","","","","","","","","","","","","","","","","","","","","","","","","","","","","","","","","","","","","","","","","","","","",""
"31069001","TOULOUSE-BLAGNAC",43.621,1.378833,151,1968020300,"","","","",3.,1,200,1,"","","","","","","","","","","","","","","","","","","","","","","","","","","","",2.4,1,1.2,1,"","","","","","","","","","","","","","","","","","","","","","","","","","",93,1,"","","","","","","","","","","","",6.7,1,1024.6,1,1005.6,1,"","","",1,7,1,7,1,5,1,5,1,"","","","","","","","","","","","","","","","","","","","","","","","","","",10000,1,"","",3,1,2,1,"","","","","","","","","","","","","","","","","","","","","","","","","","","","","","","","","","","","","","","","","","","","","","","","","","","","","","","","","","","","","","","","","",""
"31069001","TOULOUSE-BLAGNAC",43.621,1.378833,151,1968020303,"","","","",4.,1,180,1,"","","","","","","","","","","","","","","","","","","","","","","","","","","","",3.,1,2.,1,"","","","","","","","","","","","","","","","","","","","","","","","","","",93,1,"","","","","","","","","","","","",7.1,1,1021.7,1,1002.8,1,"","","",1,8,1,8,1,5,1,"","","","","","","","","","","","","","","","","","","","","","","","","","","","",10000,1,"","",60,1,2,1,"","","","","","","","","","","","","","","","","","","","","","","","","","","","","","","","","","","","","","","","","","","","","","","","","","","","","","","","","","","","","","","","","",""
"31069001","TOULOUSE-BLAGNAC",43.621,1.378833,151,1968020306,"","","","",7.,1,260,1,"","","","","","","","","","","","","","","","","","","","","","","","","","","","",4.6,1,3.,1,"","","","","","","","","","","","","","","","","","","","","","","","","","",90,1,"","","","","","","","","","","","",7.6,1,1019.6,1,1000.8,1,"","","",1,8,1,8,1,5,1,"","","","","","","","","","","","","","","","","","","","","","","","","","","","",10000,1,"","",61,1,6,1,"","",2,1,"","","","","","","","","","","","","","","","","","","","","","","","","","","","","","","","","","","","","","","","","","","","","","","","","","","","","","","","","","","","","",""
"31069001","TOULOUSE-BLAGNAC",43.621,1.378833,151,1968020309,"","","","",7.,1,280,1,"","","","","","","","","","","","","","","","","","","","","","","","","","","","",5.3,1,3.7,1,"","","","","","","","","","","","","","","","","","","","","","","","","","",89,1,"","","","","","","","","","","","",8.,1,1020.9,1,1002.1,1,"","","",1,8,1,5,1,8,1,"","","","","","","","","","","","","","","","","","","","","","","","","","","","",30000,1,"","",3,1,6,1,"","","","","","","","","","","","","","","","","","","","","","","","","","","","","","","","","","","","","","","","","","","","","","","","","","","","","","","","","","","","","","","","","",""
"31069001","TOULOUSE-BLAGNAC",43.621,1.378833,151,1968020312,"","","","",6.,1,320,1,"","","","","","","","","","","","","","","","","","","","","","","","","","","","",6.8,1,1.2,1,"","","","","","","","","","","","","","","","","","","","","","","","","","",68,1,"","","","","","","","","","","","",6.7,1,1021.9,1,1003.2,1,"","","",1,5,1,5,1,2,1,0,1,0,1,"","","","","","","","","","","","","","","","","","","","","","","","",30000,1,"","",1,1,6,1,"","","","","","","","","","","","","","","","","","","","","","","","","","","","","","","","","","","","","","","","","","","","","","","","","","","","","","","","","","","","","","","","","",""
"31069001","TOULOUSE-BLAGNAC",43.621,1.378833,151,1968020315,"","","","",6.,1,320,1,"","","","","","","","","","","","","","","","","","","","","","","","","","","","",7.1,1,-0.7,1,"","","","","","","","","","","","","","","","","","","","","","","","","","",58,1,"","","","","","","","","","","","",5.8,1,1021.1,1,1002.4,1,"","","",1,5,1,5,1,2,1,0,1,2,1,"","","","","","","","","","","","","","","","","","","","","","","","",30000,1,"","",25,1,2,1,"","","","","","","","","","","","","","","","","","","","","","","","","","","","","","","","","","","","","","","","","","","","","","","","","","","","","","","","","","","","","","","","","",""
"31069001","TOULOUSE-BLAGNAC",43.621,1.378833,151,1968020318,"","","","",6.,1,260,1,"","","","","","","","","","","","","","","","","","","","","","","","","","","","",3.8,1,1.2,1,"","","","","","","","","","","","","","","","","","","","","","","","","","",83,1,"","","","","","","","","","","","",6.7,1,1022.,1,1003.1,1,"","","",1,6,1,5,1,8,1,0,1,2,1,"","","","","","","","","","","","","","","","","","","","","","","","",30000,1,"","",2,1,8,1,"","","","","","","","","","","","","","","","","","","","","","","","","","","","","","","","","","","","","","","","","","","","","","","","","","","","","","","","","","","","","","","","","",""
"31069001","TOULOUSE-BLAGNAC",43.621,1.378833,151,1968020321,"","","","",7.,1,260,1,"","","","","","","","","","","","","","","","","","","","","","","","","","","","",2.6,1,1.4,1,"","","","","","","","","","","","","","","","","","","","","","","","","","",93,1,"","","","","","","","","","","","",6.8,1,1023.1,1,1004.1,1,"","","",1,5,1,5,1,7,1,0,1,0,1,"","","","","","","","","","","","","","","","","","","","","","","","",20000,1,"","",3,1,8,1,"","","","","","","","","","","","","","","","","","","","","","","","","","","","","","","","","","","","","","","","","","","","","","","","","","","","","","","","","","","","","","","","","",""
"31069001","TOULOUSE-BLAGNAC",43.621,1.378833,151,1968020400,"","","","",7.,1,280,1,"","","","","","","","","","","","","","","","","","","","","","","","","","","","",1.6,1,0.8,1,"","","","","","","","","","","","","","","","","","","","","","","","","","",94,1,"","","","","","","","","","","","",6.5,1,1023.4,1,1004.3,1,"","","",1,0,1,"","",0,1,0,1,0,1,"","","","","","","","","","","","","","","","","","","","","","","","",20000,1,"","",2,1,8,1,"","","","","","","","","","","","","","","","","","","","","","","","","","","","","","","","","","","","","","","","","","","","","","","","","","","","","","","","","","","","","","","","","",""
"31069001","TOULOUSE-BLAGNAC",43.621,1.378833,151,1968020403,"","","","",5.,1,280,1,"","","","","","","","","","","","","","","","","","","","","","","","","","","","",0.4,1,-0.5,1,"","","","","","","","","","","","","","","","","","","","","","","","","","",94,1,"","","","","","","","","","","","",5.9,1,1023.,1,1003.9,1,"","","",1,0,1,"","",0,1,0,1,0,1,"","","","","","","","","","","","","","","","","","","","","","","","",20000,1,"","",2,1,0,1,"","","","","","","","","","","","","","","","","","","","","","","","","","","","","","","","","","","","","","","","","","","","","","","","","","","","","","","","","","","","","","","","","",""
"31069001","TOULOUSE-BLAGNAC",43.621,1.378833,151,1968020406,"","","","",4.,1,260,1,"","","","","","","","","","","","","","","","","","","","","","","","","","","","",-0.3,1,-1.4,1,"","","","","","","","","","","","","","","","","","","","","","","","","","",92,1,"","","","","","","","","","","","",5.5,1,1022.8,1,1003.6,1,"","","",1,4,1,0,1,5,1,0,1,0,1,"","","","","","","","","","","","","","","","","","","","","","","","",20000,1,"","",3,1,0,1,"","",2,1,"","","","","","","","","","","","","","","","","","","","","","","","","","","","","","","","","","","","","","","","","","","","","","","","","","","","","","","","","","","","","",""
"31069001","TOULOUSE-BLAGNAC",43.621,1.378833,151,1968020409,"","","","",4.,1,280,1,"","","","","","","","","","","","","","","","","","","","","","","","","","","","",0.3,1,-1.2,1,"","","","","","","","","","","","","","","","","","","","","","","","","","",90,1,"","","","","","","","","","","","",5.6,1,1024.,1,1004.8,1,"","","",1,2,1,0,1,8,1,0,1,0,1,"","","","","","","","","","","","","","","","","","","","","","","","",30000,1,"","",1,1,1,1,"","","","","","","","","","","","","","","","","","","","","","","","","","","","","","","","","","","","","","","","","","","","","","","","","","","","","","","","","","","","","","","","","",""
"31069001","TOULOUSE-BLAGNAC",43.621,1.378833,151,1968020412,"","","","",6.,1,280,1,"","","","","","","","","","","","","","","","","","","","","","","","","","","","",4.,1,-2.4,1,"","","","","","","","","","","","","","","","","","","","","","","","","","",62,1,"","","","","","","","","","","","",5.1,1,1023.3,1,1004.4,1,"","","",1,5,1,5,1,2,1,0,1,0,1,"","","","","","","","","","","","","","","","","","","","","","","","",40000,1,"","",3,1,1,1,"","","","","","","","","","","","","","","","","","","","","","","","","","","","","","","","","","","","","","","","","","","","","","","","","","","","","","","","","","","","","","","","","",""
"31069001","TOULOUSE-BLAGNAC",43.621,1.378833,151,1968020415,"","","","",5.,1,320,1,"","","","","","","","","","","","","","","","","","","","","","","","","","","","",4.3,1,-5.5,1,"","","","","","","","","","","","","","","","","","","","","","","","","","",48,1,"","","","","","","","","","","","",4.,1,1022.2,1,1003.3,1,"","","",1,4,1,0,1,2,1,0,1,0,1,"","","","","","","","","","","","","","","","","","","","","","","","",40000,1,"","",1,1,1,1,"","","","","","","","","","","","","","","","","","","","","","","","","","","","","","","","","","","","","","","","","","","","","","","","","","","","","","","","","","","","","","","","","",""
"31069001","TOULOUSE-BLAGNAC",43.621,1.378833,151,1968020418,"","","","",2.,1,280,1,"","","","","","","","","","","","","","","","","","","","","","","","","","","","",1.3,1,-2.4,1,"","","","","","","","","","","","","","","","","","","","","","","","","","",76,1,"","","","","","","","","","","","",5.1,1,1022.4,1,1003.3,1,"","","",1,3,1,0,1,4,1,4,1,1,1,"","","","","","","","","","","","","","","","","","","","","","","","",40000,1,"","",1,1,1,1,"","","","","","","","","","","","","","","","","","","","","","","","","","","","","","","","","","","","","","","","","","","","","","","","","","","","","","","","","","","","","","","","","",""
"31069001","TOULOUSE-BLAGNAC",43.621,1.378833,151,1968020421,"","","","",2.,1,180,1,"","","","","","","","","","","","","","","","","","","","","","","","","","","","",-0.9,1,-2.9,1,"","","","","","","","","","","","","","","","","","","","","","","","","","",88,1,"","","","","","","","","","","","",4.9,1,1022.1,1,1002.9,1,"","","",1,0,1,"","",0,1,0,1,0,1,"","","","","","","","","","","","","","","","","","","","","","","","",20000,1,"","",2,1,1,1,"","","","","","","","","","","","","","","","","","","","","","","","","","","","","","","","","","","","","","","","","","","","","","","","","","","","","","","","","","","","","","","","","",""
"31069001","TOULOUSE-BLAGNAC",43.621,1.378833,151,1968020500,"","","","",2.,1,180,1,"","","","","","","","","","","","","","","","","","","","","","","","","","","","",-2.4,1,-3.7,1,"","","","","","","","","","","","","","","","","","","","","","","","","","",91,1,"","","","","","","","","","","","",4.6,1,1021.2,1,1001.9,1,"","","",1,0,1,"","",0,1,0,1,0,1,"","","","","","","","","","","","","","","","","","","","","","","","",20000,1,"","",1,1,1,1,"","","","","","","","","","","","","","","","","","","","","","","","","","","","","","","","","","","","","","","","","","","","","","","","","","","","","","","","","","","","","","","","","",""
"31069001","TOULOUSE-BLAGNAC",43.621,1.378833,151,1968020503,"","","","",2.,1,140,1,"","","","","","","","","","","","","","","","","","","","","","","","","","","","",-3.1,1,-3.5,1,"","","","","","","","","","","","","","","","","","","","","","","","","","",97,1,"","","","","","","","","","","","",4.7,1,1018.7,1,999.4,1,"","","",1,3,1,0,1,0,1,0,1,1,1,"","","","","","","","","","","","","","","","","","","","","","","","",20000,1,"","",3,1,0,1,"","","","","","","","","","","","","","","","","","","","","","","","","","","","","","","","","","","","","","","","","","","","","","","","","","","","","","","","","","","","","","","","","",""
"31069001","TOULOUSE-BLAGNAC",43.621,1.378833,151,1968020506,"","","","",4.,1,140,1,"","","","","","","","","","","","","","","","","","","","","","","","","","","","",-0.7,1,-4.,1,"","","","","","","","","","","","","","","","","","","","","","","","","","",78,1,"","","","","","","","","","","","",4.5,1,1016.1,1,997.,1,"","","",1,7,1,7,1,0,1,5,1,"","","","","","","","","","","","","","","","","","","","","","","","","","",20000,1,"","",3,1,1,1,"","",3,1,"","","","","","","","","","","","","","","","","","","","","","","","","","","","","","","","","","","","","","","","","","","","","","","","","","","","","","","","","","","","","",""
"31069001","TOULOUSE-BLAGNAC",43.621,1.378833,151,1968020509,"","","","",1.,1,200,1,"","","","","","","","","","","","","","","","","","","","","","","","","","","","",0.,1,-2.9,1,"","","","","","","","","","","","","","","","","","","","","","","","","","",81,1,"","","","","","","","","","","","",4.9,1,1015.7,1,996.7,1,"","","",1,8,1,8,1,5,1,7,1,"","","","","","","","","","","","","","","","","","","","","","","","","","",8000,1,"","","","","","","","","","","","","","","","","","","","","","","","","","","","","","","","","","","","","","","","","","","","","","","","","","","","","","","","","","","","","","","","","","","","","","","",""
"31069001","TOULOUSE-BLAGNAC",43.621,1.378833,151,1968020512,"","","","",6.,1,140,1,"","","","","","","","","","","","","","","","","","","","","","","","","","","","",6.2,1,-9.6,1,"","","","","","","","","","","","","","","","","","","","","","","","","","",31,1,"","","","","","","","","","","","",2.9,1,1012.7,1,994.1,1,"","","",1,7,1,7,1,5,1,7,1,"","","","","","","","","","","","","","","","","","","","","","","","","","",30000,1,"","",2,1,6,1,"","","","","","","","","","","","","","","","","","","","","","","","","","","","","","","","","","","","","","","","","","","","","","","","","","","","","","","","","","","","","","","","","",""
"31069001","TOULOUSE-BLAGNAC",43.621,1.378833,151,1968020515,"","","","",6.,1,140,1,"","","","","","","","","","","","","","","","","","","","","","","","","","","","",7.,1,-5.2,1,"","","","","","","","","","","","","","","","","","","","","","","","","","",42,1,"","","","","","","","","","","","",4.1,1,1009.3,1,990.8,1,"","","",1,7,1,5,1,0,1,7,1,8,1,"","","","","","","","","","","","","","","","","","","","","","","","",30000,1,"","",2,1,2,1,"","","","","","","","","","","","","","","","","","","","","","","","","","","","","","","","","","","","","","","","","","","","","","","","","","","","","","","","","","","","","","","","","",""
"31069001","TOULOUSE-BLAGNAC",43.621,1.378833,151,1968020518,"","","","",7.,1,160,1,"","","","","","","","","","","","","","","","","","","","","","","","","","","","",5.4,1,-2.9,1,"","","","","","","","","","","","","","","","","","","","","","","","","","",55,1,"","","","","","","","","","","","",4.9,1,1008.,1,989.5,1,"","","",1,7,1,5,1,5,1,7,1,"","","","","","","","","","","","","","","","","","","","","","","","","","",20000,1,"","",60,1,6,1,"","","","","","","","","","","","","","","","","","","","","","","","","","","","","","","","","","","","","","","","","","","","","","","","","","","","","","","","","","","","","","","","","",""
"31069001","TOULOUSE-BLAGNAC",43.621,1.378833,151,1968020521,"","","","",5.,1,180,1,"","","","","","","","","","","","","","","","","","","","","","","","","","","","",3.6,1,1.4,1,"","","","","","","","","","","","","","","","","","","","","","","","","","",87,1,"","","","","","","","","","","","",6.8,1,1009.8,1,991.1,1,"","","",1,7,1,7,1,5,1,"","","","","","","","","","","","","","","","","","","","","","","","","","","","",15000,1,"","",21,1,6,1,"","","","","","","","","","","","","","","","","","","","","","","","","","","","","","","","","","","","","","","","","","","","","","","","","","","","","","","","","","","","","","","","","",""
"31069001","TOULOUSE-BLAGNAC",43.621,1.378833,151,1968020600,"","","","",4.,1,220,1,"","","","","","","","","","","","","","","","","","","","","","","","","","","","",3.4,1,2.4,1,"","","","","","","","","","","","","","","","","","","","","","","","","","",93,1,"","","","","","","","","","","","",7.3,1,1009.3,1,990.6,1,"","","",1,8,1,6,1,5,1,"","","","","","","","","","","","","","","","","","","","","","","","","","","","",15000,1,"","",61,1,6,1,"","","","","","","","","","","","","","","","","","","","","","","","","","","","","","","","","","","","","","","","","","","","","","","","","","","","","","","","","","","","","","","","","",""
"31069001","TOULOUSE-BLAGNAC",43.621,1.378833,151,1968020603,"","","","",2.,1,180,1,"","","","","","","","","","","","","","","","","","","","","","","","","","","","",3.4,1,3.1,1,"","","","","","","","","","","","","","","","","","","","","","","","","","",98,1,"","","","","","","","","","","","",7.7,1,1008.4,1,989.7,1,"","","",1,8,1,8,1,5,1,"","","","","","","","","","","","","","","","","","","","","","","","","","","","",10000,1,"","",61,1,6,1,"","","","","","","","","","","","","","","","","","","","","","","","","","","","","","","","","","","","","","","","","","","","","","","","","","","","","","","","","","","","","","","","","",""
"31069001","TOULOUSE-BLAGNAC",43.621,1.378833,151,1968020606,"","","","",2.,1,160,1,"","","","","","","","","","","","","","","","","","","","","","","","","","","","",3.5,1,3.1,1,"","","","","","","","","","","","","","","","","","","","","","","","","","",98,1,"","","","","","","","","","","","",7.7,1,1006.8,1,988.2,1,"","","",1,8,1,8,1,5,1,"","","","","","","","","","","","","","","","","","","","","","","","","","","","",6000,1,"","",63,1,6,1,"","",2,1,"","","","","","","","","","","","","","","","","","","","","","","","","","","","","","","","","","","","","","","","","","","","","","","","","","","","","","","","","","","","","",""
"31069001","TOULOUSE-BLAGNAC",43.621,1.378833,151,1968020609,"","","","",3.,1,180,1,"","","","","","","","","","","","","","","","","","","","","","","","","","","","",4.1,1,3.3,1,"","","","","","","","","","","","","","","","","","","","","","","","","","",95,1,"","","","","","","","","","","","",7.8,1,1006.5,1,987.9,1,"","","",1,7,1,7,1,5,1,7,1,"","","","","","","","","","","","","","","","","","","","","","","","","","",6000,1,"","",61,1,6,1,"","","","","","","","","","","","","","","","","","","","","","","","","","","","","","","","","","","","","","","","","","","","","","","","","","","","","","","","","","","","","","","","","",""
"31069001","TOULOUSE-BLAGNAC",43.621,1.378833,151,1968020612,"","","","",4.,1,180,1,"","","","","","","","","","","","","","","","","","","","","","","","","","","","",7.2,1,4.3,1,"","","","","","","","","","","","","","","","","","","","","","","","","","",83,1,"","","","","","","","","","","","",8.4,1,1004.5,1,986.2,1,"","","",1,7,1,0,1,8,1,3,1,1,1,"","","","","","","","","","","","","","","","","","","","","","","","",50000,1,"","",1,1,6,1,"","","","","","","","","","","","","","","","","","","","","","","","","","","","","","","","","","","","","","","","","","","","","","","","","","","","","","","","","","","","","","","","","",""
"31069001","TOULOUSE-BLAGNAC",43.621,1.378833,151,1968020615,"","","","",5.,1,140,1,"","","","","","","","","","","","","","","","","","","","","","","","","","","","",9.8,1,2.6,1,"","","","","","","","","","","","","","","","","","","","","","","","","","",61,1,"","","","","","","","","","","","",7.4,1,1001.6,1,983.5,1,"","","",1,2,1,0,1,3,1,8,1,3,1,"","","","","","","","","","","","","","","","","","","","","","","","",50000,1,"","",3,1,1,1,"","","","","","","","","","","","","","","","","","","","","","","","","","","","","","","","","","","","","","","","","","","","","","","","","","","","","","","","","","","","","","","","","",""
"31069001","TOULOUSE-BLAGNAC",43.621,1.378833,151,1968020618,"","","","",6.,1,300,1,"","","","","","","","","","","","","","","","","","","","","","","","","","","","",7.4,1,4.2,1,"","","","","","","","","","","","","","","","","","","","","","","","","","",80,1,"","","","","","","","","","","","",8.3,1,1004.,1,985.7,1,"","","",1,7,1,5,1,3,1,9,1,3,1,"","","","","","","","","","","","","","","","","","","","","","","","",20000,1,"","",25,1,9,1,"","","","","","","","","","","","","","","","","","","","","","","","","","","","","","","","","","","","","","","","","","","","","","","","","","","","","","","","","","","","","","","","","",""
"31069001","TOULOUSE-BLAGNAC",43.621,1.378833,151,1968020621,"","","","",3.,1,180,1,"","","","","","","","","","","","","","","","","","","","","","","","","","","","",3.9,1,1.8,1,"","","","","","","","","","","","","","","","","","","","","","","","","","",87,1,"","","","","","","","","","","","",7.,1,1005.6,1,987.,1,"","","",1,4,1,0,1,3,1,3,1,0,1,"","","","","","","","","","","","","","","","","","","","","","","","",20000,1,"","",3,1,1,1,"","","","","","","","","","","","","","","","","","","","","","","","","","","","","","","","","","","","","","","","","","","","","","","","","","","","","","","","","","","","","","","","","",""
"31069001","TOULOUSE-BLAGNAC",43.621,1.378833,151,1968020700,"","","","",2.,1,140,1,"","","","","","","","","","","","","","","","","","","","","","","","","","","","",2.8,1,1.4,1,"","","","","","","","","","","","","","","","","","","","","","","","","","",91,1,"","","","","","","","","","","","",6.8,1,1005.7,1,987.,1,"","","",1,3,1,0,1,6,1,3,1,0,1,"","","","","","","","","","","","","","","","","","","","","","","","",10000,1,"","",3,1,8,1,"","","","","","","","","","","","","","","","","","","","","","","","","","","","","","","","","","","","","","","","","","","","","","","","","","","","","","","","","","","","","","","","","",""
"31069001","TOULOUSE-BLAGNAC",43.621,1.378833,151,1968020703,"","","","",3.,1,200,1,"","","","","","","","","","","","","","","","","","","","","","","","","","","","",0.2,1,-0.5,1,"","","","","","","","","","","","","","","","","","","","","","","","","","",96,1,"","","","","","","","","","","","",5.9,1,1005.,1,986.2,1,"","","",1,1,1,0,1,0,1,3,1,0,1,"","","","","","","","","","","","","","","","","","","","","","","","",10000,1,"","",2,1,0,1,"","","","","","","","","","","","","","","","","","","","","","","","","","","","","","","","","","","","","","","","","","","","","","","","","","","","","","","","","","","","","","","","","",""
"31069001","TOULOUSE-BLAGNAC",43.621,1.378833,151,1968020706,"","","","",2.,1,180,1,"","","","","","","","","","","","","","","","","","","","","","","","","","","","",-0.3,1,-0.7,1,"","","","","","","","","","","","","","","","","","","","","","","","","","",98,1,"","","","","","","","","","","","",5.8,1,1004.4,1,985.6,1,"","","",1,2,1,0,1,6,1,0,1,0,1,"","","","","","","","","","","","","","","","","","","","","","","","",6000,1,"","",1,1,0,1,"","",2,1,"","","","","","","","","","","","","","","","","","","","","","","","","","","","","","","","","","","","","","","","","","","","","","","","","","","","","","","","","","","","","",""
"31069001","TOULOUSE-BLAGNAC",43.621,1.378833,151,1968020709,"","","","",4.,1,200,1,"","","","","","","","","","","","","","","","","","","","","","","","","","","","",3.7,1,1.8,1,"","","","","","","","","","","","","","","","","","","","","","","","","","",88,1,"","","","","","","","","","","","",7.,1,1003.8,1,985.2,1,"","","",1,0,1,"","",0,1,0,1,0,1,"","","","","","","","","","","","","","","","","","","","","","","","",50000,1,"","",2,1,0,1,"","","","","","","","","","","","","","","","","","","","","","","","","","","","","","","","","","","","","","","","","","","","","","","","","","","","","","","","","","","","","","","","","",""
"31069001","TOULOUSE-BLAGNAC",43.621,1.378833,151,1968020712,"","","","",8.,1,140,1,"","","","","","","","","","","","","","","","","","","","","","","","","","","","",9.8,1,2.8,1,"","","","","","","","","","","","","","","","","","","","","","","","","","",62,1,"","","","","","","","","","","","",7.5,1,1002.5,1,984.4,1,"","","",1,1,1,0,1,0,1,4,1,0,1,"","","","","","","","","","","","","","","","","","","","","","","","",50000,1,"","",2,1,0,1,"","","","","","","","","","","","","","","","","","","","","","","","","","","","","","","","","","","","","","","","","","","","","","","","","","","","","","","","","","","","","","","","","",""
"31069001","TOULOUSE-BLAGNAC",43.621,1.378833,151,1968020715,"","","","",6.,1,140,1,"","","","","","","","","","","","","","","","","","","","","","","","","","","","",10.9,1,3.3,1,"","","","","","","","","","","","","","","","","","","","","","","","","","",60,1,"","","","","","","","","","","","",7.8,1,999.9,1,981.9,1,"","","",1,3,1,0,1,9,1,4,1,3,1,"","","","","","","","","","","","","","","","","","","","","","","","",50000,1,"","",3,1,0,1,"","","","","","","","","","","","","","","","","","","","","","","","","","","","","","","","","","","","","","","","","","","","","","","","","","","","","","","","","","","","","","","","","",""
"31069001","TOULOUSE-BLAGNAC",43.621,1.378833,151,1968020718,"","","","",6.,1,140,1,"","","","","","","","","","","","","","","","","","","","","","","","","","","","",8.8,1,3.1,1,"","","","","","","","","","","","","","","","","","","","","","","","","","",68,1,"","","","","","","","","","","","",7.7,1,1000.5,1,982.3,1,"","","",1,7,1,0,1,5,1,5,1,2,1,"","","","","","","","","","","","","","","","","","","","","","","","",30000,1,"","",3,1,1,1,"","","","","","","","","","","","","","","","","","","","","","","","","","","","","","","","","","","","","","","","","","","","","","","","","","","","","","","","","","","","","","","","","",""
"31069001","TOULOUSE-BLAGNAC",43.621,1.378833,151,1968020721,"","","","",5.,1,300,1,"","","","","","","","","","","","","","","","","","","","","","","","","","","","",6.2,1,4.2,1,"","","","","","","","","","","","","","","","","","","","","","","","","","",88,1,"","","","","","","","","","","","",8.3,1,1004.1,1,985.7,1,"","","",1,8,1,8,1,5,1,"","","","","","","","","","","","","","","","","","","","","","","","","","","","",20000,1,"","",61,1,2,1,"","","","","","","","","","","","","","","","","","","","","","","","","","","","","","","","","","","","","","","","","","","","","","","","","","","","","","","","","","","","","","","","","",""
"31069001","TOULOUSE-BLAGNAC",43.621,1.378833,151,1968020800,"","","","",4.,1,260,1,"","","","","","","","","","","","","","","","","","","","","","","","","","","","",5.4,1,3.8,1,"","","","","","","","","","","","","","","","","","","","","","","","","","",91,1,"","","","","","","","","","","","",8.1,1,1005.7,1,987.2,1,"","","",1,8,1,8,1,5,1,"","","","","","","","","","","","","","","","","","","","","","","","","","","","",20000,1,"","",63,1,6,1,"","","","","","","","","","","","","","","","","","","","","","","","","","","","","","","","","","","","","","","","","","","","","","","","","","","","","","","","","","","","","","","","","",""
"31069001","TOULOUSE-BLAGNAC",43.621,1.378833,151,1968020803,"","","","",2.,1,200,1,"","","","","","","","","","","","","","","","","","","","","","","","","","","","",4.2,1,3.7,1,"","","","","","","","","","","","","","","","","","","","","","","","","","",97,1,"","","","","","","","","","","","",8.,1,1005.7,1,987.1,1,"","","",1,7,1,7,1,5,1,"","","","","","","","","","","","","","","","","","","","","","","","","","","","",20000,1,"","",1,1,6,1,"","","","","","","","","","","","","","","","","","","","","","","","","","","","","","","","","","","","","","","","","","","","","","","","","","","","","","","","","","","","","","","","","",""
"31069001","TOULOUSE-BLAGNAC",43.621,1.378833,151,1968020806,"","","","",2.,1,160,1,"","","","","","","","","","","","","","","","","","","","","","","","","","","","",2.,1,1.4,1,"","","","","","","","","","","","","","","","","","","","","","","","","","",96,1,"","","","","","","","","","","","",6.8,1,1006.6,1,987.9,1,"","","",1,0,1,"","",0,1,0,1,0,1,"","","","","","","","","","","","","","","","","","","","","","","","",10000,1,"","",2,1,6,1,"","",2,1,"","","","","","","","","","","","","","","","","","","","","","","","","","","","","","","","","","","","","","","","","","","","","","","","","","","","","","","","","","","","","",""
"31069001","TOULOUSE-BLAGNAC",43.621,1.378833,151,1968020809,"","","","",2.,1,180,1,"","","","","","","","","","","","","","","","","","","","","","","","","","","","",2.8,1,2.8,1,"","","","","","","","","","","","","","","","","","","","","","","","","","",100,1,"","","","","","","","","","","","",7.5,1,1008.,1,989.3,1,"","","",1,2,1,0,1,6,1,0,1,0,1,"","","","","","","","","","","","","","","","","","","","","","","","",2500,1,"","",28,1,4,1,"","","","","","","","","","","","","","","","","","","","","","","","","","","","","","","","","","","","","","","","","","","","","","","","","","","","","","","","","","","","","","","","","",""
"31069001","TOULOUSE-BLAGNAC",43.621,1.378833,151,1968020812,"","","","",4.,1,120,1,"","","","","","","","","","","","","","","","","","","","","","","","","","","","",10.2,1,4.5,1,"","","","","","","","","","","","","","","","","","","","","","","","","","",69,1,"","","","","","","","","","","","",8.5,1,1007.1,1,988.9,1,"","","",1,3,1,0,1,1,1,0,1,2,1,"","","","","","","","","","","","","","","","","","","","","","","","",10000,1,"","",3,1,4,1,"","","","","","","","","","","","","","","","","","","","","","","","","","","","","","","","","","","","","","","","","","","","","","","","","","","","","","","","","","","","","","","","","",""
"31069001","TOULOUSE-BLAGNAC",43.621,1.378833,151,1968020815,"","","","",5.,1,140,1,"","","","","","","","","","","","","","","","","","","","","","","","","","","","",12.,1,3.,1,"","","","","","","","","","","","","","","","","","","","","","","","","","",54,1,"","","","","","","","","","","","",7.6,1,1005.7,1,987.6,1,"","","",1,7,1,7,1,0,1,4,1,2,1,"","","","","","","","","","","","","","","","","","","","","","","","",30000,1,"","",3,1,1,1,"","","","","","","","","","","","","","","","","","","","","","","","","","","","","","","","","","","","","","","","","","","","","","","","","","","","","","","","","","","","","","","","","",""
"31069001","TOULOUSE-BLAGNAC",43.621,1.378833,151,1968020818,"","","","",5.,1,120,1,"","","","","","","","","","","","","","","","","","","","","","","","","","","","",10.7,1,1.4,1,"","","","","","","","","","","","","","","","","","","","","","","","","","",53,1,"","","","","","","","","","","","",6.8,1,1005.9,1,987.8,1,"","","",1,8,1,6,1,0,1,7,1,2,1,"","","","","","","","","","","","","","","","","","","","","","","","",30000,1,"","",1,1,1,1,"","","","","","","","","","","","","","","","","","","","","","","","","","","","","","","","","","","","","","","","","","","","","","","","","","","","","","","","","","","","","","","","","",""
"31069001","TOULOUSE-BLAGNAC",43.621,1.378833,151,1968020821,"","","","",5.,1,160,1,"","","","","","","","","","","","","","","","","","","","","","","","","","","","",8.4,1,3.7,1,"","","","","","","","","","","","","","","","","","","","","","","","","","",72,1,"","","","","","","","","","","","",8.,1,1006.4,1,988.1,1,"","","",1,7,1,5,1,0,1,7,1,2,1,"","","","","","","","","","","","","","","","","","","","","","","","",20000,1,"","",1,1,2,1,"","","","","","","","","","","","","","","","","","","","","","","","","","","","","","","","","","","","","","","","","","","","","","","","","","","","","","","","","","","","","","","","","",""
"31069001","TOULOUSE-BLAGNAC",43.621,1.378833,151,1968020900,"","","","",3.,1,180,1,"","","","","","","","","","","","","","","","","","","","","","","","","","","","",8.8,1,4.2,1,"","","","","","","","","","","","","","","","","","","","","","","","","","",73,1,"","","","","","","","","","","","",8.3,1,1006.6,1,988.3,1,"","","",1,8,1,5,1,0,1,7,1,2,1,"","","","","","","","","","","","","","","","","","","","","","","","",20000,1,"","",2,1,2,1,"","","","","","","","","","","","","","","","","","","","","","","","","","","","","","","","","","","","","","","","","","","","","","","","","","","","","","","","","","","","","","","","","",""
"31069001","TOULOUSE-BLAGNAC",43.621,1.378833,151,1968020903,"","","","",1.,1,180,1,"","","","","","","","","","","","","","","","","","","","","","","","","","","","",7.,1,5.5,1,"","","","","","","","","","","","","","","","","","","","","","","","","","",91,1,"","","","","","","","","","","","",9.1,1,1007.7,1,989.3,1,"","","",1,8,1,8,1,0,1,7,1,"","","","","","","","","","","","","","","","","","","","","","","","","","",15000,1,"","",21,1,2,1,"","","","","","","","","","","","","","","","","","","","","","","","","","","","","","","","","","","","","","","","","","","","","","","","","","","","","","","","","","","","","","","","","",""
"31069001","TOULOUSE-BLAGNAC",43.621,1.378833,151,1968020906,"","","","",1.,1,180,1,"","","","","","","","","","","","","","","","","","","","","","","","","","","","",6.6,1,5.1,1,"","","","","","","","","","","","","","","","","","","","","","","","","","",91,1,"","","","","","","","","","","","",8.9,1,1008.3,1,989.9,1,"","","",1,8,1,8,1,5,1,7,1,"","","","","","","","","","","","","","","","","","","","","","","","","","",15000,1,"","",21,1,6,1,"","",2,1,"","","","","","","","","","","","","","","","","","","","","","","","","","","","","","","","","","","","","","","","","","","","","","","","","","","","","","","","","","","","","",""
"31069001","TOULOUSE-BLAGNAC",43.621,1.378833,151,1968020909,"","","","",1.,1,160,1,"","","","","","","","","","","","","","","","","","","","","","","","","","","","",7.4,1,5.9,1,"","","","","","","","","","","","","","","","","","","","","","","","","","",91,1,"","","","","","","","","","","","",9.4,1,1010.2,1,991.8,1,"","","",1,7,1,5,1,8,1,3,1,"","","","","","","","","","","","","","","","","","","","","","","","","","",8000,1,"","",21,1,2,1,"","","","","","","","","","","","","","","","","","","","","","","","","","","","","","","","","","","","","","","","","","","","","","","","","","","","","","","","","","","","","","","","","",""
"31069001","TOULOUSE-BLAGNAC",43.621,1.378833,151,1968020912,"","","","",2.,1,60,1,"","","","","","","","","","","","","","","","","","","","","","","","","","","","",11.9,1,9.2,1,"","","","","","","","","","","","","","","","","","","","","","","","","","",85,1,"","","","","","","","","","","","",11.8,1,1010.4,1,992.3,1,"","","",1,6,1,5,1,8,1,3,1,0,1,"","","","","","","","","","","","","","","","","","","","","","","","",15000,1,"","",2,1,6,1,"","","","","","","","","","","","","","","","","","","","","","","","","","","","","","","","","","","","","","","","","","","","","","","","","","","","","","","","","","","","","","","","","",""
"31069001","TOULOUSE-BLAGNAC",43.621,1.378833,151,1968020915,"","","","",3.,1,60,1,"","","","","","","","","","","","","","","","","","","","","","","","","","","","",13.,1,6.4,1,"","","","","","","","","","","","","","","","","","","","","","","","","","",65,1,"","","","","","","","","","","","",9.7,1,1010.3,1,992.2,1,"","","",1,7,1,6,1,8,1,5,1,"","","","","","","","","","","","","","","","","","","","","","","","","","",25000,1,"","",3,1,2,1,"","","","","","","","","","","","","","","","","","","","","","","","","","","","","","","","","","","","","","","","","","","","","","","","","","","","","","","","","","","","","","","","","",""
"31069001","TOULOUSE-BLAGNAC",43.621,1.378833,151,1968020918,"","","","",3.,1,360,1,"","","","","","","","","","","","","","","","","","","","","","","","","","","","",11.,1,7.3,1,"","","","","","","","","","","","","","","","","","","","","","","","","","",79,1,"","","","","","","","","","","","",10.4,1,1011.9,1,993.7,1,"","","",1,7,1,7,1,5,1,7,1,"","","","","","","","","","","","","","","","","","","","","","","","","","",20000,1,"","",2,1,2,1,"","","","","","","","","","","","","","","","","","","","","","","","","","","","","","","","","","","","","","","","","","","","","","","","","","","","","","","","","","","","","","","","","",""
"31069001","TOULOUSE-BLAGNAC",43.621,1.378833,151,1968020921,"","","","",1.,1,360,1,"","","","","","","","","","","","","","","","","","","","","","","","","","","","",9.8,1,7.1,1,"","","","","","","","","","","","","","","","","","","","","","","","","","",85,1,"","","","","","","","","","","","",10.2,1,1014.3,1,996.,1,"","","",1,8,1,5,1,5,1,7,1,"","","","","","","","","","","","","","","","","","","","","","","","","","",20000,1,"","",2,1,2,1,"","","","","","","","","","","","","","","","","","","","","","","","","","","","","","","","","","","","","","","","","","","","","","","","","","","","","","","","","","","","","","","","","",""
"31069001","TOULOUSE-BLAGNAC",43.621,1.378833,151,1968021000,"","","","",1.,1,360,1,"","","","","","","","","","","","","","","","","","","","","","","","","","","","",8.5,1,7.1,1,"","","","","","","","","","","","","","","","","","","","","","","","","","",92,1,"","","","","","","","","","","","",10.2,1,1015.6,1,997.2,1,"","","",1,6,1,6,1,5,1,0,1,0,1,"","","","","","","","","","","","","","","","","","","","","","","","",10000,1,"","",1,1,2,1,"","","","","","","","","","","","","","","","","","","","","","","","","","","","","","","","","","","","","","","","","","","","","","","","","","","","","","","","","","","","","","","","","",""
"31069001","TOULOUSE-BLAGNAC",43.621,1.378833,151,1968021003,"","","","",1.,1,360,1,"","","","","","","","","","","","","","","","","","","","","","","","","","","","",7.,1,6.4,1,"","","","","","","","","","","","","","","","","","","","","","","","","","",97,1,"","","","","","","","","","","","",9.7,1,1015.6,1,997.1,1,"","","",1,3,1,0,1,5,1,0,1,0,1,"","","","","","","","","","","","","","","","","","","","","","","","",10000,1,"","",1,1,1,1,"","","","","","","","","","","","","","","","","","","","","","","","","","","","","","","","","","","","","","","","","","","","","","","","","","","","","","","","","","","","","","","","","",""
"31069001","TOULOUSE-BLAGNAC",43.621,1.378833,151,1968021006,"","","","",1.,1,180,1,"","","","","","","","","","","","","","","","","","","","","","","","","","","","",4.8,1,4.8,1,"","","","","","","","","","","","","","","","","","","","","","","","","","",100,1,"","","","","","","","","","","","",8.6,1,1016.,1,997.3,1,"","","",1,0,1,"","",0,1,0,1,0,1,"","","","","","","","","","","","","","","","","","","","","","","","",700,1,"","",46,1,0,1,"","",0,1,"","","","","","","","","","","","","","","","","","","","","","","","","","","","","","","","","","","","","","","","","","","","","","","","","","","","","","","","","","","","","",""
"31069001","TOULOUSE-BLAGNAC",43.621,1.378833,151,1968021009,"","","","",2.,1,120,1,"","","","","","","","","","","","","","","","","","","","","","","","","","","","",7.2,1,5.8,1,"","","","","","","","","","","","","","","","","","","","","","","","","","",91,1,"","","","","","","","","","","","",9.3,1,1015.8,1,997.3,1,"","","",1,3,1,0,1,0,1,4,1,1,1,"","","","","","","","","","","","","","","","","","","","","","","","",2000,1,"","",10,1,4,1,"","","","","","","","","","","","","","","","","","","","","","","","","","","","","","","","","","","","","","","","","","","","","","","","","","","","","","","","","","","","","","","","","",""
"31069001","TOULOUSE-BLAGNAC",43.621,1.378833,151,1968021012,"","","","",4.,1,140,1,"","","","","","","","","","","","","","","","","","","","","","","","","","","","",13.7,1,8.,1,"","","","","","","","","","","","","","","","","","","","","","","","","","",69,1,"","","","","","","","","","","","",10.9,1,1014.9,1,996.8,1,"","","",1,3,1,0,1,0,1,4,1,2,1,"","","","","","","","","","","","","","","","","","","","","","","","",20000,1,"","",2,1,4,1,"","","","","","","","","","","","","","","","","","","","","","","","","","","","","","","","","","","","","","","","","","","","","","","","","","","","","","","","","","","","","","","","","",""
"31069001","TOULOUSE-BLAGNAC",43.621,1.378833,151,1968021015,"","","","",5.,1,140,1,"","","","","","","","","","","","","","","","","","","","","","","","","","","","",16.3,1,7.7,1,"","","","","","","","","","","","","","","","","","","","","","","","","","",57,1,"","","","","","","","","","","","",10.7,1,1012.8,1,994.9,1,"","","",1,5,1,5,1,0,1,0,1,2,1,"","","","","","","","","","","","","","","","","","","","","","","","",30000,1,"","",1,1,1,1,"","","","","","","","","","","","","","","","","","","","","","","","","","","","","","","","","","","","","","","","","","","","","","","","","","","","","","","","","","","","","","","","","",""
"31069001","TOULOUSE-BLAGNAC",43.621,1.378833,151,1968021018,"","","","",5.,1,140,1,"","","","","","","","","","","","","","","","","","","","","","","","","","","","",13.,1,6.9,1,"","","","","","","","","","","","","","","","","","","","","","","","","","",67,1,"","","","","","","","","","","","",10.1,1,1012.9,1,994.8,1,"","","",1,3,1,0,1,0,1,0,1,2,1,"","","","","","","","","","","","","","","","","","","","","","","","",20000,1,"","",1,1,1,1,"","","","","","","","","","","","","","","","","","","","","","","","","","","","","","","","","","","","","","","","","","","","","","","","","","","","","","","","","","","","","","","","","",""
"31069001","TOULOUSE-BLAGNAC",43.621,1.378833,151,1968021021,"","","","",7.,1,140,1,"","","","","","","","","","","","","","","","","","","","","","","","","","","","",10.3,1,4.3,1,"","","","","","","","","","","","","","","","","","","","","","","","","","",68,1,"","","","","","","","","","","","",8.4,1,1013.2,1,994.9,1,"","","",1,6,1,5,1,0,1,4,1,2,1,"","","","","","","","","","","","","","","","","","","","","","","","",20000,1,"","",2,1,2,1,"","","","","","","","","","","","","","","","","","","","","","","","","","","","","","","","","","","","","","","","","","","","","","","","","","","","","","","","","","","","","","","","","",""
"31069001","TOULOUSE-BLAGNAC",43.621,1.378833,151,1968021100,"","","","",6.,1,140,1,"","","","","","","","","","","","","","","","","","","","","","","","","","","","",9.8,1,4.3,1,"","","","","","","","","","","","","","","","","","","","","","","","","","",69,1,"","","","","","","","","","","","",8.4,1,1012.7,1,994.4,1,"","","",1,6,1,6,1,0,1,0,1,2,1,"","","","","","","","","","","","","","","","","","","","","","","","",20000,1,"","",2,1,2,1,"","","","","","","","","","","","","","","","","","","","","","","","","","","","","","","","","","","","","","","","","","","","","","","","","","","","","","","","","","","","","","","","","",""
"31069001","TOULOUSE-BLAGNAC",43.621,1.378833,151,1968021103,"","","","",5.,1,140,1,"","","","","","","","","","","","","","","","","","","","","","","","","","","","",8.4,1,6.1,1,"","","","","","","","","","","","","","","","","","","","","","","","","","",86,1,"","","","","","","","","","","","",9.5,1,1011.6,1,993.2,1,"","","",1,6,1,0,1,0,1,4,1,2,1,"","","","","","","","","","","","","","","","","","","","","","","","",20000,1,"","",2,1,2,1,"","","","","","","","","","","","","","","","","","","","","","","","","","","","","","","","","","","","","","","","","","","","","","","","","","","","","","","","","","","","","","","","","",""
"31069001","TOULOUSE-BLAGNAC",43.621,1.378833,151,1968021106,"","","","",7.,1,140,1,"","","","","","","","","","","","","","","","","","","","","","","","","","","","",8.3,1,5.8,1,"","","","","","","","","","","","","","","","","","","","","","","","","","",85,1,"","","","","","","","","","","","",9.3,1,1010.2,1,991.8,1,"","","",1,7,1,7,1,0,1,5,1,"","","","","","","","","","","","","","","","","","","","","","","","","","",20000,1,"","",2,1,2,1,"","",0,1,"","","","","","","","","","","","","","","","","","","","","","","","","","","","","","","","","","","","","","","","","","","","","","","","","","","","","","","","","","","","","",""
"31069001","TOULOUSE-BLAGNAC",43.621,1.378833,151,1968021109,"","","","",7.,1,140,1,"","","","","","","","","","","","","","","","","","","","","","","","","","","","",8.3,1,3.7,1,"","","","","","","","","","","","","","","","","","","","","","","","","","",72,1,"","","","","","","","","","","","",8.,1,1009.5,1,991.1,1,"","","",1,8,1,8,1,0,1,7,1,"","","","","","","","","","","","","","","","","","","","","","","","","","",10000,1,"","",2,1,2,1,"","","","","","","","","","","","","","","","","","","","","","","","","","","","","","","","","","","","","","","","","","","","","","","","","","","","","","","","","","","","","","","","","",""
"31069001","TOULOUSE-BLAGNAC",43.621,1.378833,151,1968021112,"","","","",7.,1,140,1,"","","","","","","","","","","","","","","","","","","","","","","","","","","","",10.1,1,5.,1,"","","","","","","","","","","","","","","","","","","","","","","","","","",71,1,"","","","","","","","","","","","",8.8,1,1008.7,1,990.5,1,"","","",1,6,1,0,1,0,1,4,1,2,1,"","","","","","","","","","","","","","","","","","","","","","","","",15000,1,"","",1,1,2,1,"","","","","","","","","","","","","","","","","","","","","","","","","","","","","","","","","","","","","","","","","","","","","","","","","","","","","","","","","","","","","","","","","",""
"31069001","TOULOUSE-BLAGNAC",43.621,1.378833,151,1968021115,"","","","",9.,1,140,1,"","","","","","","","","","","","","","","","","","","","","","","","","","","","",13.,1,7.1,1,"","","","","","","","","","","","","","","","","","","","","","","","","","",68,1,"","","","","","","","","","","","",10.2,1,1005.7,1,987.7,1,"","","",1,3,1,0,1,0,1,4,1,2,1,"","","","","","","","","","","","","","","","","","","","","","","","",20000,1,"","",2,1,1,1,"","","","","","","","","","","","","","","","","","","","","","","","","","","","","","","","","","","","","","","","","","","","","","","","","","","","","","","","","","","","","","","","","",""
"31069001","TOULOUSE-BLAGNAC",43.621,1.378833,151,1968021118,"","","","",8.,1,140,1,"","","","","","","","","","","","","","","","","","","","","","","","","","","","",9.8,1,7.5,1,"","","","","","","","","","","","","","","","","","","","","","","","","","",87,1,"","","","","","","","","","","","",10.5,1,1006.3,1,988.1,1,"","","",1,7,1,5,1,6,1,5,1,"","","","","","","","","","","","","","","","","","","","","","","","","","",8000,1,"","",3,1,1,1,"","","","","","","","","","","","","","","","","","","","","","","","","","","","","","","","","","","","","","","","","","","","","","","","","","","","","","","","","","","","","","","","","",""
"31069001","TOULOUSE-BLAGNAC",43.621,1.378833,151,1968021121,"","","","",8.,1,140,1,"","","","","","","","","","","","","","","","","","","","","","","","","","","","",9.7,1,7.3,1,"","","","","","","","","","","","","","","","","","","","","","","","","","",87,1,"","","","","","","","","","","","",10.4,1,1006.6,1,988.4,1,"","","",1,7,1,7,1,6,1,"","","","","","","","","","","","","","","","","","","","","","","","","","","","",20000,1,"","",3,1,2,1,"","","","","","","","","","","","","","","","","","","","","","","","","","","","","","","","","","","","","","","","","","","","","","","","","","","","","","","","","","","","","","","","","",""
"31069001","TOULOUSE-BLAGNAC",43.621,1.378833,151,1968021200,"","","","",1.,1,260,1,"","","","","","","","","","","","","","","","","","","","","","","","","","","","",9.,1,8.1,1,"","","","","","","","","","","","","","","","","","","","","","","","","","",96,1,"","","","","","","","","","","","",11.,1,1008.7,1,990.4,1,"","","",1,8,1,8,1,5,1,"","","","","","","","","","","","","","","","","","","","","","","","","","","","",8000,1,"","",61,1,2,1,"","","","","","","","","","","","","","","","","","","","","","","","","","","","","","","","","","","","","","","","","","","","","","","","","","","","","","","","","","","","","","","","","",""
"31069001","TOULOUSE-BLAGNAC",43.621,1.378833,151,1968021203,"","","","",2.,1,120,1,"","","","","","","","","","","","","","","","","","","","","","","","","","","","",8.6,1,7.3,1,"","","","","","","","","","","","","","","","","","","","","","","","","","",93,1,"","","","","","","","","","","","",10.4,1,1008.,1,989.7,1,"","","",1,8,1,8,1,5,1,"","","","","","","","","","","","","","","","","","","","","","","","","","","","",6000,1,"","",61,1,6,1,"","","","","","","","","","","","","","","","","","","","","","","","","","","","","","","","","","","","","","","","","","","","","","","","","","","","","","","","","","","","","","","","","",""
"31069001","TOULOUSE-BLAGNAC",43.621,1.378833,151,1968021206,"","","","",3.,1,200,1,"","","","","","","","","","","","","","","","","","","","","","","","","","","","",7.7,1,7.1,1,"","","","","","","","","","","","","","","","","","","","","","","","","","",97,1,"","","","","","","","","","","","",10.2,1,1009.3,1,990.9,1,"","","",1,8,1,8,1,5,1,"","","","","","","","","","","","","","","","","","","","","","","","","","","","",7000,1,"","",1,1,6,1,"","",2,1,"","","","","","","","","","","","","","","","","","","","","","","","","","","","","","","","","","","","","","","","","","","","","","","","","","","","","","","","","","","","","",""
"31069001","TOULOUSE-BLAGNAC",43.621,1.378833,151,1968021209,"","","","",4.,1,280,1,"","","","","","","","","","","","","","","","","","","","","","","","","","","","",9.,1,8.,1,"","","","","","","","","","","","","","","","","","","","","","","","","","",95,1,"","","","","","","","","","","","",10.9,1,1011.8,1,993.5,1,"","","",1,7,1,7,1,5,1,"","","","","","","","","","","","","","","","","","","","","","","","","","","","",30000,1,"","",3,1,2,1,"","","","","","","","","","","","","","","","","","","","","","","","","","","","","","","","","","","","","","","","","","","","","","","","","","","","","","","","","","","","","","","","","",""
"31069001","TOULOUSE-BLAGNAC",43.621,1.378833,151,1968021212,"","","","",5.,1,300,1,"","","","","","","","","","","","","","","","","","","","","","","","","","","","",11.3,1,7.5,1,"","","","","","","","","","","","","","","","","","","","","","","","","","",78,1,"","","","","","","","","","","","",10.5,1,1013.2,1,995.,1,"","","",1,6,1,0,1,8,1,3,1,0,1,"","","","","","","","","","","","","","","","","","","","","","","","",30000,1,"","",1,1,2,1,"","","","","","","","","","","","","","","","","","","","","","","","","","","","","","","","","","","","","","","","","","","","","","","","","","","","","","","","","","","","","","","","","",""
"31069001","TOULOUSE-BLAGNAC",43.621,1.378833,151,1968021215,"","","","",6.,1,280,1,"","","","","","","","","","","","","","","","","","","","","","","","","","","","",14.1,1,5.8,1,"","","","","","","","","","","","","","","","","","","","","","","","","","",58,1,"","","","","","","","","","","","",9.3,1,1012.3,1,994.3,1,"","","",1,5,1,0,1,8,1,6,1,1,1,"","","","","","","","","","","","","","","","","","","","","","","","",40000,1,"","",3,1,1,1,"","","","","","","","","","","","","","","","","","","","","","","","","","","","","","","","","","","","","","","","","","","","","","","","","","","","","","","","","","","","","","","","","",""
"31069001","TOULOUSE-BLAGNAC",43.621,1.378833,151,1968021218,"","","","",1.,1,60,1,"","","","","","","","","","","","","","","","","","","","","","","","","","","","",11.1,1,5.8,1,"","","","","","","","","","","","","","","","","","","","","","","","","","",71,1,"","","","","","","","","","","","",9.3,1,1013.,1,994.8,1,"","","",1,2,1,0,1,0,1,0,1,1,1,"","","","","","","","","","","","","","","","","","","","","","","","",30000,1,"","",1,1,1,1,"","","","","","","","","","","","","","","","","","","","","","","","","","","","","","","","","","","","","","","","","","","","","","","","","","","","","","","","","","","","","","","","","",""
"31069001","TOULOUSE-BLAGNAC",43.621,1.378833,151,1968021221,"","","","",2.,1,120,1,"","","","","","","","","","","","","","","","","","","","","","","","","","","","",8.4,1,5.6,1,"","","","","","","","","","","","","","","","","","","","","","","","","","",83,1,"","","","","","","","","","","","",9.2,1,1013.2,1,994.8,1,"","","",1,2,1,0,1,0,1,0,1,1,1,"","","","","","","","","","","","","","","","","","","","","","","","",30000,1,"","",2,1,0,1,"","","","","","","","","","","","","","","","","","","","","","","","","","","","","","","","","","","","","","","","","","","","","","","","","","","","","","","","","","","","","","","","","",""
"31069001","TOULOUSE-BLAGNAC",43.621,1.378833,151,1968021300,"","","","",2.,1,200,1,"","","","","","","","","","","","","","","","","","","","","","","","","","","","",4.8,1,4.2,1,"","","","","","","","","","","","","","","","","","","","","","","","","","",97,1,"","","","","","","","","","","","",8.3,1,1012.6,1,994.,1,"","","",1,5,1,0,1,0,1,4,1,2,1,"","","","","","","","","","","","","","","","","","","","","","","","",30000,1,"","",1,1,1,1,"","","","","","","","","","","","","","","","","","","","","","","","","","","","","","","","","","","","","","","","","","","","","","","","","","","","","","","","","","","","","","","","","",""
"31069001","TOULOUSE-BLAGNAC",43.621,1.378833,151,1968021303,"","","","",4.,1,140,1,"","","","","","","","","","","","","","","","","","","","","","","","","","","","",5.7,1,4.2,1,"","","","","","","","","","","","","","","","","","","","","","","","","","",91,1,"","","","","","","","","","","","",8.3,1,1009.6,1,991.1,1,"","","",1,6,1,5,1,0,1,5,1,2,1,"","","","","","","","","","","","","","","","","","","","","","","","",30000,1,"","",3,1,1,1,"","","","","","","","","","","","","","","","","","","","","","","","","","","","","","","","","","","","","","","","","","","","","","","","","","","","","","","","","","","","","","","","","",""
"31069001","TOULOUSE-BLAGNAC",43.621,1.378833,151,1968021306,"","","","",6.,1,140,1,"","","","","","","","","","","","","","","","","","","","","","","","","","","","",6.8,1,4.2,1,"","","","","","","","","","","","","","","","","","","","","","","","","","",84,1,"","","","","","","","","","","","",8.3,1,1007.3,1,988.9,1,"","","",1,7,1,7,1,0,1,7,1,"","","","","","","","","","","","","","","","","","","","","","","","","","",20000,1,"","",3,1,1,1,"","",2,1,"","","","","","","","","","","","","","","","","","","","","","","","","","","","","","","","","","","","","","","","","","","","","","","","","","","","","","","","","","","","","",""
"31069001","TOULOUSE-BLAGNAC",43.621,1.378833,151,1968021309,"","","","",5.,1,140,1,"","","","","","","","","","","","","","","","","","","","","","","","","","","","",9.4,1,6.6,1,"","","","","","","","","","","","","","","","","","","","","","","","","","",84,1,"","","","","","","","","","","","",9.9,1,1006.,1,987.8,1,"","","",1,7,1,7,1,5,1,7,1,"","","","","","","","","","","","","","","","","","","","","","","","","","",20000,1,"","",2,1,2,1,"","","","","","","","","","","","","","","","","","","","","","","","","","","","","","","","","","","","","","","","","","","","","","","","","","","","","","","","","","","","","","","","","",""
"31069001","TOULOUSE-BLAGNAC",43.621,1.378833,151,1968021312,"","","","",8.,1,140,1,"","","","","","","","","","","","","","","","","","","","","","","","","","","","",11.,1,6.6,1,"","","","","","","","","","","","","","","","","","","","","","","","","","",75,1,"","","","","","","","","","","","",9.9,1,1005.1,1,987.,1,"","","",1,7,1,7,1,5,1,7,1,"","","","","","","","","","","","","","","","","","","","","","","","","","",20000,1,"","",2,1,2,1,"","","","","","","","","","","","","","","","","","","","","","","","","","","","","","","","","","","","","","","","","","","","","","","","","","","","","","","","","","","","","","","","","",""
"31069001","TOULOUSE-BLAGNAC",43.621,1.378833,151,1968021315,"","","","",7.,1,140,1,"","","","","","","","","","","","","","","","","","","","","","","","","","","","",12.2,1,7.1,1,"","","","","","","","","","","","","","","","","","","","","","","","","","",72,1,"","","","","","","","","","","","",10.2,1,1004.1,1,986.1,1,"","","",1,7,1,5,1,0,1,7,1,2,1,"","","","","","","","","","","","","","","","","","","","","","","","",20000,1,"","",2,1,2,1,"","","","","","","","","","","","","","","","","","","","","","","","","","","","","","","","","","","","","","","","","","","","","","","","","","","","","","","","","","","","","","","","","",""
"31069001","TOULOUSE-BLAGNAC",43.621,1.378833,151,1968021318,"","","","",5.,1,140,1,"","","","","","","","","","","","","","","","","","","","","","","","","","","","",10.2,1,7.1,1,"","","","","","","","","","","","","","","","","","","","","","","","","","",82,1,"","","","","","","","","","","","",10.2,1,1004.8,1,986.7,1,"","","",1,7,1,5,1,5,1,7,1,2,1,"","","","","","","","","","","","","","","","","","","","","","","","",20000,1,"","",2,1,2,1,"","","","","","","","","","","","","","","","","","","","","","","","","","","","","","","","","","","","","","","","","","","","","","","","","","","","","","","","","","","","","","","","","",""
"31069001","TOULOUSE-BLAGNAC",43.621,1.378833,151,1968021321,"","","","",4.,1,160,1,"","","","","","","","","","","","","","","","","","","","","","","","","","","","",10.,1,7.1,1,"","","","","","","","","","","","","","","","","","","","","","","","","","",83,1,"","","","","","","","","","","","",10.2,1,1006.9,1,988.7,1,"","","",1,7,1,7,1,5,1,7,1,"","","","","","","","","","","","","","","","","","","","","","","","","","",20000,1,"","",2,1,2,1,"","","","","","","","","","","","","","","","","","","","","","","","","","","","","","","","","","","","","","","","","","","","","","","","","","","","","","","","","","","","","","","","","",""
"31069001","TOULOUSE-BLAGNAC",43.621,1.378833,151,1968021400,"","","","",3.,1,160,1,"","","","","","","","","","","","","","","","","","","","","","","","","","","","",8.6,1,7.1,1,"","","","","","","","","","","","","","","","","","","","","","","","","","",92,1,"","","","","","","","","","","","",10.2,1,1007.6,1,989.3,1,"","","",1,6,1,6,1,0,1,4,1,0,1,"","","","","","","","","","","","","","","","","","","","","","","","",30000,1,"","",3,1,2,1,"","","","","","","","","","","","","","","","","","","","","","","","","","","","","","","","","","","","","","","","","","","","","","","","","","","","","","","","","","","","","","","","","",""
"31069001","TOULOUSE-BLAGNAC",43.621,1.378833,151,1968021403,"","","","",1.,1,160,1,"","","","","","","","","","","","","","","","","","","","","","","","","","","","",6.2,1,5.6,1,"","","","","","","","","","","","","","","","","","","","","","","","","","",97,1,"","","","","","","","","","","","",9.2,1,1006.9,1,988.5,1,"","","",1,6,1,6,1,0,1,0,1,2,1,"","","","","","","","","","","","","","","","","","","","","","","","",10000,1,"","",2,1,2,1,"","","","","","","","","","","","","","","","","","","","","","","","","","","","","","","","","","","","","","","","","","","","","","","","","","","","","","","","","","","","","","","","","",""
"31069001","TOULOUSE-BLAGNAC",43.621,1.378833,151,1968021406,"","","","",5.,1,140,1,"","","","","","","","","","","","","","","","","","","","","","","","","","","","",6.,1,5.6,1,"","","","","","","","","","","","","","","","","","","","","","","","","","",98,1,"","","","","","","","","","","","",9.2,1,1006.4,1,988.,1,"","","",1,3,1,0,1,0,1,0,1,2,1,"","","","","","","","","","","","","","","","","","","","","","","","",4000,1,"","",10,1,1,1,"","",1,1,"","","","","","","","","","","","","","","","","","","","","","","","","","","","","","","","","","","","","","","","","","","","","","","","","","","","","","","","","","","","","",""
"31069001","TOULOUSE-BLAGNAC",43.621,1.378833,151,1968021409,"","","","",7.,1,120,1,"","","","","","","","","","","","","","","","","","","","","","","","","","","","",10.1,1,7.6,1,"","","","","","","","","","","","","","","","","","","","","","","","","","",86,1,"","","","","","","","","","","","",10.6,1,1005.3,1,987.2,1,"","","",1,7,1,7,1,0,1,4,1,4,1,"","","","","","","","","","","","","","","","","","","","","","","","",8000,1,"","",3,1,1,1,"","","","","","","","","","","","","","","","","","","","","","","","","","","","","","","","","","","","","","","","","","","","","","","","","","","","","","","","","","","","","","","","","",""
"31069001","TOULOUSE-BLAGNAC",43.621,1.378833,151,1968021412,"","","","",6.,1,120,1,"","","","","","","","","","","","","","","","","","","","","","","","","","","","",14.1,1,8.4,1,"","","","","","","","","","","","","","","","","","","","","","","","","","",69,1,"","","","","","","","","","","","",11.2,1,1004.8,1,986.9,1,"","","",1,6,1,5,1,1,1,8,1,2,1,"","","","","","","","","","","","","","","","","","","","","","","","",10000,1,"","",3,1,1,1,"","","","","","","","","","","","","","","","","","","","","","","","","","","","","","","","","","","","","","","","","","","","","","","","","","","","","","","","","","","","","","","","","",""
"31069001","TOULOUSE-BLAGNAC",43.621,1.378833,151,1968021415,"","","","",6.,1,140,1,"","","","","","","","","","","","","","","","","","","","","","","","","","","","",15.,1,8.3,1,"","","","","","","","","","","","","","","","","","","","","","","","","","",66,1,"","","","","","","","","","","","",11.1,1,1002.7,1,984.9,1,"","","",1,3,1,0,1,0,1,0,1,2,1,"","","","","","","","","","","","","","","","","","","","","","","","",15000,1,"","",1,1,0,1,"","","","","","","","","","","","","","","","","","","","","","","","","","","","","","","","","","","","","","","","","","","","","","","","","","","","","","","","","","","","","","","","","",""
"31069001","TOULOUSE-BLAGNAC",43.621,1.378833,151,1968021418,"","","","",5.,1,140,1,"","","","","","","","","","","","","","","","","","","","","","","","","","","","",11.6,1,8.1,1,"","","","","","","","","","","","","","","","","","","","","","","","","","",81,1,"","","","","","","","","","","","",11.,1,1003.1,1,985.1,1,"","","",1,5,1,0,1,0,1,4,1,2,1,"","","","","","","","","","","","","","","","","","","","","","","","",8000,1,"","",2,1,1,1,"","","","","","","","","","","","","","","","","","","","","","","","","","","","","","","","","","","","","","","","","","","","","","","","","","","","","","","","","","","","","","","","","",""
"31069001","TOULOUSE-BLAGNAC",43.621,1.378833,151,1968021421,"","","","",5.,1,140,1,"","","","","","","","","","","","","","","","","","","","","","","","","","","","",10.2,1,7.9,1,"","","","","","","","","","","","","","","","","","","","","","","","","","",87,1,"","","","","","","","","","","","",10.8,1,1003.8,1,985.7,1,"","","",1,6,1,0,1,0,1,4,1,2,1,"","","","","","","","","","","","","","","","","","","","","","","","",10000,1,"","",3,1,1,1,"","","","","","","","","","","","","","","","","","","","","","","","","","","","","","","","","","","","","","","","","","","","","","","","","","","","","","","","","","","","","","","","","",""
"31069001","TOULOUSE-BLAGNAC",43.621,1.378833,151,1968021500,"","","","",4.,1,140,1,"","","","","","","","","","","","","","","","","","","","","","","","","","","","",8.8,1,7.3,1,"","","","","","","","","","","","","","","","","","","","","","","","","","",92,1,"","","","","","","","","","","","",10.4,1,1003.9,1,985.7,1,"","","",1,3,1,0,1,0,1,4,1,2,1,"","","","","","","","","","","","","","","","","","","","","","","","",10000,1,"","",3,1,1,1,"","","","","","","","","","","","","","","","","","","","","","","","","","","","","","","","","","","","","","","","","","","","","","","","","","","","","","","","","","","","","","","","","",""
"31069001","TOULOUSE-BLAGNAC",43.621,1.378833,151,1968021503,"","","","",1.,1,200,1,"","","","","","","","","","","","","","","","","","","","","","","","","","","","",8.2,1,6.8,1,"","","","","","","","","","","","","","","","","","","","","","","","","","",92,1,"","","","","","","","","","","","",10.,1,1003.3,1,985.1,1,"","","",1,7,1,7,1,6,1,"","","","","","","","","","","","","","","","","","","","","","","","","","","","",10000,1,"","",3,1,2,1,"","","","","","","","","","","","","","","","","","","","","","","","","","","","","","","","","","","","","","","","","","","","","","","","","","","","","","","","","","","","","","","","","",""
"31069001","TOULOUSE-BLAGNAC",43.621,1.378833,151,1968021506,"","","","",3.,1,60,1,"","","","","","","","","","","","","","","","","","","","","","","","","","","","",7.4,1,6.8,1,"","","","","","","","","","","","","","","","","","","","","","","","","","",97,1,"","","","","","","","","","","","",10.,1,1003.2,1,984.9,1,"","","",1,7,1,5,1,5,1,5,1,"","","","","","","","","","","","","","","","","","","","","","","","","","",6000,1,"","",1,1,2,1,"","",0,1,"","","","","","","","","","","","","","","","","","","","","","","","","","","","","","","","","","","","","","","","","","","","","","","","","","","","","","","","","","","","","",""
"31069001","TOULOUSE-BLAGNAC",43.621,1.378833,151,1968021509,"","","","",0.,1,0,1,"","","","","","","","","","","","","","","","","","","","","","","","","","","","",7.6,1,7.1,1,"","","","","","","","","","","","","","","","","","","","","","","","","","",97,1,"","","","","","","","","","","","",10.2,1,1004.,1,985.7,1,"","","",1,8,1,7,1,7,1,"","","","","","","","","","","","","","","","","","","","","","","","","","","","",2000,1,"","",58,1,6,1,"","","","","","","","","","","","","","","","","","","","","","","","","","","","","","","","","","","","","","","","","","","","","","","","","","","","","","","","","","","","","","","","","",""
"31069001","TOULOUSE-BLAGNAC",43.621,1.378833,151,1968021512,"","","","",3.,1,260,1,"","","","","","","","","","","","","","","","","","","","","","","","","","","","",9.,1,7.5,1,"","","","","","","","","","","","","","","","","","","","","","","","","","",92,1,"","","","","","","","","","","","",10.5,1,1003.8,1,985.6,1,"","","",1,8,1,7,1,5,1,7,1,"","","","","","","","","","","","","","","","","","","","","","","","","","",15000,1,"","",61,1,5,1,"","","","","","","","","","","","","","","","","","","","","","","","","","","","","","","","","","","","","","","","","","","","","","","","","","","","","","","","","","","","","","","","","",""
"31069001","TOULOUSE-BLAGNAC",43.621,1.378833,151,1968021515,"","","","",3.,1,280,1,"","","","","","","","","","","","","","","","","","","","","","","","","","","","",9.8,1,7.1,1,"","","","","","","","","","","","","","","","","","","","","","","","","","",85,1,"","","","","","","","","","","","",10.2,1,1002.5,1,984.4,1,"","","",1,8,1,7,1,8,1,"","","","","","","","","","","","","","","","","","","","","","","","","","","","",20000,1,"","",1,1,6,1,"","","","","","","","","","","","","","","","","","","","","","","","","","","","","","","","","","","","","","","","","","","","","","","","","","","","","","","","","","","","","","","","","",""
"31069001","TOULOUSE-BLAGNAC",43.621,1.378833,151,1968021518,"","","","",4.,1,280,1,"","","","","","","","","","","","","","","","","","","","","","","","","","","","",8.7,1,7.9,1,"","","","","","","","","","","","","","","","","","","","","","","","","","",96,1,"","","","","","","","","","","","",10.8,1,1003.,1,984.8,1,"","","",1,8,1,7,1,8,1,"","","","","","","","","","","","","","","","","","","","","","","","","","","","",10000,1,"","",80,1,6,1,"","","","","","","","","","","","","","","","","","","","","","","","","","","","","","","","","","","","","","","","","","","","","","","","","","","","","","","","","","","","","","","","","",""
"31069001","TOULOUSE-BLAGNAC",43.621,1.378833,151,1968021521,"","","","",5.,1,280,1,"","","","","","","","","","","","","","","","","","","","","","","","","","","","",8.4,1,7.6,1,"","","","","","","","","","","","","","","","","","","","","","","","","","",96,1,"","","","","","","","","","","","",10.6,1,1003.8,1,985.6,1,"","","",1,8,1,8,1,7,1,"","","","","","","","","","","","","","","","","","","","","","","","","","","","",10000,1,"","",61,1,6,1,"","","","","","","","","","","","","","","","","","","","","","","","","","","","","","","","","","","","","","","","","","","","","","","","","","","","","","","","","","","","","","","","","",""
"31069001","TOULOUSE-BLAGNAC",43.621,1.378833,151,1968021600,"","","","",5.,1,280,1,"","","","","","","","","","","","","","","","","","","","","","","","","","","","",8.3,1,7.5,1,"","","","","","","","","","","","","","","","","","","","","","","","","","",96,1,"","","","","","","","","","","","",10.5,1,1004.1,1,985.9,1,"","","",1,8,1,6,1,5,1,"","","","","","","","","","","","","","","","","","","","","","","","","","","","",10000,1,"","",1,1,6,1,"","","","","","","","","","","","","","","","","","","","","","","","","","","","","","","","","","","","","","","","","","","","","","","","","","","","","","","","","","","","","","","","","",""
"31069001","TOULOUSE-BLAGNAC",43.621,1.378833,151,1968021603,"","","","",5.,1,300,1,"","","","","","","","","","","","","","","","","","","","","","","","","","","","",8.5,1,7.7,1,"","","","","","","","","","","","","","","","","","","","","","","","","","",96,1,"","","","","","","","","","","","",10.7,1,1003.6,1,985.4,1,"","","",1,8,1,8,1,6,1,"","","","","","","","","","","","","","","","","","","","","","","","","","","","",8000,1,"","",3,1,2,1,"","","","","","","","","","","","","","","","","","","","","","","","","","","","","","","","","","","","","","","","","","","","","","","","","","","","","","","","","","","","","","","","","",""
"31069001","TOULOUSE-BLAGNAC",43.621,1.378833,151,1968021606,"","","","",5.,1,300,1,"","","","","","","","","","","","","","","","","","","","","","","","","","","","",8.6,1,7.6,1,"","","","","","","","","","","","","","","","","","","","","","","","","","",94,1,"","","","","","","","","","","","",10.6,1,1004.1,1,985.9,1,"","","",1,8,1,8,1,5,1,"","","","","","","","","","","","","","","","","","","","","","","","","","","","",8000,1,"","",1,1,2,1,"","",2,1,"","","","","","","","","","","","","","","","","","","","","","","","","","","","","","","","","","","","","","","","","","","","","","","","","","","","","","","","","","","","","",""
"31069001","TOULOUSE-BLAGNAC",43.621,1.378833,151,1968021609,"","","","",4.,1,320,1,"","","","","","","","","","","","","","","","","","","","","","","","","","","","",8.5,1,7.2,1,"","","","","","","","","","","","","","","","","","","","","","","","","","",93,1,"","","","","","","","","","","","",10.3,1,1005.8,1,987.5,1,"","","",1,8,1,8,1,5,1,"","","","","","","","","","","","","","","","","","","","","","","","","","","","",8000,1,"","",21,1,2,1,"","","","","","","","","","","","","","","","","","","","","","","","","","","","","","","","","","","","","","","","","","","","","","","","","","","","","","","","","","","","","","","","","",""
"31069001","TOULOUSE-BLAGNAC",43.621,1.378833,151,1968021612,"","","","",5.,1,340,1,"","","","","","","","","","","","","","","","","","","","","","","","","","","","",8.7,1,5.9,1,"","","","","","","","","","","","","","","","","","","","","","","","","","",84,1,"","","","","","","","","","","","",9.4,1,1006.7,1,988.4,1,"","","",1,8,1,8,1,8,1,"","","","","","","","","","","","","","","","","","","","","","","","","","","","",10000,1,"","",3,1,6,1,"","","","","","","","","","","","","","","","","","","","","","","","","","","","","","","","","","","","","","","","","","","","","","","","","","","","","","","","","","","","","","","","","",""
"31069001","TOULOUSE-BLAGNAC",43.621,1.378833,151,1968021615,"","","","",6.,1,320,1,"","","","","","","","","","","","","","","","","","","","","","","","","","","","",7.8,1,4.3,1,"","","","","","","","","","","","","","","","","","","","","","","","","","",79,1,"","","","","","","","","","","","",8.4,1,1007.,1,988.7,1,"","","",1,8,1,8,1,5,1,"","","","","","","","","","","","","","","","","","","","","","","","","","","","",8000,1,"","",2,1,2,1,"","","","","","","","","","","","","","","","","","","","","","","","","","","","","","","","","","","","","","","","","","","","","","","","","","","","","","","","","","","","","","","","","",""
"31069001","TOULOUSE-BLAGNAC",43.621,1.378833,151,1968021618,"","","","",7.,1,320,1,"","","","","","","","","","","","","","","","","","","","","","","","","","","","",6.1,1,3.,1,"","","","","","","","","","","","","","","","","","","","","","","","","","",81,1,"","","","","","","","","","","","",7.6,1,1009.6,1,991.1,1,"","","",1,8,1,8,1,5,1,"","","","","","","","","","","","","","","","","","","","","","","","","","","","",6000,1,"","",2,1,2,1,"","","","","","","","","","","","","","","","","","","","","","","","","","","","","","","","","","","","","","","","","","","","","","","","","","","","","","","","","","","","","","","","","",""
"31069001","TOULOUSE-BLAGNAC",43.621,1.378833,151,1968021621,"","","","",7.,1,300,1,"","","","","","","","","","","","","","","","","","","","","","","","","","","","",4.9,1,1.6,1,"","","","","","","","","","","","","","","","","","","","","","","","","","",80,1,"","","","","","","","","","","","",6.9,1,1011.7,1,993.1,1,"","","",1,5,1,5,1,5,1,0,1,0,1,"","","","","","","","","","","","","","","","","","","","","","","","",6000,1,"","",1,1,2,1,"","","","","","","","","","","","","","","","","","","","","","","","","","","","","","","","","","","","","","","","","","","","","","","","","","","","","","","","","","","","","","","","","",""
"31069001","TOULOUSE-BLAGNAC",43.621,1.378833,151,1968021700,"","","","",5.,1,300,1,"","","","","","","","","","","","","","","","","","","","","","","","","","","","",4.1,1,1.,1,"","","","","","","","","","","","","","","","","","","","","","","","","","",80,1,"","","","","","","","","","","","",6.6,1,1013.1,1,994.4,1,"","","",1,8,1,8,1,5,1,"","","","","","","","","","","","","","","","","","","","","","","","","","","","",6000,1,"","",3,1,2,1,"","","","","","","","","","","","","","","","","","","","","","","","","","","","","","","","","","","","","","","","","","","","","","","","","","","","","","","","","","","","","","","","","",""
"31069001","TOULOUSE-BLAGNAC",43.621,1.378833,151,1968021703,"","","","",4.,1,280,1,"","","","","","","","","","","","","","","","","","","","","","","","","","","","",3.2,1,0.8,1,"","","","","","","","","","","","","","","","","","","","","","","","","","",84,1,"","","","","","","","","","","","",6.5,1,1013.6,1,994.8,1,"","","",1,7,1,7,1,5,1,"","","","","","","","","","","","","","","","","","","","","","","","","","","","",6000,1,"","",1,1,2,1,"","","","","","","","","","","","","","","","","","","","","","","","","","","","","","","","","","","","","","","","","","","","","","","","","","","","","","","","","","","","","","","","","",""
"31069001","TOULOUSE-BLAGNAC",43.621,1.378833,151,1968021706,"","","","",4.,1,280,1,"","","","","","","","","","","","","","","","","","","","","","","","","","","","",2.8,1,0.,1,"","","","","","","","","","","","","","","","","","","","","","","","","","",82,1,"","","","","","","","","","","","",6.1,1,1014.6,1,995.8,1,"","","",1,8,1,8,1,5,1,"","","","","","","","","","","","","","","","","","","","","","","","","","","","",8000,1,"","",2,1,2,1,"","",1,1,"","","","","","","","","","","","","","","","","","","","","","","","","","","","","","","","","","","","","","","","","","","","","","","","","","","","","","","","","","","","","",""
"31069001","TOULOUSE-BLAGNAC",43.621,1.378833,151,1968021709,"","","","",4.,1,280,1,"","","","","","","","","","","","","","","","","","","","","","","","","","","","",3.,1,-1.4,1,"","","","","","","","","","","","","","","","","","","","","","","","","","",72,1,"","","","","","","","","","","","",5.5,1,1015.4,1,996.6,1,"","","",1,8,1,8,1,5,1,"","","","","","","","","","","","","","","","","","","","","","","","","","","","",8000,1,"","",2,1,2,1,"","","","","","","","","","","","","","","","","","","","","","","","","","","","","","","","","","","","","","","","","","","","","","","","","","","","","","","","","","","","","","","","","",""
"31069001","TOULOUSE-BLAGNAC",43.621,1.378833,151,1968021712,"","","","",2.,1,260,1,"","","","","","","","","","","","","","","","","","","","","","","","","","","","",5.9,1,0.,1,"","","","","","","","","","","","","","","","","","","","","","","","","","",66,1,"","","","","","","","","","","","",6.1,1,1014.6,1,996.,1,"","","",1,3,1,0,1,5,1,0,1,0,1,"","","","","","","","","","","","","","","","","","","","","","","","",10000,1,"","",1,1,1,1,"","","","","","","","","","","","","","","","","","","","","","","","","","","","","","","","","","","","","","","","","","","","","","","","","","","","","","","","","","","","","","","","","",""
"31069001","TOULOUSE-BLAGNAC",43.621,1.378833,151,1968021715,"","","","",2.,1,360,1,"","","","","","","","","","","","","","","","","","","","","","","","","","","","",7.3,1,0.,1,"","","","","","","","","","","","","","","","","","","","","","","","","","",59,1,"","","","","","","","","","","","",6.1,1,1013.,1,994.5,1,"","","",1,0,1,"","",0,1,0,1,0,1,"","","","","","","","","","","","","","","","","","","","","","","","",12000,1,"","",2,1,0,1,"","","","","","","","","","","","","","","","","","","","","","","","","","","","","","","","","","","","","","","","","","","","","","","","","","","","","","","","","","","","","","","","","",""
"31069001","TOULOUSE-BLAGNAC",43.621,1.378833,151,1968021718,"","","","",2.,1,360,1,"","","","","","","","","","","","","","","","","","","","","","","","","","","","",5.7,1,0.2,1,"","","","","","","","","","","","","","","","","","","","","","","","","","",68,1,"","","","","","","","","","","","",6.2,1,1013.4,1,994.8,1,"","","",1,0,1,"","",0,1,0,1,0,1,"","","","","","","","","","","","","","","","","","","","","","","","",10000,1,"","",2,1,0,1,"","","","","","","","","","","","","","","","","","","","","","","","","","","","","","","","","","","","","","","","","","","","","","","","","","","","","","","","","","","","","","","","","",""
"31069001","TOULOUSE-BLAGNAC",43.621,1.378833,151,1968021721,"","","","",0.,1,0,1,"","","","","","","","","","","","","","","","","","","","","","","","","","","","",2.2,1,0.4,1,"","","","","","","","","","","","","","","","","","","","","","","","","","",88,1,"","","","","","","","","","","","",6.3,1,1014.1,1,995.2,1,"","","",1,0,1,"","",0,1,0,1,0,1,"","","","","","","","","","","","","","","","","","","","","","","","",10000,1,"","",2,1,0,1,"","","","","","","","","","","","","","","","","","","","","","","","","","","","","","","","","","","","","","","","","","","","","","","","","","","","","","","","","","","","","","","","","",""
"31069001","TOULOUSE-BLAGNAC",43.621,1.378833,151,1968021800,"","","","",2.,1,80,1,"","","","","","","","","","","","","","","","","","","","","","","","","","","","",1.1,1,0.,1,"","","","","","","","","","","","","","","","","","","","","","","","","","",92,1,"","","","","","","","","","","","",6.1,1,1014.1,1,995.2,1,"","","",1,0,1,"","",0,1,0,1,0,1,"","","","","","","","","","","","","","","","","","","","","","","","",10000,1,"","",2,1,0,1,"","","","","","","","","","","","","","","","","","","","","","","","","","","","","","","","","","","","","","","","","","","","","","","","","","","","","","","","","","","","","","","","","",""
"31069001","TOULOUSE-BLAGNAC",43.621,1.378833,151,1968021803,"","","","",4.,1,120,1,"","","","","","","","","","","","","","","","","","","","","","","","","","","","",1.6,1,-1.2,1,"","","","","","","","","","","","","","","","","","","","","","","","","","",82,1,"","","","","","","","","","","","",5.6,1,1013.1,1,994.2,1,"","","",1,0,1,"","",0,1,0,1,0,1,"","","","","","","","","","","","","","","","","","","","","","","","",8000,1,"","",2,1,0,1,"","","","","","","","","","","","","","","","","","","","","","","","","","","","","","","","","","","","","","","","","","","","","","","","","","","","","","","","","","","","","","","","","",""
"31069001","TOULOUSE-BLAGNAC",43.621,1.378833,151,1968021806,"","","","",3.,1,100,1,"","","","","","","","","","","","","","","","","","","","","","","","","","","","",0.6,1,-2.9,1,"","","","","","","","","","","","","","","","","","","","","","","","","","",76,1,"","","","","","","","","","","","",4.9,1,1012.1,1,993.2,1,"","","",1,1,1,0,1,0,1,0,1,1,1,"","","","","","","","","","","","","","","","","","","","","","","","",8000,1,"","",3,1,0,1,"","",1,1,"","","","","","","","","","","","","","","","","","","","","","","","","","","","","","","","","","","","","","","","","","","","","","","","","","","","","","","","","","","","","",""
"31069001","TOULOUSE-BLAGNAC",43.621,1.378833,151,1968021809,"","","","",1.,1,80,1,"","","","","","","","","","","","","","","","","","","","","","","","","","","","",1.2,1,-2.9,1,"","","","","","","","","","","","","","","","","","","","","","","","","","",74,1,"","","","","","","","","","","","",4.9,1,1012.8,1,993.9,1,"","","",1,4,1,0,1,0,1,0,1,2,1,"","","","","","","","","","","","","","","","","","","","","","","","",10000,1,"","",2,1,0,1,"","","","","","","","","","","","","","","","","","","","","","","","","","","","","","","","","","","","","","","","","","","","","","","","","","","","","","","","","","","","","","","","","",""
"31069001","TOULOUSE-BLAGNAC",43.621,1.378833,151,1968021812,"","","","",7.,1,140,1,"","","","","","","","","","","","","","","","","","","","","","","","","","","","",9.7,1,-8.4,1,"","","","","","","","","","","","","","","","","","","","","","","","","","",27,1,"","","","","","","","","","","","",3.2,1,1011.4,1,993.1,1,"","","",1,6,1,6,1,0,1,0,1,2,1,"","","","","","","","","","","","","","","","","","","","","","","","",40000,1,"","",2,1,1,1,"","","","","","","","","","","","","","","","","","","","","","","","","","","","","","","","","","","","","","","","","","","","","","","","","","","","","","","","","","","","","","","","","",""
"31069001","TOULOUSE-BLAGNAC",43.621,1.378833,151,1968021815,"","","","",8.,1,140,1,"","","","","","","","","","","","","","","","","","","","","","","","","","","","",9.8,1,-5.2,1,"","","","","","","","","","","","","","","","","","","","","","","","","","",34,1,"","","","","","","","","","","","",4.1,1,1009.8,1,991.5,1,"","","",1,6,1,6,1,0,1,0,1,2,1,"","","","","","","","","","","","","","","","","","","","","","","","",40000,1,"","",2,1,2,1,"","","","","","","","","","","","","","","","","","","","","","","","","","","","","","","","","","","","","","","","","","","","","","","","","","","","","","","","","","","","","","","","","",""
"31069001","TOULOUSE-BLAGNAC",43.621,1.378833,151,1968021818,"","","","",7.,1,140,1,"","","","","","","","","","","","","","","","","","","","","","","","","","","","",7.1,1,-0.9,1,"","","","","","","","","","","","","","","","","","","","","","","","","","",56,1,"","","","","","","","","","","","",5.7,1,1011.,1,992.5,1,"","","",1,6,1,6,1,0,1,0,1,2,1,"","","","","","","","","","","","","","","","","","","","","","","","",20000,1,"","",2,1,2,1,"","","","","","","","","","","","","","","","","","","","","","","","","","","","","","","","","","","","","","","","","","","","","","","","","","","","","","","","","","","","","","","","","",""
"31069001","TOULOUSE-BLAGNAC",43.621,1.378833,151,1968021821,"","","","",8.,1,140,1,"","","","","","","","","","","","","","","","","","","","","","","","","","","","",6.6,1,2.8,1,"","","","","","","","","","","","","","","","","","","","","","","","","","",77,1,"","","","","","","","","","","","",7.5,1,1011.3,1,992.8,1,"","","",1,2,1,0,1,0,1,0,1,2,1,"","","","","","","","","","","","","","","","","","","","","","","","",20000,1,"","",2,1,1,1,"","","","","","","","","","","","","","","","","","","","","","","","","","","","","","","","","","","","","","","","","","","","","","","","","","","","","","","","","","","","","","","","","",""
"31069001","TOULOUSE-BLAGNAC",43.621,1.378833,151,1968021900,"","","","",6.,1,140,1,"","","","","","","","","","","","","","","","","","","","","","","","","","","","",6.4,1,3.,1,"","","","","","","","","","","","","","","","","","","","","","","","","","",79,1,"","","","","","","","","","","","",7.6,1,1010.8,1,992.3,1,"","","",1,5,1,0,1,0,1,4,1,2,1,"","","","","","","","","","","","","","","","","","","","","","","","",20000,1,"","",3,1,1,1,"","","","","","","","","","","","","","","","","","","","","","","","","","","","","","","","","","","","","","","","","","","","","","","","","","","","","","","","","","","","","","","","","",""
"31069001","TOULOUSE-BLAGNAC",43.621,1.378833,151,1968021903,"","","","",4.,1,140,1,"","","","","","","","","","","","","","","","","","","","","","","","","","","","",7.2,1,3.3,1,"","","","","","","","","","","","","","","","","","","","","","","","","","",77,1,"","","","","","","","","","","","",7.8,1,1010.2,1,991.8,1,"","","",1,3,1,0,1,0,1,0,1,2,1,"","","","","","","","","","","","","","","","","","","","","","","","",20000,1,"","",1,1,1,1,"","","","","","","","","","","","","","","","","","","","","","","","","","","","","","","","","","","","","","","","","","","","","","","","","","","","","","","","","","","","","","","","","",""
"31069001","TOULOUSE-BLAGNAC",43.621,1.378833,151,1968021906,"","","","",5.,1,140,1,"","","","","","","","","","","","","","","","","","","","","","","","","","","","",7.8,1,3.5,1,"","","","","","","","","","","","","","","","","","","","","","","","","","",75,1,"","","","","","","","","","","","",7.9,1,1010.7,1,992.3,1,"","","",1,7,1,7,1,0,1,5,1,"","","","","","","","","","","","","","","","","","","","","","","","","","",20000,1,"","",3,1,2,1,"","",0,1,"","","","","","","","","","","","","","","","","","","","","","","","","","","","","","","","","","","","","","","","","","","","","","","","","","","","","","","","","","","","","",""
"31069001","TOULOUSE-BLAGNAC",43.621,1.378833,151,1968021909,"","","","",6.,1,120,1,"","","","","","","","","","","","","","","","","","","","","","","","","","","","",9.3,1,4.,1,"","","","","","","","","","","","","","","","","","","","","","","","","","",70,1,"","","","","","","","","","","","",8.2,1,1010.9,1,992.6,1,"","","",1,6,1,5,1,0,1,7,1,1,1,"","","","","","","","","","","","","","","","","","","","","","","","",30000,1,"","",1,1,2,1,"","","","","","","","","","","","","","","","","","","","","","","","","","","","","","","","","","","","","","","","","","","","","","","","","","","","","","","","","","","","","","","","","",""
"31069001","TOULOUSE-BLAGNAC",43.621,1.378833,151,1968021912,"","","","",7.,1,140,1,"","","","","","","","","","","","","","","","","","","","","","","","","","","","",12.6,1,4.2,1,"","","","","","","","","","","","","","","","","","","","","","","","","","",57,1,"","","","","","","","","","","","",8.3,1,1010.8,1,992.7,1,"","","",1,6,1,6,1,0,1,3,1,1,1,"","","","","","","","","","","","","","","","","","","","","","","","",40000,1,"","",3,1,2,1,"","","","","","","","","","","","","","","","","","","","","","","","","","","","","","","","","","","","","","","","","","","","","","","","","","","","","","","","","","","","","","","","","",""
"31069001","TOULOUSE-BLAGNAC",43.621,1.378833,151,1968021915,"","","","",6.,1,160,1,"","","","","","","","","","","","","","","","","","","","","","","","","","","","",12.6,1,4.8,1,"","","","","","","","","","","","","","","","","","","","","","","","","","",59,1,"","","","","","","","","","","","",8.7,1,1010.9,1,992.8,1,"","","",1,7,1,7,1,0,1,7,1,"","","","","","","","","","","","","","","","","","","","","","","","","","",30000,1,"","",2,1,2,1,"","","","","","","","","","","","","","","","","","","","","","","","","","","","","","","","","","","","","","","","","","","","","","","","","","","","","","","","","","","","","","","","","",""
"31069001","TOULOUSE-BLAGNAC",43.621,1.378833,151,1968021918,"","","","",5.,1,140,1,"","","","","","","","","","","","","","","","","","","","","","","","","","","","",11.,1,5.8,1,"","","","","","","","","","","","","","","","","","","","","","","","","","",71,1,"","","","","","","","","","","","",9.3,1,1012.4,1,994.2,1,"","","",1,7,1,7,1,0,1,7,1,"","","","","","","","","","","","","","","","","","","","","","","","","","",25000,1,"","",21,1,6,1,"","","","","","","","","","","","","","","","","","","","","","","","","","","","","","","","","","","","","","","","","","","","","","","","","","","","","","","","","","","","","","","","","",""
"31069001","TOULOUSE-BLAGNAC",43.621,1.378833,151,1968021921,"","","","",5.,1,140,1,"","","","","","","","","","","","","","","","","","","","","","","","","","","","",8.9,1,6.8,1,"","","","","","","","","","","","","","","","","","","","","","","","","","",88,1,"","","","","","","","","","","","",10.,1,1013.2,1,994.8,1,"","","",1,3,1,0,1,0,1,4,1,0,1,"","","","","","","","","","","","","","","","","","","","","","","","",30000,1,"","",1,1,1,1,"","","","","","","","","","","","","","","","","","","","","","","","","","","","","","","","","","","","","","","","","","","","","","","","","","","","","","","","","","","","","","","","","",""
"31069001","TOULOUSE-BLAGNAC",43.621,1.378833,151,1968022000,"","","","",4.,1,180,1,"","","","","","","","","","","","","","","","","","","","","","","","","","","","",8.1,1,6.2,1,"","","","","","","","","","","","","","","","","","","","","","","","","","",89,1,"","","","","","","","","","","","",9.6,1,1013.1,1,994.7,1,"","","",1,0,1,"","",0,1,0,1,0,1,"","","","","","","","","","","","","","","","","","","","","","","","",10000,1,"","",1,1,1,1,"","","","","","","","","","","","","","","","","","","","","","","","","","","","","","","","","","","","","","","","","","","","","","","","","","","","","","","","","","","","","","","","","",""
"31069001","TOULOUSE-BLAGNAC",43.621,1.378833,151,1968022003,"","","","",3.,1,200,1,"","","","","","","","","","","","","","","","","","","","","","","","","","","","",4.1,1,3.8,1,"","","","","","","","","","","","","","","","","","","","","","","","","","",98,1,"","","","","","","","","","","","",8.1,1,1012.4,1,993.7,1,"","","",1,0,1,"","",0,1,0,1,0,1,"","","","","","","","","","","","","","","","","","","","","","","","",5000,1,"","",2,1,0,1,"","","","","","","","","","","","","","","","","","","","","","","","","","","","","","","","","","","","","","","","","","","","","","","","","","","","","","","","","","","","","","","","","",""
"31069001","TOULOUSE-BLAGNAC",43.621,1.378833,151,1968022006,"","","","",3.,1,160,1,"","","","","","","","","","","","","","","","","","","","","","","","","","","","",4.7,1,4.3,1,"","","","","","","","","","","","","","","","","","","","","","","","","","",98,1,"","","","","","","","","","","","",8.4,1,1011.8,1,993.2,1,"","","",1,8,1,8,1,6,1,"","","","","","","","","","","","","","","","","","","","","","","","","","","","",3000,1,"","",10,1,1,1,"","",1,1,"","","","","","","","","","","","","","","","","","","","","","","","","","","","","","","","","","","","","","","","","","","","","","","","","","","","","","","","","","","","","",""
"31069001","TOULOUSE-BLAGNAC",43.621,1.378833,151,1968022009,"","","","",4.,1,160,1,"","","","","","","","","","","","","","","","","","","","","","","","","","","","",8.3,1,6.6,1,"","","","","","","","","","","","","","","","","","","","","","","","","","",90,1,"","","","","","","","","","","","",9.9,1,1011.6,1,993.2,1,"","","",1,7,1,5,1,6,1,5,1,2,1,"","","","","","","","","","","","","","","","","","","","","","","","",7000,1,"","",2,1,2,1,"","","","","","","","","","","","","","","","","","","","","","","","","","","","","","","","","","","","","","","","","","","","","","","","","","","","","","","","","","","","","","","","","",""
"31069001","TOULOUSE-BLAGNAC",43.621,1.378833,151,1968022012,"","","","",7.,1,140,1,"","","","","","","","","","","","","","","","","","","","","","","","","","","","",10.,1,6.8,1,"","","","","","","","","","","","","","","","","","","","","","","","","","",80,1,"","","","","","","","","","","","",10.,1,1010.2,1,992.,1,"","","",1,8,1,5,1,5,1,2,1,"","","","","","","","","","","","","","","","","","","","","","","","","","",8000,1,"","",2,1,2,1,"","","","","","","","","","","","","","","","","","","","","","","","","","","","","","","","","","","","","","","","","","","","","","","","","","","","","","","","","","","","","","","","","",""
"31069001","TOULOUSE-BLAGNAC",43.621,1.378833,151,1968022015,"","","","",6.,1,140,1,"","","","","","","","","","","","","","","","","","","","","","","","","","","","",10.4,1,5.9,1,"","","","","","","","","","","","","","","","","","","","","","","","","","",74,1,"","","","","","","","","","","","",9.4,1,1008.6,1,990.4,1,"","","",1,8,1,8,1,5,1,2,1,"","","","","","","","","","","","","","","","","","","","","","","","","","",10000,1,"","",2,1,2,1,"","","","","","","","","","","","","","","","","","","","","","","","","","","","","","","","","","","","","","","","","","","","","","","","","","","","","","","","","","","","","","","","","",""
"31069001","TOULOUSE-BLAGNAC",43.621,1.378833,151,1968022018,"","","","",4.,1,140,1,"","","","","","","","","","","","","","","","","","","","","","","","","","","","",8.8,1,6.4,1,"","","","","","","","","","","","","","","","","","","","","","","","","","",85,1,"","","","","","","","","","","","",9.7,1,1008.4,1,990.1,1,"","","",1,8,1,8,1,0,1,0,1,7,1,"","","","","","","","","","","","","","","","","","","","","","","","",5000,1,"","",2,1,2,1,"","","","","","","","","","","","","","","","","","","","","","","","","","","","","","","","","","","","","","","","","","","","","","","","","","","","","","","","","","","","","","","","","",""
"31069001","TOULOUSE-BLAGNAC",43.621,1.378833,151,1968022021,"","","","",0.,1,0,1,"","","","","","","","","","","","","","","","","","","","","","","","","","","","",5.3,1,4.5,1,"","","","","","","","","","","","","","","","","","","","","","","","","","",95,1,"","","","","","","","","","","","",8.5,1,1008.2,1,989.7,1,"","","",1,3,1,0,1,0,1,0,1,2,1,"","","","","","","","","","","","","","","","","","","","","","","","",2500,1,"","",10,1,2,1,"","","","","","","","","","","","","","","","","","","","","","","","","","","","","","","","","","","","","","","","","","","","","","","","","","","","","","","","","","","","","","","","","",""
"31069001","TOULOUSE-BLAGNAC",43.621,1.378833,151,1968022100,"","","","",2.,1,200,1,"","","","","","","","","","","","","","","","","","","","","","","","","","","","",3.,1,3.,1,"","","","","","","","","","","","","","","","","","","","","","","","","","",100,1,"","","","","","","","","","","","",7.6,1,1008.,1,989.3,1,"","","",1,0,1,"","",0,1,0,1,0,1,"","","","","","","","","","","","","","","","","","","","","","","","",150,1,"","",44,1,4,1,"","","","","","","","","","","","","","","","","","","","","","","","","","","","","","","","","","","","","","","","","","","","","","","","","","","","","","","","","","","","","","","","","",""
"31069001","TOULOUSE-BLAGNAC",43.621,1.378833,151,1968022103,"","","","",1.,1,180,1,"","","","","","","","","","","","","","","","","","","","","","","","","","","","",3.3,1,3.3,1,"","","","","","","","","","","","","","","","","","","","","","","","","","",100,1,"","","","","","","","","","","","",7.7,1,1007.,1,988.4,1,"","","",1,9,1,"","","","","","","","","","","","","","","","","","","","","","","","","","","","","","","","",400,1,"","",47,1,4,1,"","","","","","","","","","","","","","","","","","","","","","","","","","","","","","","","","","","","","","","","","","","","","","","","","","","","","","","","","","","","","","","","","",""
"31069001","TOULOUSE-BLAGNAC",43.621,1.378833,151,1968022106,"","","","",2.,1,160,1,"","","","","","","","","","","","","","","","","","","","","","","","","","","","",3.3,1,3.3,1,"","","","","","","","","","","","","","","","","","","","","","","","","","",100,1,"","","","","","","","","","","","",7.7,1,1006.9,1,988.3,1,"","","",1,7,1,7,1,5,1,7,1,"","","","","","","","","","","","","","","","","","","","","","","","","","",3000,1,"","",10,1,4,1,"","",0,1,"","","","","","","","","","","","","","","","","","","","","","","","","","","","","","","","","","","","","","","","","","","","","","","","","","","","","","","","","","","","","",""
"31069001","TOULOUSE-BLAGNAC",43.621,1.378833,151,1968022109,"","","","",2.,1,180,1,"","","","","","","","","","","","","","","","","","","","","","","","","","","","",4.7,1,3.8,1,"","","","","","","","","","","","","","","","","","","","","","","","","","",95,1,"","","","","","","","","","","","",8.1,1,1007.5,1,988.9,1,"","","",1,8,1,8,1,5,1,7,1,"","","","","","","","","","","","","","","","","","","","","","","","","","",2500,1,"","",60,1,2,1,"","","","","","","","","","","","","","","","","","","","","","","","","","","","","","","","","","","","","","","","","","","","","","","","","","","","","","","","","","","","","","","","","",""
"31069001","TOULOUSE-BLAGNAC",43.621,1.378833,151,1968022112,"","","","",1.,1,160,1,"","","","","","","","","","","","","","","","","","","","","","","","","","","","",9.3,1,7.2,1,"","","","","","","","","","","","","","","","","","","","","","","","","","",88,1,"","","","","","","","","","","","",10.3,1,1006.5,1,988.3,1,"","","",1,7,1,7,1,5,1,"","","","","","","","","","","","","","","","","","","","","","","","","","","","",4000,1,"","",10,1,6,1,"","","","","","","","","","","","","","","","","","","","","","","","","","","","","","","","","","","","","","","","","","","","","","","","","","","","","","","","","","","","","","","","","",""
"31069001","TOULOUSE-BLAGNAC",43.621,1.378833,151,1968022115,"","","","",3.,1,120,1,"","","","","","","","","","","","","","","","","","","","","","","","","","","","",13.8,1,5.9,1,"","","","","","","","","","","","","","","","","","","","","","","","","","",60,1,"","","","","","","","","","","","",9.4,1,1002.6,1,984.7,1,"","","",1,6,1,5,1,2,1,4,1,2,1,"","","","","","","","","","","","","","","","","","","","","","","","",15000,1,"","",2,1,1,1,"","","","","","","","","","","","","","","","","","","","","","","","","","","","","","","","","","","","","","","","","","","","","","","","","","","","","","","","","","","","","","","","","",""
"31069001","TOULOUSE-BLAGNAC",43.621,1.378833,151,1968022118,"","","","",1.,1,100,1,"","","","","","","","","","","","","","","","","","","","","","","","","","","","",11.6,1,7.3,1,"","","","","","","","","","","","","","","","","","","","","","","","","","",76,1,"","","","","","","","","","","","",10.4,1,1000.9,1,982.9,1,"","","",1,6,1,6,1,0,1,0,1,2,1,"","","","","","","","","","","","","","","","","","","","","","","","",8000,1,"","",2,1,2,1,"","","","","","","","","","","","","","","","","","","","","","","","","","","","","","","","","","","","","","","","","","","","","","","","","","","","","","","","","","","","","","","","","",""
"31069001","TOULOUSE-BLAGNAC",43.621,1.378833,151,1968022121,"","","","",6.,1,140,1,"","","","","","","","","","","","","","","","","","","","","","","","","","","","",10.6,1,7.1,1,"","","","","","","","","","","","","","","","","","","","","","","","","","",80,1,"","","","","","","","","","","","",10.2,1,1000.3,1,982.3,1,"","","",1,7,1,7,1,0,1,5,1,2,1,"","","","","","","","","","","","","","","","","","","","","","","","",10000,1,"","",2,1,2,1,"","","","","","","","","","","","","","","","","","","","","","","","","","","","","","","","","","","","","","","","","","","","","","","","","","","","","","","","","","","","","","","","","",""
"31069001","TOULOUSE-BLAGNAC",43.621,1.378833,151,1968022200,"","","","",4.,1,140,1,"","","","","","","","","","","","","","","","","","","","","","","","","","","","",10.5,1,8.4,1,"","","","","","","","","","","","","","","","","","","","","","","","","","",89,1,"","","","","","","","","","","","",11.2,1,999.2,1,981.2,1,"","","",1,8,1,5,1,6,1,7,1,"","","","","","","","","","","","","","","","","","","","","","","","","","",10000,1,"","",2,1,2,1,"","","","","","","","","","","","","","","","","","","","","","","","","","","","","","","","","","","","","","","","","","","","","","","","","","","","","","","","","","","","","","","","","",""
"31069001","TOULOUSE-BLAGNAC",43.621,1.378833,151,1968022203,"","","","",2.,1,220,1,"","","","","","","","","","","","","","","","","","","","","","","","","","","","",9.9,1,8.7,1,"","","","","","","","","","","","","","","","","","","","","","","","","","",92,1,"","","","","","","","","","","","",11.4,1,999.5,1,981.5,1,"","","",1,8,1,5,1,5,1,"","","","","","","","","","","","","","","","","","","","","","","","","","","","",8000,1,"","",61,1,2,1,"","","","","","","","","","","","","","","","","","","","","","","","","","","","","","","","","","","","","","","","","","","","","","","","","","","","","","","","","","","","","","","","","",""
"31069001","TOULOUSE-BLAGNAC",43.621,1.378833,151,1968022206,"","","","",2.,1,300,1,"","","","","","","","","","","","","","","","","","","","","","","","","","","","",8.7,1,7.7,1,"","","","","","","","","","","","","","","","","","","","","","","","","","",94,1,"","","","","","","","","","","","",10.7,1,1000.8,1,982.6,1,"","","",1,8,1,5,1,5,1,"","","","","","","","","","","","","","","","","","","","","","","","","","","","",7000,1,"","",61,1,2,1,"","",2,1,"","","","","","","","","","","","","","","","","","","","","","","","","","","","","","","","","","","","","","","","","","","","","","","","","","","","","","","","","","","","","",""
"31069001","TOULOUSE-BLAGNAC",43.621,1.378833,151,1968022209,"","","","",3.,1,220,1,"","","","","","","","","","","","","","","","","","","","","","","","","","","","",8.2,1,7.6,1,"","","","","","","","","","","","","","","","","","","","","","","","","","",97,1,"","","","","","","","","","","","",10.6,1,1002.3,1,984.1,1,"","","",1,8,1,8,1,5,1,7,1,"","","","","","","","","","","","","","","","","","","","","","","","","","",5000,1,"","",63,1,6,1,"","","","","","","","","","","","","","","","","","","","","","","","","","","","","","","","","","","","","","","","","","","","","","","","","","","","","","","","","","","","","","","","","",""
"31069001","TOULOUSE-BLAGNAC",43.621,1.378833,151,1968022212,"","","","",5.,1,260,1,"","","","","","","","","","","","","","","","","","","","","","","","","","","","",8.7,1,7.1,1,"","","","","","","","","","","","","","","","","","","","","","","","","","",90,1,"","","","","","","","","","","","",10.2,1,1003.7,1,985.5,1,"","","",1,8,1,8,1,5,1,7,1,"","","","","","","","","","","","","","","","","","","","","","","","","","",10000,1,"","",63,1,6,1,"","","","","","","","","","","","","","","","","","","","","","","","","","","","","","","","","","","","","","","","","","","","","","","","","","","","","","","","","","","","","","","","","",""
"31069001","TOULOUSE-BLAGNAC",43.621,1.378833,151,1968022215,"","","","",4.,1,280,1,"","","","","","","","","","","","","","","","","","","","","","","","","","","","",9.2,1,6.9,1,"","","","","","","","","","","","","","","","","","","","","","","","","","",87,1,"","","","","","","","","","","","",10.1,1,1003.7,1,985.5,1,"","","",1,8,1,7,1,8,1,7,1,"","","","","","","","","","","","","","","","","","","","","","","","","","",20000,1,"","",60,1,6,1,"","","","","","","","","","","","","","","","","","","","","","","","","","","","","","","","","","","","","","","","","","","","","","","","","","","","","","","","","","","","","","","","","",""
"31069001","TOULOUSE-BLAGNAC",43.621,1.378833,151,1968022218,"","","","",1.,1,140,1,"","","","","","","","","","","","","","","","","","","","","","","","","","","","",8.7,1,6.4,1,"","","","","","","","","","","","","","","","","","","","","","","","","","",87,1,"","","","","","","","","","","","",9.7,1,1004.4,1,986.2,1,"","","",1,3,1,0,1,5,1,0,1,0,1,"","","","","","","","","","","","","","","","","","","","","","","","",20000,1,"","",1,1,6,1,"","","","","","","","","","","","","","","","","","","","","","","","","","","","","","","","","","","","","","","","","","","","","","","","","","","","","","","","","","","","","","","","","",""
"31069001","TOULOUSE-BLAGNAC",43.621,1.378833,151,1968022221,"","","","",2.,1,160,1,"","","","","","","","","","","","","","","","","","","","","","","","","","","","",5.7,1,4.8,1,"","","","","","","","","","","","","","","","","","","","","","","","","","",95,1,"","","","","","","","","","","","",8.7,1,1006.4,1,987.9,1,"","","",1,0,1,"","",0,1,0,1,0,1,"","","","","","","","","","","","","","","","","","","","","","","","",10000,1,"","",2,1,1,1,"","","","","","","","","","","","","","","","","","","","","","","","","","","","","","","","","","","","","","","","","","","","","","","","","","","","","","","","","","","","","","","","","",""
"31069001","TOULOUSE-BLAGNAC",43.621,1.378833,151,1968022300,"","","","",2.,1,140,1,"","","","","","","","","","","","","","","","","","","","","","","","","","","","",4.4,1,3.8,1,"","","","","","","","","","","","","","","","","","","","","","","","","","",97,1,"","","","","","","","","","","","",8.1,1,1007.1,1,988.5,1,"","","",1,0,1,"","",0,1,0,1,0,1,"","","","","","","","","","","","","","","","","","","","","","","","",3000,1,"","",10,1,0,1,"","","","","","","","","","","","","","","","","","","","","","","","","","","","","","","","","","","","","","","","","","","","","","","","","","","","","","","","","","","","","","","","","",""
"31069001","TOULOUSE-BLAGNAC",43.621,1.378833,151,1968022303,"","","","",2.,1,120,1,"","","","","","","","","","","","","","","","","","","","","","","","","","","","",3.3,1,3.,1,"","","","","","","","","","","","","","","","","","","","","","","","","","",98,1,"","","","","","","","","","","","",7.6,1,1006.9,1,988.3,1,"","","",1,0,1,"","",0,1,0,1,0,1,"","","","","","","","","","","","","","","","","","","","","","","","",3000,1,"","",10,1,0,1,"","","","","","","","","","","","","","","","","","","","","","","","","","","","","","","","","","","","","","","","","","","","","","","","","","","","","","","","","","","","","","","","","",""
"31069001","TOULOUSE-BLAGNAC",43.621,1.378833,151,1968022306,"","","","",2.,1,140,1,"","","","","","","","","","","","","","","","","","","","","","","","","","","","",2.,1,1.6,1,"","","","","","","","","","","","","","","","","","","","","","","","","","",98,1,"","","","","","","","","","","","",6.9,1,1006.6,1,987.9,1,"","","",1,3,1,0,1,0,1,0,1,1,1,"","","","","","","","","","","","","","","","","","","","","","","","",3000,1,"","",10,1,0,1,"","",1,1,"","","","","","","","","","","","","","","","","","","","","","","","","","","","","","","","","","","","","","","","","","","","","","","","","","","","","","","","","","","","","",""
"31069001","TOULOUSE-BLAGNAC",43.621,1.378833,151,1968022309,"","","","",1.,1,80,1,"","","","","","","","","","","","","","","","","","","","","","","","","","","","",4.9,1,3.7,1,"","","","","","","","","","","","","","","","","","","","","","","","","","",92,1,"","","","","","","","","","","","",8.,1,1007.8,1,989.3,1,"","","",1,6,1,6,1,0,1,4,1,2,1,"","","","","","","","","","","","","","","","","","","","","","","","",5000,1,"","",3,1,1,1,"","","","","","","","","","","","","","","","","","","","","","","","","","","","","","","","","","","","","","","","","","","","","","","","","","","","","","","","","","","","","","","","","",""
"31069001","TOULOUSE-BLAGNAC",43.621,1.378833,151,1968022312,"","","","",6.,1,140,1,"","","","","","","","","","","","","","","","","","","","","","","","","","","","",12.2,1,6.6,1,"","","","","","","","","","","","","","","","","","","","","","","","","","",70,1,"","","","","","","","","","","","",9.9,1,1006.8,1,988.8,1,"","","",1,7,1,6,1,1,1,4,1,2,1,"","","","","","","","","","","","","","","","","","","","","","","","",20000,1,"","",3,1,1,1,"","","","","","","","","","","","","","","","","","","","","","","","","","","","","","","","","","","","","","","","","","","","","","","","","","","","","","","","","","","","","","","","","",""
"31069001","TOULOUSE-BLAGNAC",43.621,1.378833,151,1968022315,"","","","",6.,1,120,1,"","","","","","","","","","","","","","","","","","","","","","","","","","","","",12.2,1,5.6,1,"","","","","","","","","","","","","","","","","","","","","","","","","","",65,1,"","","","","","","","","","","","",9.2,1,1005.4,1,987.4,1,"","","",1,8,1,8,1,1,1,1,1,"","","","","","","","","","","","","","","","","","","","","","","","","","",20000,1,"","",3,1,2,1,"","","","","","","","","","","","","","","","","","","","","","","","","","","","","","","","","","","","","","","","","","","","","","","","","","","","","","","","","","","","","","","","","",""
"31069001","TOULOUSE-BLAGNAC",43.621,1.378833,151,1968022318,"","","","",7.,1,120,1,"","","","","","","","","","","","","","","","","","","","","","","","","","","","",11.7,1,4.8,1,"","","","","","","","","","","","","","","","","","","","","","","","","","",64,1,"","","","","","","","","","","","",8.7,1,1006.,1,987.9,1,"","","",1,8,1,5,1,8,1,2,1,"","","","","","","","","","","","","","","","","","","","","","","","","","",15000,1,"","",2,1,2,1,"","","","","","","","","","","","","","","","","","","","","","","","","","","","","","","","","","","","","","","","","","","","","","","","","","","","","","","","","","","","","","","","","",""
"31069001","TOULOUSE-BLAGNAC",43.621,1.378833,151,1968022321,"","","","",4.,1,160,1,"","","","","","","","","","","","","","","","","","","","","","","","","","","","",8.,1,6.5,1,"","","","","","","","","","","","","","","","","","","","","","","","","","",91,1,"","","","","","","","","","","","",9.8,1,1007.1,1,988.8,1,"","","",1,8,1,5,1,5,1,2,1,"","","","","","","","","","","","","","","","","","","","","","","","","","",10000,1,"","",61,1,2,1,"","","","","","","","","","","","","","","","","","","","","","","","","","","","","","","","","","","","","","","","","","","","","","","","","","","","","","","","","","","","","","","","","",""
"31069001","TOULOUSE-BLAGNAC",43.621,1.378833,151,1968022400,"","","","",2.,1,100,1,"","","","","","","","","","","","","","","","","","","","","","","","","","","","",7.4,1,6.4,1,"","","","","","","","","","","","","","","","","","","","","","","","","","",94,1,"","","","","","","","","","","","",9.7,1,1006.4,1,988.1,1,"","","",1,8,1,8,1,5,1,"","","","","","","","","","","","","","","","","","","","","","","","","","","","",8000,1,"","",61,1,2,1,"","","","","","","","","","","","","","","","","","","","","","","","","","","","","","","","","","","","","","","","","","","","","","","","","","","","","","","","","","","","","","","","","",""
"31069001","TOULOUSE-BLAGNAC",43.621,1.378833,151,1968022403,"","","","",5.,1,260,1,"","","","","","","","","","","","","","","","","","","","","","","","","","","","",6.7,1,5.8,1,"","","","","","","","","","","","","","","","","","","","","","","","","","",95,1,"","","","","","","","","","","","",9.3,1,1005.2,1,986.8,1,"","","",1,8,1,8,1,5,1,"","","","","","","","","","","","","","","","","","","","","","","","","","","","",6000,1,"","",61,1,6,1,"","","","","","","","","","","","","","","","","","","","","","","","","","","","","","","","","","","","","","","","","","","","","","","","","","","","","","","","","","","","","","","","","",""
"31069001","TOULOUSE-BLAGNAC",43.621,1.378833,151,1968022406,"","","","",7.,1,260,1,"","","","","","","","","","","","","","","","","","","","","","","","","","","","",5.6,1,4.3,1,"","","","","","","","","","","","","","","","","","","","","","","","","","",92,1,"","","","","","","","","","","","",8.4,1,1005.6,1,987.1,1,"","","",1,8,1,8,1,5,1,"","","","","","","","","","","","","","","","","","","","","","","","","","","","",8000,1,"","",61,1,6,1,"","",2,1,"","","","","","","","","","","","","","","","","","","","","","","","","","","","","","","","","","","","","","","","","","","","","","","","","","","","","","","","","","","","","",""
"31069001","TOULOUSE-BLAGNAC",43.621,1.378833,151,1968022409,"","","","",7.,1,280,1,"","","","","","","","","","","","","","","","","","","","","","","","","","","","",7.3,1,6.2,1,"","","","","","","","","","","","","","","","","","","","","","","","","","",94,1,"","","","","","","","","","","","",9.6,1,1007.3,1,988.9,1,"","","",1,7,1,7,1,8,1,7,1,"","","","","","","","","","","","","","","","","","","","","","","","","","",15000,1,"","",60,1,6,1,"","","","","","","","","","","","","","","","","","","","","","","","","","","","","","","","","","","","","","","","","","","","","","","","","","","","","","","","","","","","","","","","","",""
"31069001","TOULOUSE-BLAGNAC",43.621,1.378833,151,1968022412,"","","","",5.,1,300,1,"","","","","","","","","","","","","","","","","","","","","","","","","","","","",9.9,1,6.4,1,"","","","","","","","","","","","","","","","","","","","","","","","","","",79,1,"","","","","","","","","","","","",9.7,1,1008.3,1,990.1,1,"","","",1,6,1,5,1,8,1,3,1,0,1,"","","","","","","","","","","","","","","","","","","","","","","","",15000,1,"","",2,1,6,1,"","","","","","","","","","","","","","","","","","","","","","","","","","","","","","","","","","","","","","","","","","","","","","","","","","","","","","","","","","","","","","","","","",""
"31069001","TOULOUSE-BLAGNAC",43.621,1.378833,151,1968022415,"","","","",5.,1,320,1,"","","","","","","","","","","","","","","","","","","","","","","","","","","","",11.4,1,5.5,1,"","","","","","","","","","","","","","","","","","","","","","","","","","",68,1,"","","","","","","","","","","","",9.1,1,1008.3,1,990.2,1,"","","",1,5,1,0,1,8,1,0,1,0,1,"","","","","","","","","","","","","","","","","","","","","","","","",20000,1,"","",1,1,2,1,"","","","","","","","","","","","","","","","","","","","","","","","","","","","","","","","","","","","","","","","","","","","","","","","","","","","","","","","","","","","","","","","","",""
"31069001","TOULOUSE-BLAGNAC",43.621,1.378833,151,1968022418,"","","","",4.,1,340,1,"","","","","","","","","","","","","","","","","","","","","","","","","","","","",9.4,1,5.8,1,"","","","","","","","","","","","","","","","","","","","","","","","","","",79,1,"","","","","","","","","","","","",9.3,1,1010.4,1,992.1,1,"","","",1,2,1,0,1,5,1,0,1,0,1,"","","","","","","","","","","","","","","","","","","","","","","","",20000,1,"","",1,1,0,1,"","","","","","","","","","","","","","","","","","","","","","","","","","","","","","","","","","","","","","","","","","","","","","","","","","","","","","","","","","","","","","","","","",""
"31069001","TOULOUSE-BLAGNAC",43.621,1.378833,151,1968022421,"","","","",2.,1,40,1,"","","","","","","","","","","","","","","","","","","","","","","","","","","","",5.4,1,4.3,1,"","","","","","","","","","","","","","","","","","","","","","","","","","",94,1,"","","","","","","","","","","","",8.4,1,1012.3,1,993.7,1,"","","",1,0,1,"","",0,1,0,1,0,1,"","","","","","","","","","","","","","","","","","","","","","","","",10000,1,"","",2,1,0,1,"","","","","","","","","","","","","","","","","","","","","","","","","","","","","","","","","","","","","","","","","","","","","","","","","","","","","","","","","","","","","","","","","",""
"31069001","TOULOUSE-BLAGNAC",43.621,1.378833,151,1968022500,"","","","",0.,1,0,1,"","","","","","","","","","","","","","","","","","","","","","","","","","","","",3.2,1,3.2,1,"","","","","","","","","","","","","","","","","","","","","","","","","","",100,1,"","","","","","","","","","","","",7.7,1,1012.3,1,993.6,1,"","","",1,0,1,"","",0,1,0,1,0,1,"","","","","","","","","","","","","","","","","","","","","","","","",3000,1,"","",10,1,0,1,"","","","","","","","","","","","","","","","","","","","","","","","","","","","","","","","","","","","","","","","","","","","","","","","","","","","","","","","","","","","","","","","","",""
"31069001","TOULOUSE-BLAGNAC",43.621,1.378833,151,1968022503,"","","","",1.,1,60,1,"","","","","","","","","","","","","","","","","","","","","","","","","","","","",1.2,1,1.2,1,"","","","","","","","","","","","","","","","","","","","","","","","","","",100,1,"","","","","","","","","","","","",6.6,1,1012.5,1,993.6,1,"","","",1,0,1,"","",0,1,0,1,0,1,"","","","","","","","","","","","","","","","","","","","","","","","",600,1,"","",42,1,4,1,"","","","","","","","","","","","","","","","","","","","","","","","","","","","","","","","","","","","","","","","","","","","","","","","","","","","","","","","","","","","","","","","","",""
"31069001","TOULOUSE-BLAGNAC",43.621,1.378833,151,1968022506,"","","","",2.,1,80,1,"","","","","","","","","","","","","","","","","","","","","","","","","","","","",0.6,1,0.2,1,"","","","","","","","","","","","","","","","","","","","","","","","","","",98,1,"","","","","","","","","","","","",6.2,1,1012.,1,993.1,1,"","","",1,3,1,0,1,5,1,0,1,0,1,"","","","","","","","","","","","","","","","","","","","","","","","",4000,1,"","",10,1,4,1,"","",1,1,"","","","","","","","","","","","","","","","","","","","","","","","","","","","","","","","","","","","","","","","","","","","","","","","","","","","","","","","","","","","","",""
"31069001","TOULOUSE-BLAGNAC",43.621,1.378833,151,1968022509,"","","","",3.,1,80,1,"","","","","","","","","","","","","","","","","","","","","","","","","","","","",5.2,1,3.7,1,"","","","","","","","","","","","","","","","","","","","","","","","","","",91,1,"","","","","","","","","","","","",8.,1,1012.8,1,994.2,1,"","","",1,6,1,6,1,0,1,4,1,2,1,"","","","","","","","","","","","","","","","","","","","","","","","",7000,1,"","",2,1,1,1,"","","","","","","","","","","","","","","","","","","","","","","","","","","","","","","","","","","","","","","","","","","","","","","","","","","","","","","","","","","","","","","","","",""
"31069001","TOULOUSE-BLAGNAC",43.621,1.378833,151,1968022512,"","","","",8.,1,120,1,"","","","","","","","","","","","","","","","","","","","","","","","","","","","",10.1,1,3.,1,"","","","","","","","","","","","","","","","","","","","","","","","","","",61,1,"","","","","","","","","","","","",7.6,1,1011.8,1,993.5,1,"","","",1,5,1,5,1,1,1,4,1,2,1,"","","","","","","","","","","","","","","","","","","","","","","","",40000,1,"","",2,1,1,1,"","","","","","","","","","","","","","","","","","","","","","","","","","","","","","","","","","","","","","","","","","","","","","","","","","","","","","","","","","","","","","","","","",""
"31069001","TOULOUSE-BLAGNAC",43.621,1.378833,151,1968022515,"","","","",8.,1,120,1,"","","","","","","","","","","","","","","","","","","","","","","","","","","","",11.3,1,3.8,1,"","","","","","","","","","","","","","","","","","","","","","","","","","",61,1,"","","","","","","","","","","","",8.1,1,1010.3,1,992.1,1,"","","",1,3,1,0,1,0,1,4,1,2,1,"","","","","","","","","","","","","","","","","","","","","","","","",40000,1,"","",2,1,1,1,"","","","","","","","","","","","","","","","","","","","","","","","","","","","","","","","","","","","","","","","","","","","","","","","","","","","","","","","","","","","","","","","","",""
"31069001","TOULOUSE-BLAGNAC",43.621,1.378833,151,1968022518,"","","","",6.,1,140,1,"","","","","","","","","","","","","","","","","","","","","","","","","","","","",9.,1,4.8,1,"","","","","","","","","","","","","","","","","","","","","","","","","","",76,1,"","","","","","","","","","","","",8.7,1,1010.5,1,992.2,1,"","","",1,6,1,5,1,0,1,4,1,2,1,"","","","","","","","","","","","","","","","","","","","","","","","",30000,1,"","",3,1,2,1,"","","","","","","","","","","","","","","","","","","","","","","","","","","","","","","","","","","","","","","","","","","","","","","","","","","","","","","","","","","","","","","","","",""
"31069001","TOULOUSE-BLAGNAC",43.621,1.378833,151,1968022521,"","","","",5.,1,140,1,"","","","","","","","","","","","","","","","","","","","","","","","","","","","",9.2,1,5.6,1,"","","","","","","","","","","","","","","","","","","","","","","","","","",79,1,"","","","","","","","","","","","",9.2,1,1011.3,1,993.,1,"","","",1,8,1,8,1,5,1,"","","","","","","","","","","","","","","","","","","","","","","","","","","","",30000,1,"","",2,1,2,1,"","","","","","","","","","","","","","","","","","","","","","","","","","","","","","","","","","","","","","","","","","","","","","","","","","","","","","","","","","","","","","","","","",""
"31069001","TOULOUSE-BLAGNAC",43.621,1.378833,151,1968022600,"","","","",2.,1,100,1,"","","","","","","","","","","","","","","","","","","","","","","","","","","","",8.8,1,5.8,1,"","","","","","","","","","","","","","","","","","","","","","","","","","",83,1,"","","","","","","","","","","","",9.3,1,1011.,1,992.7,1,"","","",1,8,1,8,1,5,1,"","","","","","","","","","","","","","","","","","","","","","","","","","","","",30000,1,"","",2,1,2,1,"","","","","","","","","","","","","","","","","","","","","","","","","","","","","","","","","","","","","","","","","","","","","","","","","","","","","","","","","","","","","","","","","",""
"31069001","TOULOUSE-BLAGNAC",43.621,1.378833,151,1968022603,"","","","",3.,1,180,1,"","","","","","","","","","","","","","","","","","","","","","","","","","","","",7.5,1,5.1,1,"","","","","","","","","","","","","","","","","","","","","","","","","","",86,1,"","","","","","","","","","","","",8.9,1,1010.9,1,992.5,1,"","","",1,8,1,8,1,5,1,"","","","","","","","","","","","","","","","","","","","","","","","","","","","",20000,1,"","",2,1,2,1,"","","","","","","","","","","","","","","","","","","","","","","","","","","","","","","","","","","","","","","","","","","","","","","","","","","","","","","","","","","","","","","","","",""
"31069001","TOULOUSE-BLAGNAC",43.621,1.378833,151,1968022606,"","","","",4.,1,140,1,"","","","","","","","","","","","","","","","","","","","","","","","","","","","",7.6,1,3.8,1,"","","","","","","","","","","","","","","","","","","","","","","","","","",77,1,"","","","","","","","","","","","",8.1,1,1011.2,1,992.8,1,"","","",1,8,1,8,1,5,1,"","","","","","","","","","","","","","","","","","","","","","","","","","","","",20000,1,"","",1,1,2,1,"","",1,1,"","","","","","","","","","","","","","","","","","","","","","","","","","","","","","","","","","","","","","","","","","","","","","","","","","","","","","","","","","","","","",""
"31069001","TOULOUSE-BLAGNAC",43.621,1.378833,151,1968022609,"","","","",3.,1,180,1,"","","","","","","","","","","","","","","","","","","","","","","","","","","","",7.9,1,5.3,1,"","","","","","","","","","","","","","","","","","","","","","","","","","",85,1,"","","","","","","","","","","","",9.,1,1012.8,1,994.4,1,"","","",1,7,1,6,1,5,1,4,1,2,1,"","","","","","","","","","","","","","","","","","","","","","","","",8000,1,"","",3,1,2,1,"","","","","","","","","","","","","","","","","","","","","","","","","","","","","","","","","","","","","","","","","","","","","","","","","","","","","","","","","","","","","","","","","",""
"31069001","TOULOUSE-BLAGNAC",43.621,1.378833,151,1968022612,"","","","",2.,1,280,1,"","","","","","","","","","","","","","","","","","","","","","","","","","","","",10.7,1,7.1,1,"","","","","","","","","","","","","","","","","","","","","","","","","","",79,1,"","","","","","","","","","","","",10.2,1,1012.9,1,994.7,1,"","","",1,7,1,0,1,5,1,4,1,2,1,"","","","","","","","","","","","","","","","","","","","","","","","",8000,1,"","",2,1,2,1,"","","","","","","","","","","","","","","","","","","","","","","","","","","","","","","","","","","","","","","","","","","","","","","","","","","","","","","","","","","","","","","","","",""
"31069001","TOULOUSE-BLAGNAC",43.621,1.378833,151,1968022615,"","","","",2.,1,40,1,"","","","","","","","","","","","","","","","","","","","","","","","","","","","",10.9,1,7.6,1,"","","","","","","","","","","","","","","","","","","","","","","","","","",81,1,"","","","","","","","","","","","",10.6,1,1012.2,1,994.,1,"","","",1,7,1,5,1,2,1,7,1,"","","","","","","","","","","","","","","","","","","","","","","","","","",10000,1,"","",61,1,8,1,"","","","","","","","","","","","","","","","","","","","","","","","","","","","","","","","","","","","","","","","","","","","","","","","","","","","","","","","","","","","","","","","","",""
"31069001","TOULOUSE-BLAGNAC",43.621,1.378833,151,1968022618,"","","","",2.,1,60,1,"","","","","","","","","","","","","","","","","","","","","","","","","","","","",9.9,1,8.,1,"","","","","","","","","","","","","","","","","","","","","","","","","","",90,1,"","","","","","","","","","","","",10.9,1,1012.5,1,994.2,1,"","","",1,7,1,5,1,2,1,7,1,2,1,"","","","","","","","","","","","","","","","","","","","","","","","",6000,1,"","",60,1,8,1,"","","","","","","","","","","","","","","","","","","","","","","","","","","","","","","","","","","","","","","","","","","","","","","","","","","","","","","","","","","","","","","","","",""
"31069001","TOULOUSE-BLAGNAC",43.621,1.378833,151,1968022621,"","","","",5.,1,300,1,"","","","","","","","","","","","","","","","","","","","","","","","","","","","",8.,1,6.8,1,"","","","","","","","","","","","","","","","","","","","","","","","","","",93,1,"","","","","","","","","","","","",10.,1,1014.9,1,996.4,1,"","","",1,8,1,8,1,5,1,"","","","","","","","","","","","","","","","","","","","","","","","","","","","",8000,1,"","",61,1,8,1,"","","","","","","","","","","","","","","","","","","","","","","","","","","","","","","","","","","","","","","","","","","","","","","","","","","","","","","","","","","","","","","","","",""
"31069001","TOULOUSE-BLAGNAC",43.621,1.378833,151,1968022700,"","","","",4.,1,280,1,"","","","","","","","","","","","","","","","","","","","","","","","","","","","",7.6,1,6.5,1,"","","","","","","","","","","","","","","","","","","","","","","","","","",94,1,"","","","","","","","","","","","",9.8,1,1015.,1,996.5,1,"","","",1,8,1,5,1,5,1,7,1,"","","","","","","","","","","","","","","","","","","","","","","","","","",8000,1,"","",61,1,6,1,"","","","","","","","","","","","","","","","","","","","","","","","","","","","","","","","","","","","","","","","","","","","","","","","","","","","","","","","","","","","","","","","","",""
"31069001","TOULOUSE-BLAGNAC",43.621,1.378833,151,1968022703,"","","","",3.,1,360,1,"","","","","","","","","","","","","","","","","","","","","","","","","","","","",7.6,1,7.1,1,"","","","","","","","","","","","","","","","","","","","","","","","","","",97,1,"","","","","","","","","","","","",10.2,1,1014.6,1,996.1,1,"","","",1,8,1,8,1,7,1,"","","","","","","","","","","","","","","","","","","","","","","","","","","","",6000,1,"","",63,1,6,1,"","","","","","","","","","","","","","","","","","","","","","","","","","","","","","","","","","","","","","","","","","","","","","","","","","","","","","","","","","","","","","","","","",""
"31069001","TOULOUSE-BLAGNAC",43.621,1.378833,151,1968022706,"","","","",4.,1,300,1,"","","","","","","","","","","","","","","","","","","","","","","","","","","","",6.4,1,5.8,1,"","","","","","","","","","","","","","","","","","","","","","","","","","",97,1,"","","","","","","","","","","","",9.3,1,1015.,1,996.4,1,"","","",1,8,1,5,1,5,1,"","","","","","","","","","","","","","","","","","","","","","","","","","","","",6000,1,"","",61,1,6,1,"","",2,1,"","","","","","","","","","","","","","","","","","","","","","","","","","","","","","","","","","","","","","","","","","","","","","","","","","","","","","","","","","","","","",""
"31069001","TOULOUSE-BLAGNAC",43.621,1.378833,151,1968022709,"","","","",4.,1,320,1,"","","","","","","","","","","","","","","","","","","","","","","","","","","","",6.7,1,5.6,1,"","","","","","","","","","","","","","","","","","","","","","","","","","",94,1,"","","","","","","","","","","","",9.2,1,1016.6,1,998.,1,"","","",1,8,1,8,1,5,1,"","","","","","","","","","","","","","","","","","","","","","","","","","","","",4000,1,"","",10,1,6,1,"","","","","","","","","","","","","","","","","","","","","","","","","","","","","","","","","","","","","","","","","","","","","","","","","","","","","","","","","","","","","","","","","",""
"31069001","TOULOUSE-BLAGNAC",43.621,1.378833,151,1968022712,"","","","",5.,1,320,1,"","","","","","","","","","","","","","","","","","","","","","","","","","","","",6.7,1,4.5,1,"","","","","","","","","","","","","","","","","","","","","","","","","","",87,1,"","","","","","","","","","","","",8.5,1,1017.8,1,999.2,1,"","","",1,8,1,8,1,5,1,"","","","","","","","","","","","","","","","","","","","","","","","","","","","",6000,1,"","",2,1,6,1,"","","","","","","","","","","","","","","","","","","","","","","","","","","","","","","","","","","","","","","","","","","","","","","","","","","","","","","","","","","","","","","","","",""
"31069001","TOULOUSE-BLAGNAC",43.621,1.378833,151,1968022715,"","","","",7.,1,320,1,"","","","","","","","","","","","","","","","","","","","","","","","","","","","",5.,1,3.1,1,"","","","","","","","","","","","","","","","","","","","","","","","","","",89,1,"","","","","","","","","","","","",7.7,1,1018.6,1,999.9,1,"","","",1,8,1,6,1,6,1,"","","","","","","","","","","","","","","","","","","","","","","","","","","","",4500,1,"","",10,1,2,1,"","","","","","","","","","","","","","","","","","","","","","","","","","","","","","","","","","","","","","","","","","","","","","","","","","","","","","","","","","","","","","","","","",""
"31069001","TOULOUSE-BLAGNAC",43.621,1.378833,151,1968022718,"","","","",8.,1,280,1,"","","","","","","","","","","","","","","","","","","","","","","","","","","","",4.,1,2.2,1,"","","","","","","","","","","","","","","","","","","","","","","","","","",88,1,"","","","","","","","","","","","",7.2,1,1020.4,1,1001.6,1,"","","",1,8,1,7,1,6,1,"","","","","","","","","","","","","","","","","","","","","","","","","","","","",4000,1,"","",10,1,2,1,"","","","","","","","","","","","","","","","","","","","","","","","","","","","","","","","","","","","","","","","","","","","","","","","","","","","","","","","","","","","","","","","","",""
"31069001","TOULOUSE-BLAGNAC",43.621,1.378833,151,1968022721,"","","","",9.,1,280,1,"","","","","","","","","","","","","","","","","","","","","","","","","","","","",3.9,1,1.2,1,"","","","","","","","","","","","","","","","","","","","","","","","","","",83,1,"","","","","","","","","","","","",6.7,1,1022.4,1,1003.5,1,"","","",1,8,1,8,1,5,1,"","","","","","","","","","","","","","","","","","","","","","","","","","","","",10000,1,"","",1,1,2,1,"","","","","","","","","","","","","","","","","","","","","","","","","","","","","","","","","","","","","","","","","","","","","","","","","","","","","","","","","","","","","","","","","",""
"31069001","TOULOUSE-BLAGNAC",43.621,1.378833,151,1968022800,"","","","",7.,1,280,1,"","","","","","","","","","","","","","","","","","","","","","","","","","","","",4.1,1,1.,1,"","","","","","","","","","","","","","","","","","","","","","","","","","",80,1,"","","","","","","","","","","","",6.6,1,1023.,1,1004.1,1,"","","",1,8,1,8,1,5,1,"","","","","","","","","","","","","","","","","","","","","","","","","","","","",10000,1,"","",3,1,2,1,"","","","","","","","","","","","","","","","","","","","","","","","","","","","","","","","","","","","","","","","","","","","","","","","","","","","","","","","","","","","","","","","","",""
"31069001","TOULOUSE-BLAGNAC",43.621,1.378833,151,1968022803,"","","","",6.,1,280,1,"","","","","","","","","","","","","","","","","","","","","","","","","","","","",4.,1,1.4,1,"","","","","","","","","","","","","","","","","","","","","","","","","","",83,1,"","","","","","","","","","","","",6.8,1,1022.2,1,1003.3,1,"","","",1,8,1,8,1,5,1,"","","","","","","","","","","","","","","","","","","","","","","","","","","","",10000,1,"","",2,1,2,1,"","","","","","","","","","","","","","","","","","","","","","","","","","","","","","","","","","","","","","","","","","","","","","","","","","","","","","","","","","","","","","","","","",""
"31069001","TOULOUSE-BLAGNAC",43.621,1.378833,151,1968022806,"","","","",7.,1,320,1,"","","","","","","","","","","","","","","","","","","","","","","","","","","","",2.4,1,-1.4,1,"","","","","","","","","","","","","","","","","","","","","","","","","","",75,1,"","","","","","","","","","","","",5.5,1,1021.9,1,1002.9,1,"","","",1,8,1,8,1,5,1,"","","","","","","","","","","","","","","","","","","","","","","","","","","","",8000,1,"","",2,1,2,1,"","",1,1,"","","","","","","","","","","","","","","","","","","","","","","","","","","","","","","","","","","","","","","","","","","","","","","","","","","","","","","","","","","","","",""
"31069001","TOULOUSE-BLAGNAC",43.621,1.378833,151,1968022809,"","","","",6.,1,300,1,"","","","","","","","","","","","","","","","","","","","","","","","","","","","",1.5,1,-2.4,1,"","","","","","","","","","","","","","","","","","","","","","","","","","",76,1,"","","","","","","","","","","","",5.1,1,1022.3,1,1003.2,1,"","","",1,8,1,8,1,5,1,"","","","","","","","","","","","","","","","","","","","","","","","","","","","",6000,1,"","",2,1,2,1,"","","","","","","","","","","","","","","","","","","","","","","","","","","","","","","","","","","","","","","","","","","","","","","","","","","","","","","","","","","","","","","","","",""
"31069001","TOULOUSE-BLAGNAC",43.621,1.378833,151,1968022812,"","","","",6.,1,320,1,"","","","","","","","","","","","","","","","","","","","","","","","","","","","",2.6,1,-2.1,1,"","","","","","","","","","","","","","","","","","","","","","","","","","",70,1,"","","","","","","","","","","","",5.2,1,1021.9,1,1002.9,1,"","","",1,8,1,8,1,5,1,"","","","","","","","","","","","","","","","","","","","","","","","","","","","",7000,1,"","",2,1,2,1,"","","","","","","","","","","","","","","","","","","","","","","","","","","","","","","","","","","","","","","","","","","","","","","","","","","","","","","","","","","","","","","","","",""
"31069001","TOULOUSE-BLAGNAC",43.621,1.378833,151,1968022815,"","","","",1.,1,360,1,"","","","","","","","","","","","","","","","","","","","","","","","","","","","",1.1,1,0.,1,"","","","","","","","","","","","","","","","","","","","","","","","","","",92,1,"","","","","","","","","","","","",6.1,1,1022.1,1,1003.,1,"","","",1,7,1,7,1,5,1,"","","","","","","","","","","","","","","","","","","","","","","","","","","","",5000,1,"","",22,1,2,1,"","","","","","","","","","","","","","","","","","","","","","","","","","","","","","","","","","","","","","","","","","","","","","","","","","","","","","","","","","","","","","","","","",""
"31069001","TOULOUSE-BLAGNAC",43.621,1.378833,151,1968022818,"","","","",2.,1,140,1,"","","","","","","","","","","","","","","","","","","","","","","","","","","","",1.8,1,-0.5,1,"","","","","","","","","","","","","","","","","","","","","","","","","","",85,1,"","","","","","","","","","","","",5.9,1,1022.3,1,1003.3,1,"","","",1,7,1,7,1,5,1,"","","","","","","","","","","","","","","","","","","","","","","","","","","","",3500,1,"","",10,1,7,1,"","","","","","","","","","","","","","","","","","","","","","","","","","","","","","","","","","","","","","","","","","","","","","","","","","","","","","","","","","","","","","","","","",""
"31069001","TOULOUSE-BLAGNAC",43.621,1.378833,151,1968022821,"","","","",1.,1,140,1,"","","","","","","","","","","","","","","","","","","","","","","","","","","","",0.7,1,-0.5,1,"","","","","","","","","","","","","","","","","","","","","","","","","","",92,1,"","","","","","","","","","","","",5.9,1,1022.6,1,1003.5,1,"","","",1,0,1,"","",0,1,0,1,0,1,"","","","","","","","","","","","","","","","","","","","","","","","",1800,1,"","",10,1,1,1,"","","","","","","","","","","","","","","","","","","","","","","","","","","","","","","","","","","","","","","","","","","","","","","","","","","","","","","","","","","","","","","","","",""
"31069001","TOULOUSE-BLAGNAC",43.621,1.378833,151,1968022900,"","","","",0.,1,0,1,"","","","","","","","","","","","","","","","","","","","","","","","","","","","",-0.7,1,-0.9,1,"","","","","","","","","","","","","","","","","","","","","","","","","","",98,1,"","","","","","","","","","","","",5.7,1,1022.,1,1002.8,1,"","","",1,0,1,"","",0,1,0,1,0,1,"","","","","","","","","","","","","","","","","","","","","","","","",1600,1,"","",10,1,1,1,"","","","","","","","","","","","","","","","","","","","","","","","","","","","","","","","","","","","","","","","","","","","","","","","","","","","","","","","","","","","","","","","","",""
"31069001","TOULOUSE-BLAGNAC",43.621,1.378833,151,1968022903,"","","","",1.,1,180,1,"","","","","","","","","","","","","","","","","","","","","","","","","","","","",-2.4,1,-2.4,1,"","","","","","","","","","","","","","","","","","","","","","","","","","",100,1,"","","","","","","","","","","","",5.1,1,1021.6,1,1002.3,1,"","","",1,0,1,"","",0,1,0,1,0,1,"","","","","","","","","","","","","","","","","","","","","","","","",200,1,"","",46,1,0,1,"","","","","","","","","","","","","","","","","","","","","","","","","","","","","","","","","","","","","","","","","","","","","","","","","","","","","","","","","","","","","","","","","",""
"31069001","TOULOUSE-BLAGNAC",43.621,1.378833,151,1968022906,"","","","",0.,1,0,1,"","","","","","","","","","","","","","","","","","","","","","","","","","","","",-4.,1,-4.,1,"","","","","","","","","","","","","","","","","","","","","","","","","","",100,1,"","","","","","","","","","","","",4.5,1,1020.6,1,1001.2,1,"","","",1,9,1,"","","","","","","","","","","","","","","","","","","","","","","","","","","","","","","","",100,1,"","",45,1,4,1,"","",0,1,"","","","","","","","","","","","","","","","","","","","","","","","","","","","","","","","","","","","","","","","","","","","","","","","","","","","","","","","","","","","","",""
"31069001","TOULOUSE-BLAGNAC",43.621,1.378833,151,1968022909,"","","","",0.,1,0,1,"","","","","","","","","","","","","","","","","","","","","","","","","","","","",-3.4,1,-3.4,1,"","","","","","","","","","","","","","","","","","","","","","","","","","",100,1,"","","","","","","","","","","","",4.7,1,1020.2,1,1000.8,1,"","","",1,9,1,"","","","","","","","","","","","","","","","","","","","","","","","","","","","","","","","",100,1,"","",49,1,4,1,"","","","","","","","","","","","","","","","","","","","","","","","","","","","","","","","","","","","","","","","","","","","","","","","","","","","","","","","","","","","","","","","","",""
"31069001","TOULOUSE-BLAGNAC",43.621,1.378833,151,1968022912,"","","","",1.,1,60,1,"","","","","","","","","","","","","","","","","","","","","","","","","","","","",2.8,1,1.4,1,"","","","","","","","","","","","","","","","","","","","","","","","","","",91,1,"","","","","","","","","","","","",6.8,1,1017.6,1,998.7,1,"","","",1,5,1,5,1,6,1,0,1,0,1,"","","","","","","","","","","","","","","","","","","","","","","","",1100,1,"","",28,1,4,1,"","","","","","","","","","","","","","","","","","","","","","","","","","","","","","","","","","","","","","","","","","","","","","","","","","","","","","","","","","","","","","","","","",""
"31069001","TOULOUSE-BLAGNAC",43.621,1.378833,151,1968022915,"","","","",2.,1,340,1,"","","","","","","","","","","","","","","","","","","","","","","","","","","","",8.,1,0.4,1,"","","","","","","","","","","","","","","","","","","","","","","","","","",59,1,"","","","","","","","","","","","",6.3,1,1014.5,1,996.,1,"","","",1,0,1,"","",0,1,0,1,0,1,"","","","","","","","","","","","","","","","","","","","","","","","",6000,1,"","",2,1,1,1,"","","","","","","","","","","","","","","","","","","","","","","","","","","","","","","","","","","","","","","","","","","","","","","","","","","","","","","","","","","","","","","","","",""
"31069001","TOULOUSE-BLAGNAC",43.621,1.378833,151,1968022918,"","","","",2.,1,300,1,"","","","","","","","","","","","","","","","","","","","","","","","","","","","",5.8,1,1.2,1,"","","","","","","","","","","","","","","","","","","","","","","","","","",73,1,"","","","","","","","","","","","",6.7,1,1013.9,1,995.3,1,"","","",1,0,1,"","",0,1,0,1,0,1,"","","","","","","","","","","","","","","","","","","","","","","","",6000,1,"","",2,1,1,1,"","","","","","","","","","","","","","","","","","","","","","","","","","","","","","","","","","","","","","","","","","","","","","","","","","","","","","","","","","","","","","","","","",""
"31069001","TOULOUSE-BLAGNAC",43.621,1.378833,151,1968022921,"","","","",2.,1,180,1,"","","","","","","","","","","","","","","","","","","","","","","","","","","","",2.4,1,0.2,1,"","","","","","","","","","","","","","","","","","","","","","","","","","",86,1,"","","","","","","","","","","","",6.2,1,1012.9,1,994.1,1,"","","",1,0,1,"","",0,1,0,1,0,1,"","","","","","","","","","","","","","","","","","","","","","","","",6000,1,"","",2,1,0,1,"","","","","","","","","","","","","","","","","","","","","","","","","","","","","","","","","","","","","","","","","","","","","","","","","","","","","","","","","","","","","","","","","",""
"31069001","TOULOUSE-BLAGNAC",43.621,1.378833,151,1968030100,"","","","",2.,1,180,1,"","","","","","","","","","","","","","","","","","","","","","","","","","","","",0.4,1,-0.5,1,"","","","","","","","","","","","","","","","","","","","","","","","","","",94,1,"","","","","","","","","","","","",5.9,1,1010.7,1,991.8,1,"","","",1,0,1,"","",0,1,0,1,0,1,"","","","","","","","","","","","","","","","","","","","","","","","",4000,1,"","",10,1,0,1,"","","","","","","","","","","","","","","","","","","","","","","","","","","","","","","","","","","","","","","","","","","","","","","","","","","","","","","","","","","","","","","","","",""
"31069001","TOULOUSE-BLAGNAC",43.621,1.378833,151,1968030103,"","","","",3.,1,120,1,"","","","","","","","","","","","","","","","","","","","","","","","","","","","",0.,1,-0.7,1,"","","","","","","","","","","","","","","","","","","","","","","","","","",96,1,"","","","","","","","","","","","",5.8,1,1008.7,1,989.8,1,"","","",1,0,1,"","",0,1,0,1,0,1,"","","","","","","","","","","","","","","","","","","","","","","","",3000,1,"","",10,1,0,1,"","","","","","","","","","","","","","","","","","","","","","","","","","","","","","","","","","","","","","","","","","","","","","","","","","","","","","","","","","","","","","","","","",""
"31069001","TOULOUSE-BLAGNAC",43.621,1.378833,151,1968030106,"","","","",2.,1,80,1,"","","","","","","","","","","","","","","","","","","","","","","","","","","","",-1.3,1,-1.3,1,"","","","","","","","","","","","","","","","","","","","","","","","","","",100,1,"","","","","","","","","","","","",5.5,1,1007.7,1,988.7,1,"","","",1,0,1,"","",0,1,0,1,0,1,"","","","","","","","","","","","","","","","","","","","","","","","",2500,1,"","",10,1,0,1,"","",3,1,"","","","","","","","","","","","","","","","","","","","","","","","","","","","","","","","","","","","","","","","","","","","","","","","","","","","","","","","","","","","","",""
"31069001","TOULOUSE-BLAGNAC",43.621,1.378833,151,1968030109,"","","","",1.,1,40,1,"","","","","","","","","","","","","","","","","","","","","","","","","","","","",1.,1,-2.4,1,"","","","","","","","","","","","","","","","","","","","","","","","","","",77,1,"","","","","","","","","","","","",5.1,1,1007.3,1,988.5,1,"","","",1,0,1,"","",0,1,0,1,0,1,"","","","","","","","","","","","","","","","","","","","","","","","",1800,1,"","",10,1,0,1,"","","","","","","","","","","","","","","","","","","","","","","","","","","","","","","","","","","","","","","","","","","","","","","","","","","","","","","","","","","","","","","","","",""
"31069001","TOULOUSE-BLAGNAC",43.621,1.378833,151,1968030112,"","","","",9.,1,140,1,"","","","","","","","","","","","","","","","","","","","","","","","","","","","",11.4,1,3.1,1,"","","","","","","","","","","","","","","","","","","","","","","","","","",58,1,"","","","","","","","","","","","",7.7,1,1005.9,1,987.8,1,"","","",1,3,1,0,1,1,1,0,1,0,1,"","","","","","","","","","","","","","","","","","","","","","","","",10000,1,"","",3,1,0,1,"","","","","","","","","","","","","","","","","","","","","","","","","","","","","","","","","","","","","","","","","","","","","","","","","","","","","","","","","","","","","","","","","",""
"31069001","TOULOUSE-BLAGNAC",43.621,1.378833,151,1968030115,"","","","",7.,1,140,1,"","","","","","","","","","","","","","","","","","","","","","","","","","","","",13.8,1,1.2,1,"","","","","","","","","","","","","","","","","","","","","","","","","","",43,1,"","","","","","","","","","","","",6.7,1,1005.,1,987.1,1,"","","",1,0,1,"","",0,1,0,1,0,1,"","","","","","","","","","","","","","","","","","","","","","","","",15000,1,"","",1,1,0,1,"","","","","","","","","","","","","","","","","","","","","","","","","","","","","","","","","","","","","","","","","","","","","","","","","","","","","","","","","","","","","","","","","",""
"31069001","TOULOUSE-BLAGNAC",43.621,1.378833,151,1968030118,"","","","",8.,1,140,1,"","","","","","","","","","","","","","","","","","","","","","","","","","","","",10.1,1,3.,1,"","","","","","","","","","","","","","","","","","","","","","","","","","",61,1,"","","","","","","","","","","","",7.6,1,1006.5,1,988.3,1,"","","",1,0,1,"","",0,1,0,1,0,1,"","","","","","","","","","","","","","","","","","","","","","","","",15000,1,"","",2,1,0,1,"","","","","","","","","","","","","","","","","","","","","","","","","","","","","","","","","","","","","","","","","","","","","","","","","","","","","","","","","","","","","","","","","",""
"31069001","TOULOUSE-BLAGNAC",43.621,1.378833,151,1968030121,"","","","",5.,1,120,1,"","","","","","","","","","","","","","","","","","","","","","","","","","","","",7.9,1,3.8,1,"","","","","","","","","","","","","","","","","","","","","","","","","","",76,1,"","","","","","","","","","","","",8.1,1,1008.8,1,990.4,1,"","","",1,0,1,"","",0,1,0,1,0,1,"","","","","","","","","","","","","","","","","","","","","","","","",15000,1,"","",2,1,0,1,"","","","","","","","","","","","","","","","","","","","","","","","","","","","","","","","","","","","","","","","","","","","","","","","","","","","","","","","","","","","","","","","","",""
"31069001","TOULOUSE-BLAGNAC",43.621,1.378833,151,1968030200,"","","","",3.,1,180,1,"","","","","","","","","","","","","","","","","","","","","","","","","","","","",4.8,1,2.8,1,"","","","","","","","","","","","","","","","","","","","","","","","","","",87,1,"","","","","","","","","","","","",7.5,1,1010.2,1,991.6,1,"","","",1,0,1,"","",0,1,0,1,0,1,"","","","","","","","","","","","","","","","","","","","","","","","",12000,1,"","",2,1,0,1,"","","","","","","","","","","","","","","","","","","","","","","","","","","","","","","","","","","","","","","","","","","","","","","","","","","","","","","","","","","","","","","","","",""
"31069001","TOULOUSE-BLAGNAC",43.621,1.378833,151,1968030203,"","","","",3.,1,180,1,"","","","","","","","","","","","","","","","","","","","","","","","","","","","",2.8,1,2.2,1,"","","","","","","","","","","","","","","","","","","","","","","","","","",97,1,"","","","","","","","","","","","",7.2,1,1011.7,1,992.9,1,"","","",1,0,1,"","",0,1,0,1,0,1,"","","","","","","","","","","","","","","","","","","","","","","","",8000,1,"","",2,1,0,1,"","","","","","","","","","","","","","","","","","","","","","","","","","","","","","","","","","","","","","","","","","","","","","","","","","","","","","","","","","","","","","","","","",""
"31069001","TOULOUSE-BLAGNAC",43.621,1.378833,151,1968030206,"","","","",3.,1,200,1,"","","","","","","","","","","","","","","","","","","","","","","","","","","","",0.6,1,-0.2,1,"","","","","","","","","","","","","","","","","","","","","","","","","","",94,1,"","","","","","","","","","","","",6.,1,1012.8,1,993.9,1,"","","",1,5,1,5,1,5,1,0,1,0,1,"","","","","","","","","","","","","","","","","","","","","","","","",8000,1,"","",3,1,1,1,"","",1,1,"","","","","","","","","","","","","","","","","","","","","","","","","","","","","","","","","","","","","","","","","","","","","","","","","","","","","","","","","","","","","",""
"31069001","TOULOUSE-BLAGNAC",43.621,1.378833,151,1968030209,"","","","",3.,1,200,1,"","","","","","","","","","","","","","","","","","","","","","","","","","","","",4.,1,2.4,1,"","","","","","","","","","","","","","","","","","","","","","","","","","",90,1,"","","","","","","","","","","","",7.3,1,1014.7,1,996.,1,"","","",1,7,1,5,1,5,1,"","","","","","","","","","","","","","","","","","","","","","","","","","","","",5000,1,"","",2,1,2,1,"","","","","","","","","","","","","","","","","","","","","","","","","","","","","","","","","","","","","","","","","","","","","","","","","","","","","","","","","","","","","","","","","",""
"31069001","TOULOUSE-BLAGNAC",43.621,1.378833,151,1968030212,"","","","",8.,1,280,1,"","","","","","","","","","","","","","","","","","","","","","","","","","","","",11.,1,6.2,1,"","","","","","","","","","","","","","","","","","","","","","","","","","",73,1,"","","","","","","","","","","","",9.6,1,1014.6,1,996.3,1,"","","",1,7,1,5,1,8,1,"","","","","","","","","","","","","","","","","","","","","","","","","","","","",8000,1,"","",1,1,2,1,"","","","","","","","","","","","","","","","","","","","","","","","","","","","","","","","","","","","","","","","","","","","","","","","","","","","","","","","","","","","","","","","","",""
"31069001","TOULOUSE-BLAGNAC",43.621,1.378833,151,1968030215,"","","","",9.,1,260,1,"","","","","","","","","","","","","","","","","","","","","","","","","","","","",9.6,1,5.6,1,"","","","","","","","","","","","","","","","","","","","","","","","","","",77,1,"","","","","","","","","","","","",9.2,1,1015.5,1,997.1,1,"","","",1,8,1,8,1,5,1,"","","","","","","","","","","","","","","","","","","","","","","","","","","","",6000,1,"","",2,1,2,1,"","","","","","","","","","","","","","","","","","","","","","","","","","","","","","","","","","","","","","","","","","","","","","","","","","","","","","","","","","","","","","","","","",""
"31069001","TOULOUSE-BLAGNAC",43.621,1.378833,151,1968030218,"","","","",5.,1,280,1,"","","","","","","","","","","","","","","","","","","","","","","","","","","","",7.5,1,4.7,1,"","","","","","","","","","","","","","","","","","","","","","","","","","",83,1,"","","","","","","","","","","","",8.6,1,1017.4,1,998.9,1,"","","",1,7,1,7,1,5,1,"","","","","","","","","","","","","","","","","","","","","","","","","","","","",3000,1,"","",10,1,1,1,"","","","","","","","","","","","","","","","","","","","","","","","","","","","","","","","","","","","","","","","","","","","","","","","","","","","","","","","","","","","","","","","","",""
"31069001","TOULOUSE-BLAGNAC",43.621,1.378833,151,1968030221,"","","","",4.,1,260,1,"","","","","","","","","","","","","","","","","","","","","","","","","","","","",5.2,1,2.2,1,"","","","","","","","","","","","","","","","","","","","","","","","","","",81,1,"","","","","","","","","","","","",7.2,1,1020.4,1,1001.6,1,"","","",1,8,1,8,1,5,1,"","","","","","","","","","","","","","","","","","","","","","","","","","","","",4000,1,"","",10,1,2,1,"","","","","","","","","","","","","","","","","","","","","","","","","","","","","","","","","","","","","","","","","","","","","","","","","","","","","","","","","","","","","","","","","",""
"31069001","TOULOUSE-BLAGNAC",43.621,1.378833,151,1968030300,"","","","",5.,1,300,1,"","","","","","","","","","","","","","","","","","","","","","","","","","","","",4.2,1,1.,1,"","","","","","","","","","","","","","","","","","","","","","","","","","",80,1,"","","","","","","","","","","","",6.6,1,1021.4,1,1002.5,1,"","","",1,8,1,8,1,5,1,"","","","","","","","","","","","","","","","","","","","","","","","","","","","",4000,1,"","",10,1,2,1,"","","","","","","","","","","","","","","","","","","","","","","","","","","","","","","","","","","","","","","","","","","","","","","","","","","","","","","","","","","","","","","","","",""
"31069001","TOULOUSE-BLAGNAC",43.621,1.378833,151,1968030303,"","","","",4.,1,360,1,"","","","","","","","","","","","","","","","","","","","","","","","","","","","",3.2,1,-0.2,1,"","","","","","","","","","","","","","","","","","","","","","","","","","",78,1,"","","","","","","","","","","","",6.,1,1021.8,1,1002.9,1,"","","",1,8,1,8,1,5,1,"","","","","","","","","","","","","","","","","","","","","","","","","","","","",3000,1,"","",10,1,2,1,"","","","","","","","","","","","","","","","","","","","","","","","","","","","","","","","","","","","","","","","","","","","","","","","","","","","","","","","","","","","","","","","","",""
"31069001","TOULOUSE-BLAGNAC",43.621,1.378833,151,1968030306,"","","","",2.,1,360,1,"","","","","","","","","","","","","","","","","","","","","","","","","","","","",1.7,1,-0.2,1,"","","","","","","","","","","","","","","","","","","","","","","","","","",87,1,"","","","","","","","","","","","",6.,1,1022.7,1,1003.6,1,"","","",1,8,1,8,1,5,1,"","","","","","","","","","","","","","","","","","","","","","","","","","","","",3000,1,"","",10,1,2,1,"","",1,1,"","","","","","","","","","","","","","","","","","","","","","","","","","","","","","","","","","","","","","","","","","","","","","","","","","","","","","","","","","","","","",""
"31069001","TOULOUSE-BLAGNAC",43.621,1.378833,151,1968030309,"","","","",2.,1,40,1,"","","","","","","","","","","","","","","","","","","","","","","","","","","","",2.6,1,0.2,1,"","","","","","","","","","","","","","","","","","","","","","","","","","",81,1,"","","","","","","","","","","","",6.2,1,1023.6,1,1004.6,1,"","","",1,2,1,0,1,0,1,3,1,1,1,"","","","","","","","","","","","","","","","","","","","","","","","",4000,1,"","",10,1,1,1,"","","","","","","","","","","","","","","","","","","","","","","","","","","","","","","","","","","","","","","","","","","","","","","","","","","","","","","","","","","","","","","","","",""
"31069001","TOULOUSE-BLAGNAC",43.621,1.378833,151,1968030312,"","","","",4.,1,360,1,"","","","","","","","","","","","","","","","","","","","","","","","","","","","",5.,1,-0.9,1,"","","","","","","","","","","","","","","","","","","","","","","","","","",66,1,"","","","","","","","","","","","",5.7,1,1024.,1,1005.1,1,"","","",1,7,1,7,1,5,1,"","","","","","","","","","","","","","","","","","","","","","","","","","","","",4500,1,"","",10,1,2,1,"","","","","","","","","","","","","","","","","","","","","","","","","","","","","","","","","","","","","","","","","","","","","","","","","","","","","","","","","","","","","","","","","",""
"31069001","TOULOUSE-BLAGNAC",43.621,1.378833,151,1968030315,"","","","",5.,1,340,1,"","","","","","","","","","","","","","","","","","","","","","","","","","","","",5.8,1,-1.2,1,"","","","","","","","","","","","","","","","","","","","","","","","","","",61,1,"","","","","","","","","","","","",5.6,1,1022.9,1,1004.1,1,"","","",1,7,1,7,1,5,1,"","","","","","","","","","","","","","","","","","","","","","","","","","","","",4500,1,"","",10,1,2,1,"","","","","","","","","","","","","","","","","","","","","","","","","","","","","","","","","","","","","","","","","","","","","","","","","","","","","","","","","","","","","","","","","",""
"31069001","TOULOUSE-BLAGNAC",43.621,1.378833,151,1968030318,"","","","",3.,1,360,1,"","","","","","","","","","","","","","","","","","","","","","","","","","","","",4.,1,-2.1,1,"","","","","","","","","","","","","","","","","","","","","","","","","","",64,1,"","","","","","","","","","","","",5.2,1,1023.6,1,1004.7,1,"","","",1,5,1,5,1,5,1,0,1,0,1,"","","","","","","","","","","","","","","","","","","","","","","","",4500,1,"","",10,1,1,1,"","","","","","","","","","","","","","","","","","","","","","","","","","","","","","","","","","","","","","","","","","","","","","","","","","","","","","","","","","","","","","","","","",""
"31069001","TOULOUSE-BLAGNAC",43.621,1.378833,151,1968030321,"","","","",3.,1,340,1,"","","","","","","","","","","","","","","","","","","","","","","","","","","","",1.3,1,-1.6,1,"","","","","","","","","","","","","","","","","","","","","","","","","","",81,1,"","","","","","","","","","","","",5.4,1,1025.2,1,1006.1,1,"","","",1,0,1,"","",0,1,0,1,0,1,"","","","","","","","","","","","","","","","","","","","","","","","",4000,1,"","",10,1,1,1,"","","","","","","","","","","","","","","","","","","","","","","","","","","","","","","","","","","","","","","","","","","","","","","","","","","","","","","","","","","","","","","","","",""
"31069001","TOULOUSE-BLAGNAC",43.621,1.378833,151,1968030400,"","","","",3.,1,320,1,"","","","","","","","","","","","","","","","","","","","","","","","","","","","",-0.2,1,-1.9,1,"","","","","","","","","","","","","","","","","","","","","","","","","","",88,1,"","","","","","","","","","","","",5.3,1,1025.5,1,1006.3,1,"","","",1,0,1,"","",0,1,0,1,0,1,"","","","","","","","","","","","","","","","","","","","","","","","",3500,1,"","",10,1,1,1,"","","","","","","","","","","","","","","","","","","","","","","","","","","","","","","","","","","","","","","","","","","","","","","","","","","","","","","","","","","","","","","","","",""
"31069001","TOULOUSE-BLAGNAC",43.621,1.378833,151,1968030403,"","","","",4.,1,280,1,"","","","","","","","","","","","","","","","","","","","","","","","","","","","",0.2,1,-0.9,1,"","","","","","","","","","","","","","","","","","","","","","","","","","",92,1,"","","","","","","","","","","","",5.7,1,1025.4,1,1006.2,1,"","","",1,7,1,7,1,5,1,"","","","","","","","","","","","","","","","","","","","","","","","","","","","",4000,1,"","",10,1,1,1,"","","","","","","","","","","","","","","","","","","","","","","","","","","","","","","","","","","","","","","","","","","","","","","","","","","","","","","","","","","","","","","","","",""
"31069001","TOULOUSE-BLAGNAC",43.621,1.378833,151,1968030406,"","","","",4.,1,280,1,"","","","","","","","","","","","","","","","","","","","","","","","","","","","",1.1,1,-1.2,1,"","","","","","","","","","","","","","","","","","","","","","","","","","",85,1,"","","","","","","","","","","","",5.6,1,1025.7,1,1006.5,1,"","","",1,8,1,8,1,5,1,"","","","","","","","","","","","","","","","","","","","","","","","","","","","",4000,1,"","",10,1,1,1,"","",0,1,"","","","","","","","","","","","","","","","","","","","","","","","","","","","","","","","","","","","","","","","","","","","","","","","","","","","","","","","","","","","","",""
"31069001","TOULOUSE-BLAGNAC",43.621,1.378833,151,1968030409,"","","","",4.,1,300,1,"","","","","","","","","","","","","","","","","","","","","","","","","","","","",2.3,1,-1.4,1,"","","","","","","","","","","","","","","","","","","","","","","","","","",77,1,"","","","","","","","","","","","",5.5,1,1026.8,1,1007.7,1,"","","",1,8,1,8,1,5,1,"","","","","","","","","","","","","","","","","","","","","","","","","","","","",4000,1,"","",10,1,2,1,"","","","","","","","","","","","","","","","","","","","","","","","","","","","","","","","","","","","","","","","","","","","","","","","","","","","","","","","","","","","","","","","","",""
"31069001","TOULOUSE-BLAGNAC",43.621,1.378833,151,1968030412,"","","","",5.,1,260,1,"","","","","","","","","","","","","","","","","","","","","","","","","","","","",4.9,1,-3.5,1,"","","","","","","","","","","","","","","","","","","","","","","","","","",55,1,"","","","","","","","","","","","",4.7,1,1026.5,1,1007.6,1,"","","",1,7,1,7,1,8,1,"","","","","","","","","","","","","","","","","","","","","","","","","","","","",6000,1,"","",2,1,2,1,"","","","","","","","","","","","","","","","","","","","","","","","","","","","","","","","","","","","","","","","","","","","","","","","","","","","","","","","","","","","","","","","","",""
"31069001","TOULOUSE-BLAGNAC",43.621,1.378833,151,1968030415,"","","","",4.,1,260,1,"","","","","","","","","","","","","","","","","","","","","","","","","","","","",6.1,1,-2.4,1,"","","","","","","","","","","","","","","","","","","","","","","","","","",54,1,"","","","","","","","","","","","",5.1,1,1025.7,1,1006.9,1,"","","",1,7,1,7,1,6,1,"","","","","","","","","","","","","","","","","","","","","","","","","","","","",6000,1,"","",2,1,2,1,"","","","","","","","","","","","","","","","","","","","","","","","","","","","","","","","","","","","","","","","","","","","","","","","","","","","","","","","","","","","","","","","","",""
"31069001","TOULOUSE-BLAGNAC",43.621,1.378833,151,1968030418,"","","","",6.,1,240,1,"","","","","","","","","","","","","","","","","","","","","","","","","","","","",5.3,1,-1.9,1,"","","","","","","","","","","","","","","","","","","","","","","","","","",60,1,"","","","","","","","","","","","",5.3,1,1025.7,1,1006.8,1,"","","",1,7,1,7,1,5,1,"","","","","","","","","","","","","","","","","","","","","","","","","","","","",6000,1,"","",3,1,1,1,"","","","","","","","","","","","","","","","","","","","","","","","","","","","","","","","","","","","","","","","","","","","","","","","","","","","","","","","","","","","","","","","","",""
"31069001","TOULOUSE-BLAGNAC",43.621,1.378833,151,1968030421,"","","","",5.,1,300,1,"","","","","","","","","","","","","","","","","","","","","","","","","","","","",4.2,1,-1.9,1,"","","","","","","","","","","","","","","","","","","","","","","","","","",64,1,"","","","","","","","","","","","",5.3,1,1027.4,1,1008.4,1,"","","",1,5,1,5,1,5,1,0,1,0,1,"","","","","","","","","","","","","","","","","","","","","","","","",6000,1,"","",1,1,2,1,"","","","","","","","","","","","","","","","","","","","","","","","","","","","","","","","","","","","","","","","","","","","","","","","","","","","","","","","","","","","","","","","","",""
"31069001","TOULOUSE-BLAGNAC",43.621,1.378833,151,1968030500,"","","","",4.,1,320,1,"","","","","","","","","","","","","","","","","","","","","","","","","","","","",1.3,1,-1.9,1,"","","","","","","","","","","","","","","","","","","","","","","","","","",79,1,"","","","","","","","","","","","",5.3,1,1027.8,1,1008.6,1,"","","",1,2,1,0,1,5,1,0,1,0,1,"","","","","","","","","","","","","","","","","","","","","","","","",8000,1,"","",1,1,1,1,"","","","","","","","","","","","","","","","","","","","","","","","","","","","","","","","","","","","","","","","","","","","","","","","","","","","","","","","","","","","","","","","","",""
"31069001","TOULOUSE-BLAGNAC",43.621,1.378833,151,1968030503,"","","","",4.,1,340,1,"","","","","","","","","","","","","","","","","","","","","","","","","","","","",0.4,1,-3.7,1,"","","","","","","","","","","","","","","","","","","","","","","","","","",73,1,"","","","","","","","","","","","",4.6,1,1027.7,1,1008.5,1,"","","",1,0,1,"","",0,1,0,1,0,1,"","","","","","","","","","","","","","","","","","","","","","","","",10000,1,"","",2,1,0,1,"","","","","","","","","","","","","","","","","","","","","","","","","","","","","","","","","","","","","","","","","","","","","","","","","","","","","","","","","","","","","","","","","",""
"31069001","TOULOUSE-BLAGNAC",43.621,1.378833,151,1968030506,"","","","",3.,1,220,1,"","","","","","","","","","","","","","","","","","","","","","","","","","","","",-2.3,1,-3.5,1,"","","","","","","","","","","","","","","","","","","","","","","","","","",91,1,"","","","","","","","","","","","",4.7,1,1028.8,1,1009.3,1,"","","",1,0,1,"","",0,1,0,1,0,1,"","","","","","","","","","","","","","","","","","","","","","","","",10000,1,"","",2,1,0,1,"","",0,1,"","","","","","","","","","","","","","","","","","","","","","","","","","","","","","","","","","","","","","","","","","","","","","","","","","","","","","","","","","","","","",""
"31069001","TOULOUSE-BLAGNAC",43.621,1.378833,151,1968030509,"","","","",3.,1,300,1,"","","","","","","","","","","","","","","","","","","","","","","","","","","","",3.,1,-2.9,1,"","","","","","","","","","","","","","","","","","","","","","","","","","",66,1,"","","","","","","","","","","","",4.9,1,1029.4,1,1010.3,1,"","","",1,0,1,"","",0,1,0,1,0,1,"","","","","","","","","","","","","","","","","","","","","","","","",5000,1,"","",2,1,0,1,"","","","","","","","","","","","","","","","","","","","","","","","","","","","","","","","","","","","","","","","","","","","","","","","","","","","","","","","","","","","","","","","","",""
"31069001","TOULOUSE-BLAGNAC",43.621,1.378833,151,1968030512,"","","","",5.,1,320,1,"","","","","","","","","","","","","","","","","","","","","","","","","","","","",8.,1,-4.3,1,"","","","","","","","","","","","","","","","","","","","","","","","","","",41,1,"","","","","","","","","","","","",4.4,1,1029.2,1,1010.4,1,"","","",1,3,1,0,1,0,1,0,1,1,1,"","","","","","","","","","","","","","","","","","","","","","","","",15000,1,"","",2,1,0,1,"","","","","","","","","","","","","","","","","","","","","","","","","","","","","","","","","","","","","","","","","","","","","","","","","","","","","","","","","","","","","","","","","",""
"31069001","TOULOUSE-BLAGNAC",43.621,1.378833,151,1968030515,"","","","",4.,1,360,1,"","","","","","","","","","","","","","","","","","","","","","","","","","","","",9.,1,-3.7,1,"","","","","","","","","","","","","","","","","","","","","","","","","","",40,1,"","","","","","","","","","","","",4.6,1,1027.8,1,1009.1,1,"","","",1,1,1,0,1,0,1,0,1,1,1,"","","","","","","","","","","","","","","","","","","","","","","","",20000,1,"","",1,1,0,1,"","","","","","","","","","","","","","","","","","","","","","","","","","","","","","","","","","","","","","","","","","","","","","","","","","","","","","","","","","","","","","","","","",""
"31069001","TOULOUSE-BLAGNAC",43.621,1.378833,151,1968030518,"","","","",3.,1,280,1,"","","","","","","","","","","","","","","","","","","","","","","","","","","","",6.9,1,-0.2,1,"","","","","","","","","","","","","","","","","","","","","","","","","","",60,1,"","","","","","","","","","","","",6.,1,1027.3,1,1008.5,1,"","","",1,3,1,0,1,0,1,0,1,2,1,"","","","","","","","","","","","","","","","","","","","","","","","",15000,1,"","",3,1,0,1,"","","","","","","","","","","","","","","","","","","","","","","","","","","","","","","","","","","","","","","","","","","","","","","","","","","","","","","","","","","","","","","","","",""
"31069001","TOULOUSE-BLAGNAC",43.621,1.378833,151,1968030521,"","","","",5.,1,260,1,"","","","","","","","","","","","","","","","","","","","","","","","","","","","",4.8,1,-2.9,1,"","","","","","","","","","","","","","","","","","","","","","","","","","",58,1,"","","","","","","","","","","","",4.9,1,1027.3,1,1008.4,1,"","","",1,0,1,"","",0,1,0,1,0,1,"","","","","","","","","","","","","","","","","","","","","","","","",10000,1,"","",1,1,0,1,"","","","","","","","","","","","","","","","","","","","","","","","","","","","","","","","","","","","","","","","","","","","","","","","","","","","","","","","","","","","","","","","","",""
"31069001","TOULOUSE-BLAGNAC",43.621,1.378833,151,1968030600,"","","","",7.,1,260,1,"","","","","","","","","","","","","","","","","","","","","","","","","","","","",3.9,1,-1.9,1,"","","","","","","","","","","","","","","","","","","","","","","","","","",66,1,"","","","","","","","","","","","",5.3,1,1026.9,1,1007.9,1,"","","",1,0,1,"","",0,1,0,1,0,1,"","","","","","","","","","","","","","","","","","","","","","","","",10000,1,"","",2,1,0,1,"","","","","","","","","","","","","","","","","","","","","","","","","","","","","","","","","","","","","","","","","","","","","","","","","","","","","","","","","","","","","","","","","",""
"31069001","TOULOUSE-BLAGNAC",43.621,1.378833,151,1968030603,"","","","",6.,1,260,1,"","","","","","","","","","","","","","","","","","","","","","","","","","","","",2.4,1,-1.4,1,"","","","","","","","","","","","","","","","","","","","","","","","","","",75,1,"","","","","","","","","","","","",5.5,1,1024.7,1,1005.7,1,"","","",1,0,1,"","",0,1,0,1,0,1,"","","","","","","","","","","","","","","","","","","","","","","","",10000,1,"","",2,1,0,1,"","","","","","","","","","","","","","","","","","","","","","","","","","","","","","","","","","","","","","","","","","","","","","","","","","","","","","","","","","","","","","","","","",""
"31069001","TOULOUSE-BLAGNAC",43.621,1.378833,151,1968030606,"","","","",7.,1,260,1,"","","","","","","","","","","","","","","","","","","","","","","","","","","","",2.8,1,0.,1,"","","","","","","","","","","","","","","","","","","","","","","","","","",83,1,"","","","","","","","","","","","",6.1,1,1023.,1,1004.,1,"","","",1,7,1,7,1,5,1,"","","","","","","","","","","","","","","","","","","","","","","","","","","","",8000,1,"","",2,1,2,1,"","",0,1,"","","","","","","","","","","","","","","","","","","","","","","","","","","","","","","","","","","","","","","","","","","","","","","","","","","","","","","","","","","","","",""
"31069001","TOULOUSE-BLAGNAC",43.621,1.378833,151,1968030609,"","","","",7.,1,260,1,"","","","","","","","","","","","","","","","","","","","","","","","","","","","",4.,1,1.4,1,"","","","","","","","","","","","","","","","","","","","","","","","","","",83,1,"","","","","","","","","","","","",6.8,1,1021.6,1,1002.7,1,"","","",1,8,1,8,1,5,1,"","","","","","","","","","","","","","","","","","","","","","","","","","","","",5000,1,"","",2,1,2,1,"","","","","","","","","","","","","","","","","","","","","","","","","","","","","","","","","","","","","","","","","","","","","","","","","","","","","","","","","","","","","","","","","",""
"31069001","TOULOUSE-BLAGNAC",43.621,1.378833,151,1968030612,"","","","",9.,1,280,1,"","","","","","","","","","","","","","","","","","","","","","","","","","","","",6.6,1,3.,1,"","","","","","","","","","","","","","","","","","","","","","","","","","",78,1,"","","","","","","","","","","","",7.6,1,1017.6,1,999.,1,"","","",1,8,1,8,1,5,1,"","","","","","","","","","","","","","","","","","","","","","","","","","","","",6000,1,"","",61,1,2,1,"","","","","","","","","","","","","","","","","","","","","","","","","","","","","","","","","","","","","","","","","","","","","","","","","","","","","","","","","","","","","","","","","",""
"31069001","TOULOUSE-BLAGNAC",43.621,1.378833,151,1968030615,"","","","",9.,1,260,1,"","","","","","","","","","","","","","","","","","","","","","","","","","","","",6.4,1,5.1,1,"","","","","","","","","","","","","","","","","","","","","","","","","","",93,1,"","","","","","","","","","","","",8.9,1,1014.3,1,995.7,1,"","","",1,8,1,5,1,7,1,"","","","","","","","","","","","","","","","","","","","","","","","","","","","",4500,1,"","",61,1,5,1,"","","","","","","","","","","","","","","","","","","","","","","","","","","","","","","","","","","","","","","","","","","","","","","","","","","","","","","","","","","","","","","","","",""
"31069001","TOULOUSE-BLAGNAC",43.621,1.378833,151,1968030618,"","","","",6.,1,280,1,"","","","","","","","","","","","","","","","","","","","","","","","","","","","",6.7,1,5.8,1,"","","","","","","","","","","","","","","","","","","","","","","","","","",95,1,"","","","","","","","","","","","",9.3,1,1011.6,1,993.1,1,"","","",1,7,1,7,1,8,1,"","","","","","","","","","","","","","","","","","","","","","","","","","","","",10000,1,"","",25,1,6,1,"","","","","","","","","","","","","","","","","","","","","","","","","","","","","","","","","","","","","","","","","","","","","","","","","","","","","","","","","","","","","","","","","",""
"31069001","TOULOUSE-BLAGNAC",43.621,1.378833,151,1968030621,"","","","",6.,1,280,1,"","","","","","","","","","","","","","","","","","","","","","","","","","","","",6.,1,5.1,1,"","","","","","","","","","","","","","","","","","","","","","","","","","",95,1,"","","","","","","","","","","","",8.9,1,1010.3,1,991.8,1,"","","",1,6,1,6,1,5,1,0,1,0,1,"","","","","","","","","","","","","","","","","","","","","","","","",20000,1,"","",1,1,8,1,"","","","","","","","","","","","","","","","","","","","","","","","","","","","","","","","","","","","","","","","","","","","","","","","","","","","","","","","","","","","","","","","","",""
"31069001","TOULOUSE-BLAGNAC",43.621,1.378833,151,1968030700,"","","","",5.,1,320,1,"","","","","","","","","","","","","","","","","","","","","","","","","","","","",5.6,1,3.1,1,"","","","","","","","","","","","","","","","","","","","","","","","","","",85,1,"","","","","","","","","","","","",7.7,1,1008.6,1,990.1,1,"","","",1,8,1,8,1,5,1,"","","","","","","","","","","","","","","","","","","","","","","","","","","","",20000,1,"","",2,1,8,1,"","","","","","","","","","","","","","","","","","","","","","","","","","","","","","","","","","","","","","","","","","","","","","","","","","","","","","","","","","","","","","","","","",""
"31069001","TOULOUSE-BLAGNAC",43.621,1.378833,151,1968030703,"","","","",4.,1,320,1,"","","","","","","","","","","","","","","","","","","","","","","","","","","","",3.8,1,1.2,1,"","","","","","","","","","","","","","","","","","","","","","","","","","",83,1,"","","","","","","","","","","","",6.7,1,1007.4,1,988.8,1,"","","",1,8,1,8,1,5,1,"","","","","","","","","","","","","","","","","","","","","","","","","","","","",15000,1,"","",2,1,6,1,"","","","","","","","","","","","","","","","","","","","","","","","","","","","","","","","","","","","","","","","","","","","","","","","","","","","","","","","","","","","","","","","","",""
"31069001","TOULOUSE-BLAGNAC",43.621,1.378833,151,1968030706,"","","","",4.,1,320,1,"","","","","","","","","","","","","","","","","","","","","","","","","","","","",2.1,1,-1.2,1,"","","","","","","","","","","","","","","","","","","","","","","","","","",78,1,"","","","","","","","","","","","",5.6,1,1007.4,1,988.7,1,"","","",1,6,1,5,1,8,1,4,1,0,1,"","","","","","","","","","","","","","","","","","","","","","","","",15000,1,"","",1,1,6,1,"","",1,1,"","","","","","","","","","","","","","","","","","","","","","","","","","","","","","","","","","","","","","","","","","","","","","","","","","","","","","","","","","","","","",""
"31069001","TOULOUSE-BLAGNAC",43.621,1.378833,151,1968030709,"","","","",6.,1,300,1,"","","","","","","","","","","","","","","","","","","","","","","","","","","","",3.2,1,-1.9,1,"","","","","","","","","","","","","","","","","","","","","","","","","","",69,1,"","","","","","","","","","","","",5.3,1,1007.6,1,988.9,1,"","","",1,2,1,0,1,1,1,4,1,0,1,"","","","","","","","","","","","","","","","","","","","","","","","",20000,1,"","",3,1,1,1,"","","","","","","","","","","","","","","","","","","","","","","","","","","","","","","","","","","","","","","","","","","","","","","","","","","","","","","","","","","","","","","","","",""
"31069001","TOULOUSE-BLAGNAC",43.621,1.378833,151,1968030712,"","","","",6.,1,300,1,"","","","","","","","","","","","","","","","","","","","","","","","","","","","",4.3,1,-3.5,1,"","","","","","","","","","","","","","","","","","","","","","","","","","",57,1,"","","","","","","","","","","","",4.7,1,1006.3,1,987.7,1,"","","",1,7,1,7,1,2,1,"","","","","","","","","","","","","","","","","","","","","","","","","","","","",20000,1,"","",3,1,1,1,"","","","","","","","","","","","","","","","","","","","","","","","","","","","","","","","","","","","","","","","","","","","","","","","","","","","","","","","","","","","","","","","","",""
"31069001","TOULOUSE-BLAGNAC",43.621,1.378833,151,1968030715,"","","","",3.,1,300,1,"","","","","","","","","","","","","","","","","","","","","","","","","","","","",4.2,1,-2.9,1,"","","","","","","","","","","","","","","","","","","","","","","","","","",60,1,"","","","","","","","","","","","",4.9,1,1005.3,1,986.7,1,"","","",1,7,1,5,1,8,1,"","","","","","","","","","","","","","","","","","","","","","","","","","","","",20000,1,"","",1,1,2,1,"","","","","","","","","","","","","","","","","","","","","","","","","","","","","","","","","","","","","","","","","","","","","","","","","","","","","","","","","","","","","","","","","",""
"31069001","TOULOUSE-BLAGNAC",43.621,1.378833,151,1968030718,"","","","",3.,1,340,1,"","","","","","","","","","","","","","","","","","","","","","","","","","","","",4.2,1,-3.2,1,"","","","","","","","","","","","","","","","","","","","","","","","","","",58,1,"","","","","","","","","","","","",4.8,1,1005.6,1,987.,1,"","","",1,6,1,6,1,5,1,0,1,0,1,"","","","","","","","","","","","","","","","","","","","","","","","",20000,1,"","",1,1,2,1,"","","","","","","","","","","","","","","","","","","","","","","","","","","","","","","","","","","","","","","","","","","","","","","","","","","","","","","","","","","","","","","","","",""
"31069001","TOULOUSE-BLAGNAC",43.621,1.378833,151,1968030721,"","","","",3.,1,80,1,"","","","","","","","","","","","","","","","","","","","","","","","","","","","",2.,1,-1.9,1,"","","","","","","","","","","","","","","","","","","","","","","","","","",75,1,"","","","","","","","","","","","",5.3,1,1006.8,1,988.1,1,"","","",1,0,1,"","",0,1,0,1,0,1,"","","","","","","","","","","","","","","","","","","","","","","","",10000,1,"","",1,1,1,1,"","","","","","","","","","","","","","","","","","","","","","","","","","","","","","","","","","","","","","","","","","","","","","","","","","","","","","","","","","","","","","","","","",""
"31069001","TOULOUSE-BLAGNAC",43.621,1.378833,151,1968030800,"","","","",3.,1,100,1,"","","","","","","","","","","","","","","","","","","","","","","","","","","","",1.5,1,-1.9,1,"","","","","","","","","","","","","","","","","","","","","","","","","","",77,1,"","","","","","","","","","","","",5.3,1,1007.3,1,988.5,1,"","","",1,8,1,8,1,0,1,4,1,"","","","","","","","","","","","","","","","","","","","","","","","","","",15000,1,"","",3,1,1,1,"","","","","","","","","","","","","","","","","","","","","","","","","","","","","","","","","","","","","","","","","","","","","","","","","","","","","","","","","","","","","","","","","",""
"31069001","TOULOUSE-BLAGNAC",43.621,1.378833,151,1968030803,"","","","",2.,1,120,1,"","","","","","","","","","","","","","","","","","","","","","","","","","","","",0.6,1,0.2,1,"","","","","","","","","","","","","","","","","","","","","","","","","","",98,1,"","","","","","","","","","","","",6.2,1,1007.7,1,988.9,1,"","","",1,8,1,8,1,5,1,"","","","","","","","","","","","","","","","","","","","","","","","","","","","",3000,1,"","",71,1,2,1,"","","","","","","","","","","","","","","","","","","","","","","","","","","","","","","","","","","","","","","","","","","","","","","","","","","","","","","","","","","","","","","","","",""
"31069001","TOULOUSE-BLAGNAC",43.621,1.378833,151,1968030806,"","","","",3.,1,20,1,"","","","","","","","","","","","","","","","","","","","","","","","","","","","",0.1,1,0.1,1,"","","","","","","","","","","","","","","","","","","","","","","","","","",100,1,"","","","","","","","","","","","",6.1,1,1007.8,1,988.9,1,"","","",1,8,1,8,1,5,1,"","","","","","","","","","","","","","","","","","","","","","","","","","","","",1000,1,"","",71,1,7,1,"","",2,1,"","","","","","","","","","","","","","","","","","","","","","","","","","","","","","","","","","","","","","","","","","","","","","","","","","","","","","","","","","","","","",""
"31069001","TOULOUSE-BLAGNAC",43.621,1.378833,151,1968030809,"","","","",2.,1,360,1,"","","","","","","","","","","","","","","","","","","","","","","","","","","","",0.8,1,0.4,1,"","","","","","","","","","","","","","","","","","","","","","","","","","",98,1,"","","","","","","","","","","","",6.3,1,1009.8,1,990.9,1,"","","",1,8,1,7,1,5,1,"","","","","","","","","","","","","","","","","","","","","","","","","","","","",1600,1,"","",23,1,7,1,"","","","","","","","","","","","","","","","","","","","","","","","","","","","","","","","","","","","","","","","","","","","","","","","","","","","","","","","","","","","","","","","","",""
"31069001","TOULOUSE-BLAGNAC",43.621,1.378833,151,1968030812,"","","","",3.,1,360,1,"","","","","","","","","","","","","","","","","","","","","","","","","","","","",3.8,1,1.6,1,"","","","","","","","","","","","","","","","","","","","","","","","","","",87,1,"","","","","","","","","","","","",6.9,1,1011.1,1,992.4,1,"","","",1,7,1,6,1,2,1,3,1,2,1,"","","","","","","","","","","","","","","","","","","","","","","","",4500,1,"","",10,1,7,1,"","","","","","","","","","","","","","","","","","","","","","","","","","","","","","","","","","","","","","","","","","","","","","","","","","","","","","","","","","","","","","","","","",""
"31069001","TOULOUSE-BLAGNAC",43.621,1.378833,151,1968030815,"","","","",1.,1,260,1,"","","","","","","","","","","","","","","","","","","","","","","","","","","","",7.5,1,3.5,1,"","","","","","","","","","","","","","","","","","","","","","","","","","",76,1,"","","","","","","","","","","","",7.9,1,1009.7,1,991.3,1,"","","",1,7,1,5,1,0,1,3,1,1,1,"","","","","","","","","","","","","","","","","","","","","","","","",15000,1,"","",1,1,2,1,"","","","","","","","","","","","","","","","","","","","","","","","","","","","","","","","","","","","","","","","","","","","","","","","","","","","","","","","","","","","","","","","","",""
"31069001","TOULOUSE-BLAGNAC",43.621,1.378833,151,1968030818,"","","","",2.,1,220,1,"","","","","","","","","","","","","","","","","","","","","","","","","","","","",6.5,1,3.8,1,"","","","","","","","","","","","","","","","","","","","","","","","","","",83,1,"","","","","","","","","","","","",8.1,1,1010.5,1,992.,1,"","","",1,4,1,0,1,0,1,3,1,1,1,"","","","","","","","","","","","","","","","","","","","","","","","",7000,1,"","",1,1,1,1,"","","","","","","","","","","","","","","","","","","","","","","","","","","","","","","","","","","","","","","","","","","","","","","","","","","","","","","","","","","","","","","","","",""
"31069001","TOULOUSE-BLAGNAC",43.621,1.378833,151,1968030821,"","","","",3.,1,200,1,"","","","","","","","","","","","","","","","","","","","","","","","","","","","",3.2,1,2.6,1,"","","","","","","","","","","","","","","","","","","","","","","","","","",97,1,"","","","","","","","","","","","",7.4,1,1011.8,1,993.1,1,"","","",1,6,1,6,1,0,1,3,1,0,1,"","","","","","","","","","","","","","","","","","","","","","","","",15000,1,"","",3,1,1,1,"","","","","","","","","","","","","","","","","","","","","","","","","","","","","","","","","","","","","","","","","","","","","","","","","","","","","","","","","","","","","","","","","",""
"31069001","TOULOUSE-BLAGNAC",43.621,1.378833,151,1968030900,"","","","",2.,1,240,1,"","","","","","","","","","","","","","","","","","","","","","","","","","","","",2.2,1,1.8,1,"","","","","","","","","","","","","","","","","","","","","","","","","","",98,1,"","","","","","","","","","","","",7.,1,1012.,1,993.2,1,"","","",1,0,1,"","",0,1,0,1,0,1,"","","","","","","","","","","","","","","","","","","","","","","","",7000,1,"","",2,1,1,1,"","","","","","","","","","","","","","","","","","","","","","","","","","","","","","","","","","","","","","","","","","","","","","","","","","","","","","","","","","","","","","","","","",""
"31069001","TOULOUSE-BLAGNAC",43.621,1.378833,151,1968030903,"","","","",2.,1,180,1,"","","","","","","","","","","","","","","","","","","","","","","","","","","","",-0.5,1,-0.5,1,"","","","","","","","","","","","","","","","","","","","","","","","","","",100,1,"","","","","","","","","","","","",5.9,1,1011.5,1,992.5,1,"","","",1,0,1,"","",0,1,0,1,0,1,"","","","","","","","","","","","","","","","","","","","","","","","",300,1,"","",46,1,0,1,"","","","","","","","","","","","","","","","","","","","","","","","","","","","","","","","","","","","","","","","","","","","","","","","","","","","","","","","","","","","","","","","","",""
"31069001","TOULOUSE-BLAGNAC",43.621,1.378833,151,1968030906,"","","","",2.,1,320,1,"","","","","","","","","","","","","","","","","","","","","","","","","","","","",-0.9,1,-0.9,1,"","","","","","","","","","","","","","","","","","","","","","","","","","",100,1,"","","","","","","","","","","","",5.7,1,1011.7,1,992.7,1,"","","",1,8,1,8,1,6,1,"","","","","","","","","","","","","","","","","","","","","","","","","","","","",700,1,"","",42,1,1,1,"","",1,1,"","","","","","","","","","","","","","","","","","","","","","","","","","","","","","","","","","","","","","","","","","","","","","","","","","","","","","","","","","","","","",""
"31069001","TOULOUSE-BLAGNAC",43.621,1.378833,151,1968030909,"","","","",1.,1,220,1,"","","","","","","","","","","","","","","","","","","","","","","","","","","","",2.9,1,2.4,1,"","","","","","","","","","","","","","","","","","","","","","","","","","",97,1,"","","","","","","","","","","","",7.3,1,1012.7,1,993.9,1,"","","",1,7,1,5,1,5,1,4,1,2,1,"","","","","","","","","","","","","","","","","","","","","","","","",2000,1,"","",10,1,4,1,"","","","","","","","","","","","","","","","","","","","","","","","","","","","","","","","","","","","","","","","","","","","","","","","","","","","","","","","","","","","","","","","","",""
"31069001","TOULOUSE-BLAGNAC",43.621,1.378833,151,1968030912,"","","","",4.,1,280,1,"","","","","","","","","","","","","","","","","","","","","","","","","","","","",6.,1,3.1,1,"","","","","","","","","","","","","","","","","","","","","","","","","","",82,1,"","","","","","","","","","","","",7.7,1,1012.6,1,994.,1,"","","",1,7,1,7,1,5,1,4,1,"","","","","","","","","","","","","","","","","","","","","","","","","","",5000,1,"","",2,1,4,1,"","","","","","","","","","","","","","","","","","","","","","","","","","","","","","","","","","","","","","","","","","","","","","","","","","","","","","","","","","","","","","","","","",""
"31069001","TOULOUSE-BLAGNAC",43.621,1.378833,151,1968030915,"","","","",5.,1,320,1,"","","","","","","","","","","","","","","","","","","","","","","","","","","","",6.9,1,2.2,1,"","","","","","","","","","","","","","","","","","","","","","","","","","",73,1,"","","","","","","","","","","","",7.2,1,1011.4,1,992.9,1,"","","",1,7,1,7,1,5,1,4,1,"","","","","","","","","","","","","","","","","","","","","","","","","","",6000,1,"","",1,1,2,1,"","","","","","","","","","","","","","","","","","","","","","","","","","","","","","","","","","","","","","","","","","","","","","","","","","","","","","","","","","","","","","","","","",""
"31069001","TOULOUSE-BLAGNAC",43.621,1.378833,151,1968030918,"","","","",4.,1,240,1,"","","","","","","","","","","","","","","","","","","","","","","","","","","","",6.6,1,3.1,1,"","","","","","","","","","","","","","","","","","","","","","","","","","",79,1,"","","","","","","","","","","","",7.7,1,1011.8,1,993.3,1,"","","",1,6,1,6,1,0,1,4,1,"","","","","","","","","","","","","","","","","","","","","","","","","","",6000,1,"","",1,1,2,1,"","","","","","","","","","","","","","","","","","","","","","","","","","","","","","","","","","","","","","","","","","","","","","","","","","","","","","","","","","","","","","","","","",""
"31069001","TOULOUSE-BLAGNAC",43.621,1.378833,151,1968030921,"","","","",5.,1,260,1,"","","","","","","","","","","","","","","","","","","","","","","","","","","","",6.6,1,2.8,1,"","","","","","","","","","","","","","","","","","","","","","","","","","",77,1,"","","","","","","","","","","","",7.5,1,1012.4,1,993.9,1,"","","",1,7,1,7,1,0,1,4,1,"","","","","","","","","","","","","","","","","","","","","","","","","","",8000,1,"","",2,1,2,1,"","","","","","","","","","","","","","","","","","","","","","","","","","","","","","","","","","","","","","","","","","","","","","","","","","","","","","","","","","","","","","","","","",""
"31069001","TOULOUSE-BLAGNAC",43.621,1.378833,151,1968031000,"","","","",7.,1,260,1,"","","","","","","","","","","","","","","","","","","","","","","","","","","","",5.,1,2.,1,"","","","","","","","","","","","","","","","","","","","","","","","","","",81,1,"","","","","","","","","","","","",7.1,1,1012.6,1,994.,1,"","","",1,7,1,5,1,0,1,4,1,2,1,"","","","","","","","","","","","","","","","","","","","","","","","",8000,1,"","",3,1,2,1,"","","","","","","","","","","","","","","","","","","","","","","","","","","","","","","","","","","","","","","","","","","","","","","","","","","","","","","","","","","","","","","","","",""
"31069001","TOULOUSE-BLAGNAC",43.621,1.378833,151,1968031003,"","","","",3.,1,280,1,"","","","","","","","","","","","","","","","","","","","","","","","","","","","",3.4,1,2.,1,"","","","","","","","","","","","","","","","","","","","","","","","","","",91,1,"","","","","","","","","","","","",7.1,1,1012.6,1,993.9,1,"","","",1,5,1,5,1,6,1,4,1,0,1,"","","","","","","","","","","","","","","","","","","","","","","","",8000,1,"","",3,1,2,1,"","","","","","","","","","","","","","","","","","","","","","","","","","","","","","","","","","","","","","","","","","","","","","","","","","","","","","","","","","","","","","","","","",""
"31069001","TOULOUSE-BLAGNAC",43.621,1.378833,151,1968031006,"","","","",5.,1,280,1,"","","","","","","","","","","","","","","","","","","","","","","","","","","","",2.3,1,1.4,1,"","","","","","","","","","","","","","","","","","","","","","","","","","",95,1,"","","","","","","","","","","","",6.8,1,1013.,1,994.2,1,"","","",1,5,1,5,1,6,1,0,1,0,1,"","","","","","","","","","","","","","","","","","","","","","","","",5000,1,"","",1,1,2,1,"","",1,1,"","","","","","","","","","","","","","","","","","","","","","","","","","","","","","","","","","","","","","","","","","","","","","","","","","","","","","","","","","","","","",""
"31069001","TOULOUSE-BLAGNAC",43.621,1.378833,151,1968031009,"","","","",7.,1,280,1,"","","","","","","","","","","","","","","","","","","","","","","","","","","","",4.,1,1.4,1,"","","","","","","","","","","","","","","","","","","","","","","","","","",83,1,"","","","","","","","","","","","",6.8,1,1014.5,1,995.8,1,"","","",1,5,1,5,1,0,1,0,1,1,1,"","","","","","","","","","","","","","","","","","","","","","","","",4500,1,"","",10,1,1,1,"","","","","","","","","","","","","","","","","","","","","","","","","","","","","","","","","","","","","","","","","","","","","","","","","","","","","","","","","","","","","","","","","",""
"31069001","TOULOUSE-BLAGNAC",43.621,1.378833,151,1968031012,"","","","",6.,1,280,1,"","","","","","","","","","","","","","","","","","","","","","","","","","","","",7.3,1,2.6,1,"","","","","","","","","","","","","","","","","","","","","","","","","","",71,1,"","","","","","","","","","","","",7.4,1,1014.6,1,996.1,1,"","","",1,5,1,5,1,2,1,0,1,0,1,"","","","","","","","","","","","","","","","","","","","","","","","",6000,1,"","",3,1,1,1,"","","","","","","","","","","","","","","","","","","","","","","","","","","","","","","","","","","","","","","","","","","","","","","","","","","","","","","","","","","","","","","","","",""
"31069001","TOULOUSE-BLAGNAC",43.621,1.378833,151,1968031015,"","","","",7.,1,300,1,"","","","","","","","","","","","","","","","","","","","","","","","","","","","",7.9,1,-0.7,1,"","","","","","","","","","","","","","","","","","","","","","","","","","",55,1,"","","","","","","","","","","","",5.8,1,1014.2,1,995.7,1,"","","",1,7,1,7,1,8,1,"","","","","","","","","","","","","","","","","","","","","","","","","","","","",9000,1,"","",1,1,2,1,"","","","","","","","","","","","","","","","","","","","","","","","","","","","","","","","","","","","","","","","","","","","","","","","","","","","","","","","","","","","","","","","","",""
"31069001","TOULOUSE-BLAGNAC",43.621,1.378833,151,1968031018,"","","","",6.,1,260,1,"","","","","","","","","","","","","","","","","","","","","","","","","","","","",6.5,1,0.6,1,"","","","","","","","","","","","","","","","","","","","","","","","","","",66,1,"","","","","","","","","","","","",6.4,1,1014.8,1,996.2,1,"","","",1,5,1,0,1,5,1,0,1,1,1,"","","","","","","","","","","","","","","","","","","","","","","","",7000,1,"","",3,1,1,1,"","","","","","","","","","","","","","","","","","","","","","","","","","","","","","","","","","","","","","","","","","","","","","","","","","","","","","","","","","","","","","","","","",""
"31069001","TOULOUSE-BLAGNAC",43.621,1.378833,151,1968031021,"","","","",7.,1,320,1,"","","","","","","","","","","","","","","","","","","","","","","","","","","","",7.,1,-0.7,1,"","","","","","","","","","","","","","","","","","","","","","","","","","",58,1,"","","","","","","","","","","","",5.8,1,1016.3,1,997.7,1,"","","",1,7,1,7,1,5,1,"","","","","","","","","","","","","","","","","","","","","","","","","","","","",8000,1,"","",2,1,2,1,"","","","","","","","","","","","","","","","","","","","","","","","","","","","","","","","","","","","","","","","","","","","","","","","","","","","","","","","","","","","","","","","","",""
"31069001","TOULOUSE-BLAGNAC",43.621,1.378833,151,1968031100,"","","","",6.,1,300,1,"","","","","","","","","","","","","","","","","","","","","","","","","","","","",5.,1,-0.2,1,"","","","","","","","","","","","","","","","","","","","","","","","","","",69,1,"","","","","","","","","","","","",6.,1,1017.1,1,998.4,1,"","","",1,7,1,7,1,5,1,"","","","","","","","","","","","","","","","","","","","","","","","","","","","",8000,1,"","",2,1,2,1,"","","","","","","","","","","","","","","","","","","","","","","","","","","","","","","","","","","","","","","","","","","","","","","","","","","","","","","","","","","","","","","","","",""
"31069001","TOULOUSE-BLAGNAC",43.621,1.378833,151,1968031103,"","","","",6.,1,260,1,"","","","","","","","","","","","","","","","","","","","","","","","","","","","",4.7,1,0.2,1,"","","","","","","","","","","","","","","","","","","","","","","","","","",73,1,"","","","","","","","","","","","",6.2,1,1017.,1,998.3,1,"","","",1,7,1,7,1,5,1,"","","","","","","","","","","","","","","","","","","","","","","","","","","","",8000,1,"","",2,1,2,1,"","","","","","","","","","","","","","","","","","","","","","","","","","","","","","","","","","","","","","","","","","","","","","","","","","","","","","","","","","","","","","","","","",""
"31069001","TOULOUSE-BLAGNAC",43.621,1.378833,151,1968031106,"","","","",6.,1,280,1,"","","","","","","","","","","","","","","","","","","","","","","","","","","","",4.8,1,0.6,1,"","","","","","","","","","","","","","","","","","","","","","","","","","",74,1,"","","","","","","","","","","","",6.4,1,1016.8,1,998.1,1,"","","",1,7,1,7,1,5,1,"","","","","","","","","","","","","","","","","","","","","","","","","","","","",8000,1,"","",2,1,2,1,"","",0,1,"","","","","","","","","","","","","","","","","","","","","","","","","","","","","","","","","","","","","","","","","","","","","","","","","","","","","","","","","","","","","",""
"31069001","TOULOUSE-BLAGNAC",43.621,1.378833,151,1968031109,"","","","",7.,1,280,1,"","","","","","","","","","","","","","","","","","","","","","","","","","","","",5.6,1,3.1,1,"","","","","","","","","","","","","","","","","","","","","","","","","","",85,1,"","","","","","","","","","","","",7.7,1,1017.2,1,998.5,1,"","","",1,8,1,8,1,5,1,"","","","","","","","","","","","","","","","","","","","","","","","","","","","",8000,1,"","",2,1,2,1,"","","","","","","","","","","","","","","","","","","","","","","","","","","","","","","","","","","","","","","","","","","","","","","","","","","","","","","","","","","","","","","","","",""
"31069001","TOULOUSE-BLAGNAC",43.621,1.378833,151,1968031112,"","","","",6.,1,280,1,"","","","","","","","","","","","","","","","","","","","","","","","","","","","",6.6,1,4.,1,"","","","","","","","","","","","","","","","","","","","","","","","","","",84,1,"","","","","","","","","","","","",8.2,1,1017.8,1,999.2,1,"","","",1,8,1,8,1,5,1,2,1,"","","","","","","","","","","","","","","","","","","","","","","","","","",8000,1,"","",21,1,2,1,"","","","","","","","","","","","","","","","","","","","","","","","","","","","","","","","","","","","","","","","","","","","","","","","","","","","","","","","","","","","","","","","","",""
"31069001","TOULOUSE-BLAGNAC",43.621,1.378833,151,1968031115,"","","","",7.,1,280,1,"","","","","","","","","","","","","","","","","","","","","","","","","","","","",7.8,1,3.5,1,"","","","","","","","","","","","","","","","","","","","","","","","","","",75,1,"","","","","","","","","","","","",7.9,1,1016.7,1,998.2,1,"","","",1,8,1,8,1,5,1,"","","","","","","","","","","","","","","","","","","","","","","","","","","","",10000,1,"","",3,1,2,1,"","","","","","","","","","","","","","","","","","","","","","","","","","","","","","","","","","","","","","","","","","","","","","","","","","","","","","","","","","","","","","","","","",""
"31069001","TOULOUSE-BLAGNAC",43.621,1.378833,151,1968031118,"","","","",8.,1,260,1,"","","","","","","","","","","","","","","","","","","","","","","","","","","","",7.8,1,3.1,1,"","","","","","","","","","","","","","","","","","","","","","","","","","",72,1,"","","","","","","","","","","","",7.7,1,1017.4,1,998.9,1,"","","",1,8,1,8,1,5,1,"","","","","","","","","","","","","","","","","","","","","","","","","","","","",12000,1,"","",2,1,2,1,"","","","","","","","","","","","","","","","","","","","","","","","","","","","","","","","","","","","","","","","","","","","","","","","","","","","","","","","","","","","","","","","","",""
"31069001","TOULOUSE-BLAGNAC",43.621,1.378833,151,1968031121,"","","","",6.,1,280,1,"","","","","","","","","","","","","","","","","","","","","","","","","","","","",7.1,1,4.,1,"","","","","","","","","","","","","","","","","","","","","","","","","","",81,1,"","","","","","","","","","","","",8.2,1,1019.3,1,1000.7,1,"","","",1,8,1,8,1,5,1,"","","","","","","","","","","","","","","","","","","","","","","","","","","","",10000,1,"","",2,1,2,1,"","","","","","","","","","","","","","","","","","","","","","","","","","","","","","","","","","","","","","","","","","","","","","","","","","","","","","","","","","","","","","","","","",""
"31069001","TOULOUSE-BLAGNAC",43.621,1.378833,151,1968031200,"","","","",6.,1,280,1,"","","","","","","","","","","","","","","","","","","","","","","","","","","","",6.6,1,4.7,1,"","","","","","","","","","","","","","","","","","","","","","","","","","",88,1,"","","","","","","","","","","","",8.6,1,1019.6,1,1001.,1,"","","",1,8,1,8,1,5,1,"","","","","","","","","","","","","","","","","","","","","","","","","","","","",10000,1,"","",3,1,2,1,"","","","","","","","","","","","","","","","","","","","","","","","","","","","","","","","","","","","","","","","","","","","","","","","","","","","","","","","","","","","","","","","","",""
"31069001","TOULOUSE-BLAGNAC",43.621,1.378833,151,1968031203,"","","","",7.,1,280,1,"","","","","","","","","","","","","","","","","","","","","","","","","","","","",6.7,1,4.3,1,"","","","","","","","","","","","","","","","","","","","","","","","","","",85,1,"","","","","","","","","","","","",8.4,1,1019.6,1,1001.,1,"","","",1,8,1,8,1,0,1,7,1,"","","","","","","","","","","","","","","","","","","","","","","","","","",10000,1,"","",2,1,2,1,"","","","","","","","","","","","","","","","","","","","","","","","","","","","","","","","","","","","","","","","","","","","","","","","","","","","","","","","","","","","","","","","","",""
"31069001","TOULOUSE-BLAGNAC",43.621,1.378833,151,1968031206,"","","","",6.,1,280,1,"","","","","","","","","","","","","","","","","","","","","","","","","","","","",6.2,1,4.7,1,"","","","","","","","","","","","","","","","","","","","","","","","","","",91,1,"","","","","","","","","","","","",8.6,1,1020.6,1,1001.9,1,"","","",1,8,1,8,1,5,1,7,1,"","","","","","","","","","","","","","","","","","","","","","","","","","",8000,1,"","",3,1,2,1,"","",0,1,"","","","","","","","","","","","","","","","","","","","","","","","","","","","","","","","","","","","","","","","","","","","","","","","","","","","","","","","","","","","","",""
"31069001","TOULOUSE-BLAGNAC",43.621,1.378833,151,1968031209,"","","","",7.,1,280,1,"","","","","","","","","","","","","","","","","","","","","","","","","","","","",7.3,1,4.2,1,"","","","","","","","","","","","","","","","","","","","","","","","","","",81,1,"","","","","","","","","","","","",8.3,1,1021.9,1,1003.3,1,"","","",1,8,1,8,1,5,1,"","","","","","","","","","","","","","","","","","","","","","","","","","","","",10000,1,"","",2,1,6,1,"","","","","","","","","","","","","","","","","","","","","","","","","","","","","","","","","","","","","","","","","","","","","","","","","","","","","","","","","","","","","","","","","",""
"31069001","TOULOUSE-BLAGNAC",43.621,1.378833,151,1968031212,"","","","",8.,1,320,1,"","","","","","","","","","","","","","","","","","","","","","","","","","","","",11.3,1,2.6,1,"","","","","","","","","","","","","","","","","","","","","","","","","","",55,1,"","","","","","","","","","","","",7.4,1,1022.2,1,1003.8,1,"","","",1,6,1,5,1,8,1,0,1,0,1,"","","","","","","","","","","","","","","","","","","","","","","","",30000,1,"","",3,1,6,1,"","","","","","","","","","","","","","","","","","","","","","","","","","","","","","","","","","","","","","","","","","","","","","","","","","","","","","","","","","","","","","","","","",""
"31069001","TOULOUSE-BLAGNAC",43.621,1.378833,151,1968031215,"","","","",6.,1,300,1,"","","","","","","","","","","","","","","","","","","","","","","","","","","","",12.1,1,3.3,1,"","","","","","","","","","","","","","","","","","","","","","","","","","",55,1,"","","","","","","","","","","","",7.8,1,1022.,1,1003.7,1,"","","",1,7,1,7,1,2,1,"","","","","","","","","","","","","","","","","","","","","","","","","","","","",30000,1,"","",3,1,2,1,"","","","","","","","","","","","","","","","","","","","","","","","","","","","","","","","","","","","","","","","","","","","","","","","","","","","","","","","","","","","","","","","","",""
"31069001","TOULOUSE-BLAGNAC",43.621,1.378833,151,1968031218,"","","","",4.,1,340,1,"","","","","","","","","","","","","","","","","","","","","","","","","","","","",9.7,1,3.7,1,"","","","","","","","","","","","","","","","","","","","","","","","","","",67,1,"","","","","","","","","","","","",8.,1,1023.7,1,1005.2,1,"","","",1,6,1,6,1,5,1,0,1,0,1,"","","","","","","","","","","","","","","","","","","","","","","","",20000,1,"","",1,1,2,1,"","","","","","","","","","","","","","","","","","","","","","","","","","","","","","","","","","","","","","","","","","","","","","","","","","","","","","","","","","","","","","","","","",""
"31069001","TOULOUSE-BLAGNAC",43.621,1.378833,151,1968031221,"","","","",4.,1,340,1,"","","","","","","","","","","","","","","","","","","","","","","","","","","","",6.3,1,2.6,1,"","","","","","","","","","","","","","","","","","","","","","","","","","",78,1,"","","","","","","","","","","","",7.4,1,1026.4,1,1007.6,1,"","","",1,0,1,"","",0,1,0,1,0,1,"","","","","","","","","","","","","","","","","","","","","","","","",20000,1,"","",2,1,0,1,"","","","","","","","","","","","","","","","","","","","","","","","","","","","","","","","","","","","","","","","","","","","","","","","","","","","","","","","","","","","","","","","","",""
"31069001","TOULOUSE-BLAGNAC",43.621,1.378833,151,1968031300,"","","","",3.,1,320,1,"","","","","","","","","","","","","","","","","","","","","","","","","","","","",2.8,1,-0.2,1,"","","","","","","","","","","","","","","","","","","","","","","","","","",81,1,"","","","","","","","","","","","",6.,1,1027.,1,1007.9,1,"","","",1,0,1,"","",0,1,0,1,0,1,"","","","","","","","","","","","","","","","","","","","","","","","",20000,1,"","",2,1,0,1,"","","","","","","","","","","","","","","","","","","","","","","","","","","","","","","","","","","","","","","","","","","","","","","","","","","","","","","","","","","","","","","","","",""
"31069001","TOULOUSE-BLAGNAC",43.621,1.378833,151,1968031303,"","","","",3.,1,300,1,"","","","","","","","","","","","","","","","","","","","","","","","","","","","",0.8,1,-0.9,1,"","","","","","","","","","","","","","","","","","","","","","","","","","",88,1,"","","","","","","","","","","","",5.7,1,1026.9,1,1007.7,1,"","","",1,0,1,"","",0,1,0,1,0,1,"","","","","","","","","","","","","","","","","","","","","","","","",20000,1,"","",2,1,0,1,"","","","","","","","","","","","","","","","","","","","","","","","","","","","","","","","","","","","","","","","","","","","","","","","","","","","","","","","","","","","","","","","","",""
"31069001","TOULOUSE-BLAGNAC",43.621,1.378833,151,1968031306,"","","","",3.,1,320,1,"","","","","","","","","","","","","","","","","","","","","","","","","","","","",0.,1,-1.9,1,"","","","","","","","","","","","","","","","","","","","","","","","","","",88,1,"","","","","","","","","","","","",5.3,1,1027.6,1,1008.3,1,"","","",1,0,1,"","",0,1,0,1,0,1,"","","","","","","","","","","","","","","","","","","","","","","","",20000,1,"","",2,1,0,1,"","",1,1,"","","","","","","","","","","","","","","","","","","","","","","","","","","","","","","","","","","","","","","","","","","","","","","","","","","","","","","","","","","","","",""
"31069001","TOULOUSE-BLAGNAC",43.621,1.378833,151,1968031309,"","","","",1.,1,280,1,"","","","","","","","","","","","","","","","","","","","","","","","","","","","",3.9,1,-1.4,1,"","","","","","","","","","","","","","","","","","","","","","","","","","",69,1,"","","","","","","","","","","","",5.5,1,1028.2,1,1009.2,1,"","","",1,0,1,"","",0,1,0,1,0,1,"","","","","","","","","","","","","","","","","","","","","","","","",20000,1,"","",2,1,0,1,"","","","","","","","","","","","","","","","","","","","","","","","","","","","","","","","","","","","","","","","","","","","","","","","","","","","","","","","","","","","","","","","","",""
"31069001","TOULOUSE-BLAGNAC",43.621,1.378833,151,1968031312,"","","","",2.,1,40,1,"","","","","","","","","","","","","","","","","","","","","","","","","","","","",9.2,1,0.8,1,"","","","","","","","","","","","","","","","","","","","","","","","","","",57,1,"","","","","","","","","","","","",6.5,1,1027.5,1,1008.9,1,"","","",1,0,1,"","",0,1,0,1,0,1,"","","","","","","","","","","","","","","","","","","","","","","","",20000,1,"","",2,1,0,1,"","","","","","","","","","","","","","","","","","","","","","","","","","","","","","","","","","","","","","","","","","","","","","","","","","","","","","","","","","","","","","","","","",""
"31069001","TOULOUSE-BLAGNAC",43.621,1.378833,151,1968031315,"","","","",3.,1,360,1,"","","","","","","","","","","","","","","","","","","","","","","","","","","","",11.8,1,1.4,1,"","","","","","","","","","","","","","","","","","","","","","","","","","",49,1,"","","","","","","","","","","","",6.8,1,1025.1,1,1006.7,1,"","","",1,0,1,"","",0,1,0,1,0,1,"","","","","","","","","","","","","","","","","","","","","","","","",30000,1,"","",2,1,0,1,"","","","","","","","","","","","","","","","","","","","","","","","","","","","","","","","","","","","","","","","","","","","","","","","","","","","","","","","","","","","","","","","","",""
"31069001","TOULOUSE-BLAGNAC",43.621,1.378833,151,1968031318,"","","","",2.,1,60,1,"","","","","","","","","","","","","","","","","","","","","","","","","","","","",10.9,1,2.6,1,"","","","","","","","","","","","","","","","","","","","","","","","","","",57,1,"","","","","","","","","","","","",7.4,1,1024.5,1,1006.,1,"","","",1,0,1,"","",0,1,0,1,0,1,"","","","","","","","","","","","","","","","","","","","","","","","",20000,1,"","",2,1,0,1,"","","","","","","","","","","","","","","","","","","","","","","","","","","","","","","","","","","","","","","","","","","","","","","","","","","","","","","","","","","","","","","","","",""
"31069001","TOULOUSE-BLAGNAC",43.621,1.378833,151,1968031321,"","","","",0.,1,0,1,"","","","","","","","","","","","","","","","","","","","","","","","","","","","",6.2,1,2.,1,"","","","","","","","","","","","","","","","","","","","","","","","","","",75,1,"","","","","","","","","","","","",7.1,1,1025.6,1,1006.8,1,"","","",1,0,1,"","",0,1,0,1,0,1,"","","","","","","","","","","","","","","","","","","","","","","","",20000,1,"","",2,1,0,1,"","","","","","","","","","","","","","","","","","","","","","","","","","","","","","","","","","","","","","","","","","","","","","","","","","","","","","","","","","","","","","","","","",""
"31069001","TOULOUSE-BLAGNAC",43.621,1.378833,151,1968031400,"","","","",2.,1,200,1,"","","","","","","","","","","","","","","","","","","","","","","","","","","","",2.4,1,1.,1,"","","","","","","","","","","","","","","","","","","","","","","","","","",91,1,"","","","","","","","","","","","",6.6,1,1025.,1,1006.,1,"","","",1,0,1,"","",0,1,0,1,0,1,"","","","","","","","","","","","","","","","","","","","","","","","",20000,1,"","",2,1,0,1,"","","","","","","","","","","","","","","","","","","","","","","","","","","","","","","","","","","","","","","","","","","","","","","","","","","","","","","","","","","","","","","","","",""
"31069001","TOULOUSE-BLAGNAC",43.621,1.378833,151,1968031403,"","","","",3.,1,200,1,"","","","","","","","","","","","","","","","","","","","","","","","","","","","",1.4,1,0.8,1,"","","","","","","","","","","","","","","","","","","","","","","","","","",96,1,"","","","","","","","","","","","",6.5,1,1024.4,1,1005.3,1,"","","",1,0,1,"","",0,1,0,1,0,1,"","","","","","","","","","","","","","","","","","","","","","","","",15000,1,"","",2,1,0,1,"","","","","","","","","","","","","","","","","","","","","","","","","","","","","","","","","","","","","","","","","","","","","","","","","","","","","","","","","","","","","","","","","",""
"31069001","TOULOUSE-BLAGNAC",43.621,1.378833,151,1968031406,"","","","",4.,1,200,1,"","","","","","","","","","","","","","","","","","","","","","","","","","","","",-0.4,1,-0.9,1,"","","","","","","","","","","","","","","","","","","","","","","","","","",96,1,"","","","","","","","","","","","",5.7,1,1024.3,1,1005.1,1,"","","",1,0,1,"","",0,1,0,1,0,1,"","","","","","","","","","","","","","","","","","","","","","","","",5000,1,"","",2,1,0,1,"","",1,1,"","","","","","","","","","","","","","","","","","","","","","","","","","","","","","","","","","","","","","","","","","","","","","","","","","","","","","","","","","","","","",""
"31069001","TOULOUSE-BLAGNAC",43.621,1.378833,151,1968031409,"","","","",1.,1,340,1,"","","","","","","","","","","","","","","","","","","","","","","","","","","","",4.9,1,2.2,1,"","","","","","","","","","","","","","","","","","","","","","","","","","",83,1,"","","","","","","","","","","","",7.2,1,1025.4,1,1006.5,1,"","","",1,5,1,0,1,0,1,4,1,2,1,"","","","","","","","","","","","","","","","","","","","","","","","",6000,1,"","",2,1,1,1,"","","","","","","","","","","","","","","","","","","","","","","","","","","","","","","","","","","","","","","","","","","","","","","","","","","","","","","","","","","","","","","","","",""
"31069001","TOULOUSE-BLAGNAC",43.621,1.378833,151,1968031412,"","","","",5.,1,340,1,"","","","","","","","","","","","","","","","","","","","","","","","","","","","",10.,1,0.4,1,"","","","","","","","","","","","","","","","","","","","","","","","","","",51,1,"","","","","","","","","","","","",6.3,1,1025.2,1,1006.7,1,"","","",1,7,1,6,1,8,1,3,1,"","","","","","","","","","","","","","","","","","","","","","","","","","",12000,1,"","",3,1,1,1,"","","","","","","","","","","","","","","","","","","","","","","","","","","","","","","","","","","","","","","","","","","","","","","","","","","","","","","","","","","","","","","","","",""
"31069001","TOULOUSE-BLAGNAC",43.621,1.378833,151,1968031415,"","","","",6.,1,360,1,"","","","","","","","","","","","","","","","","","","","","","","","","","","","",10.8,1,1.2,1,"","","","","","","","","","","","","","","","","","","","","","","","","","",52,1,"","","","","","","","","","","","",6.7,1,1023.8,1,1005.3,1,"","","",1,7,1,5,1,8,1,"","","","","","","","","","","","","","","","","","","","","","","","","","","","",15000,1,"","",2,1,2,1,"","","","","","","","","","","","","","","","","","","","","","","","","","","","","","","","","","","","","","","","","","","","","","","","","","","","","","","","","","","","","","","","","",""
"31069001","TOULOUSE-BLAGNAC",43.621,1.378833,151,1968031418,"","","","",5.,1,340,1,"","","","","","","","","","","","","","","","","","","","","","","","","","","","",9.4,1,2.,1,"","","","","","","","","","","","","","","","","","","","","","","","","","",60,1,"","","","","","","","","","","","",7.1,1,1023.3,1,1004.8,1,"","","",1,7,1,7,1,5,1,"","","","","","","","","","","","","","","","","","","","","","","","","","","","",15000,1,"","",2,1,2,1,"","","","","","","","","","","","","","","","","","","","","","","","","","","","","","","","","","","","","","","","","","","","","","","","","","","","","","","","","","","","","","","","","",""
"31069001","TOULOUSE-BLAGNAC",43.621,1.378833,151,1968031421,"","","","",1.,1,240,1,"","","","","","","","","","","","","","","","","","","","","","","","","","","","",5.,1,2.6,1,"","","","","","","","","","","","","","","","","","","","","","","","","","",84,1,"","","","","","","","","","","","",7.4,1,1023.6,1,1004.8,1,"","","",1,0,1,"","",0,1,0,1,0,1,"","","","","","","","","","","","","","","","","","","","","","","","",20000,1,"","",2,1,1,1,"","","","","","","","","","","","","","","","","","","","","","","","","","","","","","","","","","","","","","","","","","","","","","","","","","","","","","","","","","","","","","","","","",""
"31069001","TOULOUSE-BLAGNAC",43.621,1.378833,151,1968031500,"","","","",0.,1,0,1,"","","","","","","","","","","","","","","","","","","","","","","","","","","","",2.8,1,1.,1,"","","","","","","","","","","","","","","","","","","","","","","","","","",89,1,"","","","","","","","","","","","",6.6,1,1022.3,1,1003.3,1,"","","",1,0,1,"","",0,1,0,1,0,1,"","","","","","","","","","","","","","","","","","","","","","","","",20000,1,"","",2,1,1,1,"","","","","","","","","","","","","","","","","","","","","","","","","","","","","","","","","","","","","","","","","","","","","","","","","","","","","","","","","","","","","","","","","",""
"31069001","TOULOUSE-BLAGNAC",43.621,1.378833,151,1968031503,"","","","",1.,1,220,1,"","","","","","","","","","","","","","","","","","","","","","","","","","","","",2.3,1,0.6,1,"","","","","","","","","","","","","","","","","","","","","","","","","","",89,1,"","","","","","","","","","","","",6.4,1,1020.3,1,1001.3,1,"","","",1,5,1,5,1,5,1,0,1,0,1,"","","","","","","","","","","","","","","","","","","","","","","","",10000,1,"","",3,1,1,1,"","","","","","","","","","","","","","","","","","","","","","","","","","","","","","","","","","","","","","","","","","","","","","","","","","","","","","","","","","","","","","","","","",""
"31069001","TOULOUSE-BLAGNAC",43.621,1.378833,151,1968031506,"","","","",2.,1,160,1,"","","","","","","","","","","","","","","","","","","","","","","","","","","","",3.,1,1.6,1,"","","","","","","","","","","","","","","","","","","","","","","","","","",91,1,"","","","","","","","","","","","",6.9,1,1019.4,1,1000.5,1,"","","",1,8,1,8,1,5,1,"","","","","","","","","","","","","","","","","","","","","","","","","","","","",8000,1,"","",2,1,1,1,"","",0,1,"","","","","","","","","","","","","","","","","","","","","","","","","","","","","","","","","","","","","","","","","","","","","","","","","","","","","","","","","","","","","",""
"31069001","TOULOUSE-BLAGNAC",43.621,1.378833,151,1968031509,"","","","",4.,1,260,1,"","","","","","","","","","","","","","","","","","","","","","","","","","","","",7.6,1,3.,1,"","","","","","","","","","","","","","","","","","","","","","","","","","",74,1,"","","","","","","","","","","","",7.6,1,1018.5,1,999.9,1,"","","",1,7,1,7,1,5,1,"","","","","","","","","","","","","","","","","","","","","","","","","","","","",15000,1,"","",2,1,2,1,"","","","","","","","","","","","","","","","","","","","","","","","","","","","","","","","","","","","","","","","","","","","","","","","","","","","","","","","","","","","","","","","","",""
"31069001","TOULOUSE-BLAGNAC",43.621,1.378833,151,1968031512,"","","","",6.,1,280,1,"","","","","","","","","","","","","","","","","","","","","","","","","","","","",9.7,1,0.6,1,"","","","","","","","","","","","","","","","","","","","","","","","","","",53,1,"","","","","","","","","","","","",6.4,1,1016.4,1,998.,1,"","","",1,7,1,5,1,5,1,4,1,2,1,"","","","","","","","","","","","","","","","","","","","","","","","",20000,1,"","",3,1,2,1,"","","","","","","","","","","","","","","","","","","","","","","","","","","","","","","","","","","","","","","","","","","","","","","","","","","","","","","","","","","","","","","","","",""
"31069001","TOULOUSE-BLAGNAC",43.621,1.378833,151,1968031515,"","","","",8.,1,280,1,"","","","","","","","","","","","","","","","","","","","","","","","","","","","",11.8,1,2.,1,"","","","","","","","","","","","","","","","","","","","","","","","","","",51,1,"","","","","","","","","","","","",7.1,1,1012.9,1,994.7,1,"","","",1,7,1,7,1,8,1,"","","","","","","","","","","","","","","","","","","","","","","","","","","","",20000,1,"","",3,1,2,1,"","","","","","","","","","","","","","","","","","","","","","","","","","","","","","","","","","","","","","","","","","","","","","","","","","","","","","","","","","","","","","","","","",""
"31069001","TOULOUSE-BLAGNAC",43.621,1.378833,151,1968031518,"","","","",7.,1,280,1,"","","","","","","","","","","","","","","","","","","","","","","","","","","","",10.,1,2.4,1,"","","","","","","","","","","","","","","","","","","","","","","","","","",60,1,"","","","","","","","","","","","",7.3,1,1011.,1,992.7,1,"","","",1,8,1,7,1,5,1,7,1,"","","","","","","","","","","","","","","","","","","","","","","","","","",20000,1,"","",3,1,2,1,"","","","","","","","","","","","","","","","","","","","","","","","","","","","","","","","","","","","","","","","","","","","","","","","","","","","","","","","","","","","","","","","","",""
"31069001","TOULOUSE-BLAGNAC",43.621,1.378833,151,1968031521,"","","","",10.,1,260,1,"","","","","","","","","","","","","","","","","","","","","","","","","","","","",8.4,1,4.5,1,"","","","","","","","","","","","","","","","","","","","","","","","","","",76,1,"","","","","","","","","","","","",8.5,1,1009.2,1,990.9,1,"","","",1,8,1,6,1,5,1,"","","","","","","","","","","","","","","","","","","","","","","","","","","","",15000,1,"","",60,1,2,1,"","","","","","","","","","","","","","","","","","","","","","","","","","","","","","","","","","","","","","","","","","","","","","","","","","","","","","","","","","","","","","","","","",""
"31069001","TOULOUSE-BLAGNAC",43.621,1.378833,151,1968031600,"","","","",8.,1,280,1,"","","","","","","","","","","","","","","","","","","","","","","","","","","","",7.4,1,5.6,1,"","","","","","","","","","","","","","","","","","","","","","","","","","",89,1,"","","","","","","","","","","","",9.2,1,1007.6,1,989.2,1,"","","",1,8,1,7,1,5,1,"","","","","","","","","","","","","","","","","","","","","","","","","","","","",15000,1,"","",61,1,6,1,"","","","","","","","","","","","","","","","","","","","","","","","","","","","","","","","","","","","","","","","","","","","","","","","","","","","","","","","","","","","","","","","","",""
"31069001","TOULOUSE-BLAGNAC",43.621,1.378833,151,1968031603,"","","","",6.,1,320,1,"","","","","","","","","","","","","","","","","","","","","","","","","","","","",5.2,1,3.7,1,"","","","","","","","","","","","","","","","","","","","","","","","","","",91,1,"","","","","","","","","","","","",8.,1,1005.7,1,987.2,1,"","","",1,8,1,5,1,7,1,"","","","","","","","","","","","","","","","","","","","","","","","","","","","",15000,1,"","",61,1,6,1,"","","","","","","","","","","","","","","","","","","","","","","","","","","","","","","","","","","","","","","","","","","","","","","","","","","","","","","","","","","","","","","","","",""
"31069001","TOULOUSE-BLAGNAC",43.621,1.378833,151,1968031606,"","","","",6.,1,300,1,"","","","","","","","","","","","","","","","","","","","","","","","","","","","",4.8,1,3.7,1,"","","","","","","","","","","","","","","","","","","","","","","","","","",93,1,"","","","","","","","","","","","",8.,1,1006.,1,987.5,1,"","","",1,7,1,5,1,8,1,"","","","","","","","","","","","","","","","","","","","","","","","","","","","",15000,1,"","",21,1,6,1,"","",2,1,"","","","","","","","","","","","","","","","","","","","","","","","","","","","","","","","","","","","","","","","","","","","","","","","","","","","","","","","","","","","","",""
"31069001","TOULOUSE-BLAGNAC",43.621,1.378833,151,1968031609,"","","","",9.,1,320,1,"","","","","","","","","","","","","","","","","","","","","","","","","","","","",5.7,1,1.4,1,"","","","","","","","","","","","","","","","","","","","","","","","","","",74,1,"","","","","","","","","","","","",6.8,1,1011.4,1,992.8,1,"","","",1,7,1,6,1,8,1,"","","","","","","","","","","","","","","","","","","","","","","","","","","","",20000,1,"","",25,1,2,1,"","","","","","","","","","","","","","","","","","","","","","","","","","","","","","","","","","","","","","","","","","","","","","","","","","","","","","","","","","","","","","","","","",""
"31069001","TOULOUSE-BLAGNAC",43.621,1.378833,151,1968031612,"","","","",8.,1,320,1,"","","","","","","","","","","","","","","","","","","","","","","","","","","","",7.4,1,0.6,1,"","","","","","","","","","","","","","","","","","","","","","","","","","",62,1,"","","","","","","","","","","","",6.4,1,1015.,1,996.5,1,"","","",1,7,1,6,1,2,1,"","","","","","","","","","","","","","","","","","","","","","","","","","","","",30000,1,"","",2,1,8,1,"","","","","","","","","","","","","","","","","","","","","","","","","","","","","","","","","","","","","","","","","","","","","","","","","","","","","","","","","","","","","","","","","",""
"31069001","TOULOUSE-BLAGNAC",43.621,1.378833,151,1968031615,"","","","",8.,1,300,1,"","","","","","","","","","","","","","","","","","","","","","","","","","","","",9.6,1,0.2,1,"","","","","","","","","","","","","","","","","","","","","","","","","","",52,1,"","","","","","","","","","","","",6.2,1,1017.3,1,998.9,1,"","","",1,6,1,6,1,2,1,0,1,0,1,"","","","","","","","","","","","","","","","","","","","","","","","",30000,1,"","",1,1,2,1,"","","","","","","","","","","","","","","","","","","","","","","","","","","","","","","","","","","","","","","","","","","","","","","","","","","","","","","","","","","","","","","","","",""
"31069001","TOULOUSE-BLAGNAC",43.621,1.378833,151,1968031618,"","","","",4.,1,280,1,"","","","","","","","","","","","","","","","","","","","","","","","","","","","",7.,1,1.4,1,"","","","","","","","","","","","","","","","","","","","","","","","","","",69,1,"","","","","","","","","","","","",6.8,1,1019.7,1,1001.1,1,"","","",1,3,1,0,1,2,1,0,1,0,1,"","","","","","","","","","","","","","","","","","","","","","","","",30000,1,"","",2,1,1,1,"","","","","","","","","","","","","","","","","","","","","","","","","","","","","","","","","","","","","","","","","","","","","","","","","","","","","","","","","","","","","","","","","",""
"31069001","TOULOUSE-BLAGNAC",43.621,1.378833,151,1968031621,"","","","",5.,1,280,1,"","","","","","","","","","","","","","","","","","","","","","","","","","","","",3.2,1,0.2,1,"","","","","","","","","","","","","","","","","","","","","","","","","","",81,1,"","","","","","","","","","","","",6.2,1,1022.4,1,1003.5,1,"","","",1,0,1,"","",0,1,0,1,0,1,"","","","","","","","","","","","","","","","","","","","","","","","",20000,1,"","",2,1,0,1,"","","","","","","","","","","","","","","","","","","","","","","","","","","","","","","","","","","","","","","","","","","","","","","","","","","","","","","","","","","","","","","","","",""
"31069001","TOULOUSE-BLAGNAC",43.621,1.378833,151,1968031700,"","","","",4.,1,200,1,"","","","","","","","","","","","","","","","","","","","","","","","","","","","",0.8,1,-0.9,1,"","","","","","","","","","","","","","","","","","","","","","","","","","",88,1,"","","","","","","","","","","","",5.7,1,1023.1,1,1004.,1,"","","",1,0,1,"","",0,1,0,1,0,1,"","","","","","","","","","","","","","","","","","","","","","","","",15000,1,"","",2,1,0,1,"","","","","","","","","","","","","","","","","","","","","","","","","","","","","","","","","","","","","","","","","","","","","","","","","","","","","","","","","","","","","","","","","",""
"31069001","TOULOUSE-BLAGNAC",43.621,1.378833,151,1968031703,"","","","",3.,1,200,1,"","","","","","","","","","","","","","","","","","","","","","","","","","","","",-0.4,1,-1.6,1,"","","","","","","","","","","","","","","","","","","","","","","","","","",92,1,"","","","","","","","","","","","",5.4,1,1023.9,1,1004.7,1,"","","",1,0,1,"","",0,1,0,1,0,1,"","","","","","","","","","","","","","","","","","","","","","","","",15000,1,"","",2,1,0,1,"","","","","","","","","","","","","","","","","","","","","","","","","","","","","","","","","","","","","","","","","","","","","","","","","","","","","","","","","","","","","","","","","",""
"31069001","TOULOUSE-BLAGNAC",43.621,1.378833,151,1968031706,"","","","",2.,1,180,1,"","","","","","","","","","","","","","","","","","","","","","","","","","","","",-0.8,1,-1.4,1,"","","","","","","","","","","","","","","","","","","","","","","","","","",96,1,"","","","","","","","","","","","",5.5,1,1025.,1,1005.7,1,"","","",1,2,1,0,1,0,1,0,1,1,1,"","","","","","","","","","","","","","","","","","","","","","","","",15000,1,"","",3,1,0,1,"","",1,1,"","","","","","","","","","","","","","","","","","","","","","","","","","","","","","","","","","","","","","","","","","","","","","","","","","","","","","","","","","","","","",""
"31069001","TOULOUSE-BLAGNAC",43.621,1.378833,151,1968031709,"","","","",3.,1,200,1,"","","","","","","","","","","","","","","","","","","","","","","","","","","","",5.,1,2.,1,"","","","","","","","","","","","","","","","","","","","","","","","","","",81,1,"","","","","","","","","","","","",7.1,1,1025.7,1,1006.8,1,"","","",1,1,1,0,1,0,1,0,1,1,1,"","","","","","","","","","","","","","","","","","","","","","","","",20000,1,"","",1,1,0,1,"","","","","","","","","","","","","","","","","","","","","","","","","","","","","","","","","","","","","","","","","","","","","","","","","","","","","","","","","","","","","","","","","",""
"31069001","TOULOUSE-BLAGNAC",43.621,1.378833,151,1968031712,"","","","",4.,1,280,1,"","","","","","","","","","","","","","","","","","","","","","","","","","","","",11.2,1,0.,1,"","","","","","","","","","","","","","","","","","","","","","","","","","",46,1,"","","","","","","","","","","","",6.1,1,1024.1,1,1005.7,1,"","","",1,3,1,0,1,5,1,0,1,1,1,"","","","","","","","","","","","","","","","","","","","","","","","",40000,1,"","",3,1,0,1,"","","","","","","","","","","","","","","","","","","","","","","","","","","","","","","","","","","","","","","","","","","","","","","","","","","","","","","","","","","","","","","","","",""
"31069001","TOULOUSE-BLAGNAC",43.621,1.378833,151,1968031715,"","","","",5.,1,260,1,"","","","","","","","","","","","","","","","","","","","","","","","","","","","",13.8,1,4.2,1,"","","","","","","","","","","","","","","","","","","","","","","","","","",52,1,"","","","","","","","","","","","",8.3,1,1022.7,1,1004.5,1,"","","",1,6,1,6,1,5,1,0,1,0,1,"","","","","","","","","","","","","","","","","","","","","","","","",50000,1,"","",3,1,1,1,"","","","","","","","","","","","","","","","","","","","","","","","","","","","","","","","","","","","","","","","","","","","","","","","","","","","","","","","","","","","","","","","","",""
"31069001","TOULOUSE-BLAGNAC",43.621,1.378833,151,1968031718,"","","","",5.,1,260,1,"","","","","","","","","","","","","","","","","","","","","","","","","","","","",12.3,1,7.3,1,"","","","","","","","","","","","","","","","","","","","","","","","","","",73,1,"","","","","","","","","","","","",10.4,1,1023.1,1,1004.8,1,"","","",1,7,1,7,1,5,1,"","","","","","","","","","","","","","","","","","","","","","","","","","","","",40000,1,"","",3,1,1,1,"","","","","","","","","","","","","","","","","","","","","","","","","","","","","","","","","","","","","","","","","","","","","","","","","","","","","","","","","","","","","","","","","",""
"31069001","TOULOUSE-BLAGNAC",43.621,1.378833,151,1968031721,"","","","",6.,1,280,1,"","","","","","","","","","","","","","","","","","","","","","","","","","","","",10.3,1,7.7,1,"","","","","","","","","","","","","","","","","","","","","","","","","","",86,1,"","","","","","","","","","","","",10.7,1,1024.6,1,1006.1,1,"","","",1,7,1,7,1,5,1,"","","","","","","","","","","","","","","","","","","","","","","","","","","","",20000,1,"","",2,1,2,1,"","","","","","","","","","","","","","","","","","","","","","","","","","","","","","","","","","","","","","","","","","","","","","","","","","","","","","","","","","","","","","","","","",""
"31069001","TOULOUSE-BLAGNAC",43.621,1.378833,151,1968031800,"","","","",4.,1,280,1,"","","","","","","","","","","","","","","","","","","","","","","","","","","","",9.7,1,8.,1,"","","","","","","","","","","","","","","","","","","","","","","","","","",91,1,"","","","","","","","","","","","",10.9,1,1025.3,1,1006.8,1,"","","",1,8,1,5,1,5,1,"","","","","","","","","","","","","","","","","","","","","","","","","","","","",10000,1,"","",3,1,5,1,"","","","","","","","","","","","","","","","","","","","","","","","","","","","","","","","","","","","","","","","","","","","","","","","","","","","","","","","","","","","","","","","","",""
"31069001","TOULOUSE-BLAGNAC",43.621,1.378833,151,1968031803,"","","","",3.,1,240,1,"","","","","","","","","","","","","","","","","","","","","","","","","","","","",7.7,1,6.4,1,"","","","","","","","","","","","","","","","","","","","","","","","","","",93,1,"","","","","","","","","","","","",9.7,1,1025.1,1,1006.4,1,"","","",1,6,1,6,1,5,1,4,1,0,1,"","","","","","","","","","","","","","","","","","","","","","","","",15000,1,"","",2,1,2,1,"","","","","","","","","","","","","","","","","","","","","","","","","","","","","","","","","","","","","","","","","","","","","","","","","","","","","","","","","","","","","","","","","",""
"31069001","TOULOUSE-BLAGNAC",43.621,1.378833,151,1968031806,"","","","",3.,1,300,1,"","","","","","","","","","","","","","","","","","","","","","","","","","","","",8.7,1,6.8,1,"","","","","","","","","","","","","","","","","","","","","","","","","","",89,1,"","","","","","","","","","","","",10.,1,1024.7,1,1006.1,1,"","","",1,7,1,7,1,0,1,7,1,"","","","","","","","","","","","","","","","","","","","","","","","","","",15000,1,"","",2,1,2,1,"","",1,1,"","","","","","","","","","","","","","","","","","","","","","","","","","","","","","","","","","","","","","","","","","","","","","","","","","","","","","","","","","","","","",""
"31069001","TOULOUSE-BLAGNAC",43.621,1.378833,151,1968031809,"","","","",5.,1,280,1,"","","","","","","","","","","","","","","","","","","","","","","","","","","","",11.,1,6.8,1,"","","","","","","","","","","","","","","","","","","","","","","","","","",77,1,"","","","","","","","","","","","",10.,1,1024.8,1,1006.4,1,"","","",1,6,1,5,1,8,1,4,1,2,1,"","","","","","","","","","","","","","","","","","","","","","","","",30000,1,"","",1,1,2,1,"","","","","","","","","","","","","","","","","","","","","","","","","","","","","","","","","","","","","","","","","","","","","","","","","","","","","","","","","","","","","","","","","",""
"31069001","TOULOUSE-BLAGNAC",43.621,1.378833,151,1968031812,"","","","",4.,1,320,1,"","","","","","","","","","","","","","","","","","","","","","","","","","","","",12.,1,4.,1,"","","","","","","","","","","","","","","","","","","","","","","","","","",58,1,"","","","","","","","","","","","",8.2,1,1024.3,1,1005.9,1,"","","",1,7,1,6,1,8,1,"","","","","","","","","","","","","","","","","","","","","","","","","","","","",30000,1,"","",2,1,2,1,"","","","","","","","","","","","","","","","","","","","","","","","","","","","","","","","","","","","","","","","","","","","","","","","","","","","","","","","","","","","","","","","","",""
"31069001","TOULOUSE-BLAGNAC",43.621,1.378833,151,1968031815,"","","","",6.,1,320,1,"","","","","","","","","","","","","","","","","","","","","","","","","","","","",12.3,1,4.2,1,"","","","","","","","","","","","","","","","","","","","","","","","","","",58,1,"","","","","","","","","","","","",8.3,1,1023.2,1,1004.9,1,"","","",1,7,1,7,1,8,1,"","","","","","","","","","","","","","","","","","","","","","","","","","","","",30000,1,"","",2,1,2,1,"","","","","","","","","","","","","","","","","","","","","","","","","","","","","","","","","","","","","","","","","","","","","","","","","","","","","","","","","","","","","","","","","",""
"31069001","TOULOUSE-BLAGNAC",43.621,1.378833,151,1968031818,"","","","",5.,1,280,1,"","","","","","","","","","","","","","","","","","","","","","","","","","","","",11.1,1,5.6,1,"","","","","","","","","","","","","","","","","","","","","","","","","","",70,1,"","","","","","","","","","","","",9.2,1,1023.,1,1004.6,1,"","","",1,7,1,7,1,5,1,"","","","","","","","","","","","","","","","","","","","","","","","","","","","",30000,1,"","",1,1,2,1,"","","","","","","","","","","","","","","","","","","","","","","","","","","","","","","","","","","","","","","","","","","","","","","","","","","","","","","","","","","","","","","","","",""
"31069001","TOULOUSE-BLAGNAC",43.621,1.378833,151,1968031821,"","","","",3.,1,280,1,"","","","","","","","","","","","","","","","","","","","","","","","","","","","",9.,1,6.2,1,"","","","","","","","","","","","","","","","","","","","","","","","","","",84,1,"","","","","","","","","","","","",9.6,1,1024.4,1,1005.8,1,"","","",1,5,1,5,1,5,1,0,1,0,1,"","","","","","","","","","","","","","","","","","","","","","","","",20000,1,"","",1,1,2,1,"","","","","","","","","","","","","","","","","","","","","","","","","","","","","","","","","","","","","","","","","","","","","","","","","","","","","","","","","","","","","","","","","",""
"31069001","TOULOUSE-BLAGNAC",43.621,1.378833,151,1968031900,"","","","",2.,1,280,1,"","","","","","","","","","","","","","","","","","","","","","","","","","","","",7.2,1,5.6,1,"","","","","","","","","","","","","","","","","","","","","","","","","","",90,1,"","","","","","","","","","","","",9.2,1,1024.5,1,1005.8,1,"","","",1,7,1,0,1,5,1,4,1,"","","","","","","","","","","","","","","","","","","","","","","","","","",20000,1,"","",2,1,2,1,"","","","","","","","","","","","","","","","","","","","","","","","","","","","","","","","","","","","","","","","","","","","","","","","","","","","","","","","","","","","","","","","","",""
"31069001","TOULOUSE-BLAGNAC",43.621,1.378833,151,1968031903,"","","","",2.,1,280,1,"","","","","","","","","","","","","","","","","","","","","","","","","","","","",5.3,1,4.3,1,"","","","","","","","","","","","","","","","","","","","","","","","","","",94,1,"","","","","","","","","","","","",8.4,1,1023.6,1,1004.8,1,"","","",1,3,1,0,1,0,1,4,1,0,1,"","","","","","","","","","","","","","","","","","","","","","","","",20000,1,"","",2,1,1,1,"","","","","","","","","","","","","","","","","","","","","","","","","","","","","","","","","","","","","","","","","","","","","","","","","","","","","","","","","","","","","","","","","",""
"31069001","TOULOUSE-BLAGNAC",43.621,1.378833,151,1968031906,"","","","",2.,1,220,1,"","","","","","","","","","","","","","","","","","","","","","","","","","","","",4.8,1,4.,1,"","","","","","","","","","","","","","","","","","","","","","","","","","",95,1,"","","","","","","","","","","","",8.2,1,1023.2,1,1004.4,1,"","","",1,6,1,5,1,0,1,4,1,4,1,"","","","","","","","","","","","","","","","","","","","","","","","",20000,1,"","",3,1,1,1,"","",0,1,"","","","","","","","","","","","","","","","","","","","","","","","","","","","","","","","","","","","","","","","","","","","","","","","","","","","","","","","","","","","","",""
"31069001","TOULOUSE-BLAGNAC",43.621,1.378833,151,1968031909,"","","","",3.,1,120,1,"","","","","","","","","","","","","","","","","","","","","","","","","","","","",8.6,1,4.8,1,"","","","","","","","","","","","","","","","","","","","","","","","","","",78,1,"","","","","","","","","","","","",8.7,1,1023.4,1,1004.8,1,"","","",1,6,1,5,1,2,1,4,1,2,1,"","","","","","","","","","","","","","","","","","","","","","","","",12000,1,"","",2,1,2,1,"","","","","","","","","","","","","","","","","","","","","","","","","","","","","","","","","","","","","","","","","","","","","","","","","","","","","","","","","","","","","","","","","",""
"31069001","TOULOUSE-BLAGNAC",43.621,1.378833,151,1968031912,"","","","",4.,1,80,1,"","","","","","","","","","","","","","","","","","","","","","","","","","","","",12.,1,1.6,1,"","","","","","","","","","","","","","","","","","","","","","","","","","",50,1,"","","","","","","","","","","","",6.9,1,1020.1,1,1001.8,1,"","","",1,5,1,5,1,0,1,4,1,2,1,"","","","","","","","","","","","","","","","","","","","","","","","",30000,1,"","",2,1,2,1,"","","","","","","","","","","","","","","","","","","","","","","","","","","","","","","","","","","","","","","","","","","","","","","","","","","","","","","","","","","","","","","","","",""
"31069001","TOULOUSE-BLAGNAC",43.621,1.378833,151,1968031915,"","","","",4.,1,140,1,"","","","","","","","","","","","","","","","","","","","","","","","","","","","",14.,1,-0.7,1,"","","","","","","","","","","","","","","","","","","","","","","","","","",36,1,"","","","","","","","","","","","",5.8,1,1016.3,1,998.2,1,"","","",1,7,1,6,1,0,1,8,1,5,1,"","","","","","","","","","","","","","","","","","","","","","","","",40000,1,"","",3,1,2,1,"","","","","","","","","","","","","","","","","","","","","","","","","","","","","","","","","","","","","","","","","","","","","","","","","","","","","","","","","","","","","","","","","",""
"31069001","TOULOUSE-BLAGNAC",43.621,1.378833,151,1968031918,"","","","",5.,1,140,1,"","","","","","","","","","","","","","","","","","","","","","","","","","","","",12.9,1,-1.9,1,"","","","","","","","","","","","","","","","","","","","","","","","","","",36,1,"","","","","","","","","","","","",5.3,1,1013.5,1,995.3,1,"","","",1,7,1,7,1,0,1,8,1,2,1,"","","","","","","","","","","","","","","","","","","","","","","","",20000,1,"","",2,1,2,1,"","","","","","","","","","","","","","","","","","","","","","","","","","","","","","","","","","","","","","","","","","","","","","","","","","","","","","","","","","","","","","","","","",""
"31069001","TOULOUSE-BLAGNAC",43.621,1.378833,151,1968031921,"","","","",6.,1,140,1,"","","","","","","","","","","","","","","","","","","","","","","","","","","","",10.8,1,-1.4,1,"","","","","","","","","","","","","","","","","","","","","","","","","","",43,1,"","","","","","","","","","","","",5.5,1,1012.2,1,993.9,1,"","","",1,7,1,5,1,0,1,4,1,2,1,"","","","","","","","","","","","","","","","","","","","","","","","",20000,1,"","",2,1,2,1,"","","","","","","","","","","","","","","","","","","","","","","","","","","","","","","","","","","","","","","","","","","","","","","","","","","","","","","","","","","","","","","","","",""
"31069001","TOULOUSE-BLAGNAC",43.621,1.378833,151,1968032000,"","","","",6.,1,160,1,"","","","","","","","","","","","","","","","","","","","","","","","","","","","",9.,1,5.6,1,"","","","","","","","","","","","","","","","","","","","","","","","","","",80,1,"","","","","","","","","","","","",9.2,1,1011.1,1,992.8,1,"","","",1,6,1,5,1,0,1,4,1,2,1,"","","","","","","","","","","","","","","","","","","","","","","","",20000,1,"","",1,1,2,1,"","","","","","","","","","","","","","","","","","","","","","","","","","","","","","","","","","","","","","","","","","","","","","","","","","","","","","","","","","","","","","","","","",""
"31069001","TOULOUSE-BLAGNAC",43.621,1.378833,151,1968032003,"","","","",5.,1,160,1,"","","","","","","","","","","","","","","","","","","","","","","","","","","","",9.,1,6.8,1,"","","","","","","","","","","","","","","","","","","","","","","","","","",87,1,"","","","","","","","","","","","",10.,1,1009.5,1,991.2,1,"","","",1,7,1,7,1,0,1,5,1,"","","","","","","","","","","","","","","","","","","","","","","","","","",20000,1,"","",3,1,1,1,"","","","","","","","","","","","","","","","","","","","","","","","","","","","","","","","","","","","","","","","","","","","","","","","","","","","","","","","","","","","","","","","","",""
"31069001","TOULOUSE-BLAGNAC",43.621,1.378833,151,1968032006,"","","","",5.,1,160,1,"","","","","","","","","","","","","","","","","","","","","","","","","","","","",10.,1,6.4,1,"","","","","","","","","","","","","","","","","","","","","","","","","","",79,1,"","","","","","","","","","","","",9.7,1,1009.5,1,991.3,1,"","","",1,8,1,5,1,5,1,7,1,"","","","","","","","","","","","","","","","","","","","","","","","","","",20000,1,"","",21,1,1,1,"","",1,1,"","","","","","","","","","","","","","","","","","","","","","","","","","","","","","","","","","","","","","","","","","","","","","","","","","","","","","","","","","","","","",""
"31069001","TOULOUSE-BLAGNAC",43.621,1.378833,151,1968032009,"","","","",5.,1,160,1,"","","","","","","","","","","","","","","","","","","","","","","","","","","","",9.8,1,8.4,1,"","","","","","","","","","","","","","","","","","","","","","","","","","",92,1,"","","","","","","","","","","","",11.2,1,1011.5,1,993.2,1,"","","",1,8,1,5,1,5,1,7,1,"","","","","","","","","","","","","","","","","","","","","","","","","","",6000,1,"","",61,1,2,1,"","","","","","","","","","","","","","","","","","","","","","","","","","","","","","","","","","","","","","","","","","","","","","","","","","","","","","","","","","","","","","","","","",""
"31069001","TOULOUSE-BLAGNAC",43.621,1.378833,151,1968032012,"","","","",3.,1,240,1,"","","","","","","","","","","","","","","","","","","","","","","","","","","","",10.3,1,9.4,1,"","","","","","","","","","","","","","","","","","","","","","","","","","",96,1,"","","","","","","","","","","","",12.,1,1011.9,1,993.7,1,"","","",1,8,1,7,1,5,1,"","","","","","","","","","","","","","","","","","","","","","","","","","","","",7000,1,"","",61,1,2,1,"","","","","","","","","","","","","","","","","","","","","","","","","","","","","","","","","","","","","","","","","","","","","","","","","","","","","","","","","","","","","","","","","",""
"31069001","TOULOUSE-BLAGNAC",43.621,1.378833,151,1968032015,"","","","",4.,1,300,1,"","","","","","","","","","","","","","","","","","","","","","","","","","","","",10.6,1,9.8,1,"","","","","","","","","","","","","","","","","","","","","","","","","","",96,1,"","","","","","","","","","","","",12.3,1,1011.9,1,993.7,1,"","","",1,8,1,5,1,5,1,7,1,"","","","","","","","","","","","","","","","","","","","","","","","","","",8000,1,"","",21,1,6,1,"","","","","","","","","","","","","","","","","","","","","","","","","","","","","","","","","","","","","","","","","","","","","","","","","","","","","","","","","","","","","","","","","",""
"31069001","TOULOUSE-BLAGNAC",43.621,1.378833,151,1968032018,"","","","",1.,1,280,1,"","","","","","","","","","","","","","","","","","","","","","","","","","","","",9.4,1,8.,1,"","","","","","","","","","","","","","","","","","","","","","","","","","",92,1,"","","","","","","","","","","","",10.9,1,1012.4,1,994.1,1,"","","",1,7,1,7,1,5,1,"","","","","","","","","","","","","","","","","","","","","","","","","","","","",30000,1,"","",3,1,8,1,"","","","","","","","","","","","","","","","","","","","","","","","","","","","","","","","","","","","","","","","","","","","","","","","","","","","","","","","","","","","","","","","","",""
"31069001","TOULOUSE-BLAGNAC",43.621,1.378833,151,1968032021,"","","","",2.,1,160,1,"","","","","","","","","","","","","","","","","","","","","","","","","","","","",8.2,1,7.3,1,"","","","","","","","","","","","","","","","","","","","","","","","","","",96,1,"","","","","","","","","","","","",10.4,1,1012.1,1,993.7,1,"","","",1,4,1,0,1,0,1,3,1,0,1,"","","","","","","","","","","","","","","","","","","","","","","","",20000,1,"","",1,1,1,1,"","","","","","","","","","","","","","","","","","","","","","","","","","","","","","","","","","","","","","","","","","","","","","","","","","","","","","","","","","","","","","","","","",""
"31069001","TOULOUSE-BLAGNAC",43.621,1.378833,151,1968032100,"","","","",3.,1,140,1,"","","","","","","","","","","","","","","","","","","","","","","","","","","","",5.8,1,5.5,1,"","","","","","","","","","","","","","","","","","","","","","","","","","",98,1,"","","","","","","","","","","","",9.1,1,1010.,1,991.5,1,"","","",1,0,1,"","",0,1,0,1,0,1,"","","","","","","","","","","","","","","","","","","","","","","","",20000,1,"","",2,1,1,1,"","","","","","","","","","","","","","","","","","","","","","","","","","","","","","","","","","","","","","","","","","","","","","","","","","","","","","","","","","","","","","","","","",""
"31069001","TOULOUSE-BLAGNAC",43.621,1.378833,151,1968032103,"","","","",7.,1,140,1,"","","","","","","","","","","","","","","","","","","","","","","","","","","","",9.4,1,8.,1,"","","","","","","","","","","","","","","","","","","","","","","","","","",92,1,"","","","","","","","","","","","",10.9,1,1006.8,1,988.6,1,"","","",1,8,1,8,1,6,1,"","","","","","","","","","","","","","","","","","","","","","","","","","","","",15000,1,"","",2,1,2,1,"","","","","","","","","","","","","","","","","","","","","","","","","","","","","","","","","","","","","","","","","","","","","","","","","","","","","","","","","","","","","","","","","",""
"31069001","TOULOUSE-BLAGNAC",43.621,1.378833,151,1968032106,"","","","",3.,1,160,1,"","","","","","","","","","","","","","","","","","","","","","","","","","","","",9.9,1,8.3,1,"","","","","","","","","","","","","","","","","","","","","","","","","","",91,1,"","","","","","","","","","","","",11.1,1,1006.3,1,988.1,1,"","","",1,7,1,7,1,6,1,"","","","","","","","","","","","","","","","","","","","","","","","","","","","",8000,1,"","",1,1,2,1,"","",2,1,"","","","","","","","","","","","","","","","","","","","","","","","","","","","","","","","","","","","","","","","","","","","","","","","","","","","","","","","","","","","","",""
"31069001","TOULOUSE-BLAGNAC",43.621,1.378833,151,1968032109,"","","","",9.,1,280,1,"","","","","","","","","","","","","","","","","","","","","","","","","","","","",9.7,1,7.3,1,"","","","","","","","","","","","","","","","","","","","","","","","","","",87,1,"","","","","","","","","","","","",10.4,1,1010.,1,991.7,1,"","","",1,8,1,5,1,8,1,"","","","","","","","","","","","","","","","","","","","","","","","","","","","",10000,1,"","",80,1,2,1,"","","","","","","","","","","","","","","","","","","","","","","","","","","","","","","","","","","","","","","","","","","","","","","","","","","","","","","","","","","","","","","","","",""
"31069001","TOULOUSE-BLAGNAC",43.621,1.378833,151,1968032112,"","","","",8.,1,280,1,"","","","","","","","","","","","","","","","","","","","","","","","","","","","",5.6,1,4.2,1,"","","","","","","","","","","","","","","","","","","","","","","","","","",91,1,"","","","","","","","","","","","",8.3,1,1014.2,1,995.6,1,"","","",1,8,1,5,1,5,1,2,1,"","","","","","","","","","","","","","","","","","","","","","","","","","",10000,1,"","",61,1,8,1,"","","","","","","","","","","","","","","","","","","","","","","","","","","","","","","","","","","","","","","","","","","","","","","","","","","","","","","","","","","","","","","","","",""
"31069001","TOULOUSE-BLAGNAC",43.621,1.378833,151,1968032115,"","","","",4.,1,180,1,"","","","","","","","","","","","","","","","","","","","","","","","","","","","",6.8,1,4.3,1,"","","","","","","","","","","","","","","","","","","","","","","","","","",85,1,"","","","","","","","","","","","",8.4,1,1014.9,1,996.4,1,"","","",1,7,1,5,1,8,1,"","","","","","","","","","","","","","","","","","","","","","","","","","","","",8000,1,"","",80,1,6,1,"","","","","","","","","","","","","","","","","","","","","","","","","","","","","","","","","","","","","","","","","","","","","","","","","","","","","","","","","","","","","","","","","",""
"31069001","TOULOUSE-BLAGNAC",43.621,1.378833,151,1968032118,"","","","",4.,1,280,1,"","","","","","","","","","","","","","","","","","","","","","","","","","","","",9.,1,3.3,1,"","","","","","","","","","","","","","","","","","","","","","","","","","",69,1,"","","","","","","","","","","","",7.8,1,1015.,1,996.6,1,"","","",1,1,1,0,1,4,1,0,1,0,1,"","","","","","","","","","","","","","","","","","","","","","","","",40000,1,"","",1,1,8,1,"","","","","","","","","","","","","","","","","","","","","","","","","","","","","","","","","","","","","","","","","","","","","","","","","","","","","","","","","","","","","","","","","",""
"31069001","TOULOUSE-BLAGNAC",43.621,1.378833,151,1968032121,"","","","",3.,1,220,1,"","","","","","","","","","","","","","","","","","","","","","","","","","","","",5.1,1,2.4,1,"","","","","","","","","","","","","","","","","","","","","","","","","","",83,1,"","","","","","","","","","","","",7.3,1,1017.1,1,998.4,1,"","","",1,0,1,"","",0,1,0,1,0,1,"","","","","","","","","","","","","","","","","","","","","","","","",25000,1,"","",1,1,0,1,"","","","","","","","","","","","","","","","","","","","","","","","","","","","","","","","","","","","","","","","","","","","","","","","","","","","","","","","","","","","","","","","","",""
"31069001","TOULOUSE-BLAGNAC",43.621,1.378833,151,1968032200,"","","","",3.,1,180,1,"","","","","","","","","","","","","","","","","","","","","","","","","","","","",2.9,1,1.,1,"","","","","","","","","","","","","","","","","","","","","","","","","","",88,1,"","","","","","","","","","","","",6.6,1,1016.8,1,997.9,1,"","","",1,0,1,"","",0,1,0,1,0,1,"","","","","","","","","","","","","","","","","","","","","","","","",20000,1,"","",2,1,0,1,"","","","","","","","","","","","","","","","","","","","","","","","","","","","","","","","","","","","","","","","","","","","","","","","","","","","","","","","","","","","","","","","","",""
"31069001","TOULOUSE-BLAGNAC",43.621,1.378833,151,1968032203,"","","","",2.,1,140,1,"","","","","","","","","","","","","","","","","","","","","","","","","","","","",2.,1,1.,1,"","","","","","","","","","","","","","","","","","","","","","","","","","",95,1,"","","","","","","","","","","","",6.6,1,1013.4,1,994.5,1,"","","",1,0,1,"","",0,1,0,1,0,1,"","","","","","","","","","","","","","","","","","","","","","","","",20000,1,"","",2,1,0,1,"","","","","","","","","","","","","","","","","","","","","","","","","","","","","","","","","","","","","","","","","","","","","","","","","","","","","","","","","","","","","","","","","",""
"31069001","TOULOUSE-BLAGNAC",43.621,1.378833,151,1968032206,"","","","",4.,1,140,1,"","","","","","","","","","","","","","","","","","","","","","","","","","","","",3.8,1,1.6,1,"","","","","","","","","","","","","","","","","","","","","","","","","","",87,1,"","","","","","","","","","","","",6.9,1,1013.5,1,994.8,1,"","","",1,8,1,8,1,5,1,"","","","","","","","","","","","","","","","","","","","","","","","","","","","",10000,1,"","",61,1,2,1,"","",2,1,"","","","","","","","","","","","","","","","","","","","","","","","","","","","","","","","","","","","","","","","","","","","","","","","","","","","","","","","","","","","","",""
"31069001","TOULOUSE-BLAGNAC",43.621,1.378833,151,1968032209,"","","","",4.,1,200,1,"","","","","","","","","","","","","","","","","","","","","","","","","","","","",6.,1,3.5,1,"","","","","","","","","","","","","","","","","","","","","","","","","","",85,1,"","","","","","","","","","","","",7.9,1,1016.3,1,997.7,1,"","","",1,8,1,8,1,5,1,"","","","","","","","","","","","","","","","","","","","","","","","","","","","",7000,1,"","",61,1,6,1,"","","","","","","","","","","","","","","","","","","","","","","","","","","","","","","","","","","","","","","","","","","","","","","","","","","","","","","","","","","","","","","","","",""
"31069001","TOULOUSE-BLAGNAC",43.621,1.378833,151,1968032212,"","","","",6.,1,280,1,"","","","","","","","","","","","","","","","","","","","","","","","","","","","",9.6,1,6.1,1,"","","","","","","","","","","","","","","","","","","","","","","","","","",79,1,"","","","","","","","","","","","",9.5,1,1018.3,1,999.9,1,"","","",1,8,1,8,1,8,1,"","","","","","","","","","","","","","","","","","","","","","","","","","","","",8000,1,"","",80,1,8,1,"","","","","","","","","","","","","","","","","","","","","","","","","","","","","","","","","","","","","","","","","","","","","","","","","","","","","","","","","","","","","","","","","",""
"31069001","TOULOUSE-BLAGNAC",43.621,1.378833,151,1968032215,"","","","",5.,1,280,1,"","","","","","","","","","","","","","","","","","","","","","","","","","","","",10.,1,7.3,1,"","","","","","","","","","","","","","","","","","","","","","","","","","",85,1,"","","","","","","","","","","","",10.4,1,1019.7,1,1001.3,1,"","","",1,6,1,5,1,8,1,0,1,2,1,"","","","","","","","","","","","","","","","","","","","","","","","",15000,1,"","",2,1,8,1,"","","","","","","","","","","","","","","","","","","","","","","","","","","","","","","","","","","","","","","","","","","","","","","","","","","","","","","","","","","","","","","","","",""
"31069001","TOULOUSE-BLAGNAC",43.621,1.378833,151,1968032218,"","","","",4.,1,280,1,"","","","","","","","","","","","","","","","","","","","","","","","","","","","",10.6,1,5.8,1,"","","","","","","","","","","","","","","","","","","","","","","","","","",72,1,"","","","","","","","","","","","",9.3,1,1021.,1,1002.6,1,"","","",1,6,1,5,1,4,1,4,1,2,1,"","","","","","","","","","","","","","","","","","","","","","","","",15000,1,"","",3,1,8,1,"","","","","","","","","","","","","","","","","","","","","","","","","","","","","","","","","","","","","","","","","","","","","","","","","","","","","","","","","","","","","","","","","",""
"31069001","TOULOUSE-BLAGNAC",43.621,1.378833,151,1968032221,"","","","",4.,1,240,1,"","","","","","","","","","","","","","","","","","","","","","","","","","","","",9.8,1,5.8,1,"","","","","","","","","","","","","","","","","","","","","","","","","","",77,1,"","","","","","","","","","","","",9.3,1,1022.2,1,1003.7,1,"","","",1,8,1,8,1,5,1,"","","","","","","","","","","","","","","","","","","","","","","","","","","","",20000,1,"","",2,1,2,1,"","","","","","","","","","","","","","","","","","","","","","","","","","","","","","","","","","","","","","","","","","","","","","","","","","","","","","","","","","","","","","","","","",""
"31069001","TOULOUSE-BLAGNAC",43.621,1.378833,151,1968032300,"","","","",3.,1,180,1,"","","","","","","","","","","","","","","","","","","","","","","","","","","","",8.6,1,5.6,1,"","","","","","","","","","","","","","","","","","","","","","","","","","",82,1,"","","","","","","","","","","","",9.2,1,1023.6,1,1005.,1,"","","",1,8,1,8,1,5,1,"","","","","","","","","","","","","","","","","","","","","","","","","","","","",20000,1,"","",3,1,2,1,"","","","","","","","","","","","","","","","","","","","","","","","","","","","","","","","","","","","","","","","","","","","","","","","","","","","","","","","","","","","","","","","","",""
"31069001","TOULOUSE-BLAGNAC",43.621,1.378833,151,1968032303,"","","","",2.,1,200,1,"","","","","","","","","","","","","","","","","","","","","","","","","","","","",8.1,1,6.2,1,"","","","","","","","","","","","","","","","","","","","","","","","","","",89,1,"","","","","","","","","","","","",9.6,1,1023.7,1,1005.1,1,"","","",1,8,1,8,1,5,1,"","","","","","","","","","","","","","","","","","","","","","","","","","","","",20000,1,"","",2,1,6,1,"","","","","","","","","","","","","","","","","","","","","","","","","","","","","","","","","","","","","","","","","","","","","","","","","","","","","","","","","","","","","","","","","",""
"31069001","TOULOUSE-BLAGNAC",43.621,1.378833,151,1968032306,"","","","",2.,1,180,1,"","","","","","","","","","","","","","","","","","","","","","","","","","","","",7.6,1,6.1,1,"","","","","","","","","","","","","","","","","","","","","","","","","","",91,1,"","","","","","","","","","","","",9.5,1,1024.4,1,1005.7,1,"","","",1,7,1,6,1,5,1,"","","","","","","","","","","","","","","","","","","","","","","","","","","","",20000,1,"","",2,1,6,1,"","",2,1,"","","","","","","","","","","","","","","","","","","","","","","","","","","","","","","","","","","","","","","","","","","","","","","","","","","","","","","","","","","","","",""
"31069001","TOULOUSE-BLAGNAC",43.621,1.378833,151,1968032309,"","","","",2.,1,200,1,"","","","","","","","","","","","","","","","","","","","","","","","","","","","",12.3,1,7.3,1,"","","","","","","","","","","","","","","","","","","","","","","","","","",73,1,"","","","","","","","","","","","",10.4,1,1025.2,1,1006.8,1,"","","",1,5,1,0,1,8,1,0,1,2,1,"","","","","","","","","","","","","","","","","","","","","","","","",30000,1,"","",3,1,1,1,"","","","","","","","","","","","","","","","","","","","","","","","","","","","","","","","","","","","","","","","","","","","","","","","","","","","","","","","","","","","","","","","","",""
"31069001","TOULOUSE-BLAGNAC",43.621,1.378833,151,1968032312,"","","","",3.,1,120,1,"","","","","","","","","","","","","","","","","","","","","","","","","","","","",15.8,1,7.5,1,"","","","","","","","","","","","","","","","","","","","","","","","","","",59,1,"","","","","","","","","","","","",10.5,1,1023.8,1,1005.7,1,"","","",1,5,1,0,1,2,1,0,1,1,1,"","","","","","","","","","","","","","","","","","","","","","","","",30000,1,"","",2,1,1,1,"","","","","","","","","","","","","","","","","","","","","","","","","","","","","","","","","","","","","","","","","","","","","","","","","","","","","","","","","","","","","","","","","",""
"31069001","TOULOUSE-BLAGNAC",43.621,1.378833,151,1968032315,"","","","",5.,1,100,1,"","","","","","","","","","","","","","","","","","","","","","","","","","","","",17.6,1,7.9,1,"","","","","","","","","","","","","","","","","","","","","","","","","","",54,1,"","","","","","","","","","","","",10.8,1,1021.,1,1003.,1,"","","",1,2,1,0,1,0,1,0,1,1,1,"","","","","","","","","","","","","","","","","","","","","","","","",30000,1,"","",1,1,1,1,"","","","","","","","","","","","","","","","","","","","","","","","","","","","","","","","","","","","","","","","","","","","","","","","","","","","","","","","","","","","","","","","","",""
"31069001","TOULOUSE-BLAGNAC",43.621,1.378833,151,1968032318,"","","","",7.,1,140,1,"","","","","","","","","","","","","","","","","","","","","","","","","","","","",16.9,1,5.9,1,"","","","","","","","","","","","","","","","","","","","","","","","","","",49,1,"","","","","","","","","","","","",9.4,1,1019.7,1,1001.7,1,"","","",1,5,1,5,1,0,1,0,1,1,1,"","","","","","","","","","","","","","","","","","","","","","","","",30000,1,"","",3,1,1,1,"","","","","","","","","","","","","","","","","","","","","","","","","","","","","","","","","","","","","","","","","","","","","","","","","","","","","","","","","","","","","","","","","",""
"31069001","TOULOUSE-BLAGNAC",43.621,1.378833,151,1968032321,"","","","",8.,1,120,1,"","","","","","","","","","","","","","","","","","","","","","","","","","","","",12.8,1,4.,1,"","","","","","","","","","","","","","","","","","","","","","","","","","",56,1,"","","","","","","","","","","","",8.2,1,1019.8,1,1001.5,1,"","","",1,0,1,"","",0,1,0,1,0,1,"","","","","","","","","","","","","","","","","","","","","","","","",30000,1,"","",1,1,0,1,"","","","","","","","","","","","","","","","","","","","","","","","","","","","","","","","","","","","","","","","","","","","","","","","","","","","","","","","","","","","","","","","","",""
"31069001","TOULOUSE-BLAGNAC",43.621,1.378833,151,1968032400,"","","","",4.,1,140,1,"","","","","","","","","","","","","","","","","","","","","","","","","","","","",10.6,1,4.8,1,"","","","","","","","","","","","","","","","","","","","","","","","","","",68,1,"","","","","","","","","","","","",8.7,1,1019.5,1,1001.1,1,"","","",1,0,1,"","",0,1,0,1,0,1,"","","","","","","","","","","","","","","","","","","","","","","","",20000,1,"","",2,1,0,1,"","","","","","","","","","","","","","","","","","","","","","","","","","","","","","","","","","","","","","","","","","","","","","","","","","","","","","","","","","","","","","","","","",""
"31069001","TOULOUSE-BLAGNAC",43.621,1.378833,151,1968032403,"","","","",4.,1,140,1,"","","","","","","","","","","","","","","","","","","","","","","","","","","","",9.9,1,7.3,1,"","","","","","","","","","","","","","","","","","","","","","","","","","",86,1,"","","","","","","","","","","","",10.4,1,1017.6,1,999.2,1,"","","",1,0,1,"","",0,1,0,1,0,1,"","","","","","","","","","","","","","","","","","","","","","","","",20000,1,"","",2,1,0,1,"","","","","","","","","","","","","","","","","","","","","","","","","","","","","","","","","","","","","","","","","","","","","","","","","","","","","","","","","","","","","","","","","",""
"31069001","TOULOUSE-BLAGNAC",43.621,1.378833,151,1968032406,"","","","",6.,1,140,1,"","","","","","","","","","","","","","","","","","","","","","","","","","","","",10.,1,7.1,1,"","","","","","","","","","","","","","","","","","","","","","","","","","",83,1,"","","","","","","","","","","","",10.2,1,1016.5,1,998.1,1,"","","",1,0,1,"","",0,1,0,1,0,1,"","","","","","","","","","","","","","","","","","","","","","","","",20000,1,"","",2,1,0,1,"","",0,1,"","","","","","","","","","","","","","","","","","","","","","","","","","","","","","","","","","","","","","","","","","","","","","","","","","","","","","","","","","","","","",""
"31069001","TOULOUSE-BLAGNAC",43.621,1.378833,151,1968032409,"","","","",6.,1,140,1,"","","","","","","","","","","","","","","","","","","","","","","","","","","","",14.6,1,7.2,1,"","","","","","","","","","","","","","","","","","","","","","","","","","",62,1,"","","","","","","","","","","","",10.3,1,1016.2,1,998.1,1,"","","",1,0,1,"","",0,1,0,1,0,1,"","","","","","","","","","","","","","","","","","","","","","","","",40000,1,"","",2,1,0,1,"","","","","","","","","","","","","","","","","","","","","","","","","","","","","","","","","","","","","","","","","","","","","","","","","","","","","","","","","","","","","","","","","",""
"31069001","TOULOUSE-BLAGNAC",43.621,1.378833,151,1968032412,"","","","",9.,1,140,1,"","","","","","","","","","","","","","","","","","","","","","","","","","","","",19.4,1,5.1,1,"","","","","","","","","","","","","","","","","","","","","","","","","","",39,1,"","","","","","","","","","","","",8.9,1,1014.8,1,997.,1,"","","",1,1,1,0,1,0,1,0,1,2,1,"","","","","","","","","","","","","","","","","","","","","","","","",50000,1,"","",2,1,0,1,"","","","","","","","","","","","","","","","","","","","","","","","","","","","","","","","","","","","","","","","","","","","","","","","","","","","","","","","","","","","","","","","","",""
"31069001","TOULOUSE-BLAGNAC",43.621,1.378833,151,1968032415,"","","","",10.,1,140,1,"","","","","","","","","","","","","","","","","","","","","","","","","","","","",21.6,1,3.1,1,"","","","","","","","","","","","","","","","","","","","","","","","","","",29,1,"","","","","","","","","","","","",7.7,1,1012.8,1,995.2,1,"","","",1,2,1,0,1,0,1,0,1,2,1,"","","","","","","","","","","","","","","","","","","","","","","","",50000,1,"","",2,1,0,1,"","","","","","","","","","","","","","","","","","","","","","","","","","","","","","","","","","","","","","","","","","","","","","","","","","","","","","","","","","","","","","","","","",""
"31069001","TOULOUSE-BLAGNAC",43.621,1.378833,151,1968032418,"","","","",11.,1,160,1,"","","","","","","","","","","","","","","","","","","","","","","","","","","","",15.2,1,6.5,1,"","","","","","","","","","","","","","","","","","","","","","","","","","",57,1,"","","","","","","","","","","","",9.8,1,1013.6,1,995.6,1,"","","",1,7,1,7,1,0,1,0,1,2,1,"","","","","","","","","","","","","","","","","","","","","","","","",30000,1,"","",2,1,2,1,"","","","","","","","","","","","","","","","","","","","","","","","","","","","","","","","","","","","","","","","","","","","","","","","","","","","","","","","","","","","","","","","","",""
"31069001","TOULOUSE-BLAGNAC",43.621,1.378833,151,1968032421,"","","","",9.,1,140,1,"","","","","","","","","","","","","","","","","","","","","","","","","","","","",12.6,1,6.9,1,"","","","","","","","","","","","","","","","","","","","","","","","","","",69,1,"","","","","","","","","","","","",10.1,1,1016.5,1,998.3,1,"","","",1,7,1,7,1,0,1,4,1,2,1,"","","","","","","","","","","","","","","","","","","","","","","","",30000,1,"","",2,1,2,1,"","","","","","","","","","","","","","","","","","","","","","","","","","","","","","","","","","","","","","","","","","","","","","","","","","","","","","","","","","","","","","","","","",""
"31069001","TOULOUSE-BLAGNAC",43.621,1.378833,151,1968032500,"","","","",9.,1,140,1,"","","","","","","","","","","","","","","","","","","","","","","","","","","","",12.,1,6.9,1,"","","","","","","","","","","","","","","","","","","","","","","","","","",72,1,"","","","","","","","","","","","",10.1,1,1016.6,1,998.4,1,"","","",1,6,1,5,1,0,1,4,1,2,1,"","","","","","","","","","","","","","","","","","","","","","","","",20000,1,"","",1,1,2,1,"","","","","","","","","","","","","","","","","","","","","","","","","","","","","","","","","","","","","","","","","","","","","","","","","","","","","","","","","","","","","","","","","",""
"31069001","TOULOUSE-BLAGNAC",43.621,1.378833,151,1968032503,"","","","",7.,1,140,1,"","","","","","","","","","","","","","","","","","","","","","","","","","","","",11.4,1,8.,1,"","","","","","","","","","","","","","","","","","","","","","","","","","",81,1,"","","","","","","","","","","","",10.9,1,1016.9,1,998.6,1,"","","",1,7,1,5,1,0,1,4,1,2,1,"","","","","","","","","","","","","","","","","","","","","","","","",20000,1,"","",2,1,2,1,"","","","","","","","","","","","","","","","","","","","","","","","","","","","","","","","","","","","","","","","","","","","","","","","","","","","","","","","","","","","","","","","","",""
"31069001","TOULOUSE-BLAGNAC",43.621,1.378833,151,1968032506,"","","","",7.,1,160,1,"","","","","","","","","","","","","","","","","","","","","","","","","","","","",11.8,1,8.4,1,"","","","","","","","","","","","","","","","","","","","","","","","","","",81,1,"","","","","","","","","","","","",11.2,1,1016.9,1,998.7,1,"","","",1,6,1,6,1,0,1,4,1,2,1,"","","","","","","","","","","","","","","","","","","","","","","","",20000,1,"","",1,1,2,1,"","",0,1,"","","","","","","","","","","","","","","","","","","","","","","","","","","","","","","","","","","","","","","","","","","","","","","","","","","","","","","","","","","","","",""
"31069001","TOULOUSE-BLAGNAC",43.621,1.378833,151,1968032509,"","","","",8.,1,160,1,"","","","","","","","","","","","","","","","","","","","","","","","","","","","",12.6,1,8.8,1,"","","","","","","","","","","","","","","","","","","","","","","","","","",79,1,"","","","","","","","","","","","",11.5,1,1017.9,1,999.7,1,"","","",1,8,1,7,1,5,1,"","","","","","","","","","","","","","","","","","","","","","","","","","","","",8000,1,"","",3,1,2,1,"","","","","","","","","","","","","","","","","","","","","","","","","","","","","","","","","","","","","","","","","","","","","","","","","","","","","","","","","","","","","","","","","",""
"31069001","TOULOUSE-BLAGNAC",43.621,1.378833,151,1968032512,"","","","",3.,1,280,1,"","","","","","","","","","","","","","","","","","","","","","","","","","","","",11.4,1,8.,1,"","","","","","","","","","","","","","","","","","","","","","","","","","",81,1,"","","","","","","","","","","","",10.9,1,1019.2,1,1000.9,1,"","","",1,8,1,7,1,5,1,"","","","","","","","","","","","","","","","","","","","","","","","","","","","",12000,1,"","",2,1,2,1,"","","","","","","","","","","","","","","","","","","","","","","","","","","","","","","","","","","","","","","","","","","","","","","","","","","","","","","","","","","","","","","","","",""
"31069001","TOULOUSE-BLAGNAC",43.621,1.378833,151,1968032515,"","","","",2.,1,260,1,"","","","","","","","","","","","","","","","","","","","","","","","","","","","",11.3,1,7.7,1,"","","","","","","","","","","","","","","","","","","","","","","","","","",80,1,"","","","","","","","","","","","",10.7,1,1019.2,1,1000.9,1,"","","",1,8,1,8,1,5,1,"","","","","","","","","","","","","","","","","","","","","","","","","","","","",10000,1,"","",2,1,2,1,"","","","","","","","","","","","","","","","","","","","","","","","","","","","","","","","","","","","","","","","","","","","","","","","","","","","","","","","","","","","","","","","","",""
"31069001","TOULOUSE-BLAGNAC",43.621,1.378833,151,1968032518,"","","","",4.,1,300,1,"","","","","","","","","","","","","","","","","","","","","","","","","","","","",10.2,1,7.9,1,"","","","","","","","","","","","","","","","","","","","","","","","","","",87,1,"","","","","","","","","","","","",10.8,1,1020.4,1,1002.,1,"","","",1,8,1,8,1,5,1,"","","","","","","","","","","","","","","","","","","","","","","","","","","","",10000,1,"","",3,1,2,1,"","","","","","","","","","","","","","","","","","","","","","","","","","","","","","","","","","","","","","","","","","","","","","","","","","","","","","","","","","","","","","","","","",""
"31069001","TOULOUSE-BLAGNAC",43.621,1.378833,151,1968032521,"","","","",2.,1,280,1,"","","","","","","","","","","","","","","","","","","","","","","","","","","","",8.3,1,7.5,1,"","","","","","","","","","","","","","","","","","","","","","","","","","",96,1,"","","","","","","","","","","","",10.5,1,1023.2,1,1004.6,1,"","","",1,8,1,8,1,7,1,"","","","","","","","","","","","","","","","","","","","","","","","","","","","",4000,1,"","",51,1,2,1,"","","","","","","","","","","","","","","","","","","","","","","","","","","","","","","","","","","","","","","","","","","","","","","","","","","","","","","","","","","","","","","","","",""
"31069001","TOULOUSE-BLAGNAC",43.621,1.378833,151,1968032600,"","","","",3.,1,280,1,"","","","","","","","","","","","","","","","","","","","","","","","","","","","",7.4,1,6.8,1,"","","","","","","","","","","","","","","","","","","","","","","","","","",97,1,"","","","","","","","","","","","",10.,1,1025.6,1,1006.9,1,"","","",1,8,1,7,1,5,1,"","","","","","","","","","","","","","","","","","","","","","","","","","","","",4000,1,"","",51,1,2,1,"","","","","","","","","","","","","","","","","","","","","","","","","","","","","","","","","","","","","","","","","","","","","","","","","","","","","","","","","","","","","","","","","",""
"31069001","TOULOUSE-BLAGNAC",43.621,1.378833,151,1968032603,"","","","",4.,1,280,1,"","","","","","","","","","","","","","","","","","","","","","","","","","","","",7.2,1,6.6,1,"","","","","","","","","","","","","","","","","","","","","","","","","","",97,1,"","","","","","","","","","","","",9.9,1,1026.6,1,1007.9,1,"","","",1,8,1,5,1,5,1,"","","","","","","","","","","","","","","","","","","","","","","","","","","","",8000,1,"","",2,1,5,1,"","","","","","","","","","","","","","","","","","","","","","","","","","","","","","","","","","","","","","","","","","","","","","","","","","","","","","","","","","","","","","","","","",""
"31069001","TOULOUSE-BLAGNAC",43.621,1.378833,151,1968032606,"","","","",4.,1,260,1,"","","","","","","","","","","","","","","","","","","","","","","","","","","","",6.5,1,5.9,1,"","","","","","","","","","","","","","","","","","","","","","","","","","",97,1,"","","","","","","","","","","","",9.4,1,1029.8,1,1011.,1,"","","",1,8,1,8,1,6,1,"","","","","","","","","","","","","","","","","","","","","","","","","","","","",4000,1,"","",51,1,5,1,"","",1,1,"","","","","","","","","","","","","","","","","","","","","","","","","","","","","","","","","","","","","","","","","","","","","","","","","","","","","","","","","","","","","",""
"31069001","TOULOUSE-BLAGNAC",43.621,1.378833,151,1968032609,"","","","",3.,1,280,1,"","","","","","","","","","","","","","","","","","","","","","","","","","","","",7.1,1,6.1,1,"","","","","","","","","","","","","","","","","","","","","","","","","","",94,1,"","","","","","","","","","","","",9.5,1,1033.4,1,1014.5,1,"","","",1,8,1,8,1,6,1,"","","","","","","","","","","","","","","","","","","","","","","","","","","","",8000,1,"","",20,1,5,1,"","","","","","","","","","","","","","","","","","","","","","","","","","","","","","","","","","","","","","","","","","","","","","","","","","","","","","","","","","","","","","","","","",""
"31069001","TOULOUSE-BLAGNAC",43.621,1.378833,151,1968032612,"","","","",1.,1,220,1,"","","","","","","","","","","","","","","","","","","","","","","","","","","","",8.6,1,6.4,1,"","","","","","","","","","","","","","","","","","","","","","","","","","",87,1,"","","","","","","","","","","","",9.7,1,1034.4,1,1015.6,1,"","","",1,8,1,6,1,8,1,"","","","","","","","","","","","","","","","","","","","","","","","","","","","",8000,1,"","",2,1,5,1,"","","","","","","","","","","","","","","","","","","","","","","","","","","","","","","","","","","","","","","","","","","","","","","","","","","","","","","","","","","","","","","","","",""
"31069001","TOULOUSE-BLAGNAC",43.621,1.378833,151,1968032615,"","","","",1.,1,280,1,"","","","","","","","","","","","","","","","","","","","","","","","","","","","",11.6,1,7.1,1,"","","","","","","","","","","","","","","","","","","","","","","","","","",74,1,"","","","","","","","","","","","",10.2,1,1034.2,1,1015.6,1,"","","",1,7,1,5,1,8,1,"","","","","","","","","","","","","","","","","","","","","","","","","","","","",20000,1,"","",1,1,2,1,"","","","","","","","","","","","","","","","","","","","","","","","","","","","","","","","","","","","","","","","","","","","","","","","","","","","","","","","","","","","","","","","","",""
"31069001","TOULOUSE-BLAGNAC",43.621,1.378833,151,1968032618,"","","","",2.,1,340,1,"","","","","","","","","","","","","","","","","","","","","","","","","","","","",11.1,1,7.2,1,"","","","","","","","","","","","","","","","","","","","","","","","","","",78,1,"","","","","","","","","","","","",10.3,1,1034.8,1,1016.2,1,"","","",1,6,1,6,1,5,1,0,1,0,1,"","","","","","","","","","","","","","","","","","","","","","","","",20000,1,"","",1,1,2,1,"","","","","","","","","","","","","","","","","","","","","","","","","","","","","","","","","","","","","","","","","","","","","","","","","","","","","","","","","","","","","","","","","",""
"31069001","TOULOUSE-BLAGNAC",43.621,1.378833,151,1968032621,"","","","",1.,1,40,1,"","","","","","","","","","","","","","","","","","","","","","","","","","","","",9.4,1,7.6,1,"","","","","","","","","","","","","","","","","","","","","","","","","","",90,1,"","","","","","","","","","","","",10.6,1,1035.1,1,1016.4,1,"","","",1,8,1,8,1,5,1,"","","","","","","","","","","","","","","","","","","","","","","","","","","","",20000,1,"","",3,1,2,1,"","","","","","","","","","","","","","","","","","","","","","","","","","","","","","","","","","","","","","","","","","","","","","","","","","","","","","","","","","","","","","","","","",""
"31069001","TOULOUSE-BLAGNAC",43.621,1.378833,151,1968032700,"","","","",2.,1,80,1,"","","","","","","","","","","","","","","","","","","","","","","","","","","","",7.7,1,6.4,1,"","","","","","","","","","","","","","","","","","","","","","","","","","",93,1,"","","","","","","","","","","","",9.7,1,1034.1,1,1015.3,1,"","","",1,2,1,0,1,5,1,0,1,0,1,"","","","","","","","","","","","","","","","","","","","","","","","",6000,1,"","",2,1,1,1,"","","","","","","","","","","","","","","","","","","","","","","","","","","","","","","","","","","","","","","","","","","","","","","","","","","","","","","","","","","","","","","","","",""
"31069001","TOULOUSE-BLAGNAC",43.621,1.378833,151,1968032703,"","","","",2.,1,40,1,"","","","","","","","","","","","","","","","","","","","","","","","","","","","",8.,1,7.1,1,"","","","","","","","","","","","","","","","","","","","","","","","","","",94,1,"","","","","","","","","","","","",10.2,1,1032.9,1,1014.1,1,"","","",1,8,1,8,1,5,1,"","","","","","","","","","","","","","","","","","","","","","","","","","","","",6000,1,"","",2,1,2,1,"","","","","","","","","","","","","","","","","","","","","","","","","","","","","","","","","","","","","","","","","","","","","","","","","","","","","","","","","","","","","","","","","",""
"31069001","TOULOUSE-BLAGNAC",43.621,1.378833,151,1968032706,"","","","",2.,1,140,1,"","","","","","","","","","","","","","","","","","","","","","","","","","","","",8.7,1,7.1,1,"","","","","","","","","","","","","","","","","","","","","","","","","","",90,1,"","","","","","","","","","","","",10.2,1,1032.8,1,1014.1,1,"","","",1,8,1,6,1,6,1,"","","","","","","","","","","","","","","","","","","","","","","","","","","","",3000,1,"","",10,1,2,1,"","",0,1,"","","","","","","","","","","","","","","","","","","","","","","","","","","","","","","","","","","","","","","","","","","","","","","","","","","","","","","","","","","","","",""
"31069001","TOULOUSE-BLAGNAC",43.621,1.378833,151,1968032709,"","","","",1.,1,160,1,"","","","","","","","","","","","","","","","","","","","","","","","","","","","",9.6,1,7.3,1,"","","","","","","","","","","","","","","","","","","","","","","","","","",87,1,"","","","","","","","","","","","",10.4,1,1034.,1,1015.3,1,"","","",1,4,1,0,1,6,1,0,1,0,1,"","","","","","","","","","","","","","","","","","","","","","","","",4500,1,"","",10,1,1,1,"","","","","","","","","","","","","","","","","","","","","","","","","","","","","","","","","","","","","","","","","","","","","","","","","","","","","","","","","","","","","","","","","",""
"31069001","TOULOUSE-BLAGNAC",43.621,1.378833,151,1968032712,"","","","",4.,1,120,1,"","","","","","","","","","","","","","","","","","","","","","","","","","","","",17.,1,7.7,1,"","","","","","","","","","","","","","","","","","","","","","","","","","",55,1,"","","","","","","","","","","","",10.7,1,1031.8,1,1013.6,1,"","","",1,2,1,0,1,0,1,0,1,2,1,"","","","","","","","","","","","","","","","","","","","","","","","",15000,1,"","",2,1,1,1,"","","","","","","","","","","","","","","","","","","","","","","","","","","","","","","","","","","","","","","","","","","","","","","","","","","","","","","","","","","","","","","","","",""
"31069001","TOULOUSE-BLAGNAC",43.621,1.378833,151,1968032715,"","","","",8.,1,140,1,"","","","","","","","","","","","","","","","","","","","","","","","","","","","",22.3,1,-1.4,1,"","","","","","","","","","","","","","","","","","","","","","","","","","",20,1,"","","","","","","","","","","","",5.5,1,1028.9,1,1011.1,1,"","","",1,2,1,0,1,0,1,0,1,2,1,"","","","","","","","","","","","","","","","","","","","","","","","",30000,1,"","",2,1,0,1,"","","","","","","","","","","","","","","","","","","","","","","","","","","","","","","","","","","","","","","","","","","","","","","","","","","","","","","","","","","","","","","","","",""
"31069001","TOULOUSE-BLAGNAC",43.621,1.378833,151,1968032718,"","","","",6.,1,140,1,"","","","","","","","","","","","","","","","","","","","","","","","","","","","",20.,1,-1.2,1,"","","","","","","","","","","","","","","","","","","","","","","","","","",24,1,"","","","","","","","","","","","",5.6,1,1028.2,1,1010.2,1,"","","",1,3,1,0,1,0,1,0,1,2,1,"","","","","","","","","","","","","","","","","","","","","","","","",20000,1,"","",3,1,0,1,"","","","","","","","","","","","","","","","","","","","","","","","","","","","","","","","","","","","","","","","","","","","","","","","","","","","","","","","","","","","","","","","","",""
"31069001","TOULOUSE-BLAGNAC",43.621,1.378833,151,1968032721,"","","","",4.,1,140,1,"","","","","","","","","","","","","","","","","","","","","","","","","","","","",15.2,1,0.4,1,"","","","","","","","","","","","","","","","","","","","","","","","","","",37,1,"","","","","","","","","","","","",6.3,1,1028.8,1,1010.5,1,"","","",1,2,1,0,1,0,1,0,1,2,1,"","","","","","","","","","","","","","","","","","","","","","","","",20000,1,"","",2,1,0,1,"","","","","","","","","","","","","","","","","","","","","","","","","","","","","","","","","","","","","","","","","","","","","","","","","","","","","","","","","","","","","","","","","",""
"31069001","TOULOUSE-BLAGNAC",43.621,1.378833,151,1968032800,"","","","",4.,1,140,1,"","","","","","","","","","","","","","","","","","","","","","","","","","","","",12.2,1,1.6,1,"","","","","","","","","","","","","","","","","","","","","","","","","","",49,1,"","","","","","","","","","","","",6.9,1,1027.3,1,1008.9,1,"","","",1,0,1,"","",0,1,0,1,0,1,"","","","","","","","","","","","","","","","","","","","","","","","",20000,1,"","",2,1,0,1,"","","","","","","","","","","","","","","","","","","","","","","","","","","","","","","","","","","","","","","","","","","","","","","","","","","","","","","","","","","","","","","","","",""
"31069001","TOULOUSE-BLAGNAC",43.621,1.378833,151,1968032803,"","","","",4.,1,120,1,"","","","","","","","","","","","","","","","","","","","","","","","","","","","",10.4,1,2.4,1,"","","","","","","","","","","","","","","","","","","","","","","","","","",58,1,"","","","","","","","","","","","",7.3,1,1026.2,1,1007.7,1,"","","",1,2,1,0,1,0,1,0,1,2,1,"","","","","","","","","","","","","","","","","","","","","","","","",20000,1,"","",2,1,0,1,"","","","","","","","","","","","","","","","","","","","","","","","","","","","","","","","","","","","","","","","","","","","","","","","","","","","","","","","","","","","","","","","","",""
"31069001","TOULOUSE-BLAGNAC",43.621,1.378833,151,1968032806,"","","","",8.,1,120,1,"","","","","","","","","","","","","","","","","","","","","","","","","","","","",13.8,1,0.,1,"","","","","","","","","","","","","","","","","","","","","","","","","","",39,1,"","","","","","","","","","","","",6.1,1,1025.2,1,1006.9,1,"","","",1,3,1,0,1,0,1,0,1,2,1,"","","","","","","","","","","","","","","","","","","","","","","","",20000,1,"","",2,1,0,1,"","",0,1,"","","","","","","","","","","","","","","","","","","","","","","","","","","","","","","","","","","","","","","","","","","","","","","","","","","","","","","","","","","","","",""
"31069001","TOULOUSE-BLAGNAC",43.621,1.378833,151,1968032809,"","","","",6.,1,140,1,"","","","","","","","","","","","","","","","","","","","","","","","","","","","",16.7,1,4.2,1,"","","","","","","","","","","","","","","","","","","","","","","","","","",44,1,"","","","","","","","","","","","",8.3,1,1025.3,1,1007.2,1,"","","",1,6,1,6,1,0,1,0,1,2,1,"","","","","","","","","","","","","","","","","","","","","","","","",20000,1,"","",2,1,1,1,"","","","","","","","","","","","","","","","","","","","","","","","","","","","","","","","","","","","","","","","","","","","","","","","","","","","","","","","","","","","","","","","","",""
"31069001","TOULOUSE-BLAGNAC",43.621,1.378833,151,1968032812,"","","","",11.,1,140,1,"","","","","","","","","","","","","","","","","","","","","","","","","","","","",21.,1,2.,1,"","","","","","","","","","","","","","","","","","","","","","","","","","",28,1,"","","","","","","","","","","","",7.1,1,1023.8,1,1006.,1,"","","",1,6,1,6,1,0,1,0,1,2,1,"","","","","","","","","","","","","","","","","","","","","","","","",20000,1,"","",2,1,1,1,"","","","","","","","","","","","","","","","","","","","","","","","","","","","","","","","","","","","","","","","","","","","","","","","","","","","","","","","","","","","","","","","","",""
"31069001","TOULOUSE-BLAGNAC",43.621,1.378833,151,1968032815,"","","","",11.,1,120,1,"","","","","","","","","","","","","","","","","","","","","","","","","","","","",21.,1,0.2,1,"","","","","","","","","","","","","","","","","","","","","","","","","","",25,1,"","","","","","","","","","","","",6.2,1,1021.5,1,1003.7,1,"","","",1,5,1,5,1,0,1,0,1,1,1,"","","","","","","","","","","","","","","","","","","","","","","","",30000,1,"","",1,1,2,1,"","","","","","","","","","","","","","","","","","","","","","","","","","","","","","","","","","","","","","","","","","","","","","","","","","","","","","","","","","","","","","","","","",""
"31069001","TOULOUSE-BLAGNAC",43.621,1.378833,151,1968032818,"","","","",10.,1,120,1,"","","","","","","","","","","","","","","","","","","","","","","","","","","","",17.8,1,2.4,1,"","","","","","","","","","","","","","","","","","","","","","","","","","",35,1,"","","","","","","","","","","","",7.3,1,1020.6,1,1002.6,1,"","","",1,5,1,5,1,0,1,0,1,1,1,"","","","","","","","","","","","","","","","","","","","","","","","",30000,1,"","",2,1,2,1,"","","","","","","","","","","","","","","","","","","","","","","","","","","","","","","","","","","","","","","","","","","","","","","","","","","","","","","","","","","","","","","","","",""
"31069001","TOULOUSE-BLAGNAC",43.621,1.378833,151,1968032821,"","","","",12.,1,120,1,"","","","","","","","","","","","","","","","","","","","","","","","","","","","",15.8,1,1.,1,"","","","","","","","","","","","","","","","","","","","","","","","","","",37,1,"","","","","","","","","","","","",6.6,1,1019.,1,1000.9,1,"","","",1,2,1,0,1,0,1,0,1,1,1,"","","","","","","","","","","","","","","","","","","","","","","","",30000,1,"","",1,1,2,1,"","","","","","","","","","","","","","","","","","","","","","","","","","","","","","","","","","","","","","","","","","","","","","","","","","","","","","","","","","","","","","","","","",""
"31069001","TOULOUSE-BLAGNAC",43.621,1.378833,151,1968032900,"","","","",12.,1,120,1,"","","","","","","","","","","","","","","","","","","","","","","","","","","","",15.,1,0.6,1,"","","","","","","","","","","","","","","","","","","","","","","","","","",36,1,"","","","","","","","","","","","",6.4,1,1017.9,1,999.8,1,"","","",1,0,1,"","",0,1,0,1,0,1,"","","","","","","","","","","","","","","","","","","","","","","","",30000,1,"","",2,1,0,1,"","","","","","","","","","","","","","","","","","","","","","","","","","","","","","","","","","","","","","","","","","","","","","","","","","","","","","","","","","","","","","","","","",""
"31069001","TOULOUSE-BLAGNAC",43.621,1.378833,151,1968032903,"","","","",10.,1,140,1,"","","","","","","","","","","","","","","","","","","","","","","","","","","","",13.6,1,2.2,1,"","","","","","","","","","","","","","","","","","","","","","","","","","",46,1,"","","","","","","","","","","","",7.2,1,1017.,1,998.8,1,"","","",1,0,1,"","",0,1,0,1,0,1,"","","","","","","","","","","","","","","","","","","","","","","","",30000,1,"","",2,1,0,1,"","","","","","","","","","","","","","","","","","","","","","","","","","","","","","","","","","","","","","","","","","","","","","","","","","","","","","","","","","","","","","","","","",""
"31069001","TOULOUSE-BLAGNAC",43.621,1.378833,151,1968032906,"","","","",8.,1,140,1,"","","","","","","","","","","","","","","","","","","","","","","","","","","","",12.,1,5.3,1,"","","","","","","","","","","","","","","","","","","","","","","","","","",64,1,"","","","","","","","","","","","",9.,1,1016.,1,997.8,1,"","","",1,3,1,0,1,0,1,0,1,1,1,"","","","","","","","","","","","","","","","","","","","","","","","",30000,1,"","",2,1,0,1,"","",0,1,"","","","","","","","","","","","","","","","","","","","","","","","","","","","","","","","","","","","","","","","","","","","","","","","","","","","","","","","","","","","","",""
"31069001","TOULOUSE-BLAGNAC",43.621,1.378833,151,1968032909,"","","","",11.,1,140,1,"","","","","","","","","","","","","","","","","","","","","","","","","","","","",16.2,1,4.,1,"","","","","","","","","","","","","","","","","","","","","","","","","","",45,1,"","","","","","","","","","","","",8.2,1,1016.1,1,998.1,1,"","","",1,5,1,5,1,0,1,4,1,2,1,"","","","","","","","","","","","","","","","","","","","","","","","",30000,1,"","",1,1,1,1,"","","","","","","","","","","","","","","","","","","","","","","","","","","","","","","","","","","","","","","","","","","","","","","","","","","","","","","","","","","","","","","","","",""
"31069001","TOULOUSE-BLAGNAC",43.621,1.378833,151,1968032912,"","","","",11.,1,140,1,"","","","","","","","","","","","","","","","","","","","","","","","","","","","",18.3,1,2.6,1,"","","","","","","","","","","","","","","","","","","","","","","","","","",35,1,"","","","","","","","","","","","",7.4,1,1014.9,1,997.1,1,"","","",1,6,1,6,1,0,1,4,1,2,1,"","","","","","","","","","","","","","","","","","","","","","","","",40000,1,"","",3,1,1,1,"","","","","","","","","","","","","","","","","","","","","","","","","","","","","","","","","","","","","","","","","","","","","","","","","","","","","","","","","","","","","","","","","",""
"31069001","TOULOUSE-BLAGNAC",43.621,1.378833,151,1968032915,"","","","",11.,1,140,1,"","","","","","","","","","","","","","","","","","","","","","","","","","","","",15.6,1,1.4,1,"","","","","","","","","","","","","","","","","","","","","","","","","","",39,1,"","","","","","","","","","","","",6.8,1,1014.,1,996.,1,"","","",1,7,1,7,1,0,1,4,1,2,1,"","","","","","","","","","","","","","","","","","","","","","","","",40000,1,"","",3,1,2,1,"","","","","","","","","","","","","","","","","","","","","","","","","","","","","","","","","","","","","","","","","","","","","","","","","","","","","","","","","","","","","","","","","",""
"31069001","TOULOUSE-BLAGNAC",43.621,1.378833,151,1968032918,"","","","",13.,1,140,1,"","","","","","","","","","","","","","","","","","","","","","","","","","","","",14.,1,0.4,1,"","","","","","","","","","","","","","","","","","","","","","","","","","",40,1,"","","","","","","","","","","","",6.3,1,1012.4,1,994.3,1,"","","",1,7,1,5,1,0,1,7,1,2,1,"","","","","","","","","","","","","","","","","","","","","","","","",40000,1,"","",2,1,2,1,"","","","","","","","","","","","","","","","","","","","","","","","","","","","","","","","","","","","","","","","","","","","","","","","","","","","","","","","","","","","","","","","","",""
"31069001","TOULOUSE-BLAGNAC",43.621,1.378833,151,1968032921,"","","","",13.,1,140,1,"","","","","","","","","","","","","","","","","","","","","","","","","","","","",13.6,1,-0.2,1,"","","","","","","","","","","","","","","","","","","","","","","","","","",39,1,"","","","","","","","","","","","",6.,1,1012.6,1,994.5,1,"","","",1,8,1,8,1,0,1,7,1,"","","","","","","","","","","","","","","","","","","","","","","","","","",30000,1,"","",3,1,2,1,"","","","","","","","","","","","","","","","","","","","","","","","","","","","","","","","","","","","","","","","","","","","","","","","","","","","","","","","","","","","","","","","","",""
"31069001","TOULOUSE-BLAGNAC",43.621,1.378833,151,1968033000,"","","","",10.,1,140,1,"","","","","","","","","","","","","","","","","","","","","","","","","","","","",13.,1,3.7,1,"","","","","","","","","","","","","","","","","","","","","","","","","","",54,1,"","","","","","","","","","","","",8.,1,1013.7,1,995.6,1,"","","",1,7,1,7,1,0,1,7,1,"","","","","","","","","","","","","","","","","","","","","","","","","","",20000,1,"","",1,1,2,1,"","","","","","","","","","","","","","","","","","","","","","","","","","","","","","","","","","","","","","","","","","","","","","","","","","","","","","","","","","","","","","","","","",""
"31069001","TOULOUSE-BLAGNAC",43.621,1.378833,151,1968033003,"","","","",9.,1,140,1,"","","","","","","","","","","","","","","","","","","","","","","","","","","","",12.,1,7.7,1,"","","","","","","","","","","","","","","","","","","","","","","","","","",76,1,"","","","","","","","","","","","",10.7,1,1014.2,1,996.,1,"","","",1,6,1,5,1,0,1,4,1,2,1,"","","","","","","","","","","","","","","","","","","","","","","","",15000,1,"","",21,1,2,1,"","","","","","","","","","","","","","","","","","","","","","","","","","","","","","","","","","","","","","","","","","","","","","","","","","","","","","","","","","","","","","","","","",""
"31069001","TOULOUSE-BLAGNAC",43.621,1.378833,151,1968033006,"","","","",8.,1,140,1,"","","","","","","","","","","","","","","","","","","","","","","","","","","","",11.4,1,8.4,1,"","","","","","","","","","","","","","","","","","","","","","","","","","",83,1,"","","","","","","","","","","","",11.2,1,1014.6,1,996.4,1,"","","",1,7,1,7,1,5,1,4,1,2,1,"","","","","","","","","","","","","","","","","","","","","","","","",20000,1,"","",2,1,6,1,"","",0,1,"","","","","","","","","","","","","","","","","","","","","","","","","","","","","","","","","","","","","","","","","","","","","","","","","","","","","","","","","","","","","",""
"31069001","TOULOUSE-BLAGNAC",43.621,1.378833,151,1968033009,"","","","",10.,1,160,1,"","","","","","","","","","","","","","","","","","","","","","","","","","","","",13.4,1,8.8,1,"","","","","","","","","","","","","","","","","","","","","","","","","","",75,1,"","","","","","","","","","","","",11.5,1,1015.3,1,997.2,1,"","","",1,7,1,7,1,2,1,0,1,2,1,"","","","","","","","","","","","","","","","","","","","","","","","",20000,1,"","",1,1,2,1,"","","","","","","","","","","","","","","","","","","","","","","","","","","","","","","","","","","","","","","","","","","","","","","","","","","","","","","","","","","","","","","","","",""
"31069001","TOULOUSE-BLAGNAC",43.621,1.378833,151,1968033012,"","","","",9.,1,140,1,"","","","","","","","","","","","","","","","","","","","","","","","","","","","",16.1,1,8.8,1,"","","","","","","","","","","","","","","","","","","","","","","","","","",62,1,"","","","","","","","","","","","",11.5,1,1016.,1,998.,1,"","","",1,7,1,5,1,2,1,8,1,2,1,"","","","","","","","","","","","","","","","","","","","","","","","",15000,1,"","",3,1,1,1,"","","","","","","","","","","","","","","","","","","","","","","","","","","","","","","","","","","","","","","","","","","","","","","","","","","","","","","","","","","","","","","","","",""
"31069001","TOULOUSE-BLAGNAC",43.621,1.378833,151,1968033015,"","","","",8.,1,140,1,"","","","","","","","","","","","","","","","","","","","","","","","","","","","",17.6,1,6.8,1,"","","","","","","","","","","","","","","","","","","","","","","","","","",49,1,"","","","","","","","","","","","",10.,1,1015.5,1,997.6,1,"","","",1,5,1,0,1,2,1,8,1,2,1,"","","","","","","","","","","","","","","","","","","","","","","","",20000,1,"","",1,1,2,1,"","","","","","","","","","","","","","","","","","","","","","","","","","","","","","","","","","","","","","","","","","","","","","","","","","","","","","","","","","","","","","","","","",""
"31069001","TOULOUSE-BLAGNAC",43.621,1.378833,151,1968033018,"","","","",7.,1,140,1,"","","","","","","","","","","","","","","","","","","","","","","","","","","","",14.7,1,5.1,1,"","","","","","","","","","","","","","","","","","","","","","","","","","",53,1,"","","","","","","","","","","","",8.9,1,1016.6,1,998.5,1,"","","",1,6,1,5,1,0,1,8,1,2,1,"","","","","","","","","","","","","","","","","","","","","","","","",20000,1,"","",3,1,2,1,"","","","","","","","","","","","","","","","","","","","","","","","","","","","","","","","","","","","","","","","","","","","","","","","","","","","","","","","","","","","","","","","","",""
"31069001","TOULOUSE-BLAGNAC",43.621,1.378833,151,1968033021,"","","","",6.,1,140,1,"","","","","","","","","","","","","","","","","","","","","","","","","","","","",12.2,1,6.8,1,"","","","","","","","","","","","","","","","","","","","","","","","","","",71,1,"","","","","","","","","","","","",10.,1,1018.8,1,1000.5,1,"","","",1,3,1,0,1,0,1,4,1,2,1,"","","","","","","","","","","","","","","","","","","","","","","","",20000,1,"","",1,1,1,1,"","","","","","","","","","","","","","","","","","","","","","","","","","","","","","","","","","","","","","","","","","","","","","","","","","","","","","","","","","","","","","","","","",""
"31069001","TOULOUSE-BLAGNAC",43.621,1.378833,151,1968033100,"","","","",5.,1,140,1,"","","","","","","","","","","","","","","","","","","","","","","","","","","","",11.4,1,8.4,1,"","","","","","","","","","","","","","","","","","","","","","","","","","",83,1,"","","","","","","","","","","","",11.2,1,1020.2,1,1001.9,1,"","","",1,3,1,0,1,0,1,0,1,2,1,"","","","","","","","","","","","","","","","","","","","","","","","",20000,1,"","",1,1,1,1,"","","","","","","","","","","","","","","","","","","","","","","","","","","","","","","","","","","","","","","","","","","","","","","","","","","","","","","","","","","","","","","","","",""
"31069001","TOULOUSE-BLAGNAC",43.621,1.378833,151,1968033103,"","","","",2.,1,140,1,"","","","","","","","","","","","","","","","","","","","","","","","","","","","",11.7,1,8.7,1,"","","","","","","","","","","","","","","","","","","","","","","","","","",83,1,"","","","","","","","","","","","",11.4,1,1020.8,1,1002.5,1,"","","",1,8,1,8,1,5,1,"","","","","","","","","","","","","","","","","","","","","","","","","","","","",20000,1,"","",3,1,1,1,"","","","","","","","","","","","","","","","","","","","","","","","","","","","","","","","","","","","","","","","","","","","","","","","","","","","","","","","","","","","","","","","","",""
"31069001","TOULOUSE-BLAGNAC",43.621,1.378833,151,1968033106,"","","","",1.,1,120,1,"","","","","","","","","","","","","","","","","","","","","","","","","","","","",10.6,1,7.7,1,"","","","","","","","","","","","","","","","","","","","","","","","","","",83,1,"","","","","","","","","","","","",10.7,1,1022.1,1,1003.7,1,"","","",1,8,1,8,1,6,1,"","","","","","","","","","","","","","","","","","","","","","","","","","","","",10000,1,"","",2,1,1,1,"","",0,1,"","","","","","","","","","","","","","","","","","","","","","","","","","","","","","","","","","","","","","","","","","","","","","","","","","","","","","","","","","","","","",""
"31069001","TOULOUSE-BLAGNAC",43.621,1.378833,151,1968033109,"","","","",3.,1,160,1,"","","","","","","","","","","","","","","","","","","","","","","","","","","","",12.2,1,9.,1,"","","","","","","","","","","","","","","","","","","","","","","","","","",82,1,"","","","","","","","","","","","",11.7,1,1023.8,1,1005.5,1,"","","",1,8,1,7,1,6,1,"","","","","","","","","","","","","","","","","","","","","","","","","","","","",8000,1,"","",3,1,2,1,"","","","","","","","","","","","","","","","","","","","","","","","","","","","","","","","","","","","","","","","","","","","","","","","","","","","","","","","","","","","","","","","","",""
"31069001","TOULOUSE-BLAGNAC",43.621,1.378833,151,1968033112,"","","","",2.,1,160,1,"","","","","","","","","","","","","","","","","","","","","","","","","","","","",13.4,1,9.2,1,"","","","","","","","","","","","","","","","","","","","","","","","","","",77,1,"","","","","","","","","","","","",11.8,1,1024.,1,1005.7,1,"","","",1,8,1,7,1,5,1,"","","","","","","","","","","","","","","","","","","","","","","","","","","","",6000,1,"","",3,1,2,1,"","","","","","","","","","","","","","","","","","","","","","","","","","","","","","","","","","","","","","","","","","","","","","","","","","","","","","","","","","","","","","","","","",""
"31069001","TOULOUSE-BLAGNAC",43.621,1.378833,151,1968033115,"","","","",2.,1,340,1,"","","","","","","","","","","","","","","","","","","","","","","","","","","","",14.2,1,9.3,1,"","","","","","","","","","","","","","","","","","","","","","","","","","",74,1,"","","","","","","","","","","","",11.9,1,1023.8,1,1005.6,1,"","","",1,8,1,7,1,5,1,"","","","","","","","","","","","","","","","","","","","","","","","","","","","",8000,1,"","",1,1,2,1,"","","","","","","","","","","","","","","","","","","","","","","","","","","","","","","","","","","","","","","","","","","","","","","","","","","","","","","","","","","","","","","","","",""
"31069001","TOULOUSE-BLAGNAC",43.621,1.378833,151,1968033118,"","","","",2.,1,220,1,"","","","","","","","","","","","","","","","","","","","","","","","","","","","",13.8,1,10.6,1,"","","","","","","","","","","","","","","","","","","","","","","","","","",82,1,"","","","","","","","","","","","",13.,1,1023.6,1,1005.4,1,"","","",1,6,1,5,1,5,1,3,1,0,1,"","","","","","","","","","","","","","","","","","","","","","","","",7000,1,"","",1,1,2,1,"","","","","","","","","","","","","","","","","","","","","","","","","","","","","","","","","","","","","","","","","","","","","","","","","","","","","","","","","","","","","","","","","",""
"31069001","TOULOUSE-BLAGNAC",43.621,1.378833,151,1968033121,"","","","",4.,1,260,1,"","","","","","","","","","","","","","","","","","","","","","","","","","","","",12.3,1,10.1,1,"","","","","","","","","","","","","","","","","","","","","","","","","","",88,1,"","","","","","","","","","","","",12.6,1,1023.8,1,1005.5,1,"","","",1,3,1,0,1,5,1,0,1,0,1,"","","","","","","","","","","","","","","","","","","","","","","","",10000,1,"","",1,1,1,1,"","","","","","","","","","","","","","","","","","","","","","","","","","","","","","","","","","","","","","","","","","","","","","","","","","","","","","","","","","","","","","","","","",""
"31069001","TOULOUSE-BLAGNAC",43.621,1.378833,151,1968040100,"","","","",5.,1,280,1,"","","","","","","","","","","","","","","","","","","","","","","","","","","","",10.5,1,9.2,1,"","","","","","","","","","","","","","","","","","","","","","","","","","",94,1,"","","","","","","","","","","","",11.8,1,1024.5,1,1006.,1,"","","",1,6,1,6,1,6,1,0,1,0,1,"","","","","","","","","","","","","","","","","","","","","","","","",4000,1,"","",10,1,1,1,"","","","","","","","","","","","","","","","","","","","","","","","","","","","","","","","","","","","","","","","","","","","","","","","","","","","","","","","","","","","","","","","","",""
"31069001","TOULOUSE-BLAGNAC",43.621,1.378833,151,1968040103,"","","","",2.,1,280,1,"","","","","","","","","","","","","","","","","","","","","","","","","","","","",9.8,1,8.5,1,"","","","","","","","","","","","","","","","","","","","","","","","","","",93,1,"","","","","","","","","","","","",11.3,1,1023.4,1,1004.9,1,"","","",1,8,1,8,1,6,1,"","","","","","","","","","","","","","","","","","","","","","","","","","","","",3000,1,"","",10,1,2,1,"","","","","","","","","","","","","","","","","","","","","","","","","","","","","","","","","","","","","","","","","","","","","","","","","","","","","","","","","","","","","","","","","",""
"31069001","TOULOUSE-BLAGNAC",43.621,1.378833,151,1968040106,"","","","",4.,1,280,1,"","","","","","","","","","","","","","","","","","","","","","","","","","","","",9.8,1,8.5,1,"","","","","","","","","","","","","","","","","","","","","","","","","","",93,1,"","","","","","","","","","","","",11.3,1,1022.4,1,1003.9,1,"","","",1,8,1,8,1,6,1,"","","","","","","","","","","","","","","","","","","","","","","","","","","","",2000,1,"","",10,1,2,1,"","",1,1,"","","","","","","","","","","","","","","","","","","","","","","","","","","","","","","","","","","","","","","","","","","","","","","","","","","","","","","","","","","","","",""
"31069001","TOULOUSE-BLAGNAC",43.621,1.378833,151,1968040109,"","","","",3.,1,260,1,"","","","","","","","","","","","","","","","","","","","","","","","","","","","",10.1,1,9.,1,"","","","","","","","","","","","","","","","","","","","","","","","","","",95,1,"","","","","","","","","","","","",11.7,1,1021.9,1,1003.5,1,"","","",1,8,1,8,1,6,1,"","","","","","","","","","","","","","","","","","","","","","","","","","","","",3000,1,"","",10,1,2,1,"","","","","","","","","","","","","","","","","","","","","","","","","","","","","","","","","","","","","","","","","","","","","","","","","","","","","","","","","","","","","","","","","",""
"31069001","TOULOUSE-BLAGNAC",43.621,1.378833,151,1968040112,"","","","",3.,1,300,1,"","","","","","","","","","","","","","","","","","","","","","","","","","","","",11.8,1,8.5,1,"","","","","","","","","","","","","","","","","","","","","","","","","","",82,1,"","","","","","","","","","","","",11.3,1,1019.6,1,1001.3,1,"","","",1,8,1,8,1,5,1,"","","","","","","","","","","","","","","","","","","","","","","","","","","","",5500,1,"","",2,1,2,1,"","","","","","","","","","","","","","","","","","","","","","","","","","","","","","","","","","","","","","","","","","","","","","","","","","","","","","","","","","","","","","","","","",""
"31069001","TOULOUSE-BLAGNAC",43.621,1.378833,151,1968040115,"","","","",0.,1,0,1,"","","","","","","","","","","","","","","","","","","","","","","","","","","","",13.4,1,8.7,1,"","","","","","","","","","","","","","","","","","","","","","","","","","",74,1,"","","","","","","","","","","","",11.4,1,1017.7,1,999.5,1,"","","",1,7,1,7,1,5,1,0,1,2,1,"","","","","","","","","","","","","","","","","","","","","","","","",7000,1,"","",1,1,2,1,"","","","","","","","","","","","","","","","","","","","","","","","","","","","","","","","","","","","","","","","","","","","","","","","","","","","","","","","","","","","","","","","","",""
"31069001","TOULOUSE-BLAGNAC",43.621,1.378833,151,1968040118,"","","","",1.,1,80,1,"","","","","","","","","","","","","","","","","","","","","","","","","","","","",13.2,1,8.7,1,"","","","","","","","","","","","","","","","","","","","","","","","","","",75,1,"","","","","","","","","","","","",11.4,1,1016.5,1,998.4,1,"","","",1,7,1,7,1,5,1,4,1,2,1,"","","","","","","","","","","","","","","","","","","","","","","","",8000,1,"","",1,1,2,1,"","","","","","","","","","","","","","","","","","","","","","","","","","","","","","","","","","","","","","","","","","","","","","","","","","","","","","","","","","","","","","","","","",""
"31069001","TOULOUSE-BLAGNAC",43.621,1.378833,151,1968040121,"","","","",3.,1,160,1,"","","","","","","","","","","","","","","","","","","","","","","","","","","","",10.4,1,8.5,1,"","","","","","","","","","","","","","","","","","","","","","","","","","",90,1,"","","","","","","","","","","","",11.3,1,1016.3,1,998.,1,"","","",1,8,1,5,1,5,1,7,1,2,1,"","","","","","","","","","","","","","","","","","","","","","","","",6000,1,"","",3,1,2,1,"","","","","","","","","","","","","","","","","","","","","","","","","","","","","","","","","","","","","","","","","","","","","","","","","","","","","","","","","","","","","","","","","",""
"31069001","TOULOUSE-BLAGNAC",43.621,1.378833,151,1968040200,"","","","",2.,1,240,1,"","","","","","","","","","","","","","","","","","","","","","","","","","","","",10.8,1,8.9,1,"","","","","","","","","","","","","","","","","","","","","","","","","","",90,1,"","","","","","","","","","","","",11.6,1,1015.6,1,997.3,1,"","","",1,8,1,8,1,5,1,7,1,"","","","","","","","","","","","","","","","","","","","","","","","","","",6000,1,"","",2,1,2,1,"","","","","","","","","","","","","","","","","","","","","","","","","","","","","","","","","","","","","","","","","","","","","","","","","","","","","","","","","","","","","","","","","",""
"31069001","TOULOUSE-BLAGNAC",43.621,1.378833,151,1968040203,"","","","",4.,1,240,1,"","","","","","","","","","","","","","","","","","","","","","","","","","","","",9.4,1,7.6,1,"","","","","","","","","","","","","","","","","","","","","","","","","","",90,1,"","","","","","","","","","","","",10.6,1,1013.8,1,995.5,1,"","","",1,8,1,8,1,5,1,"","","","","","","","","","","","","","","","","","","","","","","","","","","","",6000,1,"","",3,1,2,1,"","","","","","","","","","","","","","","","","","","","","","","","","","","","","","","","","","","","","","","","","","","","","","","","","","","","","","","","","","","","","","","","","",""
"31069001","TOULOUSE-BLAGNAC",43.621,1.378833,151,1968040206,"","","","",2.,1,280,1,"","","","","","","","","","","","","","","","","","","","","","","","","","","","",8.8,1,7.7,1,"","","","","","","","","","","","","","","","","","","","","","","","","","",94,1,"","","","","","","","","","","","",10.7,1,1012.9,1,994.5,1,"","","",1,8,1,8,1,6,1,"","","","","","","","","","","","","","","","","","","","","","","","","","","","",5000,1,"","",2,1,2,1,"","",0,1,"","","","","","","","","","","","","","","","","","","","","","","","","","","","","","","","","","","","","","","","","","","","","","","","","","","","","","","","","","","","","",""
"31069001","TOULOUSE-BLAGNAC",43.621,1.378833,151,1968040209,"","","","",3.,1,260,1,"","","","","","","","","","","","","","","","","","","","","","","","","","","","",9.7,1,7.3,1,"","","","","","","","","","","","","","","","","","","","","","","","","","",87,1,"","","","","","","","","","","","",10.4,1,1012.4,1,994.1,1,"","","",1,8,1,7,1,6,1,"","","","","","","","","","","","","","","","","","","","","","","","","","","","",4500,1,"","",10,1,2,1,"","","","","","","","","","","","","","","","","","","","","","","","","","","","","","","","","","","","","","","","","","","","","","","","","","","","","","","","","","","","","","","","","",""
"31069001","TOULOUSE-BLAGNAC",43.621,1.378833,151,1968040212,"","","","",3.,1,340,1,"","","","","","","","","","","","","","","","","","","","","","","","","","","","",12.6,1,7.5,1,"","","","","","","","","","","","","","","","","","","","","","","","","","",72,1,"","","","","","","","","","","","",10.5,1,1010.9,1,992.8,1,"","","",1,8,1,7,1,5,1,"","","","","","","","","","","","","","","","","","","","","","","","","","","","",6000,1,"","",3,1,2,1,"","","","","","","","","","","","","","","","","","","","","","","","","","","","","","","","","","","","","","","","","","","","","","","","","","","","","","","","","","","","","","","","","",""
"31069001","TOULOUSE-BLAGNAC",43.621,1.378833,151,1968040215,"","","","",4.,1,280,1,"","","","","","","","","","","","","","","","","","","","","","","","","","","","",15.2,1,8.4,1,"","","","","","","","","","","","","","","","","","","","","","","","","","",65,1,"","","","","","","","","","","","",11.2,1,1009.1,1,991.2,1,"","","",1,7,1,5,1,2,1,0,1,2,1,"","","","","","","","","","","","","","","","","","","","","","","","",8000,1,"","",3,1,2,1,"","","","","","","","","","","","","","","","","","","","","","","","","","","","","","","","","","","","","","","","","","","","","","","","","","","","","","","","","","","","","","","","","",""
"31069001","TOULOUSE-BLAGNAC",43.621,1.378833,151,1968040218,"","","","",7.,1,280,1,"","","","","","","","","","","","","","","","","","","","","","","","","","","","",14.8,1,7.3,1,"","","","","","","","","","","","","","","","","","","","","","","","","","",62,1,"","","","","","","","","","","","",10.4,1,1008.7,1,990.8,1,"","","",1,5,1,5,1,0,1,3,1,2,1,"","","","","","","","","","","","","","","","","","","","","","","","",15000,1,"","",1,1,2,1,"","","","","","","","","","","","","","","","","","","","","","","","","","","","","","","","","","","","","","","","","","","","","","","","","","","","","","","","","","","","","","","","","",""
"31069001","TOULOUSE-BLAGNAC",43.621,1.378833,151,1968040221,"","","","",5.,1,280,1,"","","","","","","","","","","","","","","","","","","","","","","","","","","","",9.7,1,3.8,1,"","","","","","","","","","","","","","","","","","","","","","","","","","",68,1,"","","","","","","","","","","","",8.1,1,1009.8,1,991.5,1,"","","",1,3,1,0,1,5,1,4,1,0,1,"","","","","","","","","","","","","","","","","","","","","","","","",15000,1,"","",2,1,1,1,"","","","","","","","","","","","","","","","","","","","","","","","","","","","","","","","","","","","","","","","","","","","","","","","","","","","","","","","","","","","","","","","","",""
"31069001","TOULOUSE-BLAGNAC",43.621,1.378833,151,1968040300,"","","","",3.,1,200,1,"","","","","","","","","","","","","","","","","","","","","","","","","","","","",9.5,1,5.5,1,"","","","","","","","","","","","","","","","","","","","","","","","","","",77,1,"","","","","","","","","","","","",9.1,1,1009.9,1,991.6,1,"","","",1,8,1,8,1,5,1,"","","","","","","","","","","","","","","","","","","","","","","","","","","","",15000,1,"","",2,1,2,1,"","","","","","","","","","","","","","","","","","","","","","","","","","","","","","","","","","","","","","","","","","","","","","","","","","","","","","","","","","","","","","","","","",""
"31069001","TOULOUSE-BLAGNAC",43.621,1.378833,151,1968040303,"","","","",4.,1,240,1,"","","","","","","","","","","","","","","","","","","","","","","","","","","","",10.3,1,7.6,1,"","","","","","","","","","","","","","","","","","","","","","","","","","",85,1,"","","","","","","","","","","","",10.6,1,1008.7,1,990.5,1,"","","",1,8,1,8,1,5,1,"","","","","","","","","","","","","","","","","","","","","","","","","","","","",10000,1,"","",61,1,2,1,"","","","","","","","","","","","","","","","","","","","","","","","","","","","","","","","","","","","","","","","","","","","","","","","","","","","","","","","","","","","","","","","","",""
"31069001","TOULOUSE-BLAGNAC",43.621,1.378833,151,1968040306,"","","","",6.,1,300,1,"","","","","","","","","","","","","","","","","","","","","","","","","","","","",8.8,1,7.1,1,"","","","","","","","","","","","","","","","","","","","","","","","","","",90,1,"","","","","","","","","","","","",10.2,1,1009.7,1,991.4,1,"","","",1,8,1,8,1,5,1,"","","","","","","","","","","","","","","","","","","","","","","","","","","","",10000,1,"","",61,1,6,1,"","",2,1,"","","","","","","","","","","","","","","","","","","","","","","","","","","","","","","","","","","","","","","","","","","","","","","","","","","","","","","","","","","","","",""
"31069001","TOULOUSE-BLAGNAC",43.621,1.378833,151,1968040309,"","","","",9.,1,320,1,"","","","","","","","","","","","","","","","","","","","","","","","","","","","",7.4,1,1.4,1,"","","","","","","","","","","","","","","","","","","","","","","","","","",66,1,"","","","","","","","","","","","",6.8,1,1014.8,1,996.3,1,"","","",1,8,1,6,1,8,1,4,1,"","","","","","","","","","","","","","","","","","","","","","","","","","",30000,1,"","",25,1,6,1,"","","","","","","","","","","","","","","","","","","","","","","","","","","","","","","","","","","","","","","","","","","","","","","","","","","","","","","","","","","","","","","","","",""
"31069001","TOULOUSE-BLAGNAC",43.621,1.378833,151,1968040312,"","","","",6.,1,280,1,"","","","","","","","","","","","","","","","","","","","","","","","","","","","",9.8,1,2.6,1,"","","","","","","","","","","","","","","","","","","","","","","","","","",61,1,"","","","","","","","","","","","",7.4,1,1016.1,1,997.7,1,"","","",1,6,1,5,1,8,1,4,1,0,1,"","","","","","","","","","","","","","","","","","","","","","","","",30000,1,"","",1,1,8,1,"","","","","","","","","","","","","","","","","","","","","","","","","","","","","","","","","","","","","","","","","","","","","","","","","","","","","","","","","","","","","","","","","",""
"31069001","TOULOUSE-BLAGNAC",43.621,1.378833,151,1968040315,"","","","",7.,1,280,1,"","","","","","","","","","","","","","","","","","","","","","","","","","","","",12.7,1,0.8,1,"","","","","","","","","","","","","","","","","","","","","","","","","","",44,1,"","","","","","","","","","","","",6.5,1,1014.8,1,996.6,1,"","","",1,4,1,0,1,8,1,0,1,0,1,"","","","","","","","","","","","","","","","","","","","","","","","",30000,1,"","",1,1,1,1,"","","","","","","","","","","","","","","","","","","","","","","","","","","","","","","","","","","","","","","","","","","","","","","","","","","","","","","","","","","","","","","","","",""
"31069001","TOULOUSE-BLAGNAC",43.621,1.378833,151,1968040318,"","","","",6.,1,340,1,"","","","","","","","","","","","","","","","","","","","","","","","","","","","",10.,1,-1.2,1,"","","","","","","","","","","","","","","","","","","","","","","","","","",46,1,"","","","","","","","","","","","",5.6,1,1015.4,1,997.,1,"","","",1,1,1,0,1,8,1,0,1,0,1,"","","","","","","","","","","","","","","","","","","","","","","","",30000,1,"","",1,1,1,1,"","","","","","","","","","","","","","","","","","","","","","","","","","","","","","","","","","","","","","","","","","","","","","","","","","","","","","","","","","","","","","","","","",""
"31069001","TOULOUSE-BLAGNAC",43.621,1.378833,151,1968040321,"","","","",2.,1,360,1,"","","","","","","","","","","","","","","","","","","","","","","","","","","","",6.3,1,0.6,1,"","","","","","","","","","","","","","","","","","","","","","","","","","",67,1,"","","","","","","","","","","","",6.4,1,1016.5,1,997.9,1,"","","",1,0,1,"","",0,1,0,1,0,1,"","","","","","","","","","","","","","","","","","","","","","","","",15000,1,"","",1,1,0,1,"","","","","","","","","","","","","","","","","","","","","","","","","","","","","","","","","","","","","","","","","","","","","","","","","","","","","","","","","","","","","","","","","",""
"31069001","TOULOUSE-BLAGNAC",43.621,1.378833,151,1968040400,"","","","",0.,1,0,1,"","","","","","","","","","","","","","","","","","","","","","","","","","","","",4.1,1,1.4,1,"","","","","","","","","","","","","","","","","","","","","","","","","","",83,1,"","","","","","","","","","","","",6.8,1,1015.6,1,996.8,1,"","","",1,0,1,"","",0,1,0,1,0,1,"","","","","","","","","","","","","","","","","","","","","","","","",15000,1,"","",1,1,0,1,"","","","","","","","","","","","","","","","","","","","","","","","","","","","","","","","","","","","","","","","","","","","","","","","","","","","","","","","","","","","","","","","","",""
"31069001","TOULOUSE-BLAGNAC",43.621,1.378833,151,1968040403,"","","","",2.,1,120,1,"","","","","","","","","","","","","","","","","","","","","","","","","","","","",5.,1,0.6,1,"","","","","","","","","","","","","","","","","","","","","","","","","","",73,1,"","","","","","","","","","","","",6.4,1,1013.1,1,994.5,1,"","","",1,0,1,"","",0,1,0,1,0,1,"","","","","","","","","","","","","","","","","","","","","","","","",15000,1,"","",2,1,0,1,"","","","","","","","","","","","","","","","","","","","","","","","","","","","","","","","","","","","","","","","","","","","","","","","","","","","","","","","","","","","","","","","","",""
"31069001","TOULOUSE-BLAGNAC",43.621,1.378833,151,1968040406,"","","","",2.,1,100,1,"","","","","","","","","","","","","","","","","","","","","","","","","","","","",4.7,1,0.6,1,"","","","","","","","","","","","","","","","","","","","","","","","","","",74,1,"","","","","","","","","","","","",6.4,1,1011.7,1,993.1,1,"","","",1,7,1,7,1,5,1,"","","","","","","","","","","","","","","","","","","","","","","","","","","","",30000,1,"","",2,1,1,1,"","",0,1,"","","","","","","","","","","","","","","","","","","","","","","","","","","","","","","","","","","","","","","","","","","","","","","","","","","","","","","","","","","","","",""
"31069001","TOULOUSE-BLAGNAC",43.621,1.378833,151,1968040409,"","","","",8.,1,140,1,"","","","","","","","","","","","","","","","","","","","","","","","","","","","",10.,1,1.6,1,"","","","","","","","","","","","","","","","","","","","","","","","","","",56,1,"","","","","","","","","","","","",6.9,1,1010.7,1,992.4,1,"","","",1,5,1,0,1,0,1,4,1,2,1,"","","","","","","","","","","","","","","","","","","","","","","","",60000,1,"","",2,1,2,1,"","","","","","","","","","","","","","","","","","","","","","","","","","","","","","","","","","","","","","","","","","","","","","","","","","","","","","","","","","","","","","","","","",""
"31069001","TOULOUSE-BLAGNAC",43.621,1.378833,151,1968040412,"","","","",9.,1,140,1,"","","","","","","","","","","","","","","","","","","","","","","","","","","","",12.9,1,2.4,1,"","","","","","","","","","","","","","","","","","","","","","","","","","",49,1,"","","","","","","","","","","","",7.3,1,1008.4,1,990.4,1,"","","",1,7,1,6,1,0,1,4,1,2,1,"","","","","","","","","","","","","","","","","","","","","","","","",50000,1,"","",3,1,2,1,"","","","","","","","","","","","","","","","","","","","","","","","","","","","","","","","","","","","","","","","","","","","","","","","","","","","","","","","","","","","","","","","","",""
"31069001","TOULOUSE-BLAGNAC",43.621,1.378833,151,1968040415,"","","","",5.,1,140,1,"","","","","","","","","","","","","","","","","","","","","","","","","","","","",14.8,1,4.5,1,"","","","","","","","","","","","","","","","","","","","","","","","","","",50,1,"","","","","","","","","","","","",8.5,1,1006.1,1,988.2,1,"","","",1,8,1,8,1,5,1,1,1,"","","","","","","","","","","","","","","","","","","","","","","","","","",40000,1,"","",2,1,2,1,"","","","","","","","","","","","","","","","","","","","","","","","","","","","","","","","","","","","","","","","","","","","","","","","","","","","","","","","","","","","","","","","","",""
"31069001","TOULOUSE-BLAGNAC",43.621,1.378833,151,1968040418,"","","","",3.,1,60,1,"","","","","","","","","","","","","","","","","","","","","","","","","","","","",13.5,1,6.5,1,"","","","","","","","","","","","","","","","","","","","","","","","","","",63,1,"","","","","","","","","","","","",9.8,1,1005.5,1,987.6,1,"","","",1,7,1,7,1,0,1,4,1,2,1,"","","","","","","","","","","","","","","","","","","","","","","","",40000,1,"","",1,1,2,1,"","","","","","","","","","","","","","","","","","","","","","","","","","","","","","","","","","","","","","","","","","","","","","","","","","","","","","","","","","","","","","","","","",""
"31069001","TOULOUSE-BLAGNAC",43.621,1.378833,151,1968040421,"","","","",3.,1,80,1,"","","","","","","","","","","","","","","","","","","","","","","","","","","","",10.9,1,7.1,1,"","","","","","","","","","","","","","","","","","","","","","","","","","",78,1,"","","","","","","","","","","","",10.2,1,1004.8,1,986.7,1,"","","",1,4,1,0,1,0,1,4,1,2,1,"","","","","","","","","","","","","","","","","","","","","","","","",20000,1,"","",1,1,1,1,"","","","","","","","","","","","","","","","","","","","","","","","","","","","","","","","","","","","","","","","","","","","","","","","","","","","","","","","","","","","","","","","","",""
"31069001","TOULOUSE-BLAGNAC",43.621,1.378833,151,1968040500,"","","","",5.,1,140,1,"","","","","","","","","","","","","","","","","","","","","","","","","","","","",11.2,1,8.1,1,"","","","","","","","","","","","","","","","","","","","","","","","","","",83,1,"","","","","","","","","","","","",11.,1,1002.7,1,984.7,1,"","","",1,2,1,0,1,0,1,0,1,2,1,"","","","","","","","","","","","","","","","","","","","","","","","",20000,1,"","",1,1,1,1,"","","","","","","","","","","","","","","","","","","","","","","","","","","","","","","","","","","","","","","","","","","","","","","","","","","","","","","","","","","","","","","","","",""
"31069001","TOULOUSE-BLAGNAC",43.621,1.378833,151,1968040503,"","","","",2.,1,160,1,"","","","","","","","","","","","","","","","","","","","","","","","","","","","",8.8,1,7.3,1,"","","","","","","","","","","","","","","","","","","","","","","","","","",92,1,"","","","","","","","","","","","",10.4,1,1001.4,1,983.2,1,"","","",1,3,1,0,1,6,1,0,1,2,1,"","","","","","","","","","","","","","","","","","","","","","","","",10000,1,"","",2,1,0,1,"","","","","","","","","","","","","","","","","","","","","","","","","","","","","","","","","","","","","","","","","","","","","","","","","","","","","","","","","","","","","","","","","",""
"31069001","TOULOUSE-BLAGNAC",43.621,1.378833,151,1968040506,"","","","",6.,1,60,1,"","","","","","","","","","","","","","","","","","","","","","","","","","","","",8.7,1,7.7,1,"","","","","","","","","","","","","","","","","","","","","","","","","","",94,1,"","","","","","","","","","","","",10.7,1,1000.5,1,982.4,1,"","","",1,6,1,5,1,0,1,8,1,2,1,"","","","","","","","","","","","","","","","","","","","","","","","",9000,1,"","",2,1,1,1,"","",0,1,"","","","","","","","","","","","","","","","","","","","","","","","","","","","","","","","","","","","","","","","","","","","","","","","","","","","","","","","","","","","","",""
"31069001","TOULOUSE-BLAGNAC",43.621,1.378833,151,1968040509,"","","","",2.,1,60,1,"","","","","","","","","","","","","","","","","","","","","","","","","","","","",12.,1,8.1,1,"","","","","","","","","","","","","","","","","","","","","","","","","","",78,1,"","","","","","","","","","","","",11.,1,999.9,1,982.,1,"","","",1,7,1,5,1,0,1,5,1,2,1,"","","","","","","","","","","","","","","","","","","","","","","","",10000,1,"","",3,1,2,1,"","","","","","","","","","","","","","","","","","","","","","","","","","","","","","","","","","","","","","","","","","","","","","","","","","","","","","","","","","","","","","","","","",""
"31069001","TOULOUSE-BLAGNAC",43.621,1.378833,151,1968040512,"","","","",7.,1,120,1,"","","","","","","","","","","","","","","","","","","","","","","","","","","","",16.6,1,8.7,1,"","","","","","","","","","","","","","","","","","","","","","","","","","",61,1,"","","","","","","","","","","","",11.4,1,998.3,1,980.7,1,"","","",1,7,1,5,1,5,1,7,1,2,1,"","","","","","","","","","","","","","","","","","","","","","","","",15000,1,"","",3,1,2,1,"","","","","","","","","","","","","","","","","","","","","","","","","","","","","","","","","","","","","","","","","","","","","","","","","","","","","","","","","","","","","","","","","",""
"31069001","TOULOUSE-BLAGNAC",43.621,1.378833,151,1968040515,"","","","",7.,1,120,1,"","","","","","","","","","","","","","","","","","","","","","","","","","","","",17.8,1,10.1,1,"","","","","","","","","","","","","","","","","","","","","","","","","","",62,1,"","","","","","","","","","","","",12.6,1,995.8,1,978.3,1,"","","",1,8,1,5,1,5,1,7,1,"","","","","","","","","","","","","","","","","","","","","","","","","","",15000,1,"","",3,1,2,1,"","","","","","","","","","","","","","","","","","","","","","","","","","","","","","","","","","","","","","","","","","","","","","","","","","","","","","","","","","","","","","","","","",""
"31069001","TOULOUSE-BLAGNAC",43.621,1.378833,151,1968040518,"","","","",8.,1,140,1,"","","","","","","","","","","","","","","","","","","","","","","","","","","","",14.3,1,10.2,1,"","","","","","","","","","","","","","","","","","","","","","","","","","",78,1,"","","","","","","","","","","","",12.7,1,996.2,1,978.5,1,"","","",1,7,1,5,1,8,1,7,1,"","","","","","","","","","","","","","","","","","","","","","","","","","",10000,1,"","",3,1,2,1,"","","","","","","","","","","","","","","","","","","","","","","","","","","","","","","","","","","","","","","","","","","","","","","","","","","","","","","","","","","","","","","","","",""
"31069001","TOULOUSE-BLAGNAC",43.621,1.378833,151,1968040521,"","","","",5.,1,320,1,"","","","","","","","","","","","","","","","","","","","","","","","","","","","",10.4,1,6.4,1,"","","","","","","","","","","","","","","","","","","","","","","","","","",78,1,"","","","","","","","","","","","",9.7,1,1000.3,1,982.3,1,"","","",1,7,1,5,1,5,1,"","","","","","","","","","","","","","","","","","","","","","","","","","","","",10000,1,"","",3,1,2,1,"","","","","","","","","","","","","","","","","","","","","","","","","","","","","","","","","","","","","","","","","","","","","","","","","","","","","","","","","","","","","","","","","",""
"31069001","TOULOUSE-BLAGNAC",43.621,1.378833,151,1968040600,"","","","",4.,1,280,1,"","","","","","","","","","","","","","","","","","","","","","","","","","","","",8.4,1,6.9,1,"","","","","","","","","","","","","","","","","","","","","","","","","","",92,1,"","","","","","","","","","","","",10.1,1,1002.8,1,984.6,1,"","","",1,7,1,6,1,5,1,"","","","","","","","","","","","","","","","","","","","","","","","","","","","",10000,1,"","",1,1,6,1,"","","","","","","","","","","","","","","","","","","","","","","","","","","","","","","","","","","","","","","","","","","","","","","","","","","","","","","","","","","","","","","","","",""
"31069001","TOULOUSE-BLAGNAC",43.621,1.378833,151,1968040603,"","","","",2.,1,200,1,"","","","","","","","","","","","","","","","","","","","","","","","","","","","",7.8,1,5.9,1,"","","","","","","","","","","","","","","","","","","","","","","","","","",89,1,"","","","","","","","","","","","",9.4,1,1003.2,1,984.9,1,"","","",1,7,1,7,1,5,1,"","","","","","","","","","","","","","","","","","","","","","","","","","","","",10000,1,"","",2,1,2,1,"","","","","","","","","","","","","","","","","","","","","","","","","","","","","","","","","","","","","","","","","","","","","","","","","","","","","","","","","","","","","","","","","",""
"31069001","TOULOUSE-BLAGNAC",43.621,1.378833,151,1968040606,"","","","",2.,1,240,1,"","","","","","","","","","","","","","","","","","","","","","","","","","","","",7.6,1,6.1,1,"","","","","","","","","","","","","","","","","","","","","","","","","","",91,1,"","","","","","","","","","","","",9.5,1,1004.3,1,986.,1,"","","",1,7,1,7,1,5,1,"","","","","","","","","","","","","","","","","","","","","","","","","","","","",15000,1,"","",61,1,6,1,"","",2,1,"","","","","","","","","","","","","","","","","","","","","","","","","","","","","","","","","","","","","","","","","","","","","","","","","","","","","","","","","","","","","",""
"31069001","TOULOUSE-BLAGNAC",43.621,1.378833,151,1968040609,"","","","",3.,1,120,1,"","","","","","","","","","","","","","","","","","","","","","","","","","","","",8.6,1,4.8,1,"","","","","","","","","","","","","","","","","","","","","","","","","","",78,1,"","","","","","","","","","","","",8.7,1,1005.5,1,987.2,1,"","","",1,6,1,5,1,8,1,3,1,0,1,"","","","","","","","","","","","","","","","","","","","","","","","",15000,1,"","",1,1,6,1,"","","","","","","","","","","","","","","","","","","","","","","","","","","","","","","","","","","","","","","","","","","","","","","","","","","","","","","","","","","","","","","","","",""
"31069001","TOULOUSE-BLAGNAC",43.621,1.378833,151,1968040612,"","","","",10.,1,260,1,"","","","","","","","","","","","","","","","","","","","","","","","","","","","",9.,1,2.4,1,"","","","","","","","","","","","","","","","","","","","","","","","","","",63,1,"","","","","","","","","","","","",7.3,1,1007.5,1,989.2,1,"","","",1,6,1,5,1,2,1,6,1,0,1,"","","","","","","","","","","","","","","","","","","","","","","","",30000,1,"","",1,1,8,1,"","","","","","","","","","","","","","","","","","","","","","","","","","","","","","","","","","","","","","","","","","","","","","","","","","","","","","","","","","","","","","","","","",""
"31069001","TOULOUSE-BLAGNAC",43.621,1.378833,151,1968040615,"","","","",11.,1,300,1,"","","","","","","","","","","","","","","","","","","","","","","","","","","","",8.,1,1.2,1,"","","","","","","","","","","","","","","","","","","","","","","","","","",63,1,"","","","","","","","","","","","",6.7,1,1009.3,1,990.9,1,"","","",1,7,1,7,1,2,1,"","","","","","","","","","","","","","","","","","","","","","","","","","","","",30000,1,"","",3,1,2,1,"","","","","","","","","","","","","","","","","","","","","","","","","","","","","","","","","","","","","","","","","","","","","","","","","","","","","","","","","","","","","","","","","",""
"31069001","TOULOUSE-BLAGNAC",43.621,1.378833,151,1968040618,"","","","",4.,1,280,1,"","","","","","","","","","","","","","","","","","","","","","","","","","","","",5.6,1,1.4,1,"","","","","","","","","","","","","","","","","","","","","","","","","","",76,1,"","","","","","","","","","","","",6.8,1,1011.7,1,993.1,1,"","","",1,8,1,7,1,2,1,"","","","","","","","","","","","","","","","","","","","","","","","","","","","",30000,1,"","",3,1,2,1,"","","","","","","","","","","","","","","","","","","","","","","","","","","","","","","","","","","","","","","","","","","","","","","","","","","","","","","","","","","","","","","","","",""
"31069001","TOULOUSE-BLAGNAC",43.621,1.378833,151,1968040621,"","","","",4.,1,220,1,"","","","","","","","","","","","","","","","","","","","","","","","","","","","",4.8,1,1.6,1,"","","","","","","","","","","","","","","","","","","","","","","","","","",81,1,"","","","","","","","","","","","",6.9,1,1014.2,1,995.5,1,"","","",1,6,1,5,1,2,1,4,1,0,1,"","","","","","","","","","","","","","","","","","","","","","","","",30000,1,"","",1,1,2,1,"","","","","","","","","","","","","","","","","","","","","","","","","","","","","","","","","","","","","","","","","","","","","","","","","","","","","","","","","","","","","","","","","",""
"31069001","TOULOUSE-BLAGNAC",43.621,1.378833,151,1968040700,"","","","",5.,1,240,1,"","","","","","","","","","","","","","","","","","","","","","","","","","","","",3.9,1,1.4,1,"","","","","","","","","","","","","","","","","","","","","","","","","","",85,1,"","","","","","","","","","","","",6.8,1,1014.3,1,995.6,1,"","","",1,7,1,7,1,6,1,"","","","","","","","","","","","","","","","","","","","","","","","","","","","",30000,1,"","",3,1,2,1,"","","","","","","","","","","","","","","","","","","","","","","","","","","","","","","","","","","","","","","","","","","","","","","","","","","","","","","","","","","","","","","","","",""
"31069001","TOULOUSE-BLAGNAC",43.621,1.378833,151,1968040703,"","","","",4.,1,260,1,"","","","","","","","","","","","","","","","","","","","","","","","","","","","",3.8,1,1.6,1,"","","","","","","","","","","","","","","","","","","","","","","","","","",87,1,"","","","","","","","","","","","",6.9,1,1014.1,1,995.4,1,"","","",1,7,1,7,1,6,1,"","","","","","","","","","","","","","","","","","","","","","","","","","","","",30000,1,"","",2,1,1,1,"","","","","","","","","","","","","","","","","","","","","","","","","","","","","","","","","","","","","","","","","","","","","","","","","","","","","","","","","","","","","","","","","",""
"31069001","TOULOUSE-BLAGNAC",43.621,1.378833,151,1968040706,"","","","",4.,1,260,1,"","","","","","","","","","","","","","","","","","","","","","","","","","","","",3.8,1,2.2,1,"","","","","","","","","","","","","","","","","","","","","","","","","","",90,1,"","","","","","","","","","","","",7.2,1,1014.5,1,995.8,1,"","","",1,8,1,7,1,5,1,"","","","","","","","","","","","","","","","","","","","","","","","","","","","",20000,1,"","",61,1,1,1,"","",2,1,"","","","","","","","","","","","","","","","","","","","","","","","","","","","","","","","","","","","","","","","","","","","","","","","","","","","","","","","","","","","","",""
"31069001","TOULOUSE-BLAGNAC",43.621,1.378833,151,1968040709,"","","","",6.,1,280,1,"","","","","","","","","","","","","","","","","","","","","","","","","","","","",4.4,1,2.8,1,"","","","","","","","","","","","","","","","","","","","","","","","","","",90,1,"","","","","","","","","","","","",7.5,1,1015.,1,996.3,1,"","","",1,8,1,8,1,5,1,"","","","","","","","","","","","","","","","","","","","","","","","","","","","",15000,1,"","",2,1,6,1,"","","","","","","","","","","","","","","","","","","","","","","","","","","","","","","","","","","","","","","","","","","","","","","","","","","","","","","","","","","","","","","","","",""
"31069001","TOULOUSE-BLAGNAC",43.621,1.378833,151,1968040712,"","","","",7.,1,280,1,"","","","","","","","","","","","","","","","","","","","","","","","","","","","",6.,1,3.3,1,"","","","","","","","","","","","","","","","","","","","","","","","","","",83,1,"","","","","","","","","","","","",7.8,1,1015.6,1,997.,1,"","","",1,8,1,8,1,5,1,"","","","","","","","","","","","","","","","","","","","","","","","","","","","",15000,1,"","",50,1,6,1,"","","","","","","","","","","","","","","","","","","","","","","","","","","","","","","","","","","","","","","","","","","","","","","","","","","","","","","","","","","","","","","","","",""
"31069001","TOULOUSE-BLAGNAC",43.621,1.378833,151,1968040715,"","","","",4.,1,300,1,"","","","","","","","","","","","","","","","","","","","","","","","","","","","",5.9,1,4.3,1,"","","","","","","","","","","","","","","","","","","","","","","","","","",91,1,"","","","","","","","","","","","",8.4,1,1016.5,1,997.9,1,"","","",1,8,1,8,1,8,1,"","","","","","","","","","","","","","","","","","","","","","","","","","","","",8000,1,"","",61,1,5,1,"","","","","","","","","","","","","","","","","","","","","","","","","","","","","","","","","","","","","","","","","","","","","","","","","","","","","","","","","","","","","","","","","",""
"31069001","TOULOUSE-BLAGNAC",43.621,1.378833,151,1968040718,"","","","",5.,1,280,1,"","","","","","","","","","","","","","","","","","","","","","","","","","","","",5.1,1,4.3,1,"","","","","","","","","","","","","","","","","","","","","","","","","","",95,1,"","","","","","","","","","","","",8.4,1,1018.,1,999.3,1,"","","",1,8,1,5,1,7,1,"","","","","","","","","","","","","","","","","","","","","","","","","","","","",4000,1,"","",61,1,6,1,"","","","","","","","","","","","","","","","","","","","","","","","","","","","","","","","","","","","","","","","","","","","","","","","","","","","","","","","","","","","","","","","","",""
"31069001","TOULOUSE-BLAGNAC",43.621,1.378833,151,1968040721,"","","","",5.,1,280,1,"","","","","","","","","","","","","","","","","","","","","","","","","","","","",5.2,1,3.8,1,"","","","","","","","","","","","","","","","","","","","","","","","","","",92,1,"","","","","","","","","","","","",8.1,1,1020.7,1,1001.9,1,"","","",1,8,1,8,1,5,1,"","","","","","","","","","","","","","","","","","","","","","","","","","","","",6000,1,"","",61,1,6,1,"","","","","","","","","","","","","","","","","","","","","","","","","","","","","","","","","","","","","","","","","","","","","","","","","","","","","","","","","","","","","","","","","",""
"31069001","TOULOUSE-BLAGNAC",43.621,1.378833,151,1968040800,"","","","",3.,1,280,1,"","","","","","","","","","","","","","","","","","","","","","","","","","","","",4.6,1,3.5,1,"","","","","","","","","","","","","","","","","","","","","","","","","","",93,1,"","","","","","","","","","","","",7.9,1,1022.5,1,1003.7,1,"","","",1,8,1,8,1,5,1,"","","","","","","","","","","","","","","","","","","","","","","","","","","","",7000,1,"","",1,1,6,1,"","","","","","","","","","","","","","","","","","","","","","","","","","","","","","","","","","","","","","","","","","","","","","","","","","","","","","","","","","","","","","","","","",""
"31069001","TOULOUSE-BLAGNAC",43.621,1.378833,151,1968040803,"","","","",2.,1,300,1,"","","","","","","","","","","","","","","","","","","","","","","","","","","","",1.6,1,0.8,1,"","","","","","","","","","","","","","","","","","","","","","","","","","",94,1,"","","","","","","","","","","","",6.5,1,1023.2,1,1004.1,1,"","","",1,7,1,7,1,5,1,"","","","","","","","","","","","","","","","","","","","","","","","","","","","",5000,1,"","",2,1,2,1,"","","","","","","","","","","","","","","","","","","","","","","","","","","","","","","","","","","","","","","","","","","","","","","","","","","","","","","","","","","","","","","","","",""
"31069001","TOULOUSE-BLAGNAC",43.621,1.378833,151,1968040806,"","","","",2.,1,280,1,"","","","","","","","","","","","","","","","","","","","","","","","","","","","",1.8,1,1.4,1,"","","","","","","","","","","","","","","","","","","","","","","","","","",98,1,"","","","","","","","","","","","",6.8,1,1024.4,1,1005.3,1,"","","",1,7,1,7,1,5,1,"","","","","","","","","","","","","","","","","","","","","","","","","","","","",3000,1,"","",10,1,2,1,"","",2,1,"","","","","","","","","","","","","","","","","","","","","","","","","","","","","","","","","","","","","","","","","","","","","","","","","","","","","","","","","","","","","",""
"31069001","TOULOUSE-BLAGNAC",43.621,1.378833,151,1968040809,"","","","",3.,1,280,1,"","","","","","","","","","","","","","","","","","","","","","","","","","","","",6.5,1,3.8,1,"","","","","","","","","","","","","","","","","","","","","","","","","","",83,1,"","","","","","","","","","","","",8.1,1,1025.2,1,1006.4,1,"","","",1,7,1,7,1,0,1,3,1,"","","","","","","","","","","","","","","","","","","","","","","","","","",8000,1,"","",3,1,2,1,"","","","","","","","","","","","","","","","","","","","","","","","","","","","","","","","","","","","","","","","","","","","","","","","","","","","","","","","","","","","","","","","","",""
"31069001","TOULOUSE-BLAGNAC",43.621,1.378833,151,1968040812,"","","","",3.,1,340,1,"","","","","","","","","","","","","","","","","","","","","","","","","","","","",10.8,1,2.4,1,"","","","","","","","","","","","","","","","","","","","","","","","","","",56,1,"","","","","","","","","","","","",7.3,1,1024.6,1,1006.1,1,"","","",1,4,1,0,1,2,1,0,1,0,1,"","","","","","","","","","","","","","","","","","","","","","","","",15000,1,"","",1,1,1,1,"","","","","","","","","","","","","","","","","","","","","","","","","","","","","","","","","","","","","","","","","","","","","","","","","","","","","","","","","","","","","","","","","",""
"31069001","TOULOUSE-BLAGNAC",43.621,1.378833,151,1968040815,"","","","",5.,1,360,1,"","","","","","","","","","","","","","","","","","","","","","","","","","","","",11.8,1,0.2,1,"","","","","","","","","","","","","","","","","","","","","","","","","","",45,1,"","","","","","","","","","","","",6.2,1,1023.6,1,1005.2,1,"","","",1,6,1,0,1,8,1,0,1,0,1,"","","","","","","","","","","","","","","","","","","","","","","","",20000,1,"","",3,1,1,1,"","","","","","","","","","","","","","","","","","","","","","","","","","","","","","","","","","","","","","","","","","","","","","","","","","","","","","","","","","","","","","","","","",""
"31069001","TOULOUSE-BLAGNAC",43.621,1.378833,151,1968040818,"","","","",3.,1,360,1,"","","","","","","","","","","","","","","","","","","","","","","","","","","","",11.2,1,1.4,1,"","","","","","","","","","","","","","","","","","","","","","","","","","",51,1,"","","","","","","","","","","","",6.8,1,1023.2,1,1004.8,1,"","","",1,3,1,0,1,8,1,0,1,0,1,"","","","","","","","","","","","","","","","","","","","","","","","",15000,1,"","",2,1,1,1,"","","","","","","","","","","","","","","","","","","","","","","","","","","","","","","","","","","","","","","","","","","","","","","","","","","","","","","","","","","","","","","","","",""
"31069001","TOULOUSE-BLAGNAC",43.621,1.378833,151,1968040821,"","","","",2.,1,280,1,"","","","","","","","","","","","","","","","","","","","","","","","","","","","",4.7,1,1.,1,"","","","","","","","","","","","","","","","","","","","","","","","","","",77,1,"","","","","","","","","","","","",6.6,1,1025.,1,1006.1,1,"","","",1,0,1,"","",0,1,0,1,0,1,"","","","","","","","","","","","","","","","","","","","","","","","",20000,1,"","",2,1,0,1,"","","","","","","","","","","","","","","","","","","","","","","","","","","","","","","","","","","","","","","","","","","","","","","","","","","","","","","","","","","","","","","","","",""
"31069001","TOULOUSE-BLAGNAC",43.621,1.378833,151,1968040900,"","","","",2.,1,360,1,"","","","","","","","","","","","","","","","","","","","","","","","","","","","",4.,1,0.2,1,"","","","","","","","","","","","","","","","","","","","","","","","","","",77,1,"","","","","","","","","","","","",6.2,1,1024.8,1,1005.9,1,"","","",1,0,1,"","",0,1,0,1,0,1,"","","","","","","","","","","","","","","","","","","","","","","","",20000,1,"","",2,1,0,1,"","","","","","","","","","","","","","","","","","","","","","","","","","","","","","","","","","","","","","","","","","","","","","","","","","","","","","","","","","","","","","","","","",""
"31069001","TOULOUSE-BLAGNAC",43.621,1.378833,151,1968040903,"","","","",2.,1,280,1,"","","","","","","","","","","","","","","","","","","","","","","","","","","","",1.,1,-0.9,1,"","","","","","","","","","","","","","","","","","","","","","","","","","",86,1,"","","","","","","","","","","","",5.7,1,1025.,1,1005.9,1,"","","",1,0,1,"","",0,1,0,1,0,1,"","","","","","","","","","","","","","","","","","","","","","","","",20000,1,"","",2,1,0,1,"","","","","","","","","","","","","","","","","","","","","","","","","","","","","","","","","","","","","","","","","","","","","","","","","","","","","","","","","","","","","","","","","",""
"31069001","TOULOUSE-BLAGNAC",43.621,1.378833,151,1968040906,"","","","",0.,1,0,1,"","","","","","","","","","","","","","","","","","","","","","","","","","","","",-1.2,1,-2.4,1,"","","","","","","","","","","","","","","","","","","","","","","","","","",91,1,"","","","","","","","","","","","",5.1,1,1025.3,1,1006.,1,"","","",1,0,1,"","",0,1,0,1,0,1,"","","","","","","","","","","","","","","","","","","","","","","","",8000,1,"","",2,1,0,1,"","",0,1,"","","","","","","","","","","","","","","","","","","","","","","","","","","","","","","","","","","","","","","","","","","","","","","","","","","","","","","","","","","","","",""
"31069001","TOULOUSE-BLAGNAC",43.621,1.378833,151,1968040909,"","","","",0.,1,0,1,"","","","","","","","","","","","","","","","","","","","","","","","","","","","",6.3,1,0.4,1,"","","","","","","","","","","","","","","","","","","","","","","","","","",66,1,"","","","","","","","","","","","",6.3,1,1024.8,1,1006.,1,"","","",1,2,1,0,1,6,1,0,1,0,1,"","","","","","","","","","","","","","","","","","","","","","","","","","","","",4,1,0,1,"","","","","","","","","","","","","","","","","","","","","","","","","","","","","","","","","","","","","","","","","","","","","","","","","","","","","","","","","","","","","","","","","",""
"31069001","TOULOUSE-BLAGNAC",43.621,1.378833,151,1968040912,"","","","",3.,1,320,1,"","","","","","","","","","","","","","","","","","","","","","","","","","","","",11.,1,-2.4,1,"","","","","","","","","","","","","","","","","","","","","","","","","","",38,1,"","","","","","","","","","","","",5.1,1,1023.8,1,1005.3,1,"","","",1,0,1,"","",0,1,0,1,0,1,"","","","","","","","","","","","","","","","","","","","","","","","","","","","",4,1,0,1,"","","","","","","","","","","","","","","","","","","","","","","","","","","","","","","","","","","","","","","","","","","","","","","","","","","","","","","","","","","","","","","","","",""
"31069001","TOULOUSE-BLAGNAC",43.621,1.378833,151,1968040915,"","","","",4.,1,340,1,"","","","","","","","","","","","","","","","","","","","","","","","","","","","",14.1,1,0.2,1,"","","","","","","","","","","","","","","","","","","","","","","","","","",39,1,"","","","","","","","","","","","",6.2,1,1021.8,1,1003.6,1,"","","",1,0,1,"","",0,1,0,1,0,1,"","","","","","","","","","","","","","","","","","","","","","","","",20000,1,"","",2,1,0,1,"","","","","","","","","","","","","","","","","","","","","","","","","","","","","","","","","","","","","","","","","","","","","","","","","","","","","","","","","","","","","","","","","",""
"31069001","TOULOUSE-BLAGNAC",43.621,1.378833,151,1968040918,"","","","",2.,1,300,1,"","","","","","","","","","","","","","","","","","","","","","","","","","","","",13.3,1,-0.5,1,"","","","","","","","","","","","","","","","","","","","","","","","","","",39,1,"","","","","","","","","","","","",5.9,1,1021.5,1,1003.2,1,"","","",1,0,1,"","",0,1,0,1,0,1,"","","","","","","","","","","","","","","","","","","","","","","","",40000,1,"","",2,1,0,1,"","","","","","","","","","","","","","","","","","","","","","","","","","","","","","","","","","","","","","","","","","","","","","","","","","","","","","","","","","","","","","","","","",""
"31069001","TOULOUSE-BLAGNAC",43.621,1.378833,151,1968040921,"","","","",1.,1,240,1,"","","","","","","","","","","","","","","","","","","","","","","","","","","","",7.4,1,1.2,1,"","","","","","","","","","","","","","","","","","","","","","","","","","",65,1,"","","","","","","","","","","","",6.7,1,1022.4,1,1003.7,1,"","","",1,0,1,"","",0,1,0,1,0,1,"","","","","","","","","","","","","","","","","","","","","","","","",20000,1,"","",2,1,0,1,"","","","","","","","","","","","","","","","","","","","","","","","","","","","","","","","","","","","","","","","","","","","","","","","","","","","","","","","","","","","","","","","","",""
"31069001","TOULOUSE-BLAGNAC",43.621,1.378833,151,1968041000,"","","","",1.,1,180,1,"","","","","","","","","","","","","","","","","","","","","","","","","","","","",3.1,1,0.4,1,"","","","","","","","","","","","","","","","","","","","","","","","","","",83,1,"","","","","","","","","","","","",6.3,1,1022.9,1,1003.9,1,"","","",1,0,1,"","",0,1,0,1,0,1,"","","","","","","","","","","","","","","","","","","","","","","","",20000,1,"","",2,1,0,1,"","","","","","","","","","","","","","","","","","","","","","","","","","","","","","","","","","","","","","","","","","","","","","","","","","","","","","","","","","","","","","","","","",""
"31069001","TOULOUSE-BLAGNAC",43.621,1.378833,151,1968041003,"","","","",1.,1,180,1,"","","","","","","","","","","","","","","","","","","","","","","","","","","","",1.2,1,-0.5,1,"","","","","","","","","","","","","","","","","","","","","","","","","","",89,1,"","","","","","","","","","","","",5.9,1,1023.1,1,1004.,1,"","","",1,0,1,"","",0,1,0,1,0,1,"","","","","","","","","","","","","","","","","","","","","","","","",15000,1,"","",2,1,0,1,"","","","","","","","","","","","","","","","","","","","","","","","","","","","","","","","","","","","","","","","","","","","","","","","","","","","","","","","","","","","","","","","","",""
"31069001","TOULOUSE-BLAGNAC",43.621,1.378833,151,1968041006,"","","","",1.,1,180,1,"","","","","","","","","","","","","","","","","","","","","","","","","","","","",0.7,1,-0.7,1,"","","","","","","","","","","","","","","","","","","","","","","","","","",90,1,"","","","","","","","","","","","",5.8,1,1023.5,1,1004.4,1,"","","",1,0,1,"","",0,1,0,1,0,1,"","","","","","","","","","","","","","","","","","","","","","","","",10000,1,"","",2,1,0,1,"","",0,1,"","","","","","","","","","","","","","","","","","","","","","","","","","","","","","","","","","","","","","","","","","","","","","","","","","","","","","","","","","","","","",""
"31069001","TOULOUSE-BLAGNAC",43.621,1.378833,151,1968041009,"","","","",2.,1,80,1,"","","","","","","","","","","","","","","","","","","","","","","","","","","","",9.3,1,1.2,1,"","","","","","","","","","","","","","","","","","","","","","","","","","",58,1,"","","","","","","","","","","","",6.7,1,1023.2,1,1004.7,1,"","","",1,0,1,"","",0,1,0,1,0,1,"","","","","","","","","","","","","","","","","","","","","","","","",9000,1,"","",2,1,0,1,"","","","","","","","","","","","","","","","","","","","","","","","","","","","","","","","","","","","","","","","","","","","","","","","","","","","","","","","","","","","","","","","","",""
"31069001","TOULOUSE-BLAGNAC",43.621,1.378833,151,1968041012,"","","","",7.,1,140,1,"","","","","","","","","","","","","","","","","","","","","","","","","","","","",16.4,1,1.6,1,"","","","","","","","","","","","","","","","","","","","","","","","","","",37,1,"","","","","","","","","","","","",6.9,1,1021.6,1,1003.5,1,"","","",1,1,1,0,1,0,1,0,1,1,1,"","","","","","","","","","","","","","","","","","","","","","","","",15000,1,"","",2,1,0,1,"","","","","","","","","","","","","","","","","","","","","","","","","","","","","","","","","","","","","","","","","","","","","","","","","","","","","","","","","","","","","","","","","",""
"31069001","TOULOUSE-BLAGNAC",43.621,1.378833,151,1968041015,"","","","",6.,1,120,1,"","","","","","","","","","","","","","","","","","","","","","","","","","","","",17.6,1,1.,1,"","","","","","","","","","","","","","","","","","","","","","","","","","",33,1,"","","","","","","","","","","","",6.6,1,1020.5,1,1002.5,1,"","","",1,3,1,0,1,1,1,0,1,0,1,"","","","","","","","","","","","","","","","","","","","","","","","",20000,1,"","",3,1,0,1,"","","","","","","","","","","","","","","","","","","","","","","","","","","","","","","","","","","","","","","","","","","","","","","","","","","","","","","","","","","","","","","","","",""
"31069001","TOULOUSE-BLAGNAC",43.621,1.378833,151,1968041018,"","","","",6.,1,120,1,"","","","","","","","","","","","","","","","","","","","","","","","","","","","",15.4,1,3.1,1,"","","","","","","","","","","","","","","","","","","","","","","","","","",44,1,"","","","","","","","","","","","",7.7,1,1020.5,1,1002.4,1,"","","",1,0,1,"","",0,1,0,1,0,1,"","","","","","","","","","","","","","","","","","","","","","","","",15000,1,"","",1,1,0,1,"","","","","","","","","","","","","","","","","","","","","","","","","","","","","","","","","","","","","","","","","","","","","","","","","","","","","","","","","","","","","","","","","",""
"31069001","TOULOUSE-BLAGNAC",43.621,1.378833,151,1968041021,"","","","",3.,1,120,1,"","","","","","","","","","","","","","","","","","","","","","","","","","","","",11.,1,2.2,1,"","","","","","","","","","","","","","","","","","","","","","","","","","",54,1,"","","","","","","","","","","","",7.2,1,1021.6,1,1003.2,1,"","","",1,0,1,"","",0,1,0,1,0,1,"","","","","","","","","","","","","","","","","","","","","","","","",15000,1,"","",1,1,0,1,"","","","","","","","","","","","","","","","","","","","","","","","","","","","","","","","","","","","","","","","","","","","","","","","","","","","","","","","","","","","","","","","","",""
"31069001","TOULOUSE-BLAGNAC",43.621,1.378833,151,1968041100,"","","","",1.,1,280,1,"","","","","","","","","","","","","","","","","","","","","","","","","","","","",7.,1,2.6,1,"","","","","","","","","","","","","","","","","","","","","","","","","","",74,1,"","","","","","","","","","","","",7.4,1,1021.6,1,1002.9,1,"","","",1,2,1,0,1,0,1,0,1,1,1,"","","","","","","","","","","","","","","","","","","","","","","","",15000,1,"","",3,1,0,1,"","","","","","","","","","","","","","","","","","","","","","","","","","","","","","","","","","","","","","","","","","","","","","","","","","","","","","","","","","","","","","","","","",""
"31069001","TOULOUSE-BLAGNAC",43.621,1.378833,151,1968041103,"","","","",1.,1,360,1,"","","","","","","","","","","","","","","","","","","","","","","","","","","","",4.8,1,2.,1,"","","","","","","","","","","","","","","","","","","","","","","","","","",83,1,"","","","","","","","","","","","",7.1,1,1021.2,1,1002.4,1,"","","",1,5,1,5,1,0,1,4,1,2,1,"","","","","","","","","","","","","","","","","","","","","","","","",15000,1,"","",3,1,1,1,"","","","","","","","","","","","","","","","","","","","","","","","","","","","","","","","","","","","","","","","","","","","","","","","","","","","","","","","","","","","","","","","","",""
"31069001","TOULOUSE-BLAGNAC",43.621,1.378833,151,1968041106,"","","","",0.,1,0,1,"","","","","","","","","","","","","","","","","","","","","","","","","","","","",4.3,1,1.6,1,"","","","","","","","","","","","","","","","","","","","","","","","","","",83,1,"","","","","","","","","","","","",6.9,1,1021.2,1,1002.4,1,"","","",1,5,1,0,1,0,1,4,1,2,1,"","","","","","","","","","","","","","","","","","","","","","","","",10000,1,"","",1,1,1,1,"","",0,1,"","","","","","","","","","","","","","","","","","","","","","","","","","","","","","","","","","","","","","","","","","","","","","","","","","","","","","","","","","","","","",""
"31069001","TOULOUSE-BLAGNAC",43.621,1.378833,151,1968041109,"","","","",1.,1,120,1,"","","","","","","","","","","","","","","","","","","","","","","","","","","","",10.6,1,4.,1,"","","","","","","","","","","","","","","","","","","","","","","","","","",65,1,"","","","","","","","","","","","",8.2,1,1020.9,1,1002.5,1,"","","",1,2,1,0,1,0,1,0,1,2,1,"","","","","","","","","","","","","","","","","","","","","","","","",8000,1,"","",1,1,1,1,"","","","","","","","","","","","","","","","","","","","","","","","","","","","","","","","","","","","","","","","","","","","","","","","","","","","","","","","","","","","","","","","","",""
"31069001","TOULOUSE-BLAGNAC",43.621,1.378833,151,1968041112,"","","","",3.,1,40,1,"","","","","","","","","","","","","","","","","","","","","","","","","","","","",16.1,1,2.8,1,"","","","","","","","","","","","","","","","","","","","","","","","","","",41,1,"","","","","","","","","","","","",7.5,1,1019.2,1,1001.2,1,"","","",1,5,1,5,1,0,1,0,1,1,1,"","","","","","","","","","","","","","","","","","","","","","","","",20000,1,"","",3,1,1,1,"","","","","","","","","","","","","","","","","","","","","","","","","","","","","","","","","","","","","","","","","","","","","","","","","","","","","","","","","","","","","","","","","",""
"31069001","TOULOUSE-BLAGNAC",43.621,1.378833,151,1968041115,"","","","",2.,1,60,1,"","","","","","","","","","","","","","","","","","","","","","","","","","","","",18.3,1,0.4,1,"","","","","","","","","","","","","","","","","","","","","","","","","","",30,1,"","","","","","","","","","","","",6.3,1,1017.3,1,999.4,1,"","","",1,6,1,6,1,2,1,0,1,2,1,"","","","","","","","","","","","","","","","","","","","","","","","",30000,1,"","",2,1,2,1,"","","","","","","","","","","","","","","","","","","","","","","","","","","","","","","","","","","","","","","","","","","","","","","","","","","","","","","","","","","","","","","","","",""
"31069001","TOULOUSE-BLAGNAC",43.621,1.378833,151,1968041118,"","","","",1.,1,320,1,"","","","","","","","","","","","","","","","","","","","","","","","","","","","",16.8,1,0.6,1,"","","","","","","","","","","","","","","","","","","","","","","","","","",34,1,"","","","","","","","","","","","",6.4,1,1017.,1,999.,1,"","","",1,2,1,0,1,0,1,0,1,2,1,"","","","","","","","","","","","","","","","","","","","","","","","",30000,1,"","",2,1,1,1,"","","","","","","","","","","","","","","","","","","","","","","","","","","","","","","","","","","","","","","","","","","","","","","","","","","","","","","","","","","","","","","","","",""
"31069001","TOULOUSE-BLAGNAC",43.621,1.378833,151,1968041121,"","","","",2.,1,300,1,"","","","","","","","","","","","","","","","","","","","","","","","","","","","",10.,1,2.8,1,"","","","","","","","","","","","","","","","","","","","","","","","","","",61,1,"","","","","","","","","","","","",7.5,1,1017.6,1,999.2,1,"","","",1,1,1,0,1,0,1,4,1,0,1,"","","","","","","","","","","","","","","","","","","","","","","","",20000,1,"","",1,1,0,1,"","","","","","","","","","","","","","","","","","","","","","","","","","","","","","","","","","","","","","","","","","","","","","","","","","","","","","","","","","","","","","","","","",""
"31069001","TOULOUSE-BLAGNAC",43.621,1.378833,151,1968041200,"","","","",3.,1,200,1,"","","","","","","","","","","","","","","","","","","","","","","","","","","","",7.,1,4.8,1,"","","","","","","","","","","","","","","","","","","","","","","","","","",87,1,"","","","","","","","","","","","",8.7,1,1018.1,1,999.5,1,"","","",1,5,1,0,1,5,1,4,1,0,1,"","","","","","","","","","","","","","","","","","","","","","","","",20000,1,"","",3,1,1,1,"","","","","","","","","","","","","","","","","","","","","","","","","","","","","","","","","","","","","","","","","","","","","","","","","","","","","","","","","","","","","","","","","",""
"31069001","TOULOUSE-BLAGNAC",43.621,1.378833,151,1968041203,"","","","",1.,1,220,1,"","","","","","","","","","","","","","","","","","","","","","","","","","","","",3.8,1,2.2,1,"","","","","","","","","","","","","","","","","","","","","","","","","","",90,1,"","","","","","","","","","","","",7.2,1,1017.5,1,998.7,1,"","","",1,5,1,5,1,5,1,3,1,0,1,"","","","","","","","","","","","","","","","","","","","","","","","",15000,1,"","",3,1,0,1,"","","","","","","","","","","","","","","","","","","","","","","","","","","","","","","","","","","","","","","","","","","","","","","","","","","","","","","","","","","","","","","","","",""
"31069001","TOULOUSE-BLAGNAC",43.621,1.378833,151,1968041206,"","","","",2.,1,220,1,"","","","","","","","","","","","","","","","","","","","","","","","","","","","",5.,1,3.,1,"","","","","","","","","","","","","","","","","","","","","","","","","","",87,1,"","","","","","","","","","","","",7.6,1,1017.4,1,998.7,1,"","","",1,3,1,0,1,8,1,0,1,0,1,"","","","","","","","","","","","","","","","","","","","","","","","",10000,1,"","",1,1,1,1,"","",0,1,"","","","","","","","","","","","","","","","","","","","","","","","","","","","","","","","","","","","","","","","","","","","","","","","","","","","","","","","","","","","","",""
"31069001","TOULOUSE-BLAGNAC",43.621,1.378833,151,1968041209,"","","","",5.,1,280,1,"","","","","","","","","","","","","","","","","","","","","","","","","","","","",11.3,1,5.8,1,"","","","","","","","","","","","","","","","","","","","","","","","","","",70,1,"","","","","","","","","","","","",9.3,1,1017.2,1,998.9,1,"","","",1,3,1,0,1,1,1,8,1,0,1,"","","","","","","","","","","","","","","","","","","","","","","","",15000,1,"","",3,1,0,1,"","","","","","","","","","","","","","","","","","","","","","","","","","","","","","","","","","","","","","","","","","","","","","","","","","","","","","","","","","","","","","","","","",""
"31069001","TOULOUSE-BLAGNAC",43.621,1.378833,151,1968041212,"","","","",4.,1,280,1,"","","","","","","","","","","","","","","","","","","","","","","","","","","","",15.2,1,5.1,1,"","","","","","","","","","","","","","","","","","","","","","","","","","",51,1,"","","","","","","","","","","","",8.9,1,1016.1,1,998.1,1,"","","",1,3,1,0,1,2,1,8,1,0,1,"","","","","","","","","","","","","","","","","","","","","","","","",20000,1,"","",3,1,0,1,"","","","","","","","","","","","","","","","","","","","","","","","","","","","","","","","","","","","","","","","","","","","","","","","","","","","","","","","","","","","","","","","","",""
"31069001","TOULOUSE-BLAGNAC",43.621,1.378833,151,1968041215,"","","","",5.,1,300,1,"","","","","","","","","","","","","","","","","","","","","","","","","","","","",16.2,1,0.6,1,"","","","","","","","","","","","","","","","","","","","","","","","","","",35,1,"","","","","","","","","","","","",6.4,1,1013.7,1,995.8,1,"","","",1,3,1,0,1,2,1,0,1,0,1,"","","","","","","","","","","","","","","","","","","","","","","","",30000,1,"","",2,1,0,1,"","","","","","","","","","","","","","","","","","","","","","","","","","","","","","","","","","","","","","","","","","","","","","","","","","","","","","","","","","","","","","","","","",""
"31069001","TOULOUSE-BLAGNAC",43.621,1.378833,151,1968041218,"","","","",3.,1,360,1,"","","","","","","","","","","","","","","","","","","","","","","","","","","","",14.6,1,0.4,1,"","","","","","","","","","","","","","","","","","","","","","","","","","",38,1,"","","","","","","","","","","","",6.3,1,1012.6,1,994.6,1,"","","",1,3,1,0,1,2,1,3,1,1,1,"","","","","","","","","","","","","","","","","","","","","","","","",20000,1,"","",3,1,0,1,"","","","","","","","","","","","","","","","","","","","","","","","","","","","","","","","","","","","","","","","","","","","","","","","","","","","","","","","","","","","","","","","","",""
"31069001","TOULOUSE-BLAGNAC",43.621,1.378833,151,1968041221,"","","","",1.,1,360,1,"","","","","","","","","","","","","","","","","","","","","","","","","","","","",8.8,1,1.4,1,"","","","","","","","","","","","","","","","","","","","","","","","","","",60,1,"","","","","","","","","","","","",6.8,1,1013.6,1,995.2,1,"","","",1,0,1,"","",0,1,0,1,0,1,"","","","","","","","","","","","","","","","","","","","","","","","",15000,1,"","",2,1,0,1,"","","","","","","","","","","","","","","","","","","","","","","","","","","","","","","","","","","","","","","","","","","","","","","","","","","","","","","","","","","","","","","","","",""
"31069001","TOULOUSE-BLAGNAC",43.621,1.378833,151,1968041300,"","","","",2.,1,200,1,"","","","","","","","","","","","","","","","","","","","","","","","","","","","",7.3,1,4.2,1,"","","","","","","","","","","","","","","","","","","","","","","","","","",81,1,"","","","","","","","","","","","",8.3,1,1013.,1,994.5,1,"","","",1,6,1,5,1,5,1,8,1,0,1,"","","","","","","","","","","","","","","","","","","","","","","","",15000,1,"","",3,1,1,1,"","","","","","","","","","","","","","","","","","","","","","","","","","","","","","","","","","","","","","","","","","","","","","","","","","","","","","","","","","","","","","","","","",""
"31069001","TOULOUSE-BLAGNAC",43.621,1.378833,151,1968041303,"","","","",1.,1,140,1,"","","","","","","","","","","","","","","","","","","","","","","","","","","","",7.2,1,4.8,1,"","","","","","","","","","","","","","","","","","","","","","","","","","",85,1,"","","","","","","","","","","","",8.7,1,1010.4,1,992.,1,"","","",1,3,1,0,1,0,1,8,1,0,1,"","","","","","","","","","","","","","","","","","","","","","","","",15000,1,"","",2,1,0,1,"","","","","","","","","","","","","","","","","","","","","","","","","","","","","","","","","","","","","","","","","","","","","","","","","","","","","","","","","","","","","","","","","",""
"31069001","TOULOUSE-BLAGNAC",43.621,1.378833,151,1968041306,"","","","",1.,1,200,1,"","","","","","","","","","","","","","","","","","","","","","","","","","","","",5.2,1,4.5,1,"","","","","","","","","","","","","","","","","","","","","","","","","","",97,1,"","","","","","","","","","","","",8.5,1,1010.2,1,991.6,1,"","","",1,2,1,0,1,5,1,0,1,0,1,"","","","","","","","","","","","","","","","","","","","","","","","",3000,1,"","",10,1,0,1,"","",0,1,"","","","","","","","","","","","","","","","","","","","","","","","","","","","","","","","","","","","","","","","","","","","","","","","","","","","","","","","","","","","","",""
"31069001","TOULOUSE-BLAGNAC",43.621,1.378833,151,1968041309,"","","","",4.,1,120,1,"","","","","","","","","","","","","","","","","","","","","","","","","","","","",11.8,1,5.5,1,"","","","","","","","","","","","","","","","","","","","","","","","","","",66,1,"","","","","","","","","","","","",9.1,1,1008.8,1,990.7,1,"","","",1,1,1,0,1,1,1,0,1,2,1,"","","","","","","","","","","","","","","","","","","","","","","","",7000,1,"","",3,1,0,1,"","","","","","","","","","","","","","","","","","","","","","","","","","","","","","","","","","","","","","","","","","","","","","","","","","","","","","","","","","","","","","","","","",""
"31069001","TOULOUSE-BLAGNAC",43.621,1.378833,151,1968041312,"","","","",5.,1,120,1,"","","","","","","","","","","","","","","","","","","","","","","","","","","","",16.3,1,5.9,1,"","","","","","","","","","","","","","","","","","","","","","","","","","",51,1,"","","","","","","","","","","","",9.4,1,1006.2,1,988.4,1,"","","",1,3,1,0,1,2,1,0,1,2,1,"","","","","","","","","","","","","","","","","","","","","","","","",12000,1,"","",2,1,0,1,"","","","","","","","","","","","","","","","","","","","","","","","","","","","","","","","","","","","","","","","","","","","","","","","","","","","","","","","","","","","","","","","","",""
"31069001","TOULOUSE-BLAGNAC",43.621,1.378833,151,1968041315,"","","","",4.,1,120,1,"","","","","","","","","","","","","","","","","","","","","","","","","","","","",18.9,1,1.4,1,"","","","","","","","","","","","","","","","","","","","","","","","","","",32,1,"","","","","","","","","","","","",6.8,1,1003.2,1,985.6,1,"","","",1,6,1,5,1,2,1,0,1,2,1,"","","","","","","","","","","","","","","","","","","","","","","","",20000,1,"","",3,1,2,1,"","","","","","","","","","","","","","","","","","","","","","","","","","","","","","","","","","","","","","","","","","","","","","","","","","","","","","","","","","","","","","","","","",""
"31069001","TOULOUSE-BLAGNAC",43.621,1.378833,151,1968041318,"","","","",7.,1,100,1,"","","","","","","","","","","","","","","","","","","","","","","","","","","","",14.9,1,5.3,1,"","","","","","","","","","","","","","","","","","","","","","","","","","",53,1,"","","","","","","","","","","","",9.,1,1003.2,1,985.4,1,"","","",1,7,1,6,1,3,1,0,1,2,1,"","","","","","","","","","","","","","","","","","","","","","","","",20000,1,"","",3,1,2,1,"","","","","","","","","","","","","","","","","","","","","","","","","","","","","","","","","","","","","","","","","","","","","","","","","","","","","","","","","","","","","","","","","",""
"31069001","TOULOUSE-BLAGNAC",43.621,1.378833,151,1968041321,"","","","",3.,1,100,1,"","","","","","","","","","","","","","","","","","","","","","","","","","","","",11.8,1,5.8,1,"","","","","","","","","","","","","","","","","","","","","","","","","","",67,1,"","","","","","","","","","","","",9.3,1,1004.3,1,986.3,1,"","","",1,6,1,6,1,0,1,6,1,2,1,"","","","","","","","","","","","","","","","","","","","","","","","",20000,1,"","",2,1,2,1,"","","","","","","","","","","","","","","","","","","","","","","","","","","","","","","","","","","","","","","","","","","","","","","","","","","","","","","","","","","","","","","","","",""
"31069001","TOULOUSE-BLAGNAC",43.621,1.378833,151,1968041400,"","","","",2.,1,40,1,"","","","","","","","","","","","","","","","","","","","","","","","","","","","",8.4,1,5.1,1,"","","","","","","","","","","","","","","","","","","","","","","","","","",81,1,"","","","","","","","","","","","",8.9,1,1003.1,1,984.9,1,"","","",1,6,1,6,1,0,1,0,1,2,1,"","","","","","","","","","","","","","","","","","","","","","","","",20000,1,"","",2,1,2,1,"","","","","","","","","","","","","","","","","","","","","","","","","","","","","","","","","","","","","","","","","","","","","","","","","","","","","","","","","","","","","","","","","",""
"31069001","TOULOUSE-BLAGNAC",43.621,1.378833,151,1968041403,"","","","",5.,1,100,1,"","","","","","","","","","","","","","","","","","","","","","","","","","","","",12.,1,6.2,1,"","","","","","","","","","","","","","","","","","","","","","","","","","",68,1,"","","","","","","","","","","","",9.6,1,1001.9,1,983.9,1,"","","",1,"","",7,1,5,1,0,1,"","","","","","","","","","","","","","","","","","","","","","","","","","",20000,1,"","",3,1,2,1,"","","","","","","","","","","","","","","","","","","","","","","","","","","","","","","","","","","","","","","","","","","","","","","","","","","","","","","","","","","","","","","","","",""
"31069001","TOULOUSE-BLAGNAC",43.621,1.378833,151,1968041406,"","","","",7.,1,140,1,"","","","","","","","","","","","","","","","","","","","","","","","","","","","",10.9,1,8.,1,"","","","","","","","","","","","","","","","","","","","","","","","","","",84,1,"","","","","","","","","","","","",10.9,1,1002.,1,984.,1,"","","",1,8,1,5,1,5,1,7,1,"","","","","","","","","","","","","","","","","","","","","","","","","","",15000,1,"","",60,1,2,1,"","",2,1,"","","","","","","","","","","","","","","","","","","","","","","","","","","","","","","","","","","","","","","","","","","","","","","","","","","","","","","","","","","","","",""
"31069001","TOULOUSE-BLAGNAC",43.621,1.378833,151,1968041409,"","","","",3.,1,80,1,"","","","","","","","","","","","","","","","","","","","","","","","","","","","",10.6,1,9.5,1,"","","","","","","","","","","","","","","","","","","","","","","","","","",95,1,"","","","","","","","","","","","",12.1,1,1002.,1,984.,1,"","","",1,8,1,6,1,5,1,7,1,"","","","","","","","","","","","","","","","","","","","","","","","","","",6000,1,"","",61,1,6,1,"","","","","","","","","","","","","","","","","","","","","","","","","","","","","","","","","","","","","","","","","","","","","","","","","","","","","","","","","","","","","","","","","",""
"31069001","TOULOUSE-BLAGNAC",43.621,1.378833,151,1968041412,"","","","",3.,1,200,1,"","","","","","","","","","","","","","","","","","","","","","","","","","","","",10.8,1,9.3,1,"","","","","","","","","","","","","","","","","","","","","","","","","","",92,1,"","","","","","","","","","","","",11.9,1,1002.,1,984.,1,"","","",1,8,1,5,1,5,1,"","","","","","","","","","","","","","","","","","","","","","","","","","","","",8000,1,"","",61,1,6,1,"","","","","","","","","","","","","","","","","","","","","","","","","","","","","","","","","","","","","","","","","","","","","","","","","","","","","","","","","","","","","","","","","",""
"31069001","TOULOUSE-BLAGNAC",43.621,1.378833,151,1968041415,"","","","",6.,1,260,1,"","","","","","","","","","","","","","","","","","","","","","","","","","","","",12.1,1,9.8,1,"","","","","","","","","","","","","","","","","","","","","","","","","","",87,1,"","","","","","","","","","","","",12.3,1,1002.4,1,984.4,1,"","","",1,8,1,8,1,5,1,"","","","","","","","","","","","","","","","","","","","","","","","","","","","",8000,1,"","",60,1,6,1,"","","","","","","","","","","","","","","","","","","","","","","","","","","","","","","","","","","","","","","","","","","","","","","","","","","","","","","","","","","","","","","","","",""
"31069001","TOULOUSE-BLAGNAC",43.621,1.378833,151,1968041418,"","","","",3.,1,220,1,"","","","","","","","","","","","","","","","","","","","","","","","","","","","",10.7,1,8.,1,"","","","","","","","","","","","","","","","","","","","","","","","","","",85,1,"","","","","","","","","","","","",10.9,1,1003.6,1,985.5,1,"","","",1,7,1,6,1,5,1,"","","","","","","","","","","","","","","","","","","","","","","","","","","","",8000,1,"","",2,1,6,1,"","","","","","","","","","","","","","","","","","","","","","","","","","","","","","","","","","","","","","","","","","","","","","","","","","","","","","","","","","","","","","","","","",""
"31069001","TOULOUSE-BLAGNAC",43.621,1.378833,151,1968041421,"","","","",2.,1,280,1,"","","","","","","","","","","","","","","","","","","","","","","","","","","","",9.8,1,8.4,1,"","","","","","","","","","","","","","","","","","","","","","","","","","",92,1,"","","","","","","","","","","","",11.2,1,1006.3,1,988.1,1,"","","",1,8,1,8,1,5,1,"","","","","","","","","","","","","","","","","","","","","","","","","","","","",10000,1,"","",1,1,2,1,"","","","","","","","","","","","","","","","","","","","","","","","","","","","","","","","","","","","","","","","","","","","","","","","","","","","","","","","","","","","","","","","","",""
"31069001","TOULOUSE-BLAGNAC",43.621,1.378833,151,1968041500,"","","","",3.,1,280,1,"","","","","","","","","","","","","","","","","","","","","","","","","","","","",9.9,1,9.,1,"","","","","","","","","","","","","","","","","","","","","","","","","","",96,1,"","","","","","","","","","","","",11.7,1,1008.5,1,990.3,1,"","","",1,8,1,7,1,6,1,"","","","","","","","","","","","","","","","","","","","","","","","","","","","",10000,1,"","",21,1,2,1,"","","","","","","","","","","","","","","","","","","","","","","","","","","","","","","","","","","","","","","","","","","","","","","","","","","","","","","","","","","","","","","","","",""
"31069001","TOULOUSE-BLAGNAC",43.621,1.378833,151,1968041503,"","","","",2.,1,260,1,"","","","","","","","","","","","","","","","","","","","","","","","","","","","",9.8,1,8.4,1,"","","","","","","","","","","","","","","","","","","","","","","","","","",92,1,"","","","","","","","","","","","",11.2,1,1009.,1,990.8,1,"","","",1,8,1,8,1,5,1,"","","","","","","","","","","","","","","","","","","","","","","","","","","","",8000,1,"","",2,1,2,1,"","","","","","","","","","","","","","","","","","","","","","","","","","","","","","","","","","","","","","","","","","","","","","","","","","","","","","","","","","","","","","","","","",""
"31069001","TOULOUSE-BLAGNAC",43.621,1.378833,151,1968041506,"","","","",2.,1,260,1,"","","","","","","","","","","","","","","","","","","","","","","","","","","","",9.7,1,8.4,1,"","","","","","","","","","","","","","","","","","","","","","","","","","",93,1,"","","","","","","","","","","","",11.2,1,1010.2,1,991.9,1,"","","",1,7,1,7,1,5,1,"","","","","","","","","","","","","","","","","","","","","","","","","","","","",8000,1,"","",1,1,2,1,"","",2,1,"","","","","","","","","","","","","","","","","","","","","","","","","","","","","","","","","","","","","","","","","","","","","","","","","","","","","","","","","","","","","",""
"31069001","TOULOUSE-BLAGNAC",43.621,1.378833,151,1968041509,"","","","",0.,1,0,1,"","","","","","","","","","","","","","","","","","","","","","","","","","","","",11.8,1,8.5,1,"","","","","","","","","","","","","","","","","","","","","","","","","","",82,1,"","","","","","","","","","","","",11.3,1,1010.9,1,992.8,1,"","","",1,6,1,5,1,8,1,0,1,0,1,"","","","","","","","","","","","","","","","","","","","","","","","",20000,1,"","",1,1,2,1,"","","","","","","","","","","","","","","","","","","","","","","","","","","","","","","","","","","","","","","","","","","","","","","","","","","","","","","","","","","","","","","","","",""
"31069001","TOULOUSE-BLAGNAC",43.621,1.378833,151,1968041512,"","","","",3.,1,120,1,"","","","","","","","","","","","","","","","","","","","","","","","","","","","",15.1,1,7.1,1,"","","","","","","","","","","","","","","","","","","","","","","","","","",59,1,"","","","","","","","","","","","",10.2,1,1009.9,1,992.,1,"","","",1,5,1,0,1,2,1,0,1,1,1,"","","","","","","","","","","","","","","","","","","","","","","","",20000,1,"","",1,1,2,1,"","","","","","","","","","","","","","","","","","","","","","","","","","","","","","","","","","","","","","","","","","","","","","","","","","","","","","","","","","","","","","","","","",""
"31069001","TOULOUSE-BLAGNAC",43.621,1.378833,151,1968041515,"","","","",4.,1,60,1,"","","","","","","","","","","","","","","","","","","","","","","","","","","","",18.4,1,5.8,1,"","","","","","","","","","","","","","","","","","","","","","","","","","",44,1,"","","","","","","","","","","","",9.3,1,1007.9,1,990.2,1,"","","",1,6,1,6,1,0,1,0,1,1,1,"","","","","","","","","","","","","","","","","","","","","","","","",30000,1,"","",3,1,2,1,"","","","","","","","","","","","","","","","","","","","","","","","","","","","","","","","","","","","","","","","","","","","","","","","","","","","","","","","","","","","","","","","","",""
"31069001","TOULOUSE-BLAGNAC",43.621,1.378833,151,1968041518,"","","","",6.,1,100,1,"","","","","","","","","","","","","","","","","","","","","","","","","","","","",18.3,1,7.3,1,"","","","","","","","","","","","","","","","","","","","","","","","","","",50,1,"","","","","","","","","","","","",10.4,1,1007.4,1,989.7,1,"","","",1,6,1,6,1,0,1,0,1,4,1,"","","","","","","","","","","","","","","","","","","","","","","","",40000,1,"","",2,1,2,1,"","","","","","","","","","","","","","","","","","","","","","","","","","","","","","","","","","","","","","","","","","","","","","","","","","","","","","","","","","","","","","","","","",""
"31069001","TOULOUSE-BLAGNAC",43.621,1.378833,151,1968041521,"","","","",6.,1,120,1,"","","","","","","","","","","","","","","","","","","","","","","","","","","","",14.5,1,6.1,1,"","","","","","","","","","","","","","","","","","","","","","","","","","",57,1,"","","","","","","","","","","","",9.5,1,1007.6,1,989.7,1,"","","",1,6,1,6,1,0,1,0,1,2,1,"","","","","","","","","","","","","","","","","","","","","","","","",40000,1,"","",2,1,2,1,"","","","","","","","","","","","","","","","","","","","","","","","","","","","","","","","","","","","","","","","","","","","","","","","","","","","","","","","","","","","","","","","","",""
"31069001","TOULOUSE-BLAGNAC",43.621,1.378833,151,1968041600,"","","","",8.,1,120,1,"","","","","","","","","","","","","","","","","","","","","","","","","","","","",13.5,1,7.5,1,"","","","","","","","","","","","","","","","","","","","","","","","","","",68,1,"","","","","","","","","","","","",10.5,1,1006.4,1,988.4,1,"","","",1,8,1,8,1,0,1,5,1,"","","","","","","","","","","","","","","","","","","","","","","","","","",30000,1,"","",3,1,2,1,"","","","","","","","","","","","","","","","","","","","","","","","","","","","","","","","","","","","","","","","","","","","","","","","","","","","","","","","","","","","","","","","","",""
"31069001","TOULOUSE-BLAGNAC",43.621,1.378833,151,1968041603,"","","","",12.,1,120,1,"","","","","","","","","","","","","","","","","","","","","","","","","","","","",12.4,1,8.1,1,"","","","","","","","","","","","","","","","","","","","","","","","","","",76,1,"","","","","","","","","","","","",11.,1,1004.4,1,986.4,1,"","","",1,7,1,5,1,0,1,7,1,2,1,"","","","","","","","","","","","","","","","","","","","","","","","",20000,1,"","",2,1,2,1,"","","","","","","","","","","","","","","","","","","","","","","","","","","","","","","","","","","","","","","","","","","","","","","","","","","","","","","","","","","","","","","","","",""
"31069001","TOULOUSE-BLAGNAC",43.621,1.378833,151,1968041606,"","","","",9.,1,120,1,"","","","","","","","","","","","","","","","","","","","","","","","","","","","",12.4,1,7.3,1,"","","","","","","","","","","","","","","","","","","","","","","","","","",72,1,"","","","","","","","","","","","",10.4,1,1004.1,1,986.1,1,"","","",1,6,1,6,1,0,1,4,1,2,1,"","","","","","","","","","","","","","","","","","","","","","","","",20000,1,"","",1,1,2,1,"","",0,1,"","","","","","","","","","","","","","","","","","","","","","","","","","","","","","","","","","","","","","","","","","","","","","","","","","","","","","","","","","","","","",""
"31069001","TOULOUSE-BLAGNAC",43.621,1.378833,151,1968041609,"","","","",10.,1,140,1,"","","","","","","","","","","","","","","","","","","","","","","","","","","","",14.4,1,7.2,1,"","","","","","","","","","","","","","","","","","","","","","","","","","",63,1,"","","","","","","","","","","","",10.3,1,1006.1,1,988.2,1,"","","",1,7,1,7,1,0,1,4,1,2,1,"","","","","","","","","","","","","","","","","","","","","","","","",30000,1,"","",2,1,2,1,"","","","","","","","","","","","","","","","","","","","","","","","","","","","","","","","","","","","","","","","","","","","","","","","","","","","","","","","","","","","","","","","","",""
"31069001","TOULOUSE-BLAGNAC",43.621,1.378833,151,1968041612,"","","","",10.,1,120,1,"","","","","","","","","","","","","","","","","","","","","","","","","","","","",17.2,1,8.3,1,"","","","","","","","","","","","","","","","","","","","","","","","","","",57,1,"","","","","","","","","","","","",11.1,1,1007.,1,989.3,1,"","","",1,2,1,0,1,0,1,8,1,2,1,"","","","","","","","","","","","","","","","","","","","","","","","",40000,1,"","",1,1,1,1,"","","","","","","","","","","","","","","","","","","","","","","","","","","","","","","","","","","","","","","","","","","","","","","","","","","","","","","","","","","","","","","","","",""
"31069001","TOULOUSE-BLAGNAC",43.621,1.378833,151,1968041615,"","","","",10.,1,120,1,"","","","","","","","","","","","","","","","","","","","","","","","","","","","",17.6,1,8.5,1,"","","","","","","","","","","","","","","","","","","","","","","","","","",56,1,"","","","","","","","","","","","",11.3,1,1006.8,1,989.1,1,"","","",1,1,1,0,1,1,1,0,1,2,1,"","","","","","","","","","","","","","","","","","","","","","","","",40000,1,"","",3,1,0,1,"","","","","","","","","","","","","","","","","","","","","","","","","","","","","","","","","","","","","","","","","","","","","","","","","","","","","","","","","","","","","","","","","",""
"31069001","TOULOUSE-BLAGNAC",43.621,1.378833,151,1968041618,"","","","",9.,1,120,1,"","","","","","","","","","","","","","","","","","","","","","","","","","","","",14.3,1,8.5,1,"","","","","","","","","","","","","","","","","","","","","","","","","","",70,1,"","","","","","","","","","","","",11.3,1,1007.9,1,990.,1,"","","",1,7,1,7,1,0,1,4,1,2,1,"","","","","","","","","","","","","","","","","","","","","","","","",20000,1,"","",3,1,1,1,"","","","","","","","","","","","","","","","","","","","","","","","","","","","","","","","","","","","","","","","","","","","","","","","","","","","","","","","","","","","","","","","","",""
"31069001","TOULOUSE-BLAGNAC",43.621,1.378833,151,1968041621,"","","","",7.,1,120,1,"","","","","","","","","","","","","","","","","","","","","","","","","","","","",12.5,1,8.9,1,"","","","","","","","","","","","","","","","","","","","","","","","","","",80,1,"","","","","","","","","","","","",11.6,1,1010.4,1,992.3,1,"","","",1,7,1,7,1,5,1,0,1,2,1,"","","","","","","","","","","","","","","","","","","","","","","","",20000,1,"","",2,1,2,1,"","","","","","","","","","","","","","","","","","","","","","","","","","","","","","","","","","","","","","","","","","","","","","","","","","","","","","","","","","","","","","","","","",""
"31069001","TOULOUSE-BLAGNAC",43.621,1.378833,151,1968041700,"","","","",7.,1,140,1,"","","","","","","","","","","","","","","","","","","","","","","","","","","","",12.1,1,9.3,1,"","","","","","","","","","","","","","","","","","","","","","","","","","","","","","","","","","","","","","","","",11.9,1,"","",993.6,1,"","","","",7,1,5,1,5,1,0,1,2,1,"","","","","","","","","","","","","","","","","","","","","","","","",20000,1,"","",2,1,2,1,"","","","","","","","","","","","","","","","","","","","","","","","","","","","","","","","","","","","","","","","","","","","","","","","","","","","","","","","","","","","","","","","","",""
"31069001","TOULOUSE-BLAGNAC",43.621,1.378833,151,1968041703,"","","","",7.,1,140,1,"","","","","","","","","","","","","","","","","","","","","","","","","","","","",12.1,1,9.8,1,"","","","","","","","","","","","","","","","","","","","","","","","","","",87,1,"","","","","","","","","","","","",12.3,1,1011.6,1,993.5,1,"","","",1,7,1,7,1,5,1,0,1,2,1,"","","","","","","","","","","","","","","","","","","","","","","","",20000,1,"","",2,1,2,1,"","","","","","","","","","","","","","","","","","","","","","","","","","","","","","","","","","","","","","","","","","","","","","","","","","","","","","","","","","","","","","","","","",""
"31069001","TOULOUSE-BLAGNAC",43.621,1.378833,151,1968041706,"","","","",6.,1,140,1,"","","","","","","","","","","","","","","","","","","","","","","","","","","","",11.9,1,8.7,1,"","","","","","","","","","","","","","","","","","","","","","","","","","",82,1,"","","","","","","","","","","","",11.4,1,1011.8,1,993.7,1,"","","",1,7,1,7,1,6,1,4,1,2,1,"","","","","","","","","","","","","","","","","","","","","","","","",20000,1,"","",3,1,2,1,"","",0,1,"","","","","","","","","","","","","","","","","","","","","","","","","","","","","","","","","","","","","","","","","","","","","","","","","","","","","","","","","","","","","",""
"31069001","TOULOUSE-BLAGNAC",43.621,1.378833,151,1968041709,"","","","",9.,1,140,1,"","","","","","","","","","","","","","","","","","","","","","","","","","","","",15.,1,9.3,1,"","","","","","","","","","","","","","","","","","","","","","","","","","",70,1,"","","","","","","","","","","","",11.9,1,1012.9,1,994.9,1,"","","",1,7,1,5,1,2,1,4,1,2,1,"","","","","","","","","","","","","","","","","","","","","","","","",20000,1,"","",3,1,2,1,"","","","","","","","","","","","","","","","","","","","","","","","","","","","","","","","","","","","","","","","","","","","","","","","","","","","","","","","","","","","","","","","","",""
"31069001","TOULOUSE-BLAGNAC",43.621,1.378833,151,1968041712,"","","","",9.,1,120,1,"","","","","","","","","","","","","","","","","","","","","","","","","","","","",17.,1,9.9,1,"","","","","","","","","","","","","","","","","","","","","","","","","","",63,1,"","","","","","","","","","","","",12.4,1,1012.,1,994.2,1,"","","",1,6,1,6,1,2,1,4,1,2,1,"","","","","","","","","","","","","","","","","","","","","","","","",20000,1,"","",2,1,2,1,"","","","","","","","","","","","","","","","","","","","","","","","","","","","","","","","","","","","","","","","","","","","","","","","","","","","","","","","","","","","","","","","","",""
"31069001","TOULOUSE-BLAGNAC",43.621,1.378833,151,1968041715,"","","","",8.,1,120,1,"","","","","","","","","","","","","","","","","","","","","","","","","","","","",18.,1,9.,1,"","","","","","","","","","","","","","","","","","","","","","","","","","",57,1,"","","","","","","","","","","","",11.7,1,1011.1,1,993.3,1,"","","",1,6,1,6,1,0,1,5,1,2,1,"","","","","","","","","","","","","","","","","","","","","","","","",20000,1,"","",3,1,2,1,"","","","","","","","","","","","","","","","","","","","","","","","","","","","","","","","","","","","","","","","","","","","","","","","","","","","","","","","","","","","","","","","","",""
"31069001","TOULOUSE-BLAGNAC",43.621,1.378833,151,1968041718,"","","","",8.,1,120,1,"","","","","","","","","","","","","","","","","","","","","","","","","","","","",15.1,1,9.5,1,"","","","","","","","","","","","","","","","","","","","","","","","","","",70,1,"","","","","","","","","","","","",12.1,1,1011.6,1,993.7,1,"","","",1,6,1,6,1,1,1,4,1,2,1,"","","","","","","","","","","","","","","","","","","","","","","","",15000,1,"","",3,1,2,1,"","","","","","","","","","","","","","","","","","","","","","","","","","","","","","","","","","","","","","","","","","","","","","","","","","","","","","","","","","","","","","","","","",""
"31069001","TOULOUSE-BLAGNAC",43.621,1.378833,151,1968041721,"","","","",6.,1,120,1,"","","","","","","","","","","","","","","","","","","","","","","","","","","","",13.2,1,9.4,1,"","","","","","","","","","","","","","","","","","","","","","","","","","",79,1,"","","","","","","","","","","","",12.,1,1013.3,1,995.2,1,"","","",1,6,1,6,1,6,1,4,1,2,1,"","","","","","","","","","","","","","","","","","","","","","","","",15000,1,"","",3,1,2,1,"","","","","","","","","","","","","","","","","","","","","","","","","","","","","","","","","","","","","","","","","","","","","","","","","","","","","","","","","","","","","","","","","",""
"31069001","TOULOUSE-BLAGNAC",43.621,1.378833,151,1968041800,"","","","",6.,1,120,1,"","","","","","","","","","","","","","","","","","","","","","","","","","","","",12.6,1,9.4,1,"","","","","","","","","","","","","","","","","","","","","","","","","","",82,1,"","","","","","","","","","","","",12.,1,1014.1,1,996.,1,"","","",1,6,1,6,1,6,1,0,1,2,1,"","","","","","","","","","","","","","","","","","","","","","","","",10000,1,"","",1,1,2,1,"","","","","","","","","","","","","","","","","","","","","","","","","","","","","","","","","","","","","","","","","","","","","","","","","","","","","","","","","","","","","","","","","",""
"31069001","TOULOUSE-BLAGNAC",43.621,1.378833,151,1968041803,"","","","",6.,1,160,1,"","","","","","","","","","","","","","","","","","","","","","","","","","","","",12.6,1,9.,1,"","","","","","","","","","","","","","","","","","","","","","","","","","",80,1,"","","","","","","","","","","","",11.7,1,1014.1,1,996.,1,"","","",1,6,1,6,1,6,1,0,1,2,1,"","","","","","","","","","","","","","","","","","","","","","","","",10000,1,"","",2,1,2,1,"","","","","","","","","","","","","","","","","","","","","","","","","","","","","","","","","","","","","","","","","","","","","","","","","","","","","","","","","","","","","","","","","",""
"31069001","TOULOUSE-BLAGNAC",43.621,1.378833,151,1968041806,"","","","",6.,1,140,1,"","","","","","","","","","","","","","","","","","","","","","","","","","","","",12.7,1,8.8,1,"","","","","","","","","","","","","","","","","","","","","","","","","","",78,1,"","","","","","","","","","","","",11.5,1,1014.1,1,996.,1,"","","",1,6,1,6,1,0,1,7,1,2,1,"","","","","","","","","","","","","","","","","","","","","","","","",10000,1,"","",2,1,2,1,"","",0,1,"","","","","","","","","","","","","","","","","","","","","","","","","","","","","","","","","","","","","","","","","","","","","","","","","","","","","","","","","","","","","",""
"31069001","TOULOUSE-BLAGNAC",43.621,1.378833,151,1968041809,"","","","",9.,1,140,1,"","","","","","","","","","","","","","","","","","","","","","","","","","","","",14.2,1,9.3,1,"","","","","","","","","","","","","","","","","","","","","","","","","","",74,1,"","","","","","","","","","","","",11.9,1,1015.2,1,997.1,1,"","","",1,7,1,5,1,0,1,4,1,2,1,"","","","","","","","","","","","","","","","","","","","","","","","",20000,1,"","",2,1,2,1,"","","","","","","","","","","","","","","","","","","","","","","","","","","","","","","","","","","","","","","","","","","","","","","","","","","","","","","","","","","","","","","","","",""
"31069001","TOULOUSE-BLAGNAC",43.621,1.378833,151,1968041812,"","","","",9.,1,140,1,"","","","","","","","","","","","","","","","","","","","","","","","","","","","",16.4,1,10.6,1,"","","","","","","","","","","","","","","","","","","","","","","","","","",70,1,"","","","","","","","","","","","",13.,1,1015.2,1,997.3,1,"","","",1,6,1,6,1,1,1,8,1,2,1,"","","","","","","","","","","","","","","","","","","","","","","","",20000,1,"","",2,1,2,1,"","","","","","","","","","","","","","","","","","","","","","","","","","","","","","","","","","","","","","","","","","","","","","","","","","","","","","","","","","","","","","","","","",""
"31069001","TOULOUSE-BLAGNAC",43.621,1.378833,151,1968041815,"","","","",9.,1,140,1,"","","","","","","","","","","","","","","","","","","","","","","","","","","","",17.5,1,10.8,1,"","","","","","","","","","","","","","","","","","","","","","","","","","",66,1,"","","","","","","","","","","","",13.2,1,1015.9,1,998.,1,"","","",1,2,1,0,1,1,1,0,1,2,1,"","","","","","","","","","","","","","","","","","","","","","","","",20000,1,"","",2,1,1,1,"","","","","","","","","","","","","","","","","","","","","","","","","","","","","","","","","","","","","","","","","","","","","","","","","","","","","","","","","","","","","","","","","",""
"31069001","TOULOUSE-BLAGNAC",43.621,1.378833,151,1968041818,"","","","",8.,1,140,1,"","","","","","","","","","","","","","","","","","","","","","","","","","","","",15.,1,10.4,1,"","","","","","","","","","","","","","","","","","","","","","","","","","",76,1,"","","","","","","","","","","","",12.9,1,1017.3,1,999.3,1,"","","",1,2,1,0,1,0,1,8,1,2,1,"","","","","","","","","","","","","","","","","","","","","","","","",10000,1,"","",2,1,1,1,"","","","","","","","","","","","","","","","","","","","","","","","","","","","","","","","","","","","","","","","","","","","","","","","","","","","","","","","","","","","","","","","","",""
"31069001","TOULOUSE-BLAGNAC",43.621,1.378833,151,1968041821,"","","","",7.,1,140,1,"","","","","","","","","","","","","","","","","","","","","","","","","","","","",12.8,1,10.6,1,"","","","","","","","","","","","","","","","","","","","","","","","","","",88,1,"","","","","","","","","","","","",13.,1,1020.,1,1001.8,1,"","","",1,3,1,0,1,5,1,0,1,2,1,"","","","","","","","","","","","","","","","","","","","","","","","",10000,1,"","",2,1,0,1,"","","","","","","","","","","","","","","","","","","","","","","","","","","","","","","","","","","","","","","","","","","","","","","","","","","","","","","","","","","","","","","","","",""
"31069001","TOULOUSE-BLAGNAC",43.621,1.378833,151,1968041900,"","","","",5.,1,140,1,"","","","","","","","","","","","","","","","","","","","","","","","","","","","",12.1,1,10.3,1,"","","","","","","","","","","","","","","","","","","","","","","","","","",90,1,"","","","","","","","","","","","",12.8,1,1021.1,1,1002.8,1,"","","",1,4,1,0,1,6,1,0,1,2,1,"","","","","","","","","","","","","","","","","","","","","","","","",8000,1,"","",2,1,1,1,"","","","","","","","","","","","","","","","","","","","","","","","","","","","","","","","","","","","","","","","","","","","","","","","","","","","","","","","","","","","","","","","","",""
"31069001","TOULOUSE-BLAGNAC",43.621,1.378833,151,1968041903,"","","","",2.,1,120,1,"","","","","","","","","","","","","","","","","","","","","","","","","","","","",11.8,1,10.,1,"","","","","","","","","","","","","","","","","","","","","","","","","","",90,1,"","","","","","","","","","","","",12.5,1,1020.8,1,1002.5,1,"","","",1,3,1,0,1,6,1,0,1,2,1,"","","","","","","","","","","","","","","","","","","","","","","","",8000,1,"","",1,1,1,1,"","","","","","","","","","","","","","","","","","","","","","","","","","","","","","","","","","","","","","","","","","","","","","","","","","","","","","","","","","","","","","","","","",""
"31069001","TOULOUSE-BLAGNAC",43.621,1.378833,151,1968041906,"","","","",5.,1,140,1,"","","","","","","","","","","","","","","","","","","","","","","","","","","","",11.9,1,9.8,1,"","","","","","","","","","","","","","","","","","","","","","","","","","",88,1,"","","","","","","","","","","","",12.3,1,1020.4,1,1002.1,1,"","","",1,5,1,5,1,0,1,0,1,2,1,"","","","","","","","","","","","","","","","","","","","","","","","",8000,1,"","",2,1,1,1,"","",0,1,"","","","","","","","","","","","","","","","","","","","","","","","","","","","","","","","","","","","","","","","","","","","","","","","","","","","","","","","","","","","","",""
"31069001","TOULOUSE-BLAGNAC",43.621,1.378833,151,1968041909,"","","","",8.,1,140,1,"","","","","","","","","","","","","","","","","","","","","","","","","","","","",16.,1,10.1,1,"","","","","","","","","","","","","","","","","","","","","","","","","","",70,1,"","","","","","","","","","","","",12.6,1,1020.,1,1002.,1,"","","",1,6,1,5,1,5,1,4,1,2,1,"","","","","","","","","","","","","","","","","","","","","","","","",10000,1,"","",2,1,2,1,"","","","","","","","","","","","","","","","","","","","","","","","","","","","","","","","","","","","","","","","","","","","","","","","","","","","","","","","","","","","","","","","","",""
"31069001","TOULOUSE-BLAGNAC",43.621,1.378833,151,1968041912,"","","","",8.,1,140,1,"","","","","","","","","","","","","","","","","","","","","","","","","","","","",18.4,1,10.2,1,"","","","","","","","","","","","","","","","","","","","","","","","","","",60,1,"","","","","","","","","","","","",12.7,1,1019.8,1,1001.9,1,"","","",1,6,1,6,1,0,1,4,1,2,1,"","","","","","","","","","","","","","","","","","","","","","","","",15000,1,"","",1,1,2,1,"","","","","","","","","","","","","","","","","","","","","","","","","","","","","","","","","","","","","","","","","","","","","","","","","","","","","","","","","","","","","","","","","",""
"31069001","TOULOUSE-BLAGNAC",43.621,1.378833,151,1968041915,"","","","",8.,1,140,1,"","","","","","","","","","","","","","","","","","","","","","","","","","","","",20.,1,10.6,1,"","","","","","","","","","","","","","","","","","","","","","","","","","",55,1,"","","","","","","","","","","","",13.,1,1017.9,1,1000.2,1,"","","",1,6,1,6,1,0,1,4,1,2,1,"","","","","","","","","","","","","","","","","","","","","","","","",30000,1,"","",2,1,2,1,"","","","","","","","","","","","","","","","","","","","","","","","","","","","","","","","","","","","","","","","","","","","","","","","","","","","","","","","","","","","","","","","","",""
"31069001","TOULOUSE-BLAGNAC",43.621,1.378833,151,1968041918,"","","","",9.,1,140,1,"","","","","","","","","","","","","","","","","","","","","","","","","","","","",16.,1,9.8,1,"","","","","","","","","","","","","","","","","","","","","","","","","","",68,1,"","","","","","","","","","","","",12.3,1,1017.8,1,999.8,1,"","","",1,7,1,7,1,0,1,4,1,2,1,"","","","","","","","","","","","","","","","","","","","","","","","",20000,1,"","",3,1,2,1,"","","","","","","","","","","","","","","","","","","","","","","","","","","","","","","","","","","","","","","","","","","","","","","","","","","","","","","","","","","","","","","","","",""
"31069001","TOULOUSE-BLAGNAC",43.621,1.378833,151,1968041921,"","","","",7.,1,140,1,"","","","","","","","","","","","","","","","","","","","","","","","","","","","",13.8,1,10.1,1,"","","","","","","","","","","","","","","","","","","","","","","","","","",80,1,"","","","","","","","","","","","",12.6,1,1018.1,1,1000.,1,"","","",1,7,1,7,1,6,1,4,1,2,1,"","","","","","","","","","","","","","","","","","","","","","","","",20000,1,"","",2,1,2,1,"","","","","","","","","","","","","","","","","","","","","","","","","","","","","","","","","","","","","","","","","","","","","","","","","","","","","","","","","","","","","","","","","",""
"31069001","TOULOUSE-BLAGNAC",43.621,1.378833,151,1968042000,"","","","",8.,1,140,1,"","","","","","","","","","","","","","","","","","","","","","","","","","","","",12.8,1,10.6,1,"","","","","","","","","","","","","","","","","","","","","","","","","","",88,1,"","","","","","","","","","","","",13.,1,1018.1,1,999.9,1,"","","",1,7,1,5,1,6,1,"","","","","","","","","","","","","","","","","","","","","","","","","","","","",15000,1,"","",3,1,2,1,"","","","","","","","","","","","","","","","","","","","","","","","","","","","","","","","","","","","","","","","","","","","","","","","","","","","","","","","","","","","","","","","","",""
"31069001","TOULOUSE-BLAGNAC",43.621,1.378833,151,1968042003,"","","","",8.,1,140,1,"","","","","","","","","","","","","","","","","","","","","","","","","","","","",12.8,1,10.6,1,"","","","","","","","","","","","","","","","","","","","","","","","","","",88,1,"","","","","","","","","","","","",13.,1,1017.5,1,999.3,1,"","","",1,7,1,5,1,6,1,"","","","","","","","","","","","","","","","","","","","","","","","","","","","",15000,1,"","",2,1,2,1,"","","","","","","","","","","","","","","","","","","","","","","","","","","","","","","","","","","","","","","","","","","","","","","","","","","","","","","","","","","","","","","","","",""
"31069001","TOULOUSE-BLAGNAC",43.621,1.378833,151,1968042006,"","","","",7.,1,140,1,"","","","","","","","","","","","","","","","","","","","","","","","","","","","",12.8,1,9.4,1,"","","","","","","","","","","","","","","","","","","","","","","","","","",81,1,"","","","","","","","","","","","",12.,1,1017.1,1,998.9,1,"","","",1,5,1,5,1,6,1,4,1,2,1,"","","","","","","","","","","","","","","","","","","","","","","","",15000,1,"","",3,1,1,1,"","",0,1,"","","","","","","","","","","","","","","","","","","","","","","","","","","","","","","","","","","","","","","","","","","","","","","","","","","","","","","","","","","","","",""
"31069001","TOULOUSE-BLAGNAC",43.621,1.378833,151,1968042009,"","","","",8.,1,140,1,"","","","","","","","","","","","","","","","","","","","","","","","","","","","",15.2,1,10.,1,"","","","","","","","","","","","","","","","","","","","","","","","","","",73,1,"","","","","","","","","","","","",12.5,1,1017.8,1,999.8,1,"","","",1,7,1,6,1,5,1,8,1,2,1,"","","","","","","","","","","","","","","","","","","","","","","","",20000,1,"","",3,1,2,1,"","","","","","","","","","","","","","","","","","","","","","","","","","","","","","","","","","","","","","","","","","","","","","","","","","","","","","","","","","","","","","","","","",""
"31069001","TOULOUSE-BLAGNAC",43.621,1.378833,151,1968042012,"","","","",9.,1,140,1,"","","","","","","","","","","","","","","","","","","","","","","","","","","","",16.9,1,10.3,1,"","","","","","","","","","","","","","","","","","","","","","","","","","",67,1,"","","","","","","","","","","","",12.8,1,1016.8,1,998.9,1,"","","",1,7,1,6,1,0,1,8,1,2,1,"","","","","","","","","","","","","","","","","","","","","","","","",30000,1,"","",2,1,2,1,"","","","","","","","","","","","","","","","","","","","","","","","","","","","","","","","","","","","","","","","","","","","","","","","","","","","","","","","","","","","","","","","","",""
"31069001","TOULOUSE-BLAGNAC",43.621,1.378833,151,1968042015,"","","","",9.,1,140,1,"","","","","","","","","","","","","","","","","","","","","","","","","","","","",18.6,1,10.7,1,"","","","","","","","","","","","","","","","","","","","","","","","","","",61,1,"","","","","","","","","","","","",13.1,1,1015.4,1,997.6,1,"","","",1,7,1,6,1,0,1,8,1,2,1,"","","","","","","","","","","","","","","","","","","","","","","","",30000,1,"","",2,1,2,1,"","","","","","","","","","","","","","","","","","","","","","","","","","","","","","","","","","","","","","","","","","","","","","","","","","","","","","","","","","","","","","","","","",""
"31069001","TOULOUSE-BLAGNAC",43.621,1.378833,151,1968042018,"","","","",6.,1,140,1,"","","","","","","","","","","","","","","","","","","","","","","","","","","","",15.2,1,10.,1,"","","","","","","","","","","","","","","","","","","","","","","","","","",73,1,"","","","","","","","","","","","",12.5,1,1015.,1,997.,1,"","","",1,7,1,7,1,0,1,0,1,2,1,"","","","","","","","","","","","","","","","","","","","","","","","",20000,1,"","",2,1,2,1,"","","","","","","","","","","","","","","","","","","","","","","","","","","","","","","","","","","","","","","","","","","","","","","","","","","","","","","","","","","","","","","","","",""
"31069001","TOULOUSE-BLAGNAC",43.621,1.378833,151,1968042021,"","","","",7.,1,140,1,"","","","","","","","","","","","","","","","","","","","","","","","","","","","",13.,1,10.3,1,"","","","","","","","","","","","","","","","","","","","","","","","","","",85,1,"","","","","","","","","","","","",12.8,1,1015.7,1,997.6,1,"","","",1,4,1,0,1,0,1,4,1,2,1,"","","","","","","","","","","","","","","","","","","","","","","","",15000,1,"","",1,1,1,1,"","","","","","","","","","","","","","","","","","","","","","","","","","","","","","","","","","","","","","","","","","","","","","","","","","","","","","","","","","","","","","","","","",""
"31069001","TOULOUSE-BLAGNAC",43.621,1.378833,151,1968042100,"","","","",7.,1,140,1,"","","","","","","","","","","","","","","","","","","","","","","","","","","","",12.5,1,9.9,1,"","","","","","","","","","","","","","","","","","","","","","","","","","",86,1,"","","","","","","","","","","","",12.4,1,1016.3,1,998.1,1,"","","",1,7,1,5,1,6,1,7,1,2,1,"","","","","","","","","","","","","","","","","","","","","","","","",15000,1,"","",3,1,1,1,"","","","","","","","","","","","","","","","","","","","","","","","","","","","","","","","","","","","","","","","","","","","","","","","","","","","","","","","","","","","","","","","","",""
"31069001","TOULOUSE-BLAGNAC",43.621,1.378833,151,1968042103,"","","","",8.,1,140,1,"","","","","","","","","","","","","","","","","","","","","","","","","","","","",12.5,1,10.6,1,"","","","","","","","","","","","","","","","","","","","","","","","","","",89,1,"","","","","","","","","","","","",13.,1,1015.,1,996.8,1,"","","",1,7,1,7,1,7,1,7,1,"","","","","","","","","","","","","","","","","","","","","","","","","","",15000,1,"","",1,1,2,1,"","","","","","","","","","","","","","","","","","","","","","","","","","","","","","","","","","","","","","","","","","","","","","","","","","","","","","","","","","","","","","","","","",""
"31069001","TOULOUSE-BLAGNAC",43.621,1.378833,151,1968042106,"","","","",6.,1,160,1,"","","","","","","","","","","","","","","","","","","","","","","","","","","","",12.7,1,10.6,1,"","","","","","","","","","","","","","","","","","","","","","","","","","",88,1,"","","","","","","","","","","","",13.,1,1016.6,1,998.4,1,"","","",1,7,1,7,1,6,1,"","","","","","","","","","","","","","","","","","","","","","","","","","","","",15000,1,"","",3,1,2,1,"","",0,1,"","","","","","","","","","","","","","","","","","","","","","","","","","","","","","","","","","","","","","","","","","","","","","","","","","","","","","","","","","","","","",""
"31069001","TOULOUSE-BLAGNAC",43.621,1.378833,151,1968042109,"","","","",5.,1,140,1,"","","","","","","","","","","","","","","","","","","","","","","","","","","","",14.4,1,11.4,1,"","","","","","","","","","","","","","","","","","","","","","","","","","",85,1,"","","","","","","","","","","","",13.8,1,1018.6,1,1000.5,1,"","","",1,7,1,7,1,5,1,7,1,"","","","","","","","","","","","","","","","","","","","","","","","","","",10000,1,"","",2,1,2,1,"","","","","","","","","","","","","","","","","","","","","","","","","","","","","","","","","","","","","","","","","","","","","","","","","","","","","","","","","","","","","","","","","",""
"31069001","TOULOUSE-BLAGNAC",43.621,1.378833,151,1968042112,"","","","",1.,1,120,1,"","","","","","","","","","","","","","","","","","","","","","","","","","","","",17.4,1,12.9,1,"","","","","","","","","","","","","","","","","","","","","","","","","","",76,1,"","","","","","","","","","","","",15.2,1,1018.9,1,1001.,1,"","","",1,7,1,5,1,2,1,9,1,2,1,"","","","","","","","","","","","","","","","","","","","","","","","",20000,1,"","",2,1,2,1,"","","","","","","","","","","","","","","","","","","","","","","","","","","","","","","","","","","","","","","","","","","","","","","","","","","","","","","","","","","","","","","","","",""
"31069001","TOULOUSE-BLAGNAC",43.621,1.378833,151,1968042115,"","","","",5.,1,120,1,"","","","","","","","","","","","","","","","","","","","","","","","","","","","",17.6,1,11.4,1,"","","","","","","","","","","","","","","","","","","","","","","","","","",69,1,"","","","","","","","","","","","",13.8,1,1016.4,1,998.5,1,"","","",1,7,1,5,1,2,1,9,1,2,1,"","","","","","","","","","","","","","","","","","","","","","","","",20000,1,"","",2,1,2,1,"","","","","","","","","","","","","","","","","","","","","","","","","","","","","","","","","","","","","","","","","","","","","","","","","","","","","","","","","","","","","","","","","",""
"31069001","TOULOUSE-BLAGNAC",43.621,1.378833,151,1968042118,"","","","",5.,1,140,1,"","","","","","","","","","","","","","","","","","","","","","","","","","","","",16.5,1,11.6,1,"","","","","","","","","","","","","","","","","","","","","","","","","","",75,1,"","","","","","","","","","","","",14.,1,1016.3,1,998.4,1,"","","",1,7,1,6,1,0,1,9,1,2,1,"","","","","","","","","","","","","","","","","","","","","","","","",15000,1,"","",3,1,2,1,"","","","","","","","","","","","","","","","","","","","","","","","","","","","","","","","","","","","","","","","","","","","","","","","","","","","","","","","","","","","","","","","","",""
"31069001","TOULOUSE-BLAGNAC",43.621,1.378833,151,1968042121,"","","","",5.,1,200,1,"","","","","","","","","","","","","","","","","","","","","","","","","","","","",14.,1,9.9,1,"","","","","","","","","","","","","","","","","","","","","","","","","","",78,1,"","","","","","","","","","","","",12.4,1,1018.1,1,1000.,1,"","","",1,6,1,5,1,0,1,9,1,2,1,"","","","","","","","","","","","","","","","","","","","","","","","",15000,1,"","",1,1,2,1,"","","","","","","","","","","","","","","","","","","","","","","","","","","","","","","","","","","","","","","","","","","","","","","","","","","","","","","","","","","","","","","","","",""
"31069001","TOULOUSE-BLAGNAC",43.621,1.378833,151,1968042200,"","","","",6.,1,140,1,"","","","","","","","","","","","","","","","","","","","","","","","","","","","",11.8,1,9.2,1,"","","","","","","","","","","","","","","","","","","","","","","","","","",86,1,"","","","","","","","","","","","",11.8,1,1017.8,1,999.5,1,"","","",1,2,1,0,1,0,1,0,1,2,1,"","","","","","","","","","","","","","","","","","","","","","","","",15000,1,"","",1,1,1,1,"","","","","","","","","","","","","","","","","","","","","","","","","","","","","","","","","","","","","","","","","","","","","","","","","","","","","","","","","","","","","","","","","",""
"31069001","TOULOUSE-BLAGNAC",43.621,1.378833,151,1968042203,"","","","",1.,1,160,1,"","","","","","","","","","","","","","","","","","","","","","","","","","","","",11.7,1,9.8,1,"","","","","","","","","","","","","","","","","","","","","","","","","","",89,1,"","","","","","","","","","","","",12.3,1,1016.9,1,998.7,1,"","","",1,4,1,0,1,0,1,4,1,2,1,"","","","","","","","","","","","","","","","","","","","","","","","",15000,1,"","",2,1,0,1,"","","","","","","","","","","","","","","","","","","","","","","","","","","","","","","","","","","","","","","","","","","","","","","","","","","","","","","","","","","","","","","","","",""
"31069001","TOULOUSE-BLAGNAC",43.621,1.378833,151,1968042206,"","","","",5.,1,160,1,"","","","","","","","","","","","","","","","","","","","","","","","","","","","",11.6,1,9.6,1,"","","","","","","","","","","","","","","","","","","","","","","","","","",89,1,"","","","","","","","","","","","",12.2,1,1016.5,1,998.3,1,"","","",1,6,1,0,1,0,1,7,1,2,1,"","","","","","","","","","","","","","","","","","","","","","","","",15000,1,"","",2,1,1,1,"","",0,1,"","","","","","","","","","","","","","","","","","","","","","","","","","","","","","","","","","","","","","","","","","","","","","","","","","","","","","","","","","","","","",""
"31069001","TOULOUSE-BLAGNAC",43.621,1.378833,151,1968042209,"","","","",7.,1,140,1,"","","","","","","","","","","","","","","","","","","","","","","","","","","","",17.4,1,9.4,1,"","","","","","","","","","","","","","","","","","","","","","","","","","",60,1,"","","","","","","","","","","","",12.,1,1016.8,1,998.9,1,"","","",1,7,1,7,1,0,1,9,1,2,1,"","","","","","","","","","","","","","","","","","","","","","","","",20000,1,"","",2,1,2,1,"","","","","","","","","","","","","","","","","","","","","","","","","","","","","","","","","","","","","","","","","","","","","","","","","","","","","","","","","","","","","","","","","",""
"31069001","TOULOUSE-BLAGNAC",43.621,1.378833,151,1968042212,"","","","",6.,1,180,1,"","","","","","","","","","","","","","","","","","","","","","","","","","","","",21.3,1,10.8,1,"","","","","","","","","","","","","","","","","","","","","","","","","","",52,1,"","","","","","","","","","","","",13.2,1,1017.5,1,999.8,1,"","","",1,7,1,6,1,0,1,9,1,2,1,"","","","","","","","","","","","","","","","","","","","","","","","",20000,1,"","",3,1,2,1,"","","","","","","","","","","","","","","","","","","","","","","","","","","","","","","","","","","","","","","","","","","","","","","","","","","","","","","","","","","","","","","","","",""
"31069001","TOULOUSE-BLAGNAC",43.621,1.378833,151,1968042215,"","","","",1.,1,160,1,"","","","","","","","","","","","","","","","","","","","","","","","","","","","",23.6,1,11.,1,"","","","","","","","","","","","","","","","","","","","","","","","","","",46,1,"","","","","","","","","","","","",13.4,1,1016.9,1,999.4,1,"","","",1,7,1,6,1,0,1,9,1,2,1,"","","","","","","","","","","","","","","","","","","","","","","","",30000,1,"","",2,1,2,1,"","","","","","","","","","","","","","","","","","","","","","","","","","","","","","","","","","","","","","","","","","","","","","","","","","","","","","","","","","","","","","","","","",""
"31069001","TOULOUSE-BLAGNAC",43.621,1.378833,151,1968042218,"","","","",2.,1,340,1,"","","","","","","","","","","","","","","","","","","","","","","","","","","","",21.,1,12.5,1,"","","","","","","","","","","","","","","","","","","","","","","","","","",59,1,"","","","","","","","","","","","",14.8,1,1017.4,1,999.7,1,"","","",1,6,1,5,1,0,1,4,1,2,1,"","","","","","","","","","","","","","","","","","","","","","","","",20000,1,"","",2,1,2,1,"","","","","","","","","","","","","","","","","","","","","","","","","","","","","","","","","","","","","","","","","","","","","","","","","","","","","","","","","","","","","","","","","",""
"31069001","TOULOUSE-BLAGNAC",43.621,1.378833,151,1968042221,"","","","",3.,1,280,1,"","","","","","","","","","","","","","","","","","","","","","","","","","","","",16.,1,11.6,1,"","","","","","","","","","","","","","","","","","","","","","","","","","",78,1,"","","","","","","","","","","","",14.,1,1020.9,1,1002.9,1,"","","",1,6,1,5,1,5,1,4,1,2,1,"","","","","","","","","","","","","","","","","","","","","","","","",15000,1,"","",2,1,2,1,"","","","","","","","","","","","","","","","","","","","","","","","","","","","","","","","","","","","","","","","","","","","","","","","","","","","","","","","","","","","","","","","","",""
"31069001","TOULOUSE-BLAGNAC",43.621,1.378833,151,1968042300,"","","","",2.,1,260,1,"","","","","","","","","","","","","","","","","","","","","","","","","","","","",14.8,1,11.2,1,"","","","","","","","","","","","","","","","","","","","","","","","","","",81,1,"","","","","","","","","","","","",13.6,1,1021.4,1,1003.3,1,"","","",1,6,1,5,1,5,1,4,1,2,1,"","","","","","","","","","","","","","","","","","","","","","","","",15000,1,"","",1,1,2,1,"","","","","","","","","","","","","","","","","","","","","","","","","","","","","","","","","","","","","","","","","","","","","","","","","","","","","","","","","","","","","","","","","",""
"31069001","TOULOUSE-BLAGNAC",43.621,1.378833,151,1968042303,"","","","",2.,1,280,1,"","","","","","","","","","","","","","","","","","","","","","","","","","","","",12.6,1,11.5,1,"","","","","","","","","","","","","","","","","","","","","","","","","","",95,1,"","","","","","","","","","","","",13.9,1,1021.4,1,1003.1,1,"","","",1,3,1,0,1,0,1,0,1,2,1,"","","","","","","","","","","","","","","","","","","","","","","","",10000,1,"","",1,1,1,1,"","","","","","","","","","","","","","","","","","","","","","","","","","","","","","","","","","","","","","","","","","","","","","","","","","","","","","","","","","","","","","","","","",""
"31069001","TOULOUSE-BLAGNAC",43.621,1.378833,151,1968042306,"","","","",2.,1,300,1,"","","","","","","","","","","","","","","","","","","","","","","","","","","","",13.2,1,12.4,1,"","","","","","","","","","","","","","","","","","","","","","","","","","",96,1,"","","","","","","","","","","","",14.7,1,1022.1,1,1003.9,1,"","","",1,8,1,5,1,7,1,7,1,"","","","","","","","","","","","","","","","","","","","","","","","","","",6000,1,"","",60,1,1,1,"","",0,1,"","","","","","","","","","","","","","","","","","","","","","","","","","","","","","","","","","","","","","","","","","","","","","","","","","","","","","","","","","","","","",""
"31069001","TOULOUSE-BLAGNAC",43.621,1.378833,151,1968042309,"","","","",4.,1,320,1,"","","","","","","","","","","","","","","","","","","","","","","","","","","","",14.8,1,12.5,1,"","","","","","","","","","","","","","","","","","","","","","","","","","",88,1,"","","","","","","","","","","","",14.8,1,1023.1,1,1005.,1,"","","",1,7,1,7,1,5,1,1,1,"","","","","","","","","","","","","","","","","","","","","","","","","","",10000,1,"","",60,1,6,1,"","","","","","","","","","","","","","","","","","","","","","","","","","","","","","","","","","","","","","","","","","","","","","","","","","","","","","","","","","","","","","","","","",""
"31069001","TOULOUSE-BLAGNAC",43.621,1.378833,151,1968042312,"","","","",2.,1,340,1,"","","","","","","","","","","","","","","","","","","","","","","","","","","","",16.,1,12.5,1,"","","","","","","","","","","","","","","","","","","","","","","","","","",81,1,"","","","","","","","","","","","",14.8,1,1023.3,1,1005.2,1,"","","",1,8,1,7,1,8,1,"","","","","","","","","","","","","","","","","","","","","","","","","","","","",15000,1,"","",3,1,6,1,"","","","","","","","","","","","","","","","","","","","","","","","","","","","","","","","","","","","","","","","","","","","","","","","","","","","","","","","","","","","","","","","","",""
"31069001","TOULOUSE-BLAGNAC",43.621,1.378833,151,1968042315,"","","","",3.,1,340,1,"","","","","","","","","","","","","","","","","","","","","","","","","","","","",16.8,1,12.5,1,"","","","","","","","","","","","","","","","","","","","","","","","","","",77,1,"","","","","","","","","","","","",14.8,1,1022.8,1,1004.8,1,"","","",1,8,1,7,1,8,1,2,1,"","","","","","","","","","","","","","","","","","","","","","","","","","",15000,1,"","",61,1,6,1,"","","","","","","","","","","","","","","","","","","","","","","","","","","","","","","","","","","","","","","","","","","","","","","","","","","","","","","","","","","","","","","","","",""
"31069001","TOULOUSE-BLAGNAC",43.621,1.378833,151,1968042318,"","","","",2.,1,340,1,"","","","","","","","","","","","","","","","","","","","","","","","","","","","",14.8,1,12.7,1,"","","","","","","","","","","","","","","","","","","","","","","","","","",89,1,"","","","","","","","","","","","",15.,1,1023.,1,1004.9,1,"","","",1,8,1,5,1,8,1,2,1,"","","","","","","","","","","","","","","","","","","","","","","","","","",9000,1,"","",61,1,6,1,"","","","","","","","","","","","","","","","","","","","","","","","","","","","","","","","","","","","","","","","","","","","","","","","","","","","","","","","","","","","","","","","","",""
"31069001","TOULOUSE-BLAGNAC",43.621,1.378833,151,1968042321,"","","","",4.,1,340,1,"","","","","","","","","","","","","","","","","","","","","","","","","","","","",13.,1,12.2,1,"","","","","","","","","","","","","","","","","","","","","","","","","","",96,1,"","","","","","","","","","","","",14.5,1,1024.,1,1005.7,1,"","","",1,8,1,8,1,5,1,"","","","","","","","","","","","","","","","","","","","","","","","","","","","",6000,1,"","",63,1,6,1,"","","","","","","","","","","","","","","","","","","","","","","","","","","","","","","","","","","","","","","","","","","","","","","","","","","","","","","","","","","","","","","","","",""
"31069001","TOULOUSE-BLAGNAC",43.621,1.378833,151,1968042400,"","","","",3.,1,320,1,"","","","","","","","","","","","","","","","","","","","","","","","","","","","",12.6,1,11.9,1,"","","","","","","","","","","","","","","","","","","","","","","","","","",98,1,"","","","","","","","","","","","",14.2,1,1024.3,1,1006.,1,"","","",1,8,1,8,1,0,1,2,1,"","","","","","","","","","","","","","","","","","","","","","","","","","",10000,1,"","",61,1,6,1,"","","","","","","","","","","","","","","","","","","","","","","","","","","","","","","","","","","","","","","","","","","","","","","","","","","","","","","","","","","","","","","","","",""
"31069001","TOULOUSE-BLAGNAC",43.621,1.378833,151,1968042403,"","","","",4.,1,300,1,"","","","","","","","","","","","","","","","","","","","","","","","","","","","",12.,1,10.9,1,"","","","","","","","","","","","","","","","","","","","","","","","","","",95,1,"","","","","","","","","","","","",13.3,1,1024.5,1,1006.1,1,"","","",1,8,1,8,1,5,1,"","","","","","","","","","","","","","","","","","","","","","","","","","","","",10000,1,"","",1,1,6,1,"","","","","","","","","","","","","","","","","","","","","","","","","","","","","","","","","","","","","","","","","","","","","","","","","","","","","","","","","","","","","","","","","",""
"31069001","TOULOUSE-BLAGNAC",43.621,1.378833,151,1968042406,"","","","",3.,1,280,1,"","","","","","","","","","","","","","","","","","","","","","","","","","","","",10.2,1,9.2,1,"","","","","","","","","","","","","","","","","","","","","","","","","","",95,1,"","","","","","","","","","","","",11.8,1,1025.6,1,1007.1,1,"","","",1,6,1,0,1,6,1,3,1,0,1,"","","","","","","","","","","","","","","","","","","","","","","","",15000,1,"","",3,1,6,1,"","",2,1,"","","","","","","","","","","","","","","","","","","","","","","","","","","","","","","","","","","","","","","","","","","","","","","","","","","","","","","","","","","","","",""
"31069001","TOULOUSE-BLAGNAC",43.621,1.378833,151,1968042409,"","","","",2.,1,320,1,"","","","","","","","","","","","","","","","","","","","","","","","","","","","",13.,1,10.3,1,"","","","","","","","","","","","","","","","","","","","","","","","","","",85,1,"","","","","","","","","","","","",12.8,1,1026.,1,1007.7,1,"","","",1,5,1,5,1,2,1,0,1,0,1,"","","","","","","","","","","","","","","","","","","","","","","","",20000,1,"","",2,1,2,1,"","","","","","","","","","","","","","","","","","","","","","","","","","","","","","","","","","","","","","","","","","","","","","","","","","","","","","","","","","","","","","","","","",""
"31069001","TOULOUSE-BLAGNAC",43.621,1.378833,151,1968042412,"","","","",4.,1,360,1,"","","","","","","","","","","","","","","","","","","","","","","","","","","","",16.,1,6.5,1,"","","","","","","","","","","","","","","","","","","","","","","","","","",54,1,"","","","","","","","","","","","",9.8,1,1025.3,1,1007.2,1,"","","",1,3,1,0,1,2,1,0,1,0,1,"","","","","","","","","","","","","","","","","","","","","","","","",30000,1,"","",2,1,1,1,"","","","","","","","","","","","","","","","","","","","","","","","","","","","","","","","","","","","","","","","","","","","","","","","","","","","","","","","","","","","","","","","","",""
"31069001","TOULOUSE-BLAGNAC",43.621,1.378833,151,1968042415,"","","","",5.,1,360,1,"","","","","","","","","","","","","","","","","","","","","","","","","","","","",18.,1,5.8,1,"","","","","","","","","","","","","","","","","","","","","","","","","","",45,1,"","","","","","","","","","","","",9.3,1,1023.9,1,1005.9,1,"","","",1,3,1,0,1,1,1,0,1,0,1,"","","","","","","","","","","","","","","","","","","","","","","","",30000,1,"","",1,1,0,1,"","","","","","","","","","","","","","","","","","","","","","","","","","","","","","","","","","","","","","","","","","","","","","","","","","","","","","","","","","","","","","","","","",""
"31069001","TOULOUSE-BLAGNAC",43.621,1.378833,151,1968042418,"","","","",2.,1,340,1,"","","","","","","","","","","","","","","","","","","","","","","","","","","","",16.3,1,6.5,1,"","","","","","","","","","","","","","","","","","","","","","","","","","",53,1,"","","","","","","","","","","","",9.8,1,1023.5,1,1005.4,1,"","","",1,1,1,0,1,4,1,0,1,0,1,"","","","","","","","","","","","","","","","","","","","","","","","",30000,1,"","",1,1,0,1,"","","","","","","","","","","","","","","","","","","","","","","","","","","","","","","","","","","","","","","","","","","","","","","","","","","","","","","","","","","","","","","","","",""
"31069001","TOULOUSE-BLAGNAC",43.621,1.378833,151,1968042421,"","","","",3.,1,320,1,"","","","","","","","","","","","","","","","","","","","","","","","","","","","",12.3,1,7.1,1,"","","","","","","","","","","","","","","","","","","","","","","","","","",71,1,"","","","","","","","","","","","",10.2,1,1024.4,1,1006.,1,"","","",1,0,1,"","",0,1,0,1,0,1,"","","","","","","","","","","","","","","","","","","","","","","","",30000,1,"","",1,1,0,1,"","","","","","","","","","","","","","","","","","","","","","","","","","","","","","","","","","","","","","","","","","","","","","","","","","","","","","","","","","","","","","","","","",""
"31069001","TOULOUSE-BLAGNAC",43.621,1.378833,151,1968042500,"","","","",2.,1,360,1,"","","","","","","","","","","","","","","","","","","","","","","","","","","","",10.3,1,5.6,1,"","","","","","","","","","","","","","","","","","","","","","","","","","",73,1,"","","","","","","","","","","","",9.2,1,1024.5,1,1006.,1,"","","",1,0,1,"","",0,1,0,1,0,1,"","","","","","","","","","","","","","","","","","","","","","","","",20000,1,"","",2,1,0,1,"","","","","","","","","","","","","","","","","","","","","","","","","","","","","","","","","","","","","","","","","","","","","","","","","","","","","","","","","","","","","","","","","",""
"31069001","TOULOUSE-BLAGNAC",43.621,1.378833,151,1968042503,"","","","",1.,1,220,1,"","","","","","","","","","","","","","","","","","","","","","","","","","","","",6.6,1,5.1,1,"","","","","","","","","","","","","","","","","","","","","","","","","","",91,1,"","","","","","","","","","","","",8.9,1,1023.9,1,1005.2,1,"","","",1,0,1,"","",0,1,0,1,0,1,"","","","","","","","","","","","","","","","","","","","","","","","",20000,1,"","",2,1,0,1,"","","","","","","","","","","","","","","","","","","","","","","","","","","","","","","","","","","","","","","","","","","","","","","","","","","","","","","","","","","","","","","","","",""
"31069001","TOULOUSE-BLAGNAC",43.621,1.378833,151,1968042506,"","","","",0.,1,0,1,"","","","","","","","","","","","","","","","","","","","","","","","","","","","",5.8,1,4.3,1,"","","","","","","","","","","","","","","","","","","","","","","","","","",91,1,"","","","","","","","","","","","",8.4,1,1024.7,1,1005.9,1,"","","",1,2,1,0,1,0,1,0,1,1,1,"","","","","","","","","","","","","","","","","","","","","","","","",20000,1,"","",2,1,0,1,"","",0,1,"","","","","","","","","","","","","","","","","","","","","","","","","","","","","","","","","","","","","","","","","","","","","","","","","","","","","","","","","","","","","",""
"31069001","TOULOUSE-BLAGNAC",43.621,1.378833,151,1968042509,"","","","",2.,1,320,1,"","","","","","","","","","","","","","","","","","","","","","","","","","","","",13.,1,6.6,1,"","","","","","","","","","","","","","","","","","","","","","","","","","",66,1,"","","","","","","","","","","","",9.9,1,1024.3,1,1006.,1,"","","",1,2,1,0,1,0,1,0,1,1,1,"","","","","","","","","","","","","","","","","","","","","","","","",40000,1,"","",2,1,0,1,"","","","","","","","","","","","","","","","","","","","","","","","","","","","","","","","","","","","","","","","","","","","","","","","","","","","","","","","","","","","","","","","","",""
"31069001","TOULOUSE-BLAGNAC",43.621,1.378833,151,1968042512,"","","","",0.,1,0,1,"","","","","","","","","","","","","","","","","","","","","","","","","","","","",16.4,1,3.1,1,"","","","","","","","","","","","","","","","","","","","","","","","","","",41,1,"","","","","","","","","","","","",7.7,1,1023.3,1,1005.2,1,"","","",1,1,1,0,1,0,1,0,1,1,1,"","","","","","","","","","","","","","","","","","","","","","","","",50000,1,"","",2,1,0,1,"","","","","","","","","","","","","","","","","","","","","","","","","","","","","","","","","","","","","","","","","","","","","","","","","","","","","","","","","","","","","","","","","",""
"31069001","TOULOUSE-BLAGNAC",43.621,1.378833,151,1968042515,"","","","",3.,1,340,1,"","","","","","","","","","","","","","","","","","","","","","","","","","","","",18.8,1,-1.9,1,"","","","","","","","","","","","","","","","","","","","","","","","","","",25,1,"","","","","","","","","","","","",5.3,1,1021.1,1,1003.2,1,"","","",1,0,1,"","",0,1,0,1,0,1,"","","","","","","","","","","","","","","","","","","","","","","","",50000,1,"","",1,1,0,1,"","","","","","","","","","","","","","","","","","","","","","","","","","","","","","","","","","","","","","","","","","","","","","","","","","","","","","","","","","","","","","","","","",""
"31069001","TOULOUSE-BLAGNAC",43.621,1.378833,151,1968042518,"","","","",2.,1,340,1,"","","","","","","","","","","","","","","","","","","","","","","","","","","","",19.,1,1.4,1,"","","","","","","","","","","","","","","","","","","","","","","","","","",31,1,"","","","","","","","","","","","",6.8,1,1019.9,1,1002.,1,"","","",1,0,1,"","",0,1,0,1,0,1,"","","","","","","","","","","","","","","","","","","","","","","","",50000,1,"","",2,1,0,1,"","","","","","","","","","","","","","","","","","","","","","","","","","","","","","","","","","","","","","","","","","","","","","","","","","","","","","","","","","","","","","","","","",""
"31069001","TOULOUSE-BLAGNAC",43.621,1.378833,151,1968042521,"","","","",2.,1,260,1,"","","","","","","","","","","","","","","","","","","","","","","","","","","","",12.1,1,6.4,1,"","","","","","","","","","","","","","","","","","","","","","","","","","",68,1,"","","","","","","","","","","","",9.7,1,1020.8,1,1002.5,1,"","","",1,0,1,"","",0,1,0,1,0,1,"","","","","","","","","","","","","","","","","","","","","","","","",20000,1,"","",2,1,0,1,"","","","","","","","","","","","","","","","","","","","","","","","","","","","","","","","","","","","","","","","","","","","","","","","","","","","","","","","","","","","","","","","","",""
"31069001","TOULOUSE-BLAGNAC",43.621,1.378833,151,1968042600,"","","","",1.,1,240,1,"","","","","","","","","","","","","","","","","","","","","","","","","","","","",8.7,1,5.8,1,"","","","","","","","","","","","","","","","","","","","","","","","","","",83,1,"","","","","","","","","","","","",9.3,1,1020.3,1,1001.8,1,"","","",1,0,1,"","",0,1,0,1,0,1,"","","","","","","","","","","","","","","","","","","","","","","","",20000,1,"","",2,1,0,1,"","","","","","","","","","","","","","","","","","","","","","","","","","","","","","","","","","","","","","","","","","","","","","","","","","","","","","","","","","","","","","","","","",""
"31069001","TOULOUSE-BLAGNAC",43.621,1.378833,151,1968042603,"","","","",2.,1,200,1,"","","","","","","","","","","","","","","","","","","","","","","","","","","","",5.7,1,4.3,1,"","","","","","","","","","","","","","","","","","","","","","","","","","",92,1,"","","","","","","","","","","","",8.4,1,1019.5,1,1000.8,1,"","","",1,0,1,"","",0,1,0,1,0,1,"","","","","","","","","","","","","","","","","","","","","","","","",20000,1,"","",2,1,0,1,"","","","","","","","","","","","","","","","","","","","","","","","","","","","","","","","","","","","","","","","","","","","","","","","","","","","","","","","","","","","","","","","","",""
"31069001","TOULOUSE-BLAGNAC",43.621,1.378833,151,1968042606,"","","","",2.,1,200,1,"","","","","","","","","","","","","","","","","","","","","","","","","","","","",4.7,1,3.8,1,"","","","","","","","","","","","","","","","","","","","","","","","","","",95,1,"","","","","","","","","","","","",8.1,1,1019.7,1,1000.9,1,"","","",1,0,1,"","",0,1,0,1,0,1,"","","","","","","","","","","","","","","","","","","","","","","","",20000,1,"","",1,1,0,1,"","",0,1,"","","","","","","","","","","","","","","","","","","","","","","","","","","","","","","","","","","","","","","","","","","","","","","","","","","","","","","","","","","","","",""
"31069001","TOULOUSE-BLAGNAC",43.621,1.378833,151,1968042609,"","","","",1.,1,160,1,"","","","","","","","","","","","","","","","","","","","","","","","","","","","",14.1,1,7.7,1,"","","","","","","","","","","","","","","","","","","","","","","","","","",66,1,"","","","","","","","","","","","",10.7,1,1018.6,1,1000.5,1,"","","",1,1,1,0,1,0,1,0,1,2,1,"","","","","","","","","","","","","","","","","","","","","","","","","","","","",4,1,0,1,"","","","","","","","","","","","","","","","","","","","","","","","","","","","","","","","","","","","","","","","","","","","","","","","","","","","","","","","","","","","","","","","","",""
"31069001","TOULOUSE-BLAGNAC",43.621,1.378833,151,1968042612,"","","","",2.,1,40,1,"","","","","","","","","","","","","","","","","","","","","","","","","","","","",19.4,1,6.1,1,"","","","","","","","","","","","","","","","","","","","","","","","","","",43,1,"","","","","","","","","","","","",9.5,1,1017.1,1,999.3,1,"","","",1,2,1,0,1,0,1,0,1,2,1,"","","","","","","","","","","","","","","","","","","","","","","","",40000,1,"","",2,1,0,1,"","","","","","","","","","","","","","","","","","","","","","","","","","","","","","","","","","","","","","","","","","","","","","","","","","","","","","","","","","","","","","","","","",""
"31069001","TOULOUSE-BLAGNAC",43.621,1.378833,151,1968042615,"","","","",2.,1,60,1,"","","","","","","","","","","","","","","","","","","","","","","","","","","","",21.7,1,5.8,1,"","","","","","","","","","","","","","","","","","","","","","","","","","",36,1,"","","","","","","","","","","","",9.3,1,1014.8,1,997.2,1,"","","",1,4,1,0,1,0,1,4,1,4,1,"","","","","","","","","","","","","","","","","","","","","","","","",50000,1,"","",3,1,0,1,"","","","","","","","","","","","","","","","","","","","","","","","","","","","","","","","","","","","","","","","","","","","","","","","","","","","","","","","","","","","","","","","","",""
"31069001","TOULOUSE-BLAGNAC",43.621,1.378833,151,1968042618,"","","","",2.,1,60,1,"","","","","","","","","","","","","","","","","","","","","","","","","","","","",21.,1,6.6,1,"","","","","","","","","","","","","","","","","","","","","","","","","","",40,1,"","","","","","","","","","","","",9.9,1,1014.,1,996.4,1,"","","",1,5,1,5,1,0,1,4,1,2,1,"","","","","","","","","","","","","","","","","","","","","","","","",40000,1,"","",1,1,1,1,"","","","","","","","","","","","","","","","","","","","","","","","","","","","","","","","","","","","","","","","","","","","","","","","","","","","","","","","","","","","","","","","","",""
"31069001","TOULOUSE-BLAGNAC",43.621,1.378833,151,1968042621,"","","","",4.,1,140,1,"","","","","","","","","","","","","","","","","","","","","","","","","","","","",14.8,1,7.9,1,"","","","","","","","","","","","","","","","","","","","","","","","","","",64,1,"","","","","","","","","","","","",10.8,1,1015.8,1,997.8,1,"","","",1,5,1,5,1,0,1,4,1,2,1,"","","","","","","","","","","","","","","","","","","","","","","","",30000,1,"","",2,1,2,1,"","","","","","","","","","","","","","","","","","","","","","","","","","","","","","","","","","","","","","","","","","","","","","","","","","","","","","","","","","","","","","","","","",""
"31069001","TOULOUSE-BLAGNAC",43.621,1.378833,151,1968042700,"","","","",3.,1,140,1,"","","","","","","","","","","","","","","","","","","","","","","","","","","","",13.5,1,8.4,1,"","","","","","","","","","","","","","","","","","","","","","","","","","",72,1,"","","","","","","","","","","","",11.2,1,1015.2,1,997.1,1,"","","",1,7,1,5,1,0,1,7,1,2,1,"","","","","","","","","","","","","","","","","","","","","","","","",20000,1,"","",2,1,2,1,"","","","","","","","","","","","","","","","","","","","","","","","","","","","","","","","","","","","","","","","","","","","","","","","","","","","","","","","","","","","","","","","","",""
"31069001","TOULOUSE-BLAGNAC",43.621,1.378833,151,1968042703,"","","","",4.,1,140,1,"","","","","","","","","","","","","","","","","","","","","","","","","","","","",13.2,1,8.4,1,"","","","","","","","","","","","","","","","","","","","","","","","","","",74,1,"","","","","","","","","","","","",11.2,1,1012.9,1,994.8,1,"","","",1,7,1,6,1,5,1,7,1,"","","","","","","","","","","","","","","","","","","","","","","","","","",20000,1,"","",2,1,2,1,"","","","","","","","","","","","","","","","","","","","","","","","","","","","","","","","","","","","","","","","","","","","","","","","","","","","","","","","","","","","","","","","","",""
"31069001","TOULOUSE-BLAGNAC",43.621,1.378833,151,1968042706,"","","","",5.,1,120,1,"","","","","","","","","","","","","","","","","","","","","","","","","","","","",13.3,1,10.,1,"","","","","","","","","","","","","","","","","","","","","","","","","","",82,1,"","","","","","","","","","","","",12.5,1,1011.6,1,993.6,1,"","","",1,7,1,6,1,5,1,7,1,"","","","","","","","","","","","","","","","","","","","","","","","","","",20000,1,"","",2,1,2,1,"","",0,1,"","","","","","","","","","","","","","","","","","","","","","","","","","","","","","","","","","","","","","","","","","","","","","","","","","","","","","","","","","","","","",""
"31069001","TOULOUSE-BLAGNAC",43.621,1.378833,151,1968042709,"","","","",6.,1,140,1,"","","","","","","","","","","","","","","","","","","","","","","","","","","","",14.8,1,12.4,1,"","","","","","","","","","","","","","","","","","","","","","","","","","",87,1,"","","","","","","","","","","","",14.7,1,1010.8,1,992.9,1,"","","",1,8,1,5,1,5,1,7,1,"","","","","","","","","","","","","","","","","","","","","","","","","","",8000,1,"","",61,1,2,1,"","","","","","","","","","","","","","","","","","","","","","","","","","","","","","","","","","","","","","","","","","","","","","","","","","","","","","","","","","","","","","","","","",""
"31069001","TOULOUSE-BLAGNAC",43.621,1.378833,151,1968042712,"","","","",5.,1,140,1,"","","","","","","","","","","","","","","","","","","","","","","","","","","","",16.5,1,12.7,1,"","","","","","","","","","","","","","","","","","","","","","","","","","",80,1,"","","","","","","","","","","","",15.,1,1009.3,1,991.5,1,"","","",1,8,1,5,1,5,1,9,1,7,1,"","","","","","","","","","","","","","","","","","","","","","","","",10000,1,"","",3,1,6,1,"","","","","","","","","","","","","","","","","","","","","","","","","","","","","","","","","","","","","","","","","","","","","","","","","","","","","","","","","","","","","","","","","",""
"31069001","TOULOUSE-BLAGNAC",43.621,1.378833,151,1968042715,"","","","",6.,1,140,1,"","","","","","","","","","","","","","","","","","","","","","","","","","","","",16.2,1,13.4,1,"","","","","","","","","","","","","","","","","","","","","","","","","","",86,1,"","","","","","","","","","","","",15.8,1,1007.2,1,989.4,1,"","","",1,8,1,8,1,0,1,9,1,"","","","","","","","","","","","","","","","","","","","","","","","","","",6000,1,"","",21,1,6,1,"","","","","","","","","","","","","","","","","","","","","","","","","","","","","","","","","","","","","","","","","","","","","","","","","","","","","","","","","","","","","","","","","",""
"31069001","TOULOUSE-BLAGNAC",43.621,1.378833,151,1968042718,"","","","",3.,1,140,1,"","","","","","","","","","","","","","","","","","","","","","","","","","","","",15.5,1,13.1,1,"","","","","","","","","","","","","","","","","","","","","","","","","","",87,1,"","","","","","","","","","","","",15.4,1,1006.8,1,989.,1,"","","",1,8,1,6,1,9,1,8,1,7,1,"","","","","","","","","","","","","","","","","","","","","","","","",6000,1,"","",21,1,6,1,"","","","","","","","","","","","","","","","","","","","","","","","","","","","","","","","","","","","","","","","","","","","","","","","","","","","","","","","","","","","","","","","","",""
"31069001","TOULOUSE-BLAGNAC",43.621,1.378833,151,1968042721,"","","","",6.,1,340,1,"","","","","","","","","","","","","","","","","","","","","","","","","","","","",13.,1,10.1,1,"","","","","","","","","","","","","","","","","","","","","","","","","","",84,1,"","","","","","","","","","","","",12.6,1,1010.4,1,992.4,1,"","","",1,8,1,8,1,5,1,"","","","","","","","","","","","","","","","","","","","","","","","","","","","",6000,1,"","",29,1,9,1,"","","","","","","","","","","","","","","","","","","","","","","","","","","","","","","","","","","","","","","","","","","","","","","","","","","","","","","","","","","","","","","","","",""
"31069001","TOULOUSE-BLAGNAC",43.621,1.378833,151,1968042800,"","","","",3.,1,320,1,"","","","","","","","","","","","","","","","","","","","","","","","","","","","",10.7,1,8.8,1,"","","","","","","","","","","","","","","","","","","","","","","","","","",90,1,"","","","","","","","","","","","",11.5,1,1012.1,1,993.9,1,"","","",1,3,1,0,1,0,1,4,1,0,1,"","","","","","","","","","","","","","","","","","","","","","","","",8000,1,"","",1,1,9,1,"","","","","","","","","","","","","","","","","","","","","","","","","","","","","","","","","","","","","","","","","","","","","","","","","","","","","","","","","","","","","","","","","",""
"31069001","TOULOUSE-BLAGNAC",43.621,1.378833,151,1968042803,"","","","",1.,1,200,1,"","","","","","","","","","","","","","","","","","","","","","","","","","","","",8.6,1,7.6,1,"","","","","","","","","","","","","","","","","","","","","","","","","","",94,1,"","","","","","","","","","","","",10.6,1,1012.3,1,993.9,1,"","","",1,4,1,0,1,0,1,4,1,0,1,"","","","","","","","","","","","","","","","","","","","","","","","",10000,1,"","",3,1,0,1,"","","","","","","","","","","","","","","","","","","","","","","","","","","","","","","","","","","","","","","","","","","","","","","","","","","","","","","","","","","","","","","","","",""
"31069001","TOULOUSE-BLAGNAC",43.621,1.378833,151,1968042806,"","","","",1.,1,180,1,"","","","","","","","","","","","","","","","","","","","","","","","","","","","",7.8,1,7.2,1,"","","","","","","","","","","","","","","","","","","","","","","","","","",97,1,"","","","","","","","","","","","",10.3,1,1011.6,1,993.2,1,"","","",1,5,1,5,1,5,1,8,1,0,1,"","","","","","","","","","","","","","","","","","","","","","","","",6000,1,"","",2,1,2,1,"","",2,1,"","","","","","","","","","","","","","","","","","","","","","","","","","","","","","","","","","","","","","","","","","","","","","","","","","","","","","","","","","","","","",""
"31069001","TOULOUSE-BLAGNAC",43.621,1.378833,151,1968042809,"","","","",4.,1,120,1,"","","","","","","","","","","","","","","","","","","","","","","","","","","","",14.6,1,7.2,1,"","","","","","","","","","","","","","","","","","","","","","","","","","",62,1,"","","","","","","","","","","","",10.3,1,1010.3,1,992.3,1,"","","",1,2,1,0,1,8,1,0,1,2,1,"","","","","","","","","","","","","","","","","","","","","","","","",40000,1,"","",3,1,4,1,"","","","","","","","","","","","","","","","","","","","","","","","","","","","","","","","","","","","","","","","","","","","","","","","","","","","","","","","","","","","","","","","","",""
"31069001","TOULOUSE-BLAGNAC",43.621,1.378833,151,1968042812,"","","","",4.,1,120,1,"","","","","","","","","","","","","","","","","","","","","","","","","","","","",17.5,1,8.4,1,"","","","","","","","","","","","","","","","","","","","","","","","","","",56,1,"","","","","","","","","","","","",11.2,1,1007.,1,989.3,1,"","","",1,6,1,5,1,1,1,0,1,2,1,"","","","","","","","","","","","","","","","","","","","","","","","",40000,1,"","",3,1,4,1,"","","","","","","","","","","","","","","","","","","","","","","","","","","","","","","","","","","","","","","","","","","","","","","","","","","","","","","","","","","","","","","","","",""
"31069001","TOULOUSE-BLAGNAC",43.621,1.378833,151,1968042815,"","","","",4.,1,120,1,"","","","","","","","","","","","","","","","","","","","","","","","","","","","",19.8,1,8.7,1,"","","","","","","","","","","","","","","","","","","","","","","","","","",49,1,"","","","","","","","","","","","",11.4,1,1002.8,1,985.3,1,"","","",1,4,1,0,1,1,1,0,1,2,1,"","","","","","","","","","","","","","","","","","","","","","","","",40000,1,"","",1,1,1,1,"","","","","","","","","","","","","","","","","","","","","","","","","","","","","","","","","","","","","","","","","","","","","","","","","","","","","","","","","","","","","","","","","",""
"31069001","TOULOUSE-BLAGNAC",43.621,1.378833,151,1968042818,"","","","",2.,1,280,1,"","","","","","","","","","","","","","","","","","","","","","","","","","","","",18.8,1,10.,1,"","","","","","","","","","","","","","","","","","","","","","","","","","",58,1,"","","","","","","","","","","","",12.5,1,1002.,1,984.5,1,"","","",1,2,1,0,1,3,1,0,1,0,1,"","","","","","","","","","","","","","","","","","","","","","","","",20000,1,"","",1,1,1,1,"","","","","","","","","","","","","","","","","","","","","","","","","","","","","","","","","","","","","","","","","","","","","","","","","","","","","","","","","","","","","","","","","",""
"31069001","TOULOUSE-BLAGNAC",43.621,1.378833,151,1968042821,"","","","",9.,1,300,1,"","","","","","","","","","","","","","","","","","","","","","","","","","","","",9.1,1,6.1,1,"","","","","","","","","","","","","","","","","","","","","","","","","","",83,1,"","","","","","","","","","","","",9.5,1,1006.7,1,988.5,1,"","","",1,8,1,8,1,9,1,"","","","","","","","","","","","","","","","","","","","","","","","","","","","",10000,1,"","",95,1,1,1,"","","","","","","","","","","","","","","","","","","","","","","","","","","","","","","","","","","","","","","","","","","","","","","","","","","","","","","","","","","","","","","","","",""
"31069001","TOULOUSE-BLAGNAC",43.621,1.378833,151,1968042900,"","","","",1.,1,160,1,"","","","","","","","","","","","","","","","","","","","","","","","","","","","",8.1,1,6.8,1,"","","","","","","","","","","","","","","","","","","","","","","","","","",93,1,"","","","","","","","","","","","",10.,1,1007.8,1,989.5,1,"","","",1,8,1,8,1,5,1,"","","","","","","","","","","","","","","","","","","","","","","","","","","","",15000,1,"","",2,1,9,1,"","","","","","","","","","","","","","","","","","","","","","","","","","","","","","","","","","","","","","","","","","","","","","","","","","","","","","","","","","","","","","","","","",""
"31069001","TOULOUSE-BLAGNAC",43.621,1.378833,151,1968042903,"","","","",1.,1,160,1,"","","","","","","","","","","","","","","","","","","","","","","","","","","","",6.3,1,5.8,1,"","","","","","","","","","","","","","","","","","","","","","","","","","",97,1,"","","","","","","","","","","","",9.3,1,1007.1,1,988.7,1,"","","",1,0,1,"","",0,1,0,1,0,1,"","","","","","","","","","","","","","","","","","","","","","","","",15000,1,"","",2,1,0,1,"","","","","","","","","","","","","","","","","","","","","","","","","","","","","","","","","","","","","","","","","","","","","","","","","","","","","","","","","","","","","","","","","",""
"31069001","TOULOUSE-BLAGNAC",43.621,1.378833,151,1968042906,"","","","",1.,1,160,1,"","","","","","","","","","","","","","","","","","","","","","","","","","","","",5.8,1,5.3,1,"","","","","","","","","","","","","","","","","","","","","","","","","","",97,1,"","","","","","","","","","","","",9.,1,1008.2,1,989.7,1,"","","",1,1,1,0,1,5,1,0,1,0,1,"","","","","","","","","","","","","","","","","","","","","","","","",15000,1,"","",1,1,1,1,"","",2,1,"","","","","","","","","","","","","","","","","","","","","","","","","","","","","","","","","","","","","","","","","","","","","","","","","","","","","","","","","","","","","",""
"31069001","TOULOUSE-BLAGNAC",43.621,1.378833,151,1968042909,"","","","",2.,1,260,1,"","","","","","","","","","","","","","","","","","","","","","","","","","","","",12.8,1,7.3,1,"","","","","","","","","","","","","","","","","","","","","","","","","","",70,1,"","","","","","","","","","","","",10.4,1,1008.,1,990.,1,"","","",1,1,1,0,1,1,1,0,1,0,1,"","","","","","","","","","","","","","","","","","","","","","","","",20000,1,"","",3,1,0,1,"","","","","","","","","","","","","","","","","","","","","","","","","","","","","","","","","","","","","","","","","","","","","","","","","","","","","","","","","","","","","","","","","",""
"31069001","TOULOUSE-BLAGNAC",43.621,1.378833,151,1968042912,"","","","",4.,1,260,1,"","","","","","","","","","","","","","","","","","","","","","","","","","","","",15.8,1,3.1,1,"","","","","","","","","","","","","","","","","","","","","","","","","","",43,1,"","","","","","","","","","","","",7.7,1,1007.4,1,989.6,1,"","","",1,2,1,0,1,1,1,0,1,0,1,"","","","","","","","","","","","","","","","","","","","","","","","",50000,1,"","",2,1,0,1,"","","","","","","","","","","","","","","","","","","","","","","","","","","","","","","","","","","","","","","","","","","","","","","","","","","","","","","","","","","","","","","","","",""
"31069001","TOULOUSE-BLAGNAC",43.621,1.378833,151,1968042915,"","","","",3.,1,280,1,"","","","","","","","","","","","","","","","","","","","","","","","","","","","",16.8,1,1.6,1,"","","","","","","","","","","","","","","","","","","","","","","","","","",36,1,"","","","","","","","","","","","",6.9,1,1006.6,1,988.8,1,"","","",1,6,1,5,1,3,1,0,1,0,1,"","","","","","","","","","","","","","","","","","","","","","","","",50000,1,"","",15,1,1,1,"","","","","","","","","","","","","","","","","","","","","","","","","","","","","","","","","","","","","","","","","","","","","","","","","","","","","","","","","","","","","","","","","",""
"31069001","TOULOUSE-BLAGNAC",43.621,1.378833,151,1968042918,"","","","",3.,1,340,1,"","","","","","","","","","","","","","","","","","","","","","","","","","","","",13.7,1,5.6,1,"","","","","","","","","","","","","","","","","","","","","","","","","","",58,1,"","","","","","","","","","","","",9.2,1,1007.9,1,989.9,1,"","","",1,6,1,0,1,3,1,6,1,3,1,"","","","","","","","","","","","","","","","","","","","","","","","",30000,1,"","",1,1,8,1,"","","","","","","","","","","","","","","","","","","","","","","","","","","","","","","","","","","","","","","","","","","","","","","","","","","","","","","","","","","","","","","","","",""
"31069001","TOULOUSE-BLAGNAC",43.621,1.378833,151,1968042921,"","","","",6.,1,280,1,"","","","","","","","","","","","","","","","","","","","","","","","","","","","",11.,1,4.8,1,"","","","","","","","","","","","","","","","","","","","","","","","","","",66,1,"","","","","","","","","","","","",8.7,1,1010.9,1,992.7,1,"","","",1,7,1,5,1,3,1,8,1,3,1,"","","","","","","","","","","","","","","","","","","","","","","","",20000,1,"","",2,1,2,1,"","","","","","","","","","","","","","","","","","","","","","","","","","","","","","","","","","","","","","","","","","","","","","","","","","","","","","","","","","","","","","","","","",""
"31069001","TOULOUSE-BLAGNAC",43.621,1.378833,151,1968043000,"","","","",4.,1,220,1,"","","","","","","","","","","","","","","","","","","","","","","","","","","","",8.2,1,6.8,1,"","","","","","","","","","","","","","","","","","","","","","","","","","",92,1,"","","","","","","","","","","","",10.,1,1012.7,1,994.3,1,"","","",1,4,1,0,1,5,1,0,1,0,1,"","","","","","","","","","","","","","","","","","","","","","","","",20000,1,"","",1,1,2,1,"","","","","","","","","","","","","","","","","","","","","","","","","","","","","","","","","","","","","","","","","","","","","","","","","","","","","","","","","","","","","","","","","",""
"31069001","TOULOUSE-BLAGNAC",43.621,1.378833,151,1968043003,"","","","",2.,1,220,1,"","","","","","","","","","","","","","","","","","","","","","","","","","","","",5.6,1,4.8,1,"","","","","","","","","","","","","","","","","","","","","","","","","","",95,1,"","","","","","","","","","","","",8.7,1,1012.2,1,993.6,1,"","","",1,2,1,0,1,5,1,0,1,0,1,"","","","","","","","","","","","","","","","","","","","","","","","",20000,1,"","",2,1,1,1,"","","","","","","","","","","","","","","","","","","","","","","","","","","","","","","","","","","","","","","","","","","","","","","","","","","","","","","","","","","","","","","","","",""
"31069001","TOULOUSE-BLAGNAC",43.621,1.378833,151,1968043006,"","","","",2.,1,180,1,"","","","","","","","","","","","","","","","","","","","","","","","","","","","",6.3,1,4.8,1,"","","","","","","","","","","","","","","","","","","","","","","","","","",91,1,"","","","","","","","","","","","",8.7,1,1012.9,1,994.4,1,"","","",1,6,1,6,1,5,1,0,1,2,1,"","","","","","","","","","","","","","","","","","","","","","","","",30000,1,"","",2,1,1,1,"","",1,1,"","","","","","","","","","","","","","","","","","","","","","","","","","","","","","","","","","","","","","","","","","","","","","","","","","","","","","","","","","","","","",""
"31069001","TOULOUSE-BLAGNAC",43.621,1.378833,151,1968043009,"","","","",3.,1,260,1,"","","","","","","","","","","","","","","","","","","","","","","","","","","","",13.2,1,6.1,1,"","","","","","","","","","","","","","","","","","","","","","","","","","",63,1,"","","","","","","","","","","","",9.5,1,1013.3,1,995.2,1,"","","",1,5,1,5,1,2,1,3,1,0,1,"","","","","","","","","","","","","","","","","","","","","","","","",40000,1,"","",3,1,1,1,"","","","","","","","","","","","","","","","","","","","","","","","","","","","","","","","","","","","","","","","","","","","","","","","","","","","","","","","","","","","","","","","","",""
"31069001","TOULOUSE-BLAGNAC",43.621,1.378833,151,1968043012,"","","","",5.,1,280,1,"","","","","","","","","","","","","","","","","","","","","","","","","","","","",16.,1,3.3,1,"","","","","","","","","","","","","","","","","","","","","","","","","","",43,1,"","","","","","","","","","","","",7.8,1,1013.3,1,995.4,1,"","","",1,5,1,0,1,2,1,6,1,0,1,"","","","","","","","","","","","","","","","","","","","","","","","",40000,1,"","",1,1,1,1,"","","","","","","","","","","","","","","","","","","","","","","","","","","","","","","","","","","","","","","","","","","","","","","","","","","","","","","","","","","","","","","","","",""
"31069001","TOULOUSE-BLAGNAC",43.621,1.378833,151,1968043015,"","","","",5.,1,280,1,"","","","","","","","","","","","","","","","","","","","","","","","","","","","",16.7,1,3.7,1,"","","","","","","","","","","","","","","","","","","","","","","","","","",42,1,"","","","","","","","","","","","",8.,1,1013.,1,995.1,1,"","","",1,7,1,6,1,2,1,6,1,0,1,"","","","","","","","","","","","","","","","","","","","","","","","",40000,1,"","",1,1,2,1,"","","","","","","","","","","","","","","","","","","","","","","","","","","","","","","","","","","","","","","","","","","","","","","","","","","","","","","","","","","","","","","","","",""
"31069001","TOULOUSE-BLAGNAC",43.621,1.378833,151,1968043018,"","","","",4.,1,300,1,"","","","","","","","","","","","","","","","","","","","","","","","","","","","",15.2,1,3.1,1,"","","","","","","","","","","","","","","","","","","","","","","","","","",44,1,"","","","","","","","","","","","",7.7,1,1014.,1,996.,1,"","","",1,6,1,6,1,5,1,0,1,0,1,"","","","","","","","","","","","","","","","","","","","","","","","",40000,1,"","",1,1,2,1,"","","","","","","","","","","","","","","","","","","","","","","","","","","","","","","","","","","","","","","","","","","","","","","","","","","","","","","","","","","","","","","","","",""
"31069001","TOULOUSE-BLAGNAC",43.621,1.378833,151,1968043021,"","","","",0.,1,0,1,"","","","","","","","","","","","","","","","","","","","","","","","","","","","",12.2,1,5.3,1,"","","","","","","","","","","","","","","","","","","","","","","","","","",63,1,"","","","","","","","","","","","",9.,1,1015.1,1,996.9,1,"","","",1,5,1,5,1,5,1,0,1,0,1,"","","","","","","","","","","","","","","","","","","","","","","","",30000,1,"","",1,1,2,1,"","","","","","","","","","","","","","","","","","","","","","","","","","","","","","","","","","","","","","","","","","","","","","","","","","","","","","","","","","","","","","","","","",""
"31069001","TOULOUSE-BLAGNAC",43.621,1.378833,151,1968050100,"","","","",0.,1,0,1,"","","","","","","","","","","","","","","","","","","","","","","","","","","","",10.7,1,6.4,1,"","","","","","","","","","","","","","","","","","","","","","","","","","",75,1,"","","","","","","","","","","","",9.7,1,1015.5,1,997.2,1,"","","",1,8,1,8,1,5,1,"","","","","","","","","","","","","","","","","","","","","","","","","","","","",20000,1,"","",3,1,1,1,"","","","","","","","","","","","","","","","","","","","","","","","","","","","","","","","","","","","","","","","","","","","","","","","","","","","","","","","","","","","","","","","","",""
"31069001","TOULOUSE-BLAGNAC",43.621,1.378833,151,1968050103,"","","","",0.,1,0,1,"","","","","","","","","","","","","","","","","","","","","","","","","","","","",9.6,1,7.3,1,"","","","","","","","","","","","","","","","","","","","","","","","","","",87,1,"","","","","","","","","","","","",10.4,1,1014.7,1,996.4,1,"","","",1,7,1,7,1,5,1,"","","","","","","","","","","","","","","","","","","","","","","","","","","","",20000,1,"","",1,1,2,1,"","","","","","","","","","","","","","","","","","","","","","","","","","","","","","","","","","","","","","","","","","","","","","","","","","","","","","","","","","","","","","","","","",""
"31069001","TOULOUSE-BLAGNAC",43.621,1.378833,151,1968050106,"","","","",0.,1,0,1,"","","","","","","","","","","","","","","","","","","","","","","","","","","","",8.3,1,7.1,1,"","","","","","","","","","","","","","","","","","","","","","","","","","",93,1,"","","","","","","","","","","","",10.2,1,1014.9,1,996.5,1,"","","",1,6,1,6,1,5,1,4,1,0,1,"","","","","","","","","","","","","","","","","","","","","","","","",40000,1,"","",3,1,1,1,"","",0,1,"","","","","","","","","","","","","","","","","","","","","","","","","","","","","","","","","","","","","","","","","","","","","","","","","","","","","","","","","","","","","",""
"31069001","TOULOUSE-BLAGNAC",43.621,1.378833,151,1968050109,"","","","",4.,1,120,1,"","","","","","","","","","","","","","","","","","","","","","","","","","","","",14.7,1,6.1,1,"","","","","","","","","","","","","","","","","","","","","","","","","","",57,1,"","","","","","","","","","","","",9.5,1,1014.2,1,996.2,1,"","","",1,2,1,0,1,0,1,3,1,2,1,"","","","","","","","","","","","","","","","","","","","","","","","",40000,1,"","",2,1,1,1,"","","","","","","","","","","","","","","","","","","","","","","","","","","","","","","","","","","","","","","","","","","","","","","","","","","","","","","","","","","","","","","","","",""
"31069001","TOULOUSE-BLAGNAC",43.621,1.378833,151,1968050112,"","","","",3.,1,140,1,"","","","","","","","","","","","","","","","","","","","","","","","","","","","",18.8,1,4.2,1,"","","","","","","","","","","","","","","","","","","","","","","","","","",39,1,"","","","","","","","","","","","",8.3,1,1012.7,1,994.9,1,"","","",1,5,1,0,1,1,1,3,1,2,1,"","","","","","","","","","","","","","","","","","","","","","","","",40000,1,"","",2,1,1,1,"","","","","","","","","","","","","","","","","","","","","","","","","","","","","","","","","","","","","","","","","","","","","","","","","","","","","","","","","","","","","","","","","",""
"31069001","TOULOUSE-BLAGNAC",43.621,1.378833,151,1968050115,"","","","",3.,1,160,1,"","","","","","","","","","","","","","","","","","","","","","","","","","","","",20.2,1,7.7,1,"","","","","","","","","","","","","","","","","","","","","","","","","","",46,1,"","","","","","","","","","","","",10.7,1,1011.,1,993.4,1,"","","",1,7,1,7,1,1,1,7,1,"","","","","","","","","","","","","","","","","","","","","","","","","","",30000,1,"","",3,1,2,1,"","","","","","","","","","","","","","","","","","","","","","","","","","","","","","","","","","","","","","","","","","","","","","","","","","","","","","","","","","","","","","","","","",""
"31069001","TOULOUSE-BLAGNAC",43.621,1.378833,151,1968050118,"","","","",5.,1,140,1,"","","","","","","","","","","","","","","","","","","","","","","","","","","","",18.4,1,7.3,1,"","","","","","","","","","","","","","","","","","","","","","","","","","",49,1,"","","","","","","","","","","","",10.4,1,1010.2,1,992.5,1,"","","",1,6,1,6,1,0,1,4,1,2,1,"","","","","","","","","","","","","","","","","","","","","","","","",30000,1,"","",2,1,2,1,"","","","","","","","","","","","","","","","","","","","","","","","","","","","","","","","","","","","","","","","","","","","","","","","","","","","","","","","","","","","","","","","","",""
"31069001","TOULOUSE-BLAGNAC",43.621,1.378833,151,1968050121,"","","","",6.,1,140,1,"","","","","","","","","","","","","","","","","","","","","","","","","","","","",15.5,1,6.1,1,"","","","","","","","","","","","","","","","","","","","","","","","","","",54,1,"","","","","","","","","","","","",9.5,1,1011.2,1,993.3,1,"","","",1,7,1,7,1,0,1,7,1,"","","","","","","","","","","","","","","","","","","","","","","","","","",30000,1,"","",21,1,2,1,"","","","","","","","","","","","","","","","","","","","","","","","","","","","","","","","","","","","","","","","","","","","","","","","","","","","","","","","","","","","","","","","","",""
"31069001","TOULOUSE-BLAGNAC",43.621,1.378833,151,1968050200,"","","","",5.,1,140,1,"","","","","","","","","","","","","","","","","","","","","","","","","","","","",13.9,1,9.4,1,"","","","","","","","","","","","","","","","","","","","","","","","","","",76,1,"","","","","","","","","","","","",12.,1,1011.3,1,993.3,1,"","","",1,8,1,8,1,0,1,7,1,"","","","","","","","","","","","","","","","","","","","","","","","","","",30000,1,"","",3,1,6,1,"","","","","","","","","","","","","","","","","","","","","","","","","","","","","","","","","","","","","","","","","","","","","","","","","","","","","","","","","","","","","","","","","",""
"31069001","TOULOUSE-BLAGNAC",43.621,1.378833,151,1968050203,"","","","",4.,1,160,1,"","","","","","","","","","","","","","","","","","","","","","","","","","","","",13.6,1,10.7,1,"","","","","","","","","","","","","","","","","","","","","","","","","","",84,1,"","","","","","","","","","","","",13.1,1,1010.6,1,992.6,1,"","","",1,8,1,8,1,5,1,7,1,"","","","","","","","","","","","","","","","","","","","","","","","","","",15000,1,"","",61,1,2,1,"","","","","","","","","","","","","","","","","","","","","","","","","","","","","","","","","","","","","","","","","","","","","","","","","","","","","","","","","","","","","","","","","",""
"31069001","TOULOUSE-BLAGNAC",43.621,1.378833,151,1968050206,"","","","",4.,1,140,1,"","","","","","","","","","","","","","","","","","","","","","","","","","","","",13.4,1,10.6,1,"","","","","","","","","","","","","","","","","","","","","","","","","","",84,1,"","","","","","","","","","","","",13.,1,1010.9,1,992.9,1,"","","",1,7,1,6,1,8,1,7,1,"","","","","","","","","","","","","","","","","","","","","","","","","","",8000,1,"","",60,1,6,1,"","",1,1,"","","","","","","","","","","","","","","","","","","","","","","","","","","","","","","","","","","","","","","","","","","","","","","","","","","","","","","","","","","","","",""
"31069001","TOULOUSE-BLAGNAC",43.621,1.378833,151,1968050209,"","","","",3.,1,160,1,"","","","","","","","","","","","","","","","","","","","","","","","","","","","",14.3,1,13.1,1,"","","","","","","","","","","","","","","","","","","","","","","","","","",94,1,"","","","","","","","","","","","",15.4,1,1013.8,1,995.8,1,"","","",1,6,1,5,1,8,1,3,1,0,1,"","","","","","","","","","","","","","","","","","","","","","","","",12000,1,"","",21,1,8,1,"","","","","","","","","","","","","","","","","","","","","","","","","","","","","","","","","","","","","","","","","","","","","","","","","","","","","","","","","","","","","","","","","",""
"31069001","TOULOUSE-BLAGNAC",43.621,1.378833,151,1968050212,"","","","",3.,1,260,1,"","","","","","","","","","","","","","","","","","","","","","","","","","","","",18.2,1,11.3,1,"","","","","","","","","","","","","","","","","","","","","","","","","","",66,1,"","","","","","","","","","","","",13.7,1,1013.7,1,995.9,1,"","","",1,6,1,5,1,8,1,4,1,0,1,"","","","","","","","","","","","","","","","","","","","","","","","",30000,1,"","",2,1,6,1,"","","","","","","","","","","","","","","","","","","","","","","","","","","","","","","","","","","","","","","","","","","","","","","","","","","","","","","","","","","","","","","","","",""
"31069001","TOULOUSE-BLAGNAC",43.621,1.378833,151,1968050215,"","","","",4.,1,320,1,"","","","","","","","","","","","","","","","","","","","","","","","","","","","",19.8,1,10.4,1,"","","","","","","","","","","","","","","","","","","","","","","","","","",56,1,"","","","","","","","","","","","",12.9,1,1013.7,1,996.,1,"","","",1,7,1,0,1,8,1,4,1,2,1,"","","","","","","","","","","","","","","","","","","","","","","","",30000,1,"","",3,1,2,1,"","","","","","","","","","","","","","","","","","","","","","","","","","","","","","","","","","","","","","","","","","","","","","","","","","","","","","","","","","","","","","","","","",""
"31069001","TOULOUSE-BLAGNAC",43.621,1.378833,151,1968050218,"","","","",2.,1,320,1,"","","","","","","","","","","","","","","","","","","","","","","","","","","","",18.8,1,11.3,1,"","","","","","","","","","","","","","","","","","","","","","","","","","",63,1,"","","","","","","","","","","","",13.7,1,1013.8,1,996.1,1,"","","",1,7,1,6,1,8,1,3,1,"","","","","","","","","","","","","","","","","","","","","","","","","","",20000,1,"","",3,1,2,1,"","","","","","","","","","","","","","","","","","","","","","","","","","","","","","","","","","","","","","","","","","","","","","","","","","","","","","","","","","","","","","","","","",""
"31069001","TOULOUSE-BLAGNAC",43.621,1.378833,151,1968050221,"","","","",0.,1,0,1,"","","","","","","","","","","","","","","","","","","","","","","","","","","","",16.4,1,13.7,1,"","","","","","","","","","","","","","","","","","","","","","","","","","",87,1,"","","","","","","","","","","","",16.1,1,1015.1,1,997.2,1,"","","",1,2,1,0,1,5,1,0,1,0,1,"","","","","","","","","","","","","","","","","","","","","","","","",20000,1,"","",1,1,1,1,"","","","","","","","","","","","","","","","","","","","","","","","","","","","","","","","","","","","","","","","","","","","","","","","","","","","","","","","","","","","","","","","","",""
"31069001","TOULOUSE-BLAGNAC",43.621,1.378833,151,1968050300,"","","","",0.,1,0,1,"","","","","","","","","","","","","","","","","","","","","","","","","","","","",14.2,1,11.2,1,"","","","","","","","","","","","","","","","","","","","","","","","","","",85,1,"","","","","","","","","","","","",13.6,1,1014.7,1,996.7,1,"","","",1,2,1,0,1,0,1,4,1,0,1,"","","","","","","","","","","","","","","","","","","","","","","","",20000,1,"","",3,1,1,1,"","","","","","","","","","","","","","","","","","","","","","","","","","","","","","","","","","","","","","","","","","","","","","","","","","","","","","","","","","","","","","","","","",""
"31069001","TOULOUSE-BLAGNAC",43.621,1.378833,151,1968050303,"","","","",2.,1,120,1,"","","","","","","","","","","","","","","","","","","","","","","","","","","","",12.8,1,10.6,1,"","","","","","","","","","","","","","","","","","","","","","","","","","",88,1,"","","","","","","","","","","","",13.,1,1013.2,1,995.1,1,"","","",1,0,1,"","",0,1,0,1,0,1,"","","","","","","","","","","","","","","","","","","","","","","","",10000,1,"","",2,1,0,1,"","","","","","","","","","","","","","","","","","","","","","","","","","","","","","","","","","","","","","","","","","","","","","","","","","","","","","","","","","","","","","","","","",""
"31069001","TOULOUSE-BLAGNAC",43.621,1.378833,151,1968050306,"","","","",0.,1,0,1,"","","","","","","","","","","","","","","","","","","","","","","","","","","","",11.6,1,10.1,1,"","","","","","","","","","","","","","","","","","","","","","","","","","",93,1,"","","","","","","","","","","","",12.6,1,1012.2,1,994.,1,"","","",1,6,1,5,1,0,1,4,1,2,1,"","","","","","","","","","","","","","","","","","","","","","","","",4000,1,"","",10,1,1,1,"","",0,1,"","","","","","","","","","","","","","","","","","","","","","","","","","","","","","","","","","","","","","","","","","","","","","","","","","","","","","","","","","","","","",""
"31069001","TOULOUSE-BLAGNAC",43.621,1.378833,151,1968050309,"","","","",6.,1,160,1,"","","","","","","","","","","","","","","","","","","","","","","","","","","","",16.3,1,11.9,1,"","","","","","","","","","","","","","","","","","","","","","","","","","",77,1,"","","","","","","","","","","","",14.2,1,1010.2,1,992.4,1,"","","",1,7,1,7,1,6,1,4,1,2,1,"","","","","","","","","","","","","","","","","","","","","","","","",10000,1,"","",3,1,2,1,"","","","","","","","","","","","","","","","","","","","","","","","","","","","","","","","","","","","","","","","","","","","","","","","","","","","","","","","","","","","","","","","","",""
"31069001","TOULOUSE-BLAGNAC",43.621,1.378833,151,1968050312,"","","","",7.,1,120,1,"","","","","","","","","","","","","","","","","","","","","","","","","","","","",19.8,1,12.1,1,"","","","","","","","","","","","","","","","","","","","","","","","","","",63,1,"","","","","","","","","","","","",14.4,1,1007.9,1,990.3,1,"","","",1,6,1,6,1,2,1,8,1,2,1,"","","","","","","","","","","","","","","","","","","","","","","","",15000,1,"","",2,1,2,1,"","","","","","","","","","","","","","","","","","","","","","","","","","","","","","","","","","","","","","","","","","","","","","","","","","","","","","","","","","","","","","","","","",""
"31069001","TOULOUSE-BLAGNAC",43.621,1.378833,151,1968050315,"","","","",7.,1,120,1,"","","","","","","","","","","","","","","","","","","","","","","","","","","","",17.3,1,12.4,1,"","","","","","","","","","","","","","","","","","","","","","","","","","",75,1,"","","","","","","","","","","","",14.7,1,1006.2,1,988.5,1,"","","",1,5,1,5,1,0,1,8,1,3,1,"","","","","","","","","","","","","","","","","","","","","","","","",15000,1,"","",25,1,8,1,"","","","","","","","","","","","","","","","","","","","","","","","","","","","","","","","","","","","","","","","","","","","","","","","","","","","","","","","","","","","","","","","","",""
"31069001","TOULOUSE-BLAGNAC",43.621,1.378833,151,1968050318,"","","","",9.,1,140,1,"","","","","","","","","","","","","","","","","","","","","","","","","","","","",16.1,1,11.2,1,"","","","","","","","","","","","","","","","","","","","","","","","","","",74,1,"","","","","","","","","","","","",13.6,1,1004.6,1,986.9,1,"","","",1,6,1,5,1,6,1,8,1,3,1,"","","","","","","","","","","","","","","","","","","","","","","","",10000,1,"","",3,1,8,1,"","","","","","","","","","","","","","","","","","","","","","","","","","","","","","","","","","","","","","","","","","","","","","","","","","","","","","","","","","","","","","","","","",""
"31069001","TOULOUSE-BLAGNAC",43.621,1.378833,151,1968050321,"","","","",6.,1,140,1,"","","","","","","","","","","","","","","","","","","","","","","","","","","","",14.2,1,10.1,1,"","","","","","","","","","","","","","","","","","","","","","","","","","",78,1,"","","","","","","","","","","","",12.6,1,1006.4,1,988.5,1,"","","",1,5,1,0,1,9,1,8,1,3,1,"","","","","","","","","","","","","","","","","","","","","","","","",10000,1,"","",3,1,1,1,"","","","","","","","","","","","","","","","","","","","","","","","","","","","","","","","","","","","","","","","","","","","","","","","","","","","","","","","","","","","","","","","","",""
"31069001","TOULOUSE-BLAGNAC",43.621,1.378833,151,1968050400,"","","","",3.,1,120,1,"","","","","","","","","","","","","","","","","","","","","","","","","","","","",14.2,1,10.6,1,"","","","","","","","","","","","","","","","","","","","","","","","","","",80,1,"","","","","","","","","","","","",13.,1,1005.7,1,987.8,1,"","","",1,5,1,0,1,0,1,8,1,2,1,"","","","","","","","","","","","","","","","","","","","","","","","",15000,1,"","",3,1,1,1,"","","","","","","","","","","","","","","","","","","","","","","","","","","","","","","","","","","","","","","","","","","","","","","","","","","","","","","","","","","","","","","","","",""
"31069001","TOULOUSE-BLAGNAC",43.621,1.378833,151,1968050403,"","","","",3.,1,140,1,"","","","","","","","","","","","","","","","","","","","","","","","","","","","",14.4,1,10.8,1,"","","","","","","","","","","","","","","","","","","","","","","","","","",80,1,"","","","","","","","","","","","",13.2,1,1004.,1,986.2,1,"","","",1,6,1,0,1,8,1,0,1,2,1,"","","","","","","","","","","","","","","","","","","","","","","","",15000,1,"","",3,1,2,1,"","","","","","","","","","","","","","","","","","","","","","","","","","","","","","","","","","","","","","","","","","","","","","","","","","","","","","","","","","","","","","","","","",""
"31069001","TOULOUSE-BLAGNAC",43.621,1.378833,151,1968050406,"","","","",6.,1,120,1,"","","","","","","","","","","","","","","","","","","","","","","","","","","","",14.7,1,11.5,1,"","","","","","","","","","","","","","","","","","","","","","","","","","",84,1,"","","","","","","","","","","","",13.9,1,1002.6,1,984.8,1,"","","",1,7,1,7,1,6,1,3,1,2,1,"","","","","","","","","","","","","","","","","","","","","","","","",10000,1,"","",1,1,2,1,"","",0,1,"","","","","","","","","","","","","","","","","","","","","","","","","","","","","","","","","","","","","","","","","","","","","","","","","","","","","","","","","","","","","",""
"31069001","TOULOUSE-BLAGNAC",43.621,1.378833,151,1968050409,"","","","",7.,1,140,1,"","","","","","","","","","","","","","","","","","","","","","","","","","","","",16.4,1,12.1,1,"","","","","","","","","","","","","","","","","","","","","","","","","","",78,1,"","","","","","","","","","","","",14.4,1,1001.8,1,984.1,1,"","","",1,7,1,6,1,5,1,8,1,2,1,"","","","","","","","","","","","","","","","","","","","","","","","",15000,1,"","",3,1,2,1,"","","","","","","","","","","","","","","","","","","","","","","","","","","","","","","","","","","","","","","","","","","","","","","","","","","","","","","","","","","","","","","","","",""
"31069001","TOULOUSE-BLAGNAC",43.621,1.378833,151,1968050412,"","","","",7.,1,140,1,"","","","","","","","","","","","","","","","","","","","","","","","","","","","",19.6,1,12.7,1,"","","","","","","","","","","","","","","","","","","","","","","","","","",66,1,"","","","","","","","","","","","",15.,1,1001.2,1,983.7,1,"","","",1,6,1,5,1,2,1,8,1,2,1,"","","","","","","","","","","","","","","","","","","","","","","","",20000,1,"","",2,1,2,1,"","","","","","","","","","","","","","","","","","","","","","","","","","","","","","","","","","","","","","","","","","","","","","","","","","","","","","","","","","","","","","","","","",""
"31069001","TOULOUSE-BLAGNAC",43.621,1.378833,151,1968050415,"","","","",6.,1,140,1,"","","","","","","","","","","","","","","","","","","","","","","","","","","","",21.,1,13.1,1,"","","","","","","","","","","","","","","","","","","","","","","","","","",62,1,"","","","","","","","","","","","",15.4,1,998.7,1,981.4,1,"","","",1,5,1,0,1,2,1,8,1,2,1,"","","","","","","","","","","","","","","","","","","","","","","","",20000,1,"","",1,1,2,1,"","","","","","","","","","","","","","","","","","","","","","","","","","","","","","","","","","","","","","","","","","","","","","","","","","","","","","","","","","","","","","","","","",""
"31069001","TOULOUSE-BLAGNAC",43.621,1.378833,151,1968050418,"","","","",3.,1,160,1,"","","","","","","","","","","","","","","","","","","","","","","","","","","","",14.2,1,12.8,1,"","","","","","","","","","","","","","","","","","","","","","","","","","",93,1,"","","","","","","","","","","","",15.1,1,1001.9,1,984.1,1,"","","",1,7,1,6,1,9,1,9,1,"","","","","","","","","","","","","","","","","","","","","","","","","","",8000,1,"","",91,1,9,1,"","","","","","","","","","","","","","","","","","","","","","","","","","","","","","","","","","","","","","","","","","","","","","","","","","","","","","","","","","","","","","","","","",""
"31069001","TOULOUSE-BLAGNAC",43.621,1.378833,151,1968050421,"","","","",5.,1,300,1,"","","","","","","","","","","","","","","","","","","","","","","","","","","","",13.,1,11.5,1,"","","","","","","","","","","","","","","","","","","","","","","","","","",93,1,"","","","","","","","","","","","",13.9,1,1005.4,1,987.5,1,"","","",1,3,1,0,1,9,1,0,1,0,1,"","","","","","","","","","","","","","","","","","","","","","","","",8000,1,"","",2,1,6,1,"","","","","","","","","","","","","","","","","","","","","","","","","","","","","","","","","","","","","","","","","","","","","","","","","","","","","","","","","","","","","","","","","",""
"31069001","TOULOUSE-BLAGNAC",43.621,1.378833,151,1968050500,"","","","",2.,1,340,1,"","","","","","","","","","","","","","","","","","","","","","","","","","","","",10.9,1,8.8,1,"","","","","","","","","","","","","","","","","","","","","","","","","","",89,1,"","","","","","","","","","","","",11.5,1,1005.8,1,987.7,1,"","","",1,0,1,"","",0,1,0,1,0,1,"","","","","","","","","","","","","","","","","","","","","","","","",8000,1,"","",1,1,6,1,"","","","","","","","","","","","","","","","","","","","","","","","","","","","","","","","","","","","","","","","","","","","","","","","","","","","","","","","","","","","","","","","","",""
"31069001","TOULOUSE-BLAGNAC",43.621,1.378833,151,1968050503,"","","","",1.,1,120,1,"","","","","","","","","","","","","","","","","","","","","","","","","","","","",9.7,1,8.3,1,"","","","","","","","","","","","","","","","","","","","","","","","","","",92,1,"","","","","","","","","","","","",11.1,1,1006.2,1,988.,1,"","","",1,0,1,"","",0,1,0,1,0,1,"","","","","","","","","","","","","","","","","","","","","","","","",8000,1,"","",2,1,0,1,"","","","","","","","","","","","","","","","","","","","","","","","","","","","","","","","","","","","","","","","","","","","","","","","","","","","","","","","","","","","","","","","","",""
"31069001","TOULOUSE-BLAGNAC",43.621,1.378833,151,1968050506,"","","","",0.,1,0,1,"","","","","","","","","","","","","","","","","","","","","","","","","","","","",9.1,1,8.4,1,"","","","","","","","","","","","","","","","","","","","","","","","","","",97,1,"","","","","","","","","","","","",11.2,1,1006.9,1,988.7,1,"","","",1,2,1,0,1,0,1,1,1,0,1,"","","","","","","","","","","","","","","","","","","","","","","","",8000,1,"","",2,1,0,1,"","",1,1,"","","","","","","","","","","","","","","","","","","","","","","","","","","","","","","","","","","","","","","","","","","","","","","","","","","","","","","","","","","","","",""
"31069001","TOULOUSE-BLAGNAC",43.621,1.378833,151,1968050509,"","","","",6.,1,300,1,"","","","","","","","","","","","","","","","","","","","","","","","","","","","",13.6,1,10.3,1,"","","","","","","","","","","","","","","","","","","","","","","","","","",82,1,"","","","","","","","","","","","",12.8,1,1009.1,1,991.1,1,"","","",1,8,1,5,1,8,1,"","","","","","","","","","","","","","","","","","","","","","","","","","","","",10000,1,"","",2,1,1,1,"","","","","","","","","","","","","","","","","","","","","","","","","","","","","","","","","","","","","","","","","","","","","","","","","","","","","","","","","","","","","","","","","",""
"31069001","TOULOUSE-BLAGNAC",43.621,1.378833,151,1968050512,"","","","",5.,1,300,1,"","","","","","","","","","","","","","","","","","","","","","","","","","","","",15.4,1,9.2,1,"","","","","","","","","","","","","","","","","","","","","","","","","","",67,1,"","","","","","","","","","","","",11.8,1,1008.9,1,991.,1,"","","",1,7,1,5,1,8,1,"","","","","","","","","","","","","","","","","","","","","","","","","","","","",30000,1,"","",2,1,1,1,"","","","","","","","","","","","","","","","","","","","","","","","","","","","","","","","","","","","","","","","","","","","","","","","","","","","","","","","","","","","","","","","","",""
"31069001","TOULOUSE-BLAGNAC",43.621,1.378833,151,1968050515,"","","","",4.,1,320,1,"","","","","","","","","","","","","","","","","","","","","","","","","","","","",15.3,1,8.7,1,"","","","","","","","","","","","","","","","","","","","","","","","","","",66,1,"","","","","","","","","","","","",11.4,1,1008.1,1,990.2,1,"","","",1,7,1,7,1,8,1,"","","","","","","","","","","","","","","","","","","","","","","","","","","","",30000,1,"","",2,1,2,1,"","","","","","","","","","","","","","","","","","","","","","","","","","","","","","","","","","","","","","","","","","","","","","","","","","","","","","","","","","","","","","","","","",""
"31069001","TOULOUSE-BLAGNAC",43.621,1.378833,151,1968050518,"","","","",4.,1,320,1,"","","","","","","","","","","","","","","","","","","","","","","","","","","","",13.2,1,10.1,1,"","","","","","","","","","","","","","","","","","","","","","","","","","",83,1,"","","","","","","","","","","","",12.6,1,1007.6,1,989.6,1,"","","",1,8,1,8,1,5,1,"","","","","","","","","","","","","","","","","","","","","","","","","","","","",30000,1,"","",21,1,2,1,"","","","","","","","","","","","","","","","","","","","","","","","","","","","","","","","","","","","","","","","","","","","","","","","","","","","","","","","","","","","","","","","","",""
"31069001","TOULOUSE-BLAGNAC",43.621,1.378833,151,1968050521,"","","","",2.,1,360,1,"","","","","","","","","","","","","","","","","","","","","","","","","","","","",9.6,1,8.9,1,"","","","","","","","","","","","","","","","","","","","","","","","","","",97,1,"","","","","","","","","","","","",11.6,1,1009.8,1,991.5,1,"","","",1,8,1,7,1,7,1,"","","","","","","","","","","","","","","","","","","","","","","","","","","","",8000,1,"","",61,1,8,1,"","","","","","","","","","","","","","","","","","","","","","","","","","","","","","","","","","","","","","","","","","","","","","","","","","","","","","","","","","","","","","","","","",""
"31069001","TOULOUSE-BLAGNAC",43.621,1.378833,151,1968050600,"","","","",0.,1,0,1,"","","","","","","","","","","","","","","","","","","","","","","","","","","","",8.8,1,8.,1,"","","","","","","","","","","","","","","","","","","","","","","","","","",96,1,"","","","","","","","","","","","",10.9,1,1009.5,1,991.2,1,"","","",1,8,1,5,1,5,1,"","","","","","","","","","","","","","","","","","","","","","","","","","","","",8000,1,"","",61,1,6,1,"","","","","","","","","","","","","","","","","","","","","","","","","","","","","","","","","","","","","","","","","","","","","","","","","","","","","","","","","","","","","","","","","",""
"31069001","TOULOUSE-BLAGNAC",43.621,1.378833,151,1968050603,"","","","",0.,1,0,1,"","","","","","","","","","","","","","","","","","","","","","","","","","","","",8.4,1,7.3,1,"","","","","","","","","","","","","","","","","","","","","","","","","","",94,1,"","","","","","","","","","","","",10.4,1,1008.5,1,990.2,1,"","","",1,8,1,8,1,5,1,"","","","","","","","","","","","","","","","","","","","","","","","","","","","",8000,1,"","",61,1,6,1,"","","","","","","","","","","","","","","","","","","","","","","","","","","","","","","","","","","","","","","","","","","","","","","","","","","","","","","","","","","","","","","","","",""
"31069001","TOULOUSE-BLAGNAC",43.621,1.378833,151,1968050606,"","","","",2.,1,240,1,"","","","","","","","","","","","","","","","","","","","","","","","","","","","",8.6,1,7.6,1,"","","","","","","","","","","","","","","","","","","","","","","","","","",94,1,"","","","","","","","","","","","",10.6,1,1009.5,1,991.2,1,"","","",1,8,1,8,1,5,1,"","","","","","","","","","","","","","","","","","","","","","","","","","","","",9000,1,"","",61,1,6,1,"","",2,1,"","","","","","","","","","","","","","","","","","","","","","","","","","","","","","","","","","","","","","","","","","","","","","","","","","","","","","","","","","","","","",""
"31069001","TOULOUSE-BLAGNAC",43.621,1.378833,151,1968050609,"","","","",6.,1,260,1,"","","","","","","","","","","","","","","","","","","","","","","","","","","","",7.8,1,5.9,1,"","","","","","","","","","","","","","","","","","","","","","","","","","",89,1,"","","","","","","","","","","","",9.4,1,1013.2,1,994.8,1,"","","",1,8,1,7,1,7,1,"","","","","","","","","","","","","","","","","","","","","","","","","","","","",10000,1,"","",61,1,6,1,"","","","","","","","","","","","","","","","","","","","","","","","","","","","","","","","","","","","","","","","","","","","","","","","","","","","","","","","","","","","","","","","","",""
"31069001","TOULOUSE-BLAGNAC",43.621,1.378833,151,1968050612,"","","","",8.,1,260,1,"","","","","","","","","","","","","","","","","","","","","","","","","","","","",8.3,1,6.1,1,"","","","","","","","","","","","","","","","","","","","","","","","","","",87,1,"","","","","","","","","","","","",9.5,1,1015.7,1,997.2,1,"","","",1,8,1,5,1,2,1,2,1,"","","","","","","","","","","","","","","","","","","","","","","","","","",20000,1,"","",61,1,6,1,"","","","","","","","","","","","","","","","","","","","","","","","","","","","","","","","","","","","","","","","","","","","","","","","","","","","","","","","","","","","","","","","","",""
"31069001","TOULOUSE-BLAGNAC",43.621,1.378833,151,1968050615,"","","","",10.,1,260,1,"","","","","","","","","","","","","","","","","","","","","","","","","","","","",11.1,1,4.5,1,"","","","","","","","","","","","","","","","","","","","","","","","","","",65,1,"","","","","","","","","","","","",8.5,1,1016.3,1,998.,1,"","","",1,7,1,6,1,3,1,"","","","","","","","","","","","","","","","","","","","","","","","","","","","",20000,1,"","",3,1,6,1,"","","","","","","","","","","","","","","","","","","","","","","","","","","","","","","","","","","","","","","","","","","","","","","","","","","","","","","","","","","","","","","","","",""
"31069001","TOULOUSE-BLAGNAC",43.621,1.378833,151,1968050618,"","","","",8.,1,240,1,"","","","","","","","","","","","","","","","","","","","","","","","","","","","",9.3,1,6.4,1,"","","","","","","","","","","","","","","","","","","","","","","","","","",83,1,"","","","","","","","","","","","",9.7,1,1018.,1,999.6,1,"","","",1,7,1,5,1,3,1,"","","","","","","","","","","","","","","","","","","","","","","","","","","","",15000,1,"","",25,1,6,1,"","","","","","","","","","","","","","","","","","","","","","","","","","","","","","","","","","","","","","","","","","","","","","","","","","","","","","","","","","","","","","","","","",""
"31069001","TOULOUSE-BLAGNAC",43.621,1.378833,151,1968050621,"","","","",4.,1,220,1,"","","","","","","","","","","","","","","","","","","","","","","","","","","","",6.1,1,5.1,1,"","","","","","","","","","","","","","","","","","","","","","","","","","",94,1,"","","","","","","","","","","","",8.9,1,1020.6,1,1001.9,1,"","","",1,6,1,0,1,8,1,4,1,0,1,"","","","","","","","","","","","","","","","","","","","","","","","",20000,1,"","",1,1,8,1,"","","","","","","","","","","","","","","","","","","","","","","","","","","","","","","","","","","","","","","","","","","","","","","","","","","","","","","","","","","","","","","","","",""
"31069001","TOULOUSE-BLAGNAC",43.621,1.378833,151,1968050700,"","","","",5.,1,240,1,"","","","","","","","","","","","","","","","","","","","","","","","","","","","",6.6,1,4.2,1,"","","","","","","","","","","","","","","","","","","","","","","","","","",85,1,"","","","","","","","","","","","",8.3,1,1021.5,1,1002.8,1,"","","",1,5,1,0,1,8,1,0,1,0,1,"","","","","","","","","","","","","","","","","","","","","","","","",20000,1,"","",3,1,8,1,"","","","","","","","","","","","","","","","","","","","","","","","","","","","","","","","","","","","","","","","","","","","","","","","","","","","","","","","","","","","","","","","","",""
"31069001","TOULOUSE-BLAGNAC",43.621,1.378833,151,1968050703,"","","","",7.,1,260,1,"","","","","","","","","","","","","","","","","","","","","","","","","","","","",6.,1,4.,1,"","","","","","","","","","","","","","","","","","","","","","","","","","",88,1,"","","","","","","","","","","","",8.2,1,1021.5,1,1002.8,1,"","","",1,2,1,0,1,8,1,0,1,0,1,"","","","","","","","","","","","","","","","","","","","","","","","",20000,1,"","",1,1,1,1,"","","","","","","","","","","","","","","","","","","","","","","","","","","","","","","","","","","","","","","","","","","","","","","","","","","","","","","","","","","","","","","","","",""
"31069001","TOULOUSE-BLAGNAC",43.621,1.378833,151,1968050706,"","","","",6.,1,260,1,"","","","","","","","","","","","","","","","","","","","","","","","","","","","",6.4,1,3.8,1,"","","","","","","","","","","","","","","","","","","","","","","","","","",85,1,"","","","","","","","","","","","",8.1,1,1021.7,1,1003.,1,"","","",1,4,1,0,1,8,1,3,1,0,1,"","","","","","","","","","","","","","","","","","","","","","","","",40000,1,"","",3,1,1,1,"","",2,1,"","","","","","","","","","","","","","","","","","","","","","","","","","","","","","","","","","","","","","","","","","","","","","","","","","","","","","","","","","","","","",""
"31069001","TOULOUSE-BLAGNAC",43.621,1.378833,151,1968050709,"","","","",8.,1,280,1,"","","","","","","","","","","","","","","","","","","","","","","","","","","","",9.3,1,4.8,1,"","","","","","","","","","","","","","","","","","","","","","","","","","",73,1,"","","","","","","","","","","","",8.7,1,1022.1,1,1003.6,1,"","","",1,6,1,6,1,8,1,0,1,0,1,"","","","","","","","","","","","","","","","","","","","","","","","",30000,1,"","",1,1,8,1,"","","","","","","","","","","","","","","","","","","","","","","","","","","","","","","","","","","","","","","","","","","","","","","","","","","","","","","","","","","","","","","","","",""
"31069001","TOULOUSE-BLAGNAC",43.621,1.378833,151,1968050712,"","","","",9.,1,260,1,"","","","","","","","","","","","","","","","","","","","","","","","","","","","",9.6,1,5.1,1,"","","","","","","","","","","","","","","","","","","","","","","","","","",74,1,"","","","","","","","","","","","",8.9,1,1021.8,1,1003.3,1,"","","",1,5,1,0,1,8,1,4,1,0,1,"","","","","","","","","","","","","","","","","","","","","","","","",30000,1,"","",25,1,8,1,"","","","","","","","","","","","","","","","","","","","","","","","","","","","","","","","","","","","","","","","","","","","","","","","","","","","","","","","","","","","","","","","","",""
"31069001","TOULOUSE-BLAGNAC",43.621,1.378833,151,1968050715,"","","","",9.,1,320,1,"","","","","","","","","","","","","","","","","","","","","","","","","","","","",11.9,1,5.6,1,"","","","","","","","","","","","","","","","","","","","","","","","","","",66,1,"","","","","","","","","","","","",9.2,1,1021.6,1,1003.3,1,"","","",1,7,1,7,1,2,1,"","","","","","","","","","","","","","","","","","","","","","","","","","","","",30000,1,"","",25,1,8,1,"","","","","","","","","","","","","","","","","","","","","","","","","","","","","","","","","","","","","","","","","","","","","","","","","","","","","","","","","","","","","","","","","",""
"31069001","TOULOUSE-BLAGNAC",43.621,1.378833,151,1968050718,"","","","",5.,1,280,1,"","","","","","","","","","","","","","","","","","","","","","","","","","","","",11.7,1,3.8,1,"","","","","","","","","","","","","","","","","","","","","","","","","","",59,1,"","","","","","","","","","","","",8.1,1,1020.3,1,1002.,1,"","","",1,1,1,0,1,8,1,0,1,0,1,"","","","","","","","","","","","","","","","","","","","","","","","",50000,1,"","",1,1,8,1,"","","","","","","","","","","","","","","","","","","","","","","","","","","","","","","","","","","","","","","","","","","","","","","","","","","","","","","","","","","","","","","","","",""
"31069001","TOULOUSE-BLAGNAC",43.621,1.378833,151,1968050721,"","","","",2.,1,200,1,"","","","","","","","","","","","","","","","","","","","","","","","","","","","",6.6,1,4.2,1,"","","","","","","","","","","","","","","","","","","","","","","","","","",85,1,"","","","","","","","","","","","",8.3,1,1020.3,1,1001.6,1,"","","",1,4,1,0,1,0,1,0,1,2,1,"","","","","","","","","","","","","","","","","","","","","","","","",20000,1,"","",3,1,0,1,"","","","","","","","","","","","","","","","","","","","","","","","","","","","","","","","","","","","","","","","","","","","","","","","","","","","","","","","","","","","","","","","","",""
"31069001","TOULOUSE-BLAGNAC",43.621,1.378833,151,1968050800,"","","","",2.,1,120,1,"","","","","","","","","","","","","","","","","","","","","","","","","","","","",6.4,1,3.5,1,"","","","","","","","","","","","","","","","","","","","","","","","","","",82,1,"","","","","","","","","","","","",7.9,1,1016.9,1,998.3,1,"","","",1,5,1,5,1,6,1,0,1,2,1,"","","","","","","","","","","","","","","","","","","","","","","","",20000,1,"","",3,1,1,1,"","","","","","","","","","","","","","","","","","","","","","","","","","","","","","","","","","","","","","","","","","","","","","","","","","","","","","","","","","","","","","","","","",""
"31069001","TOULOUSE-BLAGNAC",43.621,1.378833,151,1968050803,"","","","",4.,1,120,1,"","","","","","","","","","","","","","","","","","","","","","","","","","","","",6.,1,3.3,1,"","","","","","","","","","","","","","","","","","","","","","","","","","",83,1,"","","","","","","","","","","","",7.8,1,1013.1,1,994.5,1,"","","",1,5,1,5,1,0,1,0,1,6,1,"","","","","","","","","","","","","","","","","","","","","","","","",20000,1,"","",2,1,2,1,"","","","","","","","","","","","","","","","","","","","","","","","","","","","","","","","","","","","","","","","","","","","","","","","","","","","","","","","","","","","","","","","","",""
"31069001","TOULOUSE-BLAGNAC",43.621,1.378833,151,1968050806,"","","","",6.,1,140,1,"","","","","","","","","","","","","","","","","","","","","","","","","","","","",8.8,1,4.2,1,"","","","","","","","","","","","","","","","","","","","","","","","","","",73,1,"","","","","","","","","","","","",8.3,1,1009.7,1,991.4,1,"","","",1,7,1,7,1,0,1,4,1,2,1,"","","","","","","","","","","","","","","","","","","","","","","","",30000,1,"","",1,1,2,1,"","",1,1,"","","","","","","","","","","","","","","","","","","","","","","","","","","","","","","","","","","","","","","","","","","","","","","","","","","","","","","","","","","","","",""
"31069001","TOULOUSE-BLAGNAC",43.621,1.378833,151,1968050809,"","","","",9.,1,140,1,"","","","","","","","","","","","","","","","","","","","","","","","","","","","",12.6,1,6.1,1,"","","","","","","","","","","","","","","","","","","","","","","","","","",66,1,"","","","","","","","","","","","",9.5,1,1007.9,1,989.9,1,"","","",1,7,1,7,1,0,1,0,1,2,1,"","","","","","","","","","","","","","","","","","","","","","","","",40000,1,"","",2,1,2,1,"","","","","","","","","","","","","","","","","","","","","","","","","","","","","","","","","","","","","","","","","","","","","","","","","","","","","","","","","","","","","","","","","",""
"31069001","TOULOUSE-BLAGNAC",43.621,1.378833,151,1968050812,"","","","",6.,1,140,1,"","","","","","","","","","","","","","","","","","","","","","","","","","","","",15.4,1,7.7,1,"","","","","","","","","","","","","","","","","","","","","","","","","","",61,1,"","","","","","","","","","","","",10.7,1,1005.9,1,988.1,1,"","","",1,7,1,7,1,2,1,4,1,2,1,"","","","","","","","","","","","","","","","","","","","","","","","",40000,1,"","",3,1,2,1,"","","","","","","","","","","","","","","","","","","","","","","","","","","","","","","","","","","","","","","","","","","","","","","","","","","","","","","","","","","","","","","","","",""
"31069001","TOULOUSE-BLAGNAC",43.621,1.378833,151,1968050815,"","","","",5.,1,340,1,"","","","","","","","","","","","","","","","","","","","","","","","","","","","",17.1,1,8.1,1,"","","","","","","","","","","","","","","","","","","","","","","","","","",57,1,"","","","","","","","","","","","",11.,1,1004.5,1,986.8,1,"","","",1,7,1,5,1,3,1,6,1,2,1,"","","","","","","","","","","","","","","","","","","","","","","","",40000,1,"","",3,1,2,1,"","","","","","","","","","","","","","","","","","","","","","","","","","","","","","","","","","","","","","","","","","","","","","","","","","","","","","","","","","","","","","","","","",""
"31069001","TOULOUSE-BLAGNAC",43.621,1.378833,151,1968050818,"","","","",5.,1,360,1,"","","","","","","","","","","","","","","","","","","","","","","","","","","","",12.3,1,7.3,1,"","","","","","","","","","","","","","","","","","","","","","","","","","",73,1,"","","","","","","","","","","","",10.4,1,1006.6,1,988.6,1,"","","",1,8,1,7,1,8,1,2,1,"","","","","","","","","","","","","","","","","","","","","","","","","","",20000,1,"","",3,1,2,1,"","","","","","","","","","","","","","","","","","","","","","","","","","","","","","","","","","","","","","","","","","","","","","","","","","","","","","","","","","","","","","","","","",""
"31069001","TOULOUSE-BLAGNAC",43.621,1.378833,151,1968050821,"","","","",0.,1,0,1,"","","","","","","","","","","","","","","","","","","","","","","","","","","","",10.6,1,7.7,1,"","","","","","","","","","","","","","","","","","","","","","","","","","",84,1,"","","","","","","","","","","","",10.7,1,1007.8,1,989.6,1,"","","",1,7,1,5,1,5,1,3,1,"","","","","","","","","","","","","","","","","","","","","","","","","","",15000,1,"","",1,1,6,1,"","","","","","","","","","","","","","","","","","","","","","","","","","","","","","","","","","","","","","","","","","","","","","","","","","","","","","","","","","","","","","","","","",""
"31069001","TOULOUSE-BLAGNAC",43.621,1.378833,151,1968050900,"","","","",0.,1,0,1,"","","","","","","","","","","","","","","","","","","","","","","","","","","","",8.9,1,7.6,1,"","","","","","","","","","","","","","","","","","","","","","","","","","",93,1,"","","","","","","","","","","","",10.6,1,1007.9,1,989.6,1,"","","",1,"","",7,1,0,1,4,1,"","","","","","","","","","","","","","","","","","","","","","","","","","",15000,1,"","",3,1,6,1,"","","","","","","","","","","","","","","","","","","","","","","","","","","","","","","","","","","","","","","","","","","","","","","","","","","","","","","","","","","","","","","","","",""
"31069001","TOULOUSE-BLAGNAC",43.621,1.378833,151,1968050903,"","","","",0.,1,0,1,"","","","","","","","","","","","","","","","","","","","","","","","","","","","",8.7,1,7.7,1,"","","","","","","","","","","","","","","","","","","","","","","","","","",94,1,"","","","","","","","","","","","",10.7,1,1007.9,1,989.6,1,"","","",1,8,1,8,1,6,1,7,1,"","","","","","","","","","","","","","","","","","","","","","","","","","",10000,1,"","",2,1,2,1,"","","","","","","","","","","","","","","","","","","","","","","","","","","","","","","","","","","","","","","","","","","","","","","","","","","","","","","","","","","","","","","","","",""
"31069001","TOULOUSE-BLAGNAC",43.621,1.378833,151,1968050906,"","","","",1.,1,340,1,"","","","","","","","","","","","","","","","","","","","","","","","","","","","",8.9,1,7.6,1,"","","","","","","","","","","","","","","","","","","","","","","","","","",93,1,"","","","","","","","","","","","",10.6,1,1010.,1,991.7,1,"","","",1,8,1,7,1,8,1,7,1,2,1,"","","","","","","","","","","","","","","","","","","","","","","","",10000,1,"","",21,1,8,1,"","",2,1,"","","","","","","","","","","","","","","","","","","","","","","","","","","","","","","","","","","","","","","","","","","","","","","","","","","","","","","","","","","","","",""
"31069001","TOULOUSE-BLAGNAC",43.621,1.378833,151,1968050909,"","","","",2.,1,340,1,"","","","","","","","","","","","","","","","","","","","","","","","","","","","",11.,1,8.9,1,"","","","","","","","","","","","","","","","","","","","","","","","","","",89,1,"","","","","","","","","","","","",11.6,1,1011.5,1,993.3,1,"","","",1,7,1,7,1,8,1,"","","","","","","","","","","","","","","","","","","","","","","","","","","","",10000,1,"","",1,1,2,1,"","","","","","","","","","","","","","","","","","","","","","","","","","","","","","","","","","","","","","","","","","","","","","","","","","","","","","","","","","","","","","","","","",""
"31069001","TOULOUSE-BLAGNAC",43.621,1.378833,151,1968050912,"","","","",3.,1,40,1,"","","","","","","","","","","","","","","","","","","","","","","","","","","","",13.2,1,9.9,1,"","","","","","","","","","","","","","","","","","","","","","","","","","",81,1,"","","","","","","","","","","","",12.4,1,1012.3,1,994.2,1,"","","",1,7,1,7,1,3,1,"","","","","","","","","","","","","","","","","","","","","","","","","","","","",15000,1,"","",2,1,2,1,"","","","","","","","","","","","","","","","","","","","","","","","","","","","","","","","","","","","","","","","","","","","","","","","","","","","","","","","","","","","","","","","","",""
"31069001","TOULOUSE-BLAGNAC",43.621,1.378833,151,1968050915,"","","","",3.,1,280,1,"","","","","","","","","","","","","","","","","","","","","","","","","","","","",13.5,1,10.8,1,"","","","","","","","","","","","","","","","","","","","","","","","","","",85,1,"","","","","","","","","","","","",13.2,1,1013.2,1,995.1,1,"","","",1,7,1,7,1,5,1,"","","","","","","","","","","","","","","","","","","","","","","","","","","","",8000,1,"","",21,1,8,1,"","","","","","","","","","","","","","","","","","","","","","","","","","","","","","","","","","","","","","","","","","","","","","","","","","","","","","","","","","","","","","","","","",""
"31069001","TOULOUSE-BLAGNAC",43.621,1.378833,151,1968050918,"","","","",0.,1,0,1,"","","","","","","","","","","","","","","","","","","","","","","","","","","","",13.,1,10.3,1,"","","","","","","","","","","","","","","","","","","","","","","","","","",85,1,"","","","","","","","","","","","",12.8,1,1014.5,1,996.4,1,"","","",1,8,1,8,1,5,1,"","","","","","","","","","","","","","","","","","","","","","","","","","","","",15000,1,"","",2,1,8,1,"","","","","","","","","","","","","","","","","","","","","","","","","","","","","","","","","","","","","","","","","","","","","","","","","","","","","","","","","","","","","","","","","",""
"31069001","TOULOUSE-BLAGNAC",43.621,1.378833,151,1968050921,"","","","",1.,1,260,1,"","","","","","","","","","","","","","","","","","","","","","","","","","","","",12.5,1,11.1,1,"","","","","","","","","","","","","","","","","","","","","","","","","","",93,1,"","","","","","","","","","","","",13.5,1,1017.,1,998.8,1,"","","",1,8,1,8,1,5,1,"","","","","","","","","","","","","","","","","","","","","","","","","","","","",10000,1,"","",60,1,2,1,"","","","","","","","","","","","","","","","","","","","","","","","","","","","","","","","","","","","","","","","","","","","","","","","","","","","","","","","","","","","","","","","","",""
"31069001","TOULOUSE-BLAGNAC",43.621,1.378833,151,1968051000,"","","","",0.,1,0,1,"","","","","","","","","","","","","","","","","","","","","","","","","","","","",11.3,1,10.4,1,"","","","","","","","","","","","","","","","","","","","","","","","","","",96,1,"","","","","","","","","","","","",12.9,1,1018.1,1,999.8,1,"","","",1,8,1,5,1,5,1,"","","","","","","","","","","","","","","","","","","","","","","","","","","","",5000,1,"","",61,1,6,1,"","","","","","","","","","","","","","","","","","","","","","","","","","","","","","","","","","","","","","","","","","","","","","","","","","","","","","","","","","","","","","","","","",""
"31069001","TOULOUSE-BLAGNAC",43.621,1.378833,151,1968051003,"","","","",3.,1,260,1,"","","","","","","","","","","","","","","","","","","","","","","","","","","","",10.6,1,9.5,1,"","","","","","","","","","","","","","","","","","","","","","","","","","",95,1,"","","","","","","","","","","","",12.1,1,1018.1,1,999.8,1,"","","",1,8,1,8,1,5,1,"","","","","","","","","","","","","","","","","","","","","","","","","","","","",12000,1,"","",1,1,6,1,"","","","","","","","","","","","","","","","","","","","","","","","","","","","","","","","","","","","","","","","","","","","","","","","","","","","","","","","","","","","","","","","","",""
"31069001","TOULOUSE-BLAGNAC",43.621,1.378833,151,1968051006,"","","","",2.,1,280,1,"","","","","","","","","","","","","","","","","","","","","","","","","","","","",10.,1,8.8,1,"","","","","","","","","","","","","","","","","","","","","","","","","","",94,1,"","","","","","","","","","","","",11.5,1,1019.1,1,1000.7,1,"","","",1,7,1,7,1,5,1,"","","","","","","","","","","","","","","","","","","","","","","","","","","","",20000,1,"","",1,1,6,1,"","",2,1,"","","","","","","","","","","","","","","","","","","","","","","","","","","","","","","","","","","","","","","","","","","","","","","","","","","","","","","","","","","","","",""
"31069001","TOULOUSE-BLAGNAC",43.621,1.378833,151,1968051009,"","","","",3.,1,320,1,"","","","","","","","","","","","","","","","","","","","","","","","","","","","",12.2,1,8.,1,"","","","","","","","","","","","","","","","","","","","","","","","","","",76,1,"","","","","","","","","","","","",10.9,1,1019.8,1,1001.5,1,"","","",1,7,1,6,1,8,1,"","","","","","","","","","","","","","","","","","","","","","","","","","","","",20000,1,"","",1,1,2,1,"","","","","","","","","","","","","","","","","","","","","","","","","","","","","","","","","","","","","","","","","","","","","","","","","","","","","","","","","","","","","","","","","",""
"31069001","TOULOUSE-BLAGNAC",43.621,1.378833,151,1968051012,"","","","",2.,1,360,1,"","","","","","","","","","","","","","","","","","","","","","","","","","","","",14.,1,8.3,1,"","","","","","","","","","","","","","","","","","","","","","","","","","",69,1,"","","","","","","","","","","","",11.1,1,1019.7,1,1001.5,1,"","","",1,7,1,6,1,8,1,0,1,0,1,"","","","","","","","","","","","","","","","","","","","","","","","",20000,1,"","",3,1,2,1,"","","","","","","","","","","","","","","","","","","","","","","","","","","","","","","","","","","","","","","","","","","","","","","","","","","","","","","","","","","","","","","","","",""
"31069001","TOULOUSE-BLAGNAC",43.621,1.378833,151,1968051015,"","","","",3.,1,300,1,"","","","","","","","","","","","","","","","","","","","","","","","","","","","",15.4,1,9.2,1,"","","","","","","","","","","","","","","","","","","","","","","","","","",68,1,"","","","","","","","","","","","",11.8,1,1018.5,1,1000.5,1,"","","",1,7,1,7,1,8,1,"","","","","","","","","","","","","","","","","","","","","","","","","","","","",20000,1,"","",1,1,2,1,"","","","","","","","","","","","","","","","","","","","","","","","","","","","","","","","","","","","","","","","","","","","","","","","","","","","","","","","","","","","","","","","","",""
"31069001","TOULOUSE-BLAGNAC",43.621,1.378833,151,1968051018,"","","","",2.,1,320,1,"","","","","","","","","","","","","","","","","","","","","","","","","","","","",15.3,1,6.9,1,"","","","","","","","","","","","","","","","","","","","","","","","","","",58,1,"","","","","","","","","","","","",10.1,1,1017.5,1,999.5,1,"","","",1,3,1,0,1,5,1,0,1,2,1,"","","","","","","","","","","","","","","","","","","","","","","","",20000,1,"","",1,1,1,1,"","","","","","","","","","","","","","","","","","","","","","","","","","","","","","","","","","","","","","","","","","","","","","","","","","","","","","","","","","","","","","","","","",""
"31069001","TOULOUSE-BLAGNAC",43.621,1.378833,151,1968051021,"","","","",1.,1,240,1,"","","","","","","","","","","","","","","","","","","","","","","","","","","","",11.4,1,8.9,1,"","","","","","","","","","","","","","","","","","","","","","","","","","",86,1,"","","","","","","","","","","","",11.6,1,1018.,1,999.7,1,"","","",1,3,1,0,1,0,1,0,1,2,1,"","","","","","","","","","","","","","","","","","","","","","","","",20000,1,"","",1,1,1,1,"","","","","","","","","","","","","","","","","","","","","","","","","","","","","","","","","","","","","","","","","","","","","","","","","","","","","","","","","","","","","","","","","",""
"31069001","TOULOUSE-BLAGNAC",43.621,1.378833,151,1968051100,"","","","",2.,1,200,1,"","","","","","","","","","","","","","","","","","","","","","","","","","","","",9.3,1,7.9,1,"","","","","","","","","","","","","","","","","","","","","","","","","","",92,1,"","","","","","","","","","","","",10.8,1,1017.1,1,998.7,1,"","","",1,7,1,7,1,0,1,0,1,2,1,"","","","","","","","","","","","","","","","","","","","","","","","",20000,1,"","",2,1,1,1,"","","","","","","","","","","","","","","","","","","","","","","","","","","","","","","","","","","","","","","","","","","","","","","","","","","","","","","","","","","","","","","","","",""
"31069001","TOULOUSE-BLAGNAC",43.621,1.378833,151,1968051103,"","","","",0.,1,0,1,"","","","","","","","","","","","","","","","","","","","","","","","","","","","",9.,1,8.1,1,"","","","","","","","","","","","","","","","","","","","","","","","","","",96,1,"","","","","","","","","","","","",11.,1,1015.6,1,997.2,1,"","","",1,7,1,7,1,0,1,0,1,2,1,"","","","","","","","","","","","","","","","","","","","","","","","",15000,1,"","",1,1,2,1,"","","","","","","","","","","","","","","","","","","","","","","","","","","","","","","","","","","","","","","","","","","","","","","","","","","","","","","","","","","","","","","","","",""
"31069001","TOULOUSE-BLAGNAC",43.621,1.378833,151,1968051106,"","","","",0.,1,0,1,"","","","","","","","","","","","","","","","","","","","","","","","","","","","",8.9,1,8.,1,"","","","","","","","","","","","","","","","","","","","","","","","","","",96,1,"","","","","","","","","","","","",10.9,1,1015.1,1,996.7,1,"","","",1,4,1,0,1,0,1,3,1,0,1,"","","","","","","","","","","","","","","","","","","","","","","","",10000,1,"","",2,1,1,1,"","",0,1,"","","","","","","","","","","","","","","","","","","","","","","","","","","","","","","","","","","","","","","","","","","","","","","","","","","","","","","","","","","","","",""
"31069001","TOULOUSE-BLAGNAC",43.621,1.378833,151,1968051109,"","","","",1.,1,280,1,"","","","","","","","","","","","","","","","","","","","","","","","","","","","",14.6,1,9.3,1,"","","","","","","","","","","","","","","","","","","","","","","","","","",72,1,"","","","","","","","","","","","",11.9,1,1014.4,1,996.4,1,"","","",1,5,1,0,1,2,1,8,1,2,1,"","","","","","","","","","","","","","","","","","","","","","","","",15000,1,"","",3,1,1,1,"","","","","","","","","","","","","","","","","","","","","","","","","","","","","","","","","","","","","","","","","","","","","","","","","","","","","","","","","","","","","","","","","",""
"31069001","TOULOUSE-BLAGNAC",43.621,1.378833,151,1968051112,"","","","",5.,1,320,1,"","","","","","","","","","","","","","","","","","","","","","","","","","","","",14.,1,9.2,1,"","","","","","","","","","","","","","","","","","","","","","","","","","",74,1,"","","","","","","","","","","","",11.8,1,1014.5,1,996.4,1,"","","",1,8,1,6,1,8,1,"","","","","","","","","","","","","","","","","","","","","","","","","","","","",15000,1,"","",3,1,1,1,"","","","","","","","","","","","","","","","","","","","","","","","","","","","","","","","","","","","","","","","","","","","","","","","","","","","","","","","","","","","","","","","","",""
"31069001","TOULOUSE-BLAGNAC",43.621,1.378833,151,1968051115,"","","","",4.,1,280,1,"","","","","","","","","","","","","","","","","","","","","","","","","","","","",14.3,1,8.1,1,"","","","","","","","","","","","","","","","","","","","","","","","","","",67,1,"","","","","","","","","","","","",11.,1,1015.4,1,997.3,1,"","","",1,8,1,8,1,8,1,"","","","","","","","","","","","","","","","","","","","","","","","","","","","",15000,1,"","",1,1,2,1,"","","","","","","","","","","","","","","","","","","","","","","","","","","","","","","","","","","","","","","","","","","","","","","","","","","","","","","","","","","","","","","","","",""
"31069001","TOULOUSE-BLAGNAC",43.621,1.378833,151,1968051118,"","","","",4.,1,260,1,"","","","","","","","","","","","","","","","","","","","","","","","","","","","",13.,1,8.4,1,"","","","","","","","","","","","","","","","","","","","","","","","","","",75,1,"","","","","","","","","","","","",11.2,1,1015.3,1,997.2,1,"","","",1,7,1,7,1,4,1,5,1,"","","","","","","","","","","","","","","","","","","","","","","","","","",15000,1,"","",3,1,2,1,"","","","","","","","","","","","","","","","","","","","","","","","","","","","","","","","","","","","","","","","","","","","","","","","","","","","","","","","","","","","","","","","","",""
"31069001","TOULOUSE-BLAGNAC",43.621,1.378833,151,1968051121,"","","","",5.,1,280,1,"","","","","","","","","","","","","","","","","","","","","","","","","","","","",11.7,1,9.3,1,"","","","","","","","","","","","","","","","","","","","","","","","","","",87,1,"","","","","","","","","","","","",11.9,1,1017.,1,998.8,1,"","","",1,7,1,7,1,8,1,"","","","","","","","","","","","","","","","","","","","","","","","","","","","",10000,1,"","",1,1,8,1,"","","","","","","","","","","","","","","","","","","","","","","","","","","","","","","","","","","","","","","","","","","","","","","","","","","","","","","","","","","","","","","","","",""
"31069001","TOULOUSE-BLAGNAC",43.621,1.378833,151,1968051200,"","","","",6.,1,320,1,"","","","","","","","","","","","","","","","","","","","","","","","","","","","",9.8,1,8.4,1,"","","","","","","","","","","","","","","","","","","","","","","","","","",92,1,"","","","","","","","","","","","",11.2,1,1018.3,1,999.9,1,"","","",1,8,1,7,1,5,1,"","","","","","","","","","","","","","","","","","","","","","","","","","","","",10000,1,"","",21,1,8,1,"","","","","","","","","","","","","","","","","","","","","","","","","","","","","","","","","","","","","","","","","","","","","","","","","","","","","","","","","","","","","","","","","",""
"31069001","TOULOUSE-BLAGNAC",43.621,1.378833,151,1968051203,"","","","",4.,1,280,1,"","","","","","","","","","","","","","","","","","","","","","","","","","","","",8.,1,7.1,1,"","","","","","","","","","","","","","","","","","","","","","","","","","",94,1,"","","","","","","","","","","","",10.2,1,1019.4,1,1000.9,1,"","","",1,7,1,6,1,5,1,"","","","","","","","","","","","","","","","","","","","","","","","","","","","",10000,1,"","",2,1,2,1,"","","","","","","","","","","","","","","","","","","","","","","","","","","","","","","","","","","","","","","","","","","","","","","","","","","","","","","","","","","","","","","","","",""
"31069001","TOULOUSE-BLAGNAC",43.621,1.378833,151,1968051206,"","","","",4.,1,260,1,"","","","","","","","","","","","","","","","","","","","","","","","","","","","",8.6,1,7.1,1,"","","","","","","","","","","","","","","","","","","","","","","","","","",92,1,"","","","","","","","","","","","",10.2,1,1020.7,1,1002.2,1,"","","",1,7,1,6,1,8,1,"","","","","","","","","","","","","","","","","","","","","","","","","","","","",10000,1,"","",80,1,2,1,"","",2,1,"","","","","","","","","","","","","","","","","","","","","","","","","","","","","","","","","","","","","","","","","","","","","","","","","","","","","","","","","","","","","",""
"31069001","TOULOUSE-BLAGNAC",43.621,1.378833,151,1968051209,"","","","",6.,1,280,1,"","","","","","","","","","","","","","","","","","","","","","","","","","","","",11.6,1,8.1,1,"","","","","","","","","","","","","","","","","","","","","","","","","","",81,1,"","","","","","","","","","","","",11.,1,1022.4,1,1004.,1,"","","",1,6,1,6,1,2,1,0,1,0,1,"","","","","","","","","","","","","","","","","","","","","","","","",20000,1,"","",1,1,8,1,"","","","","","","","","","","","","","","","","","","","","","","","","","","","","","","","","","","","","","","","","","","","","","","","","","","","","","","","","","","","","","","","","",""
"31069001","TOULOUSE-BLAGNAC",43.621,1.378833,151,1968051212,"","","","",7.,1,320,1,"","","","","","","","","","","","","","","","","","","","","","","","","","","","",12.8,1,6.9,1,"","","","","","","","","","","","","","","","","","","","","","","","","","",68,1,"","","","","","","","","","","","",10.1,1,1023.4,1,1005.1,1,"","","",1,5,1,5,1,8,1,0,1,0,1,"","","","","","","","","","","","","","","","","","","","","","","","",30000,1,"","",25,1,8,1,"","","","","","","","","","","","","","","","","","","","","","","","","","","","","","","","","","","","","","","","","","","","","","","","","","","","","","","","","","","","","","","","","",""
"31069001","TOULOUSE-BLAGNAC",43.621,1.378833,151,1968051215,"","","","",8.,1,320,1,"","","","","","","","","","","","","","","","","","","","","","","","","","","","",14.8,1,2.6,1,"","","","","","","","","","","","","","","","","","","","","","","","","","",44,1,"","","","","","","","","","","","",7.4,1,1024.2,1,1006.,1,"","","",1,5,1,0,1,8,1,0,1,0,1,"","","","","","","","","","","","","","","","","","","","","","","","",50000,1,"","",3,1,1,1,"","","","","","","","","","","","","","","","","","","","","","","","","","","","","","","","","","","","","","","","","","","","","","","","","","","","","","","","","","","","","","","","","",""
"31069001","TOULOUSE-BLAGNAC",43.621,1.378833,151,1968051218,"","","","",6.,1,320,1,"","","","","","","","","","","","","","","","","","","","","","","","","","","","",13.9,1,3.,1,"","","","","","","","","","","","","","","","","","","","","","","","","","",48,1,"","","","","","","","","","","","",7.6,1,1025.5,1,1007.2,1,"","","",1,4,1,0,1,4,1,0,1,0,1,"","","","","","","","","","","","","","","","","","","","","","","","",50000,1,"","",2,1,1,1,"","","","","","","","","","","","","","","","","","","","","","","","","","","","","","","","","","","","","","","","","","","","","","","","","","","","","","","","","","","","","","","","","",""
"31069001","TOULOUSE-BLAGNAC",43.621,1.378833,151,1968051221,"","","","",3.,1,280,1,"","","","","","","","","","","","","","","","","","","","","","","","","","","","",8.1,1,4.2,1,"","","","","","","","","","","","","","","","","","","","","","","","","","",76,1,"","","","","","","","","","","","",8.3,1,1028.,1,1009.3,1,"","","",1,1,1,0,1,4,1,0,1,0,1,"","","","","","","","","","","","","","","","","","","","","","","","",30000,1,"","",1,1,0,1,"","","","","","","","","","","","","","","","","","","","","","","","","","","","","","","","","","","","","","","","","","","","","","","","","","","","","","","","","","","","","","","","","",""
"31069001","TOULOUSE-BLAGNAC",43.621,1.378833,151,1968051300,"","","","",4.,1,300,1,"","","","","","","","","","","","","","","","","","","","","","","","","","","","",7.3,1,4.5,1,"","","","","","","","","","","","","","","","","","","","","","","","","","",83,1,"","","","","","","","","","","","",8.5,1,1028.7,1,1009.9,1,"","","",1,0,1,"","",0,1,0,1,0,1,"","","","","","","","","","","","","","","","","","","","","","","","",30000,1,"","",2,1,0,1,"","","","","","","","","","","","","","","","","","","","","","","","","","","","","","","","","","","","","","","","","","","","","","","","","","","","","","","","","","","","","","","","","",""
"31069001","TOULOUSE-BLAGNAC",43.621,1.378833,151,1968051303,"","","","",2.,1,260,1,"","","","","","","","","","","","","","","","","","","","","","","","","","","","",5.2,1,3.7,1,"","","","","","","","","","","","","","","","","","","","","","","","","","",91,1,"","","","","","","","","","","","",8.,1,1028.6,1,1009.7,1,"","","",1,2,1,0,1,4,1,0,1,0,1,"","","","","","","","","","","","","","","","","","","","","","","","",30000,1,"","",2,1,0,1,"","","","","","","","","","","","","","","","","","","","","","","","","","","","","","","","","","","","","","","","","","","","","","","","","","","","","","","","","","","","","","","","","",""
"31069001","TOULOUSE-BLAGNAC",43.621,1.378833,151,1968051306,"","","","",2.,1,200,1,"","","","","","","","","","","","","","","","","","","","","","","","","","","","",5.3,1,4.3,1,"","","","","","","","","","","","","","","","","","","","","","","","","","",94,1,"","","","","","","","","","","","",8.4,1,1028.8,1,1009.9,1,"","","",1,3,1,0,1,5,1,0,1,0,1,"","","","","","","","","","","","","","","","","","","","","","","","",20000,1,"","",2,1,0,1,"","",1,1,"","","","","","","","","","","","","","","","","","","","","","","","","","","","","","","","","","","","","","","","","","","","","","","","","","","","","","","","","","","","","",""
"31069001","TOULOUSE-BLAGNAC",43.621,1.378833,151,1968051309,"","","","",2.,1,280,1,"","","","","","","","","","","","","","","","","","","","","","","","","","","","",12.,1,5.6,1,"","","","","","","","","","","","","","","","","","","","","","","","","","",66,1,"","","","","","","","","","","","",9.2,1,1028.6,1,1010.1,1,"","","",1,"","","","","","","","","","","","","","","","","","","","","","","","","","","","","","","","","","","","","","","","","","","","","","","","","","","","","","","","","","","","","","","","","","","","","","","","","","","","","","","","","","","","","","","","","","","","","","","","","","","","","","","","","","","",""
"31069001","TOULOUSE-BLAGNAC",43.621,1.378833,151,1968051312,"","","","",4.,1,340,1,"","","","","","","","","","","","","","","","","","","","","","","","","","","","",15.5,1,3.5,1,"","","","","","","","","","","","","","","","","","","","","","","","","","",45,1,"","","","","","","","","","","","",7.9,1,1028.1,1,1009.9,1,"","","",1,"","","","","","","","","","","","","","","","","","","","","","","","","","","","","","","","","","","","","","","","","","","","","","","","","","","","","","","","","","","","","","","","","","","","","","","","","","","","","","","","","","","","","","","","","","","","","","","","","","","","","","","","","","","",""
"31069001","TOULOUSE-BLAGNAC",43.621,1.378833,151,1968051315,"","","","",4.,1,320,1,"","","","","","","","","","","","","","","","","","","","","","","","","","","","",17.3,1,3.5,1,"","","","","","","","","","","","","","","","","","","","","","","","","","",40,1,"","","","","","","","","","","","",7.9,1,1026.7,1,1008.6,1,"","","",1,"","","","","","","","","","","","","","","","","","","","","","","","","","","","","","","","","","","","","","","","","","","","","","","","","","","","","","","","","","","","","","","","","","","","","","","","","","","","","","","","","","","","","","","","","","","","","","","","","","","","","","","","","","","",""
"31069001","TOULOUSE-BLAGNAC",43.621,1.378833,151,1968051318,"","","","",4.,1,300,1,"","","","","","","","","","","","","","","","","","","","","","","","","","","","",16.9,1,5.3,1,"","","","","","","","","","","","","","","","","","","","","","","","","","",47,1,"","","","","","","","","","","","",9.,1,1025.9,1,1007.8,1,"","","",1,"","","","","","","","","","","","","","","","","","","","","","","","","","","","","","","","","","","","","","","","","","","","","","","","","","","","","","","","","","","","","","","","","","","","","","","","","","","","","","","","","","","","","","","","","","","","","","","","","","","","","","","","","","","",""
"31069001","TOULOUSE-BLAGNAC",43.621,1.378833,151,1968051321,"","","","",3.,1,260,1,"","","","","","","","","","","","","","","","","","","","","","","","","","","","",10.6,1,6.4,1,"","","","","","","","","","","","","","","","","","","","","","","","","","",76,1,"","","","","","","","","","","","",9.7,1,1026.9,1,1008.4,1,"","","",1,0,1,"","",0,1,0,1,0,1,"","","","","","","","","","","","","","","","","","","","","","","","",20000,1,"","",2,1,0,1,"","","","","","","","","","","","","","","","","","","","","","","","","","","","","","","","","","","","","","","","","","","","","","","","","","","","","","","","","","","","","","","","","",""
"31069001","TOULOUSE-BLAGNAC",43.621,1.378833,151,1968051400,"","","","",2.,1,280,1,"","","","","","","","","","","","","","","","","","","","","","","","","","","","",9.4,1,5.3,1,"","","","","","","","","","","","","","","","","","","","","","","","","","",77,1,"","","","","","","","","","","","",9.,1,1027.4,1,1008.8,1,"","","",1,0,1,"","",0,1,0,1,0,1,"","","","","","","","","","","","","","","","","","","","","","","","",20000,1,"","",2,1,0,1,"","","","","","","","","","","","","","","","","","","","","","","","","","","","","","","","","","","","","","","","","","","","","","","","","","","","","","","","","","","","","","","","","",""
"31069001","TOULOUSE-BLAGNAC",43.621,1.378833,151,1968051403,"","","","",2.,1,200,1,"","","","","","","","","","","","","","","","","","","","","","","","","","","","",5.2,1,4.2,1,"","","","","","","","","","","","","","","","","","","","","","","","","","",94,1,"","","","","","","","","","","","",8.3,1,1026.9,1,1008.,1,"","","",1,0,1,"","",0,1,0,1,0,1,"","","","","","","","","","","","","","","","","","","","","","","","",20000,1,"","",2,1,0,1,"","","","","","","","","","","","","","","","","","","","","","","","","","","","","","","","","","","","","","","","","","","","","","","","","","","","","","","","","","","","","","","","","",""
"31069001","TOULOUSE-BLAGNAC",43.621,1.378833,151,1968051406,"","","","",2.,1,200,1,"","","","","","","","","","","","","","","","","","","","","","","","","","","","",5.9,1,5.1,1,"","","","","","","","","","","","","","","","","","","","","","","","","","",95,1,"","","","","","","","","","","","",8.9,1,1027.1,1,1008.3,1,"","","",1,0,1,"","",0,1,0,1,0,1,"","","","","","","","","","","","","","","","","","","","","","","","",20000,1,"","",2,1,0,1,"","",0,1,"","","","","","","","","","","","","","","","","","","","","","","","","","","","","","","","","","","","","","","","","","","","","","","","","","","","","","","","","","","","","",""
"31069001","TOULOUSE-BLAGNAC",43.621,1.378833,151,1968051409,"","","","",1.,1,300,1,"","","","","","","","","","","","","","","","","","","","","","","","","","","","",14.8,1,6.9,1,"","","","","","","","","","","","","","","","","","","","","","","","","","",60,1,"","","","","","","","","","","","",10.1,1,1026.7,1,1008.5,1,"","","",1,0,1,"","",0,1,0,1,0,1,"","","","","","","","","","","","","","","","","","","","","","","","",30000,1,"","",2,1,0,1,"","","","","","","","","","","","","","","","","","","","","","","","","","","","","","","","","","","","","","","","","","","","","","","","","","","","","","","","","","","","","","","","","",""
"31069001","TOULOUSE-BLAGNAC",43.621,1.378833,151,1968051412,"","","","",5.,1,320,1,"","","","","","","","","","","","","","","","","","","","","","","","","","","","",19.1,1,5.9,1,"","","","","","","","","","","","","","","","","","","","","","","","","","",43,1,"","","","","","","","","","","","",9.4,1,1025.5,1,1007.5,1,"","","",1,1,1,0,1,0,1,0,1,1,1,"","","","","","","","","","","","","","","","","","","","","","","","",60000,1,"","",2,1,0,1,"","","","","","","","","","","","","","","","","","","","","","","","","","","","","","","","","","","","","","","","","","","","","","","","","","","","","","","","","","","","","","","","","",""
"31069001","TOULOUSE-BLAGNAC",43.621,1.378833,151,1968051415,"","","","",4.,1,340,1,"","","","","","","","","","","","","","","","","","","","","","","","","","","","",21.1,1,8.,1,"","","","","","","","","","","","","","","","","","","","","","","","","","",43,1,"","","","","","","","","","","","",10.9,1,1023.9,1,1006.1,1,"","","",1,0,1,"","",0,1,0,1,0,1,"","","","","","","","","","","","","","","","","","","","","","","","",50000,1,"","",1,1,0,1,"","","","","","","","","","","","","","","","","","","","","","","","","","","","","","","","","","","","","","","","","","","","","","","","","","","","","","","","","","","","","","","","","",""
"31069001","TOULOUSE-BLAGNAC",43.621,1.378833,151,1968051418,"","","","",3.,1,300,1,"","","","","","","","","","","","","","","","","","","","","","","","","","","","",20.9,1,8.9,1,"","","","","","","","","","","","","","","","","","","","","","","","","","",47,1,"","","","","","","","","","","","",11.6,1,1023.1,1,1005.3,1,"","","",1,0,1,"","",0,1,0,1,0,1,"","","","","","","","","","","","","","","","","","","","","","","","",50000,1,"","",2,1,0,1,"","","","","","","","","","","","","","","","","","","","","","","","","","","","","","","","","","","","","","","","","","","","","","","","","","","","","","","","","","","","","","","","","",""
"31069001","TOULOUSE-BLAGNAC",43.621,1.378833,151,1968051421,"","","","",3.,1,260,1,"","","","","","","","","","","","","","","","","","","","","","","","","","","","",15.,1,10.,1,"","","","","","","","","","","","","","","","","","","","","","","","","","",74,1,"","","","","","","","","","","","",12.5,1,1024.2,1,1006.,1,"","","",1,0,1,"","",0,1,0,1,0,1,"","","","","","","","","","","","","","","","","","","","","","","","",20000,1,"","",1,1,0,1,"","","","","","","","","","","","","","","","","","","","","","","","","","","","","","","","","","","","","","","","","","","","","","","","","","","","","","","","","","","","","","","","","",""
"31069001","TOULOUSE-BLAGNAC",43.621,1.378833,151,1968051500,"","","","",0.,1,0,1,"","","","","","","","","","","","","","","","","","","","","","","","","","","","",12.6,1,9.4,1,"","","","","","","","","","","","","","","","","","","","","","","","","","",82,1,"","","","","","","","","","","","",12.,1,1024.,1,1005.7,1,"","","",1,0,1,"","",0,1,0,1,0,1,"","","","","","","","","","","","","","","","","","","","","","","","",20000,1,"","",2,1,0,1,"","","","","","","","","","","","","","","","","","","","","","","","","","","","","","","","","","","","","","","","","","","","","","","","","","","","","","","","","","","","","","","","","",""
"31069001","TOULOUSE-BLAGNAC",43.621,1.378833,151,1968051503,"","","","",2.,1,200,1,"","","","","","","","","","","","","","","","","","","","","","","","","","","","",9.6,1,8.1,1,"","","","","","","","","","","","","","","","","","","","","","","","","","",92,1,"","","","","","","","","","","","",11.,1,1023.6,1,1005.1,1,"","","",1,0,1,"","",0,1,0,1,0,1,"","","","","","","","","","","","","","","","","","","","","","","","",15000,1,"","",2,1,0,1,"","","","","","","","","","","","","","","","","","","","","","","","","","","","","","","","","","","","","","","","","","","","","","","","","","","","","","","","","","","","","","","","","",""
"31069001","TOULOUSE-BLAGNAC",43.621,1.378833,151,1968051506,"","","","",2.,1,220,1,"","","","","","","","","","","","","","","","","","","","","","","","","","","","",9.,1,8.,1,"","","","","","","","","","","","","","","","","","","","","","","","","","",95,1,"","","","","","","","","","","","",10.9,1,1023.9,1,1005.3,1,"","","",1,0,1,"","",0,1,0,1,0,1,"","","","","","","","","","","","","","","","","","","","","","","","",20000,1,"","",2,1,0,1,"","",0,1,"","","","","","","","","","","","","","","","","","","","","","","","","","","","","","","","","","","","","","","","","","","","","","","","","","","","","","","","","","","","","",""
"31069001","TOULOUSE-BLAGNAC",43.621,1.378833,151,1968051509,"","","","",0.,1,0,1,"","","","","","","","","","","","","","","","","","","","","","","","","","","","",16.9,1,10.7,1,"","","","","","","","","","","","","","","","","","","","","","","","","","",69,1,"","","","","","","","","","","","",13.1,1,1023.3,1,1005.3,1,"","","",1,0,1,"","",0,1,0,1,0,1,"","","","","","","","","","","","","","","","","","","","","","","","",30000,1,"","",2,1,0,1,"","","","","","","","","","","","","","","","","","","","","","","","","","","","","","","","","","","","","","","","","","","","","","","","","","","","","","","","","","","","","","","","","",""
"31069001","TOULOUSE-BLAGNAC",43.621,1.378833,151,1968051512,"","","","",3.,1,360,1,"","","","","","","","","","","","","","","","","","","","","","","","","","","","",20.6,1,9.2,1,"","","","","","","","","","","","","","","","","","","","","","","","","","",49,1,"","","","","","","","","","","","",11.8,1,1022.2,1,1004.4,1,"","","",1,3,1,0,1,1,1,0,1,1,1,"","","","","","","","","","","","","","","","","","","","","","","","",50000,1,"","",3,1,0,1,"","","","","","","","","","","","","","","","","","","","","","","","","","","","","","","","","","","","","","","","","","","","","","","","","","","","","","","","","","","","","","","","","",""
"31069001","TOULOUSE-BLAGNAC",43.621,1.378833,151,1968051515,"","","","",2.,1,340,1,"","","","","","","","","","","","","","","","","","","","","","","","","","","","",22.4,1,6.9,1,"","","","","","","","","","","","","","","","","","","","","","","","","","",37,1,"","","","","","","","","","","","",10.1,1,1021.1,1,1003.4,1,"","","",1,1,1,0,1,0,1,0,1,1,1,"","","","","","","","","","","","","","","","","","","","","","","","",60000,1,"","",1,1,0,1,"","","","","","","","","","","","","","","","","","","","","","","","","","","","","","","","","","","","","","","","","","","","","","","","","","","","","","","","","","","","","","","","","",""
"31069001","TOULOUSE-BLAGNAC",43.621,1.378833,151,1968051518,"","","","",1.,1,320,1,"","","","","","","","","","","","","","","","","","","","","","","","","","","","",22.6,1,9.9,1,"","","","","","","","","","","","","","","","","","","","","","","","","","",45,1,"","","","","","","","","","","","",12.4,1,1020.2,1,1002.6,1,"","","",1,1,1,0,1,0,1,0,1,1,1,"","","","","","","","","","","","","","","","","","","","","","","","",60000,1,"","",2,1,0,1,"","","","","","","","","","","","","","","","","","","","","","","","","","","","","","","","","","","","","","","","","","","","","","","","","","","","","","","","","","","","","","","","","",""
"31069001","TOULOUSE-BLAGNAC",43.621,1.378833,151,1968051521,"","","","",2.,1,240,1,"","","","","","","","","","","","","","","","","","","","","","","","","","","","",16.7,1,11.4,1,"","","","","","","","","","","","","","","","","","","","","","","","","","",73,1,"","","","","","","","","","","","",13.8,1,1021.,1,1003.,1,"","","",1,0,1,"","",0,1,0,1,0,1,"","","","","","","","","","","","","","","","","","","","","","","","",10000,1,"","",1,1,0,1,"","","","","","","","","","","","","","","","","","","","","","","","","","","","","","","","","","","","","","","","","","","","","","","","","","","","","","","","","","","","","","","","","",""
"31069001","TOULOUSE-BLAGNAC",43.621,1.378833,151,1968051600,"","","","",2.,1,200,1,"","","","","","","","","","","","","","","","","","","","","","","","","","","","",12.3,1,10.1,1,"","","","","","","","","","","","","","","","","","","","","","","","","","",88,1,"","","","","","","","","","","","",12.6,1,1021.5,1,1003.2,1,"","","",1,0,1,"","",0,1,0,1,0,1,"","","","","","","","","","","","","","","","","","","","","","","","",15000,1,"","",2,1,0,1,"","","","","","","","","","","","","","","","","","","","","","","","","","","","","","","","","","","","","","","","","","","","","","","","","","","","","","","","","","","","","","","","","",""
"31069001","TOULOUSE-BLAGNAC",43.621,1.378833,151,1968051603,"","","","",0.,1,0,1,"","","","","","","","","","","","","","","","","","","","","","","","","","","","",10.,1,8.9,1,"","","","","","","","","","","","","","","","","","","","","","","","","","",95,1,"","","","","","","","","","","","",11.6,1,1021.5,1,1003.1,1,"","","",1,0,1,"","",0,1,0,1,0,1,"","","","","","","","","","","","","","","","","","","","","","","","",15000,1,"","",2,1,0,1,"","","","","","","","","","","","","","","","","","","","","","","","","","","","","","","","","","","","","","","","","","","","","","","","","","","","","","","","","","","","","","","","","",""
"31069001","TOULOUSE-BLAGNAC",43.621,1.378833,151,1968051606,"","","","",1.,1,200,1,"","","","","","","","","","","","","","","","","","","","","","","","","","","","",10.9,1,9.,1,"","","","","","","","","","","","","","","","","","","","","","","","","","",90,1,"","","","","","","","","","","","",11.7,1,1021.7,1,1003.3,1,"","","",1,0,1,"","",0,1,0,1,0,1,"","","","","","","","","","","","","","","","","","","","","","","","",15000,1,"","",2,1,0,1,"","",0,1,"","","","","","","","","","","","","","","","","","","","","","","","","","","","","","","","","","","","","","","","","","","","","","","","","","","","","","","","","","","","","",""
"31069001","TOULOUSE-BLAGNAC",43.621,1.378833,151,1968051609,"","","","",1.,1,320,1,"","","","","","","","","","","","","","","","","","","","","","","","","","","","",19.,1,12.3,1,"","","","","","","","","","","","","","","","","","","","","","","","","","",67,1,"","","","","","","","","","","","",14.6,1,1021.1,1,1003.3,1,"","","",1,1,1,0,1,0,1,0,1,2,1,"","","","","","","","","","","","","","","","","","","","","","","","",20000,1,"","",3,1,0,1,"","","","","","","","","","","","","","","","","","","","","","","","","","","","","","","","","","","","","","","","","","","","","","","","","","","","","","","","","","","","","","","","","",""
"31069001","TOULOUSE-BLAGNAC",43.621,1.378833,151,1968051612,"","","","",3.,1,320,1,"","","","","","","","","","","","","","","","","","","","","","","","","","","","",22.8,1,13.2,1,"","","","","","","","","","","","","","","","","","","","","","","","","","",55,1,"","","","","","","","","","","","",15.5,1,1020.4,1,1002.8,1,"","","",1,2,1,0,1,0,1,0,1,2,1,"","","","","","","","","","","","","","","","","","","","","","","","",20000,1,"","",3,1,0,1,"","","","","","","","","","","","","","","","","","","","","","","","","","","","","","","","","","","","","","","","","","","","","","","","","","","","","","","","","","","","","","","","","",""
"31069001","TOULOUSE-BLAGNAC",43.621,1.378833,151,1968051615,"","","","",2.,1,340,1,"","","","","","","","","","","","","","","","","","","","","","","","","","","","",24.8,1,9.4,1,"","","","","","","","","","","","","","","","","","","","","","","","","","",38,1,"","","","","","","","","","","","",12.,1,1019.5,1,1002.,1,"","","",1,2,1,0,1,2,1,0,1,2,1,"","","","","","","","","","","","","","","","","","","","","","","","",20000,1,"","",2,1,0,1,"","","","","","","","","","","","","","","","","","","","","","","","","","","","","","","","","","","","","","","","","","","","","","","","","","","","","","","","","","","","","","","","","",""
"31069001","TOULOUSE-BLAGNAC",43.621,1.378833,151,1968051618,"","","","",4.,1,320,1,"","","","","","","","","","","","","","","","","","","","","","","","","","","","",23.8,1,9.2,1,"","","","","","","","","","","","","","","","","","","","","","","","","","",40,1,"","","","","","","","","","","","",11.8,1,1019.1,1,1001.6,1,"","","",1,1,1,0,1,0,1,0,1,2,1,"","","","","","","","","","","","","","","","","","","","","","","","",20000,1,"","",1,1,0,1,"","","","","","","","","","","","","","","","","","","","","","","","","","","","","","","","","","","","","","","","","","","","","","","","","","","","","","","","","","","","","","","","","",""
"31069001","TOULOUSE-BLAGNAC",43.621,1.378833,151,1968051621,"","","","",3.,1,320,1,"","","","","","","","","","","","","","","","","","","","","","","","","","","","",17.2,1,9.9,1,"","","","","","","","","","","","","","","","","","","","","","","","","","",63,1,"","","","","","","","","","","","",12.4,1,1020.,1,1002.,1,"","","",1,0,1,"","",0,1,0,1,0,1,"","","","","","","","","","","","","","","","","","","","","","","","",20000,1,"","",2,1,0,1,"","","","","","","","","","","","","","","","","","","","","","","","","","","","","","","","","","","","","","","","","","","","","","","","","","","","","","","","","","","","","","","","","",""
"31069001","TOULOUSE-BLAGNAC",43.621,1.378833,151,1968051700,"","","","",4.,1,320,1,"","","","","","","","","","","","","","","","","","","","","","","","","","","","",15.4,1,9.4,1,"","","","","","","","","","","","","","","","","","","","","","","","","","",69,1,"","","","","","","","","","","","",12.,1,1020.7,1,1002.6,1,"","","",1,0,1,"","",0,1,0,1,0,1,"","","","","","","","","","","","","","","","","","","","","","","","",20000,1,"","",2,1,0,1,"","","","","","","","","","","","","","","","","","","","","","","","","","","","","","","","","","","","","","","","","","","","","","","","","","","","","","","","","","","","","","","","","",""
"31069001","TOULOUSE-BLAGNAC",43.621,1.378833,151,1968051703,"","","","",2.,1,260,1,"","","","","","","","","","","","","","","","","","","","","","","","","","","","",11.2,1,8.9,1,"","","","","","","","","","","","","","","","","","","","","","","","","","",88,1,"","","","","","","","","","","","",11.6,1,1020.8,1,1002.5,1,"","","",1,0,1,"","",0,1,0,1,0,1,"","","","","","","","","","","","","","","","","","","","","","","","",20000,1,"","",2,1,0,1,"","","","","","","","","","","","","","","","","","","","","","","","","","","","","","","","","","","","","","","","","","","","","","","","","","","","","","","","","","","","","","","","","",""
"31069001","TOULOUSE-BLAGNAC",43.621,1.378833,151,1968051706,"","","","",2.,1,340,1,"","","","","","","","","","","","","","","","","","","","","","","","","","","","",12.2,1,9.9,1,"","","","","","","","","","","","","","","","","","","","","","","","","","",87,1,"","","","","","","","","","","","",12.4,1,1021.2,1,1002.9,1,"","","",1,0,1,"","",0,1,0,1,0,1,"","","","","","","","","","","","","","","","","","","","","","","","",20000,1,"","",2,1,0,1,"","",0,1,"","","","","","","","","","","","","","","","","","","","","","","","","","","","","","","","","","","","","","","","","","","","","","","","","","","","","","","","","","","","","",""
"31069001","TOULOUSE-BLAGNAC",43.621,1.378833,151,1968051709,"","","","",4.,1,320,1,"","","","","","","","","","","","","","","","","","","","","","","","","","","","",17.2,1,10.4,1,"","","","","","","","","","","","","","","","","","","","","","","","","","",66,1,"","","","","","","","","","","","",12.9,1,1020.9,1,1002.9,1,"","","",1,1,1,0,1,1,1,0,1,0,1,"","","","","","","","","","","","","","","","","","","","","","","","",20000,1,"","",2,1,0,1,"","","","","","","","","","","","","","","","","","","","","","","","","","","","","","","","","","","","","","","","","","","","","","","","","","","","","","","","","","","","","","","","","",""
"31069001","TOULOUSE-BLAGNAC",43.621,1.378833,151,1968051712,"","","","",6.,1,320,1,"","","","","","","","","","","","","","","","","","","","","","","","","","","","",20.7,1,6.2,1,"","","","","","","","","","","","","","","","","","","","","","","","","","",39,1,"","","","","","","","","","","","",9.6,1,1020.3,1,1002.5,1,"","","",1,0,1,"","",0,1,0,1,0,1,"","","","","","","","","","","","","","","","","","","","","","","","",20000,1,"","",2,1,0,1,"","","","","","","","","","","","","","","","","","","","","","","","","","","","","","","","","","","","","","","","","","","","","","","","","","","","","","","","","","","","","","","","","",""
"31069001","TOULOUSE-BLAGNAC",43.621,1.378833,151,1968051715,"","","","",5.,1,320,1,"","","","","","","","","","","","","","","","","","","","","","","","","","","","",21.8,1,6.2,1,"","","","","","","","","","","","","","","","","","","","","","","","","","",37,1,"","","","","","","","","","","","",9.6,1,1019.,1,1001.3,1,"","","",1,0,1,"","",0,1,0,1,0,1,"","","","","","","","","","","","","","","","","","","","","","","","",30000,1,"","",2,1,0,1,"","","","","","","","","","","","","","","","","","","","","","","","","","","","","","","","","","","","","","","","","","","","","","","","","","","","","","","","","","","","","","","","","",""
"31069001","TOULOUSE-BLAGNAC",43.621,1.378833,151,1968051718,"","","","",4.,1,320,1,"","","","","","","","","","","","","","","","","","","","","","","","","","","","",20.2,1,6.8,1,"","","","","","","","","","","","","","","","","","","","","","","","","","",42,1,"","","","","","","","","","","","",10.,1,1018.4,1,1000.6,1,"","","",1,0,1,"","",0,1,0,1,0,1,"","","","","","","","","","","","","","","","","","","","","","","","",30000,1,"","",2,1,0,1,"","","","","","","","","","","","","","","","","","","","","","","","","","","","","","","","","","","","","","","","","","","","","","","","","","","","","","","","","","","","","","","","","",""
"31069001","TOULOUSE-BLAGNAC",43.621,1.378833,151,1968051721,"","","","",2.,1,320,1,"","","","","","","","","","","","","","","","","","","","","","","","","","","","",14.6,1,7.2,1,"","","","","","","","","","","","","","","","","","","","","","","","","","",62,1,"","","","","","","","","","","","",10.3,1,1019.7,1,1001.6,1,"","","",1,0,1,"","",0,1,0,1,0,1,"","","","","","","","","","","","","","","","","","","","","","","","",30000,1,"","",2,1,0,1,"","","","","","","","","","","","","","","","","","","","","","","","","","","","","","","","","","","","","","","","","","","","","","","","","","","","","","","","","","","","","","","","","",""
"31069001","TOULOUSE-BLAGNAC",43.621,1.378833,151,1968051800,"","","","",3.,1,340,1,"","","","","","","","","","","","","","","","","","","","","","","","","","","","",11.3,1,5.6,1,"","","","","","","","","","","","","","","","","","","","","","","","","","",69,1,"","","","","","","","","","","","",9.2,1,1019.6,1,1001.3,1,"","","",1,0,1,"","",0,1,0,1,0,1,"","","","","","","","","","","","","","","","","","","","","","","","",20000,1,"","",2,1,0,1,"","","","","","","","","","","","","","","","","","","","","","","","","","","","","","","","","","","","","","","","","","","","","","","","","","","","","","","","","","","","","","","","","",""
"31069001","TOULOUSE-BLAGNAC",43.621,1.378833,151,1968051803,"","","","",1.,1,300,1,"","","","","","","","","","","","","","","","","","","","","","","","","","","","",8.2,1,5.5,1,"","","","","","","","","","","","","","","","","","","","","","","","","","",83,1,"","","","","","","","","","","","",9.1,1,1018.9,1,1000.4,1,"","","",1,0,1,"","",0,1,0,1,0,1,"","","","","","","","","","","","","","","","","","","","","","","","",20000,1,"","",2,1,0,1,"","","","","","","","","","","","","","","","","","","","","","","","","","","","","","","","","","","","","","","","","","","","","","","","","","","","","","","","","","","","","","","","","",""
"31069001","TOULOUSE-BLAGNAC",43.621,1.378833,151,1968051806,"","","","",1.,1,300,1,"","","","","","","","","","","","","","","","","","","","","","","","","","","","",8.4,1,5.1,1,"","","","","","","","","","","","","","","","","","","","","","","","","","",81,1,"","","","","","","","","","","","",8.9,1,1019.2,1,1000.7,1,"","","",1,2,1,0,1,0,1,0,1,2,1,"","","","","","","","","","","","","","","","","","","","","","","","",8000,1,"","",3,1,0,1,"","",0,1,"","","","","","","","","","","","","","","","","","","","","","","","","","","","","","","","","","","","","","","","","","","","","","","","","","","","","","","","","","","","","",""
"31069001","TOULOUSE-BLAGNAC",43.621,1.378833,151,1968051809,"","","","",0.,1,0,1,"","","","","","","","","","","","","","","","","","","","","","","","","","","","",13.7,1,5.8,1,"","","","","","","","","","","","","","","","","","","","","","","","","","",60,1,"","","","","","","","","","","","",9.3,1,1017.9,1,999.7,1,"","","",1,2,1,0,1,0,1,0,1,2,1,"","","","","","","","","","","","","","","","","","","","","","","","",15000,1,"","",2,1,0,1,"","","","","","","","","","","","","","","","","","","","","","","","","","","","","","","","","","","","","","","","","","","","","","","","","","","","","","","","","","","","","","","","","",""
"31069001","TOULOUSE-BLAGNAC",43.621,1.378833,151,1968051812,"","","","",4.,1,340,1,"","","","","","","","","","","","","","","","","","","","","","","","","","","","",18.4,1,1.2,1,"","","","","","","","","","","","","","","","","","","","","","","","","","",32,1,"","","","","","","","","","","","",6.7,1,1016.3,1,998.4,1,"","","",1,0,1,"","",0,1,0,1,0,1,"","","","","","","","","","","","","","","","","","","","","","","","",20000,1,"","",1,1,0,1,"","","","","","","","","","","","","","","","","","","","","","","","","","","","","","","","","","","","","","","","","","","","","","","","","","","","","","","","","","","","","","","","","",""
"31069001","TOULOUSE-BLAGNAC",43.621,1.378833,151,1968051815,"","","","",3.,1,320,1,"","","","","","","","","","","","","","","","","","","","","","","","","","","","",20.3,1,1.,1,"","","","","","","","","","","","","","","","","","","","","","","","","","",28,1,"","","","","","","","","","","","",6.6,1,1014.3,1,996.6,1,"","","",1,1,1,0,1,0,1,0,1,1,1,"","","","","","","","","","","","","","","","","","","","","","","","",30000,1,"","",2,1,0,1,"","","","","","","","","","","","","","","","","","","","","","","","","","","","","","","","","","","","","","","","","","","","","","","","","","","","","","","","","","","","","","","","","",""
"31069001","TOULOUSE-BLAGNAC",43.621,1.378833,151,1968051818,"","","","",2.,1,320,1,"","","","","","","","","","","","","","","","","","","","","","","","","","","","",20.3,1,4.2,1,"","","","","","","","","","","","","","","","","","","","","","","","","","",35,1,"","","","","","","","","","","","",8.3,1,1013.1,1,995.4,1,"","","",1,5,1,5,1,0,1,0,1,4,1,"","","","","","","","","","","","","","","","","","","","","","","","",30000,1,"","",3,1,1,1,"","","","","","","","","","","","","","","","","","","","","","","","","","","","","","","","","","","","","","","","","","","","","","","","","","","","","","","","","","","","","","","","","",""
"31069001","TOULOUSE-BLAGNAC",43.621,1.378833,151,1968051821,"","","","",2.,1,300,1,"","","","","","","","","","","","","","","","","","","","","","","","","","","","",14.6,1,6.8,1,"","","","","","","","","","","","","","","","","","","","","","","","","","",60,1,"","","","","","","","","","","","",10.,1,1013.7,1,995.7,1,"","","",1,0,1,"","",0,1,0,1,0,1,"","","","","","","","","","","","","","","","","","","","","","","","",30000,1,"","",1,1,1,1,"","","","","","","","","","","","","","","","","","","","","","","","","","","","","","","","","","","","","","","","","","","","","","","","","","","","","","","","","","","","","","","","","",""
"31069001","TOULOUSE-BLAGNAC",43.621,1.378833,151,1968051900,"","","","",0.,1,0,1,"","","","","","","","","","","","","","","","","","","","","","","","","","","","",11.7,1,6.8,1,"","","","","","","","","","","","","","","","","","","","","","","","","","",72,1,"","","","","","","","","","","","",10.,1,1013.1,1,994.9,1,"","","",1,0,1,"","",0,1,0,1,0,1,"","","","","","","","","","","","","","","","","","","","","","","","",20000,1,"","",2,1,1,1,"","","","","","","","","","","","","","","","","","","","","","","","","","","","","","","","","","","","","","","","","","","","","","","","","","","","","","","","","","","","","","","","","",""
"31069001","TOULOUSE-BLAGNAC",43.621,1.378833,151,1968051903,"","","","",2.,1,200,1,"","","","","","","","","","","","","","","","","","","","","","","","","","","","",7.6,1,6.1,1,"","","","","","","","","","","","","","","","","","","","","","","","","","",91,1,"","","","","","","","","","","","",9.5,1,1012.1,1,993.7,1,"","","",1,2,1,0,1,0,1,3,1,0,1,"","","","","","","","","","","","","","","","","","","","","","","","",20000,1,"","",3,1,0,1,"","","","","","","","","","","","","","","","","","","","","","","","","","","","","","","","","","","","","","","","","","","","","","","","","","","","","","","","","","","","","","","","","",""
"31069001","TOULOUSE-BLAGNAC",43.621,1.378833,151,1968051906,"","","","",1.,1,180,1,"","","","","","","","","","","","","","","","","","","","","","","","","","","","",9.,1,7.1,1,"","","","","","","","","","","","","","","","","","","","","","","","","","",89,1,"","","","","","","","","","","","",10.2,1,1011.8,1,993.5,1,"","","",1,6,1,6,1,0,1,8,1,5,1,"","","","","","","","","","","","","","","","","","","","","","","","",20000,1,"","",3,1,1,1,"","",0,1,"","","","","","","","","","","","","","","","","","","","","","","","","","","","","","","","","","","","","","","","","","","","","","","","","","","","","","","","","","","","","",""
"31069001","TOULOUSE-BLAGNAC",43.621,1.378833,151,1968051909,"","","","",0.,1,0,1,"","","","","","","","","","","","","","","","","","","","","","","","","","","","",16.,1,8.4,1,"","","","","","","","","","","","","","","","","","","","","","","","","","",61,1,"","","","","","","","","","","","",11.2,1,1010.8,1,992.9,1,"","","",1,5,1,5,1,0,1,8,1,2,1,"","","","","","","","","","","","","","","","","","","","","","","","",6000,1,"","",1,1,2,1,"","","","","","","","","","","","","","","","","","","","","","","","","","","","","","","","","","","","","","","","","","","","","","","","","","","","","","","","","","","","","","","","","",""
"31069001","TOULOUSE-BLAGNAC",43.621,1.378833,151,1968051912,"","","","",1.,1,120,1,"","","","","","","","","","","","","","","","","","","","","","","","","","","","",20.7,1,5.6,1,"","","","","","","","","","","","","","","","","","","","","","","","","","",38,1,"","","","","","","","","","","","",9.2,1,1008.8,1,991.2,1,"","","",1,5,1,5,1,0,1,8,1,2,1,"","","","","","","","","","","","","","","","","","","","","","","","",20000,1,"","",1,1,1,1,"","","","","","","","","","","","","","","","","","","","","","","","","","","","","","","","","","","","","","","","","","","","","","","","","","","","","","","","","","","","","","","","","",""
"31069001","TOULOUSE-BLAGNAC",43.621,1.378833,151,1968051915,"","","","",4.,1,160,1,"","","","","","","","","","","","","","","","","","","","","","","","","","","","",22.2,1,6.9,1,"","","","","","","","","","","","","","","","","","","","","","","","","","",38,1,"","","","","","","","","","","","",10.1,1,1006.2,1,988.8,1,"","","",1,6,1,5,1,0,1,8,1,3,1,"","","","","","","","","","","","","","","","","","","","","","","","",20000,1,"","",2,1,2,1,"","","","","","","","","","","","","","","","","","","","","","","","","","","","","","","","","","","","","","","","","","","","","","","","","","","","","","","","","","","","","","","","","",""
"31069001","TOULOUSE-BLAGNAC",43.621,1.378833,151,1968051918,"","","","",6.,1,120,1,"","","","","","","","","","","","","","","","","","","","","","","","","","","","",19.8,1,2.8,1,"","","","","","","","","","","","","","","","","","","","","","","","","","",33,1,"","","","","","","","","","","","",7.5,1,1004.7,1,987.1,1,"","","",1,7,1,6,1,0,1,9,1,5,1,"","","","","","","","","","","","","","","","","","","","","","","","",20000,1,"","",2,1,2,1,"","","","","","","","","","","","","","","","","","","","","","","","","","","","","","","","","","","","","","","","","","","","","","","","","","","","","","","","","","","","","","","","","",""
"31069001","TOULOUSE-BLAGNAC",43.621,1.378833,151,1968051921,"","","","",3.,1,160,1,"","","","","","","","","","","","","","","","","","","","","","","","","","","","",14.5,1,13.,1,"","","","","","","","","","","","","","","","","","","","","","","","","","",92,1,"","","","","","","","","","","","",15.3,1,1005.5,1,987.7,1,"","","",1,8,1,8,1,5,1,7,1,"","","","","","","","","","","","","","","","","","","","","","","","","","",7000,1,"","",61,1,6,1,"","","","","","","","","","","","","","","","","","","","","","","","","","","","","","","","","","","","","","","","","","","","","","","","","","","","","","","","","","","","","","","","","",""
"31069001","TOULOUSE-BLAGNAC",43.621,1.378833,151,1968052000,"","","","",4.,1,140,1,"","","","","","","","","","","","","","","","","","","","","","","","","","","","",11.6,1,10.6,1,"","","","","","","","","","","","","","","","","","","","","","","","","","",95,1,"","","","","","","","","","","","",13.,1,1004.7,1,986.7,1,"","","",1,8,1,8,1,5,1,"","","","","","","","","","","","","","","","","","","","","","","","","","","","",8000,1,"","",63,1,6,1,"","","","","","","","","","","","","","","","","","","","","","","","","","","","","","","","","","","","","","","","","","","","","","","","","","","","","","","","","","","","","","","","","",""
"31069001","TOULOUSE-BLAGNAC",43.621,1.378833,151,1968052003,"","","","",3.,1,100,1,"","","","","","","","","","","","","","","","","","","","","","","","","","","","",11.,1,9.9,1,"","","","","","","","","","","","","","","","","","","","","","","","","","",95,1,"","","","","","","","","","","","",12.4,1,1003.2,1,985.2,1,"","","",1,8,1,8,1,5,1,"","","","","","","","","","","","","","","","","","","","","","","","","","","","",6000,1,"","",63,1,6,1,"","","","","","","","","","","","","","","","","","","","","","","","","","","","","","","","","","","","","","","","","","","","","","","","","","","","","","","","","","","","","","","","","",""
"31069001","TOULOUSE-BLAGNAC",43.621,1.378833,151,1968052006,"","","","",3.,1,340,1,"","","","","","","","","","","","","","","","","","","","","","","","","","","","",10.8,1,9.8,1,"","","","","","","","","","","","","","","","","","","","","","","","","","",95,1,"","","","","","","","","","","","",12.3,1,1002.5,1,984.5,1,"","","",1,8,1,8,1,7,1,"","","","","","","","","","","","","","","","","","","","","","","","","","","","",5000,1,"","",61,1,6,1,"","",2,1,"","","","","","","","","","","","","","","","","","","","","","","","","","","","","","","","","","","","","","","","","","","","","","","","","","","","","","","","","","","","","",""
"31069001","TOULOUSE-BLAGNAC",43.621,1.378833,151,1968052009,"","","","",8.,1,280,1,"","","","","","","","","","","","","","","","","","","","","","","","","","","","",10.,1,9.2,1,"","","","","","","","","","","","","","","","","","","","","","","","","","",96,1,"","","","","","","","","","","","",11.8,1,1003.7,1,985.6,1,"","","",1,8,1,5,1,5,1,"","","","","","","","","","","","","","","","","","","","","","","","","","","","",4500,1,"","",58,1,6,1,"","","","","","","","","","","","","","","","","","","","","","","","","","","","","","","","","","","","","","","","","","","","","","","","","","","","","","","","","","","","","","","","","",""
"31069001","TOULOUSE-BLAGNAC",43.621,1.378833,151,1968052012,"","","","",8.,1,260,1,"","","","","","","","","","","","","","","","","","","","","","","","","","","","",10.1,1,8.8,1,"","","","","","","","","","","","","","","","","","","","","","","","","","",94,1,"","","","","","","","","","","","",11.5,1,1005.5,1,987.4,1,"","","",1,8,1,8,1,5,1,2,1,"","","","","","","","","","","","","","","","","","","","","","","","","","",7000,1,"","",61,1,5,1,"","","","","","","","","","","","","","","","","","","","","","","","","","","","","","","","","","","","","","","","","","","","","","","","","","","","","","","","","","","","","","","","","",""
"31069001","TOULOUSE-BLAGNAC",43.621,1.378833,151,1968052015,"","","","",6.,1,280,1,"","","","","","","","","","","","","","","","","","","","","","","","","","","","",10.8,1,9.3,1,"","","","","","","","","","","","","","","","","","","","","","","","","","",92,1,"","","","","","","","","","","","",11.9,1,1006.3,1,988.2,1,"","","",1,8,1,6,1,5,1,2,1,"","","","","","","","","","","","","","","","","","","","","","","","","","",9000,1,"","",61,1,6,1,"","","","","","","","","","","","","","","","","","","","","","","","","","","","","","","","","","","","","","","","","","","","","","","","","","","","","","","","","","","","","","","","","",""
"31069001","TOULOUSE-BLAGNAC",43.621,1.378833,151,1968052018,"","","","",6.,1,280,1,"","","","","","","","","","","","","","","","","","","","","","","","","","","","",10.,1,9.2,1,"","","","","","","","","","","","","","","","","","","","","","","","","","",96,1,"","","","","","","","","","","","",11.8,1,1007.8,1,989.6,1,"","","",1,8,1,7,1,7,1,"","","","","","","","","","","","","","","","","","","","","","","","","","","","",7000,1,"","",61,1,6,1,"","","","","","","","","","","","","","","","","","","","","","","","","","","","","","","","","","","","","","","","","","","","","","","","","","","","","","","","","","","","","","","","","",""
"31069001","TOULOUSE-BLAGNAC",43.621,1.378833,151,1968052021,"","","","",6.,1,280,1,"","","","","","","","","","","","","","","","","","","","","","","","","","","","",9.,1,7.9,1,"","","","","","","","","","","","","","","","","","","","","","","","","","",94,1,"","","","","","","","","","","","",10.8,1,1011.5,1,993.2,1,"","","",1,"","","","","","","","","","","","","","","","","","","","","","","","","","","","","","","","","","","","","","","","","","","","","","","","","","","","","","","","","","","","","","","","","","","","","","","","","","","","","","","","","","","","","","","","","","","","","","","","","","","","","","","","","","","",""
"31069001","TOULOUSE-BLAGNAC",43.621,1.378833,151,1968052100,"","","","",4.,1,280,1,"","","","","","","","","","","","","","","","","","","","","","","","","","","","",9.2,1,8.,1,"","","","","","","","","","","","","","","","","","","","","","","","","","",94,1,"","","","","","","","","","","","",10.9,1,"","","","","","","","","","","","","","","","","","","","","","","","","","","","","","","","","","","","","","","","","","","","","","","","","","","","","","","","","","","","","","","","","","","","","","","","","","","","","","","","","","","","","","","","","","","","","","","","","","","","","","","","","","","","","","","","","","","",""
"31069001","TOULOUSE-BLAGNAC",43.621,1.378833,151,1968052103,"","","","",3.,1,280,1,"","","","","","","","","","","","","","","","","","","","","","","","","","","","",8.3,1,7.1,1,"","","","","","","","","","","","","","","","","","","","","","","","","","",94,1,"","","","","","","","","","","","",10.2,1,"","","","","","","","","","","","","","","","","","","","","","","","","","","","","","","","","","","","","","","","","","","","","","","","","","","","","","","","","","","","","","","","","","","","","","","","","","","","","","","","","","","","","","","","","","","","","","","","","","","","","","","","","","","","","","","","","","","",""
"31069001","TOULOUSE-BLAGNAC",43.621,1.378833,151,1968052106,"","","","",4.,1,280,1,"","","","","","","","","","","","","","","","","","","","","","","","","","","","",7.5,1,6.4,1,"","","","","","","","","","","","","","","","","","","","","","","","","","",93,1,"","","","","","","","","","","","",9.7,1,"","","","","","","","","","","","","","","","","","","","","","","","","","","","","","","","","","","","","","","","","","","","","","","","","","","","","","","","","","","","","","","","","","","","","","","","","","","","","","","","","","","","","","","","","","","","","","","","","","","","","","","","","","","","","","","","","","","",""
"31069001","TOULOUSE-BLAGNAC",43.621,1.378833,151,1968052109,"","","","",5.,1,300,1,"","","","","","","","","","","","","","","","","","","","","","","","","","","","",11.1,1,4.2,1,"","","","","","","","","","","","","","","","","","","","","","","","","","",63,1,"","","","","","","","","","","","",8.3,1,"","","","","","","","","","","","","","","","","","","","","","","","","","","","","","","","","","","","","","","","","","","","","","","","","","","","","","","","","","","","","","","","","","","","","","","","","","","","","","","","","","","","","","","","","","","","","","","","","","","","","","","","","","","","","","","","","","","",""
"31069001","TOULOUSE-BLAGNAC",43.621,1.378833,151,1968052112,"","","","",5.,1,280,1,"","","","","","","","","","","","","","","","","","","","","","","","","","","","",12.,1,1.,1,"","","","","","","","","","","","","","","","","","","","","","","","","","",47,1,"","","","","","","","","","","","",6.6,1,"","","","","","","","","","","","","","","","","","","","","","","","","","","","","","","","","","","","","","","","","","","","","","","","","","","","","","","","","","","","","","","","","","","","","","","","","","","","","","","","","","","","","","","","","","","","","","","","","","","","","","","","","","","","","","","","","","","",""
"31069001","TOULOUSE-BLAGNAC",43.621,1.378833,151,1968052115,"","","","",5.,1,300,1,"","","","","","","","","","","","","","","","","","","","","","","","","","","","",13.,1,"","","","","","","","","","","","","","","","","","","","","","","","","","","","","","","","","","","","","","","","","","","","","","","","","","","","","","","","","","","","","","","","","","","","","","","","","","","","","","","","","","","","","","","","","","","","","","","","","","","","","","","","","","","","","","","","","","","","","","","","","","","","","","","","","","","","","","","","","","","","","","","","","","","","","","","","","","","","","","","",""
"31069001","TOULOUSE-BLAGNAC",43.621,1.378833,151,1968052118,"","","","",4.,1,320,1,"","","","","","","","","","","","","","","","","","","","","","","","","","","","",12.3,1,"","","","","","","","","","","","","","","","","","","","","","","","","","","","","","","","","","","","","","","","","","","","","","","","","","","","","","","","","","","","","","","","","","","","","","","","","","","","","","","","","","","","","","","","","","","","","","","","","","","","","","","","","","","","","","","","","","","","","","","","","","","","","","","","","","","","","","","","","","","","","","","","","","","","","","","","","","","","","","","",""
"31069001","TOULOUSE-BLAGNAC",43.621,1.378833,151,1968052121,"","","","",2.,1,280,1,"","","","","","","","","","","","","","","","","","","","","","","","","","","","",8.3,1,6.1,1,"","","","","","","","","","","","","","","","","","","","","","","","","","",87,1,"","","","","","","","","","","","",9.5,1,"","","","","","","","","","","","","","","","","","","","","","","","","","","","","","","","","","","","","","","","","","","","","","","","","","","","","","","","","","","","","","","","","","","","","","","","","","","","","","","","","","","","","","","","","","","","","","","","","","","","","","","","","","","","","","","","","","","",""
"31069001","TOULOUSE-BLAGNAC",43.621,1.378833,151,1968052200,"","","","",1.,1,260,1,"","","","","","","","","","","","","","","","","","","","","","","","","","","","",7.8,1,5.6,1,"","","","","","","","","","","","","","","","","","","","","","","","","","",87,1,"","","","","","","","","","","","",9.2,1,1017.3,1,998.8,1,"","","",1,"","","","","","","","","","","","","","","","","","","","","","","","","","","","","","","","","","","","","","","","","","","","","","","","","","","","","","","","","","","","","","","","","","","","","","","","","","","","","","","","","","","","","","","","","","","","","","","","","","","","","","","","","","","",""
"31069001","TOULOUSE-BLAGNAC",43.621,1.378833,151,1968052203,"","","","",2.,1,320,1,"","","","","","","","","","","","","","","","","","","","","","","","","","","","",7.2,1,5.,1,"","","","","","","","","","","","","","","","","","","","","","","","","","",86,1,"","","","","","","","","","","","",8.8,1,"","","","","","","","","","","","","","","","","","","","","","","","","","","","","","","","","","","","","","","","","","","","","","","","","","","","","","","","","","","","","","","","","","","","","","","","","","","","","","","","","","","","","","","","","","","","","","","","","","","","","","","","","","","","","","","","","","","",""
"31069001","TOULOUSE-BLAGNAC",43.621,1.378833,151,1968052206,"","","","",1.,1,200,1,"","","","","","","","","","","","","","","","","","","","","","","","","","","","",8.,1,7.1,1,"","","","","","","","","","","","","","","","","","","","","","","","","","",95,1,"","","","","","","","","","","","",10.2,1,1018.,1,999.5,1,"","","",1,"","","","","","","","","","","","","","","","","","","","","","","","","","","","","","","","","","","","","","","","","","","","","","","","","","","","","","","","","","","","","","","","","","","","","","","","","","","","","","","","","","","","","","","","","","","","","","","","","","","","","","","","","","","",""
"31069001","TOULOUSE-BLAGNAC",43.621,1.378833,151,1968052209,"","","","",0.,1,0,1,"","","","","","","","","","","","","","","","","","","","","","","","","","","","",9.5,1,0.6,1,"","","","","","","","","","","","","","","","","","","","","","","","","","",54,1,"","","","","","","","","","","","",6.4,1,"","","","","","","","","","","","","","","","","","","","","","","","","","","","","","","","","","","","","","","","","","","","","","","","","","","","","","","","","","","","","","","","","","","","","","","","","","","","","","","","","","","","","","","","","","","","","","","","","","","","","","","","","","","","","","","","","","","",""
"31069001","TOULOUSE-BLAGNAC",43.621,1.378833,151,1968052212,"","","","",2.,1,40,1,"","","","","","","","","","","","","","","","","","","","","","","","","","","","",14.6,1,1.,1,"","","","","","","","","","","","","","","","","","","","","","","","","","",40,1,"","","","","","","","","","","","",6.6,1,1017.9,1,999.8,1,"","","",1,"","","","","","","","","","","","","","","","","","","","","","","","","","","","","","","","","","","","","","","","","","","","","","","","","","","","","","","","","","","","","","","","","","","","","","","","","","","","","","","","","","","","","","","","","","","","","","","","","","","","","","","","","","","",""
"31069001","TOULOUSE-BLAGNAC",43.621,1.378833,151,1968052215,"","","","",3.,1,60,1,"","","","","","","","","","","","","","","","","","","","","","","","","","","","",16.4,1,"","","","","","","","","","","","","","","","","","","","","","","","","","","","","","","","","","","","","","","","","","","","","","","","","","","","","","","","","","","","","","","","","","","","","","","","","","","","","","","","","","","","","","","","","","","","","","","","","","","","","","","","","","","","","","","","","","","","","","","","","","","","","","","","","","","","","","","","","","","","","","","","","","","","","","","","","","","","","","","",""
"31069001","TOULOUSE-BLAGNAC",43.621,1.378833,151,1968052218,"","","","",1.,1,40,1,"","","","","","","","","","","","","","","","","","","","","","","","","","","","",16.3,1,"","","","","","","","","","","","","","","","","","","","","","","","","","","","","","","","","","","","","","","","","","","","",1017.3,1,999.4,1,"","","",1,"","","","","","","","","","","","","","","","","","","","","","","","","","","","","","","","","","","","","","","","","","","","","","","","","","","","","","","","","","","","","","","","","","","","","","","","","","","","","","","","","","","","","","","","","","","","","","","","","","","","","","","","","","","",""
"31069001","TOULOUSE-BLAGNAC",43.621,1.378833,151,1968052221,"","","","",1.,1,80,1,"","","","","","","","","","","","","","","","","","","","","","","","","","","","",13.7,1,"","","","","","","","","","","","","","","","","","","","","","","","","","","","","","","","","","","","","","","","","","","","","","","","","","","","","","","","","","","","","","","","","","","","","","","","","","","","","","","","","","","","","","","","","","","","","","","","","","","","","","","","","","","","","","","","","","","","","","","","","","","","","","","","","","","","","","","","","","","","","","","","","","","","","","","","","","","","","","","",""
"31069001","TOULOUSE-BLAGNAC",43.621,1.378833,151,1968052300,"","","","",1.,1,120,1,"","","","","","","","","","","","","","","","","","","","","","","","","","","","",10.1,1,"","","","","","","","","","","","","","","","","","","","","","","","","","","","","","","","","","","","","","","","","","","","",1018.5,1,1000.1,1,"","","",1,"","","","","","","","","","","","","","","","","","","","","","","","","","","","","","","","","","","","","","","","","","","","","","","","","","","","","","","","","","","","","","","","","","","","","","","","","","","","","","","","","","","","","","","","","","","","","","","","","","","","","","","","","","","",""
"31069001","TOULOUSE-BLAGNAC",43.621,1.378833,151,1968052303,"","","","",1.,1,120,1,"","","","","","","","","","","","","","","","","","","","","","","","","","","","",8.5,1,"","","","","","","","","","","","","","","","","","","","","","","","","","","","","","","","","","","","","","","","","","","","","","","","","","","","","","","","","","","","","","","","","","","","","","","","","","","","","","","","","","","","","","","","","","","","","","","","","","","","","","","","","","","","","","","","","","","","","","","","","","","","","","","","","","","","","","","","","","","","","","","","","","","","","","","","","","","","","","","",""
"31069001","TOULOUSE-BLAGNAC",43.621,1.378833,151,1968052306,"","","","",3.,1,120,1,"","","","","","","","","","","","","","","","","","","","","","","","","","","","",10.4,1,"","","","","","","","","","","","","","","","","","","","","","","","","","","","","","","","","","","","","","","","","","","","",1018.5,1,1000.1,1,"","","",1,"","","","","","","","","","","","","","","","","","","","","","","","","","","","","","","","","","","","","","","","","","","","","","","","","","","","","","","","","","","","","","","","","","","","","","","","","","","","","","","","","","","","","","","","","","","","","","","","","","","","","","","","","","","",""
"31069001","TOULOUSE-BLAGNAC",43.621,1.378833,151,1968052309,"","","","",5.,1,140,1,"","","","","","","","","","","","","","","","","","","","","","","","","","","","",15.7,1,"","","","","","","","","","","","","","","","","","","","","","","","","","","","","","","","","","","","","","","","","","","","","","","","","","","","","","","","","","","","","","","","","","","","","","","","","","","","","","","","","","","","","","","","","","","","","","","","","","","","","","","","","","","","","","","","","","","","","","","","","","","","","","","","","","","","","","","","","","","","","","","","","","","","","","","","","","","","","","","",""
"31069001","TOULOUSE-BLAGNAC",43.621,1.378833,151,1968052312,"","","","",5.,1,140,1,"","","","","","","","","","","","","","","","","","","","","","","","","","","","",17.2,1,"","","","","","","","","","","","","","","","","","","","","","","","","","","","","","","","","","","","","","","","","","","","",1018.2,1,1000.3,1,"","","",1,"","","","","","","","","","","","","","","","","","","","","","","","","","","","","","","","","","","","","","","","","","","","","","","","","","","","","","","","","","","","","","","","","","","","","","","","","","","","","","","","","","","","","","","","","","","","","","","","","","","","","","","","","","","",""
"31069001","TOULOUSE-BLAGNAC",43.621,1.378833,151,1968052315,"","","","",5.,1,140,1,"","","","","","","","","","","","","","","","","","","","","","","","","","","","",18.3,1,"","","","","","","","","","","","","","","","","","","","","","","","","","","","","","","","","","","","","","","","","","","","","","","","","","","","","","","","","","","","","","","","","","","","","","","","","","","","","","","","","","","","","","","","","","","","","","","","","","","","","","","","","","","","","","","","","","","","","","","","","","","","","","","","","","","","","","","","","","","","","","","","","","","","","","","","","","","","","","","",""
"31069001","TOULOUSE-BLAGNAC",43.621,1.378833,151,1968052318,"","","","",5.,1,140,1,"","","","","","","","","","","","","","","","","","","","","","","","","","","","",17.,1,11.2,1,"","","","","","","","","","","","","","","","","","","","","","","","","","",70,1,"","","","","","","","","","","","",13.6,1,1017.7,1,999.8,1,"","","",1,"","","","","","","","","","","","","","","","","","","","","","","","","","","","","","","","","","","","","","","","","","","","","","","","","","","","","","","","","","","","","","","","","","","","","","","","","","","","","","","","","","","","","","","","","","","","","","","","","","","","","","","","","","","",""
"31069001","TOULOUSE-BLAGNAC",43.621,1.378833,151,1968052321,"","","","",5.,1,140,1,"","","","","","","","","","","","","","","","","","","","","","","","","","","","",14.6,1,11.2,1,"","","","","","","","","","","","","","","","","","","","","","","","","","",82,1,"","","","","","","","","","","","",13.6,1,"","","","","","","","","","","","","","","","","","","","","","","","","","","","","","","","","","","","","","","","","","","","","","","","","","","","","","","","","","","","","","","","","","","","","","","","","","","","","","","","","","","","","","","","","","","","","","","","","","","","","","","","","","","","","","","","","","","",""
"31069001","TOULOUSE-BLAGNAC",43.621,1.378833,151,1968052400,"","","","",3.,1,120,1,"","","","","","","","","","","","","","","","","","","","","","","","","","","","",14.1,1,12.,1,"","","","","","","","","","","","","","","","","","","","","","","","","","",89,1,"","","","","","","","","","","","",14.3,1,1017.9,1,999.8,1,"","","",1,"","","","","","","","","","","","","","","","","","","","","","","","","","","","","","","","","","","","","","","","","","","","","","","","","","","","","","","","","","","","","","","","","","","","","","","","","","","","","","","","","","","","","","","","","","","","","","","","","","","","","","","","","","","",""
"31069001","TOULOUSE-BLAGNAC",43.621,1.378833,151,1968052403,"","","","",3.,1,140,1,"","","","","","","","","","","","","","","","","","","","","","","","","","","","",13.3,1,11.9,1,"","","","","","","","","","","","","","","","","","","","","","","","","","",93,1,"","","","","","","","","","","","",14.2,1,"","","","","","","","","","","","","","","","","","","","","","","","","","","","","","","","","","","","","","","","","","","","","","","","","","","","","","","","","","","","","","","","","","","","","","","","","","","","","","","","","","","","","","","","","","","","","","","","","","","","","","","","","","","","","","","","","","","",""
"31069001","TOULOUSE-BLAGNAC",43.621,1.378833,151,1968052406,"","","","",5.,1,140,1,"","","","","","","","","","","","","","","","","","","","","","","","","","","","",14.,1,11.5,1,"","","","","","","","","","","","","","","","","","","","","","","","","","",87,1,"","","","","","","","","","","","",13.9,1,1021.9,1,1003.7,1,"","","",1,"","","","","","","","","","","","","","","","","","","","","","","","","","","","","","","","","","","","","","","","","","","","","","","","","","","","","","","","","","","","","","","","","","","","","","","","","","","","","","","","","","","","","","","","","","","","","","","","","","","","","","","","","","","",""
"31069001","TOULOUSE-BLAGNAC",43.621,1.378833,151,1968052409,"","","","",6.,1,140,1,"","","","","","","","","","","","","","","","","","","","","","","","","","","","",17.5,1,11.6,1,"","","","","","","","","","","","","","","","","","","","","","","","","","",70,1,"","","","","","","","","","","","",14.,1,"","","","","","","","","","","","","","","","","","","","","","","","","","","","","","","","","","","","","","","","","","","","","","","","","","","","","","","","","","","","","","","","","","","","","","","","","","","","","","","","","","","","","","","","","","","","","","","","","","","","","","","","","","","","","","","","","","","",""
"31069001","TOULOUSE-BLAGNAC",43.621,1.378833,151,1968052412,"","","","",6.,1,140,1,"","","","","","","","","","","","","","","","","","","","","","","","","","","","",21.1,1,14.1,1,"","","","","","","","","","","","","","","","","","","","","","","","","","",66,1,"","","","","","","","","","","","",16.5,1,1016.2,1,998.6,1,"","","",1,"","","","","","","","","","","","","","","","","","","","","","","","","","","","","","","","","","","","","","","","","","","","","","","","","","","","","","","","","","","","","","","","","","","","","","","","","","","","","","","","","","","","","","","","","","","","","","","","","","","","","","","","","","","",""
"31069001","TOULOUSE-BLAGNAC",43.621,1.378833,151,1968052415,"","","","",4.,1,180,1,"","","","","","","","","","","","","","","","","","","","","","","","","","","","",20.3,1,12.7,1,"","","","","","","","","","","","","","","","","","","","","","","","","","",63,1,"","","","","","","","","","","","",15.,1,"","","","","","","","","","","","","","","","","","","","","","","","","","","","","","","","","","","","","","","","","","","","","","","","","","","","","","","","","","","","","","","","","","","","","","","","","","","","","","","","","","","","","","","","","","","","","","","","","","","","","","","","","","","","","","","","","","","",""
"31069001","TOULOUSE-BLAGNAC",43.621,1.378833,151,1968052418,"","","","",3.,1,160,1,"","","","","","","","","","","","","","","","","","","","","","","","","","","","",18.1,1,13.7,1,"","","","","","","","","","","","","","","","","","","","","","","","","","",78,1,"","","","","","","","","","","","",16.1,1,1015.7,1,997.9,1,"","","",1,"","","","","","","","","","","","","","","","","","","","","","","","","","","","","","","","","","","","","","","","","","","","","","","","","","","","","","","","","","","","","","","","","","","","","","","","","","","","","","","","","","","","","","","","","","","","","","","","","","","","","","","","","","","",""
"31069001","TOULOUSE-BLAGNAC",43.621,1.378833,151,1968052421,"","","","",1.,1,160,1,"","","","","","","","","","","","","","","","","","","","","","","","","","","","",15.8,1,14.5,1,"","","","","","","","","","","","","","","","","","","","","","","","","","",93,1,"","","","","","","","","","","","",17.,1,"","","","","","","","","","","","","","","","","","","","","","","","","","","","","","","","","","","","","","","","","","","","","","","","","","","","","","","","","","","","","","","","","","","","","","","","","","","","","","","","","","","","","","","","","","","","","","","","","","","","","","","","","","","","","","","","","","","",""
"31069001","TOULOUSE-BLAGNAC",43.621,1.378833,151,1968052500,"","","","",2.,1,200,1,"","","","","","","","","","","","","","","","","","","","","","","","","","","","",14.3,1,13.2,1,"","","","","","","","","","","","","","","","","","","","","","","","","","",96,1,"","","","","","","","","","","","",15.6,1,1015.,1,997.,1,"","","",1,"","","","","","","","","","","","","","","","","","","","","","","","","","","","","","","","","","","","","","","","","","","","","","","","","","","","","","","","","","","","","","","","","","","","","","","","","","","","","","","","","","","","","","","","","","","","","","","","","","","","","","","","","","","",""
"31069001","TOULOUSE-BLAGNAC",43.621,1.378833,151,1968052503,"","","","",8.,1,300,1,"","","","","","","","","","","","","","","","","","","","","","","","","","","","",13.9,1,12.5,1,"","","","","","","","","","","","","","","","","","","","","","","","","","",93,1,"","","","","","","","","","","","",14.8,1,"","","","","","","","","","","","","","","","","","","","","","","","","","","","","","","","","","","","","","","","","","","","","","","","","","","","","","","","","","","","","","","","","","","","","","","","","","","","","","","","","","","","","","","","","","","","","","","","","","","","","","","","","","","","","","","","","","","",""
"31069001","TOULOUSE-BLAGNAC",43.621,1.378833,151,1968052506,"","","","",6.,1,260,1,"","","","","","","","","","","","","","","","","","","","","","","","","","","","",13.5,1,11.7,1,"","","","","","","","","","","","","","","","","","","","","","","","","","",91,1,"","","","","","","","","","","","",14.1,1,1018.5,1,1000.4,1,"","","",1,"","","","","","","","","","","","","","","","","","","","","","","","","","","","","","","","","","","","","","","","","","","","","","","","","","","","","","","","","","","","","","","","","","","","","","","","","","","","","","","","","","","","","","","","","","","","","","","","","","","","","","","","","","","",""
"31069001","TOULOUSE-BLAGNAC",43.621,1.378833,151,1968052509,"","","","",5.,1,280,1,"","","","","","","","","","","","","","","","","","","","","","","","","","","","",16.3,1,9.4,1,"","","","","","","","","","","","","","","","","","","","","","","","","","",65,1,"","","","","","","","","","","","",12.,1,"","","","","","","","","","","","","","","","","","","","","","","","","","","","","","","","","","","","","","","","","","","","","","","","","","","","","","","","","","","","","","","","","","","","","","","","","","","","","","","","","","","","","","","","","","","","","","","","","","","","","","","","","","","","","","","","","","","",""
"31069001","TOULOUSE-BLAGNAC",43.621,1.378833,151,1968052512,"","","","",7.,1,300,1,"","","","","","","","","","","","","","","","","","","","","","","","","","","","",18.3,1,8.3,1,"","","","","","","","","","","","","","","","","","","","","","","","","","",53,1,"","","","","","","","","","","","",11.1,1,1019.9,1,1002.,1,"","","",1,"","","","","","","","","","","","","","","","","","","","","","","","","","","","","","","","","","","","","","","","","","","","","","","","","","","","","","","","","","","","","","","","","","","","","","","","","","","","","","","","","","","","","","","","","","","","","","","","","","","","","","","","","","","",""
"31069001","TOULOUSE-BLAGNAC",43.621,1.378833,151,1968052515,"","","","",7.,1,300,1,"","","","","","","","","","","","","","","","","","","","","","","","","","","","",18.8,1,"","","","","","","","","","","","","","","","","","","","","","","","","","","","","","","","","","","","","","","","","","","","","","","","","","","","","","","","","","","","","","","","","","","","","","","","","","","","","","","","","","","","","","","","","","","","","","","","","","","","","","","","","","","","","","","","","","","","","","","","","","","","","","","","","","","","","","","","","","","","","","","","","","","","","","","","","","","","","","","",""
"31069001","TOULOUSE-BLAGNAC",43.621,1.378833,151,1968052518,"","","","",6.,1,280,1,"","","","","","","","","","","","","","","","","","","","","","","","","","","","",17.,1,"","","","","","","","","","","","","","","","","","","","","","","","","","","","","","","","","","","","","","","","","","","","",1021.5,1,1003.5,1,"","","",1,"","","","","","","","","","","","","","","","","","","","","","","","","","","","","","","","","","","","","","","","","","","","","","","","","","","","","","","","","","","","","","","","","","","","","","","","","","","","","","","","","","","","","","","","","","","","","","","","","","","","","","","","","","","",""
"31069001","TOULOUSE-BLAGNAC",43.621,1.378833,151,1968052521,"","","","",3.,1,280,1,"","","","","","","","","","","","","","","","","","","","","","","","","","","","",12.5,1,"","","","","","","","","","","","","","","","","","","","","","","","","","","","","","","","","","","","","","","","","","","","","","","","","","","","","","","","","","","","","","","","","","","","","","","","","","","","","","","","","","","","","","","","","","","","","","","","","","","","","","","","","","","","","","","","","","","","","","","","","","","","","","","","","","","","","","","","","","","","","","","","","","","","","","","","","","","","","","","",""
"31069001","TOULOUSE-BLAGNAC",43.621,1.378833,151,1968052600,"","","","",2.,1,280,1,"","","","","","","","","","","","","","","","","","","","","","","","","","","","",10.3,1,"","","","","","","","","","","","","","","","","","","","","","","","","","","","","","","","","","","","","","","","","","","","",1021.4,1,1003.,1,"","","",1,"","","","","","","","","","","","","","","","","","","","","","","","","","","","","","","","","","","","","","","","","","","","","","","","","","","","","","","","","","","","","","","","","","","","","","","","","","","","","","","","","","","","","","","","","","","","","","","","","","","","","","","","","","","",""
"31069001","TOULOUSE-BLAGNAC",43.621,1.378833,151,1968052603,"","","","",1.,1,180,1,"","","","","","","","","","","","","","","","","","","","","","","","","","","","",8.2,1,"","","","","","","","","","","","","","","","","","","","","","","","","","","","","","","","","","","","","","","","","","","","","","","","","","","","","","","","","","","","","","","","","","","","","","","","","","","","","","","","","","","","","","","","","","","","","","","","","","","","","","","","","","","","","","","","","","","","","","","","","","","","","","","","","","","","","","","","","","","","","","","","","","","","","","","","","","","","","","","",""
"31069001","TOULOUSE-BLAGNAC",43.621,1.378833,151,1968052606,"","","","",1.,1,180,1,"","","","","","","","","","","","","","","","","","","","","","","","","","","","",10.9,1,"","","","","","","","","","","","","","","","","","","","","","","","","","","","","","","","","","","","","","","","","","","","",1017.2,1,998.9,1,"","","",1,"","","","","","","","","","","","","","","","","","","","","","","","","","","","","","","","","","","","","","","","","","","","","","","","","","","","","","","","","","","","","","","","","","","","","","","","","","","","","","","","","","","","","","","","","","","","","","","","","","","","","","","","","","","",""
"31069001","TOULOUSE-BLAGNAC",43.621,1.378833,151,1968052609,"","","","",1.,1,120,1,"","","","","","","","","","","","","","","","","","","","","","","","","","","","",16.5,1,8.4,1,"","","","","","","","","","","","","","","","","","","","","","","","","","",60,1,"","","","","","","","","","","","",11.2,1,"","","","","","","","","","","","","","","","","","","","","","","","","","","","","","","","","","","","","","","","","","","","","","","","","","","","","","","","","","","","","","","","","","","","","","","","","","","","","","","","","","","","","","","","","","","","","","","","","","","","","","","","","","","","","","","","","","","",""
"31069001","TOULOUSE-BLAGNAC",43.621,1.378833,151,1968052612,"","","","",3.,1,180,1,"","","","","","","","","","","","","","","","","","","","","","","","","","","","",20.4,1,6.2,1,"","","","","","","","","","","","","","","","","","","","","","","","","","",40,1,"","","","","","","","","","","","",9.6,1,1011.8,1,994.2,1,"","","",1,"","","","","","","","","","","","","","","","","","","","","","","","","","","","","","","","","","","","","","","","","","","","","","","","","","","","","","","","","","","","","","","","","","","","","","","","","","","","","","","","","","","","","","","","","","","","","","","","","","","","","","","","","","","",""
"31069001","TOULOUSE-BLAGNAC",43.621,1.378833,151,1968052615,"","","","",0.,1,0,1,"","","","","","","","","","","","","","","","","","","","","","","","","","","","","","","","","","","","","","","","","","","","","","","","","","","","","","","","","","",34,1,"","","","","","","","","","","","","","","","","","","","","","","","","","","","","","","","","","","","","","","","","","","","","","","","","","","","","","","","","","","","","","","","","","","","","","","","","","","","","","","","","","","","","","","","","","","","","","","","","","","","","","","","","","","","","","","","","","","","","","","","","","","","","","","","","",""
"31069001","TOULOUSE-BLAGNAC",43.621,1.378833,151,1968052618,"","","","",0.,1,0,1,"","","","","","","","","","","","","","","","","","","","","","","","","","","","","","","","","","","","","","","","","","","","","","","","","","","","","","","","","","",40,1,"","","","","","","","","","","","","","","","","","","","","","","","","","","","","","","","","","","","","","","","","","","","","","","","","","","","","","","","","","","","","","","","","","","","","","","","","","","","","","","","","","","","","","","","","","","","","","","","","","","","","","","","","","","","","","","","","","","","","","","","","","","","","","","","","",""
"31069001","TOULOUSE-BLAGNAC",43.621,1.378833,151,1968052621,"","","","",8.,1,320,1,"","","","","","","","","","","","","","","","","","","","","","","","","","","","","","","","","","","","","","","","","","","","","","","","","","","","","","","","","","",91,1,"","","","","","","","","","","","","","","","","","","","","","","","","","","","","","","","","","","","","","","","","","","","","","","","","","","","","","","","","","","","","","","","","","","","","","","","","","","","","","","","","","","","","","","","","","","","","","","","","","","","","","","","","","","","","","","","","","","","","","","","","","","","","","","","","",""
"31069001","TOULOUSE-BLAGNAC",43.621,1.378833,151,1968052700,"","","","",2.,1,220,1,"","","","","","","","","","","","","","","","","","","","","","","","","","","","","","","","","","","","","","","","","","","","","","","","","","","","","","","","","","",96,1,"","","","","","","","","","","","","","","","","","","","","","","","","","","","","","","","","","","","","","","","","","","","","","","","","","","","","","","","","","","","","","","","","","","","","","","","","","","","","","","","","","","","","","","","","","","","","","","","","","","","","","","","","","","","","","","","","","","","","","","","","","","","","","","","","",""
"31069001","TOULOUSE-BLAGNAC",43.621,1.378833,151,1968052703,"","","","",1.,1,160,1,"","","","","","","","","","","","","","","","","","","","","","","","","","","","","","","","","","","","","","","","","","","","","","","","","","","","","","","","","","",95,1,"","","","","","","","","","","","","","","","","","","","","","","","","","","","","","","","","","","","","","","","","","","","","","","","","","","","","","","","","","","","","","","","","","","","","","","","","","","","","","","","","","","","","","","","","","","","","","","","","","","","","","","","","","","","","","","","","","","","","","","","","","","","","","","","","",""
"31069001","TOULOUSE-BLAGNAC",43.621,1.378833,151,1968052706,"","","","",0.,1,0,1,"","","","","","","","","","","","","","","","","","","","","","","","","","","","","","","","","","","","","","","","","","","","","","","","","","","","","","","","","","",95,1,"","","","","","","","","","","","","","","","","","","","","","","","","","","","","","","","","","","","","","","","","","","","","","","","","","","","","","","","","","","","","","","","","","","","","","","","","","","","","","","","","","","","","","","","","","","","","","","","","","","","","","","","","","","","","","","","","","","","","","","","","","","","","","","","","",""
"31069001","TOULOUSE-BLAGNAC",43.621,1.378833,151,1968052709,"","","","",1.,1,300,1,"","","","","","","","","","","","","","","","","","","","","","","","","","","","",14.5,1,9.9,1,"","","","","","","","","","","","","","","","","","","","","","","","","","",75,1,"","","","","","","","","","","","",12.4,1,"","","","","","","","","","","","","","","","","","","","","","","","","","","","","","","","","","","","","","","","","","","","","","","","","","","","","","","","","","","","","","","","","","","","","","","","","","","","","","","","","","","","","","","","","","","","","","","","","","","","","","","","","","","","","","","","","","","",""
"31069001","TOULOUSE-BLAGNAC",43.621,1.378833,151,1968052712,"","","","",5.,1,320,1,"","","","","","","","","","","","","","","","","","","","","","","","","","","","",16.1,1,8.5,1,"","","","","","","","","","","","","","","","","","","","","","","","","","",62,1,"","","","","","","","","","","","",11.3,1,1014.8,1,996.9,1,"","","",1,"","","","","","","","","","","","","","","","","","","","","","","","","","","","","","","","","","","","","","","","","","","","","","","","","","","","","","","","","","","","","","","","","","","","","","","","","","","","","","","","","","","","","","","","","","","","","","","","","","","","","","","","","","","",""
"31069001","TOULOUSE-BLAGNAC",43.621,1.378833,151,1968052715,"","","","",4.,1,300,1,"","","","","","","","","","","","","","","","","","","","","","","","","","","","",17.1,1,6.5,1,"","","","","","","","","","","","","","","","","","","","","","","","","","",50,1,"","","","","","","","","","","","",9.8,1,"","","","","","","","","","","","","","","","","","","","","","","","","","","","","","","","","","","","","","","","","","","","","","","","","","","","","","","","","","","","","","","","","","","","","","","","","","","","","","","","","","","","","","","","","","","","","","","","","","","","","","","","","","","","","","","","","","","",""
"31069001","TOULOUSE-BLAGNAC",43.621,1.378833,151,1968052718,"","","","",2.,1,280,1,"","","","","","","","","","","","","","","","","","","","","","","","","","","","",13.7,1,11.7,1,"","","","","","","","","","","","","","","","","","","","","","","","","","",90,1,"","","","","","","","","","","","",14.1,1,1015.9,1,997.8,1,"","","",1,"","","","","","","","","","","","","","","","","","","","","","","","","","","","","","","","","","","","","","","","","","","","","","","","","","","","","","","","","","","","","","","","","","","","","","","","","","","","","","","","","","","","","","","","","","","","","","","","","","","","","","","","","","","",""
"31069001","TOULOUSE-BLAGNAC",43.621,1.378833,151,1968052721,"","","","",4.,1,260,1,"","","","","","","","","","","","","","","","","","","","","","","","","","","","",12.3,1,11.,1,"","","","","","","","","","","","","","","","","","","","","","","","","","",94,1,"","","","","","","","","","","","",13.4,1,"","","","","","","","","","","","","","","","","","","","","","","","","","","","","","","","","","","","","","","","","","","","","","","","","","","","","","","","","","","","","","","","","","","","","","","","","","","","","","","","","","","","","","","","","","","","","","","","","","","","","","","","","","","","","","","","","","","",""
"31069001","TOULOUSE-BLAGNAC",43.621,1.378833,151,1968052800,"","","","",2.,1,220,1,"","","","","","","","","","","","","","","","","","","","","","","","","","","","",11.8,1,10.7,1,"","","","","","","","","","","","","","","","","","","","","","","","","","",95,1,"","","","","","","","","","","","",13.1,1,1018.5,1,1000.2,1,"","","",1,"","","","","","","","","","","","","","","","","","","","","","","","","","","","","","","","","","","","","","","","","","","","","","","","","","","","","","","","","","","","","","","","","","","","","","","","","","","","","","","","","","","","","","","","","","","","","","","","","","","","","","","","","","","",""
"31069001","TOULOUSE-BLAGNAC",43.621,1.378833,151,1968052803,"","","","",2.,1,280,1,"","","","","","","","","","","","","","","","","","","","","","","","","","","","",11.4,1,10.6,1,"","","","","","","","","","","","","","","","","","","","","","","","","","",96,1,"","","","","","","","","","","","",13.,1,"","","","","","","","","","","","","","","","","","","","","","","","","","","","","","","","","","","","","","","","","","","","","","","","","","","","","","","","","","","","","","","","","","","","","","","","","","","","","","","","","","","","","","","","","","","","","","","","","","","","","","","","","","","","","","","","","","","",""
"31069001","TOULOUSE-BLAGNAC",43.621,1.378833,151,1968052806,"","","","",3.,1,280,1,"","","","","","","","","","","","","","","","","","","","","","","","","","","","",12.2,1,11.1,1,"","","","","","","","","","","","","","","","","","","","","","","","","","",95,1,"","","","","","","","","","","","",13.5,1,1019.8,1,1001.5,1,"","","",1,"","","","","","","","","","","","","","","","","","","","","","","","","","","","","","","","","","","","","","","","","","","","","","","","","","","","","","","","","","","","","","","","","","","","","","","","","","","","","","","","","","","","","","","","","","","","","","","","","","","","","","","","","","","",""
"31069001","TOULOUSE-BLAGNAC",43.621,1.378833,151,1968052809,"","","","",3.,1,280,1,"","","","","","","","","","","","","","","","","","","","","","","","","","","","",14.4,1,12.,1,"","","","","","","","","","","","","","","","","","","","","","","","","","",87,1,"","","","","","","","","","","","",14.3,1,"","","","","","","","","","","","","","","","","","","","","","","","","","","","","","","","","","","","","","","","","","","","","","","","","","","","","","","","","","","","","","","","","","","","","","","","","","","","","","","","","","","","","","","","","","","","","","","","","","","","","","","","","","","","","","","","","","","",""
"31069001","TOULOUSE-BLAGNAC",43.621,1.378833,151,1968052812,"","","","",3.,1,280,1,"","","","","","","","","","","","","","","","","","","","","","","","","","","","",17.7,1,10.9,1,"","","","","","","","","","","","","","","","","","","","","","","","","","",66,1,"","","","","","","","","","","","",13.3,1,1020.7,1,1002.8,1,"","","",1,"","","","","","","","","","","","","","","","","","","","","","","","","","","","","","","","","","","","","","","","","","","","","","","","","","","","","","","","","","","","","","","","","","","","","","","","","","","","","","","","","","","","","","","","","","","","","","","","","","","","","","","","","","","",""
"31069001","TOULOUSE-BLAGNAC",43.621,1.378833,151,1968052815,"","","","",4.,1,300,1,"","","","","","","","","","","","","","","","","","","","","","","","","","","","",18.,1,12.1,1,"","","","","","","","","","","","","","","","","","","","","","","","","","",70,1,"","","","","","","","","","","","",14.4,1,"","","","","","","","","","","","","","","","","","","","","","","","","","","","","","","","","","","","","","","","","","","","","","","","","","","","","","","","","","","","","","","","","","","","","","","","","","","","","","","","","","","","","","","","","","","","","","","","","","","","","","","","","","","","","","","","","","","",""
"31069001","TOULOUSE-BLAGNAC",43.621,1.378833,151,1968052818,"","","","",5.,1,280,1,"","","","","","","","","","","","","","","","","","","","","","","","","","","","",16.,1,14.6,1,"","","","","","","","","","","","","","","","","","","","","","","","","","",94,1,"","","","","","","","","","","","",17.1,1,1021.1,1,1003.1,1,"","","",1,"","","","","","","","","","","","","","","","","","","","","","","","","","","","","","","","","","","","","","","","","","","","","","","","","","","","","","","","","","","","","","","","","","","","","","","","","","","","","","","","","","","","","","","","","","","","","","","","","","","","","","","","","","","",""
"31069001","TOULOUSE-BLAGNAC",43.621,1.378833,151,1968052821,"","","","",6.,1,280,1,"","","","","","","","","","","","","","","","","","","","","","","","","","","","",15.1,1,14.,1,"","","","","","","","","","","","","","","","","","","","","","","","","","",96,1,"","","","","","","","","","","","",16.4,1,"","","","","","","","","","","","","","","","","","","","","","","","","","","","","","","","","","","","","","","","","","","","","","","","","","","","","","","","","","","","","","","","","","","","","","","","","","","","","","","","","","","","","","","","","","","","","","","","","","","","","","","","","","","","","","","","","","","",""
"31069001","TOULOUSE-BLAGNAC",43.621,1.378833,151,1968052900,"","","","",3.,1,280,1,"","","","","","","","","","","","","","","","","","","","","","","","","","","","",14.5,1,13.3,1,"","","","","","","","","","","","","","","","","","","","","","","","","","",95,1,"","","","","","","","","","","","",15.7,1,1021.7,1,1003.6,1,"","","",1,"","","","","","","","","","","","","","","","","","","","","","","","","","","","","","","","","","","","","","","","","","","","","","","","","","","","","","","","","","","","","","","","","","","","","","","","","","","","","","","","","","","","","","","","","","","","","","","","","","","","","","","","","","","",""
"31069001","TOULOUSE-BLAGNAC",43.621,1.378833,151,1968052903,"","","","",2.,1,260,1,"","","","","","","","","","","","","","","","","","","","","","","","","","","","",14.8,1,13.6,1,"","","","","","","","","","","","","","","","","","","","","","","","","","",95,1,"","","","","","","","","","","","",16.,1,"","","","","","","","","","","","","","","","","","","","","","","","","","","","","","","","","","","","","","","","","","","","","","","","","","","","","","","","","","","","","","","","","","","","","","","","","","","","","","","","","","","","","","","","","","","","","","","","","","","","","","","","","","","","","","","","","","","",""
"31069001","TOULOUSE-BLAGNAC",43.621,1.378833,151,1968052906,"","","","",3.,1,260,1,"","","","","","","","","","","","","","","","","","","","","","","","","","","","",15.2,1,14.,1,"","","","","","","","","","","","","","","","","","","","","","","","","","",95,1,"","","","","","","","","","","","",16.4,1,1021.3,1,1003.2,1,"","","",1,"","","","","","","","","","","","","","","","","","","","","","","","","","","","","","","","","","","","","","","","","","","","","","","","","","","","","","","","","","","","","","","","","","","","","","","","","","","","","","","","","","","","","","","","","","","","","","","","","","","","","","","","","","","",""
"31069001","TOULOUSE-BLAGNAC",43.621,1.378833,151,1968052909,"","","","",5.,1,280,1,"","","","","","","","","","","","","","","","","","","","","","","","","","","","",15.3,1,13.8,1,"","","","","","","","","","","","","","","","","","","","","","","","","","",93,1,"","","","","","","","","","","","",16.2,1,"","","","","","","","","","","","","","","","","","","","","","","","","","","","","","","","","","","","","","","","","","","","","","","","","","","","","","","","","","","","","","","","","","","","","","","","","","","","","","","","","","","","","","","","","","","","","","","","","","","","","","","","","","","","","","","","","","","",""
"31069001","TOULOUSE-BLAGNAC",43.621,1.378833,151,1968052912,"","","","",6.,1,280,1,"","","","","","","","","","","","","","","","","","","","","","","","","","","","",15.8,1,13.9,1,"","","","","","","","","","","","","","","","","","","","","","","","","","",91,1,"","","","","","","","","","","","",16.3,1,1021.7,1,1003.7,1,"","","",1,"","","","","","","","","","","","","","","","","","","","","","","","","","","","","","","","","","","","","","","","","","","","","","","","","","","","","","","","","","","","","","","","","","","","","","","","","","","","","","","","","","","","","","","","","","","","","","","","","","","","","","","","","","","",""
"31069001","TOULOUSE-BLAGNAC",43.621,1.378833,151,1968052915,"","","","",6.,1,280,1,"","","","","","","","","","","","","","","","","","","","","","","","","","","","",15.5,1,14.,1,"","","","","","","","","","","","","","","","","","","","","","","","","","",93,1,"","","","","","","","","","","","",16.4,1,"","","","","","","","","","","","","","","","","","","","","","","","","","","","","","","","","","","","","","","","","","","","","","","","","","","","","","","","","","","","","","","","","","","","","","","","","","","","","","","","","","","","","","","","","","","","","","","","","","","","","","","","","","","","","","","","","","","",""
"31069001","TOULOUSE-BLAGNAC",43.621,1.378833,151,1968052918,"","","","",7.,1,260,1,"","","","","","","","","","","","","","","","","","","","","","","","","","","","",13.9,1,12.6,1,"","","","","","","","","","","","","","","","","","","","","","","","","","",94,1,"","","","","","","","","","","","",14.9,1,1021.3,1,1003.1,1,"","","",1,"","","","","","","","","","","","","","","","","","","","","","","","","","","","","","","","","","","","","","","","","","","","","","","","","","","","","","","","","","","","","","","","","","","","","","","","","","","","","","","","","","","","","","","","","","","","","","","","","","","","","","","","","","","",""
"31069001","TOULOUSE-BLAGNAC",43.621,1.378833,151,1968052921,"","","","",8.,1,280,1,"","","","","","","","","","","","","","","","","","","","","","","","","","","","",13.3,1,12.2,1,"","","","","","","","","","","","","","","","","","","","","","","","","","",95,1,"","","","","","","","","","","","",14.5,1,"","","","","","","","","","","","","","","","","","","","","","","","","","","","","","","","","","","","","","","","","","","","","","","","","","","","","","","","","","","","","","","","","","","","","","","","","","","","","","","","","","","","","","","","","","","","","","","","","","","","","","","","","","","","","","","","","","","",""
"31069001","TOULOUSE-BLAGNAC",43.621,1.378833,151,1968053000,"","","","",7.,1,280,1,"","","","","","","","","","","","","","","","","","","","","","","","","","","","",13.3,1,12.2,1,"","","","","","","","","","","","","","","","","","","","","","","","","","",95,1,"","","","","","","","","","","","",14.5,1,1020.9,1,1002.7,1,"","","",1,"","","","","","","","","","","","","","","","","","","","","","","","","","","","","","","","","","","","","","","","","","","","","","","","","","","","","","","","","","","","","","","","","","","","","","","","","","","","","","","","","","","","","","","","","","","","","","","","","","","","","","","","","","","",""
"31069001","TOULOUSE-BLAGNAC",43.621,1.378833,151,1968053003,"","","","",7.,1,280,1,"","","","","","","","","","","","","","","","","","","","","","","","","","","","",13.2,1,12.1,1,"","","","","","","","","","","","","","","","","","","","","","","","","","",95,1,"","","","","","","","","","","","",14.4,1,"","","","","","","","","","","","","","","","","","","","","","","","","","","","","","","","","","","","","","","","","","","","","","","","","","","","","","","","","","","","","","","","","","","","","","","","","","","","","","","","","","","","","","","","","","","","","","","","","","","","","","","","","","","","","","","","","","","",""
"31069001","TOULOUSE-BLAGNAC",43.621,1.378833,151,1968053006,"","","","",5.,1,280,1,"","","","","","","","","","","","","","","","","","","","","","","","","","","","",13.3,1,12.2,1,"","","","","","","","","","","","","","","","","","","","","","","","","","",95,1,"","","","","","","","","","","","",14.5,1,1020.,1,1001.8,1,"","","",1,"","","","","","","","","","","","","","","","","","","","","","","","","","","","","","","","","","","","","","","","","","","","","","","","","","","","","","","","","","","","","","","","","","","","","","","","","","","","","","","","","","","","","","","","","","","","","","","","","","","","","","","","","","","",""
"31069001","TOULOUSE-BLAGNAC",43.621,1.378833,151,1968053009,"","","","",6.,1,280,1,"","","","","","","","","","","","","","","","","","","","","","","","","","","","",14.6,1,12.8,1,"","","","","","","","","","","","","","","","","","","","","","","","","","",91,1,"","","","","","","","","","","","",15.1,1,"","","","","","","","","","","","","","","","","","","","","","","","","","","","","","","","","","","","","","","","","","","","","","","","","","","","","","","","","","","","","","","","","","","","","","","","","","","","","","","","","","","","","","","","","","","","","","","","","","","","","","","","","","","","","","","","","","","",""
"31069001","TOULOUSE-BLAGNAC",43.621,1.378833,151,1968053012,"","","","",6.,1,300,1,"","","","","","","","","","","","","","","","","","","","","","","","","","","","",15.9,1,12.8,1,"","","","","","","","","","","","","","","","","","","","","","","","","","",87,1,"","","","","","","","","","","","",15.1,1,1018.9,1,1000.9,1,"","","",1,"","","","","","","","","","","","","","","","","","","","","","","","","","","","","","","","","","","","","","","","","","","","","","","","","","","","","","","","","","","","","","","","","","","","","","","","","","","","","","","","","","","","","","","","","","","","","","","","","","","","","","","","","","","",""
"31069001","TOULOUSE-BLAGNAC",43.621,1.378833,151,1968053015,"","","","",6.,1,300,1,"","","","","","","","","","","","","","","","","","","","","","","","","","","","",16.6,1,13.3,1,"","","","","","","","","","","","","","","","","","","","","","","","","","",87,1,"","","","","","","","","","","","",15.7,1,"","","","","","","","","","","","","","","","","","","","","","","","","","","","","","","","","","","","","","","","","","","","","","","","","","","","","","","","","","","","","","","","","","","","","","","","","","","","","","","","","","","","","","","","","","","","","","","","","","","","","","","","","","","","","","","","","","","",""
"31069001","TOULOUSE-BLAGNAC",43.621,1.378833,151,1968053018,"","","","",4.,1,320,1,"","","","","","","","","","","","","","","","","","","","","","","","","","","","",16.5,1,13.2,1,"","","","","","","","","","","","","","","","","","","","","","","","","","",83,1,"","","","","","","","","","","","",15.5,1,1017.,1,999.1,1,"","","",1,"","","","","","","","","","","","","","","","","","","","","","","","","","","","","","","","","","","","","","","","","","","","","","","","","","","","","","","","","","","","","","","","","","","","","","","","","","","","","","","","","","","","","","","","","","","","","","","","","","","","","","","","","","","",""
"31069001","TOULOUSE-BLAGNAC",43.621,1.378833,151,1968053021,"","","","",4.,1,280,1,"","","","","","","","","","","","","","","","","","","","","","","","","","","","",15.4,1,13.2,1,"","","","","","","","","","","","","","","","","","","","","","","","","","",86,1,"","","","","","","","","","","","",15.5,1,"","","","","","","","","","","","","","","","","","","","","","","","","","","","","","","","","","","","","","","","","","","","","","","","","","","","","","","","","","","","","","","","","","","","","","","","","","","","","","","","","","","","","","","","","","","","","","","","","","","","","","","","","","","","","","","","","","","",""
"31069001","TOULOUSE-BLAGNAC",43.621,1.378833,151,1968053100,"","","","",2.,1,280,1,"","","","","","","","","","","","","","","","","","","","","","","","","","","","",14.2,1,12.9,1,"","","","","","","","","","","","","","","","","","","","","","","","","","",94,1,"","","","","","","","","","","","",15.2,1,1016.2,1,998.1,1,"","","",1,"","","","","","","","","","","","","","","","","","","","","","","","","","","","","","","","","","","","","","","","","","","","","","","","","","","","","","","","","","","","","","","","","","","","","","","","","","","","","","","","","","","","","","","","","","","","","","","","","","","","","","","","","","","",""
"31069001","TOULOUSE-BLAGNAC",43.621,1.378833,151,1968053103,"","","","",3.,1,300,1,"","","","","","","","","","","","","","","","","","","","","","","","","","","","",11.8,1,10.6,1,"","","","","","","","","","","","","","","","","","","","","","","","","","",94,1,"","","","","","","","","","","","",13.,1,"","","","","","","","","","","","","","","","","","","","","","","","","","","","","","","","","","","","","","","","","","","","","","","","","","","","","","","","","","","","","","","","","","","","","","","","","","","","","","","","","","","","","","","","","","","","","","","","","","","","","","","","","","","","","","","","","","","",""
"31069001","TOULOUSE-BLAGNAC",43.621,1.378833,151,1968053106,"","","","",5.,1,300,1,"","","","","","","","","","","","","","","","","","","","","","","","","","","","",13.6,1,12.2,1,"","","","","","","","","","","","","","","","","","","","","","","","","","",93,1,"","","","","","","","","","","","",14.5,1,1015.9,1,997.8,1,"","","",1,"","","","","","","","","","","","","","","","","","","","","","","","","","","","","","","","","","","","","","","","","","","","","","","","","","","","","","","","","","","","","","","","","","","","","","","","","","","","","","","","","","","","","","","","","","","","","","","","","","","","","","","","","","","",""
"31069001","TOULOUSE-BLAGNAC",43.621,1.378833,151,1968053109,"","","","",6.,1,280,1,"","","","","","","","","","","","","","","","","","","","","","","","","","","","",16.7,1,12.9,1,"","","","","","","","","","","","","","","","","","","","","","","","","","",80,1,"","","","","","","","","","","","",15.2,1,"","","","","","","","","","","","","","","","","","","","","","","","","","","","","","","","","","","","","","","","","","","","","","","","","","","","","","","","","","","","","","","","","","","","","","","","","","","","","","","","","","","","","","","","","","","","","","","","","","","","","","","","","","","","","","","","","","","",""
"31069001","TOULOUSE-BLAGNAC",43.621,1.378833,151,1968053112,"","","","",5.,1,280,1,"","","","","","","","","","","","","","","","","","","","","","","","","","","","",19.,1,"","","","","","","","","","","","","","","","","","","","","","","","","","","","","","","","","","","","","","","","","","","","",1015.8,1,998.1,1,"","","",1,"","","","","","","","","","","","","","","","","","","","","","","","","","","","","","","","","","","","","","","","","","","","","","","","","","","","","","","","","","","","","","","","","","","","","","","","","","","","","","","","","","","","","","","","","","","","","","","","","","","","","","","","","","","",""
"31069001","TOULOUSE-BLAGNAC",43.621,1.378833,151,1968053115,"","","","",2.,1,280,1,"","","","","","","","","","","","","","","","","","","","","","","","","","","","",20.2,1,"","","","","","","","","","","","","","","","","","","","","","","","","","","","","","","","","","","","","","","","","","","","","","","","","","","","","","","","","","","","","","","","","","","","","","","","","","","","","","","","","","","","","","","","","","","","","","","","","","","","","","","","","","","","","","","","","","","","","","","","","","","","","","","","","","","","","","","","","","","","","","","","","","","","","","","","","","","","","","","",""
"31069001","TOULOUSE-BLAGNAC",43.621,1.378833,151,1968053118,"","","","",1.,1,280,1,"","","","","","","","","","","","","","","","","","","","","","","","","","","","",19.7,1,"","","","","","","","","","","","","","","","","","","","","","","","","","","","","","","","","","","","","","","","","","","","",1016.7,1,999.,1,"","","",1,"","","","","","","","","","","","","","","","","","","","","","","","","","","","","","","","","","","","","","","","","","","","","","","","","","","","","","","","","","","","","","","","","","","","","","","","","","","","","","","","","","","","","","","","","","","","","","","","","","","","","","","","","","","",""
"31069001","TOULOUSE-BLAGNAC",43.621,1.378833,151,1968053121,"","","","",2.,1,280,1,"","","","","","","","","","","","","","","","","","","","","","","","","","","","",14.7,1,"","","","","","","","","","","","","","","","","","","","","","","","","","","","","","","","","","","","","","","","","","","","","","","","","","","","","","","","","","","","","","","","","","","","","","","","","","","","","","","","","","","","","","","","","","","","","","","","","","","","","","","","","","","","","","","","","","","","","","","","","","","","","","","","","","","","","","","","","","","","","","","","","","","","","","","","","","","","","","","",""
"31069001","TOULOUSE-BLAGNAC",43.621,1.378833,151,1968060100,"","","","",2.,1,260,1,"","","","","","","","","","","","","","","","","","","","","","","","","","","","",13.5,1,12.4,1,"","","","","","","","","","","","","","","","","","","","","","","","","","",95,1,"","","","","","","","","","","","",14.7,1,1016.6,1,998.5,1,"","","",1,"","","","","","","","","","","","","","","","","","","","","","","","","","","","","","","","","","","","","","","","","","","","","","","","","","","","","","","","","","","","","","","","","","","","","","","","","","","","","","","","","","","","","","","","","","","","","","","","","","","","","","","","","","","",""
"31069001","TOULOUSE-BLAGNAC",43.621,1.378833,151,1968060103,"","","","",2.,1,280,1,"","","","","","","","","","","","","","","","","","","","","","","","","","","","",13.,1,11.5,1,"","","","","","","","","","","","","","","","","","","","","","","","","","",93,1,"","","","","","","","","","","","",13.9,1,"","","","","","","","","","","","","","","","","","","","","","","","","","","","","","","","","","","","","","","","","","","","","","","","","","","","","","","","","","","","","","","","","","","","","","","","","","","","","","","","","","","","","","","","","","","","","","","","","","","","","","","","","","","","","","","","","","","",""
"31069001","TOULOUSE-BLAGNAC",43.621,1.378833,151,1968060106,"","","","",3.,1,280,1,"","","","","","","","","","","","","","","","","","","","","","","","","","","","",13.5,1,11.5,1,"","","","","","","","","","","","","","","","","","","","","","","","","","",90,1,"","","","","","","","","","","","",13.9,1,1015.9,1,997.8,1,"","","",1,"","","","","","","","","","","","","","","","","","","","","","","","","","","","","","","","","","","","","","","","","","","","","","","","","","","","","","","","","","","","","","","","","","","","","","","","","","","","","","","","","","","","","","","","","","","","","","","","","","","","","","","","","","","",""
"31069001","TOULOUSE-BLAGNAC",43.621,1.378833,151,1968060109,"","","","",3.,1,280,1,"","","","","","","","","","","","","","","","","","","","","","","","","","","","",17.,1,14.1,1,"","","","","","","","","","","","","","","","","","","","","","","","","","",85,1,"","","","","","","","","","","","",16.5,1,"","","","","","","","","","","","","","","","","","","","","","","","","","","","","","","","","","","","","","","","","","","","","","","","","","","","","","","","","","","","","","","","","","","","","","","","","","","","","","","","","","","","","","","","","","","","","","","","","","","","","","","","","","","","","","","","","","","",""
"31069001","TOULOUSE-BLAGNAC",43.621,1.378833,151,1968060112,"","","","",3.,1,300,1,"","","","","","","","","","","","","","","","","","","","","","","","","","","","",18.6,1,14.3,1,"","","","","","","","","","","","","","","","","","","","","","","","","","",78,1,"","","","","","","","","","","","",16.7,1,1014.6,1,996.9,1,"","","",1,"","","","","","","","","","","","","","","","","","","","","","","","","","","","","","","","","","","","","","","","","","","","","","","","","","","","","","","","","","","","","","","","","","","","","","","","","","","","","","","","","","","","","","","","","","","","","","","","","","","","","","","","","","","",""
"31069001","TOULOUSE-BLAGNAC",43.621,1.378833,151,1968060115,"","","","",5.,1,300,1,"","","","","","","","","","","","","","","","","","","","","","","","","","","","",20.3,1,"","","","","","","","","","","","","","","","","","","","","","","","","","","","","","","","","","","","","","","","","","","","","","","","","","","","","","","","","","","","","","","","","","","","","","","","","","","","","","","","","","","","","","","","","","","","","","","","","","","","","","","","","","","","","","","","","","","","","","","","","","","","","","","","","","","","","","","","","","","","","","","","","","","","","","","","","","","","","","","",""
"31069001","TOULOUSE-BLAGNAC",43.621,1.378833,151,1968060118,"","","","",4.,1,280,1,"","","","","","","","","","","","","","","","","","","","","","","","","","","","",19.,1,"","","","","","","","","","","","","","","","","","","","","","","","","","","","","","","","","","","","","","","","","","","","",1012.9,1,995.2,1,"","","",1,"","","","","","","","","","","","","","","","","","","","","","","","","","","","","","","","","","","","","","","","","","","","","","","","","","","","","","","","","","","","","","","","","","","","","","","","","","","","","","","","","","","","","","","","","","","","","","","","","","","","","","","","","","","",""
"31069001","TOULOUSE-BLAGNAC",43.621,1.378833,151,1968060121,"","","","",2.,1,220,1,"","","","","","","","","","","","","","","","","","","","","","","","","","","","",15.3,1,13.3,1,"","","","","","","","","","","","","","","","","","","","","","","","","","",90,1,"","","","","","","","","","","","",15.7,1,"","","","","","","","","","","","","","","","","","","","","","","","","","","","","","","","","","","","","","","","","","","","","","","","","","","","","","","","","","","","","","","","","","","","","","","","","","","","","","","","","","","","","","","","","","","","","","","","","","","","","","","","","","","","","","","","","","","",""
"31069001","TOULOUSE-BLAGNAC",43.621,1.378833,151,1968060200,"","","","",3.,1,260,1,"","","","","","","","","","","","","","","","","","","","","","","","","","","","",13.5,1,12.3,1,"","","","","","","","","","","","","","","","","","","","","","","","","","",95,1,"","","","","","","","","","","","",14.6,1,1014.5,1,996.4,1,"","","",1,"","","","","","","","","","","","","","","","","","","","","","","","","","","","","","","","","","","","","","","","","","","","","","","","","","","","","","","","","","","","","","","","","","","","","","","","","","","","","","","","","","","","","","","","","","","","","","","","","","","","","","","","","","","",""
"31069001","TOULOUSE-BLAGNAC",43.621,1.378833,151,1968060203,"","","","",5.,1,280,1,"","","","","","","","","","","","","","","","","","","","","","","","","","","","",13.3,1,11.9,1,"","","","","","","","","","","","","","","","","","","","","","","","","","",93,1,"","","","","","","","","","","","",14.2,1,"","","","","","","","","","","","","","","","","","","","","","","","","","","","","","","","","","","","","","","","","","","","","","","","","","","","","","","","","","","","","","","","","","","","","","","","","","","","","","","","","","","","","","","","","","","","","","","","","","","","","","","","","","","","","","","","","","","",""
"31069001","TOULOUSE-BLAGNAC",43.621,1.378833,151,1968060206,"","","","",5.,1,280,1,"","","","","","","","","","","","","","","","","","","","","","","","","","","","",13.8,1,11.2,1,"","","","","","","","","","","","","","","","","","","","","","","","","","",86,1,"","","","","","","","","","","","",13.6,1,1016.2,1,998.1,1,"","","",1,"","","","","","","","","","","","","","","","","","","","","","","","","","","","","","","","","","","","","","","","","","","","","","","","","","","","","","","","","","","","","","","","","","","","","","","","","","","","","","","","","","","","","","","","","","","","","","","","","","","","","","","","","","","",""
"31069001","TOULOUSE-BLAGNAC",43.621,1.378833,151,1968060209,"","","","",2.,1,280,1,"","","","","","","","","","","","","","","","","","","","","","","","","","","","",14.8,1,11.4,1,"","","","","","","","","","","","","","","","","","","","","","","","","","",82,1,"","","","","","","","","","","","",13.8,1,"","","","","","","","","","","","","","","","","","","","","","","","","","","","","","","","","","","","","","","","","","","","","","","","","","","","","","","","","","","","","","","","","","","","","","","","","","","","","","","","","","","","","","","","","","","","","","","","","","","","","","","","","","","","","","","","","","","",""
"31069001","TOULOUSE-BLAGNAC",43.621,1.378833,151,1968060212,"","","","",5.,1,300,1,"","","","","","","","","","","","","","","","","","","","","","","","","","","","",15.2,1,"","","","","","","","","","","","","","","","","","","","","","","","","","","","","","","","","","","","","","","","","","","","",1016.9,1,998.9,1,"","","",1,"","","","","","","","","","","","","","","","","","","","","","","","","","","","","","","","","","","","","","","","","","","","","","","","","","","","","","","","","","","","","","","","","","","","","","","","","","","","","","","","","","","","","","","","","","","","","","","","","","","","","","","","","","","",""
"31069001","TOULOUSE-BLAGNAC",43.621,1.378833,151,1968060215,"","","","",4.,1,280,1,"","","","","","","","","","","","","","","","","","","","","","","","","","","","",14.5,1,"","","","","","","","","","","","","","","","","","","","","","","","","","","","","","","","","","","","","","","","","","","","","","","","","","","","","","","","","","","","","","","","","","","","","","","","","","","","","","","","","","","","","","","","","","","","","","","","","","","","","","","","","","","","","","","","","","","","","","","","","","","","","","","","","","","","","","","","","","","","","","","","","","","","","","","","","","","","","","","",""
"31069001","TOULOUSE-BLAGNAC",43.621,1.378833,151,1968060218,"","","","",3.,1,260,1,"","","","","","","","","","","","","","","","","","","","","","","","","","","","",13.5,1,"","","","","","","","","","","","","","","","","","","","","","","","","","","","","","","","","","","","","","","","","","","","",1018.2,1,1000.,1,"","","",1,"","","","","","","","","","","","","","","","","","","","","","","","","","","","","","","","","","","","","","","","","","","","","","","","","","","","","","","","","","","","","","","","","","","","","","","","","","","","","","","","","","","","","","","","","","","","","","","","","","","","","","","","","","","",""
"31069001","TOULOUSE-BLAGNAC",43.621,1.378833,151,1968060221,"","","","",3.,1,260,1,"","","","","","","","","","","","","","","","","","","","","","","","","","","","",13.,1,"","","","","","","","","","","","","","","","","","","","","","","","","","","","","","","","","","","","","","","","","","","","","","","","","","","","","","","","","","","","","","","","","","","","","","","","","","","","","","","","","","","","","","","","","","","","","","","","","","","","","","","","","","","","","","","","","","","","","","","","","","","","","","","","","","","","","","","","","","","","","","","","","","","","","","","","","","","","","","","",""
"31069001","TOULOUSE-BLAGNAC",43.621,1.378833,151,1968060300,"","","","",4.,1,260,1,"","","","","","","","","","","","","","","","","","","","","","","","","","","","",12.5,1,"","","","","","","","","","","","","","","","","","","","","","","","","","","","","","","","","","","","","","","","","","","","",1019.6,1,1001.4,1,"","","",1,"","","","","","","","","","","","","","","","","","","","","","","","","","","","","","","","","","","","","","","","","","","","","","","","","","","","","","","","","","","","","","","","","","","","","","","","","","","","","","","","","","","","","","","","","","","","","","","","","","","","","","","","","","","",""
"31069001","TOULOUSE-BLAGNAC",43.621,1.378833,151,1968060303,"","","","",3.,1,260,1,"","","","","","","","","","","","","","","","","","","","","","","","","","","","",12.8,1,"","","","","","","","","","","","","","","","","","","","","","","","","","","","","","","","","","","","","","","","","","","","","","","","","","","","","","","","","","","","","","","","","","","","","","","","","","","","","","","","","","","","","","","","","","","","","","","","","","","","","","","","","","","","","","","","","","","","","","","","","","","","","","","","","","","","","","","","","","","","","","","","","","","","","","","","","","","","","","","",""
"31069001","TOULOUSE-BLAGNAC",43.621,1.378833,151,1968060306,"","","","",3.,1,260,1,"","","","","","","","","","","","","","","","","","","","","","","","","","","","",11.8,1,"","","","","","","","","","","","","","","","","","","","","","","","","","","","","","","","","","","","","","","","","","","","",1020.6,1,1002.3,1,"","","",1,"","","","","","","","","","","","","","","","","","","","","","","","","","","","","","","","","","","","","","","","","","","","","","","","","","","","","","","","","","","","","","","","","","","","","","","","","","","","","","","","","","","","","","","","","","","","","","","","","","","","","","","","","","","",""
"31069001","TOULOUSE-BLAGNAC",43.621,1.378833,151,1968060309,"","","","",4.,1,280,1,"","","","","","","","","","","","","","","","","","","","","","","","","","","","",13.,1,9.9,1,"","","","","","","","","","","","","","","","","","","","","","","","","","",83,1,"","","","","","","","","","","","",12.4,1,"","","","","","","","","","","","","","","","","","","","","","","","","","","","","","","","","","","","","","","","","","","","","","","","","","","","","","","","","","","","","","","","","","","","","","","","","","","","","","","","","","","","","","","","","","","","","","","","","","","","","","","","","","","","","","","","","","","",""
"31069001","TOULOUSE-BLAGNAC",43.621,1.378833,151,1968060312,"","","","",4.,1,220,1,"","","","","","","","","","","","","","","","","","","","","","","","","","","","",15.,1,9.3,1,"","","","","","","","","","","","","","","","","","","","","","","","","","",70,1,"","","","","","","","","","","","",11.9,1,1019.9,1,1001.8,1,"","","",1,"","","","","","","","","","","","","","","","","","","","","","","","","","","","","","","","","","","","","","","","","","","","","","","","","","","","","","","","","","","","","","","","","","","","","","","","","","","","","","","","","","","","","","","","","","","","","","","","","","","","","","","","","","","",""
"31069001","TOULOUSE-BLAGNAC",43.621,1.378833,151,1968060315,"","","","",7.,1,260,1,"","","","","","","","","","","","","","","","","","","","","","","","","","","","",16.,1,9.9,1,"","","","","","","","","","","","","","","","","","","","","","","","","","",68,1,"","","","","","","","","","","","",12.4,1,"","","","","","","","","","","","","","","","","","","","","","","","","","","","","","","","","","","","","","","","","","","","","","","","","","","","","","","","","","","","","","","","","","","","","","","","","","","","","","","","","","","","","","","","","","","","","","","","","","","","","","","","","","","","","","","","","","","",""
"31069001","TOULOUSE-BLAGNAC",43.621,1.378833,151,1968060318,"","","","",6.,1,260,1,"","","","","","","","","","","","","","","","","","","","","","","","","","","","",16.,1,"","","","","","","","","","","","","","","","","","","","","","","","","","","","","","","","","","","","","","","","","","","","",1019.7,1,1001.7,1,"","","",1,"","","","","","","","","","","","","","","","","","","","","","","","","","","","","","","","","","","","","","","","","","","","","","","","","","","","","","","","","","","","","","","","","","","","","","","","","","","","","","","","","","","","","","","","","","","","","","","","","","","","","","","","","","","",""
"31069001","TOULOUSE-BLAGNAC",43.621,1.378833,151,1968060321,"","","","",3.,1,280,1,"","","","","","","","","","","","","","","","","","","","","","","","","","","","",10.,1,7.2,1,"","","","","","","","","","","","","","","","","","","","","","","","","","",84,1,"","","","","","","","","","","","",10.3,1,"","","","","","","","","","","","","","","","","","","","","","","","","","","","","","","","","","","","","","","","","","","","","","","","","","","","","","","","","","","","","","","","","","","","","","","","","","","","","","","","","","","","","","","","","","","","","","","","","","","","","","","","","","","","","","","","","","","",""
"31069001","TOULOUSE-BLAGNAC",43.621,1.378833,151,1968060400,"","","","",3.,1,260,1,"","","","","","","","","","","","","","","","","","","","","","","","","","","","",10.,1,7.1,1,"","","","","","","","","","","","","","","","","","","","","","","","","","",83,1,"","","","","","","","","","","","",10.2,1,1020.9,1,1002.5,1,"","","",1,"","","","","","","","","","","","","","","","","","","","","","","","","","","","","","","","","","","","","","","","","","","","","","","","","","","","","","","","","","","","","","","","","","","","","","","","","","","","","","","","","","","","","","","","","","","","","","","","","","","","","","","","","","","",""
"31069001","TOULOUSE-BLAGNAC",43.621,1.378833,151,1968060403,"","","","",5.,1,240,1,"","","","","","","","","","","","","","","","","","","","","","","","","","","","",10.8,1,8.1,1,"","","","","","","","","","","","","","","","","","","","","","","","","","",85,1,"","","","","","","","","","","","",11.,1,"","","","","","","","","","","","","","","","","","","","","","","","","","","","","","","","","","","","","","","","","","","","","","","","","","","","","","","","","","","","","","","","","","","","","","","","","","","","","","","","","","","","","","","","","","","","","","","","","","","","","","","","","","","","","","","","","","","",""
"31069001","TOULOUSE-BLAGNAC",43.621,1.378833,151,1968060406,"","","","",5.,1,260,1,"","","","","","","","","","","","","","","","","","","","","","","","","","","","",11.2,1,8.9,1,"","","","","","","","","","","","","","","","","","","","","","","","","","",87,1,"","","","","","","","","","","","",11.6,1,1021.1,1,1002.7,1,"","","",1,"","","","","","","","","","","","","","","","","","","","","","","","","","","","","","","","","","","","","","","","","","","","","","","","","","","","","","","","","","","","","","","","","","","","","","","","","","","","","","","","","","","","","","","","","","","","","","","","","","","","","","","","","","","",""
"31069001","TOULOUSE-BLAGNAC",43.621,1.378833,151,1968060409,"","","","",5.,1,260,1,"","","","","","","","","","","","","","","","","","","","","","","","","","","","",13.3,1,9.6,1,"","","","","","","","","","","","","","","","","","","","","","","","","","",80,1,"","","","","","","","","","","","",12.2,1,"","","","","","","","","","","","","","","","","","","","","","","","","","","","","","","","","","","","","","","","","","","","","","","","","","","","","","","","","","","","","","","","","","","","","","","","","","","","","","","","","","","","","","","","","","","","","","","","","","","","","","","","","","","","","","","","","","","",""
"31069001","TOULOUSE-BLAGNAC",43.621,1.378833,151,1968060412,"","","","",4.,1,320,1,"","","","","","","","","","","","","","","","","","","","","","","","","","","","",14.7,1,8.9,1,"","","","","","","","","","","","","","","","","","","","","","","","","","",69,1,"","","","","","","","","","","","",11.6,1,1021.2,1,1003.1,1,"","","",1,"","","","","","","","","","","","","","","","","","","","","","","","","","","","","","","","","","","","","","","","","","","","","","","","","","","","","","","","","","","","","","","","","","","","","","","","","","","","","","","","","","","","","","","","","","","","","","","","","","","","","","","","","","","",""
"31069001","TOULOUSE-BLAGNAC",43.621,1.378833,151,1968060415,"","","","",3.,1,180,1,"","","","","","","","","","","","","","","","","","","","","","","","","","","","",16.,1,9.9,1,"","","","","","","","","","","","","","","","","","","","","","","","","","",68,1,"","","","","","","","","","","","",12.4,1,"","","","","","","","","","","","","","","","","","","","","","","","","","","","","","","","","","","","","","","","","","","","","","","","","","","","","","","","","","","","","","","","","","","","","","","","","","","","","","","","","","","","","","","","","","","","","","","","","","","","","","","","","","","","","","","","","","","",""
"31069001","TOULOUSE-BLAGNAC",43.621,1.378833,151,1968060418,"","","","",2.,1,360,1,"","","","","","","","","","","","","","","","","","","","","","","","","","","","",15.8,1,9.8,1,"","","","","","","","","","","","","","","","","","","","","","","","","","",68,1,"","","","","","","","","","","","",12.3,1,1020.7,1,1002.6,1,"","","",1,"","","","","","","","","","","","","","","","","","","","","","","","","","","","","","","","","","","","","","","","","","","","","","","","","","","","","","","","","","","","","","","","","","","","","","","","","","","","","","","","","","","","","","","","","","","","","","","","","","","","","","","","","","","",""
"31069001","TOULOUSE-BLAGNAC",43.621,1.378833,151,1968060421,"","","","",2.,1,240,1,"","","","","","","","","","","","","","","","","","","","","","","","","","","","",11.8,1,8.8,1,"","","","","","","","","","","","","","","","","","","","","","","","","","",83,1,"","","","","","","","","","","","",11.5,1,"","","","","","","","","","","","","","","","","","","","","","","","","","","","","","","","","","","","","","","","","","","","","","","","","","","","","","","","","","","","","","","","","","","","","","","","","","","","","","","","","","","","","","","","","","","","","","","","","","","","","","","","","","","","","","","","","","","",""
"31069001","TOULOUSE-BLAGNAC",43.621,1.378833,151,1968060500,"","","","",0.,1,0,1,"","","","","","","","","","","","","","","","","","","","","","","","","","","","",9.5,1,8.4,1,"","","","","","","","","","","","","","","","","","","","","","","","","","",95,1,"","","","","","","","","","","","",11.2,1,1020.8,1,1002.3,1,"","","",1,"","","","","","","","","","","","","","","","","","","","","","","","","","","","","","","","","","","","","","","","","","","","","","","","","","","","","","","","","","","","","","","","","","","","","","","","","","","","","","","","","","","","","","","","","","","","","","","","","","","","","","","","","","","",""
"31069001","TOULOUSE-BLAGNAC",43.621,1.378833,151,1968060503,"","","","",1.,1,200,1,"","","","","","","","","","","","","","","","","","","","","","","","","","","","",8.1,1,7.3,1,"","","","","","","","","","","","","","","","","","","","","","","","","","",97,1,"","","","","","","","","","","","",10.4,1,"","","","","","","","","","","","","","","","","","","","","","","","","","","","","","","","","","","","","","","","","","","","","","","","","","","","","","","","","","","","","","","","","","","","","","","","","","","","","","","","","","","","","","","","","","","","","","","","","","","","","","","","","","","","","","","","","","","",""
"31069001","TOULOUSE-BLAGNAC",43.621,1.378833,151,1968060506,"","","","",1.,1,200,1,"","","","","","","","","","","","","","","","","","","","","","","","","","","","",10.,1,9.3,1,"","","","","","","","","","","","","","","","","","","","","","","","","","",97,1,"","","","","","","","","","","","",11.9,1,1020.2,1,1001.8,1,"","","",1,"","","","","","","","","","","","","","","","","","","","","","","","","","","","","","","","","","","","","","","","","","","","","","","","","","","","","","","","","","","","","","","","","","","","","","","","","","","","","","","","","","","","","","","","","","","","","","","","","","","","","","","","","","","",""
"31069001","TOULOUSE-BLAGNAC",43.621,1.378833,151,1968060509,"","","","",1.,1,280,1,"","","","","","","","","","","","","","","","","","","","","","","","","","","","",16.8,1,9.8,1,"","","","","","","","","","","","","","","","","","","","","","","","","","",64,1,"","","","","","","","","","","","",12.3,1,"","","","","","","","","","","","","","","","","","","","","","","","","","","","","","","","","","","","","","","","","","","","","","","","","","","","","","","","","","","","","","","","","","","","","","","","","","","","","","","","","","","","","","","","","","","","","","","","","","","","","","","","","","","","","","","","","","","",""
"31069001","TOULOUSE-BLAGNAC",43.621,1.378833,151,1968060512,"","","","",4.,1,360,1,"","","","","","","","","","","","","","","","","","","","","","","","","","","","",19.3,1,11.1,1,"","","","","","","","","","","","","","","","","","","","","","","","","","",60,1,"","","","","","","","","","","","",13.5,1,1020.7,1,1002.9,1,"","","",1,"","","","","","","","","","","","","","","","","","","","","","","","","","","","","","","","","","","","","","","","","","","","","","","","","","","","","","","","","","","","","","","","","","","","","","","","","","","","","","","","","","","","","","","","","","","","","","","","","","","","","","","","","","","",""
"31069001","TOULOUSE-BLAGNAC",43.621,1.378833,151,1968060515,"","","","",3.,1,360,1,"","","","","","","","","","","","","","","","","","","","","","","","","","","","",20.3,1,"","","","","","","","","","","","","","","","","","","","","","","","","","","","","","","","","","","","","","","","","","","","","","","","","","","","","","","","","","","","","","","","","","","","","","","","","","","","","","","","","","","","","","","","","","","","","","","","","","","","","","","","","","","","","","","","","","","","","","","","","","","","","","","","","","","","","","","","","","","","","","","","","","","","","","","","","","","","","","","",""
"31069001","TOULOUSE-BLAGNAC",43.621,1.378833,151,1968060518,"","","","",2.,1,320,1,"","","","","","","","","","","","","","","","","","","","","","","","","","","","",19.8,1,"","","","","","","","","","","","","","","","","","","","","","","","","","","","","","","","","","","","","","","","","","","","",1017.2,1,999.5,1,"","","",1,"","","","","","","","","","","","","","","","","","","","","","","","","","","","","","","","","","","","","","","","","","","","","","","","","","","","","","","","","","","","","","","","","","","","","","","","","","","","","","","","","","","","","","","","","","","","","","","","","","","","","","","","","","","",""
"31069001","TOULOUSE-BLAGNAC",43.621,1.378833,151,1968060521,"","","","",2.,1,340,1,"","","","","","","","","","","","","","","","","","","","","","","","","","","","",16.5,1,"","","","","","","","","","","","","","","","","","","","","","","","","","","","","","","","","","","","","","","","","","","","","","","","","","","","","","","","","","","","","","","","","","","","","","","","","","","","","","","","","","","","","","","","","","","","","","","","","","","","","","","","","","","","","","","","","","","","","","","","","","","","","","","","","","","","","","","","","","","","","","","","","","","","","","","","","","","","","","","",""
"31069001","TOULOUSE-BLAGNAC",43.621,1.378833,151,1968060600,"","","","",2.,1,200,1,"","","","","","","","","","","","","","","","","","","","","","","","","","","","",13.,1,11.6,1,"","","","","","","","","","","","","","","","","","","","","","","","","","",92,1,"","","","","","","","","","","","",14.,1,1018.1,1,999.9,1,"","","",1,"","","","","","","","","","","","","","","","","","","","","","","","","","","","","","","","","","","","","","","","","","","","","","","","","","","","","","","","","","","","","","","","","","","","","","","","","","","","","","","","","","","","","","","","","","","","","","","","","","","","","","","","","","","",""
"31069001","TOULOUSE-BLAGNAC",43.621,1.378833,151,1968060603,"","","","",2.,1,180,1,"","","","","","","","","","","","","","","","","","","","","","","","","","","","",10.8,1,9.8,1,"","","","","","","","","","","","","","","","","","","","","","","","","","",95,1,"","","","","","","","","","","","",12.3,1,"","","","","","","","","","","","","","","","","","","","","","","","","","","","","","","","","","","","","","","","","","","","","","","","","","","","","","","","","","","","","","","","","","","","","","","","","","","","","","","","","","","","","","","","","","","","","","","","","","","","","","","","","","","","","","","","","","","",""
"31069001","TOULOUSE-BLAGNAC",43.621,1.378833,151,1968060606,"","","","",2.,1,260,1,"","","","","","","","","","","","","","","","","","","","","","","","","","","","",12.,1,11.1,1,"","","","","","","","","","","","","","","","","","","","","","","","","","","","","","","","","","","","","","","","",13.5,1,"","",999.9,1,"","","","","","","","","","","","","","","","","","","","","","","","","","","","","","","","","","","","","","","","","","","","","","","","","","","","","","","","","","","","","","","","","","","","","","","","","","","","","","","","","","","","","","","","","","","","","","","","","","","","","","","","","","","","","","","",""
"31069001","TOULOUSE-BLAGNAC",43.621,1.378833,151,1968060609,"","","","",3.,1,320,1,"","","","","","","","","","","","","","","","","","","","","","","","","","","","",16.3,1,11.2,1,"","","","","","","","","","","","","","","","","","","","","","","","","","",73,1,"","","","","","","","","","","","",13.6,1,"","","","","","","","","","","","","","","","","","","","","","","","","","","","","","","","","","","","","","","","","","","","","","","","","","","","","","","","","","","","","","","","","","","","","","","","","","","","","","","","","","","","","","","","","","","","","","","","","","","","","","","","","","","","","","","","","","","",""
"31069001","TOULOUSE-BLAGNAC",43.621,1.378833,151,1968060612,"","","","",5.,1,320,1,"","","","","","","","","","","","","","","","","","","","","","","","","","","","",18.8,1,12.2,1,"","","","","","","","","","","","","","","","","","","","","","","","","","",67,1,"","","","","","","","","","","","",14.5,1,1018.3,1,1000.5,1,"","","",1,"","","","","","","","","","","","","","","","","","","","","","","","","","","","","","","","","","","","","","","","","","","","","","","","","","","","","","","","","","","","","","","","","","","","","","","","","","","","","","","","","","","","","","","","","","","","","","","","","","","","","","","","","","","",""
"31069001","TOULOUSE-BLAGNAC",43.621,1.378833,151,1968060615,"","","","",4.,1,260,1,"","","","","","","","","","","","","","","","","","","","","","","","","","","","",19.2,1,11.9,1,"","","","","","","","","","","","","","","","","","","","","","","","","","",63,1,"","","","","","","","","","","","",14.2,1,"","","","","","","","","","","","","","","","","","","","","","","","","","","","","","","","","","","","","","","","","","","","","","","","","","","","","","","","","","","","","","","","","","","","","","","","","","","","","","","","","","","","","","","","","","","","","","","","","","","","","","","","","","","","","","","","","","","",""
"31069001","TOULOUSE-BLAGNAC",43.621,1.378833,151,1968060618,"","","","",3.,1,340,1,"","","","","","","","","","","","","","","","","","","","","","","","","","","","",18.2,1,9.5,1,"","","","","","","","","","","","","","","","","","","","","","","","","","",58,1,"","","","","","","","","","","","",12.1,1,1018.9,1,1001.,1,"","","",1,"","","","","","","","","","","","","","","","","","","","","","","","","","","","","","","","","","","","","","","","","","","","","","","","","","","","","","","","","","","","","","","","","","","","","","","","","","","","","","","","","","","","","","","","","","","","","","","","","","","","","","","","","","","",""
"31069001","TOULOUSE-BLAGNAC",43.621,1.378833,151,1968060621,"","","","",3.,1,320,1,"","","","","","","","","","","","","","","","","","","","","","","","","","","","",16.1,1,12.9,1,"","","","","","","","","","","","","","","","","","","","","","","","","","",83,1,"","","","","","","","","","","","",15.2,1,"","","","","","","","","","","","","","","","","","","","","","","","","","","","","","","","","","","","","","","","","","","","","","","","","","","","","","","","","","","","","","","","","","","","","","","","","","","","","","","","","","","","","","","","","","","","","","","","","","","","","","","","","","","","","","","","","","","",""
"31069001","TOULOUSE-BLAGNAC",43.621,1.378833,151,1968060700,"","","","",2.,1,300,1,"","","","","","","","","","","","","","","","","","","","","","","","","","","","",13.,1,10.3,1,"","","","","","","","","","","","","","","","","","","","","","","","","","",85,1,"","","","","","","","","","","","",12.8,1,1020.5,1,1002.3,1,"","","",1,"","","","","","","","","","","","","","","","","","","","","","","","","","","","","","","","","","","","","","","","","","","","","","","","","","","","","","","","","","","","","","","","","","","","","","","","","","","","","","","","","","","","","","","","","","","","","","","","","","","","","","","","","","","",""
"31069001","TOULOUSE-BLAGNAC",43.621,1.378833,151,1968060703,"","","","",1.,1,280,1,"","","","","","","","","","","","","","","","","","","","","","","","","","","","",12.,1,9.9,1,"","","","","","","","","","","","","","","","","","","","","","","","","","",88,1,"","","","","","","","","","","","",12.4,1,1019.6,1,1001.3,1,"","","",1,"","","","","","","","","","","","","","","","","","","","","","","","","","","","","","","","","","","","","","","","","","","","","","","","","","","","","","","","","","","","","","","","","","","","","","","","","","","","","","","","","","","","","","","","","","","","","","","","","","","","","","","","","","","",""
"31069001","TOULOUSE-BLAGNAC",43.621,1.378833,151,1968060706,"","","","",1.,1,20,1,"","","","","","","","","","","","","","","","","","","","","","","","","","","","",12.4,1,11.,1,"","","","","","","","","","","","","","","","","","","","","","","","","","",93,1,"","","","","","","","","","","","",13.4,1,1019.4,1,1001.2,1,"","","",1,"","","","","","","","","","","","","","","","","","","","","","","","","","","","","","","","","","","","","","","","","","","","",0,1,"","","","","","","","","","","","","","","","","","","","","","","","","","","","","","","","","","","","","","","","","","","","","","","","","","","","","","","","","","","","","",""
"31069001","TOULOUSE-BLAGNAC",43.621,1.378833,151,1968060709,"","","","",2.,1,360,1,"","","","","","","","","","","","","","","","","","","","","","","","","","","","",18.,1,11.7,1,"","","","","","","","","","","","","","","","","","","","","","","","","","",69,1,"","","","","","","","","","","","",14.1,1,1019.1,1,1001.2,1,"","","",1,2,1,0,1,1,1,0,1,1,1,"","","","","","","","","","","","","","","","","","","","","","","","",40000,1,"","",2,1,0,1,"","","","","","","","","","","","","","","","","","","","","","","","","","","","","","","","","","","","","","","","","","","","","","","","","","","","","","","","","","","","","","","","","",""
"31069001","TOULOUSE-BLAGNAC",43.621,1.378833,151,1968060712,"","","","",2.,1,60,1,"","","","","","","","","","","","","","","","","","","","","","","","","","","","",21.,1,11.2,1,"","","","","","","","","","","","","","","","","","","","","","","","","","",54,1,"","","","","","","","","","","","",13.6,1,1018.5,1,1000.8,1,"","","",1,1,1,0,1,1,1,0,1,0,1,"","","","","","","","","","","","","","","","","","","","","","","","",50000,1,"","",1,1,0,1,"","","","","","","","","","","","","","","","","","","","","","","","","","","","","","","","","","","","","","","","","","","","","","","","","","","","","","","","","","","","","","","","","",""
"31069001","TOULOUSE-BLAGNAC",43.621,1.378833,151,1968060715,"","","","",2.,1,340,1,"","","","","","","","","","","","","","","","","","","","","","","","","","","","",23.,1,10.8,1,"","","","","","","","","","","","","","","","","","","","","","","","","","",47,1,"","","","","","","","","","","","",13.2,1,1017.8,1,1000.2,1,"","","",1,2,1,0,1,4,1,0,1,0,1,"","","","","","","","","","","","","","","","","","","","","","","","",50000,1,"","",3,1,0,1,"","","","","","","","","","","","","","","","","","","","","","","","","","","","","","","","","","","","","","","","","","","","","","","","","","","","","","","","","","","","","","","","","",""
"31069001","TOULOUSE-BLAGNAC",43.621,1.378833,151,1968060718,"","","","",4.,1,300,1,"","","","","","","","","","","","","","","","","","","","","","","","","","","","",22.4,1,12.8,1,"","","","","","","","","","","","","","","","","","","","","","","","","","",56,1,"","","","","","","","","","","","",15.1,1,1017.8,1,1000.2,1,"","","",1,3,1,0,1,4,1,0,1,0,1,"","","","","","","","","","","","","","","","","","","","","","","","",50000,1,"","",2,1,0,1,"","","","","","","","","","","","","","","","","","","","","","","","","","","","","","","","","","","","","","","","","","","","","","","","","","","","","","","","","","","","","","","","","",""
"31069001","TOULOUSE-BLAGNAC",43.621,1.378833,151,1968060721,"","","","",2.,1,280,1,"","","","","","","","","","","","","","","","","","","","","","","","","","","","",17.,1,13.2,1,"","","","","","","","","","","","","","","","","","","","","","","","","","",80,1,"","","","","","","","","","","","",15.5,1,1019.1,1,1001.2,1,"","","",1,0,1,"","",0,1,0,1,0,1,"","","","","","","","","","","","","","","","","","","","","","","","",40000,1,"","",1,1,0,1,"","","","","","","","","","","","","","","","","","","","","","","","","","","","","","","","","","","","","","","","","","","","","","","","","","","","","","","","","","","","","","","","","",""
"31069001","TOULOUSE-BLAGNAC",43.621,1.378833,151,1968060800,"","","","",2.,1,200,1,"","","","","","","","","","","","","","","","","","","","","","","","","","","","",15.1,1,12.3,1,"","","","","","","","","","","","","","","","","","","","","","","","","","",85,1,"","","","","","","","","","","","",14.6,1,1019.7,1,1001.6,1,"","","",1,2,1,0,1,0,1,3,1,0,1,"","","","","","","","","","","","","","","","","","","","","","","","",30000,1,"","",3,1,0,1,"","","","","","","","","","","","","","","","","","","","","","","","","","","","","","","","","","","","","","","","","","","","","","","","","","","","","","","","","","","","","","","","","",""
"31069001","TOULOUSE-BLAGNAC",43.621,1.378833,151,1968060803,"","","","",1.,1,280,1,"","","","","","","","","","","","","","","","","","","","","","","","","","","","",13.8,1,12.,1,"","","","","","","","","","","","","","","","","","","","","","","","","","",91,1,"","","","","","","","","","","","",14.3,1,1019.2,1,1001.1,1,"","","",1,0,1,"","",0,1,0,1,0,1,"","","","","","","","","","","","","","","","","","","","","","","","",20000,1,"","",2,1,0,1,"","","","","","","","","","","","","","","","","","","","","","","","","","","","","","","","","","","","","","","","","","","","","","","","","","","","","","","","","","","","","","","","","",""
"31069001","TOULOUSE-BLAGNAC",43.621,1.378833,151,1968060806,"","","","",2.,1,220,1,"","","","","","","","","","","","","","","","","","","","","","","","","","","","",13.4,1,12.4,1,"","","","","","","","","","","","","","","","","","","","","","","","","","",95,1,"","","","","","","","","","","","",14.7,1,1019.4,1,1001.2,1,"","","",1,1,1,0,1,0,1,0,1,1,1,"","","","","","","","","","","","","","","","","","","","","","","","",15000,1,"","",1,1,0,1,"","",0,1,"","","","","","","","","","","","","","","","","","","","","","","","","","","","","","","","","","","","","","","","","","","","","","","","","","","","","","","","","","","","","",""
"31069001","TOULOUSE-BLAGNAC",43.621,1.378833,151,1968060809,"","","","",3.,1,300,1,"","","","","","","","","","","","","","","","","","","","","","","","","","","","",18.3,1,12.9,1,"","","","","","","","","","","","","","","","","","","","","","","","","","",72,1,"","","","","","","","","","","","",15.2,1,1019.1,1,1001.2,1,"","","",1,3,1,0,1,5,1,0,1,0,1,"","","","","","","","","","","","","","","","","","","","","","","","",20000,1,"","",1,1,1,1,"","","","","","","","","","","","","","","","","","","","","","","","","","","","","","","","","","","","","","","","","","","","","","","","","","","","","","","","","","","","","","","","","",""
"31069001","TOULOUSE-BLAGNAC",43.621,1.378833,151,1968060812,"","","","",4.,1,300,1,"","","","","","","","","","","","","","","","","","","","","","","","","","","","",21.7,1,12.6,1,"","","","","","","","","","","","","","","","","","","","","","","","","","",57,1,"","","","","","","","","","","","",14.9,1,1018.4,1,1000.8,1,"","","",1,7,1,6,1,8,1,"","","","","","","","","","","","","","","","","","","","","","","","","","","","",20000,1,"","",3,1,1,1,"","","","","","","","","","","","","","","","","","","","","","","","","","","","","","","","","","","","","","","","","","","","","","","","","","","","","","","","","","","","","","","","","",""
"31069001","TOULOUSE-BLAGNAC",43.621,1.378833,151,1968060815,"","","","",4.,1,340,1,"","","","","","","","","","","","","","","","","","","","","","","","","","","","",22.4,1,12.4,1,"","","","","","","","","","","","","","","","","","","","","","","","","","",54,1,"","","","","","","","","","","","",14.7,1,1017.4,1,999.8,1,"","","",1,7,1,7,1,8,1,"","","","","","","","","","","","","","","","","","","","","","","","","","","","",20000,1,"","",2,1,2,1,"","","","","","","","","","","","","","","","","","","","","","","","","","","","","","","","","","","","","","","","","","","","","","","","","","","","","","","","","","","","","","","","","",""
"31069001","TOULOUSE-BLAGNAC",43.621,1.378833,151,1968060818,"","","","",4.,1,300,1,"","","","","","","","","","","","","","","","","","","","","","","","","","","","",21.7,1,12.6,1,"","","","","","","","","","","","","","","","","","","","","","","","","","",57,1,"","","","","","","","","","","","",14.9,1,1016.8,1,999.2,1,"","","",1,6,1,6,1,8,1,0,1,0,1,"","","","","","","","","","","","","","","","","","","","","","","","",20000,1,"","",2,1,2,1,"","","","","","","","","","","","","","","","","","","","","","","","","","","","","","","","","","","","","","","","","","","","","","","","","","","","","","","","","","","","","","","","","",""
"31069001","TOULOUSE-BLAGNAC",43.621,1.378833,151,1968060821,"","","","",3.,1,280,1,"","","","","","","","","","","","","","","","","","","","","","","","","","","","",18.6,1,13.7,1,"","","","","","","","","","","","","","","","","","","","","","","","","","",75,1,"","","","","","","","","","","","",16.1,1,1017.5,1,999.7,1,"","","",1,7,1,7,1,5,1,"","","","","","","","","","","","","","","","","","","","","","","","","","","","",20000,1,"","",2,1,2,1,"","","","","","","","","","","","","","","","","","","","","","","","","","","","","","","","","","","","","","","","","","","","","","","","","","","","","","","","","","","","","","","","","",""
"31069001","TOULOUSE-BLAGNAC",43.621,1.378833,151,1968060900,"","","","",4.,1,320,1,"","","","","","","","","","","","","","","","","","","","","","","","","","","","",16.6,1,10.8,1,"","","","","","","","","","","","","","","","","","","","","","","","","","",70,1,"","","","","","","","","","","","",13.2,1,1017.6,1,999.7,1,"","","",1,7,1,7,1,5,1,0,1,2,1,"","","","","","","","","","","","","","","","","","","","","","","","",20000,1,"","",1,1,2,1,"","","","","","","","","","","","","","","","","","","","","","","","","","","","","","","","","","","","","","","","","","","","","","","","","","","","","","","","","","","","","","","","","",""
"31069001","TOULOUSE-BLAGNAC",43.621,1.378833,151,1968060903,"","","","",2.,1,260,1,"","","","","","","","","","","","","","","","","","","","","","","","","","","","",13.9,1,11.,1,"","","","","","","","","","","","","","","","","","","","","","","","","","",85,1,"","","","","","","","","","","","",13.4,1,1017.7,1,999.6,1,"","","",1,8,1,8,1,5,1,"","","","","","","","","","","","","","","","","","","","","","","","","","","","",20000,1,"","",2,1,2,1,"","","","","","","","","","","","","","","","","","","","","","","","","","","","","","","","","","","","","","","","","","","","","","","","","","","","","","","","","","","","","","","","","",""
"31069001","TOULOUSE-BLAGNAC",43.621,1.378833,151,1968060906,"","","","",4.,1,280,1,"","","","","","","","","","","","","","","","","","","","","","","","","","","","",14.3,1,11.,1,"","","","","","","","","","","","","","","","","","","","","","","","","","",81,1,"","","","","","","","","","","","",13.4,1,1017.9,1,999.8,1,"","","",1,7,1,7,1,5,1,"","","","","","","","","","","","","","","","","","","","","","","","","","","","",20000,1,"","",2,1,2,1,"","",0,1,"","","","","","","","","","","","","","","","","","","","","","","","","","","","","","","","","","","","","","","","","","","","","","","","","","","","","","","","","","","","","",""
"31069001","TOULOUSE-BLAGNAC",43.621,1.378833,151,1968060909,"","","","",3.,1,300,1,"","","","","","","","","","","","","","","","","","","","","","","","","","","","",15.6,1,11.1,1,"","","","","","","","","","","","","","","","","","","","","","","","","","",76,1,"","","","","","","","","","","","",13.5,1,1018.4,1,1000.4,1,"","","",1,7,1,7,1,5,1,"","","","","","","","","","","","","","","","","","","","","","","","","","","","",20000,1,"","",2,1,2,1,"","","","","","","","","","","","","","","","","","","","","","","","","","","","","","","","","","","","","","","","","","","","","","","","","","","","","","","","","","","","","","","","","",""
"31069001","TOULOUSE-BLAGNAC",43.621,1.378833,151,1968060912,"","","","",5.,1,300,1,"","","","","","","","","","","","","","","","","","","","","","","","","","","","",20.9,1,11.3,1,"","","","","","","","","","","","","","","","","","","","","","","","","","",56,1,"","","","","","","","","","","","",13.7,1,1017.4,1,999.7,1,"","","",1,5,1,5,1,1,1,0,1,1,1,"","","","","","","","","","","","","","","","","","","","","","","","",40000,1,"","",3,1,1,1,"","","","","","","","","","","","","","","","","","","","","","","","","","","","","","","","","","","","","","","","","","","","","","","","","","","","","","","","","","","","","","","","","",""
"31069001","TOULOUSE-BLAGNAC",43.621,1.378833,151,1968060915,"","","","",5.,1,300,1,"","","","","","","","","","","","","","","","","","","","","","","","","","","","",22.4,1,10.,1,"","","","","","","","","","","","","","","","","","","","","","","","","","",46,1,"","","","","","","","","","","","",12.5,1,1016.2,1,998.6,1,"","","",1,6,1,5,1,1,1,0,1,1,1,"","","","","","","","","","","","","","","","","","","","","","","","",40000,1,"","",3,1,2,1,"","","","","","","","","","","","","","","","","","","","","","","","","","","","","","","","","","","","","","","","","","","","","","","","","","","","","","","","","","","","","","","","","",""
"31069001","TOULOUSE-BLAGNAC",43.621,1.378833,151,1968060918,"","","","",4.,1,280,1,"","","","","","","","","","","","","","","","","","","","","","","","","","","","",22.5,1,11.1,1,"","","","","","","","","","","","","","","","","","","","","","","","","","",50,1,"","","","","","","","","","","","",13.5,1,1015.2,1,997.7,1,"","","",1,5,1,5,1,0,1,0,1,2,1,"","","","","","","","","","","","","","","","","","","","","","","","",40000,1,"","",1,1,2,1,"","","","","","","","","","","","","","","","","","","","","","","","","","","","","","","","","","","","","","","","","","","","","","","","","","","","","","","","","","","","","","","","","",""
"31069001","TOULOUSE-BLAGNAC",43.621,1.378833,151,1968060921,"","","","",4.,1,260,1,"","","","","","","","","","","","","","","","","","","","","","","","","","","","",17.2,1,11.9,1,"","","","","","","","","","","","","","","","","","","","","","","","","","",72,1,"","","","","","","","","","","","",14.2,1,1016.,1,998.1,1,"","","",1,2,1,0,1,0,1,0,1,1,1,"","","","","","","","","","","","","","","","","","","","","","","","",40000,1,"","",2,1,1,1,"","","","","","","","","","","","","","","","","","","","","","","","","","","","","","","","","","","","","","","","","","","","","","","","","","","","","","","","","","","","","","","","","",""
"31069001","TOULOUSE-BLAGNAC",43.621,1.378833,151,1968061000,"","","","",2.,1,340,1,"","","","","","","","","","","","","","","","","","","","","","","","","","","","",15.1,1,10.9,1,"","","","","","","","","","","","","","","","","","","","","","","","","","",78,1,"","","","","","","","","","","","",13.3,1,1016.2,1,998.2,1,"","","",1,2,1,0,1,0,1,0,1,1,1,"","","","","","","","","","","","","","","","","","","","","","","","",30000,1,"","",2,1,1,1,"","","","","","","","","","","","","","","","","","","","","","","","","","","","","","","","","","","","","","","","","","","","","","","","","","","","","","","","","","","","","","","","","",""
"31069001","TOULOUSE-BLAGNAC",43.621,1.378833,151,1968061003,"","","","",0.,1,0,1,"","","","","","","","","","","","","","","","","","","","","","","","","","","","",13.,1,8.8,1,"","","","","","","","","","","","","","","","","","","","","","","","","","",77,1,"","","","","","","","","","","","",11.5,1,1015.2,1,997.1,1,"","","",1,2,1,0,1,0,1,0,1,1,1,"","","","","","","","","","","","","","","","","","","","","","","","",30000,1,"","",2,1,0,1,"","","","","","","","","","","","","","","","","","","","","","","","","","","","","","","","","","","","","","","","","","","","","","","","","","","","","","","","","","","","","","","","","",""
"31069001","TOULOUSE-BLAGNAC",43.621,1.378833,151,1968061006,"","","","",2.,1,340,1,"","","","","","","","","","","","","","","","","","","","","","","","","","","","",12.4,1,9.4,1,"","","","","","","","","","","","","","","","","","","","","","","","","","",83,1,"","","","","","","","","","","","",12.,1,1015.4,1,997.2,1,"","","",1,1,1,0,1,0,1,0,1,1,1,"","","","","","","","","","","","","","","","","","","","","","","","",30000,1,"","",3,1,0,1,"","",0,1,"","","","","","","","","","","","","","","","","","","","","","","","","","","","","","","","","","","","","","","","","","","","","","","","","","","","","","","","","","","","","",""
"31069001","TOULOUSE-BLAGNAC",43.621,1.378833,151,1968061009,"","","","",2.,1,40,1,"","","","","","","","","","","","","","","","","","","","","","","","","","","","",17.3,1,8.8,1,"","","","","","","","","","","","","","","","","","","","","","","","","","",59,1,"","","","","","","","","","","","",11.5,1,1015.1,1,997.2,1,"","","",1,1,1,0,1,0,1,0,1,1,1,"","","","","","","","","","","","","","","","","","","","","","","","",30000,1,"","",2,1,0,1,"","","","","","","","","","","","","","","","","","","","","","","","","","","","","","","","","","","","","","","","","","","","","","","","","","","","","","","","","","","","","","","","","",""
"31069001","TOULOUSE-BLAGNAC",43.621,1.378833,151,1968061012,"","","","",2.,1,100,1,"","","","","","","","","","","","","","","","","","","","","","","","","","","","",20.1,1,8.5,1,"","","","","","","","","","","","","","","","","","","","","","","","","","",48,1,"","","","","","","","","","","","",11.3,1,1014.5,1,996.8,1,"","","",1,3,1,0,1,0,1,0,1,1,1,"","","","","","","","","","","","","","","","","","","","","","","","",40000,1,"","",3,1,0,1,"","","","","","","","","","","","","","","","","","","","","","","","","","","","","","","","","","","","","","","","","","","","","","","","","","","","","","","","","","","","","","","","","",""
"31069001","TOULOUSE-BLAGNAC",43.621,1.378833,151,1968061015,"","","","",4.,1,360,1,"","","","","","","","","","","","","","","","","","","","","","","","","","","","",23.3,1,7.5,1,"","","","","","","","","","","","","","","","","","","","","","","","","","",37,1,"","","","","","","","","","","","",10.5,1,1012.9,1,995.4,1,"","","",1,3,1,0,1,0,1,0,1,1,1,"","","","","","","","","","","","","","","","","","","","","","","","",50000,1,"","",2,1,0,1,"","","","","","","","","","","","","","","","","","","","","","","","","","","","","","","","","","","","","","","","","","","","","","","","","","","","","","","","","","","","","","","","","",""
"31069001","TOULOUSE-BLAGNAC",43.621,1.378833,151,1968061018,"","","","",3.,1,340,1,"","","","","","","","","","","","","","","","","","","","","","","","","","","","",23.9,1,7.1,1,"","","","","","","","","","","","","","","","","","","","","","","","","","",34,1,"","","","","","","","","","","","",10.2,1,1012.,1,994.6,1,"","","",1,6,1,6,1,0,1,0,1,2,1,"","","","","","","","","","","","","","","","","","","","","","","","",50000,1,"","",3,1,1,1,"","","","","","","","","","","","","","","","","","","","","","","","","","","","","","","","","","","","","","","","","","","","","","","","","","","","","","","","","","","","","","","","","",""
"31069001","TOULOUSE-BLAGNAC",43.621,1.378833,151,1968061021,"","","","",2.,1,300,1,"","","","","","","","","","","","","","","","","","","","","","","","","","","","",17.1,1,10.6,1,"","","","","","","","","","","","","","","","","","","","","","","","","","",67,1,"","","","","","","","","","","","",13.,1,1012.8,1,995.,1,"","","",1,5,1,5,1,0,1,0,1,2,1,"","","","","","","","","","","","","","","","","","","","","","","","",20000,1,"","",2,1,2,1,"","","","","","","","","","","","","","","","","","","","","","","","","","","","","","","","","","","","","","","","","","","","","","","","","","","","","","","","","","","","","","","","","",""
"31069001","TOULOUSE-BLAGNAC",43.621,1.378833,151,1968061100,"","","","",2.,1,320,1,"","","","","","","","","","","","","","","","","","","","","","","","","","","","",14.2,1,9.5,1,"","","","","","","","","","","","","","","","","","","","","","","","","","",75,1,"","","","","","","","","","","","",12.1,1,1012.9,1,994.9,1,"","","",1,5,1,5,1,0,1,0,1,2,1,"","","","","","","","","","","","","","","","","","","","","","","","",20000,1,"","",2,1,2,1,"","","","","","","","","","","","","","","","","","","","","","","","","","","","","","","","","","","","","","","","","","","","","","","","","","","","","","","","","","","","","","","","","",""
"31069001","TOULOUSE-BLAGNAC",43.621,1.378833,151,1968061103,"","","","",1.,1,320,1,"","","","","","","","","","","","","","","","","","","","","","","","","","","","",11.7,1,8.,1,"","","","","","","","","","","","","","","","","","","","","","","","","","",80,1,"","","","","","","","","","","","",10.9,1,1012.9,1,994.7,1,"","","",1,3,1,0,1,0,1,0,1,2,1,"","","","","","","","","","","","","","","","","","","","","","","","",10000,1,"","",1,1,1,1,"","","","","","","","","","","","","","","","","","","","","","","","","","","","","","","","","","","","","","","","","","","","","","","","","","","","","","","","","","","","","","","","","",""
"31069001","TOULOUSE-BLAGNAC",43.621,1.378833,151,1968061106,"","","","",1.,1,320,1,"","","","","","","","","","","","","","","","","","","","","","","","","","","","",12.3,1,8.3,1,"","","","","","","","","","","","","","","","","","","","","","","","","","",77,1,"","","","","","","","","","","","",11.1,1,1012.9,1,994.8,1,"","","",1,2,1,0,1,0,1,0,1,2,1,"","","","","","","","","","","","","","","","","","","","","","","","",15000,1,"","",2,1,1,1,"","",0,1,"","","","","","","","","","","","","","","","","","","","","","","","","","","","","","","","","","","","","","","","","","","","","","","","","","","","","","","","","","","","","",""
"31069001","TOULOUSE-BLAGNAC",43.621,1.378833,151,1968061109,"","","","",2.,1,320,1,"","","","","","","","","","","","","","","","","","","","","","","","","","","","",17.8,1,8.4,1,"","","","","","","","","","","","","","","","","","","","","","","","","","",55,1,"","","","","","","","","","","","",11.2,1,1013.3,1,995.5,1,"","","",1,3,1,0,1,0,1,0,1,1,1,"","","","","","","","","","","","","","","","","","","","","","","","",15000,1,"","",2,1,0,1,"","","","","","","","","","","","","","","","","","","","","","","","","","","","","","","","","","","","","","","","","","","","","","","","","","","","","","","","","","","","","","","","","",""
"31069001","TOULOUSE-BLAGNAC",43.621,1.378833,151,1968061112,"","","","",4.,1,340,1,"","","","","","","","","","","","","","","","","","","","","","","","","","","","",22.3,1,7.5,1,"","","","","","","","","","","","","","","","","","","","","","","","","","",39,1,"","","","","","","","","","","","",10.5,1,1013.1,1,995.6,1,"","","",1,1,1,0,1,0,1,0,1,1,1,"","","","","","","","","","","","","","","","","","","","","","","","",25000,1,"","",3,1,0,1,"","","","","","","","","","","","","","","","","","","","","","","","","","","","","","","","","","","","","","","","","","","","","","","","","","","","","","","","","","","","","","","","","",""
"31069001","TOULOUSE-BLAGNAC",43.621,1.378833,151,1968061115,"","","","",5.,1,340,1,"","","","","","","","","","","","","","","","","","","","","","","","","","","","",24.,1,8.5,1,"","","","","","","","","","","","","","","","","","","","","","","","","","",37,1,"","","","","","","","","","","","",11.3,1,1012.7,1,995.3,1,"","","",1,1,1,0,1,1,1,0,1,1,1,"","","","","","","","","","","","","","","","","","","","","","","","",30000,1,"","",2,1,0,1,"","","","","","","","","","","","","","","","","","","","","","","","","","","","","","","","","","","","","","","","","","","","","","","","","","","","","","","","","","","","","","","","","",""
"31069001","TOULOUSE-BLAGNAC",43.621,1.378833,151,1968061118,"","","","",4.,1,300,1,"","","","","","","","","","","","","","","","","","","","","","","","","","","","",23.2,1,7.3,1,"","","","","","","","","","","","","","","","","","","","","","","","","","",37,1,"","","","","","","","","","","","",10.4,1,1012.7,1,995.2,1,"","","",1,1,1,0,1,1,1,0,1,1,1,"","","","","","","","","","","","","","","","","","","","","","","","",20000,1,"","",2,1,0,1,"","","","","","","","","","","","","","","","","","","","","","","","","","","","","","","","","","","","","","","","","","","","","","","","","","","","","","","","","","","","","","","","","",""
"31069001","TOULOUSE-BLAGNAC",43.621,1.378833,151,1968061121,"","","","",3.,1,340,1,"","","","","","","","","","","","","","","","","","","","","","","","","","","","",18.,1,7.7,1,"","","","","","","","","","","","","","","","","","","","","","","","","","",52,1,"","","","","","","","","","","","",10.7,1,1014.6,1,996.8,1,"","","",1,0,1,"","",0,1,0,1,0,1,"","","","","","","","","","","","","","","","","","","","","","","","",30000,1,"","",1,1,0,1,"","","","","","","","","","","","","","","","","","","","","","","","","","","","","","","","","","","","","","","","","","","","","","","","","","","","","","","","","","","","","","","","","",""
"31069001","TOULOUSE-BLAGNAC",43.621,1.378833,151,1968061200,"","","","",2.,1,340,1,"","","","","","","","","","","","","","","","","","","","","","","","","","","","",13.,1,6.6,1,"","","","","","","","","","","","","","","","","","","","","","","","","","",66,1,"","","","","","","","","","","","",9.9,1,1015.9,1,997.7,1,"","","",1,0,1,"","",0,1,0,1,0,1,"","","","","","","","","","","","","","","","","","","","","","","","",20000,1,"","",2,1,0,1,"","","","","","","","","","","","","","","","","","","","","","","","","","","","","","","","","","","","","","","","","","","","","","","","","","","","","","","","","","","","","","","","","",""
"31069001","TOULOUSE-BLAGNAC",43.621,1.378833,151,1968061203,"","","","",2.,1,320,1,"","","","","","","","","","","","","","","","","","","","","","","","","","","","",10.9,1,5.3,1,"","","","","","","","","","","","","","","","","","","","","","","","","","",69,1,"","","","","","","","","","","","",9.,1,1016.1,1,997.8,1,"","","",1,0,1,"","",0,1,0,1,0,1,"","","","","","","","","","","","","","","","","","","","","","","","",20000,1,"","",2,1,0,1,"","","","","","","","","","","","","","","","","","","","","","","","","","","","","","","","","","","","","","","","","","","","","","","","","","","","","","","","","","","","","","","","","",""
"31069001","TOULOUSE-BLAGNAC",43.621,1.378833,151,1968061206,"","","","",3.,1,320,1,"","","","","","","","","","","","","","","","","","","","","","","","","","","","",11.6,1,5.1,1,"","","","","","","","","","","","","","","","","","","","","","","","","","",66,1,"","","","","","","","","","","","",8.9,1,1016.8,1,998.5,1,"","","",1,0,1,"","",0,1,0,1,0,1,"","","","","","","","","","","","","","","","","","","","","","","","",20000,1,"","",2,1,0,1,"","",0,1,"","","","","","","","","","","","","","","","","","","","","","","","","","","","","","","","","","","","","","","","","","","","","","","","","","","","","","","","","","","","","",""
"31069001","TOULOUSE-BLAGNAC",43.621,1.378833,151,1968061209,"","","","",4.,1,320,1,"","","","","","","","","","","","","","","","","","","","","","","","","","","","",17.2,1,6.4,1,"","","","","","","","","","","","","","","","","","","","","","","","","","",50,1,"","","","","","","","","","","","",9.7,1,1016.9,1,999.,1,"","","",1,0,1,"","",0,1,0,1,0,1,"","","","","","","","","","","","","","","","","","","","","","","","",25000,1,"","",2,1,0,1,"","","","","","","","","","","","","","","","","","","","","","","","","","","","","","","","","","","","","","","","","","","","","","","","","","","","","","","","","","","","","","","","","",""
"31069001","TOULOUSE-BLAGNAC",43.621,1.378833,151,1968061212,"","","","",5.,1,320,1,"","","","","","","","","","","","","","","","","","","","","","","","","","","","",20.2,1,3.3,1,"","","","","","","","","","","","","","","","","","","","","","","","","","",33,1,"","","","","","","","","","","","",7.8,1,1016.6,1,998.9,1,"","","",1,3,1,0,1,1,1,0,1,2,1,"","","","","","","","","","","","","","","","","","","","","","","","",30000,1,"","",3,1,0,1,"","","","","","","","","","","","","","","","","","","","","","","","","","","","","","","","","","","","","","","","","","","","","","","","","","","","","","","","","","","","","","","","","",""
"31069001","TOULOUSE-BLAGNAC",43.621,1.378833,151,1968061215,"","","","",5.,1,320,1,"","","","","","","","","","","","","","","","","","","","","","","","","","","","",22.3,1,2.4,1,"","","","","","","","","","","","","","","","","","","","","","","","","","",26,1,"","","","","","","","","","","","",7.3,1,1015.5,1,997.9,1,"","","",1,6,1,0,1,2,1,0,1,2,1,"","","","","","","","","","","","","","","","","","","","","","","","",30000,1,"","",3,1,1,1,"","","","","","","","","","","","","","","","","","","","","","","","","","","","","","","","","","","","","","","","","","","","","","","","","","","","","","","","","","","","","","","","","",""
"31069001","TOULOUSE-BLAGNAC",43.621,1.378833,151,1968061218,"","","","",5.,1,320,1,"","","","","","","","","","","","","","","","","","","","","","","","","","","","",20.4,1,4.3,1,"","","","","","","","","","","","","","","","","","","","","","","","","","",35,1,"","","","","","","","","","","","",8.4,1,1015.4,1,997.7,1,"","","",1,6,1,0,1,4,1,0,1,2,1,"","","","","","","","","","","","","","","","","","","","","","","","",30000,1,"","",3,1,1,1,"","","","","","","","","","","","","","","","","","","","","","","","","","","","","","","","","","","","","","","","","","","","","","","","","","","","","","","","","","","","","","","","","",""
"31069001","TOULOUSE-BLAGNAC",43.621,1.378833,151,1968061221,"","","","",2.,1,300,1,"","","","","","","","","","","","","","","","","","","","","","","","","","","","",17.7,1,7.6,1,"","","","","","","","","","","","","","","","","","","","","","","","","","",52,1,"","","","","","","","","","","","",10.6,1,1016.4,1,998.5,1,"","","",1,7,1,5,1,4,1,0,1,2,1,"","","","","","","","","","","","","","","","","","","","","","","","",30000,1,"","",2,1,2,1,"","","","","","","","","","","","","","","","","","","","","","","","","","","","","","","","","","","","","","","","","","","","","","","","","","","","","","","","","","","","","","","","","",""
"31069001","TOULOUSE-BLAGNAC",43.621,1.378833,151,1968061300,"","","","",3.,1,280,1,"","","","","","","","","","","","","","","","","","","","","","","","","","","","",15.,1,8.9,1,"","","","","","","","","","","","","","","","","","","","","","","","","","",68,1,"","","","","","","","","","","","",11.6,1,1016.5,1,998.5,1,"","","",1,8,1,8,1,0,1,5,1,"","","","","","","","","","","","","","","","","","","","","","","","","","",30000,1,"","",3,1,2,1,"","","","","","","","","","","","","","","","","","","","","","","","","","","","","","","","","","","","","","","","","","","","","","","","","","","","","","","","","","","","","","","","","",""
"31069001","TOULOUSE-BLAGNAC",43.621,1.378833,151,1968061303,"","","","",4.,1,320,1,"","","","","","","","","","","","","","","","","","","","","","","","","","","","",14.7,1,6.4,1,"","","","","","","","","","","","","","","","","","","","","","","","","","",58,1,"","","","","","","","","","","","",9.7,1,1014.9,1,996.9,1,"","","",1,7,1,7,1,0,1,5,1,"","","","","","","","","","","","","","","","","","","","","","","","","","",20000,1,"","",3,1,6,1,"","","","","","","","","","","","","","","","","","","","","","","","","","","","","","","","","","","","","","","","","","","","","","","","","","","","","","","","","","","","","","","","","",""
"31069001","TOULOUSE-BLAGNAC",43.621,1.378833,151,1968061306,"","","","",3.,1,280,1,"","","","","","","","","","","","","","","","","","","","","","","","","","","","",12.4,1,8.,1,"","","","","","","","","","","","","","","","","","","","","","","","","","",75,1,"","","","","","","","","","","","",10.9,1,1014.7,1,996.5,1,"","","",1,6,1,5,1,5,1,3,1,0,1,"","","","","","","","","","","","","","","","","","","","","","","","",20000,1,"","",2,1,6,1,"","",0,1,"","","","","","","","","","","","","","","","","","","","","","","","","","","","","","","","","","","","","","","","","","","","","","","","","","","","","","","","","","","","","",""
"31069001","TOULOUSE-BLAGNAC",43.621,1.378833,151,1968061309,"","","","",4.,1,300,1,"","","","","","","","","","","","","","","","","","","","","","","","","","","","",16.4,1,8.1,1,"","","","","","","","","","","","","","","","","","","","","","","","","","",59,1,"","","","","","","","","","","","",11.,1,1014.3,1,996.4,1,"","","",1,6,1,5,1,2,1,8,1,2,1,"","","","","","","","","","","","","","","","","","","","","","","","",40000,1,"","",3,1,2,1,"","","","","","","","","","","","","","","","","","","","","","","","","","","","","","","","","","","","","","","","","","","","","","","","","","","","","","","","","","","","","","","","","",""
"31069001","TOULOUSE-BLAGNAC",43.621,1.378833,151,1968061312,"","","","",2.,1,240,1,"","","","","","","","","","","","","","","","","","","","","","","","","","","","",16.4,1,10.4,1,"","","","","","","","","","","","","","","","","","","","","","","","","","",69,1,"","","","","","","","","","","","",12.9,1,1013.7,1,995.8,1,"","","",1,7,1,7,1,2,1,"","","","","","","","","","","","","","","","","","","","","","","","","","","","",20000,1,"","",80,1,2,1,"","","","","","","","","","","","","","","","","","","","","","","","","","","","","","","","","","","","","","","","","","","","","","","","","","","","","","","","","","","","","","","","","",""
"31069001","TOULOUSE-BLAGNAC",43.621,1.378833,151,1968061315,"","","","",6.,1,60,1,"","","","","","","","","","","","","","","","","","","","","","","","","","","","",16.,1,9.2,1,"","","","","","","","","","","","","","","","","","","","","","","","","","",66,1,"","","","","","","","","","","","",11.8,1,1013.3,1,995.4,1,"","","",1,7,1,6,1,8,1,"","","","","","","","","","","","","","","","","","","","","","","","","","","","",20000,1,"","",3,1,8,1,"","","","","","","","","","","","","","","","","","","","","","","","","","","","","","","","","","","","","","","","","","","","","","","","","","","","","","","","","","","","","","","","","",""
"31069001","TOULOUSE-BLAGNAC",43.621,1.378833,151,1968061318,"","","","",4.,1,180,1,"","","","","","","","","","","","","","","","","","","","","","","","","","","","",14.2,1,10.6,1,"","","","","","","","","","","","","","","","","","","","","","","","","","",80,1,"","","","","","","","","","","","",13.,1,1014.,1,996.,1,"","","",1,7,1,5,1,8,1,8,1,"","","","","","","","","","","","","","","","","","","","","","","","","","",15000,1,"","",3,1,8,1,"","","","","","","","","","","","","","","","","","","","","","","","","","","","","","","","","","","","","","","","","","","","","","","","","","","","","","","","","","","","","","","","","",""
"31069001","TOULOUSE-BLAGNAC",43.621,1.378833,151,1968061321,"","","","",3.,1,200,1,"","","","","","","","","","","","","","","","","","","","","","","","","","","","",13.2,1,11.2,1,"","","","","","","","","","","","","","","","","","","","","","","","","","",89,1,"","","","","","","","","","","","",13.6,1,1014.9,1,996.8,1,"","","",1,7,1,7,1,0,1,5,1,"","","","","","","","","","","","","","","","","","","","","","","","","","",15000,1,"","",3,1,2,1,"","","","","","","","","","","","","","","","","","","","","","","","","","","","","","","","","","","","","","","","","","","","","","","","","","","","","","","","","","","","","","","","","",""
"31069001","TOULOUSE-BLAGNAC",43.621,1.378833,151,1968061400,"","","","",1.,1,180,1,"","","","","","","","","","","","","","","","","","","","","","","","","","","","",11.3,1,10.,1,"","","","","","","","","","","","","","","","","","","","","","","","","","",94,1,"","","","","","","","","","","","",12.5,1,1015.1,1,996.9,1,"","","",1,6,1,0,1,0,1,4,1,2,1,"","","","","","","","","","","","","","","","","","","","","","","","",15000,1,"","",3,1,2,1,"","","","","","","","","","","","","","","","","","","","","","","","","","","","","","","","","","","","","","","","","","","","","","","","","","","","","","","","","","","","","","","","","",""
"31069001","TOULOUSE-BLAGNAC",43.621,1.378833,151,1968061403,"","","","",2.,1,180,1,"","","","","","","","","","","","","","","","","","","","","","","","","","","","",10.,1,9.2,1,"","","","","","","","","","","","","","","","","","","","","","","","","","",96,1,"","","","","","","","","","","","",11.8,1,1014.6,1,996.3,1,"","","",1,5,1,0,1,0,1,4,1,2,1,"","","","","","","","","","","","","","","","","","","","","","","","",15000,1,"","",3,1,1,1,"","","","","","","","","","","","","","","","","","","","","","","","","","","","","","","","","","","","","","","","","","","","","","","","","","","","","","","","","","","","","","","","","",""
"31069001","TOULOUSE-BLAGNAC",43.621,1.378833,151,1968061406,"","","","",1.,1,160,1,"","","","","","","","","","","","","","","","","","","","","","","","","","","","",11.9,1,10.1,1,"","","","","","","","","","","","","","","","","","","","","","","","","","",90,1,"","","","","","","","","","","","",12.6,1,1015.3,1,997.1,1,"","","",1,6,1,6,1,0,1,4,1,2,1,"","","","","","","","","","","","","","","","","","","","","","","","",8000,1,"","",3,1,1,1,"","",1,1,"","","","","","","","","","","","","","","","","","","","","","","","","","","","","","","","","","","","","","","","","","","","","","","","","","","","","","","","","","","","","",""
"31069001","TOULOUSE-BLAGNAC",43.621,1.378833,151,1968061409,"","","","",0.,1,0,1,"","","","","","","","","","","","","","","","","","","","","","","","","","","","",15.,1,11.3,1,"","","","","","","","","","","","","","","","","","","","","","","","","","",81,1,"","","","","","","","","","","","",13.7,1,1015.8,1,997.8,1,"","","",1,7,1,6,1,2,1,8,1,"","","","","","","","","","","","","","","","","","","","","","","","","","",8000,1,"","",2,1,6,1,"","","","","","","","","","","","","","","","","","","","","","","","","","","","","","","","","","","","","","","","","","","","","","","","","","","","","","","","","","","","","","","","","",""
"31069001","TOULOUSE-BLAGNAC",43.621,1.378833,151,1968061412,"","","","",2.,1,100,1,"","","","","","","","","","","","","","","","","","","","","","","","","","","","",18.,1,9.9,1,"","","","","","","","","","","","","","","","","","","","","","","","","","",60,1,"","","","","","","","","","","","",12.4,1,1015.,1,997.2,1,"","","",1,5,1,0,1,2,1,4,1,0,1,"","","","","","","","","","","","","","","","","","","","","","","","",8000,1,"","",1,1,6,1,"","","","","","","","","","","","","","","","","","","","","","","","","","","","","","","","","","","","","","","","","","","","","","","","","","","","","","","","","","","","","","","","","",""
"31069001","TOULOUSE-BLAGNAC",43.621,1.378833,151,1968061415,"","","","",4.,1,120,1,"","","","","","","","","","","","","","","","","","","","","","","","","","","","",21.2,1,9.,1,"","","","","","","","","","","","","","","","","","","","","","","","","","",47,1,"","","","","","","","","","","","",11.7,1,1013.4,1,995.8,1,"","","",1,5,1,0,1,2,1,0,1,2,1,"","","","","","","","","","","","","","","","","","","","","","","","",20000,1,"","",2,1,2,1,"","","","","","","","","","","","","","","","","","","","","","","","","","","","","","","","","","","","","","","","","","","","","","","","","","","","","","","","","","","","","","","","","",""
"31069001","TOULOUSE-BLAGNAC",43.621,1.378833,151,1968061418,"","","","",4.,1,120,1,"","","","","","","","","","","","","","","","","","","","","","","","","","","","",18.8,1,9.2,1,"","","","","","","","","","","","","","","","","","","","","","","","","","",55,1,"","","","","","","","","","","","",11.8,1,1014.,1,996.2,1,"","","",1,7,1,0,1,9,1,8,1,3,1,"","","","","","","","","","","","","","","","","","","","","","","","",20000,1,"","",17,1,2,1,"","","","","","","","","","","","","","","","","","","","","","","","","","","","","","","","","","","","","","","","","","","","","","","","","","","","","","","","","","","","","","","","","",""
"31069001","TOULOUSE-BLAGNAC",43.621,1.378833,151,1968061421,"","","","",2.,1,320,1,"","","","","","","","","","","","","","","","","","","","","","","","","","","","",14.,1,11.2,1,"","","","","","","","","","","","","","","","","","","","","","","","","","",86,1,"","","","","","","","","","","","",13.6,1,1016.1,1,998.,1,"","","",1,4,1,0,1,5,1,0,1,3,1,"","","","","","","","","","","","","","","","","","","","","","","","",10000,1,"","",1,1,9,1,"","","","","","","","","","","","","","","","","","","","","","","","","","","","","","","","","","","","","","","","","","","","","","","","","","","","","","","","","","","","","","","","","",""
"31069001","TOULOUSE-BLAGNAC",43.621,1.378833,151,1968061500,"","","","",1.,1,20,1,"","","","","","","","","","","","","","","","","","","","","","","","","","","","",13.1,1,11.4,1,"","","","","","","","","","","","","","","","","","","","","","","","","","",92,1,"","","","","","","","","","","","",13.8,1,1016.2,1,998.1,1,"","","",1,5,1,5,1,5,1,0,1,0,1,"","","","","","","","","","","","","","","","","","","","","","","","",8000,1,"","",3,1,9,1,"","","","","","","","","","","","","","","","","","","","","","","","","","","","","","","","","","","","","","","","","","","","","","","","","","","","","","","","","","","","","","","","","",""
"31069001","TOULOUSE-BLAGNAC",43.621,1.378833,151,1968061503,"","","","",0.,1,0,1,"","","","","","","","","","","","","","","","","","","","","","","","","","","","",11.8,1,10.3,1,"","","","","","","","","","","","","","","","","","","","","","","","","","",93,1,"","","","","","","","","","","","",12.8,1,1016.2,1,998.,1,"","","",1,6,1,0,1,5,1,3,1,0,1,"","","","","","","","","","","","","","","","","","","","","","","","",8000,1,"","",2,1,2,1,"","","","","","","","","","","","","","","","","","","","","","","","","","","","","","","","","","","","","","","","","","","","","","","","","","","","","","","","","","","","","","","","","",""
"31069001","TOULOUSE-BLAGNAC",43.621,1.378833,151,1968061506,"","","","",1.,1,320,1,"","","","","","","","","","","","","","","","","","","","","","","","","","","","",10.4,1,9.8,1,"","","","","","","","","","","","","","","","","","","","","","","","","","",97,1,"","","","","","","","","","","","",12.3,1,1016.4,1,998.1,1,"","","",1,3,1,0,1,0,1,4,1,0,1,"","","","","","","","","","","","","","","","","","","","","","","","",300,1,"","",44,1,4,1,"","",1,1,"","","","","","","","","","","","","","","","","","","","","","","","","","","","","","","","","","","","","","","","","","","","","","","","","","","","","","","","","","","","","",""
"31069001","TOULOUSE-BLAGNAC",43.621,1.378833,151,1968061509,"","","","",2.,1,160,1,"","","","","","","","","","","","","","","","","","","","","","","","","","","","",16.6,1,13.,1,"","","","","","","","","","","","","","","","","","","","","","","","","","",81,1,"","","","","","","","","","","","",15.3,1,1016.4,1,998.5,1,"","","",1,3,1,0,1,2,1,0,1,0,1,"","","","","","","","","","","","","","","","","","","","","","","","",5000,1,"","",2,1,0,1,"","","","","","","","","","","","","","","","","","","","","","","","","","","","","","","","","","","","","","","","","","","","","","","","","","","","","","","","","","","","","","","","","",""
"31069001","TOULOUSE-BLAGNAC",43.621,1.378833,151,1968061512,"","","","",1.,1,220,1,"","","","","","","","","","","","","","","","","","","","","","","","","","","","",20.8,1,11.2,1,"","","","","","","","","","","","","","","","","","","","","","","","","","",55,1,"","","","","","","","","","","","",13.6,1,1015.8,1,998.1,1,"","","",1,3,1,0,1,2,1,0,1,0,1,"","","","","","","","","","","","","","","","","","","","","","","","",15000,1,"","",2,1,4,1,"","","","","","","","","","","","","","","","","","","","","","","","","","","","","","","","","","","","","","","","","","","","","","","","","","","","","","","","","","","","","","","","","",""
"31069001","TOULOUSE-BLAGNAC",43.621,1.378833,151,1968061515,"","","","",3.,1,340,1,"","","","","","","","","","","","","","","","","","","","","","","","","","","","",22.7,1,7.9,1,"","","","","","","","","","","","","","","","","","","","","","","","","","",39,1,"","","","","","","","","","","","",10.8,1,1014.2,1,996.7,1,"","","",1,3,1,0,1,2,1,0,1,0,1,"","","","","","","","","","","","","","","","","","","","","","","","",15000,1,"","",2,1,0,1,"","","","","","","","","","","","","","","","","","","","","","","","","","","","","","","","","","","","","","","","","","","","","","","","","","","","","","","","","","","","","","","","","",""
"31069001","TOULOUSE-BLAGNAC",43.621,1.378833,151,1968061518,"","","","",2.,1,20,1,"","","","","","","","","","","","","","","","","","","","","","","","","","","","",22.3,1,8.,1,"","","","","","","","","","","","","","","","","","","","","","","","","","",41,1,"","","","","","","","","","","","",10.9,1,1014.5,1,996.9,1,"","","",1,1,1,0,1,2,1,0,1,0,1,"","","","","","","","","","","","","","","","","","","","","","","","",15000,1,"","",1,1,0,1,"","","","","","","","","","","","","","","","","","","","","","","","","","","","","","","","","","","","","","","","","","","","","","","","","","","","","","","","","","","","","","","","","",""
"31069001","TOULOUSE-BLAGNAC",43.621,1.378833,151,1968061521,"","","","",0.,1,0,1,"","","","","","","","","","","","","","","","","","","","","","","","","","","","",18.7,1,11.2,1,"","","","","","","","","","","","","","","","","","","","","","","","","","",63,1,"","","","","","","","","","","","",13.6,1,1015.1,1,997.3,1,"","","",1,1,1,0,1,0,1,4,1,0,1,"","","","","","","","","","","","","","","","","","","","","","","","",20000,1,"","",2,1,0,1,"","","","","","","","","","","","","","","","","","","","","","","","","","","","","","","","","","","","","","","","","","","","","","","","","","","","","","","","","","","","","","","","","",""
"31069001","TOULOUSE-BLAGNAC",43.621,1.378833,151,1968061600,"","","","",1.,1,180,1,"","","","","","","","","","","","","","","","","","","","","","","","","","","","",15.5,1,11.7,1,"","","","","","","","","","","","","","","","","","","","","","","","","","",80,1,"","","","","","","","","","","","",14.1,1,1015.3,1,997.3,1,"","","",1,2,1,0,1,0,1,4,1,0,1,"","","","","","","","","","","","","","","","","","","","","","","","",20000,1,"","",1,1,0,1,"","","","","","","","","","","","","","","","","","","","","","","","","","","","","","","","","","","","","","","","","","","","","","","","","","","","","","","","","","","","","","","","","",""
"31069001","TOULOUSE-BLAGNAC",43.621,1.378833,151,1968061603,"","","","",2.,1,200,1,"","","","","","","","","","","","","","","","","","","","","","","","","","","","",12.3,1,10.7,1,"","","","","","","","","","","","","","","","","","","","","","","","","","",92,1,"","","","","","","","","","","","",13.1,1,1015.8,1,997.6,1,"","","",1,1,1,0,1,0,1,3,1,0,1,"","","","","","","","","","","","","","","","","","","","","","","","",15000,1,"","",2,1,0,1,"","","","","","","","","","","","","","","","","","","","","","","","","","","","","","","","","","","","","","","","","","","","","","","","","","","","","","","","","","","","","","","","","",""
"31069001","TOULOUSE-BLAGNAC",43.621,1.378833,151,1968061606,"","","","",1.,1,200,1,"","","","","","","","","","","","","","","","","","","","","","","","","","","","",12.3,1,10.7,1,"","","","","","","","","","","","","","","","","","","","","","","","","","",92,1,"","","","","","","","","","","","",13.1,1,1016.6,1,998.4,1,"","","",1,4,1,0,1,0,1,8,1,2,1,"","","","","","","","","","","","","","","","","","","","","","","","",15000,1,"","",2,1,0,1,"","",0,1,"","","","","","","","","","","","","","","","","","","","","","","","","","","","","","","","","","","","","","","","","","","","","","","","","","","","","","","","","","","","","",""
"31069001","TOULOUSE-BLAGNAC",43.621,1.378833,151,1968061609,"","","","",0.,1,0,1,"","","","","","","","","","","","","","","","","","","","","","","","","","","","",20.,1,13.2,1,"","","","","","","","","","","","","","","","","","","","","","","","","","",66,1,"","","","","","","","","","","","",15.6,1,1015.7,1,998.,1,"","","",1,5,1,0,1,0,1,8,1,2,1,"","","","","","","","","","","","","","","","","","","","","","","","",10000,1,"","",3,1,1,1,"","","","","","","","","","","","","","","","","","","","","","","","","","","","","","","","","","","","","","","","","","","","","","","","","","","","","","","","","","","","","","","","","",""
"31069001","TOULOUSE-BLAGNAC",43.621,1.378833,151,1968061612,"","","","",0.,1,0,1,"","","","","","","","","","","","","","","","","","","","","","","","","","","","",23.2,1,10.4,1,"","","","","","","","","","","","","","","","","","","","","","","","","","",45,1,"","","","","","","","","","","","",12.9,1,1014.9,1,997.4,1,"","","",1,6,1,5,1,2,1,8,1,2,1,"","","","","","","","","","","","","","","","","","","","","","","","",10000,1,"","",3,1,1,1,"","","","","","","","","","","","","","","","","","","","","","","","","","","","","","","","","","","","","","","","","","","","","","","","","","","","","","","","","","","","","","","","","",""
"31069001","TOULOUSE-BLAGNAC",43.621,1.378833,151,1968061615,"","","","",3.,1,200,1,"","","","","","","","","","","","","","","","","","","","","","","","","","","","",17.,1,14.4,1,"","","","","","","","","","","","","","","","","","","","","","","","","","",87,1,"","","","","","","","","","","","",16.8,1,1016.5,1,998.6,1,"","","",1,8,1,7,1,9,1,9,1,"","","","","","","","","","","","","","","","","","","","","","","","","","",6000,1,"","",95,1,9,1,"","","","","","","","","","","","","","","","","","","","","","","","","","","","","","","","","","","","","","","","","","","","","","","","","","","","","","","","","","","","","","","","","",""
"31069001","TOULOUSE-BLAGNAC",43.621,1.378833,151,1968061618,"","","","",4.,1,140,1,"","","","","","","","","","","","","","","","","","","","","","","","","","","","",15.9,1,13.9,1,"","","","","","","","","","","","","","","","","","","","","","","","","","",90,1,"","","","","","","","","","","","",16.3,1,1016.3,1,998.4,1,"","","",1,8,1,5,1,9,1,9,1,"","","","","","","","","","","","","","","","","","","","","","","","","","",6000,1,"","",95,1,9,1,"","","","","","","","","","","","","","","","","","","","","","","","","","","","","","","","","","","","","","","","","","","","","","","","","","","","","","","","","","","","","","","","","",""
"31069001","TOULOUSE-BLAGNAC",43.621,1.378833,151,1968061621,"","","","",2.,1,240,1,"","","","","","","","","","","","","","","","","","","","","","","","","","","","",14.9,1,13.2,1,"","","","","","","","","","","","","","","","","","","","","","","","","","",91,1,"","","","","","","","","","","","",15.5,1,1018.,1,1000.,1,"","","",1,7,1,5,1,6,1,9,1,2,1,"","","","","","","","","","","","","","","","","","","","","","","","",10000,1,"","",1,1,9,1,"","","","","","","","","","","","","","","","","","","","","","","","","","","","","","","","","","","","","","","","","","","","","","","","","","","","","","","","","","","","","","","","","",""
"31069001","TOULOUSE-BLAGNAC",43.621,1.378833,151,1968061700,"","","","",2.,1,200,1,"","","","","","","","","","","","","","","","","","","","","","","","","","","","",12.7,1,11.1,1,"","","","","","","","","","","","","","","","","","","","","","","","","","",92,1,"","","","","","","","","","","","",13.5,1,1017.9,1,999.7,1,"","","",1,0,1,"","",0,1,0,1,0,1,"","","","","","","","","","","","","","","","","","","","","","","","",10000,1,"","",1,1,9,1,"","","","","","","","","","","","","","","","","","","","","","","","","","","","","","","","","","","","","","","","","","","","","","","","","","","","","","","","","","","","","","","","","",""
"31069001","TOULOUSE-BLAGNAC",43.621,1.378833,151,1968061703,"","","","",2.,1,180,1,"","","","","","","","","","","","","","","","","","","","","","","","","","","","",11.2,1,10.3,1,"","","","","","","","","","","","","","","","","","","","","","","","","","",96,1,"","","","","","","","","","","","",12.8,1,1017.6,1,999.3,1,"","","",1,0,1,"","",0,1,0,1,0,1,"","","","","","","","","","","","","","","","","","","","","","","","",10000,1,"","",2,1,0,1,"","","","","","","","","","","","","","","","","","","","","","","","","","","","","","","","","","","","","","","","","","","","","","","","","","","","","","","","","","","","","","","","","",""
"31069001","TOULOUSE-BLAGNAC",43.621,1.378833,151,1968061706,"","","","",1.,1,180,1,"","","","","","","","","","","","","","","","","","","","","","","","","","","","",11.8,1,10.7,1,"","","","","","","","","","","","","","","","","","","","","","","","","","",95,1,"","","","","","","","","","","","",13.1,1,1017.7,1,999.5,1,"","","",1,3,1,0,1,6,1,0,1,0,1,"","","","","","","","","","","","","","","","","","","","","","","","",6000,1,"","",1,1,0,1,"","",2,1,"","","","","","","","","","","","","","","","","","","","","","","","","","","","","","","","","","","","","","","","","","","","","","","","","","","","","","","","","","","","","",""
"31069001","TOULOUSE-BLAGNAC",43.621,1.378833,151,1968061709,"","","","",1.,1,40,1,"","","","","","","","","","","","","","","","","","","","","","","","","","","","",13.3,1,12.5,1,"","","","","","","","","","","","","","","","","","","","","","","","","","",96,1,"","","","","","","","","","","","",14.8,1,1017.7,1,999.6,1,"","","",1,8,1,8,1,6,1,"","","","","","","","","","","","","","","","","","","","","","","","","","","","",1200,1,"","",10,1,4,1,"","","","","","","","","","","","","","","","","","","","","","","","","","","","","","","","","","","","","","","","","","","","","","","","","","","","","","","","","","","","","","","","","",""
"31069001","TOULOUSE-BLAGNAC",43.621,1.378833,151,1968061712,"","","","",2.,1,360,1,"","","","","","","","","","","","","","","","","","","","","","","","","","","","",17.9,1,13.9,1,"","","","","","","","","","","","","","","","","","","","","","","","","","",80,1,"","","","","","","","","","","","",16.3,1,1016.3,1,998.5,1,"","","",1,6,1,6,1,1,1,0,1,0,1,"","","","","","","","","","","","","","","","","","","","","","","","",8000,1,"","",1,1,4,1,"","","","","","","","","","","","","","","","","","","","","","","","","","","","","","","","","","","","","","","","","","","","","","","","","","","","","","","","","","","","","","","","","",""
"31069001","TOULOUSE-BLAGNAC",43.621,1.378833,151,1968061715,"","","","",1.,1,80,1,"","","","","","","","","","","","","","","","","","","","","","","","","","","","",22.4,1,12.8,1,"","","","","","","","","","","","","","","","","","","","","","","","","","",56,1,"","","","","","","","","","","","",15.1,1,1014.,1,996.5,1,"","","",1,4,1,0,1,1,1,0,1,9,1,"","","","","","","","","","","","","","","","","","","","","","","","",30000,1,"","",2,1,1,1,"","","","","","","","","","","","","","","","","","","","","","","","","","","","","","","","","","","","","","","","","","","","","","","","","","","","","","","","","","","","","","","","","",""
"31069001","TOULOUSE-BLAGNAC",43.621,1.378833,151,1968061718,"","","","",2.,1,60,1,"","","","","","","","","","","","","","","","","","","","","","","","","","","","",23.2,1,12.2,1,"","","","","","","","","","","","","","","","","","","","","","","","","","",51,1,"","","","","","","","","","","","",14.5,1,1012.3,1,994.9,1,"","","",1,2,1,0,1,0,1,0,1,9,1,"","","","","","","","","","","","","","","","","","","","","","","","",50000,1,"","",2,1,1,1,"","","","","","","","","","","","","","","","","","","","","","","","","","","","","","","","","","","","","","","","","","","","","","","","","","","","","","","","","","","","","","","","","",""
"31069001","TOULOUSE-BLAGNAC",43.621,1.378833,151,1968061721,"","","","",2.,1,80,1,"","","","","","","","","","","","","","","","","","","","","","","","","","","","",20.3,1,11.9,1,"","","","","","","","","","","","","","","","","","","","","","","","","","",60,1,"","","","","","","","","","","","",14.2,1,1011.7,1,994.1,1,"","","",1,5,1,5,1,0,1,0,1,2,1,"","","","","","","","","","","","","","","","","","","","","","","","",15000,1,"","",2,1,1,1,"","","","","","","","","","","","","","","","","","","","","","","","","","","","","","","","","","","","","","","","","","","","","","","","","","","","","","","","","","","","","","","","","",""
"31069001","TOULOUSE-BLAGNAC",43.621,1.378833,151,1968061800,"","","","",3.,1,120,1,"","","","","","","","","","","","","","","","","","","","","","","","","","","","",18.2,1,11.5,1,"","","","","","","","","","","","","","","","","","","","","","","","","","",67,1,"","","","","","","","","","","","",13.9,1,1010.3,1,992.6,1,"","","",1,7,1,7,1,0,1,0,1,2,1,"","","","","","","","","","","","","","","","","","","","","","","","",10000,1,"","",2,1,1,1,"","","","","","","","","","","","","","","","","","","","","","","","","","","","","","","","","","","","","","","","","","","","","","","","","","","","","","","","","","","","","","","","","",""
"31069001","TOULOUSE-BLAGNAC",43.621,1.378833,151,1968061803,"","","","",1.,1,60,1,"","","","","","","","","","","","","","","","","","","","","","","","","","","","",15.1,1,11.6,1,"","","","","","","","","","","","","","","","","","","","","","","","","","",81,1,"","","","","","","","","","","","",14.,1,1007.4,1,989.6,1,"","","",1,6,1,6,1,0,1,0,1,2,1,"","","","","","","","","","","","","","","","","","","","","","","","",10000,1,"","",2,1,2,1,"","","","","","","","","","","","","","","","","","","","","","","","","","","","","","","","","","","","","","","","","","","","","","","","","","","","","","","","","","","","","","","","","",""
"31069001","TOULOUSE-BLAGNAC",43.621,1.378833,151,1968061806,"","","","",6.,1,120,1,"","","","","","","","","","","","","","","","","","","","","","","","","","","","",18.3,1,14.6,1,"","","","","","","","","","","","","","","","","","","","","","","","","","",81,1,"","","","","","","","","","","","",17.1,1,1006.6,1,989.,1,"","","",1,7,1,5,1,5,1,8,1,2,1,"","","","","","","","","","","","","","","","","","","","","","","","",7000,1,"","",3,1,2,1,"","",0,1,"","","","","","","","","","","","","","","","","","","","","","","","","","","","","","","","","","","","","","","","","","","","","","","","","","","","","","","","","","","","","",""
"31069001","TOULOUSE-BLAGNAC",43.621,1.378833,151,1968061809,"","","","",4.,1,160,1,"","","","","","","","","","","","","","","","","","","","","","","","","","","","",19.9,1,15.1,1,"","","","","","","","","","","","","","","","","","","","","","","","","","",76,1,"","","","","","","","","","","","",17.6,1,1008.4,1,990.8,1,"","","",1,7,1,7,1,2,1,8,1,6,1,"","","","","","","","","","","","","","","","","","","","","","","","",10000,1,"","",2,1,2,1,"","","","","","","","","","","","","","","","","","","","","","","","","","","","","","","","","","","","","","","","","","","","","","","","","","","","","","","","","","","","","","","","","",""
"31069001","TOULOUSE-BLAGNAC",43.621,1.378833,151,1968061812,"","","","",2.,1,140,1,"","","","","","","","","","","","","","","","","","","","","","","","","","","","",20.4,1,15.3,1,"","","","","","","","","","","","","","","","","","","","","","","","","","",75,1,"","","","","","","","","","","","",17.9,1,1009.2,1,991.7,1,"","","",1,8,1,8,1,8,1,"","","","","","","","","","","","","","","","","","","","","","","","","","","","",12000,1,"","",25,1,8,1,"","","","","","","","","","","","","","","","","","","","","","","","","","","","","","","","","","","","","","","","","","","","","","","","","","","","","","","","","","","","","","","","","",""
"31069001","TOULOUSE-BLAGNAC",43.621,1.378833,151,1968061815,"","","","",3.,1,260,1,"","","","","","","","","","","","","","","","","","","","","","","","","","","","",19.1,1,14.6,1,"","","","","","","","","","","","","","","","","","","","","","","","","","",78,1,"","","","","","","","","","","","",17.1,1,1009.,1,991.4,1,"","","",1,8,1,6,1,9,1,"","","","","","","","","","","","","","","","","","","","","","","","","","","","",2500,1,"","",97,1,9,1,"","","","","","","","","","","","","","","","","","","","","","","","","","","","","","","","","","","","","","","","","","","","","","","","","","","","","","","","","","","","","","","","","",""
"31069001","TOULOUSE-BLAGNAC",43.621,1.378833,151,1968061818,"","","","",2.,1,60,1,"","","","","","","","","","","","","","","","","","","","","","","","","","","","",16.,1,14.4,1,"","","","","","","","","","","","","","","","","","","","","","","","","","",92,1,"","","","","","","","","","","","",16.8,1,1009.5,1,991.7,1,"","","",1,7,1,7,1,8,1,"","","","","","","","","","","","","","","","","","","","","","","","","","","","",8000,1,"","",91,1,9,1,"","","","","","","","","","","","","","","","","","","","","","","","","","","","","","","","","","","","","","","","","","","","","","","","","","","","","","","","","","","","","","","","","",""
"31069001","TOULOUSE-BLAGNAC",43.621,1.378833,151,1968061821,"","","","",0.,1,0,1,"","","","","","","","","","","","","","","","","","","","","","","","","","","","",16.4,1,13.9,1,"","","","","","","","","","","","","","","","","","","","","","","","","","",88,1,"","","","","","","","","","","","",16.3,1,1010.2,1,992.4,1,"","","",1,8,1,8,1,5,1,"","","","","","","","","","","","","","","","","","","","","","","","","","","","",6000,1,"","",3,1,6,1,"","","","","","","","","","","","","","","","","","","","","","","","","","","","","","","","","","","","","","","","","","","","","","","","","","","","","","","","","","","","","","","","","",""
"31069001","TOULOUSE-BLAGNAC",43.621,1.378833,151,1968061900,"","","","",0.,1,0,1,"","","","","","","","","","","","","","","","","","","","","","","","","","","","",15.,1,13.7,1,"","","","","","","","","","","","","","","","","","","","","","","","","","",95,1,"","","","","","","","","","","","",16.1,1,1010.5,1,992.6,1,"","","",1,8,1,7,1,5,1,"","","","","","","","","","","","","","","","","","","","","","","","","","","","",8000,1,"","",3,1,6,1,"","","","","","","","","","","","","","","","","","","","","","","","","","","","","","","","","","","","","","","","","","","","","","","","","","","","","","","","","","","","","","","","","",""
"31069001","TOULOUSE-BLAGNAC",43.621,1.378833,151,1968061903,"","","","",2.,1,320,1,"","","","","","","","","","","","","","","","","","","","","","","","","","","","",14.8,1,13.7,1,"","","","","","","","","","","","","","","","","","","","","","","","","","",96,1,"","","","","","","","","","","","",16.1,1,1010.5,1,992.6,1,"","","",1,8,1,7,1,5,1,"","","","","","","","","","","","","","","","","","","","","","","","","","","","",8000,1,"","",2,1,2,1,"","","","","","","","","","","","","","","","","","","","","","","","","","","","","","","","","","","","","","","","","","","","","","","","","","","","","","","","","","","","","","","","","",""
"31069001","TOULOUSE-BLAGNAC",43.621,1.378833,151,1968061906,"","","","",2.,1,340,1,"","","","","","","","","","","","","","","","","","","","","","","","","","","","",14.8,1,13.7,1,"","","","","","","","","","","","","","","","","","","","","","","","","","",96,1,"","","","","","","","","","","","",16.1,1,1010.9,1,993.,1,"","","",1,8,1,7,1,5,1,7,1,"","","","","","","","","","","","","","","","","","","","","","","","","","",4000,1,"","",10,1,2,1,"","",2,1,"","","","","","","","","","","","","","","","","","","","","","","","","","","","","","","","","","","","","","","","","","","","","","","","","","","","","","","","","","","","","",""
"31069001","TOULOUSE-BLAGNAC",43.621,1.378833,151,1968061909,"","","","",2.,1,220,1,"","","","","","","","","","","","","","","","","","","","","","","","","","","","",18.,1,13.8,1,"","","","","","","","","","","","","","","","","","","","","","","","","","",79,1,"","","","","","","","","","","","",16.2,1,1012.5,1,994.8,1,"","","",1,7,1,5,1,8,1,"","","","","","","","","","","","","","","","","","","","","","","","","","","","",10000,1,"","",3,1,2,1,"","","","","","","","","","","","","","","","","","","","","","","","","","","","","","","","","","","","","","","","","","","","","","","","","","","","","","","","","","","","","","","","","",""
"31069001","TOULOUSE-BLAGNAC",43.621,1.378833,151,1968061912,"","","","",8.,1,260,1,"","","","","","","","","","","","","","","","","","","","","","","","","","","","",15.7,1,14.1,1,"","","","","","","","","","","","","","","","","","","","","","","","","","",92,1,"","","","","","","","","","","","",16.5,1,1014.4,1,996.5,1,"","","",1,8,1,8,1,7,1,"","","","","","","","","","","","","","","","","","","","","","","","","","","","",6000,1,"","",25,1,8,1,"","","","","","","","","","","","","","","","","","","","","","","","","","","","","","","","","","","","","","","","","","","","","","","","","","","","","","","","","","","","","","","","","",""
"31069001","TOULOUSE-BLAGNAC",43.621,1.378833,151,1968061915,"","","","",9.,1,260,1,"","","","","","","","","","","","","","","","","","","","","","","","","","","","",15.8,1,12.6,1,"","","","","","","","","","","","","","","","","","","","","","","","","","",83,1,"","","","","","","","","","","","",14.9,1,1016.,1,998.,1,"","","",1,8,1,5,1,5,1,"","","","","","","","","","","","","","","","","","","","","","","","","","","","",4500,1,"","",10,1,2,1,"","","","","","","","","","","","","","","","","","","","","","","","","","","","","","","","","","","","","","","","","","","","","","","","","","","","","","","","","","","","","","","","","",""
"31069001","TOULOUSE-BLAGNAC",43.621,1.378833,151,1968061918,"","","","",4.,1,240,1,"","","","","","","","","","","","","","","","","","","","","","","","","","","","",16.5,1,12.9,1,"","","","","","","","","","","","","","","","","","","","","","","","","","",81,1,"","","","","","","","","","","","",15.2,1,1016.4,1,998.5,1,"","","",1,8,1,8,1,5,1,"","","","","","","","","","","","","","","","","","","","","","","","","","","","",4500,1,"","",10,1,2,1,"","","","","","","","","","","","","","","","","","","","","","","","","","","","","","","","","","","","","","","","","","","","","","","","","","","","","","","","","","","","","","","","","",""
"31069001","TOULOUSE-BLAGNAC",43.621,1.378833,151,1968061921,"","","","",2.,1,240,1,"","","","","","","","","","","","","","","","","","","","","","","","","","","","",15.8,1,13.3,1,"","","","","","","","","","","","","","","","","","","","","","","","","","",88,1,"","","","","","","","","","","","",15.7,1,1017.7,1,999.7,1,"","","",1,8,1,8,1,5,1,"","","","","","","","","","","","","","","","","","","","","","","","","","","","",4000,1,"","",10,1,2,1,"","","","","","","","","","","","","","","","","","","","","","","","","","","","","","","","","","","","","","","","","","","","","","","","","","","","","","","","","","","","","","","","","",""
"31069001","TOULOUSE-BLAGNAC",43.621,1.378833,151,1968062000,"","","","",0.,1,0,1,"","","","","","","","","","","","","","","","","","","","","","","","","","","","",14.7,1,13.2,1,"","","","","","","","","","","","","","","","","","","","","","","","","","",92,1,"","","","","","","","","","","","",15.5,1,1018.3,1,1000.2,1,"","","",1,6,1,6,1,5,1,0,1,0,1,"","","","","","","","","","","","","","","","","","","","","","","","",10000,1,"","",1,1,2,1,"","","","","","","","","","","","","","","","","","","","","","","","","","","","","","","","","","","","","","","","","","","","","","","","","","","","","","","","","","","","","","","","","",""
"31069001","TOULOUSE-BLAGNAC",43.621,1.378833,151,1968062003,"","","","",0.,1,0,1,"","","","","","","","","","","","","","","","","","","","","","","","","","","","",12.5,1,11.4,1,"","","","","","","","","","","","","","","","","","","","","","","","","","",95,1,"","","","","","","","","","","","",13.8,1,1017.7,1,999.5,1,"","","",1,0,1,"","",0,1,0,1,0,1,"","","","","","","","","","","","","","","","","","","","","","","","",8000,1,"","",2,1,1,1,"","","","","","","","","","","","","","","","","","","","","","","","","","","","","","","","","","","","","","","","","","","","","","","","","","","","","","","","","","","","","","","","","",""
"31069001","TOULOUSE-BLAGNAC",43.621,1.378833,151,1968062006,"","","","",0.,1,0,1,"","","","","","","","","","","","","","","","","","","","","","","","","","","","",12.3,1,11.3,1,"","","","","","","","","","","","","","","","","","","","","","","","","","",96,1,"","","","","","","","","","","","",13.7,1,1017.6,1,999.4,1,"","","",1,7,1,7,1,0,1,5,1,"","","","","","","","","","","","","","","","","","","","","","","","","","",4000,1,"","",10,1,1,1,"","",2,1,"","","","","","","","","","","","","","","","","","","","","","","","","","","","","","","","","","","","","","","","","","","","","","","","","","","","","","","","","","","","","",""
"31069001","TOULOUSE-BLAGNAC",43.621,1.378833,151,1968062009,"","","","",0.,1,0,1,"","","","","","","","","","","","","","","","","","","","","","","","","","","","",16.,1,13.2,1,"","","","","","","","","","","","","","","","","","","","","","","","","","",86,1,"","","","","","","","","","","","",15.6,1,1018.,1,1000.,1,"","","",1,7,1,5,1,1,1,4,1,2,1,"","","","","","","","","","","","","","","","","","","","","","","","",8000,1,"","",3,1,2,1,"","","","","","","","","","","","","","","","","","","","","","","","","","","","","","","","","","","","","","","","","","","","","","","","","","","","","","","","","","","","","","","","","",""
"31069001","TOULOUSE-BLAGNAC",43.621,1.378833,151,1968062012,"","","","",5.,1,280,1,"","","","","","","","","","","","","","","","","","","","","","","","","","","","",19.6,1,10.4,1,"","","","","","","","","","","","","","","","","","","","","","","","","","",56,1,"","","","","","","","","","","","",12.9,1,1018.6,1,1000.8,1,"","","",1,6,1,0,1,2,1,4,1,0,1,"","","","","","","","","","","","","","","","","","","","","","","","",20000,1,"","",2,1,2,1,"","","","","","","","","","","","","","","","","","","","","","","","","","","","","","","","","","","","","","","","","","","","","","","","","","","","","","","","","","","","","","","","","",""
"31069001","TOULOUSE-BLAGNAC",43.621,1.378833,151,1968062015,"","","","",5.,1,300,1,"","","","","","","","","","","","","","","","","","","","","","","","","","","","",16.1,1,12.4,1,"","","","","","","","","","","","","","","","","","","","","","","","","","",80,1,"","","","","","","","","","","","",14.7,1,1020.,1,1002.,1,"","","",1,8,1,5,1,5,1,7,1,"","","","","","","","","","","","","","","","","","","","","","","","","","",8000,1,"","",60,1,2,1,"","","","","","","","","","","","","","","","","","","","","","","","","","","","","","","","","","","","","","","","","","","","","","","","","","","","","","","","","","","","","","","","","",""
"31069001","TOULOUSE-BLAGNAC",43.621,1.378833,151,1968062018,"","","","",3.,1,260,1,"","","","","","","","","","","","","","","","","","","","","","","","","","","","",13.4,1,12.2,1,"","","","","","","","","","","","","","","","","","","","","","","","","","",94,1,"","","","","","","","","","","","",14.5,1,1021.6,1,1003.4,1,"","","",1,8,1,7,1,5,1,7,1,"","","","","","","","","","","","","","","","","","","","","","","","","","",8000,1,"","",63,1,6,1,"","","","","","","","","","","","","","","","","","","","","","","","","","","","","","","","","","","","","","","","","","","","","","","","","","","","","","","","","","","","","","","","","",""
"31069001","TOULOUSE-BLAGNAC",43.621,1.378833,151,1968062021,"","","","",4.,1,220,1,"","","","","","","","","","","","","","","","","","","","","","","","","","","","",13.3,1,12.1,1,"","","","","","","","","","","","","","","","","","","","","","","","","","",94,1,"","","","","","","","","","","","",14.4,1,1023.1,1,1004.9,1,"","","",1,7,1,7,1,0,1,7,1,"","","","","","","","","","","","","","","","","","","","","","","","","","",20000,1,"","",2,1,6,1,"","","","","","","","","","","","","","","","","","","","","","","","","","","","","","","","","","","","","","","","","","","","","","","","","","","","","","","","","","","","","","","","","",""
"31069001","TOULOUSE-BLAGNAC",43.621,1.378833,151,1968062100,"","","","",4.,1,240,1,"","","","","","","","","","","","","","","","","","","","","","","","","","","","",12.2,1,10.6,1,"","","","","","","","","","","","","","","","","","","","","","","","","","",92,1,"","","","","","","","","","","","",13.,1,1023.4,1,1005.1,1,"","","",1,0,1,"","",0,1,0,1,0,1,"","","","","","","","","","","","","","","","","","","","","","","","",30000,1,"","",2,1,6,1,"","","","","","","","","","","","","","","","","","","","","","","","","","","","","","","","","","","","","","","","","","","","","","","","","","","","","","","","","","","","","","","","","",""
"31069001","TOULOUSE-BLAGNAC",43.621,1.378833,151,1968062103,"","","","",3.,1,260,1,"","","","","","","","","","","","","","","","","","","","","","","","","","","","",11.3,1,10.4,1,"","","","","","","","","","","","","","","","","","","","","","","","","","",96,1,"","","","","","","","","","","","",12.9,1,1023.6,1,1005.2,1,"","","",1,0,1,"","",0,1,0,1,0,1,"","","","","","","","","","","","","","","","","","","","","","","","",30000,1,"","",2,1,0,1,"","","","","","","","","","","","","","","","","","","","","","","","","","","","","","","","","","","","","","","","","","","","","","","","","","","","","","","","","","","","","","","","","",""
"31069001","TOULOUSE-BLAGNAC",43.621,1.378833,151,1968062106,"","","","",2.,1,160,1,"","","","","","","","","","","","","","","","","","","","","","","","","","","","",11.4,1,10.3,1,"","","","","","","","","","","","","","","","","","","","","","","","","","",95,1,"","","","","","","","","","","","",12.8,1,1024.6,1,1006.2,1,"","","",1,4,1,0,1,6,1,0,1,0,1,"","","","","","","","","","","","","","","","","","","","","","","","",30000,1,"","",3,1,0,1,"","",2,1,"","","","","","","","","","","","","","","","","","","","","","","","","","","","","","","","","","","","","","","","","","","","","","","","","","","","","","","","","","","","","",""
"31069001","TOULOUSE-BLAGNAC",43.621,1.378833,151,1968062109,"","","","",5.,1,280,1,"","","","","","","","","","","","","","","","","","","","","","","","","","","","",16.1,1,10.4,1,"","","","","","","","","","","","","","","","","","","","","","","","","","",70,1,"","","","","","","","","","","","",12.9,1,1024.7,1,1006.6,1,"","","",1,5,1,5,1,2,1,0,1,0,1,"","","","","","","","","","","","","","","","","","","","","","","","",30000,1,"","",2,1,1,1,"","","","","","","","","","","","","","","","","","","","","","","","","","","","","","","","","","","","","","","","","","","","","","","","","","","","","","","","","","","","","","","","","",""
"31069001","TOULOUSE-BLAGNAC",43.621,1.378833,151,1968062112,"","","","",5.,1,280,1,"","","","","","","","","","","","","","","","","","","","","","","","","","","","",18.8,1,9.6,1,"","","","","","","","","","","","","","","","","","","","","","","","","","",56,1,"","","","","","","","","","","","",12.2,1,1024.3,1,1006.4,1,"","","",1,5,1,0,1,8,1,0,1,0,1,"","","","","","","","","","","","","","","","","","","","","","","","",30000,1,"","",2,1,1,1,"","","","","","","","","","","","","","","","","","","","","","","","","","","","","","","","","","","","","","","","","","","","","","","","","","","","","","","","","","","","","","","","","",""
"31069001","TOULOUSE-BLAGNAC",43.621,1.378833,151,1968062115,"","","","",6.,1,280,1,"","","","","","","","","","","","","","","","","","","","","","","","","","","","",19.2,1,8.4,1,"","","","","","","","","","","","","","","","","","","","","","","","","","",50,1,"","","","","","","","","","","","",11.2,1,1023.3,1,1005.4,1,"","","",1,5,1,0,1,8,1,0,1,0,1,"","","","","","","","","","","","","","","","","","","","","","","","",30000,1,"","",1,1,2,1,"","","","","","","","","","","","","","","","","","","","","","","","","","","","","","","","","","","","","","","","","","","","","","","","","","","","","","","","","","","","","","","","","",""
"31069001","TOULOUSE-BLAGNAC",43.621,1.378833,151,1968062118,"","","","",4.,1,300,1,"","","","","","","","","","","","","","","","","","","","","","","","","","","","",19.2,1,8.4,1,"","","","","","","","","","","","","","","","","","","","","","","","","","",50,1,"","","","","","","","","","","","",11.2,1,1023.1,1,1005.2,1,"","","",1,3,1,0,1,8,1,0,1,0,1,"","","","","","","","","","","","","","","","","","","","","","","","",30000,1,"","",1,1,1,1,"","","","","","","","","","","","","","","","","","","","","","","","","","","","","","","","","","","","","","","","","","","","","","","","","","","","","","","","","","","","","","","","","",""
"31069001","TOULOUSE-BLAGNAC",43.621,1.378833,151,1968062121,"","","","",3.,1,280,1,"","","","","","","","","","","","","","","","","","","","","","","","","","","","",15.,1,11.,1,"","","","","","","","","","","","","","","","","","","","","","","","","","",79,1,"","","","","","","","","","","","",13.4,1,1023.7,1,1005.6,1,"","","",1,2,1,0,1,5,1,0,1,0,1,"","","","","","","","","","","","","","","","","","","","","","","","",15000,1,"","",1,1,0,1,"","","","","","","","","","","","","","","","","","","","","","","","","","","","","","","","","","","","","","","","","","","","","","","","","","","","","","","","","","","","","","","","","",""
"31069001","TOULOUSE-BLAGNAC",43.621,1.378833,151,1968062200,"","","","",1.,1,300,1,"","","","","","","","","","","","","","","","","","","","","","","","","","","","",12.8,1,8.7,1,"","","","","","","","","","","","","","","","","","","","","","","","","","",77,1,"","","","","","","","","","","","",11.4,1,1023.8,1,1005.5,1,"","","",1,2,1,0,1,5,1,0,1,0,1,"","","","","","","","","","","","","","","","","","","","","","","","",15000,1,"","",3,1,0,1,"","","","","","","","","","","","","","","","","","","","","","","","","","","","","","","","","","","","","","","","","","","","","","","","","","","","","","","","","","","","","","","","","",""
"31069001","TOULOUSE-BLAGNAC",43.621,1.378833,151,1968062203,"","","","",0.,1,0,1,"","","","","","","","","","","","","","","","","","","","","","","","","","","","",10.9,1,8.8,1,"","","","","","","","","","","","","","","","","","","","","","","","","","",89,1,"","","","","","","","","","","","",11.5,1,1022.1,1,1003.7,1,"","","",1,3,1,0,1,5,1,0,1,0,1,"","","","","","","","","","","","","","","","","","","","","","","","",15000,1,"","",3,1,0,1,"","","","","","","","","","","","","","","","","","","","","","","","","","","","","","","","","","","","","","","","","","","","","","","","","","","","","","","","","","","","","","","","","",""
"31069001","TOULOUSE-BLAGNAC",43.621,1.378833,151,1968062206,"","","","",0.,1,0,1,"","","","","","","","","","","","","","","","","","","","","","","","","","","","",11.4,1,9.6,1,"","","","","","","","","","","","","","","","","","","","","","","","","","",90,1,"","","","","","","","","","","","",12.2,1,1020.9,1,1002.6,1,"","","",1,5,1,5,1,0,1,0,1,1,1,"","","","","","","","","","","","","","","","","","","","","","","","",10000,1,"","",2,1,1,1,"","",0,1,"","","","","","","","","","","","","","","","","","","","","","","","","","","","","","","","","","","","","","","","","","","","","","","","","","","","","","","","","","","","","",""
"31069001","TOULOUSE-BLAGNAC",43.621,1.378833,151,1968062209,"","","","",2.,1,120,1,"","","","","","","","","","","","","","","","","","","","","","","","","","","","",17.,1,9.2,1,"","","","","","","","","","","","","","","","","","","","","","","","","","",61,1,"","","","","","","","","","","","",11.8,1,1019.2,1,1001.2,1,"","","",1,1,1,0,1,1,1,0,1,1,1,"","","","","","","","","","","","","","","","","","","","","","","","",20000,1,"","",1,1,1,1,"","","","","","","","","","","","","","","","","","","","","","","","","","","","","","","","","","","","","","","","","","","","","","","","","","","","","","","","","","","","","","","","","",""
"31069001","TOULOUSE-BLAGNAC",43.621,1.378833,151,1968062212,"","","","",3.,1,100,1,"","","","","","","","","","","","","","","","","","","","","","","","","","","","",20.7,1,9.9,1,"","","","","","","","","","","","","","","","","","","","","","","","","","",51,1,"","","","","","","","","","","","",12.4,1,1016.5,1,998.8,1,"","","",1,1,1,0,1,0,1,0,1,1,1,"","","","","","","","","","","","","","","","","","","","","","","","",30000,1,"","",2,1,1,1,"","","","","","","","","","","","","","","","","","","","","","","","","","","","","","","","","","","","","","","","","","","","","","","","","","","","","","","","","","","","","","","","","",""
"31069001","TOULOUSE-BLAGNAC",43.621,1.378833,151,1968062215,"","","","",1.,1,80,1,"","","","","","","","","","","","","","","","","","","","","","","","","","","","",23.2,1,10.6,1,"","","","","","","","","","","","","","","","","","","","","","","","","","",46,1,"","","","","","","","","","","","",13.,1,1014.4,1,996.9,1,"","","",1,4,1,0,1,0,1,0,1,2,1,"","","","","","","","","","","","","","","","","","","","","","","","",30000,1,"","",3,1,0,1,"","","","","","","","","","","","","","","","","","","","","","","","","","","","","","","","","","","","","","","","","","","","","","","","","","","","","","","","","","","","","","","","","",""
"31069001","TOULOUSE-BLAGNAC",43.621,1.378833,151,1968062218,"","","","",2.,1,60,1,"","","","","","","","","","","","","","","","","","","","","","","","","","","","",22.8,1,10.3,1,"","","","","","","","","","","","","","","","","","","","","","","","","","",46,1,"","","","","","","","","","","","",12.8,1,1012.3,1,994.8,1,"","","",1,5,1,5,1,0,1,8,1,2,1,"","","","","","","","","","","","","","","","","","","","","","","","",30000,1,"","",2,1,1,1,"","","","","","","","","","","","","","","","","","","","","","","","","","","","","","","","","","","","","","","","","","","","","","","","","","","","","","","","","","","","","","","","","",""
"31069001","TOULOUSE-BLAGNAC",43.621,1.378833,151,1968062221,"","","","",7.,1,140,1,"","","","","","","","","","","","","","","","","","","","","","","","","","","","",18.6,1,11.9,1,"","","","","","","","","","","","","","","","","","","","","","","","","","",66,1,"","","","","","","","","","","","",14.2,1,1011.4,1,993.7,1,"","","",1,4,1,0,1,0,1,0,1,2,1,"","","","","","","","","","","","","","","","","","","","","","","","",30000,1,"","",1,1,1,1,"","","","","","","","","","","","","","","","","","","","","","","","","","","","","","","","","","","","","","","","","","","","","","","","","","","","","","","","","","","","","","","","","",""
"31069001","TOULOUSE-BLAGNAC",43.621,1.378833,151,1968062300,"","","","",6.,1,140,1,"","","","","","","","","","","","","","","","","","","","","","","","","","","","",16.8,1,12.8,1,"","","","","","","","","","","","","","","","","","","","","","","","","","",79,1,"","","","","","","","","","","","",15.1,1,1009.4,1,991.6,1,"","","",1,4,1,0,1,0,1,0,1,2,1,"","","","","","","","","","","","","","","","","","","","","","","","",20000,1,"","",2,1,1,1,"","","","","","","","","","","","","","","","","","","","","","","","","","","","","","","","","","","","","","","","","","","","","","","","","","","","","","","","","","","","","","","","","",""
"31069001","TOULOUSE-BLAGNAC",43.621,1.378833,151,1968062303,"","","","",4.,1,140,1,"","","","","","","","","","","","","","","","","","","","","","","","","","","","",16.8,1,14.6,1,"","","","","","","","","","","","","","","","","","","","","","","","","","",90,1,"","","","","","","","","","","","",17.1,1,1006.2,1,988.5,1,"","","",1,7,1,7,1,3,1,8,1,2,1,"","","","","","","","","","","","","","","","","","","","","","","","",10000,1,"","",25,1,2,1,"","","","","","","","","","","","","","","","","","","","","","","","","","","","","","","","","","","","","","","","","","","","","","","","","","","","","","","","","","","","","","","","","",""
"31069001","TOULOUSE-BLAGNAC",43.621,1.378833,151,1968062306,"","","","",9.,1,260,1,"","","","","","","","","","","","","","","","","","","","","","","","","","","","",13.8,1,12.6,1,"","","","","","","","","","","","","","","","","","","","","","","","","","",94,1,"","","","","","","","","","","","",14.9,1,1009.4,1,991.4,1,"","","",1,8,1,5,1,5,1,"","","","","","","","","","","","","","","","","","","","","","","","","","","","",8000,1,"","",80,1,8,1,"","",1,1,"","","","","","","","","","","","","","","","","","","","","","","","","","","","","","","","","","","","","","","","","","","","","","","","","","","","","","","","","","","","","",""
"31069001","TOULOUSE-BLAGNAC",43.621,1.378833,151,1968062309,"","","","",3.,1,180,1,"","","","","","","","","","","","","","","","","","","","","","","","","","","","",12.2,1,11.2,1,"","","","","","","","","","","","","","","","","","","","","","","","","","",96,1,"","","","","","","","","","","","",13.6,1,1012.2,1,994.1,1,"","","",1,7,1,7,1,7,1,2,1,"","","","","","","","","","","","","","","","","","","","","","","","","","",10000,1,"","",61,1,8,1,"","","","","","","","","","","","","","","","","","","","","","","","","","","","","","","","","","","","","","","","","","","","","","","","","","","","","","","","","","","","","","","","","",""
"31069001","TOULOUSE-BLAGNAC",43.621,1.378833,151,1968062312,"","","","",9.,1,260,1,"","","","","","","","","","","","","","","","","","","","","","","","","","","","",16.8,1,10.8,1,"","","","","","","","","","","","","","","","","","","","","","","","","","",69,1,"","","","","","","","","","","","",13.2,1,1012.1,1,994.3,1,"","","",1,5,1,0,1,3,1,0,1,2,1,"","","","","","","","","","","","","","","","","","","","","","","","",30000,1,"","",25,1,6,1,"","","","","","","","","","","","","","","","","","","","","","","","","","","","","","","","","","","","","","","","","","","","","","","","","","","","","","","","","","","","","","","","","",""
"31069001","TOULOUSE-BLAGNAC",43.621,1.378833,151,1968062315,"","","","",6.,1,300,1,"","","","","","","","","","","","","","","","","","","","","","","","","","","","",14.7,1,12.,1,"","","","","","","","","","","","","","","","","","","","","","","","","","",86,1,"","","","","","","","","","","","",14.3,1,1014.6,1,996.6,1,"","","",1,7,1,5,1,9,1,0,1,3,1,"","","","","","","","","","","","","","","","","","","","","","","","",20000,1,"","",25,1,9,1,"","","","","","","","","","","","","","","","","","","","","","","","","","","","","","","","","","","","","","","","","","","","","","","","","","","","","","","","","","","","","","","","","",""
"31069001","TOULOUSE-BLAGNAC",43.621,1.378833,151,1968062318,"","","","",6.,1,260,1,"","","","","","","","","","","","","","","","","","","","","","","","","","","","",16.2,1,12.3,1,"","","","","","","","","","","","","","","","","","","","","","","","","","",80,1,"","","","","","","","","","","","",14.6,1,1016.2,1,998.3,1,"","","",1,7,1,5,1,9,1,0,1,3,1,"","","","","","","","","","","","","","","","","","","","","","","","",10000,1,"","",80,1,9,1,"","","","","","","","","","","","","","","","","","","","","","","","","","","","","","","","","","","","","","","","","","","","","","","","","","","","","","","","","","","","","","","","","",""
"31069001","TOULOUSE-BLAGNAC",43.621,1.378833,151,1968062321,"","","","",5.,1,240,1,"","","","","","","","","","","","","","","","","","","","","","","","","","","","",13.4,1,11.2,1,"","","","","","","","","","","","","","","","","","","","","","","","","","",88,1,"","","","","","","","","","","","",13.6,1,1019.4,1,1001.2,1,"","","",1,3,1,0,1,9,1,4,1,0,1,"","","","","","","","","","","","","","","","","","","","","","","","",20000,1,"","",1,1,8,1,"","","","","","","","","","","","","","","","","","","","","","","","","","","","","","","","","","","","","","","","","","","","","","","","","","","","","","","","","","","","","","","","","",""
"31069001","TOULOUSE-BLAGNAC",43.621,1.378833,151,1968062400,"","","","",5.,1,260,1,"","","","","","","","","","","","","","","","","","","","","","","","","","","","",12.8,1,11.5,1,"","","","","","","","","","","","","","","","","","","","","","","","","","",94,1,"","","","","","","","","","","","",13.9,1,1020.8,1,1002.6,1,"","","",1,2,1,0,1,5,1,0,1,0,1,"","","","","","","","","","","","","","","","","","","","","","","","",20000,1,"","",1,1,8,1,"","","","","","","","","","","","","","","","","","","","","","","","","","","","","","","","","","","","","","","","","","","","","","","","","","","","","","","","","","","","","","","","","",""
"31069001","TOULOUSE-BLAGNAC",43.621,1.378833,151,1968062403,"","","","",4.,1,240,1,"","","","","","","","","","","","","","","","","","","","","","","","","","","","",12.,1,10.9,1,"","","","","","","","","","","","","","","","","","","","","","","","","","",95,1,"","","","","","","","","","","","",13.3,1,1021.9,1,1003.6,1,"","","",1,3,1,0,1,8,1,0,1,0,1,"","","","","","","","","","","","","","","","","","","","","","","","",15000,1,"","",2,1,0,1,"","","","","","","","","","","","","","","","","","","","","","","","","","","","","","","","","","","","","","","","","","","","","","","","","","","","","","","","","","","","","","","","","",""
"31069001","TOULOUSE-BLAGNAC",43.621,1.378833,151,1968062406,"","","","",2.,1,280,1,"","","","","","","","","","","","","","","","","","","","","","","","","","","","",12.8,1,11.3,1,"","","","","","","","","","","","","","","","","","","","","","","","","","",93,1,"","","","","","","","","","","","",13.7,1,1022.8,1,1004.5,1,"","","",1,2,1,0,1,2,1,0,1,1,1,"","","","","","","","","","","","","","","","","","","","","","","","",10000,1,"","",1,1,1,1,"","",2,1,"","","","","","","","","","","","","","","","","","","","","","","","","","","","","","","","","","","","","","","","","","","","","","","","","","","","","","","","","","","","","",""
"31069001","TOULOUSE-BLAGNAC",43.621,1.378833,151,1968062409,"","","","",3.,1,300,1,"","","","","","","","","","","","","","","","","","","","","","","","","","","","",16.6,1,11.5,1,"","","","","","","","","","","","","","","","","","","","","","","","","","",74,1,"","","","","","","","","","","","",13.9,1,1023.,1,1005.,1,"","","",1,5,1,5,1,2,1,0,1,0,1,"","","","","","","","","","","","","","","","","","","","","","","","",20000,1,"","",1,1,1,1,"","","","","","","","","","","","","","","","","","","","","","","","","","","","","","","","","","","","","","","","","","","","","","","","","","","","","","","","","","","","","","","","","",""
"31069001","TOULOUSE-BLAGNAC",43.621,1.378833,151,1968062412,"","","","",3.,1,260,1,"","","","","","","","","","","","","","","","","","","","","","","","","","","","",19.4,1,10.4,1,"","","","","","","","","","","","","","","","","","","","","","","","","","",57,1,"","","","","","","","","","","","",12.9,1,1023.,1,1005.1,1,"","","",1,5,1,0,1,4,1,0,1,0,1,"","","","","","","","","","","","","","","","","","","","","","","","",30000,1,"","",2,1,1,1,"","","","","","","","","","","","","","","","","","","","","","","","","","","","","","","","","","","","","","","","","","","","","","","","","","","","","","","","","","","","","","","","","",""
"31069001","TOULOUSE-BLAGNAC",43.621,1.378833,151,1968062415,"","","","",5.,1,300,1,"","","","","","","","","","","","","","","","","","","","","","","","","","","","",20.8,1,9.,1,"","","","","","","","","","","","","","","","","","","","","","","","","","",48,1,"","","","","","","","","","","","",11.7,1,1022.2,1,1004.4,1,"","","",1,5,1,0,1,4,1,0,1,0,1,"","","","","","","","","","","","","","","","","","","","","","","","",50000,1,"","",1,1,2,1,"","","","","","","","","","","","","","","","","","","","","","","","","","","","","","","","","","","","","","","","","","","","","","","","","","","","","","","","","","","","","","","","","",""
"31069001","TOULOUSE-BLAGNAC",43.621,1.378833,151,1968062418,"","","","",1.,1,320,1,"","","","","","","","","","","","","","","","","","","","","","","","","","","","",20.3,1,10.8,1,"","","","","","","","","","","","","","","","","","","","","","","","","","",55,1,"","","","","","","","","","","","",13.2,1,1022.6,1,1004.8,1,"","","",1,5,1,0,1,4,1,0,1,0,1,"","","","","","","","","","","","","","","","","","","","","","","","",50000,1,"","",2,1,2,1,"","","","","","","","","","","","","","","","","","","","","","","","","","","","","","","","","","","","","","","","","","","","","","","","","","","","","","","","","","","","","","","","","",""
"31069001","TOULOUSE-BLAGNAC",43.621,1.378833,151,1968062421,"","","","",0.,1,0,1,"","","","","","","","","","","","","","","","","","","","","","","","","","","","",16.9,1,12.7,1,"","","","","","","","","","","","","","","","","","","","","","","","","","",78,1,"","","","","","","","","","","","",15.,1,1023.6,1,1005.6,1,"","","",1,1,1,0,1,5,1,0,1,0,1,"","","","","","","","","","","","","","","","","","","","","","","","",30000,1,"","",1,1,0,1,"","","","","","","","","","","","","","","","","","","","","","","","","","","","","","","","","","","","","","","","","","","","","","","","","","","","","","","","","","","","","","","","","",""
"31069001","TOULOUSE-BLAGNAC",43.621,1.378833,151,1968062500,"","","","",0.,1,0,1,"","","","","","","","","","","","","","","","","","","","","","","","","","","","",14.,1,11.9,1,"","","","","","","","","","","","","","","","","","","","","","","","","","",89,1,"","","","","","","","","","","","",14.2,1,1023.2,1,1005.,1,"","","",1,0,1,"","",0,1,0,1,0,1,"","","","","","","","","","","","","","","","","","","","","","","","",20000,1,"","",2,1,0,1,"","","","","","","","","","","","","","","","","","","","","","","","","","","","","","","","","","","","","","","","","","","","","","","","","","","","","","","","","","","","","","","","","",""
"31069001","TOULOUSE-BLAGNAC",43.621,1.378833,151,1968062503,"","","","",0.,1,0,1,"","","","","","","","","","","","","","","","","","","","","","","","","","","","",12.2,1,10.8,1,"","","","","","","","","","","","","","","","","","","","","","","","","","",94,1,"","","","","","","","","","","","",13.2,1,1022.4,1,1004.1,1,"","","",1,3,1,0,1,6,1,0,1,0,1,"","","","","","","","","","","","","","","","","","","","","","","","",10000,1,"","",3,1,0,1,"","","","","","","","","","","","","","","","","","","","","","","","","","","","","","","","","","","","","","","","","","","","","","","","","","","","","","","","","","","","","","","","","",""
"31069001","TOULOUSE-BLAGNAC",43.621,1.378833,151,1968062506,"","","","",0.,1,0,1,"","","","","","","","","","","","","","","","","","","","","","","","","","","","",12.2,1,11.,1,"","","","","","","","","","","","","","","","","","","","","","","","","","",94,1,"","","","","","","","","","","","",13.4,1,1022.1,1,1003.8,1,"","","",1,0,1,"","",0,1,0,1,0,1,"","","","","","","","","","","","","","","","","","","","","","","","",10000,1,"","",1,1,0,1,"","",1,1,"","","","","","","","","","","","","","","","","","","","","","","","","","","","","","","","","","","","","","","","","","","","","","","","","","","","","","","","","","","","","",""
"31069001","TOULOUSE-BLAGNAC",43.621,1.378833,151,1968062509,"","","","",2.,1,60,1,"","","","","","","","","","","","","","","","","","","","","","","","","","","","",20.,1,12.1,1,"","","","","","","","","","","","","","","","","","","","","","","","","","",62,1,"","","","","","","","","","","","",14.4,1,1021.1,1,1003.3,1,"","","",1,0,1,"","",0,1,0,1,0,1,"","","","","","","","","","","","","","","","","","","","","","","","",6000,1,"","",1,1,0,1,"","","","","","","","","","","","","","","","","","","","","","","","","","","","","","","","","","","","","","","","","","","","","","","","","","","","","","","","","","","","","","","","","",""
"31069001","TOULOUSE-BLAGNAC",43.621,1.378833,151,1968062512,"","","","",2.,1,80,1,"","","","","","","","","","","","","","","","","","","","","","","","","","","","",25.2,1,12.7,1,"","","","","","","","","","","","","","","","","","","","","","","","","","",47,1,"","","","","","","","","","","","",15.,1,1019.7,1,1002.2,1,"","","",1,1,1,0,1,0,1,0,1,1,1,"","","","","","","","","","","","","","","","","","","","","","","","",40000,1,"","",3,1,0,1,"","","","","","","","","","","","","","","","","","","","","","","","","","","","","","","","","","","","","","","","","","","","","","","","","","","","","","","","","","","","","","","","","",""
"31069001","TOULOUSE-BLAGNAC",43.621,1.378833,151,1968062515,"","","","",0.,1,0,1,"","","","","","","","","","","","","","","","","","","","","","","","","","","","",28.6,1,13.3,1,"","","","","","","","","","","","","","","","","","","","","","","","","","",40,1,"","","","","","","","","","","","",15.7,1,1018.8,1,1001.6,1,"","","",1,4,1,0,1,0,1,0,1,2,1,"","","","","","","","","","","","","","","","","","","","","","","","",50000,1,"","",3,1,0,1,"","","","","","","","","","","","","","","","","","","","","","","","","","","","","","","","","","","","","","","","","","","","","","","","","","","","","","","","","","","","","","","","","",""
"31069001","TOULOUSE-BLAGNAC",43.621,1.378833,151,1968062518,"","","","",0.,1,0,1,"","","","","","","","","","","","","","","","","","","","","","","","","","","","",28.4,1,14.8,1,"","","","","","","","","","","","","","","","","","","","","","","","","","",44,1,"","","","","","","","","","","","",17.3,1,1018.7,1,1001.5,1,"","","",1,5,1,5,1,0,1,0,1,2,1,"","","","","","","","","","","","","","","","","","","","","","","","",50000,1,"","",1,1,1,1,"","","","","","","","","","","","","","","","","","","","","","","","","","","","","","","","","","","","","","","","","","","","","","","","","","","","","","","","","","","","","","","","","",""
"31069001","TOULOUSE-BLAGNAC",43.621,1.378833,151,1968062521,"","","","",0.,1,0,1,"","","","","","","","","","","","","","","","","","","","","","","","","","","","",23.6,1,15.7,1,"","","","","","","","","","","","","","","","","","","","","","","","","","",63,1,"","","","","","","","","","","","",18.3,1,1019.3,1,1001.8,1,"","","",1,2,1,0,1,0,1,0,1,2,1,"","","","","","","","","","","","","","","","","","","","","","","","",30000,1,"","",1,1,1,1,"","","","","","","","","","","","","","","","","","","","","","","","","","","","","","","","","","","","","","","","","","","","","","","","","","","","","","","","","","","","","","","","","",""
"31069001","TOULOUSE-BLAGNAC",43.621,1.378833,151,1968062600,"","","","",0.,1,0,1,"","","","","","","","","","","","","","","","","","","","","","","","","","","","",18.4,1,13.9,1,"","","","","","","","","","","","","","","","","","","","","","","","","","",77,1,"","","","","","","","","","","","",16.3,1,1020.8,1,1002.9,1,"","","",1,0,1,"","",0,1,0,1,0,1,"","","","","","","","","","","","","","","","","","","","","","","","",20000,1,"","",2,1,1,1,"","","","","","","","","","","","","","","","","","","","","","","","","","","","","","","","","","","","","","","","","","","","","","","","","","","","","","","","","","","","","","","","","",""
"31069001","TOULOUSE-BLAGNAC",43.621,1.378833,151,1968062603,"","","","",4.,1,240,1,"","","","","","","","","","","","","","","","","","","","","","","","","","","","",16.,1,13.9,1,"","","","","","","","","","","","","","","","","","","","","","","","","","",90,1,"","","","","","","","","","","","",16.3,1,1022.4,1,1004.4,1,"","","",1,0,1,"","",0,1,0,1,0,1,"","","","","","","","","","","","","","","","","","","","","","","","",10000,1,"","",2,1,0,1,"","","","","","","","","","","","","","","","","","","","","","","","","","","","","","","","","","","","","","","","","","","","","","","","","","","","","","","","","","","","","","","","","",""
"31069001","TOULOUSE-BLAGNAC",43.621,1.378833,151,1968062606,"","","","",5.,1,260,1,"","","","","","","","","","","","","","","","","","","","","","","","","","","","",15.6,1,13.3,1,"","","","","","","","","","","","","","","","","","","","","","","","","","",90,1,"","","","","","","","","","","","",15.7,1,1024.5,1,1006.4,1,"","","",1,6,1,0,1,0,1,8,1,2,1,"","","","","","","","","","","","","","","","","","","","","","","","",10000,1,"","",3,1,1,1,"","",0,1,"","","","","","","","","","","","","","","","","","","","","","","","","","","","","","","","","","","","","","","","","","","","","","","","","","","","","","","","","","","","","",""
"31069001","TOULOUSE-BLAGNAC",43.621,1.378833,151,1968062609,"","","","",3.,1,260,1,"","","","","","","","","","","","","","","","","","","","","","","","","","","","",20.4,1,14.8,1,"","","","","","","","","","","","","","","","","","","","","","","","","","",72,1,"","","","","","","","","","","","",17.3,1,1024.4,1,1006.6,1,"","","",1,6,1,5,1,2,1,8,1,2,1,"","","","","","","","","","","","","","","","","","","","","","","","",20000,1,"","",2,1,2,1,"","","","","","","","","","","","","","","","","","","","","","","","","","","","","","","","","","","","","","","","","","","","","","","","","","","","","","","","","","","","","","","","","",""
"31069001","TOULOUSE-BLAGNAC",43.621,1.378833,151,1968062612,"","","","",3.,1,20,1,"","","","","","","","","","","","","","","","","","","","","","","","","","","","",22.8,1,15.,1,"","","","","","","","","","","","","","","","","","","","","","","","","","",63,1,"","","","","","","","","","","","",17.5,1,1023.7,1,1006.1,1,"","","",1,5,1,0,1,1,1,0,1,2,1,"","","","","","","","","","","","","","","","","","","","","","","","",25000,1,"","",2,1,1,1,"","","","","","","","","","","","","","","","","","","","","","","","","","","","","","","","","","","","","","","","","","","","","","","","","","","","","","","","","","","","","","","","","",""
"31069001","TOULOUSE-BLAGNAC",43.621,1.378833,151,1968062615,"","","","",3.,1,300,1,"","","","","","","","","","","","","","","","","","","","","","","","","","","","",24.4,1,15.1,1,"","","","","","","","","","","","","","","","","","","","","","","","","","",58,1,"","","","","","","","","","","","",17.7,1,1023.,1,1005.5,1,"","","",1,7,1,7,1,4,1,0,1,6,1,"","","","","","","","","","","","","","","","","","","","","","","","",25000,1,"","",2,1,2,1,"","","","","","","","","","","","","","","","","","","","","","","","","","","","","","","","","","","","","","","","","","","","","","","","","","","","","","","","","","","","","","","","","",""
"31069001","TOULOUSE-BLAGNAC",43.621,1.378833,151,1968062618,"","","","",2.,1,320,1,"","","","","","","","","","","","","","","","","","","","","","","","","","","","",24.2,1,15.2,1,"","","","","","","","","","","","","","","","","","","","","","","","","","",59,1,"","","","","","","","","","","","",17.8,1,1022.5,1,1005.,1,"","","",1,5,1,0,1,4,1,0,1,2,1,"","","","","","","","","","","","","","","","","","","","","","","","",20000,1,"","",1,1,2,1,"","","","","","","","","","","","","","","","","","","","","","","","","","","","","","","","","","","","","","","","","","","","","","","","","","","","","","","","","","","","","","","","","",""
"31069001","TOULOUSE-BLAGNAC",43.621,1.378833,151,1968062621,"","","","",3.,1,300,1,"","","","","","","","","","","","","","","","","","","","","","","","","","","","",21.3,1,16.,1,"","","","","","","","","","","","","","","","","","","","","","","","","","",74,1,"","","","","","","","","","","","",18.7,1,1023.1,1,1005.4,1,"","","",1,5,1,5,1,0,1,0,1,2,1,"","","","","","","","","","","","","","","","","","","","","","","","",20000,1,"","",2,1,2,1,"","","","","","","","","","","","","","","","","","","","","","","","","","","","","","","","","","","","","","","","","","","","","","","","","","","","","","","","","","","","","","","","","",""
"31069001","TOULOUSE-BLAGNAC",43.621,1.378833,151,1968062700,"","","","",2.,1,300,1,"","","","","","","","","","","","","","","","","","","","","","","","","","","","",18.2,1,15.7,1,"","","","","","","","","","","","","","","","","","","","","","","","","","",88,1,"","","","","","","","","","","","",18.4,1,1023.5,1,1005.6,1,"","","",1,2,1,0,1,0,1,0,1,2,1,"","","","","","","","","","","","","","","","","","","","","","","","",20000,1,"","",1,1,1,1,"","","","","","","","","","","","","","","","","","","","","","","","","","","","","","","","","","","","","","","","","","","","","","","","","","","","","","","","","","","","","","","","","",""
"31069001","TOULOUSE-BLAGNAC",43.621,1.378833,151,1968062703,"","","","",1.,1,220,1,"","","","","","","","","","","","","","","","","","","","","","","","","","","","",16.5,1,14.6,1,"","","","","","","","","","","","","","","","","","","","","","","","","","",92,1,"","","","","","","","","","","","",17.1,1,1022.6,1,1004.6,1,"","","",1,0,1,"","",0,1,0,1,0,1,"","","","","","","","","","","","","","","","","","","","","","","","",15000,1,"","",2,1,0,1,"","","","","","","","","","","","","","","","","","","","","","","","","","","","","","","","","","","","","","","","","","","","","","","","","","","","","","","","","","","","","","","","","",""
"31069001","TOULOUSE-BLAGNAC",43.621,1.378833,151,1968062706,"","","","",2.,1,180,1,"","","","","","","","","","","","","","","","","","","","","","","","","","","","",16.4,1,15.2,1,"","","","","","","","","","","","","","","","","","","","","","","","","","",96,1,"","","","","","","","","","","","",17.8,1,1022.8,1,1004.8,1,"","","",1,4,1,0,1,2,1,4,1,1,1,"","","","","","","","","","","","","","","","","","","","","","","","",10000,1,"","",2,1,0,1,"","",0,1,"","","","","","","","","","","","","","","","","","","","","","","","","","","","","","","","","","","","","","","","","","","","","","","","","","","","","","","","","","","","","",""
"31069001","TOULOUSE-BLAGNAC",43.621,1.378833,151,1968062709,"","","","",2.,1,120,1,"","","","","","","","","","","","","","","","","","","","","","","","","","","","",23.,1,17.2,1,"","","","","","","","","","","","","","","","","","","","","","","","","","",73,1,"","","","","","","","","","","","",20.3,1,1022.,1,1004.4,1,"","","",1,3,1,0,1,1,1,8,1,0,1,"","","","","","","","","","","","","","","","","","","","","","","","",10000,1,"","",3,1,0,1,"","","","","","","","","","","","","","","","","","","","","","","","","","","","","","","","","","","","","","","","","","","","","","","","","","","","","","","","","","","","","","","","","",""
"31069001","TOULOUSE-BLAGNAC",43.621,1.378833,151,1968062712,"","","","",2.,1,40,1,"","","","","","","","","","","","","","","","","","","","","","","","","","","","",26.6,1,16.3,1,"","","","","","","","","","","","","","","","","","","","","","","","","","",54,1,"","","","","","","","","","","","",19.1,1,1020.4,1,1003.,1,"","","",1,1,1,0,1,0,1,0,1,1,1,"","","","","","","","","","","","","","","","","","","","","","","","",10000,1,"","",2,1,0,1,"","","","","","","","","","","","","","","","","","","","","","","","","","","","","","","","","","","","","","","","","","","","","","","","","","","","","","","","","","","","","","","","","",""
"31069001","TOULOUSE-BLAGNAC",43.621,1.378833,151,1968062715,"","","","",2.,1,80,1,"","","","","","","","","","","","","","","","","","","","","","","","","","","","",28.8,1,17.1,1,"","","","","","","","","","","","","","","","","","","","","","","","","","",51,1,"","","","","","","","","","","","",20.1,1,1019.2,1,1002.,1,"","","",1,1,1,0,1,0,1,8,1,0,1,"","","","","","","","","","","","","","","","","","","","","","","","",30000,1,"","",3,1,0,1,"","","","","","","","","","","","","","","","","","","","","","","","","","","","","","","","","","","","","","","","","","","","","","","","","","","","","","","","","","","","","","","","","",""
"31069001","TOULOUSE-BLAGNAC",43.621,1.378833,151,1968062718,"","","","",2.,1,320,1,"","","","","","","","","","","","","","","","","","","","","","","","","","","","",28.6,1,16.8,1,"","","","","","","","","","","","","","","","","","","","","","","","","","",50,1,"","","","","","","","","","","","",19.7,1,1018.8,1,1001.6,1,"","","",1,2,1,0,1,0,1,8,1,0,1,"","","","","","","","","","","","","","","","","","","","","","","","",30000,1,"","",3,1,0,1,"","","","","","","","","","","","","","","","","","","","","","","","","","","","","","","","","","","","","","","","","","","","","","","","","","","","","","","","","","","","","","","","","",""
"31069001","TOULOUSE-BLAGNAC",43.621,1.378833,151,1968062721,"","","","",0.,1,0,1,"","","","","","","","","","","","","","","","","","","","","","","","","","","","",24.7,1,18.,1,"","","","","","","","","","","","","","","","","","","","","","","","","","",69,1,"","","","","","","","","","","","",21.3,1,1020.2,1,1002.7,1,"","","",1,1,1,0,1,0,1,8,1,1,1,"","","","","","","","","","","","","","","","","","","","","","","","",20000,1,"","",2,1,0,1,"","","","","","","","","","","","","","","","","","","","","","","","","","","","","","","","","","","","","","","","","","","","","","","","","","","","","","","","","","","","","","","","","",""
"31069001","TOULOUSE-BLAGNAC",43.621,1.378833,151,1968062800,"","","","",1.,1,180,1,"","","","","","","","","","","","","","","","","","","","","","","","","","","","",21.8,1,17.8,1,"","","","","","","","","","","","","","","","","","","","","","","","","","",81,1,"","","","","","","","","","","","",21.1,1,1020.5,1,1002.9,1,"","","",1,0,1,"","",0,1,0,1,0,1,"","","","","","","","","","","","","","","","","","","","","","","","",20000,1,"","",2,1,0,1,"","","","","","","","","","","","","","","","","","","","","","","","","","","","","","","","","","","","","","","","","","","","","","","","","","","","","","","","","","","","","","","","","",""
"31069001","TOULOUSE-BLAGNAC",43.621,1.378833,151,1968062803,"","","","",1.,1,140,1,"","","","","","","","","","","","","","","","","","","","","","","","","","","","",19.6,1,15.3,1,"","","","","","","","","","","","","","","","","","","","","","","","","","",78,1,"","","","","","","","","","","","",17.9,1,1019.1,1,1001.3,1,"","","",1,0,1,"","",0,1,0,1,0,1,"","","","","","","","","","","","","","","","","","","","","","","","",20000,1,"","",2,1,0,1,"","","","","","","","","","","","","","","","","","","","","","","","","","","","","","","","","","","","","","","","","","","","","","","","","","","","","","","","","","","","","","","","","",""
"31069001","TOULOUSE-BLAGNAC",43.621,1.378833,151,1968062806,"","","","",6.,1,140,1,"","","","","","","","","","","","","","","","","","","","","","","","","","","","",19.8,1,15.7,1,"","","","","","","","","","","","","","","","","","","","","","","","","","",80,1,"","","","","","","","","","","","",18.4,1,1018.7,1,1001.,1,"","","",1,0,1,"","",0,1,0,1,0,1,"","","","","","","","","","","","","","","","","","","","","","","","",20000,1,"","",2,1,0,1,"","",0,1,"","","","","","","","","","","","","","","","","","","","","","","","","","","","","","","","","","","","","","","","","","","","","","","","","","","","","","","","","","","","","",""
"31069001","TOULOUSE-BLAGNAC",43.621,1.378833,151,1968062809,"","","","",6.,1,140,1,"","","","","","","","","","","","","","","","","","","","","","","","","","","","",24.9,1,15.7,1,"","","","","","","","","","","","","","","","","","","","","","","","","","",59,1,"","","","","","","","","","","","",18.4,1,1018.2,1,1000.8,1,"","","",1,0,1,"","",0,1,0,1,0,1,"","","","","","","","","","","","","","","","","","","","","","","","",20000,1,"","",2,1,0,1,"","","","","","","","","","","","","","","","","","","","","","","","","","","","","","","","","","","","","","","","","","","","","","","","","","","","","","","","","","","","","","","","","",""
"31069001","TOULOUSE-BLAGNAC",43.621,1.378833,151,1968062812,"","","","",6.,1,140,1,"","","","","","","","","","","","","","","","","","","","","","","","","","","","",29.,1,17.,1,"","","","","","","","","","","","","","","","","","","","","","","","","","",50,1,"","","","","","","","","","","","",20.,1,1018.1,1,1000.9,1,"","","",1,2,1,0,1,0,1,8,1,1,1,"","","","","","","","","","","","","","","","","","","","","","","","",30000,1,"","",3,1,0,1,"","","","","","","","","","","","","","","","","","","","","","","","","","","","","","","","","","","","","","","","","","","","","","","","","","","","","","","","","","","","","","","","","",""
"31069001","TOULOUSE-BLAGNAC",43.621,1.378833,151,1968062815,"","","","",5.,1,140,1,"","","","","","","","","","","","","","","","","","","","","","","","","","","","",31.,1,18.8,1,"","","","","","","","","","","","","","","","","","","","","","","","","","",50,1,"","","","","","","","","","","","",22.5,1,1017.7,1,1000.7,1,"","","",1,2,1,0,1,0,1,0,1,2,1,"","","","","","","","","","","","","","","","","","","","","","","","",20000,1,"","",2,1,0,1,"","","","","","","","","","","","","","","","","","","","","","","","","","","","","","","","","","","","","","","","","","","","","","","","","","","","","","","","","","","","","","","","","",""
"31069001","TOULOUSE-BLAGNAC",43.621,1.378833,151,1968062818,"","","","",5.,1,160,1,"","","","","","","","","","","","","","","","","","","","","","","","","","","","",29.3,1,18.6,1,"","","","","","","","","","","","","","","","","","","","","","","","","","",55,1,"","","","","","","","","","","","",22.2,1,1018.,1,1000.9,1,"","","",1,4,1,0,1,0,1,8,1,2,1,"","","","","","","","","","","","","","","","","","","","","","","","",20000,1,"","",3,1,0,1,"","","","","","","","","","","","","","","","","","","","","","","","","","","","","","","","","","","","","","","","","","","","","","","","","","","","","","","","","","","","","","","","","",""
"31069001","TOULOUSE-BLAGNAC",43.621,1.378833,151,1968062821,"","","","",3.,1,160,1,"","","","","","","","","","","","","","","","","","","","","","","","","","","","",24.8,1,17.4,1,"","","","","","","","","","","","","","","","","","","","","","","","","","",65,1,"","","","","","","","","","","","",20.5,1,1020.2,1,1002.7,1,"","","",1,6,1,5,1,0,1,8,1,2,1,"","","","","","","","","","","","","","","","","","","","","","","","",15000,1,"","",2,1,2,1,"","","","","","","","","","","","","","","","","","","","","","","","","","","","","","","","","","","","","","","","","","","","","","","","","","","","","","","","","","","","","","","","","",""
"31069001","TOULOUSE-BLAGNAC",43.621,1.378833,151,1968062900,"","","","",4.,1,240,1,"","","","","","","","","","","","","","","","","","","","","","","","","","","","",21.4,1,17.4,1,"","","","","","","","","","","","","","","","","","","","","","","","","","",80,1,"","","","","","","","","","","","",20.5,1,1022.6,1,1004.9,1,"","","",1,2,1,0,1,0,1,0,1,2,1,"","","","","","","","","","","","","","","","","","","","","","","","",10000,1,"","",1,1,1,1,"","","","","","","","","","","","","","","","","","","","","","","","","","","","","","","","","","","","","","","","","","","","","","","","","","","","","","","","","","","","","","","","","",""
"31069001","TOULOUSE-BLAGNAC",43.621,1.378833,151,1968062903,"","","","",3.,1,280,1,"","","","","","","","","","","","","","","","","","","","","","","","","","","","",19.2,1,16.8,1,"","","","","","","","","","","","","","","","","","","","","","","","","","",88,1,"","","","","","","","","","","","",19.7,1,1023.1,1,1005.3,1,"","","",1,7,1,6,1,5,1,"","","","","","","","","","","","","","","","","","","","","","","","","","","","",8000,1,"","",3,1,2,1,"","","","","","","","","","","","","","","","","","","","","","","","","","","","","","","","","","","","","","","","","","","","","","","","","","","","","","","","","","","","","","","","","",""
"31069001","TOULOUSE-BLAGNAC",43.621,1.378833,151,1968062906,"","","","",2.,1,340,1,"","","","","","","","","","","","","","","","","","","","","","","","","","","","",18.7,1,16.3,1,"","","","","","","","","","","","","","","","","","","","","","","","","","",88,1,"","","","","","","","","","","","",19.1,1,1023.3,1,1005.4,1,"","","",1,7,1,7,1,5,1,"","","","","","","","","","","","","","","","","","","","","","","","","","","","",8000,1,"","",2,1,2,1,"","",0,1,"","","","","","","","","","","","","","","","","","","","","","","","","","","","","","","","","","","","","","","","","","","","","","","","","","","","","","","","","","","","","",""
"31069001","TOULOUSE-BLAGNAC",43.621,1.378833,151,1968062909,"","","","",0.,1,0,1,"","","","","","","","","","","","","","","","","","","","","","","","","","","","",21.2,1,17.2,1,"","","","","","","","","","","","","","","","","","","","","","","","","","",80,1,"","","","","","","","","","","","",20.2,1,1023.5,1,1005.8,1,"","","",1,6,1,6,1,5,1,0,1,0,1,"","","","","","","","","","","","","","","","","","","","","","","","",8000,1,"","",1,1,2,1,"","","","","","","","","","","","","","","","","","","","","","","","","","","","","","","","","","","","","","","","","","","","","","","","","","","","","","","","","","","","","","","","","",""
"31069001","TOULOUSE-BLAGNAC",43.621,1.378833,151,1968062912,"","","","",1.,1,160,1,"","","","","","","","","","","","","","","","","","","","","","","","","","","","",26.,1,18.8,1,"","","","","","","","","","","","","","","","","","","","","","","","","","",67,1,"","","","","","","","","","","","",22.5,1,1022.7,1,1005.3,1,"","","",1,1,1,0,1,5,1,0,1,0,1,"","","","","","","","","","","","","","","","","","","","","","","","",8000,1,"","",1,1,1,1,"","","","","","","","","","","","","","","","","","","","","","","","","","","","","","","","","","","","","","","","","","","","","","","","","","","","","","","","","","","","","","","","","",""
"31069001","TOULOUSE-BLAGNAC",43.621,1.378833,151,1968062915,"","","","",1.,1,40,1,"","","","","","","","","","","","","","","","","","","","","","","","","","","","",30.1,1,19.6,1,"","","","","","","","","","","","","","","","","","","","","","","","","","",56,1,"","","","","","","","","","","","",23.7,1,1021.7,1,1004.5,1,"","","",1,0,1,"","",0,1,0,1,0,1,"","","","","","","","","","","","","","","","","","","","","","","","",10000,1,"","",2,1,0,1,"","","","","","","","","","","","","","","","","","","","","","","","","","","","","","","","","","","","","","","","","","","","","","","","","","","","","","","","","","","","","","","","","",""
"31069001","TOULOUSE-BLAGNAC",43.621,1.378833,151,1968062918,"","","","",0.,1,0,1,"","","","","","","","","","","","","","","","","","","","","","","","","","","","",31.5,1,21.5,1,"","","","","","","","","","","","","","","","","","","","","","","","","","",57,1,"","","","","","","","","","","","",26.6,1,1020.4,1,1003.4,1,"","","",1,0,1,"","",0,1,0,1,0,1,"","","","","","","","","","","","","","","","","","","","","","","","",15000,1,"","",2,1,0,1,"","","","","","","","","","","","","","","","","","","","","","","","","","","","","","","","","","","","","","","","","","","","","","","","","","","","","","","","","","","","","","","","","",""
"31069001","TOULOUSE-BLAGNAC",43.621,1.378833,151,1968062921,"","","","",0.,1,0,1,"","","","","","","","","","","","","","","","","","","","","","","","","","","","",26.3,1,21.8,1,"","","","","","","","","","","","","","","","","","","","","","","","","","",79,1,"","","","","","","","","","","","",27.1,1,1021.6,1,1004.3,1,"","","",1,0,1,"","",0,1,0,1,0,1,"","","","","","","","","","","","","","","","","","","","","","","","",10000,1,"","",2,1,0,1,"","","","","","","","","","","","","","","","","","","","","","","","","","","","","","","","","","","","","","","","","","","","","","","","","","","","","","","","","","","","","","","","","",""
"31069001","TOULOUSE-BLAGNAC",43.621,1.378833,151,1968063000,"","","","",0.,1,0,1,"","","","","","","","","","","","","","","","","","","","","","","","","","","","",22.9,1,20.4,1,"","","","","","","","","","","","","","","","","","","","","","","","","","",89,1,"","","","","","","","","","","","",24.9,1,1021.7,1,1004.1,1,"","","",1,0,1,"","",0,1,0,1,0,1,"","","","","","","","","","","","","","","","","","","","","","","","",8000,1,"","",2,1,0,1,"","","","","","","","","","","","","","","","","","","","","","","","","","","","","","","","","","","","","","","","","","","","","","","","","","","","","","","","","","","","","","","","","",""
"31069001","TOULOUSE-BLAGNAC",43.621,1.378833,151,1968063003,"","","","",0.,1,0,1,"","","","","","","","","","","","","","","","","","","","","","","","","","","","",21.,1,19.2,1,"","","","","","","","","","","","","","","","","","","","","","","","","","",93,1,"","","","","","","","","","","","",23.1,1,1021.5,1,1003.8,1,"","","",1,0,1,"","",0,1,0,1,0,1,"","","","","","","","","","","","","","","","","","","","","","","","",8000,1,"","",2,1,0,1,"","","","","","","","","","","","","","","","","","","","","","","","","","","","","","","","","","","","","","","","","","","","","","","","","","","","","","","","","","","","","","","","","",""
"31069001","TOULOUSE-BLAGNAC",43.621,1.378833,151,1968063006,"","","","",1.,1,160,1,"","","","","","","","","","","","","","","","","","","","","","","","","","","","",20.4,1,18.9,1,"","","","","","","","","","","","","","","","","","","","","","","","","","",94,1,"","","","","","","","","","","","",22.6,1,1021.6,1,1003.9,1,"","","",1,0,1,"","",0,1,0,1,0,1,"","","","","","","","","","","","","","","","","","","","","","","","",4000,1,"","",10,1,0,1,"","",0,1,"","","","","","","","","","","","","","","","","","","","","","","","","","","","","","","","","","","","","","","","","","","","","","","","","","","","","","","","","","","","","",""
"31069001","TOULOUSE-BLAGNAC",43.621,1.378833,151,1968063009,"","","","",0.,1,0,1,"","","","","","","","","","","","","","","","","","","","","","","","","","","","",27.1,1,20.8,1,"","","","","","","","","","","","","","","","","","","","","","","","","","",71,1,"","","","","","","","","","","","",25.5,1,1021.2,1,1003.9,1,"","","",1,0,1,"","",0,1,0,1,0,1,"","","","","","","","","","","","","","","","","","","","","","","","",6000,1,"","",2,1,0,1,"","","","","","","","","","","","","","","","","","","","","","","","","","","","","","","","","","","","","","","","","","","","","","","","","","","","","","","","","","","","","","","","","",""
"31069001","TOULOUSE-BLAGNAC",43.621,1.378833,151,1968063012,"","","","",2.,1,120,1,"","","","","","","","","","","","","","","","","","","","","","","","","","","","",33.3,1,22.4,1,"","","","","","","","","","","","","","","","","","","","","","","","","","",55,1,"","","","","","","","","","","","",28.2,1,1020.1,1,1003.2,1,"","","",1,0,1,"","",0,1,0,1,0,1,"","","","","","","","","","","","","","","","","","","","","","","","",20000,1,"","",2,1,0,1,"","","","","","","","","","","","","","","","","","","","","","","","","","","","","","","","","","","","","","","","","","","","","","","","","","","","","","","","","","","","","","","","","",""
"31069001","TOULOUSE-BLAGNAC",43.621,1.378833,151,1968063015,"","","","",3.,1,60,1,"","","","","","","","","","","","","","","","","","","","","","","","","","","","",35.3,1,18.3,1,"","","","","","","","","","","","","","","","","","","","","","","","","","",38,1,"","","","","","","","","","","","",21.7,1,1018.8,1,1002.,1,"","","","",0,1,"","",0,1,0,1,0,1,"","","","","","","","","","","","","","","","","","","","","","","","",20000,1,"","",2,1,0,1,"","","","","","","","","","","","","","","","","","","","","","","","","","","","","","","","","","","","","","","","","","","","","","","","","","","","","","","","","","","","","","","","","",""
"31069001","TOULOUSE-BLAGNAC",43.621,1.378833,151,1968063018,"","","","",2.,1,60,1,"","","","","","","","","","","","","","","","","","","","","","","","","","","","",34.8,1,18.6,1,"","","","","","","","","","","","","","","","","","","","","","","","","","",39,1,"","","","","","","","","","","","",22.1,1,1017.1,1,1000.3,1,"","","","",2,1,0,1,0,1,0,1,2,1,"","","","","","","","","","","","","","","","","","","","","","","","",20000,1,"","",2,1,0,1,"","","","","","","","","","","","","","","","","","","","","","","","","","","","","","","","","","","","","","","","","","","","","","","","","","","","","","","","","","","","","","","","","",""
"31069001","TOULOUSE-BLAGNAC",43.621,1.378833,151,1968063021,"","","","",1.,1,60,1,"","","","","","","","","","","","","","","","","","","","","","","","","","","","",28.4,1,21.4,1,"","","","","","","","","","","","","","","","","","","","","","","","","","",68,1,"","","","","","","","","","","","",26.4,1,1017.4,1,1000.2,1,"","","",1,2,1,0,1,0,1,0,1,2,1,"","","","","","","","","","","","","","","","","","","","","","","","",20000,1,"","",2,1,0,1,"","","","","","","","","","","","","","","","","","","","","","","","","","","","","","","","","","","","","","","","","","","","","","","","","","","","","","","","","","","","","","","","","",""
"31069001","TOULOUSE-BLAGNAC",43.621,1.378833,151,1968070100,"","","","",2.,1,180,1,"","","","","","","","","","","","","","","","","","","","","","","","","","","","",23.7,1,19.6,1,"","","","","","","","","","","","","","","","","","","","","","","","","","",81,1,"","","","","","","","","","","","",23.7,1,1016.8,1,999.4,1,"","","",1,0,1,"","",0,1,0,1,0,1,"","","","","","","","","","","","","","","","","","","","","","","","",10000,1,"","",2,1,0,1,"","","","","","","","","","","","","","","","","","","","","","","","","","","","","","","","","","","","","","","","","","","","","","","","","","","","","","","","","","","","","","","","","",""
"31069001","TOULOUSE-BLAGNAC",43.621,1.378833,151,1968070103,"","","","",3.,1,140,1,"","","","","","","","","","","","","","","","","","","","","","","","","","","","",22.8,1,17.8,1,"","","","","","","","","","","","","","","","","","","","","","","","","","",76,1,"","","","","","","","","","","","",21.1,1,1015.7,1,998.2,1,"","","",1,0,1,"","",0,1,0,1,0,1,"","","","","","","","","","","","","","","","","","","","","","","","",10000,1,"","",2,1,0,1,"","","","","","","","","","","","","","","","","","","","","","","","","","","","","","","","","","","","","","","","","","","","","","","","","","","","","","","","","","","","","","","","","",""
"31069001","TOULOUSE-BLAGNAC",43.621,1.378833,151,1968070106,"","","","",4.,1,140,1,"","","","","","","","","","","","","","","","","","","","","","","","","","","","",22.8,1,17.8,1,"","","","","","","","","","","","","","","","","","","","","","","","","","",76,1,"","","","","","","","","","","","",21.1,1,1015.2,1,997.7,1,"","","",1,0,1,"","",0,1,0,1,0,1,"","","","","","","","","","","","","","","","","","","","","","","","",10000,1,"","",2,1,0,1,"","",0,1,"","","","","","","","","","","","","","","","","","","","","","","","","","","","","","","","","","","","","","","","","","","","","","","","","","","","","","","","","","","","","",""
"31069001","TOULOUSE-BLAGNAC",43.621,1.378833,151,1968070109,"","","","",7.,1,140,1,"","","","","","","","","","","","","","","","","","","","","","","","","","","","",28.2,1,17.8,1,"","","","","","","","","","","","","","","","","","","","","","","","","","",55,1,"","","","","","","","","","","","",21.1,1,1014.5,1,997.3,1,"","","",1,0,1,"","",0,1,0,1,0,1,"","","","","","","","","","","","","","","","","","","","","","","","",15000,1,"","",2,1,0,1,"","","","","","","","","","","","","","","","","","","","","","","","","","","","","","","","","","","","","","","","","","","","","","","","","","","","","","","","","","","","","","","","","",""
"31069001","TOULOUSE-BLAGNAC",43.621,1.378833,151,1968070112,"","","","",7.,1,140,1,"","","","","","","","","","","","","","","","","","","","","","","","","","","","",31.9,1,19.,1,"","","","","","","","","","","","","","","","","","","","","","","","","","",49,1,"","","","","","","","","","","","",22.8,1,1013.4,1,996.5,1,"","","",1,0,1,"","",0,1,0,1,0,1,"","","","","","","","","","","","","","","","","","","","","","","","",15000,1,"","",2,1,0,1,"","","","","","","","","","","","","","","","","","","","","","","","","","","","","","","","","","","","","","","","","","","","","","","","","","","","","","","","","","","","","","","","","",""
"31069001","TOULOUSE-BLAGNAC",43.621,1.378833,151,1968070115,"","","","",7.,1,120,1,"","","","","","","","","","","","","","","","","","","","","","","","","","","","",32.,1,18.6,1,"","","","","","","","","","","","","","","","","","","","","","","","","","",47,1,"","","","","","","","","","","","",22.2,1,1012.4,1,995.5,1,"","","",1,1,1,0,1,0,1,0,1,2,1,"","","","","","","","","","","","","","","","","","","","","","","","",15000,1,"","",3,1,0,1,"","","","","","","","","","","","","","","","","","","","","","","","","","","","","","","","","","","","","","","","","","","","","","","","","","","","","","","","","","","","","","","","","",""
"31069001","TOULOUSE-BLAGNAC",43.621,1.378833,151,1968070118,"","","","",7.,1,140,1,"","","","","","","","","","","","","","","","","","","","","","","","","","","","",29.6,1,16.,1,"","","","","","","","","","","","","","","","","","","","","","","","","","",45,1,"","","","","","","","","","","","",18.7,1,1012.1,1,995.,1,"","","","",1,1,0,1,0,1,8,1,2,1,"","","","","","","","","","","","","","","","","","","","","","","","",15000,1,"","",3,1,0,1,"","","","","","","","","","","","","","","","","","","","","","","","","","","","","","","","","","","","","","","","","","","","","","","","","","","","","","","","","","","","","","","","","",""
"31069001","TOULOUSE-BLAGNAC",43.621,1.378833,151,1968070121,"","","","",5.,1,120,1,"","","","","","","","","","","","","","","","","","","","","","","","","","","","",26.,1,14.4,1,"","","","","","","","","","","","","","","","","","","","","","","","","","",50,1,"","","","","","","","","","","","",16.9,1,1012.6,1,995.3,1,"","","",1,1,1,0,1,0,1,8,1,0,1,"","","","","","","","","","","","","","","","","","","","","","","","",15000,1,"","",1,1,0,1,"","","","","","","","","","","","","","","","","","","","","","","","","","","","","","","","","","","","","","","","","","","","","","","","","","","","","","","","","","","","","","","","","",""
"31069001","TOULOUSE-BLAGNAC",43.621,1.378833,151,1968070200,"","","","",6.,1,260,1,"","","","","","","","","","","","","","","","","","","","","","","","","","","","",21.1,1,17.8,1,"","","","","","","","","","","","","","","","","","","","","","","","","","",84,1,"","","","","","","","","","","","",21.1,1,1016.1,1,998.5,1,"","","",1,6,1,6,1,5,1,0,1,0,1,"","","","","","","","","","","","","","","","","","","","","","","","",10000,1,"","",3,1,1,1,"","","","","","","","","","","","","","","","","","","","","","","","","","","","","","","","","","","","","","","","","","","","","","","","","","","","","","","","","","","","","","","","","",""
"31069001","TOULOUSE-BLAGNAC",43.621,1.378833,151,1968070203,"","","","",4.,1,240,1,"","","","","","","","","","","","","","","","","","","","","","","","","","","","",19.6,1,16.2,1,"","","","","","","","","","","","","","","","","","","","","","","","","","",83,1,"","","","","","","","","","","","",19.,1,1016.9,1,999.2,1,"","","",1,8,1,8,1,5,1,"","","","","","","","","","","","","","","","","","","","","","","","","","","","",10000,1,"","",3,1,2,1,"","","","","","","","","","","","","","","","","","","","","","","","","","","","","","","","","","","","","","","","","","","","","","","","","","","","","","","","","","","","","","","","","",""
"31069001","TOULOUSE-BLAGNAC",43.621,1.378833,151,1968070206,"","","","",5.,1,280,1,"","","","","","","","","","","","","","","","","","","","","","","","","","","","",19.,1,15.2,1,"","","","","","","","","","","","","","","","","","","","","","","","","","",81,1,"","","","","","","","","","","","",17.8,1,1018.8,1,1001.,1,"","","",1,8,1,8,1,5,1,"","","","","","","","","","","","","","","","","","","","","","","","","","","","",8000,1,"","",3,1,2,1,"","",0,1,"","","","","","","","","","","","","","","","","","","","","","","","","","","","","","","","","","","","","","","","","","","","","","","","","","","","","","","","","","","","","",""
"31069001","TOULOUSE-BLAGNAC",43.621,1.378833,151,1968070209,"","","","",5.,1,280,1,"","","","","","","","","","","","","","","","","","","","","","","","","","","","",19.7,1,15.2,1,"","","","","","","","","","","","","","","","","","","","","","","","","","",78,1,"","","","","","","","","","","","",17.8,1,1020.3,1,1002.5,1,"","","",1,8,1,8,1,8,1,"","","","","","","","","","","","","","","","","","","","","","","","","","","","",15000,1,"","",2,1,2,1,"","","","","","","","","","","","","","","","","","","","","","","","","","","","","","","","","","","","","","","","","","","","","","","","","","","","","","","","","","","","","","","","","",""
"31069001","TOULOUSE-BLAGNAC",43.621,1.378833,151,1968070212,"","","","",5.,1,280,1,"","","","","","","","","","","","","","","","","","","","","","","","","","","","",18.9,1,14.3,1,"","","","","","","","","","","","","","","","","","","","","","","","","","",76,1,"","","","","","","","","","","","",16.7,1,1022.1,1,1004.2,1,"","","",1,8,1,8,1,8,1,"","","","","","","","","","","","","","","","","","","","","","","","","","","","",20000,1,"","",3,1,8,1,"","","","","","","","","","","","","","","","","","","","","","","","","","","","","","","","","","","","","","","","","","","","","","","","","","","","","","","","","","","","","","","","","",""
"31069001","TOULOUSE-BLAGNAC",43.621,1.378833,151,1968070215,"","","","",6.,1,260,1,"","","","","","","","","","","","","","","","","","","","","","","","","","","","",19.,1,13.1,1,"","","","","","","","","","","","","","","","","","","","","","","","","","",70,1,"","","","","","","","","","","","",15.4,1,1023.2,1,1005.3,1,"","","",1,8,1,8,1,8,1,"","","","","","","","","","","","","","","","","","","","","","","","","","","","",20000,1,"","",2,1,2,1,"","","","","","","","","","","","","","","","","","","","","","","","","","","","","","","","","","","","","","","","","","","","","","","","","","","","","","","","","","","","","","","","","",""
"31069001","TOULOUSE-BLAGNAC",43.621,1.378833,151,1968070218,"","","","",5.,1,260,1,"","","","","","","","","","","","","","","","","","","","","","","","","","","","",18.8,1,12.5,1,"","","","","","","","","","","","","","","","","","","","","","","","","","",68,1,"","","","","","","","","","","","",14.8,1,1023.2,1,1005.3,1,"","","",1,8,1,8,1,8,1,"","","","","","","","","","","","","","","","","","","","","","","","","","","","",20000,1,"","",2,1,2,1,"","","","","","","","","","","","","","","","","","","","","","","","","","","","","","","","","","","","","","","","","","","","","","","","","","","","","","","","","","","","","","","","","",""
"31069001","TOULOUSE-BLAGNAC",43.621,1.378833,151,1968070221,"","","","",6.,1,280,1,"","","","","","","","","","","","","","","","","","","","","","","","","","","","",17.,1,12.3,1,"","","","","","","","","","","","","","","","","","","","","","","","","","",75,1,"","","","","","","","","","","","",14.6,1,1025.9,1,1007.8,1,"","","",1,7,1,6,1,5,1,"","","","","","","","","","","","","","","","","","","","","","","","","","","","",20000,1,"","",2,1,2,1,"","","","","","","","","","","","","","","","","","","","","","","","","","","","","","","","","","","","","","","","","","","","","","","","","","","","","","","","","","","","","","","","","",""
"31069001","TOULOUSE-BLAGNAC",43.621,1.378833,151,1968070300,"","","","",5.,1,260,1,"","","","","","","","","","","","","","","","","","","","","","","","","","","","",15.6,1,12.4,1,"","","","","","","","","","","","","","","","","","","","","","","","","","",83,1,"","","","","","","","","","","","",14.7,1,1026.1,1,1008.,1,"","","",1,8,1,8,1,5,1,"","","","","","","","","","","","","","","","","","","","","","","","","","","","",20000,1,"","",2,1,2,1,"","","","","","","","","","","","","","","","","","","","","","","","","","","","","","","","","","","","","","","","","","","","","","","","","","","","","","","","","","","","","","","","","",""
"31069001","TOULOUSE-BLAGNAC",43.621,1.378833,151,1968070303,"","","","",4.,1,260,1,"","","","","","","","","","","","","","","","","","","","","","","","","","","","",15.1,1,12.8,1,"","","","","","","","","","","","","","","","","","","","","","","","","","",88,1,"","","","","","","","","","","","",15.1,1,1024.7,1,1006.6,1,"","","",1,8,1,8,1,5,1,"","","","","","","","","","","","","","","","","","","","","","","","","","","","",20000,1,"","",3,1,2,1,"","","","","","","","","","","","","","","","","","","","","","","","","","","","","","","","","","","","","","","","","","","","","","","","","","","","","","","","","","","","","","","","","",""
"31069001","TOULOUSE-BLAGNAC",43.621,1.378833,151,1968070306,"","","","",3.,1,300,1,"","","","","","","","","","","","","","","","","","","","","","","","","","","","",15.,1,11.7,1,"","","","","","","","","","","","","","","","","","","","","","","","","","",83,1,"","","","","","","","","","","","",14.1,1,1025.,1,1006.8,1,"","","",1,8,1,8,1,5,1,"","","","","","","","","","","","","","","","","","","","","","","","","","","","",15000,1,"","",2,1,2,1,"","",0,1,"","","","","","","","","","","","","","","","","","","","","","","","","","","","","","","","","","","","","","","","","","","","","","","","","","","","","","","","","","","","","",""
"31069001","TOULOUSE-BLAGNAC",43.621,1.378833,151,1968070309,"","","","",4.,1,300,1,"","","","","","","","","","","","","","","","","","","","","","","","","","","","",16.5,1,10.3,1,"","","","","","","","","","","","","","","","","","","","","","","","","","",68,1,"","","","","","","","","","","","",12.8,1,1024.6,1,1006.5,1,"","","",1,7,1,7,1,8,1,"","","","","","","","","","","","","","","","","","","","","","","","","","","","",20000,1,"","",1,1,2,1,"","","","","","","","","","","","","","","","","","","","","","","","","","","","","","","","","","","","","","","","","","","","","","","","","","","","","","","","","","","","","","","","","",""
"31069001","TOULOUSE-BLAGNAC",43.621,1.378833,151,1968070312,"","","","",5.,1,320,1,"","","","","","","","","","","","","","","","","","","","","","","","","","","","",19.8,1,9.9,1,"","","","","","","","","","","","","","","","","","","","","","","","","","",53,1,"","","","","","","","","","","","",12.4,1,1023.6,1,1005.7,1,"","","",1,5,1,0,1,8,1,0,1,0,1,"","","","","","","","","","","","","","","","","","","","","","","","",40000,1,"","",1,1,2,1,"","","","","","","","","","","","","","","","","","","","","","","","","","","","","","","","","","","","","","","","","","","","","","","","","","","","","","","","","","","","","","","","","",""
"31069001","TOULOUSE-BLAGNAC",43.621,1.378833,151,1968070315,"","","","",4.,1,280,1,"","","","","","","","","","","","","","","","","","","","","","","","","","","","",21.6,1,9.6,1,"","","","","","","","","","","","","","","","","","","","","","","","","","",47,1,"","","","","","","","","","","","",12.2,1,1021.5,1,1003.8,1,"","","",1,5,1,5,1,4,1,0,1,0,1,"","","","","","","","","","","","","","","","","","","","","","","","",40000,1,"","",2,1,2,1,"","","","","","","","","","","","","","","","","","","","","","","","","","","","","","","","","","","","","","","","","","","","","","","","","","","","","","","","","","","","","","","","","",""
"31069001","TOULOUSE-BLAGNAC",43.621,1.378833,151,1968070318,"","","","",3.,1,300,1,"","","","","","","","","","","","","","","","","","","","","","","","","","","","",22.,1,8.8,1,"","","","","","","","","","","","","","","","","","","","","","","","","","",44,1,"","","","","","","","","","","","",11.5,1,1021.4,1,1003.7,1,"","","",1,2,1,0,1,4,1,0,1,1,1,"","","","","","","","","","","","","","","","","","","","","","","","",40000,1,"","",1,1,1,1,"","","","","","","","","","","","","","","","","","","","","","","","","","","","","","","","","","","","","","","","","","","","","","","","","","","","","","","","","","","","","","","","","",""
"31069001","TOULOUSE-BLAGNAC",43.621,1.378833,151,1968070321,"","","","",4.,1,240,1,"","","","","","","","","","","","","","","","","","","","","","","","","","","","",16.8,1,11.3,1,"","","","","","","","","","","","","","","","","","","","","","","","","","",72,1,"","","","","","","","","","","","",13.7,1,1022.2,1,1004.2,1,"","","",1,0,1,"","",0,1,0,1,0,1,"","","","","","","","","","","","","","","","","","","","","","","","",30000,1,"","",2,1,0,1,"","","","","","","","","","","","","","","","","","","","","","","","","","","","","","","","","","","","","","","","","","","","","","","","","","","","","","","","","","","","","","","","","",""
"31069001","TOULOUSE-BLAGNAC",43.621,1.378833,151,1968070400,"","","","",1.,1,180,1,"","","","","","","","","","","","","","","","","","","","","","","","","","","","",13.4,1,11.2,1,"","","","","","","","","","","","","","","","","","","","","","","","","","",88,1,"","","","","","","","","","","","",13.6,1,1021.6,1,1003.4,1,"","","",1,0,1,"","",0,1,0,1,0,1,"","","","","","","","","","","","","","","","","","","","","","","","",20000,1,"","",2,1,0,1,"","","","","","","","","","","","","","","","","","","","","","","","","","","","","","","","","","","","","","","","","","","","","","","","","","","","","","","","","","","","","","","","","",""
"31069001","TOULOUSE-BLAGNAC",43.621,1.378833,151,1968070403,"","","","",1.,1,180,1,"","","","","","","","","","","","","","","","","","","","","","","","","","","","",12.,1,10.8,1,"","","","","","","","","","","","","","","","","","","","","","","","","","",94,1,"","","","","","","","","","","","",13.2,1,1019.9,1,1001.6,1,"","","",1,0,1,"","",0,1,0,1,0,1,"","","","","","","","","","","","","","","","","","","","","","","","",20000,1,"","",2,1,0,1,"","","","","","","","","","","","","","","","","","","","","","","","","","","","","","","","","","","","","","","","","","","","","","","","","","","","","","","","","","","","","","","","","",""
"31069001","TOULOUSE-BLAGNAC",43.621,1.378833,151,1968070406,"","","","",1.,1,180,1,"","","","","","","","","","","","","","","","","","","","","","","","","","","","",12.2,1,11.2,1,"","","","","","","","","","","","","","","","","","","","","","","","","","",96,1,"","","","","","","","","","","","",13.6,1,1019.3,1,1001.1,1,"","","",1,0,1,"","",0,1,0,1,0,1,"","","","","","","","","","","","","","","","","","","","","","","","",20000,1,"","",2,1,0,1,"","",0,1,"","","","","","","","","","","","","","","","","","","","","","","","","","","","","","","","","","","","","","","","","","","","","","","","","","","","","","","","","","","","","",""
"31069001","TOULOUSE-BLAGNAC",43.621,1.378833,151,1968070409,"","","","",1.,1,160,1,"","","","","","","","","","","","","","","","","","","","","","","","","","","","",19.,1,12.2,1,"","","","","","","","","","","","","","","","","","","","","","","","","","",66,1,"","","","","","","","","","","","",14.5,1,1018.7,1,1000.9,1,"","","",1,0,1,"","",0,1,0,1,0,1,"","","","","","","","","","","","","","","","","","","","","","","","",30000,1,"","",2,1,0,1,"","","","","","","","","","","","","","","","","","","","","","","","","","","","","","","","","","","","","","","","","","","","","","","","","","","","","","","","","","","","","","","","","",""
"31069001","TOULOUSE-BLAGNAC",43.621,1.378833,151,1968070412,"","","","",1.,1,40,1,"","","","","","","","","","","","","","","","","","","","","","","","","","","","",24.1,1,12.1,1,"","","","","","","","","","","","","","","","","","","","","","","","","","",47,1,"","","","","","","","","","","","",14.4,1,1016.6,1,999.1,1,"","","",1,0,1,"","",0,1,0,1,0,1,"","","","","","","","","","","","","","","","","","","","","","","","",30000,1,"","",2,1,0,1,"","","","","","","","","","","","","","","","","","","","","","","","","","","","","","","","","","","","","","","","","","","","","","","","","","","","","","","","","","","","","","","","","",""
"31069001","TOULOUSE-BLAGNAC",43.621,1.378833,151,1968070415,"","","","",1.,1,40,1,"","","","","","","","","","","","","","","","","","","","","","","","","","","","",27.1,1,12.2,1,"","","","","","","","","","","","","","","","","","","","","","","","","","",41,1,"","","","","","","","","","","","",14.5,1,1015.,1,997.7,1,"","","",1,1,1,0,1,0,1,0,1,1,1,"","","","","","","","","","","","","","","","","","","","","","","","",40000,1,"","",2,1,0,1,"","","","","","","","","","","","","","","","","","","","","","","","","","","","","","","","","","","","","","","","","","","","","","","","","","","","","","","","","","","","","","","","","",""
"31069001","TOULOUSE-BLAGNAC",43.621,1.378833,151,1968070418,"","","","",1.,1,340,1,"","","","","","","","","","","","","","","","","","","","","","","","","","","","",27.6,1,13.4,1,"","","","","","","","","","","","","","","","","","","","","","","","","","",42,1,"","","","","","","","","","","","",15.8,1,1014.1,1,996.9,1,"","","",1,0,1,"","",0,1,0,1,0,1,"","","","","","","","","","","","","","","","","","","","","","","","",50000,1,"","",2,1,0,1,"","","","","","","","","","","","","","","","","","","","","","","","","","","","","","","","","","","","","","","","","","","","","","","","","","","","","","","","","","","","","","","","","",""
"31069001","TOULOUSE-BLAGNAC",43.621,1.378833,151,1968070421,"","","","",0.,1,0,1,"","","","","","","","","","","","","","","","","","","","","","","","","","","","",23.,1,15.7,1,"","","","","","","","","","","","","","","","","","","","","","","","","","",66,1,"","","","","","","","","","","","",18.4,1,1015.2,1,997.7,1,"","","",1,2,1,0,1,0,1,8,1,0,1,"","","","","","","","","","","","","","","","","","","","","","","","",20000,1,"","",2,1,0,1,"","","","","","","","","","","","","","","","","","","","","","","","","","","","","","","","","","","","","","","","","","","","","","","","","","","","","","","","","","","","","","","","","",""
"31069001","TOULOUSE-BLAGNAC",43.621,1.378833,151,1968070500,"","","","",0.,1,0,1,"","","","","","","","","","","","","","","","","","","","","","","","","","","","",20.8,1,12.9,1,"","","","","","","","","","","","","","","","","","","","","","","","","","",61,1,"","","","","","","","","","","","",15.2,1,1014.8,1,997.2,1,"","","",1,1,1,0,1,0,1,0,1,1,1,"","","","","","","","","","","","","","","","","","","","","","","","",20000,1,"","",1,1,0,1,"","","","","","","","","","","","","","","","","","","","","","","","","","","","","","","","","","","","","","","","","","","","","","","","","","","","","","","","","","","","","","","","","",""
"31069001","TOULOUSE-BLAGNAC",43.621,1.378833,151,1968070503,"","","","",0.,1,0,1,"","","","","","","","","","","","","","","","","","","","","","","","","","","","",19.2,1,12.2,1,"","","","","","","","","","","","","","","","","","","","","","","","","","",65,1,"","","","","","","","","","","","",14.5,1,1014.3,1,996.6,1,"","","",1,0,1,"","",0,1,0,1,0,1,"","","","","","","","","","","","","","","","","","","","","","","","",20000,1,"","",2,1,0,1,"","","","","","","","","","","","","","","","","","","","","","","","","","","","","","","","","","","","","","","","","","","","","","","","","","","","","","","","","","","","","","","","","",""
"31069001","TOULOUSE-BLAGNAC",43.621,1.378833,151,1968070506,"","","","",1.,1,140,1,"","","","","","","","","","","","","","","","","","","","","","","","","","","","",18.8,1,13.6,1,"","","","","","","","","","","","","","","","","","","","","","","","","","",74,1,"","","","","","","","","","","","",16.,1,1013.8,1,996.1,1,"","","",1,2,1,0,1,0,1,4,1,1,1,"","","","","","","","","","","","","","","","","","","","","","","","",20000,1,"","",2,1,0,1,"","",0,1,"","","","","","","","","","","","","","","","","","","","","","","","","","","","","","","","","","","","","","","","","","","","","","","","","","","","","","","","","","","","","",""
"31069001","TOULOUSE-BLAGNAC",43.621,1.378833,151,1968070509,"","","","",8.,1,120,1,"","","","","","","","","","","","","","","","","","","","","","","","","","","","",24.2,1,15.2,1,"","","","","","","","","","","","","","","","","","","","","","","","","","",59,1,"","","","","","","","","","","","",17.8,1,1012.4,1,995.,1,"","","",1,4,1,0,1,0,1,4,1,2,1,"","","","","","","","","","","","","","","","","","","","","","","","",30000,1,"","",2,1,0,1,"","","","","","","","","","","","","","","","","","","","","","","","","","","","","","","","","","","","","","","","","","","","","","","","","","","","","","","","","","","","","","","","","",""
"31069001","TOULOUSE-BLAGNAC",43.621,1.378833,151,1968070512,"","","","",7.,1,140,1,"","","","","","","","","","","","","","","","","","","","","","","","","","","","",26.3,1,17.5,1,"","","","","","","","","","","","","","","","","","","","","","","","","","",60,1,"","","","","","","","","","","","",20.6,1,1011.4,1,994.2,1,"","","",1,7,1,6,1,1,1,8,1,2,1,"","","","","","","","","","","","","","","","","","","","","","","","",15000,1,"","",3,1,1,1,"","","","","","","","","","","","","","","","","","","","","","","","","","","","","","","","","","","","","","","","","","","","","","","","","","","","","","","","","","","","","","","","","",""
"31069001","TOULOUSE-BLAGNAC",43.621,1.378833,151,1968070515,"","","","",7.,1,140,1,"","","","","","","","","","","","","","","","","","","","","","","","","","","","",27.3,1,18.,1,"","","","","","","","","","","","","","","","","","","","","","","","","","",59,1,"","","","","","","","","","","","",21.3,1,1010.9,1,993.8,1,"","","",1,6,1,0,1,0,1,8,1,2,1,"","","","","","","","","","","","","","","","","","","","","","","","",20000,1,"","",3,1,2,1,"","","","","","","","","","","","","","","","","","","","","","","","","","","","","","","","","","","","","","","","","","","","","","","","","","","","","","","","","","","","","","","","","",""
"31069001","TOULOUSE-BLAGNAC",43.621,1.378833,151,1968070518,"","","","",7.,1,280,1,"","","","","","","","","","","","","","","","","","","","","","","","","","","","",21.6,1,17.2,1,"","","","","","","","","","","","","","","","","","","","","","","","","","",79,1,"","","","","","","","","","","","",20.3,1,1012.7,1,995.2,1,"","","",1,7,1,6,1,9,1,"","","","","","","","","","","","","","","","","","","","","","","","","","","","",15000,1,"","",3,1,8,1,"","","","","","","","","","","","","","","","","","","","","","","","","","","","","","","","","","","","","","","","","","","","","","","","","","","","","","","","","","","","","","","","","",""
"31069001","TOULOUSE-BLAGNAC",43.621,1.378833,151,1968070521,"","","","",2.,1,100,1,"","","","","","","","","","","","","","","","","","","","","","","","","","","","",17.2,1,15.6,1,"","","","","","","","","","","","","","","","","","","","","","","","","","",93,1,"","","","","","","","","","","","",18.2,1,1014.9,1,997.1,1,"","","",1,8,1,7,1,5,1,"","","","","","","","","","","","","","","","","","","","","","","","","","","","",10000,1,"","",29,1,9,1,"","","","","","","","","","","","","","","","","","","","","","","","","","","","","","","","","","","","","","","","","","","","","","","","","","","","","","","","","","","","","","","","","",""
"31069001","TOULOUSE-BLAGNAC",43.621,1.378833,151,1968070600,"","","","",1.,1,280,1,"","","","","","","","","","","","","","","","","","","","","","","","","","","","",16.1,1,14.3,1,"","","","","","","","","","","","","","","","","","","","","","","","","","",91,1,"","","","","","","","","","","","",16.7,1,1016.9,1,999.,1,"","","",1,8,1,8,1,5,1,"","","","","","","","","","","","","","","","","","","","","","","","","","","","",10000,1,"","",1,1,9,1,"","","","","","","","","","","","","","","","","","","","","","","","","","","","","","","","","","","","","","","","","","","","","","","","","","","","","","","","","","","","","","","","","",""
"31069001","TOULOUSE-BLAGNAC",43.621,1.378833,151,1968070603,"","","","",3.,1,260,1,"","","","","","","","","","","","","","","","","","","","","","","","","","","","",15.9,1,13.9,1,"","","","","","","","","","","","","","","","","","","","","","","","","","",90,1,"","","","","","","","","","","","",16.3,1,1017.,1,999.,1,"","","",1,8,1,6,1,5,1,"","","","","","","","","","","","","","","","","","","","","","","","","","","","",10000,1,"","",3,1,2,1,"","","","","","","","","","","","","","","","","","","","","","","","","","","","","","","","","","","","","","","","","","","","","","","","","","","","","","","","","","","","","","","","","",""
"31069001","TOULOUSE-BLAGNAC",43.621,1.378833,151,1968070606,"","","","",1.,1,260,1,"","","","","","","","","","","","","","","","","","","","","","","","","","","","",15.4,1,13.8,1,"","","","","","","","","","","","","","","","","","","","","","","","","","",92,1,"","","","","","","","","","","","",16.2,1,1018.3,1,1000.3,1,"","","",1,6,1,0,1,5,1,0,1,0,1,"","","","","","","","","","","","","","","","","","","","","","","","",8000,1,"","",2,1,2,1,"","",2,1,"","","","","","","","","","","","","","","","","","","","","","","","","","","","","","","","","","","","","","","","","","","","","","","","","","","","","","","","","","","","","",""
"31069001","TOULOUSE-BLAGNAC",43.621,1.378833,151,1968070609,"","","","",3.,1,320,1,"","","","","","","","","","","","","","","","","","","","","","","","","","","","",18.1,1,13.1,1,"","","","","","","","","","","","","","","","","","","","","","","","","","",74,1,"","","","","","","","","","","","",15.4,1,1018.2,1,1000.4,1,"","","",1,6,1,6,1,2,1,0,1,0,1,"","","","","","","","","","","","","","","","","","","","","","","","",20000,1,"","",2,1,2,1,"","","","","","","","","","","","","","","","","","","","","","","","","","","","","","","","","","","","","","","","","","","","","","","","","","","","","","","","","","","","","","","","","",""
"31069001","TOULOUSE-BLAGNAC",43.621,1.378833,151,1968070612,"","","","",2.,1,320,1,"","","","","","","","","","","","","","","","","","","","","","","","","","","","",20.3,1,12.5,1,"","","","","","","","","","","","","","","","","","","","","","","","","","",62,1,"","","","","","","","","","","","",14.8,1,1017.8,1,1000.1,1,"","","",1,6,1,6,1,2,1,0,1,0,1,"","","","","","","","","","","","","","","","","","","","","","","","",20000,1,"","",1,1,2,1,"","","","","","","","","","","","","","","","","","","","","","","","","","","","","","","","","","","","","","","","","","","","","","","","","","","","","","","","","","","","","","","","","",""
"31069001","TOULOUSE-BLAGNAC",43.621,1.378833,151,1968070615,"","","","",2.,1,60,1,"","","","","","","","","","","","","","","","","","","","","","","","","","","","",23.5,1,13.9,1,"","","","","","","","","","","","","","","","","","","","","","","","","","",56,1,"","","","","","","","","","","","",16.3,1,1016.6,1,999.1,1,"","","",1,4,1,0,1,2,1,0,1,0,1,"","","","","","","","","","","","","","","","","","","","","","","","",20000,1,"","",2,1,1,1,"","","","","","","","","","","","","","","","","","","","","","","","","","","","","","","","","","","","","","","","","","","","","","","","","","","","","","","","","","","","","","","","","",""
"31069001","TOULOUSE-BLAGNAC",43.621,1.378833,151,1968070618,"","","","",2.,1,100,1,"","","","","","","","","","","","","","","","","","","","","","","","","","","","",23.8,1,13.7,1,"","","","","","","","","","","","","","","","","","","","","","","","","","",54,1,"","","","","","","","","","","","",16.1,1,1015.8,1,998.3,1,"","","",1,3,1,0,1,8,1,0,1,0,1,"","","","","","","","","","","","","","","","","","","","","","","","",20000,1,"","",3,1,1,1,"","","","","","","","","","","","","","","","","","","","","","","","","","","","","","","","","","","","","","","","","","","","","","","","","","","","","","","","","","","","","","","","","",""
"31069001","TOULOUSE-BLAGNAC",43.621,1.378833,151,1968070621,"","","","",1.,1,100,1,"","","","","","","","","","","","","","","","","","","","","","","","","","","","",21.3,1,14.4,1,"","","","","","","","","","","","","","","","","","","","","","","","","","",66,1,"","","","","","","","","","","","",16.8,1,1015.6,1,998.,1,"","","",1,0,1,"","",0,1,0,1,0,1,"","","","","","","","","","","","","","","","","","","","","","","","",20000,1,"","",2,1,0,1,"","","","","","","","","","","","","","","","","","","","","","","","","","","","","","","","","","","","","","","","","","","","","","","","","","","","","","","","","","","","","","","","","",""
"31069001","TOULOUSE-BLAGNAC",43.621,1.378833,151,1968070700,"","","","",2.,1,100,1,"","","","","","","","","","","","","","","","","","","","","","","","","","","","",17.8,1,14.3,1,"","","","","","","","","","","","","","","","","","","","","","","","","","",82,1,"","","","","","","","","","","","",16.7,1,1014.6,1,996.8,1,"","","",1,0,1,"","",0,1,0,1,0,1,"","","","","","","","","","","","","","","","","","","","","","","","",20000,1,"","",2,1,0,1,"","","","","","","","","","","","","","","","","","","","","","","","","","","","","","","","","","","","","","","","","","","","","","","","","","","","","","","","","","","","","","","","","",""
"31069001","TOULOUSE-BLAGNAC",43.621,1.378833,151,1968070703,"","","","",2.,1,100,1,"","","","","","","","","","","","","","","","","","","","","","","","","","","","",17.3,1,14.,1,"","","","","","","","","","","","","","","","","","","","","","","","","","",83,1,"","","","","","","","","","","","",16.4,1,1012.3,1,994.5,1,"","","",1,0,1,"","",0,1,0,1,0,1,"","","","","","","","","","","","","","","","","","","","","","","","",15000,1,"","",2,1,0,1,"","","","","","","","","","","","","","","","","","","","","","","","","","","","","","","","","","","","","","","","","","","","","","","","","","","","","","","","","","","","","","","","","",""
"31069001","TOULOUSE-BLAGNAC",43.621,1.378833,151,1968070706,"","","","",2.,1,120,1,"","","","","","","","","","","","","","","","","","","","","","","","","","","","",17.,1,14.,1,"","","","","","","","","","","","","","","","","","","","","","","","","","",85,1,"","","","","","","","","","","","",16.4,1,1011.1,1,993.3,1,"","","",1,0,1,"","",0,1,0,1,0,1,"","","","","","","","","","","","","","","","","","","","","","","","",10000,1,"","",2,1,0,1,"","",0,1,"","","","","","","","","","","","","","","","","","","","","","","","","","","","","","","","","","","","","","","","","","","","","","","","","","","","","","","","","","","","","",""
"31069001","TOULOUSE-BLAGNAC",43.621,1.378833,151,1968070709,"","","","",8.,1,140,1,"","","","","","","","","","","","","","","","","","","","","","","","","","","","",24.8,1,17.,1,"","","","","","","","","","","","","","","","","","","","","","","","","","",64,1,"","","","","","","","","","","","",20.,1,1010.8,1,993.5,1,"","","",1,0,1,"","",0,1,0,1,0,1,"","","","","","","","","","","","","","","","","","","","","","","","",20000,1,"","",2,1,0,1,"","","","","","","","","","","","","","","","","","","","","","","","","","","","","","","","","","","","","","","","","","","","","","","","","","","","","","","","","","","","","","","","","",""
"31069001","TOULOUSE-BLAGNAC",43.621,1.378833,151,1968070712,"","","","",6.,1,160,1,"","","","","","","","","","","","","","","","","","","","","","","","","","","","",27.9,1,18.3,1,"","","","","","","","","","","","","","","","","","","","","","","","","","",58,1,"","","","","","","","","","","","",21.8,1,1011.4,1,994.3,1,"","","",1,0,1,"","",0,1,0,1,0,1,"","","","","","","","","","","","","","","","","","","","","","","","",20000,1,"","",2,1,0,1,"","","","","","","","","","","","","","","","","","","","","","","","","","","","","","","","","","","","","","","","","","","","","","","","","","","","","","","","","","","","","","","","","",""
"31069001","TOULOUSE-BLAGNAC",43.621,1.378833,151,1968070715,"","","","",7.,1,140,1,"","","","","","","","","","","","","","","","","","","","","","","","","","","","",28.,1,18.,1,"","","","","","","","","","","","","","","","","","","","","","","","","","",56,1,"","","","","","","","","","","","",21.3,1,1011.6,1,994.5,1,"","","",1,0,1,"","",0,1,0,1,0,1,"","","","","","","","","","","","","","","","","","","","","","","","",20000,1,"","",2,1,0,1,"","","","","","","","","","","","","","","","","","","","","","","","","","","","","","","","","","","","","","","","","","","","","","","","","","","","","","","","","","","","","","","","","",""
"31069001","TOULOUSE-BLAGNAC",43.621,1.378833,151,1968070718,"","","","",6.,1,140,1,"","","","","","","","","","","","","","","","","","","","","","","","","","","","",25.1,1,18.6,1,"","","","","","","","","","","","","","","","","","","","","","","","","","",70,1,"","","","","","","","","","","","",22.2,1,1012.7,1,995.4,1,"","","",1,0,1,"","",0,1,0,1,0,1,"","","","","","","","","","","","","","","","","","","","","","","","",20000,1,"","",2,1,0,1,"","","","","","","","","","","","","","","","","","","","","","","","","","","","","","","","","","","","","","","","","","","","","","","","","","","","","","","","","","","","","","","","","",""
"31069001","TOULOUSE-BLAGNAC",43.621,1.378833,151,1968070721,"","","","",3.,1,200,1,"","","","","","","","","","","","","","","","","","","","","","","","","","","","",21.,1,18.5,1,"","","","","","","","","","","","","","","","","","","","","","","","","","",88,1,"","","","","","","","","","","","",22.,1,1015.7,1,998.1,1,"","","",1,8,1,8,1,5,1,"","","","","","","","","","","","","","","","","","","","","","","","","","","","",10000,1,"","",3,1,1,1,"","","","","","","","","","","","","","","","","","","","","","","","","","","","","","","","","","","","","","","","","","","","","","","","","","","","","","","","","","","","","","","","","",""
"31069001","TOULOUSE-BLAGNAC",43.621,1.378833,151,1968070800,"","","","",3.,1,160,1,"","","","","","","","","","","","","","","","","","","","","","","","","","","","",21.,1,18.6,1,"","","","","","","","","","","","","","","","","","","","","","","","","","",89,1,"","","","","","","","","","","","",22.1,1,1015.8,1,998.2,1,"","","",1,8,1,8,1,5,1,"","","","","","","","","","","","","","","","","","","","","","","","","","","","",10000,1,"","",2,1,1,1,"","","","","","","","","","","","","","","","","","","","","","","","","","","","","","","","","","","","","","","","","","","","","","","","","","","","","","","","","","","","","","","","","",""
"31069001","TOULOUSE-BLAGNAC",43.621,1.378833,151,1968070803,"","","","",6.,1,140,1,"","","","","","","","","","","","","","","","","","","","","","","","","","","","",20.7,1,18.1,1,"","","","","","","","","","","","","","","","","","","","","","","","","","",88,1,"","","","","","","","","","","","",21.4,1,1015.2,1,997.6,1,"","","",1,8,1,8,1,6,1,"","","","","","","","","","","","","","","","","","","","","","","","","","","","",10000,1,"","",2,1,2,1,"","","","","","","","","","","","","","","","","","","","","","","","","","","","","","","","","","","","","","","","","","","","","","","","","","","","","","","","","","","","","","","","","",""
"31069001","TOULOUSE-BLAGNAC",43.621,1.378833,151,1968070806,"","","","",4.,1,140,1,"","","","","","","","","","","","","","","","","","","","","","","","","","","","",20.8,1,18.3,1,"","","","","","","","","","","","","","","","","","","","","","","","","","",89,1,"","","","","","","","","","","","",21.8,1,1016.,1,998.4,1,"","","",1,8,1,8,1,6,1,"","","","","","","","","","","","","","","","","","","","","","","","","","","","",8000,1,"","",2,1,2,1,"","",0,1,"","","","","","","","","","","","","","","","","","","","","","","","","","","","","","","","","","","","","","","","","","","","","","","","","","","","","","","","","","","","","",""
"31069001","TOULOUSE-BLAGNAC",43.621,1.378833,151,1968070809,"","","","",7.,1,120,1,"","","","","","","","","","","","","","","","","","","","","","","","","","","","",23.1,1,18.8,1,"","","","","","","","","","","","","","","","","","","","","","","","","","",80,1,"","","","","","","","","","","","",22.5,1,1017.1,1,999.6,1,"","","",1,7,1,6,1,8,1,"","","","","","","","","","","","","","","","","","","","","","","","","","","","",6000,1,"","",3,1,2,1,"","","","","","","","","","","","","","","","","","","","","","","","","","","","","","","","","","","","","","","","","","","","","","","","","","","","","","","","","","","","","","","","","",""
"31069001","TOULOUSE-BLAGNAC",43.621,1.378833,151,1968070812,"","","","",6.,1,140,1,"","","","","","","","","","","","","","","","","","","","","","","","","","","","",25.8,1,18.1,1,"","","","","","","","","","","","","","","","","","","","","","","","","","",65,1,"","","","","","","","","","","","",21.5,1,1017.5,1,1000.2,1,"","","",1,5,1,5,1,8,1,0,1,0,1,"","","","","","","","","","","","","","","","","","","","","","","","",10000,1,"","",1,1,2,1,"","","","","","","","","","","","","","","","","","","","","","","","","","","","","","","","","","","","","","","","","","","","","","","","","","","","","","","","","","","","","","","","","",""
"31069001","TOULOUSE-BLAGNAC",43.621,1.378833,151,1968070815,"","","","",8.,1,120,1,"","","","","","","","","","","","","","","","","","","","","","","","","","","","",27.5,1,18.6,1,"","","","","","","","","","","","","","","","","","","","","","","","","","",61,1,"","","","","","","","","","","","",22.2,1,1017.3,1,1000.1,1,"","","",1,1,1,0,1,1,1,0,1,2,1,"","","","","","","","","","","","","","","","","","","","","","","","",10000,1,"","",3,1,1,1,"","","","","","","","","","","","","","","","","","","","","","","","","","","","","","","","","","","","","","","","","","","","","","","","","","","","","","","","","","","","","","","","","",""
"31069001","TOULOUSE-BLAGNAC",43.621,1.378833,151,1968070818,"","","","",6.,1,140,1,"","","","","","","","","","","","","","","","","","","","","","","","","","","","",26.2,1,18.8,1,"","","","","","","","","","","","","","","","","","","","","","","","","","",66,1,"","","","","","","","","","","","",22.4,1,1017.9,1,1000.6,1,"","","",1,7,1,5,1,0,1,8,1,2,1,"","","","","","","","","","","","","","","","","","","","","","","","",8000,1,"","",3,1,1,1,"","","","","","","","","","","","","","","","","","","","","","","","","","","","","","","","","","","","","","","","","","","","","","","","","","","","","","","","","","","","","","","","","",""
"31069001","TOULOUSE-BLAGNAC",43.621,1.378833,151,1968070821,"","","","",5.,1,140,1,"","","","","","","","","","","","","","","","","","","","","","","","","","","","",24.,1,17.8,1,"","","","","","","","","","","","","","","","","","","","","","","","","","",70,1,"","","","","","","","","","","","",21.,1,1018.6,1,1001.1,1,"","","",1,6,1,6,1,0,1,0,1,2,1,"","","","","","","","","","","","","","","","","","","","","","","","",10000,1,"","",3,1,2,1,"","","","","","","","","","","","","","","","","","","","","","","","","","","","","","","","","","","","","","","","","","","","","","","","","","","","","","","","","","","","","","","","","",""
"31069001","TOULOUSE-BLAGNAC",43.621,1.378833,151,1968070900,"","","","",2.,1,100,1,"","","","","","","","","","","","","","","","","","","","","","","","","","","","",22.3,1,18.8,1,"","","","","","","","","","","","","","","","","","","","","","","","","","",83,1,"","","","","","","","","","","","",22.4,1,1018.6,1,1001.,1,"","","",1,8,1,8,1,0,1,7,1,"","","","","","","","","","","","","","","","","","","","","","","","","","",10000,1,"","",25,1,2,1,"","","","","","","","","","","","","","","","","","","","","","","","","","","","","","","","","","","","","","","","","","","","","","","","","","","","","","","","","","","","","","","","","",""
"31069001","TOULOUSE-BLAGNAC",43.621,1.378833,151,1968070903,"","","","",4.,1,140,1,"","","","","","","","","","","","","","","","","","","","","","","","","","","","",22.,1,16.4,1,"","","","","","","","","","","","","","","","","","","","","","","","","","",73,1,"","","","","","","","","","","","",19.2,1,1018.6,1,1001.,1,"","","",1,7,1,7,1,0,1,8,1,"","","","","","","","","","","","","","","","","","","","","","","","","","",10000,1,"","",1,1,2,1,"","","","","","","","","","","","","","","","","","","","","","","","","","","","","","","","","","","","","","","","","","","","","","","","","","","","","","","","","","","","","","","","","",""
"31069001","TOULOUSE-BLAGNAC",43.621,1.378833,151,1968070906,"","","","",7.,1,140,1,"","","","","","","","","","","","","","","","","","","","","","","","","","","","",22.6,1,16.3,1,"","","","","","","","","","","","","","","","","","","","","","","","","","",70,1,"","","","","","","","","","","","",19.1,1,1020.,1,1002.4,1,"","","",1,7,1,6,1,8,1,9,1,2,1,"","","","","","","","","","","","","","","","","","","","","","","","",15000,1,"","",3,1,8,1,"","",0,1,"","","","","","","","","","","","","","","","","","","","","","","","","","","","","","","","","","","","","","","","","","","","","","","","","","","","","","","","","","","","","",""
"31069001","TOULOUSE-BLAGNAC",43.621,1.378833,151,1968070909,"","","","",4.,1,120,1,"","","","","","","","","","","","","","","","","","","","","","","","","","","","",25.2,1,18.8,1,"","","","","","","","","","","","","","","","","","","","","","","","","","",70,1,"","","","","","","","","","","","",22.4,1,1021.3,1,1003.9,1,"","","",1,1,1,0,1,0,1,4,1,2,1,"","","","","","","","","","","","","","","","","","","","","","","","",15000,1,"","",1,1,1,1,"","","","","","","","","","","","","","","","","","","","","","","","","","","","","","","","","","","","","","","","","","","","","","","","","","","","","","","","","","","","","","","","","",""
"31069001","TOULOUSE-BLAGNAC",43.621,1.378833,151,1968070912,"","","","",5.,1,120,1,"","","","","","","","","","","","","","","","","","","","","","","","","","","","",28.7,1,19.9,1,"","","","","","","","","","","","","","","","","","","","","","","","","","",61,1,"","","","","","","","","","","","",24.1,1,1020.6,1,1003.4,1,"","","",1,0,1,"","",0,1,0,1,0,1,"","","","","","","","","","","","","","","","","","","","","","","","",15000,1,"","",2,1,1,1,"","","","","","","","","","","","","","","","","","","","","","","","","","","","","","","","","","","","","","","","","","","","","","","","","","","","","","","","","","","","","","","","","",""
"31069001","TOULOUSE-BLAGNAC",43.621,1.378833,151,1968070915,"","","","",2.,1,140,1,"","","","","","","","","","","","","","","","","","","","","","","","","","","","",31.3,1,22.5,1,"","","","","","","","","","","","","","","","","","","","","","","","","","",62,1,"","","","","","","","","","","","",28.4,1,1020.1,1,1003.1,1,"","","",1,7,1,6,1,0,1,9,1,2,1,"","","","","","","","","","","","","","","","","","","","","","","","",20000,1,"","",3,1,1,1,"","","","","","","","","","","","","","","","","","","","","","","","","","","","","","","","","","","","","","","","","","","","","","","","","","","","","","","","","","","","","","","","","",""
"31069001","TOULOUSE-BLAGNAC",43.621,1.378833,151,1968070918,"","","","",5.,1,140,1,"","","","","","","","","","","","","","","","","","","","","","","","","","","","",29.,1,23.4,1,"","","","","","","","","","","","","","","","","","","","","","","","","","",75,1,"","","","","","","","","","","","",30.,1,1018.8,1,1001.7,1,"","","",1,6,1,0,1,0,1,9,1,2,1,"","","","","","","","","","","","","","","","","","","","","","","","",20000,1,"","",2,1,1,1,"","","","","","","","","","","","","","","","","","","","","","","","","","","","","","","","","","","","","","","","","","","","","","","","","","","","","","","","","","","","","","","","","",""
"31069001","TOULOUSE-BLAGNAC",43.621,1.378833,151,1968070921,"","","","",7.,1,140,1,"","","","","","","","","","","","","","","","","","","","","","","","","","","","",26.,1,19.8,1,"","","","","","","","","","","","","","","","","","","","","","","","","","",71,1,"","","","","","","","","","","","",24.,1,1019.1,1,1001.8,1,"","","",1,5,1,5,1,0,1,9,1,2,1,"","","","","","","","","","","","","","","","","","","","","","","","",10000,1,"","",1,1,8,1,"","","","","","","","","","","","","","","","","","","","","","","","","","","","","","","","","","","","","","","","","","","","","","","","","","","","","","","","","","","","","","","","","",""
"31069001","TOULOUSE-BLAGNAC",43.621,1.378833,151,1968071000,"","","","",3.,1,140,1,"","","","","","","","","","","","","","","","","","","","","","","","","","","","",25.8,1,18.8,1,"","","","","","","","","","","","","","","","","","","","","","","","","","",68,1,"","","","","","","","","","","","",22.5,1,1020.4,1,1003.,1,"","","",1,7,1,6,1,0,1,9,1,2,1,"","","","","","","","","","","","","","","","","","","","","","","","",10000,1,"","",13,1,8,1,"","","","","","","","","","","","","","","","","","","","","","","","","","","","","","","","","","","","","","","","","","","","","","","","","","","","","","","","","","","","","","","","","",""
"31069001","TOULOUSE-BLAGNAC",43.621,1.378833,151,1968071003,"","","","",6.,1,160,1,"","","","","","","","","","","","","","","","","","","","","","","","","","","","",24.5,1,18.6,1,"","","","","","","","","","","","","","","","","","","","","","","","","","",72,1,"","","","","","","","","","","","",22.1,1,1018.6,1,1001.2,1,"","","",1,6,1,5,1,0,1,9,1,2,1,"","","","","","","","","","","","","","","","","","","","","","","","",10000,1,"","",2,1,2,1,"","","","","","","","","","","","","","","","","","","","","","","","","","","","","","","","","","","","","","","","","","","","","","","","","","","","","","","","","","","","","","","","","",""
"31069001","TOULOUSE-BLAGNAC",43.621,1.378833,151,1968071006,"","","","",5.,1,140,1,"","","","","","","","","","","","","","","","","","","","","","","","","","","","",23.3,1,19.2,1,"","","","","","","","","","","","","","","","","","","","","","","","","","",81,1,"","","","","","","","","","","","",23.1,1,1016.4,1,998.9,1,"","","",1,3,1,0,1,0,1,9,1,2,1,"","","","","","","","","","","","","","","","","","","","","","","","",10000,1,"","",1,1,1,1,"","",0,1,"","","","","","","","","","","","","","","","","","","","","","","","","","","","","","","","","","","","","","","","","","","","","","","","","","","","","","","","","","","","","",""
"31069001","TOULOUSE-BLAGNAC",43.621,1.378833,151,1968071009,"","","","",6.,1,140,1,"","","","","","","","","","","","","","","","","","","","","","","","","","","","",28.,1,19.6,1,"","","","","","","","","","","","","","","","","","","","","","","","","","",63,1,"","","","","","","","","","","","",23.7,1,1015.9,1,998.7,1,"","","",1,7,1,5,1,3,1,9,1,2,1,"","","","","","","","","","","","","","","","","","","","","","","","",12000,1,"","",25,1,1,1,"","","","","","","","","","","","","","","","","","","","","","","","","","","","","","","","","","","","","","","","","","","","","","","","","","","","","","","","","","","","","","","","","",""
"31069001","TOULOUSE-BLAGNAC",43.621,1.378833,151,1968071012,"","","","",3.,1,160,1,"","","","","","","","","","","","","","","","","","","","","","","","","","","","",29.4,1,20.2,1,"","","","","","","","","","","","","","","","","","","","","","","","","","",60,1,"","","","","","","","","","","","",24.6,1,1016.2,1,999.1,1,"","","",1,6,1,6,1,0,1,4,1,2,1,"","","","","","","","","","","","","","","","","","","","","","","","",15000,1,"","",1,1,8,1,"","","","","","","","","","","","","","","","","","","","","","","","","","","","","","","","","","","","","","","","","","","","","","","","","","","","","","","","","","","","","","","","","",""
"31069001","TOULOUSE-BLAGNAC",43.621,1.378833,151,1968071015,"","","","",3.,1,180,1,"","","","","","","","","","","","","","","","","","","","","","","","","","","","",30.,1,22.1,1,"","","","","","","","","","","","","","","","","","","","","","","","","","",65,1,"","","","","","","","","","","","",27.7,1,1015.5,1,998.5,1,"","","",1,7,1,6,1,0,1,8,1,2,1,"","","","","","","","","","","","","","","","","","","","","","","","",15000,1,"","",3,1,2,1,"","","","","","","","","","","","","","","","","","","","","","","","","","","","","","","","","","","","","","","","","","","","","","","","","","","","","","","","","","","","","","","","","",""
"31069001","TOULOUSE-BLAGNAC",43.621,1.378833,151,1968071018,"","","","",4.,1,340,1,"","","","","","","","","","","","","","","","","","","","","","","","","","","","",30.,1,19.5,1,"","","","","","","","","","","","","","","","","","","","","","","","","","",55,1,"","","","","","","","","","","","",23.5,1,1014.5,1,997.5,1,"","","",1,7,1,6,1,9,1,9,1,2,1,"","","","","","","","","","","","","","","","","","","","","","","","",10000,1,"","",3,1,8,1,"","","","","","","","","","","","","","","","","","","","","","","","","","","","","","","","","","","","","","","","","","","","","","","","","","","","","","","","","","","","","","","","","",""
"31069001","TOULOUSE-BLAGNAC",43.621,1.378833,151,1968071021,"","","","",9.,1,280,1,"","","","","","","","","","","","","","","","","","","","","","","","","","","","",19.6,1,17.8,1,"","","","","","","","","","","","","","","","","","","","","","","","","","",92,1,"","","","","","","","","","","","",21.,1,1018.6,1,1000.9,1,"","","",1,8,1,5,1,9,1,9,1,"","","","","","","","","","","","","","","","","","","","","","","","","","",6000,1,"","",95,1,9,1,"","","","","","","","","","","","","","","","","","","","","","","","","","","","","","","","","","","","","","","","","","","","","","","","","","","","","","","","","","","","","","","","","",""
"31069001","TOULOUSE-BLAGNAC",43.621,1.378833,151,1968071100,"","","","",6.,1,240,1,"","","","","","","","","","","","","","","","","","","","","","","","","","","","",16.7,1,15.4,1,"","","","","","","","","","","","","","","","","","","","","","","","","","",95,1,"","","","","","","","","","","","",18.,1,1019.8,1,1001.9,1,"","","",1,8,1,7,1,9,1,"","","","","","","","","","","","","","","","","","","","","","","","","","","","",6000,1,"","",95,1,9,1,"","","","","","","","","","","","","","","","","","","","","","","","","","","","","","","","","","","","","","","","","","","","","","","","","","","","","","","","","","","","","","","","","",""
"31069001","TOULOUSE-BLAGNAC",43.621,1.378833,151,1968071103,"","","","",5.,1,260,1,"","","","","","","","","","","","","","","","","","","","","","","","","","","","",16.7,1,15.4,1,"","","","","","","","","","","","","","","","","","","","","","","","","","",95,1,"","","","","","","","","","","","",18.,1,1020.1,1,1002.2,1,"","","",1,8,1,6,1,9,1,"","","","","","","","","","","","","","","","","","","","","","","","","","","","",8000,1,"","",95,1,9,1,"","","","","","","","","","","","","","","","","","","","","","","","","","","","","","","","","","","","","","","","","","","","","","","","","","","","","","","","","","","","","","","","","",""
"31069001","TOULOUSE-BLAGNAC",43.621,1.378833,151,1968071106,"","","","",5.,1,280,1,"","","","","","","","","","","","","","","","","","","","","","","","","","","","",17.,1,15.1,1,"","","","","","","","","","","","","","","","","","","","","","","","","","",92,1,"","","","","","","","","","","","",17.7,1,1020.7,1,1002.8,1,"","","",1,3,1,0,1,0,1,3,1,0,1,"","","","","","","","","","","","","","","","","","","","","","","","",10000,1,"","",1,1,9,1,"","",2,1,"","","","","","","","","","","","","","","","","","","","","","","","","","","","","","","","","","","","","","","","","","","","","","","","","","","","","","","","","","","","","",""
"31069001","TOULOUSE-BLAGNAC",43.621,1.378833,151,1968071109,"","","","",5.,1,280,1,"","","","","","","","","","","","","","","","","","","","","","","","","","","","",20.,1,15.1,1,"","","","","","","","","","","","","","","","","","","","","","","","","","",75,1,"","","","","","","","","","","","",17.6,1,1021.4,1,1003.6,1,"","","",1,7,1,5,1,8,1,"","","","","","","","","","","","","","","","","","","","","","","","","","","","",20000,1,"","",3,1,1,1,"","","","","","","","","","","","","","","","","","","","","","","","","","","","","","","","","","","","","","","","","","","","","","","","","","","","","","","","","","","","","","","","","",""
"31069001","TOULOUSE-BLAGNAC",43.621,1.378833,151,1968071112,"","","","",8.,1,280,1,"","","","","","","","","","","","","","","","","","","","","","","","","","","","",23.4,1,15.1,1,"","","","","","","","","","","","","","","","","","","","","","","","","","",62,1,"","","","","","","","","","","","",17.6,1,1021.1,1,1003.5,1,"","","",1,5,1,0,1,8,1,0,1,0,1,"","","","","","","","","","","","","","","","","","","","","","","","",20000,1,"","",1,1,1,1,"","","","","","","","","","","","","","","","","","","","","","","","","","","","","","","","","","","","","","","","","","","","","","","","","","","","","","","","","","","","","","","","","",""
"31069001","TOULOUSE-BLAGNAC",43.621,1.378833,151,1968071115,"","","","",8.,1,300,1,"","","","","","","","","","","","","","","","","","","","","","","","","","","","",23.7,1,15.4,1,"","","","","","","","","","","","","","","","","","","","","","","","","","",62,1,"","","","","","","","","","","","",18.,1,1021.,1,1003.5,1,"","","",1,6,1,0,1,8,1,4,1,0,1,"","","","","","","","","","","","","","","","","","","","","","","","",25000,1,"","",3,1,2,1,"","","","","","","","","","","","","","","","","","","","","","","","","","","","","","","","","","","","","","","","","","","","","","","","","","","","","","","","","","","","","","","","","",""
"31069001","TOULOUSE-BLAGNAC",43.621,1.378833,151,1968071118,"","","","",7.,1,300,1,"","","","","","","","","","","","","","","","","","","","","","","","","","","","",22.4,1,12.7,1,"","","","","","","","","","","","","","","","","","","","","","","","","","",55,1,"","","","","","","","","","","","",15.,1,1021.5,1,1003.8,1,"","","",1,3,1,0,1,2,1,0,1,0,1,"","","","","","","","","","","","","","","","","","","","","","","","",30000,1,"","",1,1,1,1,"","","","","","","","","","","","","","","","","","","","","","","","","","","","","","","","","","","","","","","","","","","","","","","","","","","","","","","","","","","","","","","","","",""
"31069001","TOULOUSE-BLAGNAC",43.621,1.378833,151,1968071121,"","","","",4.,1,280,1,"","","","","","","","","","","","","","","","","","","","","","","","","","","","",17.,1,13.2,1,"","","","","","","","","","","","","","","","","","","","","","","","","","",80,1,"","","","","","","","","","","","",15.5,1,1023.2,1,1005.2,1,"","","",1,0,1,"","",0,1,0,1,0,1,"","","","","","","","","","","","","","","","","","","","","","","","",20000,1,"","",1,1,0,1,"","","","","","","","","","","","","","","","","","","","","","","","","","","","","","","","","","","","","","","","","","","","","","","","","","","","","","","","","","","","","","","","","",""
"31069001","TOULOUSE-BLAGNAC",43.621,1.378833,151,1968071200,"","","","",3.,1,260,1,"","","","","","","","","","","","","","","","","","","","","","","","","","","","",14.9,1,12.5,1,"","","","","","","","","","","","","","","","","","","","","","","","","","",87,1,"","","","","","","","","","","","",14.8,1,1023.3,1,1005.2,1,"","","",1,2,1,0,1,5,1,0,1,0,1,"","","","","","","","","","","","","","","","","","","","","","","","",20000,1,"","",2,1,0,1,"","","","","","","","","","","","","","","","","","","","","","","","","","","","","","","","","","","","","","","","","","","","","","","","","","","","","","","","","","","","","","","","","",""
"31069001","TOULOUSE-BLAGNAC",43.621,1.378833,151,1968071203,"","","","",2.,1,200,1,"","","","","","","","","","","","","","","","","","","","","","","","","","","","",13.5,1,11.6,1,"","","","","","","","","","","","","","","","","","","","","","","","","","",91,1,"","","","","","","","","","","","",14.,1,1022.3,1,1004.1,1,"","","",1,2,1,0,1,5,1,0,1,0,1,"","","","","","","","","","","","","","","","","","","","","","","","",20000,1,"","",2,1,0,1,"","","","","","","","","","","","","","","","","","","","","","","","","","","","","","","","","","","","","","","","","","","","","","","","","","","","","","","","","","","","","","","","","",""
"31069001","TOULOUSE-BLAGNAC",43.621,1.378833,151,1968071206,"","","","",2.,1,180,1,"","","","","","","","","","","","","","","","","","","","","","","","","","","","",13.4,1,12.4,1,"","","","","","","","","","","","","","","","","","","","","","","","","","",95,1,"","","","","","","","","","","","",14.7,1,1021.,1,1002.8,1,"","","",1,0,1,"","",0,1,0,1,0,1,"","","","","","","","","","","","","","","","","","","","","","","","",15000,1,"","",2,1,0,1,"","",1,1,"","","","","","","","","","","","","","","","","","","","","","","","","","","","","","","","","","","","","","","","","","","","","","","","","","","","","","","","","","","","","",""
"31069001","TOULOUSE-BLAGNAC",43.621,1.378833,151,1968071209,"","","","",2.,1,80,1,"","","","","","","","","","","","","","","","","","","","","","","","","","","","",19.5,1,13.4,1,"","","","","","","","","","","","","","","","","","","","","","","","","","",70,1,"","","","","","","","","","","","",15.8,1,1019.4,1,1001.6,1,"","","",1,3,1,0,1,1,1,0,1,0,1,"","","","","","","","","","","","","","","","","","","","","","","","",20000,1,"","",3,1,0,1,"","","","","","","","","","","","","","","","","","","","","","","","","","","","","","","","","","","","","","","","","","","","","","","","","","","","","","","","","","","","","","","","","",""
"31069001","TOULOUSE-BLAGNAC",43.621,1.378833,151,1968071212,"","","","",3.,1,60,1,"","","","","","","","","","","","","","","","","","","","","","","","","","","","",22.3,1,12.5,1,"","","","","","","","","","","","","","","","","","","","","","","","","","",55,1,"","","","","","","","","","","","",14.8,1,1017.1,1,999.5,1,"","","",1,0,1,"","",0,1,0,1,0,1,"","","","","","","","","","","","","","","","","","","","","","","","",40000,1,"","",1,1,0,1,"","","","","","","","","","","","","","","","","","","","","","","","","","","","","","","","","","","","","","","","","","","","","","","","","","","","","","","","","","","","","","","","","",""
"31069001","TOULOUSE-BLAGNAC",43.621,1.378833,151,1968071215,"","","","",2.,1,140,1,"","","","","","","","","","","","","","","","","","","","","","","","","","","","",25.6,1,12.3,1,"","","","","","","","","","","","","","","","","","","","","","","","","","",45,1,"","","","","","","","","","","","",14.6,1,1014.5,1,997.2,1,"","","",1,0,1,"","",0,1,0,1,0,1,"","","","","","","","","","","","","","","","","","","","","","","","",50000,1,"","",2,1,0,1,"","","","","","","","","","","","","","","","","","","","","","","","","","","","","","","","","","","","","","","","","","","","","","","","","","","","","","","","","","","","","","","","","",""
"31069001","TOULOUSE-BLAGNAC",43.621,1.378833,151,1968071218,"","","","",3.,1,100,1,"","","","","","","","","","","","","","","","","","","","","","","","","","","","",25.8,1,11.4,1,"","","","","","","","","","","","","","","","","","","","","","","","","","",42,1,"","","","","","","","","","","","",13.8,1,1013.5,1,996.2,1,"","","",1,0,1,"","",0,1,0,1,0,1,"","","","","","","","","","","","","","","","","","","","","","","","",50000,1,"","",2,1,0,1,"","","","","","","","","","","","","","","","","","","","","","","","","","","","","","","","","","","","","","","","","","","","","","","","","","","","","","","","","","","","","","","","","",""
"31069001","TOULOUSE-BLAGNAC",43.621,1.378833,151,1968071221,"","","","",2.,1,40,1,"","","","","","","","","","","","","","","","","","","","","","","","","","","","",21.7,1,14.4,1,"","","","","","","","","","","","","","","","","","","","","","","","","","",65,1,"","","","","","","","","","","","",16.8,1,1013.6,1,996.1,1,"","","",1,0,1,"","",0,1,0,1,0,1,"","","","","","","","","","","","","","","","","","","","","","","","",15000,1,"","",2,1,0,1,"","","","","","","","","","","","","","","","","","","","","","","","","","","","","","","","","","","","","","","","","","","","","","","","","","","","","","","","","","","","","","","","","",""
"31069001","TOULOUSE-BLAGNAC",43.621,1.378833,151,1968071300,"","","","",1.,1,100,1,"","","","","","","","","","","","","","","","","","","","","","","","","","","","",19.2,1,13.6,1,"","","","","","","","","","","","","","","","","","","","","","","","","","",72,1,"","","","","","","","","","","","",16.,1,1013.,1,995.3,1,"","","",1,4,1,0,1,0,1,8,1,0,1,"","","","","","","","","","","","","","","","","","","","","","","","",15000,1,"","",3,1,0,1,"","","","","","","","","","","","","","","","","","","","","","","","","","","","","","","","","","","","","","","","","","","","","","","","","","","","","","","","","","","","","","","","","",""
"31069001","TOULOUSE-BLAGNAC",43.621,1.378833,151,1968071303,"","","","",0.,1,0,1,"","","","","","","","","","","","","","","","","","","","","","","","","","","","",17.2,1,14.4,1,"","","","","","","","","","","","","","","","","","","","","","","","","","",86,1,"","","","","","","","","","","","",16.8,1,1012.7,1,994.9,1,"","","",1,5,1,5,1,0,1,8,1,0,1,"","","","","","","","","","","","","","","","","","","","","","","","",15000,1,"","",2,1,2,1,"","","","","","","","","","","","","","","","","","","","","","","","","","","","","","","","","","","","","","","","","","","","","","","","","","","","","","","","","","","","","","","","","",""
"31069001","TOULOUSE-BLAGNAC",43.621,1.378833,151,1968071306,"","","","",3.,1,260,1,"","","","","","","","","","","","","","","","","","","","","","","","","","","","",17.7,1,15.6,1,"","","","","","","","","","","","","","","","","","","","","","","","","","",90,1,"","","","","","","","","","","","",18.2,1,1013.9,1,996.1,1,"","","",1,6,1,0,1,8,1,8,1,0,1,"","","","","","","","","","","","","","","","","","","","","","","","",15000,1,"","",3,1,1,1,"","",0,1,"","","","","","","","","","","","","","","","","","","","","","","","","","","","","","","","","","","","","","","","","","","","","","","","","","","","","","","","","","","","","",""
"31069001","TOULOUSE-BLAGNAC",43.621,1.378833,151,1968071309,"","","","",4.,1,260,1,"","","","","","","","","","","","","","","","","","","","","","","","","","","","",20.6,1,15.3,1,"","","","","","","","","","","","","","","","","","","","","","","","","","",74,1,"","","","","","","","","","","","",17.9,1,1014.7,1,997.1,1,"","","",1,7,1,7,1,8,1,"","","","","","","","","","","","","","","","","","","","","","","","","","","","",20000,1,"","",3,1,2,1,"","","","","","","","","","","","","","","","","","","","","","","","","","","","","","","","","","","","","","","","","","","","","","","","","","","","","","","","","","","","","","","","","",""
"31069001","TOULOUSE-BLAGNAC",43.621,1.378833,151,1968071312,"","","","",3.,1,260,1,"","","","","","","","","","","","","","","","","","","","","","","","","","","","",23.7,1,14.9,1,"","","","","","","","","","","","","","","","","","","","","","","","","","",59,1,"","","","","","","","","","","","",17.4,1,1014.4,1,997.,1,"","","",1,4,1,0,1,8,1,0,1,0,1,"","","","","","","","","","","","","","","","","","","","","","","","",20000,1,"","",3,1,1,1,"","","","","","","","","","","","","","","","","","","","","","","","","","","","","","","","","","","","","","","","","","","","","","","","","","","","","","","","","","","","","","","","","",""
"31069001","TOULOUSE-BLAGNAC",43.621,1.378833,151,1968071315,"","","","",5.,1,320,1,"","","","","","","","","","","","","","","","","","","","","","","","","","","","",25.1,1,14.6,1,"","","","","","","","","","","","","","","","","","","","","","","","","","",54,1,"","","","","","","","","","","","",17.1,1,1013.9,1,996.6,1,"","","",1,5,1,0,1,8,1,0,1,0,1,"","","","","","","","","","","","","","","","","","","","","","","","",20000,1,"","",1,1,1,1,"","","","","","","","","","","","","","","","","","","","","","","","","","","","","","","","","","","","","","","","","","","","","","","","","","","","","","","","","","","","","","","","","",""
"31069001","TOULOUSE-BLAGNAC",43.621,1.378833,151,1968071318,"","","","",3.,1,340,1,"","","","","","","","","","","","","","","","","","","","","","","","","","","","",24.,1,14.3,1,"","","","","","","","","","","","","","","","","","","","","","","","","","",55,1,"","","","","","","","","","","","",16.7,1,1013.8,1,996.4,1,"","","",1,7,1,7,1,5,1,"","","","","","","","","","","","","","","","","","","","","","","","","","","","",20000,1,"","",1,1,1,1,"","","","","","","","","","","","","","","","","","","","","","","","","","","","","","","","","","","","","","","","","","","","","","","","","","","","","","","","","","","","","","","","","",""
"31069001","TOULOUSE-BLAGNAC",43.621,1.378833,151,1968071321,"","","","",1.,1,300,1,"","","","","","","","","","","","","","","","","","","","","","","","","","","","",21.8,1,16.1,1,"","","","","","","","","","","","","","","","","","","","","","","","","","",72,1,"","","","","","","","","","","","",18.9,1,1014.3,1,996.8,1,"","","",1,6,1,6,1,0,1,8,1,0,1,"","","","","","","","","","","","","","","","","","","","","","","","",15000,1,"","",2,1,2,1,"","","","","","","","","","","","","","","","","","","","","","","","","","","","","","","","","","","","","","","","","","","","","","","","","","","","","","","","","","","","","","","","","",""
"31069001","TOULOUSE-BLAGNAC",43.621,1.378833,151,1968071400,"","","","",0.,1,0,1,"","","","","","","","","","","","","","","","","","","","","","","","","","","","",19.7,1,15.2,1,"","","","","","","","","","","","","","","","","","","","","","","","","","",78,1,"","","","","","","","","","","","",17.8,1,1013.7,1,996.,1,"","","",1,0,1,"","",0,1,0,1,0,1,"","","","","","","","","","","","","","","","","","","","","","","","",15000,1,"","",1,1,1,1,"","","","","","","","","","","","","","","","","","","","","","","","","","","","","","","","","","","","","","","","","","","","","","","","","","","","","","","","","","","","","","","","","",""
"31069001","TOULOUSE-BLAGNAC",43.621,1.378833,151,1968071403,"","","","",0.,1,0,1,"","","","","","","","","","","","","","","","","","","","","","","","","","","","",17.2,1,15.3,1,"","","","","","","","","","","","","","","","","","","","","","","","","","",92,1,"","","","","","","","","","","","",17.9,1,1012.3,1,994.5,1,"","","",1,3,1,0,1,0,1,8,1,0,1,"","","","","","","","","","","","","","","","","","","","","","","","",15000,1,"","",2,1,0,1,"","","","","","","","","","","","","","","","","","","","","","","","","","","","","","","","","","","","","","","","","","","","","","","","","","","","","","","","","","","","","","","","","",""
"31069001","TOULOUSE-BLAGNAC",43.621,1.378833,151,1968071406,"","","","",1.,1,320,1,"","","","","","","","","","","","","","","","","","","","","","","","","","","","",17.,1,14.9,1,"","","","","","","","","","","","","","","","","","","","","","","","","","",90,1,"","","","","","","","","","","","",17.4,1,1011.9,1,994.1,1,"","","",1,4,1,0,1,0,1,8,1,0,1,"","","","","","","","","","","","","","","","","","","","","","","","",15000,1,"","",3,1,0,1,"","",0,1,"","","","","","","","","","","","","","","","","","","","","","","","","","","","","","","","","","","","","","","","","","","","","","","","","","","","","","","","","","","","","",""
"31069001","TOULOUSE-BLAGNAC",43.621,1.378833,151,1968071409,"","","","",4.,1,200,1,"","","","","","","","","","","","","","","","","","","","","","","","","","","","",21.,1,16.2,1,"","","","","","","","","","","","","","","","","","","","","","","","","","",77,1,"","","","","","","","","","","","",19.,1,1011.7,1,994.2,1,"","","",1,2,1,0,1,0,1,8,1,0,1,"","","","","","","","","","","","","","","","","","","","","","","","",10000,1,"","",1,1,1,1,"","","","","","","","","","","","","","","","","","","","","","","","","","","","","","","","","","","","","","","","","","","","","","","","","","","","","","","","","","","","","","","","","",""
"31069001","TOULOUSE-BLAGNAC",43.621,1.378833,151,1968071412,"","","","",9.,1,260,1,"","","","","","","","","","","","","","","","","","","","","","","","","","","","",25.,1,15.3,1,"","","","","","","","","","","","","","","","","","","","","","","","","","",56,1,"","","","","","","","","","","","",17.9,1,1013.1,1,995.8,1,"","","",1,4,1,0,1,2,1,0,1,0,1,"","","","","","","","","","","","","","","","","","","","","","","","",10000,1,"","",3,1,1,1,"","","","","","","","","","","","","","","","","","","","","","","","","","","","","","","","","","","","","","","","","","","","","","","","","","","","","","","","","","","","","","","","","",""
"31069001","TOULOUSE-BLAGNAC",43.621,1.378833,151,1968071415,"","","","",7.,1,300,1,"","","","","","","","","","","","","","","","","","","","","","","","","","","","",20.6,1,13.8,1,"","","","","","","","","","","","","","","","","","","","","","","","","","",67,1,"","","","","","","","","","","","",16.2,1,1014.9,1,997.3,1,"","","",1,8,1,7,1,8,1,7,1,"","","","","","","","","","","","","","","","","","","","","","","","","","",15000,1,"","",3,1,1,1,"","","","","","","","","","","","","","","","","","","","","","","","","","","","","","","","","","","","","","","","","","","","","","","","","","","","","","","","","","","","","","","","","",""
"31069001","TOULOUSE-BLAGNAC",43.621,1.378833,151,1968071418,"","","","",6.,1,240,1,"","","","","","","","","","","","","","","","","","","","","","","","","","","","",18.9,1,12.8,1,"","","","","","","","","","","","","","","","","","","","","","","","","","",70,1,"","","","","","","","","","","","",15.1,1,1016.6,1,998.8,1,"","","",1,8,1,7,1,8,1,"","","","","","","","","","","","","","","","","","","","","","","","","","","","",10000,1,"","",60,1,1,1,"","","","","","","","","","","","","","","","","","","","","","","","","","","","","","","","","","","","","","","","","","","","","","","","","","","","","","","","","","","","","","","","","",""
"31069001","TOULOUSE-BLAGNAC",43.621,1.378833,151,1968071421,"","","","",5.,1,260,1,"","","","","","","","","","","","","","","","","","","","","","","","","","","","",15.8,1,11.9,1,"","","","","","","","","","","","","","","","","","","","","","","","","","",80,1,"","","","","","","","","","","","",14.2,1,1018.9,1,1000.9,1,"","","",1,7,1,6,1,5,1,7,1,"","","","","","","","","","","","","","","","","","","","","","","","","","",20000,1,"","",2,1,6,1,"","","","","","","","","","","","","","","","","","","","","","","","","","","","","","","","","","","","","","","","","","","","","","","","","","","","","","","","","","","","","","","","","",""
"31069001","TOULOUSE-BLAGNAC",43.621,1.378833,151,1968071500,"","","","",5.,1,220,1,"","","","","","","","","","","","","","","","","","","","","","","","","","","","",14.2,1,11.6,1,"","","","","","","","","","","","","","","","","","","","","","","","","","",87,1,"","","","","","","","","","","","",14.,1,1019.1,1,1001.,1,"","","",1,6,1,5,1,5,1,4,1,0,1,"","","","","","","","","","","","","","","","","","","","","","","","",20000,1,"","",2,1,6,1,"","","","","","","","","","","","","","","","","","","","","","","","","","","","","","","","","","","","","","","","","","","","","","","","","","","","","","","","","","","","","","","","","",""
"31069001","TOULOUSE-BLAGNAC",43.621,1.378833,151,1968071503,"","","","",3.,1,220,1,"","","","","","","","","","","","","","","","","","","","","","","","","","","","",12.1,1,10.1,1,"","","","","","","","","","","","","","","","","","","","","","","","","","",89,1,"","","","","","","","","","","","",12.6,1,1019.5,1,1001.2,1,"","","",1,0,1,"","",0,1,0,1,0,1,"","","","","","","","","","","","","","","","","","","","","","","","",20000,1,"","",2,1,1,1,"","","","","","","","","","","","","","","","","","","","","","","","","","","","","","","","","","","","","","","","","","","","","","","","","","","","","","","","","","","","","","","","","",""
"31069001","TOULOUSE-BLAGNAC",43.621,1.378833,151,1968071506,"","","","",6.,1,220,1,"","","","","","","","","","","","","","","","","","","","","","","","","","","","",15.,1,10.6,1,"","","","","","","","","","","","","","","","","","","","","","","","","","",77,1,"","","","","","","","","","","","",13.,1,1019.7,1,1001.6,1,"","","",1,6,1,6,1,5,1,0,1,2,1,"","","","","","","","","","","","","","","","","","","","","","","","",20000,1,"","",3,1,2,1,"","",0,1,"","","","","","","","","","","","","","","","","","","","","","","","","","","","","","","","","","","","","","","","","","","","","","","","","","","","","","","","","","","","","",""
"31069001","TOULOUSE-BLAGNAC",43.621,1.378833,151,1968071509,"","","","",10.,1,260,1,"","","","","","","","","","","","","","","","","","","","","","","","","","","","",18.,1,11.,1,"","","","","","","","","","","","","","","","","","","","","","","","","","",64,1,"","","","","","","","","","","","",13.4,1,1020.2,1,1002.3,1,"","","",1,6,1,6,1,2,1,0,1,0,1,"","","","","","","","","","","","","","","","","","","","","","","","",40000,1,"","",3,1,2,1,"","","","","","","","","","","","","","","","","","","","","","","","","","","","","","","","","","","","","","","","","","","","","","","","","","","","","","","","","","","","","","","","","",""
"31069001","TOULOUSE-BLAGNAC",43.621,1.378833,151,1968071512,"","","","",8.,1,260,1,"","","","","","","","","","","","","","","","","","","","","","","","","","","","",18.3,1,11.2,1,"","","","","","","","","","","","","","","","","","","","","","","","","","",65,1,"","","","","","","","","","","","",13.6,1,1020.4,1,1002.5,1,"","","",1,6,1,6,1,2,1,0,1,0,1,"","","","","","","","","","","","","","","","","","","","","","","","",30000,1,"","",25,1,2,1,"","","","","","","","","","","","","","","","","","","","","","","","","","","","","","","","","","","","","","","","","","","","","","","","","","","","","","","","","","","","","","","","","",""
"31069001","TOULOUSE-BLAGNAC",43.621,1.378833,151,1968071515,"","","","",8.,1,280,1,"","","","","","","","","","","","","","","","","","","","","","","","","","","","",20.7,1,10.7,1,"","","","","","","","","","","","","","","","","","","","","","","","","","",53,1,"","","","","","","","","","","","",13.1,1,1020.,1,1002.3,1,"","","",1,6,1,5,1,8,1,0,1,0,1,"","","","","","","","","","","","","","","","","","","","","","","","",40000,1,"","",2,1,8,1,"","","","","","","","","","","","","","","","","","","","","","","","","","","","","","","","","","","","","","","","","","","","","","","","","","","","","","","","","","","","","","","","","",""
"31069001","TOULOUSE-BLAGNAC",43.621,1.378833,151,1968071518,"","","","",8.,1,300,1,"","","","","","","","","","","","","","","","","","","","","","","","","","","","",18.2,1,11.,1,"","","","","","","","","","","","","","","","","","","","","","","","","","",64,1,"","","","","","","","","","","","",13.4,1,1020.6,1,1002.7,1,"","","",1,7,1,0,1,8,1,0,1,2,1,"","","","","","","","","","","","","","","","","","","","","","","","",20000,1,"","",3,1,8,1,"","","","","","","","","","","","","","","","","","","","","","","","","","","","","","","","","","","","","","","","","","","","","","","","","","","","","","","","","","","","","","","","","",""
"31069001","TOULOUSE-BLAGNAC",43.621,1.378833,151,1968071521,"","","","",4.,1,280,1,"","","","","","","","","","","","","","","","","","","","","","","","","","","","",15.7,1,11.3,1,"","","","","","","","","","","","","","","","","","","","","","","","","","",78,1,"","","","","","","","","","","","",13.7,1,1022.3,1,1004.2,1,"","","",1,8,1,5,1,5,1,7,1,"","","","","","","","","","","","","","","","","","","","","","","","","","",20000,1,"","",2,1,2,1,"","","","","","","","","","","","","","","","","","","","","","","","","","","","","","","","","","","","","","","","","","","","","","","","","","","","","","","","","","","","","","","","","",""
"31069001","TOULOUSE-BLAGNAC",43.621,1.378833,151,1968071600,"","","","",3.,1,220,1,"","","","","","","","","","","","","","","","","","","","","","","","","","","","",14.1,1,11.7,1,"","","","","","","","","","","","","","","","","","","","","","","","","","",88,1,"","","","","","","","","","","","",14.1,1,1022.2,1,1004.,1,"","","",1,5,1,5,1,0,1,3,1,0,1,"","","","","","","","","","","","","","","","","","","","","","","","",20000,1,"","",1,1,2,1,"","","","","","","","","","","","","","","","","","","","","","","","","","","","","","","","","","","","","","","","","","","","","","","","","","","","","","","","","","","","","","","","","",""
"31069001","TOULOUSE-BLAGNAC",43.621,1.378833,151,1968071603,"","","","",3.,1,260,1,"","","","","","","","","","","","","","","","","","","","","","","","","","","","",14.,1,11.4,1,"","","","","","","","","","","","","","","","","","","","","","","","","","",87,1,"","","","","","","","","","","","",13.8,1,1021.,1,1002.8,1,"","","",1,7,1,7,1,5,1,"","","","","","","","","","","","","","","","","","","","","","","","","","","","",20000,1,"","",3,1,2,1,"","","","","","","","","","","","","","","","","","","","","","","","","","","","","","","","","","","","","","","","","","","","","","","","","","","","","","","","","","","","","","","","","",""
"31069001","TOULOUSE-BLAGNAC",43.621,1.378833,151,1968071606,"","","","",3.,1,240,1,"","","","","","","","","","","","","","","","","","","","","","","","","","","","",14.2,1,11.6,1,"","","","","","","","","","","","","","","","","","","","","","","","","","",87,1,"","","","","","","","","","","","",14.,1,1020.4,1,1002.3,1,"","","",1,7,1,5,1,5,1,3,1,"","","","","","","","","","","","","","","","","","","","","","","","","","",20000,1,"","",2,1,2,1,"","",0,1,"","","","","","","","","","","","","","","","","","","","","","","","","","","","","","","","","","","","","","","","","","","","","","","","","","","","","","","","","","","","","",""
"31069001","TOULOUSE-BLAGNAC",43.621,1.378833,151,1968071609,"","","","",6.,1,300,1,"","","","","","","","","","","","","","","","","","","","","","","","","","","","",16.1,1,10.8,1,"","","","","","","","","","","","","","","","","","","","","","","","","","",72,1,"","","","","","","","","","","","",13.2,1,1020.,1,1002.,1,"","","",1,8,1,6,1,8,1,"","","","","","","","","","","","","","","","","","","","","","","","","","","","",8000,1,"","",80,1,2,1,"","","","","","","","","","","","","","","","","","","","","","","","","","","","","","","","","","","","","","","","","","","","","","","","","","","","","","","","","","","","","","","","","",""
"31069001","TOULOUSE-BLAGNAC",43.621,1.378833,151,1968071612,"","","","",4.,1,240,1,"","","","","","","","","","","","","","","","","","","","","","","","","","","","",16.,1,11.5,1,"","","","","","","","","","","","","","","","","","","","","","","","","","",77,1,"","","","","","","","","","","","",13.9,1,1019.4,1,1001.4,1,"","","",1,8,1,8,1,8,1,"","","","","","","","","","","","","","","","","","","","","","","","","","","","",20000,1,"","",25,1,8,1,"","","","","","","","","","","","","","","","","","","","","","","","","","","","","","","","","","","","","","","","","","","","","","","","","","","","","","","","","","","","","","","","","",""
"31069001","TOULOUSE-BLAGNAC",43.621,1.378833,151,1968071615,"","","","",5.,1,240,1,"","","","","","","","","","","","","","","","","","","","","","","","","","","","",20.,1,9.3,1,"","","","","","","","","","","","","","","","","","","","","","","","","","",51,1,"","","","","","","","","","","","",11.9,1,1016.2,1,998.5,1,"","","",1,6,1,0,1,8,1,4,1,0,1,"","","","","","","","","","","","","","","","","","","","","","","","",40000,1,"","",3,1,2,1,"","","","","","","","","","","","","","","","","","","","","","","","","","","","","","","","","","","","","","","","","","","","","","","","","","","","","","","","","","","","","","","","","",""
"31069001","TOULOUSE-BLAGNAC",43.621,1.378833,151,1968071618,"","","","",3.,1,220,1,"","","","","","","","","","","","","","","","","","","","","","","","","","","","",20.7,1,10.9,1,"","","","","","","","","","","","","","","","","","","","","","","","","","",55,1,"","","","","","","","","","","","",13.3,1,1013.1,1,995.5,1,"","","",1,5,1,0,1,8,1,4,1,0,1,"","","","","","","","","","","","","","","","","","","","","","","","",30000,1,"","",1,1,2,1,"","","","","","","","","","","","","","","","","","","","","","","","","","","","","","","","","","","","","","","","","","","","","","","","","","","","","","","","","","","","","","","","","",""
"31069001","TOULOUSE-BLAGNAC",43.621,1.378833,151,1968071621,"","","","",3.,1,240,1,"","","","","","","","","","","","","","","","","","","","","","","","","","","","",18.,1,13.,1,"","","","","","","","","","","","","","","","","","","","","","","","","","",74,1,"","","","","","","","","","","","",15.3,1,1012.6,1,994.8,1,"","","",1,8,1,5,1,5,1,7,1,"","","","","","","","","","","","","","","","","","","","","","","","","","",10000,1,"","",61,1,2,1,"","","","","","","","","","","","","","","","","","","","","","","","","","","","","","","","","","","","","","","","","","","","","","","","","","","","","","","","","","","","","","","","","",""
"31069001","TOULOUSE-BLAGNAC",43.621,1.378833,151,1968071700,"","","","",7.,1,220,1,"","","","","","","","","","","","","","","","","","","","","","","","","","","","",16.,1,13.9,1,"","","","","","","","","","","","","","","","","","","","","","","","","","",90,1,"","","","","","","","","","","","",16.3,1,1012.9,1,995.,1,"","","",1,8,1,5,1,5,1,7,1,"","","","","","","","","","","","","","","","","","","","","","","","","","",20000,1,"","",60,1,6,1,"","","","","","","","","","","","","","","","","","","","","","","","","","","","","","","","","","","","","","","","","","","","","","","","","","","","","","","","","","","","","","","","","",""
"31069001","TOULOUSE-BLAGNAC",43.621,1.378833,151,1968071703,"","","","",8.,1,280,1,"","","","","","","","","","","","","","","","","","","","","","","","","","","","",15.,1,12.2,1,"","","","","","","","","","","","","","","","","","","","","","","","","","",85,1,"","","","","","","","","","","","",14.5,1,1014.9,1,996.9,1,"","","",1,7,1,7,1,5,1,"","","","","","","","","","","","","","","","","","","","","","","","","","","","",20000,1,"","",1,1,6,1,"","","","","","","","","","","","","","","","","","","","","","","","","","","","","","","","","","","","","","","","","","","","","","","","","","","","","","","","","","","","","","","","","",""
"31069001","TOULOUSE-BLAGNAC",43.621,1.378833,151,1968071706,"","","","",6.,1,260,1,"","","","","","","","","","","","","","","","","","","","","","","","","","","","",13.5,1,10.9,1,"","","","","","","","","","","","","","","","","","","","","","","","","","",86,1,"","","","","","","","","","","","",13.3,1,1017.7,1,999.6,1,"","","",1,3,1,0,1,2,1,0,1,0,1,"","","","","","","","","","","","","","","","","","","","","","","","",40000,1,"","",2,1,6,1,"","",1,1,"","","","","","","","","","","","","","","","","","","","","","","","","","","","","","","","","","","","","","","","","","","","","","","","","","","","","","","","","","","","","",""
"31069001","TOULOUSE-BLAGNAC",43.621,1.378833,151,1968071709,"","","","",9.,1,280,1,"","","","","","","","","","","","","","","","","","","","","","","","","","","","",16.4,1,8.,1,"","","","","","","","","","","","","","","","","","","","","","","","","","",58,1,"","","","","","","","","","","","",10.9,1,1020.1,1,1002.1,1,"","","",1,3,1,0,1,8,1,0,1,0,1,"","","","","","","","","","","","","","","","","","","","","","","","",40000,1,"","",2,1,0,1,"","","","","","","","","","","","","","","","","","","","","","","","","","","","","","","","","","","","","","","","","","","","","","","","","","","","","","","","","","","","","","","","","",""
"31069001","TOULOUSE-BLAGNAC",43.621,1.378833,151,1968071712,"","","","",7.,1,260,1,"","","","","","","","","","","","","","","","","","","","","","","","","","","","",18.1,1,10.3,1,"","","","","","","","","","","","","","","","","","","","","","","","","","",61,1,"","","","","","","","","","","","",12.8,1,1020.4,1,1002.5,1,"","","",1,6,1,0,1,8,1,0,1,0,1,"","","","","","","","","","","","","","","","","","","","","","","","",30000,1,"","",2,1,1,1,"","","","","","","","","","","","","","","","","","","","","","","","","","","","","","","","","","","","","","","","","","","","","","","","","","","","","","","","","","","","","","","","","",""
"31069001","TOULOUSE-BLAGNAC",43.621,1.378833,151,1968071715,"","","","",8.,1,260,1,"","","","","","","","","","","","","","","","","","","","","","","","","","","","",19.,1,13.2,1,"","","","","","","","","","","","","","","","","","","","","","","","","","",70,1,"","","","","","","","","","","","",15.5,1,1020.5,1,1002.7,1,"","","",1,6,1,0,1,3,1,0,1,0,1,"","","","","","","","","","","","","","","","","","","","","","","","",30000,1,"","",1,1,8,1,"","","","","","","","","","","","","","","","","","","","","","","","","","","","","","","","","","","","","","","","","","","","","","","","","","","","","","","","","","","","","","","","","",""
"31069001","TOULOUSE-BLAGNAC",43.621,1.378833,151,1968071718,"","","","",8.,1,280,1,"","","","","","","","","","","","","","","","","","","","","","","","","","","","",18.1,1,10.9,1,"","","","","","","","","","","","","","","","","","","","","","","","","","",64,1,"","","","","","","","","","","","",13.3,1,1021.1,1,1003.2,1,"","","",1,6,1,6,1,8,1,0,1,0,1,"","","","","","","","","","","","","","","","","","","","","","","","",20000,1,"","",1,1,8,1,"","","","","","","","","","","","","","","","","","","","","","","","","","","","","","","","","","","","","","","","","","","","","","","","","","","","","","","","","","","","","","","","","",""
"31069001","TOULOUSE-BLAGNAC",43.621,1.378833,151,1968071721,"","","","",7.,1,240,1,"","","","","","","","","","","","","","","","","","","","","","","","","","","","",15.,1,11.7,1,"","","","","","","","","","","","","","","","","","","","","","","","","","",83,1,"","","","","","","","","","","","",14.1,1,1023.1,1,1005.,1,"","","",1,6,1,6,1,5,1,0,1,0,1,"","","","","","","","","","","","","","","","","","","","","","","","",15000,1,"","",2,1,8,1,"","","","","","","","","","","","","","","","","","","","","","","","","","","","","","","","","","","","","","","","","","","","","","","","","","","","","","","","","","","","","","","","","",""
"31069001","TOULOUSE-BLAGNAC",43.621,1.378833,151,1968071800,"","","","",6.,1,260,1,"","","","","","","","","","","","","","","","","","","","","","","","","","","","",14.1,1,12.5,1,"","","","","","","","","","","","","","","","","","","","","","","","","","",92,1,"","","","","","","","","","","","",14.8,1,1023.9,1,1005.7,1,"","","",1,8,1,8,1,5,1,"","","","","","","","","","","","","","","","","","","","","","","","","","","","",15000,1,"","",3,1,8,1,"","","","","","","","","","","","","","","","","","","","","","","","","","","","","","","","","","","","","","","","","","","","","","","","","","","","","","","","","","","","","","","","","",""
"31069001","TOULOUSE-BLAGNAC",43.621,1.378833,151,1968071803,"","","","",6.,1,260,1,"","","","","","","","","","","","","","","","","","","","","","","","","","","","",14.3,1,12.4,1,"","","","","","","","","","","","","","","","","","","","","","","","","","",90,1,"","","","","","","","","","","","",14.7,1,1023.8,1,1005.6,1,"","","",1,8,1,8,1,8,1,"","","","","","","","","","","","","","","","","","","","","","","","","","","","",15000,1,"","",3,1,8,1,"","","","","","","","","","","","","","","","","","","","","","","","","","","","","","","","","","","","","","","","","","","","","","","","","","","","","","","","","","","","","","","","","",""
"31069001","TOULOUSE-BLAGNAC",43.621,1.378833,151,1968071806,"","","","",6.,1,260,1,"","","","","","","","","","","","","","","","","","","","","","","","","","","","",14.3,1,12.4,1,"","","","","","","","","","","","","","","","","","","","","","","","","","",90,1,"","","","","","","","","","","","",14.7,1,1024.4,1,1006.2,1,"","","",1,7,1,7,1,8,1,"","","","","","","","","","","","","","","","","","","","","","","","","","","","",15000,1,"","",2,1,8,1,"","",2,1,"","","","","","","","","","","","","","","","","","","","","","","","","","","","","","","","","","","","","","","","","","","","","","","","","","","","","","","","","","","","","",""
"31069001","TOULOUSE-BLAGNAC",43.621,1.378833,151,1968071809,"","","","",8.,1,280,1,"","","","","","","","","","","","","","","","","","","","","","","","","","","","",17.,1,11.2,1,"","","","","","","","","","","","","","","","","","","","","","","","","","",70,1,"","","","","","","","","","","","",13.6,1,1025.3,1,1007.2,1,"","","",1,5,1,0,1,8,1,0,1,0,1,"","","","","","","","","","","","","","","","","","","","","","","","",30000,1,"","",1,1,2,1,"","","","","","","","","","","","","","","","","","","","","","","","","","","","","","","","","","","","","","","","","","","","","","","","","","","","","","","","","","","","","","","","","",""
"31069001","TOULOUSE-BLAGNAC",43.621,1.378833,151,1968071812,"","","","",5.,1,300,1,"","","","","","","","","","","","","","","","","","","","","","","","","","","","",19.,1,10.6,1,"","","","","","","","","","","","","","","","","","","","","","","","","","",59,1,"","","","","","","","","","","","",13.,1,1026.1,1,1008.2,1,"","","",1,6,1,5,1,8,1,0,1,0,1,"","","","","","","","","","","","","","","","","","","","","","","","",30000,1,"","",3,1,2,1,"","","","","","","","","","","","","","","","","","","","","","","","","","","","","","","","","","","","","","","","","","","","","","","","","","","","","","","","","","","","","","","","","",""
"31069001","TOULOUSE-BLAGNAC",43.621,1.378833,151,1968071815,"","","","",7.,1,280,1,"","","","","","","","","","","","","","","","","","","","","","","","","","","","",21.2,1,9.3,1,"","","","","","","","","","","","","","","","","","","","","","","","","","",48,1,"","","","","","","","","","","","",11.9,1,1025.,1,1007.2,1,"","","",1,6,1,0,1,8,1,0,1,0,1,"","","","","","","","","","","","","","","","","","","","","","","","",30000,1,"","",2,1,2,1,"","","","","","","","","","","","","","","","","","","","","","","","","","","","","","","","","","","","","","","","","","","","","","","","","","","","","","","","","","","","","","","","","",""
"31069001","TOULOUSE-BLAGNAC",43.621,1.378833,151,1968071818,"","","","",4.,1,300,1,"","","","","","","","","","","","","","","","","","","","","","","","","","","","",20.,1,10.7,1,"","","","","","","","","","","","","","","","","","","","","","","","","","",56,1,"","","","","","","","","","","","",13.1,1,1024.8,1,1006.9,1,"","","",1,6,1,5,1,8,1,0,1,0,1,"","","","","","","","","","","","","","","","","","","","","","","","",30000,1,"","",2,1,2,1,"","","","","","","","","","","","","","","","","","","","","","","","","","","","","","","","","","","","","","","","","","","","","","","","","","","","","","","","","","","","","","","","","",""
"31069001","TOULOUSE-BLAGNAC",43.621,1.378833,151,1968071821,"","","","",3.,1,300,1,"","","","","","","","","","","","","","","","","","","","","","","","","","","","",16.1,1,11.7,1,"","","","","","","","","","","","","","","","","","","","","","","","","","",78,1,"","","","","","","","","","","","",14.1,1,1025.7,1,1007.6,1,"","","",1,3,1,0,1,5,1,0,1,2,1,"","","","","","","","","","","","","","","","","","","","","","","","",15000,1,"","",1,1,1,1,"","","","","","","","","","","","","","","","","","","","","","","","","","","","","","","","","","","","","","","","","","","","","","","","","","","","","","","","","","","","","","","","","",""
"31069001","TOULOUSE-BLAGNAC",43.621,1.378833,151,1968071900,"","","","",2.,1,220,1,"","","","","","","","","","","","","","","","","","","","","","","","","","","","",13.,1,10.8,1,"","","","","","","","","","","","","","","","","","","","","","","","","","",88,1,"","","","","","","","","","","","",13.2,1,1026.,1,1007.7,1,"","","",1,0,1,"","",0,1,0,1,0,1,"","","","","","","","","","","","","","","","","","","","","","","","",15000,1,"","",2,1,1,1,"","","","","","","","","","","","","","","","","","","","","","","","","","","","","","","","","","","","","","","","","","","","","","","","","","","","","","","","","","","","","","","","","",""
"31069001","TOULOUSE-BLAGNAC",43.621,1.378833,151,1968071903,"","","","",2.,1,200,1,"","","","","","","","","","","","","","","","","","","","","","","","","","","","",11.7,1,10.1,1,"","","","","","","","","","","","","","","","","","","","","","","","","","",91,1,"","","","","","","","","","","","",12.6,1,1025.5,1,1007.1,1,"","","",1,0,1,"","",0,1,0,1,0,1,"","","","","","","","","","","","","","","","","","","","","","","","",15000,1,"","",2,1,0,1,"","","","","","","","","","","","","","","","","","","","","","","","","","","","","","","","","","","","","","","","","","","","","","","","","","","","","","","","","","","","","","","","","",""
"31069001","TOULOUSE-BLAGNAC",43.621,1.378833,151,1968071906,"","","","",2.,1,220,1,"","","","","","","","","","","","","","","","","","","","","","","","","","","","",10.4,1,9.8,1,"","","","","","","","","","","","","","","","","","","","","","","","","","",97,1,"","","","","","","","","","","","",12.3,1,1025.6,1,1007.1,1,"","","",1,0,1,"","",0,1,0,1,0,1,"","","","","","","","","","","","","","","","","","","","","","","","",10000,1,"","",2,1,0,1,"","",0,1,"","","","","","","","","","","","","","","","","","","","","","","","","","","","","","","","","","","","","","","","","","","","","","","","","","","","","","","","","","","","","",""
"31069001","TOULOUSE-BLAGNAC",43.621,1.378833,151,1968071909,"","","","",2.,1,320,1,"","","","","","","","","","","","","","","","","","","","","","","","","","","","",18.,1,10.3,1,"","","","","","","","","","","","","","","","","","","","","","","","","","",62,1,"","","","","","","","","","","","",12.8,1,1025.2,1,1007.2,1,"","","",1,0,1,"","",0,1,0,1,0,1,"","","","","","","","","","","","","","","","","","","","","","","","",15000,1,"","",2,1,0,1,"","","","","","","","","","","","","","","","","","","","","","","","","","","","","","","","","","","","","","","","","","","","","","","","","","","","","","","","","","","","","","","","","",""
"31069001","TOULOUSE-BLAGNAC",43.621,1.378833,151,1968071912,"","","","",5.,1,300,1,"","","","","","","","","","","","","","","","","","","","","","","","","","","","",21.,1,8.8,1,"","","","","","","","","","","","","","","","","","","","","","","","","","",47,1,"","","","","","","","","","","","",11.5,1,1024.2,1,1006.4,1,"","","",1,4,1,0,1,1,1,0,1,0,1,"","","","","","","","","","","","","","","","","","","","","","","","",20000,1,"","",3,1,0,1,"","","","","","","","","","","","","","","","","","","","","","","","","","","","","","","","","","","","","","","","","","","","","","","","","","","","","","","","","","","","","","","","","",""
"31069001","TOULOUSE-BLAGNAC",43.621,1.378833,151,1968071915,"","","","",5.,1,300,1,"","","","","","","","","","","","","","","","","","","","","","","","","","","","",23.1,1,9.9,1,"","","","","","","","","","","","","","","","","","","","","","","","","","",44,1,"","","","","","","","","","","","",12.4,1,1023.7,1,1006.,1,"","","",1,3,1,0,1,1,1,0,1,0,1,"","","","","","","","","","","","","","","","","","","","","","","","",20000,1,"","",2,1,0,1,"","","","","","","","","","","","","","","","","","","","","","","","","","","","","","","","","","","","","","","","","","","","","","","","","","","","","","","","","","","","","","","","","",""
"31069001","TOULOUSE-BLAGNAC",43.621,1.378833,151,1968071918,"","","","",5.,1,320,1,"","","","","","","","","","","","","","","","","","","","","","","","","","","","",22.9,1,8.4,1,"","","","","","","","","","","","","","","","","","","","","","","","","","",40,1,"","","","","","","","","","","","",11.2,1,1023.5,1,1005.8,1,"","","",1,2,1,0,1,1,1,0,1,0,1,"","","","","","","","","","","","","","","","","","","","","","","","",20000,1,"","",1,1,0,1,"","","","","","","","","","","","","","","","","","","","","","","","","","","","","","","","","","","","","","","","","","","","","","","","","","","","","","","","","","","","","","","","","",""
"31069001","TOULOUSE-BLAGNAC",43.621,1.378833,151,1968071921,"","","","",4.,1,280,1,"","","","","","","","","","","","","","","","","","","","","","","","","","","","",16.9,1,11.6,1,"","","","","","","","","","","","","","","","","","","","","","","","","","",73,1,"","","","","","","","","","","","",14.,1,1025.7,1,1007.6,1,"","","",1,0,1,"","",0,1,0,1,0,1,"","","","","","","","","","","","","","","","","","","","","","","","",20000,1,"","",2,1,0,1,"","","","","","","","","","","","","","","","","","","","","","","","","","","","","","","","","","","","","","","","","","","","","","","","","","","","","","","","","","","","","","","","","",""
"31069001","TOULOUSE-BLAGNAC",43.621,1.378833,151,1968072000,"","","","",4.,1,300,1,"","","","","","","","","","","","","","","","","","","","","","","","","","","","",15.3,1,10.1,1,"","","","","","","","","","","","","","","","","","","","","","","","","","",73,1,"","","","","","","","","","","","",12.6,1,1026.,1,1007.8,1,"","","",1,0,1,"","",0,1,0,1,0,1,"","","","","","","","","","","","","","","","","","","","","","","","",20000,1,"","",2,1,0,1,"","","","","","","","","","","","","","","","","","","","","","","","","","","","","","","","","","","","","","","","","","","","","","","","","","","","","","","","","","","","","","","","","",""
"31069001","TOULOUSE-BLAGNAC",43.621,1.378833,151,1968072003,"","","","",1.,1,300,1,"","","","","","","","","","","","","","","","","","","","","","","","","","","","",13.,1,9.6,1,"","","","","","","","","","","","","","","","","","","","","","","","","","",81,1,"","","","","","","","","","","","",12.2,1,1026.2,1,1007.9,1,"","","",1,0,1,"","",0,1,0,1,0,1,"","","","","","","","","","","","","","","","","","","","","","","","",20000,1,"","",2,1,0,1,"","","","","","","","","","","","","","","","","","","","","","","","","","","","","","","","","","","","","","","","","","","","","","","","","","","","","","","","","","","","","","","","","",""
"31069001","TOULOUSE-BLAGNAC",43.621,1.378833,151,1968072006,"","","","",1.,1,280,1,"","","","","","","","","","","","","","","","","","","","","","","","","","","","",12.4,1,10.2,1,"","","","","","","","","","","","","","","","","","","","","","","","","","",88,1,"","","","","","","","","","","","",12.7,1,1027.2,1,1008.8,1,"","","",1,0,1,"","",0,1,0,1,0,1,"","","","","","","","","","","","","","","","","","","","","","","","",20000,1,"","",2,1,0,1,"","",0,1,"","","","","","","","","","","","","","","","","","","","","","","","","","","","","","","","","","","","","","","","","","","","","","","","","","","","","","","","","","","","","",""
"31069001","TOULOUSE-BLAGNAC",43.621,1.378833,151,1968072009,"","","","",2.,1,260,1,"","","","","","","","","","","","","","","","","","","","","","","","","","","","",19.,1,11.2,1,"","","","","","","","","","","","","","","","","","","","","","","","","","",62,1,"","","","","","","","","","","","",13.6,1,1027.1,1,1009.1,1,"","","",1,0,1,"","",0,1,0,1,0,1,"","","","","","","","","","","","","","","","","","","","","","","","",20000,1,"","",2,1,0,1,"","","","","","","","","","","","","","","","","","","","","","","","","","","","","","","","","","","","","","","","","","","","","","","","","","","","","","","","","","","","","","","","","",""
"31069001","TOULOUSE-BLAGNAC",43.621,1.378833,151,1968072012,"","","","",3.,1,300,1,"","","","","","","","","","","","","","","","","","","","","","","","","","","","",22.2,1,8.5,1,"","","","","","","","","","","","","","","","","","","","","","","","","","",42,1,"","","","","","","","","","","","",11.3,1,1026.4,1,1008.6,1,"","","",1,1,1,0,1,0,1,0,1,1,1,"","","","","","","","","","","","","","","","","","","","","","","","",20000,1,"","",2,1,0,1,"","","","","","","","","","","","","","","","","","","","","","","","","","","","","","","","","","","","","","","","","","","","","","","","","","","","","","","","","","","","","","","","","",""
"31069001","TOULOUSE-BLAGNAC",43.621,1.378833,151,1968072015,"","","","",5.,1,320,1,"","","","","","","","","","","","","","","","","","","","","","","","","","","","",24.,1,7.7,1,"","","","","","","","","","","","","","","","","","","","","","","","","","",36,1,"","","","","","","","","","","","",10.7,1,1025.4,1,1007.7,1,"","","",1,2,1,0,1,0,1,0,1,1,1,"","","","","","","","","","","","","","","","","","","","","","","","",20000,1,"","",2,1,0,1,"","","","","","","","","","","","","","","","","","","","","","","","","","","","","","","","","","","","","","","","","","","","","","","","","","","","","","","","","","","","","","","","","",""
"31069001","TOULOUSE-BLAGNAC",43.621,1.378833,151,1968072018,"","","","",4.,1,340,1,"","","","","","","","","","","","","","","","","","","","","","","","","","","","",24.4,1,9.3,1,"","","","","","","","","","","","","","","","","","","","","","","","","","",39,1,"","","","","","","","","","","","",11.9,1,1024.5,1,1006.9,1,"","","",1,2,1,0,1,0,1,0,1,1,1,"","","","","","","","","","","","","","","","","","","","","","","","",20000,1,"","",2,1,0,1,"","","","","","","","","","","","","","","","","","","","","","","","","","","","","","","","","","","","","","","","","","","","","","","","","","","","","","","","","","","","","","","","","",""
"31069001","TOULOUSE-BLAGNAC",43.621,1.378833,151,1968072021,"","","","",3.,1,280,1,"","","","","","","","","","","","","","","","","","","","","","","","","","","","",19.,1,13.2,1,"","","","","","","","","","","","","","","","","","","","","","","","","","",70,1,"","","","","","","","","","","","",15.5,1,1025.7,1,1007.8,1,"","","",1,2,1,0,1,0,1,0,1,1,1,"","","","","","","","","","","","","","","","","","","","","","","","",20000,1,"","",1,1,0,1,"","","","","","","","","","","","","","","","","","","","","","","","","","","","","","","","","","","","","","","","","","","","","","","","","","","","","","","","","","","","","","","","","",""
"31069001","TOULOUSE-BLAGNAC",43.621,1.378833,151,1968072100,"","","","",3.,1,300,1,"","","","","","","","","","","","","","","","","","","","","","","","","","","","",16.7,1,12.9,1,"","","","","","","","","","","","","","","","","","","","","","","","","","",80,1,"","","","","","","","","","","","",15.2,1,1025.7,1,1007.6,1,"","","",1,0,1,"","",0,1,0,1,0,1,"","","","","","","","","","","","","","","","","","","","","","","","",20000,1,"","",2,1,0,1,"","","","","","","","","","","","","","","","","","","","","","","","","","","","","","","","","","","","","","","","","","","","","","","","","","","","","","","","","","","","","","","","","",""
"31069001","TOULOUSE-BLAGNAC",43.621,1.378833,151,1968072103,"","","","",2.,1,220,1,"","","","","","","","","","","","","","","","","","","","","","","","","","","","",12.8,1,11.,1,"","","","","","","","","","","","","","","","","","","","","","","","","","",91,1,"","","","","","","","","","","","",13.4,1,1025.4,1,1007.1,1,"","","",1,0,1,"","",0,1,0,1,0,1,"","","","","","","","","","","","","","","","","","","","","","","","",12000,1,"","",2,1,0,1,"","","","","","","","","","","","","","","","","","","","","","","","","","","","","","","","","","","","","","","","","","","","","","","","","","","","","","","","","","","","","","","","","",""
"31069001","TOULOUSE-BLAGNAC",43.621,1.378833,151,1968072106,"","","","",2.,1,200,1,"","","","","","","","","","","","","","","","","","","","","","","","","","","","",12.2,1,11.2,1,"","","","","","","","","","","","","","","","","","","","","","","","","","",95,1,"","","","","","","","","","","","",13.6,1,1025.6,1,1007.2,1,"","","",1,0,1,"","",0,1,0,1,0,1,"","","","","","","","","","","","","","","","","","","","","","","","",5000,1,"","",2,1,0,1,"","",0,1,"","","","","","","","","","","","","","","","","","","","","","","","","","","","","","","","","","","","","","","","","","","","","","","","","","","","","","","","","","","","","",""
"31069001","TOULOUSE-BLAGNAC",43.621,1.378833,151,1968072109,"","","","",2.,1,340,1,"","","","","","","","","","","","","","","","","","","","","","","","","","","","",20.,1,11.2,1,"","","","","","","","","","","","","","","","","","","","","","","","","","",58,1,"","","","","","","","","","","","",13.6,1,1024.9,1,1007.,1,"","","",1,0,1,"","",0,1,0,1,0,1,"","","","","","","","","","","","","","","","","","","","","","","","",12000,1,"","",2,1,0,1,"","","","","","","","","","","","","","","","","","","","","","","","","","","","","","","","","","","","","","","","","","","","","","","","","","","","","","","","","","","","","","","","","",""
"31069001","TOULOUSE-BLAGNAC",43.621,1.378833,151,1968072112,"","","","",4.,1,320,1,"","","","","","","","","","","","","","","","","","","","","","","","","","","","",24.3,1,10.6,1,"","","","","","","","","","","","","","","","","","","","","","","","","","",43,1,"","","","","","","","","","","","",13.,1,1023.8,1,1006.2,1,"","","",1,1,1,0,1,0,1,4,1,0,1,"","","","","","","","","","","","","","","","","","","","","","","","",20000,1,"","",3,1,0,1,"","","","","","","","","","","","","","","","","","","","","","","","","","","","","","","","","","","","","","","","","","","","","","","","","","","","","","","","","","","","","","","","","",""
"31069001","TOULOUSE-BLAGNAC",43.621,1.378833,151,1968072115,"","","","",5.,1,300,1,"","","","","","","","","","","","","","","","","","","","","","","","","","","","",26.4,1,11.,1,"","","","","","","","","","","","","","","","","","","","","","","","","","",39,1,"","","","","","","","","","","","",13.4,1,1022.6,1,1005.2,1,"","","",1,1,1,0,1,1,1,0,1,0,1,"","","","","","","","","","","","","","","","","","","","","","","","",25000,1,"","",2,1,0,1,"","","","","","","","","","","","","","","","","","","","","","","","","","","","","","","","","","","","","","","","","","","","","","","","","","","","","","","","","","","","","","","","","",""
"31069001","TOULOUSE-BLAGNAC",43.621,1.378833,151,1968072118,"","","","",5.,1,340,1,"","","","","","","","","","","","","","","","","","","","","","","","","","","","",26.,1,12.9,1,"","","","","","","","","","","","","","","","","","","","","","","","","","",45,1,"","","","","","","","","","","","",15.2,1,1021.7,1,1004.3,1,"","","",1,2,1,0,1,4,1,0,1,0,1,"","","","","","","","","","","","","","","","","","","","","","","","",20000,1,"","",1,1,0,1,"","","","","","","","","","","","","","","","","","","","","","","","","","","","","","","","","","","","","","","","","","","","","","","","","","","","","","","","","","","","","","","","","",""
"31069001","TOULOUSE-BLAGNAC",43.621,1.378833,151,1968072121,"","","","",3.,1,320,1,"","","","","","","","","","","","","","","","","","","","","","","","","","","","",20.8,1,13.2,1,"","","","","","","","","","","","","","","","","","","","","","","","","","",64,1,"","","","","","","","","","","","",15.6,1,1023.1,1,1005.3,1,"","","",1,0,1,"","",0,1,0,1,0,1,"","","","","","","","","","","","","","","","","","","","","","","","",20000,1,"","",2,1,0,1,"","","","","","","","","","","","","","","","","","","","","","","","","","","","","","","","","","","","","","","","","","","","","","","","","","","","","","","","","","","","","","","","","",""
"31069001","TOULOUSE-BLAGNAC",43.621,1.378833,151,1968072200,"","","","",3.,1,320,1,"","","","","","","","","","","","","","","","","","","","","","","","","","","","",17.5,1,12.8,1,"","","","","","","","","","","","","","","","","","","","","","","","","","",75,1,"","","","","","","","","","","","",15.1,1,1023.3,1,1005.3,1,"","","",1,0,1,"","",0,1,0,1,0,1,"","","","","","","","","","","","","","","","","","","","","","","","",20000,1,"","",2,1,0,1,"","","","","","","","","","","","","","","","","","","","","","","","","","","","","","","","","","","","","","","","","","","","","","","","","","","","","","","","","","","","","","","","","",""
"31069001","TOULOUSE-BLAGNAC",43.621,1.378833,151,1968072203,"","","","",3.,1,340,1,"","","","","","","","","","","","","","","","","","","","","","","","","","","","",15.3,1,10.7,1,"","","","","","","","","","","","","","","","","","","","","","","","","","",76,1,"","","","","","","","","","","","",13.1,1,1023.,1,1004.9,1,"","","",1,0,1,"","",0,1,0,1,0,1,"","","","","","","","","","","","","","","","","","","","","","","","",20000,1,"","",2,1,0,1,"","","","","","","","","","","","","","","","","","","","","","","","","","","","","","","","","","","","","","","","","","","","","","","","","","","","","","","","","","","","","","","","","",""
"31069001","TOULOUSE-BLAGNAC",43.621,1.378833,151,1968072206,"","","","",0.,1,0,1,"","","","","","","","","","","","","","","","","","","","","","","","","","","","",13.8,1,10.6,1,"","","","","","","","","","","","","","","","","","","","","","","","","","",82,1,"","","","","","","","","","","","",13.,1,1023.,1,1004.8,1,"","","",1,0,1,"","",0,1,0,1,0,1,"","","","","","","","","","","","","","","","","","","","","","","","",20000,1,"","",2,1,0,1,"","",0,1,"","","","","","","","","","","","","","","","","","","","","","","","","","","","","","","","","","","","","","","","","","","","","","","","","","","","","","","","","","","","","",""
"31069001","TOULOUSE-BLAGNAC",43.621,1.378833,151,1968072209,"","","","",3.,1,40,1,"","","","","","","","","","","","","","","","","","","","","","","","","","","","",19.9,1,10.8,1,"","","","","","","","","","","","","","","","","","","","","","","","","","",57,1,"","","","","","","","","","","","",13.2,1,1022.3,1,1004.5,1,"","","",1,3,1,0,1,0,1,0,1,2,1,"","","","","","","","","","","","","","","","","","","","","","","","",20000,1,"","",3,1,0,1,"","","","","","","","","","","","","","","","","","","","","","","","","","","","","","","","","","","","","","","","","","","","","","","","","","","","","","","","","","","","","","","","","",""
"31069001","TOULOUSE-BLAGNAC",43.621,1.378833,151,1968072212,"","","","",2.,1,60,1,"","","","","","","","","","","","","","","","","","","","","","","","","","","","",24.4,1,5.1,1,"","","","","","","","","","","","","","","","","","","","","","","","","","",29,1,"","","","","","","","","","","","",8.9,1,1021.4,1,1003.8,1,"","","",1,2,1,0,1,0,1,0,1,2,1,"","","","","","","","","","","","","","","","","","","","","","","","",40000,1,"","",1,1,0,1,"","","","","","","","","","","","","","","","","","","","","","","","","","","","","","","","","","","","","","","","","","","","","","","","","","","","","","","","","","","","","","","","","",""
"31069001","TOULOUSE-BLAGNAC",43.621,1.378833,151,1968072215,"","","","",4.,1,320,1,"","","","","","","","","","","","","","","","","","","","","","","","","","","","",26.7,1,5.3,1,"","","","","","","","","","","","","","","","","","","","","","","","","","",25,1,"","","","","","","","","","","","",9.,1,1019.5,1,1002.1,1,"","","",1,3,1,0,1,2,1,4,1,1,1,"","","","","","","","","","","","","","","","","","","","","","","","",50000,1,"","",3,1,0,1,"","","","","","","","","","","","","","","","","","","","","","","","","","","","","","","","","","","","","","","","","","","","","","","","","","","","","","","","","","","","","","","","","",""
"31069001","TOULOUSE-BLAGNAC",43.621,1.378833,151,1968072218,"","","","",3.,1,320,1,"","","","","","","","","","","","","","","","","","","","","","","","","","","","",26.8,1,5.1,1,"","","","","","","","","","","","","","","","","","","","","","","","","","",25,1,"","","","","","","","","","","","",8.9,1,1018.7,1,1001.3,1,"","","","",2,1,0,1,0,1,0,1,2,1,"","","","","","","","","","","","","","","","","","","","","","","","",40000,1,"","",2,1,0,1,"","","","","","","","","","","","","","","","","","","","","","","","","","","","","","","","","","","","","","","","","","","","","","","","","","","","","","","","","","","","","","","","","",""
"31069001","TOULOUSE-BLAGNAC",43.621,1.378833,151,1968072221,"","","","",2.,1,240,1,"","","","","","","","","","","","","","","","","","","","","","","","","","","","",20.5,1,10.9,1,"","","","","","","","","","","","","","","","","","","","","","","","","","",55,1,"","","","","","","","","","","","",13.3,1,1019.2,1,1001.5,1,"","","",1,0,1,"","",0,1,0,1,0,1,"","","","","","","","","","","","","","","","","","","","","","","","",20000,1,"","",1,1,0,1,"","","","","","","","","","","","","","","","","","","","","","","","","","","","","","","","","","","","","","","","","","","","","","","","","","","","","","","","","","","","","","","","","",""
"31069001","TOULOUSE-BLAGNAC",43.621,1.378833,151,1968072300,"","","","",3.,1,200,1,"","","","","","","","","","","","","","","","","","","","","","","","","","","","",15.7,1,11.2,1,"","","","","","","","","","","","","","","","","","","","","","","","","","",76,1,"","","","","","","","","","","","",13.6,1,1019.4,1,1001.4,1,"","","",1,0,1,"","",0,1,0,1,0,1,"","","","","","","","","","","","","","","","","","","","","","","","",20000,1,"","",2,1,0,1,"","","","","","","","","","","","","","","","","","","","","","","","","","","","","","","","","","","","","","","","","","","","","","","","","","","","","","","","","","","","","","","","","",""
"31069001","TOULOUSE-BLAGNAC",43.621,1.378833,151,1968072303,"","","","",3.,1,180,1,"","","","","","","","","","","","","","","","","","","","","","","","","","","","",13.2,1,10.3,1,"","","","","","","","","","","","","","","","","","","","","","","","","","",84,1,"","","","","","","","","","","","",12.8,1,1018.2,1,1000.,1,"","","",1,0,1,"","",0,1,0,1,0,1,"","","","","","","","","","","","","","","","","","","","","","","","",20000,1,"","",2,1,0,1,"","","","","","","","","","","","","","","","","","","","","","","","","","","","","","","","","","","","","","","","","","","","","","","","","","","","","","","","","","","","","","","","","",""
"31069001","TOULOUSE-BLAGNAC",43.621,1.378833,151,1968072306,"","","","",2.,1,160,1,"","","","","","","","","","","","","","","","","","","","","","","","","","","","",12.4,1,9.9,1,"","","","","","","","","","","","","","","","","","","","","","","","","","",86,1,"","","","","","","","","","","","",12.4,1,1018.3,1,1000.1,1,"","","",1,1,1,0,1,0,1,0,1,2,1,"","","","","","","","","","","","","","","","","","","","","","","","",20000,1,"","",2,1,0,1,"","",0,1,"","","","","","","","","","","","","","","","","","","","","","","","","","","","","","","","","","","","","","","","","","","","","","","","","","","","","","","","","","","","","",""
"31069001","TOULOUSE-BLAGNAC",43.621,1.378833,151,1968072309,"","","","",1.,1,180,1,"","","","","","","","","","","","","","","","","","","","","","","","","","","","",20.6,1,11.9,1,"","","","","","","","","","","","","","","","","","","","","","","","","","",59,1,"","","","","","","","","","","","",14.2,1,1018.,1,1000.3,1,"","","",1,2,1,0,1,0,1,0,1,2,1,"","","","","","","","","","","","","","","","","","","","","","","","",30000,1,"","",2,1,0,1,"","","","","","","","","","","","","","","","","","","","","","","","","","","","","","","","","","","","","","","","","","","","","","","","","","","","","","","","","","","","","","","","","",""
"31069001","TOULOUSE-BLAGNAC",43.621,1.378833,151,1968072312,"","","","",4.,1,260,1,"","","","","","","","","","","","","","","","","","","","","","","","","","","","",26.2,1,9.5,1,"","","","","","","","","","","","","","","","","","","","","","","","","","",36,1,"","","","","","","","","","","","",12.1,1,1016.4,1,999.,1,"","","","",2,1,0,1,0,1,0,1,2,1,"","","","","","","","","","","","","","","","","","","","","","","","",40000,1,"","",3,1,0,1,"","","","","","","","","","","","","","","","","","","","","","","","","","","","","","","","","","","","","","","","","","","","","","","","","","","","","","","","","","","","","","","","","",""
"31069001","TOULOUSE-BLAGNAC",43.621,1.378833,151,1968072315,"","","","",5.,1,300,1,"","","","","","","","","","","","","","","","","","","","","","","","","","","","",27.8,1,9.9,1,"","","","","","","","","","","","","","","","","","","","","","","","","","",34,1,"","","","","","","","","","","","",12.4,1,1014.9,1,997.7,1,"","","",1,1,1,0,1,0,1,0,1,1,1,"","","","","","","","","","","","","","","","","","","","","","","","",40000,1,"","",1,1,0,1,"","","","","","","","","","","","","","","","","","","","","","","","","","","","","","","","","","","","","","","","","","","","","","","","","","","","","","","","","","","","","","","","","",""
"31069001","TOULOUSE-BLAGNAC",43.621,1.378833,151,1968072318,"","","","",5.,1,320,1,"","","","","","","","","","","","","","","","","","","","","","","","","","","","",27.,1,10.7,1,"","","","","","","","","","","","","","","","","","","","","","","","","","",37,1,"","","","","","","","","","","","",13.1,1,1014.2,1,996.9,1,"","","","",0,1,"","",0,1,0,1,0,1,"","","","","","","","","","","","","","","","","","","","","","","","",40000,1,"","",2,1,0,1,"","","","","","","","","","","","","","","","","","","","","","","","","","","","","","","","","","","","","","","","","","","","","","","","","","","","","","","","","","","","","","","","","",""
"31069001","TOULOUSE-BLAGNAC",43.621,1.378833,151,1968072321,"","","","",1.,1,300,1,"","","","","","","","","","","","","","","","","","","","","","","","","","","","",20.9,1,12.,1,"","","","","","","","","","","","","","","","","","","","","","","","","","",58,1,"","","","","","","","","","","","",14.3,1,1015.,1,997.4,1,"","","",1,0,1,"","",0,1,0,1,0,1,"","","","","","","","","","","","","","","","","","","","","","","","",30000,1,"","",2,1,0,1,"","","","","","","","","","","","","","","","","","","","","","","","","","","","","","","","","","","","","","","","","","","","","","","","","","","","","","","","","","","","","","","","","",""
"31069001","TOULOUSE-BLAGNAC",43.621,1.378833,151,1968072400,"","","","",3.,1,280,1,"","","","","","","","","","","","","","","","","","","","","","","","","","","","",18.,1,12.4,1,"","","","","","","","","","","","","","","","","","","","","","","","","","",71,1,"","","","","","","","","","","","",14.7,1,1016.3,1,998.5,1,"","","",1,0,1,"","",0,1,0,1,0,1,"","","","","","","","","","","","","","","","","","","","","","","","",30000,1,"","",2,1,0,1,"","","","","","","","","","","","","","","","","","","","","","","","","","","","","","","","","","","","","","","","","","","","","","","","","","","","","","","","","","","","","","","","","",""
"31069001","TOULOUSE-BLAGNAC",43.621,1.378833,151,1968072403,"","","","",4.,1,240,1,"","","","","","","","","","","","","","","","","","","","","","","","","","","","",15.8,1,12.5,1,"","","","","","","","","","","","","","","","","","","","","","","","","","",82,1,"","","","","","","","","","","","",14.8,1,1016.6,1,998.6,1,"","","",1,2,1,0,1,5,1,0,1,0,1,"","","","","","","","","","","","","","","","","","","","","","","","",20000,1,"","",3,1,0,1,"","","","","","","","","","","","","","","","","","","","","","","","","","","","","","","","","","","","","","","","","","","","","","","","","","","","","","","","","","","","","","","","","",""
"31069001","TOULOUSE-BLAGNAC",43.621,1.378833,151,1968072406,"","","","",6.,1,260,1,"","","","","","","","","","","","","","","","","","","","","","","","","","","","",16.,1,13.9,1,"","","","","","","","","","","","","","","","","","","","","","","","","","",90,1,"","","","","","","","","","","","",16.3,1,1017.6,1,999.6,1,"","","",1,7,1,7,1,6,1,"","","","","","","","","","","","","","","","","","","","","","","","","","","","",4000,1,"","",10,1,1,1,"","",0,1,"","","","","","","","","","","","","","","","","","","","","","","","","","","","","","","","","","","","","","","","","","","","","","","","","","","","","","","","","","","","","",""
"31069001","TOULOUSE-BLAGNAC",43.621,1.378833,151,1968072409,"","","","",4.,1,280,1,"","","","","","","","","","","","","","","","","","","","","","","","","","","","",18.5,1,14.,1,"","","","","","","","","","","","","","","","","","","","","","","","","","",77,1,"","","","","","","","","","","","",16.4,1,1018.3,1,1000.5,1,"","","",1,4,1,0,1,1,1,0,1,0,1,"","","","","","","","","","","","","","","","","","","","","","","","",15000,1,"","",1,1,1,1,"","","","","","","","","","","","","","","","","","","","","","","","","","","","","","","","","","","","","","","","","","","","","","","","","","","","","","","","","","","","","","","","","",""
"31069001","TOULOUSE-BLAGNAC",43.621,1.378833,151,1968072412,"","","","",5.,1,320,1,"","","","","","","","","","","","","","","","","","","","","","","","","","","","",22.2,1,11.2,1,"","","","","","","","","","","","","","","","","","","","","","","","","","",51,1,"","","","","","","","","","","","",13.6,1,1018.1,1,1000.5,1,"","","",1,3,1,0,1,2,1,0,1,0,1,"","","","","","","","","","","","","","","","","","","","","","","","",30000,1,"","",2,1,1,1,"","","","","","","","","","","","","","","","","","","","","","","","","","","","","","","","","","","","","","","","","","","","","","","","","","","","","","","","","","","","","","","","","",""
"31069001","TOULOUSE-BLAGNAC",43.621,1.378833,151,1968072415,"","","","",5.,1,320,1,"","","","","","","","","","","","","","","","","","","","","","","","","","","","",24.2,1,7.3,1,"","","","","","","","","","","","","","","","","","","","","","","","","","",34,1,"","","","","","","","","","","","",10.4,1,1017.7,1,1000.2,1,"","","",1,1,1,0,1,1,1,0,1,0,1,"","","","","","","","","","","","","","","","","","","","","","","","",30000,1,"","",2,1,0,1,"","","","","","","","","","","","","","","","","","","","","","","","","","","","","","","","","","","","","","","","","","","","","","","","","","","","","","","","","","","","","","","","","",""
"31069001","TOULOUSE-BLAGNAC",43.621,1.378833,151,1968072418,"","","","",5.,1,300,1,"","","","","","","","","","","","","","","","","","","","","","","","","","","","",24.1,1,8.7,1,"","","","","","","","","","","","","","","","","","","","","","","","","","",38,1,"","","","","","","","","","","","",11.4,1,1018.,1,1000.5,1,"","","",1,1,1,0,1,4,1,0,1,0,1,"","","","","","","","","","","","","","","","","","","","","","","","",30000,1,"","",3,1,0,1,"","","","","","","","","","","","","","","","","","","","","","","","","","","","","","","","","","","","","","","","","","","","","","","","","","","","","","","","","","","","","","","","","",""
"31069001","TOULOUSE-BLAGNAC",43.621,1.378833,151,1968072421,"","","","",3.,1,300,1,"","","","","","","","","","","","","","","","","","","","","","","","","","","","",19.5,1,11.4,1,"","","","","","","","","","","","","","","","","","","","","","","","","","",61,1,"","","","","","","","","","","","",13.8,1,1019.7,1,1001.9,1,"","","",1,5,1,5,1,5,1,0,1,0,1,"","","","","","","","","","","","","","","","","","","","","","","","",20000,1,"","",3,1,1,1,"","","","","","","","","","","","","","","","","","","","","","","","","","","","","","","","","","","","","","","","","","","","","","","","","","","","","","","","","","","","","","","","","",""
"31069001","TOULOUSE-BLAGNAC",43.621,1.378833,151,1968072500,"","","","",2.,1,40,1,"","","","","","","","","","","","","","","","","","","","","","","","","","","","",15.8,1,13.3,1,"","","","","","","","","","","","","","","","","","","","","","","","","","",88,1,"","","","","","","","","","","","",15.7,1,1020.4,1,1002.4,1,"","","",1,0,1,"","",0,1,0,1,0,1,"","","","","","","","","","","","","","","","","","","","","","","","",20000,1,"","",2,1,1,1,"","","","","","","","","","","","","","","","","","","","","","","","","","","","","","","","","","","","","","","","","","","","","","","","","","","","","","","","","","","","","","","","","",""
"31069001","TOULOUSE-BLAGNAC",43.621,1.378833,151,1968072503,"","","","",1.,1,320,1,"","","","","","","","","","","","","","","","","","","","","","","","","","","","",14.1,1,10.4,1,"","","","","","","","","","","","","","","","","","","","","","","","","","",80,1,"","","","","","","","","","","","",12.9,1,1020.2,1,1002.1,1,"","","",1,0,1,"","",0,1,0,1,0,1,"","","","","","","","","","","","","","","","","","","","","","","","",20000,1,"","",2,1,0,1,"","","","","","","","","","","","","","","","","","","","","","","","","","","","","","","","","","","","","","","","","","","","","","","","","","","","","","","","","","","","","","","","","",""
"31069001","TOULOUSE-BLAGNAC",43.621,1.378833,151,1968072506,"","","","",0.,1,0,1,"","","","","","","","","","","","","","","","","","","","","","","","","","","","",12.9,1,10.7,1,"","","","","","","","","","","","","","","","","","","","","","","","","","",88,1,"","","","","","","","","","","","",13.1,1,1020.6,1,1002.4,1,"","","",1,0,1,"","",0,1,0,1,0,1,"","","","","","","","","","","","","","","","","","","","","","","","",20000,1,"","",2,1,0,1,"","",0,1,"","","","","","","","","","","","","","","","","","","","","","","","","","","","","","","","","","","","","","","","","","","","","","","","","","","","","","","","","","","","","",""
"31069001","TOULOUSE-BLAGNAC",43.621,1.378833,151,1968072509,"","","","",0.,1,0,1,"","","","","","","","","","","","","","","","","","","","","","","","","","","","",20.3,1,10.4,1,"","","","","","","","","","","","","","","","","","","","","","","","","","",54,1,"","","","","","","","","","","","",12.9,1,1020.7,1,1002.9,1,"","","",1,0,1,"","",0,1,0,1,0,1,"","","","","","","","","","","","","","","","","","","","","","","","",10000,1,"","",2,1,0,1,"","","","","","","","","","","","","","","","","","","","","","","","","","","","","","","","","","","","","","","","","","","","","","","","","","","","","","","","","","","","","","","","","",""
"31069001","TOULOUSE-BLAGNAC",43.621,1.378833,151,1968072512,"","","","",3.,1,280,1,"","","","","","","","","","","","","","","","","","","","","","","","","","","","",24.,1,11.4,1,"","","","","","","","","","","","","","","","","","","","","","","","","","",46,1,"","","","","","","","","","","","",13.8,1,1019.7,1,1002.2,1,"","","",1,0,1,"","",0,1,0,1,0,1,"","","","","","","","","","","","","","","","","","","","","","","","",30000,1,"","",2,1,0,1,"","","","","","","","","","","","","","","","","","","","","","","","","","","","","","","","","","","","","","","","","","","","","","","","","","","","","","","","","","","","","","","","","",""
"31069001","TOULOUSE-BLAGNAC",43.621,1.378833,151,1968072515,"","","","",4.,1,80,1,"","","","","","","","","","","","","","","","","","","","","","","","","","","","",26.7,1,9.,1,"","","","","","","","","","","","","","","","","","","","","","","","","","",33,1,"","","","","","","","","","","","",11.7,1,1018.5,1,1001.1,1,"","","","",0,1,"","",0,1,0,1,0,1,"","","","","","","","","","","","","","","","","","","","","","","","",30000,1,"","",2,1,0,1,"","","","","","","","","","","","","","","","","","","","","","","","","","","","","","","","","","","","","","","","","","","","","","","","","","","","","","","","","","","","","","","","","",""
"31069001","TOULOUSE-BLAGNAC",43.621,1.378833,151,1968072518,"","","","",2.,1,340,1,"","","","","","","","","","","","","","","","","","","","","","","","","","","","",27.,1,8.8,1,"","","","","","","","","","","","","","","","","","","","","","","","","","",32,1,"","","","","","","","","","","","",11.5,1,1017.9,1,1000.6,1,"","","",1,0,1,"","",0,1,0,1,0,1,"","","","","","","","","","","","","","","","","","","","","","","","",30000,1,"","",2,1,0,1,"","","","","","","","","","","","","","","","","","","","","","","","","","","","","","","","","","","","","","","","","","","","","","","","","","","","","","","","","","","","","","","","","",""
"31069001","TOULOUSE-BLAGNAC",43.621,1.378833,151,1968072521,"","","","",2.,1,240,1,"","","","","","","","","","","","","","","","","","","","","","","","","","","","",20.2,1,12.2,1,"","","","","","","","","","","","","","","","","","","","","","","","","","",61,1,"","","","","","","","","","","","",14.5,1,1019.,1,1001.3,1,"","","",1,0,1,"","",0,1,0,1,0,1,"","","","","","","","","","","","","","","","","","","","","","","","",20000,1,"","",2,1,0,1,"","","","","","","","","","","","","","","","","","","","","","","","","","","","","","","","","","","","","","","","","","","","","","","","","","","","","","","","","","","","","","","","","",""
"31069001","TOULOUSE-BLAGNAC",43.621,1.378833,151,1968072600,"","","","",1.,1,200,1,"","","","","","","","","","","","","","","","","","","","","","","","","","","","",16.6,1,11.7,1,"","","","","","","","","","","","","","","","","","","","","","","","","","",75,1,"","","","","","","","","","","","",14.1,1,1019.2,1,1001.2,1,"","","",1,0,1,"","",0,1,0,1,0,1,"","","","","","","","","","","","","","","","","","","","","","","","",20000,1,"","",2,1,0,1,"","","","","","","","","","","","","","","","","","","","","","","","","","","","","","","","","","","","","","","","","","","","","","","","","","","","","","","","","","","","","","","","","",""
"31069001","TOULOUSE-BLAGNAC",43.621,1.378833,151,1968072603,"","","","",2.,1,200,1,"","","","","","","","","","","","","","","","","","","","","","","","","","","","",12.8,1,11.,1,"","","","","","","","","","","","","","","","","","","","","","","","","","",91,1,"","","","","","","","","","","","",13.4,1,1019.,1,1000.8,1,"","","",1,0,1,"","",0,1,0,1,0,1,"","","","","","","","","","","","","","","","","","","","","","","","",20000,1,"","",2,1,0,1,"","","","","","","","","","","","","","","","","","","","","","","","","","","","","","","","","","","","","","","","","","","","","","","","","","","","","","","","","","","","","","","","","",""
"31069001","TOULOUSE-BLAGNAC",43.621,1.378833,151,1968072606,"","","","",2.,1,200,1,"","","","","","","","","","","","","","","","","","","","","","","","","","","","",12.8,1,11.,1,"","","","","","","","","","","","","","","","","","","","","","","","","","",91,1,"","","","","","","","","","","","",13.4,1,1019.1,1,1000.9,1,"","","",1,0,1,"","",0,1,0,1,0,1,"","","","","","","","","","","","","","","","","","","","","","","","",8000,1,"","",2,1,0,1,"","",0,1,"","","","","","","","","","","","","","","","","","","","","","","","","","","","","","","","","","","","","","","","","","","","","","","","","","","","","","","","","","","","","",""
"31069001","TOULOUSE-BLAGNAC",43.621,1.378833,151,1968072609,"","","","",0.,1,0,1,"","","","","","","","","","","","","","","","","","","","","","","","","","","","",21.2,1,13.7,1,"","","","","","","","","","","","","","","","","","","","","","","","","","",64,1,"","","","","","","","","","","","",16.1,1,1019.,1,1001.3,1,"","","",1,0,1,"","",0,1,0,1,0,1,"","","","","","","","","","","","","","","","","","","","","","","","",15000,1,"","",2,1,0,1,"","","","","","","","","","","","","","","","","","","","","","","","","","","","","","","","","","","","","","","","","","","","","","","","","","","","","","","","","","","","","","","","","",""
"31069001","TOULOUSE-BLAGNAC",43.621,1.378833,151,1968072612,"","","","",0.,1,0,1,"","","","","","","","","","","","","","","","","","","","","","","","","","","","",27.3,1,10.2,1,"","","","","","","","","","","","","","","","","","","","","","","","","","",35,1,"","","","","","","","","","","","",12.7,1,1018.2,1,1000.9,1,"","","",1,0,1,"","",0,1,0,1,0,1,"","","","","","","","","","","","","","","","","","","","","","","","",20000,1,"","",2,1,0,1,"","","","","","","","","","","","","","","","","","","","","","","","","","","","","","","","","","","","","","","","","","","","","","","","","","","","","","","","","","","","","","","","","",""
"31069001","TOULOUSE-BLAGNAC",43.621,1.378833,151,1968072615,"","","","",3.,1,300,1,"","","","","","","","","","","","","","","","","","","","","","","","","","","","",28.8,1,11.9,1,"","","","","","","","","","","","","","","","","","","","","","","","","","",36,1,"","","","","","","","","","","","",14.2,1,1016.8,1,999.6,1,"","","",1,0,1,"","",0,1,0,1,0,1,"","","","","","","","","","","","","","","","","","","","","","","","",20000,1,"","",2,1,0,1,"","","","","","","","","","","","","","","","","","","","","","","","","","","","","","","","","","","","","","","","","","","","","","","","","","","","","","","","","","","","","","","","","",""
"31069001","TOULOUSE-BLAGNAC",43.621,1.378833,151,1968072618,"","","","",4.,1,340,1,"","","","","","","","","","","","","","","","","","","","","","","","","","","","",27.9,1,9.6,1,"","","","","","","","","","","","","","","","","","","","","","","","","","",32,1,"","","","","","","","","","","","",12.2,1,1016.7,1,999.4,1,"","","","",0,1,"","",0,1,0,1,0,1,"","","","","","","","","","","","","","","","","","","","","","","","",25000,1,"","",2,1,0,1,"","","","","","","","","","","","","","","","","","","","","","","","","","","","","","","","","","","","","","","","","","","","","","","","","","","","","","","","","","","","","","","","","",""
"31069001","TOULOUSE-BLAGNAC",43.621,1.378833,151,1968072621,"","","","",4.,1,300,1,"","","","","","","","","","","","","","","","","","","","","","","","","","","","",22.,1,11.1,1,"","","","","","","","","","","","","","","","","","","","","","","","","","",51,1,"","","","","","","","","","","","",13.5,1,1017.8,1,1000.2,1,"","","",1,0,1,"","",0,1,0,1,0,1,"","","","","","","","","","","","","","","","","","","","","","","","",20000,1,"","",2,1,0,1,"","","","","","","","","","","","","","","","","","","","","","","","","","","","","","","","","","","","","","","","","","","","","","","","","","","","","","","","","","","","","","","","","",""
"31069001","TOULOUSE-BLAGNAC",43.621,1.378833,151,1968072700,"","","","",2.,1,300,1,"","","","","","","","","","","","","","","","","","","","","","","","","","","","",18.6,1,12.3,1,"","","","","","","","","","","","","","","","","","","","","","","","","","",68,1,"","","","","","","","","","","","",14.6,1,1018.4,1,1000.6,1,"","","",1,0,1,"","",0,1,0,1,0,1,"","","","","","","","","","","","","","","","","","","","","","","","",20000,1,"","",2,1,0,1,"","","","","","","","","","","","","","","","","","","","","","","","","","","","","","","","","","","","","","","","","","","","","","","","","","","","","","","","","","","","","","","","","",""
"31069001","TOULOUSE-BLAGNAC",43.621,1.378833,151,1968072703,"","","","",3.,1,220,1,"","","","","","","","","","","","","","","","","","","","","","","","","","","","",13.8,1,11.4,1,"","","","","","","","","","","","","","","","","","","","","","","","","","",88,1,"","","","","","","","","","","","",13.8,1,1018.5,1,1000.4,1,"","","",1,0,1,"","",0,1,0,1,0,1,"","","","","","","","","","","","","","","","","","","","","","","","",15000,1,"","",2,1,0,1,"","","","","","","","","","","","","","","","","","","","","","","","","","","","","","","","","","","","","","","","","","","","","","","","","","","","","","","","","","","","","","","","","",""
"31069001","TOULOUSE-BLAGNAC",43.621,1.378833,151,1968072706,"","","","",3.,1,200,1,"","","","","","","","","","","","","","","","","","","","","","","","","","","","",13.9,1,12.,1,"","","","","","","","","","","","","","","","","","","","","","","","","","",90,1,"","","","","","","","","","","","",14.3,1,1018.9,1,1000.8,1,"","","",1,0,1,"","",0,1,0,1,0,1,"","","","","","","","","","","","","","","","","","","","","","","","",8000,1,"","",2,1,0,1,"","",0,1,"","","","","","","","","","","","","","","","","","","","","","","","","","","","","","","","","","","","","","","","","","","","","","","","","","","","","","","","","","","","","",""
"31069001","TOULOUSE-BLAGNAC",43.621,1.378833,151,1968072709,"","","","",2.,1,260,1,"","","","","","","","","","","","","","","","","","","","","","","","","","","","",21.7,1,14.4,1,"","","","","","","","","","","","","","","","","","","","","","","","","","",65,1,"","","","","","","","","","","","",16.8,1,1018.9,1,1001.3,1,"","","",1,0,1,"","",0,1,0,1,0,1,"","","","","","","","","","","","","","","","","","","","","","","","",15000,1,"","",2,1,0,1,"","","","","","","","","","","","","","","","","","","","","","","","","","","","","","","","","","","","","","","","","","","","","","","","","","","","","","","","","","","","","","","","","",""
"31069001","TOULOUSE-BLAGNAC",43.621,1.378833,151,1968072712,"","","","",4.,1,300,1,"","","","","","","","","","","","","","","","","","","","","","","","","","","","",26.5,1,12.7,1,"","","","","","","","","","","","","","","","","","","","","","","","","","",43,1,"","","","","","","","","","","","",15.,1,1018.2,1,1000.8,1,"","","",1,0,1,"","",0,1,0,1,0,1,"","","","","","","","","","","","","","","","","","","","","","","","",30000,1,"","",2,1,0,1,"","","","","","","","","","","","","","","","","","","","","","","","","","","","","","","","","","","","","","","","","","","","","","","","","","","","","","","","","","","","","","","","","",""
"31069001","TOULOUSE-BLAGNAC",43.621,1.378833,151,1968072715,"","","","",3.,1,340,1,"","","","","","","","","","","","","","","","","","","","","","","","","","","","",28.5,1,12.4,1,"","","","","","","","","","","","","","","","","","","","","","","","","","",38,1,"","","","","","","","","","","","",14.7,1,1017.2,1,1000.,1,"","","",1,0,1,"","",0,1,0,1,0,1,"","","","","","","","","","","","","","","","","","","","","","","","",30000,1,"","",2,1,0,1,"","","","","","","","","","","","","","","","","","","","","","","","","","","","","","","","","","","","","","","","","","","","","","","","","","","","","","","","","","","","","","","","","",""
"31069001","TOULOUSE-BLAGNAC",43.621,1.378833,151,1968072718,"","","","",3.,1,300,1,"","","","","","","","","","","","","","","","","","","","","","","","","","","","",28.2,1,9.2,1,"","","","","","","","","","","","","","","","","","","","","","","","","","",31,1,"","","","","","","","","","","","",11.8,1,1017.1,1,999.8,1,"","","","",0,1,"","",0,1,0,1,0,1,"","","","","","","","","","","","","","","","","","","","","","","","",30000,1,"","",2,1,0,1,"","","","","","","","","","","","","","","","","","","","","","","","","","","","","","","","","","","","","","","","","","","","","","","","","","","","","","","","","","","","","","","","","",""
"31069001","TOULOUSE-BLAGNAC",43.621,1.378833,151,1968072721,"","","","",0.,1,0,1,"","","","","","","","","","","","","","","","","","","","","","","","","","","","",23.,1,11.9,1,"","","","","","","","","","","","","","","","","","","","","","","","","","",51,1,"","","","","","","","","","","","",14.2,1,1017.7,1,1000.1,1,"","","",1,0,1,"","",0,1,0,1,0,1,"","","","","","","","","","","","","","","","","","","","","","","","",30000,1,"","",2,1,0,1,"","","","","","","","","","","","","","","","","","","","","","","","","","","","","","","","","","","","","","","","","","","","","","","","","","","","","","","","","","","","","","","","","",""
"31069001","TOULOUSE-BLAGNAC",43.621,1.378833,151,1968072800,"","","","",3.,1,140,1,"","","","","","","","","","","","","","","","","","","","","","","","","","","","",20.3,1,9.9,1,"","","","","","","","","","","","","","","","","","","","","","","","","","",53,1,"","","","","","","","","","","","",12.4,1,1018.2,1,1000.5,1,"","","",1,0,1,"","",0,1,0,1,0,1,"","","","","","","","","","","","","","","","","","","","","","","","",30000,1,"","",2,1,0,1,"","","","","","","","","","","","","","","","","","","","","","","","","","","","","","","","","","","","","","","","","","","","","","","","","","","","","","","","","","","","","","","","","",""
"31069001","TOULOUSE-BLAGNAC",43.621,1.378833,151,1968072803,"","","","",1.,1,140,1,"","","","","","","","","","","","","","","","","","","","","","","","","","","","",19.2,1,9.6,1,"","","","","","","","","","","","","","","","","","","","","","","","","","",55,1,"","","","","","","","","","","","",12.2,1,1018.6,1,1000.8,1,"","","",1,0,1,"","",0,1,0,1,0,1,"","","","","","","","","","","","","","","","","","","","","","","","",30000,1,"","",2,1,0,1,"","","","","","","","","","","","","","","","","","","","","","","","","","","","","","","","","","","","","","","","","","","","","","","","","","","","","","","","","","","","","","","","","",""
"31069001","TOULOUSE-BLAGNAC",43.621,1.378833,151,1968072806,"","","","",2.,1,120,1,"","","","","","","","","","","","","","","","","","","","","","","","","","","","",18.1,1,12.1,1,"","","","","","","","","","","","","","","","","","","","","","","","","","",69,1,"","","","","","","","","","","","",14.4,1,1018.8,1,1000.9,1,"","","",1,1,1,0,1,0,1,0,1,3,1,"","","","","","","","","","","","","","","","","","","","","","","","",30000,1,"","",2,1,0,1,"","",0,1,"","","","","","","","","","","","","","","","","","","","","","","","","","","","","","","","","","","","","","","","","","","","","","","","","","","","","","","","","","","","","",""
"31069001","TOULOUSE-BLAGNAC",43.621,1.378833,151,1968072809,"","","","",6.,1,140,1,"","","","","","","","","","","","","","","","","","","","","","","","","","","","",24.4,1,12.3,1,"","","","","","","","","","","","","","","","","","","","","","","","","","",47,1,"","","","","","","","","","","","",14.6,1,1019.,1,1001.5,1,"","","",1,4,1,0,1,3,1,8,1,1,1,"","","","","","","","","","","","","","","","","","","","","","","","",30000,1,"","",3,1,0,1,"","","","","","","","","","","","","","","","","","","","","","","","","","","","","","","","","","","","","","","","","","","","","","","","","","","","","","","","","","","","","","","","","",""
"31069001","TOULOUSE-BLAGNAC",43.621,1.378833,151,1968072812,"","","","",6.,1,140,1,"","","","","","","","","","","","","","","","","","","","","","","","","","","","",26.7,1,13.7,1,"","","","","","","","","","","","","","","","","","","","","","","","","","",46,1,"","","","","","","","","","","","",16.1,1,1017.8,1,1000.5,1,"","","",1,6,1,5,1,0,1,8,1,2,1,"","","","","","","","","","","","","","","","","","","","","","","","",20000,1,"","",1,1,1,1,"","","","","","","","","","","","","","","","","","","","","","","","","","","","","","","","","","","","","","","","","","","","","","","","","","","","","","","","","","","","","","","","","",""
"31069001","TOULOUSE-BLAGNAC",43.621,1.378833,151,1968072815,"","","","",5.,1,100,1,"","","","","","","","","","","","","","","","","","","","","","","","","","","","",29.5,1,13.5,1,"","","","","","","","","","","","","","","","","","","","","","","","","","",38,1,"","","","","","","","","","","","",15.9,1,1016.1,1,999.,1,"","","",1,4,1,0,1,0,1,0,1,2,1,"","","","","","","","","","","","","","","","","","","","","","","","",30000,1,"","",3,1,1,1,"","","","","","","","","","","","","","","","","","","","","","","","","","","","","","","","","","","","","","","","","","","","","","","","","","","","","","","","","","","","","","","","","",""
"31069001","TOULOUSE-BLAGNAC",43.621,1.378833,151,1968072818,"","","","",8.,1,140,1,"","","","","","","","","","","","","","","","","","","","","","","","","","","","",25.3,1,13.3,1,"","","","","","","","","","","","","","","","","","","","","","","","","","",48,1,"","","","","","","","","","","","",15.7,1,1016.3,1,998.9,1,"","","",1,7,1,7,1,0,1,8,1,2,1,"","","","","","","","","","","","","","","","","","","","","","","","",20000,1,"","",2,1,1,1,"","","","","","","","","","","","","","","","","","","","","","","","","","","","","","","","","","","","","","","","","","","","","","","","","","","","","","","","","","","","","","","","","",""
"31069001","TOULOUSE-BLAGNAC",43.621,1.378833,151,1968072821,"","","","",4.,1,180,1,"","","","","","","","","","","","","","","","","","","","","","","","","","","","",21.7,1,16.5,1,"","","","","","","","","","","","","","","","","","","","","","","","","","",75,1,"","","","","","","","","","","","",19.4,1,1018.9,1,1001.3,1,"","","",1,8,1,7,1,9,1,9,1,"","","","","","","","","","","","","","","","","","","","","","","","","","",10000,1,"","",95,1,8,1,"","","","","","","","","","","","","","","","","","","","","","","","","","","","","","","","","","","","","","","","","","","","","","","","","","","","","","","","","","","","","","","","","",""
"31069001","TOULOUSE-BLAGNAC",43.621,1.378833,151,1968072900,"","","","",4.,1,120,1,"","","","","","","","","","","","","","","","","","","","","","","","","","","","",20.5,1,14.2,1,"","","","","","","","","","","","","","","","","","","","","","","","","","",69,1,"","","","","","","","","","","","",16.6,1,1016.5,1,998.8,1,"","","",1,5,1,5,1,0,1,8,1,0,1,"","","","","","","","","","","","","","","","","","","","","","","","",15000,1,"","",1,1,9,1,"","","","","","","","","","","","","","","","","","","","","","","","","","","","","","","","","","","","","","","","","","","","","","","","","","","","","","","","","","","","","","","","","",""
"31069001","TOULOUSE-BLAGNAC",43.621,1.378833,151,1968072903,"","","","",5.,1,140,1,"","","","","","","","","","","","","","","","","","","","","","","","","","","","",19.5,1,14.4,1,"","","","","","","","","","","","","","","","","","","","","","","","","","",74,1,"","","","","","","","","","","","",16.8,1,1015.9,1,998.2,1,"","","",1,2,1,0,1,0,1,8,1,0,1,"","","","","","","","","","","","","","","","","","","","","","","","",8000,1,"","",2,1,1,1,"","","","","","","","","","","","","","","","","","","","","","","","","","","","","","","","","","","","","","","","","","","","","","","","","","","","","","","","","","","","","","","","","",""
"31069001","TOULOUSE-BLAGNAC",43.621,1.378833,151,1968072906,"","","","",6.,1,140,1,"","","","","","","","","","","","","","","","","","","","","","","","","","","","",19.7,1,15.1,1,"","","","","","","","","","","","","","","","","","","","","","","","","","",77,1,"","","","","","","","","","","","",17.6,1,1016.7,1,999.,1,"","","",1,3,1,0,1,0,1,8,1,0,1,"","","","","","","","","","","","","","","","","","","","","","","","",6000,1,"","",2,1,1,1,"","",0,1,"","","","","","","","","","","","","","","","","","","","","","","","","","","","","","","","","","","","","","","","","","","","","","","","","","","","","","","","","","","","","",""
"31069001","TOULOUSE-BLAGNAC",43.621,1.378833,151,1968072909,"","","","",7.,1,140,1,"","","","","","","","","","","","","","","","","","","","","","","","","","","","",23.4,1,15.2,1,"","","","","","","","","","","","","","","","","","","","","","","","","","",62,1,"","","","","","","","","","","","",17.8,1,1016.4,1,998.9,1,"","","",1,3,1,0,1,0,1,8,1,0,1,"","","","","","","","","","","","","","","","","","","","","","","","",10000,1,"","",2,1,0,1,"","","","","","","","","","","","","","","","","","","","","","","","","","","","","","","","","","","","","","","","","","","","","","","","","","","","","","","","","","","","","","","","","",""
"31069001","TOULOUSE-BLAGNAC",43.621,1.378833,151,1968072912,"","","","",7.,1,140,1,"","","","","","","","","","","","","","","","","","","","","","","","","","","","",26.8,1,15.4,1,"","","","","","","","","","","","","","","","","","","","","","","","","","",51,1,"","","","","","","","","","","","",18.,1,1015.8,1,998.5,1,"","","",1,5,1,0,1,0,1,8,1,2,1,"","","","","","","","","","","","","","","","","","","","","","","","",10000,1,"","",3,1,1,1,"","","","","","","","","","","","","","","","","","","","","","","","","","","","","","","","","","","","","","","","","","","","","","","","","","","","","","","","","","","","","","","","","",""
"31069001","TOULOUSE-BLAGNAC",43.621,1.378833,151,1968072915,"","","","",6.,1,140,1,"","","","","","","","","","","","","","","","","","","","","","","","","","","","",26.1,1,15.2,1,"","","","","","","","","","","","","","","","","","","","","","","","","","",53,1,"","","","","","","","","","","","",17.8,1,1014.3,1,997.,1,"","","",1,6,1,5,1,0,1,8,1,2,1,"","","","","","","","","","","","","","","","","","","","","","","","",10000,1,"","",3,1,2,1,"","","","","","","","","","","","","","","","","","","","","","","","","","","","","","","","","","","","","","","","","","","","","","","","","","","","","","","","","","","","","","","","","",""
"31069001","TOULOUSE-BLAGNAC",43.621,1.378833,151,1968072918,"","","","",4.,1,120,1,"","","","","","","","","","","","","","","","","","","","","","","","","","","","",24.1,1,15.6,1,"","","","","","","","","","","","","","","","","","","","","","","","","","",60,1,"","","","","","","","","","","","",18.2,1,1013.2,1,995.8,1,"","","",1,6,1,5,1,0,1,8,1,2,1,"","","","","","","","","","","","","","","","","","","","","","","","",8000,1,"","",2,1,2,1,"","","","","","","","","","","","","","","","","","","","","","","","","","","","","","","","","","","","","","","","","","","","","","","","","","","","","","","","","","","","","","","","","",""
"31069001","TOULOUSE-BLAGNAC",43.621,1.378833,151,1968072921,"","","","",6.,1,140,1,"","","","","","","","","","","","","","","","","","","","","","","","","","","","",21.,1,15.7,1,"","","","","","","","","","","","","","","","","","","","","","","","","","",73,1,"","","","","","","","","","","","",18.3,1,1014.,1,996.4,1,"","","",1,6,1,6,1,0,1,0,1,2,1,"","","","","","","","","","","","","","","","","","","","","","","","",8000,1,"","",2,1,2,1,"","","","","","","","","","","","","","","","","","","","","","","","","","","","","","","","","","","","","","","","","","","","","","","","","","","","","","","","","","","","","","","","","",""
"31069001","TOULOUSE-BLAGNAC",43.621,1.378833,151,1968073000,"","","","",3.,1,160,1,"","","","","","","","","","","","","","","","","","","","","","","","","","","","",20.5,1,16.6,1,"","","","","","","","","","","","","","","","","","","","","","","","","","",81,1,"","","","","","","","","","","","",19.5,1,1015.4,1,997.8,1,"","","",1,8,1,7,1,6,1,"","","","","","","","","","","","","","","","","","","","","","","","","","","","",8000,1,"","",3,1,2,1,"","","","","","","","","","","","","","","","","","","","","","","","","","","","","","","","","","","","","","","","","","","","","","","","","","","","","","","","","","","","","","","","","",""
"31069001","TOULOUSE-BLAGNAC",43.621,1.378833,151,1968073003,"","","","",4.,1,140,1,"","","","","","","","","","","","","","","","","","","","","","","","","","","","",20.5,1,16.6,1,"","","","","","","","","","","","","","","","","","","","","","","","","","",81,1,"","","","","","","","","","","","",19.5,1,1015.,1,997.4,1,"","","",1,8,1,8,1,5,1,"","","","","","","","","","","","","","","","","","","","","","","","","","","","",8000,1,"","",60,1,2,1,"","","","","","","","","","","","","","","","","","","","","","","","","","","","","","","","","","","","","","","","","","","","","","","","","","","","","","","","","","","","","","","","","",""
"31069001","TOULOUSE-BLAGNAC",43.621,1.378833,151,1968073006,"","","","",3.,1,100,1,"","","","","","","","","","","","","","","","","","","","","","","","","","","","",19.3,1,15.6,1,"","","","","","","","","","","","","","","","","","","","","","","","","","",81,1,"","","","","","","","","","","","",18.2,1,1014.7,1,997.,1,"","","",1,6,1,6,1,0,1,8,1,0,1,"","","","","","","","","","","","","","","","","","","","","","","","",6000,1,"","",3,1,6,1,"","",0,1,"","","","","","","","","","","","","","","","","","","","","","","","","","","","","","","","","","","","","","","","","","","","","","","","","","","","","","","","","","","","","",""
"31069001","TOULOUSE-BLAGNAC",43.621,1.378833,151,1968073009,"","","","",5.,1,140,1,"","","","","","","","","","","","","","","","","","","","","","","","","","","","",22.2,1,16.4,1,"","","","","","","","","","","","","","","","","","","","","","","","","","",72,1,"","","","","","","","","","","","",19.2,1,1014.4,1,996.9,1,"","","",1,6,1,5,1,5,1,8,1,0,1,"","","","","","","","","","","","","","","","","","","","","","","","",8000,1,"","",3,1,8,1,"","","","","","","","","","","","","","","","","","","","","","","","","","","","","","","","","","","","","","","","","","","","","","","","","","","","","","","","","","","","","","","","","",""
"31069001","TOULOUSE-BLAGNAC",43.621,1.378833,151,1968073012,"","","","",6.,1,140,1,"","","","","","","","","","","","","","","","","","","","","","","","","","","","",26.1,1,14.5,1,"","","","","","","","","","","","","","","","","","","","","","","","","","",50,1,"","","","","","","","","","","","",17.,1,1014.,1,996.7,1,"","","",1,7,1,5,1,2,1,8,1,2,1,"","","","","","","","","","","","","","","","","","","","","","","","",10000,1,"","",3,1,8,1,"","","","","","","","","","","","","","","","","","","","","","","","","","","","","","","","","","","","","","","","","","","","","","","","","","","","","","","","","","","","","","","","","",""
"31069001","TOULOUSE-BLAGNAC",43.621,1.378833,151,1968073015,"","","","",2.,1,80,1,"","","","","","","","","","","","","","","","","","","","","","","","","","","","",25.,1,16.,1,"","","","","","","","","","","","","","","","","","","","","","","","","","",60,1,"","","","","","","","","","","","",18.7,1,1013.5,1,996.2,1,"","","",1,7,1,6,1,3,1,8,1,"","","","","","","","","","","","","","","","","","","","","","","","","","",8000,1,"","",29,1,2,1,"","","","","","","","","","","","","","","","","","","","","","","","","","","","","","","","","","","","","","","","","","","","","","","","","","","","","","","","","","","","","","","","","",""
"31069001","TOULOUSE-BLAGNAC",43.621,1.378833,151,1968073018,"","","","",3.,1,200,1,"","","","","","","","","","","","","","","","","","","","","","","","","","","","",22.,1,16.8,1,"","","","","","","","","","","","","","","","","","","","","","","","","","",75,1,"","","","","","","","","","","","",19.7,1,1015.2,1,997.7,1,"","","",1,7,1,6,1,3,1,8,1,2,1,"","","","","","","","","","","","","","","","","","","","","","","","",8000,1,"","",25,1,9,1,"","","","","","","","","","","","","","","","","","","","","","","","","","","","","","","","","","","","","","","","","","","","","","","","","","","","","","","","","","","","","","","","","",""
"31069001","TOULOUSE-BLAGNAC",43.621,1.378833,151,1968073021,"","","","",5.,1,140,1,"","","","","","","","","","","","","","","","","","","","","","","","","","","","",19.1,1,16.5,1,"","","","","","","","","","","","","","","","","","","","","","","","","","",88,1,"","","","","","","","","","","","",19.4,1,1014.5,1,996.8,1,"","","",1,2,1,0,1,4,1,0,1,2,1,"","","","","","","","","","","","","","","","","","","","","","","","",6000,1,"","",1,1,1,1,"","","","","","","","","","","","","","","","","","","","","","","","","","","","","","","","","","","","","","","","","","","","","","","","","","","","","","","","","","","","","","","","","",""
"31069001","TOULOUSE-BLAGNAC",43.621,1.378833,151,1968073100,"","","","",2.,1,140,1,"","","","","","","","","","","","","","","","","","","","","","","","","","","","",18.1,1,15.9,1,"","","","","","","","","","","","","","","","","","","","","","","","","","",90,1,"","","","","","","","","","","","",18.6,1,1016.,1,998.2,1,"","","",1,0,1,"","",0,1,0,1,0,1,"","","","","","","","","","","","","","","","","","","","","","","","",5000,1,"","",2,1,1,1,"","","","","","","","","","","","","","","","","","","","","","","","","","","","","","","","","","","","","","","","","","","","","","","","","","","","","","","","","","","","","","","","","",""
"31069001","TOULOUSE-BLAGNAC",43.621,1.378833,151,1968073103,"","","","",3.,1,140,1,"","","","","","","","","","","","","","","","","","","","","","","","","","","","",18.1,1,16.8,1,"","","","","","","","","","","","","","","","","","","","","","","","","","",95,1,"","","","","","","","","","","","",19.7,1,1015.9,1,998.1,1,"","","",1,8,1,8,1,6,1,"","","","","","","","","","","","","","","","","","","","","","","","","","","","",4000,1,"","",10,1,3,1,"","","","","","","","","","","","","","","","","","","","","","","","","","","","","","","","","","","","","","","","","","","","","","","","","","","","","","","","","","","","","","","","","",""
"31069001","TOULOUSE-BLAGNAC",43.621,1.378833,151,1968073106,"","","","",4.,1,140,1,"","","","","","","","","","","","","","","","","","","","","","","","","","","","",17.9,1,15.9,1,"","","","","","","","","","","","","","","","","","","","","","","","","","",91,1,"","","","","","","","","","","","",18.6,1,1016.3,1,998.5,1,"","","",1,8,1,8,1,6,1,"","","","","","","","","","","","","","","","","","","","","","","","","","","","",4000,1,"","",10,1,3,1,"","",0,1,"","","","","","","","","","","","","","","","","","","","","","","","","","","","","","","","","","","","","","","","","","","","","","","","","","","","","","","","","","","","","",""
"31069001","TOULOUSE-BLAGNAC",43.621,1.378833,151,1968073109,"","","","",3.,1,140,1,"","","","","","","","","","","","","","","","","","","","","","","","","","","","",20.8,1,16.8,1,"","","","","","","","","","","","","","","","","","","","","","","","","","",80,1,"","","","","","","","","","","","",19.7,1,1016.2,1,998.6,1,"","","",1,5,1,5,1,2,1,0,1,0,1,"","","","","","","","","","","","","","","","","","","","","","","","",6000,1,"","",1,1,2,1,"","","","","","","","","","","","","","","","","","","","","","","","","","","","","","","","","","","","","","","","","","","","","","","","","","","","","","","","","","","","","","","","","",""
"31069001","TOULOUSE-BLAGNAC",43.621,1.378833,151,1968073112,"","","","",4.,1,160,1,"","","","","","","","","","","","","","","","","","","","","","","","","","","","",24.4,1,16.9,1,"","","","","","","","","","","","","","","","","","","","","","","","","","",65,1,"","","","","","","","","","","","",19.8,1,1015.9,1,998.5,1,"","","",1,6,1,5,1,2,1,0,1,2,1,"","","","","","","","","","","","","","","","","","","","","","","","",7000,1,"","",1,1,2,1,"","","","","","","","","","","","","","","","","","","","","","","","","","","","","","","","","","","","","","","","","","","","","","","","","","","","","","","","","","","","","","","","","",""
"31069001","TOULOUSE-BLAGNAC",43.621,1.378833,151,1968073115,"","","","",4.,1,140,1,"","","","","","","","","","","","","","","","","","","","","","","","","","","","",26.7,1,15.7,1,"","","","","","","","","","","","","","","","","","","","","","","","","","",52,1,"","","","","","","","","","","","",18.3,1,1014.8,1,997.5,1,"","","",1,7,1,0,1,2,1,8,1,2,1,"","","","","","","","","","","","","","","","","","","","","","","","",8000,1,"","",3,1,2,1,"","","","","","","","","","","","","","","","","","","","","","","","","","","","","","","","","","","","","","","","","","","","","","","","","","","","","","","","","","","","","","","","","",""
"31069001","TOULOUSE-BLAGNAC",43.621,1.378833,151,1968073118,"","","","",4.,1,140,1,"","","","","","","","","","","","","","","","","","","","","","","","","","","","",26.8,1,15.,1,"","","","","","","","","","","","","","","","","","","","","","","","","","",50,1,"","","","","","","","","","","","",17.5,1,1014.5,1,997.2,1,"","","",1,4,1,0,1,2,1,8,1,2,1,"","","","","","","","","","","","","","","","","","","","","","","","",10000,1,"","",1,1,1,1,"","","","","","","","","","","","","","","","","","","","","","","","","","","","","","","","","","","","","","","","","","","","","","","","","","","","","","","","","","","","","","","","","",""
"31069001","TOULOUSE-BLAGNAC",43.621,1.378833,151,1968073121,"","","","",2.,1,40,1,"","","","","","","","","","","","","","","","","","","","","","","","","","","","",23.7,1,15.2,1,"","","","","","","","","","","","","","","","","","","","","","","","","","",61,1,"","","","","","","","","","","","",17.8,1,1016.,1,998.5,1,"","","",1,7,1,6,1,0,1,8,1,2,1,"","","","","","","","","","","","","","","","","","","","","","","","",15000,1,"","",2,1,1,1,"","","","","","","","","","","","","","","","","","","","","","","","","","","","","","","","","","","","","","","","","","","","","","","","","","","","","","","","","","","","","","","","","",""
"31069001","TOULOUSE-BLAGNAC",43.621,1.378833,151,1968080100,"","","","",3.,1,160,1,"","","","","","","","","","","","","","","","","","","","","","","","","","","","",20.4,1,16.,1,"","","","","","","","","","","","","","","","","","","","","","","","","","",78,1,"","","","","","","","","","","","",18.7,1,1016.6,1,998.9,1,"","","",1,3,1,0,1,0,1,0,1,2,1,"","","","","","","","","","","","","","","","","","","","","","","","",15000,1,"","",1,1,1,1,"","","","","","","","","","","","","","","","","","","","","","","","","","","","","","","","","","","","","","","","","","","","","","","","","","","","","","","","","","","","","","","","","",""
"31069001","TOULOUSE-BLAGNAC",43.621,1.378833,151,1968080103,"","","","",4.,1,140,1,"","","","","","","","","","","","","","","","","","","","","","","","","","","","",19.8,1,17.6,1,"","","","","","","","","","","","","","","","","","","","","","","","","","",91,1,"","","","","","","","","","","","",20.8,1,1016.1,1,998.4,1,"","","",1,7,1,7,1,6,1,"","","","","","","","","","","","","","","","","","","","","","","","","","","","",6000,1,"","",3,1,1,1,"","","","","","","","","","","","","","","","","","","","","","","","","","","","","","","","","","","","","","","","","","","","","","","","","","","","","","","","","","","","","","","","","",""
"31069001","TOULOUSE-BLAGNAC",43.621,1.378833,151,1968080106,"","","","",4.,1,160,1,"","","","","","","","","","","","","","","","","","","","","","","","","","","","",20.2,1,17.9,1,"","","","","","","","","","","","","","","","","","","","","","","","","","",90,1,"","","","","","","","","","","","",21.2,1,1016.2,1,998.6,1,"","","",1,8,1,5,1,5,1,"","","","","","","","","","","","","","","","","","","","","","","","","","","","",5000,1,"","",3,1,1,1,"","",0,1,"","","","","","","","","","","","","","","","","","","","","","","","","","","","","","","","","","","","","","","","","","","","","","","","","","","","","","","","","","","","","",""
"31069001","TOULOUSE-BLAGNAC",43.621,1.378833,151,1968080109,"","","","",3.,1,160,1,"","","","","","","","","","","","","","","","","","","","","","","","","","","","",21.3,1,17.8,1,"","","","","","","","","","","","","","","","","","","","","","","","","","",83,1,"","","","","","","","","","","","",21.,1,1016.8,1,999.2,1,"","","",1,8,1,8,1,6,1,"","","","","","","","","","","","","","","","","","","","","","","","","","","","",6000,1,"","",2,1,2,1,"","","","","","","","","","","","","","","","","","","","","","","","","","","","","","","","","","","","","","","","","","","","","","","","","","","","","","","","","","","","","","","","","",""
"31069001","TOULOUSE-BLAGNAC",43.621,1.378833,151,1968080112,"","","","",3.,1,120,1,"","","","","","","","","","","","","","","","","","","","","","","","","","","","",25.,1,17.4,1,"","","","","","","","","","","","","","","","","","","","","","","","","","",64,1,"","","","","","","","","","","","",20.5,1,1016.,1,998.6,1,"","","",1,6,1,6,1,8,1,0,1,0,1,"","","","","","","","","","","","","","","","","","","","","","","","",10000,1,"","",1,1,2,1,"","","","","","","","","","","","","","","","","","","","","","","","","","","","","","","","","","","","","","","","","","","","","","","","","","","","","","","","","","","","","","","","","",""
"31069001","TOULOUSE-BLAGNAC",43.621,1.378833,151,1968080115,"","","","",5.,1,180,1,"","","","","","","","","","","","","","","","","","","","","","","","","","","","",27.,1,15.2,1,"","","","","","","","","","","","","","","","","","","","","","","","","","",50,1,"","","","","","","","","","","","",17.8,1,1014.7,1,997.5,1,"","","",1,6,1,6,1,8,1,0,1,0,1,"","","","","","","","","","","","","","","","","","","","","","","","",10000,1,"","",3,1,2,1,"","","","","","","","","","","","","","","","","","","","","","","","","","","","","","","","","","","","","","","","","","","","","","","","","","","","","","","","","","","","","","","","","",""
"31069001","TOULOUSE-BLAGNAC",43.621,1.378833,151,1968080118,"","","","",3.,1,200,1,"","","","","","","","","","","","","","","","","","","","","","","","","","","","",25.7,1,16.7,1,"","","","","","","","","","","","","","","","","","","","","","","","","","",60,1,"","","","","","","","","","","","",19.6,1,1013.9,1,996.6,1,"","","",1,6,1,6,1,8,1,0,1,0,1,"","","","","","","","","","","","","","","","","","","","","","","","",10000,1,"","",1,1,2,1,"","","","","","","","","","","","","","","","","","","","","","","","","","","","","","","","","","","","","","","","","","","","","","","","","","","","","","","","","","","","","","","","","",""
"31069001","TOULOUSE-BLAGNAC",43.621,1.378833,151,1968080121,"","","","",2.,1,160,1,"","","","","","","","","","","","","","","","","","","","","","","","","","","","",22.2,1,18.6,1,"","","","","","","","","","","","","","","","","","","","","","","","","","",82,1,"","","","","","","","","","","","",22.1,1,1014.8,1,997.3,1,"","","",1,7,1,7,1,5,1,9,1,"","","","","","","","","","","","","","","","","","","","","","","","","","",8000,1,"","",60,1,6,1,"","","","","","","","","","","","","","","","","","","","","","","","","","","","","","","","","","","","","","","","","","","","","","","","","","","","","","","","","","","","","","","","","",""
"31069001","TOULOUSE-BLAGNAC",43.621,1.378833,151,1968080200,"","","","",4.,1,160,1,"","","","","","","","","","","","","","","","","","","","","","","","","","","","",20.6,1,18.8,1,"","","","","","","","","","","","","","","","","","","","","","","","","","",93,1,"","","","","","","","","","","","",22.5,1,1014.4,1,996.8,1,"","","",1,8,1,7,1,3,1,9,1,"","","","","","","","","","","","","","","","","","","","","","","","","","",8000,1,"","",95,1,6,1,"","","","","","","","","","","","","","","","","","","","","","","","","","","","","","","","","","","","","","","","","","","","","","","","","","","","","","","","","","","","","","","","","",""
"31069001","TOULOUSE-BLAGNAC",43.621,1.378833,151,1968080203,"","","","",2.,1,340,1,"","","","","","","","","","","","","","","","","","","","","","","","","","","","",18.7,1,16.3,1,"","","","","","","","","","","","","","","","","","","","","","","","","","",88,1,"","","","","","","","","","","","",19.1,1,1013.1,1,995.4,1,"","","",1,8,1,6,1,3,1,9,1,"","","","","","","","","","","","","","","","","","","","","","","","","","",7000,1,"","",95,1,9,1,"","","","","","","","","","","","","","","","","","","","","","","","","","","","","","","","","","","","","","","","","","","","","","","","","","","","","","","","","","","","","","","","","",""
"31069001","TOULOUSE-BLAGNAC",43.621,1.378833,151,1968080206,"","","","",5.,1,220,1,"","","","","","","","","","","","","","","","","","","","","","","","","","","","",14.9,1,13.2,1,"","","","","","","","","","","","","","","","","","","","","","","","","","",91,1,"","","","","","","","","","","","",15.5,1,1016.1,1,998.1,1,"","","",1,5,1,5,1,5,1,9,1,0,1,"","","","","","","","","","","","","","","","","","","","","","","","",20000,1,"","",25,1,9,1,"","",2,1,"","","","","","","","","","","","","","","","","","","","","","","","","","","","","","","","","","","","","","","","","","","","","","","","","","","","","","","","","","","","","",""
"31069001","TOULOUSE-BLAGNAC",43.621,1.378833,151,1968080209,"","","","",8.,1,260,1,"","","","","","","","","","","","","","","","","","","","","","","","","","","","",19.6,1,15.8,1,"","","","","","","","","","","","","","","","","","","","","","","","","","",82,1,"","","","","","","","","","","","",18.5,1,1016.2,1,998.5,1,"","","",1,6,1,5,1,2,1,4,1,0,1,"","","","","","","","","","","","","","","","","","","","","","","","",20000,1,"","",3,1,1,1,"","","","","","","","","","","","","","","","","","","","","","","","","","","","","","","","","","","","","","","","","","","","","","","","","","","","","","","","","","","","","","","","","",""
"31069001","TOULOUSE-BLAGNAC",43.621,1.378833,151,1968080212,"","","","",9.,1,260,1,"","","","","","","","","","","","","","","","","","","","","","","","","","","","",20.5,1,13.8,1,"","","","","","","","","","","","","","","","","","","","","","","","","","",67,1,"","","","","","","","","","","","",16.2,1,1016.9,1,999.2,1,"","","",1,6,1,0,1,2,1,4,1,0,1,"","","","","","","","","","","","","","","","","","","","","","","","",40000,1,"","",1,1,1,1,"","","","","","","","","","","","","","","","","","","","","","","","","","","","","","","","","","","","","","","","","","","","","","","","","","","","","","","","","","","","","","","","","",""
"31069001","TOULOUSE-BLAGNAC",43.621,1.378833,151,1968080215,"","","","",7.,1,260,1,"","","","","","","","","","","","","","","","","","","","","","","","","","","","",18.8,1,15.7,1,"","","","","","","","","","","","","","","","","","","","","","","","","","",85,1,"","","","","","","","","","","","",18.3,1,1017.9,1,1000.1,1,"","","",1,7,1,7,1,2,1,7,1,"","","","","","","","","","","","","","","","","","","","","","","","","","",20000,1,"","",25,1,2,1,"","","","","","","","","","","","","","","","","","","","","","","","","","","","","","","","","","","","","","","","","","","","","","","","","","","","","","","","","","","","","","","","","",""
"31069001","TOULOUSE-BLAGNAC",43.621,1.378833,151,1968080218,"","","","",7.,1,260,1,"","","","","","","","","","","","","","","","","","","","","","","","","","","","",19.1,1,16.8,1,"","","","","","","","","","","","","","","","","","","","","","","","","","",89,1,"","","","","","","","","","","","",19.7,1,1019.2,1,1001.4,1,"","","",1,4,1,0,1,8,1,4,1,0,1,"","","","","","","","","","","","","","","","","","","","","","","","",15000,1,"","",25,1,8,1,"","","","","","","","","","","","","","","","","","","","","","","","","","","","","","","","","","","","","","","","","","","","","","","","","","","","","","","","","","","","","","","","","",""
"31069001","TOULOUSE-BLAGNAC",43.621,1.378833,151,1968080221,"","","","",7.,1,260,1,"","","","","","","","","","","","","","","","","","","","","","","","","","","","",18.1,1,16.1,1,"","","","","","","","","","","","","","","","","","","","","","","","","","",91,1,"","","","","","","","","","","","",18.9,1,1021.5,1,1003.6,1,"","","",1,7,1,7,1,6,1,"","","","","","","","","","","","","","","","","","","","","","","","","","","","",5000,1,"","",3,1,1,1,"","","","","","","","","","","","","","","","","","","","","","","","","","","","","","","","","","","","","","","","","","","","","","","","","","","","","","","","","","","","","","","","","",""
"31069001","TOULOUSE-BLAGNAC",43.621,1.378833,151,1968080300,"","","","",7.,1,260,1,"","","","","","","","","","","","","","","","","","","","","","","","","","","","",16.7,1,14.8,1,"","","","","","","","","","","","","","","","","","","","","","","","","","",91,1,"","","","","","","","","","","","",17.3,1,1022.,1,1004.,1,"","","",1,7,1,7,1,5,1,"","","","","","","","","","","","","","","","","","","","","","","","","","","","",5000,1,"","",2,1,1,1,"","","","","","","","","","","","","","","","","","","","","","","","","","","","","","","","","","","","","","","","","","","","","","","","","","","","","","","","","","","","","","","","","",""
"31069001","TOULOUSE-BLAGNAC",43.621,1.378833,151,1968080303,"","","","",6.,1,260,1,"","","","","","","","","","","","","","","","","","","","","","","","","","","","",16.2,1,14.2,1,"","","","","","","","","","","","","","","","","","","","","","","","","","",90,1,"","","","","","","","","","","","",16.6,1,1021.8,1,1003.8,1,"","","",1,7,1,7,1,5,1,"","","","","","","","","","","","","","","","","","","","","","","","","","","","",4000,1,"","",10,1,2,1,"","","","","","","","","","","","","","","","","","","","","","","","","","","","","","","","","","","","","","","","","","","","","","","","","","","","","","","","","","","","","","","","","",""
"31069001","TOULOUSE-BLAGNAC",43.621,1.378833,151,1968080306,"","","","",5.,1,260,1,"","","","","","","","","","","","","","","","","","","","","","","","","","","","",15.3,1,13.9,1,"","","","","","","","","","","","","","","","","","","","","","","","","","",94,1,"","","","","","","","","","","","",16.3,1,1021.8,1,1003.7,1,"","","",1,2,1,0,1,6,1,0,1,0,1,"","","","","","","","","","","","","","","","","","","","","","","","",4000,1,"","",10,1,1,1,"","",1,1,"","","","","","","","","","","","","","","","","","","","","","","","","","","","","","","","","","","","","","","","","","","","","","","","","","","","","","","","","","","","","",""
"31069001","TOULOUSE-BLAGNAC",43.621,1.378833,151,1968080309,"","","","",3.,1,300,1,"","","","","","","","","","","","","","","","","","","","","","","","","","","","",17.6,1,13.1,1,"","","","","","","","","","","","","","","","","","","","","","","","","","",76,1,"","","","","","","","","","","","",15.4,1,1021.6,1,1003.7,1,"","","",1,6,1,0,1,8,1,0,1,0,1,"","","","","","","","","","","","","","","","","","","","","","","","",8000,1,"","",1,1,1,1,"","","","","","","","","","","","","","","","","","","","","","","","","","","","","","","","","","","","","","","","","","","","","","","","","","","","","","","","","","","","","","","","","",""
"31069001","TOULOUSE-BLAGNAC",43.621,1.378833,151,1968080312,"","","","",5.,1,300,1,"","","","","","","","","","","","","","","","","","","","","","","","","","","","",21.,1,10.4,1,"","","","","","","","","","","","","","","","","","","","","","","","","","",52,1,"","","","","","","","","","","","",12.9,1,1020.,1,1002.3,1,"","","",1,4,1,0,1,2,1,0,1,0,1,"","","","","","","","","","","","","","","","","","","","","","","","",20000,1,"","",1,1,1,1,"","","","","","","","","","","","","","","","","","","","","","","","","","","","","","","","","","","","","","","","","","","","","","","","","","","","","","","","","","","","","","","","","",""
"31069001","TOULOUSE-BLAGNAC",43.621,1.378833,151,1968080315,"","","","",5.,1,320,1,"","","","","","","","","","","","","","","","","","","","","","","","","","","","",22.7,1,9.,1,"","","","","","","","","","","","","","","","","","","","","","","","","","",42,1,"","","","","","","","","","","","",11.7,1,1018.9,1,1001.3,1,"","","",1,2,1,0,1,1,1,0,1,0,1,"","","","","","","","","","","","","","","","","","","","","","","","",25000,1,"","",1,1,0,1,"","","","","","","","","","","","","","","","","","","","","","","","","","","","","","","","","","","","","","","","","","","","","","","","","","","","","","","","","","","","","","","","","",""
"31069001","TOULOUSE-BLAGNAC",43.621,1.378833,151,1968080318,"","","","",5.,1,320,1,"","","","","","","","","","","","","","","","","","","","","","","","","","","","",21.2,1,9.5,1,"","","","","","","","","","","","","","","","","","","","","","","","","","",48,1,"","","","","","","","","","","","",12.1,1,1018.7,1,1001.,1,"","","",1,0,1,"","",0,1,0,1,0,1,"","","","","","","","","","","","","","","","","","","","","","","","",15000,1,"","",1,1,0,1,"","","","","","","","","","","","","","","","","","","","","","","","","","","","","","","","","","","","","","","","","","","","","","","","","","","","","","","","","","","","","","","","","",""
"31069001","TOULOUSE-BLAGNAC",43.621,1.378833,151,1968080321,"","","","",2.,1,340,1,"","","","","","","","","","","","","","","","","","","","","","","","","","","","",16.9,1,11.2,1,"","","","","","","","","","","","","","","","","","","","","","","","","","",71,1,"","","","","","","","","","","","",13.6,1,1019.7,1,1001.7,1,"","","",1,0,1,"","",0,1,0,1,0,1,"","","","","","","","","","","","","","","","","","","","","","","","",15000,1,"","",2,1,0,1,"","","","","","","","","","","","","","","","","","","","","","","","","","","","","","","","","","","","","","","","","","","","","","","","","","","","","","","","","","","","","","","","","",""
"31069001","TOULOUSE-BLAGNAC",43.621,1.378833,151,1968080400,"","","","",1.,1,260,1,"","","","","","","","","","","","","","","","","","","","","","","","","","","","",13.4,1,10.8,1,"","","","","","","","","","","","","","","","","","","","","","","","","","",86,1,"","","","","","","","","","","","",13.2,1,1019.7,1,1001.5,1,"","","",1,0,1,"","",0,1,0,1,0,1,"","","","","","","","","","","","","","","","","","","","","","","","",15000,1,"","",2,1,0,1,"","","","","","","","","","","","","","","","","","","","","","","","","","","","","","","","","","","","","","","","","","","","","","","","","","","","","","","","","","","","","","","","","",""
"31069001","TOULOUSE-BLAGNAC",43.621,1.378833,151,1968080403,"","","","",1.,1,200,1,"","","","","","","","","","","","","","","","","","","","","","","","","","","","",11.3,1,10.2,1,"","","","","","","","","","","","","","","","","","","","","","","","","","",95,1,"","","","","","","","","","","","",12.7,1,1018.8,1,1000.5,1,"","","",1,0,1,"","",0,1,0,1,0,1,"","","","","","","","","","","","","","","","","","","","","","","","",10000,1,"","",2,1,0,1,"","","","","","","","","","","","","","","","","","","","","","","","","","","","","","","","","","","","","","","","","","","","","","","","","","","","","","","","","","","","","","","","","",""
"31069001","TOULOUSE-BLAGNAC",43.621,1.378833,151,1968080406,"","","","",0.,1,0,1,"","","","","","","","","","","","","","","","","","","","","","","","","","","","",11.3,1,9.9,1,"","","","","","","","","","","","","","","","","","","","","","","","","","",93,1,"","","","","","","","","","","","",12.4,1,1018.7,1,1000.4,1,"","","",1,0,1,"","",0,1,0,1,0,1,"","","","","","","","","","","","","","","","","","","","","","","","",6000,1,"","",2,1,0,1,"","",0,1,"","","","","","","","","","","","","","","","","","","","","","","","","","","","","","","","","","","","","","","","","","","","","","","","","","","","","","","","","","","","","",""
"31069001","TOULOUSE-BLAGNAC",43.621,1.378833,151,1968080409,"","","","",2.,1,60,1,"","","","","","","","","","","","","","","","","","","","","","","","","","","","",17.8,1,11.5,1,"","","","","","","","","","","","","","","","","","","","","","","","","","",68,1,"","","","","","","","","","","","",13.9,1,1017.6,1,999.7,1,"","","",1,0,1,"","",0,1,0,1,0,1,"","","","","","","","","","","","","","","","","","","","","","","","",10000,1,"","",2,1,0,1,"","","","","","","","","","","","","","","","","","","","","","","","","","","","","","","","","","","","","","","","","","","","","","","","","","","","","","","","","","","","","","","","","",""
"31069001","TOULOUSE-BLAGNAC",43.621,1.378833,151,1968080412,"","","","",4.,1,100,1,"","","","","","","","","","","","","","","","","","","","","","","","","","","","",21.6,1,8.5,1,"","","","","","","","","","","","","","","","","","","","","","","","","","",44,1,"","","","","","","","","","","","",11.3,1,1015.7,1,998.1,1,"","","",1,0,1,"","",0,1,0,1,0,1,"","","","","","","","","","","","","","","","","","","","","","","","",20000,1,"","",2,1,0,1,"","","","","","","","","","","","","","","","","","","","","","","","","","","","","","","","","","","","","","","","","","","","","","","","","","","","","","","","","","","","","","","","","",""
"31069001","TOULOUSE-BLAGNAC",43.621,1.378833,151,1968080415,"","","","",3.,1,60,1,"","","","","","","","","","","","","","","","","","","","","","","","","","","","",25.,1,10.1,1,"","","","","","","","","","","","","","","","","","","","","","","","","","",40,1,"","","","","","","","","","","","",12.6,1,1013.2,1,995.8,1,"","","",1,0,1,"","",0,1,0,1,0,1,"","","","","","","","","","","","","","","","","","","","","","","","",20000,1,"","",2,1,0,1,"","","","","","","","","","","","","","","","","","","","","","","","","","","","","","","","","","","","","","","","","","","","","","","","","","","","","","","","","","","","","","","","","",""
"31069001","TOULOUSE-BLAGNAC",43.621,1.378833,151,1968080418,"","","","",3.,1,60,1,"","","","","","","","","","","","","","","","","","","","","","","","","","","","",25.4,1,9.5,1,"","","","","","","","","","","","","","","","","","","","","","","","","","",37,1,"","","","","","","","","","","","",12.1,1,1012.3,1,995.,1,"","","",1,0,1,"","",0,1,0,1,0,1,"","","","","","","","","","","","","","","","","","","","","","","","",20000,1,"","",1,1,0,1,"","","","","","","","","","","","","","","","","","","","","","","","","","","","","","","","","","","","","","","","","","","","","","","","","","","","","","","","","","","","","","","","","",""
"31069001","TOULOUSE-BLAGNAC",43.621,1.378833,151,1968080421,"","","","",4.,1,140,1,"","","","","","","","","","","","","","","","","","","","","","","","","","","","",22.,1,10.7,1,"","","","","","","","","","","","","","","","","","","","","","","","","","",50,1,"","","","","","","","","","","","",13.1,1,1012.5,1,995.,1,"","","",1,3,1,0,1,0,1,0,1,2,1,"","","","","","","","","","","","","","","","","","","","","","","","",20000,1,"","",2,1,0,1,"","","","","","","","","","","","","","","","","","","","","","","","","","","","","","","","","","","","","","","","","","","","","","","","","","","","","","","","","","","","","","","","","",""
"31069001","TOULOUSE-BLAGNAC",43.621,1.378833,151,1968080500,"","","","",4.,1,140,1,"","","","","","","","","","","","","","","","","","","","","","","","","","","","",19.4,1,7.2,1,"","","","","","","","","","","","","","","","","","","","","","","","","","",45,1,"","","","","","","","","","","","",10.3,1,1011.1,1,993.4,1,"","","",1,5,1,5,1,0,1,0,1,2,1,"","","","","","","","","","","","","","","","","","","","","","","","",20000,1,"","",2,1,2,1,"","","","","","","","","","","","","","","","","","","","","","","","","","","","","","","","","","","","","","","","","","","","","","","","","","","","","","","","","","","","","","","","","",""
"31069001","TOULOUSE-BLAGNAC",43.621,1.378833,151,1968080503,"","","","",6.,1,160,1,"","","","","","","","","","","","","","","","","","","","","","","","","","","","",20.,1,10.2,1,"","","","","","","","","","","","","","","","","","","","","","","","","","",55,1,"","","","","","","","","","","","",12.7,1,1010.9,1,993.3,1,"","","",1,7,1,7,1,0,1,0,1,5,1,"","","","","","","","","","","","","","","","","","","","","","","","",20000,1,"","",2,1,2,1,"","","","","","","","","","","","","","","","","","","","","","","","","","","","","","","","","","","","","","","","","","","","","","","","","","","","","","","","","","","","","","","","","",""
"31069001","TOULOUSE-BLAGNAC",43.621,1.378833,151,1968080506,"","","","",4.,1,240,1,"","","","","","","","","","","","","","","","","","","","","","","","","","","","",18.8,1,15.3,1,"","","","","","","","","","","","","","","","","","","","","","","","","","",83,1,"","","","","","","","","","","","",17.9,1,1012.3,1,994.6,1,"","","",1,8,1,8,1,7,1,"","","","","","","","","","","","","","","","","","","","","","","","","","","","",2000,1,"","",61,1,6,1,"","",1,1,"","","","","","","","","","","","","","","","","","","","","","","","","","","","","","","","","","","","","","","","","","","","","","","","","","","","","","","","","","","","","",""
"31069001","TOULOUSE-BLAGNAC",43.621,1.378833,151,1968080509,"","","","",3.,1,140,1,"","","","","","","","","","","","","","","","","","","","","","","","","","","","",19.3,1,17.7,1,"","","","","","","","","","","","","","","","","","","","","","","","","","",93,1,"","","","","","","","","","","","",20.9,1,1011.9,1,994.3,1,"","","",1,8,1,7,1,5,1,"","","","","","","","","","","","","","","","","","","","","","","","","","","","",4500,1,"","",21,1,6,1,"","","","","","","","","","","","","","","","","","","","","","","","","","","","","","","","","","","","","","","","","","","","","","","","","","","","","","","","","","","","","","","","","",""
"31069001","TOULOUSE-BLAGNAC",43.621,1.378833,151,1968080512,"","","","",6.,1,140,1,"","","","","","","","","","","","","","","","","","","","","","","","","","","","",21.,1,17.5,1,"","","","","","","","","","","","","","","","","","","","","","","","","","",83,1,"","","","","","","","","","","","",20.6,1,1011.6,1,994.1,1,"","","",1,7,1,6,1,8,1,"","","","","","","","","","","","","","","","","","","","","","","","","","","","",5000,1,"","",1,1,6,1,"","","","","","","","","","","","","","","","","","","","","","","","","","","","","","","","","","","","","","","","","","","","","","","","","","","","","","","","","","","","","","","","","",""
"31069001","TOULOUSE-BLAGNAC",43.621,1.378833,151,1968080515,"","","","",4.,1,300,1,"","","","","","","","","","","","","","","","","","","","","","","","","","","","",23.8,1,17.,1,"","","","","","","","","","","","","","","","","","","","","","","","","","",68,1,"","","","","","","","","","","","",20.,1,1012.,1,994.6,1,"","","",1,7,1,5,1,3,1,7,1,"","","","","","","","","","","","","","","","","","","","","","","","","","",10000,1,"","",3,1,2,1,"","","","","","","","","","","","","","","","","","","","","","","","","","","","","","","","","","","","","","","","","","","","","","","","","","","","","","","","","","","","","","","","","",""
"31069001","TOULOUSE-BLAGNAC",43.621,1.378833,151,1968080518,"","","","",4.,1,300,1,"","","","","","","","","","","","","","","","","","","","","","","","","","","","",23.5,1,15.7,1,"","","","","","","","","","","","","","","","","","","","","","","","","","",64,1,"","","","","","","","","","","","",18.4,1,1012.7,1,995.3,1,"","","",1,6,1,0,1,3,1,6,1,2,1,"","","","","","","","","","","","","","","","","","","","","","","","",15000,1,"","",3,1,8,1,"","","","","","","","","","","","","","","","","","","","","","","","","","","","","","","","","","","","","","","","","","","","","","","","","","","","","","","","","","","","","","","","","",""
"31069001","TOULOUSE-BLAGNAC",43.621,1.378833,151,1968080521,"","","","",2.,1,320,1,"","","","","","","","","","","","","","","","","","","","","","","","","","","","",19.,1,14.9,1,"","","","","","","","","","","","","","","","","","","","","","","","","","",79,1,"","","","","","","","","","","","",17.4,1,1015.4,1,997.7,1,"","","",1,3,1,0,1,0,1,0,1,2,1,"","","","","","","","","","","","","","","","","","","","","","","","",15000,1,"","",1,1,1,1,"","","","","","","","","","","","","","","","","","","","","","","","","","","","","","","","","","","","","","","","","","","","","","","","","","","","","","","","","","","","","","","","","",""
"31069001","TOULOUSE-BLAGNAC",43.621,1.378833,151,1968080600,"","","","",1.,1,340,1,"","","","","","","","","","","","","","","","","","","","","","","","","","","","",17.4,1,14.5,1,"","","","","","","","","","","","","","","","","","","","","","","","","","",86,1,"","","","","","","","","","","","",17.,1,1015.5,1,997.7,1,"","","",1,6,1,5,1,5,1,4,1,2,1,"","","","","","","","","","","","","","","","","","","","","","","","",10000,1,"","",3,1,1,1,"","","","","","","","","","","","","","","","","","","","","","","","","","","","","","","","","","","","","","","","","","","","","","","","","","","","","","","","","","","","","","","","","",""
"31069001","TOULOUSE-BLAGNAC",43.621,1.378833,151,1968080603,"","","","",1.,1,200,1,"","","","","","","","","","","","","","","","","","","","","","","","","","","","",16.7,1,15.1,1,"","","","","","","","","","","","","","","","","","","","","","","","","","",93,1,"","","","","","","","","","","","",17.6,1,1014.2,1,996.4,1,"","","",1,7,1,7,1,5,1,7,1,"","","","","","","","","","","","","","","","","","","","","","","","","","",10000,1,"","",2,1,2,1,"","","","","","","","","","","","","","","","","","","","","","","","","","","","","","","","","","","","","","","","","","","","","","","","","","","","","","","","","","","","","","","","","",""
"31069001","TOULOUSE-BLAGNAC",43.621,1.378833,151,1968080606,"","","","",2.,1,340,1,"","","","","","","","","","","","","","","","","","","","","","","","","","","","",16.8,1,15.,1,"","","","","","","","","","","","","","","","","","","","","","","","","","",92,1,"","","","","","","","","","","","",17.5,1,1015.,1,997.1,1,"","","",1,7,1,7,1,5,1,7,1,"","","","","","","","","","","","","","","","","","","","","","","","","","",8000,1,"","",2,1,2,1,"","",2,1,"","","","","","","","","","","","","","","","","","","","","","","","","","","","","","","","","","","","","","","","","","","","","","","","","","","","","","","","","","","","","",""
"31069001","TOULOUSE-BLAGNAC",43.621,1.378833,151,1968080609,"","","","",4.,1,280,1,"","","","","","","","","","","","","","","","","","","","","","","","","","","","",17.8,1,16.,1,"","","","","","","","","","","","","","","","","","","","","","","","","","",92,1,"","","","","","","","","","","","",18.7,1,1016.2,1,998.4,1,"","","",1,8,1,7,1,5,1,"","","","","","","","","","","","","","","","","","","","","","","","","","","","",9000,1,"","",60,1,8,1,"","","","","","","","","","","","","","","","","","","","","","","","","","","","","","","","","","","","","","","","","","","","","","","","","","","","","","","","","","","","","","","","","",""
"31069001","TOULOUSE-BLAGNAC",43.621,1.378833,151,1968080612,"","","","",4.,1,260,1,"","","","","","","","","","","","","","","","","","","","","","","","","","","","",20.3,1,16.5,1,"","","","","","","","","","","","","","","","","","","","","","","","","","",82,1,"","","","","","","","","","","","",19.4,1,1015.8,1,998.2,1,"","","",1,6,1,6,1,2,1,"","","","","","","","","","","","","","","","","","","","","","","","","","","","",10000,1,"","",25,1,6,1,"","","","","","","","","","","","","","","","","","","","","","","","","","","","","","","","","","","","","","","","","","","","","","","","","","","","","","","","","","","","","","","","","",""
"31069001","TOULOUSE-BLAGNAC",43.621,1.378833,151,1968080615,"","","","",9.,1,300,1,"","","","","","","","","","","","","","","","","","","","","","","","","","","","",21.9,1,11.1,1,"","","","","","","","","","","","","","","","","","","","","","","","","","",51,1,"","","","","","","","","","","","",13.5,1,1015.8,1,998.2,1,"","","",1,6,1,5,1,8,1,8,1,0,1,"","","","","","","","","","","","","","","","","","","","","","","","",20000,1,"","",2,1,2,1,"","","","","","","","","","","","","","","","","","","","","","","","","","","","","","","","","","","","","","","","","","","","","","","","","","","","","","","","","","","","","","","","","",""
"31069001","TOULOUSE-BLAGNAC",43.621,1.378833,151,1968080618,"","","","",7.,1,260,1,"","","","","","","","","","","","","","","","","","","","","","","","","","","","",19.9,1,13.9,1,"","","","","","","","","","","","","","","","","","","","","","","","","","",70,1,"","","","","","","","","","","","",16.3,1,1016.6,1,998.9,1,"","","",1,7,1,5,1,8,1,4,1,"","","","","","","","","","","","","","","","","","","","","","","","","","",20000,1,"","",2,1,2,1,"","","","","","","","","","","","","","","","","","","","","","","","","","","","","","","","","","","","","","","","","","","","","","","","","","","","","","","","","","","","","","","","","",""
"31069001","TOULOUSE-BLAGNAC",43.621,1.378833,151,1968080621,"","","","",4.,1,260,1,"","","","","","","","","","","","","","","","","","","","","","","","","","","","",17.4,1,13.5,1,"","","","","","","","","","","","","","","","","","","","","","","","","","",80,1,"","","","","","","","","","","","",15.9,1,1017.9,1,1000.,1,"","","",1,7,1,5,1,4,1,4,1,"","","","","","","","","","","","","","","","","","","","","","","","","","",10000,1,"","",3,1,2,1,"","","","","","","","","","","","","","","","","","","","","","","","","","","","","","","","","","","","","","","","","","","","","","","","","","","","","","","","","","","","","","","","","",""
"31069001","TOULOUSE-BLAGNAC",43.621,1.378833,151,1968080700,"","","","",1.,1,260,1,"","","","","","","","","","","","","","","","","","","","","","","","","","","","",14.8,1,12.7,1,"","","","","","","","","","","","","","","","","","","","","","","","","","",89,1,"","","","","","","","","","","","",15.,1,1018.5,1,1000.4,1,"","","",1,0,1,"","",0,1,0,1,0,1,"","","","","","","","","","","","","","","","","","","","","","","","",8000,1,"","",2,1,1,1,"","","","","","","","","","","","","","","","","","","","","","","","","","","","","","","","","","","","","","","","","","","","","","","","","","","","","","","","","","","","","","","","","",""
"31069001","TOULOUSE-BLAGNAC",43.621,1.378833,151,1968080703,"","","","",3.,1,200,1,"","","","","","","","","","","","","","","","","","","","","","","","","","","","",13.5,1,12.3,1,"","","","","","","","","","","","","","","","","","","","","","","","","","",94,1,"","","","","","","","","","","","",14.6,1,1017.2,1,999.1,1,"","","",1,2,1,0,1,0,1,0,1,2,1,"","","","","","","","","","","","","","","","","","","","","","","","",5000,1,"","",3,1,0,1,"","","","","","","","","","","","","","","","","","","","","","","","","","","","","","","","","","","","","","","","","","","","","","","","","","","","","","","","","","","","","","","","","",""
"31069001","TOULOUSE-BLAGNAC",43.621,1.378833,151,1968080706,"","","","",3.,1,220,1,"","","","","","","","","","","","","","","","","","","","","","","","","","","","",12.3,1,12.3,1,"","","","","","","","","","","","","","","","","","","","","","","","","","",99,1,"","","","","","","","","","","","",14.1,1,1017.1,1,998.9,1,"","","",1,2,1,0,1,0,1,0,1,2,1,"","","","","","","","","","","","","","","","","","","","","","","","",2000,1,"","",10,1,1,1,"","",1,1,"","","","","","","","","","","","","","","","","","","","","","","","","","","","","","","","","","","","","","","","","","","","","","","","","","","","","","","","","","","","","",""
"31069001","TOULOUSE-BLAGNAC",43.621,1.378833,151,1968080709,"","","","",5.,1,260,1,"","","","","","","","","","","","","","","","","","","","","","","","","","","","",18.,1,13.5,1,"","","","","","","","","","","","","","","","","","","","","","","","","","",77,1,"","","","","","","","","","","","",15.9,1,1016.3,1,998.5,1,"","","",1,7,1,5,1,2,1,0,1,2,1,"","","","","","","","","","","","","","","","","","","","","","","","",5000,1,"","",2,1,1,1,"","","","","","","","","","","","","","","","","","","","","","","","","","","","","","","","","","","","","","","","","","","","","","","","","","","","","","","","","","","","","","","","","",""
"31069001","TOULOUSE-BLAGNAC",43.621,1.378833,151,1968080712,"","","","",3.,1,260,1,"","","","","","","","","","","","","","","","","","","","","","","","","","","","",21.2,1,12.6,1,"","","","","","","","","","","","","","","","","","","","","","","","","","",59,1,"","","","","","","","","","","","",14.9,1,1015.,1,997.4,1,"","","",1,6,1,0,1,2,1,8,1,0,1,"","","","","","","","","","","","","","","","","","","","","","","","",10000,1,"","",1,1,1,1,"","","","","","","","","","","","","","","","","","","","","","","","","","","","","","","","","","","","","","","","","","","","","","","","","","","","","","","","","","","","","","","","","",""
"31069001","TOULOUSE-BLAGNAC",43.621,1.378833,151,1968080715,"","","","",3.,1,280,1,"","","","","","","","","","","","","","","","","","","","","","","","","","","","",22.2,1,13.3,1,"","","","","","","","","","","","","","","","","","","","","","","","","","",58,1,"","","","","","","","","","","","",15.7,1,1013.9,1,996.4,1,"","","",1,7,1,5,1,2,1,8,1,"","","","","","","","","","","","","","","","","","","","","","","","","","",10000,1,"","",3,1,2,1,"","","","","","","","","","","","","","","","","","","","","","","","","","","","","","","","","","","","","","","","","","","","","","","","","","","","","","","","","","","","","","","","","",""
"31069001","TOULOUSE-BLAGNAC",43.621,1.378833,151,1968080718,"","","","",4.,1,280,1,"","","","","","","","","","","","","","","","","","","","","","","","","","","","",22.,1,14.,1,"","","","","","","","","","","","","","","","","","","","","","","","","","",62,1,"","","","","","","","","","","","",16.4,1,1012.9,1,995.4,1,"","","",1,5,1,0,1,2,1,8,1,0,1,"","","","","","","","","","","","","","","","","","","","","","","","",10000,1,"","",2,1,2,1,"","","","","","","","","","","","","","","","","","","","","","","","","","","","","","","","","","","","","","","","","","","","","","","","","","","","","","","","","","","","","","","","","",""
"31069001","TOULOUSE-BLAGNAC",43.621,1.378833,151,1968080721,"","","","",5.,1,240,1,"","","","","","","","","","","","","","","","","","","","","","","","","","","","",17.3,1,15.1,1,"","","","","","","","","","","","","","","","","","","","","","","","","","",90,1,"","","","","","","","","","","","",17.7,1,1014.3,1,996.5,1,"","","",1,8,1,6,1,5,1,9,1,"","","","","","","","","","","","","","","","","","","","","","","","","","",10000,1,"","",3,1,8,1,"","","","","","","","","","","","","","","","","","","","","","","","","","","","","","","","","","","","","","","","","","","","","","","","","","","","","","","","","","","","","","","","","",""
"31069001","TOULOUSE-BLAGNAC",43.621,1.378833,151,1968080800,"","","","",4.,1,260,1,"","","","","","","","","","","","","","","","","","","","","","","","","","","","",16.8,1,15.,1,"","","","","","","","","","","","","","","","","","","","","","","","","","",92,1,"","","","","","","","","","","","",17.5,1,1013.7,1,995.9,1,"","","",1,7,1,5,1,5,1,9,1,"","","","","","","","","","","","","","","","","","","","","","","","","","",8000,1,"","",2,1,8,1,"","","","","","","","","","","","","","","","","","","","","","","","","","","","","","","","","","","","","","","","","","","","","","","","","","","","","","","","","","","","","","","","","",""
"31069001","TOULOUSE-BLAGNAC",43.621,1.378833,151,1968080803,"","","","",3.,1,260,1,"","","","","","","","","","","","","","","","","","","","","","","","","","","","",15.7,1,14.1,1,"","","","","","","","","","","","","","","","","","","","","","","","","","",92,1,"","","","","","","","","","","","",16.5,1,1012.2,1,994.3,1,"","","",1,7,1,6,1,5,1,8,1,"","","","","","","","","","","","","","","","","","","","","","","","","","",7000,1,"","",1,1,2,1,"","","","","","","","","","","","","","","","","","","","","","","","","","","","","","","","","","","","","","","","","","","","","","","","","","","","","","","","","","","","","","","","","",""
"31069001","TOULOUSE-BLAGNAC",43.621,1.378833,151,1968080806,"","","","",2.,1,300,1,"","","","","","","","","","","","","","","","","","","","","","","","","","","","",15.4,1,14.,1,"","","","","","","","","","","","","","","","","","","","","","","","","","",94,1,"","","","","","","","","","","","",16.4,1,1012.2,1,994.3,1,"","","",1,7,1,0,1,5,1,8,1,2,1,"","","","","","","","","","","","","","","","","","","","","","","","",3000,1,"","",10,1,2,1,"","",0,1,"","","","","","","","","","","","","","","","","","","","","","","","","","","","","","","","","","","","","","","","","","","","","","","","","","","","","","","","","","","","","",""
"31069001","TOULOUSE-BLAGNAC",43.621,1.378833,151,1968080809,"","","","",4.,1,260,1,"","","","","","","","","","","","","","","","","","","","","","","","","","","","",17.,1,13.8,1,"","","","","","","","","","","","","","","","","","","","","","","","","","",84,1,"","","","","","","","","","","","",16.2,1,1012.3,1,994.5,1,"","","",1,7,1,7,1,5,1,"","","","","","","","","","","","","","","","","","","","","","","","","","","","",4000,1,"","",10,1,2,1,"","","","","","","","","","","","","","","","","","","","","","","","","","","","","","","","","","","","","","","","","","","","","","","","","","","","","","","","","","","","","","","","","",""
"31069001","TOULOUSE-BLAGNAC",43.621,1.378833,151,1968080812,"","","","",3.,1,260,1,"","","","","","","","","","","","","","","","","","","","","","","","","","","","",20.2,1,13.7,1,"","","","","","","","","","","","","","","","","","","","","","","","","","",68,1,"","","","","","","","","","","","",16.1,1,1011.3,1,993.7,1,"","","",1,6,1,6,1,2,1,0,1,2,1,"","","","","","","","","","","","","","","","","","","","","","","","",15000,1,"","",2,1,2,1,"","","","","","","","","","","","","","","","","","","","","","","","","","","","","","","","","","","","","","","","","","","","","","","","","","","","","","","","","","","","","","","","","",""
"31069001","TOULOUSE-BLAGNAC",43.621,1.378833,151,1968080815,"","","","",4.,1,260,1,"","","","","","","","","","","","","","","","","","","","","","","","","","","","",20.8,1,12.1,1,"","","","","","","","","","","","","","","","","","","","","","","","","","",59,1,"","","","","","","","","","","","",14.4,1,1011.,1,993.4,1,"","","",1,7,1,5,1,8,1,8,1,"","","","","","","","","","","","","","","","","","","","","","","","","","",15000,1,"","",2,1,2,1,"","","","","","","","","","","","","","","","","","","","","","","","","","","","","","","","","","","","","","","","","","","","","","","","","","","","","","","","","","","","","","","","","",""
"31069001","TOULOUSE-BLAGNAC",43.621,1.378833,151,1968080818,"","","","",6.,1,260,1,"","","","","","","","","","","","","","","","","","","","","","","","","","","","",18.,1,15.6,1,"","","","","","","","","","","","","","","","","","","","","","","","","","",88,1,"","","","","","","","","","","","",18.2,1,1011.5,1,993.8,1,"","","",1,7,1,5,1,9,1,8,1,"","","","","","","","","","","","","","","","","","","","","","","","","","",10000,1,"","",25,1,8,1,"","","","","","","","","","","","","","","","","","","","","","","","","","","","","","","","","","","","","","","","","","","","","","","","","","","","","","","","","","","","","","","","","",""
"31069001","TOULOUSE-BLAGNAC",43.621,1.378833,151,1968080821,"","","","",5.,1,260,1,"","","","","","","","","","","","","","","","","","","","","","","","","","","","",17.,1,14.9,1,"","","","","","","","","","","","","","","","","","","","","","","","","","",90,1,"","","","","","","","","","","","",17.4,1,1013.2,1,995.4,1,"","","",1,8,1,7,1,8,1,"","","","","","","","","","","","","","","","","","","","","","","","","","","","",8000,1,"","",80,1,8,1,"","","","","","","","","","","","","","","","","","","","","","","","","","","","","","","","","","","","","","","","","","","","","","","","","","","","","","","","","","","","","","","","","",""
"31069001","TOULOUSE-BLAGNAC",43.621,1.378833,151,1968080900,"","","","",4.,1,260,1,"","","","","","","","","","","","","","","","","","","","","","","","","","","","",16.,1,14.8,1,"","","","","","","","","","","","","","","","","","","","","","","","","","",95,1,"","","","","","","","","","","","",17.3,1,1014.3,1,996.4,1,"","","",1,6,1,6,1,5,1,5,1,0,1,"","","","","","","","","","","","","","","","","","","","","","","","",8000,1,"","",3,1,8,1,"","","","","","","","","","","","","","","","","","","","","","","","","","","","","","","","","","","","","","","","","","","","","","","","","","","","","","","","","","","","","","","","","",""
"31069001","TOULOUSE-BLAGNAC",43.621,1.378833,151,1968080903,"","","","",3.,1,260,1,"","","","","","","","","","","","","","","","","","","","","","","","","","","","",15.8,1,14.4,1,"","","","","","","","","","","","","","","","","","","","","","","","","","",94,1,"","","","","","","","","","","","",16.8,1,1014.,1,996.1,1,"","","",1,8,1,5,1,5,1,"","","","","","","","","","","","","","","","","","","","","","","","","","","","",8000,1,"","",21,1,6,1,"","","","","","","","","","","","","","","","","","","","","","","","","","","","","","","","","","","","","","","","","","","","","","","","","","","","","","","","","","","","","","","","","",""
"31069001","TOULOUSE-BLAGNAC",43.621,1.378833,151,1968080906,"","","","",4.,1,260,1,"","","","","","","","","","","","","","","","","","","","","","","","","","","","",15.7,1,14.5,1,"","","","","","","","","","","","","","","","","","","","","","","","","","",96,1,"","","","","","","","","","","","",17.,1,1014.1,1,996.2,1,"","","",1,8,1,7,1,7,1,"","","","","","","","","","","","","","","","","","","","","","","","","","","","",4500,1,"","",21,1,6,1,"","",2,1,"","","","","","","","","","","","","","","","","","","","","","","","","","","","","","","","","","","","","","","","","","","","","","","","","","","","","","","","","","","","","",""
"31069001","TOULOUSE-BLAGNAC",43.621,1.378833,151,1968080909,"","","","",3.,1,260,1,"","","","","","","","","","","","","","","","","","","","","","","","","","","","",16.6,1,14.8,1,"","","","","","","","","","","","","","","","","","","","","","","","","","",92,1,"","","","","","","","","","","","",17.3,1,1015.1,1,997.2,1,"","","",1,8,1,8,1,8,1,"","","","","","","","","","","","","","","","","","","","","","","","","","","","",5000,1,"","",2,1,5,1,"","","","","","","","","","","","","","","","","","","","","","","","","","","","","","","","","","","","","","","","","","","","","","","","","","","","","","","","","","","","","","","","","",""
"31069001","TOULOUSE-BLAGNAC",43.621,1.378833,151,1968080912,"","","","",1.,1,240,1,"","","","","","","","","","","","","","","","","","","","","","","","","","","","",16.9,1,14.3,1,"","","","","","","","","","","","","","","","","","","","","","","","","","",87,1,"","","","","","","","","","","","",16.7,1,1015.7,1,997.8,1,"","","",1,7,1,7,1,8,1,"","","","","","","","","","","","","","","","","","","","","","","","","","","","",6000,1,"","",25,1,6,1,"","","","","","","","","","","","","","","","","","","","","","","","","","","","","","","","","","","","","","","","","","","","","","","","","","","","","","","","","","","","","","","","","",""
"31069001","TOULOUSE-BLAGNAC",43.621,1.378833,151,1968080915,"","","","",3.,1,260,1,"","","","","","","","","","","","","","","","","","","","","","","","","","","","",21.2,1,15.4,1,"","","","","","","","","","","","","","","","","","","","","","","","","","",72,1,"","","","","","","","","","","","",18.,1,1014.3,1,996.7,1,"","","",1,3,1,0,1,2,1,0,1,0,1,"","","","","","","","","","","","","","","","","","","","","","","","",8000,1,"","",1,1,8,1,"","","","","","","","","","","","","","","","","","","","","","","","","","","","","","","","","","","","","","","","","","","","","","","","","","","","","","","","","","","","","","","","","",""
"31069001","TOULOUSE-BLAGNAC",43.621,1.378833,151,1968080918,"","","","",3.,1,320,1,"","","","","","","","","","","","","","","","","","","","","","","","","","","","",20.4,1,15.,1,"","","","","","","","","","","","","","","","","","","","","","","","","","",73,1,"","","","","","","","","","","","",17.5,1,1014.2,1,996.6,1,"","","",1,6,1,6,1,8,1,0,1,0,1,"","","","","","","","","","","","","","","","","","","","","","","","",8000,1,"","",3,1,8,1,"","","","","","","","","","","","","","","","","","","","","","","","","","","","","","","","","","","","","","","","","","","","","","","","","","","","","","","","","","","","","","","","","",""
"31069001","TOULOUSE-BLAGNAC",43.621,1.378833,151,1968080921,"","","","",3.,1,260,1,"","","","","","","","","","","","","","","","","","","","","","","","","","","","",17.8,1,14.,1,"","","","","","","","","","","","","","","","","","","","","","","","","","",80,1,"","","","","","","","","","","","",16.4,1,1015.6,1,997.8,1,"","","",1,8,1,6,1,5,1,4,1,2,1,"","","","","","","","","","","","","","","","","","","","","","","","",10000,1,"","",2,1,2,1,"","","","","","","","","","","","","","","","","","","","","","","","","","","","","","","","","","","","","","","","","","","","","","","","","","","","","","","","","","","","","","","","","",""
"31069001","TOULOUSE-BLAGNAC",43.621,1.378833,151,1968081000,"","","","",3.,1,240,1,"","","","","","","","","","","","","","","","","","","","","","","","","","","","",15.2,1,13.8,1,"","","","","","","","","","","","","","","","","","","","","","","","","","",94,1,"","","","","","","","","","","","",16.2,1,1016.3,1,998.3,1,"","","",1,6,1,6,1,0,1,4,1,2,1,"","","","","","","","","","","","","","","","","","","","","","","","",8000,1,"","",2,1,2,1,"","","","","","","","","","","","","","","","","","","","","","","","","","","","","","","","","","","","","","","","","","","","","","","","","","","","","","","","","","","","","","","","","",""
"31069001","TOULOUSE-BLAGNAC",43.621,1.378833,151,1968081003,"","","","",3.,1,260,1,"","","","","","","","","","","","","","","","","","","","","","","","","","","","",15.2,1,14.1,1,"","","","","","","","","","","","","","","","","","","","","","","","","","",96,1,"","","","","","","","","","","","",16.5,1,1016.2,1,998.2,1,"","","",1,7,1,7,1,5,1,"","","","","","","","","","","","","","","","","","","","","","","","","","","","",8000,1,"","",2,1,2,1,"","","","","","","","","","","","","","","","","","","","","","","","","","","","","","","","","","","","","","","","","","","","","","","","","","","","","","","","","","","","","","","","","",""
"31069001","TOULOUSE-BLAGNAC",43.621,1.378833,151,1968081006,"","","","",3.,1,260,1,"","","","","","","","","","","","","","","","","","","","","","","","","","","","",13.9,1,12.7,1,"","","","","","","","","","","","","","","","","","","","","","","","","","",94,1,"","","","","","","","","","","","",15.,1,1016.3,1,998.2,1,"","","",1,3,1,0,1,5,1,3,1,0,1,"","","","","","","","","","","","","","","","","","","","","","","","",8000,1,"","",1,1,1,1,"","",2,1,"","","","","","","","","","","","","","","","","","","","","","","","","","","","","","","","","","","","","","","","","","","","","","","","","","","","","","","","","","","","","",""
"31069001","TOULOUSE-BLAGNAC",43.621,1.378833,151,1968081009,"","","","",3.,1,320,1,"","","","","","","","","","","","","","","","","","","","","","","","","","","","",17.6,1,12.4,1,"","","","","","","","","","","","","","","","","","","","","","","","","","",73,1,"","","","","","","","","","","","",14.7,1,1016.3,1,998.5,1,"","","",1,6,1,5,1,2,1,0,1,1,1,"","","","","","","","","","","","","","","","","","","","","","","","",15000,1,"","",3,1,1,1,"","","","","","","","","","","","","","","","","","","","","","","","","","","","","","","","","","","","","","","","","","","","","","","","","","","","","","","","","","","","","","","","","",""
"31069001","TOULOUSE-BLAGNAC",43.621,1.378833,151,1968081012,"","","","",2.,1,320,1,"","","","","","","","","","","","","","","","","","","","","","","","","","","","",20.4,1,12.4,1,"","","","","","","","","","","","","","","","","","","","","","","","","","",61,1,"","","","","","","","","","","","",14.7,1,1016.2,1,998.5,1,"","","",1,5,1,5,1,8,1,0,1,0,1,"","","","","","","","","","","","","","","","","","","","","","","","",25000,1,"","",1,1,1,1,"","","","","","","","","","","","","","","","","","","","","","","","","","","","","","","","","","","","","","","","","","","","","","","","","","","","","","","","","","","","","","","","","",""
"31069001","TOULOUSE-BLAGNAC",43.621,1.378833,151,1968081015,"","","","",3.,1,320,1,"","","","","","","","","","","","","","","","","","","","","","","","","","","","",22.5,1,9.4,1,"","","","","","","","","","","","","","","","","","","","","","","","","","",44,1,"","","","","","","","","","","","",12.,1,1014.6,1,997.1,1,"","","",1,2,1,0,1,1,1,0,1,0,1,"","","","","","","","","","","","","","","","","","","","","","","","",25000,1,"","",1,1,1,1,"","","","","","","","","","","","","","","","","","","","","","","","","","","","","","","","","","","","","","","","","","","","","","","","","","","","","","","","","","","","","","","","","",""
"31069001","TOULOUSE-BLAGNAC",43.621,1.378833,151,1968081018,"","","","",3.,1,300,1,"","","","","","","","","","","","","","","","","","","","","","","","","","","","",22.4,1,8.8,1,"","","","","","","","","","","","","","","","","","","","","","","","","","",42,1,"","","","","","","","","","","","",11.5,1,1014.3,1,996.8,1,"","","",1,3,1,0,1,4,1,0,1,1,1,"","","","","","","","","","","","","","","","","","","","","","","","",30000,1,"","",3,1,1,1,"","","","","","","","","","","","","","","","","","","","","","","","","","","","","","","","","","","","","","","","","","","","","","","","","","","","","","","","","","","","","","","","","",""
"31069001","TOULOUSE-BLAGNAC",43.621,1.378833,151,1968081021,"","","","",2.,1,260,1,"","","","","","","","","","","","","","","","","","","","","","","","","","","","",17.4,1,12.1,1,"","","","","","","","","","","","","","","","","","","","","","","","","","",73,1,"","","","","","","","","","","","",14.4,1,1015.4,1,997.6,1,"","","",1,4,1,0,1,5,1,0,1,2,1,"","","","","","","","","","","","","","","","","","","","","","","","",20000,1,"","",1,1,2,1,"","","","","","","","","","","","","","","","","","","","","","","","","","","","","","","","","","","","","","","","","","","","","","","","","","","","","","","","","","","","","","","","","",""
"31069001","TOULOUSE-BLAGNAC",43.621,1.378833,151,1968081100,"","","","",2.,1,260,1,"","","","","","","","","","","","","","","","","","","","","","","","","","","","",15.8,1,12.3,1,"","","","","","","","","","","","","","","","","","","","","","","","","","",81,1,"","","","","","","","","","","","",14.6,1,1015.8,1,997.8,1,"","","",1,4,1,0,1,0,1,0,1,2,1,"","","","","","","","","","","","","","","","","","","","","","","","",20000,1,"","",1,1,1,1,"","","","","","","","","","","","","","","","","","","","","","","","","","","","","","","","","","","","","","","","","","","","","","","","","","","","","","","","","","","","","","","","","",""
"31069001","TOULOUSE-BLAGNAC",43.621,1.378833,151,1968081103,"","","","",2.,1,260,1,"","","","","","","","","","","","","","","","","","","","","","","","","","","","",14.8,1,13.2,1,"","","","","","","","","","","","","","","","","","","","","","","","","","",92,1,"","","","","","","","","","","","",15.6,1,1015.9,1,997.9,1,"","","",1,5,1,5,1,0,1,0,1,2,1,"","","","","","","","","","","","","","","","","","","","","","","","",20000,1,"","",2,1,1,1,"","","","","","","","","","","","","","","","","","","","","","","","","","","","","","","","","","","","","","","","","","","","","","","","","","","","","","","","","","","","","","","","","",""
"31069001","TOULOUSE-BLAGNAC",43.621,1.378833,151,1968081106,"","","","",2.,1,280,1,"","","","","","","","","","","","","","","","","","","","","","","","","","","","",15.1,1,14.,1,"","","","","","","","","","","","","","","","","","","","","","","","","","",96,1,"","","","","","","","","","","","",16.4,1,1016.2,1,998.2,1,"","","",1,7,1,5,1,5,1,"","","","","","","","","","","","","","","","","","","","","","","","","","","","",5000,1,"","",3,1,1,1,"","",1,1,"","","","","","","","","","","","","","","","","","","","","","","","","","","","","","","","","","","","","","","","","","","","","","","","","","","","","","","","","","","","","",""
"31069001","TOULOUSE-BLAGNAC",43.621,1.378833,151,1968081109,"","","","",3.,1,280,1,"","","","","","","","","","","","","","","","","","","","","","","","","","","","",18.,1,15.2,1,"","","","","","","","","","","","","","","","","","","","","","","","","","",86,1,"","","","","","","","","","","","",17.8,1,1016.7,1,998.9,1,"","","",1,6,1,5,1,8,1,0,1,0,1,"","","","","","","","","","","","","","","","","","","","","","","","",8000,1,"","",1,1,2,1,"","","","","","","","","","","","","","","","","","","","","","","","","","","","","","","","","","","","","","","","","","","","","","","","","","","","","","","","","","","","","","","","","",""
"31069001","TOULOUSE-BLAGNAC",43.621,1.378833,151,1968081112,"","","","",3.,1,260,1,"","","","","","","","","","","","","","","","","","","","","","","","","","","","",21.6,1,14.9,1,"","","","","","","","","","","","","","","","","","","","","","","","","","",68,1,"","","","","","","","","","","","",17.4,1,1016.4,1,998.8,1,"","","",1,5,1,5,1,2,1,0,1,0,1,"","","","","","","","","","","","","","","","","","","","","","","","",15000,1,"","",1,1,2,1,"","","","","","","","","","","","","","","","","","","","","","","","","","","","","","","","","","","","","","","","","","","","","","","","","","","","","","","","","","","","","","","","","",""
"31069001","TOULOUSE-BLAGNAC",43.621,1.378833,151,1968081115,"","","","",4.,1,280,1,"","","","","","","","","","","","","","","","","","","","","","","","","","","","",22.9,1,12.2,1,"","","","","","","","","","","","","","","","","","","","","","","","","","",52,1,"","","","","","","","","","","","",14.5,1,1015.5,1,998.,1,"","","",1,5,1,0,1,3,1,8,1,2,1,"","","","","","","","","","","","","","","","","","","","","","","","",20000,1,"","",3,1,2,1,"","","","","","","","","","","","","","","","","","","","","","","","","","","","","","","","","","","","","","","","","","","","","","","","","","","","","","","","","","","","","","","","","",""
"31069001","TOULOUSE-BLAGNAC",43.621,1.378833,151,1968081118,"","","","",6.,1,300,1,"","","","","","","","","","","","","","","","","","","","","","","","","","","","",21.2,1,12.2,1,"","","","","","","","","","","","","","","","","","","","","","","","","","",57,1,"","","","","","","","","","","","",14.5,1,1016.,1,998.4,1,"","","",1,5,1,0,1,2,1,8,1,2,1,"","","","","","","","","","","","","","","","","","","","","","","","",25000,1,"","",1,1,2,1,"","","","","","","","","","","","","","","","","","","","","","","","","","","","","","","","","","","","","","","","","","","","","","","","","","","","","","","","","","","","","","","","","",""
"31069001","TOULOUSE-BLAGNAC",43.621,1.378833,151,1968081121,"","","","",3.,1,240,1,"","","","","","","","","","","","","","","","","","","","","","","","","","","","",18.,1,14.2,1,"","","","","","","","","","","","","","","","","","","","","","","","","","",80,1,"","","","","","","","","","","","",16.6,1,1018.3,1,1000.5,1,"","","",1,7,1,6,1,5,1,"","","","","","","","","","","","","","","","","","","","","","","","","","","","",20000,1,"","",13,1,2,1,"","","","","","","","","","","","","","","","","","","","","","","","","","","","","","","","","","","","","","","","","","","","","","","","","","","","","","","","","","","","","","","","","",""
"31069001","TOULOUSE-BLAGNAC",43.621,1.378833,151,1968081200,"","","","",4.,1,260,1,"","","","","","","","","","","","","","","","","","","","","","","","","","","","",16.,1,14.4,1,"","","","","","","","","","","","","","","","","","","","","","","","","","",92,1,"","","","","","","","","","","","",16.8,1,1019.,1,1001.,1,"","","",1,3,1,0,1,5,1,0,1,0,1,"","","","","","","","","","","","","","","","","","","","","","","","",10000,1,"","",1,1,1,1,"","","","","","","","","","","","","","","","","","","","","","","","","","","","","","","","","","","","","","","","","","","","","","","","","","","","","","","","","","","","","","","","","",""
"31069001","TOULOUSE-BLAGNAC",43.621,1.378833,151,1968081203,"","","","",3.,1,260,1,"","","","","","","","","","","","","","","","","","","","","","","","","","","","",15.8,1,14.4,1,"","","","","","","","","","","","","","","","","","","","","","","","","","",95,1,"","","","","","","","","","","","",16.9,1,1019.,1,1001.,1,"","","",1,7,1,7,1,6,1,"","","","","","","","","","","","","","","","","","","","","","","","","","","","",8000,1,"","",3,1,1,1,"","","","","","","","","","","","","","","","","","","","","","","","","","","","","","","","","","","","","","","","","","","","","","","","","","","","","","","","","","","","","","","","","",""
"31069001","TOULOUSE-BLAGNAC",43.621,1.378833,151,1968081206,"","","","",4.,1,260,1,"","","","","","","","","","","","","","","","","","","","","","","","","","","","",16.3,1,14.4,1,"","","","","","","","","","","","","","","","","","","","","","","","","","",92,1,"","","","","","","","","","","","",16.9,1,1019.6,1,1001.6,1,"","","",1,7,1,5,1,6,1,"","","","","","","","","","","","","","","","","","","","","","","","","","","","",6000,1,"","",1,1,1,1,"","",0,1,"","","","","","","","","","","","","","","","","","","","","","","","","","","","","","","","","","","","","","","","","","","","","","","","","","","","","","","","","","","","","",""
"31069001","TOULOUSE-BLAGNAC",43.621,1.378833,151,1968081209,"","","","",4.,1,280,1,"","","","","","","","","","","","","","","","","","","","","","","","","","","","",19.,1,14.8,1,"","","","","","","","","","","","","","","","","","","","","","","","","","",78,1,"","","","","","","","","","","","",17.3,1,1019.9,1,1002.1,1,"","","",1,6,1,0,1,8,1,0,1,0,1,"","","","","","","","","","","","","","","","","","","","","","","","",10000,1,"","",2,1,2,1,"","","","","","","","","","","","","","","","","","","","","","","","","","","","","","","","","","","","","","","","","","","","","","","","","","","","","","","","","","","","","","","","","",""
"31069001","TOULOUSE-BLAGNAC",43.621,1.378833,151,1968081212,"","","","",4.,1,280,1,"","","","","","","","","","","","","","","","","","","","","","","","","","","","",21.4,1,13.3,1,"","","","","","","","","","","","","","","","","","","","","","","","","","",62,1,"","","","","","","","","","","","",15.7,1,1019.4,1,1001.7,1,"","","",1,5,1,0,1,8,1,0,1,0,1,"","","","","","","","","","","","","","","","","","","","","","","","",20000,1,"","",1,1,2,1,"","","","","","","","","","","","","","","","","","","","","","","","","","","","","","","","","","","","","","","","","","","","","","","","","","","","","","","","","","","","","","","","","",""
"31069001","TOULOUSE-BLAGNAC",43.621,1.378833,151,1968081215,"","","","",4.,1,300,1,"","","","","","","","","","","","","","","","","","","","","","","","","","","","",23.9,1,13.2,1,"","","","","","","","","","","","","","","","","","","","","","","","","","",53,1,"","","","","","","","","","","","",15.6,1,1018.4,1,1000.9,1,"","","",1,5,1,0,1,8,1,0,1,0,1,"","","","","","","","","","","","","","","","","","","","","","","","",20000,1,"","",2,1,2,1,"","","","","","","","","","","","","","","","","","","","","","","","","","","","","","","","","","","","","","","","","","","","","","","","","","","","","","","","","","","","","","","","","",""
"31069001","TOULOUSE-BLAGNAC",43.621,1.378833,151,1968081218,"","","","",3.,1,320,1,"","","","","","","","","","","","","","","","","","","","","","","","","","","","",22.2,1,13.7,1,"","","","","","","","","","","","","","","","","","","","","","","","","","",60,1,"","","","","","","","","","","","",16.1,1,1017.5,1,999.9,1,"","","",1,7,1,7,1,5,1,4,1,5,1,"","","","","","","","","","","","","","","","","","","","","","","","",20000,1,"","",3,1,1,1,"","","","","","","","","","","","","","","","","","","","","","","","","","","","","","","","","","","","","","","","","","","","","","","","","","","","","","","","","","","","","","","","","",""
"31069001","TOULOUSE-BLAGNAC",43.621,1.378833,151,1968081221,"","","","",2.,1,280,1,"","","","","","","","","","","","","","","","","","","","","","","","","","","","",18.6,1,15.,1,"","","","","","","","","","","","","","","","","","","","","","","","","","",82,1,"","","","","","","","","","","","",17.5,1,1018.3,1,1000.5,1,"","","",1,7,1,7,1,0,1,0,1,2,1,"","","","","","","","","","","","","","","","","","","","","","","","",20000,1,"","",2,1,2,1,"","","","","","","","","","","","","","","","","","","","","","","","","","","","","","","","","","","","","","","","","","","","","","","","","","","","","","","","","","","","","","","","","",""
"31069001","TOULOUSE-BLAGNAC",43.621,1.378833,151,1968081300,"","","","",1.,1,180,1,"","","","","","","","","","","","","","","","","","","","","","","","","","","","",16.7,1,14.3,1,"","","","","","","","","","","","","","","","","","","","","","","","","","",88,1,"","","","","","","","","","","","",16.7,1,1017.2,1,999.3,1,"","","",1,5,1,5,1,0,1,0,1,2,1,"","","","","","","","","","","","","","","","","","","","","","","","",20000,1,"","",1,1,2,1,"","","","","","","","","","","","","","","","","","","","","","","","","","","","","","","","","","","","","","","","","","","","","","","","","","","","","","","","","","","","","","","","","",""
"31069001","TOULOUSE-BLAGNAC",43.621,1.378833,151,1968081303,"","","","",1.,1,200,1,"","","","","","","","","","","","","","","","","","","","","","","","","","","","",15.6,1,14.2,1,"","","","","","","","","","","","","","","","","","","","","","","","","","",94,1,"","","","","","","","","","","","",16.6,1,1015.6,1,997.7,1,"","","",1,7,1,6,1,0,1,5,1,2,1,"","","","","","","","","","","","","","","","","","","","","","","","",15000,1,"","",2,1,2,1,"","","","","","","","","","","","","","","","","","","","","","","","","","","","","","","","","","","","","","","","","","","","","","","","","","","","","","","","","","","","","","","","","",""
"31069001","TOULOUSE-BLAGNAC",43.621,1.378833,151,1968081306,"","","","",2.,1,200,1,"","","","","","","","","","","","","","","","","","","","","","","","","","","","",16.,1,16.,1,"","","","","","","","","","","","","","","","","","","","","","","","","","",99,1,"","","","","","","","","","","","",17.9,1,1014.9,1,997.,1,"","","",1,8,1,6,1,5,1,7,1,"","","","","","","","","","","","","","","","","","","","","","","","","","",3000,1,"","",61,1,2,1,"","",1,1,"","","","","","","","","","","","","","","","","","","","","","","","","","","","","","","","","","","","","","","","","","","","","","","","","","","","","","","","","","","","","",""
"31069001","TOULOUSE-BLAGNAC",43.621,1.378833,151,1968081309,"","","","",1.,1,60,1,"","","","","","","","","","","","","","","","","","","","","","","","","","","","",17.2,1,15.1,1,"","","","","","","","","","","","","","","","","","","","","","","","","","",90,1,"","","","","","","","","","","","",17.6,1,1014.9,1,997.1,1,"","","",1,8,1,8,1,5,1,7,1,"","","","","","","","","","","","","","","","","","","","","","","","","","",6000,1,"","",61,1,6,1,"","","","","","","","","","","","","","","","","","","","","","","","","","","","","","","","","","","","","","","","","","","","","","","","","","","","","","","","","","","","","","","","","",""
"31069001","TOULOUSE-BLAGNAC",43.621,1.378833,151,1968081312,"","","","",4.,1,260,1,"","","","","","","","","","","","","","","","","","","","","","","","","","","","",19.8,1,14.6,1,"","","","","","","","","","","","","","","","","","","","","","","","","","",74,1,"","","","","","","","","","","","",17.1,1,1014.1,1,996.4,1,"","","",1,8,1,7,1,5,1,"","","","","","","","","","","","","","","","","","","","","","","","","","","","",15000,1,"","",2,1,6,1,"","","","","","","","","","","","","","","","","","","","","","","","","","","","","","","","","","","","","","","","","","","","","","","","","","","","","","","","","","","","","","","","","",""
"31069001","TOULOUSE-BLAGNAC",43.621,1.378833,151,1968081315,"","","","",7.,1,260,1,"","","","","","","","","","","","","","","","","","","","","","","","","","","","",21.8,1,15.1,1,"","","","","","","","","","","","","","","","","","","","","","","","","","",68,1,"","","","","","","","","","","","",17.6,1,1013.1,1,995.6,1,"","","",1,7,1,5,1,8,1,4,1,"","","","","","","","","","","","","","","","","","","","","","","","","","",20000,1,"","",1,1,2,1,"","","","","","","","","","","","","","","","","","","","","","","","","","","","","","","","","","","","","","","","","","","","","","","","","","","","","","","","","","","","","","","","","",""
"31069001","TOULOUSE-BLAGNAC",43.621,1.378833,151,1968081318,"","","","",6.,1,260,1,"","","","","","","","","","","","","","","","","","","","","","","","","","","","",21.4,1,15.1,1,"","","","","","","","","","","","","","","","","","","","","","","","","","",69,1,"","","","","","","","","","","","",17.6,1,1012.3,1,994.8,1,"","","",1,7,1,7,1,2,1,7,1,"","","","","","","","","","","","","","","","","","","","","","","","","","",20000,1,"","",2,1,2,1,"","","","","","","","","","","","","","","","","","","","","","","","","","","","","","","","","","","","","","","","","","","","","","","","","","","","","","","","","","","","","","","","","",""
"31069001","TOULOUSE-BLAGNAC",43.621,1.378833,151,1968081321,"","","","",4.,1,260,1,"","","","","","","","","","","","","","","","","","","","","","","","","","","","",19.6,1,14.3,1,"","","","","","","","","","","","","","","","","","","","","","","","","","",74,1,"","","","","","","","","","","","",16.7,1,1012.2,1,994.6,1,"","","",1,7,1,7,1,0,1,7,1,"","","","","","","","","","","","","","","","","","","","","","","","","","",20000,1,"","",2,1,2,1,"","","","","","","","","","","","","","","","","","","","","","","","","","","","","","","","","","","","","","","","","","","","","","","","","","","","","","","","","","","","","","","","","",""
"31069001","TOULOUSE-BLAGNAC",43.621,1.378833,151,1968081400,"","","","",4.,1,220,1,"","","","","","","","","","","","","","","","","","","","","","","","","","","","",17.1,1,16.1,1,"","","","","","","","","","","","","","","","","","","","","","","","","","",97,1,"","","","","","","","","","","","",18.9,1,1011.,1,993.2,1,"","","",1,8,1,5,1,5,1,7,1,"","","","","","","","","","","","","","","","","","","","","","","","","","",7000,1,"","",61,1,2,1,"","","","","","","","","","","","","","","","","","","","","","","","","","","","","","","","","","","","","","","","","","","","","","","","","","","","","","","","","","","","","","","","","",""
"31069001","TOULOUSE-BLAGNAC",43.621,1.378833,151,1968081403,"","","","",5.,1,260,1,"","","","","","","","","","","","","","","","","","","","","","","","","","","","",18.8,1,16.7,1,"","","","","","","","","","","","","","","","","","","","","","","","","","",90,1,"","","","","","","","","","","","",19.6,1,1009.7,1,992.1,1,"","","",1,7,1,7,1,5,1,"","","","","","","","","","","","","","","","","","","","","","","","","","","","",15000,1,"","",2,1,6,1,"","","","","","","","","","","","","","","","","","","","","","","","","","","","","","","","","","","","","","","","","","","","","","","","","","","","","","","","","","","","","","","","","",""
"31069001","TOULOUSE-BLAGNAC",43.621,1.378833,151,1968081406,"","","","",8.,1,260,1,"","","","","","","","","","","","","","","","","","","","","","","","","","","","",18.,1,16.5,1,"","","","","","","","","","","","","","","","","","","","","","","","","","",94,1,"","","","","","","","","","","","",19.4,1,1010.3,1,992.6,1,"","","",1,6,1,5,1,8,1,0,1,0,1,"","","","","","","","","","","","","","","","","","","","","","","","",10000,1,"","",21,1,6,1,"","",2,1,"","","","","","","","","","","","","","","","","","","","","","","","","","","","","","","","","","","","","","","","","","","","","","","","","","","","","","","","","","","","","",""
"31069001","TOULOUSE-BLAGNAC",43.621,1.378833,151,1968081409,"","","","",12.,1,260,1,"","","","","","","","","","","","","","","","","","","","","","","","","","","","",19.4,1,15.,1,"","","","","","","","","","","","","","","","","","","","","","","","","","",78,1,"","","","","","","","","","","","",17.5,1,1012.1,1,994.5,1,"","","",1,7,1,6,1,8,1,"","","","","","","","","","","","","","","","","","","","","","","","","","","","",20000,1,"","",3,1,2,1,"","","","","","","","","","","","","","","","","","","","","","","","","","","","","","","","","","","","","","","","","","","","","","","","","","","","","","","","","","","","","","","","","",""
"31069001","TOULOUSE-BLAGNAC",43.621,1.378833,151,1968081412,"","","","",7.,1,280,1,"","","","","","","","","","","","","","","","","","","","","","","","","","","","",18.8,1,17.2,1,"","","","","","","","","","","","","","","","","","","","","","","","","","",94,1,"","","","","","","","","","","","",20.3,1,1013.8,1,996.1,1,"","","",1,7,1,5,1,8,1,"","","","","","","","","","","","","","","","","","","","","","","","","","","","",30000,1,"","",25,1,2,1,"","","","","","","","","","","","","","","","","","","","","","","","","","","","","","","","","","","","","","","","","","","","","","","","","","","","","","","","","","","","","","","","","",""
"31069001","TOULOUSE-BLAGNAC",43.621,1.378833,151,1968081415,"","","","",9.,1,260,1,"","","","","","","","","","","","","","","","","","","","","","","","","","","","",23.3,1,11.9,1,"","","","","","","","","","","","","","","","","","","","","","","","","","",50,1,"","","","","","","","","","","","",14.2,1,1014.5,1,997.,1,"","","",1,4,1,0,1,2,1,0,1,0,1,"","","","","","","","","","","","","","","","","","","","","","","","",50000,1,"","",1,1,1,1,"","","","","","","","","","","","","","","","","","","","","","","","","","","","","","","","","","","","","","","","","","","","","","","","","","","","","","","","","","","","","","","","","",""
"31069001","TOULOUSE-BLAGNAC",43.621,1.378833,151,1968081418,"","","","",8.,1,260,1,"","","","","","","","","","","","","","","","","","","","","","","","","","","","",21.,1,11.1,1,"","","","","","","","","","","","","","","","","","","","","","","","","","",54,1,"","","","","","","","","","","","",13.5,1,1015.8,1,998.2,1,"","","",1,2,1,0,1,1,1,0,1,0,1,"","","","","","","","","","","","","","","","","","","","","","","","",50000,1,"","",1,1,1,1,"","","","","","","","","","","","","","","","","","","","","","","","","","","","","","","","","","","","","","","","","","","","","","","","","","","","","","","","","","","","","","","","","",""
"31069001","TOULOUSE-BLAGNAC",43.621,1.378833,151,1968081421,"","","","",4.,1,260,1,"","","","","","","","","","","","","","","","","","","","","","","","","","","","",16.,1,11.4,1,"","","","","","","","","","","","","","","","","","","","","","","","","","",77,1,"","","","","","","","","","","","",13.8,1,1019.3,1,1001.3,1,"","","",1,1,1,0,1,4,1,0,1,0,1,"","","","","","","","","","","","","","","","","","","","","","","","",40000,1,"","",2,1,0,1,"","","","","","","","","","","","","","","","","","","","","","","","","","","","","","","","","","","","","","","","","","","","","","","","","","","","","","","","","","","","","","","","","",""
"31069001","TOULOUSE-BLAGNAC",43.621,1.378833,151,1968081500,"","","","",4.,1,260,1,"","","","","","","","","","","","","","","","","","","","","","","","","","","","",13.6,1,11.2,1,"","","","","","","","","","","","","","","","","","","","","","","","","","",88,1,"","","","","","","","","","","","",13.6,1,1020.1,1,1001.9,1,"","","",1,2,1,0,1,5,1,0,1,0,1,"","","","","","","","","","","","","","","","","","","","","","","","",20000,1,"","",3,1,0,1,"","","","","","","","","","","","","","","","","","","","","","","","","","","","","","","","","","","","","","","","","","","","","","","","","","","","","","","","","","","","","","","","","",""
"31069001","TOULOUSE-BLAGNAC",43.621,1.378833,151,1968081503,"","","","",3.,1,260,1,"","","","","","","","","","","","","","","","","","","","","","","","","","","","",12.7,1,11.1,1,"","","","","","","","","","","","","","","","","","","","","","","","","","",92,1,"","","","","","","","","","","","",13.5,1,1019.3,1,1001.1,1,"","","",1,2,1,0,1,5,1,0,1,0,1,"","","","","","","","","","","","","","","","","","","","","","","","",10000,1,"","",1,1,0,1,"","","","","","","","","","","","","","","","","","","","","","","","","","","","","","","","","","","","","","","","","","","","","","","","","","","","","","","","","","","","","","","","","",""
"31069001","TOULOUSE-BLAGNAC",43.621,1.378833,151,1968081506,"","","","",2.,1,200,1,"","","","","","","","","","","","","","","","","","","","","","","","","","","","",11.,1,11.,1,"","","","","","","","","","","","","","","","","","","","","","","","","","",99,1,"","","","","","","","","","","","",13.,1,1018.8,1,1000.5,1,"","","",1,3,1,0,1,8,1,0,1,1,1,"","","","","","","","","","","","","","","","","","","","","","","","",6000,1,"","",3,1,0,1,"","",1,1,"","","","","","","","","","","","","","","","","","","","","","","","","","","","","","","","","","","","","","","","","","","","","","","","","","","","","","","","","","","","","",""
"31069001","TOULOUSE-BLAGNAC",43.621,1.378833,151,1968081509,"","","","",2.,1,340,1,"","","","","","","","","","","","","","","","","","","","","","","","","","","","",17.3,1,12.4,1,"","","","","","","","","","","","","","","","","","","","","","","","","","",75,1,"","","","","","","","","","","","",14.7,1,1018.1,1,1000.2,1,"","","",1,5,1,5,1,2,1,0,1,0,1,"","","","","","","","","","","","","","","","","","","","","","","","",30000,1,"","",3,1,1,1,"","","","","","","","","","","","","","","","","","","","","","","","","","","","","","","","","","","","","","","","","","","","","","","","","","","","","","","","","","","","","","","","","",""
"31069001","TOULOUSE-BLAGNAC",43.621,1.378833,151,1968081512,"","","","",5.,1,320,1,"","","","","","","","","","","","","","","","","","","","","","","","","","","","",20.8,1,11.6,1,"","","","","","","","","","","","","","","","","","","","","","","","","","",57,1,"","","","","","","","","","","","",14.,1,1016.9,1,999.2,1,"","","",1,6,1,5,1,2,1,0,1,2,1,"","","","","","","","","","","","","","","","","","","","","","","","",40000,1,"","",2,1,1,1,"","","","","","","","","","","","","","","","","","","","","","","","","","","","","","","","","","","","","","","","","","","","","","","","","","","","","","","","","","","","","","","","","",""
"31069001","TOULOUSE-BLAGNAC",43.621,1.378833,151,1968081515,"","","","",3.,1,300,1,"","","","","","","","","","","","","","","","","","","","","","","","","","","","",22.,1,10.6,1,"","","","","","","","","","","","","","","","","","","","","","","","","","",50,1,"","","","","","","","","","","","",13.,1,1015.5,1,997.9,1,"","","",1,5,1,0,1,2,1,0,1,2,1,"","","","","","","","","","","","","","","","","","","","","","","","",40000,1,"","",1,1,2,1,"","","","","","","","","","","","","","","","","","","","","","","","","","","","","","","","","","","","","","","","","","","","","","","","","","","","","","","","","","","","","","","","","",""
"31069001","TOULOUSE-BLAGNAC",43.621,1.378833,151,1968081518,"","","","",3.,1,340,1,"","","","","","","","","","","","","","","","","","","","","","","","","","","","",21.1,1,11.3,1,"","","","","","","","","","","","","","","","","","","","","","","","","","",55,1,"","","","","","","","","","","","",13.7,1,1015.2,1,997.6,1,"","","",1,6,1,6,1,4,1,0,1,2,1,"","","","","","","","","","","","","","","","","","","","","","","","",40000,1,"","",3,1,2,1,"","","","","","","","","","","","","","","","","","","","","","","","","","","","","","","","","","","","","","","","","","","","","","","","","","","","","","","","","","","","","","","","","",""
"31069001","TOULOUSE-BLAGNAC",43.621,1.378833,151,1968081521,"","","","",0.,1,0,1,"","","","","","","","","","","","","","","","","","","","","","","","","","","","",17.6,1,13.3,1,"","","","","","","","","","","","","","","","","","","","","","","","","","",78,1,"","","","","","","","","","","","",15.7,1,1016.,1,998.2,1,"","","",1,2,1,0,1,0,1,0,1,2,1,"","","","","","","","","","","","","","","","","","","","","","","","",30000,1,"","",1,1,1,1,"","","","","","","","","","","","","","","","","","","","","","","","","","","","","","","","","","","","","","","","","","","","","","","","","","","","","","","","","","","","","","","","","",""
"31069001","TOULOUSE-BLAGNAC",43.621,1.378833,151,1968081600,"","","","",1.,1,180,1,"","","","","","","","","","","","","","","","","","","","","","","","","","","","",15.,1,12.9,1,"","","","","","","","","","","","","","","","","","","","","","","","","","",89,1,"","","","","","","","","","","","",15.2,1,1015.7,1,997.7,1,"","","",1,0,1,"","",0,1,0,1,0,1,"","","","","","","","","","","","","","","","","","","","","","","","",30000,1,"","",1,1,1,1,"","","","","","","","","","","","","","","","","","","","","","","","","","","","","","","","","","","","","","","","","","","","","","","","","","","","","","","","","","","","","","","","","",""
"31069001","TOULOUSE-BLAGNAC",43.621,1.378833,151,1968081603,"","","","",2.,1,180,1,"","","","","","","","","","","","","","","","","","","","","","","","","","","","",13.7,1,12.7,1,"","","","","","","","","","","","","","","","","","","","","","","","","","",95,1,"","","","","","","","","","","","",15.,1,1014.8,1,996.7,1,"","","",1,2,1,0,1,0,1,4,1,0,1,"","","","","","","","","","","","","","","","","","","","","","","","",15000,1,"","",2,1,0,1,"","","","","","","","","","","","","","","","","","","","","","","","","","","","","","","","","","","","","","","","","","","","","","","","","","","","","","","","","","","","","","","","","",""
"31069001","TOULOUSE-BLAGNAC",43.621,1.378833,151,1968081606,"","","","",2.,1,200,1,"","","","","","","","","","","","","","","","","","","","","","","","","","","","",14.8,1,13.7,1,"","","","","","","","","","","","","","","","","","","","","","","","","","",96,1,"","","","","","","","","","","","",16.1,1,1015.2,1,997.2,1,"","","",1,7,1,7,1,5,1,"","","","","","","","","","","","","","","","","","","","","","","","","","","","",9000,1,"","",3,1,1,1,"","",0,1,"","","","","","","","","","","","","","","","","","","","","","","","","","","","","","","","","","","","","","","","","","","","","","","","","","","","","","","","","","","","","",""
"31069001","TOULOUSE-BLAGNAC",43.621,1.378833,151,1968081609,"","","","",3.,1,200,1,"","","","","","","","","","","","","","","","","","","","","","","","","","","","",17.4,1,15.9,1,"","","","","","","","","","","","","","","","","","","","","","","","","","",94,1,"","","","","","","","","","","","",18.6,1,1015.8,1,998.,1,"","","",1,8,1,5,1,5,1,7,1,"","","","","","","","","","","","","","","","","","","","","","","","","","",10000,1,"","",21,1,2,1,"","","","","","","","","","","","","","","","","","","","","","","","","","","","","","","","","","","","","","","","","","","","","","","","","","","","","","","","","","","","","","","","","",""
"31069001","TOULOUSE-BLAGNAC",43.621,1.378833,151,1968081612,"","","","",5.,1,280,1,"","","","","","","","","","","","","","","","","","","","","","","","","","","","",20.,1,15.1,1,"","","","","","","","","","","","","","","","","","","","","","","","","","",75,1,"","","","","","","","","","","","",17.6,1,1015.4,1,997.7,1,"","","",1,8,1,5,1,8,1,"","","","","","","","","","","","","","","","","","","","","","","","","","","","",15000,1,"","",3,1,6,1,"","","","","","","","","","","","","","","","","","","","","","","","","","","","","","","","","","","","","","","","","","","","","","","","","","","","","","","","","","","","","","","","","",""
"31069001","TOULOUSE-BLAGNAC",43.621,1.378833,151,1968081615,"","","","",2.,1,260,1,"","","","","","","","","","","","","","","","","","","","","","","","","","","","",22.,1,15.2,1,"","","","","","","","","","","","","","","","","","","","","","","","","","",68,1,"","","","","","","","","","","","",17.8,1,1014.8,1,997.3,1,"","","",1,7,1,7,1,8,1,"","","","","","","","","","","","","","","","","","","","","","","","","","","","",15000,1,"","",3,1,2,1,"","","","","","","","","","","","","","","","","","","","","","","","","","","","","","","","","","","","","","","","","","","","","","","","","","","","","","","","","","","","","","","","","",""
"31069001","TOULOUSE-BLAGNAC",43.621,1.378833,151,1968081618,"","","","",3.,1,200,1,"","","","","","","","","","","","","","","","","","","","","","","","","","","","",21.2,1,15.8,1,"","","","","","","","","","","","","","","","","","","","","","","","","","",73,1,"","","","","","","","","","","","",18.5,1,1013.6,1,996.,1,"","","",1,6,1,5,1,8,1,3,1,2,1,"","","","","","","","","","","","","","","","","","","","","","","","",20000,1,"","",1,1,2,1,"","","","","","","","","","","","","","","","","","","","","","","","","","","","","","","","","","","","","","","","","","","","","","","","","","","","","","","","","","","","","","","","","",""
"31069001","TOULOUSE-BLAGNAC",43.621,1.378833,151,1968081621,"","","","",3.,1,180,1,"","","","","","","","","","","","","","","","","","","","","","","","","","","","",18.1,1,16.1,1,"","","","","","","","","","","","","","","","","","","","","","","","","","",91,1,"","","","","","","","","","","","",18.9,1,1013.5,1,995.8,1,"","","",1,7,1,7,1,5,1,"","","","","","","","","","","","","","","","","","","","","","","","","","","","",20000,1,"","",3,1,2,1,"","","","","","","","","","","","","","","","","","","","","","","","","","","","","","","","","","","","","","","","","","","","","","","","","","","","","","","","","","","","","","","","","",""
"31069001","TOULOUSE-BLAGNAC",43.621,1.378833,151,1968081700,"","","","",2.,1,100,1,"","","","","","","","","","","","","","","","","","","","","","","","","","","","",17.8,1,15.7,1,"","","","","","","","","","","","","","","","","","","","","","","","","","",90,1,"","","","","","","","","","","","",18.3,1,1011.7,1,994.,1,"","","",1,5,1,5,1,5,1,0,1,0,1,"","","","","","","","","","","","","","","","","","","","","","","","",10000,1,"","",1,1,2,1,"","","","","","","","","","","","","","","","","","","","","","","","","","","","","","","","","","","","","","","","","","","","","","","","","","","","","","","","","","","","","","","","","",""
"31069001","TOULOUSE-BLAGNAC",43.621,1.378833,151,1968081703,"","","","",3.,1,300,1,"","","","","","","","","","","","","","","","","","","","","","","","","","","","",17.1,1,16.1,1,"","","","","","","","","","","","","","","","","","","","","","","","","","",97,1,"","","","","","","","","","","","",18.9,1,1011.,1,993.2,1,"","","",1,8,1,7,1,5,1,"","","","","","","","","","","","","","","","","","","","","","","","","","","","",8000,1,"","",61,1,6,1,"","","","","","","","","","","","","","","","","","","","","","","","","","","","","","","","","","","","","","","","","","","","","","","","","","","","","","","","","","","","","","","","","",""
"31069001","TOULOUSE-BLAGNAC",43.621,1.378833,151,1968081706,"","","","",3.,1,200,1,"","","","","","","","","","","","","","","","","","","","","","","","","","","","",16.9,1,16.1,1,"","","","","","","","","","","","","","","","","","","","","","","","","","",98,1,"","","","","","","","","","","","",18.9,1,1013.2,1,995.4,1,"","","",1,8,1,5,1,5,1,7,1,"","","","","","","","","","","","","","","","","","","","","","","","","","",6000,1,"","",21,1,9,1,"","",2,1,"","","","","","","","","","","","","","","","","","","","","","","","","","","","","","","","","","","","","","","","","","","","","","","","","","","","","","","","","","","","","",""
"31069001","TOULOUSE-BLAGNAC",43.621,1.378833,151,1968081709,"","","","",8.,1,280,1,"","","","","","","","","","","","","","","","","","","","","","","","","","","","",17.6,1,16.1,1,"","","","","","","","","","","","","","","","","","","","","","","","","","",94,1,"","","","","","","","","","","","",18.9,1,1015.6,1,997.8,1,"","","",1,8,1,8,1,8,1,"","","","","","","","","","","","","","","","","","","","","","","","","","","","",8000,1,"","",61,1,6,1,"","","","","","","","","","","","","","","","","","","","","","","","","","","","","","","","","","","","","","","","","","","","","","","","","","","","","","","","","","","","","","","","","",""
"31069001","TOULOUSE-BLAGNAC",43.621,1.378833,151,1968081712,"","","","",7.,1,280,1,"","","","","","","","","","","","","","","","","","","","","","","","","","","","",19.7,1,14.1,1,"","","","","","","","","","","","","","","","","","","","","","","","","","",72,1,"","","","","","","","","","","","",16.5,1,1017.5,1,999.8,1,"","","",1,8,1,7,1,8,1,7,1,"","","","","","","","","","","","","","","","","","","","","","","","","","",20000,1,"","",3,1,6,1,"","","","","","","","","","","","","","","","","","","","","","","","","","","","","","","","","","","","","","","","","","","","","","","","","","","","","","","","","","","","","","","","","",""
"31069001","TOULOUSE-BLAGNAC",43.621,1.378833,151,1968081715,"","","","",5.,1,240,1,"","","","","","","","","","","","","","","","","","","","","","","","","","","","",19.,1,14.,1,"","","","","","","","","","","","","","","","","","","","","","","","","","",74,1,"","","","","","","","","","","","",16.4,1,1018.,1,1000.2,1,"","","",1,8,1,6,1,8,1,"","","","","","","","","","","","","","","","","","","","","","","","","","","","",20000,1,"","",3,1,8,1,"","","","","","","","","","","","","","","","","","","","","","","","","","","","","","","","","","","","","","","","","","","","","","","","","","","","","","","","","","","","","","","","","",""
"31069001","TOULOUSE-BLAGNAC",43.621,1.378833,151,1968081718,"","","","",5.,1,240,1,"","","","","","","","","","","","","","","","","","","","","","","","","","","","",19.,1,14.1,1,"","","","","","","","","","","","","","","","","","","","","","","","","","",75,1,"","","","","","","","","","","","",16.5,1,1018.3,1,1000.5,1,"","","",1,7,1,5,1,8,1,3,1,2,1,"","","","","","","","","","","","","","","","","","","","","","","","",30000,1,"","",3,1,8,1,"","","","","","","","","","","","","","","","","","","","","","","","","","","","","","","","","","","","","","","","","","","","","","","","","","","","","","","","","","","","","","","","","",""
"31069001","TOULOUSE-BLAGNAC",43.621,1.378833,151,1968081721,"","","","",3.,1,240,1,"","","","","","","","","","","","","","","","","","","","","","","","","","","","",15.6,1,13.5,1,"","","","","","","","","","","","","","","","","","","","","","","","","","",90,1,"","","","","","","","","","","","",15.9,1,1019.9,1,1001.9,1,"","","",1,4,1,0,1,0,1,0,1,1,1,"","","","","","","","","","","","","","","","","","","","","","","","",15000,1,"","",3,1,1,1,"","","","","","","","","","","","","","","","","","","","","","","","","","","","","","","","","","","","","","","","","","","","","","","","","","","","","","","","","","","","","","","","","",""
"31069001","TOULOUSE-BLAGNAC",43.621,1.378833,151,1968081800,"","","","",3.,1,260,1,"","","","","","","","","","","","","","","","","","","","","","","","","","","","",14.3,1,12.9,1,"","","","","","","","","","","","","","","","","","","","","","","","","","",93,1,"","","","","","","","","","","","",15.2,1,1020.1,1,1002.,1,"","","",1,6,1,5,1,0,1,3,1,2,1,"","","","","","","","","","","","","","","","","","","","","","","","",8000,1,"","",3,1,1,1,"","","","","","","","","","","","","","","","","","","","","","","","","","","","","","","","","","","","","","","","","","","","","","","","","","","","","","","","","","","","","","","","","",""
"31069001","TOULOUSE-BLAGNAC",43.621,1.378833,151,1968081803,"","","","",2.,1,260,1,"","","","","","","","","","","","","","","","","","","","","","","","","","","","",14.3,1,13.1,1,"","","","","","","","","","","","","","","","","","","","","","","","","","",94,1,"","","","","","","","","","","","",15.4,1,1020.5,1,1002.4,1,"","","",1,8,1,8,1,5,1,"","","","","","","","","","","","","","","","","","","","","","","","","","","","",9000,1,"","",3,1,2,1,"","","","","","","","","","","","","","","","","","","","","","","","","","","","","","","","","","","","","","","","","","","","","","","","","","","","","","","","","","","","","","","","","",""
"31069001","TOULOUSE-BLAGNAC",43.621,1.378833,151,1968081806,"","","","",3.,1,240,1,"","","","","","","","","","","","","","","","","","","","","","","","","","","","",14.4,1,12.7,1,"","","","","","","","","","","","","","","","","","","","","","","","","","",91,1,"","","","","","","","","","","","",15.,1,1021.1,1,1003.,1,"","","",1,3,1,0,1,5,1,4,1,0,1,"","","","","","","","","","","","","","","","","","","","","","","","",20000,1,"","",1,1,1,1,"","",1,1,"","","","","","","","","","","","","","","","","","","","","","","","","","","","","","","","","","","","","","","","","","","","","","","","","","","","","","","","","","","","","",""
"31069001","TOULOUSE-BLAGNAC",43.621,1.378833,151,1968081809,"","","","",6.,1,280,1,"","","","","","","","","","","","","","","","","","","","","","","","","","","","",17.8,1,12.6,1,"","","","","","","","","","","","","","","","","","","","","","","","","","",73,1,"","","","","","","","","","","","",14.9,1,1022.5,1,1004.6,1,"","","",1,6,1,6,1,2,1,0,1,0,1,"","","","","","","","","","","","","","","","","","","","","","","","",30000,1,"","",3,1,1,1,"","","","","","","","","","","","","","","","","","","","","","","","","","","","","","","","","","","","","","","","","","","","","","","","","","","","","","","","","","","","","","","","","",""
"31069001","TOULOUSE-BLAGNAC",43.621,1.378833,151,1968081812,"","","","",7.,1,280,1,"","","","","","","","","","","","","","","","","","","","","","","","","","","","",21.5,1,10.4,1,"","","","","","","","","","","","","","","","","","","","","","","","","","",50,1,"","","","","","","","","","","","",12.9,1,1022.2,1,1004.5,1,"","","",1,4,1,0,1,2,1,0,1,0,1,"","","","","","","","","","","","","","","","","","","","","","","","",40000,1,"","",1,1,1,1,"","","","","","","","","","","","","","","","","","","","","","","","","","","","","","","","","","","","","","","","","","","","","","","","","","","","","","","","","","","","","","","","","",""
"31069001","TOULOUSE-BLAGNAC",43.621,1.378833,151,1968081815,"","","","",6.,1,320,1,"","","","","","","","","","","","","","","","","","","","","","","","","","","","",21.8,1,11.2,1,"","","","","","","","","","","","","","","","","","","","","","","","","","",52,1,"","","","","","","","","","","","",13.6,1,1021.7,1,1004.,1,"","","",1,6,1,6,1,2,1,0,1,0,1,"","","","","","","","","","","","","","","","","","","","","","","","",40000,1,"","",2,1,2,1,"","","","","","","","","","","","","","","","","","","","","","","","","","","","","","","","","","","","","","","","","","","","","","","","","","","","","","","","","","","","","","","","","",""
"31069001","TOULOUSE-BLAGNAC",43.621,1.378833,151,1968081818,"","","","",4.,1,280,1,"","","","","","","","","","","","","","","","","","","","","","","","","","","","",21.,1,11.2,1,"","","","","","","","","","","","","","","","","","","","","","","","","","",55,1,"","","","","","","","","","","","",13.6,1,1022.2,1,1004.4,1,"","","",1,4,1,0,1,4,1,0,1,0,1,"","","","","","","","","","","","","","","","","","","","","","","","",30000,1,"","",1,1,1,1,"","","","","","","","","","","","","","","","","","","","","","","","","","","","","","","","","","","","","","","","","","","","","","","","","","","","","","","","","","","","","","","","","",""
"31069001","TOULOUSE-BLAGNAC",43.621,1.378833,151,1968081821,"","","","",2.,1,300,1,"","","","","","","","","","","","","","","","","","","","","","","","","","","","",15.8,1,11.4,1,"","","","","","","","","","","","","","","","","","","","","","","","","","",78,1,"","","","","","","","","","","","",13.8,1,1024.3,1,1006.2,1,"","","",1,1,1,0,1,4,1,0,1,0,1,"","","","","","","","","","","","","","","","","","","","","","","","",15000,1,"","",2,1,0,1,"","","","","","","","","","","","","","","","","","","","","","","","","","","","","","","","","","","","","","","","","","","","","","","","","","","","","","","","","","","","","","","","","",""
"31069001","TOULOUSE-BLAGNAC",43.621,1.378833,151,1968081900,"","","","",2.,1,300,1,"","","","","","","","","","","","","","","","","","","","","","","","","","","","",13.6,1,10.3,1,"","","","","","","","","","","","","","","","","","","","","","","","","","",82,1,"","","","","","","","","","","","",12.8,1,1024.8,1,1006.5,1,"","","",1,0,1,"","",0,1,0,1,0,1,"","","","","","","","","","","","","","","","","","","","","","","","",15000,1,"","",2,1,0,1,"","","","","","","","","","","","","","","","","","","","","","","","","","","","","","","","","","","","","","","","","","","","","","","","","","","","","","","","","","","","","","","","","",""
"31069001","TOULOUSE-BLAGNAC",43.621,1.378833,151,1968081903,"","","","",2.,1,280,1,"","","","","","","","","","","","","","","","","","","","","","","","","","","","",11.7,1,9.9,1,"","","","","","","","","","","","","","","","","","","","","","","","","","",90,1,"","","","","","","","","","","","",12.4,1,1024.8,1,1006.4,1,"","","",1,3,1,0,1,0,1,3,1,0,1,"","","","","","","","","","","","","","","","","","","","","","","","",15000,1,"","",3,1,0,1,"","","","","","","","","","","","","","","","","","","","","","","","","","","","","","","","","","","","","","","","","","","","","","","","","","","","","","","","","","","","","","","","","",""
"31069001","TOULOUSE-BLAGNAC",43.621,1.378833,151,1968081906,"","","","",2.,1,200,1,"","","","","","","","","","","","","","","","","","","","","","","","","","","","",9.7,1,8.8,1,"","","","","","","","","","","","","","","","","","","","","","","","","","",96,1,"","","","","","","","","","","","",11.5,1,1024.4,1,1005.9,1,"","","",1,0,1,"","",0,1,0,1,0,1,"","","","","","","","","","","","","","","","","","","","","","","","",15000,1,"","",2,1,0,1,"","",0,1,"","","","","","","","","","","","","","","","","","","","","","","","","","","","","","","","","","","","","","","","","","","","","","","","","","","","","","","","","","","","","",""
"31069001","TOULOUSE-BLAGNAC",43.621,1.378833,151,1968081909,"","","","",2.,1,140,1,"","","","","","","","","","","","","","","","","","","","","","","","","","","","",17.9,1,11.2,1,"","","","","","","","","","","","","","","","","","","","","","","","","","",66,1,"","","","","","","","","","","","",13.6,1,1024.3,1,1006.3,1,"","","",1,0,1,"","",0,1,0,1,0,1,"","","","","","","","","","","","","","","","","","","","","","","","",8000,1,"","",2,1,0,1,"","","","","","","","","","","","","","","","","","","","","","","","","","","","","","","","","","","","","","","","","","","","","","","","","","","","","","","","","","","","","","","","","",""
"31069001","TOULOUSE-BLAGNAC",43.621,1.378833,151,1968081912,"","","","",2.,1,60,1,"","","","","","","","","","","","","","","","","","","","","","","","","","","","",21.4,1,8.8,1,"","","","","","","","","","","","","","","","","","","","","","","","","","",45,1,"","","","","","","","","","","","",11.5,1,1023.1,1,1005.3,1,"","","",1,1,1,0,1,0,1,0,1,1,1,"","","","","","","","","","","","","","","","","","","","","","","","",30000,1,"","",2,1,0,1,"","","","","","","","","","","","","","","","","","","","","","","","","","","","","","","","","","","","","","","","","","","","","","","","","","","","","","","","","","","","","","","","","",""
"31069001","TOULOUSE-BLAGNAC",43.621,1.378833,151,1968081915,"","","","",2.,1,60,1,"","","","","","","","","","","","","","","","","","","","","","","","","","","","",23.8,1,8.4,1,"","","","","","","","","","","","","","","","","","","","","","","","","","",38,1,"","","","","","","","","","","","",11.2,1,1021.3,1,1003.7,1,"","","",1,0,1,"","",0,1,0,1,0,1,"","","","","","","","","","","","","","","","","","","","","","","","",30000,1,"","",2,1,0,1,"","","","","","","","","","","","","","","","","","","","","","","","","","","","","","","","","","","","","","","","","","","","","","","","","","","","","","","","","","","","","","","","","",""
"31069001","TOULOUSE-BLAGNAC",43.621,1.378833,151,1968081918,"","","","",2.,1,80,1,"","","","","","","","","","","","","","","","","","","","","","","","","","","","",23.3,1,9.4,1,"","","","","","","","","","","","","","","","","","","","","","","","","","",42,1,"","","","","","","","","","","","",12.,1,1020.6,1,1003.,1,"","","",1,0,1,"","",0,1,0,1,0,1,"","","","","","","","","","","","","","","","","","","","","","","","",30000,1,"","",2,1,0,1,"","","","","","","","","","","","","","","","","","","","","","","","","","","","","","","","","","","","","","","","","","","","","","","","","","","","","","","","","","","","","","","","","",""
"31069001","TOULOUSE-BLAGNAC",43.621,1.378833,151,1968081921,"","","","",0.,1,0,1,"","","","","","","","","","","","","","","","","","","","","","","","","","","","",17.3,1,11.4,1,"","","","","","","","","","","","","","","","","","","","","","","","","","",70,1,"","","","","","","","","","","","",13.8,1,1020.7,1,1002.7,1,"","","",1,0,1,"","",0,1,0,1,0,1,"","","","","","","","","","","","","","","","","","","","","","","","",20000,1,"","",2,1,0,1,"","","","","","","","","","","","","","","","","","","","","","","","","","","","","","","","","","","","","","","","","","","","","","","","","","","","","","","","","","","","","","","","","",""
"31069001","TOULOUSE-BLAGNAC",43.621,1.378833,151,1968082000,"","","","",2.,1,200,1,"","","","","","","","","","","","","","","","","","","","","","","","","","","","",13.4,1,10.6,1,"","","","","","","","","","","","","","","","","","","","","","","","","","",84,1,"","","","","","","","","","","","",13.,1,1020.2,1,1002.,1,"","","",1,0,1,"","",0,1,0,1,0,1,"","","","","","","","","","","","","","","","","","","","","","","","",15000,1,"","",2,1,0,1,"","","","","","","","","","","","","","","","","","","","","","","","","","","","","","","","","","","","","","","","","","","","","","","","","","","","","","","","","","","","","","","","","",""
"31069001","TOULOUSE-BLAGNAC",43.621,1.378833,151,1968082003,"","","","",1.,1,200,1,"","","","","","","","","","","","","","","","","","","","","","","","","","","","",11.8,1,10.,1,"","","","","","","","","","","","","","","","","","","","","","","","","","",90,1,"","","","","","","","","","","","",12.5,1,1019.9,1,1001.6,1,"","","",1,4,1,0,1,0,1,8,1,0,1,"","","","","","","","","","","","","","","","","","","","","","","","",15000,1,"","",3,1,1,1,"","","","","","","","","","","","","","","","","","","","","","","","","","","","","","","","","","","","","","","","","","","","","","","","","","","","","","","","","","","","","","","","","",""
"31069001","TOULOUSE-BLAGNAC",43.621,1.378833,151,1968082006,"","","","",1.,1,120,1,"","","","","","","","","","","","","","","","","","","","","","","","","","","","",12.8,1,9.9,1,"","","","","","","","","","","","","","","","","","","","","","","","","","",83,1,"","","","","","","","","","","","",12.4,1,1019.8,1,1001.6,1,"","","",1,5,1,0,1,0,1,8,1,3,1,"","","","","","","","","","","","","","","","","","","","","","","","",20000,1,"","",2,1,1,1,"","",0,1,"","","","","","","","","","","","","","","","","","","","","","","","","","","","","","","","","","","","","","","","","","","","","","","","","","","","","","","","","","","","","",""
"31069001","TOULOUSE-BLAGNAC",43.621,1.378833,151,1968082009,"","","","",7.,1,140,1,"","","","","","","","","","","","","","","","","","","","","","","","","","","","",21.,1,10.4,1,"","","","","","","","","","","","","","","","","","","","","","","","","","",52,1,"","","","","","","","","","","","",12.9,1,1020.6,1,1002.9,1,"","","",1,1,1,0,1,0,1,8,1,0,1,"","","","","","","","","","","","","","","","","","","","","","","","",30000,1,"","",1,1,1,1,"","","","","","","","","","","","","","","","","","","","","","","","","","","","","","","","","","","","","","","","","","","","","","","","","","","","","","","","","","","","","","","","","",""
"31069001","TOULOUSE-BLAGNAC",43.621,1.378833,151,1968082012,"","","","",5.,1,140,1,"","","","","","","","","","","","","","","","","","","","","","","","","","","","",25.8,1,12.2,1,"","","","","","","","","","","","","","","","","","","","","","","","","","",44,1,"","","","","","","","","","","","",14.5,1,1020.2,1,1002.8,1,"","","",1,0,1,"","",0,1,0,1,0,1,"","","","","","","","","","","","","","","","","","","","","","","","",40000,1,"","",2,1,1,1,"","","","","","","","","","","","","","","","","","","","","","","","","","","","","","","","","","","","","","","","","","","","","","","","","","","","","","","","","","","","","","","","","",""
"31069001","TOULOUSE-BLAGNAC",43.621,1.378833,151,1968082015,"","","","",0.,1,0,1,"","","","","","","","","","","","","","","","","","","","","","","","","","","","",28.6,1,11.7,1,"","","","","","","","","","","","","","","","","","","","","","","","","","",36,1,"","","","","","","","","","","","",14.1,1,1019.1,1,1001.8,1,"","","","",0,1,"","",0,1,0,1,0,1,"","","","","","","","","","","","","","","","","","","","","","","","",80000,1,"","",2,1,0,1,"","","","","","","","","","","","","","","","","","","","","","","","","","","","","","","","","","","","","","","","","","","","","","","","","","","","","","","","","","","","","","","","","",""
"31069001","TOULOUSE-BLAGNAC",43.621,1.378833,151,1968082018,"","","","",0.,1,0,1,"","","","","","","","","","","","","","","","","","","","","","","","","","","","",28.6,1,14.2,1,"","","","","","","","","","","","","","","","","","","","","","","","","","",42,1,"","","","","","","","","","","","",16.6,1,1018.6,1,1001.4,1,"","","",1,0,1,"","",0,1,0,1,0,1,"","","","","","","","","","","","","","","","","","","","","","","","",80000,1,"","",2,1,0,1,"","","","","","","","","","","","","","","","","","","","","","","","","","","","","","","","","","","","","","","","","","","","","","","","","","","","","","","","","","","","","","","","","",""
"31069001","TOULOUSE-BLAGNAC",43.621,1.378833,151,1968082021,"","","","",3.,1,200,1,"","","","","","","","","","","","","","","","","","","","","","","","","","","","",20.7,1,13.5,1,"","","","","","","","","","","","","","","","","","","","","","","","","","",65,1,"","","","","","","","","","","","",15.9,1,1021.5,1,1003.8,1,"","","",1,0,1,"","",0,1,0,1,0,1,"","","","","","","","","","","","","","","","","","","","","","","","",20000,1,"","",2,1,0,1,"","","","","","","","","","","","","","","","","","","","","","","","","","","","","","","","","","","","","","","","","","","","","","","","","","","","","","","","","","","","","","","","","",""
"31069001","TOULOUSE-BLAGNAC",43.621,1.378833,151,1968082100,"","","","",0.,1,0,1,"","","","","","","","","","","","","","","","","","","","","","","","","","","","",18.8,1,13.2,1,"","","","","","","","","","","","","","","","","","","","","","","","","","",72,1,"","","","","","","","","","","","",15.6,1,1022.3,1,1004.4,1,"","","",1,0,1,"","",0,1,0,1,0,1,"","","","","","","","","","","","","","","","","","","","","","","","",20000,1,"","",2,1,0,1,"","","","","","","","","","","","","","","","","","","","","","","","","","","","","","","","","","","","","","","","","","","","","","","","","","","","","","","","","","","","","","","","","",""
"31069001","TOULOUSE-BLAGNAC",43.621,1.378833,151,1968082103,"","","","",2.,1,280,1,"","","","","","","","","","","","","","","","","","","","","","","","","","","","",17.8,1,16.,1,"","","","","","","","","","","","","","","","","","","","","","","","","","",92,1,"","","","","","","","","","","","",18.7,1,1022.7,1,1004.8,1,"","","",1,8,1,8,1,6,1,"","","","","","","","","","","","","","","","","","","","","","","","","","","","",10000,1,"","",3,1,1,1,"","","","","","","","","","","","","","","","","","","","","","","","","","","","","","","","","","","","","","","","","","","","","","","","","","","","","","","","","","","","","","","","","",""
"31069001","TOULOUSE-BLAGNAC",43.621,1.378833,151,1968082106,"","","","",0.,1,0,1,"","","","","","","","","","","","","","","","","","","","","","","","","","","","",17.9,1,15.9,1,"","","","","","","","","","","","","","","","","","","","","","","","","","",91,1,"","","","","","","","","","","","",18.6,1,1023.4,1,1005.5,1,"","","",1,8,1,8,1,6,1,"","","","","","","","","","","","","","","","","","","","","","","","","","","","",4000,1,"","",10,1,1,1,"","",0,1,"","","","","","","","","","","","","","","","","","","","","","","","","","","","","","","","","","","","","","","","","","","","","","","","","","","","","","","","","","","","","",""
"31069001","TOULOUSE-BLAGNAC",43.621,1.378833,151,1968082109,"","","","",2.,1,100,1,"","","","","","","","","","","","","","","","","","","","","","","","","","","","",19.2,1,16.8,1,"","","","","","","","","","","","","","","","","","","","","","","","","","",88,1,"","","","","","","","","","","","",19.7,1,1023.9,1,1006.,1,"","","",1,8,1,8,1,6,1,"","","","","","","","","","","","","","","","","","","","","","","","","","","","",2000,1,"","",10,1,2,1,"","","","","","","","","","","","","","","","","","","","","","","","","","","","","","","","","","","","","","","","","","","","","","","","","","","","","","","","","","","","","","","","","",""
"31069001","TOULOUSE-BLAGNAC",43.621,1.378833,151,1968082112,"","","","",2.,1,40,1,"","","","","","","","","","","","","","","","","","","","","","","","","","","","",24.4,1,17.4,1,"","","","","","","","","","","","","","","","","","","","","","","","","","",67,1,"","","","","","","","","","","","",20.5,1,1022.5,1,1005.,1,"","","",1,4,1,0,1,0,1,0,1,1,1,"","","","","","","","","","","","","","","","","","","","","","","","",3000,1,"","",10,1,1,1,"","","","","","","","","","","","","","","","","","","","","","","","","","","","","","","","","","","","","","","","","","","","","","","","","","","","","","","","","","","","","","","","","",""
"31069001","TOULOUSE-BLAGNAC",43.621,1.378833,151,1968082115,"","","","",3.,1,60,1,"","","","","","","","","","","","","","","","","","","","","","","","","","","","",29.5,1,15.9,1,"","","","","","","","","","","","","","","","","","","","","","","","","","",45,1,"","","","","","","","","","","","",18.6,1,1020.3,1,1003.1,1,"","","",1,1,1,0,1,0,1,0,1,1,1,"","","","","","","","","","","","","","","","","","","","","","","","",15000,1,"","",1,1,0,1,"","","","","","","","","","","","","","","","","","","","","","","","","","","","","","","","","","","","","","","","","","","","","","","","","","","","","","","","","","","","","","","","","",""
"31069001","TOULOUSE-BLAGNAC",43.621,1.378833,151,1968082118,"","","","",2.,1,40,1,"","","","","","","","","","","","","","","","","","","","","","","","","","","","",28.,1,15.,1,"","","","","","","","","","","","","","","","","","","","","","","","","","",46,1,"","","","","","","","","","","","",17.5,1,1019.,1,1001.7,1,"","","",1,3,1,0,1,0,1,0,1,1,1,"","","","","","","","","","","","","","","","","","","","","","","","",20000,1,"","",2,1,0,1,"","","","","","","","","","","","","","","","","","","","","","","","","","","","","","","","","","","","","","","","","","","","","","","","","","","","","","","","","","","","","","","","","",""
"31069001","TOULOUSE-BLAGNAC",43.621,1.378833,151,1968082121,"","","","",1.,1,320,1,"","","","","","","","","","","","","","","","","","","","","","","","","","","","",22.4,1,15.7,1,"","","","","","","","","","","","","","","","","","","","","","","","","","",68,1,"","","","","","","","","","","","",18.4,1,1020.1,1,1002.5,1,"","","",1,2,1,0,1,0,1,0,1,2,1,"","","","","","","","","","","","","","","","","","","","","","","","",15000,1,"","",1,1,0,1,"","","","","","","","","","","","","","","","","","","","","","","","","","","","","","","","","","","","","","","","","","","","","","","","","","","","","","","","","","","","","","","","","",""
"31069001","TOULOUSE-BLAGNAC",43.621,1.378833,151,1968082200,"","","","",1.,1,280,1,"","","","","","","","","","","","","","","","","","","","","","","","","","","","",19.,1,15.2,1,"","","","","","","","","","","","","","","","","","","","","","","","","","",81,1,"","","","","","","","","","","","",17.8,1,1020.,1,1002.2,1,"","","",1,0,1,"","",0,1,0,1,0,1,"","","","","","","","","","","","","","","","","","","","","","","","",10000,1,"","",2,1,0,1,"","","","","","","","","","","","","","","","","","","","","","","","","","","","","","","","","","","","","","","","","","","","","","","","","","","","","","","","","","","","","","","","","",""
"31069001","TOULOUSE-BLAGNAC",43.621,1.378833,151,1968082203,"","","","",0.,1,0,1,"","","","","","","","","","","","","","","","","","","","","","","","","","","","",16.8,1,14.4,1,"","","","","","","","","","","","","","","","","","","","","","","","","","",88,1,"","","","","","","","","","","","",16.8,1,1019.4,1,1001.5,1,"","","",1,0,1,"","",0,1,0,1,0,1,"","","","","","","","","","","","","","","","","","","","","","","","",10000,1,"","",2,1,0,1,"","","","","","","","","","","","","","","","","","","","","","","","","","","","","","","","","","","","","","","","","","","","","","","","","","","","","","","","","","","","","","","","","",""
"31069001","TOULOUSE-BLAGNAC",43.621,1.378833,151,1968082206,"","","","",0.,1,0,1,"","","","","","","","","","","","","","","","","","","","","","","","","","","","",14.,1,13.,1,"","","","","","","","","","","","","","","","","","","","","","","","","","",96,1,"","","","","","","","","","","","",15.3,1,1019.8,1,1001.7,1,"","","",1,2,1,0,1,0,1,0,1,2,1,"","","","","","","","","","","","","","","","","","","","","","","","",8000,1,"","",3,1,0,1,"","",0,1,"","","","","","","","","","","","","","","","","","","","","","","","","","","","","","","","","","","","","","","","","","","","","","","","","","","","","","","","","","","","","",""
"31069001","TOULOUSE-BLAGNAC",43.621,1.378833,151,1968082209,"","","","",1.,1,80,1,"","","","","","","","","","","","","","","","","","","","","","","","","","","","",22.6,1,15.8,1,"","","","","","","","","","","","","","","","","","","","","","","","","","",68,1,"","","","","","","","","","","","",18.5,1,1019.2,1,1001.6,1,"","","",1,4,1,0,1,0,1,0,1,2,1,"","","","","","","","","","","","","","","","","","","","","","","","",4500,1,"","",10,1,1,1,"","","","","","","","","","","","","","","","","","","","","","","","","","","","","","","","","","","","","","","","","","","","","","","","","","","","","","","","","","","","","","","","","",""
"31069001","TOULOUSE-BLAGNAC",43.621,1.378833,151,1968082212,"","","","",1.,1,80,1,"","","","","","","","","","","","","","","","","","","","","","","","","","","","",29.4,1,14.8,1,"","","","","","","","","","","","","","","","","","","","","","","","","","",42,1,"","","","","","","","","","","","",17.3,1,1018.1,1,1000.9,1,"","","","",3,1,0,1,0,1,0,1,2,1,"","","","","","","","","","","","","","","","","","","","","","","","",12000,1,"","",2,1,1,1,"","","","","","","","","","","","","","","","","","","","","","","","","","","","","","","","","","","","","","","","","","","","","","","","","","","","","","","","","","","","","","","","","",""
"31069001","TOULOUSE-BLAGNAC",43.621,1.378833,151,1968082215,"","","","",1.,1,40,1,"","","","","","","","","","","","","","","","","","","","","","","","","","","","",32.7,1,14.2,1,"","","","","","","","","","","","","","","","","","","","","","","","","","",34,1,"","","","","","","","","","","","",16.6,1,1016.5,1,999.5,1,"","","","",3,1,0,1,0,1,0,1,2,1,"","","","","","","","","","","","","","","","","","","","","","","","",20000,1,"","",2,1,0,1,"","","","","","","","","","","","","","","","","","","","","","","","","","","","","","","","","","","","","","","","","","","","","","","","","","","","","","","","","","","","","","","","","",""
"31069001","TOULOUSE-BLAGNAC",43.621,1.378833,151,1968082218,"","","","",2.,1,320,1,"","","","","","","","","","","","","","","","","","","","","","","","","","","","",30.8,1,14.4,1,"","","","","","","","","","","","","","","","","","","","","","","","","","",38,1,"","","","","","","","","","","","",16.9,1,1016.1,1,999.,1,"","","","",2,1,0,1,0,1,0,1,2,1,"","","","","","","","","","","","","","","","","","","","","","","","",25000,1,"","",2,1,0,1,"","","","","","","","","","","","","","","","","","","","","","","","","","","","","","","","","","","","","","","","","","","","","","","","","","","","","","","","","","","","","","","","","",""
"31069001","TOULOUSE-BLAGNAC",43.621,1.378833,151,1968082221,"","","","",0.,1,0,1,"","","","","","","","","","","","","","","","","","","","","","","","","","","","",23.2,1,14.9,1,"","","","","","","","","","","","","","","","","","","","","","","","","","",61,1,"","","","","","","","","","","","",17.4,1,1016.7,1,999.2,1,"","","",1,0,1,"","",0,1,0,1,0,1,"","","","","","","","","","","","","","","","","","","","","","","","",20000,1,"","",1,1,0,1,"","","","","","","","","","","","","","","","","","","","","","","","","","","","","","","","","","","","","","","","","","","","","","","","","","","","","","","","","","","","","","","","","",""
"31069001","TOULOUSE-BLAGNAC",43.621,1.378833,151,1968082300,"","","","",2.,1,180,1,"","","","","","","","","","","","","","","","","","","","","","","","","","","","",18.6,1,15.8,1,"","","","","","","","","","","","","","","","","","","","","","","","","","",86,1,"","","","","","","","","","","","",18.5,1,1016.8,1,999.,1,"","","",1,0,1,"","",0,1,0,1,0,1,"","","","","","","","","","","","","","","","","","","","","","","","",20000,1,"","",2,1,0,1,"","","","","","","","","","","","","","","","","","","","","","","","","","","","","","","","","","","","","","","","","","","","","","","","","","","","","","","","","","","","","","","","","",""
"31069001","TOULOUSE-BLAGNAC",43.621,1.378833,151,1968082303,"","","","",2.,1,180,1,"","","","","","","","","","","","","","","","","","","","","","","","","","","","",16.3,1,14.4,1,"","","","","","","","","","","","","","","","","","","","","","","","","","",92,1,"","","","","","","","","","","","",16.9,1,1015.8,1,997.9,1,"","","",1,0,1,"","",0,1,0,1,0,1,"","","","","","","","","","","","","","","","","","","","","","","","",10000,1,"","",2,1,0,1,"","","","","","","","","","","","","","","","","","","","","","","","","","","","","","","","","","","","","","","","","","","","","","","","","","","","","","","","","","","","","","","","","",""
"31069001","TOULOUSE-BLAGNAC",43.621,1.378833,151,1968082306,"","","","",2.,1,180,1,"","","","","","","","","","","","","","","","","","","","","","","","","","","","",15.2,1,13.9,1,"","","","","","","","","","","","","","","","","","","","","","","","","","",95,1,"","","","","","","","","","","","",16.3,1,1015.7,1,997.7,1,"","","",1,2,1,0,1,0,1,0,1,1,1,"","","","","","","","","","","","","","","","","","","","","","","","",10000,1,"","",2,1,0,1,"","",0,1,"","","","","","","","","","","","","","","","","","","","","","","","","","","","","","","","","","","","","","","","","","","","","","","","","","","","","","","","","","","","","",""
"31069001","TOULOUSE-BLAGNAC",43.621,1.378833,151,1968082309,"","","","",4.,1,280,1,"","","","","","","","","","","","","","","","","","","","","","","","","","","","",24.8,1,17.,1,"","","","","","","","","","","","","","","","","","","","","","","","","","",64,1,"","","","","","","","","","","","",20.,1,1016.,1,998.6,1,"","","",1,1,1,0,1,0,1,0,1,2,1,"","","","","","","","","","","","","","","","","","","","","","","","",20000,1,"","",3,1,0,1,"","","","","","","","","","","","","","","","","","","","","","","","","","","","","","","","","","","","","","","","","","","","","","","","","","","","","","","","","","","","","","","","","",""
"31069001","TOULOUSE-BLAGNAC",43.621,1.378833,151,1968082312,"","","","",7.,1,300,1,"","","","","","","","","","","","","","","","","","","","","","","","","","","","",28.7,1,11.4,1,"","","","","","","","","","","","","","","","","","","","","","","","","","",36,1,"","","","","","","","","","","","",13.8,1,1015.6,1,998.4,1,"","","",1,1,1,0,1,0,1,0,1,2,1,"","","","","","","","","","","","","","","","","","","","","","","","",20000,1,"","",2,1,0,1,"","","","","","","","","","","","","","","","","","","","","","","","","","","","","","","","","","","","","","","","","","","","","","","","","","","","","","","","","","","","","","","","","",""
"31069001","TOULOUSE-BLAGNAC",43.621,1.378833,151,1968082315,"","","","",6.,1,300,1,"","","","","","","","","","","","","","","","","","","","","","","","","","","","",30.2,1,12.8,1,"","","","","","","","","","","","","","","","","","","","","","","","","","",35,1,"","","","","","","","","","","","",15.1,1,1014.9,1,997.8,1,"","","","",1,1,0,1,1,1,0,1,2,1,"","","","","","","","","","","","","","","","","","","","","","","","",20000,1,"","",2,1,0,1,"","","","","","","","","","","","","","","","","","","","","","","","","","","","","","","","","","","","","","","","","","","","","","","","","","","","","","","","","","","","","","","","","",""
"31069001","TOULOUSE-BLAGNAC",43.621,1.378833,151,1968082318,"","","","",4.,1,300,1,"","","","","","","","","","","","","","","","","","","","","","","","","","","","",28.3,1,13.3,1,"","","","","","","","","","","","","","","","","","","","","","","","","","",41,1,"","","","","","","","","","","","",15.7,1,1015.,1,997.8,1,"","","",1,1,1,0,1,1,1,0,1,2,1,"","","","","","","","","","","","","","","","","","","","","","","","",20000,1,"","",1,1,0,1,"","","","","","","","","","","","","","","","","","","","","","","","","","","","","","","","","","","","","","","","","","","","","","","","","","","","","","","","","","","","","","","","","",""
"31069001","TOULOUSE-BLAGNAC",43.621,1.378833,151,1968082321,"","","","",5.,1,260,1,"","","","","","","","","","","","","","","","","","","","","","","","","","","","",23.2,1,19.2,1,"","","","","","","","","","","","","","","","","","","","","","","","","","",81,1,"","","","","","","","","","","","",23.1,1,1017.3,1,999.8,1,"","","",1,0,1,"","",0,1,0,1,0,1,"","","","","","","","","","","","","","","","","","","","","","","","",15000,1,"","",2,1,0,1,"","","","","","","","","","","","","","","","","","","","","","","","","","","","","","","","","","","","","","","","","","","","","","","","","","","","","","","","","","","","","","","","","",""
"31069001","TOULOUSE-BLAGNAC",43.621,1.378833,151,1968082400,"","","","",4.,1,260,1,"","","","","","","","","","","","","","","","","","","","","","","","","","","","",20.2,1,18.3,1,"","","","","","","","","","","","","","","","","","","","","","","","","","",91,1,"","","","","","","","","","","","",21.7,1,1018.3,1,1000.6,1,"","","",1,0,1,"","",0,1,0,1,0,1,"","","","","","","","","","","","","","","","","","","","","","","","",5000,1,"","",2,1,0,1,"","","","","","","","","","","","","","","","","","","","","","","","","","","","","","","","","","","","","","","","","","","","","","","","","","","","","","","","","","","","","","","","","",""
"31069001","TOULOUSE-BLAGNAC",43.621,1.378833,151,1968082403,"","","","",4.,1,260,1,"","","","","","","","","","","","","","","","","","","","","","","","","","","","",18.2,1,17.1,1,"","","","","","","","","","","","","","","","","","","","","","","","","","",96,1,"","","","","","","","","","","","",20.1,1,1018.,1,1000.2,1,"","","",1,0,1,"","",0,1,0,1,0,1,"","","","","","","","","","","","","","","","","","","","","","","","",5000,1,"","",2,1,0,1,"","","","","","","","","","","","","","","","","","","","","","","","","","","","","","","","","","","","","","","","","","","","","","","","","","","","","","","","","","","","","","","","","",""
"31069001","TOULOUSE-BLAGNAC",43.621,1.378833,151,1968082406,"","","","",4.,1,300,1,"","","","","","","","","","","","","","","","","","","","","","","","","","","","",17.8,1,16.3,1,"","","","","","","","","","","","","","","","","","","","","","","","","","",94,1,"","","","","","","","","","","","",19.1,1,1019.,1,1001.1,1,"","","",1,8,1,8,1,6,1,"","","","","","","","","","","","","","","","","","","","","","","","","","","","",3000,1,"","",10,1,1,1,"","",0,1,"","","","","","","","","","","","","","","","","","","","","","","","","","","","","","","","","","","","","","","","","","","","","","","","","","","","","","","","","","","","","",""
"31069001","TOULOUSE-BLAGNAC",43.621,1.378833,151,1968082409,"","","","",5.,1,300,1,"","","","","","","","","","","","","","","","","","","","","","","","","","","","",20.7,1,15.7,1,"","","","","","","","","","","","","","","","","","","","","","","","","","",75,1,"","","","","","","","","","","","",18.3,1,1019.2,1,1001.5,1,"","","",1,5,1,5,1,1,1,0,1,0,1,"","","","","","","","","","","","","","","","","","","","","","","","",7000,1,"","",2,1,2,1,"","","","","","","","","","","","","","","","","","","","","","","","","","","","","","","","","","","","","","","","","","","","","","","","","","","","","","","","","","","","","","","","","",""
"31069001","TOULOUSE-BLAGNAC",43.621,1.378833,151,1968082412,"","","","",5.,1,260,1,"","","","","","","","","","","","","","","","","","","","","","","","","","","","",24.6,1,14.1,1,"","","","","","","","","","","","","","","","","","","","","","","","","","",54,1,"","","","","","","","","","","","",16.5,1,1018.1,1,1000.6,1,"","","",1,1,1,0,1,1,1,0,1,2,1,"","","","","","","","","","","","","","","","","","","","","","","","",15000,1,"","",1,1,1,1,"","","","","","","","","","","","","","","","","","","","","","","","","","","","","","","","","","","","","","","","","","","","","","","","","","","","","","","","","","","","","","","","","",""
"31069001","TOULOUSE-BLAGNAC",43.621,1.378833,151,1968082415,"","","","",5.,1,260,1,"","","","","","","","","","","","","","","","","","","","","","","","","","","","",26.3,1,11.2,1,"","","","","","","","","","","","","","","","","","","","","","","","","","",40,1,"","","","","","","","","","","","",13.6,1,1017.5,1,1000.1,1,"","","",1,2,1,0,1,0,1,0,1,2,1,"","","","","","","","","","","","","","","","","","","","","","","","",30000,1,"","",2,1,0,1,"","","","","","","","","","","","","","","","","","","","","","","","","","","","","","","","","","","","","","","","","","","","","","","","","","","","","","","","","","","","","","","","","",""
"31069001","TOULOUSE-BLAGNAC",43.621,1.378833,151,1968082418,"","","","",3.,1,300,1,"","","","","","","","","","","","","","","","","","","","","","","","","","","","",25.,1,10.6,1,"","","","","","","","","","","","","","","","","","","","","","","","","","",41,1,"","","","","","","","","","","","",13.,1,1016.9,1,999.5,1,"","","",1,2,1,0,1,0,1,0,1,2,1,"","","","","","","","","","","","","","","","","","","","","","","","",20000,1,"","",2,1,0,1,"","","","","","","","","","","","","","","","","","","","","","","","","","","","","","","","","","","","","","","","","","","","","","","","","","","","","","","","","","","","","","","","","",""
"31069001","TOULOUSE-BLAGNAC",43.621,1.378833,151,1968082421,"","","","",3.,1,240,1,"","","","","","","","","","","","","","","","","","","","","","","","","","","","",18.6,1,12.7,1,"","","","","","","","","","","","","","","","","","","","","","","","","","",70,1,"","","","","","","","","","","","",15.,1,1017.8,1,1000.,1,"","","",1,0,1,"","",0,1,0,1,0,1,"","","","","","","","","","","","","","","","","","","","","","","","",20000,1,"","",1,1,0,1,"","","","","","","","","","","","","","","","","","","","","","","","","","","","","","","","","","","","","","","","","","","","","","","","","","","","","","","","","","","","","","","","","",""
"31069001","TOULOUSE-BLAGNAC",43.621,1.378833,151,1968082500,"","","","",1.,1,160,1,"","","","","","","","","","","","","","","","","","","","","","","","","","","","",15.6,1,13.,1,"","","","","","","","","","","","","","","","","","","","","","","","","","",86,1,"","","","","","","","","","","","",15.3,1,1017.7,1,999.7,1,"","","",1,0,1,"","",0,1,0,1,0,1,"","","","","","","","","","","","","","","","","","","","","","","","",10000,1,"","",2,1,0,1,"","","","","","","","","","","","","","","","","","","","","","","","","","","","","","","","","","","","","","","","","","","","","","","","","","","","","","","","","","","","","","","","","",""
"31069001","TOULOUSE-BLAGNAC",43.621,1.378833,151,1968082503,"","","","",2.,1,200,1,"","","","","","","","","","","","","","","","","","","","","","","","","","","","",13.7,1,12.1,1,"","","","","","","","","","","","","","","","","","","","","","","","","","",92,1,"","","","","","","","","","","","",14.4,1,1017.,1,998.9,1,"","","",1,0,1,"","",0,1,0,1,0,1,"","","","","","","","","","","","","","","","","","","","","","","","",10000,1,"","",2,1,0,1,"","","","","","","","","","","","","","","","","","","","","","","","","","","","","","","","","","","","","","","","","","","","","","","","","","","","","","","","","","","","","","","","","",""
"31069001","TOULOUSE-BLAGNAC",43.621,1.378833,151,1968082506,"","","","",2.,1,180,1,"","","","","","","","","","","","","","","","","","","","","","","","","","","","",12.8,1,11.5,1,"","","","","","","","","","","","","","","","","","","","","","","","","","",94,1,"","","","","","","","","","","","",13.9,1,1017.4,1,999.2,1,"","","",1,2,1,0,1,0,1,0,1,2,1,"","","","","","","","","","","","","","","","","","","","","","","","",6000,1,"","",2,1,0,1,"","",0,1,"","","","","","","","","","","","","","","","","","","","","","","","","","","","","","","","","","","","","","","","","","","","","","","","","","","","","","","","","","","","","",""
"31069001","TOULOUSE-BLAGNAC",43.621,1.378833,151,1968082509,"","","","",2.,1,280,1,"","","","","","","","","","","","","","","","","","","","","","","","","","","","",20.9,1,14.5,1,"","","","","","","","","","","","","","","","","","","","","","","","","","",69,1,"","","","","","","","","","","","",17.,1,1016.9,1,999.3,1,"","","",1,2,1,0,1,0,1,0,1,2,1,"","","","","","","","","","","","","","","","","","","","","","","","",8000,1,"","",2,1,0,1,"","","","","","","","","","","","","","","","","","","","","","","","","","","","","","","","","","","","","","","","","","","","","","","","","","","","","","","","","","","","","","","","","",""
"31069001","TOULOUSE-BLAGNAC",43.621,1.378833,151,1968082512,"","","","",3.,1,300,1,"","","","","","","","","","","","","","","","","","","","","","","","","","","","",24.5,1,11.4,1,"","","","","","","","","","","","","","","","","","","","","","","","","","",45,1,"","","","","","","","","","","","",13.8,1,1016.,1,998.6,1,"","","",1,3,1,0,1,1,1,0,1,0,1,"","","","","","","","","","","","","","","","","","","","","","","","",10000,1,"","",3,1,0,1,"","","","","","","","","","","","","","","","","","","","","","","","","","","","","","","","","","","","","","","","","","","","","","","","","","","","","","","","","","","","","","","","","",""
"31069001","TOULOUSE-BLAGNAC",43.621,1.378833,151,1968082515,"","","","",2.,1,280,1,"","","","","","","","","","","","","","","","","","","","","","","","","","","","",25.4,1,10.7,1,"","","","","","","","","","","","","","","","","","","","","","","","","","",40,1,"","","","","","","","","","","","",13.1,1,1015.3,1,997.9,1,"","","",1,5,1,5,1,2,1,0,1,0,1,"","","","","","","","","","","","","","","","","","","","","","","","",15000,1,"","",2,1,1,1,"","","","","","","","","","","","","","","","","","","","","","","","","","","","","","","","","","","","","","","","","","","","","","","","","","","","","","","","","","","","","","","","","",""
"31069001","TOULOUSE-BLAGNAC",43.621,1.378833,151,1968082518,"","","","",3.,1,320,1,"","","","","","","","","","","","","","","","","","","","","","","","","","","","",25.,1,12.8,1,"","","","","","","","","","","","","","","","","","","","","","","","","","",48,1,"","","","","","","","","","","","",15.1,1,1014.9,1,997.5,1,"","","",1,1,1,0,1,4,1,0,1,0,1,"","","","","","","","","","","","","","","","","","","","","","","","",15000,1,"","",1,1,1,1,"","","","","","","","","","","","","","","","","","","","","","","","","","","","","","","","","","","","","","","","","","","","","","","","","","","","","","","","","","","","","","","","","",""
"31069001","TOULOUSE-BLAGNAC",43.621,1.378833,151,1968082521,"","","","",2.,1,240,1,"","","","","","","","","","","","","","","","","","","","","","","","","","","","",19.2,1,13.6,1,"","","","","","","","","","","","","","","","","","","","","","","","","","",72,1,"","","","","","","","","","","","",16.,1,1015.8,1,998.1,1,"","","",1,0,1,"","",0,1,0,1,0,1,"","","","","","","","","","","","","","","","","","","","","","","","",10000,1,"","",2,1,0,1,"","","","","","","","","","","","","","","","","","","","","","","","","","","","","","","","","","","","","","","","","","","","","","","","","","","","","","","","","","","","","","","","","",""
"31069001","TOULOUSE-BLAGNAC",43.621,1.378833,151,1968082600,"","","","",2.,1,180,1,"","","","","","","","","","","","","","","","","","","","","","","","","","","","",16.,1,13.2,1,"","","","","","","","","","","","","","","","","","","","","","","","","","",86,1,"","","","","","","","","","","","",15.6,1,1015.7,1,997.8,1,"","","",1,0,1,"","",0,1,0,1,0,1,"","","","","","","","","","","","","","","","","","","","","","","","",10000,1,"","",2,1,0,1,"","","","","","","","","","","","","","","","","","","","","","","","","","","","","","","","","","","","","","","","","","","","","","","","","","","","","","","","","","","","","","","","","",""
"31069001","TOULOUSE-BLAGNAC",43.621,1.378833,151,1968082603,"","","","",2.,1,160,1,"","","","","","","","","","","","","","","","","","","","","","","","","","","","",14.4,1,13.2,1,"","","","","","","","","","","","","","","","","","","","","","","","","","",94,1,"","","","","","","","","","","","",15.5,1,1015.4,1,997.4,1,"","","",1,0,1,"","",0,1,0,1,0,1,"","","","","","","","","","","","","","","","","","","","","","","","",8000,1,"","",2,1,0,1,"","","","","","","","","","","","","","","","","","","","","","","","","","","","","","","","","","","","","","","","","","","","","","","","","","","","","","","","","","","","","","","","","",""
"31069001","TOULOUSE-BLAGNAC",43.621,1.378833,151,1968082606,"","","","",0.,1,0,1,"","","","","","","","","","","","","","","","","","","","","","","","","","","","",14.2,1,13.,1,"","","","","","","","","","","","","","","","","","","","","","","","","","",94,1,"","","","","","","","","","","","",15.3,1,1015.6,1,997.6,1,"","","",1,6,1,6,1,0,1,0,1,6,1,"","","","","","","","","","","","","","","","","","","","","","","","",5000,1,"","",3,1,1,1,"","",0,1,"","","","","","","","","","","","","","","","","","","","","","","","","","","","","","","","","","","","","","","","","","","","","","","","","","","","","","","","","","","","","",""
"31069001","TOULOUSE-BLAGNAC",43.621,1.378833,151,1968082609,"","","","",3.,1,140,1,"","","","","","","","","","","","","","","","","","","","","","","","","","","","",20.2,1,14.4,1,"","","","","","","","","","","","","","","","","","","","","","","","","","",71,1,"","","","","","","","","","","","",16.8,1,1015.7,1,998.,1,"","","",1,3,1,0,1,0,1,0,1,2,1,"","","","","","","","","","","","","","","","","","","","","","","","",5000,1,"","",2,1,1,1,"","","","","","","","","","","","","","","","","","","","","","","","","","","","","","","","","","","","","","","","","","","","","","","","","","","","","","","","","","","","","","","","","",""
"31069001","TOULOUSE-BLAGNAC",43.621,1.378833,151,1968082612,"","","","",2.,1,160,1,"","","","","","","","","","","","","","","","","","","","","","","","","","","","",25.6,1,13.5,1,"","","","","","","","","","","","","","","","","","","","","","","","","","",49,1,"","","","","","","","","","","","",15.9,1,1014.3,1,997.,1,"","","",1,3,1,0,1,1,1,0,1,2,1,"","","","","","","","","","","","","","","","","","","","","","","","",6000,1,"","",3,1,1,1,"","","","","","","","","","","","","","","","","","","","","","","","","","","","","","","","","","","","","","","","","","","","","","","","","","","","","","","","","","","","","","","","","",""
"31069001","TOULOUSE-BLAGNAC",43.621,1.378833,151,1968082615,"","","","",2.,1,100,1,"","","","","","","","","","","","","","","","","","","","","","","","","","","","",27.6,1,13.7,1,"","","","","","","","","","","","","","","","","","","","","","","","","","",43,1,"","","","","","","","","","","","",16.1,1,1012.9,1,995.7,1,"","","",1,3,1,0,1,1,1,0,1,2,1,"","","","","","","","","","","","","","","","","","","","","","","","",10000,1,"","",2,1,0,1,"","","","","","","","","","","","","","","","","","","","","","","","","","","","","","","","","","","","","","","","","","","","","","","","","","","","","","","","","","","","","","","","","",""
"31069001","TOULOUSE-BLAGNAC",43.621,1.378833,151,1968082618,"","","","",2.,1,20,1,"","","","","","","","","","","","","","","","","","","","","","","","","","","","",25.8,1,15.6,1,"","","","","","","","","","","","","","","","","","","","","","","","","","",55,1,"","","","","","","","","","","","",18.2,1,1012.,1,994.7,1,"","","",1,5,1,5,1,0,1,0,1,2,1,"","","","","","","","","","","","","","","","","","","","","","","","",8000,1,"","",3,1,1,1,"","","","","","","","","","","","","","","","","","","","","","","","","","","","","","","","","","","","","","","","","","","","","","","","","","","","","","","","","","","","","","","","","",""
"31069001","TOULOUSE-BLAGNAC",43.621,1.378833,151,1968082621,"","","","",2.,1,120,1,"","","","","","","","","","","","","","","","","","","","","","","","","","","","",23.8,1,13.7,1,"","","","","","","","","","","","","","","","","","","","","","","","","","",54,1,"","","","","","","","","","","","",16.1,1,1012.5,1,995.1,1,"","","",1,7,1,5,1,0,1,8,1,2,1,"","","","","","","","","","","","","","","","","","","","","","","","",8000,1,"","",2,1,2,1,"","","","","","","","","","","","","","","","","","","","","","","","","","","","","","","","","","","","","","","","","","","","","","","","","","","","","","","","","","","","","","","","","",""
"31069001","TOULOUSE-BLAGNAC",43.621,1.378833,151,1968082700,"","","","",3.,1,160,1,"","","","","","","","","","","","","","","","","","","","","","","","","","","","",20.,1,13.1,1,"","","","","","","","","","","","","","","","","","","","","","","","","","",66,1,"","","","","","","","","","","","",15.4,1,1012.9,1,995.3,1,"","","",1,7,1,6,1,0,1,8,1,2,1,"","","","","","","","","","","","","","","","","","","","","","","","",6000,1,"","",13,1,2,1,"","","","","","","","","","","","","","","","","","","","","","","","","","","","","","","","","","","","","","","","","","","","","","","","","","","","","","","","","","","","","","","","","",""
"31069001","TOULOUSE-BLAGNAC",43.621,1.378833,151,1968082703,"","","","",1.,1,160,1,"","","","","","","","","","","","","","","","","","","","","","","","","","","","",19.9,1,17.2,1,"","","","","","","","","","","","","","","","","","","","","","","","","","",87,1,"","","","","","","","","","","","",20.2,1,1012.2,1,994.6,1,"","","",1,8,1,8,1,0,1,7,1,"","","","","","","","","","","","","","","","","","","","","","","","","","",5000,1,"","",21,1,6,1,"","","","","","","","","","","","","","","","","","","","","","","","","","","","","","","","","","","","","","","","","","","","","","","","","","","","","","","","","","","","","","","","","",""
"31069001","TOULOUSE-BLAGNAC",43.621,1.378833,151,1968082706,"","","","",3.,1,100,1,"","","","","","","","","","","","","","","","","","","","","","","","","","","","",18.3,1,16.3,1,"","","","","","","","","","","","","","","","","","","","","","","","","","",91,1,"","","","","","","","","","","","",19.1,1,1012.2,1,994.5,1,"","","",1,3,1,0,1,5,1,8,1,0,1,"","","","","","","","","","","","","","","","","","","","","","","","",3000,1,"","",10,1,6,1,"","",2,1,"","","","","","","","","","","","","","","","","","","","","","","","","","","","","","","","","","","","","","","","","","","","","","","","","","","","","","","","","","","","","",""
"31069001","TOULOUSE-BLAGNAC",43.621,1.378833,151,1968082709,"","","","",2.,1,140,1,"","","","","","","","","","","","","","","","","","","","","","","","","","","","",21.3,1,17.5,1,"","","","","","","","","","","","","","","","","","","","","","","","","","",82,1,"","","","","","","","","","","","",20.7,1,1012.7,1,995.2,1,"","","",1,7,1,7,1,5,1,"","","","","","","","","","","","","","","","","","","","","","","","","","","","",5000,1,"","",2,1,1,1,"","","","","","","","","","","","","","","","","","","","","","","","","","","","","","","","","","","","","","","","","","","","","","","","","","","","","","","","","","","","","","","","","",""
"31069001","TOULOUSE-BLAGNAC",43.621,1.378833,151,1968082712,"","","","",4.,1,120,1,"","","","","","","","","","","","","","","","","","","","","","","","","","","","",25.4,1,17.,1,"","","","","","","","","","","","","","","","","","","","","","","","","","",62,1,"","","","","","","","","","","","",20.,1,1011.2,1,993.9,1,"","","",1,3,1,0,1,2,1,0,1,0,1,"","","","","","","","","","","","","","","","","","","","","","","","",12000,1,"","",3,1,1,1,"","","","","","","","","","","","","","","","","","","","","","","","","","","","","","","","","","","","","","","","","","","","","","","","","","","","","","","","","","","","","","","","","",""
"31069001","TOULOUSE-BLAGNAC",43.621,1.378833,151,1968082715,"","","","",2.,1,100,1,"","","","","","","","","","","","","","","","","","","","","","","","","","","","",27.8,1,15.8,1,"","","","","","","","","","","","","","","","","","","","","","","","","","",49,1,"","","","","","","","","","","","",18.5,1,1010.2,1,993.1,1,"","","",1,6,1,0,1,8,1,8,1,2,1,"","","","","","","","","","","","","","","","","","","","","","","","",15000,1,"","",3,1,1,1,"","","","","","","","","","","","","","","","","","","","","","","","","","","","","","","","","","","","","","","","","","","","","","","","","","","","","","","","","","","","","","","","","",""
"31069001","TOULOUSE-BLAGNAC",43.621,1.378833,151,1968082718,"","","","",3.,1,120,1,"","","","","","","","","","","","","","","","","","","","","","","","","","","","",25.7,1,15.7,1,"","","","","","","","","","","","","","","","","","","","","","","","","","",56,1,"","","","","","","","","","","","",18.4,1,1009.9,1,992.7,1,"","","",1,7,1,6,1,3,1,8,1,2,1,"","","","","","","","","","","","","","","","","","","","","","","","",15000,1,"","",2,1,8,1,"","","","","","","","","","","","","","","","","","","","","","","","","","","","","","","","","","","","","","","","","","","","","","","","","","","","","","","","","","","","","","","","","",""
"31069001","TOULOUSE-BLAGNAC",43.621,1.378833,151,1968082721,"","","","",2.,1,120,1,"","","","","","","","","","","","","","","","","","","","","","","","","","","","",22.,1,16.7,1,"","","","","","","","","","","","","","","","","","","","","","","","","","",74,1,"","","","","","","","","","","","",19.6,1,1010.1,1,992.7,1,"","","",1,2,1,0,1,0,1,0,1,2,1,"","","","","","","","","","","","","","","","","","","","","","","","",10000,1,"","",1,1,1,1,"","","","","","","","","","","","","","","","","","","","","","","","","","","","","","","","","","","","","","","","","","","","","","","","","","","","","","","","","","","","","","","","","",""
"31069001","TOULOUSE-BLAGNAC",43.621,1.378833,151,1968082800,"","","","",7.,1,140,1,"","","","","","","","","","","","","","","","","","","","","","","","","","","","",21.,1,17.8,1,"","","","","","","","","","","","","","","","","","","","","","","","","","",84,1,"","","","","","","","","","","","",21.,1,1010.1,1,992.6,1,"","","",1,6,1,0,1,0,1,5,1,2,1,"","","","","","","","","","","","","","","","","","","","","","","","",10000,1,"","",3,1,1,1,"","","","","","","","","","","","","","","","","","","","","","","","","","","","","","","","","","","","","","","","","","","","","","","","","","","","","","","","","","","","","","","","","",""
"31069001","TOULOUSE-BLAGNAC",43.621,1.378833,151,1968082803,"","","","",5.,1,120,1,"","","","","","","","","","","","","","","","","","","","","","","","","","","","",21.1,1,17.5,1,"","","","","","","","","","","","","","","","","","","","","","","","","","",83,1,"","","","","","","","","","","","",20.7,1,1009.5,1,992.,1,"","","",1,8,1,7,1,6,1,7,1,"","","","","","","","","","","","","","","","","","","","","","","","","","",10000,1,"","",2,1,6,1,"","","","","","","","","","","","","","","","","","","","","","","","","","","","","","","","","","","","","","","","","","","","","","","","","","","","","","","","","","","","","","","","","",""
"31069001","TOULOUSE-BLAGNAC",43.621,1.378833,151,1968082806,"","","","",2.,1,40,1,"","","","","","","","","","","","","","","","","","","","","","","","","","","","",20.2,1,17.5,1,"","","","","","","","","","","","","","","","","","","","","","","","","","",87,1,"","","","","","","","","","","","",20.6,1,1008.1,1,990.6,1,"","","",1,8,1,6,1,6,1,7,1,"","","","","","","","","","","","","","","","","","","","","","","","","","",8000,1,"","",2,1,6,1,"","",1,1,"","","","","","","","","","","","","","","","","","","","","","","","","","","","","","","","","","","","","","","","","","","","","","","","","","","","","","","","","","","","","",""
"31069001","TOULOUSE-BLAGNAC",43.621,1.378833,151,1968082809,"","","","",2.,1,320,1,"","","","","","","","","","","","","","","","","","","","","","","","","","","","",21.,1,17.2,1,"","","","","","","","","","","","","","","","","","","","","","","","","","",82,1,"","","","","","","","","","","","",20.3,1,1008.2,1,990.7,1,"","","",1,8,1,7,1,8,1,"","","","","","","","","","","","","","","","","","","","","","","","","","","","",8000,1,"","",3,1,2,1,"","","","","","","","","","","","","","","","","","","","","","","","","","","","","","","","","","","","","","","","","","","","","","","","","","","","","","","","","","","","","","","","","",""
"31069001","TOULOUSE-BLAGNAC",43.621,1.378833,151,1968082812,"","","","",7.,1,120,1,"","","","","","","","","","","","","","","","","","","","","","","","","","","","",24.4,1,18.,1,"","","","","","","","","","","","","","","","","","","","","","","","","","",70,1,"","","","","","","","","","","","",21.3,1,1006.7,1,989.5,1,"","","",1,6,1,5,1,8,1,3,1,1,1,"","","","","","","","","","","","","","","","","","","","","","","","",10000,1,"","",1,1,6,1,"","","","","","","","","","","","","","","","","","","","","","","","","","","","","","","","","","","","","","","","","","","","","","","","","","","","","","","","","","","","","","","","","",""
"31069001","TOULOUSE-BLAGNAC",43.621,1.378833,151,1968082815,"","","","",8.,1,120,1,"","","","","","","","","","","","","","","","","","","","","","","","","","","","",23.6,1,15.,1,"","","","","","","","","","","","","","","","","","","","","","","","","","",60,1,"","","","","","","","","","","","",17.5,1,1006.2,1,988.9,1,"","","",1,6,1,5,1,3,1,8,1,1,1,"","","","","","","","","","","","","","","","","","","","","","","","",15000,1,"","",3,1,1,1,"","","","","","","","","","","","","","","","","","","","","","","","","","","","","","","","","","","","","","","","","","","","","","","","","","","","","","","","","","","","","","","","","",""
"31069001","TOULOUSE-BLAGNAC",43.621,1.378833,151,1968082818,"","","","",7.,1,100,1,"","","","","","","","","","","","","","","","","","","","","","","","","","","","",21.8,1,15.9,1,"","","","","","","","","","","","","","","","","","","","","","","","","","",71,1,"","","","","","","","","","","","",18.6,1,1006.2,1,988.8,1,"","","",1,7,1,6,1,9,1,9,1,3,1,"","","","","","","","","","","","","","","","","","","","","","","","",6000,1,"","",3,1,1,1,"","","","","","","","","","","","","","","","","","","","","","","","","","","","","","","","","","","","","","","","","","","","","","","","","","","","","","","","","","","","","","","","","",""
"31069001","TOULOUSE-BLAGNAC",43.621,1.378833,151,1968082821,"","","","",2.,1,340,1,"","","","","","","","","","","","","","","","","","","","","","","","","","","","",19.,1,16.9,1,"","","","","","","","","","","","","","","","","","","","","","","","","","",90,1,"","","","","","","","","","","","",19.8,1,1007.8,1,990.2,1,"","","",1,8,1,8,1,5,1,"","","","","","","","","","","","","","","","","","","","","","","","","","","","",8000,1,"","",1,1,6,1,"","","","","","","","","","","","","","","","","","","","","","","","","","","","","","","","","","","","","","","","","","","","","","","","","","","","","","","","","","","","","","","","","",""
"31069001","TOULOUSE-BLAGNAC",43.621,1.378833,151,1968082900,"","","","",4.,1,120,1,"","","","","","","","","","","","","","","","","","","","","","","","","","","","",18.2,1,16.4,1,"","","","","","","","","","","","","","","","","","","","","","","","","","",92,1,"","","","","","","","","","","","",19.2,1,1007.,1,989.4,1,"","","",1,7,1,7,1,9,1,8,1,"","","","","","","","","","","","","","","","","","","","","","","","","","",8000,1,"","",29,1,8,1,"","","","","","","","","","","","","","","","","","","","","","","","","","","","","","","","","","","","","","","","","","","","","","","","","","","","","","","","","","","","","","","","","",""
"31069001","TOULOUSE-BLAGNAC",43.621,1.378833,151,1968082903,"","","","",0.,1,0,1,"","","","","","","","","","","","","","","","","","","","","","","","","","","","",18.5,1,17.,1,"","","","","","","","","","","","","","","","","","","","","","","","","","",94,1,"","","","","","","","","","","","",20.,1,1004.9,1,987.3,1,"","","",1,8,1,5,1,7,1,8,1,"","","","","","","","","","","","","","","","","","","","","","","","","","",6000,1,"","",3,1,2,1,"","","","","","","","","","","","","","","","","","","","","","","","","","","","","","","","","","","","","","","","","","","","","","","","","","","","","","","","","","","","","","","","","",""
"31069001","TOULOUSE-BLAGNAC",43.621,1.378833,151,1968082906,"","","","",5.,1,140,1,"","","","","","","","","","","","","","","","","","","","","","","","","","","","",18.4,1,16.9,1,"","","","","","","","","","","","","","","","","","","","","","","","","","",94,1,"","","","","","","","","","","","",19.8,1,1003.8,1,986.3,1,"","","",1,7,1,5,1,5,1,"","","","","","","","","","","","","","","","","","","","","","","","","","","","",3000,1,"","",21,1,6,1,"","",2,1,"","","","","","","","","","","","","","","","","","","","","","","","","","","","","","","","","","","","","","","","","","","","","","","","","","","","","","","","","","","","","",""
"31069001","TOULOUSE-BLAGNAC",43.621,1.378833,151,1968082909,"","","","",4.,1,300,1,"","","","","","","","","","","","","","","","","","","","","","","","","","","","",20.,1,16.6,1,"","","","","","","","","","","","","","","","","","","","","","","","","","",83,1,"","","","","","","","","","","","",19.5,1,1004.7,1,987.2,1,"","","",1,7,1,6,1,2,1,4,1,"","","","","","","","","","","","","","","","","","","","","","","","","","",15000,1,"","",1,1,6,1,"","","","","","","","","","","","","","","","","","","","","","","","","","","","","","","","","","","","","","","","","","","","","","","","","","","","","","","","","","","","","","","","","",""
"31069001","TOULOUSE-BLAGNAC",43.621,1.378833,151,1968082912,"","","","",7.,1,260,1,"","","","","","","","","","","","","","","","","","","","","","","","","","","","",22.3,1,14.5,1,"","","","","","","","","","","","","","","","","","","","","","","","","","",63,1,"","","","","","","","","","","","",17.,1,1005.6,1,988.2,1,"","","",1,7,1,5,1,2,1,4,1,2,1,"","","","","","","","","","","","","","","","","","","","","","","","",20000,1,"","",2,1,6,1,"","","","","","","","","","","","","","","","","","","","","","","","","","","","","","","","","","","","","","","","","","","","","","","","","","","","","","","","","","","","","","","","","",""
"31069001","TOULOUSE-BLAGNAC",43.621,1.378833,151,1968082915,"","","","",7.,1,280,1,"","","","","","","","","","","","","","","","","","","","","","","","","","","","",20.8,1,14.3,1,"","","","","","","","","","","","","","","","","","","","","","","","","","",68,1,"","","","","","","","","","","","",16.7,1,1006.4,1,988.9,1,"","","",1,7,1,6,1,2,1,7,1,"","","","","","","","","","","","","","","","","","","","","","","","","","",20000,1,"","",25,1,2,1,"","","","","","","","","","","","","","","","","","","","","","","","","","","","","","","","","","","","","","","","","","","","","","","","","","","","","","","","","","","","","","","","","",""
"31069001","TOULOUSE-BLAGNAC",43.621,1.378833,151,1968082918,"","","","",6.,1,260,1,"","","","","","","","","","","","","","","","","","","","","","","","","","","","",19.5,1,15.2,1,"","","","","","","","","","","","","","","","","","","","","","","","","","",78,1,"","","","","","","","","","","","",17.8,1,1008.5,1,990.9,1,"","","",1,7,1,6,1,2,1,5,1,2,1,"","","","","","","","","","","","","","","","","","","","","","","","",20000,1,"","",3,1,8,1,"","","","","","","","","","","","","","","","","","","","","","","","","","","","","","","","","","","","","","","","","","","","","","","","","","","","","","","","","","","","","","","","","",""
"31069001","TOULOUSE-BLAGNAC",43.621,1.378833,151,1968082921,"","","","",5.,1,240,1,"","","","","","","","","","","","","","","","","","","","","","","","","","","","",17.2,1,15.6,1,"","","","","","","","","","","","","","","","","","","","","","","","","","",93,1,"","","","","","","","","","","","",18.2,1,1011.4,1,993.6,1,"","","",1,7,1,5,1,5,1,3,1,2,1,"","","","","","","","","","","","","","","","","","","","","","","","",20000,1,"","",1,1,8,1,"","","","","","","","","","","","","","","","","","","","","","","","","","","","","","","","","","","","","","","","","","","","","","","","","","","","","","","","","","","","","","","","","",""
"31069001","TOULOUSE-BLAGNAC",43.621,1.378833,151,1968083000,"","","","",3.,1,240,1,"","","","","","","","","","","","","","","","","","","","","","","","","","","","",15.9,1,14.3,1,"","","","","","","","","","","","","","","","","","","","","","","","","","",92,1,"","","","","","","","","","","","",16.7,1,1012.5,1,994.6,1,"","","",1,5,1,0,1,5,1,0,1,2,1,"","","","","","","","","","","","","","","","","","","","","","","","",10000,1,"","",3,1,8,1,"","","","","","","","","","","","","","","","","","","","","","","","","","","","","","","","","","","","","","","","","","","","","","","","","","","","","","","","","","","","","","","","","",""
"31069001","TOULOUSE-BLAGNAC",43.621,1.378833,151,1968083003,"","","","",3.,1,240,1,"","","","","","","","","","","","","","","","","","","","","","","","","","","","",15.3,1,13.7,1,"","","","","","","","","","","","","","","","","","","","","","","","","","",92,1,"","","","","","","","","","","","",16.1,1,1012.5,1,994.6,1,"","","",1,4,1,0,1,8,1,0,1,0,1,"","","","","","","","","","","","","","","","","","","","","","","","",8000,1,"","",1,1,1,1,"","","","","","","","","","","","","","","","","","","","","","","","","","","","","","","","","","","","","","","","","","","","","","","","","","","","","","","","","","","","","","","","","",""
"31069001","TOULOUSE-BLAGNAC",43.621,1.378833,151,1968083006,"","","","",6.,1,240,1,"","","","","","","","","","","","","","","","","","","","","","","","","","","","",15.4,1,13.2,1,"","","","","","","","","","","","","","","","","","","","","","","","","","",89,1,"","","","","","","","","","","","",15.6,1,1012.3,1,994.4,1,"","","",1,4,1,0,1,5,1,8,1,0,1,"","","","","","","","","","","","","","","","","","","","","","","","",7000,1,"","",1,1,1,1,"","",1,1,"","","","","","","","","","","","","","","","","","","","","","","","","","","","","","","","","","","","","","","","","","","","","","","","","","","","","","","","","","","","","",""
"31069001","TOULOUSE-BLAGNAC",43.621,1.378833,151,1968083009,"","","","",9.,1,240,1,"","","","","","","","","","","","","","","","","","","","","","","","","","","","",17.,1,14.2,1,"","","","","","","","","","","","","","","","","","","","","","","","","","",86,1,"","","","","","","","","","","","",16.6,1,1013.2,1,995.4,1,"","","",1,7,1,5,1,8,1,9,1,"","","","","","","","","","","","","","","","","","","","","","","","","","",8000,1,"","",1,1,5,1,"","","","","","","","","","","","","","","","","","","","","","","","","","","","","","","","","","","","","","","","","","","","","","","","","","","","","","","","","","","","","","","","","",""
"31069001","TOULOUSE-BLAGNAC",43.621,1.378833,151,1968083012,"","","","",9.,1,260,1,"","","","","","","","","","","","","","","","","","","","","","","","","","","","",18.7,1,15.,1,"","","","","","","","","","","","","","","","","","","","","","","","","","",81,1,"","","","","","","","","","","","",17.5,1,1013.4,1,995.7,1,"","","",1,7,1,6,1,8,1,"","","","","","","","","","","","","","","","","","","","","","","","","","","","",6000,1,"","",25,1,5,1,"","","","","","","","","","","","","","","","","","","","","","","","","","","","","","","","","","","","","","","","","","","","","","","","","","","","","","","","","","","","","","","","","",""
"31069001","TOULOUSE-BLAGNAC",43.621,1.378833,151,1968083015,"","","","",9.,1,260,1,"","","","","","","","","","","","","","","","","","","","","","","","","","","","",20.,1,14.5,1,"","","","","","","","","","","","","","","","","","","","","","","","","","",73,1,"","","","","","","","","","","","",17.,1,1013.7,1,996.1,1,"","","",1,7,1,5,1,8,1,4,1,"","","","","","","","","","","","","","","","","","","","","","","","","","",15000,1,"","",2,1,8,1,"","","","","","","","","","","","","","","","","","","","","","","","","","","","","","","","","","","","","","","","","","","","","","","","","","","","","","","","","","","","","","","","","",""
"31069001","TOULOUSE-BLAGNAC",43.621,1.378833,151,1968083018,"","","","",6.,1,260,1,"","","","","","","","","","","","","","","","","","","","","","","","","","","","",18.,1,13.8,1,"","","","","","","","","","","","","","","","","","","","","","","","","","",79,1,"","","","","","","","","","","","",16.2,1,1014.5,1,996.7,1,"","","",1,8,1,5,1,5,1,7,1,"","","","","","","","","","","","","","","","","","","","","","","","","","",15000,1,"","",60,1,8,1,"","","","","","","","","","","","","","","","","","","","","","","","","","","","","","","","","","","","","","","","","","","","","","","","","","","","","","","","","","","","","","","","","",""
"31069001","TOULOUSE-BLAGNAC",43.621,1.378833,151,1968083021,"","","","",4.,1,240,1,"","","","","","","","","","","","","","","","","","","","","","","","","","","","",16.9,1,13.9,1,"","","","","","","","","","","","","","","","","","","","","","","","","","",85,1,"","","","","","","","","","","","",16.3,1,1015.7,1,997.8,1,"","","",1,8,1,8,1,5,1,7,1,"","","","","","","","","","","","","","","","","","","","","","","","","","",15000,1,"","",1,1,6,1,"","","","","","","","","","","","","","","","","","","","","","","","","","","","","","","","","","","","","","","","","","","","","","","","","","","","","","","","","","","","","","","","","",""
"31069001","TOULOUSE-BLAGNAC",43.621,1.378833,151,1968083100,"","","","",3.,1,220,1,"","","","","","","","","","","","","","","","","","","","","","","","","","","","",15.8,1,14.,1,"","","","","","","","","","","","","","","","","","","","","","","","","","",91,1,"","","","","","","","","","","","",16.4,1,1015.7,1,997.8,1,"","","",1,8,1,5,1,5,1,7,1,"","","","","","","","","","","","","","","","","","","","","","","","","","",10000,1,"","",3,1,6,1,"","","","","","","","","","","","","","","","","","","","","","","","","","","","","","","","","","","","","","","","","","","","","","","","","","","","","","","","","","","","","","","","","",""
"31069001","TOULOUSE-BLAGNAC",43.621,1.378833,151,1968083103,"","","","",2.,1,180,1,"","","","","","","","","","","","","","","","","","","","","","","","","","","","",15.3,1,14.2,1,"","","","","","","","","","","","","","","","","","","","","","","","","","",96,1,"","","","","","","","","","","","",16.6,1,1015.2,1,997.2,1,"","","",1,8,1,8,1,6,1,"","","","","","","","","","","","","","","","","","","","","","","","","","","","",10000,1,"","",3,1,2,1,"","","","","","","","","","","","","","","","","","","","","","","","","","","","","","","","","","","","","","","","","","","","","","","","","","","","","","","","","","","","","","","","","",""
"31069001","TOULOUSE-BLAGNAC",43.621,1.378833,151,1968083106,"","","","",1.,1,200,1,"","","","","","","","","","","","","","","","","","","","","","","","","","","","",12.7,1,11.6,1,"","","","","","","","","","","","","","","","","","","","","","","","","","",95,1,"","","","","","","","","","","","",14.,1,1014.8,1,996.7,1,"","","",1,3,1,0,1,0,1,4,1,0,1,"","","","","","","","","","","","","","","","","","","","","","","","",6000,1,"","",1,1,0,1,"","",1,1,"","","","","","","","","","","","","","","","","","","","","","","","","","","","","","","","","","","","","","","","","","","","","","","","","","","","","","","","","","","","","",""
"31069001","TOULOUSE-BLAGNAC",43.621,1.378833,151,1968083109,"","","","",5.,1,260,1,"","","","","","","","","","","","","","","","","","","","","","","","","","","","",18.3,1,13.6,1,"","","","","","","","","","","","","","","","","","","","","","","","","","",76,1,"","","","","","","","","","","","",16.,1,1014.9,1,997.1,1,"","","",1,5,1,5,1,2,1,0,1,0,1,"","","","","","","","","","","","","","","","","","","","","","","","",10000,1,"","",3,1,1,1,"","","","","","","","","","","","","","","","","","","","","","","","","","","","","","","","","","","","","","","","","","","","","","","","","","","","","","","","","","","","","","","","","",""
"31069001","TOULOUSE-BLAGNAC",43.621,1.378833,151,1968083112,"","","","",6.,1,280,1,"","","","","","","","","","","","","","","","","","","","","","","","","","","","",21.,1,11.4,1,"","","","","","","","","","","","","","","","","","","","","","","","","","",56,1,"","","","","","","","","","","","",13.8,1,1014.3,1,996.7,1,"","","",1,7,1,7,1,2,1,0,1,6,1,"","","","","","","","","","","","","","","","","","","","","","","","",15000,1,"","",3,1,1,1,"","","","","","","","","","","","","","","","","","","","","","","","","","","","","","","","","","","","","","","","","","","","","","","","","","","","","","","","","","","","","","","","","",""
"31069001","TOULOUSE-BLAGNAC",43.621,1.378833,151,1968083115,"","","","",6.,1,280,1,"","","","","","","","","","","","","","","","","","","","","","","","","","","","",22.2,1,11.2,1,"","","","","","","","","","","","","","","","","","","","","","","","","","",51,1,"","","","","","","","","","","","",13.6,1,1014.,1,996.5,1,"","","",1,7,1,6,1,2,1,5,1,5,1,"","","","","","","","","","","","","","","","","","","","","","","","",20000,1,"","",3,1,2,1,"","","","","","","","","","","","","","","","","","","","","","","","","","","","","","","","","","","","","","","","","","","","","","","","","","","","","","","","","","","","","","","","","",""
"31069001","TOULOUSE-BLAGNAC",43.621,1.378833,151,1968083118,"","","","",3.,1,260,1,"","","","","","","","","","","","","","","","","","","","","","","","","","","","",20.,1,11.1,1,"","","","","","","","","","","","","","","","","","","","","","","","","","",57,1,"","","","","","","","","","","","",13.5,1,1014.6,1,996.9,1,"","","",1,7,1,6,1,2,1,4,1,5,1,"","","","","","","","","","","","","","","","","","","","","","","","",20000,1,"","",1,1,2,1,"","","","","","","","","","","","","","","","","","","","","","","","","","","","","","","","","","","","","","","","","","","","","","","","","","","","","","","","","","","","","","","","","",""
"31069001","TOULOUSE-BLAGNAC",43.621,1.378833,151,1968083121,"","","","",2.,1,200,1,"","","","","","","","","","","","","","","","","","","","","","","","","","","","",15.,1,12.6,1,"","","","","","","","","","","","","","","","","","","","","","","","","","",87,1,"","","","","","","","","","","","",14.9,1,1016.9,1,998.9,1,"","","",1,0,1,"","",0,1,0,1,0,1,"","","","","","","","","","","","","","","","","","","","","","","","",20000,1,"","",1,1,1,1,"","","","","","","","","","","","","","","","","","","","","","","","","","","","","","","","","","","","","","","","","","","","","","","","","","","","","","","","","","","","","","","","","",""
"31069001","TOULOUSE-BLAGNAC",43.621,1.378833,151,1968090100,"","","","",2.,1,220,1,"","","","","","","","","","","","","","","","","","","","","","","","","","","","",12.9,1,11.2,1,"","","","","","","","","","","","","","","","","","","","","","","","","","",92,1,"","","","","","","","","","","","",13.6,1,1016.7,1,998.5,1,"","","",1,0,1,"","",0,1,0,1,0,1,"","","","","","","","","","","","","","","","","","","","","","","","",20000,1,"","",2,1,1,1,"","","","","","","","","","","","","","","","","","","","","","","","","","","","","","","","","","","","","","","","","","","","","","","","","","","","","","","","","","","","","","","","","",""
"31069001","TOULOUSE-BLAGNAC",43.621,1.378833,151,1968090103,"","","","",1.,1,140,1,"","","","","","","","","","","","","","","","","","","","","","","","","","","","",12.1,1,11.2,1,"","","","","","","","","","","","","","","","","","","","","","","","","","",96,1,"","","","","","","","","","","","",13.6,1,1016.7,1,998.5,1,"","","",1,0,1,"","",0,1,0,1,0,1,"","","","","","","","","","","","","","","","","","","","","","","","",8000,1,"","",2,1,0,1,"","","","","","","","","","","","","","","","","","","","","","","","","","","","","","","","","","","","","","","","","","","","","","","","","","","","","","","","","","","","","","","","","",""
"31069001","TOULOUSE-BLAGNAC",43.621,1.378833,151,1968090106,"","","","",1.,1,180,1,"","","","","","","","","","","","","","","","","","","","","","","","","","","","",10.6,1,9.9,1,"","","","","","","","","","","","","","","","","","","","","","","","","","",97,1,"","","","","","","","","","","","",12.4,1,1016.7,1,998.4,1,"","","",1,1,1,0,1,0,1,4,1,0,1,"","","","","","","","","","","","","","","","","","","","","","","","",4000,1,"","",10,1,0,1,"","",0,1,"","","","","","","","","","","","","","","","","","","","","","","","","","","","","","","","","","","","","","","","","","","","","","","","","","","","","","","","","","","","","",""
"31069001","TOULOUSE-BLAGNAC",43.621,1.378833,151,1968090109,"","","","",2.,1,100,1,"","","","","","","","","","","","","","","","","","","","","","","","","","","","",16.8,1,13.2,1,"","","","","","","","","","","","","","","","","","","","","","","","","","",81,1,"","","","","","","","","","","","",15.5,1,1016.5,1,998.6,1,"","","",1,1,1,0,1,0,1,3,1,1,1,"","","","","","","","","","","","","","","","","","","","","","","","",3500,1,"","",10,1,1,1,"","","","","","","","","","","","","","","","","","","","","","","","","","","","","","","","","","","","","","","","","","","","","","","","","","","","","","","","","","","","","","","","","",""
"31069001","TOULOUSE-BLAGNAC",43.621,1.378833,151,1968090112,"","","","",3.,1,80,1,"","","","","","","","","","","","","","","","","","","","","","","","","","","","",23.,1,13.,1,"","","","","","","","","","","","","","","","","","","","","","","","","","",54,1,"","","","","","","","","","","","",15.3,1,1014.8,1,997.3,1,"","","",1,1,1,0,1,0,1,0,1,1,1,"","","","","","","","","","","","","","","","","","","","","","","","",20000,1,"","",2,1,1,1,"","","","","","","","","","","","","","","","","","","","","","","","","","","","","","","","","","","","","","","","","","","","","","","","","","","","","","","","","","","","","","","","","",""
"31069001","TOULOUSE-BLAGNAC",43.621,1.378833,151,1968090115,"","","","",3.,1,20,1,"","","","","","","","","","","","","","","","","","","","","","","","","","","","",25.2,1,9.9,1,"","","","","","","","","","","","","","","","","","","","","","","","","","",39,1,"","","","","","","","","","","","",12.4,1,1013.6,1,996.2,1,"","","",1,1,1,0,1,1,1,0,1,1,1,"","","","","","","","","","","","","","","","","","","","","","","","",30000,1,"","",3,1,0,1,"","","","","","","","","","","","","","","","","","","","","","","","","","","","","","","","","","","","","","","","","","","","","","","","","","","","","","","","","","","","","","","","","",""
"31069001","TOULOUSE-BLAGNAC",43.621,1.378833,151,1968090118,"","","","",3.,1,40,1,"","","","","","","","","","","","","","","","","","","","","","","","","","","","",23.1,1,12.3,1,"","","","","","","","","","","","","","","","","","","","","","","","","","",51,1,"","","","","","","","","","","","",14.6,1,1012.7,1,995.2,1,"","","",1,5,1,5,1,0,1,0,1,1,1,"","","","","","","","","","","","","","","","","","","","","","","","",20000,1,"","",3,1,1,1,"","","","","","","","","","","","","","","","","","","","","","","","","","","","","","","","","","","","","","","","","","","","","","","","","","","","","","","","","","","","","","","","","",""
"31069001","TOULOUSE-BLAGNAC",43.621,1.378833,151,1968090121,"","","","",1.,1,100,1,"","","","","","","","","","","","","","","","","","","","","","","","","","","","",20.3,1,12.5,1,"","","","","","","","","","","","","","","","","","","","","","","","","","",62,1,"","","","","","","","","","","","",14.8,1,1013.3,1,995.7,1,"","","",1,4,1,0,1,0,1,0,1,2,1,"","","","","","","","","","","","","","","","","","","","","","","","",20000,1,"","",1,1,2,1,"","","","","","","","","","","","","","","","","","","","","","","","","","","","","","","","","","","","","","","","","","","","","","","","","","","","","","","","","","","","","","","","","",""
"31069001","TOULOUSE-BLAGNAC",43.621,1.378833,151,1968090200,"","","","",3.,1,120,1,"","","","","","","","","","","","","","","","","","","","","","","","","","","","",18.,1,14.2,1,"","","","","","","","","","","","","","","","","","","","","","","","","","",80,1,"","","","","","","","","","","","",16.6,1,1012.5,1,994.8,1,"","","",1,2,1,0,1,0,1,0,1,2,1,"","","","","","","","","","","","","","","","","","","","","","","","",15000,1,"","",2,1,1,1,"","","","","","","","","","","","","","","","","","","","","","","","","","","","","","","","","","","","","","","","","","","","","","","","","","","","","","","","","","","","","","","","","",""
"31069001","TOULOUSE-BLAGNAC",43.621,1.378833,151,1968090203,"","","","",5.,1,120,1,"","","","","","","","","","","","","","","","","","","","","","","","","","","","",18.9,1,16.6,1,"","","","","","","","","","","","","","","","","","","","","","","","","","",89,1,"","","","","","","","","","","","",19.5,1,1010.4,1,992.8,1,"","","",1,3,1,0,1,6,1,0,1,1,1,"","","","","","","","","","","","","","","","","","","","","","","","",10000,1,"","",1,1,1,1,"","","","","","","","","","","","","","","","","","","","","","","","","","","","","","","","","","","","","","","","","","","","","","","","","","","","","","","","","","","","","","","","","",""
"31069001","TOULOUSE-BLAGNAC",43.621,1.378833,151,1968090206,"","","","",7.,1,120,1,"","","","","","","","","","","","","","","","","","","","","","","","","","","","",19.1,1,16.8,1,"","","","","","","","","","","","","","","","","","","","","","","","","","",89,1,"","","","","","","","","","","","",19.7,1,1010.2,1,992.6,1,"","","",1,7,1,6,1,6,1,0,1,2,1,"","","","","","","","","","","","","","","","","","","","","","","","",6000,1,"","",3,1,1,1,"","",0,1,"","","","","","","","","","","","","","","","","","","","","","","","","","","","","","","","","","","","","","","","","","","","","","","","","","","","","","","","","","","","","",""
"31069001","TOULOUSE-BLAGNAC",43.621,1.378833,151,1968090209,"","","","",5.,1,200,1,"","","","","","","","","","","","","","","","","","","","","","","","","","","","",19.9,1,17.2,1,"","","","","","","","","","","","","","","","","","","","","","","","","","",88,1,"","","","","","","","","","","","",20.3,1,1011.6,1,994.,1,"","","",1,8,1,6,1,6,1,7,1,"","","","","","","","","","","","","","","","","","","","","","","","","","",6000,1,"","",61,1,2,1,"","","","","","","","","","","","","","","","","","","","","","","","","","","","","","","","","","","","","","","","","","","","","","","","","","","","","","","","","","","","","","","","","",""
"31069001","TOULOUSE-BLAGNAC",43.621,1.378833,151,1968090212,"","","","",3.,1,240,1,"","","","","","","","","","","","","","","","","","","","","","","","","","","","",18.3,1,16.3,1,"","","","","","","","","","","","","","","","","","","","","","","","","","",91,1,"","","","","","","","","","","","",19.1,1,1012.6,1,994.9,1,"","","",1,8,1,8,1,5,1,2,1,"","","","","","","","","","","","","","","","","","","","","","","","","","",8000,1,"","",61,1,2,1,"","","","","","","","","","","","","","","","","","","","","","","","","","","","","","","","","","","","","","","","","","","","","","","","","","","","","","","","","","","","","","","","","",""
"31069001","TOULOUSE-BLAGNAC",43.621,1.378833,151,1968090215,"","","","",0.,1,0,1,"","","","","","","","","","","","","","","","","","","","","","","","","","","","",22.8,1,15.4,1,"","","","","","","","","","","","","","","","","","","","","","","","","","",66,1,"","","","","","","","","","","","",18.,1,1010.4,1,993.,1,"","","",1,1,1,0,1,0,1,4,1,2,1,"","","","","","","","","","","","","","","","","","","","","","","","",40000,1,"","",1,1,6,1,"","","","","","","","","","","","","","","","","","","","","","","","","","","","","","","","","","","","","","","","","","","","","","","","","","","","","","","","","","","","","","","","","",""
"31069001","TOULOUSE-BLAGNAC",43.621,1.378833,151,1968090218,"","","","",1.,1,340,1,"","","","","","","","","","","","","","","","","","","","","","","","","","","","",22.3,1,15.8,1,"","","","","","","","","","","","","","","","","","","","","","","","","","",69,1,"","","","","","","","","","","","",18.5,1,1011.8,1,994.3,1,"","","",1,6,1,0,1,9,1,4,1,3,1,"","","","","","","","","","","","","","","","","","","","","","","","",20000,1,"","",2,1,6,1,"","","","","","","","","","","","","","","","","","","","","","","","","","","","","","","","","","","","","","","","","","","","","","","","","","","","","","","","","","","","","","","","","",""
"31069001","TOULOUSE-BLAGNAC",43.621,1.378833,151,1968090221,"","","","",1.,1,20,1,"","","","","","","","","","","","","","","","","","","","","","","","","","","","",18.8,1,15.1,1,"","","","","","","","","","","","","","","","","","","","","","","","","","",81,1,"","","","","","","","","","","","",17.6,1,1013.5,1,995.8,1,"","","",1,2,1,0,1,0,1,4,1,0,1,"","","","","","","","","","","","","","","","","","","","","","","","",20000,1,"","",2,1,1,1,"","","","","","","","","","","","","","","","","","","","","","","","","","","","","","","","","","","","","","","","","","","","","","","","","","","","","","","","","","","","","","","","","",""
"31069001","TOULOUSE-BLAGNAC",43.621,1.378833,151,1968090300,"","","","",1.,1,340,1,"","","","","","","","","","","","","","","","","","","","","","","","","","","","",17.3,1,16.,1,"","","","","","","","","","","","","","","","","","","","","","","","","","",95,1,"","","","","","","","","","","","",18.7,1,1013.5,1,995.7,1,"","","",1,7,1,7,1,8,1,7,1,"","","","","","","","","","","","","","","","","","","","","","","","","","",15000,1,"","",25,1,2,1,"","","","","","","","","","","","","","","","","","","","","","","","","","","","","","","","","","","","","","","","","","","","","","","","","","","","","","","","","","","","","","","","","",""
"31069001","TOULOUSE-BLAGNAC",43.621,1.378833,151,1968090303,"","","","",1.,1,240,1,"","","","","","","","","","","","","","","","","","","","","","","","","","","","",16.8,1,15.8,1,"","","","","","","","","","","","","","","","","","","","","","","","","","",97,1,"","","","","","","","","","","","",18.5,1,1013.,1,995.2,1,"","","",1,7,1,7,1,5,1,7,1,"","","","","","","","","","","","","","","","","","","","","","","","","","",5000,1,"","",2,1,6,1,"","","","","","","","","","","","","","","","","","","","","","","","","","","","","","","","","","","","","","","","","","","","","","","","","","","","","","","","","","","","","","","","","",""
"31069001","TOULOUSE-BLAGNAC",43.621,1.378833,151,1968090306,"","","","",4.,1,220,1,"","","","","","","","","","","","","","","","","","","","","","","","","","","","",16.7,1,15.6,1,"","","","","","","","","","","","","","","","","","","","","","","","","","",96,1,"","","","","","","","","","","","",18.2,1,1013.1,1,995.3,1,"","","",1,7,1,7,1,5,1,7,1,"","","","","","","","","","","","","","","","","","","","","","","","","","",5000,1,"","",2,1,6,1,"","",2,1,"","","","","","","","","","","","","","","","","","","","","","","","","","","","","","","","","","","","","","","","","","","","","","","","","","","","","","","","","","","","","",""
"31069001","TOULOUSE-BLAGNAC",43.621,1.378833,151,1968090309,"","","","",2.,1,160,1,"","","","","","","","","","","","","","","","","","","","","","","","","","","","",18.2,1,16.,1,"","","","","","","","","","","","","","","","","","","","","","","","","","",90,1,"","","","","","","","","","","","",18.7,1,1014.6,1,996.8,1,"","","",1,7,1,7,1,5,1,9,1,"","","","","","","","","","","","","","","","","","","","","","","","","","",7000,1,"","",60,1,6,1,"","","","","","","","","","","","","","","","","","","","","","","","","","","","","","","","","","","","","","","","","","","","","","","","","","","","","","","","","","","","","","","","","",""
"31069001","TOULOUSE-BLAGNAC",43.621,1.378833,151,1968090312,"","","","",8.,1,300,1,"","","","","","","","","","","","","","","","","","","","","","","","","","","","",20.2,1,13.3,1,"","","","","","","","","","","","","","","","","","","","","","","","","","",66,1,"","","","","","","","","","","","",15.7,1,1015.1,1,997.4,1,"","","",1,7,1,5,1,3,1,7,1,"","","","","","","","","","","","","","","","","","","","","","","","","","",10000,1,"","",3,1,6,1,"","","","","","","","","","","","","","","","","","","","","","","","","","","","","","","","","","","","","","","","","","","","","","","","","","","","","","","","","","","","","","","","","",""
"31069001","TOULOUSE-BLAGNAC",43.621,1.378833,151,1968090315,"","","","",3.,1,300,1,"","","","","","","","","","","","","","","","","","","","","","","","","","","","",18.2,1,13.7,1,"","","","","","","","","","","","","","","","","","","","","","","","","","",77,1,"","","","","","","","","","","","",16.1,1,1016.,1,998.2,1,"","","",1,7,1,6,1,8,1,7,1,"","","","","","","","","","","","","","","","","","","","","","","","","","",15000,1,"","",21,1,8,1,"","","","","","","","","","","","","","","","","","","","","","","","","","","","","","","","","","","","","","","","","","","","","","","","","","","","","","","","","","","","","","","","","",""
"31069001","TOULOUSE-BLAGNAC",43.621,1.378833,151,1968090318,"","","","",3.,1,180,1,"","","","","","","","","","","","","","","","","","","","","","","","","","","","",16.8,1,14.6,1,"","","","","","","","","","","","","","","","","","","","","","","","","","",90,1,"","","","","","","","","","","","",17.1,1,1017.3,1,999.4,1,"","","",1,7,1,6,1,8,1,7,1,"","","","","","","","","","","","","","","","","","","","","","","","","","",12000,1,"","",25,1,8,1,"","","","","","","","","","","","","","","","","","","","","","","","","","","","","","","","","","","","","","","","","","","","","","","","","","","","","","","","","","","","","","","","","",""
"31069001","TOULOUSE-BLAGNAC",43.621,1.378833,151,1968090321,"","","","",4.,1,200,1,"","","","","","","","","","","","","","","","","","","","","","","","","","","","",15.4,1,14.,1,"","","","","","","","","","","","","","","","","","","","","","","","","","",94,1,"","","","","","","","","","","","",16.4,1,1019.2,1,1001.2,1,"","","",1,8,1,7,1,5,1,7,1,"","","","","","","","","","","","","","","","","","","","","","","","","","",15000,1,"","",25,1,8,1,"","","","","","","","","","","","","","","","","","","","","","","","","","","","","","","","","","","","","","","","","","","","","","","","","","","","","","","","","","","","","","","","","",""
"31069001","TOULOUSE-BLAGNAC",43.621,1.378833,151,1968090400,"","","","",4.,1,200,1,"","","","","","","","","","","","","","","","","","","","","","","","","","","","",14.8,1,12.7,1,"","","","","","","","","","","","","","","","","","","","","","","","","","",89,1,"","","","","","","","","","","","",15.,1,1020.7,1,1002.6,1,"","","",1,8,1,6,1,8,1,"","","","","","","","","","","","","","","","","","","","","","","","","","","","",15000,1,"","",2,1,8,1,"","","","","","","","","","","","","","","","","","","","","","","","","","","","","","","","","","","","","","","","","","","","","","","","","","","","","","","","","","","","","","","","","",""
"31069001","TOULOUSE-BLAGNAC",43.621,1.378833,151,1968090403,"","","","",4.,1,240,1,"","","","","","","","","","","","","","","","","","","","","","","","","","","","",13.2,1,11.,1,"","","","","","","","","","","","","","","","","","","","","","","","","","",88,1,"","","","","","","","","","","","",13.4,1,1021.2,1,1003.,1,"","","",1,4,1,0,1,5,1,0,1,0,1,"","","","","","","","","","","","","","","","","","","","","","","","",15000,1,"","",2,1,1,1,"","","","","","","","","","","","","","","","","","","","","","","","","","","","","","","","","","","","","","","","","","","","","","","","","","","","","","","","","","","","","","","","","",""
"31069001","TOULOUSE-BLAGNAC",43.621,1.378833,151,1968090406,"","","","",5.,1,240,1,"","","","","","","","","","","","","","","","","","","","","","","","","","","","",12.7,1,10.6,1,"","","","","","","","","","","","","","","","","","","","","","","","","","",88,1,"","","","","","","","","","","","",13.,1,1021.9,1,1003.6,1,"","","",1,3,1,0,1,8,1,0,1,0,1,"","","","","","","","","","","","","","","","","","","","","","","","",20000,1,"","",1,1,1,1,"","",1,1,"","","","","","","","","","","","","","","","","","","","","","","","","","","","","","","","","","","","","","","","","","","","","","","","","","","","","","","","","","","","","",""
"31069001","TOULOUSE-BLAGNAC",43.621,1.378833,151,1968090409,"","","","",7.,1,260,1,"","","","","","","","","","","","","","","","","","","","","","","","","","","","",17.2,1,11.9,1,"","","","","","","","","","","","","","","","","","","","","","","","","","",72,1,"","","","","","","","","","","","",14.2,1,1023.3,1,1005.3,1,"","","",1,3,1,0,1,2,1,0,1,0,1,"","","","","","","","","","","","","","","","","","","","","","","","",40000,1,"","",3,1,1,1,"","","","","","","","","","","","","","","","","","","","","","","","","","","","","","","","","","","","","","","","","","","","","","","","","","","","","","","","","","","","","","","","","",""
"31069001","TOULOUSE-BLAGNAC",43.621,1.378833,151,1968090412,"","","","",5.,1,280,1,"","","","","","","","","","","","","","","","","","","","","","","","","","","","",19.8,1,9.3,1,"","","","","","","","","","","","","","","","","","","","","","","","","","",51,1,"","","","","","","","","","","","",11.9,1,1023.1,1,1005.2,1,"","","",1,6,1,6,1,2,1,0,1,0,1,"","","","","","","","","","","","","","","","","","","","","","","","",40000,1,"","",2,1,1,1,"","","","","","","","","","","","","","","","","","","","","","","","","","","","","","","","","","","","","","","","","","","","","","","","","","","","","","","","","","","","","","","","","",""
"31069001","TOULOUSE-BLAGNAC",43.621,1.378833,151,1968090415,"","","","",4.,1,300,1,"","","","","","","","","","","","","","","","","","","","","","","","","","","","",21.3,1,9.,1,"","","","","","","","","","","","","","","","","","","","","","","","","","",46,1,"","","","","","","","","","","","",11.7,1,1022.1,1,1004.4,1,"","","",1,5,1,0,1,8,1,0,1,0,1,"","","","","","","","","","","","","","","","","","","","","","","","",40000,1,"","",1,1,2,1,"","","","","","","","","","","","","","","","","","","","","","","","","","","","","","","","","","","","","","","","","","","","","","","","","","","","","","","","","","","","","","","","","",""
"31069001","TOULOUSE-BLAGNAC",43.621,1.378833,151,1968090418,"","","","",1.,1,20,1,"","","","","","","","","","","","","","","","","","","","","","","","","","","","",19.,1,11.5,1,"","","","","","","","","","","","","","","","","","","","","","","","","","",63,1,"","","","","","","","","","","","",13.9,1,1022.3,1,1004.4,1,"","","",1,1,1,0,1,4,1,0,1,0,1,"","","","","","","","","","","","","","","","","","","","","","","","",40000,1,"","",1,1,1,1,"","","","","","","","","","","","","","","","","","","","","","","","","","","","","","","","","","","","","","","","","","","","","","","","","","","","","","","","","","","","","","","","","",""
"31069001","TOULOUSE-BLAGNAC",43.621,1.378833,151,1968090421,"","","","",0.,1,0,1,"","","","","","","","","","","","","","","","","","","","","","","","","","","","",14.9,1,11.4,1,"","","","","","","","","","","","","","","","","","","","","","","","","","",81,1,"","","","","","","","","","","","",13.8,1,1023.3,1,1005.2,1,"","","",1,1,1,0,1,4,1,0,1,0,1,"","","","","","","","","","","","","","","","","","","","","","","","",40000,1,"","",2,1,0,1,"","","","","","","","","","","","","","","","","","","","","","","","","","","","","","","","","","","","","","","","","","","","","","","","","","","","","","","","","","","","","","","","","",""
"31069001","TOULOUSE-BLAGNAC",43.621,1.378833,151,1968090500,"","","","",0.,1,0,1,"","","","","","","","","","","","","","","","","","","","","","","","","","","","",11.7,1,10.4,1,"","","","","","","","","","","","","","","","","","","","","","","","","","",94,1,"","","","","","","","","","","","",12.9,1,1023.5,1,1005.1,1,"","","",1,0,1,"","",0,1,0,1,0,1,"","","","","","","","","","","","","","","","","","","","","","","","",20000,1,"","",2,1,0,1,"","","","","","","","","","","","","","","","","","","","","","","","","","","","","","","","","","","","","","","","","","","","","","","","","","","","","","","","","","","","","","","","","",""
"31069001","TOULOUSE-BLAGNAC",43.621,1.378833,151,1968090503,"","","","",1.,1,160,1,"","","","","","","","","","","","","","","","","","","","","","","","","","","","",10.3,1,9.4,1,"","","","","","","","","","","","","","","","","","","","","","","","","","",96,1,"","","","","","","","","","","","",12.,1,1022.8,1,1004.4,1,"","","",1,0,1,"","",0,1,0,1,0,1,"","","","","","","","","","","","","","","","","","","","","","","","",20000,1,"","",2,1,0,1,"","","","","","","","","","","","","","","","","","","","","","","","","","","","","","","","","","","","","","","","","","","","","","","","","","","","","","","","","","","","","","","","","",""
"31069001","TOULOUSE-BLAGNAC",43.621,1.378833,151,1968090506,"","","","",1.,1,160,1,"","","","","","","","","","","","","","","","","","","","","","","","","","","","",8.4,1,7.6,1,"","","","","","","","","","","","","","","","","","","","","","","","","","",96,1,"","","","","","","","","","","","",10.6,1,1023.2,1,1004.6,1,"","","",1,5,1,5,1,6,1,0,1,0,1,"","","","","","","","","","","","","","","","","","","","","","","","",6000,1,"","",11,1,1,1,"","",0,1,"","","","","","","","","","","","","","","","","","","","","","","","","","","","","","","","","","","","","","","","","","","","","","","","","","","","","","","","","","","","","",""
"31069001","TOULOUSE-BLAGNAC",43.621,1.378833,151,1968090509,"","","","",2.,1,60,1,"","","","","","","","","","","","","","","","","","","","","","","","","","","","",16.9,1,11.2,1,"","","","","","","","","","","","","","","","","","","","","","","","","","",71,1,"","","","","","","","","","","","",13.6,1,1022.1,1,1004.1,1,"","","",1,2,1,0,1,6,1,0,1,1,1,"","","","","","","","","","","","","","","","","","","","","","","","",8000,1,"","",3,1,1,1,"","","","","","","","","","","","","","","","","","","","","","","","","","","","","","","","","","","","","","","","","","","","","","","","","","","","","","","","","","","","","","","","","",""
"31069001","TOULOUSE-BLAGNAC",43.621,1.378833,151,1968090512,"","","","",3.,1,80,1,"","","","","","","","","","","","","","","","","","","","","","","","","","","","",21.5,1,9.2,1,"","","","","","","","","","","","","","","","","","","","","","","","","","",46,1,"","","","","","","","","","","","",11.8,1,1020.7,1,1003.,1,"","","",1,1,1,0,1,0,1,0,1,1,1,"","","","","","","","","","","","","","","","","","","","","","","","",50000,1,"","",2,1,1,1,"","","","","","","","","","","","","","","","","","","","","","","","","","","","","","","","","","","","","","","","","","","","","","","","","","","","","","","","","","","","","","","","","",""
"31069001","TOULOUSE-BLAGNAC",43.621,1.378833,151,1968090515,"","","","",2.,1,60,1,"","","","","","","","","","","","","","","","","","","","","","","","","","","","",23.8,1,7.2,1,"","","","","","","","","","","","","","","","","","","","","","","","","","",35,1,"","","","","","","","","","","","",10.3,1,1019.8,1,1002.2,1,"","","",1,1,1,0,1,0,1,0,1,1,1,"","","","","","","","","","","","","","","","","","","","","","","","",50000,1,"","",2,1,0,1,"","","","","","","","","","","","","","","","","","","","","","","","","","","","","","","","","","","","","","","","","","","","","","","","","","","","","","","","","","","","","","","","","",""
"31069001","TOULOUSE-BLAGNAC",43.621,1.378833,151,1968090518,"","","","",2.,1,40,1,"","","","","","","","","","","","","","","","","","","","","","","","","","","","",22.8,1,8.3,1,"","","","","","","","","","","","","","","","","","","","","","","","","","",40,1,"","","","","","","","","","","","",11.1,1,1019.7,1,1002.1,1,"","","",1,2,1,0,1,0,1,4,1,1,1,"","","","","","","","","","","","","","","","","","","","","","","","",30000,1,"","",2,1,0,1,"","","","","","","","","","","","","","","","","","","","","","","","","","","","","","","","","","","","","","","","","","","","","","","","","","","","","","","","","","","","","","","","","",""
"31069001","TOULOUSE-BLAGNAC",43.621,1.378833,151,1968090521,"","","","",2.,1,300,1,"","","","","","","","","","","","","","","","","","","","","","","","","","","","",16.7,1,10.3,1,"","","","","","","","","","","","","","","","","","","","","","","","","","",67,1,"","","","","","","","","","","","",12.8,1,1021.2,1,1003.2,1,"","","",1,3,1,0,1,0,1,0,1,1,1,"","","","","","","","","","","","","","","","","","","","","","","","",20000,1,"","",1,1,1,1,"","","","","","","","","","","","","","","","","","","","","","","","","","","","","","","","","","","","","","","","","","","","","","","","","","","","","","","","","","","","","","","","","",""
"31069001","TOULOUSE-BLAGNAC",43.621,1.378833,151,1968090600,"","","","",2.,1,180,1,"","","","","","","","","","","","","","","","","","","","","","","","","","","","",12.5,1,9.9,1,"","","","","","","","","","","","","","","","","","","","","","","","","","",86,1,"","","","","","","","","","","","",12.4,1,1021.6,1,1003.3,1,"","","",1,2,1,0,1,0,1,0,1,2,1,"","","","","","","","","","","","","","","","","","","","","","","","",20000,1,"","",1,1,1,1,"","","","","","","","","","","","","","","","","","","","","","","","","","","","","","","","","","","","","","","","","","","","","","","","","","","","","","","","","","","","","","","","","",""
"31069001","TOULOUSE-BLAGNAC",43.621,1.378833,151,1968090603,"","","","",2.,1,180,1,"","","","","","","","","","","","","","","","","","","","","","","","","","","","",11.1,1,9.9,1,"","","","","","","","","","","","","","","","","","","","","","","","","","",94,1,"","","","","","","","","","","","",12.4,1,1022.,1,1003.6,1,"","","",1,4,1,0,1,0,1,0,1,2,1,"","","","","","","","","","","","","","","","","","","","","","","","",15000,1,"","",2,1,0,1,"","","","","","","","","","","","","","","","","","","","","","","","","","","","","","","","","","","","","","","","","","","","","","","","","","","","","","","","","","","","","","","","","",""
"31069001","TOULOUSE-BLAGNAC",43.621,1.378833,151,1968090606,"","","","",2.,1,160,1,"","","","","","","","","","","","","","","","","","","","","","","","","","","","",10.,1,8.8,1,"","","","","","","","","","","","","","","","","","","","","","","","","","",94,1,"","","","","","","","","","","","",11.5,1,1022.,1,1003.6,1,"","","",1,6,1,5,1,0,1,4,1,4,1,"","","","","","","","","","","","","","","","","","","","","","","","",8000,1,"","",3,1,1,1,"","",0,1,"","","","","","","","","","","","","","","","","","","","","","","","","","","","","","","","","","","","","","","","","","","","","","","","","","","","","","","","","","","","","",""
"31069001","TOULOUSE-BLAGNAC",43.621,1.378833,151,1968090609,"","","","",1.,1,40,1,"","","","","","","","","","","","","","","","","","","","","","","","","","","","",16.,1,12.1,1,"","","","","","","","","","","","","","","","","","","","","","","","","","",80,1,"","","","","","","","","","","","",14.4,1,1023.1,1,1005.,1,"","","",1,5,1,0,1,0,1,4,1,2,1,"","","","","","","","","","","","","","","","","","","","","","","","",12000,1,"","",1,1,2,1,"","","","","","","","","","","","","","","","","","","","","","","","","","","","","","","","","","","","","","","","","","","","","","","","","","","","","","","","","","","","","","","","","",""
"31069001","TOULOUSE-BLAGNAC",43.621,1.378833,151,1968090612,"","","","",3.,1,20,1,"","","","","","","","","","","","","","","","","","","","","","","","","","","","",23.8,1,8.,1,"","","","","","","","","","","","","","","","","","","","","","","","","","",37,1,"","","","","","","","","","","","",10.9,1,1022.3,1,1004.7,1,"","","",1,6,1,5,1,0,1,9,1,2,1,"","","","","","","","","","","","","","","","","","","","","","","","",30000,1,"","",2,1,1,1,"","","","","","","","","","","","","","","","","","","","","","","","","","","","","","","","","","","","","","","","","","","","","","","","","","","","","","","","","","","","","","","","","",""
"31069001","TOULOUSE-BLAGNAC",43.621,1.378833,151,1968090615,"","","","",3.,1,320,1,"","","","","","","","","","","","","","","","","","","","","","","","","","","","",23.7,1,8.5,1,"","","","","","","","","","","","","","","","","","","","","","","","","","",39,1,"","","","","","","","","","","","",11.3,1,1021.9,1,1004.3,1,"","","",1,6,1,5,1,0,1,8,1,5,1,"","","","","","","","","","","","","","","","","","","","","","","","",30000,1,"","",2,1,2,1,"","","","","","","","","","","","","","","","","","","","","","","","","","","","","","","","","","","","","","","","","","","","","","","","","","","","","","","","","","","","","","","","","",""
"31069001","TOULOUSE-BLAGNAC",43.621,1.378833,151,1968090618,"","","","",1.,1,40,1,"","","","","","","","","","","","","","","","","","","","","","","","","","","","",22.1,1,11.,1,"","","","","","","","","","","","","","","","","","","","","","","","","","",50,1,"","","","","","","","","","","","",13.4,1,1021.9,1,1004.2,1,"","","",1,6,1,5,1,0,1,8,1,2,1,"","","","","","","","","","","","","","","","","","","","","","","","",20000,1,"","",2,1,2,1,"","","","","","","","","","","","","","","","","","","","","","","","","","","","","","","","","","","","","","","","","","","","","","","","","","","","","","","","","","","","","","","","","",""
"31069001","TOULOUSE-BLAGNAC",43.621,1.378833,151,1968090621,"","","","",1.,1,300,1,"","","","","","","","","","","","","","","","","","","","","","","","","","","","",17.1,1,12.4,1,"","","","","","","","","","","","","","","","","","","","","","","","","","",75,1,"","","","","","","","","","","","",14.7,1,1023.2,1,1005.2,1,"","","",1,5,1,5,1,0,1,0,1,2,1,"","","","","","","","","","","","","","","","","","","","","","","","",15000,1,"","",2,1,2,1,"","","","","","","","","","","","","","","","","","","","","","","","","","","","","","","","","","","","","","","","","","","","","","","","","","","","","","","","","","","","","","","","","",""
"31069001","TOULOUSE-BLAGNAC",43.621,1.378833,151,1968090700,"","","","",2.,1,180,1,"","","","","","","","","","","","","","","","","","","","","","","","","","","","",13.,1,10.8,1,"","","","","","","","","","","","","","","","","","","","","","","","","","",88,1,"","","","","","","","","","","","",13.2,1,1023.1,1,1004.8,1,"","","",1,0,1,"","",0,1,0,1,0,1,"","","","","","","","","","","","","","","","","","","","","","","","",15000,1,"","",2,1,1,1,"","","","","","","","","","","","","","","","","","","","","","","","","","","","","","","","","","","","","","","","","","","","","","","","","","","","","","","","","","","","","","","","","",""
"31069001","TOULOUSE-BLAGNAC",43.621,1.378833,151,1968090703,"","","","",1.,1,180,1,"","","","","","","","","","","","","","","","","","","","","","","","","","","","",11.,1,10.3,1,"","","","","","","","","","","","","","","","","","","","","","","","","","",97,1,"","","","","","","","","","","","",12.8,1,1022.2,1,1003.8,1,"","","",1,0,1,"","",0,1,0,1,0,1,"","","","","","","","","","","","","","","","","","","","","","","","",10000,1,"","",2,1,0,1,"","","","","","","","","","","","","","","","","","","","","","","","","","","","","","","","","","","","","","","","","","","","","","","","","","","","","","","","","","","","","","","","","",""
"31069001","TOULOUSE-BLAGNAC",43.621,1.378833,151,1968090706,"","","","",1.,1,180,1,"","","","","","","","","","","","","","","","","","","","","","","","","","","","",10.9,1,10.2,1,"","","","","","","","","","","","","","","","","","","","","","","","","","",97,1,"","","","","","","","","","","","",12.7,1,1022.2,1,1003.8,1,"","","",1,1,1,0,1,0,1,0,1,1,1,"","","","","","","","","","","","","","","","","","","","","","","","",6000,1,"","",3,1,0,1,"","",0,1,"","","","","","","","","","","","","","","","","","","","","","","","","","","","","","","","","","","","","","","","","","","","","","","","","","","","","","","","","","","","","",""
"31069001","TOULOUSE-BLAGNAC",43.621,1.378833,151,1968090709,"","","","",1.,1,240,1,"","","","","","","","","","","","","","","","","","","","","","","","","","","","",18.,1,13.,1,"","","","","","","","","","","","","","","","","","","","","","","","","","",74,1,"","","","","","","","","","","","",15.3,1,1021.3,1,1003.4,1,"","","",1,1,1,0,1,0,1,0,1,2,1,"","","","","","","","","","","","","","","","","","","","","","","","",8000,1,"","",3,1,0,1,"","","","","","","","","","","","","","","","","","","","","","","","","","","","","","","","","","","","","","","","","","","","","","","","","","","","","","","","","","","","","","","","","",""
"31069001","TOULOUSE-BLAGNAC",43.621,1.378833,151,1968090712,"","","","",4.,1,320,1,"","","","","","","","","","","","","","","","","","","","","","","","","","","","",22.9,1,11.1,1,"","","","","","","","","","","","","","","","","","","","","","","","","","",48,1,"","","","","","","","","","","","",13.5,1,1020.1,1,1002.5,1,"","","",1,2,1,0,1,1,1,0,1,1,1,"","","","","","","","","","","","","","","","","","","","","","","","",30000,1,"","",2,1,0,1,"","","","","","","","","","","","","","","","","","","","","","","","","","","","","","","","","","","","","","","","","","","","","","","","","","","","","","","","","","","","","","","","","",""
"31069001","TOULOUSE-BLAGNAC",43.621,1.378833,151,1968090715,"","","","",4.,1,340,1,"","","","","","","","","","","","","","","","","","","","","","","","","","","","",23.9,1,11.1,1,"","","","","","","","","","","","","","","","","","","","","","","","","","",46,1,"","","","","","","","","","","","",13.5,1,1018.9,1,1001.4,1,"","","",1,3,1,0,1,1,1,0,1,1,1,"","","","","","","","","","","","","","","","","","","","","","","","",30000,1,"","",3,1,0,1,"","","","","","","","","","","","","","","","","","","","","","","","","","","","","","","","","","","","","","","","","","","","","","","","","","","","","","","","","","","","","","","","","",""
"31069001","TOULOUSE-BLAGNAC",43.621,1.378833,151,1968090718,"","","","",2.,1,340,1,"","","","","","","","","","","","","","","","","","","","","","","","","","","","",21.9,1,12.,1,"","","","","","","","","","","","","","","","","","","","","","","","","","",54,1,"","","","","","","","","","","","",14.3,1,1018.8,1,1001.2,1,"","","",1,6,1,6,1,0,1,0,1,2,1,"","","","","","","","","","","","","","","","","","","","","","","","",30000,1,"","",3,1,1,1,"","","","","","","","","","","","","","","","","","","","","","","","","","","","","","","","","","","","","","","","","","","","","","","","","","","","","","","","","","","","","","","","","",""
"31069001","TOULOUSE-BLAGNAC",43.621,1.378833,151,1968090721,"","","","",1.,1,300,1,"","","","","","","","","","","","","","","","","","","","","","","","","","","","",16.7,1,11.2,1,"","","","","","","","","","","","","","","","","","","","","","","","","","",72,1,"","","","","","","","","","","","",13.6,1,1019.7,1,1001.7,1,"","","",1,0,1,"","",0,1,0,1,0,1,"","","","","","","","","","","","","","","","","","","","","","","","",20000,1,"","",1,1,0,1,"","","","","","","","","","","","","","","","","","","","","","","","","","","","","","","","","","","","","","","","","","","","","","","","","","","","","","","","","","","","","","","","","",""
"31069001","TOULOUSE-BLAGNAC",43.621,1.378833,151,1968090800,"","","","",2.,1,180,1,"","","","","","","","","","","","","","","","","","","","","","","","","","","","",13.1,1,10.9,1,"","","","","","","","","","","","","","","","","","","","","","","","","","",88,1,"","","","","","","","","","","","",13.3,1,1020.1,1,1001.9,1,"","","",1,0,1,"","",0,1,0,1,0,1,"","","","","","","","","","","","","","","","","","","","","","","","",20000,1,"","",2,1,0,1,"","","","","","","","","","","","","","","","","","","","","","","","","","","","","","","","","","","","","","","","","","","","","","","","","","","","","","","","","","","","","","","","","",""
"31069001","TOULOUSE-BLAGNAC",43.621,1.378833,151,1968090803,"","","","",2.,1,180,1,"","","","","","","","","","","","","","","","","","","","","","","","","","","","",11.8,1,10.7,1,"","","","","","","","","","","","","","","","","","","","","","","","","","",95,1,"","","","","","","","","","","","",13.1,1,1019.9,1,1001.6,1,"","","",1,0,1,"","",0,1,0,1,0,1,"","","","","","","","","","","","","","","","","","","","","","","","",10000,1,"","",2,1,0,1,"","","","","","","","","","","","","","","","","","","","","","","","","","","","","","","","","","","","","","","","","","","","","","","","","","","","","","","","","","","","","","","","","",""
"31069001","TOULOUSE-BLAGNAC",43.621,1.378833,151,1968090806,"","","","",2.,1,160,1,"","","","","","","","","","","","","","","","","","","","","","","","","","","","",10.3,1,9.6,1,"","","","","","","","","","","","","","","","","","","","","","","","","","",97,1,"","","","","","","","","","","","",12.2,1,1020.4,1,1002.,1,"","","",1,3,1,0,1,0,1,0,1,1,1,"","","","","","","","","","","","","","","","","","","","","","","","",4000,1,"","",10,1,0,1,"","",0,1,"","","","","","","","","","","","","","","","","","","","","","","","","","","","","","","","","","","","","","","","","","","","","","","","","","","","","","","","","","","","","",""
"31069001","TOULOUSE-BLAGNAC",43.621,1.378833,151,1968090809,"","","","",2.,1,220,1,"","","","","","","","","","","","","","","","","","","","","","","","","","","","",18.4,1,13.5,1,"","","","","","","","","","","","","","","","","","","","","","","","","","",75,1,"","","","","","","","","","","","",15.9,1,1021.2,1,1003.3,1,"","","",1,2,1,0,1,0,1,0,1,1,1,"","","","","","","","","","","","","","","","","","","","","","","","",15000,1,"","",1,1,0,1,"","","","","","","","","","","","","","","","","","","","","","","","","","","","","","","","","","","","","","","","","","","","","","","","","","","","","","","","","","","","","","","","","",""
"31069001","TOULOUSE-BLAGNAC",43.621,1.378833,151,1968090812,"","","","",2.,1,40,1,"","","","","","","","","","","","","","","","","","","","","","","","","","","","",23.4,1,12.,1,"","","","","","","","","","","","","","","","","","","","","","","","","","",50,1,"","","","","","","","","","","","",14.3,1,1020.3,1,1002.7,1,"","","",1,3,1,0,1,0,1,0,1,1,1,"","","","","","","","","","","","","","","","","","","","","","","","",30000,1,"","",3,1,0,1,"","","","","","","","","","","","","","","","","","","","","","","","","","","","","","","","","","","","","","","","","","","","","","","","","","","","","","","","","","","","","","","","","",""
"31069001","TOULOUSE-BLAGNAC",43.621,1.378833,151,1968090815,"","","","",3.,1,300,1,"","","","","","","","","","","","","","","","","","","","","","","","","","","","",25.8,1,11.6,1,"","","","","","","","","","","","","","","","","","","","","","","","","","",43,1,"","","","","","","","","","","","",14.,1,1018.9,1,1001.5,1,"","","",1,4,1,0,1,0,1,0,1,1,1,"","","","","","","","","","","","","","","","","","","","","","","","",50000,1,"","",2,1,0,1,"","","","","","","","","","","","","","","","","","","","","","","","","","","","","","","","","","","","","","","","","","","","","","","","","","","","","","","","","","","","","","","","","",""
"31069001","TOULOUSE-BLAGNAC",43.621,1.378833,151,1968090818,"","","","",2.,1,20,1,"","","","","","","","","","","","","","","","","","","","","","","","","","","","",22.9,1,13.1,1,"","","","","","","","","","","","","","","","","","","","","","","","","","",55,1,"","","","","","","","","","","","",15.4,1,1019.6,1,1002.,1,"","","",1,4,1,0,1,0,1,0,1,2,1,"","","","","","","","","","","","","","","","","","","","","","","","",50000,1,"","",2,1,0,1,"","","","","","","","","","","","","","","","","","","","","","","","","","","","","","","","","","","","","","","","","","","","","","","","","","","","","","","","","","","","","","","","","",""
"31069001","TOULOUSE-BLAGNAC",43.621,1.378833,151,1968090821,"","","","",1.,1,340,1,"","","","","","","","","","","","","","","","","","","","","","","","","","","","",18.3,1,13.2,1,"","","","","","","","","","","","","","","","","","","","","","","","","","",74,1,"","","","","","","","","","","","",15.5,1,1020.4,1,1002.5,1,"","","",1,1,1,0,1,0,1,0,1,2,1,"","","","","","","","","","","","","","","","","","","","","","","","",20000,1,"","",2,1,0,1,"","","","","","","","","","","","","","","","","","","","","","","","","","","","","","","","","","","","","","","","","","","","","","","","","","","","","","","","","","","","","","","","","",""
"31069001","TOULOUSE-BLAGNAC",43.621,1.378833,151,1968090900,"","","","",2.,1,160,1,"","","","","","","","","","","","","","","","","","","","","","","","","","","","",15.,1,12.6,1,"","","","","","","","","","","","","","","","","","","","","","","","","","",87,1,"","","","","","","","","","","","",14.9,1,1020.8,1,1002.7,1,"","","",1,2,1,0,1,0,1,0,1,1,1,"","","","","","","","","","","","","","","","","","","","","","","","",20000,1,"","",2,1,0,1,"","","","","","","","","","","","","","","","","","","","","","","","","","","","","","","","","","","","","","","","","","","","","","","","","","","","","","","","","","","","","","","","","",""
"31069001","TOULOUSE-BLAGNAC",43.621,1.378833,151,1968090903,"","","","",2.,1,160,1,"","","","","","","","","","","","","","","","","","","","","","","","","","","","",12.6,1,11.2,1,"","","","","","","","","","","","","","","","","","","","","","","","","","",93,1,"","","","","","","","","","","","",13.6,1,1019.7,1,1001.5,1,"","","",1,2,1,0,1,0,1,0,1,1,1,"","","","","","","","","","","","","","","","","","","","","","","","",15000,1,"","",2,1,0,1,"","","","","","","","","","","","","","","","","","","","","","","","","","","","","","","","","","","","","","","","","","","","","","","","","","","","","","","","","","","","","","","","","",""
"31069001","TOULOUSE-BLAGNAC",43.621,1.378833,151,1968090906,"","","","",2.,1,160,1,"","","","","","","","","","","","","","","","","","","","","","","","","","","","",10.9,1,9.6,1,"","","","","","","","","","","","","","","","","","","","","","","","","","",94,1,"","","","","","","","","","","","",12.2,1,1019.2,1,1000.9,1,"","","",1,1,1,0,1,0,1,0,1,1,1,"","","","","","","","","","","","","","","","","","","","","","","","",10000,1,"","",11,1,0,1,"","",0,1,"","","","","","","","","","","","","","","","","","","","","","","","","","","","","","","","","","","","","","","","","","","","","","","","","","","","","","","","","","","","","",""
"31069001","TOULOUSE-BLAGNAC",43.621,1.378833,151,1968090909,"","","","",2.,1,80,1,"","","","","","","","","","","","","","","","","","","","","","","","","","","","",19.6,1,12.3,1,"","","","","","","","","","","","","","","","","","","","","","","","","","",64,1,"","","","","","","","","","","","",14.6,1,1018.7,1,1000.9,1,"","","",1,3,1,0,1,0,1,0,1,1,1,"","","","","","","","","","","","","","","","","","","","","","","","",10000,1,"","",2,1,0,1,"","","","","","","","","","","","","","","","","","","","","","","","","","","","","","","","","","","","","","","","","","","","","","","","","","","","","","","","","","","","","","","","","",""
"31069001","TOULOUSE-BLAGNAC",43.621,1.378833,151,1968090912,"","","","",5.,1,120,1,"","","","","","","","","","","","","","","","","","","","","","","","","","","","",27.,1,12.5,1,"","","","","","","","","","","","","","","","","","","","","","","","","","",42,1,"","","","","","","","","","","","",14.8,1,1017.8,1,1000.5,1,"","","",1,2,1,0,1,0,1,0,1,1,1,"","","","","","","","","","","","","","","","","","","","","","","","",30000,1,"","",2,1,0,1,"","","","","","","","","","","","","","","","","","","","","","","","","","","","","","","","","","","","","","","","","","","","","","","","","","","","","","","","","","","","","","","","","",""
"31069001","TOULOUSE-BLAGNAC",43.621,1.378833,151,1968090915,"","","","",7.,1,120,1,"","","","","","","","","","","","","","","","","","","","","","","","","","","","",28.8,1,12.6,1,"","","","","","","","","","","","","","","","","","","","","","","","","","",37,1,"","","","","","","","","","","","",14.9,1,1015.4,1,998.2,1,"","","","",0,1,"","",0,1,0,1,0,1,"","","","","","","","","","","","","","","","","","","","","","","","",30000,1,"","",1,1,0,1,"","","","","","","","","","","","","","","","","","","","","","","","","","","","","","","","","","","","","","","","","","","","","","","","","","","","","","","","","","","","","","","","","",""
"31069001","TOULOUSE-BLAGNAC",43.621,1.378833,151,1968090918,"","","","",6.,1,120,1,"","","","","","","","","","","","","","","","","","","","","","","","","","","","",25.4,1,12.5,1,"","","","","","","","","","","","","","","","","","","","","","","","","","",46,1,"","","","","","","","","","","","",14.8,1,1014.6,1,997.2,1,"","","",1,0,1,"","",0,1,0,1,0,1,"","","","","","","","","","","","","","","","","","","","","","","","",40000,1,"","",2,1,0,1,"","","","","","","","","","","","","","","","","","","","","","","","","","","","","","","","","","","","","","","","","","","","","","","","","","","","","","","","","","","","","","","","","",""
"31069001","TOULOUSE-BLAGNAC",43.621,1.378833,151,1968090921,"","","","",6.,1,120,1,"","","","","","","","","","","","","","","","","","","","","","","","","","","","",20.9,1,9.9,1,"","","","","","","","","","","","","","","","","","","","","","","","","","",50,1,"","","","","","","","","","","","",12.4,1,1014.8,1,997.2,1,"","","",1,0,1,"","",0,1,0,1,0,1,"","","","","","","","","","","","","","","","","","","","","","","","",30000,1,"","",2,1,0,1,"","","","","","","","","","","","","","","","","","","","","","","","","","","","","","","","","","","","","","","","","","","","","","","","","","","","","","","","","","","","","","","","","",""
"31069001","TOULOUSE-BLAGNAC",43.621,1.378833,151,1968091000,"","","","",6.,1,120,1,"","","","","","","","","","","","","","","","","","","","","","","","","","","","",18.4,1,15.,1,"","","","","","","","","","","","","","","","","","","","","","","","","","",83,1,"","","","","","","","","","","","",17.5,1,1013.8,1,996.1,1,"","","",1,0,1,"","",0,1,0,1,0,1,"","","","","","","","","","","","","","","","","","","","","","","","",30000,1,"","",2,1,0,1,"","","","","","","","","","","","","","","","","","","","","","","","","","","","","","","","","","","","","","","","","","","","","","","","","","","","","","","","","","","","","","","","","",""
"31069001","TOULOUSE-BLAGNAC",43.621,1.378833,151,1968091003,"","","","",5.,1,120,1,"","","","","","","","","","","","","","","","","","","","","","","","","","","","",18.6,1,16.1,1,"","","","","","","","","","","","","","","","","","","","","","","","","","",88,1,"","","","","","","","","","","","",18.9,1,1013.,1,995.3,1,"","","",1,0,1,"","",0,1,0,1,0,1,"","","","","","","","","","","","","","","","","","","","","","","","",20000,1,"","",1,1,0,1,"","","","","","","","","","","","","","","","","","","","","","","","","","","","","","","","","","","","","","","","","","","","","","","","","","","","","","","","","","","","","","","","","",""
"31069001","TOULOUSE-BLAGNAC",43.621,1.378833,151,1968091006,"","","","",2.,1,240,1,"","","","","","","","","","","","","","","","","","","","","","","","","","","","",18.1,1,15.8,1,"","","","","","","","","","","","","","","","","","","","","","","","","","",89,1,"","","","","","","","","","","","",18.5,1,1015.6,1,997.8,1,"","","",1,5,1,5,1,6,1,0,1,0,1,"","","","","","","","","","","","","","","","","","","","","","","","",15000,1,"","",1,1,2,1,"","",0,1,"","","","","","","","","","","","","","","","","","","","","","","","","","","","","","","","","","","","","","","","","","","","","","","","","","","","","","","","","","","","","",""
"31069001","TOULOUSE-BLAGNAC",43.621,1.378833,151,1968091009,"","","","",4.,1,200,1,"","","","","","","","","","","","","","","","","","","","","","","","","","","","",20.8,1,16.2,1,"","","","","","","","","","","","","","","","","","","","","","","","","","",77,1,"","","","","","","","","","","","",19.,1,1016.5,1,998.9,1,"","","",1,7,1,7,1,5,1,"","","","","","","","","","","","","","","","","","","","","","","","","","","","",9000,1,"","",1,1,2,1,"","","","","","","","","","","","","","","","","","","","","","","","","","","","","","","","","","","","","","","","","","","","","","","","","","","","","","","","","","","","","","","","","",""
"31069001","TOULOUSE-BLAGNAC",43.621,1.378833,151,1968091012,"","","","",3.,1,220,1,"","","","","","","","","","","","","","","","","","","","","","","","","","","","",22.,1,15.7,1,"","","","","","","","","","","","","","","","","","","","","","","","","","",69,1,"","","","","","","","","","","","",18.3,1,1016.6,1,999.,1,"","","",1,7,1,7,1,8,1,"","","","","","","","","","","","","","","","","","","","","","","","","","","","",12000,1,"","",2,1,2,1,"","","","","","","","","","","","","","","","","","","","","","","","","","","","","","","","","","","","","","","","","","","","","","","","","","","","","","","","","","","","","","","","","",""
"31069001","TOULOUSE-BLAGNAC",43.621,1.378833,151,1968091015,"","","","",1.,1,240,1,"","","","","","","","","","","","","","","","","","","","","","","","","","","","",22.1,1,16.1,1,"","","","","","","","","","","","","","","","","","","","","","","","","","",71,1,"","","","","","","","","","","","",18.9,1,1016.,1,998.5,1,"","","",1,8,1,8,1,8,1,"","","","","","","","","","","","","","","","","","","","","","","","","","","","",15000,1,"","",2,1,2,1,"","","","","","","","","","","","","","","","","","","","","","","","","","","","","","","","","","","","","","","","","","","","","","","","","","","","","","","","","","","","","","","","","",""
"31069001","TOULOUSE-BLAGNAC",43.621,1.378833,151,1968091018,"","","","",1.,1,240,1,"","","","","","","","","","","","","","","","","","","","","","","","","","","","",20.6,1,18.2,1,"","","","","","","","","","","","","","","","","","","","","","","","","","",89,1,"","","","","","","","","","","","",21.6,1,1015.6,1,998.,1,"","","",1,7,1,7,1,8,1,9,1,"","","","","","","","","","","","","","","","","","","","","","","","","","",7000,1,"","",29,1,9,1,"","","","","","","","","","","","","","","","","","","","","","","","","","","","","","","","","","","","","","","","","","","","","","","","","","","","","","","","","","","","","","","","","",""
"31069001","TOULOUSE-BLAGNAC",43.621,1.378833,151,1968091021,"","","","",6.,1,260,1,"","","","","","","","","","","","","","","","","","","","","","","","","","","","",18.7,1,17.1,1,"","","","","","","","","","","","","","","","","","","","","","","","","","",93,1,"","","","","","","","","","","","",20.1,1,1016.1,1,998.4,1,"","","",1,8,1,7,1,5,1,"","","","","","","","","","","","","","","","","","","","","","","","","","","","",5000,1,"","",20,1,9,1,"","","","","","","","","","","","","","","","","","","","","","","","","","","","","","","","","","","","","","","","","","","","","","","","","","","","","","","","","","","","","","","","","",""
"31069001","TOULOUSE-BLAGNAC",43.621,1.378833,151,1968091100,"","","","",8.,1,260,1,"","","","","","","","","","","","","","","","","","","","","","","","","","","","",15.2,1,14.1,1,"","","","","","","","","","","","","","","","","","","","","","","","","","",96,1,"","","","","","","","","","","","",16.5,1,1018.4,1,1000.4,1,"","","",1,8,1,7,1,9,1,"","","","","","","","","","","","","","","","","","","","","","","","","","","","",4000,1,"","",95,1,9,1,"","","","","","","","","","","","","","","","","","","","","","","","","","","","","","","","","","","","","","","","","","","","","","","","","","","","","","","","","","","","","","","","","",""
"31069001","TOULOUSE-BLAGNAC",43.621,1.378833,151,1968091103,"","","","",4.,1,240,1,"","","","","","","","","","","","","","","","","","","","","","","","","","","","",15.3,1,14.,1,"","","","","","","","","","","","","","","","","","","","","","","","","","",95,1,"","","","","","","","","","","","",16.4,1,1017.8,1,999.8,1,"","","",1,8,1,7,1,8,1,"","","","","","","","","","","","","","","","","","","","","","","","","","","","",10000,1,"","",2,1,9,1,"","","","","","","","","","","","","","","","","","","","","","","","","","","","","","","","","","","","","","","","","","","","","","","","","","","","","","","","","","","","","","","","","",""
"31069001","TOULOUSE-BLAGNAC",43.621,1.378833,151,1968091106,"","","","",3.,1,240,1,"","","","","","","","","","","","","","","","","","","","","","","","","","","","",15.3,1,14.2,1,"","","","","","","","","","","","","","","","","","","","","","","","","","",96,1,"","","","","","","","","","","","",16.6,1,1018.3,1,1000.3,1,"","","",1,7,1,5,1,8,1,4,1,"","","","","","","","","","","","","","","","","","","","","","","","","","",10000,1,"","",1,1,9,1,"","",2,1,"","","","","","","","","","","","","","","","","","","","","","","","","","","","","","","","","","","","","","","","","","","","","","","","","","","","","","","","","","","","","",""
"31069001","TOULOUSE-BLAGNAC",43.621,1.378833,151,1968091109,"","","","",3.,1,320,1,"","","","","","","","","","","","","","","","","","","","","","","","","","","","",16.7,1,13.5,1,"","","","","","","","","","","","","","","","","","","","","","","","","","",84,1,"","","","","","","","","","","","",15.9,1,1018.3,1,1000.4,1,"","","",1,5,1,0,1,2,1,0,1,2,1,"","","","","","","","","","","","","","","","","","","","","","","","",15000,1,"","",1,1,2,1,"","","","","","","","","","","","","","","","","","","","","","","","","","","","","","","","","","","","","","","","","","","","","","","","","","","","","","","","","","","","","","","","","",""
"31069001","TOULOUSE-BLAGNAC",43.621,1.378833,151,1968091112,"","","","",3.,1,280,1,"","","","","","","","","","","","","","","","","","","","","","","","","","","","",20.,1,11.4,1,"","","","","","","","","","","","","","","","","","","","","","","","","","",59,1,"","","","","","","","","","","","",13.8,1,1017.7,1,1000.,1,"","","",1,6,1,5,1,2,1,0,1,1,1,"","","","","","","","","","","","","","","","","","","","","","","","",30000,1,"","",2,1,2,1,"","","","","","","","","","","","","","","","","","","","","","","","","","","","","","","","","","","","","","","","","","","","","","","","","","","","","","","","","","","","","","","","","",""
"31069001","TOULOUSE-BLAGNAC",43.621,1.378833,151,1968091115,"","","","",3.,1,300,1,"","","","","","","","","","","","","","","","","","","","","","","","","","","","",21.1,1,11.3,1,"","","","","","","","","","","","","","","","","","","","","","","","","","",55,1,"","","","","","","","","","","","",13.7,1,1016.4,1,998.8,1,"","","",1,6,1,6,1,2,1,0,1,2,1,"","","","","","","","","","","","","","","","","","","","","","","","",30000,1,"","",2,1,2,1,"","","","","","","","","","","","","","","","","","","","","","","","","","","","","","","","","","","","","","","","","","","","","","","","","","","","","","","","","","","","","","","","","",""
"31069001","TOULOUSE-BLAGNAC",43.621,1.378833,151,1968091118,"","","","",1.,1,320,1,"","","","","","","","","","","","","","","","","","","","","","","","","","","","",20.1,1,11.6,1,"","","","","","","","","","","","","","","","","","","","","","","","","","",60,1,"","","","","","","","","","","","",14.,1,1016.2,1,998.5,1,"","","",1,7,1,6,1,4,1,3,1,"","","","","","","","","","","","","","","","","","","","","","","","","","",30000,1,"","",2,1,2,1,"","","","","","","","","","","","","","","","","","","","","","","","","","","","","","","","","","","","","","","","","","","","","","","","","","","","","","","","","","","","","","","","","",""
"31069001","TOULOUSE-BLAGNAC",43.621,1.378833,151,1968091121,"","","","",2.,1,200,1,"","","","","","","","","","","","","","","","","","","","","","","","","","","","",17.8,1,14.,1,"","","","","","","","","","","","","","","","","","","","","","","","","","",80,1,"","","","","","","","","","","","",16.4,1,1016.8,1,999.,1,"","","",1,5,1,5,1,0,1,4,1,0,1,"","","","","","","","","","","","","","","","","","","","","","","","",30000,1,"","",1,1,2,1,"","","","","","","","","","","","","","","","","","","","","","","","","","","","","","","","","","","","","","","","","","","","","","","","","","","","","","","","","","","","","","","","","",""
"31069001","TOULOUSE-BLAGNAC",43.621,1.378833,151,1968091200,"","","","",0.,1,0,1,"","","","","","","","","","","","","","","","","","","","","","","","","","","","",15.3,1,13.3,1,"","","","","","","","","","","","","","","","","","","","","","","","","","",90,1,"","","","","","","","","","","","",15.7,1,1016.9,1,998.9,1,"","","",1,0,1,"","",0,1,0,1,0,1,"","","","","","","","","","","","","","","","","","","","","","","","",20000,1,"","",1,1,1,1,"","","","","","","","","","","","","","","","","","","","","","","","","","","","","","","","","","","","","","","","","","","","","","","","","","","","","","","","","","","","","","","","","",""
"31069001","TOULOUSE-BLAGNAC",43.621,1.378833,151,1968091203,"","","","",1.,1,40,1,"","","","","","","","","","","","","","","","","","","","","","","","","","","","",13.6,1,12.8,1,"","","","","","","","","","","","","","","","","","","","","","","","","","",96,1,"","","","","","","","","","","","",15.1,1,1015.4,1,997.3,1,"","","",1,6,1,6,1,6,1,0,1,8,1,"","","","","","","","","","","","","","","","","","","","","","","","",10000,1,"","",2,1,1,1,"","","","","","","","","","","","","","","","","","","","","","","","","","","","","","","","","","","","","","","","","","","","","","","","","","","","","","","","","","","","","","","","","",""
"31069001","TOULOUSE-BLAGNAC",43.621,1.378833,151,1968091206,"","","","",1.,1,160,1,"","","","","","","","","","","","","","","","","","","","","","","","","","","","",12.7,1,12.,1,"","","","","","","","","","","","","","","","","","","","","","","","","","",98,1,"","","","","","","","","","","","",14.3,1,1015.3,1,997.2,1,"","","",1,5,1,5,1,0,1,3,1,2,1,"","","","","","","","","","","","","","","","","","","","","","","","",5000,1,"","",11,1,1,1,"","",0,1,"","","","","","","","","","","","","","","","","","","","","","","","","","","","","","","","","","","","","","","","","","","","","","","","","","","","","","","","","","","","","",""
"31069001","TOULOUSE-BLAGNAC",43.621,1.378833,151,1968091209,"","","","",1.,1,180,1,"","","","","","","","","","","","","","","","","","","","","","","","","","","","",16.3,1,13.,1,"","","","","","","","","","","","","","","","","","","","","","","","","","",82,1,"","","","","","","","","","","","",15.3,1,1015.6,1,997.7,1,"","","",1,5,1,0,1,1,1,4,1,2,1,"","","","","","","","","","","","","","","","","","","","","","","","",10000,1,"","",2,1,2,1,"","","","","","","","","","","","","","","","","","","","","","","","","","","","","","","","","","","","","","","","","","","","","","","","","","","","","","","","","","","","","","","","","",""
"31069001","TOULOUSE-BLAGNAC",43.621,1.378833,151,1968091212,"","","","",2.,1,300,1,"","","","","","","","","","","","","","","","","","","","","","","","","","","","",21.9,1,13.,1,"","","","","","","","","","","","","","","","","","","","","","","","","","",58,1,"","","","","","","","","","","","",15.3,1,1014.8,1,997.2,1,"","","",1,6,1,5,1,1,1,5,1,4,1,"","","","","","","","","","","","","","","","","","","","","","","","",15000,1,"","",2,1,1,1,"","","","","","","","","","","","","","","","","","","","","","","","","","","","","","","","","","","","","","","","","","","","","","","","","","","","","","","","","","","","","","","","","",""
"31069001","TOULOUSE-BLAGNAC",43.621,1.378833,151,1968091215,"","","","",1.,1,20,1,"","","","","","","","","","","","","","","","","","","","","","","","","","","","",22.6,1,11.7,1,"","","","","","","","","","","","","","","","","","","","","","","","","","",51,1,"","","","","","","","","","","","",14.1,1,1013.5,1,996.,1,"","","",1,7,1,6,1,2,1,9,1,2,1,"","","","","","","","","","","","","","","","","","","","","","","","",25000,1,"","",3,1,2,1,"","","","","","","","","","","","","","","","","","","","","","","","","","","","","","","","","","","","","","","","","","","","","","","","","","","","","","","","","","","","","","","","","",""
"31069001","TOULOUSE-BLAGNAC",43.621,1.378833,151,1968091218,"","","","",1.,1,300,1,"","","","","","","","","","","","","","","","","","","","","","","","","","","","",20.8,1,13.8,1,"","","","","","","","","","","","","","","","","","","","","","","","","","",66,1,"","","","","","","","","","","","",16.2,1,1013.6,1,996.,1,"","","",1,7,1,6,1,5,1,7,1,2,1,"","","","","","","","","","","","","","","","","","","","","","","","",15000,1,"","",2,1,8,1,"","","","","","","","","","","","","","","","","","","","","","","","","","","","","","","","","","","","","","","","","","","","","","","","","","","","","","","","","","","","","","","","","",""
"31069001","TOULOUSE-BLAGNAC",43.621,1.378833,151,1968091221,"","","","",1.,1,60,1,"","","","","","","","","","","","","","","","","","","","","","","","","","","","",18.8,1,14.6,1,"","","","","","","","","","","","","","","","","","","","","","","","","","",79,1,"","","","","","","","","","","","",17.1,1,1014.3,1,996.6,1,"","","",1,8,1,8,1,5,1,7,1,"","","","","","","","","","","","","","","","","","","","","","","","","","",12000,1,"","",60,1,2,1,"","","","","","","","","","","","","","","","","","","","","","","","","","","","","","","","","","","","","","","","","","","","","","","","","","","","","","","","","","","","","","","","","",""
"31069001","TOULOUSE-BLAGNAC",43.621,1.378833,151,1968091300,"","","","",1.,1,80,1,"","","","","","","","","","","","","","","","","","","","","","","","","","","","",17.6,1,14.8,1,"","","","","","","","","","","","","","","","","","","","","","","","","","",86,1,"","","","","","","","","","","","",17.3,1,1013.7,1,995.9,1,"","","",1,8,1,8,1,5,1,7,1,"","","","","","","","","","","","","","","","","","","","","","","","","","",12000,1,"","",2,1,6,1,"","","","","","","","","","","","","","","","","","","","","","","","","","","","","","","","","","","","","","","","","","","","","","","","","","","","","","","","","","","","","","","","","",""
"31069001","TOULOUSE-BLAGNAC",43.621,1.378833,151,1968091303,"","","","",2.,1,80,1,"","","","","","","","","","","","","","","","","","","","","","","","","","","","",17.,1,14.5,1,"","","","","","","","","","","","","","","","","","","","","","","","","","",88,1,"","","","","","","","","","","","",17.,1,1012.6,1,994.8,1,"","","",1,8,1,8,1,5,1,7,1,"","","","","","","","","","","","","","","","","","","","","","","","","","",10000,1,"","",2,1,2,1,"","","","","","","","","","","","","","","","","","","","","","","","","","","","","","","","","","","","","","","","","","","","","","","","","","","","","","","","","","","","","","","","","",""
"31069001","TOULOUSE-BLAGNAC",43.621,1.378833,151,1968091306,"","","","",5.,1,120,1,"","","","","","","","","","","","","","","","","","","","","","","","","","","","",17.4,1,12.2,1,"","","","","","","","","","","","","","","","","","","","","","","","","","",74,1,"","","","","","","","","","","","",14.5,1,1011.9,1,994.1,1,"","","",1,7,1,7,1,5,1,7,1,"","","","","","","","","","","","","","","","","","","","","","","","","","",10000,1,"","",1,1,2,1,"","",1,1,"","","","","","","","","","","","","","","","","","","","","","","","","","","","","","","","","","","","","","","","","","","","","","","","","","","","","","","","","","","","","",""
"31069001","TOULOUSE-BLAGNAC",43.621,1.378833,151,1968091309,"","","","",6.,1,100,1,"","","","","","","","","","","","","","","","","","","","","","","","","","","","",20.4,1,14.3,1,"","","","","","","","","","","","","","","","","","","","","","","","","","",70,1,"","","","","","","","","","","","",16.7,1,1011.2,1,993.6,1,"","","",1,6,1,6,1,0,1,5,1,0,1,"","","","","","","","","","","","","","","","","","","","","","","","",20000,1,"","",1,1,2,1,"","","","","","","","","","","","","","","","","","","","","","","","","","","","","","","","","","","","","","","","","","","","","","","","","","","","","","","","","","","","","","","","","",""
"31069001","TOULOUSE-BLAGNAC",43.621,1.378833,151,1968091312,"","","","",7.,1,100,1,"","","","","","","","","","","","","","","","","","","","","","","","","","","","",23.1,1,15.5,1,"","","","","","","","","","","","","","","","","","","","","","","","","","",64,1,"","","","","","","","","","","","",18.1,1,1009.8,1,992.4,1,"","","",1,7,1,7,1,0,1,8,1,"","","","","","","","","","","","","","","","","","","","","","","","","","",20000,1,"","",3,1,6,1,"","","","","","","","","","","","","","","","","","","","","","","","","","","","","","","","","","","","","","","","","","","","","","","","","","","","","","","","","","","","","","","","","",""
"31069001","TOULOUSE-BLAGNAC",43.621,1.378833,151,1968091315,"","","","",3.,1,160,1,"","","","","","","","","","","","","","","","","","","","","","","","","","","","",23.,1,15.7,1,"","","","","","","","","","","","","","","","","","","","","","","","","","",66,1,"","","","","","","","","","","","",18.4,1,1009.,1,991.6,1,"","","",1,8,1,8,1,8,1,7,1,"","","","","","","","","","","","","","","","","","","","","","","","","","",15000,1,"","",61,1,2,1,"","","","","","","","","","","","","","","","","","","","","","","","","","","","","","","","","","","","","","","","","","","","","","","","","","","","","","","","","","","","","","","","","",""
"31069001","TOULOUSE-BLAGNAC",43.621,1.378833,151,1968091318,"","","","",1.,1,80,1,"","","","","","","","","","","","","","","","","","","","","","","","","","","","",19.1,1,16.5,1,"","","","","","","","","","","","","","","","","","","","","","","","","","",88,1,"","","","","","","","","","","","",19.3,1,1009.2,1,991.6,1,"","","",1,6,1,0,1,3,1,2,1,2,1,"","","","","","","","","","","","","","","","","","","","","","","","",10000,1,"","",3,1,6,1,"","","","","","","","","","","","","","","","","","","","","","","","","","","","","","","","","","","","","","","","","","","","","","","","","","","","","","","","","","","","","","","","","",""
"31069001","TOULOUSE-BLAGNAC",43.621,1.378833,151,1968091321,"","","","",0.,1,0,1,"","","","","","","","","","","","","","","","","","","","","","","","","","","","",17.,1,15.8,1,"","","","","","","","","","","","","","","","","","","","","","","","","","",96,1,"","","","","","","","","","","","",18.5,1,1010.8,1,993.,1,"","","",1,5,1,5,1,0,1,8,1,0,1,"","","","","","","","","","","","","","","","","","","","","","","","",8000,1,"","",25,1,8,1,"","","","","","","","","","","","","","","","","","","","","","","","","","","","","","","","","","","","","","","","","","","","","","","","","","","","","","","","","","","","","","","","","",""
"31069001","TOULOUSE-BLAGNAC",43.621,1.378833,151,1968091400,"","","","",2.,1,240,1,"","","","","","","","","","","","","","","","","","","","","","","","","","","","",16.1,1,14.4,1,"","","","","","","","","","","","","","","","","","","","","","","","","","",92,1,"","","","","","","","","","","","",16.9,1,1011.,1,993.2,1,"","","",1,3,1,0,1,0,1,4,1,0,1,"","","","","","","","","","","","","","","","","","","","","","","","",10000,1,"","",1,1,8,1,"","","","","","","","","","","","","","","","","","","","","","","","","","","","","","","","","","","","","","","","","","","","","","","","","","","","","","","","","","","","","","","","","",""
"31069001","TOULOUSE-BLAGNAC",43.621,1.378833,151,1968091403,"","","","",1.,1,160,1,"","","","","","","","","","","","","","","","","","","","","","","","","","","","",16.2,1,15.1,1,"","","","","","","","","","","","","","","","","","","","","","","","","","",96,1,"","","","","","","","","","","","",17.6,1,1011.9,1,994.1,1,"","","",1,8,1,8,1,5,1,"","","","","","","","","","","","","","","","","","","","","","","","","","","","",15000,1,"","",2,1,1,1,"","","","","","","","","","","","","","","","","","","","","","","","","","","","","","","","","","","","","","","","","","","","","","","","","","","","","","","","","","","","","","","","","",""
"31069001","TOULOUSE-BLAGNAC",43.621,1.378833,151,1968091406,"","","","",1.,1,200,1,"","","","","","","","","","","","","","","","","","","","","","","","","","","","",16.2,1,15.1,1,"","","","","","","","","","","","","","","","","","","","","","","","","","",96,1,"","","","","","","","","","","","",17.6,1,1011.2,1,993.4,1,"","","",1,8,1,8,1,5,1,"","","","","","","","","","","","","","","","","","","","","","","","","","","","",10000,1,"","",2,1,2,1,"","",1,1,"","","","","","","","","","","","","","","","","","","","","","","","","","","","","","","","","","","","","","","","","","","","","","","","","","","","","","","","","","","","","",""
"31069001","TOULOUSE-BLAGNAC",43.621,1.378833,151,1968091409,"","","","",3.,1,100,1,"","","","","","","","","","","","","","","","","","","","","","","","","","","","",18.4,1,15.3,1,"","","","","","","","","","","","","","","","","","","","","","","","","","",84,1,"","","","","","","","","","","","",17.9,1,1010.5,1,992.8,1,"","","",1,7,1,5,1,8,1,"","","","","","","","","","","","","","","","","","","","","","","","","","","","",9000,1,"","",2,1,2,1,"","","","","","","","","","","","","","","","","","","","","","","","","","","","","","","","","","","","","","","","","","","","","","","","","","","","","","","","","","","","","","","","","",""
"31069001","TOULOUSE-BLAGNAC",43.621,1.378833,151,1968091412,"","","","",4.,1,100,1,"","","","","","","","","","","","","","","","","","","","","","","","","","","","",21.,1,15.3,1,"","","","","","","","","","","","","","","","","","","","","","","","","","",72,1,"","","","","","","","","","","","",17.9,1,1007.4,1,989.9,1,"","","",1,6,1,6,1,8,1,0,1,0,1,"","","","","","","","","","","","","","","","","","","","","","","","",15000,1,"","",3,1,2,1,"","","","","","","","","","","","","","","","","","","","","","","","","","","","","","","","","","","","","","","","","","","","","","","","","","","","","","","","","","","","","","","","","",""
"31069001","TOULOUSE-BLAGNAC",43.621,1.378833,151,1968091415,"","","","",6.,1,120,1,"","","","","","","","","","","","","","","","","","","","","","","","","","","","",21.2,1,16.,1,"","","","","","","","","","","","","","","","","","","","","","","","","","",75,1,"","","","","","","","","","","","",18.7,1,1005.6,1,988.2,1,"","","",1,7,1,7,1,2,1,"","","","","","","","","","","","","","","","","","","","","","","","","","","","",15000,1,"","",3,1,2,1,"","","","","","","","","","","","","","","","","","","","","","","","","","","","","","","","","","","","","","","","","","","","","","","","","","","","","","","","","","","","","","","","","",""
"31069001","TOULOUSE-BLAGNAC",43.621,1.378833,151,1968091418,"","","","",4.,1,140,1,"","","","","","","","","","","","","","","","","","","","","","","","","","","","",19.6,1,15.8,1,"","","","","","","","","","","","","","","","","","","","","","","","","","",81,1,"","","","","","","","","","","","",18.5,1,1003.8,1,986.3,1,"","","",1,7,1,5,1,9,1,8,1,3,1,"","","","","","","","","","","","","","","","","","","","","","","","",15000,1,"","",3,1,2,1,"","","","","","","","","","","","","","","","","","","","","","","","","","","","","","","","","","","","","","","","","","","","","","","","","","","","","","","","","","","","","","","","","",""
"31069001","TOULOUSE-BLAGNAC",43.621,1.378833,151,1968091421,"","","","",3.,1,320,1,"","","","","","","","","","","","","","","","","","","","","","","","","","","","",14.,1,11.1,1,"","","","","","","","","","","","","","","","","","","","","","","","","","",85,1,"","","","","","","","","","","","",13.5,1,1007.9,1,990.,1,"","","",1,8,1,7,1,8,1,"","","","","","","","","","","","","","","","","","","","","","","","","","","","",10000,1,"","",2,1,9,1,"","","","","","","","","","","","","","","","","","","","","","","","","","","","","","","","","","","","","","","","","","","","","","","","","","","","","","","","","","","","","","","","","",""
"31069001","TOULOUSE-BLAGNAC",43.621,1.378833,151,1968091500,"","","","",2.,1,200,1,"","","","","","","","","","","","","","","","","","","","","","","","","","","","",13.4,1,12.,1,"","","","","","","","","","","","","","","","","","","","","","","","","","",93,1,"","","","","","","","","","","","",14.3,1,1007.6,1,989.6,1,"","","",1,7,1,7,1,5,1,"","","","","","","","","","","","","","","","","","","","","","","","","","","","",15000,1,"","",2,1,9,1,"","","","","","","","","","","","","","","","","","","","","","","","","","","","","","","","","","","","","","","","","","","","","","","","","","","","","","","","","","","","","","","","","",""
"31069001","TOULOUSE-BLAGNAC",43.621,1.378833,151,1968091503,"","","","",0.,1,0,1,"","","","","","","","","","","","","","","","","","","","","","","","","","","","",13.8,1,11.6,1,"","","","","","","","","","","","","","","","","","","","","","","","","","",89,1,"","","","","","","","","","","","",14.,1,1005.6,1,987.7,1,"","","",1,8,1,8,1,5,1,"","","","","","","","","","","","","","","","","","","","","","","","","","","","",15000,1,"","",3,1,2,1,"","","","","","","","","","","","","","","","","","","","","","","","","","","","","","","","","","","","","","","","","","","","","","","","","","","","","","","","","","","","","","","","","",""
"31069001","TOULOUSE-BLAGNAC",43.621,1.378833,151,1968091506,"","","","",2.,1,120,1,"","","","","","","","","","","","","","","","","","","","","","","","","","","","",13.6,1,12.2,1,"","","","","","","","","","","","","","","","","","","","","","","","","","",93,1,"","","","","","","","","","","","",14.5,1,1004.2,1,986.3,1,"","","",1,7,1,7,1,5,1,"","","","","","","","","","","","","","","","","","","","","","","","","","","","",15000,1,"","",2,1,2,1,"","",2,1,"","","","","","","","","","","","","","","","","","","","","","","","","","","","","","","","","","","","","","","","","","","","","","","","","","","","","","","","","","","","","",""
"31069001","TOULOUSE-BLAGNAC",43.621,1.378833,151,1968091509,"","","","",2.,1,60,1,"","","","","","","","","","","","","","","","","","","","","","","","","","","","",15.8,1,13.3,1,"","","","","","","","","","","","","","","","","","","","","","","","","","",87,1,"","","","","","","","","","","","",15.7,1,1003.7,1,986.,1,"","","",1,6,1,5,1,6,1,8,1,2,1,"","","","","","","","","","","","","","","","","","","","","","","","",15000,1,"","",1,1,2,1,"","","","","","","","","","","","","","","","","","","","","","","","","","","","","","","","","","","","","","","","","","","","","","","","","","","","","","","","","","","","","","","","","",""
"31069001","TOULOUSE-BLAGNAC",43.621,1.378833,151,1968091512,"","","","",4.,1,60,1,"","","","","","","","","","","","","","","","","","","","","","","","","","","","",20.6,1,10.,1,"","","","","","","","","","","","","","","","","","","","","","","","","","",52,1,"","","","","","","","","","","","",12.5,1,1002.6,1,985.2,1,"","","",1,5,1,0,1,2,1,4,1,2,1,"","","","","","","","","","","","","","","","","","","","","","","","",50000,1,"","",2,1,2,1,"","","","","","","","","","","","","","","","","","","","","","","","","","","","","","","","","","","","","","","","","","","","","","","","","","","","","","","","","","","","","","","","","",""
"31069001","TOULOUSE-BLAGNAC",43.621,1.378833,151,1968091515,"","","","",2.,1,40,1,"","","","","","","","","","","","","","","","","","","","","","","","","","","","",21.4,1,9.9,1,"","","","","","","","","","","","","","","","","","","","","","","","","","",49,1,"","","","","","","","","","","","",12.4,1,1002.,1,984.6,1,"","","",1,5,1,0,1,2,1,0,1,2,1,"","","","","","","","","","","","","","","","","","","","","","","","",40000,1,"","",2,1,2,1,"","","","","","","","","","","","","","","","","","","","","","","","","","","","","","","","","","","","","","","","","","","","","","","","","","","","","","","","","","","","","","","","","",""
"31069001","TOULOUSE-BLAGNAC",43.621,1.378833,151,1968091518,"","","","",2.,1,320,1,"","","","","","","","","","","","","","","","","","","","","","","","","","","","",20.1,1,10.7,1,"","","","","","","","","","","","","","","","","","","","","","","","","","",56,1,"","","","","","","","","","","","",13.1,1,1002.5,1,985.,1,"","","",1,6,1,0,1,9,1,8,1,3,1,"","","","","","","","","","","","","","","","","","","","","","","","",20000,1,"","",3,1,2,1,"","","","","","","","","","","","","","","","","","","","","","","","","","","","","","","","","","","","","","","","","","","","","","","","","","","","","","","","","","","","","","","","","",""
"31069001","TOULOUSE-BLAGNAC",43.621,1.378833,151,1968091521,"","","","",1.,1,280,1,"","","","","","","","","","","","","","","","","","","","","","","","","","","","",16.3,1,10.9,1,"","","","","","","","","","","","","","","","","","","","","","","","","","",72,1,"","","","","","","","","","","","",13.3,1,1005.5,1,987.8,1,"","","",1,8,1,8,1,0,1,9,1,"","","","","","","","","","","","","","","","","","","","","","","","","","",10000,1,"","",80,1,2,1,"","","","","","","","","","","","","","","","","","","","","","","","","","","","","","","","","","","","","","","","","","","","","","","","","","","","","","","","","","","","","","","","","",""
"31069001","TOULOUSE-BLAGNAC",43.621,1.378833,151,1968091600,"","","","",3.,1,180,1,"","","","","","","","","","","","","","","","","","","","","","","","","","","","",14.6,1,11.4,1,"","","","","","","","","","","","","","","","","","","","","","","","","","",84,1,"","","","","","","","","","","","",13.8,1,1006.9,1,989.,1,"","","",1,4,1,0,1,0,1,3,1,0,1,"","","","","","","","","","","","","","","","","","","","","","","","",30000,1,"","",1,1,8,1,"","","","","","","","","","","","","","","","","","","","","","","","","","","","","","","","","","","","","","","","","","","","","","","","","","","","","","","","","","","","","","","","","",""
"31069001","TOULOUSE-BLAGNAC",43.621,1.378833,151,1968091603,"","","","",2.,1,180,1,"","","","","","","","","","","","","","","","","","","","","","","","","","","","",13.8,1,10.1,1,"","","","","","","","","","","","","","","","","","","","","","","","","","",80,1,"","","","","","","","","","","","",12.6,1,1007.1,1,989.2,1,"","","",1,7,1,7,1,5,1,7,1,0,1,"","","","","","","","","","","","","","","","","","","","","","","","",30000,1,"","",3,1,1,1,"","","","","","","","","","","","","","","","","","","","","","","","","","","","","","","","","","","","","","","","","","","","","","","","","","","","","","","","","","","","","","","","","",""
"31069001","TOULOUSE-BLAGNAC",43.621,1.378833,151,1968091606,"","","","",1.,1,160,1,"","","","","","","","","","","","","","","","","","","","","","","","","","","","",13.6,1,9.8,1,"","","","","","","","","","","","","","","","","","","","","","","","","","",79,1,"","","","","","","","","","","","",12.3,1,1008.1,1,990.1,1,"","","",1,6,1,5,1,5,1,7,1,0,1,"","","","","","","","","","","","","","","","","","","","","","","","",30000,1,"","",2,1,1,1,"","",0,1,"","","","","","","","","","","","","","","","","","","","","","","","","","","","","","","","","","","","","","","","","","","","","","","","","","","","","","","","","","","","","",""
"31069001","TOULOUSE-BLAGNAC",43.621,1.378833,151,1968091609,"","","","",5.,1,220,1,"","","","","","","","","","","","","","","","","","","","","","","","","","","","",18.3,1,9.4,1,"","","","","","","","","","","","","","","","","","","","","","","","","","",57,1,"","","","","","","","","","","","",12.,1,1009.,1,991.3,1,"","","",1,5,1,0,1,1,1,6,1,0,1,"","","","","","","","","","","","","","","","","","","","","","","","",50000,1,"","",1,1,2,1,"","","","","","","","","","","","","","","","","","","","","","","","","","","","","","","","","","","","","","","","","","","","","","","","","","","","","","","","","","","","","","","","","",""
"31069001","TOULOUSE-BLAGNAC",43.621,1.378833,151,1968091612,"","","","",9.,1,260,1,"","","","","","","","","","","","","","","","","","","","","","","","","","","","",20.7,1,10.7,1,"","","","","","","","","","","","","","","","","","","","","","","","","","",54,1,"","","","","","","","","","","","",13.1,1,1009.1,1,991.6,1,"","","",1,5,1,0,1,1,1,4,1,2,1,"","","","","","","","","","","","","","","","","","","","","","","","",50000,1,"","",3,1,1,1,"","","","","","","","","","","","","","","","","","","","","","","","","","","","","","","","","","","","","","","","","","","","","","","","","","","","","","","","","","","","","","","","","",""
"31069001","TOULOUSE-BLAGNAC",43.621,1.378833,151,1968091615,"","","","",7.,1,260,1,"","","","","","","","","","","","","","","","","","","","","","","","","","","","",17.9,1,10.2,1,"","","","","","","","","","","","","","","","","","","","","","","","","","",62,1,"","","","","","","","","","","","",12.7,1,1010.7,1,993.,1,"","","",1,7,1,6,1,9,1,5,1,"","","","","","","","","","","","","","","","","","","","","","","","","","",30000,1,"","",3,1,2,1,"","","","","","","","","","","","","","","","","","","","","","","","","","","","","","","","","","","","","","","","","","","","","","","","","","","","","","","","","","","","","","","","","",""
"31069001","TOULOUSE-BLAGNAC",43.621,1.378833,151,1968091618,"","","","",5.,1,220,1,"","","","","","","","","","","","","","","","","","","","","","","","","","","","",15.1,1,10.1,1,"","","","","","","","","","","","","","","","","","","","","","","","","","",74,1,"","","","","","","","","","","","",12.6,1,1012.2,1,994.3,1,"","","",1,7,1,6,1,2,1,9,1,2,1,"","","","","","","","","","","","","","","","","","","","","","","","",20000,1,"","",3,1,2,1,"","","","","","","","","","","","","","","","","","","","","","","","","","","","","","","","","","","","","","","","","","","","","","","","","","","","","","","","","","","","","","","","","",""
"31069001","TOULOUSE-BLAGNAC",43.621,1.378833,151,1968091621,"","","","",3.,1,180,1,"","","","","","","","","","","","","","","","","","","","","","","","","","","","",12.4,1,9.4,1,"","","","","","","","","","","","","","","","","","","","","","","","","","",83,1,"","","","","","","","","","","","",12.,1,1014.2,1,996.,1,"","","",1,4,1,0,1,2,1,3,1,0,1,"","","","","","","","","","","","","","","","","","","","","","","","",20000,1,"","",1,1,1,1,"","","","","","","","","","","","","","","","","","","","","","","","","","","","","","","","","","","","","","","","","","","","","","","","","","","","","","","","","","","","","","","","","",""
"31069001","TOULOUSE-BLAGNAC",43.621,1.378833,151,1968091700,"","","","",3.,1,160,1,"","","","","","","","","","","","","","","","","","","","","","","","","","","","",11.6,1,7.3,1,"","","","","","","","","","","","","","","","","","","","","","","","","","",76,1,"","","","","","","","","","","","",10.4,1,1014.3,1,996.1,1,"","","",1,3,1,0,1,0,1,3,1,2,1,"","","","","","","","","","","","","","","","","","","","","","","","",15000,1,"","",2,1,1,1,"","","","","","","","","","","","","","","","","","","","","","","","","","","","","","","","","","","","","","","","","","","","","","","","","","","","","","","","","","","","","","","","","",""
"31069001","TOULOUSE-BLAGNAC",43.621,1.378833,151,1968091703,"","","","",4.,1,160,1,"","","","","","","","","","","","","","","","","","","","","","","","","","","","",9.6,1,8.1,1,"","","","","","","","","","","","","","","","","","","","","","","","","","",92,1,"","","","","","","","","","","","",11.,1,1014.5,1,996.2,1,"","","",1,1,1,0,1,0,1,4,1,0,1,"","","","","","","","","","","","","","","","","","","","","","","","",15000,1,"","",2,1,0,1,"","","","","","","","","","","","","","","","","","","","","","","","","","","","","","","","","","","","","","","","","","","","","","","","","","","","","","","","","","","","","","","","","",""
"31069001","TOULOUSE-BLAGNAC",43.621,1.378833,151,1968091706,"","","","",4.,1,180,1,"","","","","","","","","","","","","","","","","","","","","","","","","","","","",8.3,1,7.5,1,"","","","","","","","","","","","","","","","","","","","","","","","","","",96,1,"","","","","","","","","","","","",10.5,1,1015.1,1,996.7,1,"","","",1,2,1,0,1,0,1,4,1,0,1,"","","","","","","","","","","","","","","","","","","","","","","","",15000,1,"","",2,1,0,1,"","",0,1,"","","","","","","","","","","","","","","","","","","","","","","","","","","","","","","","","","","","","","","","","","","","","","","","","","","","","","","","","","","","","",""
"31069001","TOULOUSE-BLAGNAC",43.621,1.378833,151,1968091709,"","","","",4.,1,220,1,"","","","","","","","","","","","","","","","","","","","","","","","","","","","",15.8,1,9.8,1,"","","","","","","","","","","","","","","","","","","","","","","","","","",68,1,"","","","","","","","","","","","",12.3,1,1016.,1,998.,1,"","","",1,4,1,0,1,1,1,3,1,1,1,"","","","","","","","","","","","","","","","","","","","","","","","",15000,1,"","",3,1,0,1,"","","","","","","","","","","","","","","","","","","","","","","","","","","","","","","","","","","","","","","","","","","","","","","","","","","","","","","","","","","","","","","","","",""
"31069001","TOULOUSE-BLAGNAC",43.621,1.378833,151,1968091712,"","","","",2.,1,260,1,"","","","","","","","","","","","","","","","","","","","","","","","","","","","",18.4,1,9.6,1,"","","","","","","","","","","","","","","","","","","","","","","","","","",58,1,"","","","","","","","","","","","",12.2,1,1015.8,1,998.,1,"","","",1,5,1,5,1,2,1,6,1,0,1,"","","","","","","","","","","","","","","","","","","","","","","","",40000,1,"","",1,1,1,1,"","","","","","","","","","","","","","","","","","","","","","","","","","","","","","","","","","","","","","","","","","","","","","","","","","","","","","","","","","","","","","","","","",""
"31069001","TOULOUSE-BLAGNAC",43.621,1.378833,151,1968091715,"","","","",4.,1,260,1,"","","","","","","","","","","","","","","","","","","","","","","","","","","","",19.3,1,8.9,1,"","","","","","","","","","","","","","","","","","","","","","","","","","",52,1,"","","","","","","","","","","","",11.6,1,1014.7,1,997.,1,"","","",1,5,1,0,1,2,1,6,1,0,1,"","","","","","","","","","","","","","","","","","","","","","","","",40000,1,"","",3,1,2,1,"","","","","","","","","","","","","","","","","","","","","","","","","","","","","","","","","","","","","","","","","","","","","","","","","","","","","","","","","","","","","","","","","",""
"31069001","TOULOUSE-BLAGNAC",43.621,1.378833,151,1968091718,"","","","",3.,1,300,1,"","","","","","","","","","","","","","","","","","","","","","","","","","","","",17.6,1,10.3,1,"","","","","","","","","","","","","","","","","","","","","","","","","","",64,1,"","","","","","","","","","","","",12.8,1,1014.9,1,997.1,1,"","","",1,5,1,0,1,8,1,4,1,0,1,"","","","","","","","","","","","","","","","","","","","","","","","",30000,1,"","",2,1,1,1,"","","","","","","","","","","","","","","","","","","","","","","","","","","","","","","","","","","","","","","","","","","","","","","","","","","","","","","","","","","","","","","","","",""
"31069001","TOULOUSE-BLAGNAC",43.621,1.378833,151,1968091721,"","","","",2.,1,300,1,"","","","","","","","","","","","","","","","","","","","","","","","","","","","",13.3,1,10.,1,"","","","","","","","","","","","","","","","","","","","","","","","","","",82,1,"","","","","","","","","","","","",12.5,1,1016.5,1,998.4,1,"","","",1,1,1,0,1,3,1,0,1,0,1,"","","","","","","","","","","","","","","","","","","","","","","","",30000,1,"","",13,1,1,1,"","","","","","","","","","","","","","","","","","","","","","","","","","","","","","","","","","","","","","","","","","","","","","","","","","","","","","","","","","","","","","","","","",""
"31069001","TOULOUSE-BLAGNAC",43.621,1.378833,151,1968091800,"","","","",4.,1,220,1,"","","","","","","","","","","","","","","","","","","","","","","","","","","","",13.8,1,10.7,1,"","","","","","","","","","","","","","","","","","","","","","","","","","",83,1,"","","","","","","","","","","","",13.1,1,1016.6,1,998.5,1,"","","",1,7,1,7,1,5,1,"","","","","","","","","","","","","","","","","","","","","","","","","","","","",30000,1,"","",3,1,1,1,"","","","","","","","","","","","","","","","","","","","","","","","","","","","","","","","","","","","","","","","","","","","","","","","","","","","","","","","","","","","","","","","","",""
"31069001","TOULOUSE-BLAGNAC",43.621,1.378833,151,1968091803,"","","","",4.,1,220,1,"","","","","","","","","","","","","","","","","","","","","","","","","","","","",13.6,1,11.,1,"","","","","","","","","","","","","","","","","","","","","","","","","","",86,1,"","","","","","","","","","","","",13.4,1,1015.8,1,997.7,1,"","","",1,7,1,5,1,8,1,"","","","","","","","","","","","","","","","","","","","","","","","","","","","",20000,1,"","",2,1,8,1,"","","","","","","","","","","","","","","","","","","","","","","","","","","","","","","","","","","","","","","","","","","","","","","","","","","","","","","","","","","","","","","","","",""
"31069001","TOULOUSE-BLAGNAC",43.621,1.378833,151,1968091806,"","","","",5.,1,260,1,"","","","","","","","","","","","","","","","","","","","","","","","","","","","",13.8,1,11.6,1,"","","","","","","","","","","","","","","","","","","","","","","","","","",89,1,"","","","","","","","","","","","",14.,1,1015.9,1,997.8,1,"","","",1,8,1,8,1,5,1,"","","","","","","","","","","","","","","","","","","","","","","","","","","","",15000,1,"","",2,1,8,1,"","",0,1,"","","","","","","","","","","","","","","","","","","","","","","","","","","","","","","","","","","","","","","","","","","","","","","","","","","","","","","","","","","","","",""
"31069001","TOULOUSE-BLAGNAC",43.621,1.378833,151,1968091809,"","","","",6.,1,260,1,"","","","","","","","","","","","","","","","","","","","","","","","","","","","",14.3,1,12.8,1,"","","","","","","","","","","","","","","","","","","","","","","","","","",92,1,"","","","","","","","","","","","",15.1,1,1017.3,1,999.2,1,"","","",1,8,1,5,1,5,1,"","","","","","","","","","","","","","","","","","","","","","","","","","","","",10000,1,"","",60,1,6,1,"","","","","","","","","","","","","","","","","","","","","","","","","","","","","","","","","","","","","","","","","","","","","","","","","","","","","","","","","","","","","","","","","",""
"31069001","TOULOUSE-BLAGNAC",43.621,1.378833,151,1968091812,"","","","",7.,1,260,1,"","","","","","","","","","","","","","","","","","","","","","","","","","","","",15.9,1,13.2,1,"","","","","","","","","","","","","","","","","","","","","","","","","","",86,1,"","","","","","","","","","","","",15.5,1,1017.6,1,999.6,1,"","","",1,8,1,6,1,3,1,"","","","","","","","","","","","","","","","","","","","","","","","","","","","",20000,1,"","",25,1,6,1,"","","","","","","","","","","","","","","","","","","","","","","","","","","","","","","","","","","","","","","","","","","","","","","","","","","","","","","","","","","","","","","","","",""
"31069001","TOULOUSE-BLAGNAC",43.621,1.378833,151,1968091815,"","","","",8.,1,240,1,"","","","","","","","","","","","","","","","","","","","","","","","","","","","",17.5,1,12.,1,"","","","","","","","","","","","","","","","","","","","","","","","","","",72,1,"","","","","","","","","","","","",14.3,1,1017.2,1,999.3,1,"","","",1,7,1,7,1,8,1,"","","","","","","","","","","","","","","","","","","","","","","","","","","","",20000,1,"","",3,1,2,1,"","","","","","","","","","","","","","","","","","","","","","","","","","","","","","","","","","","","","","","","","","","","","","","","","","","","","","","","","","","","","","","","","",""
"31069001","TOULOUSE-BLAGNAC",43.621,1.378833,151,1968091818,"","","","",6.,1,260,1,"","","","","","","","","","","","","","","","","","","","","","","","","","","","",17.1,1,11.2,1,"","","","","","","","","","","","","","","","","","","","","","","","","","",70,1,"","","","","","","","","","","","",13.6,1,1018.,1,1000.1,1,"","","",1,7,1,5,1,5,1,0,1,2,1,"","","","","","","","","","","","","","","","","","","","","","","","",20000,1,"","",2,1,2,1,"","","","","","","","","","","","","","","","","","","","","","","","","","","","","","","","","","","","","","","","","","","","","","","","","","","","","","","","","","","","","","","","","",""
"31069001","TOULOUSE-BLAGNAC",43.621,1.378833,151,1968091821,"","","","",3.,1,180,1,"","","","","","","","","","","","","","","","","","","","","","","","","","","","",12.6,1,10.8,1,"","","","","","","","","","","","","","","","","","","","","","","","","","",91,1,"","","","","","","","","","","","",13.2,1,1019.7,1,1001.5,1,"","","",1,5,1,0,1,5,1,0,1,2,1,"","","","","","","","","","","","","","","","","","","","","","","","",20000,1,"","",1,1,2,1,"","","","","","","","","","","","","","","","","","","","","","","","","","","","","","","","","","","","","","","","","","","","","","","","","","","","","","","","","","","","","","","","","",""
"31069001","TOULOUSE-BLAGNAC",43.621,1.378833,151,1968091900,"","","","",2.,1,240,1,"","","","","","","","","","","","","","","","","","","","","","","","","","","","",11.,1,9.8,1,"","","","","","","","","","","","","","","","","","","","","","","","","","",94,1,"","","","","","","","","","","","",12.3,1,1019.8,1,1001.5,1,"","","",1,4,1,0,1,5,1,0,1,2,1,"","","","","","","","","","","","","","","","","","","","","","","","",20000,1,"","",1,1,1,1,"","","","","","","","","","","","","","","","","","","","","","","","","","","","","","","","","","","","","","","","","","","","","","","","","","","","","","","","","","","","","","","","","",""
"31069001","TOULOUSE-BLAGNAC",43.621,1.378833,151,1968091903,"","","","",2.,1,160,1,"","","","","","","","","","","","","","","","","","","","","","","","","","","","",9.4,1,8.8,1,"","","","","","","","","","","","","","","","","","","","","","","","","","",97,1,"","","","","","","","","","","","",11.5,1,1019.2,1,1000.8,1,"","","",1,0,1,"","",0,1,0,1,0,1,"","","","","","","","","","","","","","","","","","","","","","","","",10000,1,"","",2,1,0,1,"","","","","","","","","","","","","","","","","","","","","","","","","","","","","","","","","","","","","","","","","","","","","","","","","","","","","","","","","","","","","","","","","",""
"31069001","TOULOUSE-BLAGNAC",43.621,1.378833,151,1968091906,"","","","",2.,1,140,1,"","","","","","","","","","","","","","","","","","","","","","","","","","","","",8.4,1,7.7,1,"","","","","","","","","","","","","","","","","","","","","","","","","","",97,1,"","","","","","","","","","","","",10.7,1,1018.7,1,1000.2,1,"","","",1,6,1,6,1,0,1,4,1,0,1,"","","","","","","","","","","","","","","","","","","","","","","","",3000,1,"","",10,1,1,1,"","",0,1,"","","","","","","","","","","","","","","","","","","","","","","","","","","","","","","","","","","","","","","","","","","","","","","","","","","","","","","","","","","","","",""
"31069001","TOULOUSE-BLAGNAC",43.621,1.378833,151,1968091909,"","","","",2.,1,80,1,"","","","","","","","","","","","","","","","","","","","","","","","","","","","",12.6,1,11.2,1,"","","","","","","","","","","","","","","","","","","","","","","","","","",93,1,"","","","","","","","","","","","",13.6,1,1018.7,1,1000.5,1,"","","",1,8,1,8,1,6,1,"","","","","","","","","","","","","","","","","","","","","","","","","","","","",1800,1,"","",10,1,2,1,"","","","","","","","","","","","","","","","","","","","","","","","","","","","","","","","","","","","","","","","","","","","","","","","","","","","","","","","","","","","","","","","","",""
"31069001","TOULOUSE-BLAGNAC",43.621,1.378833,151,1968091912,"","","","",3.,1,60,1,"","","","","","","","","","","","","","","","","","","","","","","","","","","","",17.3,1,12.6,1,"","","","","","","","","","","","","","","","","","","","","","","","","","",75,1,"","","","","","","","","","","","",14.9,1,1018.1,1,1000.2,1,"","","",1,1,1,0,1,1,1,0,1,1,1,"","","","","","","","","","","","","","","","","","","","","","","","",9000,1,"","",1,1,1,1,"","","","","","","","","","","","","","","","","","","","","","","","","","","","","","","","","","","","","","","","","","","","","","","","","","","","","","","","","","","","","","","","","",""
"31069001","TOULOUSE-BLAGNAC",43.621,1.378833,151,1968091915,"","","","",1.,1,20,1,"","","","","","","","","","","","","","","","","","","","","","","","","","","","",21.7,1,9.8,1,"","","","","","","","","","","","","","","","","","","","","","","","","","",48,1,"","","","","","","","","","","","",12.3,1,1016.,1,998.4,1,"","","",1,3,1,0,1,0,1,0,1,2,1,"","","","","","","","","","","","","","","","","","","","","","","","",25000,1,"","",3,1,0,1,"","","","","","","","","","","","","","","","","","","","","","","","","","","","","","","","","","","","","","","","","","","","","","","","","","","","","","","","","","","","","","","","","",""
"31069001","TOULOUSE-BLAGNAC",43.621,1.378833,151,1968091918,"","","","",1.,1,60,1,"","","","","","","","","","","","","","","","","","","","","","","","","","","","",19.9,1,10.8,1,"","","","","","","","","","","","","","","","","","","","","","","","","","",57,1,"","","","","","","","","","","","",13.2,1,1015.9,1,998.2,1,"","","",1,7,1,7,1,0,1,5,1,"","","","","","","","","","","","","","","","","","","","","","","","","","",20000,1,"","",3,1,1,1,"","","","","","","","","","","","","","","","","","","","","","","","","","","","","","","","","","","","","","","","","","","","","","","","","","","","","","","","","","","","","","","","","",""
"31069001","TOULOUSE-BLAGNAC",43.621,1.378833,151,1968091921,"","","","",1.,1,100,1,"","","","","","","","","","","","","","","","","","","","","","","","","","","","",18.2,1,10.4,1,"","","","","","","","","","","","","","","","","","","","","","","","","","",61,1,"","","","","","","","","","","","",12.9,1,1016.2,1,998.4,1,"","","",1,7,1,7,1,0,1,4,1,2,1,"","","","","","","","","","","","","","","","","","","","","","","","",20000,1,"","",1,1,2,1,"","","","","","","","","","","","","","","","","","","","","","","","","","","","","","","","","","","","","","","","","","","","","","","","","","","","","","","","","","","","","","","","","",""
"31069001","TOULOUSE-BLAGNAC",43.621,1.378833,151,1968092000,"","","","",2.,1,120,1,"","","","","","","","","","","","","","","","","","","","","","","","","","","","",16.2,1,12.9,1,"","","","","","","","","","","","","","","","","","","","","","","","","","",83,1,"","","","","","","","","","","","",15.2,1,1016.2,1,998.3,1,"","","",1,8,1,8,1,0,1,7,1,"","","","","","","","","","","","","","","","","","","","","","","","","","",20000,1,"","",2,1,6,1,"","","","","","","","","","","","","","","","","","","","","","","","","","","","","","","","","","","","","","","","","","","","","","","","","","","","","","","","","","","","","","","","","",""
"31069001","TOULOUSE-BLAGNAC",43.621,1.378833,151,1968092003,"","","","",0.,1,0,1,"","","","","","","","","","","","","","","","","","","","","","","","","","","","",16.4,1,12.1,1,"","","","","","","","","","","","","","","","","","","","","","","","","","",78,1,"","","","","","","","","","","","",14.4,1,1016.,1,998.1,1,"","","",1,8,1,8,1,0,1,7,1,"","","","","","","","","","","","","","","","","","","","","","","","","","",15000,1,"","",61,1,6,1,"","","","","","","","","","","","","","","","","","","","","","","","","","","","","","","","","","","","","","","","","","","","","","","","","","","","","","","","","","","","","","","","","",""
"31069001","TOULOUSE-BLAGNAC",43.621,1.378833,151,1968092006,"","","","",3.,1,180,1,"","","","","","","","","","","","","","","","","","","","","","","","","","","","",16.2,1,13.7,1,"","","","","","","","","","","","","","","","","","","","","","","","","","",88,1,"","","","","","","","","","","","",16.1,1,1016.8,1,998.9,1,"","","",1,8,1,7,1,5,1,"","","","","","","","","","","","","","","","","","","","","","","","","","","","",20000,1,"","",3,1,6,1,"","",1,1,"","","","","","","","","","","","","","","","","","","","","","","","","","","","","","","","","","","","","","","","","","","","","","","","","","","","","","","","","","","","","",""
"31069001","TOULOUSE-BLAGNAC",43.621,1.378833,151,1968092009,"","","","",2.,1,220,1,"","","","","","","","","","","","","","","","","","","","","","","","","","","","",16.8,1,15.,1,"","","","","","","","","","","","","","","","","","","","","","","","","","",92,1,"","","","","","","","","","","","",17.5,1,1019.4,1,1001.5,1,"","","",1,8,1,6,1,8,1,7,1,"","","","","","","","","","","","","","","","","","","","","","","","","","",20000,1,"","",21,1,8,1,"","","","","","","","","","","","","","","","","","","","","","","","","","","","","","","","","","","","","","","","","","","","","","","","","","","","","","","","","","","","","","","","","",""
"31069001","TOULOUSE-BLAGNAC",43.621,1.378833,151,1968092012,"","","","",1.,1,340,1,"","","","","","","","","","","","","","","","","","","","","","","","","","","","",17.6,1,14.4,1,"","","","","","","","","","","","","","","","","","","","","","","","","","",84,1,"","","","","","","","","","","","",16.9,1,1019.6,1,1001.7,1,"","","",1,8,1,5,1,8,1,"","","","","","","","","","","","","","","","","","","","","","","","","","","","",20000,1,"","",3,1,8,1,"","","","","","","","","","","","","","","","","","","","","","","","","","","","","","","","","","","","","","","","","","","","","","","","","","","","","","","","","","","","","","","","","",""
"31069001","TOULOUSE-BLAGNAC",43.621,1.378833,151,1968092015,"","","","",0.,1,0,1,"","","","","","","","","","","","","","","","","","","","","","","","","","","","",18.6,1,15.1,1,"","","","","","","","","","","","","","","","","","","","","","","","","","",83,1,"","","","","","","","","","","","",17.7,1,1018.7,1,1000.9,1,"","","",1,8,1,5,1,8,1,"","","","","","","","","","","","","","","","","","","","","","","","","","","","",8000,1,"","",2,1,2,1,"","","","","","","","","","","","","","","","","","","","","","","","","","","","","","","","","","","","","","","","","","","","","","","","","","","","","","","","","","","","","","","","","",""
"31069001","TOULOUSE-BLAGNAC",43.621,1.378833,151,1968092018,"","","","",2.,1,160,1,"","","","","","","","","","","","","","","","","","","","","","","","","","","","",18.1,1,15.1,1,"","","","","","","","","","","","","","","","","","","","","","","","","","",85,1,"","","","","","","","","","","","",17.7,1,1018.3,1,1000.5,1,"","","",1,8,1,8,1,5,1,"","","","","","","","","","","","","","","","","","","","","","","","","","","","",8000,1,"","",2,1,2,1,"","","","","","","","","","","","","","","","","","","","","","","","","","","","","","","","","","","","","","","","","","","","","","","","","","","","","","","","","","","","","","","","","",""
"31069001","TOULOUSE-BLAGNAC",43.621,1.378833,151,1968092021,"","","","",3.,1,140,1,"","","","","","","","","","","","","","","","","","","","","","","","","","","","",16.,1,14.4,1,"","","","","","","","","","","","","","","","","","","","","","","","","","",92,1,"","","","","","","","","","","","",16.8,1,1017.6,1,999.6,1,"","","",1,8,1,8,1,5,1,"","","","","","","","","","","","","","","","","","","","","","","","","","","","",10000,1,"","",3,1,1,1,"","","","","","","","","","","","","","","","","","","","","","","","","","","","","","","","","","","","","","","","","","","","","","","","","","","","","","","","","","","","","","","","","",""
"31069001","TOULOUSE-BLAGNAC",43.621,1.378833,151,1968092100,"","","","",1.,1,120,1,"","","","","","","","","","","","","","","","","","","","","","","","","","","","",16.6,1,14.4,1,"","","","","","","","","","","","","","","","","","","","","","","","","","",90,1,"","","","","","","","","","","","",16.9,1,1015.6,1,997.7,1,"","","",1,8,1,5,1,5,1,7,1,"","","","","","","","","","","","","","","","","","","","","","","","","","",8000,1,"","",3,1,1,1,"","","","","","","","","","","","","","","","","","","","","","","","","","","","","","","","","","","","","","","","","","","","","","","","","","","","","","","","","","","","","","","","","",""
"31069001","TOULOUSE-BLAGNAC",43.621,1.378833,151,1968092103,"","","","",3.,1,180,1,"","","","","","","","","","","","","","","","","","","","","","","","","","","","",14.6,1,13.3,1,"","","","","","","","","","","","","","","","","","","","","","","","","","",94,1,"","","","","","","","","","","","",15.7,1,1014.,1,996.,1,"","","",1,5,1,5,1,5,1,7,1,0,1,"","","","","","","","","","","","","","","","","","","","","","","","",10000,1,"","",1,1,2,1,"","","","","","","","","","","","","","","","","","","","","","","","","","","","","","","","","","","","","","","","","","","","","","","","","","","","","","","","","","","","","","","","","",""
"31069001","TOULOUSE-BLAGNAC",43.621,1.378833,151,1968092106,"","","","",3.,1,220,1,"","","","","","","","","","","","","","","","","","","","","","","","","","","","",14.7,1,13.4,1,"","","","","","","","","","","","","","","","","","","","","","","","","","",94,1,"","","","","","","","","","","","",15.8,1,1013.3,1,995.3,1,"","","",1,5,1,5,1,0,1,4,1,2,1,"","","","","","","","","","","","","","","","","","","","","","","","",15000,1,"","",3,1,1,1,"","",0,1,"","","","","","","","","","","","","","","","","","","","","","","","","","","","","","","","","","","","","","","","","","","","","","","","","","","","","","","","","","","","","",""
"31069001","TOULOUSE-BLAGNAC",43.621,1.378833,151,1968092109,"","","","",3.,1,160,1,"","","","","","","","","","","","","","","","","","","","","","","","","","","","",19.8,1,15.3,1,"","","","","","","","","","","","","","","","","","","","","","","","","","",78,1,"","","","","","","","","","","","",17.9,1,1013.4,1,995.8,1,"","","",1,7,1,5,1,0,1,5,1,2,1,"","","","","","","","","","","","","","","","","","","","","","","","",15000,1,"","",3,1,2,1,"","","","","","","","","","","","","","","","","","","","","","","","","","","","","","","","","","","","","","","","","","","","","","","","","","","","","","","","","","","","","","","","","",""
"31069001","TOULOUSE-BLAGNAC",43.621,1.378833,151,1968092112,"","","","",1.,1,240,1,"","","","","","","","","","","","","","","","","","","","","","","","","","","","",25.1,1,14.1,1,"","","","","","","","","","","","","","","","","","","","","","","","","","",52,1,"","","","","","","","","","","","",16.5,1,1011.6,1,994.3,1,"","","",1,7,1,5,1,0,1,5,1,2,1,"","","","","","","","","","","","","","","","","","","","","","","","",15000,1,"","",3,1,2,1,"","","","","","","","","","","","","","","","","","","","","","","","","","","","","","","","","","","","","","","","","","","","","","","","","","","","","","","","","","","","","","","","","",""
"31069001","TOULOUSE-BLAGNAC",43.621,1.378833,151,1968092115,"","","","",5.,1,260,1,"","","","","","","","","","","","","","","","","","","","","","","","","","","","",27.6,1,14.3,1,"","","","","","","","","","","","","","","","","","","","","","","","","","",45,1,"","","","","","","","","","","","",16.7,1,1009.4,1,992.3,1,"","","",1,6,1,0,1,1,1,4,1,2,1,"","","","","","","","","","","","","","","","","","","","","","","","",30000,1,"","",3,1,2,1,"","","","","","","","","","","","","","","","","","","","","","","","","","","","","","","","","","","","","","","","","","","","","","","","","","","","","","","","","","","","","","","","","",""
"31069001","TOULOUSE-BLAGNAC",43.621,1.378833,151,1968092118,"","","","",2.,1,320,1,"","","","","","","","","","","","","","","","","","","","","","","","","","","","",23.9,1,15.7,1,"","","","","","","","","","","","","","","","","","","","","","","","","","",62,1,"","","","","","","","","","","","",18.3,1,1009.,1,991.7,1,"","","",1,7,1,7,1,8,1,5,1,"","","","","","","","","","","","","","","","","","","","","","","","","","",30000,1,"","",3,1,2,1,"","","","","","","","","","","","","","","","","","","","","","","","","","","","","","","","","","","","","","","","","","","","","","","","","","","","","","","","","","","","","","","","","",""
"31069001","TOULOUSE-BLAGNAC",43.621,1.378833,151,1968092121,"","","","",2.,1,300,1,"","","","","","","","","","","","","","","","","","","","","","","","","","","","",19.1,1,16.8,1,"","","","","","","","","","","","","","","","","","","","","","","","","","",89,1,"","","","","","","","","","","","",19.7,1,1010.9,1,993.3,1,"","","",1,8,1,5,1,5,1,7,1,"","","","","","","","","","","","","","","","","","","","","","","","","","",10000,1,"","",61,1,6,1,"","","","","","","","","","","","","","","","","","","","","","","","","","","","","","","","","","","","","","","","","","","","","","","","","","","","","","","","","","","","","","","","","",""
"31069001","TOULOUSE-BLAGNAC",43.621,1.378833,151,1968092200,"","","","",3.,1,200,1,"","","","","","","","","","","","","","","","","","","","","","","","","","","","",18.1,1,17.,1,"","","","","","","","","","","","","","","","","","","","","","","","","","",96,1,"","","","","","","","","","","","",20.,1,1010.1,1,992.4,1,"","","",1,6,1,6,1,5,1,0,1,0,1,"","","","","","","","","","","","","","","","","","","","","","","","",15000,1,"","",21,1,6,1,"","","","","","","","","","","","","","","","","","","","","","","","","","","","","","","","","","","","","","","","","","","","","","","","","","","","","","","","","","","","","","","","","",""
"31069001","TOULOUSE-BLAGNAC",43.621,1.378833,151,1968092203,"","","","",6.,1,300,1,"","","","","","","","","","","","","","","","","","","","","","","","","","","","",18.,1,16.5,1,"","","","","","","","","","","","","","","","","","","","","","","","","","",94,1,"","","","","","","","","","","","",19.4,1,1010.7,1,993.,1,"","","",1,8,1,7,1,6,1,"","","","","","","","","","","","","","","","","","","","","","","","","","","","",8000,1,"","",3,1,8,1,"","","","","","","","","","","","","","","","","","","","","","","","","","","","","","","","","","","","","","","","","","","","","","","","","","","","","","","","","","","","","","","","","",""
"31069001","TOULOUSE-BLAGNAC",43.621,1.378833,151,1968092206,"","","","",4.,1,300,1,"","","","","","","","","","","","","","","","","","","","","","","","","","","","",15.9,1,14.3,1,"","","","","","","","","","","","","","","","","","","","","","","","","","",92,1,"","","","","","","","","","","","",16.7,1,1013.2,1,995.3,1,"","","",1,8,1,7,1,8,1,"","","","","","","","","","","","","","","","","","","","","","","","","","","","",15000,1,"","",3,1,8,1,"","",2,1,"","","","","","","","","","","","","","","","","","","","","","","","","","","","","","","","","","","","","","","","","","","","","","","","","","","","","","","","","","","","","",""
"31069001","TOULOUSE-BLAGNAC",43.621,1.378833,151,1968092209,"","","","",3.,1,340,1,"","","","","","","","","","","","","","","","","","","","","","","","","","","","",16.1,1,13.2,1,"","","","","","","","","","","","","","","","","","","","","","","","","","",85,1,"","","","","","","","","","","","",15.5,1,1014.8,1,996.9,1,"","","",1,7,1,7,1,8,1,"","","","","","","","","","","","","","","","","","","","","","","","","","","","",10000,1,"","",3,1,2,1,"","","","","","","","","","","","","","","","","","","","","","","","","","","","","","","","","","","","","","","","","","","","","","","","","","","","","","","","","","","","","","","","","",""
"31069001","TOULOUSE-BLAGNAC",43.621,1.378833,151,1968092212,"","","","",3.,1,300,1,"","","","","","","","","","","","","","","","","","","","","","","","","","","","",18.8,1,12.1,1,"","","","","","","","","","","","","","","","","","","","","","","","","","",66,1,"","","","","","","","","","","","",14.4,1,1014.6,1,996.9,1,"","","",1,8,1,5,1,8,1,"","","","","","","","","","","","","","","","","","","","","","","","","","","","",20000,1,"","",3,1,2,1,"","","","","","","","","","","","","","","","","","","","","","","","","","","","","","","","","","","","","","","","","","","","","","","","","","","","","","","","","","","","","","","","","",""
"31069001","TOULOUSE-BLAGNAC",43.621,1.378833,151,1968092215,"","","","",2.,1,300,1,"","","","","","","","","","","","","","","","","","","","","","","","","","","","",18.8,1,13.2,1,"","","","","","","","","","","","","","","","","","","","","","","","","","",72,1,"","","","","","","","","","","","",15.6,1,1013.9,1,996.2,1,"","","",1,8,1,7,1,8,1,"","","","","","","","","","","","","","","","","","","","","","","","","","","","",20000,1,"","",2,1,2,1,"","","","","","","","","","","","","","","","","","","","","","","","","","","","","","","","","","","","","","","","","","","","","","","","","","","","","","","","","","","","","","","","","",""
"31069001","TOULOUSE-BLAGNAC",43.621,1.378833,151,1968092218,"","","","",3.,1,280,1,"","","","","","","","","","","","","","","","","","","","","","","","","","","","",17.2,1,15.1,1,"","","","","","","","","","","","","","","","","","","","","","","","","","",90,1,"","","","","","","","","","","","",17.6,1,1014.4,1,996.6,1,"","","",1,8,1,7,1,5,1,"","","","","","","","","","","","","","","","","","","","","","","","","","","","",20000,1,"","",21,1,6,1,"","","","","","","","","","","","","","","","","","","","","","","","","","","","","","","","","","","","","","","","","","","","","","","","","","","","","","","","","","","","","","","","","",""
"31069001","TOULOUSE-BLAGNAC",43.621,1.378833,151,1968092221,"","","","",3.,1,260,1,"","","","","","","","","","","","","","","","","","","","","","","","","","","","",16.4,1,15.1,1,"","","","","","","","","","","","","","","","","","","","","","","","","","",95,1,"","","","","","","","","","","","",17.7,1,1016.,1,998.1,1,"","","",1,8,1,8,1,5,1,7,1,"","","","","","","","","","","","","","","","","","","","","","","","","","",15000,1,"","",2,1,2,1,"","","","","","","","","","","","","","","","","","","","","","","","","","","","","","","","","","","","","","","","","","","","","","","","","","","","","","","","","","","","","","","","","",""
"31069001","TOULOUSE-BLAGNAC",43.621,1.378833,151,1968092300,"","","","",1.,1,280,1,"","","","","","","","","","","","","","","","","","","","","","","","","","","","",16.,1,14.5,1,"","","","","","","","","","","","","","","","","","","","","","","","","","",94,1,"","","","","","","","","","","","",17.,1,1015.1,1,997.2,1,"","","",1,5,1,0,1,5,1,4,1,0,1,"","","","","","","","","","","","","","","","","","","","","","","","",10000,1,"","",2,1,2,1,"","","","","","","","","","","","","","","","","","","","","","","","","","","","","","","","","","","","","","","","","","","","","","","","","","","","","","","","","","","","","","","","","",""
"31069001","TOULOUSE-BLAGNAC",43.621,1.378833,151,1968092303,"","","","",1.,1,160,1,"","","","","","","","","","","","","","","","","","","","","","","","","","","","",15.8,1,14.6,1,"","","","","","","","","","","","","","","","","","","","","","","","","","",96,1,"","","","","","","","","","","","",17.1,1,1013.6,1,995.7,1,"","","",1,8,1,5,1,5,1,"","","","","","","","","","","","","","","","","","","","","","","","","","","","",9000,1,"","",3,1,2,1,"","","","","","","","","","","","","","","","","","","","","","","","","","","","","","","","","","","","","","","","","","","","","","","","","","","","","","","","","","","","","","","","","",""
"31069001","TOULOUSE-BLAGNAC",43.621,1.378833,151,1968092306,"","","","",2.,1,160,1,"","","","","","","","","","","","","","","","","","","","","","","","","","","","",16.2,1,16.2,1,"","","","","","","","","","","","","","","","","","","","","","","","","","",99,1,"","","","","","","","","","","","",18.2,1,1012.8,1,995.,1,"","","",1,8,1,8,1,5,1,"","","","","","","","","","","","","","","","","","","","","","","","","","","","",1800,1,"","",51,1,6,1,"","",2,1,"","","","","","","","","","","","","","","","","","","","","","","","","","","","","","","","","","","","","","","","","","","","","","","","","","","","","","","","","","","","","",""
"31069001","TOULOUSE-BLAGNAC",43.621,1.378833,151,1968092309,"","","","",5.,1,240,1,"","","","","","","","","","","","","","","","","","","","","","","","","","","","",20.,1,18.3,1,"","","","","","","","","","","","","","","","","","","","","","","","","","",93,1,"","","","","","","","","","","","",21.8,1,1012.8,1,995.2,1,"","","",1,8,1,7,1,5,1,"","","","","","","","","","","","","","","","","","","","","","","","","","","","",10000,1,"","",21,1,5,1,"","","","","","","","","","","","","","","","","","","","","","","","","","","","","","","","","","","","","","","","","","","","","","","","","","","","","","","","","","","","","","","","","",""
"31069001","TOULOUSE-BLAGNAC",43.621,1.378833,151,1968092312,"","","","",7.,1,260,1,"","","","","","","","","","","","","","","","","","","","","","","","","","","","",21.4,1,18.3,1,"","","","","","","","","","","","","","","","","","","","","","","","","","",86,1,"","","","","","","","","","","","",21.8,1,1012.8,1,995.3,1,"","","",1,7,1,7,1,2,1,"","","","","","","","","","","","","","","","","","","","","","","","","","","","",20000,1,"","",25,1,6,1,"","","","","","","","","","","","","","","","","","","","","","","","","","","","","","","","","","","","","","","","","","","","","","","","","","","","","","","","","","","","","","","","","",""
"31069001","TOULOUSE-BLAGNAC",43.621,1.378833,151,1968092315,"","","","",11.,1,260,1,"","","","","","","","","","","","","","","","","","","","","","","","","","","","",23.2,1,16.2,1,"","","","","","","","","","","","","","","","","","","","","","","","","","",70,1,"","","","","","","","","","","","",19.,1,1013.,1,995.6,1,"","","",1,6,1,5,1,8,1,0,1,2,1,"","","","","","","","","","","","","","","","","","","","","","","","",20000,1,"","",1,1,8,1,"","","","","","","","","","","","","","","","","","","","","","","","","","","","","","","","","","","","","","","","","","","","","","","","","","","","","","","","","","","","","","","","","",""
"31069001","TOULOUSE-BLAGNAC",43.621,1.378833,151,1968092318,"","","","",9.,1,260,1,"","","","","","","","","","","","","","","","","","","","","","","","","","","","",19.,1,15.3,1,"","","","","","","","","","","","","","","","","","","","","","","","","","",82,1,"","","","","","","","","","","","",17.9,1,1015.5,1,997.8,1,"","","",1,6,1,0,1,8,1,0,1,2,1,"","","","","","","","","","","","","","","","","","","","","","","","",20000,1,"","",25,1,8,1,"","","","","","","","","","","","","","","","","","","","","","","","","","","","","","","","","","","","","","","","","","","","","","","","","","","","","","","","","","","","","","","","","",""
"31069001","TOULOUSE-BLAGNAC",43.621,1.378833,151,1968092321,"","","","",3.,1,260,1,"","","","","","","","","","","","","","","","","","","","","","","","","","","","",16.9,1,14.5,1,"","","","","","","","","","","","","","","","","","","","","","","","","","",89,1,"","","","","","","","","","","","",17.,1,1017.5,1,999.6,1,"","","",1,7,1,6,1,5,1,"","","","","","","","","","","","","","","","","","","","","","","","","","","","",15000,1,"","",3,1,2,1,"","","","","","","","","","","","","","","","","","","","","","","","","","","","","","","","","","","","","","","","","","","","","","","","","","","","","","","","","","","","","","","","","",""
"31069001","TOULOUSE-BLAGNAC",43.621,1.378833,151,1968092400,"","","","",5.,1,300,1,"","","","","","","","","","","","","","","","","","","","","","","","","","","","",15.5,1,12.5,1,"","","","","","","","","","","","","","","","","","","","","","","","","","",84,1,"","","","","","","","","","","","",14.8,1,1018.,1,1000.,1,"","","",1,8,1,7,1,5,1,"","","","","","","","","","","","","","","","","","","","","","","","","","","","",15000,1,"","",3,1,2,1,"","","","","","","","","","","","","","","","","","","","","","","","","","","","","","","","","","","","","","","","","","","","","","","","","","","","","","","","","","","","","","","","","",""
"31069001","TOULOUSE-BLAGNAC",43.621,1.378833,151,1968092403,"","","","",4.,1,260,1,"","","","","","","","","","","","","","","","","","","","","","","","","","","","",15.,1,12.6,1,"","","","","","","","","","","","","","","","","","","","","","","","","","",87,1,"","","","","","","","","","","","",14.9,1,1017.7,1,999.7,1,"","","",1,8,1,7,1,5,1,"","","","","","","","","","","","","","","","","","","","","","","","","","","","",15000,1,"","",2,1,2,1,"","","","","","","","","","","","","","","","","","","","","","","","","","","","","","","","","","","","","","","","","","","","","","","","","","","","","","","","","","","","","","","","","",""
"31069001","TOULOUSE-BLAGNAC",43.621,1.378833,151,1968092406,"","","","",4.,1,240,1,"","","","","","","","","","","","","","","","","","","","","","","","","","","","",15.6,1,13.8,1,"","","","","","","","","","","","","","","","","","","","","","","","","","",91,1,"","","","","","","","","","","","",16.2,1,1017.7,1,999.7,1,"","","",1,7,1,7,1,5,1,"","","","","","","","","","","","","","","","","","","","","","","","","","","","",20000,1,"","",1,1,2,1,"","",0,1,"","","","","","","","","","","","","","","","","","","","","","","","","","","","","","","","","","","","","","","","","","","","","","","","","","","","","","","","","","","","","",""
"31069001","TOULOUSE-BLAGNAC",43.621,1.378833,151,1968092409,"","","","",6.,1,240,1,"","","","","","","","","","","","","","","","","","","","","","","","","","","","",16.7,1,13.5,1,"","","","","","","","","","","","","","","","","","","","","","","","","","",84,1,"","","","","","","","","","","","",15.9,1,1018.6,1,1000.7,1,"","","",1,7,1,7,1,8,1,"","","","","","","","","","","","","","","","","","","","","","","","","","","","",20000,1,"","",2,1,2,1,"","","","","","","","","","","","","","","","","","","","","","","","","","","","","","","","","","","","","","","","","","","","","","","","","","","","","","","","","","","","","","","","","",""
"31069001","TOULOUSE-BLAGNAC",43.621,1.378833,151,1968092412,"","","","",7.,1,300,1,"","","","","","","","","","","","","","","","","","","","","","","","","","","","",20.5,1,10.9,1,"","","","","","","","","","","","","","","","","","","","","","","","","","",55,1,"","","","","","","","","","","","",13.3,1,1018.5,1,1000.8,1,"","","",1,5,1,5,1,2,1,0,1,0,1,"","","","","","","","","","","","","","","","","","","","","","","","",30000,1,"","",25,1,2,1,"","","","","","","","","","","","","","","","","","","","","","","","","","","","","","","","","","","","","","","","","","","","","","","","","","","","","","","","","","","","","","","","","",""
"31069001","TOULOUSE-BLAGNAC",43.621,1.378833,151,1968092415,"","","","",7.,1,300,1,"","","","","","","","","","","","","","","","","","","","","","","","","","","","",20.,1,7.7,1,"","","","","","","","","","","","","","","","","","","","","","","","","","",46,1,"","","","","","","","","","","","",10.7,1,1018.8,1,1001.,1,"","","",1,5,1,5,1,2,1,0,1,0,1,"","","","","","","","","","","","","","","","","","","","","","","","",30000,1,"","",2,1,2,1,"","","","","","","","","","","","","","","","","","","","","","","","","","","","","","","","","","","","","","","","","","","","","","","","","","","","","","","","","","","","","","","","","",""
"31069001","TOULOUSE-BLAGNAC",43.621,1.378833,151,1968092418,"","","","",5.,1,320,1,"","","","","","","","","","","","","","","","","","","","","","","","","","","","",17.9,1,11.1,1,"","","","","","","","","","","","","","","","","","","","","","","","","","",65,1,"","","","","","","","","","","","",13.5,1,1020.3,1,1002.4,1,"","","",1,3,1,0,1,4,1,0,1,0,1,"","","","","","","","","","","","","","","","","","","","","","","","",30000,1,"","",1,1,1,1,"","","","","","","","","","","","","","","","","","","","","","","","","","","","","","","","","","","","","","","","","","","","","","","","","","","","","","","","","","","","","","","","","",""
"31069001","TOULOUSE-BLAGNAC",43.621,1.378833,151,1968092421,"","","","",3.,1,260,1,"","","","","","","","","","","","","","","","","","","","","","","","","","","","",14.,1,11.4,1,"","","","","","","","","","","","","","","","","","","","","","","","","","",87,1,"","","","","","","","","","","","",13.8,1,1022.4,1,1004.2,1,"","","",1,2,1,0,1,5,1,0,1,0,1,"","","","","","","","","","","","","","","","","","","","","","","","",20000,1,"","",2,1,1,1,"","","","","","","","","","","","","","","","","","","","","","","","","","","","","","","","","","","","","","","","","","","","","","","","","","","","","","","","","","","","","","","","","",""
"31069001","TOULOUSE-BLAGNAC",43.621,1.378833,151,1968092500,"","","","",4.,1,260,1,"","","","","","","","","","","","","","","","","","","","","","","","","","","","",12.7,1,10.3,1,"","","","","","","","","","","","","","","","","","","","","","","","","","",87,1,"","","","","","","","","","","","",12.8,1,1023.,1,1004.7,1,"","","",1,6,1,6,1,5,1,0,1,0,1,"","","","","","","","","","","","","","","","","","","","","","","","",20000,1,"","",2,1,1,1,"","","","","","","","","","","","","","","","","","","","","","","","","","","","","","","","","","","","","","","","","","","","","","","","","","","","","","","","","","","","","","","","","",""
"31069001","TOULOUSE-BLAGNAC",43.621,1.378833,151,1968092503,"","","","",1.,1,240,1,"","","","","","","","","","","","","","","","","","","","","","","","","","","","",11.3,1,9.2,1,"","","","","","","","","","","","","","","","","","","","","","","","","","",89,1,"","","","","","","","","","","","",11.8,1,1023.,1,1004.6,1,"","","",1,3,1,0,1,5,1,0,1,0,1,"","","","","","","","","","","","","","","","","","","","","","","","",20000,1,"","",2,1,1,1,"","","","","","","","","","","","","","","","","","","","","","","","","","","","","","","","","","","","","","","","","","","","","","","","","","","","","","","","","","","","","","","","","",""
"31069001","TOULOUSE-BLAGNAC",43.621,1.378833,151,1968092506,"","","","",1.,1,140,1,"","","","","","","","","","","","","","","","","","","","","","","","","","","","",9.9,1,8.8,1,"","","","","","","","","","","","","","","","","","","","","","","","","","",95,1,"","","","","","","","","","","","",11.5,1,1023.2,1,1004.7,1,"","","",1,3,1,0,1,5,1,0,1,2,1,"","","","","","","","","","","","","","","","","","","","","","","","",10000,1,"","",3,1,1,1,"","",0,1,"","","","","","","","","","","","","","","","","","","","","","","","","","","","","","","","","","","","","","","","","","","","","","","","","","","","","","","","","","","","","",""
"31069001","TOULOUSE-BLAGNAC",43.621,1.378833,151,1968092509,"","","","",1.,1,340,1,"","","","","","","","","","","","","","","","","","","","","","","","","","","","",15.3,1,10.6,1,"","","","","","","","","","","","","","","","","","","","","","","","","","",74,1,"","","","","","","","","","","","",13.,1,1023.5,1,1005.4,1,"","","",1,6,1,5,1,2,1,4,1,2,1,"","","","","","","","","","","","","","","","","","","","","","","","",25000,1,"","",2,1,2,1,"","","","","","","","","","","","","","","","","","","","","","","","","","","","","","","","","","","","","","","","","","","","","","","","","","","","","","","","","","","","","","","","","",""
"31069001","TOULOUSE-BLAGNAC",43.621,1.378833,151,1968092512,"","","","",2.,1,320,1,"","","","","","","","","","","","","","","","","","","","","","","","","","","","",18.,1,8.1,1,"","","","","","","","","","","","","","","","","","","","","","","","","","",53,1,"","","","","","","","","","","","",11.,1,1022.6,1,1004.6,1,"","","",1,3,1,0,1,1,1,0,1,1,1,"","","","","","","","","","","","","","","","","","","","","","","","",40000,1,"","",1,1,1,1,"","","","","","","","","","","","","","","","","","","","","","","","","","","","","","","","","","","","","","","","","","","","","","","","","","","","","","","","","","","","","","","","","",""
"31069001","TOULOUSE-BLAGNAC",43.621,1.378833,151,1968092515,"","","","",1.,1,20,1,"","","","","","","","","","","","","","","","","","","","","","","","","","","","",20.1,1,9.,1,"","","","","","","","","","","","","","","","","","","","","","","","","","",50,1,"","","","","","","","","","","","",11.7,1,1020.7,1,1002.9,1,"","","",1,0,1,"","",0,1,0,1,0,1,"","","","","","","","","","","","","","","","","","","","","","","","",40000,1,"","",1,1,0,1,"","","","","","","","","","","","","","","","","","","","","","","","","","","","","","","","","","","","","","","","","","","","","","","","","","","","","","","","","","","","","","","","","",""
"31069001","TOULOUSE-BLAGNAC",43.621,1.378833,151,1968092518,"","","","",1.,1,40,1,"","","","","","","","","","","","","","","","","","","","","","","","","","","","",18.,1,11.,1,"","","","","","","","","","","","","","","","","","","","","","","","","","",65,1,"","","","","","","","","","","","",13.4,1,1020.8,1,1002.9,1,"","","",1,0,1,"","",0,1,0,1,0,1,"","","","","","","","","","","","","","","","","","","","","","","","",25000,1,"","",2,1,0,1,"","","","","","","","","","","","","","","","","","","","","","","","","","","","","","","","","","","","","","","","","","","","","","","","","","","","","","","","","","","","","","","","","",""
"31069001","TOULOUSE-BLAGNAC",43.621,1.378833,151,1968092521,"","","","",1.,1,80,1,"","","","","","","","","","","","","","","","","","","","","","","","","","","","",14.,1,10.3,1,"","","","","","","","","","","","","","","","","","","","","","","","","","",80,1,"","","","","","","","","","","","",12.8,1,1021.6,1,1003.4,1,"","","",1,0,1,"","",0,1,0,1,0,1,"","","","","","","","","","","","","","","","","","","","","","","","",20000,1,"","",2,1,0,1,"","","","","","","","","","","","","","","","","","","","","","","","","","","","","","","","","","","","","","","","","","","","","","","","","","","","","","","","","","","","","","","","","",""
"31069001","TOULOUSE-BLAGNAC",43.621,1.378833,151,1968092600,"","","","",1.,1,160,1,"","","","","","","","","","","","","","","","","","","","","","","","","","","","",11.8,1,9.8,1,"","","","","","","","","","","","","","","","","","","","","","","","","","",89,1,"","","","","","","","","","","","",12.3,1,1021.1,1,1002.8,1,"","","",1,0,1,"","",0,1,0,1,0,1,"","","","","","","","","","","","","","","","","","","","","","","","",15000,1,"","",2,1,0,1,"","","","","","","","","","","","","","","","","","","","","","","","","","","","","","","","","","","","","","","","","","","","","","","","","","","","","","","","","","","","","","","","","",""
"31069001","TOULOUSE-BLAGNAC",43.621,1.378833,151,1968092603,"","","","",1.,1,140,1,"","","","","","","","","","","","","","","","","","","","","","","","","","","","",10.2,1,9.2,1,"","","","","","","","","","","","","","","","","","","","","","","","","","",95,1,"","","","","","","","","","","","",11.8,1,1020.3,1,1001.9,1,"","","",1,0,1,"","",0,1,0,1,0,1,"","","","","","","","","","","","","","","","","","","","","","","","",10000,1,"","",2,1,0,1,"","","","","","","","","","","","","","","","","","","","","","","","","","","","","","","","","","","","","","","","","","","","","","","","","","","","","","","","","","","","","","","","","",""
"31069001","TOULOUSE-BLAGNAC",43.621,1.378833,151,1968092606,"","","","",1.,1,120,1,"","","","","","","","","","","","","","","","","","","","","","","","","","","","",10.4,1,8.9,1,"","","","","","","","","","","","","","","","","","","","","","","","","","",92,1,"","","","","","","","","","","","",11.6,1,1020.,1,1001.6,1,"","","",1,6,1,5,1,0,1,5,1,2,1,"","","","","","","","","","","","","","","","","","","","","","","","",10000,1,"","",3,1,1,1,"","",0,1,"","","","","","","","","","","","","","","","","","","","","","","","","","","","","","","","","","","","","","","","","","","","","","","","","","","","","","","","","","","","","",""
"31069001","TOULOUSE-BLAGNAC",43.621,1.378833,151,1968092609,"","","","",4.,1,120,1,"","","","","","","","","","","","","","","","","","","","","","","","","","","","",16.4,1,9.8,1,"","","","","","","","","","","","","","","","","","","","","","","","","","",66,1,"","","","","","","","","","","","",12.3,1,1020.1,1,1002.1,1,"","","",1,6,1,6,1,0,1,3,1,0,1,"","","","","","","","","","","","","","","","","","","","","","","","",30000,1,"","",2,1,2,1,"","","","","","","","","","","","","","","","","","","","","","","","","","","","","","","","","","","","","","","","","","","","","","","","","","","","","","","","","","","","","","","","","",""
"31069001","TOULOUSE-BLAGNAC",43.621,1.378833,151,1968092612,"","","","",4.,1,120,1,"","","","","","","","","","","","","","","","","","","","","","","","","","","","",24.1,1,12.1,1,"","","","","","","","","","","","","","","","","","","","","","","","","","",47,1,"","","","","","","","","","","","",14.4,1,1019.2,1,1001.7,1,"","","",1,1,1,0,1,0,1,4,1,0,1,"","","","","","","","","","","","","","","","","","","","","","","","",50000,1,"","",1,1,1,1,"","","","","","","","","","","","","","","","","","","","","","","","","","","","","","","","","","","","","","","","","","","","","","","","","","","","","","","","","","","","","","","","","",""
"31069001","TOULOUSE-BLAGNAC",43.621,1.378833,151,1968092615,"","","","",4.,1,120,1,"","","","","","","","","","","","","","","","","","","","","","","","","","","","",27.1,1,12.4,1,"","","","","","","","","","","","","","","","","","","","","","","","","","",41,1,"","","","","","","","","","","","",14.7,1,1017.5,1,1000.2,1,"","","",1,4,1,0,1,0,1,0,1,2,1,"","","","","","","","","","","","","","","","","","","","","","","","",40000,1,"","",3,1,0,1,"","","","","","","","","","","","","","","","","","","","","","","","","","","","","","","","","","","","","","","","","","","","","","","","","","","","","","","","","","","","","","","","","",""
"31069001","TOULOUSE-BLAGNAC",43.621,1.378833,151,1968092618,"","","","",5.,1,140,1,"","","","","","","","","","","","","","","","","","","","","","","","","","","","",22.,1,11.2,1,"","","","","","","","","","","","","","","","","","","","","","","","","","",51,1,"","","","","","","","","","","","",13.6,1,1017.3,1,999.7,1,"","","",1,5,1,5,1,0,1,0,1,1,1,"","","","","","","","","","","","","","","","","","","","","","","","",30000,1,"","",1,1,1,1,"","","","","","","","","","","","","","","","","","","","","","","","","","","","","","","","","","","","","","","","","","","","","","","","","","","","","","","","","","","","","","","","","",""
"31069001","TOULOUSE-BLAGNAC",43.621,1.378833,151,1968092621,"","","","",7.,1,160,1,"","","","","","","","","","","","","","","","","","","","","","","","","","","","",17.8,1,12.7,1,"","","","","","","","","","","","","","","","","","","","","","","","","","",74,1,"","","","","","","","","","","","",15.,1,1018.3,1,1000.4,1,"","","",1,0,1,"","",0,1,0,1,0,1,"","","","","","","","","","","","","","","","","","","","","","","","",20000,1,"","",2,1,0,1,"","","","","","","","","","","","","","","","","","","","","","","","","","","","","","","","","","","","","","","","","","","","","","","","","","","","","","","","","","","","","","","","","",""
"31069001","TOULOUSE-BLAGNAC",43.621,1.378833,151,1968092700,"","","","",8.,1,140,1,"","","","","","","","","","","","","","","","","","","","","","","","","","","","",17.1,1,14.6,1,"","","","","","","","","","","","","","","","","","","","","","","","","","",88,1,"","","","","","","","","","","","",17.1,1,1017.2,1,999.3,1,"","","",1,3,1,0,1,6,1,0,1,0,1,"","","","","","","","","","","","","","","","","","","","","","","","",20000,1,"","",3,1,0,1,"","","","","","","","","","","","","","","","","","","","","","","","","","","","","","","","","","","","","","","","","","","","","","","","","","","","","","","","","","","","","","","","","",""
"31069001","TOULOUSE-BLAGNAC",43.621,1.378833,151,1968092703,"","","","",8.,1,140,1,"","","","","","","","","","","","","","","","","","","","","","","","","","","","",18.2,1,16.,1,"","","","","","","","","","","","","","","","","","","","","","","","","","",90,1,"","","","","","","","","","","","",18.7,1,1015.4,1,997.6,1,"","","",1,8,1,6,1,6,1,"","","","","","","","","","","","","","","","","","","","","","","","","","","","",15000,1,"","",3,1,1,1,"","","","","","","","","","","","","","","","","","","","","","","","","","","","","","","","","","","","","","","","","","","","","","","","","","","","","","","","","","","","","","","","","",""
"31069001","TOULOUSE-BLAGNAC",43.621,1.378833,151,1968092706,"","","","",7.,1,140,1,"","","","","","","","","","","","","","","","","","","","","","","","","","","","",18.6,1,16.3,1,"","","","","","","","","","","","","","","","","","","","","","","","","","",89,1,"","","","","","","","","","","","",19.1,1,1015.3,1,997.6,1,"","","",1,8,1,8,1,6,1,"","","","","","","","","","","","","","","","","","","","","","","","","","","","",15000,1,"","",2,1,2,1,"","",0,1,"","","","","","","","","","","","","","","","","","","","","","","","","","","","","","","","","","","","","","","","","","","","","","","","","","","","","","","","","","","","","",""
"31069001","TOULOUSE-BLAGNAC",43.621,1.378833,151,1968092709,"","","","",9.,1,140,1,"","","","","","","","","","","","","","","","","","","","","","","","","","","","",21.8,1,16.5,1,"","","","","","","","","","","","","","","","","","","","","","","","","","",74,1,"","","","","","","","","","","","",19.4,1,1015.5,1,997.9,1,"","","",1,1,1,0,1,6,1,0,1,0,1,"","","","","","","","","","","","","","","","","","","","","","","","",10000,1,"","",1,1,1,1,"","","","","","","","","","","","","","","","","","","","","","","","","","","","","","","","","","","","","","","","","","","","","","","","","","","","","","","","","","","","","","","","","",""
"31069001","TOULOUSE-BLAGNAC",43.621,1.378833,151,1968092712,"","","","",10.,1,140,1,"","","","","","","","","","","","","","","","","","","","","","","","","","","","",25.,1,16.5,1,"","","","","","","","","","","","","","","","","","","","","","","","","","",61,1,"","","","","","","","","","","","",19.4,1,1014.1,1,996.8,1,"","","",1,1,1,0,1,0,1,4,1,0,1,"","","","","","","","","","","","","","","","","","","","","","","","",20000,1,"","",2,1,1,1,"","","","","","","","","","","","","","","","","","","","","","","","","","","","","","","","","","","","","","","","","","","","","","","","","","","","","","","","","","","","","","","","","",""
"31069001","TOULOUSE-BLAGNAC",43.621,1.378833,151,1968092715,"","","","",7.,1,140,1,"","","","","","","","","","","","","","","","","","","","","","","","","","","","",25.,1,15.8,1,"","","","","","","","","","","","","","","","","","","","","","","","","","",59,1,"","","","","","","","","","","","",18.5,1,1014.6,1,997.2,1,"","","",1,2,1,0,1,0,1,4,1,2,1,"","","","","","","","","","","","","","","","","","","","","","","","",30000,1,"","",2,1,0,1,"","","","","","","","","","","","","","","","","","","","","","","","","","","","","","","","","","","","","","","","","","","","","","","","","","","","","","","","","","","","","","","","","",""
"31069001","TOULOUSE-BLAGNAC",43.621,1.378833,151,1968092718,"","","","",7.,1,140,1,"","","","","","","","","","","","","","","","","","","","","","","","","","","","",21.1,1,16.6,1,"","","","","","","","","","","","","","","","","","","","","","","","","","",78,1,"","","","","","","","","","","","",19.5,1,1016.4,1,998.8,1,"","","",1,7,1,7,1,8,1,4,1,6,1,"","","","","","","","","","","","","","","","","","","","","","","","",20000,1,"","",3,1,1,1,"","","","","","","","","","","","","","","","","","","","","","","","","","","","","","","","","","","","","","","","","","","","","","","","","","","","","","","","","","","","","","","","","",""
"31069001","TOULOUSE-BLAGNAC",43.621,1.378833,151,1968092721,"","","","",3.,1,200,1,"","","","","","","","","","","","","","","","","","","","","","","","","","","","",20.3,1,16.7,1,"","","","","","","","","","","","","","","","","","","","","","","","","","",82,1,"","","","","","","","","","","","",19.6,1,1017.9,1,1000.2,1,"","","",1,8,1,8,1,5,1,"","","","","","","","","","","","","","","","","","","","","","","","","","","","",10000,1,"","",63,1,2,1,"","","","","","","","","","","","","","","","","","","","","","","","","","","","","","","","","","","","","","","","","","","","","","","","","","","","","","","","","","","","","","","","","",""
"31069001","TOULOUSE-BLAGNAC",43.621,1.378833,151,1968092800,"","","","",5.,1,300,1,"","","","","","","","","","","","","","","","","","","","","","","","","","","","",15.4,1,13.8,1,"","","","","","","","","","","","","","","","","","","","","","","","","","",92,1,"","","","","","","","","","","","",16.2,1,1021.,1,1002.9,1,"","","",1,8,1,8,1,5,1,"","","","","","","","","","","","","","","","","","","","","","","","","","","","",15000,1,"","",61,1,6,1,"","","","","","","","","","","","","","","","","","","","","","","","","","","","","","","","","","","","","","","","","","","","","","","","","","","","","","","","","","","","","","","","","",""
"31069001","TOULOUSE-BLAGNAC",43.621,1.378833,151,1968092803,"","","","",3.,1,280,1,"","","","","","","","","","","","","","","","","","","","","","","","","","","","",14.7,1,12.,1,"","","","","","","","","","","","","","","","","","","","","","","","","","",86,1,"","","","","","","","","","","","",14.3,1,1021.9,1,1003.8,1,"","","",1,8,1,8,1,5,1,"","","","","","","","","","","","","","","","","","","","","","","","","","","","",15000,1,"","",2,1,6,1,"","","","","","","","","","","","","","","","","","","","","","","","","","","","","","","","","","","","","","","","","","","","","","","","","","","","","","","","","","","","","","","","","",""
"31069001","TOULOUSE-BLAGNAC",43.621,1.378833,151,1968092806,"","","","",2.,1,300,1,"","","","","","","","","","","","","","","","","","","","","","","","","","","","",13.3,1,11.4,1,"","","","","","","","","","","","","","","","","","","","","","","","","","",91,1,"","","","","","","","","","","","",13.8,1,1023.9,1,1005.6,1,"","","",1,8,1,8,1,5,1,"","","","","","","","","","","","","","","","","","","","","","","","","","","","",4000,1,"","",51,1,6,1,"","",2,1,"","","","","","","","","","","","","","","","","","","","","","","","","","","","","","","","","","","","","","","","","","","","","","","","","","","","","","","","","","","","","",""
"31069001","TOULOUSE-BLAGNAC",43.621,1.378833,151,1968092809,"","","","",5.,1,280,1,"","","","","","","","","","","","","","","","","","","","","","","","","","","","",13.,1,10.8,1,"","","","","","","","","","","","","","","","","","","","","","","","","","",88,1,"","","","","","","","","","","","",13.2,1,1026.4,1,1008.1,1,"","","",1,8,1,5,1,8,1,7,1,"","","","","","","","","","","","","","","","","","","","","","","","","","",15000,1,"","",61,1,6,1,"","","","","","","","","","","","","","","","","","","","","","","","","","","","","","","","","","","","","","","","","","","","","","","","","","","","","","","","","","","","","","","","","",""
"31069001","TOULOUSE-BLAGNAC",43.621,1.378833,151,1968092812,"","","","",4.,1,240,1,"","","","","","","","","","","","","","","","","","","","","","","","","","","","",13.7,1,9.6,1,"","","","","","","","","","","","","","","","","","","","","","","","","","",78,1,"","","","","","","","","","","","",12.2,1,1026.8,1,1008.5,1,"","","",1,6,1,6,1,2,1,3,1,0,1,"","","","","","","","","","","","","","","","","","","","","","","","",20000,1,"","",1,1,6,1,"","","","","","","","","","","","","","","","","","","","","","","","","","","","","","","","","","","","","","","","","","","","","","","","","","","","","","","","","","","","","","","","","",""
"31069001","TOULOUSE-BLAGNAC",43.621,1.378833,151,1968092815,"","","","",1.,1,320,1,"","","","","","","","","","","","","","","","","","","","","","","","","","","","",16.2,1,9.5,1,"","","","","","","","","","","","","","","","","","","","","","","","","","",66,1,"","","","","","","","","","","","",12.1,1,1025.9,1,1007.8,1,"","","",1,5,1,0,1,8,1,0,1,0,1,"","","","","","","","","","","","","","","","","","","","","","","","",30000,1,"","",1,1,2,1,"","","","","","","","","","","","","","","","","","","","","","","","","","","","","","","","","","","","","","","","","","","","","","","","","","","","","","","","","","","","","","","","","",""
"31069001","TOULOUSE-BLAGNAC",43.621,1.378833,151,1968092818,"","","","",1.,1,180,1,"","","","","","","","","","","","","","","","","","","","","","","","","","","","",15.1,1,9.8,1,"","","","","","","","","","","","","","","","","","","","","","","","","","",71,1,"","","","","","","","","","","","",12.3,1,1025.5,1,1007.3,1,"","","",1,1,1,0,1,5,1,0,1,0,1,"","","","","","","","","","","","","","","","","","","","","","","","",30000,1,"","",2,1,1,1,"","","","","","","","","","","","","","","","","","","","","","","","","","","","","","","","","","","","","","","","","","","","","","","","","","","","","","","","","","","","","","","","","",""
"31069001","TOULOUSE-BLAGNAC",43.621,1.378833,151,1968092821,"","","","",1.,1,180,1,"","","","","","","","","","","","","","","","","","","","","","","","","","","","",11.,1,9.2,1,"","","","","","","","","","","","","","","","","","","","","","","","","","",90,1,"","","","","","","","","","","","",11.8,1,1026.3,1,1007.8,1,"","","",1,0,1,"","",0,1,0,1,0,1,"","","","","","","","","","","","","","","","","","","","","","","","",20000,1,"","",2,1,0,1,"","","","","","","","","","","","","","","","","","","","","","","","","","","","","","","","","","","","","","","","","","","","","","","","","","","","","","","","","","","","","","","","","",""
"31069001","TOULOUSE-BLAGNAC",43.621,1.378833,151,1968092900,"","","","",2.,1,180,1,"","","","","","","","","","","","","","","","","","","","","","","","","","","","",8.6,1,7.7,1,"","","","","","","","","","","","","","","","","","","","","","","","","","",96,1,"","","","","","","","","","","","",10.7,1,1025.3,1,1006.7,1,"","","",1,0,1,"","",0,1,0,1,0,1,"","","","","","","","","","","","","","","","","","","","","","","","",15000,1,"","",2,1,0,1,"","","","","","","","","","","","","","","","","","","","","","","","","","","","","","","","","","","","","","","","","","","","","","","","","","","","","","","","","","","","","","","","","",""
"31069001","TOULOUSE-BLAGNAC",43.621,1.378833,151,1968092903,"","","","",2.,1,160,1,"","","","","","","","","","","","","","","","","","","","","","","","","","","","",7.,1,6.4,1,"","","","","","","","","","","","","","","","","","","","","","","","","","",97,1,"","","","","","","","","","","","",9.7,1,1023.9,1,1005.2,1,"","","",1,0,1,"","",0,1,0,1,0,1,"","","","","","","","","","","","","","","","","","","","","","","","",10000,1,"","",2,1,0,1,"","","","","","","","","","","","","","","","","","","","","","","","","","","","","","","","","","","","","","","","","","","","","","","","","","","","","","","","","","","","","","","","","",""
"31069001","TOULOUSE-BLAGNAC",43.621,1.378833,151,1968092906,"","","","",3.,1,160,1,"","","","","","","","","","","","","","","","","","","","","","","","","","","","",6.8,1,6.8,1,"","","","","","","","","","","","","","","","","","","","","","","","","","","","","","","","","","","","","","","","",9.7,1,"","",1004.4,1,"","","","",2,1,0,1,5,1,0,1,1,1,"","","","","","","","","","","","","","","","","","","","","","","","",20000,1,"","",1,1,0,1,"","",1,1,"","","","","","","","","","","","","","","","","","","","","","","","","","","","","","","","","","","","","","","","","","","","","","","","","","","","","","","","","","","","","",""
"31069001","TOULOUSE-BLAGNAC",43.621,1.378833,151,1968092909,"","","","",4.,1,200,1,"","","","","","","","","","","","","","","","","","","","","","","","","","","","",14.,1,11.4,1,"","","","","","","","","","","","","","","","","","","","","","","","","","",87,1,"","","","","","","","","","","","",13.8,1,1022.8,1,1004.6,1,"","","",1,5,1,5,1,5,1,5,1,0,1,"","","","","","","","","","","","","","","","","","","","","","","","",30000,1,"","",3,1,1,1,"","","","","","","","","","","","","","","","","","","","","","","","","","","","","","","","","","","","","","","","","","","","","","","","","","","","","","","","","","","","","","","","","",""
"31069001","TOULOUSE-BLAGNAC",43.621,1.378833,151,1968092912,"","","","",4.,1,220,1,"","","","","","","","","","","","","","","","","","","","","","","","","","","","",16.6,1,10.3,1,"","","","","","","","","","","","","","","","","","","","","","","","","","",68,1,"","","","","","","","","","","","",12.8,1,1022.1,1,1004.1,1,"","","",1,7,1,7,1,5,1,7,1,"","","","","","","","","","","","","","","","","","","","","","","","","","",30000,1,"","",2,1,1,1,"","","","","","","","","","","","","","","","","","","","","","","","","","","","","","","","","","","","","","","","","","","","","","","","","","","","","","","","","","","","","","","","","",""
"31069001","TOULOUSE-BLAGNAC",43.621,1.378833,151,1968092915,"","","","",7.,1,260,1,"","","","","","","","","","","","","","","","","","","","","","","","","","","","",16.3,1,13.6,1,"","","","","","","","","","","","","","","","","","","","","","","","","","",87,1,"","","","","","","","","","","","",16.,1,1021.3,1,1003.3,1,"","","",1,8,1,5,1,5,1,7,1,"","","","","","","","","","","","","","","","","","","","","","","","","","",8000,1,"","",63,1,2,1,"","","","","","","","","","","","","","","","","","","","","","","","","","","","","","","","","","","","","","","","","","","","","","","","","","","","","","","","","","","","","","","","","",""
"31069001","TOULOUSE-BLAGNAC",43.621,1.378833,151,1968092918,"","","","",4.,1,240,1,"","","","","","","","","","","","","","","","","","","","","","","","","","","","",14.3,1,13.1,1,"","","","","","","","","","","","","","","","","","","","","","","","","","",94,1,"","","","","","","","","","","","",15.4,1,1023.1,1,1004.9,1,"","","",1,8,1,8,1,5,1,"","","","","","","","","","","","","","","","","","","","","","","","","","","","",8000,1,"","",21,1,6,1,"","","","","","","","","","","","","","","","","","","","","","","","","","","","","","","","","","","","","","","","","","","","","","","","","","","","","","","","","","","","","","","","","",""
"31069001","TOULOUSE-BLAGNAC",43.621,1.378833,151,1968092921,"","","","",4.,1,240,1,"","","","","","","","","","","","","","","","","","","","","","","","","","","","",12.8,1,11.3,1,"","","","","","","","","","","","","","","","","","","","","","","","","","",93,1,"","","","","","","","","","","","",13.7,1,1024.8,1,1006.5,1,"","","",1,2,1,0,1,5,1,0,1,0,1,"","","","","","","","","","","","","","","","","","","","","","","","",10000,1,"","",1,1,0,1,"","","","","","","","","","","","","","","","","","","","","","","","","","","","","","","","","","","","","","","","","","","","","","","","","","","","","","","","","","","","","","","","","",""
"31069001","TOULOUSE-BLAGNAC",43.621,1.378833,151,1968093000,"","","","",5.,1,240,1,"","","","","","","","","","","","","","","","","","","","","","","","","","","","",13.,1,12.3,1,"","","","","","","","","","","","","","","","","","","","","","","","","","",98,1,"","","","","","","","","","","","",14.6,1,1026.3,1,1008.,1,"","","",1,7,1,7,1,5,1,"","","","","","","","","","","","","","","","","","","","","","","","","","","","",10000,1,"","",3,1,1,1,"","","","","","","","","","","","","","","","","","","","","","","","","","","","","","","","","","","","","","","","","","","","","","","","","","","","","","","","","","","","","","","","","",""
"31069001","TOULOUSE-BLAGNAC",43.621,1.378833,151,1968093003,"","","","",4.,1,260,1,"","","","","","","","","","","","","","","","","","","","","","","","","","","","",12.2,1,11.4,1,"","","","","","","","","","","","","","","","","","","","","","","","","","",98,1,"","","","","","","","","","","","",13.8,1,1026.6,1,1008.2,1,"","","",1,3,1,0,1,5,1,0,1,0,1,"","","","","","","","","","","","","","","","","","","","","","","","",10000,1,"","",1,1,1,1,"","","","","","","","","","","","","","","","","","","","","","","","","","","","","","","","","","","","","","","","","","","","","","","","","","","","","","","","","","","","","","","","","",""
"31069001","TOULOUSE-BLAGNAC",43.621,1.378833,151,1968093006,"","","","",3.,1,240,1,"","","","","","","","","","","","","","","","","","","","","","","","","","","","",11.8,1,10.7,1,"","","","","","","","","","","","","","","","","","","","","","","","","","",95,1,"","","","","","","","","","","","",13.1,1,1027.5,1,1009.1,1,"","","",1,5,1,5,1,5,1,0,1,0,1,"","","","","","","","","","","","","","","","","","","","","","","","",10000,1,"","",3,1,1,1,"","",1,1,"","","","","","","","","","","","","","","","","","","","","","","","","","","","","","","","","","","","","","","","","","","","","","","","","","","","","","","","","","","","","",""
"31069001","TOULOUSE-BLAGNAC",43.621,1.378833,151,1968093009,"","","","",4.,1,260,1,"","","","","","","","","","","","","","","","","","","","","","","","","","","","",14.9,1,12.5,1,"","","","","","","","","","","","","","","","","","","","","","","","","","",87,1,"","","","","","","","","","","","",14.8,1,1029.2,1,1011.,1,"","","",1,5,1,0,1,8,1,0,1,0,1,"","","","","","","","","","","","","","","","","","","","","","","","",30000,1,"","",1,1,1,1,"","","","","","","","","","","","","","","","","","","","","","","","","","","","","","","","","","","","","","","","","","","","","","","","","","","","","","","","","","","","","","","","","",""
"31069001","TOULOUSE-BLAGNAC",43.621,1.378833,151,1968093012,"","","","",6.,1,260,1,"","","","","","","","","","","","","","","","","","","","","","","","","","","","",18.6,1,10.,1,"","","","","","","","","","","","","","","","","","","","","","","","","","",58,1,"","","","","","","","","","","","",12.5,1,1029.,1,1011.,1,"","","",1,5,1,0,1,2,1,6,1,1,1,"","","","","","","","","","","","","","","","","","","","","","","","",40000,1,"","",1,1,1,1,"","","","","","","","","","","","","","","","","","","","","","","","","","","","","","","","","","","","","","","","","","","","","","","","","","","","","","","","","","","","","","","","","",""
"31069001","TOULOUSE-BLAGNAC",43.621,1.378833,151,1968093015,"","","","",5.,1,300,1,"","","","","","","","","","","","","","","","","","","","","","","","","","","","",18.7,1,9.2,1,"","","","","","","","","","","","","","","","","","","","","","","","","","",55,1,"","","","","","","","","","","","",11.8,1,1028.1,1,1010.1,1,"","","",1,6,1,0,1,8,1,0,1,1,1,"","","","","","","","","","","","","","","","","","","","","","","","",40000,1,"","",3,1,2,1,"","","","","","","","","","","","","","","","","","","","","","","","","","","","","","","","","","","","","","","","","","","","","","","","","","","","","","","","","","","","","","","","","",""
"31069001","TOULOUSE-BLAGNAC",43.621,1.378833,151,1968093018,"","","","",3.,1,280,1,"","","","","","","","","","","","","","","","","","","","","","","","","","","","",15.7,1,10.8,1,"","","","","","","","","","","","","","","","","","","","","","","","","","",74,1,"","","","","","","","","","","","",13.2,1,1029.,1,1010.8,1,"","","",1,3,1,0,1,5,1,0,1,1,1,"","","","","","","","","","","","","","","","","","","","","","","","",40000,1,"","",2,1,1,1,"","","","","","","","","","","","","","","","","","","","","","","","","","","","","","","","","","","","","","","","","","","","","","","","","","","","","","","","","","","","","","","","","",""
"31069001","TOULOUSE-BLAGNAC",43.621,1.378833,151,1968093021,"","","","",2.,1,260,1,"","","","","","","","","","","","","","","","","","","","","","","","","","","","",14.,1,11.4,1,"","","","","","","","","","","","","","","","","","","","","","","","","","",87,1,"","","","","","","","","","","","",13.8,1,1029.9,1,1011.6,1,"","","",1,7,1,7,1,5,1,"","","","","","","","","","","","","","","","","","","","","","","","","","","","",20000,1,"","",2,1,1,1,"","","","","","","","","","","","","","","","","","","","","","","","","","","","","","","","","","","","","","","","","","","","","","","","","","","","","","","","","","","","","","","","","",""
"31069001","TOULOUSE-BLAGNAC",43.621,1.378833,151,1968100100,"","","","",3.,1,280,1,"","","","","","","","","","","","","","","","","","","","","","","","","","","","",12.2,1,10.8,1,"","","","","","","","","","","","","","","","","","","","","","","","","","",93,1,"","","","","","","","","","","","",13.2,1,1030.,1,1011.6,1,"","","",1,3,1,0,1,0,1,0,1,2,1,"","","","","","","","","","","","","","","","","","","","","","","","",15000,1,"","",1,1,1,1,"","","","","","","","","","","","","","","","","","","","","","","","","","","","","","","","","","","","","","","","","","","","","","","","","","","","","","","","","","","","","","","","","",""
"31069001","TOULOUSE-BLAGNAC",43.621,1.378833,151,1968100103,"","","","",2.,1,200,1,"","","","","","","","","","","","","","","","","","","","","","","","","","","","",9.3,1,8.4,1,"","","","","","","","","","","","","","","","","","","","","","","","","","",96,1,"","","","","","","","","","","","",11.2,1,1029.8,1,1011.2,1,"","","",1,0,1,"","",0,1,0,1,0,1,"","","","","","","","","","","","","","","","","","","","","","","","",10000,1,"","",1,1,0,1,"","","","","","","","","","","","","","","","","","","","","","","","","","","","","","","","","","","","","","","","","","","","","","","","","","","","","","","","","","","","","","","","","",""
"31069001","TOULOUSE-BLAGNAC",43.621,1.378833,151,1968100106,"","","","",0.,1,0,1,"","","","","","","","","","","","","","","","","","","","","","","","","","","","",9.7,1,8.7,1,"","","","","","","","","","","","","","","","","","","","","","","","","","",95,1,"","","","","","","","","","","","",11.4,1,1029.7,1,1011.1,1,"","","",1,1,1,0,1,5,1,0,1,0,1,"","","","","","","","","","","","","","","","","","","","","","","","",10000,1,"","",1,1,1,1,"","",0,1,"","","","","","","","","","","","","","","","","","","","","","","","","","","","","","","","","","","","","","","","","","","","","","","","","","","","","","","","","","","","","",""
"31069001","TOULOUSE-BLAGNAC",43.621,1.378833,151,1968100109,"","","","",1.,1,340,1,"","","","","","","","","","","","","","","","","","","","","","","","","","","","",14.1,1,11.5,1,"","","","","","","","","","","","","","","","","","","","","","","","","","",87,1,"","","","","","","","","","","","",13.9,1,1030.1,1,1011.8,1,"","","",1,5,1,0,1,8,1,0,1,0,1,"","","","","","","","","","","","","","","","","","","","","","","","",8000,1,"","",3,1,1,1,"","","","","","","","","","","","","","","","","","","","","","","","","","","","","","","","","","","","","","","","","","","","","","","","","","","","","","","","","","","","","","","","","",""
"31069001","TOULOUSE-BLAGNAC",43.621,1.378833,151,1968100112,"","","","",3.,1,340,1,"","","","","","","","","","","","","","","","","","","","","","","","","","","","",16.7,1,9.3,1,"","","","","","","","","","","","","","","","","","","","","","","","","","",62,1,"","","","","","","","","","","","",11.9,1,1029.2,1,1011.,1,"","","",1,4,1,0,1,2,1,0,1,0,1,"","","","","","","","","","","","","","","","","","","","","","","","",20000,1,"","",2,1,1,1,"","","","","","","","","","","","","","","","","","","","","","","","","","","","","","","","","","","","","","","","","","","","","","","","","","","","","","","","","","","","","","","","","",""
"31069001","TOULOUSE-BLAGNAC",43.621,1.378833,151,1968100115,"","","","",4.,1,340,1,"","","","","","","","","","","","","","","","","","","","","","","","","","","","",17.9,1,9.9,1,"","","","","","","","","","","","","","","","","","","","","","","","","","",60,1,"","","","","","","","","","","","",12.4,1,1027.4,1,1009.4,1,"","","",1,6,1,6,1,5,1,0,1,0,1,"","","","","","","","","","","","","","","","","","","","","","","","",20000,1,"","",3,1,1,1,"","","","","","","","","","","","","","","","","","","","","","","","","","","","","","","","","","","","","","","","","","","","","","","","","","","","","","","","","","","","","","","","","",""
"31069001","TOULOUSE-BLAGNAC",43.621,1.378833,151,1968100118,"","","","",3.,1,340,1,"","","","","","","","","","","","","","","","","","","","","","","","","","","","",15.3,1,9.9,1,"","","","","","","","","","","","","","","","","","","","","","","","","","",72,1,"","","","","","","","","","","","",12.4,1,1027.9,1,1009.7,1,"","","",1,3,1,0,1,5,1,0,1,2,1,"","","","","","","","","","","","","","","","","","","","","","","","",15000,1,"","",2,1,1,1,"","","","","","","","","","","","","","","","","","","","","","","","","","","","","","","","","","","","","","","","","","","","","","","","","","","","","","","","","","","","","","","","","",""
"31069001","TOULOUSE-BLAGNAC",43.621,1.378833,151,1968100121,"","","","",2.,1,280,1,"","","","","","","","","","","","","","","","","","","","","","","","","","","","",12.2,1,9.6,1,"","","","","","","","","","","","","","","","","","","","","","","","","","",86,1,"","","","","","","","","","","","",12.2,1,1028.4,1,1010.,1,"","","",1,0,1,"","",0,1,0,1,0,1,"","","","","","","","","","","","","","","","","","","","","","","","",15000,1,"","",1,1,0,1,"","","","","","","","","","","","","","","","","","","","","","","","","","","","","","","","","","","","","","","","","","","","","","","","","","","","","","","","","","","","","","","","","",""
"31069001","TOULOUSE-BLAGNAC",43.621,1.378833,151,1968100200,"","","","",1.,1,180,1,"","","","","","","","","","","","","","","","","","","","","","","","","","","","",9.6,1,8.1,1,"","","","","","","","","","","","","","","","","","","","","","","","","","",92,1,"","","","","","","","","","","","",11.,1,1027.4,1,1008.8,1,"","","",1,0,1,"","",0,1,0,1,0,1,"","","","","","","","","","","","","","","","","","","","","","","","",15000,1,"","",2,1,0,1,"","","","","","","","","","","","","","","","","","","","","","","","","","","","","","","","","","","","","","","","","","","","","","","","","","","","","","","","","","","","","","","","","",""
"31069001","TOULOUSE-BLAGNAC",43.621,1.378833,151,1968100203,"","","","",2.,1,180,1,"","","","","","","","","","","","","","","","","","","","","","","","","","","","",7.2,1,6.6,1,"","","","","","","","","","","","","","","","","","","","","","","","","","",97,1,"","","","","","","","","","","","",9.9,1,1026.7,1,1008.,1,"","","",1,0,1,"","",0,1,0,1,0,1,"","","","","","","","","","","","","","","","","","","","","","","","",15000,1,"","",2,1,0,1,"","","","","","","","","","","","","","","","","","","","","","","","","","","","","","","","","","","","","","","","","","","","","","","","","","","","","","","","","","","","","","","","","",""
"31069001","TOULOUSE-BLAGNAC",43.621,1.378833,151,1968100206,"","","","",1.,1,180,1,"","","","","","","","","","","","","","","","","","","","","","","","","","","","",6.7,1,6.1,1,"","","","","","","","","","","","","","","","","","","","","","","","","","",97,1,"","","","","","","","","","","","",9.5,1,1026.5,1,1007.7,1,"","","",1,7,1,7,1,6,1,"","","","","","","","","","","","","","","","","","","","","","","","","","","","",8000,1,"","",3,1,1,1,"","",0,1,"","","","","","","","","","","","","","","","","","","","","","","","","","","","","","","","","","","","","","","","","","","","","","","","","","","","","","","","","","","","","",""
"31069001","TOULOUSE-BLAGNAC",43.621,1.378833,151,1968100209,"","","","",0.,1,0,1,"","","","","","","","","","","","","","","","","","","","","","","","","","","","",10.8,1,9.9,1,"","","","","","","","","","","","","","","","","","","","","","","","","","",96,1,"","","","","","","","","","","","",12.4,1,1026.6,1,1008.1,1,"","","",1,8,1,8,1,6,1,"","","","","","","","","","","","","","","","","","","","","","","","","","","","",600,1,"","",46,1,2,1,"","","","","","","","","","","","","","","","","","","","","","","","","","","","","","","","","","","","","","","","","","","","","","","","","","","","","","","","","","","","","","","","","",""
"31069001","TOULOUSE-BLAGNAC",43.621,1.378833,151,1968100212,"","","","",3.,1,320,1,"","","","","","","","","","","","","","","","","","","","","","","","","","","","",15.3,1,11.2,1,"","","","","","","","","","","","","","","","","","","","","","","","","","",79,1,"","","","","","","","","","","","",13.6,1,1026.,1,1007.8,1,"","","",1,4,1,0,1,0,1,0,1,1,1,"","","","","","","","","","","","","","","","","","","","","","","","",20000,1,"","",1,1,4,1,"","","","","","","","","","","","","","","","","","","","","","","","","","","","","","","","","","","","","","","","","","","","","","","","","","","","","","","","","","","","","","","","","",""
"31069001","TOULOUSE-BLAGNAC",43.621,1.378833,151,1968100215,"","","","",2.,1,340,1,"","","","","","","","","","","","","","","","","","","","","","","","","","","","",19.,1,10.7,1,"","","","","","","","","","","","","","","","","","","","","","","","","","",60,1,"","","","","","","","","","","","",13.1,1,1023.6,1,1005.7,1,"","","",1,4,1,0,1,0,1,0,1,1,1,"","","","","","","","","","","","","","","","","","","","","","","","",50000,1,"","",2,1,0,1,"","","","","","","","","","","","","","","","","","","","","","","","","","","","","","","","","","","","","","","","","","","","","","","","","","","","","","","","","","","","","","","","","",""
"31069001","TOULOUSE-BLAGNAC",43.621,1.378833,151,1968100218,"","","","",1.,1,40,1,"","","","","","","","","","","","","","","","","","","","","","","","","","","","",18.,1,12.,1,"","","","","","","","","","","","","","","","","","","","","","","","","","",69,1,"","","","","","","","","","","","",14.3,1,1023.5,1,1005.5,1,"","","",1,2,1,0,1,0,1,0,1,1,1,"","","","","","","","","","","","","","","","","","","","","","","","",20000,1,"","",1,1,0,1,"","","","","","","","","","","","","","","","","","","","","","","","","","","","","","","","","","","","","","","","","","","","","","","","","","","","","","","","","","","","","","","","","",""
"31069001","TOULOUSE-BLAGNAC",43.621,1.378833,151,1968100221,"","","","",1.,1,240,1,"","","","","","","","","","","","","","","","","","","","","","","","","","","","",12.3,1,10.3,1,"","","","","","","","","","","","","","","","","","","","","","","","","","",89,1,"","","","","","","","","","","","",12.8,1,1023.9,1,1005.6,1,"","","",1,2,1,0,1,0,1,0,1,1,1,"","","","","","","","","","","","","","","","","","","","","","","","",15000,1,"","",2,1,0,1,"","","","","","","","","","","","","","","","","","","","","","","","","","","","","","","","","","","","","","","","","","","","","","","","","","","","","","","","","","","","","","","","","",""
"31069001","TOULOUSE-BLAGNAC",43.621,1.378833,151,1968100300,"","","","",3.,1,180,1,"","","","","","","","","","","","","","","","","","","","","","","","","","","","",9.2,1,8.4,1,"","","","","","","","","","","","","","","","","","","","","","","","","","",96,1,"","","","","","","","","","","","",11.2,1,1023.4,1,1004.9,1,"","","",1,0,1,"","",0,1,0,1,0,1,"","","","","","","","","","","","","","","","","","","","","","","","",6000,1,"","",2,1,0,1,"","","","","","","","","","","","","","","","","","","","","","","","","","","","","","","","","","","","","","","","","","","","","","","","","","","","","","","","","","","","","","","","","",""
"31069001","TOULOUSE-BLAGNAC",43.621,1.378833,151,1968100303,"","","","",3.,1,180,1,"","","","","","","","","","","","","","","","","","","","","","","","","","","","",7.3,1,7.3,1,"","","","","","","","","","","","","","","","","","","","","","","","","","",99,1,"","","","","","","","","","","","",10.1,1,1022.7,1,1004.1,1,"","","",1,0,1,"","",0,1,0,1,0,1,"","","","","","","","","","","","","","","","","","","","","","","","",4800,1,"","",10,1,0,1,"","","","","","","","","","","","","","","","","","","","","","","","","","","","","","","","","","","","","","","","","","","","","","","","","","","","","","","","","","","","","","","","","",""
"31069001","TOULOUSE-BLAGNAC",43.621,1.378833,151,1968100306,"","","","",1.,1,180,1,"","","","","","","","","","","","","","","","","","","","","","","","","","","","",6.3,1,6.3,1,"","","","","","","","","","","","","","","","","","","","","","","","","","",100,1,"","","","","","","","","","","","",9.5,1,1022.4,1,1003.7,1,"","","",1,0,1,"","",0,1,0,1,0,1,"","","","","","","","","","","","","","","","","","","","","","","","",300,1,"","",46,1,4,1,"","",0,1,"","","","","","","","","","","","","","","","","","","","","","","","","","","","","","","","","","","","","","","","","","","","","","","","","","","","","","","","","","","","","",""
"31069001","TOULOUSE-BLAGNAC",43.621,1.378833,151,1968100309,"","","","",0.,1,0,1,"","","","","","","","","","","","","","","","","","","","","","","","","","","","",10.2,1,10.2,1,"","","","","","","","","","","","","","","","","","","","","","","","","","",100,1,"","","","","","","","","","","","",12.4,1,1022.1,1,1003.7,1,"","","",1,8,1,8,1,6,1,"","","","","","","","","","","","","","","","","","","","","","","","","","","","",120,1,"","",46,1,4,1,"","","","","","","","","","","","","","","","","","","","","","","","","","","","","","","","","","","","","","","","","","","","","","","","","","","","","","","","","","","","","","","","","",""
"31069001","TOULOUSE-BLAGNAC",43.621,1.378833,151,1968100312,"","","","",3.,1,20,1,"","","","","","","","","","","","","","","","","","","","","","","","","","","","",15.7,1,12.4,1,"","","","","","","","","","","","","","","","","","","","","","","","","","",82,1,"","","","","","","","","","","","",14.7,1,1020.8,1,1002.8,1,"","","",1,1,1,0,1,6,1,0,1,0,1,"","","","","","","","","","","","","","","","","","","","","","","","",8000,1,"","",1,1,4,1,"","","","","","","","","","","","","","","","","","","","","","","","","","","","","","","","","","","","","","","","","","","","","","","","","","","","","","","","","","","","","","","","","",""
"31069001","TOULOUSE-BLAGNAC",43.621,1.378833,151,1968100315,"","","","",2.,1,20,1,"","","","","","","","","","","","","","","","","","","","","","","","","","","","",18.9,1,11.4,1,"","","","","","","","","","","","","","","","","","","","","","","","","","",63,1,"","","","","","","","","","","","",13.8,1,1019.,1,1001.2,1,"","","",1,1,1,0,1,0,1,0,1,1,1,"","","","","","","","","","","","","","","","","","","","","","","","",10000,1,"","",3,1,0,1,"","","","","","","","","","","","","","","","","","","","","","","","","","","","","","","","","","","","","","","","","","","","","","","","","","","","","","","","","","","","","","","","","",""
"31069001","TOULOUSE-BLAGNAC",43.621,1.378833,151,1968100318,"","","","",2.,1,340,1,"","","","","","","","","","","","","","","","","","","","","","","","","","","","",16.1,1,12.,1,"","","","","","","","","","","","","","","","","","","","","","","","","","",79,1,"","","","","","","","","","","","",14.3,1,1019.3,1,1001.3,1,"","","",1,1,1,0,1,0,1,0,1,1,1,"","","","","","","","","","","","","","","","","","","","","","","","",15000,1,"","",2,1,0,1,"","","","","","","","","","","","","","","","","","","","","","","","","","","","","","","","","","","","","","","","","","","","","","","","","","","","","","","","","","","","","","","","","",""
"31069001","TOULOUSE-BLAGNAC",43.621,1.378833,151,1968100321,"","","","",0.,1,0,1,"","","","","","","","","","","","","","","","","","","","","","","","","","","","",10.6,1,9.2,1,"","","","","","","","","","","","","","","","","","","","","","","","","","",92,1,"","","","","","","","","","","","",11.8,1,1019.6,1,1001.2,1,"","","",1,0,1,"","",0,1,0,1,0,1,"","","","","","","","","","","","","","","","","","","","","","","","",8000,1,"","",11,1,0,1,"","","","","","","","","","","","","","","","","","","","","","","","","","","","","","","","","","","","","","","","","","","","","","","","","","","","","","","","","","","","","","","","","",""
"31069001","TOULOUSE-BLAGNAC",43.621,1.378833,151,1968100400,"","","","",2.,1,180,1,"","","","","","","","","","","","","","","","","","","","","","","","","","","","",8.3,1,8.3,1,"","","","","","","","","","","","","","","","","","","","","","","","","","",100,1,"","","","","","","","","","","","",10.9,1,1019.7,1,1001.2,1,"","","",1,9,1,"","","","","","","","","","","","","","","","","","","","","","","","","","","","","","","","",150,1,"","",47,1,4,1,"","","","","","","","","","","","","","","","","","","","","","","","","","","","","","","","","","","","","","","","","","","","","","","","","","","","","","","","","","","","","","","","","",""
"31069001","TOULOUSE-BLAGNAC",43.621,1.378833,151,1968100403,"","","","",1.,1,160,1,"","","","","","","","","","","","","","","","","","","","","","","","","","","","",7.2,1,7.2,1,"","","","","","","","","","","","","","","","","","","","","","","","","","",100,1,"","","","","","","","","","","","",10.2,1,1019.4,1,1000.8,1,"","","",1,9,1,"","","","","","","","","","","","","","","","","","","","","","","","","","","","","","","","",250,1,"","",47,1,4,1,"","","","","","","","","","","","","","","","","","","","","","","","","","","","","","","","","","","","","","","","","","","","","","","","","","","","","","","","","","","","","","","","","",""
"31069001","TOULOUSE-BLAGNAC",43.621,1.378833,151,1968100406,"","","","",1.,1,160,1,"","","","","","","","","","","","","","","","","","","","","","","","","","","","",6.2,1,6.2,1,"","","","","","","","","","","","","","","","","","","","","","","","","","",100,1,"","","","","","","","","","","","",9.5,1,1019.6,1,1000.9,1,"","","",1,0,1,"","",0,1,0,1,0,1,"","","","","","","","","","","","","","","","","","","","","","","","",400,1,"","",42,1,4,1,"","",0,1,"","","","","","","","","","","","","","","","","","","","","","","","","","","","","","","","","","","","","","","","","","","","","","","","","","","","","","","","","","","","","",""
"31069001","TOULOUSE-BLAGNAC",43.621,1.378833,151,1968100409,"","","","",1.,1,60,1,"","","","","","","","","","","","","","","","","","","","","","","","","","","","",12.1,1,10.1,1,"","","","","","","","","","","","","","","","","","","","","","","","","","",89,1,"","","","","","","","","","","","",12.6,1,1020.2,1,1001.9,1,"","","",1,0,1,"","",0,1,0,1,0,1,"","","","","","","","","","","","","","","","","","","","","","","","",3500,1,"","",10,1,4,1,"","","","","","","","","","","","","","","","","","","","","","","","","","","","","","","","","","","","","","","","","","","","","","","","","","","","","","","","","","","","","","","","","",""
"31069001","TOULOUSE-BLAGNAC",43.621,1.378833,151,1968100412,"","","","",3.,1,160,1,"","","","","","","","","","","","","","","","","","","","","","","","","","","","",22.7,1,11.7,1,"","","","","","","","","","","","","","","","","","","","","","","","","","",51,1,"","","","","","","","","","","","",14.1,1,1019.6,1,1002.,1,"","","",1,0,1,"","",0,1,0,1,0,1,"","","","","","","","","","","","","","","","","","","","","","","","",20000,1,"","",2,1,4,1,"","","","","","","","","","","","","","","","","","","","","","","","","","","","","","","","","","","","","","","","","","","","","","","","","","","","","","","","","","","","","","","","","",""
"31069001","TOULOUSE-BLAGNAC",43.621,1.378833,151,1968100415,"","","","",1.,1,120,1,"","","","","","","","","","","","","","","","","","","","","","","","","","","","",26.,1,12.5,1,"","","","","","","","","","","","","","","","","","","","","","","","","","",44,1,"","","","","","","","","","","","",14.8,1,1018.9,1,1001.5,1,"","","",1,0,1,"","",0,1,0,1,0,1,"","","","","","","","","","","","","","","","","","","","","","","","",20000,1,"","",2,1,0,1,"","","","","","","","","","","","","","","","","","","","","","","","","","","","","","","","","","","","","","","","","","","","","","","","","","","","","","","","","","","","","","","","","",""
"31069001","TOULOUSE-BLAGNAC",43.621,1.378833,151,1968100418,"","","","",2.,1,340,1,"","","","","","","","","","","","","","","","","","","","","","","","","","","","",21.2,1,13.8,1,"","","","","","","","","","","","","","","","","","","","","","","","","","",64,1,"","","","","","","","","","","","",16.2,1,1019.7,1,1002.,1,"","","",1,0,1,"","",0,1,0,1,0,1,"","","","","","","","","","","","","","","","","","","","","","","","",15000,1,"","",2,1,0,1,"","","","","","","","","","","","","","","","","","","","","","","","","","","","","","","","","","","","","","","","","","","","","","","","","","","","","","","","","","","","","","","","","",""
"31069001","TOULOUSE-BLAGNAC",43.621,1.378833,151,1968100421,"","","","",0.,1,0,1,"","","","","","","","","","","","","","","","","","","","","","","","","","","","",16.8,1,13.3,1,"","","","","","","","","","","","","","","","","","","","","","","","","","",82,1,"","","","","","","","","","","","",15.7,1,1021.7,1,1003.7,1,"","","",1,0,1,"","",0,1,0,1,0,1,"","","","","","","","","","","","","","","","","","","","","","","","",10000,1,"","",2,1,0,1,"","","","","","","","","","","","","","","","","","","","","","","","","","","","","","","","","","","","","","","","","","","","","","","","","","","","","","","","","","","","","","","","","",""
"31069001","TOULOUSE-BLAGNAC",43.621,1.378833,151,1968100500,"","","","",2.,1,160,1,"","","","","","","","","","","","","","","","","","","","","","","","","","","","",13.1,1,11.6,1,"","","","","","","","","","","","","","","","","","","","","","","","","","",93,1,"","","","","","","","","","","","",14.,1,1022.6,1,1004.4,1,"","","",1,0,1,"","",0,1,0,1,0,1,"","","","","","","","","","","","","","","","","","","","","","","","",8000,1,"","",2,1,0,1,"","","","","","","","","","","","","","","","","","","","","","","","","","","","","","","","","","","","","","","","","","","","","","","","","","","","","","","","","","","","","","","","","",""
"31069001","TOULOUSE-BLAGNAC",43.621,1.378833,151,1968100503,"","","","",1.,1,180,1,"","","","","","","","","","","","","","","","","","","","","","","","","","","","",11.,1,9.8,1,"","","","","","","","","","","","","","","","","","","","","","","","","","",94,1,"","","","","","","","","","","","",12.3,1,1022.9,1,1004.5,1,"","","",1,0,1,"","",0,1,0,1,0,1,"","","","","","","","","","","","","","","","","","","","","","","","",8000,1,"","",2,1,0,1,"","","","","","","","","","","","","","","","","","","","","","","","","","","","","","","","","","","","","","","","","","","","","","","","","","","","","","","","","","","","","","","","","",""
"31069001","TOULOUSE-BLAGNAC",43.621,1.378833,151,1968100506,"","","","",2.,1,160,1,"","","","","","","","","","","","","","","","","","","","","","","","","","","","",9.7,1,8.4,1,"","","","","","","","","","","","","","","","","","","","","","","","","","",93,1,"","","","","","","","","","","","",11.2,1,1023.3,1,1004.8,1,"","","",1,0,1,"","",0,1,0,1,0,1,"","","","","","","","","","","","","","","","","","","","","","","","",7000,1,"","",2,1,0,1,"","",0,1,"","","","","","","","","","","","","","","","","","","","","","","","","","","","","","","","","","","","","","","","","","","","","","","","","","","","","","","","","","","","","",""
"31069001","TOULOUSE-BLAGNAC",43.621,1.378833,151,1968100509,"","","","",1.,1,300,1,"","","","","","","","","","","","","","","","","","","","","","","","","","","","",15.,1,12.4,1,"","","","","","","","","","","","","","","","","","","","","","","","","","",86,1,"","","","","","","","","","","","",14.7,1,1024.1,1,1006.,1,"","","",1,0,1,"","",0,1,0,1,0,1,"","","","","","","","","","","","","","","","","","","","","","","","",7000,1,"","",2,1,0,1,"","","","","","","","","","","","","","","","","","","","","","","","","","","","","","","","","","","","","","","","","","","","","","","","","","","","","","","","","","","","","","","","","",""
"31069001","TOULOUSE-BLAGNAC",43.621,1.378833,151,1968100512,"","","","",1.,1,60,1,"","","","","","","","","","","","","","","","","","","","","","","","","","","","",21.9,1,14.6,1,"","","","","","","","","","","","","","","","","","","","","","","","","","",65,1,"","","","","","","","","","","","",17.1,1,1023.1,1,1005.4,1,"","","",1,0,1,"","",0,1,0,1,0,1,"","","","","","","","","","","","","","","","","","","","","","","","",8000,1,"","",2,1,0,1,"","","","","","","","","","","","","","","","","","","","","","","","","","","","","","","","","","","","","","","","","","","","","","","","","","","","","","","","","","","","","","","","","",""
"31069001","TOULOUSE-BLAGNAC",43.621,1.378833,151,1968100515,"","","","",2.,1,20,1,"","","","","","","","","","","","","","","","","","","","","","","","","","","","",24.1,1,15.1,1,"","","","","","","","","","","","","","","","","","","","","","","","","","",59,1,"","","","","","","","","","","","",17.7,1,1022.,1,1004.5,1,"","","",1,0,1,"","",0,1,0,1,0,1,"","","","","","","","","","","","","","","","","","","","","","","","",12000,1,"","",2,1,0,1,"","","","","","","","","","","","","","","","","","","","","","","","","","","","","","","","","","","","","","","","","","","","","","","","","","","","","","","","","","","","","","","","","",""
"31069001","TOULOUSE-BLAGNAC",43.621,1.378833,151,1968100518,"","","","",2.,1,320,1,"","","","","","","","","","","","","","","","","","","","","","","","","","","","",20.4,1,15.1,1,"","","","","","","","","","","","","","","","","","","","","","","","","","",74,1,"","","","","","","","","","","","",17.7,1,1022.6,1,1004.8,1,"","","",1,0,1,"","",0,1,0,1,0,1,"","","","","","","","","","","","","","","","","","","","","","","","",15000,1,"","",2,1,0,1,"","","","","","","","","","","","","","","","","","","","","","","","","","","","","","","","","","","","","","","","","","","","","","","","","","","","","","","","","","","","","","","","","",""
"31069001","TOULOUSE-BLAGNAC",43.621,1.378833,151,1968100521,"","","","",1.,1,320,1,"","","","","","","","","","","","","","","","","","","","","","","","","","","","",16.2,1,14.4,1,"","","","","","","","","","","","","","","","","","","","","","","","","","",92,1,"","","","","","","","","","","","",16.8,1,1023.3,1,1005.3,1,"","","",1,0,1,"","",0,1,0,1,0,1,"","","","","","","","","","","","","","","","","","","","","","","","",10000,1,"","",2,1,0,1,"","","","","","","","","","","","","","","","","","","","","","","","","","","","","","","","","","","","","","","","","","","","","","","","","","","","","","","","","","","","","","","","","",""
"31069001","TOULOUSE-BLAGNAC",43.621,1.378833,151,1968100600,"","","","",0.,1,0,1,"","","","","","","","","","","","","","","","","","","","","","","","","","","","",13.8,1,12.4,1,"","","","","","","","","","","","","","","","","","","","","","","","","","",93,1,"","","","","","","","","","","","",14.7,1,1023.4,1,1005.2,1,"","","",1,0,1,"","",0,1,0,1,0,1,"","","","","","","","","","","","","","","","","","","","","","","","",2000,1,"","",10,1,0,1,"","","","","","","","","","","","","","","","","","","","","","","","","","","","","","","","","","","","","","","","","","","","","","","","","","","","","","","","","","","","","","","","","",""
"31069001","TOULOUSE-BLAGNAC",43.621,1.378833,151,1968100603,"","","","",2.,1,160,1,"","","","","","","","","","","","","","","","","","","","","","","","","","","","",11.8,1,11.1,1,"","","","","","","","","","","","","","","","","","","","","","","","","","",98,1,"","","","","","","","","","","","",13.5,1,1022.6,1,1004.3,1,"","","",1,0,1,"","",0,1,0,1,0,1,"","","","","","","","","","","","","","","","","","","","","","","","",400,1,"","",46,1,0,1,"","","","","","","","","","","","","","","","","","","","","","","","","","","","","","","","","","","","","","","","","","","","","","","","","","","","","","","","","","","","","","","","","",""
"31069001","TOULOUSE-BLAGNAC",43.621,1.378833,151,1968100606,"","","","",0.,1,0,1,"","","","","","","","","","","","","","","","","","","","","","","","","","","","",10.8,1,10.8,1,"","","","","","","","","","","","","","","","","","","","","","","","","","",100,1,"","","","","","","","","","","","",13.,1,1022.9,1,1004.5,1,"","","",1,9,1,"","","","","","","","","","","","","","","","","","","","","","","","","","","","","","","","",100,1,"","",47,1,4,1,"","",0,1,"","","","","","","","","","","","","","","","","","","","","","","","","","","","","","","","","","","","","","","","","","","","","","","","","","","","","","","","","","","","","",""
"31069001","TOULOUSE-BLAGNAC",43.621,1.378833,151,1968100609,"","","","",3.,1,120,1,"","","","","","","","","","","","","","","","","","","","","","","","","","","","",14.6,1,13.5,1,"","","","","","","","","","","","","","","","","","","","","","","","","","",96,1,"","","","","","","","","","","","",15.9,1,1022.9,1,1004.8,1,"","","",1,7,1,7,1,6,1,"","","","","","","","","","","","","","","","","","","","","","","","","","","","",3000,1,"","",28,1,4,1,"","","","","","","","","","","","","","","","","","","","","","","","","","","","","","","","","","","","","","","","","","","","","","","","","","","","","","","","","","","","","","","","","",""
"31069001","TOULOUSE-BLAGNAC",43.621,1.378833,151,1968100612,"","","","",4.,1,100,1,"","","","","","","","","","","","","","","","","","","","","","","","","","","","",22.3,1,13.8,1,"","","","","","","","","","","","","","","","","","","","","","","","","","",60,1,"","","","","","","","","","","","",16.2,1,1021.4,1,1003.8,1,"","","",1,1,1,0,1,0,1,0,1,1,1,"","","","","","","","","","","","","","","","","","","","","","","","",10000,1,"","",2,1,4,1,"","","","","","","","","","","","","","","","","","","","","","","","","","","","","","","","","","","","","","","","","","","","","","","","","","","","","","","","","","","","","","","","","",""
"31069001","TOULOUSE-BLAGNAC",43.621,1.378833,151,1968100615,"","","","",4.,1,140,1,"","","","","","","","","","","","","","","","","","","","","","","","","","","","",24.1,1,14.2,1,"","","","","","","","","","","","","","","","","","","","","","","","","","",55,1,"","","","","","","","","","","","",16.6,1,1019.,1,1001.5,1,"","","",1,1,1,0,1,0,1,0,1,1,1,"","","","","","","","","","","","","","","","","","","","","","","","",10000,1,"","",2,1,0,1,"","","","","","","","","","","","","","","","","","","","","","","","","","","","","","","","","","","","","","","","","","","","","","","","","","","","","","","","","","","","","","","","","",""
"31069001","TOULOUSE-BLAGNAC",43.621,1.378833,151,1968100618,"","","","",4.,1,120,1,"","","","","","","","","","","","","","","","","","","","","","","","","","","","",18.7,1,13.9,1,"","","","","","","","","","","","","","","","","","","","","","","","","","",77,1,"","","","","","","","","","","","",16.3,1,1019.,1,1001.2,1,"","","",1,1,1,0,1,0,1,0,1,1,1,"","","","","","","","","","","","","","","","","","","","","","","","",5000,1,"","",2,1,0,1,"","","","","","","","","","","","","","","","","","","","","","","","","","","","","","","","","","","","","","","","","","","","","","","","","","","","","","","","","","","","","","","","","",""
"31069001","TOULOUSE-BLAGNAC",43.621,1.378833,151,1968100621,"","","","",4.,1,120,1,"","","","","","","","","","","","","","","","","","","","","","","","","","","","",16.4,1,13.6,1,"","","","","","","","","","","","","","","","","","","","","","","","","","",86,1,"","","","","","","","","","","","",16.,1,1018.8,1,1000.8,1,"","","",1,0,1,"","",0,1,0,1,0,1,"","","","","","","","","","","","","","","","","","","","","","","","",6000,1,"","",2,1,0,1,"","","","","","","","","","","","","","","","","","","","","","","","","","","","","","","","","","","","","","","","","","","","","","","","","","","","","","","","","","","","","","","","","",""
"31069001","TOULOUSE-BLAGNAC",43.621,1.378833,151,1968100700,"","","","",3.,1,120,1,"","","","","","","","","","","","","","","","","","","","","","","","","","","","",15.4,1,14.,1,"","","","","","","","","","","","","","","","","","","","","","","","","","",94,1,"","","","","","","","","","","","",16.4,1,1018.3,1,1000.3,1,"","","",1,0,1,"","",0,1,0,1,0,1,"","","","","","","","","","","","","","","","","","","","","","","","",5000,1,"","",2,1,0,1,"","","","","","","","","","","","","","","","","","","","","","","","","","","","","","","","","","","","","","","","","","","","","","","","","","","","","","","","","","","","","","","","","",""
"31069001","TOULOUSE-BLAGNAC",43.621,1.378833,151,1968100703,"","","","",1.,1,200,1,"","","","","","","","","","","","","","","","","","","","","","","","","","","","",12.2,1,11.4,1,"","","","","","","","","","","","","","","","","","","","","","","","","","",98,1,"","","","","","","","","","","","",13.8,1,1017.4,1,999.2,1,"","","",1,0,1,"","",0,1,0,1,0,1,"","","","","","","","","","","","","","","","","","","","","","","","",1200,1,"","",10,1,0,1,"","","","","","","","","","","","","","","","","","","","","","","","","","","","","","","","","","","","","","","","","","","","","","","","","","","","","","","","","","","","","","","","","",""
"31069001","TOULOUSE-BLAGNAC",43.621,1.378833,151,1968100706,"","","","",2.,1,180,1,"","","","","","","","","","","","","","","","","","","","","","","","","","","","",9.6,1,9.6,1,"","","","","","","","","","","","","","","","","","","","","","","","","","",100,1,"","","","","","","","","","","","",11.9,1,1017.1,1,998.7,1,"","","",1,9,1,"","","","","","","","","","","","","","","","","","","","","","","","","","","","","","","","",250,1,"","",47,1,4,1,"","",0,1,"","","","","","","","","","","","","","","","","","","","","","","","","","","","","","","","","","","","","","","","","","","","","","","","","","","","","","","","","","","","","",""
"31069001","TOULOUSE-BLAGNAC",43.621,1.378833,151,1968100709,"","","","",1.,1,160,1,"","","","","","","","","","","","","","","","","","","","","","","","","","","","",12.6,1,11.9,1,"","","","","","","","","","","","","","","","","","","","","","","","","","",98,1,"","","","","","","","","","","","",14.2,1,1017.,1,998.8,1,"","","",1,8,1,8,1,6,1,"","","","","","","","","","","","","","","","","","","","","","","","","","","","",1400,1,"","",28,1,4,1,"","","","","","","","","","","","","","","","","","","","","","","","","","","","","","","","","","","","","","","","","","","","","","","","","","","","","","","","","","","","","","","","","",""
"31069001","TOULOUSE-BLAGNAC",43.621,1.378833,151,1968100712,"","","","",3.,1,80,1,"","","","","","","","","","","","","","","","","","","","","","","","","","","","",18.3,1,13.8,1,"","","","","","","","","","","","","","","","","","","","","","","","","","",77,1,"","","","","","","","","","","","",16.2,1,1014.9,1,997.1,1,"","","",1,2,1,0,1,5,1,0,1,0,1,"","","","","","","","","","","","","","","","","","","","","","","","",5000,1,"","",1,1,4,1,"","","","","","","","","","","","","","","","","","","","","","","","","","","","","","","","","","","","","","","","","","","","","","","","","","","","","","","","","","","","","","","","","",""
"31069001","TOULOUSE-BLAGNAC",43.621,1.378833,151,1968100715,"","","","",2.,1,320,1,"","","","","","","","","","","","","","","","","","","","","","","","","","","","",20.6,1,14.8,1,"","","","","","","","","","","","","","","","","","","","","","","","","","",71,1,"","","","","","","","","","","","",17.3,1,1012.3,1,994.7,1,"","","",1,5,1,0,1,0,1,8,1,1,1,"","","","","","","","","","","","","","","","","","","","","","","","",9000,1,"","",3,1,1,1,"","","","","","","","","","","","","","","","","","","","","","","","","","","","","","","","","","","","","","","","","","","","","","","","","","","","","","","","","","","","","","","","","",""
"31069001","TOULOUSE-BLAGNAC",43.621,1.378833,151,1968100718,"","","","",0.,1,0,1,"","","","","","","","","","","","","","","","","","","","","","","","","","","","",17.6,1,14.4,1,"","","","","","","","","","","","","","","","","","","","","","","","","","",84,1,"","","","","","","","","","","","",16.9,1,1011.4,1,993.7,1,"","","",1,6,1,5,1,0,1,8,1,1,1,"","","","","","","","","","","","","","","","","","","","","","","","",8000,1,"","",2,1,1,1,"","","","","","","","","","","","","","","","","","","","","","","","","","","","","","","","","","","","","","","","","","","","","","","","","","","","","","","","","","","","","","","","","",""
"31069001","TOULOUSE-BLAGNAC",43.621,1.378833,151,1968100721,"","","","",3.,1,100,1,"","","","","","","","","","","","","","","","","","","","","","","","","","","","",17.,1,12.5,1,"","","","","","","","","","","","","","","","","","","","","","","","","","",76,1,"","","","","","","","","","","","",14.8,1,1010.8,1,993.,1,"","","",1,2,1,0,1,0,1,4,1,0,1,"","","","","","","","","","","","","","","","","","","","","","","","",10000,1,"","",1,1,1,1,"","","","","","","","","","","","","","","","","","","","","","","","","","","","","","","","","","","","","","","","","","","","","","","","","","","","","","","","","","","","","","","","","",""
"31069001","TOULOUSE-BLAGNAC",43.621,1.378833,151,1968100800,"","","","",6.,1,160,1,"","","","","","","","","","","","","","","","","","","","","","","","","","","","",16.8,1,13.,1,"","","","","","","","","","","","","","","","","","","","","","","","","","",80,1,"","","","","","","","","","","","",15.3,1,1011.,1,993.2,1,"","","",1,7,1,7,1,0,1,8,1,"","","","","","","","","","","","","","","","","","","","","","","","","","",15000,1,"","",25,1,1,1,"","","","","","","","","","","","","","","","","","","","","","","","","","","","","","","","","","","","","","","","","","","","","","","","","","","","","","","","","","","","","","","","","",""
"31069001","TOULOUSE-BLAGNAC",43.621,1.378833,151,1968100803,"","","","",6.,1,120,1,"","","","","","","","","","","","","","","","","","","","","","","","","","","","",16.4,1,13.1,1,"","","","","","","","","","","","","","","","","","","","","","","","","","",82,1,"","","","","","","","","","","","",15.4,1,1008.4,1,990.6,1,"","","",1,7,1,6,1,5,1,8,1,2,1,"","","","","","","","","","","","","","","","","","","","","","","","",8000,1,"","",2,1,8,1,"","","","","","","","","","","","","","","","","","","","","","","","","","","","","","","","","","","","","","","","","","","","","","","","","","","","","","","","","","","","","","","","","",""
"31069001","TOULOUSE-BLAGNAC",43.621,1.378833,151,1968100806,"","","","",3.,1,140,1,"","","","","","","","","","","","","","","","","","","","","","","","","","","","",16.4,1,14.8,1,"","","","","","","","","","","","","","","","","","","","","","","","","","",93,1,"","","","","","","","","","","","",17.3,1,1007.5,1,989.8,1,"","","",1,7,1,7,1,6,1,"","","","","","","","","","","","","","","","","","","","","","","","","","","","",5000,1,"","",25,1,8,1,"","",1,1,"","","","","","","","","","","","","","","","","","","","","","","","","","","","","","","","","","","","","","","","","","","","","","","","","","","","","","","","","","","","","",""
"31069001","TOULOUSE-BLAGNAC",43.621,1.378833,151,1968100809,"","","","",0.,1,0,1,"","","","","","","","","","","","","","","","","","","","","","","","","","","","",17.9,1,15.2,1,"","","","","","","","","","","","","","","","","","","","","","","","","","",87,1,"","","","","","","","","","","","",17.8,1,1009.2,1,991.5,1,"","","",1,7,1,6,1,6,1,8,1,0,1,"","","","","","","","","","","","","","","","","","","","","","","","",6000,1,"","",1,1,2,1,"","","","","","","","","","","","","","","","","","","","","","","","","","","","","","","","","","","","","","","","","","","","","","","","","","","","","","","","","","","","","","","","","",""
"31069001","TOULOUSE-BLAGNAC",43.621,1.378833,151,1968100812,"","","","",2.,1,300,1,"","","","","","","","","","","","","","","","","","","","","","","","","","","","",14.7,1,12.8,1,"","","","","","","","","","","","","","","","","","","","","","","","","","",90,1,"","","","","","","","","","","","",15.1,1,1012.5,1,994.5,1,"","","",1,8,1,5,1,3,1,7,1,"","","","","","","","","","","","","","","","","","","","","","","","","","",10000,1,"","",21,1,8,1,"","","","","","","","","","","","","","","","","","","","","","","","","","","","","","","","","","","","","","","","","","","","","","","","","","","","","","","","","","","","","","","","","",""
"31069001","TOULOUSE-BLAGNAC",43.621,1.378833,151,1968100815,"","","","",4.,1,160,1,"","","","","","","","","","","","","","","","","","","","","","","","","","","","",13.7,1,12.7,1,"","","","","","","","","","","","","","","","","","","","","","","","","","",95,1,"","","","","","","","","","","","",15.,1,1013.2,1,995.2,1,"","","",1,7,1,6,1,3,1,2,1,"","","","","","","","","","","","","","","","","","","","","","","","","","",10000,1,"","",61,1,8,1,"","","","","","","","","","","","","","","","","","","","","","","","","","","","","","","","","","","","","","","","","","","","","","","","","","","","","","","","","","","","","","","","","",""
"31069001","TOULOUSE-BLAGNAC",43.621,1.378833,151,1968100818,"","","","",3.,1,180,1,"","","","","","","","","","","","","","","","","","","","","","","","","","","","",12.9,1,12.1,1,"","","","","","","","","","","","","","","","","","","","","","","","","","",96,1,"","","","","","","","","","","","",14.4,1,1015.2,1,997.1,1,"","","",1,1,1,0,1,4,1,0,1,0,1,"","","","","","","","","","","","","","","","","","","","","","","","",20000,1,"","",1,1,8,1,"","","","","","","","","","","","","","","","","","","","","","","","","","","","","","","","","","","","","","","","","","","","","","","","","","","","","","","","","","","","","","","","","",""
"31069001","TOULOUSE-BLAGNAC",43.621,1.378833,151,1968100821,"","","","",3.,1,180,1,"","","","","","","","","","","","","","","","","","","","","","","","","","","","",10.6,1,9.9,1,"","","","","","","","","","","","","","","","","","","","","","","","","","",97,1,"","","","","","","","","","","","",12.4,1,1016.8,1,998.5,1,"","","",1,0,1,"","",0,1,0,1,0,1,"","","","","","","","","","","","","","","","","","","","","","","","",10000,1,"","",2,1,0,1,"","","","","","","","","","","","","","","","","","","","","","","","","","","","","","","","","","","","","","","","","","","","","","","","","","","","","","","","","","","","","","","","","",""
"31069001","TOULOUSE-BLAGNAC",43.621,1.378833,151,1968100900,"","","","",3.,1,180,1,"","","","","","","","","","","","","","","","","","","","","","","","","","","","",9.7,1,8.8,1,"","","","","","","","","","","","","","","","","","","","","","","","","","",96,1,"","","","","","","","","","","","",11.5,1,1017.7,1,999.3,1,"","","",1,1,1,0,1,5,1,0,1,0,1,"","","","","","","","","","","","","","","","","","","","","","","","",10000,1,"","",3,1,0,1,"","","","","","","","","","","","","","","","","","","","","","","","","","","","","","","","","","","","","","","","","","","","","","","","","","","","","","","","","","","","","","","","","",""
"31069001","TOULOUSE-BLAGNAC",43.621,1.378833,151,1968100903,"","","","",3.,1,160,1,"","","","","","","","","","","","","","","","","","","","","","","","","","","","",8.8,1,8.1,1,"","","","","","","","","","","","","","","","","","","","","","","","","","",97,1,"","","","","","","","","","","","",11.,1,1018.1,1,999.6,1,"","","",1,3,1,0,1,0,1,0,1,8,1,"","","","","","","","","","","","","","","","","","","","","","","","",10000,1,"","",3,1,0,1,"","","","","","","","","","","","","","","","","","","","","","","","","","","","","","","","","","","","","","","","","","","","","","","","","","","","","","","","","","","","","","","","","",""
"31069001","TOULOUSE-BLAGNAC",43.621,1.378833,151,1968100906,"","","","",3.,1,140,1,"","","","","","","","","","","","","","","","","","","","","","","","","","","","",10.6,1,9.2,1,"","","","","","","","","","","","","","","","","","","","","","","","","","",92,1,"","","","","","","","","","","","",11.8,1,1019.1,1,1000.7,1,"","","",1,7,1,7,1,5,1,"","","","","","","","","","","","","","","","","","","","","","","","","","","","",10000,1,"","",2,1,2,1,"","",1,1,"","","","","","","","","","","","","","","","","","","","","","","","","","","","","","","","","","","","","","","","","","","","","","","","","","","","","","","","","","","","","",""
"31069001","TOULOUSE-BLAGNAC",43.621,1.378833,151,1968100909,"","","","",3.,1,160,1,"","","","","","","","","","","","","","","","","","","","","","","","","","","","",14.1,1,11.7,1,"","","","","","","","","","","","","","","","","","","","","","","","","","",88,1,"","","","","","","","","","","","",14.1,1,1020.6,1,1002.5,1,"","","",1,7,1,7,1,5,1,"","","","","","","","","","","","","","","","","","","","","","","","","","","","",20000,1,"","",3,1,2,1,"","","","","","","","","","","","","","","","","","","","","","","","","","","","","","","","","","","","","","","","","","","","","","","","","","","","","","","","","","","","","","","","","",""
"31069001","TOULOUSE-BLAGNAC",43.621,1.378833,151,1968100912,"","","","",4.,1,260,1,"","","","","","","","","","","","","","","","","","","","","","","","","","","","",21.,1,13.1,1,"","","","","","","","","","","","","","","","","","","","","","","","","","",62,1,"","","","","","","","","","","","",15.4,1,1020.9,1,1003.2,1,"","","",1,5,1,0,1,2,1,0,1,2,1,"","","","","","","","","","","","","","","","","","","","","","","","",20000,1,"","",1,1,2,1,"","","","","","","","","","","","","","","","","","","","","","","","","","","","","","","","","","","","","","","","","","","","","","","","","","","","","","","","","","","","","","","","","",""
"31069001","TOULOUSE-BLAGNAC",43.621,1.378833,151,1968100915,"","","","",3.,1,280,1,"","","","","","","","","","","","","","","","","","","","","","","","","","","","",21.8,1,11.6,1,"","","","","","","","","","","","","","","","","","","","","","","","","","",53,1,"","","","","","","","","","","","",14.,1,1020.4,1,1002.7,1,"","","",1,5,1,0,1,2,1,0,1,1,1,"","","","","","","","","","","","","","","","","","","","","","","","",30000,1,"","",2,1,2,1,"","","","","","","","","","","","","","","","","","","","","","","","","","","","","","","","","","","","","","","","","","","","","","","","","","","","","","","","","","","","","","","","","",""
"31069001","TOULOUSE-BLAGNAC",43.621,1.378833,151,1968100918,"","","","",1.,1,20,1,"","","","","","","","","","","","","","","","","","","","","","","","","","","","",19.3,1,12.7,1,"","","","","","","","","","","","","","","","","","","","","","","","","","",67,1,"","","","","","","","","","","","",15.,1,1020.8,1,1003.,1,"","","",1,4,1,0,1,0,1,0,1,1,1,"","","","","","","","","","","","","","","","","","","","","","","","",30000,1,"","",2,1,1,1,"","","","","","","","","","","","","","","","","","","","","","","","","","","","","","","","","","","","","","","","","","","","","","","","","","","","","","","","","","","","","","","","","",""
"31069001","TOULOUSE-BLAGNAC",43.621,1.378833,151,1968100921,"","","","",1.,1,140,1,"","","","","","","","","","","","","","","","","","","","","","","","","","","","",15.,1,12.4,1,"","","","","","","","","","","","","","","","","","","","","","","","","","",86,1,"","","","","","","","","","","","",14.7,1,1021.8,1,1003.7,1,"","","",1,0,1,"","",0,1,0,1,0,1,"","","","","","","","","","","","","","","","","","","","","","","","",10000,1,"","",2,1,0,1,"","","","","","","","","","","","","","","","","","","","","","","","","","","","","","","","","","","","","","","","","","","","","","","","","","","","","","","","","","","","","","","","","",""
"31069001","TOULOUSE-BLAGNAC",43.621,1.378833,151,1968101000,"","","","",1.,1,140,1,"","","","","","","","","","","","","","","","","","","","","","","","","","","","",12.7,1,11.2,1,"","","","","","","","","","","","","","","","","","","","","","","","","","",93,1,"","","","","","","","","","","","",13.6,1,1021.8,1,1003.5,1,"","","",1,0,1,"","",0,1,0,1,0,1,"","","","","","","","","","","","","","","","","","","","","","","","",10000,1,"","",2,1,0,1,"","","","","","","","","","","","","","","","","","","","","","","","","","","","","","","","","","","","","","","","","","","","","","","","","","","","","","","","","","","","","","","","","",""
"31069001","TOULOUSE-BLAGNAC",43.621,1.378833,151,1968101003,"","","","",1.,1,100,1,"","","","","","","","","","","","","","","","","","","","","","","","","","","","",12.4,1,11.3,1,"","","","","","","","","","","","","","","","","","","","","","","","","","",95,1,"","","","","","","","","","","","",13.7,1,1021.1,1,1002.8,1,"","","",1,0,1,"","",0,1,0,1,0,1,"","","","","","","","","","","","","","","","","","","","","","","","",5000,1,"","",2,1,0,1,"","","","","","","","","","","","","","","","","","","","","","","","","","","","","","","","","","","","","","","","","","","","","","","","","","","","","","","","","","","","","","","","","",""
"31069001","TOULOUSE-BLAGNAC",43.621,1.378833,151,1968101006,"","","","",0.,1,0,1,"","","","","","","","","","","","","","","","","","","","","","","","","","","","",8.9,1,8.,1,"","","","","","","","","","","","","","","","","","","","","","","","","","",96,1,"","","","","","","","","","","","",10.9,1,1021.3,1,1002.8,1,"","","",1,5,1,0,1,0,1,8,1,2,1,"","","","","","","","","","","","","","","","","","","","","","","","",2000,1,"","",11,1,1,1,"","",0,1,"","","","","","","","","","","","","","","","","","","","","","","","","","","","","","","","","","","","","","","","","","","","","","","","","","","","","","","","","","","","","",""
"31069001","TOULOUSE-BLAGNAC",43.621,1.378833,151,1968101009,"","","","",1.,1,120,1,"","","","","","","","","","","","","","","","","","","","","","","","","","","","",13.8,1,11.9,1,"","","","","","","","","","","","","","","","","","","","","","","","","","",90,1,"","","","","","","","","","","","",14.2,1,1021.9,1,1003.7,1,"","","",1,6,1,5,1,0,1,4,1,2,1,"","","","","","","","","","","","","","","","","","","","","","","","",4500,1,"","",10,1,2,1,"","","","","","","","","","","","","","","","","","","","","","","","","","","","","","","","","","","","","","","","","","","","","","","","","","","","","","","","","","","","","","","","","",""
"31069001","TOULOUSE-BLAGNAC",43.621,1.378833,151,1968101012,"","","","",1.,1,280,1,"","","","","","","","","","","","","","","","","","","","","","","","","","","","",23.2,1,13.9,1,"","","","","","","","","","","","","","","","","","","","","","","","","","",57,1,"","","","","","","","","","","","",16.3,1,1021.8,1,1004.2,1,"","","",1,2,1,0,1,0,1,0,1,2,1,"","","","","","","","","","","","","","","","","","","","","","","","",20000,1,"","",1,1,1,1,"","","","","","","","","","","","","","","","","","","","","","","","","","","","","","","","","","","","","","","","","","","","","","","","","","","","","","","","","","","","","","","","","",""
"31069001","TOULOUSE-BLAGNAC",43.621,1.378833,151,1968101015,"","","","",3.,1,280,1,"","","","","","","","","","","","","","","","","","","","","","","","","","","","",24.7,1,12.4,1,"","","","","","","","","","","","","","","","","","","","","","","","","","",47,1,"","","","","","","","","","","","",14.7,1,1021.7,1,1004.2,1,"","","",1,6,1,6,1,0,1,0,1,6,1,"","","","","","","","","","","","","","","","","","","","","","","","",40000,1,"","",3,1,1,1,"","","","","","","","","","","","","","","","","","","","","","","","","","","","","","","","","","","","","","","","","","","","","","","","","","","","","","","","","","","","","","","","","",""
"31069001","TOULOUSE-BLAGNAC",43.621,1.378833,151,1968101018,"","","","",1.,1,300,1,"","","","","","","","","","","","","","","","","","","","","","","","","","","","",20.6,1,14.1,1,"","","","","","","","","","","","","","","","","","","","","","","","","","",68,1,"","","","","","","","","","","","",16.5,1,1023.3,1,1005.5,1,"","","",1,4,1,0,1,0,1,0,1,2,1,"","","","","","","","","","","","","","","","","","","","","","","","",20000,1,"","",1,1,1,1,"","","","","","","","","","","","","","","","","","","","","","","","","","","","","","","","","","","","","","","","","","","","","","","","","","","","","","","","","","","","","","","","","",""
"31069001","TOULOUSE-BLAGNAC",43.621,1.378833,151,1968101021,"","","","",2.,1,220,1,"","","","","","","","","","","","","","","","","","","","","","","","","","","","",14.4,1,12.9,1,"","","","","","","","","","","","","","","","","","","","","","","","","","",92,1,"","","","","","","","","","","","",15.2,1,1025.9,1,1007.7,1,"","","",1,1,1,0,1,0,1,0,1,2,1,"","","","","","","","","","","","","","","","","","","","","","","","",10000,1,"","",1,1,0,1,"","","","","","","","","","","","","","","","","","","","","","","","","","","","","","","","","","","","","","","","","","","","","","","","","","","","","","","","","","","","","","","","","",""
"31069001","TOULOUSE-BLAGNAC",43.621,1.378833,151,1968101100,"","","","",2.,1,200,1,"","","","","","","","","","","","","","","","","","","","","","","","","","","","",12.3,1,11.3,1,"","","","","","","","","","","","","","","","","","","","","","","","","","",96,1,"","","","","","","","","","","","",13.7,1,1026.6,1,1008.2,1,"","","",1,0,1,"","",0,1,0,1,0,1,"","","","","","","","","","","","","","","","","","","","","","","","",8000,1,"","",1,1,0,1,"","","","","","","","","","","","","","","","","","","","","","","","","","","","","","","","","","","","","","","","","","","","","","","","","","","","","","","","","","","","","","","","","",""
"31069001","TOULOUSE-BLAGNAC",43.621,1.378833,151,1968101103,"","","","",3.,1,180,1,"","","","","","","","","","","","","","","","","","","","","","","","","","","","",11.2,1,10.1,1,"","","","","","","","","","","","","","","","","","","","","","","","","","",95,1,"","","","","","","","","","","","",12.6,1,1026.9,1,1008.4,1,"","","",1,0,1,"","",0,1,0,1,0,1,"","","","","","","","","","","","","","","","","","","","","","","","",8000,1,"","",2,1,0,1,"","","","","","","","","","","","","","","","","","","","","","","","","","","","","","","","","","","","","","","","","","","","","","","","","","","","","","","","","","","","","","","","","",""
"31069001","TOULOUSE-BLAGNAC",43.621,1.378833,151,1968101106,"","","","",2.,1,180,1,"","","","","","","","","","","","","","","","","","","","","","","","","","","","",9.9,1,9.9,1,"","","","","","","","","","","","","","","","","","","","","","","","","","",99,1,"","","","","","","","","","","","",12.1,1,1026.6,1,1008.1,1,"","","",1,3,1,0,1,0,1,4,1,2,1,"","","","","","","","","","","","","","","","","","","","","","","","",6000,1,"","",3,1,0,1,"","",0,1,"","","","","","","","","","","","","","","","","","","","","","","","","","","","","","","","","","","","","","","","","","","","","","","","","","","","","","","","","","","","","",""
"31069001","TOULOUSE-BLAGNAC",43.621,1.378833,151,1968101109,"","","","",1.,1,120,1,"","","","","","","","","","","","","","","","","","","","","","","","","","","","",15.6,1,13.2,1,"","","","","","","","","","","","","","","","","","","","","","","","","","",87,1,"","","","","","","","","","","","",15.5,1,1027.,1,1008.8,1,"","","",1,2,1,0,1,0,1,0,1,2,1,"","","","","","","","","","","","","","","","","","","","","","","","",4500,1,"","",10,1,0,1,"","","","","","","","","","","","","","","","","","","","","","","","","","","","","","","","","","","","","","","","","","","","","","","","","","","","","","","","","","","","","","","","","",""
"31069001","TOULOUSE-BLAGNAC",43.621,1.378833,151,1968101112,"","","","",2.,1,80,1,"","","","","","","","","","","","","","","","","","","","","","","","","","","","",21.1,1,14.3,1,"","","","","","","","","","","","","","","","","","","","","","","","","","",67,1,"","","","","","","","","","","","",16.7,1,1025.4,1,1007.6,1,"","","",1,1,1,0,1,0,1,0,1,1,1,"","","","","","","","","","","","","","","","","","","","","","","","",8000,1,"","",2,1,0,1,"","","","","","","","","","","","","","","","","","","","","","","","","","","","","","","","","","","","","","","","","","","","","","","","","","","","","","","","","","","","","","","","","",""
"31069001","TOULOUSE-BLAGNAC",43.621,1.378833,151,1968101115,"","","","",2.,1,60,1,"","","","","","","","","","","","","","","","","","","","","","","","","","","","",23.7,1,14.2,1,"","","","","","","","","","","","","","","","","","","","","","","","","","",56,1,"","","","","","","","","","","","",16.6,1,1023.7,1,1006.1,1,"","","",1,3,1,0,1,0,1,0,1,4,1,"","","","","","","","","","","","","","","","","","","","","","","","",20000,1,"","",2,1,0,1,"","","","","","","","","","","","","","","","","","","","","","","","","","","","","","","","","","","","","","","","","","","","","","","","","","","","","","","","","","","","","","","","","",""
"31069001","TOULOUSE-BLAGNAC",43.621,1.378833,151,1968101118,"","","","",1.,1,40,1,"","","","","","","","","","","","","","","","","","","","","","","","","","","","",20.6,1,14.8,1,"","","","","","","","","","","","","","","","","","","","","","","","","","",72,1,"","","","","","","","","","","","",17.3,1,1023.4,1,1005.6,1,"","","",1,3,1,0,1,0,1,0,1,2,1,"","","","","","","","","","","","","","","","","","","","","","","","",15000,1,"","",2,1,0,1,"","","","","","","","","","","","","","","","","","","","","","","","","","","","","","","","","","","","","","","","","","","","","","","","","","","","","","","","","","","","","","","","","",""
"31069001","TOULOUSE-BLAGNAC",43.621,1.378833,151,1968101121,"","","","",0.,1,0,1,"","","","","","","","","","","","","","","","","","","","","","","","","","","","",16.,1,13.3,1,"","","","","","","","","","","","","","","","","","","","","","","","","","",86,1,"","","","","","","","","","","","",15.7,1,1024.2,1,1006.1,1,"","","",1,2,1,0,1,0,1,0,1,2,1,"","","","","","","","","","","","","","","","","","","","","","","","",15000,1,"","",2,1,0,1,"","","","","","","","","","","","","","","","","","","","","","","","","","","","","","","","","","","","","","","","","","","","","","","","","","","","","","","","","","","","","","","","","",""
"31069001","TOULOUSE-BLAGNAC",43.621,1.378833,151,1968101200,"","","","",2.,1,160,1,"","","","","","","","","","","","","","","","","","","","","","","","","","","","",12.8,1,11.7,1,"","","","","","","","","","","","","","","","","","","","","","","","","","",96,1,"","","","","","","","","","","","",14.1,1,1023.6,1,1005.3,1,"","","",1,0,1,"","",0,1,0,1,0,1,"","","","","","","","","","","","","","","","","","","","","","","","",5000,1,"","",2,1,0,1,"","","","","","","","","","","","","","","","","","","","","","","","","","","","","","","","","","","","","","","","","","","","","","","","","","","","","","","","","","","","","","","","","",""
"31069001","TOULOUSE-BLAGNAC",43.621,1.378833,151,1968101203,"","","","",1.,1,160,1,"","","","","","","","","","","","","","","","","","","","","","","","","","","","",11.5,1,10.6,1,"","","","","","","","","","","","","","","","","","","","","","","","","","",96,1,"","","","","","","","","","","","",13.,1,1022.,1,1003.7,1,"","","",1,0,1,"","",0,1,0,1,0,1,"","","","","","","","","","","","","","","","","","","","","","","","",5000,1,"","",2,1,0,1,"","","","","","","","","","","","","","","","","","","","","","","","","","","","","","","","","","","","","","","","","","","","","","","","","","","","","","","","","","","","","","","","","",""
"31069001","TOULOUSE-BLAGNAC",43.621,1.378833,151,1968101206,"","","","",2.,1,160,1,"","","","","","","","","","","","","","","","","","","","","","","","","","","","",8.4,1,8.4,1,"","","","","","","","","","","","","","","","","","","","","","","","","","",99,1,"","","","","","","","","","","","",10.9,1,1022.,1,1003.4,1,"","","",1,0,1,"","",0,1,0,1,0,1,"","","","","","","","","","","","","","","","","","","","","","","","",1800,1,"","",10,1,0,1,"","",1,1,"","","","","","","","","","","","","","","","","","","","","","","","","","","","","","","","","","","","","","","","","","","","","","","","","","","","","","","","","","","","","",""
"31069001","TOULOUSE-BLAGNAC",43.621,1.378833,151,1968101209,"","","","",1.,1,120,1,"","","","","","","","","","","","","","","","","","","","","","","","","","","","",15.4,1,12.2,1,"","","","","","","","","","","","","","","","","","","","","","","","","","",83,1,"","","","","","","","","","","","",14.5,1,1022.4,1,1004.3,1,"","","",1,1,1,0,1,0,1,0,1,1,1,"","","","","","","","","","","","","","","","","","","","","","","","",9000,1,"","",2,1,0,1,"","","","","","","","","","","","","","","","","","","","","","","","","","","","","","","","","","","","","","","","","","","","","","","","","","","","","","","","","","","","","","","","","",""
"31069001","TOULOUSE-BLAGNAC",43.621,1.378833,151,1968101212,"","","","",3.,1,120,1,"","","","","","","","","","","","","","","","","","","","","","","","","","","","",25.,1,14.1,1,"","","","","","","","","","","","","","","","","","","","","","","","","","",53,1,"","","","","","","","","","","","",16.5,1,1021.,1,1003.5,1,"","","",1,1,1,0,1,0,1,0,1,1,1,"","","","","","","","","","","","","","","","","","","","","","","","",10000,1,"","",2,1,0,1,"","","","","","","","","","","","","","","","","","","","","","","","","","","","","","","","","","","","","","","","","","","","","","","","","","","","","","","","","","","","","","","","","",""
"31069001","TOULOUSE-BLAGNAC",43.621,1.378833,151,1968101215,"","","","",2.,1,120,1,"","","","","","","","","","","","","","","","","","","","","","","","","","","","",27.8,1,11.3,1,"","","","","","","","","","","","","","","","","","","","","","","","","","",36,1,"","","","","","","","","","","","",13.7,1,1020.3,1,1003.,1,"","","",1,0,1,"","",0,1,0,1,0,1,"","","","","","","","","","","","","","","","","","","","","","","","",20000,1,"","",1,1,0,1,"","","","","","","","","","","","","","","","","","","","","","","","","","","","","","","","","","","","","","","","","","","","","","","","","","","","","","","","","","","","","","","","","",""
"31069001","TOULOUSE-BLAGNAC",43.621,1.378833,151,1968101218,"","","","",2.,1,120,1,"","","","","","","","","","","","","","","","","","","","","","","","","","","","",21.9,1,12.6,1,"","","","","","","","","","","","","","","","","","","","","","","","","","",57,1,"","","","","","","","","","","","",14.9,1,1021.2,1,1003.5,1,"","","",1,1,1,0,1,0,1,0,1,1,1,"","","","","","","","","","","","","","","","","","","","","","","","",20000,1,"","",3,1,0,1,"","","","","","","","","","","","","","","","","","","","","","","","","","","","","","","","","","","","","","","","","","","","","","","","","","","","","","","","","","","","","","","","","",""
"31069001","TOULOUSE-BLAGNAC",43.621,1.378833,151,1968101221,"","","","",3.,1,160,1,"","","","","","","","","","","","","","","","","","","","","","","","","","","","",16.7,1,12.1,1,"","","","","","","","","","","","","","","","","","","","","","","","","","",76,1,"","","","","","","","","","","","",14.4,1,1022.8,1,1004.8,1,"","","",1,0,1,"","",0,1,0,1,0,1,"","","","","","","","","","","","","","","","","","","","","","","","",15000,1,"","",2,1,0,1,"","","","","","","","","","","","","","","","","","","","","","","","","","","","","","","","","","","","","","","","","","","","","","","","","","","","","","","","","","","","","","","","","",""
"31069001","TOULOUSE-BLAGNAC",43.621,1.378833,151,1968101300,"","","","",2.,1,160,1,"","","","","","","","","","","","","","","","","","","","","","","","","","","","",14.4,1,11.4,1,"","","","","","","","","","","","","","","","","","","","","","","","","","",85,1,"","","","","","","","","","","","",13.8,1,1023.2,1,1005.,1,"","","",1,0,1,"","",0,1,0,1,0,1,"","","","","","","","","","","","","","","","","","","","","","","","",10000,1,"","",2,1,0,1,"","","","","","","","","","","","","","","","","","","","","","","","","","","","","","","","","","","","","","","","","","","","","","","","","","","","","","","","","","","","","","","","","",""
"31069001","TOULOUSE-BLAGNAC",43.621,1.378833,151,1968101303,"","","","",1.,1,160,1,"","","","","","","","","","","","","","","","","","","","","","","","","","","","",12.,1,10.7,1,"","","","","","","","","","","","","","","","","","","","","","","","","","",94,1,"","","","","","","","","","","","",13.1,1,1023.1,1,1004.8,1,"","","",1,0,1,"","",0,1,0,1,0,1,"","","","","","","","","","","","","","","","","","","","","","","","",10000,1,"","",2,1,0,1,"","","","","","","","","","","","","","","","","","","","","","","","","","","","","","","","","","","","","","","","","","","","","","","","","","","","","","","","","","","","","","","","","",""
"31069001","TOULOUSE-BLAGNAC",43.621,1.378833,151,1968101306,"","","","",1.,1,160,1,"","","","","","","","","","","","","","","","","","","","","","","","","","","","",10.,1,9.3,1,"","","","","","","","","","","","","","","","","","","","","","","","","","",97,1,"","","","","","","","","","","","",11.9,1,1023.4,1,1004.9,1,"","","",1,2,1,0,1,0,1,0,1,1,1,"","","","","","","","","","","","","","","","","","","","","","","","",4000,1,"","",10,1,0,1,"","",0,1,"","","","","","","","","","","","","","","","","","","","","","","","","","","","","","","","","","","","","","","","","","","","","","","","","","","","","","","","","","","","","",""
"31069001","TOULOUSE-BLAGNAC",43.621,1.378833,151,1968101309,"","","","",0.,1,0,1,"","","","","","","","","","","","","","","","","","","","","","","","","","","","",14.6,1,11.3,1,"","","","","","","","","","","","","","","","","","","","","","","","","","",83,1,"","","","","","","","","","","","",13.7,1,1024.2,1,1006.,1,"","","",1,3,1,0,1,0,1,0,1,1,1,"","","","","","","","","","","","","","","","","","","","","","","","",3000,1,"","",10,1,0,1,"","","","","","","","","","","","","","","","","","","","","","","","","","","","","","","","","","","","","","","","","","","","","","","","","","","","","","","","","","","","","","","","","",""
"31069001","TOULOUSE-BLAGNAC",43.621,1.378833,151,1968101312,"","","","",3.,1,100,1,"","","","","","","","","","","","","","","","","","","","","","","","","","","","",23.8,1,12.8,1,"","","","","","","","","","","","","","","","","","","","","","","","","","",51,1,"","","","","","","","","","","","",15.1,1,1021.8,1,1004.2,1,"","","",1,0,1,"","",0,1,0,1,0,1,"","","","","","","","","","","","","","","","","","","","","","","","",40000,1,"","",1,1,0,1,"","","","","","","","","","","","","","","","","","","","","","","","","","","","","","","","","","","","","","","","","","","","","","","","","","","","","","","","","","","","","","","","","",""
"31069001","TOULOUSE-BLAGNAC",43.621,1.378833,151,1968101315,"","","","",1.,1,120,1,"","","","","","","","","","","","","","","","","","","","","","","","","","","","",28.,1,12.1,1,"","","","","","","","","","","","","","","","","","","","","","","","","","",38,1,"","","","","","","","","","","","",14.4,1,1020.2,1,1002.9,1,"","","",1,0,1,"","",0,1,0,1,0,1,"","","","","","","","","","","","","","","","","","","","","","","","",50000,1,"","",2,1,0,1,"","","","","","","","","","","","","","","","","","","","","","","","","","","","","","","","","","","","","","","","","","","","","","","","","","","","","","","","","","","","","","","","","",""
"31069001","TOULOUSE-BLAGNAC",43.621,1.378833,151,1968101318,"","","","",2.,1,320,1,"","","","","","","","","","","","","","","","","","","","","","","","","","","","",22.4,1,15.7,1,"","","","","","","","","","","","","","","","","","","","","","","","","","",68,1,"","","","","","","","","","","","",18.3,1,1020.2,1,1002.6,1,"","","",1,0,1,"","",0,1,0,1,0,1,"","","","","","","","","","","","","","","","","","","","","","","","",30000,1,"","",2,1,0,1,"","","","","","","","","","","","","","","","","","","","","","","","","","","","","","","","","","","","","","","","","","","","","","","","","","","","","","","","","","","","","","","","","",""
"31069001","TOULOUSE-BLAGNAC",43.621,1.378833,151,1968101321,"","","","",1.,1,120,1,"","","","","","","","","","","","","","","","","","","","","","","","","","","","",16.6,1,14.1,1,"","","","","","","","","","","","","","","","","","","","","","","","","","",88,1,"","","","","","","","","","","","",16.5,1,1021.3,1,1003.3,1,"","","",1,0,1,"","",0,1,0,1,0,1,"","","","","","","","","","","","","","","","","","","","","","","","",15000,1,"","",2,1,0,1,"","","","","","","","","","","","","","","","","","","","","","","","","","","","","","","","","","","","","","","","","","","","","","","","","","","","","","","","","","","","","","","","","",""
"31069001","TOULOUSE-BLAGNAC",43.621,1.378833,151,1968101400,"","","","",1.,1,120,1,"","","","","","","","","","","","","","","","","","","","","","","","","","","","",14.6,1,11.4,1,"","","","","","","","","","","","","","","","","","","","","","","","","","",84,1,"","","","","","","","","","","","",13.8,1,1021.2,1,1003.1,1,"","","",1,0,1,"","",0,1,0,1,0,1,"","","","","","","","","","","","","","","","","","","","","","","","",15000,1,"","",2,1,0,1,"","","","","","","","","","","","","","","","","","","","","","","","","","","","","","","","","","","","","","","","","","","","","","","","","","","","","","","","","","","","","","","","","",""
"31069001","TOULOUSE-BLAGNAC",43.621,1.378833,151,1968101403,"","","","",1.,1,140,1,"","","","","","","","","","","","","","","","","","","","","","","","","","","","",12.,1,10.6,1,"","","","","","","","","","","","","","","","","","","","","","","","","","",93,1,"","","","","","","","","","","","",13.,1,1020.4,1,1002.1,1,"","","",1,0,1,"","",0,1,0,1,0,1,"","","","","","","","","","","","","","","","","","","","","","","","",10000,1,"","",2,1,0,1,"","","","","","","","","","","","","","","","","","","","","","","","","","","","","","","","","","","","","","","","","","","","","","","","","","","","","","","","","","","","","","","","","",""
"31069001","TOULOUSE-BLAGNAC",43.621,1.378833,151,1968101406,"","","","",2.,1,140,1,"","","","","","","","","","","","","","","","","","","","","","","","","","","","",10.4,1,9.5,1,"","","","","","","","","","","","","","","","","","","","","","","","","","",96,1,"","","","","","","","","","","","",12.1,1,1021.,1,1002.6,1,"","","",1,0,1,"","",0,1,0,1,0,1,"","","","","","","","","","","","","","","","","","","","","","","","",10000,1,"","",2,1,0,1,"","",0,1,"","","","","","","","","","","","","","","","","","","","","","","","","","","","","","","","","","","","","","","","","","","","","","","","","","","","","","","","","","","","","",""
"31069001","TOULOUSE-BLAGNAC",43.621,1.378833,151,1968101409,"","","","",3.,1,120,1,"","","","","","","","","","","","","","","","","","","","","","","","","","","","",16.,1,12.5,1,"","","","","","","","","","","","","","","","","","","","","","","","","","",81,1,"","","","","","","","","","","","",14.8,1,1020.2,1,1002.2,1,"","","",1,2,1,0,1,0,1,4,1,2,1,"","","","","","","","","","","","","","","","","","","","","","","","",4000,1,"","",10,1,0,1,"","","","","","","","","","","","","","","","","","","","","","","","","","","","","","","","","","","","","","","","","","","","","","","","","","","","","","","","","","","","","","","","","",""
"31069001","TOULOUSE-BLAGNAC",43.621,1.378833,151,1968101412,"","","","",0.,1,0,1,"","","","","","","","","","","","","","","","","","","","","","","","","","","","",23.9,1,12.7,1,"","","","","","","","","","","","","","","","","","","","","","","","","","",51,1,"","","","","","","","","","","","",15.,1,1018.7,1,1001.2,1,"","","",1,6,1,6,1,0,1,4,1,2,1,"","","","","","","","","","","","","","","","","","","","","","","","",12000,1,"","",3,1,1,1,"","","","","","","","","","","","","","","","","","","","","","","","","","","","","","","","","","","","","","","","","","","","","","","","","","","","","","","","","","","","","","","","","",""
"31069001","TOULOUSE-BLAGNAC",43.621,1.378833,151,1968101415,"","","","",1.,1,320,1,"","","","","","","","","","","","","","","","","","","","","","","","","","","","",23.3,1,15.3,1,"","","","","","","","","","","","","","","","","","","","","","","","","","",63,1,"","","","","","","","","","","","",17.9,1,1018.5,1,1001.,1,"","","",1,6,1,6,1,0,1,4,1,2,1,"","","","","","","","","","","","","","","","","","","","","","","","",15000,1,"","",2,1,2,1,"","","","","","","","","","","","","","","","","","","","","","","","","","","","","","","","","","","","","","","","","","","","","","","","","","","","","","","","","","","","","","","","","",""
"31069001","TOULOUSE-BLAGNAC",43.621,1.378833,151,1968101418,"","","","",1.,1,300,1,"","","","","","","","","","","","","","","","","","","","","","","","","","","","",19.4,1,15.9,1,"","","","","","","","","","","","","","","","","","","","","","","","","","",82,1,"","","","","","","","","","","","",18.6,1,1020.1,1,1002.3,1,"","","",1,7,1,7,1,0,1,4,1,2,1,"","","","","","","","","","","","","","","","","","","","","","","","",8000,1,"","",3,1,2,1,"","","","","","","","","","","","","","","","","","","","","","","","","","","","","","","","","","","","","","","","","","","","","","","","","","","","","","","","","","","","","","","","","",""
"31069001","TOULOUSE-BLAGNAC",43.621,1.378833,151,1968101421,"","","","",1.,1,280,1,"","","","","","","","","","","","","","","","","","","","","","","","","","","","",16.5,1,14.4,1,"","","","","","","","","","","","","","","","","","","","","","","","","","",90,1,"","","","","","","","","","","","",16.8,1,1022.3,1,1004.3,1,"","","",1,3,1,0,1,0,1,0,1,2,1,"","","","","","","","","","","","","","","","","","","","","","","","",10000,1,"","",2,1,1,1,"","","","","","","","","","","","","","","","","","","","","","","","","","","","","","","","","","","","","","","","","","","","","","","","","","","","","","","","","","","","","","","","","",""
"31069001","TOULOUSE-BLAGNAC",43.621,1.378833,151,1968101500,"","","","",0.,1,0,1,"","","","","","","","","","","","","","","","","","","","","","","","","","","","",15.3,1,13.7,1,"","","","","","","","","","","","","","","","","","","","","","","","","","",93,1,"","","","","","","","","","","","",16.1,1,1023.1,1,1005.,1,"","","",1,7,1,6,1,0,1,3,1,2,1,"","","","","","","","","","","","","","","","","","","","","","","","",10000,1,"","",3,1,1,1,"","","","","","","","","","","","","","","","","","","","","","","","","","","","","","","","","","","","","","","","","","","","","","","","","","","","","","","","","","","","","","","","","",""
"31069001","TOULOUSE-BLAGNAC",43.621,1.378833,151,1968101503,"","","","",0.,1,0,1,"","","","","","","","","","","","","","","","","","","","","","","","","","","","",16.,1,14.4,1,"","","","","","","","","","","","","","","","","","","","","","","","","","",92,1,"","","","","","","","","","","","",16.8,1,1022.7,1,1004.7,1,"","","",1,8,1,7,1,5,1,"","","","","","","","","","","","","","","","","","","","","","","","","","","","",7000,1,"","",3,1,2,1,"","","","","","","","","","","","","","","","","","","","","","","","","","","","","","","","","","","","","","","","","","","","","","","","","","","","","","","","","","","","","","","","","",""
"31069001","TOULOUSE-BLAGNAC",43.621,1.378833,151,1968101506,"","","","",0.,1,0,1,"","","","","","","","","","","","","","","","","","","","","","","","","","","","",15.9,1,14.3,1,"","","","","","","","","","","","","","","","","","","","","","","","","","",92,1,"","","","","","","","","","","","",16.7,1,1022.2,1,1004.2,1,"","","",1,8,1,7,1,5,1,"","","","","","","","","","","","","","","","","","","","","","","","","","","","",3500,1,"","",10,1,2,1,"","",0,1,"","","","","","","","","","","","","","","","","","","","","","","","","","","","","","","","","","","","","","","","","","","","","","","","","","","","","","","","","","","","","",""
"31069001","TOULOUSE-BLAGNAC",43.621,1.378833,151,1968101509,"","","","",0.,1,0,1,"","","","","","","","","","","","","","","","","","","","","","","","","","","","",17.4,1,15.1,1,"","","","","","","","","","","","","","","","","","","","","","","","","","",89,1,"","","","","","","","","","","","",17.7,1,1022.7,1,1004.7,1,"","","",1,8,1,8,1,8,1,"","","","","","","","","","","","","","","","","","","","","","","","","","","","",4800,1,"","",10,1,2,1,"","","","","","","","","","","","","","","","","","","","","","","","","","","","","","","","","","","","","","","","","","","","","","","","","","","","","","","","","","","","","","","","","",""
"31069001","TOULOUSE-BLAGNAC",43.621,1.378833,151,1968101512,"","","","",4.,1,280,1,"","","","","","","","","","","","","","","","","","","","","","","","","","","","",18.1,1,14.6,1,"","","","","","","","","","","","","","","","","","","","","","","","","","",82,1,"","","","","","","","","","","","",17.1,1,1022.3,1,1004.4,1,"","","",1,7,1,7,1,8,1,"","","","","","","","","","","","","","","","","","","","","","","","","","","","",15000,1,"","",2,1,2,1,"","","","","","","","","","","","","","","","","","","","","","","","","","","","","","","","","","","","","","","","","","","","","","","","","","","","","","","","","","","","","","","","","",""
"31069001","TOULOUSE-BLAGNAC",43.621,1.378833,151,1968101515,"","","","",5.,1,300,1,"","","","","","","","","","","","","","","","","","","","","","","","","","","","",16.8,1,12.6,1,"","","","","","","","","","","","","","","","","","","","","","","","","","",78,1,"","","","","","","","","","","","",14.9,1,1021.8,1,1003.8,1,"","","",1,8,1,7,1,8,1,"","","","","","","","","","","","","","","","","","","","","","","","","","","","",20000,1,"","",2,1,2,1,"","","","","","","","","","","","","","","","","","","","","","","","","","","","","","","","","","","","","","","","","","","","","","","","","","","","","","","","","","","","","","","","","",""
"31069001","TOULOUSE-BLAGNAC",43.621,1.378833,151,1968101518,"","","","",3.,1,260,1,"","","","","","","","","","","","","","","","","","","","","","","","","","","","",15.3,1,11.4,1,"","","","","","","","","","","","","","","","","","","","","","","","","","",80,1,"","","","","","","","","","","","",13.8,1,1022.2,1,1004.1,1,"","","",1,8,1,8,1,8,1,"","","","","","","","","","","","","","","","","","","","","","","","","","","","",20000,1,"","",2,1,2,1,"","","","","","","","","","","","","","","","","","","","","","","","","","","","","","","","","","","","","","","","","","","","","","","","","","","","","","","","","","","","","","","","","",""
"31069001","TOULOUSE-BLAGNAC",43.621,1.378833,151,1968101521,"","","","",3.,1,260,1,"","","","","","","","","","","","","","","","","","","","","","","","","","","","",14.2,1,11.3,1,"","","","","","","","","","","","","","","","","","","","","","","","","","",85,1,"","","","","","","","","","","","",13.7,1,1022.6,1,1004.4,1,"","","",1,7,1,7,1,5,1,"","","","","","","","","","","","","","","","","","","","","","","","","","","","",15000,1,"","",2,1,2,1,"","","","","","","","","","","","","","","","","","","","","","","","","","","","","","","","","","","","","","","","","","","","","","","","","","","","","","","","","","","","","","","","","",""
"31069001","TOULOUSE-BLAGNAC",43.621,1.378833,151,1968101600,"","","","",4.,1,280,1,"","","","","","","","","","","","","","","","","","","","","","","","","","","","",13.3,1,10.2,1,"","","","","","","","","","","","","","","","","","","","","","","","","","",83,1,"","","","","","","","","","","","",12.7,1,1023.2,1,1004.9,1,"","","",1,8,1,8,1,5,1,"","","","","","","","","","","","","","","","","","","","","","","","","","","","",15000,1,"","",2,1,2,1,"","","","","","","","","","","","","","","","","","","","","","","","","","","","","","","","","","","","","","","","","","","","","","","","","","","","","","","","","","","","","","","","","",""
"31069001","TOULOUSE-BLAGNAC",43.621,1.378833,151,1968101603,"","","","",2.,1,280,1,"","","","","","","","","","","","","","","","","","","","","","","","","","","","",11.6,1,10.6,1,"","","","","","","","","","","","","","","","","","","","","","","","","","",95,1,"","","","","","","","","","","","",13.,1,1023.4,1,1005.,1,"","","",1,8,1,5,1,7,1,"","","","","","","","","","","","","","","","","","","","","","","","","","","","",8000,1,"","",3,1,6,1,"","","","","","","","","","","","","","","","","","","","","","","","","","","","","","","","","","","","","","","","","","","","","","","","","","","","","","","","","","","","","","","","","",""
"31069001","TOULOUSE-BLAGNAC",43.621,1.378833,151,1968101606,"","","","",4.,1,260,1,"","","","","","","","","","","","","","","","","","","","","","","","","","","","",10.8,1,8.9,1,"","","","","","","","","","","","","","","","","","","","","","","","","","",90,1,"","","","","","","","","","","","",11.6,1,1024.4,1,1006.,1,"","","",1,8,1,7,1,5,1,"","","","","","","","","","","","","","","","","","","","","","","","","","","","",10000,1,"","",3,1,6,1,"","",1,1,"","","","","","","","","","","","","","","","","","","","","","","","","","","","","","","","","","","","","","","","","","","","","","","","","","","","","","","","","","","","","",""
"31069001","TOULOUSE-BLAGNAC",43.621,1.378833,151,1968101609,"","","","",3.,1,260,1,"","","","","","","","","","","","","","","","","","","","","","","","","","","","",10.9,1,8.7,1,"","","","","","","","","","","","","","","","","","","","","","","","","","",88,1,"","","","","","","","","","","","",11.4,1,1026.4,1,1007.9,1,"","","",1,7,1,7,1,1,1,"","","","","","","","","","","","","","","","","","","","","","","","","","","","",12000,1,"","",2,1,2,1,"","","","","","","","","","","","","","","","","","","","","","","","","","","","","","","","","","","","","","","","","","","","","","","","","","","","","","","","","","","","","","","","","",""
"31069001","TOULOUSE-BLAGNAC",43.621,1.378833,151,1968101612,"","","","",4.,1,300,1,"","","","","","","","","","","","","","","","","","","","","","","","","","","","",14.4,1,9.5,1,"","","","","","","","","","","","","","","","","","","","","","","","","","",74,1,"","","","","","","","","","","","",12.1,1,1026.1,1,1007.9,1,"","","",1,4,1,0,1,2,1,0,1,0,1,"","","","","","","","","","","","","","","","","","","","","","","","",20000,1,"","",1,1,2,1,"","","","","","","","","","","","","","","","","","","","","","","","","","","","","","","","","","","","","","","","","","","","","","","","","","","","","","","","","","","","","","","","","",""
"31069001","TOULOUSE-BLAGNAC",43.621,1.378833,151,1968101615,"","","","",3.,1,260,1,"","","","","","","","","","","","","","","","","","","","","","","","","","","","",16.6,1,8.,1,"","","","","","","","","","","","","","","","","","","","","","","","","","",57,1,"","","","","","","","","","","","",10.9,1,1025.2,1,1007.1,1,"","","",1,3,1,0,1,2,1,0,1,0,1,"","","","","","","","","","","","","","","","","","","","","","","","",30000,1,"","",2,1,0,1,"","","","","","","","","","","","","","","","","","","","","","","","","","","","","","","","","","","","","","","","","","","","","","","","","","","","","","","","","","","","","","","","","",""
"31069001","TOULOUSE-BLAGNAC",43.621,1.378833,151,1968101618,"","","","",2.,1,240,1,"","","","","","","","","","","","","","","","","","","","","","","","","","","","",11.5,1,7.9,1,"","","","","","","","","","","","","","","","","","","","","","","","","","",80,1,"","","","","","","","","","","","",10.8,1,1025.6,1,1007.2,1,"","","",1,0,1,"","",0,1,0,1,0,1,"","","","","","","","","","","","","","","","","","","","","","","","",30000,1,"","",1,1,0,1,"","","","","","","","","","","","","","","","","","","","","","","","","","","","","","","","","","","","","","","","","","","","","","","","","","","","","","","","","","","","","","","","","",""
"31069001","TOULOUSE-BLAGNAC",43.621,1.378833,151,1968101621,"","","","",2.,1,260,1,"","","","","","","","","","","","","","","","","","","","","","","","","","","","",8.8,1,7.5,1,"","","","","","","","","","","","","","","","","","","","","","","","","","",93,1,"","","","","","","","","","","","",10.5,1,1026.3,1,1007.7,1,"","","",1,0,1,"","",0,1,0,1,0,1,"","","","","","","","","","","","","","","","","","","","","","","","",20000,1,"","",2,1,0,1,"","","","","","","","","","","","","","","","","","","","","","","","","","","","","","","","","","","","","","","","","","","","","","","","","","","","","","","","","","","","","","","","","",""
"31069001","TOULOUSE-BLAGNAC",43.621,1.378833,151,1968101700,"","","","",0.,1,0,1,"","","","","","","","","","","","","","","","","","","","","","","","","","","","",5.8,1,4.8,1,"","","","","","","","","","","","","","","","","","","","","","","","","","",94,1,"","","","","","","","","","","","",8.7,1,1026.1,1,1007.3,1,"","","",1,0,1,"","",0,1,0,1,0,1,"","","","","","","","","","","","","","","","","","","","","","","","",10000,1,"","",2,1,0,1,"","","","","","","","","","","","","","","","","","","","","","","","","","","","","","","","","","","","","","","","","","","","","","","","","","","","","","","","","","","","","","","","","",""
"31069001","TOULOUSE-BLAGNAC",43.621,1.378833,151,1968101703,"","","","",0.,1,0,1,"","","","","","","","","","","","","","","","","","","","","","","","","","","","",3.7,1,3.,1,"","","","","","","","","","","","","","","","","","","","","","","","","","",95,1,"","","","","","","","","","","","",7.6,1,1025.8,1,1006.8,1,"","","",1,0,1,"","",0,1,0,1,0,1,"","","","","","","","","","","","","","","","","","","","","","","","",5000,1,"","",2,1,0,1,"","","","","","","","","","","","","","","","","","","","","","","","","","","","","","","","","","","","","","","","","","","","","","","","","","","","","","","","","","","","","","","","","",""
"31069001","TOULOUSE-BLAGNAC",43.621,1.378833,151,1968101706,"","","","",1.,1,160,1,"","","","","","","","","","","","","","","","","","","","","","","","","","","","",2.7,1,2.2,1,"","","","","","","","","","","","","","","","","","","","","","","","","","",96,1,"","","","","","","","","","","","",7.2,1,1024.4,1,1005.4,1,"","","",1,0,1,"","",0,1,0,1,0,1,"","","","","","","","","","","","","","","","","","","","","","","","",2500,1,"","",12,1,0,1,"","",0,1,"","","","","","","","","","","","","","","","","","","","","","","","","","","","","","","","","","","","","","","","","","","","","","","","","","","","","","","","","","","","","",""
"31069001","TOULOUSE-BLAGNAC",43.621,1.378833,151,1968101709,"","","","",0.,1,0,1,"","","","","","","","","","","","","","","","","","","","","","","","","","","","",4.8,1,4.8,1,"","","","","","","","","","","","","","","","","","","","","","","","","","",100,1,"","","","","","","","","","","","",8.6,1,1025.3,1,1006.4,1,"","","",1,8,1,8,1,6,1,"","","","","","","","","","","","","","","","","","","","","","","","","","","","",200,1,"","",46,1,4,1,"","","","","","","","","","","","","","","","","","","","","","","","","","","","","","","","","","","","","","","","","","","","","","","","","","","","","","","","","","","","","","","","","",""
"31069001","TOULOUSE-BLAGNAC",43.621,1.378833,151,1968101712,"","","","",1.,1,340,1,"","","","","","","","","","","","","","","","","","","","","","","","","","","","",12.,1,8.4,1,"","","","","","","","","","","","","","","","","","","","","","","","","","",80,1,"","","","","","","","","","","","",11.2,1,1023.8,1,1005.4,1,"","","",1,3,1,0,1,0,1,0,1,1,1,"","","","","","","","","","","","","","","","","","","","","","","","",6000,1,"","",28,1,4,1,"","","","","","","","","","","","","","","","","","","","","","","","","","","","","","","","","","","","","","","","","","","","","","","","","","","","","","","","","","","","","","","","","",""
"31069001","TOULOUSE-BLAGNAC",43.621,1.378833,151,1968101715,"","","","",0.,1,0,1,"","","","","","","","","","","","","","","","","","","","","","","","","","","","",18.3,1,6.4,1,"","","","","","","","","","","","","","","","","","","","","","","","","","",46,1,"","","","","","","","","","","","",9.7,1,1021.9,1,1004.,1,"","","",1,3,1,0,1,0,1,0,1,1,1,"","","","","","","","","","","","","","","","","","","","","","","","",30000,1,"","",2,1,0,1,"","","","","","","","","","","","","","","","","","","","","","","","","","","","","","","","","","","","","","","","","","","","","","","","","","","","","","","","","","","","","","","","","",""
"31069001","TOULOUSE-BLAGNAC",43.621,1.378833,151,1968101718,"","","","",0.,1,0,1,"","","","","","","","","","","","","","","","","","","","","","","","","","","","",12.6,1,7.1,1,"","","","","","","","","","","","","","","","","","","","","","","","","","",70,1,"","","","","","","","","","","","",10.2,1,1021.2,1,1002.9,1,"","","",1,3,1,0,1,0,1,0,1,2,1,"","","","","","","","","","","","","","","","","","","","","","","","",15000,1,"","",1,1,0,1,"","","","","","","","","","","","","","","","","","","","","","","","","","","","","","","","","","","","","","","","","","","","","","","","","","","","","","","","","","","","","","","","","",""
"31069001","TOULOUSE-BLAGNAC",43.621,1.378833,151,1968101721,"","","","",3.,1,140,1,"","","","","","","","","","","","","","","","","","","","","","","","","","","","",12.5,1,3.7,1,"","","","","","","","","","","","","","","","","","","","","","","","","","",55,1,"","","","","","","","","","","","",8.,1,1021.3,1,1003.,1,"","","",1,7,1,7,1,0,1,0,1,2,1,"","","","","","","","","","","","","","","","","","","","","","","","",20000,1,"","",3,1,1,1,"","","","","","","","","","","","","","","","","","","","","","","","","","","","","","","","","","","","","","","","","","","","","","","","","","","","","","","","","","","","","","","","","",""
"31069001","TOULOUSE-BLAGNAC",43.621,1.378833,151,1968101800,"","","","",3.,1,160,1,"","","","","","","","","","","","","","","","","","","","","","","","","","","","",10.5,1,3.8,1,"","","","","","","","","","","","","","","","","","","","","","","","","","",64,1,"","","","","","","","","","","","",8.1,1,1021.3,1,1002.9,1,"","","",1,0,1,"","",0,1,0,1,0,1,"","","","","","","","","","","","","","","","","","","","","","","","",20000,1,"","",1,1,1,1,"","","","","","","","","","","","","","","","","","","","","","","","","","","","","","","","","","","","","","","","","","","","","","","","","","","","","","","","","","","","","","","","","",""
"31069001","TOULOUSE-BLAGNAC",43.621,1.378833,151,1968101803,"","","","",2.,1,140,1,"","","","","","","","","","","","","","","","","","","","","","","","","","","","",12.1,1,5.6,1,"","","","","","","","","","","","","","","","","","","","","","","","","","",65,1,"","","","","","","","","","","","",9.2,1,1020.6,1,1002.3,1,"","","",1,0,1,"","",0,1,0,1,0,1,"","","","","","","","","","","","","","","","","","","","","","","","",20000,1,"","",2,1,0,1,"","","","","","","","","","","","","","","","","","","","","","","","","","","","","","","","","","","","","","","","","","","","","","","","","","","","","","","","","","","","","","","","","",""
"31069001","TOULOUSE-BLAGNAC",43.621,1.378833,151,1968101806,"","","","",1.,1,180,1,"","","","","","","","","","","","","","","","","","","","","","","","","","","","",8.,1,5.5,1,"","","","","","","","","","","","","","","","","","","","","","","","","","",85,1,"","","","","","","","","","","","",9.1,1,1020.7,1,1002.1,1,"","","",1,2,1,0,1,0,1,0,1,2,1,"","","","","","","","","","","","","","","","","","","","","","","","",20000,1,"","",3,1,0,1,"","",0,1,"","","","","","","","","","","","","","","","","","","","","","","","","","","","","","","","","","","","","","","","","","","","","","","","","","","","","","","","","","","","","",""
"31069001","TOULOUSE-BLAGNAC",43.621,1.378833,151,1968101809,"","","","",6.,1,140,1,"","","","","","","","","","","","","","","","","","","","","","","","","","","","",16.3,1,9.9,1,"","","","","","","","","","","","","","","","","","","","","","","","","","",67,1,"","","","","","","","","","","","",12.4,1,1021.2,1,1003.2,1,"","","",1,5,1,5,1,0,1,0,1,2,1,"","","","","","","","","","","","","","","","","","","","","","","","",15000,1,"","",3,1,1,1,"","","","","","","","","","","","","","","","","","","","","","","","","","","","","","","","","","","","","","","","","","","","","","","","","","","","","","","","","","","","","","","","","",""
"31069001","TOULOUSE-BLAGNAC",43.621,1.378833,151,1968101812,"","","","",3.,1,140,1,"","","","","","","","","","","","","","","","","","","","","","","","","","","","",21.7,1,11.,1,"","","","","","","","","","","","","","","","","","","","","","","","","","",52,1,"","","","","","","","","","","","",13.4,1,1020.6,1,1002.9,1,"","","",1,6,1,6,1,0,1,0,1,5,1,"","","","","","","","","","","","","","","","","","","","","","","","",20000,1,"","",3,1,2,1,"","","","","","","","","","","","","","","","","","","","","","","","","","","","","","","","","","","","","","","","","","","","","","","","","","","","","","","","","","","","","","","","","",""
"31069001","TOULOUSE-BLAGNAC",43.621,1.378833,151,1968101815,"","","","",1.,1,100,1,"","","","","","","","","","","","","","","","","","","","","","","","","","","","",22.9,1,11.7,1,"","","","","","","","","","","","","","","","","","","","","","","","","","",51,1,"","","","","","","","","","","","",14.1,1,1020.4,1,1002.8,1,"","","",1,7,1,7,1,0,1,4,1,6,1,"","","","","","","","","","","","","","","","","","","","","","","","",20000,1,"","",3,1,2,1,"","","","","","","","","","","","","","","","","","","","","","","","","","","","","","","","","","","","","","","","","","","","","","","","","","","","","","","","","","","","","","","","","",""
"31069001","TOULOUSE-BLAGNAC",43.621,1.378833,151,1968101818,"","","","",0.,1,0,1,"","","","","","","","","","","","","","","","","","","","","","","","","","","","",18.8,1,11.6,1,"","","","","","","","","","","","","","","","","","","","","","","","","","",65,1,"","","","","","","","","","","","",14.,1,1022.1,1,1004.2,1,"","","",1,8,1,8,1,0,1,7,1,"","","","","","","","","","","","","","","","","","","","","","","","","","",10000,1,"","",3,1,2,1,"","","","","","","","","","","","","","","","","","","","","","","","","","","","","","","","","","","","","","","","","","","","","","","","","","","","","","","","","","","","","","","","","",""
"31069001","TOULOUSE-BLAGNAC",43.621,1.378833,151,1968101821,"","","","",2.,1,180,1,"","","","","","","","","","","","","","","","","","","","","","","","","","","","",16.3,1,13.,1,"","","","","","","","","","","","","","","","","","","","","","","","","","",83,1,"","","","","","","","","","","","",15.3,1,1023.5,1,1005.4,1,"","","",1,8,1,8,1,0,1,7,1,"","","","","","","","","","","","","","","","","","","","","","","","","","",10000,1,"","",21,1,6,1,"","","","","","","","","","","","","","","","","","","","","","","","","","","","","","","","","","","","","","","","","","","","","","","","","","","","","","","","","","","","","","","","","",""
"31069001","TOULOUSE-BLAGNAC",43.621,1.378833,151,1968101900,"","","","",0.,1,0,1,"","","","","","","","","","","","","","","","","","","","","","","","","","","","",15.3,1,13.7,1,"","","","","","","","","","","","","","","","","","","","","","","","","","",92,1,"","","","","","","","","","","","",16.1,1,1023.5,1,1005.4,1,"","","",1,8,1,8,1,0,1,7,1,"","","","","","","","","","","","","","","","","","","","","","","","","","",10000,1,"","",60,1,6,1,"","","","","","","","","","","","","","","","","","","","","","","","","","","","","","","","","","","","","","","","","","","","","","","","","","","","","","","","","","","","","","","","","",""
"31069001","TOULOUSE-BLAGNAC",43.621,1.378833,151,1968101903,"","","","",0.,1,0,1,"","","","","","","","","","","","","","","","","","","","","","","","","","","","",13.9,1,12.7,1,"","","","","","","","","","","","","","","","","","","","","","","","","","",94,1,"","","","","","","","","","","","",15.,1,1023.4,1,1005.2,1,"","","",1,8,1,8,1,0,1,7,1,"","","","","","","","","","","","","","","","","","","","","","","","","","",8000,1,"","",2,1,6,1,"","","","","","","","","","","","","","","","","","","","","","","","","","","","","","","","","","","","","","","","","","","","","","","","","","","","","","","","","","","","","","","","","",""
"31069001","TOULOUSE-BLAGNAC",43.621,1.378833,151,1968101906,"","","","",0.,1,0,1,"","","","","","","","","","","","","","","","","","","","","","","","","","","","",11.8,1,10.7,1,"","","","","","","","","","","","","","","","","","","","","","","","","","",95,1,"","","","","","","","","","","","",13.1,1,1023.4,1,1005.1,1,"","","",1,5,1,5,1,0,1,3,1,0,1,"","","","","","","","","","","","","","","","","","","","","","","","",6000,1,"","",11,1,6,1,"","",1,1,"","","","","","","","","","","","","","","","","","","","","","","","","","","","","","","","","","","","","","","","","","","","","","","","","","","","","","","","","","","","","",""
"31069001","TOULOUSE-BLAGNAC",43.621,1.378833,151,1968101909,"","","","",0.,1,0,1,"","","","","","","","","","","","","","","","","","","","","","","","","","","","",17.5,1,14.6,1,"","","","","","","","","","","","","","","","","","","","","","","","","","",86,1,"","","","","","","","","","","","",17.1,1,1024.4,1,1006.4,1,"","","",1,0,1,"","",0,1,0,1,0,1,"","","","","","","","","","","","","","","","","","","","","","","","",8000,1,"","",1,1,1,1,"","","","","","","","","","","","","","","","","","","","","","","","","","","","","","","","","","","","","","","","","","","","","","","","","","","","","","","","","","","","","","","","","",""
"31069001","TOULOUSE-BLAGNAC",43.621,1.378833,151,1968101912,"","","","",0.,1,0,1,"","","","","","","","","","","","","","","","","","","","","","","","","","","","",23.3,1,12.5,1,"","","","","","","","","","","","","","","","","","","","","","","","","","",51,1,"","","","","","","","","","","","",14.8,1,1023.5,1,1005.9,1,"","","",1,1,1,0,1,0,1,0,1,2,1,"","","","","","","","","","","","","","","","","","","","","","","","",15000,1,"","",2,1,1,1,"","","","","","","","","","","","","","","","","","","","","","","","","","","","","","","","","","","","","","","","","","","","","","","","","","","","","","","","","","","","","","","","","",""
"31069001","TOULOUSE-BLAGNAC",43.621,1.378833,151,1968101915,"","","","",3.,1,340,1,"","","","","","","","","","","","","","","","","","","","","","","","","","","","",23.7,1,12.2,1,"","","","","","","","","","","","","","","","","","","","","","","","","","",49,1,"","","","","","","","","","","","",14.5,1,1022.2,1,1004.6,1,"","","",1,0,1,"","",0,1,0,1,0,1,"","","","","","","","","","","","","","","","","","","","","","","","",20000,1,"","",2,1,0,1,"","","","","","","","","","","","","","","","","","","","","","","","","","","","","","","","","","","","","","","","","","","","","","","","","","","","","","","","","","","","","","","","","",""
"31069001","TOULOUSE-BLAGNAC",43.621,1.378833,151,1968101918,"","","","",0.,1,0,1,"","","","","","","","","","","","","","","","","","","","","","","","","","","","",16.4,1,10.4,1,"","","","","","","","","","","","","","","","","","","","","","","","","","",69,1,"","","","","","","","","","","","",12.9,1,1023.3,1,1005.2,1,"","","",1,0,1,"","",0,1,0,1,0,1,"","","","","","","","","","","","","","","","","","","","","","","","",15000,1,"","",2,1,0,1,"","","","","","","","","","","","","","","","","","","","","","","","","","","","","","","","","","","","","","","","","","","","","","","","","","","","","","","","","","","","","","","","","",""
"31069001","TOULOUSE-BLAGNAC",43.621,1.378833,151,1968101921,"","","","",0.,1,0,1,"","","","","","","","","","","","","","","","","","","","","","","","","","","","",10.7,1,8.7,1,"","","","","","","","","","","","","","","","","","","","","","","","","","",89,1,"","","","","","","","","","","","",11.4,1,1025.,1,1006.5,1,"","","",1,0,1,"","",0,1,0,1,0,1,"","","","","","","","","","","","","","","","","","","","","","","","",10000,1,"","",2,1,0,1,"","","","","","","","","","","","","","","","","","","","","","","","","","","","","","","","","","","","","","","","","","","","","","","","","","","","","","","","","","","","","","","","","",""
"31069001","TOULOUSE-BLAGNAC",43.621,1.378833,151,1968102000,"","","","",2.,1,180,1,"","","","","","","","","","","","","","","","","","","","","","","","","","","","",7.9,1,6.6,1,"","","","","","","","","","","","","","","","","","","","","","","","","","",93,1,"","","","","","","","","","","","",9.9,1,1025.7,1,1007.,1,"","","",1,0,1,"","",0,1,0,1,0,1,"","","","","","","","","","","","","","","","","","","","","","","","",6000,1,"","",2,1,0,1,"","","","","","","","","","","","","","","","","","","","","","","","","","","","","","","","","","","","","","","","","","","","","","","","","","","","","","","","","","","","","","","","","",""
"31069001","TOULOUSE-BLAGNAC",43.621,1.378833,151,1968102003,"","","","",0.,1,0,1,"","","","","","","","","","","","","","","","","","","","","","","","","","","","",7.8,1,6.8,1,"","","","","","","","","","","","","","","","","","","","","","","","","","",94,1,"","","","","","","","","","","","",10.,1,1025.2,1,1006.5,1,"","","",1,0,1,"","",0,1,0,1,0,1,"","","","","","","","","","","","","","","","","","","","","","","","",5000,1,"","",2,1,0,1,"","","","","","","","","","","","","","","","","","","","","","","","","","","","","","","","","","","","","","","","","","","","","","","","","","","","","","","","","","","","","","","","","",""
"31069001","TOULOUSE-BLAGNAC",43.621,1.378833,151,1968102006,"","","","",0.,1,0,1,"","","","","","","","","","","","","","","","","","","","","","","","","","","","",7.2,1,6.4,1,"","","","","","","","","","","","","","","","","","","","","","","","","","",96,1,"","","","","","","","","","","","",9.7,1,1025.1,1,1006.4,1,"","","",1,1,1,0,1,6,1,0,1,0,1,"","","","","","","","","","","","","","","","","","","","","","","","",4000,1,"","",10,1,0,1,"","",0,1,"","","","","","","","","","","","","","","","","","","","","","","","","","","","","","","","","","","","","","","","","","","","","","","","","","","","","","","","","","","","","",""
"31069001","TOULOUSE-BLAGNAC",43.621,1.378833,151,1968102009,"","","","",5.,1,120,1,"","","","","","","","","","","","","","","","","","","","","","","","","","","","",18.7,1,13.3,1,"","","","","","","","","","","","","","","","","","","","","","","","","","",71,1,"","","","","","","","","","","","",15.7,1,1025.3,1,1007.4,1,"","","",1,1,1,0,1,0,1,0,1,1,1,"","","","","","","","","","","","","","","","","","","","","","","","",8000,1,"","",2,1,0,1,"","","","","","","","","","","","","","","","","","","","","","","","","","","","","","","","","","","","","","","","","","","","","","","","","","","","","","","","","","","","","","","","","",""
"31069001","TOULOUSE-BLAGNAC",43.621,1.378833,151,1968102012,"","","","",5.,1,140,1,"","","","","","","","","","","","","","","","","","","","","","","","","","","","",22.6,1,12.7,1,"","","","","","","","","","","","","","","","","","","","","","","","","","",55,1,"","","","","","","","","","","","",15.,1,1024.4,1,1006.7,1,"","","",1,0,1,"","",0,1,0,1,0,1,"","","","","","","","","","","","","","","","","","","","","","","","",20000,1,"","",1,1,0,1,"","","","","","","","","","","","","","","","","","","","","","","","","","","","","","","","","","","","","","","","","","","","","","","","","","","","","","","","","","","","","","","","","",""
"31069001","TOULOUSE-BLAGNAC",43.621,1.378833,151,1968102015,"","","","",5.,1,120,1,"","","","","","","","","","","","","","","","","","","","","","","","","","","","",23.2,1,10.2,1,"","","","","","","","","","","","","","","","","","","","","","","","","","",45,1,"","","","","","","","","","","","",12.7,1,1023.2,1,1005.6,1,"","","",1,0,1,"","",0,1,0,1,0,1,"","","","","","","","","","","","","","","","","","","","","","","","",20000,1,"","",2,1,0,1,"","","","","","","","","","","","","","","","","","","","","","","","","","","","","","","","","","","","","","","","","","","","","","","","","","","","","","","","","","","","","","","","","",""
"31069001","TOULOUSE-BLAGNAC",43.621,1.378833,151,1968102018,"","","","",4.,1,120,1,"","","","","","","","","","","","","","","","","","","","","","","","","","","","",18.,1,9.5,1,"","","","","","","","","","","","","","","","","","","","","","","","","","",59,1,"","","","","","","","","","","","",12.1,1,1023.9,1,1005.9,1,"","","",1,0,1,"","",0,1,0,1,0,1,"","","","","","","","","","","","","","","","","","","","","","","","",20000,1,"","",2,1,0,1,"","","","","","","","","","","","","","","","","","","","","","","","","","","","","","","","","","","","","","","","","","","","","","","","","","","","","","","","","","","","","","","","","",""
"31069001","TOULOUSE-BLAGNAC",43.621,1.378833,151,1968102021,"","","","",4.,1,140,1,"","","","","","","","","","","","","","","","","","","","","","","","","","","","",15.3,1,10.6,1,"","","","","","","","","","","","","","","","","","","","","","","","","","",75,1,"","","","","","","","","","","","",13.,1,1025.2,1,1007.,1,"","","",1,0,1,"","",0,1,0,1,0,1,"","","","","","","","","","","","","","","","","","","","","","","","",20000,1,"","",2,1,0,1,"","","","","","","","","","","","","","","","","","","","","","","","","","","","","","","","","","","","","","","","","","","","","","","","","","","","","","","","","","","","","","","","","",""
"31069001","TOULOUSE-BLAGNAC",43.621,1.378833,151,1968102100,"","","","",2.,1,140,1,"","","","","","","","","","","","","","","","","","","","","","","","","","","","",15.,1,11.3,1,"","","","","","","","","","","","","","","","","","","","","","","","","","",81,1,"","","","","","","","","","","","",13.7,1,1024.8,1,1006.6,1,"","","",1,0,1,"","",0,1,0,1,0,1,"","","","","","","","","","","","","","","","","","","","","","","","",20000,1,"","",2,1,0,1,"","","","","","","","","","","","","","","","","","","","","","","","","","","","","","","","","","","","","","","","","","","","","","","","","","","","","","","","","","","","","","","","","",""
"31069001","TOULOUSE-BLAGNAC",43.621,1.378833,151,1968102103,"","","","",4.,1,140,1,"","","","","","","","","","","","","","","","","","","","","","","","","","","","",14.9,1,11.6,1,"","","","","","","","","","","","","","","","","","","","","","","","","","",83,1,"","","","","","","","","","","","",14.,1,1024.4,1,1006.2,1,"","","",1,0,1,"","",0,1,0,1,0,1,"","","","","","","","","","","","","","","","","","","","","","","","",20000,1,"","",2,1,0,1,"","","","","","","","","","","","","","","","","","","","","","","","","","","","","","","","","","","","","","","","","","","","","","","","","","","","","","","","","","","","","","","","","",""
"31069001","TOULOUSE-BLAGNAC",43.621,1.378833,151,1968102106,"","","","",5.,1,140,1,"","","","","","","","","","","","","","","","","","","","","","","","","","","","",14.8,1,11.6,1,"","","","","","","","","","","","","","","","","","","","","","","","","","",84,1,"","","","","","","","","","","","",14.,1,1024.7,1,1006.5,1,"","","",1,0,1,"","",0,1,0,1,0,1,"","","","","","","","","","","","","","","","","","","","","","","","",20000,1,"","",2,1,0,1,"","",0,1,"","","","","","","","","","","","","","","","","","","","","","","","","","","","","","","","","","","","","","","","","","","","","","","","","","","","","","","","","","","","","",""
"31069001","TOULOUSE-BLAGNAC",43.621,1.378833,151,1968102109,"","","","",7.,1,140,1,"","","","","","","","","","","","","","","","","","","","","","","","","","","","",18.1,1,12.9,1,"","","","","","","","","","","","","","","","","","","","","","","","","","",73,1,"","","","","","","","","","","","",15.2,1,1025.8,1,1007.8,1,"","","",1,1,1,0,1,0,1,0,1,2,1,"","","","","","","","","","","","","","","","","","","","","","","","",30000,1,"","",2,1,0,1,"","","","","","","","","","","","","","","","","","","","","","","","","","","","","","","","","","","","","","","","","","","","","","","","","","","","","","","","","","","","","","","","","",""
"31069001","TOULOUSE-BLAGNAC",43.621,1.378833,151,1968102112,"","","","",7.,1,140,1,"","","","","","","","","","","","","","","","","","","","","","","","","","","","",21.6,1,12.7,1,"","","","","","","","","","","","","","","","","","","","","","","","","","",58,1,"","","","","","","","","","","","",15.,1,1025.1,1,1007.3,1,"","","",1,1,1,0,1,0,1,0,1,1,1,"","","","","","","","","","","","","","","","","","","","","","","","",30000,1,"","",2,1,0,1,"","","","","","","","","","","","","","","","","","","","","","","","","","","","","","","","","","","","","","","","","","","","","","","","","","","","","","","","","","","","","","","","","",""
"31069001","TOULOUSE-BLAGNAC",43.621,1.378833,151,1968102115,"","","","",4.,1,120,1,"","","","","","","","","","","","","","","","","","","","","","","","","","","","",21.3,1,12.5,1,"","","","","","","","","","","","","","","","","","","","","","","","","","",58,1,"","","","","","","","","","","","",14.8,1,1024.4,1,1006.6,1,"","","",1,5,1,5,1,0,1,0,1,2,1,"","","","","","","","","","","","","","","","","","","","","","","","",20000,1,"","",3,1,1,1,"","","","","","","","","","","","","","","","","","","","","","","","","","","","","","","","","","","","","","","","","","","","","","","","","","","","","","","","","","","","","","","","","",""
"31069001","TOULOUSE-BLAGNAC",43.621,1.378833,151,1968102118,"","","","",4.,1,140,1,"","","","","","","","","","","","","","","","","","","","","","","","","","","","",17.6,1,11.7,1,"","","","","","","","","","","","","","","","","","","","","","","","","","",70,1,"","","","","","","","","","","","",14.1,1,1024.6,1,1006.6,1,"","","",1,5,1,5,1,0,1,0,1,1,1,"","","","","","","","","","","","","","","","","","","","","","","","",8000,1,"","",2,1,1,1,"","","","","","","","","","","","","","","","","","","","","","","","","","","","","","","","","","","","","","","","","","","","","","","","","","","","","","","","","","","","","","","","","",""
"31069001","TOULOUSE-BLAGNAC",43.621,1.378833,151,1968102121,"","","","",4.,1,140,1,"","","","","","","","","","","","","","","","","","","","","","","","","","","","",15.3,1,11.5,1,"","","","","","","","","","","","","","","","","","","","","","","","","","",80,1,"","","","","","","","","","","","",13.9,1,1025.6,1,1007.4,1,"","","",1,3,1,0,1,0,1,0,1,2,1,"","","","","","","","","","","","","","","","","","","","","","","","",6000,1,"","",1,1,1,1,"","","","","","","","","","","","","","","","","","","","","","","","","","","","","","","","","","","","","","","","","","","","","","","","","","","","","","","","","","","","","","","","","",""
"31069001","TOULOUSE-BLAGNAC",43.621,1.378833,151,1968102200,"","","","",0.,1,0,1,"","","","","","","","","","","","","","","","","","","","","","","","","","","","",12.2,1,10.8,1,"","","","","","","","","","","","","","","","","","","","","","","","","","",93,1,"","","","","","","","","","","","",13.2,1,1025.5,1,1007.1,1,"","","",1,0,1,"","",0,1,0,1,0,1,"","","","","","","","","","","","","","","","","","","","","","","","",5000,1,"","",1,1,0,1,"","","","","","","","","","","","","","","","","","","","","","","","","","","","","","","","","","","","","","","","","","","","","","","","","","","","","","","","","","","","","","","","","",""
"31069001","TOULOUSE-BLAGNAC",43.621,1.378833,151,1968102203,"","","","",0.,1,0,1,"","","","","","","","","","","","","","","","","","","","","","","","","","","","",10.2,1,9.2,1,"","","","","","","","","","","","","","","","","","","","","","","","","","",95,1,"","","","","","","","","","","","",11.8,1,1025.4,1,1006.9,1,"","","",1,0,1,"","",0,1,0,1,0,1,"","","","","","","","","","","","","","","","","","","","","","","","",4000,1,"","",11,1,0,1,"","","","","","","","","","","","","","","","","","","","","","","","","","","","","","","","","","","","","","","","","","","","","","","","","","","","","","","","","","","","","","","","","",""
"31069001","TOULOUSE-BLAGNAC",43.621,1.378833,151,1968102206,"","","","",0.,1,0,1,"","","","","","","","","","","","","","","","","","","","","","","","","","","","",8.,1,7.3,1,"","","","","","","","","","","","","","","","","","","","","","","","","","",97,1,"","","","","","","","","","","","",10.4,1,1025.2,1,1006.6,1,"","","",1,0,1,"","",0,1,0,1,0,1,"","","","","","","","","","","","","","","","","","","","","","","","",200,1,"","",46,1,0,1,"","",1,1,"","","","","","","","","","","","","","","","","","","","","","","","","","","","","","","","","","","","","","","","","","","","","","","","","","","","","","","","","","","","","",""
"31069001","TOULOUSE-BLAGNAC",43.621,1.378833,151,1968102209,"","","","",1.,1,180,1,"","","","","","","","","","","","","","","","","","","","","","","","","","","","",10.9,1,10.2,1,"","","","","","","","","","","","","","","","","","","","","","","","","","",97,1,"","","","","","","","","","","","",12.7,1,1024.8,1,1006.4,1,"","","",1,0,1,"","",0,1,0,1,0,1,"","","","","","","","","","","","","","","","","","","","","","","","",500,1,"","",42,1,4,1,"","","","","","","","","","","","","","","","","","","","","","","","","","","","","","","","","","","","","","","","","","","","","","","","","","","","","","","","","","","","","","","","","",""
"31069001","TOULOUSE-BLAGNAC",43.621,1.378833,151,1968102212,"","","","",1.,1,120,1,"","","","","","","","","","","","","","","","","","","","","","","","","","","","",21.,1,13.6,1,"","","","","","","","","","","","","","","","","","","","","","","","","","",64,1,"","","","","","","","","","","","",16.,1,1023.1,1,1005.3,1,"","","",1,0,1,"","",0,1,0,1,0,1,"","","","","","","","","","","","","","","","","","","","","","","","",8000,1,"","",2,1,4,1,"","","","","","","","","","","","","","","","","","","","","","","","","","","","","","","","","","","","","","","","","","","","","","","","","","","","","","","","","","","","","","","","","",""
"31069001","TOULOUSE-BLAGNAC",43.621,1.378833,151,1968102215,"","","","",0.,1,0,1,"","","","","","","","","","","","","","","","","","","","","","","","","","","","",24.7,1,13.6,1,"","","","","","","","","","","","","","","","","","","","","","","","","","",51,1,"","","","","","","","","","","","",16.,1,1021.2,1,1003.7,1,"","","",1,2,1,0,1,0,1,0,1,1,1,"","","","","","","","","","","","","","","","","","","","","","","","",15000,1,"","",2,1,0,1,"","","","","","","","","","","","","","","","","","","","","","","","","","","","","","","","","","","","","","","","","","","","","","","","","","","","","","","","","","","","","","","","","",""
"31069001","TOULOUSE-BLAGNAC",43.621,1.378833,151,1968102218,"","","","",0.,1,0,1,"","","","","","","","","","","","","","","","","","","","","","","","","","","","",18.3,1,14.,1,"","","","","","","","","","","","","","","","","","","","","","","","","","",78,1,"","","","","","","","","","","","",16.4,1,1021.3,1,1003.4,1,"","","",1,0,1,"","",0,1,0,1,0,1,"","","","","","","","","","","","","","","","","","","","","","","","",5000,1,"","",1,1,0,1,"","","","","","","","","","","","","","","","","","","","","","","","","","","","","","","","","","","","","","","","","","","","","","","","","","","","","","","","","","","","","","","","","",""
"31069001","TOULOUSE-BLAGNAC",43.621,1.378833,151,1968102221,"","","","",0.,1,0,1,"","","","","","","","","","","","","","","","","","","","","","","","","","","","",13.8,1,11.6,1,"","","","","","","","","","","","","","","","","","","","","","","","","","",89,1,"","","","","","","","","","","","",14.,1,1021.9,1,1003.7,1,"","","",1,0,1,"","",0,1,0,1,0,1,"","","","","","","","","","","","","","","","","","","","","","","","",8000,1,"","",2,1,0,1,"","","","","","","","","","","","","","","","","","","","","","","","","","","","","","","","","","","","","","","","","","","","","","","","","","","","","","","","","","","","","","","","","",""
"31069001","TOULOUSE-BLAGNAC",43.621,1.378833,151,1968102300,"","","","",1.,1,160,1,"","","","","","","","","","","","","","","","","","","","","","","","","","","","",11.6,1,10.6,1,"","","","","","","","","","","","","","","","","","","","","","","","","","",95,1,"","","","","","","","","","","","",13.,1,1021.3,1,1003.,1,"","","",1,0,1,"","",0,1,0,1,0,1,"","","","","","","","","","","","","","","","","","","","","","","","",5000,1,"","",2,1,0,1,"","","","","","","","","","","","","","","","","","","","","","","","","","","","","","","","","","","","","","","","","","","","","","","","","","","","","","","","","","","","","","","","","",""
"31069001","TOULOUSE-BLAGNAC",43.621,1.378833,151,1968102303,"","","","",2.,1,160,1,"","","","","","","","","","","","","","","","","","","","","","","","","","","","",10.5,1,9.9,1,"","","","","","","","","","","","","","","","","","","","","","","","","","",97,1,"","","","","","","","","","","","",12.4,1,1020.3,1,1001.9,1,"","","",1,0,1,"","",0,1,0,1,0,1,"","","","","","","","","","","","","","","","","","","","","","","","",2000,1,"","",10,1,0,1,"","","","","","","","","","","","","","","","","","","","","","","","","","","","","","","","","","","","","","","","","","","","","","","","","","","","","","","","","","","","","","","","","",""
"31069001","TOULOUSE-BLAGNAC",43.621,1.378833,151,1968102306,"","","","",0.,1,0,1,"","","","","","","","","","","","","","","","","","","","","","","","","","","","",9.7,1,9.7,1,"","","","","","","","","","","","","","","","","","","","","","","","","","",99,1,"","","","","","","","","","","","",11.8,1,1019.7,1,1001.3,1,"","","",1,9,1,"","","","","","","","","","","","","","","","","","","","","","","","","","","","","","","","",100,1,"","",47,1,4,1,"","",0,1,"","","","","","","","","","","","","","","","","","","","","","","","","","","","","","","","","","","","","","","","","","","","","","","","","","","","","","","","","","","","","",""
"31069001","TOULOUSE-BLAGNAC",43.621,1.378833,151,1968102309,"","","","",3.,1,160,1,"","","","","","","","","","","","","","","","","","","","","","","","","","","","",13.,1,12.3,1,"","","","","","","","","","","","","","","","","","","","","","","","","","",98,1,"","","","","","","","","","","","",14.6,1,1019.8,1,1001.6,1,"","","",1,8,1,8,1,6,1,"","","","","","","","","","","","","","","","","","","","","","","","","","","","",1200,1,"","",28,1,4,1,"","","","","","","","","","","","","","","","","","","","","","","","","","","","","","","","","","","","","","","","","","","","","","","","","","","","","","","","","","","","","","","","","",""
"31069001","TOULOUSE-BLAGNAC",43.621,1.378833,151,1968102312,"","","","",0.,1,0,1,"","","","","","","","","","","","","","","","","","","","","","","","","","","","",21.7,1,13.5,1,"","","","","","","","","","","","","","","","","","","","","","","","","","",61,1,"","","","","","","","","","","","",15.9,1,1017.2,1,999.6,1,"","","",1,0,1,"","",0,1,0,1,0,1,"","","","","","","","","","","","","","","","","","","","","","","","",8000,1,"","",2,1,4,1,"","","","","","","","","","","","","","","","","","","","","","","","","","","","","","","","","","","","","","","","","","","","","","","","","","","","","","","","","","","","","","","","","",""
"31069001","TOULOUSE-BLAGNAC",43.621,1.378833,151,1968102315,"","","","",0.,1,0,1,"","","","","","","","","","","","","","","","","","","","","","","","","","","","",24.6,1,14.3,1,"","","","","","","","","","","","","","","","","","","","","","","","","","",54,1,"","","","","","","","","","","","",16.7,1,1014.7,1,997.3,1,"","","",1,1,1,0,1,0,1,0,1,1,1,"","","","","","","","","","","","","","","","","","","","","","","","",10000,1,"","",2,1,0,1,"","","","","","","","","","","","","","","","","","","","","","","","","","","","","","","","","","","","","","","","","","","","","","","","","","","","","","","","","","","","","","","","","",""
"31069001","TOULOUSE-BLAGNAC",43.621,1.378833,151,1968102318,"","","","",3.,1,140,1,"","","","","","","","","","","","","","","","","","","","","","","","","","","","",17.8,1,12.9,1,"","","","","","","","","","","","","","","","","","","","","","","","","","",75,1,"","","","","","","","","","","","",15.2,1,1014.,1,996.2,1,"","","",1,3,1,0,1,0,1,0,1,2,1,"","","","","","","","","","","","","","","","","","","","","","","","",10000,1,"","",2,1,0,1,"","","","","","","","","","","","","","","","","","","","","","","","","","","","","","","","","","","","","","","","","","","","","","","","","","","","","","","","","","","","","","","","","",""
"31069001","TOULOUSE-BLAGNAC",43.621,1.378833,151,1968102321,"","","","",2.,1,140,1,"","","","","","","","","","","","","","","","","","","","","","","","","","","","",15.,1,12.7,1,"","","","","","","","","","","","","","","","","","","","","","","","","","",88,1,"","","","","","","","","","","","",15.,1,1013.7,1,995.7,1,"","","",1,0,1,"","",0,1,0,1,0,1,"","","","","","","","","","","","","","","","","","","","","","","","",10000,1,"","",2,1,0,1,"","","","","","","","","","","","","","","","","","","","","","","","","","","","","","","","","","","","","","","","","","","","","","","","","","","","","","","","","","","","","","","","","",""
"31069001","TOULOUSE-BLAGNAC",43.621,1.378833,151,1968102400,"","","","",5.,1,140,1,"","","","","","","","","","","","","","","","","","","","","","","","","","","","",14.8,1,12.4,1,"","","","","","","","","","","","","","","","","","","","","","","","","","",87,1,"","","","","","","","","","","","",14.7,1,1011.9,1,994.,1,"","","",1,3,1,0,1,0,1,0,1,2,1,"","","","","","","","","","","","","","","","","","","","","","","","",8000,1,"","",2,1,0,1,"","","","","","","","","","","","","","","","","","","","","","","","","","","","","","","","","","","","","","","","","","","","","","","","","","","","","","","","","","","","","","","","","",""
"31069001","TOULOUSE-BLAGNAC",43.621,1.378833,151,1968102403,"","","","",5.,1,140,1,"","","","","","","","","","","","","","","","","","","","","","","","","","","","",15.,1,12.7,1,"","","","","","","","","","","","","","","","","","","","","","","","","","",88,1,"","","","","","","","","","","","",15.,1,1009.7,1,991.8,1,"","","",1,5,1,5,1,0,1,0,1,2,1,"","","","","","","","","","","","","","","","","","","","","","","","",8000,1,"","",3,1,1,1,"","","","","","","","","","","","","","","","","","","","","","","","","","","","","","","","","","","","","","","","","","","","","","","","","","","","","","","","","","","","","","","","","",""
"31069001","TOULOUSE-BLAGNAC",43.621,1.378833,151,1968102406,"","","","",4.,1,140,1,"","","","","","","","","","","","","","","","","","","","","","","","","","","","",14.8,1,12.9,1,"","","","","","","","","","","","","","","","","","","","","","","","","","",90,1,"","","","","","","","","","","","",15.2,1,1008.,1,990.1,1,"","","",1,7,1,6,1,6,1,8,1,2,1,"","","","","","","","","","","","","","","","","","","","","","","","",5000,1,"","",3,1,1,1,"","",0,1,"","","","","","","","","","","","","","","","","","","","","","","","","","","","","","","","","","","","","","","","","","","","","","","","","","","","","","","","","","","","","",""
"31069001","TOULOUSE-BLAGNAC",43.621,1.378833,151,1968102409,"","","","",6.,1,140,1,"","","","","","","","","","","","","","","","","","","","","","","","","","","","",16.7,1,13.9,1,"","","","","","","","","","","","","","","","","","","","","","","","","","",86,1,"","","","","","","","","","","","",16.3,1,1007.1,1,989.4,1,"","","",1,8,1,6,1,6,1,8,1,"","","","","","","","","","","","","","","","","","","","","","","","","","",5000,1,"","",3,1,2,1,"","","","","","","","","","","","","","","","","","","","","","","","","","","","","","","","","","","","","","","","","","","","","","","","","","","","","","","","","","","","","","","","","",""
"31069001","TOULOUSE-BLAGNAC",43.621,1.378833,151,1968102412,"","","","",3.,1,140,1,"","","","","","","","","","","","","","","","","","","","","","","","","","","","",18.,1,14.4,1,"","","","","","","","","","","","","","","","","","","","","","","","","","",82,1,"","","","","","","","","","","","",16.9,1,1007.7,1,990.,1,"","","",1,8,1,6,1,5,1,7,1,"","","","","","","","","","","","","","","","","","","","","","","","","","",5000,1,"","",61,1,2,1,"","","","","","","","","","","","","","","","","","","","","","","","","","","","","","","","","","","","","","","","","","","","","","","","","","","","","","","","","","","","","","","","","",""
"31069001","TOULOUSE-BLAGNAC",43.621,1.378833,151,1968102415,"","","","",1.,1,20,1,"","","","","","","","","","","","","","","","","","","","","","","","","","","","",15.1,1,13.3,1,"","","","","","","","","","","","","","","","","","","","","","","","","","",91,1,"","","","","","","","","","","","",15.7,1,1006.4,1,988.6,1,"","","",1,7,1,6,1,5,1,"","","","","","","","","","","","","","","","","","","","","","","","","","","","",10000,1,"","",61,1,6,1,"","","","","","","","","","","","","","","","","","","","","","","","","","","","","","","","","","","","","","","","","","","","","","","","","","","","","","","","","","","","","","","","","",""
"31069001","TOULOUSE-BLAGNAC",43.621,1.378833,151,1968102418,"","","","",0.,1,0,1,"","","","","","","","","","","","","","","","","","","","","","","","","","","","",13.2,1,12.,1,"","","","","","","","","","","","","","","","","","","","","","","","","","",94,1,"","","","","","","","","","","","",14.3,1,1006.8,1,988.8,1,"","","",1,5,1,0,1,5,1,4,1,2,1,"","","","","","","","","","","","","","","","","","","","","","","","",10000,1,"","",2,1,6,1,"","","","","","","","","","","","","","","","","","","","","","","","","","","","","","","","","","","","","","","","","","","","","","","","","","","","","","","","","","","","","","","","","",""
"31069001","TOULOUSE-BLAGNAC",43.621,1.378833,151,1968102421,"","","","",0.,1,0,1,"","","","","","","","","","","","","","","","","","","","","","","","","","","","",13.4,1,12.4,1,"","","","","","","","","","","","","","","","","","","","","","","","","","",95,1,"","","","","","","","","","","","",14.7,1,1007.8,1,989.8,1,"","","",1,8,1,7,1,5,1,"","","","","","","","","","","","","","","","","","","","","","","","","","","","",8000,1,"","",29,1,9,1,"","","","","","","","","","","","","","","","","","","","","","","","","","","","","","","","","","","","","","","","","","","","","","","","","","","","","","","","","","","","","","","","","",""
"31069001","TOULOUSE-BLAGNAC",43.621,1.378833,151,1968102500,"","","","",6.,1,240,1,"","","","","","","","","","","","","","","","","","","","","","","","","","","","",11.8,1,10.2,1,"","","","","","","","","","","","","","","","","","","","","","","","","","",92,1,"","","","","","","","","","","","",12.7,1,1009.1,1,991.,1,"","","",1,8,1,7,1,5,1,"","","","","","","","","","","","","","","","","","","","","","","","","","","","",8000,1,"","",61,1,9,1,"","","","","","","","","","","","","","","","","","","","","","","","","","","","","","","","","","","","","","","","","","","","","","","","","","","","","","","","","","","","","","","","","",""
"31069001","TOULOUSE-BLAGNAC",43.621,1.378833,151,1968102503,"","","","",3.,1,180,1,"","","","","","","","","","","","","","","","","","","","","","","","","","","","",10.6,1,9.3,1,"","","","","","","","","","","","","","","","","","","","","","","","","","",94,1,"","","","","","","","","","","","",11.9,1,1009.1,1,990.9,1,"","","",1,3,1,0,1,5,1,0,1,0,1,"","","","","","","","","","","","","","","","","","","","","","","","",10000,1,"","",1,1,6,1,"","","","","","","","","","","","","","","","","","","","","","","","","","","","","","","","","","","","","","","","","","","","","","","","","","","","","","","","","","","","","","","","","",""
"31069001","TOULOUSE-BLAGNAC",43.621,1.378833,151,1968102506,"","","","",1.,1,200,1,"","","","","","","","","","","","","","","","","","","","","","","","","","","","",9.4,1,8.4,1,"","","","","","","","","","","","","","","","","","","","","","","","","","",95,1,"","","","","","","","","","","","",11.2,1,1009.2,1,990.9,1,"","","",1,6,1,0,1,8,1,0,1,0,1,"","","","","","","","","","","","","","","","","","","","","","","","",10000,1,"","",3,1,6,1,"","",2,1,"","","","","","","","","","","","","","","","","","","","","","","","","","","","","","","","","","","","","","","","","","","","","","","","","","","","","","","","","","","","","",""
"31069001","TOULOUSE-BLAGNAC",43.621,1.378833,151,1968102509,"","","","",2.,1,180,1,"","","","","","","","","","","","","","","","","","","","","","","","","","","","",12.2,1,11.2,1,"","","","","","","","","","","","","","","","","","","","","","","","","","",95,1,"","","","","","","","","","","","",13.6,1,1009.7,1,991.6,1,"","","",1,8,1,8,1,5,1,7,1,"","","","","","","","","","","","","","","","","","","","","","","","","","",10000,1,"","",61,1,8,1,"","","","","","","","","","","","","","","","","","","","","","","","","","","","","","","","","","","","","","","","","","","","","","","","","","","","","","","","","","","","","","","","","",""
"31069001","TOULOUSE-BLAGNAC",43.621,1.378833,151,1968102512,"","","","",3.,1,180,1,"","","","","","","","","","","","","","","","","","","","","","","","","","","","",16.8,1,11.,1,"","","","","","","","","","","","","","","","","","","","","","","","","","",70,1,"","","","","","","","","","","","",13.4,1,1008.5,1,990.7,1,"","","",1,7,1,5,1,2,1,7,1,2,1,"","","","","","","","","","","","","","","","","","","","","","","","",20000,1,"","",1,1,6,1,"","","","","","","","","","","","","","","","","","","","","","","","","","","","","","","","","","","","","","","","","","","","","","","","","","","","","","","","","","","","","","","","","",""
"31069001","TOULOUSE-BLAGNAC",43.621,1.378833,151,1968102515,"","","","",5.,1,260,1,"","","","","","","","","","","","","","","","","","","","","","","","","","","","",16.6,1,9.9,1,"","","","","","","","","","","","","","","","","","","","","","","","","","",66,1,"","","","","","","","","","","","",12.4,1,1008.3,1,990.5,1,"","","",1,7,1,7,1,8,1,7,1,"","","","","","","","","","","","","","","","","","","","","","","","","","",9000,1,"","",80,1,8,1,"","","","","","","","","","","","","","","","","","","","","","","","","","","","","","","","","","","","","","","","","","","","","","","","","","","","","","","","","","","","","","","","","",""
"31069001","TOULOUSE-BLAGNAC",43.621,1.378833,151,1968102518,"","","","",5.,1,240,1,"","","","","","","","","","","","","","","","","","","","","","","","","","","","",13.3,1,10.9,1,"","","","","","","","","","","","","","","","","","","","","","","","","","",87,1,"","","","","","","","","","","","",13.3,1,1009.6,1,991.6,1,"","","",1,7,1,7,1,8,1,7,1,"","","","","","","","","","","","","","","","","","","","","","","","","","",15000,1,"","",25,1,8,1,"","","","","","","","","","","","","","","","","","","","","","","","","","","","","","","","","","","","","","","","","","","","","","","","","","","","","","","","","","","","","","","","","",""
"31069001","TOULOUSE-BLAGNAC",43.621,1.378833,151,1968102521,"","","","",6.,1,240,1,"","","","","","","","","","","","","","","","","","","","","","","","","","","","",12.8,1,11.,1,"","","","","","","","","","","","","","","","","","","","","","","","","","",91,1,"","","","","","","","","","","","",13.4,1,1010.6,1,992.5,1,"","","",1,8,1,8,1,5,1,"","","","","","","","","","","","","","","","","","","","","","","","","","","","",10000,1,"","",60,1,8,1,"","","","","","","","","","","","","","","","","","","","","","","","","","","","","","","","","","","","","","","","","","","","","","","","","","","","","","","","","","","","","","","","","",""
"31069001","TOULOUSE-BLAGNAC",43.621,1.378833,151,1968102600,"","","","",5.,1,240,1,"","","","","","","","","","","","","","","","","","","","","","","","","","","","",12.8,1,11.,1,"","","","","","","","","","","","","","","","","","","","","","","","","","",91,1,"","","","","","","","","","","","",13.4,1,1011.,1,992.9,1,"","","",1,8,1,8,1,5,1,"","","","","","","","","","","","","","","","","","","","","","","","","","","","",10000,1,"","",2,1,6,1,"","","","","","","","","","","","","","","","","","","","","","","","","","","","","","","","","","","","","","","","","","","","","","","","","","","","","","","","","","","","","","","","","",""
"31069001","TOULOUSE-BLAGNAC",43.621,1.378833,151,1968102603,"","","","",6.,1,220,1,"","","","","","","","","","","","","","","","","","","","","","","","","","","","",12.6,1,11.,1,"","","","","","","","","","","","","","","","","","","","","","","","","","",92,1,"","","","","","","","","","","","",13.4,1,1010.7,1,992.6,1,"","","",1,6,1,6,1,5,1,0,1,0,1,"","","","","","","","","","","","","","","","","","","","","","","","",10000,1,"","",3,1,2,1,"","","","","","","","","","","","","","","","","","","","","","","","","","","","","","","","","","","","","","","","","","","","","","","","","","","","","","","","","","","","","","","","","",""
"31069001","TOULOUSE-BLAGNAC",43.621,1.378833,151,1968102606,"","","","",6.,1,220,1,"","","","","","","","","","","","","","","","","","","","","","","","","","","","",12.5,1,11.4,1,"","","","","","","","","","","","","","","","","","","","","","","","","","",95,1,"","","","","","","","","","","","",13.8,1,1010.7,1,992.6,1,"","","",1,8,1,7,1,8,1,"","","","","","","","","","","","","","","","","","","","","","","","","","","","",10000,1,"","",63,1,8,1,"","",2,1,"","","","","","","","","","","","","","","","","","","","","","","","","","","","","","","","","","","","","","","","","","","","","","","","","","","","","","","","","","","","","",""
"31069001","TOULOUSE-BLAGNAC",43.621,1.378833,151,1968102609,"","","","",5.,1,260,1,"","","","","","","","","","","","","","","","","","","","","","","","","","","","",13.7,1,11.9,1,"","","","","","","","","","","","","","","","","","","","","","","","","","",91,1,"","","","","","","","","","","","",14.2,1,1012.8,1,994.8,1,"","","",1,7,1,5,1,8,1,"","","","","","","","","","","","","","","","","","","","","","","","","","","","",30000,1,"","",2,1,6,1,"","","","","","","","","","","","","","","","","","","","","","","","","","","","","","","","","","","","","","","","","","","","","","","","","","","","","","","","","","","","","","","","","",""
"31069001","TOULOUSE-BLAGNAC",43.621,1.378833,151,1968102612,"","","","",5.,1,280,1,"","","","","","","","","","","","","","","","","","","","","","","","","","","","",16.8,1,12.2,1,"","","","","","","","","","","","","","","","","","","","","","","","","","",76,1,"","","","","","","","","","","","",14.5,1,1013.7,1,995.8,1,"","","",1,5,1,5,1,2,1,0,1,0,1,"","","","","","","","","","","","","","","","","","","","","","","","",30000,1,"","",2,1,6,1,"","","","","","","","","","","","","","","","","","","","","","","","","","","","","","","","","","","","","","","","","","","","","","","","","","","","","","","","","","","","","","","","","",""
"31069001","TOULOUSE-BLAGNAC",43.621,1.378833,151,1968102615,"","","","",3.,1,280,1,"","","","","","","","","","","","","","","","","","","","","","","","","","","","",16.8,1,12.2,1,"","","","","","","","","","","","","","","","","","","","","","","","","","",76,1,"","","","","","","","","","","","",14.5,1,1013.9,1,996.,1,"","","",1,5,1,5,1,2,1,0,1,0,1,"","","","","","","","","","","","","","","","","","","","","","","","",30000,1,"","",2,1,2,1,"","","","","","","","","","","","","","","","","","","","","","","","","","","","","","","","","","","","","","","","","","","","","","","","","","","","","","","","","","","","","","","","","",""
"31069001","TOULOUSE-BLAGNAC",43.621,1.378833,151,1968102618,"","","","",2.,1,300,1,"","","","","","","","","","","","","","","","","","","","","","","","","","","","",14.7,1,12.3,1,"","","","","","","","","","","","","","","","","","","","","","","","","","",87,1,"","","","","","","","","","","","",14.6,1,1015.5,1,997.5,1,"","","",1,6,1,6,1,5,1,0,1,0,1,"","","","","","","","","","","","","","","","","","","","","","","","",20000,1,"","",2,1,2,1,"","","","","","","","","","","","","","","","","","","","","","","","","","","","","","","","","","","","","","","","","","","","","","","","","","","","","","","","","","","","","","","","","",""
"31069001","TOULOUSE-BLAGNAC",43.621,1.378833,151,1968102621,"","","","",0.,1,0,1,"","","","","","","","","","","","","","","","","","","","","","","","","","","","",11.8,1,10.7,1,"","","","","","","","","","","","","","","","","","","","","","","","","","",95,1,"","","","","","","","","","","","",13.1,1,1016.,1,997.8,1,"","","",1,1,1,0,1,5,1,0,1,0,1,"","","","","","","","","","","","","","","","","","","","","","","","",15000,1,"","",12,1,1,1,"","","","","","","","","","","","","","","","","","","","","","","","","","","","","","","","","","","","","","","","","","","","","","","","","","","","","","","","","","","","","","","","","",""
"31069001","TOULOUSE-BLAGNAC",43.621,1.378833,151,1968102700,"","","","",1.,1,180,1,"","","","","","","","","","","","","","","","","","","","","","","","","","","","",9.3,1,8.7,1,"","","","","","","","","","","","","","","","","","","","","","","","","","",97,1,"","","","","","","","","","","","",11.4,1,1016.4,1,998.,1,"","","",1,0,1,"","",0,1,0,1,0,1,"","","","","","","","","","","","","","","","","","","","","","","","",4000,1,"","",11,1,1,1,"","","","","","","","","","","","","","","","","","","","","","","","","","","","","","","","","","","","","","","","","","","","","","","","","","","","","","","","","","","","","","","","","",""
"31069001","TOULOUSE-BLAGNAC",43.621,1.378833,151,1968102703,"","","","",2.,1,160,1,"","","","","","","","","","","","","","","","","","","","","","","","","","","","",7.6,1,7.6,1,"","","","","","","","","","","","","","","","","","","","","","","","","","",100,1,"","","","","","","","","","","","",10.4,1,1016.2,1,997.7,1,"","","",1,0,1,"","",0,1,0,1,0,1,"","","","","","","","","","","","","","","","","","","","","","","","",200,1,"","",46,1,0,1,"","","","","","","","","","","","","","","","","","","","","","","","","","","","","","","","","","","","","","","","","","","","","","","","","","","","","","","","","","","","","","","","","",""
"31069001","TOULOUSE-BLAGNAC",43.621,1.378833,151,1968102706,"","","","",0.,1,0,1,"","","","","","","","","","","","","","","","","","","","","","","","","","","","",8.2,1,8.2,1,"","","","","","","","","","","","","","","","","","","","","","","","","","",100,1,"","","","","","","","","","","","",10.9,1,1015.7,1,997.2,1,"","","",1,9,1,"","","","","","","","","","","","","","","","","","","","","","","","","","","","","","","","",80,1,"","",47,1,4,1,"","",1,1,"","","","","","","","","","","","","","","","","","","","","","","","","","","","","","","","","","","","","","","","","","","","","","","","","","","","","","","","","","","","","",""
"31069001","TOULOUSE-BLAGNAC",43.621,1.378833,151,1968102709,"","","","",0.,1,0,1,"","","","","","","","","","","","","","","","","","","","","","","","","","","","",9.4,1,9.4,1,"","","","","","","","","","","","","","","","","","","","","","","","","","",99,1,"","","","","","","","","","","","",11.6,1,1016.6,1,998.2,1,"","","",1,9,1,"","","","","","","","","","","","","","","","","","","","","","","","","","","","","","","","",90,1,"","",45,1,4,1,"","","","","","","","","","","","","","","","","","","","","","","","","","","","","","","","","","","","","","","","","","","","","","","","","","","","","","","","","","","","","","","","","",""
"31069001","TOULOUSE-BLAGNAC",43.621,1.378833,151,1968102712,"","","","",2.,1,140,1,"","","","","","","","","","","","","","","","","","","","","","","","","","","","",16.7,1,11.5,1,"","","","","","","","","","","","","","","","","","","","","","","","","","",73,1,"","","","","","","","","","","","",13.9,1,1015.1,1,997.2,1,"","","",1,3,1,0,1,0,1,0,1,1,1,"","","","","","","","","","","","","","","","","","","","","","","","",4500,1,"","",10,1,4,1,"","","","","","","","","","","","","","","","","","","","","","","","","","","","","","","","","","","","","","","","","","","","","","","","","","","","","","","","","","","","","","","","","",""
"31069001","TOULOUSE-BLAGNAC",43.621,1.378833,151,1968102715,"","","","",2.,1,140,1,"","","","","","","","","","","","","","","","","","","","","","","","","","","","",20.3,1,11.,1,"","","","","","","","","","","","","","","","","","","","","","","","","","",57,1,"","","","","","","","","","","","",13.4,1,1013.7,1,996.1,1,"","","",1,4,1,0,1,0,1,0,1,1,1,"","","","","","","","","","","","","","","","","","","","","","","","",30000,1,"","",1,1,1,1,"","","","","","","","","","","","","","","","","","","","","","","","","","","","","","","","","","","","","","","","","","","","","","","","","","","","","","","","","","","","","","","","","",""
"31069001","TOULOUSE-BLAGNAC",43.621,1.378833,151,1968102718,"","","","",2.,1,140,1,"","","","","","","","","","","","","","","","","","","","","","","","","","","","",15.2,1,10.8,1,"","","","","","","","","","","","","","","","","","","","","","","","","","",77,1,"","","","","","","","","","","","",13.2,1,1014.6,1,996.6,1,"","","",1,1,1,0,1,0,1,0,1,1,1,"","","","","","","","","","","","","","","","","","","","","","","","",20000,1,"","",2,1,1,1,"","","","","","","","","","","","","","","","","","","","","","","","","","","","","","","","","","","","","","","","","","","","","","","","","","","","","","","","","","","","","","","","","",""
"31069001","TOULOUSE-BLAGNAC",43.621,1.378833,151,1968102721,"","","","",2.,1,160,1,"","","","","","","","","","","","","","","","","","","","","","","","","","","","",12.9,1,11.1,1,"","","","","","","","","","","","","","","","","","","","","","","","","","",91,1,"","","","","","","","","","","","",13.5,1,1015.4,1,997.3,1,"","","",1,0,1,"","",0,1,0,1,0,1,"","","","","","","","","","","","","","","","","","","","","","","","",15000,1,"","",2,1,0,1,"","","","","","","","","","","","","","","","","","","","","","","","","","","","","","","","","","","","","","","","","","","","","","","","","","","","","","","","","","","","","","","","","",""
"31069001","TOULOUSE-BLAGNAC",43.621,1.378833,151,1968102800,"","","","",2.,1,140,1,"","","","","","","","","","","","","","","","","","","","","","","","","","","","",12.3,1,11.3,1,"","","","","","","","","","","","","","","","","","","","","","","","","","",96,1,"","","","","","","","","","","","",13.7,1,1015.7,1,997.5,1,"","","",1,0,1,"","",0,1,0,1,0,1,"","","","","","","","","","","","","","","","","","","","","","","","",15000,1,"","",2,1,0,1,"","","","","","","","","","","","","","","","","","","","","","","","","","","","","","","","","","","","","","","","","","","","","","","","","","","","","","","","","","","","","","","","","",""
"31069001","TOULOUSE-BLAGNAC",43.621,1.378833,151,1968102803,"","","","",5.,1,140,1,"","","","","","","","","","","","","","","","","","","","","","","","","","","","",13.,1,11.3,1,"","","","","","","","","","","","","","","","","","","","","","","","","","",92,1,"","","","","","","","","","","","",13.7,1,1014.2,1,996.1,1,"","","",1,0,1,"","",0,1,0,1,0,1,"","","","","","","","","","","","","","","","","","","","","","","","",20000,1,"","",2,1,0,1,"","","","","","","","","","","","","","","","","","","","","","","","","","","","","","","","","","","","","","","","","","","","","","","","","","","","","","","","","","","","","","","","","",""
"31069001","TOULOUSE-BLAGNAC",43.621,1.378833,151,1968102806,"","","","",5.,1,140,1,"","","","","","","","","","","","","","","","","","","","","","","","","","","","",13.4,1,10.8,1,"","","","","","","","","","","","","","","","","","","","","","","","","","",86,1,"","","","","","","","","","","","",13.2,1,1013.6,1,995.5,1,"","","",1,3,1,0,1,5,1,0,1,2,1,"","","","","","","","","","","","","","","","","","","","","","","","",20000,1,"","",3,1,0,1,"","",0,1,"","","","","","","","","","","","","","","","","","","","","","","","","","","","","","","","","","","","","","","","","","","","","","","","","","","","","","","","","","","","","",""
"31069001","TOULOUSE-BLAGNAC",43.621,1.378833,151,1968102809,"","","","",4.,1,120,1,"","","","","","","","","","","","","","","","","","","","","","","","","","","","",16.1,1,12.,1,"","","","","","","","","","","","","","","","","","","","","","","","","","",79,1,"","","","","","","","","","","","",14.3,1,1013.9,1,996.,1,"","","",1,7,1,7,1,0,1,4,1,2,1,"","","","","","","","","","","","","","","","","","","","","","","","",20000,1,"","",2,1,1,1,"","","","","","","","","","","","","","","","","","","","","","","","","","","","","","","","","","","","","","","","","","","","","","","","","","","","","","","","","","","","","","","","","",""
"31069001","TOULOUSE-BLAGNAC",43.621,1.378833,151,1968102812,"","","","",5.,1,140,1,"","","","","","","","","","","","","","","","","","","","","","","","","","","","",18.3,1,13.6,1,"","","","","","","","","","","","","","","","","","","","","","","","","","",76,1,"","","","","","","","","","","","",16.,1,1013.5,1,995.8,1,"","","",1,7,1,7,1,0,1,4,1,2,1,"","","","","","","","","","","","","","","","","","","","","","","","",20000,1,"","",2,1,1,1,"","","","","","","","","","","","","","","","","","","","","","","","","","","","","","","","","","","","","","","","","","","","","","","","","","","","","","","","","","","","","","","","","",""
"31069001","TOULOUSE-BLAGNAC",43.621,1.378833,151,1968102815,"","","","",5.,1,140,1,"","","","","","","","","","","","","","","","","","","","","","","","","","","","",18.3,1,14.,1,"","","","","","","","","","","","","","","","","","","","","","","","","","",78,1,"","","","","","","","","","","","",16.4,1,1013.3,1,995.6,1,"","","",1,7,1,7,1,0,1,4,1,2,1,"","","","","","","","","","","","","","","","","","","","","","","","",20000,1,"","",2,1,2,1,"","","","","","","","","","","","","","","","","","","","","","","","","","","","","","","","","","","","","","","","","","","","","","","","","","","","","","","","","","","","","","","","","",""
"31069001","TOULOUSE-BLAGNAC",43.621,1.378833,151,1968102818,"","","","",3.,1,140,1,"","","","","","","","","","","","","","","","","","","","","","","","","","","","",16.1,1,13.8,1,"","","","","","","","","","","","","","","","","","","","","","","","","","",89,1,"","","","","","","","","","","","",16.2,1,1014.5,1,996.6,1,"","","",1,7,1,7,1,0,1,4,1,2,1,"","","","","","","","","","","","","","","","","","","","","","","","",20000,1,"","",2,1,2,1,"","","","","","","","","","","","","","","","","","","","","","","","","","","","","","","","","","","","","","","","","","","","","","","","","","","","","","","","","","","","","","","","","",""
"31069001","TOULOUSE-BLAGNAC",43.621,1.378833,151,1968102821,"","","","",3.,1,120,1,"","","","","","","","","","","","","","","","","","","","","","","","","","","","",15.8,1,14.,1,"","","","","","","","","","","","","","","","","","","","","","","","","","",91,1,"","","","","","","","","","","","",16.4,1,1014.7,1,996.8,1,"","","",1,5,1,0,1,0,1,4,1,2,1,"","","","","","","","","","","","","","","","","","","","","","","","",20000,1,"","",1,1,2,1,"","","","","","","","","","","","","","","","","","","","","","","","","","","","","","","","","","","","","","","","","","","","","","","","","","","","","","","","","","","","","","","","","",""
"31069001","TOULOUSE-BLAGNAC",43.621,1.378833,151,1968102900,"","","","",4.,1,140,1,"","","","","","","","","","","","","","","","","","","","","","","","","","","","",17.3,1,15.1,1,"","","","","","","","","","","","","","","","","","","","","","","","","","",90,1,"","","","","","","","","","","","",17.7,1,1015.4,1,997.6,1,"","","",1,8,1,8,1,0,1,7,1,"","","","","","","","","","","","","","","","","","","","","","","","","","",20000,1,"","",2,1,2,1,"","","","","","","","","","","","","","","","","","","","","","","","","","","","","","","","","","","","","","","","","","","","","","","","","","","","","","","","","","","","","","","","","",""
"31069001","TOULOUSE-BLAGNAC",43.621,1.378833,151,1968102903,"","","","",1.,1,260,1,"","","","","","","","","","","","","","","","","","","","","","","","","","","","",15.7,1,14.1,1,"","","","","","","","","","","","","","","","","","","","","","","","","","",92,1,"","","","","","","","","","","","",16.5,1,1016.8,1,998.8,1,"","","",1,3,1,0,1,0,1,0,1,2,1,"","","","","","","","","","","","","","","","","","","","","","","","",15000,1,"","",2,1,1,1,"","","","","","","","","","","","","","","","","","","","","","","","","","","","","","","","","","","","","","","","","","","","","","","","","","","","","","","","","","","","","","","","","",""
"31069001","TOULOUSE-BLAGNAC",43.621,1.378833,151,1968102906,"","","","",3.,1,180,1,"","","","","","","","","","","","","","","","","","","","","","","","","","","","",15.6,1,14.4,1,"","","","","","","","","","","","","","","","","","","","","","","","","","",96,1,"","","","","","","","","","","","",16.9,1,1017.4,1,999.4,1,"","","",1,7,1,6,1,6,1,0,1,2,1,"","","","","","","","","","","","","","","","","","","","","","","","",15000,1,"","",3,1,1,1,"","",0,1,"","","","","","","","","","","","","","","","","","","","","","","","","","","","","","","","","","","","","","","","","","","","","","","","","","","","","","","","","","","","","",""
"31069001","TOULOUSE-BLAGNAC",43.621,1.378833,151,1968102909,"","","","",3.,1,140,1,"","","","","","","","","","","","","","","","","","","","","","","","","","","","",17.8,1,15.6,1,"","","","","","","","","","","","","","","","","","","","","","","","","","",89,1,"","","","","","","","","","","","",18.2,1,1018.,1,1000.2,1,"","","",1,7,1,5,1,5,1,4,1,"","","","","","","","","","","","","","","","","","","","","","","","","","",8000,1,"","",1,1,2,1,"","","","","","","","","","","","","","","","","","","","","","","","","","","","","","","","","","","","","","","","","","","","","","","","","","","","","","","","","","","","","","","","","",""
"31069001","TOULOUSE-BLAGNAC",43.621,1.378833,151,1968102912,"","","","",3.,1,120,1,"","","","","","","","","","","","","","","","","","","","","","","","","","","","",22.2,1,16.7,1,"","","","","","","","","","","","","","","","","","","","","","","","","","",73,1,"","","","","","","","","","","","",19.6,1,1017.8,1,1000.2,1,"","","",1,1,1,0,1,1,1,0,1,0,1,"","","","","","","","","","","","","","","","","","","","","","","","",20000,1,"","",1,1,1,1,"","","","","","","","","","","","","","","","","","","","","","","","","","","","","","","","","","","","","","","","","","","","","","","","","","","","","","","","","","","","","","","","","",""
"31069001","TOULOUSE-BLAGNAC",43.621,1.378833,151,1968102915,"","","","",3.,1,120,1,"","","","","","","","","","","","","","","","","","","","","","","","","","","","",23.6,1,16.7,1,"","","","","","","","","","","","","","","","","","","","","","","","","","",68,1,"","","","","","","","","","","","",19.6,1,1016.7,1,999.2,1,"","","",1,1,1,0,1,0,1,4,1,0,1,"","","","","","","","","","","","","","","","","","","","","","","","",20000,1,"","",3,1,0,1,"","","","","","","","","","","","","","","","","","","","","","","","","","","","","","","","","","","","","","","","","","","","","","","","","","","","","","","","","","","","","","","","","",""
"31069001","TOULOUSE-BLAGNAC",43.621,1.378833,151,1968102918,"","","","",5.,1,140,1,"","","","","","","","","","","","","","","","","","","","","","","","","","","","",18.2,1,15.4,1,"","","","","","","","","","","","","","","","","","","","","","","","","","",86,1,"","","","","","","","","","","","",18.,1,1017.8,1,1000.,1,"","","",1,0,1,"","",0,1,0,1,0,1,"","","","","","","","","","","","","","","","","","","","","","","","",15000,1,"","",1,1,0,1,"","","","","","","","","","","","","","","","","","","","","","","","","","","","","","","","","","","","","","","","","","","","","","","","","","","","","","","","","","","","","","","","","",""
"31069001","TOULOUSE-BLAGNAC",43.621,1.378833,151,1968102921,"","","","",3.,1,120,1,"","","","","","","","","","","","","","","","","","","","","","","","","","","","",16.3,1,14.6,1,"","","","","","","","","","","","","","","","","","","","","","","","","","",93,1,"","","","","","","","","","","","",17.1,1,1018.3,1,1000.4,1,"","","",1,3,1,0,1,6,1,0,1,0,1,"","","","","","","","","","","","","","","","","","","","","","","","",8000,1,"","",1,1,0,1,"","","","","","","","","","","","","","","","","","","","","","","","","","","","","","","","","","","","","","","","","","","","","","","","","","","","","","","","","","","","","","","","","",""
"31069001","TOULOUSE-BLAGNAC",43.621,1.378833,151,1968103000,"","","","",1.,1,120,1,"","","","","","","","","","","","","","","","","","","","","","","","","","","","",15.9,1,13.9,1,"","","","","","","","","","","","","","","","","","","","","","","","","","",90,1,"","","","","","","","","","","","",16.3,1,1017.9,1,999.9,1,"","","",1,1,1,0,1,6,1,0,1,0,1,"","","","","","","","","","","","","","","","","","","","","","","","",8000,1,"","",1,1,1,1,"","","","","","","","","","","","","","","","","","","","","","","","","","","","","","","","","","","","","","","","","","","","","","","","","","","","","","","","","","","","","","","","","",""
"31069001","TOULOUSE-BLAGNAC",43.621,1.378833,151,1968103003,"","","","",5.,1,120,1,"","","","","","","","","","","","","","","","","","","","","","","","","","","","",18.2,1,15.6,1,"","","","","","","","","","","","","","","","","","","","","","","","","","",87,1,"","","","","","","","","","","","",18.2,1,1015.8,1,998.,1,"","","",1,8,1,8,1,6,1,"","","","","","","","","","","","","","","","","","","","","","","","","","","","",8000,1,"","",3,1,1,1,"","","","","","","","","","","","","","","","","","","","","","","","","","","","","","","","","","","","","","","","","","","","","","","","","","","","","","","","","","","","","","","","","",""
"31069001","TOULOUSE-BLAGNAC",43.621,1.378833,151,1968103006,"","","","",5.,1,120,1,"","","","","","","","","","","","","","","","","","","","","","","","","","","","",17.4,1,14.5,1,"","","","","","","","","","","","","","","","","","","","","","","","","","",86,1,"","","","","","","","","","","","",17.,1,1014.6,1,996.8,1,"","","",1,5,1,0,1,6,1,4,1,2,1,"","","","","","","","","","","","","","","","","","","","","","","","",8000,1,"","",3,1,1,1,"","",0,1,"","","","","","","","","","","","","","","","","","","","","","","","","","","","","","","","","","","","","","","","","","","","","","","","","","","","","","","","","","","","","",""
"31069001","TOULOUSE-BLAGNAC",43.621,1.378833,151,1968103009,"","","","",5.,1,140,1,"","","","","","","","","","","","","","","","","","","","","","","","","","","","",18.8,1,14.9,1,"","","","","","","","","","","","","","","","","","","","","","","","","","",80,1,"","","","","","","","","","","","",17.4,1,1014.6,1,996.9,1,"","","",1,7,1,6,1,5,1,7,1,"","","","","","","","","","","","","","","","","","","","","","","","","","",20000,1,"","",2,1,2,1,"","","","","","","","","","","","","","","","","","","","","","","","","","","","","","","","","","","","","","","","","","","","","","","","","","","","","","","","","","","","","","","","","",""
"31069001","TOULOUSE-BLAGNAC",43.621,1.378833,151,1968103012,"","","","",5.,1,120,1,"","","","","","","","","","","","","","","","","","","","","","","","","","","","",19.1,1,15.,1,"","","","","","","","","","","","","","","","","","","","","","","","","","",79,1,"","","","","","","","","","","","",17.5,1,1013.5,1,995.8,1,"","","",1,7,1,5,1,2,1,7,1,2,1,"","","","","","","","","","","","","","","","","","","","","","","","",20000,1,"","",3,1,2,1,"","","","","","","","","","","","","","","","","","","","","","","","","","","","","","","","","","","","","","","","","","","","","","","","","","","","","","","","","","","","","","","","","",""
"31069001","TOULOUSE-BLAGNAC",43.621,1.378833,151,1968103015,"","","","",6.,1,120,1,"","","","","","","","","","","","","","","","","","","","","","","","","","","","",19.3,1,15.6,1,"","","","","","","","","","","","","","","","","","","","","","","","","","",81,1,"","","","","","","","","","","","",18.2,1,1011.5,1,993.9,1,"","","",1,7,1,6,1,1,1,7,1,2,1,"","","","","","","","","","","","","","","","","","","","","","","","",20000,1,"","",2,1,2,1,"","","","","","","","","","","","","","","","","","","","","","","","","","","","","","","","","","","","","","","","","","","","","","","","","","","","","","","","","","","","","","","","","",""
"31069001","TOULOUSE-BLAGNAC",43.621,1.378833,151,1968103018,"","","","",9.,1,120,1,"","","","","","","","","","","","","","","","","","","","","","","","","","","","",18.8,1,15.3,1,"","","","","","","","","","","","","","","","","","","","","","","","","","",83,1,"","","","","","","","","","","","",17.9,1,1009.7,1,992.1,1,"","","",1,7,1,7,1,6,1,7,1,"","","","","","","","","","","","","","","","","","","","","","","","","","",20000,1,"","",2,1,2,1,"","","","","","","","","","","","","","","","","","","","","","","","","","","","","","","","","","","","","","","","","","","","","","","","","","","","","","","","","","","","","","","","","",""
"31069001","TOULOUSE-BLAGNAC",43.621,1.378833,151,1968103021,"","","","",10.,1,120,1,"","","","","","","","","","","","","","","","","","","","","","","","","","","","",18.9,1,15.7,1,"","","","","","","","","","","","","","","","","","","","","","","","","","",84,1,"","","","","","","","","","","","",18.3,1,1009.,1,991.4,1,"","","",1,7,1,7,1,6,1,7,1,"","","","","","","","","","","","","","","","","","","","","","","","","","",20000,1,"","",2,1,2,1,"","","","","","","","","","","","","","","","","","","","","","","","","","","","","","","","","","","","","","","","","","","","","","","","","","","","","","","","","","","","","","","","","",""
"31069001","TOULOUSE-BLAGNAC",43.621,1.378833,151,1968103100,"","","","",9.,1,120,1,"","","","","","","","","","","","","","","","","","","","","","","","","","","","",18.8,1,15.8,1,"","","","","","","","","","","","","","","","","","","","","","","","","","",85,1,"","","","","","","","","","","","",18.5,1,1008.8,1,991.2,1,"","","",1,7,1,7,1,6,1,7,1,"","","","","","","","","","","","","","","","","","","","","","","","","","",20000,1,"","",2,1,2,1,"","","","","","","","","","","","","","","","","","","","","","","","","","","","","","","","","","","","","","","","","","","","","","","","","","","","","","","","","","","","","","","","","",""
"31069001","TOULOUSE-BLAGNAC",43.621,1.378833,151,1968103103,"","","","",9.,1,120,1,"","","","","","","","","","","","","","","","","","","","","","","","","","","","",18.7,1,15.7,1,"","","","","","","","","","","","","","","","","","","","","","","","","","",85,1,"","","","","","","","","","","","",18.4,1,1007.5,1,989.9,1,"","","",1,7,1,7,1,0,1,7,1,"","","","","","","","","","","","","","","","","","","","","","","","","","",20000,1,"","",3,1,1,1,"","","","","","","","","","","","","","","","","","","","","","","","","","","","","","","","","","","","","","","","","","","","","","","","","","","","","","","","","","","","","","","","","",""
"31069001","TOULOUSE-BLAGNAC",43.621,1.378833,151,1968103106,"","","","",7.,1,120,1,"","","","","","","","","","","","","","","","","","","","","","","","","","","","",18.9,1,15.7,1,"","","","","","","","","","","","","","","","","","","","","","","","","","",85,1,"","","","","","","","","","","","",18.4,1,1006.9,1,989.3,1,"","","",1,8,1,6,1,5,1,4,1,2,1,"","","","","","","","","","","","","","","","","","","","","","","","",20000,1,"","",3,1,1,1,"","",0,1,"","","","","","","","","","","","","","","","","","","","","","","","","","","","","","","","","","","","","","","","","","","","","","","","","","","","","","","","","","","","","",""
"31069001","TOULOUSE-BLAGNAC",43.621,1.378833,151,1968103109,"","","","",7.,1,120,1,"","","","","","","","","","","","","","","","","","","","","","","","","","","","",19.7,1,16.3,1,"","","","","","","","","","","","","","","","","","","","","","","","","","",83,1,"","","","","","","","","","","","",19.1,1,1006.9,1,989.4,1,"","","",1,7,1,7,1,0,1,4,1,2,1,"","","","","","","","","","","","","","","","","","","","","","","","",30000,1,"","",1,1,2,1,"","","","","","","","","","","","","","","","","","","","","","","","","","","","","","","","","","","","","","","","","","","","","","","","","","","","","","","","","","","","","","","","","",""
"31069001","TOULOUSE-BLAGNAC",43.621,1.378833,151,1968103112,"","","","",7.,1,120,1,"","","","","","","","","","","","","","","","","","","","","","","","","","","","",20.8,1,16.9,1,"","","","","","","","","","","","","","","","","","","","","","","","","","",81,1,"","","","","","","","","","","","",19.8,1,1005.5,1,988.1,1,"","","",1,7,1,6,1,0,1,5,1,2,1,"","","","","","","","","","","","","","","","","","","","","","","","",30000,1,"","",3,1,2,1,"","","","","","","","","","","","","","","","","","","","","","","","","","","","","","","","","","","","","","","","","","","","","","","","","","","","","","","","","","","","","","","","","",""
"31069001","TOULOUSE-BLAGNAC",43.621,1.378833,151,1968103115,"","","","",7.,1,120,1,"","","","","","","","","","","","","","","","","","","","","","","","","","","","",21.4,1,16.9,1,"","","","","","","","","","","","","","","","","","","","","","","","","","",78,1,"","","","","","","","","","","","",19.9,1,1003.4,1,986.,1,"","","",1,6,1,5,1,0,1,3,1,2,1,"","","","","","","","","","","","","","","","","","","","","","","","",20000,1,"","",1,1,2,1,"","","","","","","","","","","","","","","","","","","","","","","","","","","","","","","","","","","","","","","","","","","","","","","","","","","","","","","","","","","","","","","","","",""
"31069001","TOULOUSE-BLAGNAC",43.621,1.378833,151,1968103118,"","","","",5.,1,160,1,"","","","","","","","","","","","","","","","","","","","","","","","","","","","",19.,1,16.9,1,"","","","","","","","","","","","","","","","","","","","","","","","","","",90,1,"","","","","","","","","","","","",19.8,1,1003.2,1,985.7,1,"","","",1,6,1,0,1,6,1,3,1,2,1,"","","","","","","","","","","","","","","","","","","","","","","","",20000,1,"","",3,1,2,1,"","","","","","","","","","","","","","","","","","","","","","","","","","","","","","","","","","","","","","","","","","","","","","","","","","","","","","","","","","","","","","","","","",""
"31069001","TOULOUSE-BLAGNAC",43.621,1.378833,151,1968103121,"","","","",6.,1,140,1,"","","","","","","","","","","","","","","","","","","","","","","","","","","","",18.9,1,16.1,1,"","","","","","","","","","","","","","","","","","","","","","","","","","",87,1,"","","","","","","","","","","","",18.9,1,1001.9,1,984.4,1,"","","",1,7,1,7,1,6,1,5,1,"","","","","","","","","","","","","","","","","","","","","","","","","","",20000,1,"","",3,1,2,1,"","","","","","","","","","","","","","","","","","","","","","","","","","","","","","","","","","","","","","","","","","","","","","","","","","","","","","","","","","","","","","","","","",""
"31069001","TOULOUSE-BLAGNAC",43.621,1.378833,151,1968110100,"","","","",5.,1,140,1,"","","","","","","","","","","","","","","","","","","","","","","","","","","","",18.2,1,15.,1,"","","","","","","","","","","","","","","","","","","","","","","","","","",84,1,"","","","","","","","","","","","",17.5,1,999.4,1,981.9,1,"","","",1,7,1,7,1,0,1,5,1,"","","","","","","","","","","","","","","","","","","","","","","","","","",20000,1,"","",3,1,2,1,"","","","","","","","","","","","","","","","","","","","","","","","","","","","","","","","","","","","","","","","","","","","","","","","","","","","","","","","","","","","","","","","","",""
"31069001","TOULOUSE-BLAGNAC",43.621,1.378833,151,1968110103,"","","","",1.,1,120,1,"","","","","","","","","","","","","","","","","","","","","","","","","","","","",17.7,1,13.3,1,"","","","","","","","","","","","","","","","","","","","","","","","","","",77,1,"","","","","","","","","","","","",15.7,1,998.,1,980.5,1,"","","",1,8,1,8,1,6,1,7,1,"","","","","","","","","","","","","","","","","","","","","","","","","","",20000,1,"","",2,1,2,1,"","","","","","","","","","","","","","","","","","","","","","","","","","","","","","","","","","","","","","","","","","","","","","","","","","","","","","","","","","","","","","","","","",""
"31069001","TOULOUSE-BLAGNAC",43.621,1.378833,151,1968110106,"","","","",5.,1,140,1,"","","","","","","","","","","","","","","","","","","","","","","","","","","","",18.8,1,13.1,1,"","","","","","","","","","","","","","","","","","","","","","","","","","",71,1,"","","","","","","","","","","","",15.4,1,994.7,1,977.3,1,"","","",1,7,1,5,1,0,1,7,1,2,1,"","","","","","","","","","","","","","","","","","","","","","","","",20000,1,"","",2,1,2,1,"","",0,1,"","","","","","","","","","","","","","","","","","","","","","","","","","","","","","","","","","","","","","","","","","","","","","","","","","","","","","","","","","","","","",""
"31069001","TOULOUSE-BLAGNAC",43.621,1.378833,151,1968110109,"","","","",6.,1,120,1,"","","","","","","","","","","","","","","","","","","","","","","","","","","","",19.,1,14.5,1,"","","","","","","","","","","","","","","","","","","","","","","","","","",78,1,"","","","","","","","","","","","",17.,1,992.8,1,975.5,1,"","","",1,6,1,0,1,8,1,4,1,2,1,"","","","","","","","","","","","","","","","","","","","","","","","",30000,1,"","",1,1,2,1,"","","","","","","","","","","","","","","","","","","","","","","","","","","","","","","","","","","","","","","","","","","","","","","","","","","","","","","","","","","","","","","","","",""
"31069001","TOULOUSE-BLAGNAC",43.621,1.378833,151,1968110112,"","","","",8.,1,120,1,"","","","","","","","","","","","","","","","","","","","","","","","","","","","",23.7,1,15.7,1,"","","","","","","","","","","","","","","","","","","","","","","","","","",62,1,"","","","","","","","","","","","",18.3,1,989.9,1,972.9,1,"","","",1,6,1,6,1,8,1,4,1,2,1,"","","","","","","","","","","","","","","","","","","","","","","","",20000,1,"","",3,1,2,1,"","","","","","","","","","","","","","","","","","","","","","","","","","","","","","","","","","","","","","","","","","","","","","","","","","","","","","","","","","","","","","","","","",""
"31069001","TOULOUSE-BLAGNAC",43.621,1.378833,151,1968110115,"","","","",5.,1,100,1,"","","","","","","","","","","","","","","","","","","","","","","","","","","","",22.8,1,15.3,1,"","","","","","","","","","","","","","","","","","","","","","","","","","",65,1,"","","","","","","","","","","","",17.9,1,988.3,1,971.3,1,"","","",1,6,1,6,1,8,1,4,1,2,1,"","","","","","","","","","","","","","","","","","","","","","","","",30000,1,"","",2,1,2,1,"","","","","","","","","","","","","","","","","","","","","","","","","","","","","","","","","","","","","","","","","","","","","","","","","","","","","","","","","","","","","","","","","",""
"31069001","TOULOUSE-BLAGNAC",43.621,1.378833,151,1968110118,"","","","",6.,1,240,1,"","","","","","","","","","","","","","","","","","","","","","","","","","","","",16.8,1,14.4,1,"","","","","","","","","","","","","","","","","","","","","","","","","","",89,1,"","","","","","","","","","","","",16.9,1,992.8,1,975.3,1,"","","",1,8,1,6,1,9,1,"","","","","","","","","","","","","","","","","","","","","","","","","","","","",15000,1,"","",61,1,8,1,"","","","","","","","","","","","","","","","","","","","","","","","","","","","","","","","","","","","","","","","","","","","","","","","","","","","","","","","","","","","","","","","","",""
"31069001","TOULOUSE-BLAGNAC",43.621,1.378833,151,1968110121,"","","","",2.,1,300,1,"","","","","","","","","","","","","","","","","","","","","","","","","","","","",13.4,1,11.5,1,"","","","","","","","","","","","","","","","","","","","","","","","","","",91,1,"","","","","","","","","","","","",13.9,1,994.6,1,976.9,1,"","","",1,8,1,7,1,5,1,"","","","","","","","","","","","","","","","","","","","","","","","","","","","",10000,1,"","",29,1,6,1,"","","","","","","","","","","","","","","","","","","","","","","","","","","","","","","","","","","","","","","","","","","","","","","","","","","","","","","","","","","","","","","","","",""
"31069001","TOULOUSE-BLAGNAC",43.621,1.378833,151,1968110200,"","","","",0.,1,0,1,"","","","","","","","","","","","","","","","","","","","","","","","","","","","",12.7,1,11.2,1,"","","","","","","","","","","","","","","","","","","","","","","","","","",93,1,"","","","","","","","","","","","",13.6,1,994.9,1,977.1,1,"","","",1,7,1,7,1,5,1,"","","","","","","","","","","","","","","","","","","","","","","","","","","","",20000,1,"","",1,1,9,1,"","","","","","","","","","","","","","","","","","","","","","","","","","","","","","","","","","","","","","","","","","","","","","","","","","","","","","","","","","","","","","","","","",""
"31069001","TOULOUSE-BLAGNAC",43.621,1.378833,151,1968110203,"","","","",1.,1,280,1,"","","","","","","","","","","","","","","","","","","","","","","","","","","","",12.4,1,11.2,1,"","","","","","","","","","","","","","","","","","","","","","","","","","",94,1,"","","","","","","","","","","","",13.6,1,992.1,1,974.4,1,"","","",1,7,1,7,1,5,1,"","","","","","","","","","","","","","","","","","","","","","","","","","","","",20000,1,"","",2,1,2,1,"","","","","","","","","","","","","","","","","","","","","","","","","","","","","","","","","","","","","","","","","","","","","","","","","","","","","","","","","","","","","","","","","",""
"31069001","TOULOUSE-BLAGNAC",43.621,1.378833,151,1968110206,"","","","",4.,1,260,1,"","","","","","","","","","","","","","","","","","","","","","","","","","","","",11.6,1,10.6,1,"","","","","","","","","","","","","","","","","","","","","","","","","","",95,1,"","","","","","","","","","","","",13.,1,990.9,1,973.1,1,"","","",1,8,1,7,1,5,1,"","","","","","","","","","","","","","","","","","","","","","","","","","","","",12000,1,"","",60,1,2,1,"","",2,1,"","","","","","","","","","","","","","","","","","","","","","","","","","","","","","","","","","","","","","","","","","","","","","","","","","","","","","","","","","","","","",""
"31069001","TOULOUSE-BLAGNAC",43.621,1.378833,151,1968110209,"","","","",1.,1,320,1,"","","","","","","","","","","","","","","","","","","","","","","","","","","","",11.7,1,10.2,1,"","","","","","","","","","","","","","","","","","","","","","","","","","",93,1,"","","","","","","","","","","","",12.7,1,993.,1,975.2,1,"","","",1,5,1,0,1,5,1,4,1,2,1,"","","","","","","","","","","","","","","","","","","","","","","","",30000,1,"","",1,1,6,1,"","","","","","","","","","","","","","","","","","","","","","","","","","","","","","","","","","","","","","","","","","","","","","","","","","","","","","","","","","","","","","","","","",""
"31069001","TOULOUSE-BLAGNAC",43.621,1.378833,151,1968110212,"","","","",0.,1,0,1,"","","","","","","","","","","","","","","","","","","","","","","","","","","","",13.3,1,10.9,1,"","","","","","","","","","","","","","","","","","","","","","","","","","",87,1,"","","","","","","","","","","","",13.3,1,994.1,1,976.4,1,"","","",1,8,1,7,1,2,1,"","","","","","","","","","","","","","","","","","","","","","","","","","","","",8000,1,"","",81,1,6,1,"","","","","","","","","","","","","","","","","","","","","","","","","","","","","","","","","","","","","","","","","","","","","","","","","","","","","","","","","","","","","","","","","",""
"31069001","TOULOUSE-BLAGNAC",43.621,1.378833,151,1968110215,"","","","",1.,1,260,1,"","","","","","","","","","","","","","","","","","","","","","","","","","","","",13.,1,10.8,1,"","","","","","","","","","","","","","","","","","","","","","","","","","",88,1,"","","","","","","","","","","","",13.2,1,993.5,1,975.8,1,"","","",1,8,1,8,1,8,1,7,1,"","","","","","","","","","","","","","","","","","","","","","","","","","",20000,1,"","",61,1,8,1,"","","","","","","","","","","","","","","","","","","","","","","","","","","","","","","","","","","","","","","","","","","","","","","","","","","","","","","","","","","","","","","","","",""
"31069001","TOULOUSE-BLAGNAC",43.621,1.378833,151,1968110218,"","","","",5.,1,240,1,"","","","","","","","","","","","","","","","","","","","","","","","","","","","",9.7,1,8.7,1,"","","","","","","","","","","","","","","","","","","","","","","","","","",95,1,"","","","","","","","","","","","",11.4,1,996.3,1,978.3,1,"","","",1,8,1,8,1,5,1,2,1,"","","","","","","","","","","","","","","","","","","","","","","","","","",10000,1,"","",61,1,8,1,"","","","","","","","","","","","","","","","","","","","","","","","","","","","","","","","","","","","","","","","","","","","","","","","","","","","","","","","","","","","","","","","","",""
"31069001","TOULOUSE-BLAGNAC",43.621,1.378833,151,1968110221,"","","","",4.,1,220,1,"","","","","","","","","","","","","","","","","","","","","","","","","","","","",8.9,1,8.,1,"","","","","","","","","","","","","","","","","","","","","","","","","","",96,1,"","","","","","","","","","","","",10.9,1,997.6,1,979.5,1,"","","",1,7,1,5,1,5,1,7,1,"","","","","","","","","","","","","","","","","","","","","","","","","","",20000,1,"","",60,1,6,1,"","","","","","","","","","","","","","","","","","","","","","","","","","","","","","","","","","","","","","","","","","","","","","","","","","","","","","","","","","","","","","","","","",""
"31069001","TOULOUSE-BLAGNAC",43.621,1.378833,151,1968110300,"","","","",2.,1,280,1,"","","","","","","","","","","","","","","","","","","","","","","","","","","","",8.7,1,7.7,1,"","","","","","","","","","","","","","","","","","","","","","","","","","",94,1,"","","","","","","","","","","","",10.7,1,997.6,1,979.5,1,"","","",1,7,1,7,1,0,1,7,1,"","","","","","","","","","","","","","","","","","","","","","","","","","",20000,1,"","",61,1,6,1,"","","","","","","","","","","","","","","","","","","","","","","","","","","","","","","","","","","","","","","","","","","","","","","","","","","","","","","","","","","","","","","","","",""
"31069001","TOULOUSE-BLAGNAC",43.621,1.378833,151,1968110303,"","","","",2.,1,260,1,"","","","","","","","","","","","","","","","","","","","","","","","","","","","",8.4,1,7.3,1,"","","","","","","","","","","","","","","","","","","","","","","","","","",94,1,"","","","","","","","","","","","",10.4,1,997.3,1,979.2,1,"","","",1,8,1,8,1,7,1,7,1,"","","","","","","","","","","","","","","","","","","","","","","","","","",15000,1,"","",61,1,6,1,"","","","","","","","","","","","","","","","","","","","","","","","","","","","","","","","","","","","","","","","","","","","","","","","","","","","","","","","","","","","","","","","","",""
"31069001","TOULOUSE-BLAGNAC",43.621,1.378833,151,1968110306,"","","","",5.,1,240,1,"","","","","","","","","","","","","","","","","","","","","","","","","","","","",7.7,1,7.1,1,"","","","","","","","","","","","","","","","","","","","","","","","","","",97,1,"","","","","","","","","","","","",10.2,1,998.1,1,979.9,1,"","","",1,8,1,8,1,7,1,7,1,"","","","","","","","","","","","","","","","","","","","","","","","","","",10000,1,"","",61,1,6,1,"","",2,1,"","","","","","","","","","","","","","","","","","","","","","","","","","","","","","","","","","","","","","","","","","","","","","","","","","","","","","","","","","","","","",""
"31069001","TOULOUSE-BLAGNAC",43.621,1.378833,151,1968110309,"","","","",4.,1,260,1,"","","","","","","","","","","","","","","","","","","","","","","","","","","","",8.2,1,7.2,1,"","","","","","","","","","","","","","","","","","","","","","","","","","",94,1,"","","","","","","","","","","","",10.3,1,1000.5,1,982.3,1,"","","",1,8,1,8,1,7,1,7,1,"","","","","","","","","","","","","","","","","","","","","","","","","","",20000,1,"","",61,1,6,1,"","","","","","","","","","","","","","","","","","","","","","","","","","","","","","","","","","","","","","","","","","","","","","","","","","","","","","","","","","","","","","","","","",""
"31069001","TOULOUSE-BLAGNAC",43.621,1.378833,151,1968110312,"","","","",5.,1,260,1,"","","","","","","","","","","","","","","","","","","","","","","","","","","","",10.,1,8.4,1,"","","","","","","","","","","","","","","","","","","","","","","","","","",91,1,"","","","","","","","","","","","",11.2,1,1001.7,1,983.6,1,"","","",1,8,1,5,1,8,1,"","","","","","","","","","","","","","","","","","","","","","","","","","","","",20000,1,"","",3,1,6,1,"","","","","","","","","","","","","","","","","","","","","","","","","","","","","","","","","","","","","","","","","","","","","","","","","","","","","","","","","","","","","","","","","",""
"31069001","TOULOUSE-BLAGNAC",43.621,1.378833,151,1968110315,"","","","",7.,1,260,1,"","","","","","","","","","","","","","","","","","","","","","","","","","","","",12.2,1,8.,1,"","","","","","","","","","","","","","","","","","","","","","","","","","",76,1,"","","","","","","","","","","","",10.9,1,1003.,1,985.,1,"","","",1,7,1,6,1,8,1,"","","","","","","","","","","","","","","","","","","","","","","","","","","","",20000,1,"","",1,1,2,1,"","","","","","","","","","","","","","","","","","","","","","","","","","","","","","","","","","","","","","","","","","","","","","","","","","","","","","","","","","","","","","","","","",""
"31069001","TOULOUSE-BLAGNAC",43.621,1.378833,151,1968110318,"","","","",4.,1,280,1,"","","","","","","","","","","","","","","","","","","","","","","","","","","","",11.1,1,8.8,1,"","","","","","","","","","","","","","","","","","","","","","","","","","",88,1,"","","","","","","","","","","","",11.5,1,1005.9,1,987.8,1,"","","",1,7,1,7,1,8,1,"","","","","","","","","","","","","","","","","","","","","","","","","","","","",20000,1,"","",1,1,8,1,"","","","","","","","","","","","","","","","","","","","","","","","","","","","","","","","","","","","","","","","","","","","","","","","","","","","","","","","","","","","","","","","","",""
"31069001","TOULOUSE-BLAGNAC",43.621,1.378833,151,1968110321,"","","","",4.,1,260,1,"","","","","","","","","","","","","","","","","","","","","","","","","","","","",10.4,1,8.4,1,"","","","","","","","","","","","","","","","","","","","","","","","","","",89,1,"","","","","","","","","","","","",11.2,1,1008.1,1,989.9,1,"","","",1,8,1,7,1,5,1,"","","","","","","","","","","","","","","","","","","","","","","","","","","","",20000,1,"","",2,1,2,1,"","","","","","","","","","","","","","","","","","","","","","","","","","","","","","","","","","","","","","","","","","","","","","","","","","","","","","","","","","","","","","","","","",""
"31069001","TOULOUSE-BLAGNAC",43.621,1.378833,151,1968110400,"","","","",4.,1,240,1,"","","","","","","","","","","","","","","","","","","","","","","","","","","","",10.1,1,9.2,1,"","","","","","","","","","","","","","","","","","","","","","","","","","",96,1,"","","","","","","","","","","","",11.8,1,1009.2,1,991.,1,"","","",1,7,1,7,1,5,1,"","","","","","","","","","","","","","","","","","","","","","","","","","","","",20000,1,"","",1,1,2,1,"","","","","","","","","","","","","","","","","","","","","","","","","","","","","","","","","","","","","","","","","","","","","","","","","","","","","","","","","","","","","","","","","",""
"31069001","TOULOUSE-BLAGNAC",43.621,1.378833,151,1968110403,"","","","",3.,1,280,1,"","","","","","","","","","","","","","","","","","","","","","","","","","","","",9.6,1,8.8,1,"","","","","","","","","","","","","","","","","","","","","","","","","","",96,1,"","","","","","","","","","","","",11.5,1,1009.9,1,991.6,1,"","","",1,8,1,8,1,5,1,"","","","","","","","","","","","","","","","","","","","","","","","","","","","",15000,1,"","",3,1,2,1,"","","","","","","","","","","","","","","","","","","","","","","","","","","","","","","","","","","","","","","","","","","","","","","","","","","","","","","","","","","","","","","","","",""
"31069001","TOULOUSE-BLAGNAC",43.621,1.378833,151,1968110406,"","","","",4.,1,280,1,"","","","","","","","","","","","","","","","","","","","","","","","","","","","",8.3,1,7.5,1,"","","","","","","","","","","","","","","","","","","","","","","","","","",96,1,"","","","","","","","","","","","",10.5,1,1011.4,1,993.,1,"","","",1,5,1,0,1,5,1,0,1,0,1,"","","","","","","","","","","","","","","","","","","","","","","","",20000,1,"","",1,1,2,1,"","",2,1,"","","","","","","","","","","","","","","","","","","","","","","","","","","","","","","","","","","","","","","","","","","","","","","","","","","","","","","","","","","","","",""
"31069001","TOULOUSE-BLAGNAC",43.621,1.378833,151,1968110409,"","","","",2.,1,300,1,"","","","","","","","","","","","","","","","","","","","","","","","","","","","",8.2,1,6.8,1,"","","","","","","","","","","","","","","","","","","","","","","","","","",92,1,"","","","","","","","","","","","",10.,1,1014.,1,995.6,1,"","","",1,5,1,5,1,5,1,0,1,0,1,"","","","","","","","","","","","","","","","","","","","","","","","",20000,1,"","",1,1,2,1,"","","","","","","","","","","","","","","","","","","","","","","","","","","","","","","","","","","","","","","","","","","","","","","","","","","","","","","","","","","","","","","","","",""
"31069001","TOULOUSE-BLAGNAC",43.621,1.378833,151,1968110412,"","","","",4.,1,300,1,"","","","","","","","","","","","","","","","","","","","","","","","","","","","",10.1,1,4.2,1,"","","","","","","","","","","","","","","","","","","","","","","","","","",68,1,"","","","","","","","","","","","",8.3,1,1014.2,1,995.9,1,"","","",1,7,1,7,1,8,1,"","","","","","","","","","","","","","","","","","","","","","","","","","","","",20000,1,"","",2,1,2,1,"","","","","","","","","","","","","","","","","","","","","","","","","","","","","","","","","","","","","","","","","","","","","","","","","","","","","","","","","","","","","","","","","",""
"31069001","TOULOUSE-BLAGNAC",43.621,1.378833,151,1968110415,"","","","",3.,1,300,1,"","","","","","","","","","","","","","","","","","","","","","","","","","","","",10.4,1,3.5,1,"","","","","","","","","","","","","","","","","","","","","","","","","","",63,1,"","","","","","","","","","","","",7.9,1,1014.2,1,995.9,1,"","","",1,7,1,7,1,8,1,"","","","","","","","","","","","","","","","","","","","","","","","","","","","",30000,1,"","",3,1,2,1,"","","","","","","","","","","","","","","","","","","","","","","","","","","","","","","","","","","","","","","","","","","","","","","","","","","","","","","","","","","","","","","","","",""
"31069001","TOULOUSE-BLAGNAC",43.621,1.378833,151,1968110418,"","","","",2.,1,320,1,"","","","","","","","","","","","","","","","","","","","","","","","","","","","",6.,1,3.3,1,"","","","","","","","","","","","","","","","","","","","","","","","","","",83,1,"","","","","","","","","","","","",7.8,1,1015.5,1,996.9,1,"","","",1,2,1,0,1,5,1,0,1,2,1,"","","","","","","","","","","","","","","","","","","","","","","","",20000,1,"","",1,1,1,1,"","","","","","","","","","","","","","","","","","","","","","","","","","","","","","","","","","","","","","","","","","","","","","","","","","","","","","","","","","","","","","","","","",""
"31069001","TOULOUSE-BLAGNAC",43.621,1.378833,151,1968110421,"","","","",2.,1,300,1,"","","","","","","","","","","","","","","","","","","","","","","","","","","","",5.1,1,2.8,1,"","","","","","","","","","","","","","","","","","","","","","","","","","",86,1,"","","","","","","","","","","","",7.5,1,1016.4,1,997.7,1,"","","",1,5,1,5,1,5,1,0,1,0,1,"","","","","","","","","","","","","","","","","","","","","","","","",20000,1,"","",3,1,0,1,"","","","","","","","","","","","","","","","","","","","","","","","","","","","","","","","","","","","","","","","","","","","","","","","","","","","","","","","","","","","","","","","","",""
"31069001","TOULOUSE-BLAGNAC",43.621,1.378833,151,1968110500,"","","","",0.,1,0,1,"","","","","","","","","","","","","","","","","","","","","","","","","","","","",2.3,1,1.4,1,"","","","","","","","","","","","","","","","","","","","","","","","","","",95,1,"","","","","","","","","","","","",6.8,1,1016.,1,997.1,1,"","","",1,0,1,"","",0,1,0,1,0,1,"","","","","","","","","","","","","","","","","","","","","","","","",20000,1,"","",2,1,1,1,"","","","","","","","","","","","","","","","","","","","","","","","","","","","","","","","","","","","","","","","","","","","","","","","","","","","","","","","","","","","","","","","","",""
"31069001","TOULOUSE-BLAGNAC",43.621,1.378833,151,1968110503,"","","","",0.,1,0,1,"","","","","","","","","","","","","","","","","","","","","","","","","","","","",0.6,1,-0.2,1,"","","","","","","","","","","","","","","","","","","","","","","","","","",94,1,"","","","","","","","","","","","",6.,1,1015.4,1,996.4,1,"","","",1,0,1,"","",0,1,0,1,0,1,"","","","","","","","","","","","","","","","","","","","","","","","",15000,1,"","",2,1,0,1,"","","","","","","","","","","","","","","","","","","","","","","","","","","","","","","","","","","","","","","","","","","","","","","","","","","","","","","","","","","","","","","","","",""
"31069001","TOULOUSE-BLAGNAC",43.621,1.378833,151,1968110506,"","","","",0.,1,0,1,"","","","","","","","","","","","","","","","","","","","","","","","","","","","",-0.8,1,-1.4,1,"","","","","","","","","","","","","","","","","","","","","","","","","","",96,1,"","","","","","","","","","","","",5.5,1,1014.7,1,995.6,1,"","","",1,3,1,0,1,0,1,3,1,2,1,"","","","","","","","","","","","","","","","","","","","","","","","",4000,1,"","",10,1,0,1,"","",0,1,"","","","","","","","","","","","","","","","","","","","","","","","","","","","","","","","","","","","","","","","","","","","","","","","","","","","","","","","","","","","","",""
"31069001","TOULOUSE-BLAGNAC",43.621,1.378833,151,1968110509,"","","","",0.,1,0,1,"","","","","","","","","","","","","","","","","","","","","","","","","","","","",1.6,1,1.,1,"","","","","","","","","","","","","","","","","","","","","","","","","","",96,1,"","","","","","","","","","","","",6.6,1,1013.9,1,995.,1,"","","",1,9,1,"","","","","","","","","","","","","","","","","","","","","","","","","","","","","","","","",50,1,"","",47,1,0,1,"","","","","","","","","","","","","","","","","","","","","","","","","","","","","","","","","","","","","","","","","","","","","","","","","","","","","","","","","","","","","","","","","",""
"31069001","TOULOUSE-BLAGNAC",43.621,1.378833,151,1968110512,"","","","",1.,1,40,1,"","","","","","","","","","","","","","","","","","","","","","","","","","","","",8.3,1,4.3,1,"","","","","","","","","","","","","","","","","","","","","","","","","","",77,1,"","","","","","","","","","","","",8.4,1,1010.5,1,992.1,1,"","","",1,2,1,0,1,0,1,0,1,1,1,"","","","","","","","","","","","","","","","","","","","","","","","",4000,1,"","",10,1,4,1,"","","","","","","","","","","","","","","","","","","","","","","","","","","","","","","","","","","","","","","","","","","","","","","","","","","","","","","","","","","","","","","","","",""
"31069001","TOULOUSE-BLAGNAC",43.621,1.378833,151,1968110515,"","","","",2.,1,40,1,"","","","","","","","","","","","","","","","","","","","","","","","","","","","",10.8,1,5.8,1,"","","","","","","","","","","","","","","","","","","","","","","","","","",72,1,"","","","","","","","","","","","",9.3,1,1007.4,1,989.3,1,"","","",1,7,1,7,1,0,1,0,1,2,1,"","","","","","","","","","","","","","","","","","","","","","","","",20000,1,"","",2,1,1,1,"","","","","","","","","","","","","","","","","","","","","","","","","","","","","","","","","","","","","","","","","","","","","","","","","","","","","","","","","","","","","","","","","",""
"31069001","TOULOUSE-BLAGNAC",43.621,1.378833,151,1968110518,"","","","",0.,1,0,1,"","","","","","","","","","","","","","","","","","","","","","","","","","","","",8.,1,6.1,1,"","","","","","","","","","","","","","","","","","","","","","","","","","",89,1,"","","","","","","","","","","","",9.5,1,1006.7,1,988.4,1,"","","",1,7,1,6,1,0,1,0,1,8,1,"","","","","","","","","","","","","","","","","","","","","","","","",10000,1,"","",1,1,1,1,"","","","","","","","","","","","","","","","","","","","","","","","","","","","","","","","","","","","","","","","","","","","","","","","","","","","","","","","","","","","","","","","","",""
"31069001","TOULOUSE-BLAGNAC",43.621,1.378833,151,1968110521,"","","","",3.,1,140,1,"","","","","","","","","","","","","","","","","","","","","","","","","","","","",10.5,1,5.6,1,"","","","","","","","","","","","","","","","","","","","","","","","","","",72,1,"","","","","","","","","","","","",9.2,1,1006.3,1,988.2,1,"","","",1,8,1,7,1,5,1,7,1,"","","","","","","","","","","","","","","","","","","","","","","","","","",15000,1,"","",3,1,2,1,"","","","","","","","","","","","","","","","","","","","","","","","","","","","","","","","","","","","","","","","","","","","","","","","","","","","","","","","","","","","","","","","","",""
"31069001","TOULOUSE-BLAGNAC",43.621,1.378833,151,1968110600,"","","","",2.,1,160,1,"","","","","","","","","","","","","","","","","","","","","","","","","","","","",9.2,1,7.7,1,"","","","","","","","","","","","","","","","","","","","","","","","","","",92,1,"","","","","","","","","","","","",10.7,1,1007.8,1,989.6,1,"","","",1,8,1,7,1,5,1,7,1,"","","","","","","","","","","","","","","","","","","","","","","","","","",8000,1,"","",61,1,2,1,"","","","","","","","","","","","","","","","","","","","","","","","","","","","","","","","","","","","","","","","","","","","","","","","","","","","","","","","","","","","","","","","","",""
"31069001","TOULOUSE-BLAGNAC",43.621,1.378833,151,1968110603,"","","","",4.,1,160,1,"","","","","","","","","","","","","","","","","","","","","","","","","","","","",8.8,1,7.3,1,"","","","","","","","","","","","","","","","","","","","","","","","","","",92,1,"","","","","","","","","","","","",10.4,1,1007.1,1,988.8,1,"","","",1,8,1,7,1,5,1,"","","","","","","","","","","","","","","","","","","","","","","","","","","","",6000,1,"","",61,1,6,1,"","","","","","","","","","","","","","","","","","","","","","","","","","","","","","","","","","","","","","","","","","","","","","","","","","","","","","","","","","","","","","","","","",""
"31069001","TOULOUSE-BLAGNAC",43.621,1.378833,151,1968110606,"","","","",3.,1,180,1,"","","","","","","","","","","","","","","","","","","","","","","","","","","","",9.3,1,7.9,1,"","","","","","","","","","","","","","","","","","","","","","","","","","",92,1,"","","","","","","","","","","","",10.8,1,1007.6,1,989.4,1,"","","",1,8,1,8,1,6,1,"","","","","","","","","","","","","","","","","","","","","","","","","","","","",8000,1,"","",1,1,6,1,"","",2,1,"","","","","","","","","","","","","","","","","","","","","","","","","","","","","","","","","","","","","","","","","","","","","","","","","","","","","","","","","","","","","",""
"31069001","TOULOUSE-BLAGNAC",43.621,1.378833,151,1968110609,"","","","",3.,1,260,1,"","","","","","","","","","","","","","","","","","","","","","","","","","","","",10.5,1,9.2,1,"","","","","","","","","","","","","","","","","","","","","","","","","","",94,1,"","","","","","","","","","","","",11.8,1,1010.4,1,992.2,1,"","","",1,7,1,7,1,7,1,"","","","","","","","","","","","","","","","","","","","","","","","","","","","",6000,1,"","",3,1,2,1,"","","","","","","","","","","","","","","","","","","","","","","","","","","","","","","","","","","","","","","","","","","","","","","","","","","","","","","","","","","","","","","","","",""
"31069001","TOULOUSE-BLAGNAC",43.621,1.378833,151,1968110612,"","","","",4.,1,260,1,"","","","","","","","","","","","","","","","","","","","","","","","","","","","",13.,1,9.6,1,"","","","","","","","","","","","","","","","","","","","","","","","","","",81,1,"","","","","","","","","","","","",12.2,1,1011.4,1,993.3,1,"","","",1,7,1,0,1,2,1,4,1,"","","","","","","","","","","","","","","","","","","","","","","","","","",10000,1,"","",3,1,2,1,"","","","","","","","","","","","","","","","","","","","","","","","","","","","","","","","","","","","","","","","","","","","","","","","","","","","","","","","","","","","","","","","","",""
"31069001","TOULOUSE-BLAGNAC",43.621,1.378833,151,1968110615,"","","","",2.,1,260,1,"","","","","","","","","","","","","","","","","","","","","","","","","","","","",13.8,1,11.4,1,"","","","","","","","","","","","","","","","","","","","","","","","","","",88,1,"","","","","","","","","","","","",13.8,1,1012.,1,994.,1,"","","",1,7,1,7,1,2,1,"","","","","","","","","","","","","","","","","","","","","","","","","","","","",10000,1,"","",2,1,2,1,"","","","","","","","","","","","","","","","","","","","","","","","","","","","","","","","","","","","","","","","","","","","","","","","","","","","","","","","","","","","","","","","","",""
"31069001","TOULOUSE-BLAGNAC",43.621,1.378833,151,1968110618,"","","","",2.,1,240,1,"","","","","","","","","","","","","","","","","","","","","","","","","","","","",11.8,1,10.3,1,"","","","","","","","","","","","","","","","","","","","","","","","","","",93,1,"","","","","","","","","","","","",12.8,1,1013.5,1,995.3,1,"","","",1,7,1,6,1,8,1,7,1,"","","","","","","","","","","","","","","","","","","","","","","","","","",20000,1,"","",21,1,8,1,"","","","","","","","","","","","","","","","","","","","","","","","","","","","","","","","","","","","","","","","","","","","","","","","","","","","","","","","","","","","","","","","","",""
"31069001","TOULOUSE-BLAGNAC",43.621,1.378833,151,1968110621,"","","","",1.,1,160,1,"","","","","","","","","","","","","","","","","","","","","","","","","","","","",8.8,1,7.7,1,"","","","","","","","","","","","","","","","","","","","","","","","","","",94,1,"","","","","","","","","","","","",10.7,1,1014.2,1,995.8,1,"","","",1,0,1,"","",0,1,0,1,0,1,"","","","","","","","","","","","","","","","","","","","","","","","",10000,1,"","",1,1,2,1,"","","","","","","","","","","","","","","","","","","","","","","","","","","","","","","","","","","","","","","","","","","","","","","","","","","","","","","","","","","","","","","","","",""
"31069001","TOULOUSE-BLAGNAC",43.621,1.378833,151,1968110700,"","","","",2.,1,160,1,"","","","","","","","","","","","","","","","","","","","","","","","","","","","",7.2,1,6.6,1,"","","","","","","","","","","","","","","","","","","","","","","","","","",97,1,"","","","","","","","","","","","",9.9,1,1013.2,1,994.7,1,"","","",1,0,1,"","",0,1,0,1,0,1,"","","","","","","","","","","","","","","","","","","","","","","","",20000,1,"","",2,1,1,1,"","","","","","","","","","","","","","","","","","","","","","","","","","","","","","","","","","","","","","","","","","","","","","","","","","","","","","","","","","","","","","","","","",""
"31069001","TOULOUSE-BLAGNAC",43.621,1.378833,151,1968110703,"","","","",2.,1,140,1,"","","","","","","","","","","","","","","","","","","","","","","","","","","","",6.1,1,5.3,1,"","","","","","","","","","","","","","","","","","","","","","","","","","",95,1,"","","","","","","","","","","","",9.,1,1012.4,1,993.9,1,"","","",1,0,1,"","",0,1,0,1,0,1,"","","","","","","","","","","","","","","","","","","","","","","","",15000,1,"","",2,1,0,1,"","","","","","","","","","","","","","","","","","","","","","","","","","","","","","","","","","","","","","","","","","","","","","","","","","","","","","","","","","","","","","","","","",""
"31069001","TOULOUSE-BLAGNAC",43.621,1.378833,151,1968110706,"","","","",0.,1,0,1,"","","","","","","","","","","","","","","","","","","","","","","","","","","","",4.1,1,3.8,1,"","","","","","","","","","","","","","","","","","","","","","","","","","",98,1,"","","","","","","","","","","","",8.1,1,1011.3,1,992.6,1,"","","",1,0,1,"","",0,1,0,1,0,1,"","","","","","","","","","","","","","","","","","","","","","","","",130,1,"","",46,1,0,1,"","",2,1,"","","","","","","","","","","","","","","","","","","","","","","","","","","","","","","","","","","","","","","","","","","","","","","","","","","","","","","","","","","","","",""
"31069001","TOULOUSE-BLAGNAC",43.621,1.378833,151,1968110709,"","","","",0.,1,0,1,"","","","","","","","","","","","","","","","","","","","","","","","","","","","",7.2,1,6.6,1,"","","","","","","","","","","","","","","","","","","","","","","","","","",97,1,"","","","","","","","","","","","",9.9,1,1010.2,1,991.8,1,"","","",1,7,1,6,1,5,1,4,1,"","","","","","","","","","","","","","","","","","","","","","","","","","",1400,1,"","",10,1,4,1,"","","","","","","","","","","","","","","","","","","","","","","","","","","","","","","","","","","","","","","","","","","","","","","","","","","","","","","","","","","","","","","","","",""
"31069001","TOULOUSE-BLAGNAC",43.621,1.378833,151,1968110712,"","","","",2.,1,100,1,"","","","","","","","","","","","","","","","","","","","","","","","","","","","",15.1,1,9.8,1,"","","","","","","","","","","","","","","","","","","","","","","","","","",71,1,"","","","","","","","","","","","",12.3,1,1007.5,1,989.6,1,"","","",1,5,1,0,1,0,1,4,1,4,1,"","","","","","","","","","","","","","","","","","","","","","","","",10000,1,"","",2,1,4,1,"","","","","","","","","","","","","","","","","","","","","","","","","","","","","","","","","","","","","","","","","","","","","","","","","","","","","","","","","","","","","","","","","",""
"31069001","TOULOUSE-BLAGNAC",43.621,1.378833,151,1968110715,"","","","",4.,1,120,1,"","","","","","","","","","","","","","","","","","","","","","","","","","","","",16.2,1,8.7,1,"","","","","","","","","","","","","","","","","","","","","","","","","","",62,1,"","","","","","","","","","","","",11.4,1,1004.6,1,986.9,1,"","","",1,3,1,0,1,0,1,4,1,2,1,"","","","","","","","","","","","","","","","","","","","","","","","",20000,1,"","",2,1,1,1,"","","","","","","","","","","","","","","","","","","","","","","","","","","","","","","","","","","","","","","","","","","","","","","","","","","","","","","","","","","","","","","","","",""
"31069001","TOULOUSE-BLAGNAC",43.621,1.378833,151,1968110718,"","","","",4.,1,120,1,"","","","","","","","","","","","","","","","","","","","","","","","","","","","",13.6,1,8.8,1,"","","","","","","","","","","","","","","","","","","","","","","","","","",74,1,"","","","","","","","","","","","",11.5,1,1003.9,1,986.,1,"","","",1,7,1,6,1,0,1,5,1,2,1,"","","","","","","","","","","","","","","","","","","","","","","","",20000,1,"","",3,1,1,1,"","","","","","","","","","","","","","","","","","","","","","","","","","","","","","","","","","","","","","","","","","","","","","","","","","","","","","","","","","","","","","","","","",""
"31069001","TOULOUSE-BLAGNAC",43.621,1.378833,151,1968110721,"","","","",2.,1,320,1,"","","","","","","","","","","","","","","","","","","","","","","","","","","","",12.2,1,9.4,1,"","","","","","","","","","","","","","","","","","","","","","","","","","",85,1,"","","","","","","","","","","","",12.,1,1003.,1,985.,1,"","","",1,8,1,8,1,0,1,7,1,"","","","","","","","","","","","","","","","","","","","","","","","","","",20000,1,"","",2,1,2,1,"","","","","","","","","","","","","","","","","","","","","","","","","","","","","","","","","","","","","","","","","","","","","","","","","","","","","","","","","","","","","","","","","",""
"31069001","TOULOUSE-BLAGNAC",43.621,1.378833,151,1968110800,"","","","",0.,1,0,1,"","","","","","","","","","","","","","","","","","","","","","","","","","","","",11.1,1,9.,1,"","","","","","","","","","","","","","","","","","","","","","","","","","",89,1,"","","","","","","","","","","","",11.7,1,1001.6,1,983.6,1,"","","",1,8,1,8,1,0,1,7,1,"","","","","","","","","","","","","","","","","","","","","","","","","","",20000,1,"","",2,1,6,1,"","","","","","","","","","","","","","","","","","","","","","","","","","","","","","","","","","","","","","","","","","","","","","","","","","","","","","","","","","","","","","","","","",""
"31069001","TOULOUSE-BLAGNAC",43.621,1.378833,151,1968110803,"","","","",0.,1,0,1,"","","","","","","","","","","","","","","","","","","","","","","","","","","","",10.9,1,9.2,1,"","","","","","","","","","","","","","","","","","","","","","","","","","",91,1,"","","","","","","","","","","","",11.8,1,1000.9,1,982.9,1,"","","",1,8,1,8,1,5,1,"","","","","","","","","","","","","","","","","","","","","","","","","","","","",20000,1,"","",61,1,6,1,"","","","","","","","","","","","","","","","","","","","","","","","","","","","","","","","","","","","","","","","","","","","","","","","","","","","","","","","","","","","","","","","","",""
"31069001","TOULOUSE-BLAGNAC",43.621,1.378833,151,1968110806,"","","","",2.,1,300,1,"","","","","","","","","","","","","","","","","","","","","","","","","","","","",10.8,1,9.8,1,"","","","","","","","","","","","","","","","","","","","","","","","","","",95,1,"","","","","","","","","","","","",12.3,1,1000.9,1,982.9,1,"","","",1,8,1,8,1,5,1,"","","","","","","","","","","","","","","","","","","","","","","","","","","","",6000,1,"","",61,1,6,1,"","",2,1,"","","","","","","","","","","","","","","","","","","","","","","","","","","","","","","","","","","","","","","","","","","","","","","","","","","","","","","","","","","","","",""
"31069001","TOULOUSE-BLAGNAC",43.621,1.378833,151,1968110809,"","","","",2.,1,280,1,"","","","","","","","","","","","","","","","","","","","","","","","","","","","",10.8,1,9.8,1,"","","","","","","","","","","","","","","","","","","","","","","","","","",95,1,"","","","","","","","","","","","",12.3,1,1002.1,1,984.1,1,"","","",1,8,1,7,1,7,1,"","","","","","","","","","","","","","","","","","","","","","","","","","","","",3500,1,"","",61,1,6,1,"","","","","","","","","","","","","","","","","","","","","","","","","","","","","","","","","","","","","","","","","","","","","","","","","","","","","","","","","","","","","","","","","",""
"31069001","TOULOUSE-BLAGNAC",43.621,1.378833,151,1968110812,"","","","",0.,1,0,1,"","","","","","","","","","","","","","","","","","","","","","","","","","","","",11.2,1,10.1,1,"","","","","","","","","","","","","","","","","","","","","","","","","","",95,1,"","","","","","","","","","","","",12.6,1,1003.2,1,985.2,1,"","","",1,8,1,7,1,8,1,"","","","","","","","","","","","","","","","","","","","","","","","","","","","",4000,1,"","",61,1,6,1,"","","","","","","","","","","","","","","","","","","","","","","","","","","","","","","","","","","","","","","","","","","","","","","","","","","","","","","","","","","","","","","","","",""
"31069001","TOULOUSE-BLAGNAC",43.621,1.378833,151,1968110815,"","","","",0.,1,0,1,"","","","","","","","","","","","","","","","","","","","","","","","","","","","",11.7,1,10.6,1,"","","","","","","","","","","","","","","","","","","","","","","","","","",95,1,"","","","","","","","","","","","",13.,1,1004.5,1,986.5,1,"","","",1,8,1,7,1,7,1,2,1,"","","","","","","","","","","","","","","","","","","","","","","","","","",4500,1,"","",61,1,6,1,"","","","","","","","","","","","","","","","","","","","","","","","","","","","","","","","","","","","","","","","","","","","","","","","","","","","","","","","","","","","","","","","","",""
"31069001","TOULOUSE-BLAGNAC",43.621,1.378833,151,1968110818,"","","","",2.,1,280,1,"","","","","","","","","","","","","","","","","","","","","","","","","","","","",11.6,1,10.7,1,"","","","","","","","","","","","","","","","","","","","","","","","","","",96,1,"","","","","","","","","","","","",13.1,1,1007.9,1,989.8,1,"","","",1,8,1,8,1,7,1,7,1,"","","","","","","","","","","","","","","","","","","","","","","","","","",4000,1,"","",63,1,6,1,"","","","","","","","","","","","","","","","","","","","","","","","","","","","","","","","","","","","","","","","","","","","","","","","","","","","","","","","","","","","","","","","","",""
"31069001","TOULOUSE-BLAGNAC",43.621,1.378833,151,1968110821,"","","","",2.,1,280,1,"","","","","","","","","","","","","","","","","","","","","","","","","","","","",11.3,1,10.2,1,"","","","","","","","","","","","","","","","","","","","","","","","","","",95,1,"","","","","","","","","","","","",12.7,1,1010.,1,991.9,1,"","","",1,8,1,8,1,5,1,"","","","","","","","","","","","","","","","","","","","","","","","","","","","",4000,1,"","",61,1,6,1,"","","","","","","","","","","","","","","","","","","","","","","","","","","","","","","","","","","","","","","","","","","","","","","","","","","","","","","","","","","","","","","","","",""
"31069001","TOULOUSE-BLAGNAC",43.621,1.378833,151,1968110900,"","","","",5.,1,260,1,"","","","","","","","","","","","","","","","","","","","","","","","","","","","",11.2,1,9.9,1,"","","","","","","","","","","","","","","","","","","","","","","","","","",94,1,"","","","","","","","","","","","",12.4,1,1011.7,1,993.5,1,"","","",1,8,1,8,1,7,1,"","","","","","","","","","","","","","","","","","","","","","","","","","","","",5000,1,"","",61,1,6,1,"","","","","","","","","","","","","","","","","","","","","","","","","","","","","","","","","","","","","","","","","","","","","","","","","","","","","","","","","","","","","","","","","",""
"31069001","TOULOUSE-BLAGNAC",43.621,1.378833,151,1968110903,"","","","",5.,1,260,1,"","","","","","","","","","","","","","","","","","","","","","","","","","","","",9.5,1,8.,1,"","","","","","","","","","","","","","","","","","","","","","","","","","",92,1,"","","","","","","","","","","","",10.9,1,1013.8,1,995.5,1,"","","",1,8,1,8,1,6,1,"","","","","","","","","","","","","","","","","","","","","","","","","","","","",7000,1,"","",2,1,6,1,"","","","","","","","","","","","","","","","","","","","","","","","","","","","","","","","","","","","","","","","","","","","","","","","","","","","","","","","","","","","","","","","","",""
"31069001","TOULOUSE-BLAGNAC",43.621,1.378833,151,1968110906,"","","","",3.,1,260,1,"","","","","","","","","","","","","","","","","","","","","","","","","","","","",9.2,1,7.6,1,"","","","","","","","","","","","","","","","","","","","","","","","","","",91,1,"","","","","","","","","","","","",10.6,1,1016.,1,997.6,1,"","","",1,8,1,8,1,6,1,"","","","","","","","","","","","","","","","","","","","","","","","","","","","",6000,1,"","",2,1,6,1,"","",2,1,"","","","","","","","","","","","","","","","","","","","","","","","","","","","","","","","","","","","","","","","","","","","","","","","","","","","","","","","","","","","","",""
"31069001","TOULOUSE-BLAGNAC",43.621,1.378833,151,1968110909,"","","","",4.,1,280,1,"","","","","","","","","","","","","","","","","","","","","","","","","","","","",9.4,1,7.1,1,"","","","","","","","","","","","","","","","","","","","","","","","","","",87,1,"","","","","","","","","","","","",10.2,1,1018.1,1,999.7,1,"","","",1,8,1,7,1,6,1,"","","","","","","","","","","","","","","","","","","","","","","","","","","","",7000,1,"","",3,1,2,1,"","","","","","","","","","","","","","","","","","","","","","","","","","","","","","","","","","","","","","","","","","","","","","","","","","","","","","","","","","","","","","","","","",""
"31069001","TOULOUSE-BLAGNAC",43.621,1.378833,151,1968110912,"","","","",3.,1,300,1,"","","","","","","","","","","","","","","","","","","","","","","","","","","","",9.3,1,6.4,1,"","","","","","","","","","","","","","","","","","","","","","","","","","",83,1,"","","","","","","","","","","","",9.7,1,1018.7,1,1000.3,1,"","","",1,8,1,7,1,6,1,"","","","","","","","","","","","","","","","","","","","","","","","","","","","",8000,1,"","",2,1,2,1,"","","","","","","","","","","","","","","","","","","","","","","","","","","","","","","","","","","","","","","","","","","","","","","","","","","","","","","","","","","","","","","","","",""
"31069001","TOULOUSE-BLAGNAC",43.621,1.378833,151,1968110915,"","","","",3.,1,260,1,"","","","","","","","","","","","","","","","","","","","","","","","","","","","",10.4,1,5.8,1,"","","","","","","","","","","","","","","","","","","","","","","","","","",73,1,"","","","","","","","","","","","",9.3,1,1019.1,1,1000.7,1,"","","",1,5,1,0,1,5,1,0,1,0,1,"","","","","","","","","","","","","","","","","","","","","","","","",10000,1,"","",1,1,2,1,"","","","","","","","","","","","","","","","","","","","","","","","","","","","","","","","","","","","","","","","","","","","","","","","","","","","","","","","","","","","","","","","","",""
"31069001","TOULOUSE-BLAGNAC",43.621,1.378833,151,1968110918,"","","","",0.,1,0,1,"","","","","","","","","","","","","","","","","","","","","","","","","","","","",6.9,1,5.3,1,"","","","","","","","","","","","","","","","","","","","","","","","","","",91,1,"","","","","","","","","","","","",9.,1,1020.1,1,1001.5,1,"","","",1,1,1,0,1,5,1,0,1,0,1,"","","","","","","","","","","","","","","","","","","","","","","","",8000,1,"","",2,1,1,1,"","","","","","","","","","","","","","","","","","","","","","","","","","","","","","","","","","","","","","","","","","","","","","","","","","","","","","","","","","","","","","","","","",""
"31069001","TOULOUSE-BLAGNAC",43.621,1.378833,151,1968110921,"","","","",0.,1,0,1,"","","","","","","","","","","","","","","","","","","","","","","","","","","","",4.3,1,3.5,1,"","","","","","","","","","","","","","","","","","","","","","","","","","",95,1,"","","","","","","","","","","","",7.9,1,1020.2,1,1001.4,1,"","","",1,0,1,"","",0,1,0,1,0,1,"","","","","","","","","","","","","","","","","","","","","","","","",6000,1,"","",2,1,0,1,"","","","","","","","","","","","","","","","","","","","","","","","","","","","","","","","","","","","","","","","","","","","","","","","","","","","","","","","","","","","","","","","","",""
"31069001","TOULOUSE-BLAGNAC",43.621,1.378833,151,1968111000,"","","","",1.,1,160,1,"","","","","","","","","","","","","","","","","","","","","","","","","","","","",3.,1,2.4,1,"","","","","","","","","","","","","","","","","","","","","","","","","","","","","","","","","","","","","","","","",7.3,1,"","",1000.2,1,"","","","",0,1,"","",0,1,0,1,0,1,"","","","","","","","","","","","","","","","","","","","","","","","",4000,1,"","",10,1,0,1,"","","","","","","","","","","","","","","","","","","","","","","","","","","","","","","","","","","","","","","","","","","","","","","","","","","","","","","","","","","","","","","","","",""
"31069001","TOULOUSE-BLAGNAC",43.621,1.378833,151,1968111003,"","","","",0.,1,0,1,"","","","","","","","","","","","","","","","","","","","","","","","","","","","",1.9,1,1.9,1,"","","","","","","","","","","","","","","","","","","","","","","","","","",100,1,"","","","","","","","","","","","",7.,1,1016.5,1,997.6,1,"","","",1,0,1,"","",0,1,0,1,0,1,"","","","","","","","","","","","","","","","","","","","","","","","",50,1,"","",44,1,4,1,"","","","","","","","","","","","","","","","","","","","","","","","","","","","","","","","","","","","","","","","","","","","","","","","","","","","","","","","","","","","","","","","","",""
"31069001","TOULOUSE-BLAGNAC",43.621,1.378833,151,1968111006,"","","","",0.,1,0,1,"","","","","","","","","","","","","","","","","","","","","","","","","","","","",1.7,1,1.7,1,"","","","","","","","","","","","","","","","","","","","","","","","","","",100,1,"","","","","","","","","","","","",6.9,1,1014.8,1,995.9,1,"","","",1,9,1,"","","","","","","","","","","","","","","","","","","","","","","","","","","","","","","","",50,1,"","",47,1,4,1,"","",1,1,"","","","","","","","","","","","","","","","","","","","","","","","","","","","","","","","","","","","","","","","","","","","","","","","","","","","","","","","","","","","","",""
"31069001","TOULOUSE-BLAGNAC",43.621,1.378833,151,1968111009,"","","","",0.,1,0,1,"","","","","","","","","","","","","","","","","","","","","","","","","","","","",3.,1,2.4,1,"","","","","","","","","","","","","","","","","","","","","","","","","","",97,1,"","","","","","","","","","","","",7.3,1,1014.6,1,995.8,1,"","","",1,9,1,"","","","","","","","","","","","","","","","","","","","","","","","","","","","","","","","",60,1,"","",45,1,4,1,"","","","","","","","","","","","","","","","","","","","","","","","","","","","","","","","","","","","","","","","","","","","","","","","","","","","","","","","","","","","","","","","","",""
"31069001","TOULOUSE-BLAGNAC",43.621,1.378833,151,1968111012,"","","","",2.,1,120,1,"","","","","","","","","","","","","","","","","","","","","","","","","","","","",7.3,1,6.2,1,"","","","","","","","","","","","","","","","","","","","","","","","","","",94,1,"","","","","","","","","","","","",9.6,1,1013.3,1,994.8,1,"","","",1,7,1,6,1,0,1,4,1,2,1,"","","","","","","","","","","","","","","","","","","","","","","","",4500,1,"","",28,1,4,1,"","","","","","","","","","","","","","","","","","","","","","","","","","","","","","","","","","","","","","","","","","","","","","","","","","","","","","","","","","","","","","","","","",""
"31069001","TOULOUSE-BLAGNAC",43.621,1.378833,151,1968111015,"","","","",2.,1,140,1,"","","","","","","","","","","","","","","","","","","","","","","","","","","","",12.,1,6.4,1,"","","","","","","","","","","","","","","","","","","","","","","","","","",69,1,"","","","","","","","","","","","",9.7,1,1013.5,1,995.3,1,"","","",1,8,1,8,1,0,1,4,1,7,1,"","","","","","","","","","","","","","","","","","","","","","","","",20000,1,"","",3,1,2,1,"","","","","","","","","","","","","","","","","","","","","","","","","","","","","","","","","","","","","","","","","","","","","","","","","","","","","","","","","","","","","","","","","",""
"31069001","TOULOUSE-BLAGNAC",43.621,1.378833,151,1968111018,"","","","",3.,1,180,1,"","","","","","","","","","","","","","","","","","","","","","","","","","","","",10.4,1,7.5,1,"","","","","","","","","","","","","","","","","","","","","","","","","","",83,1,"","","","","","","","","","","","",10.5,1,1014.7,1,996.4,1,"","","",1,8,1,8,1,5,1,"","","","","","","","","","","","","","","","","","","","","","","","","","","","",15000,1,"","",2,1,2,1,"","","","","","","","","","","","","","","","","","","","","","","","","","","","","","","","","","","","","","","","","","","","","","","","","","","","","","","","","","","","","","","","","",""
"31069001","TOULOUSE-BLAGNAC",43.621,1.378833,151,1968111021,"","","","",5.,1,220,1,"","","","","","","","","","","","","","","","","","","","","","","","","","","","",11.,1,9.3,1,"","","","","","","","","","","","","","","","","","","","","","","","","","",91,1,"","","","","","","","","","","","",11.9,1,1016.9,1,998.6,1,"","","",1,8,1,7,1,5,1,"","","","","","","","","","","","","","","","","","","","","","","","","","","","",6000,1,"","",61,1,6,1,"","","","","","","","","","","","","","","","","","","","","","","","","","","","","","","","","","","","","","","","","","","","","","","","","","","","","","","","","","","","","","","","","",""
"31069001","TOULOUSE-BLAGNAC",43.621,1.378833,151,1968111100,"","","","",6.,1,240,1,"","","","","","","","","","","","","","","","","","","","","","","","","","","","",10.2,1,7.5,1,"","","","","","","","","","","","","","","","","","","","","","","","","","",85,1,"","","","","","","","","","","","",10.5,1,1017.5,1,999.1,1,"","","",1,7,1,5,1,5,1,7,1,"","","","","","","","","","","","","","","","","","","","","","","","","","",10000,1,"","",2,1,6,1,"","","","","","","","","","","","","","","","","","","","","","","","","","","","","","","","","","","","","","","","","","","","","","","","","","","","","","","","","","","","","","","","","",""
"31069001","TOULOUSE-BLAGNAC",43.621,1.378833,151,1968111103,"","","","",5.,1,240,1,"","","","","","","","","","","","","","","","","","","","","","","","","","","","",9.,1,6.8,1,"","","","","","","","","","","","","","","","","","","","","","","","","","",87,1,"","","","","","","","","","","","",10.,1,1017.8,1,999.4,1,"","","",1,2,1,0,1,0,1,4,1,0,1,"","","","","","","","","","","","","","","","","","","","","","","","",15000,1,"","",1,1,1,1,"","","","","","","","","","","","","","","","","","","","","","","","","","","","","","","","","","","","","","","","","","","","","","","","","","","","","","","","","","","","","","","","","",""
"31069001","TOULOUSE-BLAGNAC",43.621,1.378833,151,1968111106,"","","","",6.,1,240,1,"","","","","","","","","","","","","","","","","","","","","","","","","","","","",8.9,1,6.8,1,"","","","","","","","","","","","","","","","","","","","","","","","","","",88,1,"","","","","","","","","","","","",10.,1,1018.3,1,999.8,1,"","","",1,5,1,0,1,5,1,3,1,0,1,"","","","","","","","","","","","","","","","","","","","","","","","",15000,1,"","",1,1,6,1,"","",2,1,"","","","","","","","","","","","","","","","","","","","","","","","","","","","","","","","","","","","","","","","","","","","","","","","","","","","","","","","","","","","","",""
"31069001","TOULOUSE-BLAGNAC",43.621,1.378833,151,1968111109,"","","","",5.,1,240,1,"","","","","","","","","","","","","","","","","","","","","","","","","","","","",10.,1,7.7,1,"","","","","","","","","","","","","","","","","","","","","","","","","","",87,1,"","","","","","","","","","","","",10.7,1,1019.9,1,1001.5,1,"","","",1,7,1,5,1,8,1,"","","","","","","","","","","","","","","","","","","","","","","","","","","","",15000,1,"","",80,1,1,1,"","","","","","","","","","","","","","","","","","","","","","","","","","","","","","","","","","","","","","","","","","","","","","","","","","","","","","","","","","","","","","","","","",""
"31069001","TOULOUSE-BLAGNAC",43.621,1.378833,151,1968111112,"","","","",6.,1,260,1,"","","","","","","","","","","","","","","","","","","","","","","","","","","","",13.8,1,9.8,1,"","","","","","","","","","","","","","","","","","","","","","","","","","",78,1,"","","","","","","","","","","","",12.3,1,1019.4,1,1001.2,1,"","","",1,6,1,5,1,8,1,0,1,0,1,"","","","","","","","","","","","","","","","","","","","","","","","",30000,1,"","",1,1,8,1,"","","","","","","","","","","","","","","","","","","","","","","","","","","","","","","","","","","","","","","","","","","","","","","","","","","","","","","","","","","","","","","","","",""
"31069001","TOULOUSE-BLAGNAC",43.621,1.378833,151,1968111115,"","","","",4.,1,260,1,"","","","","","","","","","","","","","","","","","","","","","","","","","","","",14.,1,9.9,1,"","","","","","","","","","","","","","","","","","","","","","","","","","",78,1,"","","","","","","","","","","","",12.4,1,1018.6,1,1000.5,1,"","","",1,5,1,5,1,8,1,0,1,2,1,"","","","","","","","","","","","","","","","","","","","","","","","",30000,1,"","",3,1,2,1,"","","","","","","","","","","","","","","","","","","","","","","","","","","","","","","","","","","","","","","","","","","","","","","","","","","","","","","","","","","","","","","","","",""
"31069001","TOULOUSE-BLAGNAC",43.621,1.378833,151,1968111118,"","","","",2.,1,240,1,"","","","","","","","","","","","","","","","","","","","","","","","","","","","",10.2,1,8.1,1,"","","","","","","","","","","","","","","","","","","","","","","","","","",88,1,"","","","","","","","","","","","",11.,1,1018.5,1,1000.1,1,"","","",1,1,1,0,1,4,1,0,1,2,1,"","","","","","","","","","","","","","","","","","","","","","","","",30000,1,"","",1,1,1,1,"","","","","","","","","","","","","","","","","","","","","","","","","","","","","","","","","","","","","","","","","","","","","","","","","","","","","","","","","","","","","","","","","",""
"31069001","TOULOUSE-BLAGNAC",43.621,1.378833,151,1968111121,"","","","",0.,1,0,1,"","","","","","","","","","","","","","","","","","","","","","","","","","","","",7.8,1,6.8,1,"","","","","","","","","","","","","","","","","","","","","","","","","","",94,1,"","","","","","","","","","","","",10.,1,1018.9,1,1000.4,1,"","","",1,0,1,"","",0,1,0,1,0,1,"","","","","","","","","","","","","","","","","","","","","","","","",15000,1,"","",2,1,0,1,"","","","","","","","","","","","","","","","","","","","","","","","","","","","","","","","","","","","","","","","","","","","","","","","","","","","","","","","","","","","","","","","","",""
"31069001","TOULOUSE-BLAGNAC",43.621,1.378833,151,1968111200,"","","","",0.,1,0,1,"","","","","","","","","","","","","","","","","","","","","","","","","","","","",5.3,1,4.7,1,"","","","","","","","","","","","","","","","","","","","","","","","","","",97,1,"","","","","","","","","","","","",8.6,1,1018.8,1,1000.1,1,"","","",1,0,1,"","",0,1,0,1,0,1,"","","","","","","","","","","","","","","","","","","","","","","","",300,1,"","",46,1,0,1,"","","","","","","","","","","","","","","","","","","","","","","","","","","","","","","","","","","","","","","","","","","","","","","","","","","","","","","","","","","","","","","","","",""
"31069001","TOULOUSE-BLAGNAC",43.621,1.378833,151,1968111203,"","","","",2.,1,160,1,"","","","","","","","","","","","","","","","","","","","","","","","","","","","",6.6,1,6.1,1,"","","","","","","","","","","","","","","","","","","","","","","","","","",97,1,"","","","","","","","","","","","",9.5,1,1017.3,1,998.7,1,"","","",1,9,1,"","","","","","","","","","","","","","","","","","","","","","","","","","","","","","","","",450,1,"","",47,1,4,1,"","","","","","","","","","","","","","","","","","","","","","","","","","","","","","","","","","","","","","","","","","","","","","","","","","","","","","","","","","","","","","","","","",""
"31069001","TOULOUSE-BLAGNAC",43.621,1.378833,151,1968111206,"","","","",0.,1,0,1,"","","","","","","","","","","","","","","","","","","","","","","","","","","","",7.4,1,6.8,1,"","","","","","","","","","","","","","","","","","","","","","","","","","",97,1,"","","","","","","","","","","","",10.,1,1015.9,1,997.4,1,"","","",1,9,1,"","","","","","","","","","","","","","","","","","","","","","","","","","","","","","","","",300,1,"","",47,1,4,1,"","",1,1,"","","","","","","","","","","","","","","","","","","","","","","","","","","","","","","","","","","","","","","","","","","","","","","","","","","","","","","","","","","","","",""
"31069001","TOULOUSE-BLAGNAC",43.621,1.378833,151,1968111209,"","","","",1.,1,80,1,"","","","","","","","","","","","","","","","","","","","","","","","","","","","",8.9,1,7.6,1,"","","","","","","","","","","","","","","","","","","","","","","","","","",93,1,"","","","","","","","","","","","",10.6,1,1015.7,1,997.3,1,"","","",1,8,1,8,1,6,1,"","","","","","","","","","","","","","","","","","","","","","","","","","","","",5000,1,"","",2,1,4,1,"","","","","","","","","","","","","","","","","","","","","","","","","","","","","","","","","","","","","","","","","","","","","","","","","","","","","","","","","","","","","","","","","",""
"31069001","TOULOUSE-BLAGNAC",43.621,1.378833,151,1968111212,"","","","",2.,1,80,1,"","","","","","","","","","","","","","","","","","","","","","","","","","","","",12.3,1,8.,1,"","","","","","","","","","","","","","","","","","","","","","","","","","",76,1,"","","","","","","","","","","","",10.9,1,1012.7,1,994.6,1,"","","",1,4,1,0,1,6,1,0,1,4,1,"","","","","","","","","","","","","","","","","","","","","","","","",10000,1,"","",1,1,4,1,"","","","","","","","","","","","","","","","","","","","","","","","","","","","","","","","","","","","","","","","","","","","","","","","","","","","","","","","","","","","","","","","","",""
"31069001","TOULOUSE-BLAGNAC",43.621,1.378833,151,1968111215,"","","","",4.,1,120,1,"","","","","","","","","","","","","","","","","","","","","","","","","","","","",15.6,1,5.3,1,"","","","","","","","","","","","","","","","","","","","","","","","","","",51,1,"","","","","","","","","","","","",9.,1,1010.3,1,992.4,1,"","","",1,6,1,6,1,0,1,0,1,4,1,"","","","","","","","","","","","","","","","","","","","","","","","",50000,1,"","",2,1,1,1,"","","","","","","","","","","","","","","","","","","","","","","","","","","","","","","","","","","","","","","","","","","","","","","","","","","","","","","","","","","","","","","","","",""
"31069001","TOULOUSE-BLAGNAC",43.621,1.378833,151,1968111218,"","","","",7.,1,120,1,"","","","","","","","","","","","","","","","","","","","","","","","","","","","",11.7,1,4.2,1,"","","","","","","","","","","","","","","","","","","","","","","","","","",60,1,"","","","","","","","","","","","",8.3,1,1010.,1,991.9,1,"","","",1,2,1,0,1,0,1,0,1,1,1,"","","","","","","","","","","","","","","","","","","","","","","","",50000,1,"","",1,1,1,1,"","","","","","","","","","","","","","","","","","","","","","","","","","","","","","","","","","","","","","","","","","","","","","","","","","","","","","","","","","","","","","","","","",""
"31069001","TOULOUSE-BLAGNAC",43.621,1.378833,151,1968111221,"","","","",4.,1,120,1,"","","","","","","","","","","","","","","","","","","","","","","","","","","","",10.7,1,6.4,1,"","","","","","","","","","","","","","","","","","","","","","","","","","",75,1,"","","","","","","","","","","","",9.7,1,1009.4,1,991.2,1,"","","",1,0,1,"","",0,1,0,1,0,1,"","","","","","","","","","","","","","","","","","","","","","","","",20000,1,"","",2,1,0,1,"","","","","","","","","","","","","","","","","","","","","","","","","","","","","","","","","","","","","","","","","","","","","","","","","","","","","","","","","","","","","","","","","",""
"31069001","TOULOUSE-BLAGNAC",43.621,1.378833,151,1968111300,"","","","",5.,1,120,1,"","","","","","","","","","","","","","","","","","","","","","","","","","","","",11.8,1,8.,1,"","","","","","","","","","","","","","","","","","","","","","","","","","",78,1,"","","","","","","","","","","","",10.9,1,1008.7,1,990.6,1,"","","",1,5,1,5,1,0,1,0,1,5,1,"","","","","","","","","","","","","","","","","","","","","","","","",20000,1,"","",3,1,1,1,"","","","","","","","","","","","","","","","","","","","","","","","","","","","","","","","","","","","","","","","","","","","","","","","","","","","","","","","","","","","","","","","","",""
"31069001","TOULOUSE-BLAGNAC",43.621,1.378833,151,1968111303,"","","","",4.,1,140,1,"","","","","","","","","","","","","","","","","","","","","","","","","","","","",11.9,1,8.7,1,"","","","","","","","","","","","","","","","","","","","","","","","","","",82,1,"","","","","","","","","","","","",11.4,1,1008.7,1,990.6,1,"","","",1,7,1,7,1,6,1,4,1,2,1,"","","","","","","","","","","","","","","","","","","","","","","","",20000,1,"","",3,1,2,1,"","","","","","","","","","","","","","","","","","","","","","","","","","","","","","","","","","","","","","","","","","","","","","","","","","","","","","","","","","","","","","","","","",""
"31069001","TOULOUSE-BLAGNAC",43.621,1.378833,151,1968111306,"","","","",3.,1,140,1,"","","","","","","","","","","","","","","","","","","","","","","","","","","","",11.6,1,9.2,1,"","","","","","","","","","","","","","","","","","","","","","","","","","",87,1,"","","","","","","","","","","","",11.8,1,1008.7,1,990.6,1,"","","",1,7,1,7,1,6,1,4,1,8,1,"","","","","","","","","","","","","","","","","","","","","","","","",15000,1,"","",2,1,2,1,"","",0,1,"","","","","","","","","","","","","","","","","","","","","","","","","","","","","","","","","","","","","","","","","","","","","","","","","","","","","","","","","","","","","",""
"31069001","TOULOUSE-BLAGNAC",43.621,1.378833,151,1968111309,"","","","",0.,1,0,1,"","","","","","","","","","","","","","","","","","","","","","","","","","","","",11.3,1,8.7,1,"","","","","","","","","","","","","","","","","","","","","","","","","","",85,1,"","","","","","","","","","","","",11.4,1,1011.4,1,993.2,1,"","","",1,7,1,7,1,6,1,3,1,"","","","","","","","","","","","","","","","","","","","","","","","","","",8000,1,"","",3,1,2,1,"","","","","","","","","","","","","","","","","","","","","","","","","","","","","","","","","","","","","","","","","","","","","","","","","","","","","","","","","","","","","","","","","",""
"31069001","TOULOUSE-BLAGNAC",43.621,1.378833,151,1968111312,"","","","",5.,1,140,1,"","","","","","","","","","","","","","","","","","","","","","","","","","","","",16.8,1,10.,1,"","","","","","","","","","","","","","","","","","","","","","","","","","",65,1,"","","","","","","","","","","","",12.5,1,1010.4,1,992.6,1,"","","",1,7,1,5,1,0,1,4,1,2,1,"","","","","","","","","","","","","","","","","","","","","","","","",20000,1,"","",2,1,2,1,"","","","","","","","","","","","","","","","","","","","","","","","","","","","","","","","","","","","","","","","","","","","","","","","","","","","","","","","","","","","","","","","","",""
"31069001","TOULOUSE-BLAGNAC",43.621,1.378833,151,1968111315,"","","","",3.,1,120,1,"","","","","","","","","","","","","","","","","","","","","","","","","","","","",16.,1,10.1,1,"","","","","","","","","","","","","","","","","","","","","","","","","","",70,1,"","","","","","","","","","","","",12.6,1,1010.,1,992.2,1,"","","",1,7,1,5,1,5,1,4,1,2,1,"","","","","","","","","","","","","","","","","","","","","","","","",20000,1,"","",2,1,2,1,"","","","","","","","","","","","","","","","","","","","","","","","","","","","","","","","","","","","","","","","","","","","","","","","","","","","","","","","","","","","","","","","","",""
"31069001","TOULOUSE-BLAGNAC",43.621,1.378833,151,1968111318,"","","","",3.,1,120,1,"","","","","","","","","","","","","","","","","","","","","","","","","","","","",13.9,1,10.6,1,"","","","","","","","","","","","","","","","","","","","","","","","","","",82,1,"","","","","","","","","","","","",13.,1,1010.5,1,992.5,1,"","","",1,3,1,0,1,0,1,4,1,1,1,"","","","","","","","","","","","","","","","","","","","","","","","",20000,1,"","",1,1,1,1,"","","","","","","","","","","","","","","","","","","","","","","","","","","","","","","","","","","","","","","","","","","","","","","","","","","","","","","","","","","","","","","","","",""
"31069001","TOULOUSE-BLAGNAC",43.621,1.378833,151,1968111321,"","","","",0.,1,0,1,"","","","","","","","","","","","","","","","","","","","","","","","","","","","",10.7,1,9.4,1,"","","","","","","","","","","","","","","","","","","","","","","","","","",94,1,"","","","","","","","","","","","",12.,1,1010.4,1,992.2,1,"","","",1,2,1,0,1,0,1,0,1,1,1,"","","","","","","","","","","","","","","","","","","","","","","","",15000,1,"","",2,1,0,1,"","","","","","","","","","","","","","","","","","","","","","","","","","","","","","","","","","","","","","","","","","","","","","","","","","","","","","","","","","","","","","","","","",""
"31069001","TOULOUSE-BLAGNAC",43.621,1.378833,151,1968111400,"","","","",0.,1,0,1,"","","","","","","","","","","","","","","","","","","","","","","","","","","","",10.4,1,9.3,1,"","","","","","","","","","","","","","","","","","","","","","","","","","",96,1,"","","","","","","","","","","","",11.9,1,1009.3,1,991.1,1,"","","",1,3,1,0,1,6,1,0,1,0,1,"","","","","","","","","","","","","","","","","","","","","","","","",10000,1,"","",1,1,1,1,"","","","","","","","","","","","","","","","","","","","","","","","","","","","","","","","","","","","","","","","","","","","","","","","","","","","","","","","","","","","","","","","","",""
"31069001","TOULOUSE-BLAGNAC",43.621,1.378833,151,1968111403,"","","","",2.,1,120,1,"","","","","","","","","","","","","","","","","","","","","","","","","","","","",12.1,1,10.6,1,"","","","","","","","","","","","","","","","","","","","","","","","","","",91,1,"","","","","","","","","","","","",13.,1,1008.4,1,990.3,1,"","","",1,7,1,7,1,6,1,5,1,"","","","","","","","","","","","","","","","","","","","","","","","","","",10000,1,"","",3,1,1,1,"","","","","","","","","","","","","","","","","","","","","","","","","","","","","","","","","","","","","","","","","","","","","","","","","","","","","","","","","","","","","","","","","",""
"31069001","TOULOUSE-BLAGNAC",43.621,1.378833,151,1968111406,"","","","",3.,1,120,1,"","","","","","","","","","","","","","","","","","","","","","","","","","","","",14.3,1,11.5,1,"","","","","","","","","","","","","","","","","","","","","","","","","","",86,1,"","","","","","","","","","","","",13.9,1,1007.4,1,989.5,1,"","","",1,7,1,7,1,6,1,5,1,"","","","","","","","","","","","","","","","","","","","","","","","","","",10000,1,"","",2,1,1,1,"","",1,1,"","","","","","","","","","","","","","","","","","","","","","","","","","","","","","","","","","","","","","","","","","","","","","","","","","","","","","","","","","","","","",""
"31069001","TOULOUSE-BLAGNAC",43.621,1.378833,151,1968111409,"","","","",6.,1,120,1,"","","","","","","","","","","","","","","","","","","","","","","","","","","","",16.3,1,12.4,1,"","","","","","","","","","","","","","","","","","","","","","","","","","",80,1,"","","","","","","","","","","","",14.7,1,1006.9,1,989.1,1,"","","",1,6,1,5,1,1,1,4,1,1,1,"","","","","","","","","","","","","","","","","","","","","","","","",20000,1,"","",1,1,2,1,"","","","","","","","","","","","","","","","","","","","","","","","","","","","","","","","","","","","","","","","","","","","","","","","","","","","","","","","","","","","","","","","","",""
"31069001","TOULOUSE-BLAGNAC",43.621,1.378833,151,1968111412,"","","","",6.,1,120,1,"","","","","","","","","","","","","","","","","","","","","","","","","","","","",18.1,1,12.5,1,"","","","","","","","","","","","","","","","","","","","","","","","","","",71,1,"","","","","","","","","","","","",14.8,1,1006.,1,988.4,1,"","","",1,7,1,6,1,1,1,3,1,2,1,"","","","","","","","","","","","","","","","","","","","","","","","",30000,1,"","",3,1,2,1,"","","","","","","","","","","","","","","","","","","","","","","","","","","","","","","","","","","","","","","","","","","","","","","","","","","","","","","","","","","","","","","","","",""
"31069001","TOULOUSE-BLAGNAC",43.621,1.378833,151,1968111415,"","","","",6.,1,140,1,"","","","","","","","","","","","","","","","","","","","","","","","","","","","",17.5,1,12.4,1,"","","","","","","","","","","","","","","","","","","","","","","","","","",74,1,"","","","","","","","","","","","",14.7,1,1004.6,1,987.,1,"","","",1,5,1,0,1,1,1,4,1,1,1,"","","","","","","","","","","","","","","","","","","","","","","","",30000,1,"","",1,1,2,1,"","","","","","","","","","","","","","","","","","","","","","","","","","","","","","","","","","","","","","","","","","","","","","","","","","","","","","","","","","","","","","","","","",""
"31069001","TOULOUSE-BLAGNAC",43.621,1.378833,151,1968111418,"","","","",3.,1,120,1,"","","","","","","","","","","","","","","","","","","","","","","","","","","","",15.,1,12.2,1,"","","","","","","","","","","","","","","","","","","","","","","","","","",85,1,"","","","","","","","","","","","",14.5,1,1005.5,1,987.7,1,"","","",1,4,1,0,1,6,1,4,1,2,1,"","","","","","","","","","","","","","","","","","","","","","","","",30000,1,"","",1,1,1,1,"","","","","","","","","","","","","","","","","","","","","","","","","","","","","","","","","","","","","","","","","","","","","","","","","","","","","","","","","","","","","","","","","",""
"31069001","TOULOUSE-BLAGNAC",43.621,1.378833,151,1968111421,"","","","",5.,1,100,1,"","","","","","","","","","","","","","","","","","","","","","","","","","","","",15.,1,12.6,1,"","","","","","","","","","","","","","","","","","","","","","","","","","",87,1,"","","","","","","","","","","","",14.9,1,1004.5,1,986.7,1,"","","",1,2,1,0,1,6,1,0,1,0,1,"","","","","","","","","","","","","","","","","","","","","","","","",30000,1,"","",2,1,0,1,"","","","","","","","","","","","","","","","","","","","","","","","","","","","","","","","","","","","","","","","","","","","","","","","","","","","","","","","","","","","","","","","","",""
"31069001","TOULOUSE-BLAGNAC",43.621,1.378833,151,1968111500,"","","","",5.,1,120,1,"","","","","","","","","","","","","","","","","","","","","","","","","","","","",15.3,1,12.,1,"","","","","","","","","","","","","","","","","","","","","","","","","","",82,1,"","","","","","","","","","","","",14.3,1,1003.,1,985.2,1,"","","",1,5,1,5,1,0,1,0,1,4,1,"","","","","","","","","","","","","","","","","","","","","","","","",30000,1,"","",3,1,0,1,"","","","","","","","","","","","","","","","","","","","","","","","","","","","","","","","","","","","","","","","","","","","","","","","","","","","","","","","","","","","","","","","","",""
"31069001","TOULOUSE-BLAGNAC",43.621,1.378833,151,1968111503,"","","","",5.,1,100,1,"","","","","","","","","","","","","","","","","","","","","","","","","","","","",15.1,1,11.6,1,"","","","","","","","","","","","","","","","","","","","","","","","","","",81,1,"","","","","","","","","","","","",14.,1,1001.5,1,983.8,1,"","","",1,5,1,5,1,0,1,0,1,2,1,"","","","","","","","","","","","","","","","","","","","","","","","",30000,1,"","",1,1,2,1,"","","","","","","","","","","","","","","","","","","","","","","","","","","","","","","","","","","","","","","","","","","","","","","","","","","","","","","","","","","","","","","","","",""
"31069001","TOULOUSE-BLAGNAC",43.621,1.378833,151,1968111506,"","","","",3.,1,100,1,"","","","","","","","","","","","","","","","","","","","","","","","","","","","",14.3,1,11.1,1,"","","","","","","","","","","","","","","","","","","","","","","","","","",83,1,"","","","","","","","","","","","",13.5,1,1001.4,1,983.6,1,"","","",1,5,1,5,1,0,1,4,1,2,1,"","","","","","","","","","","","","","","","","","","","","","","","",30000,1,"","",1,1,2,1,"","",0,1,"","","","","","","","","","","","","","","","","","","","","","","","","","","","","","","","","","","","","","","","","","","","","","","","","","","","","","","","","","","","","",""
"31069001","TOULOUSE-BLAGNAC",43.621,1.378833,151,1968111509,"","","","",6.,1,100,1,"","","","","","","","","","","","","","","","","","","","","","","","","","","","",16.,1,11.2,1,"","","","","","","","","","","","","","","","","","","","","","","","","","",75,1,"","","","","","","","","","","","",13.6,1,1000.9,1,983.2,1,"","","",1,6,1,5,1,1,1,4,1,1,1,"","","","","","","","","","","","","","","","","","","","","","","","",20000,1,"","",1,1,2,1,"","","","","","","","","","","","","","","","","","","","","","","","","","","","","","","","","","","","","","","","","","","","","","","","","","","","","","","","","","","","","","","","","",""
"31069001","TOULOUSE-BLAGNAC",43.621,1.378833,151,1968111512,"","","","",8.,1,100,1,"","","","","","","","","","","","","","","","","","","","","","","","","","","","",17.1,1,11.2,1,"","","","","","","","","","","","","","","","","","","","","","","","","","",69,1,"","","","","","","","","","","","",13.6,1,998.4,1,980.8,1,"","","",1,6,1,5,1,6,1,8,1,2,1,"","","","","","","","","","","","","","","","","","","","","","","","",30000,1,"","",2,1,2,1,"","","","","","","","","","","","","","","","","","","","","","","","","","","","","","","","","","","","","","","","","","","","","","","","","","","","","","","","","","","","","","","","","",""
"31069001","TOULOUSE-BLAGNAC",43.621,1.378833,151,1968111515,"","","","",7.,1,100,1,"","","","","","","","","","","","","","","","","","","","","","","","","","","","",15.4,1,10.6,1,"","","","","","","","","","","","","","","","","","","","","","","","","","",75,1,"","","","","","","","","","","","",13.,1,996.5,1,978.9,1,"","","",1,7,1,7,1,5,1,0,1,2,1,"","","","","","","","","","","","","","","","","","","","","","","","",20000,1,"","",3,1,2,1,"","","","","","","","","","","","","","","","","","","","","","","","","","","","","","","","","","","","","","","","","","","","","","","","","","","","","","","","","","","","","","","","","",""
"31069001","TOULOUSE-BLAGNAC",43.621,1.378833,151,1968111518,"","","","",8.,1,100,1,"","","","","","","","","","","","","","","","","","","","","","","","","","","","",14.8,1,10.2,1,"","","","","","","","","","","","","","","","","","","","","","","","","","",76,1,"","","","","","","","","","","","",12.7,1,996.2,1,978.5,1,"","","",1,8,1,8,1,5,1,"","","","","","","","","","","","","","","","","","","","","","","","","","","","",15000,1,"","",2,1,2,1,"","","","","","","","","","","","","","","","","","","","","","","","","","","","","","","","","","","","","","","","","","","","","","","","","","","","","","","","","","","","","","","","","",""
"31069001","TOULOUSE-BLAGNAC",43.621,1.378833,151,1968111521,"","","","",7.,1,100,1,"","","","","","","","","","","","","","","","","","","","","","","","","","","","",14.2,1,10.1,1,"","","","","","","","","","","","","","","","","","","","","","","","","","",78,1,"","","","","","","","","","","","",12.6,1,996.8,1,979.1,1,"","","",1,8,1,8,1,5,1,"","","","","","","","","","","","","","","","","","","","","","","","","","","","",10000,1,"","",2,1,2,1,"","","","","","","","","","","","","","","","","","","","","","","","","","","","","","","","","","","","","","","","","","","","","","","","","","","","","","","","","","","","","","","","","",""
"31069001","TOULOUSE-BLAGNAC",43.621,1.378833,151,1968111600,"","","","",6.,1,100,1,"","","","","","","","","","","","","","","","","","","","","","","","","","","","",13.4,1,10.6,1,"","","","","","","","","","","","","","","","","","","","","","","","","","",84,1,"","","","","","","","","","","","",13.,1,996.3,1,978.5,1,"","","",1,8,1,8,1,5,1,"","","","","","","","","","","","","","","","","","","","","","","","","","","","",10000,1,"","",2,1,2,1,"","","","","","","","","","","","","","","","","","","","","","","","","","","","","","","","","","","","","","","","","","","","","","","","","","","","","","","","","","","","","","","","","",""
"31069001","TOULOUSE-BLAGNAC",43.621,1.378833,151,1968111603,"","","","",5.,1,100,1,"","","","","","","","","","","","","","","","","","","","","","","","","","","","",12.,1,8.8,1,"","","","","","","","","","","","","","","","","","","","","","","","","","",82,1,"","","","","","","","","","","","",11.5,1,995.6,1,977.8,1,"","","",1,8,1,7,1,5,1,"","","","","","","","","","","","","","","","","","","","","","","","","","","","",10000,1,"","",2,1,2,1,"","","","","","","","","","","","","","","","","","","","","","","","","","","","","","","","","","","","","","","","","","","","","","","","","","","","","","","","","","","","","","","","","",""
"31069001","TOULOUSE-BLAGNAC",43.621,1.378833,151,1968111606,"","","","",0.,1,0,1,"","","","","","","","","","","","","","","","","","","","","","","","","","","","",10.3,1,8.,1,"","","","","","","","","","","","","","","","","","","","","","","","","","",87,1,"","","","","","","","","","","","",10.9,1,995.9,1,977.9,1,"","","",1,8,1,8,1,5,1,"","","","","","","","","","","","","","","","","","","","","","","","","","","","",8000,1,"","",1,1,2,1,"","",0,1,"","","","","","","","","","","","","","","","","","","","","","","","","","","","","","","","","","","","","","","","","","","","","","","","","","","","","","","","","","","","","",""
"31069001","TOULOUSE-BLAGNAC",43.621,1.378833,151,1968111609,"","","","",0.,1,0,1,"","","","","","","","","","","","","","","","","","","","","","","","","","","","",10.1,1,8.8,1,"","","","","","","","","","","","","","","","","","","","","","","","","","",94,1,"","","","","","","","","","","","",11.5,1,996.7,1,978.7,1,"","","",1,8,1,5,1,7,1,"","","","","","","","","","","","","","","","","","","","","","","","","","","","",5000,1,"","",21,1,2,1,"","","","","","","","","","","","","","","","","","","","","","","","","","","","","","","","","","","","","","","","","","","","","","","","","","","","","","","","","","","","","","","","","",""
"31069001","TOULOUSE-BLAGNAC",43.621,1.378833,151,1968111612,"","","","",3.,1,300,1,"","","","","","","","","","","","","","","","","","","","","","","","","","","","",8.9,1,8.3,1,"","","","","","","","","","","","","","","","","","","","","","","","","","",97,1,"","","","","","","","","","","","",11.1,1,997.3,1,979.2,1,"","","",1,8,1,6,1,7,1,"","","","","","","","","","","","","","","","","","","","","","","","","","","","",3000,1,"","",58,1,6,1,"","","","","","","","","","","","","","","","","","","","","","","","","","","","","","","","","","","","","","","","","","","","","","","","","","","","","","","","","","","","","","","","","",""
"31069001","TOULOUSE-BLAGNAC",43.621,1.378833,151,1968111615,"","","","",6.,1,260,1,"","","","","","","","","","","","","","","","","","","","","","","","","","","","",6.7,1,5.,1,"","","","","","","","","","","","","","","","","","","","","","","","","","",90,1,"","","","","","","","","","","","",8.8,1,999.4,1,981.1,1,"","","",1,7,1,5,1,8,1,4,1,"","","","","","","","","","","","","","","","","","","","","","","","","","",8000,1,"","",1,1,6,1,"","","","","","","","","","","","","","","","","","","","","","","","","","","","","","","","","","","","","","","","","","","","","","","","","","","","","","","","","","","","","","","","","",""
"31069001","TOULOUSE-BLAGNAC",43.621,1.378833,151,1968111618,"","","","",5.,1,260,1,"","","","","","","","","","","","","","","","","","","","","","","","","","","","",4.7,1,0.2,1,"","","","","","","","","","","","","","","","","","","","","","","","","","",73,1,"","","","","","","","","","","","",6.2,1,1004.,1,985.5,1,"","","",1,0,1,"","",0,1,0,1,0,1,"","","","","","","","","","","","","","","","","","","","","","","","",8000,1,"","",1,1,6,1,"","","","","","","","","","","","","","","","","","","","","","","","","","","","","","","","","","","","","","","","","","","","","","","","","","","","","","","","","","","","","","","","","",""
"31069001","TOULOUSE-BLAGNAC",43.621,1.378833,151,1968111621,"","","","",5.,1,280,1,"","","","","","","","","","","","","","","","","","","","","","","","","","","","",0.4,1,-2.4,1,"","","","","","","","","","","","","","","","","","","","","","","","","","",81,1,"","","","","","","","","","","","",5.1,1,1007.9,1,989.,1,"","","",1,0,1,"","",0,1,0,1,0,1,"","","","","","","","","","","","","","","","","","","","","","","","",10000,1,"","",2,1,0,1,"","","","","","","","","","","","","","","","","","","","","","","","","","","","","","","","","","","","","","","","","","","","","","","","","","","","","","","","","","","","","","","","","",""
"31069001","TOULOUSE-BLAGNAC",43.621,1.378833,151,1968111700,"","","","",4.,1,260,1,"","","","","","","","","","","","","","","","","","","","","","","","","","","","",-1.4,1,-3.2,1,"","","","","","","","","","","","","","","","","","","","","","","","","","",87,1,"","","","","","","","","","","","",4.8,1,1010.3,1,991.3,1,"","","",1,0,1,"","",0,1,0,1,0,1,"","","","","","","","","","","","","","","","","","","","","","","","",15000,1,"","",2,1,0,1,"","","","","","","","","","","","","","","","","","","","","","","","","","","","","","","","","","","","","","","","","","","","","","","","","","","","","","","","","","","","","","","","","",""
"31069001","TOULOUSE-BLAGNAC",43.621,1.378833,151,1968111703,"","","","",5.,1,240,1,"","","","","","","","","","","","","","","","","","","","","","","","","","","","",-1.3,1,-3.5,1,"","","","","","","","","","","","","","","","","","","","","","","","","","",85,1,"","","","","","","","","","","","",4.7,1,1011.2,1,992.1,1,"","","",1,8,1,8,1,5,1,"","","","","","","","","","","","","","","","","","","","","","","","","","","","",15000,1,"","",3,1,1,1,"","","","","","","","","","","","","","","","","","","","","","","","","","","","","","","","","","","","","","","","","","","","","","","","","","","","","","","","","","","","","","","","","",""
"31069001","TOULOUSE-BLAGNAC",43.621,1.378833,151,1968111706,"","","","",5.,1,260,1,"","","","","","","","","","","","","","","","","","","","","","","","","","","","",-1.,1,-4.,1,"","","","","","","","","","","","","","","","","","","","","","","","","","",79,1,"","","","","","","","","","","","",4.5,1,1011.6,1,992.6,1,"","","",1,8,1,8,1,5,1,"","","","","","","","","","","","","","","","","","","","","","","","","","","","",15000,1,"","",2,1,1,1,"","",1,1,"","","","","","","","","","","","","","","","","","","","","","","","","","","","","","","","","","","","","","","","","","","","","","","","","","","","","","","","","","","","","",""
"31069001","TOULOUSE-BLAGNAC",43.621,1.378833,151,1968111709,"","","","",2.,1,260,1,"","","","","","","","","","","","","","","","","","","","","","","","","","","","",-1.,1,-1.9,1,"","","","","","","","","","","","","","","","","","","","","","","","","","",93,1,"","","","","","","","","","","","",5.3,1,1013.1,1,994.,1,"","","",1,8,1,8,1,7,1,"","","","","","","","","","","","","","","","","","","","","","","","","","","","",2000,1,"","",71,1,7,1,"","","","","","","","","","","","","","","","","","","","","","","","","","","","","","","","","","","","","","","","","","","","","","","","","","","","","","","","","","","","","","","","","",""
"31069001","TOULOUSE-BLAGNAC",43.621,1.378833,151,1968111712,"","","","",3.,1,280,1,"","","","","","","","","","","","","","","","","","","","","","","","","","","","",-0.4,1,-3.2,1,"","","","","","","","","","","","","","","","","","","","","","","","","","",82,1,"","","","","","","","","","","","",4.8,1,1012.7,1,993.7,1,"","","",1,8,1,8,1,5,1,"","","","","","","","","","","","","","","","","","","","","","","","","","","","",6000,1,"","",22,1,7,1,"","","","","","","","","","","","","","","","","","","","","","","","","","","","","","","","","","","","","","","","","","","","","","","","","","","","","","","","","","","","","","","","","",""
"31069001","TOULOUSE-BLAGNAC",43.621,1.378833,151,1968111715,"","","","",2.,1,300,1,"","","","","","","","","","","","","","","","","","","","","","","","","","","","",0.9,1,-2.4,1,"","","","","","","","","","","","","","","","","","","","","","","","","","",79,1,"","","","","","","","","","","","",5.1,1,1011.8,1,992.9,1,"","","",1,8,1,8,1,5,1,"","","","","","","","","","","","","","","","","","","","","","","","","","","","",8000,1,"","",2,1,2,1,"","","","","","","","","","","","","","","","","","","","","","","","","","","","","","","","","","","","","","","","","","","","","","","","","","","","","","","","","","","","","","","","","",""
"31069001","TOULOUSE-BLAGNAC",43.621,1.378833,151,1968111718,"","","","",0.,1,0,1,"","","","","","","","","","","","","","","","","","","","","","","","","","","","",1.,1,-2.1,1,"","","","","","","","","","","","","","","","","","","","","","","","","","",79,1,"","","","","","","","","","","","",5.2,1,1012.5,1,993.6,1,"","","",1,7,1,6,1,5,1,"","","","","","","","","","","","","","","","","","","","","","","","","","","","",8000,1,"","",2,1,2,1,"","","","","","","","","","","","","","","","","","","","","","","","","","","","","","","","","","","","","","","","","","","","","","","","","","","","","","","","","","","","","","","","","",""
"31069001","TOULOUSE-BLAGNAC",43.621,1.378833,151,1968111721,"","","","",1.,1,320,1,"","","","","","","","","","","","","","","","","","","","","","","","","","","","",-0.1,1,-0.9,1,"","","","","","","","","","","","","","","","","","","","","","","","","","",94,1,"","","","","","","","","","","","",5.7,1,1012.5,1,993.5,1,"","","",1,8,1,8,1,5,1,"","","","","","","","","","","","","","","","","","","","","","","","","","","","",5000,1,"","",22,1,2,1,"","","","","","","","","","","","","","","","","","","","","","","","","","","","","","","","","","","","","","","","","","","","","","","","","","","","","","","","","","","","","","","","","",""
"31069001","TOULOUSE-BLAGNAC",43.621,1.378833,151,1968111800,"","","","",1.,1,300,1,"","","","","","","","","","","","","","","","","","","","","","","","","","","","",-1.,1,-1.6,1,"","","","","","","","","","","","","","","","","","","","","","","","","","",96,1,"","","","","","","","","","","","",5.4,1,1012.1,1,993.1,1,"","","",1,8,1,5,1,7,1,"","","","","","","","","","","","","","","","","","","","","","","","","","","","",2000,1,"","",71,1,7,1,"","","","","","","","","","","","","","","","","","","","","","","","","","","","","","","","","","","","","","","","","","","","","","","","","","","","","","","","","","","","","","","","","",""
"31069001","TOULOUSE-BLAGNAC",43.621,1.378833,151,1968111803,"","","","",2.,1,320,1,"","","","","","","","","","","","","","","","","","","","","","","","","","","","",-1.5,1,-2.7,1,"","","","","","","","","","","","","","","","","","","","","","","","","","",92,1,"","","","","","","","","","","","",5.,1,1013.,1,993.9,1,"","","",1,8,1,8,1,5,1,"","","","","","","","","","","","","","","","","","","","","","","","","","","","",6000,1,"","",22,1,7,1,"","","","","","","","","","","","","","","","","","","","","","","","","","","","","","","","","","","","","","","","","","","","","","","","","","","","","","","","","","","","","","","","","",""
"31069001","TOULOUSE-BLAGNAC",43.621,1.378833,151,1968111806,"","","","",1.,1,260,1,"","","","","","","","","","","","","","","","","","","","","","","","","","","","",-4.,1,-4.9,1,"","","","","","","","","","","","","","","","","","","","","","","","","","",92,1,"","","","","","","","","","","","",4.2,1,1015.7,1,996.4,1,"","","",1,3,1,0,1,0,1,4,1,0,1,"","","","","","","","","","","","","","","","","","","","","","","","",8000,1,"","",2,1,7,1,"","",7,1,"","","","","","","","","","","","","","","","","","","","","","","","","","","","","","","","","","","","","","","","","","","","","","","","","","","","","","","","","","","","","",""
"31069001","TOULOUSE-BLAGNAC",43.621,1.378833,151,1968111809,"","","","",0.,1,0,1,"","","","","","","","","","","","","","","","","","","","","","","","","","","","",-2.2,1,-3.2,1,"","","","","","","","","","","","","","","","","","","","","","","","","","",94,1,"","","","","","","","","","","","",4.8,1,1015.8,1,996.6,1,"","","",1,7,1,5,1,5,1,4,1,2,1,"","","","","","","","","","","","","","","","","","","","","","","","",4000,1,"","",10,1,1,1,"","","","","","","","","","","","","","","","","","","","","","","","","","","","","","","","","","","","","","","","","","","","","","","","","","","","","","","","","","","","","","","","","",""
"31069001","TOULOUSE-BLAGNAC",43.621,1.378833,151,1968111812,"","","","",0.,1,0,1,"","","","","","","","","","","","","","","","","","","","","","","","","","","","",-0.1,1,-0.9,1,"","","","","","","","","","","","","","","","","","","","","","","","","","",95,1,"","","","","","","","","","","","",5.7,1,1015.7,1,996.7,1,"","","",1,8,1,5,1,7,1,"","","","","","","","","","","","","","","","","","","","","","","","","","","","",1500,1,"","",73,1,1,1,"","","","","","","","","","","","","","","","","","","","","","","","","","","","","","","","","","","","","","","","","","","","","","","","","","","","","","","","","","","","","","","","","",""
"31069001","TOULOUSE-BLAGNAC",43.621,1.378833,151,1968111815,"","","","",0.,1,0,1,"","","","","","","","","","","","","","","","","","","","","","","","","","","","",0.4,1,-0.7,1,"","","","","","","","","","","","","","","","","","","","","","","","","","",92,1,"","","","","","","","","","","","",5.8,1,1016.5,1,997.5,1,"","","",1,8,1,8,1,7,1,"","","","","","","","","","","","","","","","","","","","","","","","","","","","",3000,1,"","",77,1,7,1,"","","","","","","","","","","","","","","","","","","","","","","","","","","","","","","","","","","","","","","","","","","","","","","","","","","","","","","","","","","","","","","","","",""
"31069001","TOULOUSE-BLAGNAC",43.621,1.378833,151,1968111818,"","","","",1.,1,280,1,"","","","","","","","","","","","","","","","","","","","","","","","","","","","",0.8,1,0.,1,"","","","","","","","","","","","","","","","","","","","","","","","","","",94,1,"","","","","","","","","","","","",6.1,1,1017.8,1,998.8,1,"","","",1,8,1,8,1,7,1,"","","","","","","","","","","","","","","","","","","","","","","","","","","","",4000,1,"","",70,1,7,1,"","","","","","","","","","","","","","","","","","","","","","","","","","","","","","","","","","","","","","","","","","","","","","","","","","","","","","","","","","","","","","","","","",""
"31069001","TOULOUSE-BLAGNAC",43.621,1.378833,151,1968111821,"","","","",0.,1,0,1,"","","","","","","","","","","","","","","","","","","","","","","","","","","","",1.,1,0.4,1,"","","","","","","","","","","","","","","","","","","","","","","","","","",96,1,"","","","","","","","","","","","",6.3,1,1019.3,1,1000.3,1,"","","",1,8,1,8,1,6,1,"","","","","","","","","","","","","","","","","","","","","","","","","","","","",6000,1,"","",3,1,7,1,"","","","","","","","","","","","","","","","","","","","","","","","","","","","","","","","","","","","","","","","","","","","","","","","","","","","","","","","","","","","","","","","","",""
"31069001","TOULOUSE-BLAGNAC",43.621,1.378833,151,1968111900,"","","","",0.,1,0,1,"","","","","","","","","","","","","","","","","","","","","","","","","","","","",1.6,1,0.4,1,"","","","","","","","","","","","","","","","","","","","","","","","","","",92,1,"","","","","","","","","","","","",6.3,1,1019.6,1,1000.6,1,"","","",1,8,1,8,1,5,1,"","","","","","","","","","","","","","","","","","","","","","","","","","","","",5000,1,"","",2,1,7,1,"","","","","","","","","","","","","","","","","","","","","","","","","","","","","","","","","","","","","","","","","","","","","","","","","","","","","","","","","","","","","","","","","",""
"31069001","TOULOUSE-BLAGNAC",43.621,1.378833,151,1968111903,"","","","",0.,1,0,1,"","","","","","","","","","","","","","","","","","","","","","","","","","","","",1.7,1,0.6,1,"","","","","","","","","","","","","","","","","","","","","","","","","","",92,1,"","","","","","","","","","","","",6.4,1,1019.2,1,1000.2,1,"","","",1,8,1,8,1,5,1,"","","","","","","","","","","","","","","","","","","","","","","","","","","","",5000,1,"","",2,1,2,1,"","","","","","","","","","","","","","","","","","","","","","","","","","","","","","","","","","","","","","","","","","","","","","","","","","","","","","","","","","","","","","","","","",""
"31069001","TOULOUSE-BLAGNAC",43.621,1.378833,151,1968111906,"","","","",0.,1,0,1,"","","","","","","","","","","","","","","","","","","","","","","","","","","","",2.4,1,1.4,1,"","","","","","","","","","","","","","","","","","","","","","","","","","",95,1,"","","","","","","","","","","","",6.8,1,1018.9,1,1000.,1,"","","",1,8,1,6,1,5,1,"","","","","","","","","","","","","","","","","","","","","","","","","","","","",3000,1,"","",10,1,2,1,"","",6,1,"","","","","","","","","","","","","","","","","","","","","","","","","","","","","","","","","","","","","","","","","","","","","","","","","","","","","","","","","","","","","",""
"31069001","TOULOUSE-BLAGNAC",43.621,1.378833,151,1968111909,"","","","",0.,1,0,1,"","","","","","","","","","","","","","","","","","","","","","","","","","","","",2.7,1,1.8,1,"","","","","","","","","","","","","","","","","","","","","","","","","","",95,1,"","","","","","","","","","","","",7.,1,1020.4,1,1001.5,1,"","","",1,7,1,7,1,5,1,"","","","","","","","","","","","","","","","","","","","","","","","","","","","",2500,1,"","",10,1,2,1,"","","","","","","","","","","","","","","","","","","","","","","","","","","","","","","","","","","","","","","","","","","","","","","","","","","","","","","","","","","","","","","","","",""
"31069001","TOULOUSE-BLAGNAC",43.621,1.378833,151,1968111912,"","","","",0.,1,0,1,"","","","","","","","","","","","","","","","","","","","","","","","","","","","",5.8,1,3.7,1,"","","","","","","","","","","","","","","","","","","","","","","","","","",86,1,"","","","","","","","","","","","",8.,1,1019.6,1,1000.9,1,"","","",1,7,1,7,1,5,1,"","","","","","","","","","","","","","","","","","","","","","","","","","","","",4500,1,"","",10,1,2,1,"","","","","","","","","","","","","","","","","","","","","","","","","","","","","","","","","","","","","","","","","","","","","","","","","","","","","","","","","","","","","","","","","",""
"31069001","TOULOUSE-BLAGNAC",43.621,1.378833,151,1968111915,"","","","",0.,1,0,1,"","","","","","","","","","","","","","","","","","","","","","","","","","","","",8.,1,4.5,1,"","","","","","","","","","","","","","","","","","","","","","","","","","",80,1,"","","","","","","","","","","","",8.5,1,1019.,1,1000.5,1,"","","",1,0,1,"","",0,1,0,1,0,1,"","","","","","","","","","","","","","","","","","","","","","","","",7000,1,"","",1,1,1,1,"","","","","","","","","","","","","","","","","","","","","","","","","","","","","","","","","","","","","","","","","","","","","","","","","","","","","","","","","","","","","","","","","",""
"31069001","TOULOUSE-BLAGNAC",43.621,1.378833,151,1968111918,"","","","",0.,1,0,1,"","","","","","","","","","","","","","","","","","","","","","","","","","","","",4.3,1,3.,1,"","","","","","","","","","","","","","","","","","","","","","","","","","",92,1,"","","","","","","","","","","","",7.6,1,1020.2,1,1001.4,1,"","","",1,1,1,0,1,0,1,0,1,1,1,"","","","","","","","","","","","","","","","","","","","","","","","",4000,1,"","",11,1,1,1,"","","","","","","","","","","","","","","","","","","","","","","","","","","","","","","","","","","","","","","","","","","","","","","","","","","","","","","","","","","","","","","","","",""
"31069001","TOULOUSE-BLAGNAC",43.621,1.378833,151,1968111921,"","","","",0.,1,0,1,"","","","","","","","","","","","","","","","","","","","","","","","","","","","",2.1,1,1.4,1,"","","","","","","","","","","","","","","","","","","","","","","","","","",96,1,"","","","","","","","","","","","",6.8,1,1021.1,1,1002.1,1,"","","",1,3,1,0,1,6,1,0,1,0,1,"","","","","","","","","","","","","","","","","","","","","","","","",2000,1,"","",10,1,0,1,"","","","","","","","","","","","","","","","","","","","","","","","","","","","","","","","","","","","","","","","","","","","","","","","","","","","","","","","","","","","","","","","","",""
"31069001","TOULOUSE-BLAGNAC",43.621,1.378833,151,1968112000,"","","","",0.,1,0,1,"","","","","","","","","","","","","","","","","","","","","","","","","","","","",0.2,1,0.2,1,"","","","","","","","","","","","","","","","","","","","","","","","","","",100,1,"","","","","","","","","","","","",6.2,1,1022.2,1,1003.1,1,"","","",1,9,1,"","","","","","","","","","","","","","","","","","","","","","","","","","","","","","","","",150,1,"","",47,1,4,1,"","","","","","","","","","","","","","","","","","","","","","","","","","","","","","","","","","","","","","","","","","","","","","","","","","","","","","","","","","","","","","","","","",""
"31069001","TOULOUSE-BLAGNAC",43.621,1.378833,151,1968112003,"","","","",0.,1,0,1,"","","","","","","","","","","","","","","","","","","","","","","","","","","","",1.,1,0.4,1,"","","","","","","","","","","","","","","","","","","","","","","","","","",96,1,"","","","","","","","","","","","",6.3,1,1021.9,1,1002.8,1,"","","",1,9,1,"","","","","","","","","","","","","","","","","","","","","","","","","","","","","","","","",200,1,"","",47,1,4,1,"","","","","","","","","","","","","","","","","","","","","","","","","","","","","","","","","","","","","","","","","","","","","","","","","","","","","","","","","","","","","","","","","",""
"31069001","TOULOUSE-BLAGNAC",43.621,1.378833,151,1968112006,"","","","",0.,1,0,1,"","","","","","","","","","","","","","","","","","","","","","","","","","","","",0.2,1,0.2,1,"","","","","","","","","","","","","","","","","","","","","","","","","","",100,1,"","","","","","","","","","","","",6.2,1,1022.4,1,1003.3,1,"","","",1,9,1,"","","","","","","","","","","","","","","","","","","","","","","","","","","","","","","","",150,1,"","",45,1,4,1,"","",1,1,"","","","","","","","","","","","","","","","","","","","","","","","","","","","","","","","","","","","","","","","","","","","","","","","","","","","","","","","","","","","","",""
"31069001","TOULOUSE-BLAGNAC",43.621,1.378833,151,1968112009,"","","","",0.,1,0,1,"","","","","","","","","","","","","","","","","","","","","","","","","","","","",0.6,1,0.,1,"","","","","","","","","","","","","","","","","","","","","","","","","","",96,1,"","","","","","","","","","","","",6.1,1,1023.4,1,1004.3,1,"","","",1,9,1,"","","","","","","","","","","","","","","","","","","","","","","","","","","","","","","","",130,1,"","",45,1,4,1,"","","","","","","","","","","","","","","","","","","","","","","","","","","","","","","","","","","","","","","","","","","","","","","","","","","","","","","","","","","","","","","","","",""
"31069001","TOULOUSE-BLAGNAC",43.621,1.378833,151,1968112012,"","","","",0.,1,0,1,"","","","","","","","","","","","","","","","","","","","","","","","","","","","",4.,1,3.1,1,"","","","","","","","","","","","","","","","","","","","","","","","","","",95,1,"","","","","","","","","","","","",7.7,1,1022.5,1,1003.6,1,"","","",1,5,1,0,1,6,1,0,1,1,1,"","","","","","","","","","","","","","","","","","","","","","","","",2500,1,"","",28,1,4,1,"","","","","","","","","","","","","","","","","","","","","","","","","","","","","","","","","","","","","","","","","","","","","","","","","","","","","","","","","","","","","","","","","",""
"31069001","TOULOUSE-BLAGNAC",43.621,1.378833,151,1968112015,"","","","",0.,1,0,1,"","","","","","","","","","","","","","","","","","","","","","","","","","","","",9.,1,5.8,1,"","","","","","","","","","","","","","","","","","","","","","","","","","",82,1,"","","","","","","","","","","","",9.3,1,1021.6,1,1003.1,1,"","","",1,7,1,7,1,0,1,0,1,2,1,"","","","","","","","","","","","","","","","","","","","","","","","",8000,1,"","",3,1,2,1,"","","","","","","","","","","","","","","","","","","","","","","","","","","","","","","","","","","","","","","","","","","","","","","","","","","","","","","","","","","","","","","","","",""
"31069001","TOULOUSE-BLAGNAC",43.621,1.378833,151,1968112018,"","","","",0.,1,0,1,"","","","","","","","","","","","","","","","","","","","","","","","","","","","",4.9,1,3.7,1,"","","","","","","","","","","","","","","","","","","","","","","","","","",92,1,"","","","","","","","","","","","",8.,1,1021.7,1,1002.9,1,"","","",1,0,1,"","",0,1,0,1,0,1,"","","","","","","","","","","","","","","","","","","","","","","","",10000,1,"","",1,1,1,1,"","","","","","","","","","","","","","","","","","","","","","","","","","","","","","","","","","","","","","","","","","","","","","","","","","","","","","","","","","","","","","","","","",""
"31069001","TOULOUSE-BLAGNAC",43.621,1.378833,151,1968112021,"","","","",0.,1,0,1,"","","","","","","","","","","","","","","","","","","","","","","","","","","","",3.8,1,3.1,1,"","","","","","","","","","","","","","","","","","","","","","","","","","",97,1,"","","","","","","","","","","","",7.7,1,1022.5,1,1003.6,1,"","","",1,0,1,"","",0,1,0,1,0,1,"","","","","","","","","","","","","","","","","","","","","","","","",1100,1,"","",11,1,0,1,"","","","","","","","","","","","","","","","","","","","","","","","","","","","","","","","","","","","","","","","","","","","","","","","","","","","","","","","","","","","","","","","","",""
"31069001","TOULOUSE-BLAGNAC",43.621,1.378833,151,1968112100,"","","","",0.,1,0,1,"","","","","","","","","","","","","","","","","","","","","","","","","","","","",2.1,1,1.6,1,"","","","","","","","","","","","","","","","","","","","","","","","","","",98,1,"","","","","","","","","","","","",6.9,1,1022.3,1,1003.3,1,"","","",1,0,1,"","",0,1,0,1,0,1,"","","","","","","","","","","","","","","","","","","","","","","","",1400,1,"","",11,1,0,1,"","","","","","","","","","","","","","","","","","","","","","","","","","","","","","","","","","","","","","","","","","","","","","","","","","","","","","","","","","","","","","","","","",""
"31069001","TOULOUSE-BLAGNAC",43.621,1.378833,151,1968112103,"","","","",0.,1,0,1,"","","","","","","","","","","","","","","","","","","","","","","","","","","","",1.6,1,1.,1,"","","","","","","","","","","","","","","","","","","","","","","","","","",96,1,"","","","","","","","","","","","",6.6,1,1021.8,1,1002.8,1,"","","",1,0,1,"","",0,1,0,1,0,1,"","","","","","","","","","","","","","","","","","","","","","","","",3000,1,"","",11,1,0,1,"","","","","","","","","","","","","","","","","","","","","","","","","","","","","","","","","","","","","","","","","","","","","","","","","","","","","","","","","","","","","","","","","",""
"31069001","TOULOUSE-BLAGNAC",43.621,1.378833,151,1968112106,"","","","",0.,1,0,1,"","","","","","","","","","","","","","","","","","","","","","","","","","","","",1.,1,0.2,1,"","","","","","","","","","","","","","","","","","","","","","","","","","",94,1,"","","","","","","","","","","","",6.2,1,1022.,1,1002.9,1,"","","",1,0,1,"","",0,1,0,1,0,1,"","","","","","","","","","","","","","","","","","","","","","","","",4000,1,"","",11,1,0,1,"","",3,1,"","","","","","","","","","","","","","","","","","","","","","","","","","","","","","","","","","","","","","","","","","","","","","","","","","","","","","","","","","","","","",""
"31069001","TOULOUSE-BLAGNAC",43.621,1.378833,151,1968112109,"","","","",0.,1,0,1,"","","","","","","","","","","","","","","","","","","","","","","","","","","","",3.9,1,3.1,1,"","","","","","","","","","","","","","","","","","","","","","","","","","",95,1,"","","","","","","","","","","","",7.7,1,1022.6,1,1003.7,1,"","","",1,4,1,0,1,0,1,0,1,1,1,"","","","","","","","","","","","","","","","","","","","","","","","",5000,1,"","",11,1,0,1,"","","","","","","","","","","","","","","","","","","","","","","","","","","","","","","","","","","","","","","","","","","","","","","","","","","","","","","","","","","","","","","","","",""
"31069001","TOULOUSE-BLAGNAC",43.621,1.378833,151,1968112112,"","","","",4.,1,120,1,"","","","","","","","","","","","","","","","","","","","","","","","","","","","",12.5,1,6.4,1,"","","","","","","","","","","","","","","","","","","","","","","","","","",67,1,"","","","","","","","","","","","",9.7,1,1021.9,1,1003.6,1,"","","",1,4,1,0,1,0,1,0,1,1,1,"","","","","","","","","","","","","","","","","","","","","","","","",10000,1,"","",2,1,0,1,"","","","","","","","","","","","","","","","","","","","","","","","","","","","","","","","","","","","","","","","","","","","","","","","","","","","","","","","","","","","","","","","","",""
"31069001","TOULOUSE-BLAGNAC",43.621,1.378833,151,1968112115,"","","","",5.,1,140,1,"","","","","","","","","","","","","","","","","","","","","","","","","","","","",12.5,1,6.5,1,"","","","","","","","","","","","","","","","","","","","","","","","","","",68,1,"","","","","","","","","","","","",9.8,1,1021.4,1,1003.1,1,"","","",1,4,1,0,1,0,1,0,1,1,1,"","","","","","","","","","","","","","","","","","","","","","","","",15000,1,"","",2,1,0,1,"","","","","","","","","","","","","","","","","","","","","","","","","","","","","","","","","","","","","","","","","","","","","","","","","","","","","","","","","","","","","","","","","",""
"31069001","TOULOUSE-BLAGNAC",43.621,1.378833,151,1968112118,"","","","",4.,1,140,1,"","","","","","","","","","","","","","","","","","","","","","","","","","","","",8.8,1,5.3,1,"","","","","","","","","","","","","","","","","","","","","","","","","","",80,1,"","","","","","","","","","","","",9.,1,1022.6,1,1004.,1,"","","",1,2,1,0,1,0,1,0,1,2,1,"","","","","","","","","","","","","","","","","","","","","","","","",10000,1,"","",1,1,1,1,"","","","","","","","","","","","","","","","","","","","","","","","","","","","","","","","","","","","","","","","","","","","","","","","","","","","","","","","","","","","","","","","","",""
"31069001","TOULOUSE-BLAGNAC",43.621,1.378833,151,1968112121,"","","","",5.,1,140,1,"","","","","","","","","","","","","","","","","","","","","","","","","","","","",7.6,1,4.5,1,"","","","","","","","","","","","","","","","","","","","","","","","","","",81,1,"","","","","","","","","","","","",8.5,1,1023.6,1,1004.9,1,"","","",1,0,1,"","",0,1,0,1,0,1,"","","","","","","","","","","","","","","","","","","","","","","","",15000,1,"","",2,1,0,1,"","","","","","","","","","","","","","","","","","","","","","","","","","","","","","","","","","","","","","","","","","","","","","","","","","","","","","","","","","","","","","","","","",""
"31069001","TOULOUSE-BLAGNAC",43.621,1.378833,151,1968112200,"","","","",3.,1,140,1,"","","","","","","","","","","","","","","","","","","","","","","","","","","","",6.7,1,2.8,1,"","","","","","","","","","","","","","","","","","","","","","","","","","",77,1,"","","","","","","","","","","","",7.5,1,1024.1,1,1005.4,1,"","","",1,0,1,"","",0,1,0,1,0,1,"","","","","","","","","","","","","","","","","","","","","","","","",15000,1,"","",2,1,0,1,"","","","","","","","","","","","","","","","","","","","","","","","","","","","","","","","","","","","","","","","","","","","","","","","","","","","","","","","","","","","","","","","","",""
"31069001","TOULOUSE-BLAGNAC",43.621,1.378833,151,1968112203,"","","","",3.,1,140,1,"","","","","","","","","","","","","","","","","","","","","","","","","","","","",6.7,1,3.,1,"","","","","","","","","","","","","","","","","","","","","","","","","","",78,1,"","","","","","","","","","","","",7.6,1,1024.1,1,1005.4,1,"","","",1,0,1,"","",0,1,0,1,0,1,"","","","","","","","","","","","","","","","","","","","","","","","",15000,1,"","",2,1,0,1,"","","","","","","","","","","","","","","","","","","","","","","","","","","","","","","","","","","","","","","","","","","","","","","","","","","","","","","","","","","","","","","","","",""
"31069001","TOULOUSE-BLAGNAC",43.621,1.378833,151,1968112206,"","","","",4.,1,140,1,"","","","","","","","","","","","","","","","","","","","","","","","","","","","",6.5,1,3.7,1,"","","","","","","","","","","","","","","","","","","","","","","","","","",82,1,"","","","","","","","","","","","",8.,1,1024.1,1,1005.4,1,"","","",1,0,1,"","",0,1,0,1,0,1,"","","","","","","","","","","","","","","","","","","","","","","","",15000,1,"","",2,1,0,1,"","",1,1,"","","","","","","","","","","","","","","","","","","","","","","","","","","","","","","","","","","","","","","","","","","","","","","","","","","","","","","","","","","","","",""
"31069001","TOULOUSE-BLAGNAC",43.621,1.378833,151,1968112209,"","","","",0.,1,0,1,"","","","","","","","","","","","","","","","","","","","","","","","","","","","",7.,1,3.1,1,"","","","","","","","","","","","","","","","","","","","","","","","","","",77,1,"","","","","","","","","","","","",7.7,1,1025.6,1,1006.9,1,"","","",1,2,1,0,1,0,1,0,1,1,1,"","","","","","","","","","","","","","","","","","","","","","","","",5000,1,"","",2,1,0,1,"","","","","","","","","","","","","","","","","","","","","","","","","","","","","","","","","","","","","","","","","","","","","","","","","","","","","","","","","","","","","","","","","",""
"31069001","TOULOUSE-BLAGNAC",43.621,1.378833,151,1968112212,"","","","",0.,1,0,1,"","","","","","","","","","","","","","","","","","","","","","","","","","","","",14.6,1,7.2,1,"","","","","","","","","","","","","","","","","","","","","","","","","","",62,1,"","","","","","","","","","","","",10.3,1,1024.3,1,1006.1,1,"","","",1,3,1,0,1,0,1,0,1,1,1,"","","","","","","","","","","","","","","","","","","","","","","","",4500,1,"","",10,1,0,1,"","","","","","","","","","","","","","","","","","","","","","","","","","","","","","","","","","","","","","","","","","","","","","","","","","","","","","","","","","","","","","","","","",""
"31069001","TOULOUSE-BLAGNAC",43.621,1.378833,151,1968112215,"","","","",0.,1,0,1,"","","","","","","","","","","","","","","","","","","","","","","","","","","","",15.1,1,8.1,1,"","","","","","","","","","","","","","","","","","","","","","","","","","",65,1,"","","","","","","","","","","","",11.,1,1023.4,1,1005.2,1,"","","",1,2,1,0,1,0,1,0,1,2,1,"","","","","","","","","","","","","","","","","","","","","","","","",10000,1,"","",1,1,0,1,"","","","","","","","","","","","","","","","","","","","","","","","","","","","","","","","","","","","","","","","","","","","","","","","","","","","","","","","","","","","","","","","","",""
"31069001","TOULOUSE-BLAGNAC",43.621,1.378833,151,1968112218,"","","","",0.,1,0,1,"","","","","","","","","","","","","","","","","","","","","","","","","","","","",8.,1,6.1,1,"","","","","","","","","","","","","","","","","","","","","","","","","","",89,1,"","","","","","","","","","","","",9.5,1,1023.7,1,1005.1,1,"","","",1,1,1,0,1,0,1,0,1,2,1,"","","","","","","","","","","","","","","","","","","","","","","","",7000,1,"","",2,1,0,1,"","","","","","","","","","","","","","","","","","","","","","","","","","","","","","","","","","","","","","","","","","","","","","","","","","","","","","","","","","","","","","","","","",""
"31069001","TOULOUSE-BLAGNAC",43.621,1.378833,151,1968112221,"","","","",0.,1,0,1,"","","","","","","","","","","","","","","","","","","","","","","","","","","","",5.9,1,5.1,1,"","","","","","","","","","","","","","","","","","","","","","","","","","",95,1,"","","","","","","","","","","","",8.9,1,1023.7,1,1004.9,1,"","","",1,0,1,"","",0,1,0,1,0,1,"","","","","","","","","","","","","","","","","","","","","","","","",5000,1,"","",2,1,0,1,"","","","","","","","","","","","","","","","","","","","","","","","","","","","","","","","","","","","","","","","","","","","","","","","","","","","","","","","","","","","","","","","","",""
"31069001","TOULOUSE-BLAGNAC",43.621,1.378833,151,1968112300,"","","","",0.,1,0,1,"","","","","","","","","","","","","","","","","","","","","","","","","","","","",5.,1,4.3,1,"","","","","","","","","","","","","","","","","","","","","","","","","","",97,1,"","","","","","","","","","","","",8.4,1,1024.1,1,1005.3,1,"","","",1,0,1,"","",0,1,0,1,0,1,"","","","","","","","","","","","","","","","","","","","","","","","",2000,1,"","",11,1,0,1,"","","","","","","","","","","","","","","","","","","","","","","","","","","","","","","","","","","","","","","","","","","","","","","","","","","","","","","","","","","","","","","","","",""
"31069001","TOULOUSE-BLAGNAC",43.621,1.378833,151,1968112303,"","","","",0.,1,0,1,"","","","","","","","","","","","","","","","","","","","","","","","","","","","",2.9,1,2.9,1,"","","","","","","","","","","","","","","","","","","","","","","","","","",100,1,"","","","","","","","","","","","",7.5,1,1023.6,1,1004.6,1,"","","",1,0,1,"","",0,1,0,1,0,1,"","","","","","","","","","","","","","","","","","","","","","","","",200,1,"","",46,1,0,1,"","","","","","","","","","","","","","","","","","","","","","","","","","","","","","","","","","","","","","","","","","","","","","","","","","","","","","","","","","","","","","","","","",""
"31069001","TOULOUSE-BLAGNAC",43.621,1.378833,151,1968112306,"","","","",0.,1,0,1,"","","","","","","","","","","","","","","","","","","","","","","","","","","","",3.1,1,2.6,1,"","","","","","","","","","","","","","","","","","","","","","","","","","",97,1,"","","","","","","","","","","","",7.4,1,1022.8,1,1003.9,1,"","","",1,0,1,"","",0,1,0,1,0,1,"","","","","","","","","","","","","","","","","","","","","","","","",5000,1,"","",2,1,4,1,"","",1,1,"","","","","","","","","","","","","","","","","","","","","","","","","","","","","","","","","","","","","","","","","","","","","","","","","","","","","","","","","","","","","",""
"31069001","TOULOUSE-BLAGNAC",43.621,1.378833,151,1968112309,"","","","",0.,1,0,1,"","","","","","","","","","","","","","","","","","","","","","","","","","","","",3.8,1,3.8,1,"","","","","","","","","","","","","","","","","","","","","","","","","","",100,1,"","","","","","","","","","","","",8.,1,1023.,1,1004.1,1,"","","",1,9,1,"","","","","","","","","","","","","","","","","","","","","","","","","","","","","","","","",20,1,"","",47,1,4,1,"","","","","","","","","","","","","","","","","","","","","","","","","","","","","","","","","","","","","","","","","","","","","","","","","","","","","","","","","","","","","","","","","",""
"31069001","TOULOUSE-BLAGNAC",43.621,1.378833,151,1968112312,"","","","",0.,1,0,1,"","","","","","","","","","","","","","","","","","","","","","","","","","","","",10.2,1,7.9,1,"","","","","","","","","","","","","","","","","","","","","","","","","","",87,1,"","","","","","","","","","","","",10.8,1,1021.5,1,1003.1,1,"","","",1,7,1,7,1,0,1,0,1,2,1,"","","","","","","","","","","","","","","","","","","","","","","","",2500,1,"","",10,1,4,1,"","","","","","","","","","","","","","","","","","","","","","","","","","","","","","","","","","","","","","","","","","","","","","","","","","","","","","","","","","","","","","","","","",""
"31069001","TOULOUSE-BLAGNAC",43.621,1.378833,151,1968112315,"","","","",0.,1,0,1,"","","","","","","","","","","","","","","","","","","","","","","","","","","","",12.3,1,8.8,1,"","","","","","","","","","","","","","","","","","","","","","","","","","",80,1,"","","","","","","","","","","","",11.5,1,1020.5,1,1002.2,1,"","","",1,7,1,7,1,0,1,0,1,2,1,"","","","","","","","","","","","","","","","","","","","","","","","",1800,1,"","",28,1,4,1,"","","","","","","","","","","","","","","","","","","","","","","","","","","","","","","","","","","","","","","","","","","","","","","","","","","","","","","","","","","","","","","","","",""
"31069001","TOULOUSE-BLAGNAC",43.621,1.378833,151,1968112318,"","","","",0.,1,0,1,"","","","","","","","","","","","","","","","","","","","","","","","","","","","",8.8,1,7.5,1,"","","","","","","","","","","","","","","","","","","","","","","","","","",93,1,"","","","","","","","","","","","",10.5,1,1020.6,1,1002.1,1,"","","",1,8,1,8,1,0,1,0,1,2,1,"","","","","","","","","","","","","","","","","","","","","","","","",1800,1,"","",10,1,4,1,"","","","","","","","","","","","","","","","","","","","","","","","","","","","","","","","","","","","","","","","","","","","","","","","","","","","","","","","","","","","","","","","","",""
"31069001","TOULOUSE-BLAGNAC",43.621,1.378833,151,1968112321,"","","","",0.,1,0,1,"","","","","","","","","","","","","","","","","","","","","","","","","","","","",7.2,1,6.1,1,"","","","","","","","","","","","","","","","","","","","","","","","","","",94,1,"","","","","","","","","","","","",9.5,1,1021.6,1,1003.,1,"","","",1,7,1,6,1,0,1,4,1,2,1,"","","","","","","","","","","","","","","","","","","","","","","","",800,1,"","",46,1,2,1,"","","","","","","","","","","","","","","","","","","","","","","","","","","","","","","","","","","","","","","","","","","","","","","","","","","","","","","","","","","","","","","","","",""
"31069001","TOULOUSE-BLAGNAC",43.621,1.378833,151,1968112400,"","","","",0.,1,0,1,"","","","","","","","","","","","","","","","","","","","","","","","","","","","",6.4,1,6.1,1,"","","","","","","","","","","","","","","","","","","","","","","","","","",98,1,"","","","","","","","","","","","",9.5,1,1022.1,1,1003.4,1,"","","",1,9,1,"","","","","","","","","","","","","","","","","","","","","","","","","","","","","","","","",140,1,"","",47,1,2,1,"","","","","","","","","","","","","","","","","","","","","","","","","","","","","","","","","","","","","","","","","","","","","","","","","","","","","","","","","","","","","","","","","",""
"31069001","TOULOUSE-BLAGNAC",43.621,1.378833,151,1968112403,"","","","",0.,1,0,1,"","","","","","","","","","","","","","","","","","","","","","","","","","","","",5.4,1,4.8,1,"","","","","","","","","","","","","","","","","","","","","","","","","","",97,1,"","","","","","","","","","","","",8.7,1,1022.7,1,1003.9,1,"","","",1,2,1,0,1,0,1,0,1,2,1,"","","","","","","","","","","","","","","","","","","","","","","","",1600,1,"","",28,1,4,1,"","","","","","","","","","","","","","","","","","","","","","","","","","","","","","","","","","","","","","","","","","","","","","","","","","","","","","","","","","","","","","","","","",""
"31069001","TOULOUSE-BLAGNAC",43.621,1.378833,151,1968112406,"","","","",0.,1,0,1,"","","","","","","","","","","","","","","","","","","","","","","","","","","","",4.3,1,3.5,1,"","","","","","","","","","","","","","","","","","","","","","","","","","",95,1,"","","","","","","","","","","","",7.9,1,1023.1,1,1004.2,1,"","","",1,1,1,0,1,0,1,0,1,2,1,"","","","","","","","","","","","","","","","","","","","","","","","",7000,1,"","",3,1,4,1,"","",1,1,"","","","","","","","","","","","","","","","","","","","","","","","","","","","","","","","","","","","","","","","","","","","","","","","","","","","","","","","","","","","","",""
"31069001","TOULOUSE-BLAGNAC",43.621,1.378833,151,1968112409,"","","","",0.,1,0,1,"","","","","","","","","","","","","","","","","","","","","","","","","","","","",9.3,1,6.1,1,"","","","","","","","","","","","","","","","","","","","","","","","","","",82,1,"","","","","","","","","","","","",9.5,1,1024.1,1,1005.6,1,"","","",1,6,1,0,1,0,1,5,1,2,1,"","","","","","","","","","","","","","","","","","","","","","","","",15000,1,"","",3,1,1,1,"","","","","","","","","","","","","","","","","","","","","","","","","","","","","","","","","","","","","","","","","","","","","","","","","","","","","","","","","","","","","","","","","",""
"31069001","TOULOUSE-BLAGNAC",43.621,1.378833,151,1968112412,"","","","",4.,1,280,1,"","","","","","","","","","","","","","","","","","","","","","","","","","","","",15.6,1,8.5,1,"","","","","","","","","","","","","","","","","","","","","","","","","","",64,1,"","","","","","","","","","","","",11.3,1,1024.1,1,1006.,1,"","","",1,7,1,5,1,5,1,7,1,"","","","","","","","","","","","","","","","","","","","","","","","","","",20000,1,"","",2,1,2,1,"","","","","","","","","","","","","","","","","","","","","","","","","","","","","","","","","","","","","","","","","","","","","","","","","","","","","","","","","","","","","","","","","",""
"31069001","TOULOUSE-BLAGNAC",43.621,1.378833,151,1968112415,"","","","",4.,1,260,1,"","","","","","","","","","","","","","","","","","","","","","","","","","","","",13.8,1,12.4,1,"","","","","","","","","","","","","","","","","","","","","","","","","","",93,1,"","","","","","","","","","","","",14.7,1,1024.6,1,1006.4,1,"","","",1,8,1,6,1,7,1,"","","","","","","","","","","","","","","","","","","","","","","","","","","","",3000,1,"","",58,1,6,1,"","","","","","","","","","","","","","","","","","","","","","","","","","","","","","","","","","","","","","","","","","","","","","","","","","","","","","","","","","","","","","","","","",""
"31069001","TOULOUSE-BLAGNAC",43.621,1.378833,151,1968112418,"","","","",2.,1,260,1,"","","","","","","","","","","","","","","","","","","","","","","","","","","","",13.,1,12.2,1,"","","","","","","","","","","","","","","","","","","","","","","","","","",96,1,"","","","","","","","","","","","",14.5,1,1025.9,1,1007.6,1,"","","",1,8,1,7,1,5,1,"","","","","","","","","","","","","","","","","","","","","","","","","","","","",7000,1,"","",2,1,6,1,"","","","","","","","","","","","","","","","","","","","","","","","","","","","","","","","","","","","","","","","","","","","","","","","","","","","","","","","","","","","","","","","","",""
"31069001","TOULOUSE-BLAGNAC",43.621,1.378833,151,1968112421,"","","","",0.,1,0,1,"","","","","","","","","","","","","","","","","","","","","","","","","","","","",13.,1,12.2,1,"","","","","","","","","","","","","","","","","","","","","","","","","","",96,1,"","","","","","","","","","","","",14.5,1,1026.,1,1007.7,1,"","","",1,8,1,7,1,6,1,"","","","","","","","","","","","","","","","","","","","","","","","","","","","",6000,1,"","",3,1,2,1,"","","","","","","","","","","","","","","","","","","","","","","","","","","","","","","","","","","","","","","","","","","","","","","","","","","","","","","","","","","","","","","","","",""
"31069001","TOULOUSE-BLAGNAC",43.621,1.378833,151,1968112500,"","","","",0.,1,0,1,"","","","","","","","","","","","","","","","","","","","","","","","","","","","",12.6,1,11.5,1,"","","","","","","","","","","","","","","","","","","","","","","","","","",95,1,"","","","","","","","","","","","",13.9,1,1025.2,1,1006.9,1,"","","",1,8,1,8,1,6,1,"","","","","","","","","","","","","","","","","","","","","","","","","","","","",150,1,"","",44,1,2,1,"","","","","","","","","","","","","","","","","","","","","","","","","","","","","","","","","","","","","","","","","","","","","","","","","","","","","","","","","","","","","","","","","",""
"31069001","TOULOUSE-BLAGNAC",43.621,1.378833,151,1968112503,"","","","",0.,1,0,1,"","","","","","","","","","","","","","","","","","","","","","","","","","","","",12.,1,11.,1,"","","","","","","","","","","","","","","","","","","","","","","","","","",95,1,"","","","","","","","","","","","",13.4,1,1024.9,1,1006.5,1,"","","",1,8,1,8,1,6,1,"","","","","","","","","","","","","","","","","","","","","","","","","","","","",3000,1,"","",28,1,4,1,"","","","","","","","","","","","","","","","","","","","","","","","","","","","","","","","","","","","","","","","","","","","","","","","","","","","","","","","","","","","","","","","","",""
"31069001","TOULOUSE-BLAGNAC",43.621,1.378833,151,1968112506,"","","","",0.,1,0,1,"","","","","","","","","","","","","","","","","","","","","","","","","","","","",9.8,1,8.9,1,"","","","","","","","","","","","","","","","","","","","","","","","","","",96,1,"","","","","","","","","","","","",11.6,1,1024.2,1,1005.7,1,"","","",1,7,1,7,1,6,1,"","","","","","","","","","","","","","","","","","","","","","","","","","","","",200,1,"","",44,1,4,1,"","",1,1,"","","","","","","","","","","","","","","","","","","","","","","","","","","","","","","","","","","","","","","","","","","","","","","","","","","","","","","","","","","","","",""
"31069001","TOULOUSE-BLAGNAC",43.621,1.378833,151,1968112509,"","","","",0.,1,0,1,"","","","","","","","","","","","","","","","","","","","","","","","","","","","",9.6,1,8.8,1,"","","","","","","","","","","","","","","","","","","","","","","","","","",96,1,"","","","","","","","","","","","",11.5,1,1024.7,1,1006.2,1,"","","",1,9,1,"","","","","","","","","","","","","","","","","","","","","","","","","","","","","","","","",60,1,"","",45,1,4,1,"","","","","","","","","","","","","","","","","","","","","","","","","","","","","","","","","","","","","","","","","","","","","","","","","","","","","","","","","","","","","","","","","",""
"31069001","TOULOUSE-BLAGNAC",43.621,1.378833,151,1968112512,"","","","",1.,1,340,1,"","","","","","","","","","","","","","","","","","","","","","","","","","","","",12.8,1,11.,1,"","","","","","","","","","","","","","","","","","","","","","","","","","",91,1,"","","","","","","","","","","","",13.4,1,1023.8,1,1005.5,1,"","","",1,3,1,0,1,1,1,0,1,2,1,"","","","","","","","","","","","","","","","","","","","","","","","",6000,1,"","",1,1,4,1,"","","","","","","","","","","","","","","","","","","","","","","","","","","","","","","","","","","","","","","","","","","","","","","","","","","","","","","","","","","","","","","","","",""
"31069001","TOULOUSE-BLAGNAC",43.621,1.378833,151,1968112515,"","","","",0.,1,0,1,"","","","","","","","","","","","","","","","","","","","","","","","","","","","",13.9,1,9.6,1,"","","","","","","","","","","","","","","","","","","","","","","","","","",77,1,"","","","","","","","","","","","",12.2,1,1022.4,1,1004.2,1,"","","",1,6,1,6,1,0,1,0,1,2,1,"","","","","","","","","","","","","","","","","","","","","","","","",10000,1,"","",3,1,1,1,"","","","","","","","","","","","","","","","","","","","","","","","","","","","","","","","","","","","","","","","","","","","","","","","","","","","","","","","","","","","","","","","","",""
"31069001","TOULOUSE-BLAGNAC",43.621,1.378833,151,1968112518,"","","","",0.,1,0,1,"","","","","","","","","","","","","","","","","","","","","","","","","","","","",9.6,1,8.1,1,"","","","","","","","","","","","","","","","","","","","","","","","","","",92,1,"","","","","","","","","","","","",11.,1,1022.8,1,1004.3,1,"","","",1,0,1,"","",0,1,0,1,0,1,"","","","","","","","","","","","","","","","","","","","","","","","",8000,1,"","",1,1,1,1,"","","","","","","","","","","","","","","","","","","","","","","","","","","","","","","","","","","","","","","","","","","","","","","","","","","","","","","","","","","","","","","","","",""
"31069001","TOULOUSE-BLAGNAC",43.621,1.378833,151,1968112521,"","","","",0.,1,0,1,"","","","","","","","","","","","","","","","","","","","","","","","","","","","",6.,1,5.1,1,"","","","","","","","","","","","","","","","","","","","","","","","","","",95,1,"","","","","","","","","","","","",8.9,1,1023.,1,1004.3,1,"","","",1,0,1,"","",0,1,0,1,0,1,"","","","","","","","","","","","","","","","","","","","","","","","",800,1,"","",46,1,0,1,"","","","","","","","","","","","","","","","","","","","","","","","","","","","","","","","","","","","","","","","","","","","","","","","","","","","","","","","","","","","","","","","","",""
"31069001","TOULOUSE-BLAGNAC",43.621,1.378833,151,1968112600,"","","","",0.,1,0,1,"","","","","","","","","","","","","","","","","","","","","","","","","","","","",5.,1,4.7,1,"","","","","","","","","","","","","","","","","","","","","","","","","","",98,1,"","","","","","","","","","","","",8.6,1,1022.4,1,1003.6,1,"","","",1,9,1,"","","","","","","","","","","","","","","","","","","","","","","","","","","","","","","","",100,1,"","",47,1,0,1,"","","","","","","","","","","","","","","","","","","","","","","","","","","","","","","","","","","","","","","","","","","","","","","","","","","","","","","","","","","","","","","","","",""
"31069001","TOULOUSE-BLAGNAC",43.621,1.378833,151,1968112603,"","","","",0.,1,0,1,"","","","","","","","","","","","","","","","","","","","","","","","","","","","",5.3,1,5.3,1,"","","","","","","","","","","","","","","","","","","","","","","","","","",100,1,"","","","","","","","","","","","",8.9,1,1021.,1,1002.2,1,"","","",1,9,1,"","","","","","","","","","","","","","","","","","","","","","","","","","","","","","","","",50,1,"","",45,1,4,1,"","","","","","","","","","","","","","","","","","","","","","","","","","","","","","","","","","","","","","","","","","","","","","","","","","","","","","","","","","","","","","","","","",""
"31069001","TOULOUSE-BLAGNAC",43.621,1.378833,151,1968112606,"","","","",1.,1,180,1,"","","","","","","","","","","","","","","","","","","","","","","","","","","","",5.3,1,5.3,1,"","","","","","","","","","","","","","","","","","","","","","","","","","",100,1,"","","","","","","","","","","","",8.9,1,1020.,1,1001.3,1,"","","",1,9,1,"","","","","","","","","","","","","","","","","","","","","","","","","","","","","","","","",50,1,"","",45,1,4,1,"","",1,1,"","","","","","","","","","","","","","","","","","","","","","","","","","","","","","","","","","","","","","","","","","","","","","","","","","","","","","","","","","","","","",""
"31069001","TOULOUSE-BLAGNAC",43.621,1.378833,151,1968112609,"","","","",0.,1,0,1,"","","","","","","","","","","","","","","","","","","","","","","","","","","","",7.,1,6.4,1,"","","","","","","","","","","","","","","","","","","","","","","","","","",97,1,"","","","","","","","","","","","",9.7,1,1019.6,1,1001.,1,"","","",1,5,1,5,1,6,1,0,1,0,1,"","","","","","","","","","","","","","","","","","","","","","","","",2000,1,"","",10,1,4,1,"","","","","","","","","","","","","","","","","","","","","","","","","","","","","","","","","","","","","","","","","","","","","","","","","","","","","","","","","","","","","","","","","",""
"31069001","TOULOUSE-BLAGNAC",43.621,1.378833,151,1968112612,"","","","",7.,1,120,1,"","","","","","","","","","","","","","","","","","","","","","","","","","","","",14.8,1,9.9,1,"","","","","","","","","","","","","","","","","","","","","","","","","","",73,1,"","","","","","","","","","","","",12.4,1,1017.5,1,999.4,1,"","","",1,2,1,0,1,6,1,0,1,2,1,"","","","","","","","","","","","","","","","","","","","","","","","",8000,1,"","",1,1,4,1,"","","","","","","","","","","","","","","","","","","","","","","","","","","","","","","","","","","","","","","","","","","","","","","","","","","","","","","","","","","","","","","","","",""
"31069001","TOULOUSE-BLAGNAC",43.621,1.378833,151,1968112615,"","","","",7.,1,120,1,"","","","","","","","","","","","","","","","","","","","","","","","","","","","",13.9,1,8.5,1,"","","","","","","","","","","","","","","","","","","","","","","","","","",71,1,"","","","","","","","","","","","",11.3,1,1015.9,1,997.8,1,"","","",1,4,1,0,1,1,1,0,1,2,1,"","","","","","","","","","","","","","","","","","","","","","","","",15000,1,"","",3,1,0,1,"","","","","","","","","","","","","","","","","","","","","","","","","","","","","","","","","","","","","","","","","","","","","","","","","","","","","","","","","","","","","","","","","",""
"31069001","TOULOUSE-BLAGNAC",43.621,1.378833,151,1968112618,"","","","",5.,1,120,1,"","","","","","","","","","","","","","","","","","","","","","","","","","","","",12.8,1,8.8,1,"","","","","","","","","","","","","","","","","","","","","","","","","","",78,1,"","","","","","","","","","","","",11.5,1,1016.2,1,998.,1,"","","",1,3,1,0,1,6,1,0,1,2,1,"","","","","","","","","","","","","","","","","","","","","","","","",10000,1,"","",1,1,1,1,"","","","","","","","","","","","","","","","","","","","","","","","","","","","","","","","","","","","","","","","","","","","","","","","","","","","","","","","","","","","","","","","","",""
"31069001","TOULOUSE-BLAGNAC",43.621,1.378833,151,1968112621,"","","","",5.,1,120,1,"","","","","","","","","","","","","","","","","","","","","","","","","","","","",13.,1,8.8,1,"","","","","","","","","","","","","","","","","","","","","","","","","","",77,1,"","","","","","","","","","","","",11.5,1,1015.2,1,997.1,1,"","","",1,0,1,"","",0,1,0,1,0,1,"","","","","","","","","","","","","","","","","","","","","","","","",10000,1,"","",1,1,0,1,"","","","","","","","","","","","","","","","","","","","","","","","","","","","","","","","","","","","","","","","","","","","","","","","","","","","","","","","","","","","","","","","","",""
"31069001","TOULOUSE-BLAGNAC",43.621,1.378833,151,1968112700,"","","","",5.,1,120,1,"","","","","","","","","","","","","","","","","","","","","","","","","","","","",13.2,1,9.,1,"","","","","","","","","","","","","","","","","","","","","","","","","","",77,1,"","","","","","","","","","","","",11.7,1,1014.6,1,996.5,1,"","","",1,1,1,0,1,6,1,0,1,0,1,"","","","","","","","","","","","","","","","","","","","","","","","",10000,1,"","",1,1,0,1,"","","","","","","","","","","","","","","","","","","","","","","","","","","","","","","","","","","","","","","","","","","","","","","","","","","","","","","","","","","","","","","","","",""
"31069001","TOULOUSE-BLAGNAC",43.621,1.378833,151,1968112703,"","","","",4.,1,120,1,"","","","","","","","","","","","","","","","","","","","","","","","","","","","",13.,1,8.4,1,"","","","","","","","","","","","","","","","","","","","","","","","","","",75,1,"","","","","","","","","","","","",11.2,1,1013.4,1,995.3,1,"","","",1,0,1,"","",0,1,0,1,0,1,"","","","","","","","","","","","","","","","","","","","","","","","",10000,1,"","",2,1,0,1,"","","","","","","","","","","","","","","","","","","","","","","","","","","","","","","","","","","","","","","","","","","","","","","","","","","","","","","","","","","","","","","","","",""
"31069001","TOULOUSE-BLAGNAC",43.621,1.378833,151,1968112706,"","","","",5.,1,120,1,"","","","","","","","","","","","","","","","","","","","","","","","","","","","",13.1,1,8.9,1,"","","","","","","","","","","","","","","","","","","","","","","","","","",77,1,"","","","","","","","","","","","",11.6,1,1012.7,1,994.6,1,"","","",1,0,1,"","",0,1,0,1,0,1,"","","","","","","","","","","","","","","","","","","","","","","","",10000,1,"","",2,1,0,1,"","",1,1,"","","","","","","","","","","","","","","","","","","","","","","","","","","","","","","","","","","","","","","","","","","","","","","","","","","","","","","","","","","","","",""
"31069001","TOULOUSE-BLAGNAC",43.621,1.378833,151,1968112709,"","","","",6.,1,120,1,"","","","","","","","","","","","","","","","","","","","","","","","","","","","",13.8,1,8.3,1,"","","","","","","","","","","","","","","","","","","","","","","","","","",70,1,"","","","","","","","","","","","",11.1,1,1012.7,1,994.7,1,"","","",1,6,1,0,1,0,1,4,1,2,1,"","","","","","","","","","","","","","","","","","","","","","","","",20000,1,"","",1,1,1,1,"","","","","","","","","","","","","","","","","","","","","","","","","","","","","","","","","","","","","","","","","","","","","","","","","","","","","","","","","","","","","","","","","",""
"31069001","TOULOUSE-BLAGNAC",43.621,1.378833,151,1968112712,"","","","",5.,1,120,1,"","","","","","","","","","","","","","","","","","","","","","","","","","","","",16.,1,9.,1,"","","","","","","","","","","","","","","","","","","","","","","","","","",65,1,"","","","","","","","","","","","",11.7,1,1012.4,1,994.5,1,"","","",1,5,1,0,1,0,1,4,1,2,1,"","","","","","","","","","","","","","","","","","","","","","","","",20000,1,"","",2,1,1,1,"","","","","","","","","","","","","","","","","","","","","","","","","","","","","","","","","","","","","","","","","","","","","","","","","","","","","","","","","","","","","","","","","",""
"31069001","TOULOUSE-BLAGNAC",43.621,1.378833,151,1968112715,"","","","",5.,1,120,1,"","","","","","","","","","","","","","","","","","","","","","","","","","","","",15.1,1,8.8,1,"","","","","","","","","","","","","","","","","","","","","","","","","","",67,1,"","","","","","","","","","","","",11.5,1,1010.1,1,992.2,1,"","","",1,6,1,6,1,0,1,4,1,2,1,"","","","","","","","","","","","","","","","","","","","","","","","",20000,1,"","",2,1,2,1,"","","","","","","","","","","","","","","","","","","","","","","","","","","","","","","","","","","","","","","","","","","","","","","","","","","","","","","","","","","","","","","","","",""
"31069001","TOULOUSE-BLAGNAC",43.621,1.378833,151,1968112718,"","","","",5.,1,120,1,"","","","","","","","","","","","","","","","","","","","","","","","","","","","",14.2,1,9.8,1,"","","","","","","","","","","","","","","","","","","","","","","","","","",76,1,"","","","","","","","","","","","",12.3,1,1010.,1,992.,1,"","","",1,7,1,6,1,0,1,4,1,2,1,"","","","","","","","","","","","","","","","","","","","","","","","",20000,1,"","",2,1,2,1,"","","","","","","","","","","","","","","","","","","","","","","","","","","","","","","","","","","","","","","","","","","","","","","","","","","","","","","","","","","","","","","","","",""
"31069001","TOULOUSE-BLAGNAC",43.621,1.378833,151,1968112721,"","","","",6.,1,120,1,"","","","","","","","","","","","","","","","","","","","","","","","","","","","",14.6,1,9.9,1,"","","","","","","","","","","","","","","","","","","","","","","","","","",75,1,"","","","","","","","","","","","",12.4,1,1009.2,1,991.3,1,"","","",1,4,1,0,1,0,1,0,1,2,1,"","","","","","","","","","","","","","","","","","","","","","","","",20000,1,"","",2,1,1,1,"","","","","","","","","","","","","","","","","","","","","","","","","","","","","","","","","","","","","","","","","","","","","","","","","","","","","","","","","","","","","","","","","",""
"31069001","TOULOUSE-BLAGNAC",43.621,1.378833,151,1968112800,"","","","",6.,1,120,1,"","","","","","","","","","","","","","","","","","","","","","","","","","","","",15.1,1,9.9,1,"","","","","","","","","","","","","","","","","","","","","","","","","","",73,1,"","","","","","","","","","","","",12.4,1,1008.4,1,990.5,1,"","","",1,7,1,5,1,6,1,5,1,2,1,"","","","","","","","","","","","","","","","","","","","","","","","",20000,1,"","",3,1,1,1,"","","","","","","","","","","","","","","","","","","","","","","","","","","","","","","","","","","","","","","","","","","","","","","","","","","","","","","","","","","","","","","","","",""
"31069001","TOULOUSE-BLAGNAC",43.621,1.378833,151,1968112803,"","","","",8.,1,120,1,"","","","","","","","","","","","","","","","","","","","","","","","","","","","",15.4,1,9.3,1,"","","","","","","","","","","","","","","","","","","","","","","","","","",68,1,"","","","","","","","","","","","",11.9,1,1007.5,1,989.7,1,"","","",1,8,1,8,1,6,1,7,1,"","","","","","","","","","","","","","","","","","","","","","","","","","",20000,1,"","",2,1,2,1,"","","","","","","","","","","","","","","","","","","","","","","","","","","","","","","","","","","","","","","","","","","","","","","","","","","","","","","","","","","","","","","","","",""
"31069001","TOULOUSE-BLAGNAC",43.621,1.378833,151,1968112806,"","","","",7.,1,120,1,"","","","","","","","","","","","","","","","","","","","","","","","","","","","",14.4,1,9.3,1,"","","","","","","","","","","","","","","","","","","","","","","","","","",73,1,"","","","","","","","","","","","",11.9,1,1007.6,1,989.7,1,"","","",1,8,1,8,1,6,1,7,1,"","","","","","","","","","","","","","","","","","","","","","","","","","",20000,1,"","",2,1,2,1,"","",0,1,"","","","","","","","","","","","","","","","","","","","","","","","","","","","","","","","","","","","","","","","","","","","","","","","","","","","","","","","","","","","","",""
"31069001","TOULOUSE-BLAGNAC",43.621,1.378833,151,1968112809,"","","","",7.,1,120,1,"","","","","","","","","","","","","","","","","","","","","","","","","","","","",14.8,1,8.8,1,"","","","","","","","","","","","","","","","","","","","","","","","","","",68,1,"","","","","","","","","","","","",11.5,1,1008.1,1,990.2,1,"","","",1,7,1,7,1,5,1,7,1,"","","","","","","","","","","","","","","","","","","","","","","","","","",20000,1,"","",1,1,2,1,"","","","","","","","","","","","","","","","","","","","","","","","","","","","","","","","","","","","","","","","","","","","","","","","","","","","","","","","","","","","","","","","","",""
"31069001","TOULOUSE-BLAGNAC",43.621,1.378833,151,1968112812,"","","","",8.,1,100,1,"","","","","","","","","","","","","","","","","","","","","","","","","","","","",15.3,1,8.4,1,"","","","","","","","","","","","","","","","","","","","","","","","","","",65,1,"","","","","","","","","","","","",11.2,1,1007.1,1,989.3,1,"","","",1,7,1,7,1,5,1,7,1,"","","","","","","","","","","","","","","","","","","","","","","","","","",20000,1,"","",2,1,2,1,"","","","","","","","","","","","","","","","","","","","","","","","","","","","","","","","","","","","","","","","","","","","","","","","","","","","","","","","","","","","","","","","","",""
"31069001","TOULOUSE-BLAGNAC",43.621,1.378833,151,1968112815,"","","","",9.,1,100,1,"","","","","","","","","","","","","","","","","","","","","","","","","","","","",14.8,1,9.2,1,"","","","","","","","","","","","","","","","","","","","","","","","","","",70,1,"","","","","","","","","","","","",11.8,1,1005.8,1,987.9,1,"","","",1,8,1,8,1,5,1,7,1,"","","","","","","","","","","","","","","","","","","","","","","","","","",20000,1,"","",3,1,6,1,"","","","","","","","","","","","","","","","","","","","","","","","","","","","","","","","","","","","","","","","","","","","","","","","","","","","","","","","","","","","","","","","","",""
"31069001","TOULOUSE-BLAGNAC",43.621,1.378833,151,1968112818,"","","","",8.,1,100,1,"","","","","","","","","","","","","","","","","","","","","","","","","","","","",13.6,1,9.5,1,"","","","","","","","","","","","","","","","","","","","","","","","","","",78,1,"","","","","","","","","","","","",12.1,1,1006.5,1,988.6,1,"","","",1,8,1,8,1,5,1,7,1,"","","","","","","","","","","","","","","","","","","","","","","","","","",20000,1,"","",21,1,6,1,"","","","","","","","","","","","","","","","","","","","","","","","","","","","","","","","","","","","","","","","","","","","","","","","","","","","","","","","","","","","","","","","","",""
"31069001","TOULOUSE-BLAGNAC",43.621,1.378833,151,1968112821,"","","","",8.,1,100,1,"","","","","","","","","","","","","","","","","","","","","","","","","","","","",14.1,1,9.2,1,"","","","","","","","","","","","","","","","","","","","","","","","","","",74,1,"","","","","","","","","","","","",11.8,1,1005.9,1,988.,1,"","","",1,5,1,0,1,5,1,4,1,2,1,"","","","","","","","","","","","","","","","","","","","","","","","",20000,1,"","",1,1,6,1,"","","","","","","","","","","","","","","","","","","","","","","","","","","","","","","","","","","","","","","","","","","","","","","","","","","","","","","","","","","","","","","","","",""
"31069001","TOULOUSE-BLAGNAC",43.621,1.378833,151,1968112900,"","","","",7.,1,100,1,"","","","","","","","","","","","","","","","","","","","","","","","","","","","",13.2,1,10.6,1,"","","","","","","","","","","","","","","","","","","","","","","","","","",85,1,"","","","","","","","","","","","",13.,1,1005.8,1,987.9,1,"","","",1,8,1,8,1,7,1,7,1,"","","","","","","","","","","","","","","","","","","","","","","","","","",15000,1,"","",61,1,6,1,"","","","","","","","","","","","","","","","","","","","","","","","","","","","","","","","","","","","","","","","","","","","","","","","","","","","","","","","","","","","","","","","","",""
"31069001","TOULOUSE-BLAGNAC",43.621,1.378833,151,1968112903,"","","","",8.,1,100,1,"","","","","","","","","","","","","","","","","","","","","","","","","","","","",13.2,1,10.6,1,"","","","","","","","","","","","","","","","","","","","","","","","","","",86,1,"","","","","","","","","","","","",13.,1,1003.9,1,986.,1,"","","",1,8,1,8,1,5,1,7,1,"","","","","","","","","","","","","","","","","","","","","","","","","","",15000,1,"","",61,1,6,1,"","","","","","","","","","","","","","","","","","","","","","","","","","","","","","","","","","","","","","","","","","","","","","","","","","","","","","","","","","","","","","","","","",""
"31069001","TOULOUSE-BLAGNAC",43.621,1.378833,151,1968112906,"","","","",9.,1,100,1,"","","","","","","","","","","","","","","","","","","","","","","","","","","","",13.3,1,10.6,1,"","","","","","","","","","","","","","","","","","","","","","","","","","",85,1,"","","","","","","","","","","","",13.,1,1003.3,1,985.4,1,"","","",1,7,1,7,1,5,1,7,1,"","","","","","","","","","","","","","","","","","","","","","","","","","",15000,1,"","",1,1,6,1,"","",2,1,"","","","","","","","","","","","","","","","","","","","","","","","","","","","","","","","","","","","","","","","","","","","","","","","","","","","","","","","","","","","","",""
"31069001","TOULOUSE-BLAGNAC",43.621,1.378833,151,1968112909,"","","","",7.,1,100,1,"","","","","","","","","","","","","","","","","","","","","","","","","","","","",13.3,1,10.,1,"","","","","","","","","","","","","","","","","","","","","","","","","","",82,1,"","","","","","","","","","","","",12.5,1,1004.2,1,986.3,1,"","","",1,7,1,7,1,5,1,7,1,"","","","","","","","","","","","","","","","","","","","","","","","","","",15000,1,"","",60,1,2,1,"","","","","","","","","","","","","","","","","","","","","","","","","","","","","","","","","","","","","","","","","","","","","","","","","","","","","","","","","","","","","","","","","",""
"31069001","TOULOUSE-BLAGNAC",43.621,1.378833,151,1968112912,"","","","",5.,1,80,1,"","","","","","","","","","","","","","","","","","","","","","","","","","","","",12.,1,10.6,1,"","","","","","","","","","","","","","","","","","","","","","","","","","",93,1,"","","","","","","","","","","","",13.,1,1004.3,1,986.3,1,"","","",1,8,1,5,1,5,1,2,1,"","","","","","","","","","","","","","","","","","","","","","","","","","",7000,1,"","",61,1,6,1,"","","","","","","","","","","","","","","","","","","","","","","","","","","","","","","","","","","","","","","","","","","","","","","","","","","","","","","","","","","","","","","","","",""
"31069001","TOULOUSE-BLAGNAC",43.621,1.378833,151,1968112915,"","","","",5.,1,80,1,"","","","","","","","","","","","","","","","","","","","","","","","","","","","",12.4,1,11.,1,"","","","","","","","","","","","","","","","","","","","","","","","","","",93,1,"","","","","","","","","","","","",13.4,1,1003.9,1,985.9,1,"","","",1,8,1,8,1,7,1,2,1,"","","","","","","","","","","","","","","","","","","","","","","","","","",4000,1,"","",63,1,6,1,"","","","","","","","","","","","","","","","","","","","","","","","","","","","","","","","","","","","","","","","","","","","","","","","","","","","","","","","","","","","","","","","","",""
"31069001","TOULOUSE-BLAGNAC",43.621,1.378833,151,1968112918,"","","","",3.,1,80,1,"","","","","","","","","","","","","","","","","","","","","","","","","","","","",12.6,1,10.8,1,"","","","","","","","","","","","","","","","","","","","","","","","","","",91,1,"","","","","","","","","","","","",13.2,1,1004.5,1,986.5,1,"","","",1,8,1,8,1,7,1,2,1,"","","","","","","","","","","","","","","","","","","","","","","","","","",6000,1,"","",61,1,6,1,"","","","","","","","","","","","","","","","","","","","","","","","","","","","","","","","","","","","","","","","","","","","","","","","","","","","","","","","","","","","","","","","","",""
"31069001","TOULOUSE-BLAGNAC",43.621,1.378833,151,1968112921,"","","","",2.,1,120,1,"","","","","","","","","","","","","","","","","","","","","","","","","","","","",11.8,1,10.2,1,"","","","","","","","","","","","","","","","","","","","","","","","","","",91,1,"","","","","","","","","","","","",12.7,1,1005.5,1,987.5,1,"","","",1,7,1,7,1,5,1,7,1,"","","","","","","","","","","","","","","","","","","","","","","","","","",8000,1,"","",21,1,6,1,"","","","","","","","","","","","","","","","","","","","","","","","","","","","","","","","","","","","","","","","","","","","","","","","","","","","","","","","","","","","","","","","","",""
"31069001","TOULOUSE-BLAGNAC",43.621,1.378833,151,1968113000,"","","","",4.,1,120,1,"","","","","","","","","","","","","","","","","","","","","","","","","","","","",11.6,1,9.6,1,"","","","","","","","","","","","","","","","","","","","","","","","","","",89,1,"","","","","","","","","","","","",12.2,1,1006.2,1,988.1,1,"","","",1,8,1,7,1,5,1,"","","","","","","","","","","","","","","","","","","","","","","","","","","","",10000,1,"","",3,1,6,1,"","","","","","","","","","","","","","","","","","","","","","","","","","","","","","","","","","","","","","","","","","","","","","","","","","","","","","","","","","","","","","","","","",""
"31069001","TOULOUSE-BLAGNAC",43.621,1.378833,151,1968113003,"","","","",2.,1,140,1,"","","","","","","","","","","","","","","","","","","","","","","","","","","","",10.9,1,9.4,1,"","","","","","","","","","","","","","","","","","","","","","","","","","",92,1,"","","","","","","","","","","","",12.,1,1006.8,1,988.7,1,"","","",1,8,1,5,1,5,1,7,1,"","","","","","","","","","","","","","","","","","","","","","","","","","",6000,1,"","",61,1,6,1,"","","","","","","","","","","","","","","","","","","","","","","","","","","","","","","","","","","","","","","","","","","","","","","","","","","","","","","","","","","","","","","","","",""
"31069001","TOULOUSE-BLAGNAC",43.621,1.378833,151,1968113006,"","","","",0.,1,0,1,"","","","","","","","","","","","","","","","","","","","","","","","","","","","",10.8,1,9.5,1,"","","","","","","","","","","","","","","","","","","","","","","","","","",94,1,"","","","","","","","","","","","",12.1,1,1008.,1,989.9,1,"","","",1,8,1,5,1,7,1,"","","","","","","","","","","","","","","","","","","","","","","","","","","","",5000,1,"","",61,1,6,1,"","",2,1,"","","","","","","","","","","","","","","","","","","","","","","","","","","","","","","","","","","","","","","","","","","","","","","","","","","","","","","","","","","","","",""
"31069001","TOULOUSE-BLAGNAC",43.621,1.378833,151,1968113009,"","","","",1.,1,120,1,"","","","","","","","","","","","","","","","","","","","","","","","","","","","",10.7,1,9.2,1,"","","","","","","","","","","","","","","","","","","","","","","","","","",92,1,"","","","","","","","","","","","",11.8,1,1010.,1,991.8,1,"","","",1,8,1,8,1,5,1,"","","","","","","","","","","","","","","","","","","","","","","","","","","","",4000,1,"","",21,1,6,1,"","","","","","","","","","","","","","","","","","","","","","","","","","","","","","","","","","","","","","","","","","","","","","","","","","","","","","","","","","","","","","","","","",""
"31069001","TOULOUSE-BLAGNAC",43.621,1.378833,151,1968113012,"","","","",3.,1,160,1,"","","","","","","","","","","","","","","","","","","","","","","","","","","","",12.5,1,9.8,1,"","","","","","","","","","","","","","","","","","","","","","","","","","",85,1,"","","","","","","","","","","","",12.3,1,1011.3,1,993.2,1,"","","",1,8,1,5,1,8,1,2,1,"","","","","","","","","","","","","","","","","","","","","","","","","","",20000,1,"","",2,1,6,1,"","","","","","","","","","","","","","","","","","","","","","","","","","","","","","","","","","","","","","","","","","","","","","","","","","","","","","","","","","","","","","","","","",""
"31069001","TOULOUSE-BLAGNAC",43.621,1.378833,151,1968113015,"","","","",0.,1,0,1,"","","","","","","","","","","","","","","","","","","","","","","","","","","","",12.7,1,10.3,1,"","","","","","","","","","","","","","","","","","","","","","","","","","",87,1,"","","","","","","","","","","","",12.8,1,1012.5,1,994.4,1,"","","",1,8,1,8,1,5,1,"","","","","","","","","","","","","","","","","","","","","","","","","","","","",6000,1,"","",2,1,2,1,"","","","","","","","","","","","","","","","","","","","","","","","","","","","","","","","","","","","","","","","","","","","","","","","","","","","","","","","","","","","","","","","","",""
"31069001","TOULOUSE-BLAGNAC",43.621,1.378833,151,1968113018,"","","","",1.,1,180,1,"","","","","","","","","","","","","","","","","","","","","","","","","","","","",12.,1,10.6,1,"","","","","","","","","","","","","","","","","","","","","","","","","","",93,1,"","","","","","","","","","","","",13.,1,1014.5,1,996.3,1,"","","",1,8,1,8,1,5,1,"","","","","","","","","","","","","","","","","","","","","","","","","","","","",4000,1,"","",10,1,2,1,"","","","","","","","","","","","","","","","","","","","","","","","","","","","","","","","","","","","","","","","","","","","","","","","","","","","","","","","","","","","","","","","","",""
"31069001","TOULOUSE-BLAGNAC",43.621,1.378833,151,1968113021,"","","","",1.,1,260,1,"","","","","","","","","","","","","","","","","","","","","","","","","","","","",11.8,1,10.7,1,"","","","","","","","","","","","","","","","","","","","","","","","","","",95,1,"","","","","","","","","","","","",13.1,1,1016.5,1,998.3,1,"","","",1,8,1,8,1,5,1,"","","","","","","","","","","","","","","","","","","","","","","","","","","","",4000,1,"","",51,1,5,1,"","","","","","","","","","","","","","","","","","","","","","","","","","","","","","","","","","","","","","","","","","","","","","","","","","","","","","","","","","","","","","","","","",""
"31069001","TOULOUSE-BLAGNAC",43.621,1.378833,151,1968120100,"","","","",0.,1,0,1,"","","","","","","","","","","","","","","","","","","","","","","","","","","","",11.4,1,10.3,1,"","","","","","","","","","","","","","","","","","","","","","","","","","",95,1,"","","","","","","","","","","","",12.8,1,1018.,1,999.7,1,"","","",1,8,1,8,1,5,1,"","","","","","","","","","","","","","","","","","","","","","","","","","","","",8000,1,"","",2,1,5,1,"","","","","","","","","","","","","","","","","","","","","","","","","","","","","","","","","","","","","","","","","","","","","","","","","","","","","","","","","","","","","","","","","",""
"31069001","TOULOUSE-BLAGNAC",43.621,1.378833,151,1968120103,"","","","",0.,1,0,1,"","","","","","","","","","","","","","","","","","","","","","","","","","","","",8.3,1,8.3,1,"","","","","","","","","","","","","","","","","","","","","","","","","","",99,1,"","","","","","","","","","","","",10.8,1,1018.6,1,1000.1,1,"","","",1,6,1,6,1,5,1,0,1,0,1,"","","","","","","","","","","","","","","","","","","","","","","","",80,1,"","",46,1,1,1,"","","","","","","","","","","","","","","","","","","","","","","","","","","","","","","","","","","","","","","","","","","","","","","","","","","","","","","","","","","","","","","","","",""
"31069001","TOULOUSE-BLAGNAC",43.621,1.378833,151,1968120106,"","","","",0.,1,0,1,"","","","","","","","","","","","","","","","","","","","","","","","","","","","",6.8,1,6.8,1,"","","","","","","","","","","","","","","","","","","","","","","","","","",99,1,"","","","","","","","","","","","",9.7,1,1018.9,1,1000.3,1,"","","",1,0,1,"","",0,1,0,1,0,1,"","","","","","","","","","","","","","","","","","","","","","","","",200,1,"","",44,1,4,1,"","",1,1,"","","","","","","","","","","","","","","","","","","","","","","","","","","","","","","","","","","","","","","","","","","","","","","","","","","","","","","","","","","","","",""
"31069001","TOULOUSE-BLAGNAC",43.621,1.378833,151,1968120109,"","","","",0.,1,0,1,"","","","","","","","","","","","","","","","","","","","","","","","","","","","",9.1,1,8.3,1,"","","","","","","","","","","","","","","","","","","","","","","","","","",96,1,"","","","","","","","","","","","",11.1,1,1019.3,1,1000.8,1,"","","",1,8,1,8,1,6,1,"","","","","","","","","","","","","","","","","","","","","","","","","","","","",1000,1,"","",10,1,4,1,"","","","","","","","","","","","","","","","","","","","","","","","","","","","","","","","","","","","","","","","","","","","","","","","","","","","","","","","","","","","","","","","","",""
"31069001","TOULOUSE-BLAGNAC",43.621,1.378833,151,1968120112,"","","","",1.,1,80,1,"","","","","","","","","","","","","","","","","","","","","","","","","","","","",12.8,1,10.2,1,"","","","","","","","","","","","","","","","","","","","","","","","","","",86,1,"","","","","","","","","","","","",12.7,1,1017.9,1,999.7,1,"","","",1,6,1,0,1,1,1,0,1,1,1,"","","","","","","","","","","","","","","","","","","","","","","","",8000,1,"","",1,1,4,1,"","","","","","","","","","","","","","","","","","","","","","","","","","","","","","","","","","","","","","","","","","","","","","","","","","","","","","","","","","","","","","","","","",""
"31069001","TOULOUSE-BLAGNAC",43.621,1.378833,151,1968120115,"","","","",1.,1,80,1,"","","","","","","","","","","","","","","","","","","","","","","","","","","","",13.8,1,10.1,1,"","","","","","","","","","","","","","","","","","","","","","","","","","",80,1,"","","","","","","","","","","","",12.6,1,1016.4,1,998.3,1,"","","",1,7,1,7,1,1,1,0,1,4,1,"","","","","","","","","","","","","","","","","","","","","","","","",8000,1,"","",3,1,2,1,"","","","","","","","","","","","","","","","","","","","","","","","","","","","","","","","","","","","","","","","","","","","","","","","","","","","","","","","","","","","","","","","","",""
"31069001","TOULOUSE-BLAGNAC",43.621,1.378833,151,1968120118,"","","","",0.,1,0,1,"","","","","","","","","","","","","","","","","","","","","","","","","","","","",9.8,1,8.5,1,"","","","","","","","","","","","","","","","","","","","","","","","","","",93,1,"","","","","","","","","","","","",11.3,1,1015.7,1,997.4,1,"","","",1,3,1,0,1,0,1,0,1,2,1,"","","","","","","","","","","","","","","","","","","","","","","","",6000,1,"","",11,1,1,1,"","","","","","","","","","","","","","","","","","","","","","","","","","","","","","","","","","","","","","","","","","","","","","","","","","","","","","","","","","","","","","","","","",""
"31069001","TOULOUSE-BLAGNAC",43.621,1.378833,151,1968120121,"","","","",0.,1,0,1,"","","","","","","","","","","","","","","","","","","","","","","","","","","","",6.7,1,6.1,1,"","","","","","","","","","","","","","","","","","","","","","","","","","",97,1,"","","","","","","","","","","","",9.5,1,1016.2,1,997.6,1,"","","",1,5,1,5,1,0,1,0,1,2,1,"","","","","","","","","","","","","","","","","","","","","","","","",300,1,"","",42,1,4,1,"","","","","","","","","","","","","","","","","","","","","","","","","","","","","","","","","","","","","","","","","","","","","","","","","","","","","","","","","","","","","","","","","",""
"31069001","TOULOUSE-BLAGNAC",43.621,1.378833,151,1968120200,"","","","",0.,1,0,1,"","","","","","","","","","","","","","","","","","","","","","","","","","","","",7.3,1,6.4,1,"","","","","","","","","","","","","","","","","","","","","","","","","","",96,1,"","","","","","","","","","","","",9.7,1,1015.8,1,997.3,1,"","","",1,7,1,7,1,0,1,4,1,2,1,"","","","","","","","","","","","","","","","","","","","","","","","",10000,1,"","",12,1,4,1,"","","","","","","","","","","","","","","","","","","","","","","","","","","","","","","","","","","","","","","","","","","","","","","","","","","","","","","","","","","","","","","","","",""
"31069001","TOULOUSE-BLAGNAC",43.621,1.378833,151,1968120203,"","","","",0.,1,0,1,"","","","","","","","","","","","","","","","","","","","","","","","","","","","",6.7,1,6.1,1,"","","","","","","","","","","","","","","","","","","","","","","","","","",97,1,"","","","","","","","","","","","",9.5,1,1015.7,1,997.1,1,"","","",1,8,1,8,1,0,1,7,1,"","","","","","","","","","","","","","","","","","","","","","","","","","",8000,1,"","",12,1,2,1,"","","","","","","","","","","","","","","","","","","","","","","","","","","","","","","","","","","","","","","","","","","","","","","","","","","","","","","","","","","","","","","","","",""
"31069001","TOULOUSE-BLAGNAC",43.621,1.378833,151,1968120206,"","","","",0.,1,0,1,"","","","","","","","","","","","","","","","","","","","","","","","","","","","",5.6,1,4.8,1,"","","","","","","","","","","","","","","","","","","","","","","","","","",95,1,"","","","","","","","","","","","",8.7,1,1015.4,1,996.8,1,"","","",1,6,1,6,1,0,1,0,1,2,1,"","","","","","","","","","","","","","","","","","","","","","","","",10000,1,"","",3,1,1,1,"","",1,1,"","","","","","","","","","","","","","","","","","","","","","","","","","","","","","","","","","","","","","","","","","","","","","","","","","","","","","","","","","","","","",""
"31069001","TOULOUSE-BLAGNAC",43.621,1.378833,151,1968120209,"","","","",0.,1,0,1,"","","","","","","","","","","","","","","","","","","","","","","","","","","","",6.8,1,5.8,1,"","","","","","","","","","","","","","","","","","","","","","","","","","",94,1,"","","","","","","","","","","","",9.3,1,1016.5,1,997.9,1,"","","",1,6,1,6,1,0,1,4,1,2,1,"","","","","","","","","","","","","","","","","","","","","","","","",3000,1,"","",10,1,2,1,"","","","","","","","","","","","","","","","","","","","","","","","","","","","","","","","","","","","","","","","","","","","","","","","","","","","","","","","","","","","","","","","","",""
"31069001","TOULOUSE-BLAGNAC",43.621,1.378833,151,1968120212,"","","","",2.,1,80,1,"","","","","","","","","","","","","","","","","","","","","","","","","","","","",13.,1,8.8,1,"","","","","","","","","","","","","","","","","","","","","","","","","","",77,1,"","","","","","","","","","","","",11.5,1,1015.4,1,997.3,1,"","","",1,5,1,5,1,0,1,0,1,2,1,"","","","","","","","","","","","","","","","","","","","","","","","",5000,1,"","",2,1,2,1,"","","","","","","","","","","","","","","","","","","","","","","","","","","","","","","","","","","","","","","","","","","","","","","","","","","","","","","","","","","","","","","","","",""
"31069001","TOULOUSE-BLAGNAC",43.621,1.378833,151,1968120215,"","","","",2.,1,300,1,"","","","","","","","","","","","","","","","","","","","","","","","","","","","",12.7,1,8.9,1,"","","","","","","","","","","","","","","","","","","","","","","","","","",79,1,"","","","","","","","","","","","",11.6,1,1014.7,1,996.6,1,"","","",1,7,1,5,1,5,1,0,1,2,1,"","","","","","","","","","","","","","","","","","","","","","","","",9000,1,"","",2,1,2,1,"","","","","","","","","","","","","","","","","","","","","","","","","","","","","","","","","","","","","","","","","","","","","","","","","","","","","","","","","","","","","","","","","",""
"31069001","TOULOUSE-BLAGNAC",43.621,1.378833,151,1968120218,"","","","",2.,1,160,1,"","","","","","","","","","","","","","","","","","","","","","","","","","","","",11.,1,8.8,1,"","","","","","","","","","","","","","","","","","","","","","","","","","",88,1,"","","","","","","","","","","","",11.5,1,1015.6,1,997.3,1,"","","",1,7,1,7,1,5,1,"","","","","","","","","","","","","","","","","","","","","","","","","","","","",9000,1,"","",2,1,2,1,"","","","","","","","","","","","","","","","","","","","","","","","","","","","","","","","","","","","","","","","","","","","","","","","","","","","","","","","","","","","","","","","","",""
"31069001","TOULOUSE-BLAGNAC",43.621,1.378833,151,1968120221,"","","","",1.,1,180,1,"","","","","","","","","","","","","","","","","","","","","","","","","","","","",10.,1,8.8,1,"","","","","","","","","","","","","","","","","","","","","","","","","","",94,1,"","","","","","","","","","","","",11.5,1,1016.9,1,998.5,1,"","","",1,7,1,7,1,5,1,"","","","","","","","","","","","","","","","","","","","","","","","","","","","",8000,1,"","",3,1,2,1,"","","","","","","","","","","","","","","","","","","","","","","","","","","","","","","","","","","","","","","","","","","","","","","","","","","","","","","","","","","","","","","","","",""
"31069001","TOULOUSE-BLAGNAC",43.621,1.378833,151,1968120300,"","","","",1.,1,160,1,"","","","","","","","","","","","","","","","","","","","","","","","","","","","",8.3,1,7.5,1,"","","","","","","","","","","","","","","","","","","","","","","","","","",96,1,"","","","","","","","","","","","",10.5,1,1017.3,1,998.8,1,"","","",1,7,1,7,1,6,1,"","","","","","","","","","","","","","","","","","","","","","","","","","","","",6000,1,"","",3,1,2,1,"","","","","","","","","","","","","","","","","","","","","","","","","","","","","","","","","","","","","","","","","","","","","","","","","","","","","","","","","","","","","","","","","",""
"31069001","TOULOUSE-BLAGNAC",43.621,1.378833,151,1968120303,"","","","",2.,1,200,1,"","","","","","","","","","","","","","","","","","","","","","","","","","","","",8.7,1,7.3,1,"","","","","","","","","","","","","","","","","","","","","","","","","","",93,1,"","","","","","","","","","","","",10.4,1,1017.6,1,999.1,1,"","","",1,6,1,0,1,6,1,3,1,0,1,"","","","","","","","","","","","","","","","","","","","","","","","",6000,1,"","",1,1,2,1,"","","","","","","","","","","","","","","","","","","","","","","","","","","","","","","","","","","","","","","","","","","","","","","","","","","","","","","","","","","","","","","","","",""
"31069001","TOULOUSE-BLAGNAC",43.621,1.378833,151,1968120306,"","","","",2.,1,160,1,"","","","","","","","","","","","","","","","","","","","","","","","","","","","",9.3,1,8.,1,"","","","","","","","","","","","","","","","","","","","","","","","","","",93,1,"","","","","","","","","","","","",10.9,1,1017.6,1,999.2,1,"","","",1,8,1,8,1,6,1,"","","","","","","","","","","","","","","","","","","","","","","","","","","","",5000,1,"","",2,1,2,1,"","",1,1,"","","","","","","","","","","","","","","","","","","","","","","","","","","","","","","","","","","","","","","","","","","","","","","","","","","","","","","","","","","","","",""
"31069001","TOULOUSE-BLAGNAC",43.621,1.378833,151,1968120309,"","","","",0.,1,0,1,"","","","","","","","","","","","","","","","","","","","","","","","","","","","",9.5,1,8.3,1,"","","","","","","","","","","","","","","","","","","","","","","","","","",93,1,"","","","","","","","","","","","",11.1,1,1019.1,1,1000.7,1,"","","",1,8,1,8,1,6,1,"","","","","","","","","","","","","","","","","","","","","","","","","","","","",2000,1,"","",10,1,2,1,"","","","","","","","","","","","","","","","","","","","","","","","","","","","","","","","","","","","","","","","","","","","","","","","","","","","","","","","","","","","","","","","","",""
"31069001","TOULOUSE-BLAGNAC",43.621,1.378833,151,1968120312,"","","","",0.,1,0,1,"","","","","","","","","","","","","","","","","","","","","","","","","","","","",9.2,1,8.,1,"","","","","","","","","","","","","","","","","","","","","","","","","","",93,1,"","","","","","","","","","","","",10.9,1,1019.6,1,1001.1,1,"","","",1,8,1,8,1,6,1,"","","","","","","","","","","","","","","","","","","","","","","","","","","","",1800,1,"","",10,1,2,1,"","","","","","","","","","","","","","","","","","","","","","","","","","","","","","","","","","","","","","","","","","","","","","","","","","","","","","","","","","","","","","","","","",""
"31069001","TOULOUSE-BLAGNAC",43.621,1.378833,151,1968120315,"","","","",0.,1,0,1,"","","","","","","","","","","","","","","","","","","","","","","","","","","","",10.4,1,8.,1,"","","","","","","","","","","","","","","","","","","","","","","","","","",87,1,"","","","","","","","","","","","",10.9,1,1019.,1,1000.6,1,"","","",1,7,1,5,1,6,1,"","","","","","","","","","","","","","","","","","","","","","","","","","","","",1700,1,"","",10,1,2,1,"","","","","","","","","","","","","","","","","","","","","","","","","","","","","","","","","","","","","","","","","","","","","","","","","","","","","","","","","","","","","","","","","",""
"31069001","TOULOUSE-BLAGNAC",43.621,1.378833,151,1968120318,"","","","",0.,1,0,1,"","","","","","","","","","","","","","","","","","","","","","","","","","","","",10.,1,8.1,1,"","","","","","","","","","","","","","","","","","","","","","","","","","",90,1,"","","","","","","","","","","","",11.,1,1019.8,1,1001.4,1,"","","",1,8,1,8,1,6,1,"","","","","","","","","","","","","","","","","","","","","","","","","","","","",3000,1,"","",10,1,2,1,"","","","","","","","","","","","","","","","","","","","","","","","","","","","","","","","","","","","","","","","","","","","","","","","","","","","","","","","","","","","","","","","","",""
"31069001","TOULOUSE-BLAGNAC",43.621,1.378833,151,1968120321,"","","","",0.,1,0,1,"","","","","","","","","","","","","","","","","","","","","","","","","","","","",9.4,1,7.7,1,"","","","","","","","","","","","","","","","","","","","","","","","","","",91,1,"","","","","","","","","","","","",10.7,1,1020.2,1,1001.7,1,"","","",1,8,1,8,1,6,1,"","","","","","","","","","","","","","","","","","","","","","","","","","","","",4000,1,"","",10,1,2,1,"","","","","","","","","","","","","","","","","","","","","","","","","","","","","","","","","","","","","","","","","","","","","","","","","","","","","","","","","","","","","","","","","",""
"31069001","TOULOUSE-BLAGNAC",43.621,1.378833,151,1968120400,"","","","",0.,1,0,1,"","","","","","","","","","","","","","","","","","","","","","","","","","","","",9.2,1,7.6,1,"","","","","","","","","","","","","","","","","","","","","","","","","","",91,1,"","","","","","","","","","","","",10.6,1,1020.5,1,1002.,1,"","","",1,8,1,8,1,6,1,"","","","","","","","","","","","","","","","","","","","","","","","","","","","",4000,1,"","",10,1,2,1,"","","","","","","","","","","","","","","","","","","","","","","","","","","","","","","","","","","","","","","","","","","","","","","","","","","","","","","","","","","","","","","","","",""
"31069001","TOULOUSE-BLAGNAC",43.621,1.378833,151,1968120403,"","","","",0.,1,0,1,"","","","","","","","","","","","","","","","","","","","","","","","","","","","",8.4,1,7.1,1,"","","","","","","","","","","","","","","","","","","","","","","","","","",93,1,"","","","","","","","","","","","",10.2,1,1020.3,1,1001.8,1,"","","",1,7,1,5,1,5,1,"","","","","","","","","","","","","","","","","","","","","","","","","","","","",3500,1,"","",10,1,2,1,"","","","","","","","","","","","","","","","","","","","","","","","","","","","","","","","","","","","","","","","","","","","","","","","","","","","","","","","","","","","","","","","","",""
"31069001","TOULOUSE-BLAGNAC",43.621,1.378833,151,1968120406,"","","","",0.,1,0,1,"","","","","","","","","","","","","","","","","","","","","","","","","","","","",8.1,1,7.3,1,"","","","","","","","","","","","","","","","","","","","","","","","","","",96,1,"","","","","","","","","","","","",10.4,1,1020.5,1,1001.9,1,"","","",1,8,1,5,1,5,1,"","","","","","","","","","","","","","","","","","","","","","","","","","","","",4000,1,"","",10,1,2,1,"","",1,1,"","","","","","","","","","","","","","","","","","","","","","","","","","","","","","","","","","","","","","","","","","","","","","","","","","","","","","","","","","","","","",""
"31069001","TOULOUSE-BLAGNAC",43.621,1.378833,151,1968120409,"","","","",0.,1,0,1,"","","","","","","","","","","","","","","","","","","","","","","","","","","","",8.8,1,7.5,1,"","","","","","","","","","","","","","","","","","","","","","","","","","",93,1,"","","","","","","","","","","","",10.5,1,1021.,1,1002.5,1,"","","",1,8,1,7,1,6,1,"","","","","","","","","","","","","","","","","","","","","","","","","","","","",3000,1,"","",10,1,2,1,"","","","","","","","","","","","","","","","","","","","","","","","","","","","","","","","","","","","","","","","","","","","","","","","","","","","","","","","","","","","","","","","","",""
"31069001","TOULOUSE-BLAGNAC",43.621,1.378833,151,1968120412,"","","","",0.,1,0,1,"","","","","","","","","","","","","","","","","","","","","","","","","","","","",11.3,1,7.7,1,"","","","","","","","","","","","","","","","","","","","","","","","","","",80,1,"","","","","","","","","","","","",10.7,1,1020.6,1,1002.3,1,"","","",1,7,1,7,1,6,1,"","","","","","","","","","","","","","","","","","","","","","","","","","","","",2500,1,"","",10,1,2,1,"","","","","","","","","","","","","","","","","","","","","","","","","","","","","","","","","","","","","","","","","","","","","","","","","","","","","","","","","","","","","","","","","",""
"31069001","TOULOUSE-BLAGNAC",43.621,1.378833,151,1968120415,"","","","",0.,1,0,1,"","","","","","","","","","","","","","","","","","","","","","","","","","","","",10.7,1,7.1,1,"","","","","","","","","","","","","","","","","","","","","","","","","","",79,1,"","","","","","","","","","","","",10.2,1,1019.8,1,1001.4,1,"","","",1,8,1,8,1,8,1,"","","","","","","","","","","","","","","","","","","","","","","","","","","","",6000,1,"","",2,1,2,1,"","","","","","","","","","","","","","","","","","","","","","","","","","","","","","","","","","","","","","","","","","","","","","","","","","","","","","","","","","","","","","","","","",""
"31069001","TOULOUSE-BLAGNAC",43.621,1.378833,151,1968120418,"","","","",1.,1,60,1,"","","","","","","","","","","","","","","","","","","","","","","","","","","","",9.,1,5.3,1,"","","","","","","","","","","","","","","","","","","","","","","","","","",78,1,"","","","","","","","","","","","",9.,1,1019.8,1,1001.3,1,"","","",1,5,1,5,1,5,1,0,1,0,1,"","","","","","","","","","","","","","","","","","","","","","","","",6000,1,"","",1,1,2,1,"","","","","","","","","","","","","","","","","","","","","","","","","","","","","","","","","","","","","","","","","","","","","","","","","","","","","","","","","","","","","","","","","",""
"31069001","TOULOUSE-BLAGNAC",43.621,1.378833,151,1968120421,"","","","",1.,1,60,1,"","","","","","","","","","","","","","","","","","","","","","","","","","","","",5.8,1,4.3,1,"","","","","","","","","","","","","","","","","","","","","","","","","","",91,1,"","","","","","","","","","","","",8.4,1,1019.8,1,1001.1,1,"","","",1,0,1,"","",0,1,0,1,0,1,"","","","","","","","","","","","","","","","","","","","","","","","",4000,1,"","",10,1,1,1,"","","","","","","","","","","","","","","","","","","","","","","","","","","","","","","","","","","","","","","","","","","","","","","","","","","","","","","","","","","","","","","","","",""
"31069001","TOULOUSE-BLAGNAC",43.621,1.378833,151,1968120500,"","","","",0.,1,0,1,"","","","","","","","","","","","","","","","","","","","","","","","","","","","",3.3,1,2.6,1,"","","","","","","","","","","","","","","","","","","","","","","","","","",95,1,"","","","","","","","","","","","",7.4,1,1019.9,1,1001.,1,"","","",1,0,1,"","",0,1,0,1,0,1,"","","","","","","","","","","","","","","","","","","","","","","","",5000,1,"","",2,1,0,1,"","","","","","","","","","","","","","","","","","","","","","","","","","","","","","","","","","","","","","","","","","","","","","","","","","","","","","","","","","","","","","","","","",""
"31069001","TOULOUSE-BLAGNAC",43.621,1.378833,151,1968120503,"","","","",0.,1,0,1,"","","","","","","","","","","","","","","","","","","","","","","","","","","","",4.2,1,3.8,1,"","","","","","","","","","","","","","","","","","","","","","","","","","",98,1,"","","","","","","","","","","","",8.1,1,1019.3,1,1000.5,1,"","","",1,9,1,"","","","","","","","","","","","","","","","","","","","","","","","","","","","","","","","",300,1,"","",47,1,1,1,"","","","","","","","","","","","","","","","","","","","","","","","","","","","","","","","","","","","","","","","","","","","","","","","","","","","","","","","","","","","","","","","","",""
"31069001","TOULOUSE-BLAGNAC",43.621,1.378833,151,1968120506,"","","","",0.,1,0,1,"","","","","","","","","","","","","","","","","","","","","","","","","","","","",2.6,1,2.,1,"","","","","","","","","","","","","","","","","","","","","","","","","","",96,1,"","","","","","","","","","","","",7.1,1,1018.4,1,999.5,1,"","","",1,6,1,6,1,6,1,0,1,0,1,"","","","","","","","","","","","","","","","","","","","","","","","",2000,1,"","",10,1,4,1,"","",1,1,"","","","","","","","","","","","","","","","","","","","","","","","","","","","","","","","","","","","","","","","","","","","","","","","","","","","","","","","","","","","","",""
"31069001","TOULOUSE-BLAGNAC",43.621,1.378833,151,1968120509,"","","","",0.,1,0,1,"","","","","","","","","","","","","","","","","","","","","","","","","","","","",2.8,1,2.2,1,"","","","","","","","","","","","","","","","","","","","","","","","","","",97,1,"","","","","","","","","","","","",7.2,1,1018.5,1,999.6,1,"","","",1,6,1,6,1,6,1,0,1,0,1,"","","","","","","","","","","","","","","","","","","","","","","","",2000,1,"","",10,1,2,1,"","","","","","","","","","","","","","","","","","","","","","","","","","","","","","","","","","","","","","","","","","","","","","","","","","","","","","","","","","","","","","","","","",""
"31069001","TOULOUSE-BLAGNAC",43.621,1.378833,151,1968120512,"","","","",0.,1,0,1,"","","","","","","","","","","","","","","","","","","","","","","","","","","","",8.7,1,6.2,1,"","","","","","","","","","","","","","","","","","","","","","","","","","",85,1,"","","","","","","","","","","","",9.6,1,1016.2,1,997.8,1,"","","",1,7,1,7,1,5,1,"","","","","","","","","","","","","","","","","","","","","","","","","","","","",6000,1,"","",3,1,2,1,"","","","","","","","","","","","","","","","","","","","","","","","","","","","","","","","","","","","","","","","","","","","","","","","","","","","","","","","","","","","","","","","","",""
"31069001","TOULOUSE-BLAGNAC",43.621,1.378833,151,1968120515,"","","","",5.,1,120,1,"","","","","","","","","","","","","","","","","","","","","","","","","","","","",12.8,1,7.6,1,"","","","","","","","","","","","","","","","","","","","","","","","","","",71,1,"","","","","","","","","","","","",10.6,1,1014.2,1,996.1,1,"","","",1,5,1,5,1,2,1,0,1,0,1,"","","","","","","","","","","","","","","","","","","","","","","","",10000,1,"","",2,1,2,1,"","","","","","","","","","","","","","","","","","","","","","","","","","","","","","","","","","","","","","","","","","","","","","","","","","","","","","","","","","","","","","","","","",""
"31069001","TOULOUSE-BLAGNAC",43.621,1.378833,151,1968120518,"","","","",2.,1,120,1,"","","","","","","","","","","","","","","","","","","","","","","","","","","","",11.6,1,8.4,1,"","","","","","","","","","","","","","","","","","","","","","","","","","",82,1,"","","","","","","","","","","","",11.2,1,1013.8,1,995.6,1,"","","",1,8,1,8,1,5,1,"","","","","","","","","","","","","","","","","","","","","","","","","","","","",10000,1,"","",3,1,2,1,"","","","","","","","","","","","","","","","","","","","","","","","","","","","","","","","","","","","","","","","","","","","","","","","","","","","","","","","","","","","","","","","","",""
"31069001","TOULOUSE-BLAGNAC",43.621,1.378833,151,1968120521,"","","","",2.,1,100,1,"","","","","","","","","","","","","","","","","","","","","","","","","","","","",11.3,1,8.4,1,"","","","","","","","","","","","","","","","","","","","","","","","","","",84,1,"","","","","","","","","","","","",11.2,1,1013.4,1,995.2,1,"","","",1,7,1,7,1,5,1,"","","","","","","","","","","","","","","","","","","","","","","","","","","","",10000,1,"","",3,1,2,1,"","","","","","","","","","","","","","","","","","","","","","","","","","","","","","","","","","","","","","","","","","","","","","","","","","","","","","","","","","","","","","","","","",""
"31069001","TOULOUSE-BLAGNAC",43.621,1.378833,151,1968120600,"","","","",4.,1,120,1,"","","","","","","","","","","","","","","","","","","","","","","","","","","","",12.,1,9.,1,"","","","","","","","","","","","","","","","","","","","","","","","","","",83,1,"","","","","","","","","","","","",11.7,1,1012.,1,993.9,1,"","","",1,7,1,7,1,5,1,"","","","","","","","","","","","","","","","","","","","","","","","","","","","",10000,1,"","",1,1,2,1,"","","","","","","","","","","","","","","","","","","","","","","","","","","","","","","","","","","","","","","","","","","","","","","","","","","","","","","","","","","","","","","","","",""
"31069001","TOULOUSE-BLAGNAC",43.621,1.378833,151,1968120603,"","","","",0.,1,0,1,"","","","","","","","","","","","","","","","","","","","","","","","","","","","",8.,1,6.5,1,"","","","","","","","","","","","","","","","","","","","","","","","","","",91,1,"","","","","","","","","","","","",9.8,1,1011.7,1,993.3,1,"","","",1,7,1,7,1,5,1,"","","","","","","","","","","","","","","","","","","","","","","","","","","","",8000,1,"","",2,1,2,1,"","","","","","","","","","","","","","","","","","","","","","","","","","","","","","","","","","","","","","","","","","","","","","","","","","","","","","","","","","","","","","","","","",""
"31069001","TOULOUSE-BLAGNAC",43.621,1.378833,151,1968120606,"","","","",0.,1,0,1,"","","","","","","","","","","","","","","","","","","","","","","","","","","","",4.,1,2.4,1,"","","","","","","","","","","","","","","","","","","","","","","","","","",90,1,"","","","","","","","","","","","",7.3,1,1010.7,1,992.,1,"","","",1,3,1,0,1,6,1,0,1,0,1,"","","","","","","","","","","","","","","","","","","","","","","","",6000,1,"","",2,1,1,1,"","",1,1,"","","","","","","","","","","","","","","","","","","","","","","","","","","","","","","","","","","","","","","","","","","","","","","","","","","","","","","","","","","","","",""
"31069001","TOULOUSE-BLAGNAC",43.621,1.378833,151,1968120609,"","","","",0.,1,0,1,"","","","","","","","","","","","","","","","","","","","","","","","","","","","",6.4,1,5.3,1,"","","","","","","","","","","","","","","","","","","","","","","","","","",94,1,"","","","","","","","","","","","",9.,1,1010.6,1,992.1,1,"","","",1,6,1,0,1,6,1,0,1,1,1,"","","","","","","","","","","","","","","","","","","","","","","","",6000,1,"","",3,1,4,1,"","","","","","","","","","","","","","","","","","","","","","","","","","","","","","","","","","","","","","","","","","","","","","","","","","","","","","","","","","","","","","","","","",""
"31069001","TOULOUSE-BLAGNAC",43.621,1.378833,151,1968120612,"","","","",7.,1,120,1,"","","","","","","","","","","","","","","","","","","","","","","","","","","","",14.5,1,8.8,1,"","","","","","","","","","","","","","","","","","","","","","","","","","",70,1,"","","","","","","","","","","","",11.5,1,1009.,1,991.1,1,"","","",1,6,1,0,1,1,1,0,1,1,1,"","","","","","","","","","","","","","","","","","","","","","","","",15000,1,"","",3,1,4,1,"","","","","","","","","","","","","","","","","","","","","","","","","","","","","","","","","","","","","","","","","","","","","","","","","","","","","","","","","","","","","","","","","",""
"31069001","TOULOUSE-BLAGNAC",43.621,1.378833,151,1968120615,"","","","",4.,1,120,1,"","","","","","","","","","","","","","","","","","","","","","","","","","","","",14.6,1,9.2,1,"","","","","","","","","","","","","","","","","","","","","","","","","","",71,1,"","","","","","","","","","","","",11.8,1,1007.6,1,989.7,1,"","","",1,5,1,5,1,1,1,0,1,2,1,"","","","","","","","","","","","","","","","","","","","","","","","",30000,1,"","",1,1,2,1,"","","","","","","","","","","","","","","","","","","","","","","","","","","","","","","","","","","","","","","","","","","","","","","","","","","","","","","","","","","","","","","","","",""
"31069001","TOULOUSE-BLAGNAC",43.621,1.378833,151,1968120618,"","","","",5.,1,120,1,"","","","","","","","","","","","","","","","","","","","","","","","","","","","",12.4,1,8.7,1,"","","","","","","","","","","","","","","","","","","","","","","","","","",79,1,"","","","","","","","","","","","",11.4,1,1007.4,1,989.4,1,"","","",1,1,1,0,1,0,1,0,1,2,1,"","","","","","","","","","","","","","","","","","","","","","","","",30000,1,"","",2,1,1,1,"","","","","","","","","","","","","","","","","","","","","","","","","","","","","","","","","","","","","","","","","","","","","","","","","","","","","","","","","","","","","","","","","",""
"31069001","TOULOUSE-BLAGNAC",43.621,1.378833,151,1968120621,"","","","",5.,1,100,1,"","","","","","","","","","","","","","","","","","","","","","","","","","","","",12.2,1,8.4,1,"","","","","","","","","","","","","","","","","","","","","","","","","","",78,1,"","","","","","","","","","","","",11.2,1,1007.3,1,989.3,1,"","","",1,0,1,"","",0,1,0,1,0,1,"","","","","","","","","","","","","","","","","","","","","","","","",20000,1,"","",2,1,0,1,"","","","","","","","","","","","","","","","","","","","","","","","","","","","","","","","","","","","","","","","","","","","","","","","","","","","","","","","","","","","","","","","","",""
"31069001","TOULOUSE-BLAGNAC",43.621,1.378833,151,1968120700,"","","","",6.,1,120,1,"","","","","","","","","","","","","","","","","","","","","","","","","","","","",12.6,1,8.7,1,"","","","","","","","","","","","","","","","","","","","","","","","","","",78,1,"","","","","","","","","","","","",11.4,1,1007.1,1,989.1,1,"","","",1,0,1,"","",0,1,0,1,0,1,"","","","","","","","","","","","","","","","","","","","","","","","",20000,1,"","",2,1,0,1,"","","","","","","","","","","","","","","","","","","","","","","","","","","","","","","","","","","","","","","","","","","","","","","","","","","","","","","","","","","","","","","","","",""
"31069001","TOULOUSE-BLAGNAC",43.621,1.378833,151,1968120703,"","","","",6.,1,120,1,"","","","","","","","","","","","","","","","","","","","","","","","","","","","",12.5,1,9.5,1,"","","","","","","","","","","","","","","","","","","","","","","","","","",83,1,"","","","","","","","","","","","",12.1,1,1006.1,1,988.1,1,"","","",1,2,1,0,1,5,1,0,1,0,1,"","","","","","","","","","","","","","","","","","","","","","","","",20000,1,"","",3,1,0,1,"","","","","","","","","","","","","","","","","","","","","","","","","","","","","","","","","","","","","","","","","","","","","","","","","","","","","","","","","","","","","","","","","",""
"31069001","TOULOUSE-BLAGNAC",43.621,1.378833,151,1968120706,"","","","",4.,1,120,1,"","","","","","","","","","","","","","","","","","","","","","","","","","","","",12.2,1,8.4,1,"","","","","","","","","","","","","","","","","","","","","","","","","","",78,1,"","","","","","","","","","","","",11.2,1,1005.4,1,987.4,1,"","","",1,3,1,0,1,0,1,0,1,1,1,"","","","","","","","","","","","","","","","","","","","","","","","",20000,1,"","",2,1,0,1,"","",1,1,"","","","","","","","","","","","","","","","","","","","","","","","","","","","","","","","","","","","","","","","","","","","","","","","","","","","","","","","","","","","","",""
"31069001","TOULOUSE-BLAGNAC",43.621,1.378833,151,1968120709,"","","","",6.,1,120,1,"","","","","","","","","","","","","","","","","","","","","","","","","","","","",13.2,1,9.2,1,"","","","","","","","","","","","","","","","","","","","","","","","","","",78,1,"","","","","","","","","","","","",11.8,1,1005.6,1,987.7,1,"","","",1,3,1,0,1,6,1,4,1,2,1,"","","","","","","","","","","","","","","","","","","","","","","","",30000,1,"","",3,1,0,1,"","","","","","","","","","","","","","","","","","","","","","","","","","","","","","","","","","","","","","","","","","","","","","","","","","","","","","","","","","","","","","","","","",""
"31069001","TOULOUSE-BLAGNAC",43.621,1.378833,151,1968120712,"","","","",6.,1,120,1,"","","","","","","","","","","","","","","","","","","","","","","","","","","","",15.3,1,8.8,1,"","","","","","","","","","","","","","","","","","","","","","","","","","",67,1,"","","","","","","","","","","","",11.5,1,1005.4,1,987.6,1,"","","",1,3,1,0,1,6,1,4,1,2,1,"","","","","","","","","","","","","","","","","","","","","","","","",30000,1,"","",2,1,0,1,"","","","","","","","","","","","","","","","","","","","","","","","","","","","","","","","","","","","","","","","","","","","","","","","","","","","","","","","","","","","","","","","","",""
"31069001","TOULOUSE-BLAGNAC",43.621,1.378833,151,1968120715,"","","","",8.,1,120,1,"","","","","","","","","","","","","","","","","","","","","","","","","","","","",14.5,1,8.4,1,"","","","","","","","","","","","","","","","","","","","","","","","","","",68,1,"","","","","","","","","","","","",11.2,1,1004.1,1,986.3,1,"","","",1,7,1,7,1,6,1,7,1,"","","","","","","","","","","","","","","","","","","","","","","","","","",30000,1,"","",3,1,1,1,"","","","","","","","","","","","","","","","","","","","","","","","","","","","","","","","","","","","","","","","","","","","","","","","","","","","","","","","","","","","","","","","","",""
"31069001","TOULOUSE-BLAGNAC",43.621,1.378833,151,1968120718,"","","","",9.,1,120,1,"","","","","","","","","","","","","","","","","","","","","","","","","","","","",14.,1,8.4,1,"","","","","","","","","","","","","","","","","","","","","","","","","","",70,1,"","","","","","","","","","","","",11.2,1,1004.4,1,986.5,1,"","","",1,7,1,7,1,0,1,7,1,"","","","","","","","","","","","","","","","","","","","","","","","","","",30000,1,"","",2,1,1,1,"","","","","","","","","","","","","","","","","","","","","","","","","","","","","","","","","","","","","","","","","","","","","","","","","","","","","","","","","","","","","","","","","",""
"31069001","TOULOUSE-BLAGNAC",43.621,1.378833,151,1968120721,"","","","",7.,1,120,1,"","","","","","","","","","","","","","","","","","","","","","","","","","","","",13.2,1,9.,1,"","","","","","","","","","","","","","","","","","","","","","","","","","",77,1,"","","","","","","","","","","","",11.7,1,1004.6,1,986.7,1,"","","",1,7,1,7,1,6,1,7,1,"","","","","","","","","","","","","","","","","","","","","","","","","","",20000,1,"","",2,1,2,1,"","","","","","","","","","","","","","","","","","","","","","","","","","","","","","","","","","","","","","","","","","","","","","","","","","","","","","","","","","","","","","","","","",""
"31069001","TOULOUSE-BLAGNAC",43.621,1.378833,151,1968120800,"","","","",2.,1,120,1,"","","","","","","","","","","","","","","","","","","","","","","","","","","","",12.7,1,9.2,1,"","","","","","","","","","","","","","","","","","","","","","","","","","",80,1,"","","","","","","","","","","","",11.8,1,1004.7,1,986.7,1,"","","",1,7,1,7,1,5,1,"","","","","","","","","","","","","","","","","","","","","","","","","","","","",15000,1,"","",3,1,6,1,"","","","","","","","","","","","","","","","","","","","","","","","","","","","","","","","","","","","","","","","","","","","","","","","","","","","","","","","","","","","","","","","","",""
"31069001","TOULOUSE-BLAGNAC",43.621,1.378833,151,1968120803,"","","","",0.,1,0,1,"","","","","","","","","","","","","","","","","","","","","","","","","","","","",11.5,1,8.3,1,"","","","","","","","","","","","","","","","","","","","","","","","","","",82,1,"","","","","","","","","","","","",11.1,1,1004.,1,986.,1,"","","",1,8,1,8,1,5,1,"","","","","","","","","","","","","","","","","","","","","","","","","","","","",10000,1,"","",3,1,2,1,"","","","","","","","","","","","","","","","","","","","","","","","","","","","","","","","","","","","","","","","","","","","","","","","","","","","","","","","","","","","","","","","","",""
"31069001","TOULOUSE-BLAGNAC",43.621,1.378833,151,1968120806,"","","","",0.,1,0,1,"","","","","","","","","","","","","","","","","","","","","","","","","","","","",9.7,1,7.7,1,"","","","","","","","","","","","","","","","","","","","","","","","","","",88,1,"","","","","","","","","","","","",10.7,1,1003.,1,984.9,1,"","","",1,5,1,5,1,5,1,0,1,0,1,"","","","","","","","","","","","","","","","","","","","","","","","",20000,1,"","",1,1,2,1,"","",1,1,"","","","","","","","","","","","","","","","","","","","","","","","","","","","","","","","","","","","","","","","","","","","","","","","","","","","","","","","","","","","","",""
"31069001","TOULOUSE-BLAGNAC",43.621,1.378833,151,1968120809,"","","","",0.,1,0,1,"","","","","","","","","","","","","","","","","","","","","","","","","","","","",10.2,1,8.4,1,"","","","","","","","","","","","","","","","","","","","","","","","","","",90,1,"","","","","","","","","","","","",11.2,1,1003.9,1,985.8,1,"","","",1,7,1,7,1,5,1,"","","","","","","","","","","","","","","","","","","","","","","","","","","","",15000,1,"","",60,1,2,1,"","","","","","","","","","","","","","","","","","","","","","","","","","","","","","","","","","","","","","","","","","","","","","","","","","","","","","","","","","","","","","","","","",""
"31069001","TOULOUSE-BLAGNAC",43.621,1.378833,151,1968120812,"","","","",0.,1,0,1,"","","","","","","","","","","","","","","","","","","","","","","","","","","","",11.4,1,8.4,1,"","","","","","","","","","","","","","","","","","","","","","","","","","",83,1,"","","","","","","","","","","","",11.2,1,1003.4,1,985.4,1,"","","",1,8,1,5,1,5,1,7,1,"","","","","","","","","","","","","","","","","","","","","","","","","","",10000,1,"","",21,1,6,1,"","","","","","","","","","","","","","","","","","","","","","","","","","","","","","","","","","","","","","","","","","","","","","","","","","","","","","","","","","","","","","","","","",""
"31069001","TOULOUSE-BLAGNAC",43.621,1.378833,151,1968120815,"","","","",0.,1,0,1,"","","","","","","","","","","","","","","","","","","","","","","","","","","","",12.1,1,9.3,1,"","","","","","","","","","","","","","","","","","","","","","","","","","",85,1,"","","","","","","","","","","","",11.9,1,1003.2,1,985.2,1,"","","",1,8,1,8,1,5,1,7,1,"","","","","","","","","","","","","","","","","","","","","","","","","","",15000,1,"","",60,1,6,1,"","","","","","","","","","","","","","","","","","","","","","","","","","","","","","","","","","","","","","","","","","","","","","","","","","","","","","","","","","","","","","","","","",""
"31069001","TOULOUSE-BLAGNAC",43.621,1.378833,151,1968120818,"","","","",0.,1,0,1,"","","","","","","","","","","","","","","","","","","","","","","","","","","","",10.6,1,8.8,1,"","","","","","","","","","","","","","","","","","","","","","","","","","",90,1,"","","","","","","","","","","","",11.5,1,1004.1,1,986.,1,"","","",1,8,1,8,1,0,1,7,1,"","","","","","","","","","","","","","","","","","","","","","","","","","",15000,1,"","",60,1,6,1,"","","","","","","","","","","","","","","","","","","","","","","","","","","","","","","","","","","","","","","","","","","","","","","","","","","","","","","","","","","","","","","","","",""
"31069001","TOULOUSE-BLAGNAC",43.621,1.378833,151,1968120821,"","","","",3.,1,260,1,"","","","","","","","","","","","","","","","","","","","","","","","","","","","",9.8,1,8.1,1,"","","","","","","","","","","","","","","","","","","","","","","","","","",91,1,"","","","","","","","","","","","",11.,1,1004.6,1,986.5,1,"","","",1,8,1,8,1,5,1,7,1,"","","","","","","","","","","","","","","","","","","","","","","","","","",15000,1,"","",21,1,6,1,"","","","","","","","","","","","","","","","","","","","","","","","","","","","","","","","","","","","","","","","","","","","","","","","","","","","","","","","","","","","","","","","","",""
"31069001","TOULOUSE-BLAGNAC",43.621,1.378833,151,1968120900,"","","","",6.,1,260,1,"","","","","","","","","","","","","","","","","","","","","","","","","","","","",9.8,1,7.1,1,"","","","","","","","","","","","","","","","","","","","","","","","","","",85,1,"","","","","","","","","","","","",10.2,1,1004.2,1,986.1,1,"","","",1,6,1,6,1,0,1,4,1,0,1,"","","","","","","","","","","","","","","","","","","","","","","","",15000,1,"","",1,1,6,1,"","","","","","","","","","","","","","","","","","","","","","","","","","","","","","","","","","","","","","","","","","","","","","","","","","","","","","","","","","","","","","","","","",""
"31069001","TOULOUSE-BLAGNAC",43.621,1.378833,151,1968120903,"","","","",3.,1,320,1,"","","","","","","","","","","","","","","","","","","","","","","","","","","","",9.,1,6.5,1,"","","","","","","","","","","","","","","","","","","","","","","","","","",85,1,"","","","","","","","","","","","",9.8,1,1004.8,1,986.6,1,"","","",1,7,1,7,1,6,1,4,1,"","","","","","","","","","","","","","","","","","","","","","","","","","",15000,1,"","",1,1,2,1,"","","","","","","","","","","","","","","","","","","","","","","","","","","","","","","","","","","","","","","","","","","","","","","","","","","","","","","","","","","","","","","","","",""
"31069001","TOULOUSE-BLAGNAC",43.621,1.378833,151,1968120906,"","","","",3.,1,300,1,"","","","","","","","","","","","","","","","","","","","","","","","","","","","",7.,1,5.1,1,"","","","","","","","","","","","","","","","","","","","","","","","","","",88,1,"","","","","","","","","","","","",8.9,1,1006.,1,987.6,1,"","","",1,5,1,0,1,0,1,3,1,2,1,"","","","","","","","","","","","","","","","","","","","","","","","",15000,1,"","",1,1,2,1,"","",1,1,"","","","","","","","","","","","","","","","","","","","","","","","","","","","","","","","","","","","","","","","","","","","","","","","","","","","","","","","","","","","","",""
"31069001","TOULOUSE-BLAGNAC",43.621,1.378833,151,1968120909,"","","","",5.,1,280,1,"","","","","","","","","","","","","","","","","","","","","","","","","","","","",5.6,1,4.5,1,"","","","","","","","","","","","","","","","","","","","","","","","","","",94,1,"","","","","","","","","","","","",8.5,1,1008.2,1,989.7,1,"","","",1,8,1,8,1,6,1,"","","","","","","","","","","","","","","","","","","","","","","","","","","","",3000,1,"","",10,1,2,1,"","","","","","","","","","","","","","","","","","","","","","","","","","","","","","","","","","","","","","","","","","","","","","","","","","","","","","","","","","","","","","","","","",""
"31069001","TOULOUSE-BLAGNAC",43.621,1.378833,151,1968120912,"","","","",5.,1,280,1,"","","","","","","","","","","","","","","","","","","","","","","","","","","","",7.3,1,4.8,1,"","","","","","","","","","","","","","","","","","","","","","","","","","",85,1,"","","","","","","","","","","","",8.7,1,1008.8,1,990.4,1,"","","",1,8,1,8,1,6,1,"","","","","","","","","","","","","","","","","","","","","","","","","","","","",7000,1,"","",2,1,2,1,"","","","","","","","","","","","","","","","","","","","","","","","","","","","","","","","","","","","","","","","","","","","","","","","","","","","","","","","","","","","","","","","","",""
"31069001","TOULOUSE-BLAGNAC",43.621,1.378833,151,1968120915,"","","","",3.,1,300,1,"","","","","","","","","","","","","","","","","","","","","","","","","","","","",6.8,1,4.3,1,"","","","","","","","","","","","","","","","","","","","","","","","","","",85,1,"","","","","","","","","","","","",8.4,1,1009.1,1,990.7,1,"","","",1,7,1,7,1,5,1,"","","","","","","","","","","","","","","","","","","","","","","","","","","","",6000,1,"","",2,1,2,1,"","","","","","","","","","","","","","","","","","","","","","","","","","","","","","","","","","","","","","","","","","","","","","","","","","","","","","","","","","","","","","","","","",""
"31069001","TOULOUSE-BLAGNAC",43.621,1.378833,151,1968120918,"","","","",3.,1,280,1,"","","","","","","","","","","","","","","","","","","","","","","","","","","","",7.3,1,4.7,1,"","","","","","","","","","","","","","","","","","","","","","","","","","",84,1,"","","","","","","","","","","","",8.6,1,1010.2,1,991.8,1,"","","",1,8,1,8,1,6,1,"","","","","","","","","","","","","","","","","","","","","","","","","","","","",4800,1,"","",10,1,2,1,"","","","","","","","","","","","","","","","","","","","","","","","","","","","","","","","","","","","","","","","","","","","","","","","","","","","","","","","","","","","","","","","","",""
"31069001","TOULOUSE-BLAGNAC",43.621,1.378833,151,1968120921,"","","","",0.,1,0,1,"","","","","","","","","","","","","","","","","","","","","","","","","","","","",7.,1,5.9,1,"","","","","","","","","","","","","","","","","","","","","","","","","","",94,1,"","","","","","","","","","","","",9.4,1,1010.2,1,991.8,1,"","","",1,8,1,5,1,7,1,"","","","","","","","","","","","","","","","","","","","","","","","","","","","",3000,1,"","",61,1,2,1,"","","","","","","","","","","","","","","","","","","","","","","","","","","","","","","","","","","","","","","","","","","","","","","","","","","","","","","","","","","","","","","","","",""
"31069001","TOULOUSE-BLAGNAC",43.621,1.378833,151,1968121000,"","","","",0.,1,0,1,"","","","","","","","","","","","","","","","","","","","","","","","","","","","",5.6,1,4.5,1,"","","","","","","","","","","","","","","","","","","","","","","","","","",94,1,"","","","","","","","","","","","",8.5,1,1008.4,1,989.9,1,"","","",1,7,1,7,1,6,1,"","","","","","","","","","","","","","","","","","","","","","","","","","","","",3000,1,"","",10,1,6,1,"","","","","","","","","","","","","","","","","","","","","","","","","","","","","","","","","","","","","","","","","","","","","","","","","","","","","","","","","","","","","","","","","",""
"31069001","TOULOUSE-BLAGNAC",43.621,1.378833,151,1968121003,"","","","",1.,1,20,1,"","","","","","","","","","","","","","","","","","","","","","","","","","","","",5.6,1,4.8,1,"","","","","","","","","","","","","","","","","","","","","","","","","","",95,1,"","","","","","","","","","","","",8.7,1,1007.5,1,989.,1,"","","",1,7,1,7,1,6,1,"","","","","","","","","","","","","","","","","","","","","","","","","","","","",2500,1,"","",10,1,4,1,"","","","","","","","","","","","","","","","","","","","","","","","","","","","","","","","","","","","","","","","","","","","","","","","","","","","","","","","","","","","","","","","","",""
"31069001","TOULOUSE-BLAGNAC",43.621,1.378833,151,1968121006,"","","","",0.,1,0,1,"","","","","","","","","","","","","","","","","","","","","","","","","","","","",5.1,1,4.2,1,"","","","","","","","","","","","","","","","","","","","","","","","","","",94,1,"","","","","","","","","","","","",8.3,1,1006.2,1,987.7,1,"","","",1,8,1,5,1,6,1,"","","","","","","","","","","","","","","","","","","","","","","","","","","","",3500,1,"","",10,1,4,1,"","",2,1,"","","","","","","","","","","","","","","","","","","","","","","","","","","","","","","","","","","","","","","","","","","","","","","","","","","","","","","","","","","","","",""
"31069001","TOULOUSE-BLAGNAC",43.621,1.378833,151,1968121009,"","","","",0.,1,0,1,"","","","","","","","","","","","","","","","","","","","","","","","","","","","",5.4,1,4.5,1,"","","","","","","","","","","","","","","","","","","","","","","","","","",95,1,"","","","","","","","","","","","",8.5,1,1006.4,1,987.9,1,"","","",1,8,1,8,1,6,1,"","","","","","","","","","","","","","","","","","","","","","","","","","","","",1200,1,"","",10,1,2,1,"","","","","","","","","","","","","","","","","","","","","","","","","","","","","","","","","","","","","","","","","","","","","","","","","","","","","","","","","","","","","","","","","",""
"31069001","TOULOUSE-BLAGNAC",43.621,1.378833,151,1968121012,"","","","",2.,1,180,1,"","","","","","","","","","","","","","","","","","","","","","","","","","","","",6.5,1,5.3,1,"","","","","","","","","","","","","","","","","","","","","","","","","","",93,1,"","","","","","","","","","","","",9.,1,1005.4,1,987.,1,"","","",1,8,1,8,1,6,1,"","","","","","","","","","","","","","","","","","","","","","","","","","","","",2000,1,"","",28,1,5,1,"","","","","","","","","","","","","","","","","","","","","","","","","","","","","","","","","","","","","","","","","","","","","","","","","","","","","","","","","","","","","","","","","",""
"31069001","TOULOUSE-BLAGNAC",43.621,1.378833,151,1968121015,"","","","",0.,1,0,1,"","","","","","","","","","","","","","","","","","","","","","","","","","","","",7.3,1,6.1,1,"","","","","","","","","","","","","","","","","","","","","","","","","","",93,1,"","","","","","","","","","","","",9.5,1,1004.9,1,986.6,1,"","","",1,8,1,8,1,6,1,"","","","","","","","","","","","","","","","","","","","","","","","","","","","",1600,1,"","",20,1,5,1,"","","","","","","","","","","","","","","","","","","","","","","","","","","","","","","","","","","","","","","","","","","","","","","","","","","","","","","","","","","","","","","","","",""
"31069001","TOULOUSE-BLAGNAC",43.621,1.378833,151,1968121018,"","","","",2.,1,20,1,"","","","","","","","","","","","","","","","","","","","","","","","","","","","",6.9,1,5.6,1,"","","","","","","","","","","","","","","","","","","","","","","","","","",93,1,"","","","","","","","","","","","",9.2,1,1006.1,1,987.7,1,"","","",1,8,1,8,1,6,1,"","","","","","","","","","","","","","","","","","","","","","","","","","","","",3000,1,"","",10,1,5,1,"","","","","","","","","","","","","","","","","","","","","","","","","","","","","","","","","","","","","","","","","","","","","","","","","","","","","","","","","","","","","","","","","",""
"31069001","TOULOUSE-BLAGNAC",43.621,1.378833,151,1968121021,"","","","",1.,1,280,1,"","","","","","","","","","","","","","","","","","","","","","","","","","","","",6.3,1,5.3,1,"","","","","","","","","","","","","","","","","","","","","","","","","","",94,1,"","","","","","","","","","","","",9.,1,1007.4,1,989.,1,"","","",1,8,1,5,1,5,1,"","","","","","","","","","","","","","","","","","","","","","","","","","","","",3000,1,"","",21,1,6,1,"","","","","","","","","","","","","","","","","","","","","","","","","","","","","","","","","","","","","","","","","","","","","","","","","","","","","","","","","","","","","","","","","",""
"31069001","TOULOUSE-BLAGNAC",43.621,1.378833,151,1968121100,"","","","",2.,1,320,1,"","","","","","","","","","","","","","","","","","","","","","","","","","","","",6.,1,4.7,1,"","","","","","","","","","","","","","","","","","","","","","","","","","",93,1,"","","","","","","","","","","","",8.6,1,1008.6,1,990.1,1,"","","",1,8,1,8,1,7,1,"","","","","","","","","","","","","","","","","","","","","","","","","","","","",4000,1,"","",60,1,6,1,"","","","","","","","","","","","","","","","","","","","","","","","","","","","","","","","","","","","","","","","","","","","","","","","","","","","","","","","","","","","","","","","","",""
"31069001","TOULOUSE-BLAGNAC",43.621,1.378833,151,1968121103,"","","","",2.,1,320,1,"","","","","","","","","","","","","","","","","","","","","","","","","","","","",5.3,1,4.3,1,"","","","","","","","","","","","","","","","","","","","","","","","","","",94,1,"","","","","","","","","","","","",8.4,1,1010.2,1,991.6,1,"","","",1,8,1,6,1,7,1,"","","","","","","","","","","","","","","","","","","","","","","","","","","","",4000,1,"","",61,1,6,1,"","","","","","","","","","","","","","","","","","","","","","","","","","","","","","","","","","","","","","","","","","","","","","","","","","","","","","","","","","","","","","","","","",""
"31069001","TOULOUSE-BLAGNAC",43.621,1.378833,151,1968121106,"","","","",4.,1,280,1,"","","","","","","","","","","","","","","","","","","","","","","","","","","","",4.1,1,3.3,1,"","","","","","","","","","","","","","","","","","","","","","","","","","",95,1,"","","","","","","","","","","","",7.8,1,1011.8,1,993.1,1,"","","",1,8,1,6,1,7,1,"","","","","","","","","","","","","","","","","","","","","","","","","","","","",4000,1,"","",10,1,6,1,"","",2,1,"","","","","","","","","","","","","","","","","","","","","","","","","","","","","","","","","","","","","","","","","","","","","","","","","","","","","","","","","","","","","",""
"31069001","TOULOUSE-BLAGNAC",43.621,1.378833,151,1968121109,"","","","",6.,1,280,1,"","","","","","","","","","","","","","","","","","","","","","","","","","","","",3.2,1,1.,1,"","","","","","","","","","","","","","","","","","","","","","","","","","",86,1,"","","","","","","","","","","","",6.6,1,1015.2,1,996.4,1,"","","",1,8,1,6,1,5,1,"","","","","","","","","","","","","","","","","","","","","","","","","","","","",6000,1,"","",2,1,2,1,"","","","","","","","","","","","","","","","","","","","","","","","","","","","","","","","","","","","","","","","","","","","","","","","","","","","","","","","","","","","","","","","","",""
"31069001","TOULOUSE-BLAGNAC",43.621,1.378833,151,1968121112,"","","","",6.,1,280,1,"","","","","","","","","","","","","","","","","","","","","","","","","","","","",3.5,1,0.6,1,"","","","","","","","","","","","","","","","","","","","","","","","","","",81,1,"","","","","","","","","","","","",6.4,1,1016.5,1,997.7,1,"","","",1,8,1,6,1,5,1,"","","","","","","","","","","","","","","","","","","","","","","","","","","","",7000,1,"","",2,1,2,1,"","","","","","","","","","","","","","","","","","","","","","","","","","","","","","","","","","","","","","","","","","","","","","","","","","","","","","","","","","","","","","","","","",""
"31069001","TOULOUSE-BLAGNAC",43.621,1.378833,151,1968121115,"","","","",6.,1,300,1,"","","","","","","","","","","","","","","","","","","","","","","","","","","","",2.7,1,0.8,1,"","","","","","","","","","","","","","","","","","","","","","","","","","",88,1,"","","","","","","","","","","","",6.5,1,1018.,1,999.1,1,"","","",1,8,1,6,1,5,1,"","","","","","","","","","","","","","","","","","","","","","","","","","","","",3000,1,"","",51,1,2,1,"","","","","","","","","","","","","","","","","","","","","","","","","","","","","","","","","","","","","","","","","","","","","","","","","","","","","","","","","","","","","","","","","",""
"31069001","TOULOUSE-BLAGNAC",43.621,1.378833,151,1968121118,"","","","",3.,1,280,1,"","","","","","","","","","","","","","","","","","","","","","","","","","","","",2.2,1,1.,1,"","","","","","","","","","","","","","","","","","","","","","","","","","",93,1,"","","","","","","","","","","","",6.6,1,1019.5,1,1000.5,1,"","","",1,8,1,5,1,5,1,"","","","","","","","","","","","","","","","","","","","","","","","","","","","",8000,1,"","",50,1,2,1,"","","","","","","","","","","","","","","","","","","","","","","","","","","","","","","","","","","","","","","","","","","","","","","","","","","","","","","","","","","","","","","","","",""
"31069001","TOULOUSE-BLAGNAC",43.621,1.378833,151,1968121121,"","","","",2.,1,320,1,"","","","","","","","","","","","","","","","","","","","","","","","","","","","",1.6,1,0.8,1,"","","","","","","","","","","","","","","","","","","","","","","","","","",94,1,"","","","","","","","","","","","",6.5,1,1020.8,1,1001.8,1,"","","",1,8,1,5,1,5,1,"","","","","","","","","","","","","","","","","","","","","","","","","","","","",3000,1,"","",51,1,5,1,"","","","","","","","","","","","","","","","","","","","","","","","","","","","","","","","","","","","","","","","","","","","","","","","","","","","","","","","","","","","","","","","","",""
"31069001","TOULOUSE-BLAGNAC",43.621,1.378833,151,1968121200,"","","","",4.,1,320,1,"","","","","","","","","","","","","","","","","","","","","","","","","","","","",0.6,1,-0.5,1,"","","","","","","","","","","","","","","","","","","","","","","","","","",92,1,"","","","","","","","","","","","",5.9,1,1021.6,1,1002.5,1,"","","",1,8,1,7,1,7,1,"","","","","","","","","","","","","","","","","","","","","","","","","","","","",4000,1,"","",51,1,5,1,"","","","","","","","","","","","","","","","","","","","","","","","","","","","","","","","","","","","","","","","","","","","","","","","","","","","","","","","","","","","","","","","","",""
"31069001","TOULOUSE-BLAGNAC",43.621,1.378833,151,1968121203,"","","","",4.,1,300,1,"","","","","","","","","","","","","","","","","","","","","","","","","","","","",0.4,1,-0.5,1,"","","","","","","","","","","","","","","","","","","","","","","","","","",94,1,"","","","","","","","","","","","",5.9,1,1021.3,1,1002.2,1,"","","",1,8,1,5,1,5,1,"","","","","","","","","","","","","","","","","","","","","","","","","","","","",4000,1,"","",51,1,5,1,"","","","","","","","","","","","","","","","","","","","","","","","","","","","","","","","","","","","","","","","","","","","","","","","","","","","","","","","","","","","","","","","","",""
"31069001","TOULOUSE-BLAGNAC",43.621,1.378833,151,1968121206,"","","","",5.,1,280,1,"","","","","","","","","","","","","","","","","","","","","","","","","","","","",0.3,1,-0.7,1,"","","","","","","","","","","","","","","","","","","","","","","","","","",92,1,"","","","","","","","","","","","",5.8,1,1022.5,1,1003.4,1,"","","",1,8,1,8,1,5,1,"","","","","","","","","","","","","","","","","","","","","","","","","","","","",8000,1,"","",20,1,5,1,"","",2,1,"","","","","","","","","","","","","","","","","","","","","","","","","","","","","","","","","","","","","","","","","","","","","","","","","","","","","","","","","","","","","",""
"31069001","TOULOUSE-BLAGNAC",43.621,1.378833,151,1968121209,"","","","",4.,1,280,1,"","","","","","","","","","","","","","","","","","","","","","","","","","","","",1.,1,-1.4,1,"","","","","","","","","","","","","","","","","","","","","","","","","","",85,1,"","","","","","","","","","","","",5.5,1,1023.4,1,1004.3,1,"","","",1,8,1,8,1,5,1,"","","","","","","","","","","","","","","","","","","","","","","","","","","","",8000,1,"","",2,1,2,1,"","","","","","","","","","","","","","","","","","","","","","","","","","","","","","","","","","","","","","","","","","","","","","","","","","","","","","","","","","","","","","","","","",""
"31069001","TOULOUSE-BLAGNAC",43.621,1.378833,151,1968121212,"","","","",6.,1,300,1,"","","","","","","","","","","","","","","","","","","","","","","","","","","","",2.7,1,-1.4,1,"","","","","","","","","","","","","","","","","","","","","","","","","","",74,1,"","","","","","","","","","","","",5.5,1,1022.1,1,1003.1,1,"","","",1,7,1,0,1,8,1,0,1,0,1,"","","","","","","","","","","","","","","","","","","","","","","","",10000,1,"","",3,1,2,1,"","","","","","","","","","","","","","","","","","","","","","","","","","","","","","","","","","","","","","","","","","","","","","","","","","","","","","","","","","","","","","","","","",""
"31069001","TOULOUSE-BLAGNAC",43.621,1.378833,151,1968121215,"","","","",6.,1,280,1,"","","","","","","","","","","","","","","","","","","","","","","","","","","","",3.6,1,-1.9,1,"","","","","","","","","","","","","","","","","","","","","","","","","","",67,1,"","","","","","","","","","","","",5.3,1,1020.7,1,1001.8,1,"","","",1,5,1,5,1,5,1,0,1,0,1,"","","","","","","","","","","","","","","","","","","","","","","","",12000,1,"","",1,1,2,1,"","","","","","","","","","","","","","","","","","","","","","","","","","","","","","","","","","","","","","","","","","","","","","","","","","","","","","","","","","","","","","","","","",""
"31069001","TOULOUSE-BLAGNAC",43.621,1.378833,151,1968121218,"","","","",3.,1,300,1,"","","","","","","","","","","","","","","","","","","","","","","","","","","","",-0.2,1,-1.6,1,"","","","","","","","","","","","","","","","","","","","","","","","","","",90,1,"","","","","","","","","","","","",5.4,1,1021.1,1,1001.9,1,"","","",1,0,1,"","",0,1,0,1,0,1,"","","","","","","","","","","","","","","","","","","","","","","","",10000,1,"","",1,1,1,1,"","","","","","","","","","","","","","","","","","","","","","","","","","","","","","","","","","","","","","","","","","","","","","","","","","","","","","","","","","","","","","","","","",""
"31069001","TOULOUSE-BLAGNAC",43.621,1.378833,151,1968121221,"","","","",1.,1,200,1,"","","","","","","","","","","","","","","","","","","","","","","","","","","","",-2.4,1,-4.,1,"","","","","","","","","","","","","","","","","","","","","","","","","","",89,1,"","","","","","","","","","","","",4.5,1,1020.9,1,1001.6,1,"","","",1,0,1,"","",0,1,0,1,0,1,"","","","","","","","","","","","","","","","","","","","","","","","",8000,1,"","",2,1,0,1,"","","","","","","","","","","","","","","","","","","","","","","","","","","","","","","","","","","","","","","","","","","","","","","","","","","","","","","","","","","","","","","","","",""
"31069001","TOULOUSE-BLAGNAC",43.621,1.378833,151,1968121300,"","","","",2.,1,240,1,"","","","","","","","","","","","","","","","","","","","","","","","","","","","",-2.7,1,-4.,1,"","","","","","","","","","","","","","","","","","","","","","","","","","",91,1,"","","","","","","","","","","","",4.5,1,1019.2,1,999.9,1,"","","",1,0,1,"","",0,1,0,1,0,1,"","","","","","","","","","","","","","","","","","","","","","","","",8000,1,"","",2,1,0,1,"","","","","","","","","","","","","","","","","","","","","","","","","","","","","","","","","","","","","","","","","","","","","","","","","","","","","","","","","","","","","","","","","",""
"31069001","TOULOUSE-BLAGNAC",43.621,1.378833,151,1968121303,"","","","",1.,1,260,1,"","","","","","","","","","","","","","","","","","","","","","","","","","","","",-3.8,1,-4.9,1,"","","","","","","","","","","","","","","","","","","","","","","","","","",92,1,"","","","","","","","","","","","",4.2,1,1018.4,1,999.,1,"","","",1,0,1,"","",0,1,0,1,0,1,"","","","","","","","","","","","","","","","","","","","","","","","",8000,1,"","",2,1,0,1,"","","","","","","","","","","","","","","","","","","","","","","","","","","","","","","","","","","","","","","","","","","","","","","","","","","","","","","","","","","","","","","","","",""
"31069001","TOULOUSE-BLAGNAC",43.621,1.378833,151,1968121306,"","","","",0.,1,0,1,"","","","","","","","","","","","","","","","","","","","","","","","","","","","",-5.,1,-5.5,1,"","","","","","","","","","","","","","","","","","","","","","","","","","",95,1,"","","","","","","","","","","","",4.,1,1016.2,1,996.8,1,"","","",1,2,1,0,1,6,1,0,1,0,1,"","","","","","","","","","","","","","","","","","","","","","","","",6000,1,"","",3,1,0,1,"","",3,1,"","","","","","","","","","","","","","","","","","","","","","","","","","","","","","","","","","","","","","","","","","","","","","","","","","","","","","","","","","","","","",""
"31069001","TOULOUSE-BLAGNAC",43.621,1.378833,151,1968121309,"","","","",0.,1,0,1,"","","","","","","","","","","","","","","","","","","","","","","","","","","","",-3.2,1,-3.7,1,"","","","","","","","","","","","","","","","","","","","","","","","","","",95,1,"","","","","","","","","","","","",4.6,1,1014.8,1,995.5,1,"","","",1,3,1,0,1,6,1,0,1,2,1,"","","","","","","","","","","","","","","","","","","","","","","","",1700,1,"","",10,1,0,1,"","","","","","","","","","","","","","","","","","","","","","","","","","","","","","","","","","","","","","","","","","","","","","","","","","","","","","","","","","","","","","","","","",""
"31069001","TOULOUSE-BLAGNAC",43.621,1.378833,151,1968121312,"","","","",2.,1,80,1,"","","","","","","","","","","","","","","","","","","","","","","","","","","","",-0.8,1,-2.7,1,"","","","","","","","","","","","","","","","","","","","","","","","","","",87,1,"","","","","","","","","","","","",5.,1,1011.6,1,992.6,1,"","","",1,7,1,6,1,5,1,4,1,2,1,"","","","","","","","","","","","","","","","","","","","","","","","",3500,1,"","",10,1,1,1,"","","","","","","","","","","","","","","","","","","","","","","","","","","","","","","","","","","","","","","","","","","","","","","","","","","","","","","","","","","","","","","","","",""
"31069001","TOULOUSE-BLAGNAC",43.621,1.378833,151,1968121315,"","","","",2.,1,80,1,"","","","","","","","","","","","","","","","","","","","","","","","","","","","",-0.3,1,-2.4,1,"","","","","","","","","","","","","","","","","","","","","","","","","","",86,1,"","","","","","","","","","","","",5.1,1,1008.2,1,989.3,1,"","","",1,7,1,5,1,5,1,4,1,2,1,"","","","","","","","","","","","","","","","","","","","","","","","",3500,1,"","",10,1,2,1,"","","","","","","","","","","","","","","","","","","","","","","","","","","","","","","","","","","","","","","","","","","","","","","","","","","","","","","","","","","","","","","","","",""
"31069001","TOULOUSE-BLAGNAC",43.621,1.378833,151,1968121318,"","","","",0.,1,0,1,"","","","","","","","","","","","","","","","","","","","","","","","","","","","",0.1,1,-1.2,1,"","","","","","","","","","","","","","","","","","","","","","","","","","",91,1,"","","","","","","","","","","","",5.6,1,1006.1,1,987.2,1,"","","",1,7,1,6,1,5,1,4,1,2,1,"","","","","","","","","","","","","","","","","","","","","","","","",3000,1,"","",10,1,2,1,"","","","","","","","","","","","","","","","","","","","","","","","","","","","","","","","","","","","","","","","","","","","","","","","","","","","","","","","","","","","","","","","","",""
"31069001","TOULOUSE-BLAGNAC",43.621,1.378833,151,1968121321,"","","","",3.,1,160,1,"","","","","","","","","","","","","","","","","","","","","","","","","","","","",0.7,1,0.,1,"","","","","","","","","","","","","","","","","","","","","","","","","","",94,1,"","","","","","","","","","","","",6.1,1,1006.1,1,987.3,1,"","","",1,8,1,5,1,5,1,7,1,"","","","","","","","","","","","","","","","","","","","","","","","","","",4000,1,"","",63,1,6,1,"","","","","","","","","","","","","","","","","","","","","","","","","","","","","","","","","","","","","","","","","","","","","","","","","","","","","","","","","","","","","","","","","",""
"31069001","TOULOUSE-BLAGNAC",43.621,1.378833,151,1968121400,"","","","",4.,1,160,1,"","","","","","","","","","","","","","","","","","","","","","","","","","","","",2.2,1,0.8,1,"","","","","","","","","","","","","","","","","","","","","","","","","","",91,1,"","","","","","","","","","","","",6.5,1,1004.1,1,985.4,1,"","","",1,8,1,8,1,5,1,"","","","","","","","","","","","","","","","","","","","","","","","","","","","",6000,1,"","",61,1,6,1,"","","","","","","","","","","","","","","","","","","","","","","","","","","","","","","","","","","","","","","","","","","","","","","","","","","","","","","","","","","","","","","","","",""
"31069001","TOULOUSE-BLAGNAC",43.621,1.378833,151,1968121403,"","","","",5.,1,240,1,"","","","","","","","","","","","","","","","","","","","","","","","","","","","",5.8,1,4.3,1,"","","","","","","","","","","","","","","","","","","","","","","","","","",91,1,"","","","","","","","","","","","",8.4,1,1004.,1,985.6,1,"","","",1,4,1,0,1,5,1,0,1,0,1,"","","","","","","","","","","","","","","","","","","","","","","","",10000,1,"","",21,1,6,1,"","","","","","","","","","","","","","","","","","","","","","","","","","","","","","","","","","","","","","","","","","","","","","","","","","","","","","","","","","","","","","","","","",""
"31069001","TOULOUSE-BLAGNAC",43.621,1.378833,151,1968121406,"","","","",9.,1,240,1,"","","","","","","","","","","","","","","","","","","","","","","","","","","","",5.9,1,3.3,1,"","","","","","","","","","","","","","","","","","","","","","","","","","",85,1,"","","","","","","","","","","","",7.8,1,1004.,1,985.6,1,"","","",1,3,1,0,1,5,1,4,1,2,1,"","","","","","","","","","","","","","","","","","","","","","","","",20000,1,"","",1,1,6,1,"","",2,1,"","","","","","","","","","","","","","","","","","","","","","","","","","","","","","","","","","","","","","","","","","","","","","","","","","","","","","","","","","","","","",""
"31069001","TOULOUSE-BLAGNAC",43.621,1.378833,151,1968121409,"","","","",6.,1,220,1,"","","","","","","","","","","","","","","","","","","","","","","","","","","","",7.3,1,3.1,1,"","","","","","","","","","","","","","","","","","","","","","","","","","",76,1,"","","","","","","","","","","","",7.7,1,1005.2,1,986.9,1,"","","",1,7,1,7,1,8,1,"","","","","","","","","","","","","","","","","","","","","","","","","","","","",20000,1,"","",25,1,8,1,"","","","","","","","","","","","","","","","","","","","","","","","","","","","","","","","","","","","","","","","","","","","","","","","","","","","","","","","","","","","","","","","","",""
"31069001","TOULOUSE-BLAGNAC",43.621,1.378833,151,1968121412,"","","","",12.,1,240,1,"","","","","","","","","","","","","","","","","","","","","","","","","","","","",9.6,1,4.2,1,"","","","","","","","","","","","","","","","","","","","","","","","","","",69,1,"","","","","","","","","","","","",8.3,1,1005.2,1,987.,1,"","","",1,6,1,6,1,8,1,0,1,0,1,"","","","","","","","","","","","","","","","","","","","","","","","",20000,1,"","",2,1,8,1,"","","","","","","","","","","","","","","","","","","","","","","","","","","","","","","","","","","","","","","","","","","","","","","","","","","","","","","","","","","","","","","","","",""
"31069001","TOULOUSE-BLAGNAC",43.621,1.378833,151,1968121415,"","","","",11.,1,260,1,"","","","","","","","","","","","","","","","","","","","","","","","","","","","",6.6,1,3.7,1,"","","","","","","","","","","","","","","","","","","","","","","","","","",82,1,"","","","","","","","","","","","",8.,1,1007.1,1,988.7,1,"","","",1,8,1,6,1,8,1,"","","","","","","","","","","","","","","","","","","","","","","","","","","","",10000,1,"","",80,1,8,1,"","","","","","","","","","","","","","","","","","","","","","","","","","","","","","","","","","","","","","","","","","","","","","","","","","","","","","","","","","","","","","","","","",""
"31069001","TOULOUSE-BLAGNAC",43.621,1.378833,151,1968121418,"","","","",9.,1,240,1,"","","","","","","","","","","","","","","","","","","","","","","","","","","","",4.9,1,3.1,1,"","","","","","","","","","","","","","","","","","","","","","","","","","",89,1,"","","","","","","","","","","","",7.7,1,1010.3,1,991.7,1,"","","",1,8,1,5,1,5,1,7,1,"","","","","","","","","","","","","","","","","","","","","","","","","","",8000,1,"","",61,1,8,1,"","","","","","","","","","","","","","","","","","","","","","","","","","","","","","","","","","","","","","","","","","","","","","","","","","","","","","","","","","","","","","","","","",""
"31069001","TOULOUSE-BLAGNAC",43.621,1.378833,151,1968121421,"","","","",10.,1,240,1,"","","","","","","","","","","","","","","","","","","","","","","","","","","","",5.6,1,3.1,1,"","","","","","","","","","","","","","","","","","","","","","","","","","",85,1,"","","","","","","","","","","","",7.7,1,1010.6,1,992.,1,"","","",1,5,1,0,1,8,1,0,1,0,1,"","","","","","","","","","","","","","","","","","","","","","","","",10000,1,"","",25,1,6,1,"","","","","","","","","","","","","","","","","","","","","","","","","","","","","","","","","","","","","","","","","","","","","","","","","","","","","","","","","","","","","","","","","",""
"31069001","TOULOUSE-BLAGNAC",43.621,1.378833,151,1968121500,"","","","",8.,1,240,1,"","","","","","","","","","","","","","","","","","","","","","","","","","","","",5.1,1,2.8,1,"","","","","","","","","","","","","","","","","","","","","","","","","","",86,1,"","","","","","","","","","","","",7.5,1,1013.3,1,994.7,1,"","","",1,5,1,0,1,8,1,0,1,0,1,"","","","","","","","","","","","","","","","","","","","","","","","",10000,1,"","",2,1,8,1,"","","","","","","","","","","","","","","","","","","","","","","","","","","","","","","","","","","","","","","","","","","","","","","","","","","","","","","","","","","","","","","","","",""
"31069001","TOULOUSE-BLAGNAC",43.621,1.378833,151,1968121503,"","","","",2.,1,200,1,"","","","","","","","","","","","","","","","","","","","","","","","","","","","",4.,1,3.,1,"","","","","","","","","","","","","","","","","","","","","","","","","","",93,1,"","","","","","","","","","","","",7.6,1,1014.5,1,995.8,1,"","","",1,5,1,5,1,5,1,0,1,0,1,"","","","","","","","","","","","","","","","","","","","","","","","",10000,1,"","",1,1,1,1,"","","","","","","","","","","","","","","","","","","","","","","","","","","","","","","","","","","","","","","","","","","","","","","","","","","","","","","","","","","","","","","","","",""
"31069001","TOULOUSE-BLAGNAC",43.621,1.378833,151,1968121506,"","","","",2.,1,120,1,"","","","","","","","","","","","","","","","","","","","","","","","","","","","",3.,1,2.2,1,"","","","","","","","","","","","","","","","","","","","","","","","","","",95,1,"","","","","","","","","","","","",7.2,1,1013.,1,994.2,1,"","","",1,2,1,0,1,5,1,0,1,0,1,"","","","","","","","","","","","","","","","","","","","","","","","",10000,1,"","",1,1,1,1,"","",2,1,"","","","","","","","","","","","","","","","","","","","","","","","","","","","","","","","","","","","","","","","","","","","","","","","","","","","","","","","","","","","","",""
"31069001","TOULOUSE-BLAGNAC",43.621,1.378833,151,1968121509,"","","","",3.,1,120,1,"","","","","","","","","","","","","","","","","","","","","","","","","","","","",3.5,1,2.2,1,"","","","","","","","","","","","","","","","","","","","","","","","","","",91,1,"","","","","","","","","","","","",7.2,1,1011.5,1,992.8,1,"","","",1,7,1,7,1,0,1,0,1,2,1,"","","","","","","","","","","","","","","","","","","","","","","","",8000,1,"","",2,1,1,1,"","","","","","","","","","","","","","","","","","","","","","","","","","","","","","","","","","","","","","","","","","","","","","","","","","","","","","","","","","","","","","","","","",""
"31069001","TOULOUSE-BLAGNAC",43.621,1.378833,151,1968121512,"","","","",5.,1,140,1,"","","","","","","","","","","","","","","","","","","","","","","","","","","","",8.8,1,3.,1,"","","","","","","","","","","","","","","","","","","","","","","","","","",67,1,"","","","","","","","","","","","",7.6,1,1007.3,1,989.,1,"","","",1,6,1,5,1,0,1,7,1,2,1,"","","","","","","","","","","","","","","","","","","","","","","","",15000,1,"","",3,1,2,1,"","","","","","","","","","","","","","","","","","","","","","","","","","","","","","","","","","","","","","","","","","","","","","","","","","","","","","","","","","","","","","","","","",""
"31069001","TOULOUSE-BLAGNAC",43.621,1.378833,151,1968121515,"","","","",3.,1,160,1,"","","","","","","","","","","","","","","","","","","","","","","","","","","","",8.4,1,4.2,1,"","","","","","","","","","","","","","","","","","","","","","","","","","",76,1,"","","","","","","","","","","","",8.3,1,1007.7,1,989.4,1,"","","",1,8,1,5,1,5,1,7,1,"","","","","","","","","","","","","","","","","","","","","","","","","","",20000,1,"","",61,1,2,1,"","","","","","","","","","","","","","","","","","","","","","","","","","","","","","","","","","","","","","","","","","","","","","","","","","","","","","","","","","","","","","","","","",""
"31069001","TOULOUSE-BLAGNAC",43.621,1.378833,151,1968121518,"","","","",3.,1,160,1,"","","","","","","","","","","","","","","","","","","","","","","","","","","","",6.6,1,5.1,1,"","","","","","","","","","","","","","","","","","","","","","","","","","",91,1,"","","","","","","","","","","","",8.9,1,1006.8,1,988.4,1,"","","",1,8,1,8,1,5,1,"","","","","","","","","","","","","","","","","","","","","","","","","","","","",10000,1,"","",61,1,6,1,"","","","","","","","","","","","","","","","","","","","","","","","","","","","","","","","","","","","","","","","","","","","","","","","","","","","","","","","","","","","","","","","","",""
"31069001","TOULOUSE-BLAGNAC",43.621,1.378833,151,1968121521,"","","","",2.,1,160,1,"","","","","","","","","","","","","","","","","","","","","","","","","","","","",6.7,1,5.,1,"","","","","","","","","","","","","","","","","","","","","","","","","","",90,1,"","","","","","","","","","","","",8.8,1,1007.4,1,989.,1,"","","",1,8,1,8,1,5,1,"","","","","","","","","","","","","","","","","","","","","","","","","","","","",15000,1,"","",21,1,6,1,"","","","","","","","","","","","","","","","","","","","","","","","","","","","","","","","","","","","","","","","","","","","","","","","","","","","","","","","","","","","","","","","","",""
"31069001","TOULOUSE-BLAGNAC",43.621,1.378833,151,1968121600,"","","","",3.,1,140,1,"","","","","","","","","","","","","","","","","","","","","","","","","","","","",5.2,1,3.7,1,"","","","","","","","","","","","","","","","","","","","","","","","","","",91,1,"","","","","","","","","","","","",8.,1,1004.6,1,986.1,1,"","","",1,5,1,0,1,5,1,4,1,0,1,"","","","","","","","","","","","","","","","","","","","","","","","",15000,1,"","",3,1,6,1,"","","","","","","","","","","","","","","","","","","","","","","","","","","","","","","","","","","","","","","","","","","","","","","","","","","","","","","","","","","","","","","","","",""
"31069001","TOULOUSE-BLAGNAC",43.621,1.378833,151,1968121603,"","","","",4.,1,160,1,"","","","","","","","","","","","","","","","","","","","","","","","","","","","",5.9,1,3.8,1,"","","","","","","","","","","","","","","","","","","","","","","","","","",88,1,"","","","","","","","","","","","",8.1,1,1001.8,1,983.4,1,"","","",1,8,1,6,1,7,1,7,1,"","","","","","","","","","","","","","","","","","","","","","","","","","",8000,1,"","",61,1,2,1,"","","","","","","","","","","","","","","","","","","","","","","","","","","","","","","","","","","","","","","","","","","","","","","","","","","","","","","","","","","","","","","","","",""
"31069001","TOULOUSE-BLAGNAC",43.621,1.378833,151,1968121606,"","","","",2.,1,140,1,"","","","","","","","","","","","","","","","","","","","","","","","","","","","",5.7,1,4.7,1,"","","","","","","","","","","","","","","","","","","","","","","","","","",94,1,"","","","","","","","","","","","",8.6,1,1001.,1,982.6,1,"","","",1,8,1,8,1,5,1,"","","","","","","","","","","","","","","","","","","","","","","","","","","","",6000,1,"","",61,1,6,1,"","",2,1,"","","","","","","","","","","","","","","","","","","","","","","","","","","","","","","","","","","","","","","","","","","","","","","","","","","","","","","","","","","","","",""
"31069001","TOULOUSE-BLAGNAC",43.621,1.378833,151,1968121609,"","","","",6.,1,200,1,"","","","","","","","","","","","","","","","","","","","","","","","","","","","",6.3,1,5.5,1,"","","","","","","","","","","","","","","","","","","","","","","","","","",95,1,"","","","","","","","","","","","",9.1,1,1001.1,1,982.8,1,"","","",1,8,1,8,1,7,1,"","","","","","","","","","","","","","","","","","","","","","","","","","","","",6000,1,"","",61,1,6,1,"","","","","","","","","","","","","","","","","","","","","","","","","","","","","","","","","","","","","","","","","","","","","","","","","","","","","","","","","","","","","","","","","",""
"31069001","TOULOUSE-BLAGNAC",43.621,1.378833,151,1968121612,"","","","",4.,1,200,1,"","","","","","","","","","","","","","","","","","","","","","","","","","","","",7.1,1,5.3,1,"","","","","","","","","","","","","","","","","","","","","","","","","","",90,1,"","","","","","","","","","","","",9.,1,1000.4,1,982.1,1,"","","",1,7,1,5,1,8,1,7,1,"","","","","","","","","","","","","","","","","","","","","","","","","","",15000,1,"","",21,1,6,1,"","","","","","","","","","","","","","","","","","","","","","","","","","","","","","","","","","","","","","","","","","","","","","","","","","","","","","","","","","","","","","","","","",""
"31069001","TOULOUSE-BLAGNAC",43.621,1.378833,151,1968121615,"","","","",5.,1,240,1,"","","","","","","","","","","","","","","","","","","","","","","","","","","","",6.3,1,5.3,1,"","","","","","","","","","","","","","","","","","","","","","","","","","",94,1,"","","","","","","","","","","","",9.,1,999.9,1,981.6,1,"","","",1,8,1,8,1,8,1,2,1,"","","","","","","","","","","","","","","","","","","","","","","","","","",10000,1,"","",61,1,8,1,"","","","","","","","","","","","","","","","","","","","","","","","","","","","","","","","","","","","","","","","","","","","","","","","","","","","","","","","","","","","","","","","","",""
"31069001","TOULOUSE-BLAGNAC",43.621,1.378833,151,1968121618,"","","","",4.,1,220,1,"","","","","","","","","","","","","","","","","","","","","","","","","","","","",5.4,1,4.2,1,"","","","","","","","","","","","","","","","","","","","","","","","","","",92,1,"","","","","","","","","","","","",8.3,1,999.6,1,981.2,1,"","","",1,8,1,8,1,8,1,"","","","","","","","","","","","","","","","","","","","","","","","","","","","",30000,1,"","",25,1,6,1,"","","","","","","","","","","","","","","","","","","","","","","","","","","","","","","","","","","","","","","","","","","","","","","","","","","","","","","","","","","","","","","","","",""
"31069001","TOULOUSE-BLAGNAC",43.621,1.378833,151,1968121621,"","","","",4.,1,180,1,"","","","","","","","","","","","","","","","","","","","","","","","","","","","",5.1,1,3.8,1,"","","","","","","","","","","","","","","","","","","","","","","","","","",92,1,"","","","","","","","","","","","",8.1,1,998.9,1,980.5,1,"","","",1,8,1,8,1,5,1,"","","","","","","","","","","","","","","","","","","","","","","","","","","","",20000,1,"","",63,1,6,1,"","","","","","","","","","","","","","","","","","","","","","","","","","","","","","","","","","","","","","","","","","","","","","","","","","","","","","","","","","","","","","","","","",""
"31069001","TOULOUSE-BLAGNAC",43.621,1.378833,151,1968121700,"","","","",6.,1,200,1,"","","","","","","","","","","","","","","","","","","","","","","","","","","","",5.,1,3.,1,"","","","","","","","","","","","","","","","","","","","","","","","","","",87,1,"","","","","","","","","","","","",7.6,1,998.5,1,980.1,1,"","","",1,8,1,7,1,5,1,"","","","","","","","","","","","","","","","","","","","","","","","","","","","",20000,1,"","",61,1,6,1,"","","","","","","","","","","","","","","","","","","","","","","","","","","","","","","","","","","","","","","","","","","","","","","","","","","","","","","","","","","","","","","","","",""
"31069001","TOULOUSE-BLAGNAC",43.621,1.378833,151,1968121703,"","","","",5.,1,180,1,"","","","","","","","","","","","","","","","","","","","","","","","","","","","",4.4,1,3.1,1,"","","","","","","","","","","","","","","","","","","","","","","","","","",92,1,"","","","","","","","","","","","",7.7,1,997.9,1,979.5,1,"","","",1,8,1,5,1,5,1,2,1,"","","","","","","","","","","","","","","","","","","","","","","","","","",20000,1,"","",2,1,6,1,"","","","","","","","","","","","","","","","","","","","","","","","","","","","","","","","","","","","","","","","","","","","","","","","","","","","","","","","","","","","","","","","","",""
"31069001","TOULOUSE-BLAGNAC",43.621,1.378833,151,1968121706,"","","","",3.,1,200,1,"","","","","","","","","","","","","","","","","","","","","","","","","","","","",5.6,1,3.8,1,"","","","","","","","","","","","","","","","","","","","","","","","","","",89,1,"","","","","","","","","","","","",8.1,1,996.6,1,978.3,1,"","","",1,8,1,8,1,5,1,2,1,"","","","","","","","","","","","","","","","","","","","","","","","","","",20000,1,"","",21,1,6,1,"","",2,1,"","","","","","","","","","","","","","","","","","","","","","","","","","","","","","","","","","","","","","","","","","","","","","","","","","","","","","","","","","","","","",""
"31069001","TOULOUSE-BLAGNAC",43.621,1.378833,151,1968121709,"","","","",4.,1,180,1,"","","","","","","","","","","","","","","","","","","","","","","","","","","","",5.9,1,4.2,1,"","","","","","","","","","","","","","","","","","","","","","","","","","",89,1,"","","","","","","","","","","","",8.3,1,996.4,1,978.1,1,"","","",1,8,1,8,1,5,1,2,1,"","","","","","","","","","","","","","","","","","","","","","","","","","",20000,1,"","",61,1,2,1,"","","","","","","","","","","","","","","","","","","","","","","","","","","","","","","","","","","","","","","","","","","","","","","","","","","","","","","","","","","","","","","","","",""
"31069001","TOULOUSE-BLAGNAC",43.621,1.378833,151,1968121712,"","","","",2.,1,160,1,"","","","","","","","","","","","","","","","","","","","","","","","","","","","",7.8,1,4.3,1,"","","","","","","","","","","","","","","","","","","","","","","","","","",79,1,"","","","","","","","","","","","",8.4,1,994.1,1,976.,1,"","","",1,8,1,8,1,5,1,2,1,"","","","","","","","","","","","","","","","","","","","","","","","","","",50000,1,"","",21,1,6,1,"","","","","","","","","","","","","","","","","","","","","","","","","","","","","","","","","","","","","","","","","","","","","","","","","","","","","","","","","","","","","","","","","",""
"31069001","TOULOUSE-BLAGNAC",43.621,1.378833,151,1968121715,"","","","",0.,1,0,1,"","","","","","","","","","","","","","","","","","","","","","","","","","","","",6.8,1,5.3,1,"","","","","","","","","","","","","","","","","","","","","","","","","","",91,1,"","","","","","","","","","","","",9.,1,991.9,1,973.8,1,"","","",1,8,1,5,1,5,1,2,1,"","","","","","","","","","","","","","","","","","","","","","","","","","",6000,1,"","",63,1,6,1,"","","","","","","","","","","","","","","","","","","","","","","","","","","","","","","","","","","","","","","","","","","","","","","","","","","","","","","","","","","","","","","","","",""
"31069001","TOULOUSE-BLAGNAC",43.621,1.378833,151,1968121718,"","","","",0.,1,0,1,"","","","","","","","","","","","","","","","","","","","","","","","","","","","",5.1,1,4.3,1,"","","","","","","","","","","","","","","","","","","","","","","","","","",95,1,"","","","","","","","","","","","",8.4,1,991.9,1,973.7,1,"","","",1,8,1,7,1,5,1,"","","","","","","","","","","","","","","","","","","","","","","","","","","","",6000,1,"","",63,1,6,1,"","","","","","","","","","","","","","","","","","","","","","","","","","","","","","","","","","","","","","","","","","","","","","","","","","","","","","","","","","","","","","","","","",""
"31069001","TOULOUSE-BLAGNAC",43.621,1.378833,151,1968121721,"","","","",3.,1,160,1,"","","","","","","","","","","","","","","","","","","","","","","","","","","","",5.,1,4.2,1,"","","","","","","","","","","","","","","","","","","","","","","","","","",95,1,"","","","","","","","","","","","",8.3,1,992.1,1,973.9,1,"","","",1,8,1,7,1,5,1,"","","","","","","","","","","","","","","","","","","","","","","","","","","","",10000,1,"","",3,1,6,1,"","","","","","","","","","","","","","","","","","","","","","","","","","","","","","","","","","","","","","","","","","","","","","","","","","","","","","","","","","","","","","","","","",""
"31069001","TOULOUSE-BLAGNAC",43.621,1.378833,151,1968121800,"","","","",4.,1,160,1,"","","","","","","","","","","","","","","","","","","","","","","","","","","","",5.5,1,4.2,1,"","","","","","","","","","","","","","","","","","","","","","","","","","",92,1,"","","","","","","","","","","","",8.3,1,990.3,1,972.1,1,"","","",1,8,1,8,1,5,1,7,1,"","","","","","","","","","","","","","","","","","","","","","","","","","",15000,1,"","",2,1,6,1,"","","","","","","","","","","","","","","","","","","","","","","","","","","","","","","","","","","","","","","","","","","","","","","","","","","","","","","","","","","","","","","","","",""
"31069001","TOULOUSE-BLAGNAC",43.621,1.378833,151,1968121803,"","","","",4.,1,160,1,"","","","","","","","","","","","","","","","","","","","","","","","","","","","",3.3,1,2.2,1,"","","","","","","","","","","","","","","","","","","","","","","","","","",93,1,"","","","","","","","","","","","",7.2,1,991.4,1,973.,1,"","","",1,0,1,"","",0,1,0,1,0,1,"","","","","","","","","","","","","","","","","","","","","","","","",15000,1,"","",1,1,6,1,"","","","","","","","","","","","","","","","","","","","","","","","","","","","","","","","","","","","","","","","","","","","","","","","","","","","","","","","","","","","","","","","","",""
"31069001","TOULOUSE-BLAGNAC",43.621,1.378833,151,1968121806,"","","","",3.,1,180,1,"","","","","","","","","","","","","","","","","","","","","","","","","","","","",4.3,1,3.,1,"","","","","","","","","","","","","","","","","","","","","","","","","","",92,1,"","","","","","","","","","","","",7.6,1,990.7,1,972.4,1,"","","",1,7,1,7,1,0,1,5,1,"","","","","","","","","","","","","","","","","","","","","","","","","","",15000,1,"","",3,1,6,1,"","",2,1,"","","","","","","","","","","","","","","","","","","","","","","","","","","","","","","","","","","","","","","","","","","","","","","","","","","","","","","","","","","","","",""
"31069001","TOULOUSE-BLAGNAC",43.621,1.378833,151,1968121809,"","","","",3.,1,200,1,"","","","","","","","","","","","","","","","","","","","","","","","","","","","",5.4,1,2.6,1,"","","","","","","","","","","","","","","","","","","","","","","","","","",83,1,"","","","","","","","","","","","",7.4,1,992.2,1,974.,1,"","","",1,3,1,0,1,0,1,4,1,2,1,"","","","","","","","","","","","","","","","","","","","","","","","",10000,1,"","",3,1,1,1,"","","","","","","","","","","","","","","","","","","","","","","","","","","","","","","","","","","","","","","","","","","","","","","","","","","","","","","","","","","","","","","","","",""
"31069001","TOULOUSE-BLAGNAC",43.621,1.378833,151,1968121812,"","","","",5.,1,240,1,"","","","","","","","","","","","","","","","","","","","","","","","","","","","",12.1,1,2.2,1,"","","","","","","","","","","","","","","","","","","","","","","","","","",51,1,"","","","","","","","","","","","",7.2,1,991.5,1,973.7,1,"","","",1,4,1,0,1,5,1,4,1,2,1,"","","","","","","","","","","","","","","","","","","","","","","","",40000,1,"","",3,1,1,1,"","","","","","","","","","","","","","","","","","","","","","","","","","","","","","","","","","","","","","","","","","","","","","","","","","","","","","","","","","","","","","","","","",""
"31069001","TOULOUSE-BLAGNAC",43.621,1.378833,151,1968121815,"","","","",4.,1,260,1,"","","","","","","","","","","","","","","","","","","","","","","","","","","","",11.8,1,1.,1,"","","","","","","","","","","","","","","","","","","","","","","","","","",48,1,"","","","","","","","","","","","",6.6,1,992.3,1,974.5,1,"","","",1,6,1,0,1,8,1,4,1,2,1,"","","","","","","","","","","","","","","","","","","","","","","","",40000,1,"","",2,1,1,1,"","","","","","","","","","","","","","","","","","","","","","","","","","","","","","","","","","","","","","","","","","","","","","","","","","","","","","","","","","","","","","","","","",""
"31069001","TOULOUSE-BLAGNAC",43.621,1.378833,151,1968121818,"","","","",0.,1,0,1,"","","","","","","","","","","","","","","","","","","","","","","","","","","","",7.9,1,3.1,1,"","","","","","","","","","","","","","","","","","","","","","","","","","",72,1,"","","","","","","","","","","","",7.7,1,993.5,1,975.4,1,"","","",1,5,1,0,1,5,1,4,1,2,1,"","","","","","","","","","","","","","","","","","","","","","","","",40000,1,"","",1,1,1,1,"","","","","","","","","","","","","","","","","","","","","","","","","","","","","","","","","","","","","","","","","","","","","","","","","","","","","","","","","","","","","","","","","",""
"31069001","TOULOUSE-BLAGNAC",43.621,1.378833,151,1968121821,"","","","",5.,1,260,1,"","","","","","","","","","","","","","","","","","","","","","","","","","","","",7.,1,2.2,1,"","","","","","","","","","","","","","","","","","","","","","","","","","",71,1,"","","","","","","","","","","","",7.2,1,995.1,1,976.9,1,"","","",1,6,1,5,1,5,1,4,1,0,1,"","","","","","","","","","","","","","","","","","","","","","","","",20000,1,"","",3,1,1,1,"","","","","","","","","","","","","","","","","","","","","","","","","","","","","","","","","","","","","","","","","","","","","","","","","","","","","","","","","","","","","","","","","",""
"31069001","TOULOUSE-BLAGNAC",43.621,1.378833,151,1968121900,"","","","",5.,1,180,1,"","","","","","","","","","","","","","","","","","","","","","","","","","","","",4.6,1,2.6,1,"","","","","","","","","","","","","","","","","","","","","","","","","","",87,1,"","","","","","","","","","","","",7.4,1,996.3,1,977.9,1,"","","",1,6,1,5,1,8,1,4,1,0,1,"","","","","","","","","","","","","","","","","","","","","","","","",20000,1,"","",3,1,1,1,"","","","","","","","","","","","","","","","","","","","","","","","","","","","","","","","","","","","","","","","","","","","","","","","","","","","","","","","","","","","","","","","","",""
"31069001","TOULOUSE-BLAGNAC",43.621,1.378833,151,1968121903,"","","","",4.,1,200,1,"","","","","","","","","","","","","","","","","","","","","","","","","","","","",2.7,1,1.,1,"","","","","","","","","","","","","","","","","","","","","","","","","","",89,1,"","","","","","","","","","","","",6.6,1,997.4,1,978.9,1,"","","",1,4,1,0,1,5,1,4,1,0,1,"","","","","","","","","","","","","","","","","","","","","","","","",20000,1,"","",2,1,1,1,"","","","","","","","","","","","","","","","","","","","","","","","","","","","","","","","","","","","","","","","","","","","","","","","","","","","","","","","","","","","","","","","","",""
"31069001","TOULOUSE-BLAGNAC",43.621,1.378833,151,1968121906,"","","","",3.,1,200,1,"","","","","","","","","","","","","","","","","","","","","","","","","","","","",1.8,1,0.4,1,"","","","","","","","","","","","","","","","","","","","","","","","","","",91,1,"","","","","","","","","","","","",6.3,1,997.3,1,978.7,1,"","","",1,6,1,6,1,0,1,4,1,0,1,"","","","","","","","","","","","","","","","","","","","","","","","",20000,1,"","",3,1,1,1,"","",1,1,"","","","","","","","","","","","","","","","","","","","","","","","","","","","","","","","","","","","","","","","","","","","","","","","","","","","","","","","","","","","","",""
"31069001","TOULOUSE-BLAGNAC",43.621,1.378833,151,1968121909,"","","","",9.,1,220,1,"","","","","","","","","","","","","","","","","","","","","","","","","","","","",6.3,1,3.8,1,"","","","","","","","","","","","","","","","","","","","","","","","","","",85,1,"","","","","","","","","","","","",8.1,1,1000.1,1,981.8,1,"","","",1,7,1,6,1,8,1,"","","","","","","","","","","","","","","","","","","","","","","","","","","","",20000,1,"","",25,1,2,1,"","","","","","","","","","","","","","","","","","","","","","","","","","","","","","","","","","","","","","","","","","","","","","","","","","","","","","","","","","","","","","","","","",""
"31069001","TOULOUSE-BLAGNAC",43.621,1.378833,151,1968121912,"","","","",9.,1,260,1,"","","","","","","","","","","","","","","","","","","","","","","","","","","","",8.7,1,4.8,1,"","","","","","","","","","","","","","","","","","","","","","","","","","",77,1,"","","","","","","","","","","","",8.7,1,1002.,1,983.8,1,"","","",1,7,1,5,1,8,1,"","","","","","","","","","","","","","","","","","","","","","","","","","","","",30000,1,"","",2,1,8,1,"","","","","","","","","","","","","","","","","","","","","","","","","","","","","","","","","","","","","","","","","","","","","","","","","","","","","","","","","","","","","","","","","",""
"31069001","TOULOUSE-BLAGNAC",43.621,1.378833,151,1968121915,"","","","",8.,1,280,1,"","","","","","","","","","","","","","","","","","","","","","","","","","","","",8.,1,3.,1,"","","","","","","","","","","","","","","","","","","","","","","","","","",71,1,"","","","","","","","","","","","",7.6,1,1006.1,1,987.8,1,"","","",1,7,1,7,1,8,1,"","","","","","","","","","","","","","","","","","","","","","","","","","","","",20000,1,"","",2,1,8,1,"","","","","","","","","","","","","","","","","","","","","","","","","","","","","","","","","","","","","","","","","","","","","","","","","","","","","","","","","","","","","","","","","",""
"31069001","TOULOUSE-BLAGNAC",43.621,1.378833,151,1968121918,"","","","",4.,1,260,1,"","","","","","","","","","","","","","","","","","","","","","","","","","","","",5.6,1,2.6,1,"","","","","","","","","","","","","","","","","","","","","","","","","","",81,1,"","","","","","","","","","","","",7.4,1,1010.7,1,992.1,1,"","","",1,0,1,"","",0,1,0,1,0,1,"","","","","","","","","","","","","","","","","","","","","","","","",20000,1,"","",1,1,8,1,"","","","","","","","","","","","","","","","","","","","","","","","","","","","","","","","","","","","","","","","","","","","","","","","","","","","","","","","","","","","","","","","","",""
"31069001","TOULOUSE-BLAGNAC",43.621,1.378833,151,1968121921,"","","","",5.,1,240,1,"","","","","","","","","","","","","","","","","","","","","","","","","","","","",5.,1,4.,1,"","","","","","","","","","","","","","","","","","","","","","","","","","",94,1,"","","","","","","","","","","","",8.2,1,1013.6,1,995.,1,"","","",1,6,1,6,1,5,1,0,1,0,1,"","","","","","","","","","","","","","","","","","","","","","","","",20000,1,"","",3,1,1,1,"","","","","","","","","","","","","","","","","","","","","","","","","","","","","","","","","","","","","","","","","","","","","","","","","","","","","","","","","","","","","","","","","",""
"31069001","TOULOUSE-BLAGNAC",43.621,1.378833,151,1968122000,"","","","",4.,1,260,1,"","","","","","","","","","","","","","","","","","","","","","","","","","","","",5.8,1,3.8,1,"","","","","","","","","","","","","","","","","","","","","","","","","","",88,1,"","","","","","","","","","","","",8.1,1,1014.6,1,996.,1,"","","",1,7,1,7,1,5,1,"","","","","","","","","","","","","","","","","","","","","","","","","","","","",15000,1,"","",3,1,1,1,"","","","","","","","","","","","","","","","","","","","","","","","","","","","","","","","","","","","","","","","","","","","","","","","","","","","","","","","","","","","","","","","","",""
"31069001","TOULOUSE-BLAGNAC",43.621,1.378833,151,1968122003,"","","","",2.,1,220,1,"","","","","","","","","","","","","","","","","","","","","","","","","","","","",6.,1,4.,1,"","","","","","","","","","","","","","","","","","","","","","","","","","",88,1,"","","","","","","","","","","","",8.2,1,1015.3,1,996.7,1,"","","",1,7,1,5,1,5,1,0,1,0,1,"","","","","","","","","","","","","","","","","","","","","","","","",15000,1,"","",3,1,1,1,"","","","","","","","","","","","","","","","","","","","","","","","","","","","","","","","","","","","","","","","","","","","","","","","","","","","","","","","","","","","","","","","","",""
"31069001","TOULOUSE-BLAGNAC",43.621,1.378833,151,1968122006,"","","","",1.,1,140,1,"","","","","","","","","","","","","","","","","","","","","","","","","","","","",3.2,1,2.6,1,"","","","","","","","","","","","","","","","","","","","","","","","","","",97,1,"","","","","","","","","","","","",7.4,1,1015.5,1,996.7,1,"","","",1,0,1,"","",0,1,0,1,0,1,"","","","","","","","","","","","","","","","","","","","","","","","",15000,1,"","",2,1,1,1,"","",1,1,"","","","","","","","","","","","","","","","","","","","","","","","","","","","","","","","","","","","","","","","","","","","","","","","","","","","","","","","","","","","","",""
"31069001","TOULOUSE-BLAGNAC",43.621,1.378833,151,1968122009,"","","","",2.,1,120,1,"","","","","","","","","","","","","","","","","","","","","","","","","","","","",5.1,1,3.1,1,"","","","","","","","","","","","","","","","","","","","","","","","","","",87,1,"","","","","","","","","","","","",7.7,1,1015.8,1,997.1,1,"","","",1,4,1,0,1,0,1,3,1,2,1,"","","","","","","","","","","","","","","","","","","","","","","","",4000,1,"","",10,1,1,1,"","","","","","","","","","","","","","","","","","","","","","","","","","","","","","","","","","","","","","","","","","","","","","","","","","","","","","","","","","","","","","","","","",""
"31069001","TOULOUSE-BLAGNAC",43.621,1.378833,151,1968122012,"","","","",2.,1,120,1,"","","","","","","","","","","","","","","","","","","","","","","","","","","","",10.8,1,4.5,1,"","","","","","","","","","","","","","","","","","","","","","","","","","",66,1,"","","","","","","","","","","","",8.5,1,1014.4,1,996.1,1,"","","",1,6,1,5,1,0,1,5,1,2,1,"","","","","","","","","","","","","","","","","","","","","","","","",10000,1,"","",3,1,1,1,"","","","","","","","","","","","","","","","","","","","","","","","","","","","","","","","","","","","","","","","","","","","","","","","","","","","","","","","","","","","","","","","","",""
"31069001","TOULOUSE-BLAGNAC",43.621,1.378833,151,1968122015,"","","","",1.,1,120,1,"","","","","","","","","","","","","","","","","","","","","","","","","","","","",11.,1,5.8,1,"","","","","","","","","","","","","","","","","","","","","","","","","","",71,1,"","","","","","","","","","","","",9.3,1,1014.1,1,995.8,1,"","","",1,7,1,7,1,0,1,7,1,"","","","","","","","","","","","","","","","","","","","","","","","","","",20000,1,"","",2,1,2,1,"","","","","","","","","","","","","","","","","","","","","","","","","","","","","","","","","","","","","","","","","","","","","","","","","","","","","","","","","","","","","","","","","",""
"31069001","TOULOUSE-BLAGNAC",43.621,1.378833,151,1968122018,"","","","",2.,1,160,1,"","","","","","","","","","","","","","","","","","","","","","","","","","","","",8.3,1,5.1,1,"","","","","","","","","","","","","","","","","","","","","","","","","","",81,1,"","","","","","","","","","","","",8.9,1,1014.8,1,996.4,1,"","","",1,7,1,7,1,5,1,"","","","","","","","","","","","","","","","","","","","","","","","","","","","",15000,1,"","",2,1,2,1,"","","","","","","","","","","","","","","","","","","","","","","","","","","","","","","","","","","","","","","","","","","","","","","","","","","","","","","","","","","","","","","","","",""
"31069001","TOULOUSE-BLAGNAC",43.621,1.378833,151,1968122021,"","","","",2.,1,180,1,"","","","","","","","","","","","","","","","","","","","","","","","","","","","",7.8,1,6.4,1,"","","","","","","","","","","","","","","","","","","","","","","","","","",91,1,"","","","","","","","","","","","",9.7,1,1017.3,1,998.8,1,"","","",1,8,1,7,1,5,1,"","","","","","","","","","","","","","","","","","","","","","","","","","","","",8000,1,"","",63,1,6,1,"","","","","","","","","","","","","","","","","","","","","","","","","","","","","","","","","","","","","","","","","","","","","","","","","","","","","","","","","","","","","","","","","",""
"31069001","TOULOUSE-BLAGNAC",43.621,1.378833,151,1968122100,"","","","",0.,1,0,1,"","","","","","","","","","","","","","","","","","","","","","","","","","","","",7.7,1,6.4,1,"","","","","","","","","","","","","","","","","","","","","","","","","","",93,1,"","","","","","","","","","","","",9.7,1,1018.9,1,1000.3,1,"","","",1,8,1,6,1,5,1,7,1,"","","","","","","","","","","","","","","","","","","","","","","","","","",8000,1,"","",3,1,6,1,"","","","","","","","","","","","","","","","","","","","","","","","","","","","","","","","","","","","","","","","","","","","","","","","","","","","","","","","","","","","","","","","","",""
"31069001","TOULOUSE-BLAGNAC",43.621,1.378833,151,1968122103,"","","","",3.,1,220,1,"","","","","","","","","","","","","","","","","","","","","","","","","","","","",6.,1,5.,1,"","","","","","","","","","","","","","","","","","","","","","","","","","",94,1,"","","","","","","","","","","","",8.8,1,1020.4,1,1001.7,1,"","","",1,0,1,"","",0,1,0,1,0,1,"","","","","","","","","","","","","","","","","","","","","","","","",10000,1,"","",1,1,1,1,"","","","","","","","","","","","","","","","","","","","","","","","","","","","","","","","","","","","","","","","","","","","","","","","","","","","","","","","","","","","","","","","","",""
"31069001","TOULOUSE-BLAGNAC",43.621,1.378833,151,1968122106,"","","","",2.,1,240,1,"","","","","","","","","","","","","","","","","","","","","","","","","","","","",10.,1,7.3,1,"","","","","","","","","","","","","","","","","","","","","","","","","","",85,1,"","","","","","","","","","","","",10.4,1,1021.3,1,1002.9,1,"","","",1,7,1,7,1,5,1,"","","","","","","","","","","","","","","","","","","","","","","","","","","","",10000,1,"","",2,1,2,1,"","",2,1,"","","","","","","","","","","","","","","","","","","","","","","","","","","","","","","","","","","","","","","","","","","","","","","","","","","","","","","","","","","","","",""
"31069001","TOULOUSE-BLAGNAC",43.621,1.378833,151,1968122109,"","","","",2.,1,220,1,"","","","","","","","","","","","","","","","","","","","","","","","","","","","",11.3,1,8.4,1,"","","","","","","","","","","","","","","","","","","","","","","","","","",84,1,"","","","","","","","","","","","",11.2,1,1023.7,1,1005.3,1,"","","",1,6,1,0,1,5,1,0,1,2,1,"","","","","","","","","","","","","","","","","","","","","","","","",20000,1,"","",11,1,2,1,"","","","","","","","","","","","","","","","","","","","","","","","","","","","","","","","","","","","","","","","","","","","","","","","","","","","","","","","","","","","","","","","","",""
"31069001","TOULOUSE-BLAGNAC",43.621,1.378833,151,1968122112,"","","","",4.,1,300,1,"","","","","","","","","","","","","","","","","","","","","","","","","","","","",14.,1,7.7,1,"","","","","","","","","","","","","","","","","","","","","","","","","","",67,1,"","","","","","","","","","","","",10.7,1,1023.5,1,1005.3,1,"","","",1,7,1,6,1,8,1,0,1,2,1,"","","","","","","","","","","","","","","","","","","","","","","","",30000,1,"","",3,1,2,1,"","","","","","","","","","","","","","","","","","","","","","","","","","","","","","","","","","","","","","","","","","","","","","","","","","","","","","","","","","","","","","","","","",""
"31069001","TOULOUSE-BLAGNAC",43.621,1.378833,151,1968122115,"","","","",1.,1,320,1,"","","","","","","","","","","","","","","","","","","","","","","","","","","","",14.3,1,8.1,1,"","","","","","","","","","","","","","","","","","","","","","","","","","",67,1,"","","","","","","","","","","","",11.,1,1023.4,1,1005.2,1,"","","",1,7,1,5,1,8,1,0,1,2,1,"","","","","","","","","","","","","","","","","","","","","","","","",30000,1,"","",2,1,2,1,"","","","","","","","","","","","","","","","","","","","","","","","","","","","","","","","","","","","","","","","","","","","","","","","","","","","","","","","","","","","","","","","","",""
"31069001","TOULOUSE-BLAGNAC",43.621,1.378833,151,1968122118,"","","","",0.,1,0,1,"","","","","","","","","","","","","","","","","","","","","","","","","","","","",8.,1,7.1,1,"","","","","","","","","","","","","","","","","","","","","","","","","","",94,1,"","","","","","","","","","","","",10.2,1,1024.2,1,1005.6,1,"","","",1,0,1,"","",0,1,0,1,0,1,"","","","","","","","","","","","","","","","","","","","","","","","",10000,1,"","",1,1,1,1,"","","","","","","","","","","","","","","","","","","","","","","","","","","","","","","","","","","","","","","","","","","","","","","","","","","","","","","","","","","","","","","","","",""
"31069001","TOULOUSE-BLAGNAC",43.621,1.378833,151,1968122121,"","","","",0.,1,0,1,"","","","","","","","","","","","","","","","","","","","","","","","","","","","",6.6,1,5.8,1,"","","","","","","","","","","","","","","","","","","","","","","","","","",95,1,"","","","","","","","","","","","",9.3,1,1024.7,1,1006.,1,"","","",1,3,1,0,1,0,1,0,1,2,1,"","","","","","","","","","","","","","","","","","","","","","","","",6000,1,"","",28,1,1,1,"","","","","","","","","","","","","","","","","","","","","","","","","","","","","","","","","","","","","","","","","","","","","","","","","","","","","","","","","","","","","","","","","",""
"31069001","TOULOUSE-BLAGNAC",43.621,1.378833,151,1968122200,"","","","",0.,1,0,1,"","","","","","","","","","","","","","","","","","","","","","","","","","","","",7.4,1,6.8,1,"","","","","","","","","","","","","","","","","","","","","","","","","","",97,1,"","","","","","","","","","","","",10.,1,1024.3,1,1005.6,1,"","","",1,3,1,0,1,0,1,0,1,2,1,"","","","","","","","","","","","","","","","","","","","","","","","",6000,1,"","",1,1,4,1,"","","","","","","","","","","","","","","","","","","","","","","","","","","","","","","","","","","","","","","","","","","","","","","","","","","","","","","","","","","","","","","","","",""
"31069001","TOULOUSE-BLAGNAC",43.621,1.378833,151,1968122203,"","","","",0.,1,0,1,"","","","","","","","","","","","","","","","","","","","","","","","","","","","",6.6,1,5.8,1,"","","","","","","","","","","","","","","","","","","","","","","","","","",95,1,"","","","","","","","","","","","",9.3,1,1024.4,1,1005.7,1,"","","",1,7,1,5,1,0,1,5,1,2,1,"","","","","","","","","","","","","","","","","","","","","","","","",10000,1,"","",2,1,1,1,"","","","","","","","","","","","","","","","","","","","","","","","","","","","","","","","","","","","","","","","","","","","","","","","","","","","","","","","","","","","","","","","","",""
"31069001","TOULOUSE-BLAGNAC",43.621,1.378833,151,1968122206,"","","","",0.,1,0,1,"","","","","","","","","","","","","","","","","","","","","","","","","","","","",5.6,1,5.3,1,"","","","","","","","","","","","","","","","","","","","","","","","","","",97,1,"","","","","","","","","","","","",9.,1,1023.5,1,1004.7,1,"","","",1,2,1,0,1,0,1,0,1,2,1,"","","","","","","","","","","","","","","","","","","","","","","","",5000,1,"","",11,1,1,1,"","",1,1,"","","","","","","","","","","","","","","","","","","","","","","","","","","","","","","","","","","","","","","","","","","","","","","","","","","","","","","","","","","","","",""
"31069001","TOULOUSE-BLAGNAC",43.621,1.378833,151,1968122209,"","","","",0.,1,0,1,"","","","","","","","","","","","","","","","","","","","","","","","","","","","",7.2,1,6.4,1,"","","","","","","","","","","","","","","","","","","","","","","","","","",96,1,"","","","","","","","","","","","",9.7,1,1025.3,1,1006.6,1,"","","",1,3,1,0,1,0,1,4,1,1,1,"","","","","","","","","","","","","","","","","","","","","","","","",7000,1,"","",2,1,0,1,"","","","","","","","","","","","","","","","","","","","","","","","","","","","","","","","","","","","","","","","","","","","","","","","","","","","","","","","","","","","","","","","","",""
"31069001","TOULOUSE-BLAGNAC",43.621,1.378833,151,1968122212,"","","","",2.,1,180,1,"","","","","","","","","","","","","","","","","","","","","","","","","","","","",13.,1,6.6,1,"","","","","","","","","","","","","","","","","","","","","","","","","","",66,1,"","","","","","","","","","","","",9.9,1,1025.,1,1006.7,1,"","","",1,6,1,5,1,0,1,5,1,4,1,"","","","","","","","","","","","","","","","","","","","","","","","",15000,1,"","",3,1,1,1,"","","","","","","","","","","","","","","","","","","","","","","","","","","","","","","","","","","","","","","","","","","","","","","","","","","","","","","","","","","","","","","","","",""
"31069001","TOULOUSE-BLAGNAC",43.621,1.378833,151,1968122215,"","","","",0.,1,0,1,"","","","","","","","","","","","","","","","","","","","","","","","","","","","",15.,1,9.3,1,"","","","","","","","","","","","","","","","","","","","","","","","","","",70,1,"","","","","","","","","","","","",11.9,1,1025.,1,1006.8,1,"","","",1,7,1,7,1,0,1,5,1,"","","","","","","","","","","","","","","","","","","","","","","","","","",20000,1,"","",3,1,2,1,"","","","","","","","","","","","","","","","","","","","","","","","","","","","","","","","","","","","","","","","","","","","","","","","","","","","","","","","","","","","","","","","","",""
"31069001","TOULOUSE-BLAGNAC",43.621,1.378833,151,1968122218,"","","","",0.,1,0,1,"","","","","","","","","","","","","","","","","","","","","","","","","","","","",13.1,1,10.2,1,"","","","","","","","","","","","","","","","","","","","","","","","","","",84,1,"","","","","","","","","","","","",12.7,1,1026.6,1,1008.3,1,"","","",1,7,1,7,1,0,1,7,1,"","","","","","","","","","","","","","","","","","","","","","","","","","",20000,1,"","",3,1,2,1,"","","","","","","","","","","","","","","","","","","","","","","","","","","","","","","","","","","","","","","","","","","","","","","","","","","","","","","","","","","","","","","","","",""
"31069001","TOULOUSE-BLAGNAC",43.621,1.378833,151,1968122221,"","","","",4.,1,260,1,"","","","","","","","","","","","","","","","","","","","","","","","","","","","",11.8,1,10.3,1,"","","","","","","","","","","","","","","","","","","","","","","","","","",93,1,"","","","","","","","","","","","",12.8,1,1028.2,1,1009.8,1,"","","",1,8,1,6,1,5,1,"","","","","","","","","","","","","","","","","","","","","","","","","","","","",6000,1,"","",51,1,6,1,"","","","","","","","","","","","","","","","","","","","","","","","","","","","","","","","","","","","","","","","","","","","","","","","","","","","","","","","","","","","","","","","","",""
"31069001","TOULOUSE-BLAGNAC",43.621,1.378833,151,1968122300,"","","","",4.,1,220,1,"","","","","","","","","","","","","","","","","","","","","","","","","","","","",12.2,1,11.2,1,"","","","","","","","","","","","","","","","","","","","","","","","","","",95,1,"","","","","","","","","","","","",13.6,1,1027.9,1,1009.5,1,"","","",1,8,1,8,1,5,1,"","","","","","","","","","","","","","","","","","","","","","","","","","","","",10000,1,"","",50,1,6,1,"","","","","","","","","","","","","","","","","","","","","","","","","","","","","","","","","","","","","","","","","","","","","","","","","","","","","","","","","","","","","","","","","",""
"31069001","TOULOUSE-BLAGNAC",43.621,1.378833,151,1968122303,"","","","",6.,1,260,1,"","","","","","","","","","","","","","","","","","","","","","","","","","","","",12.1,1,10.6,1,"","","","","","","","","","","","","","","","","","","","","","","","","","",91,1,"","","","","","","","","","","","",13.,1,1027.6,1,1009.2,1,"","","",1,8,1,8,1,5,1,"","","","","","","","","","","","","","","","","","","","","","","","","","","","",15000,1,"","",21,1,5,1,"","","","","","","","","","","","","","","","","","","","","","","","","","","","","","","","","","","","","","","","","","","","","","","","","","","","","","","","","","","","","","","","","",""
"31069001","TOULOUSE-BLAGNAC",43.621,1.378833,151,1968122306,"","","","",4.,1,240,1,"","","","","","","","","","","","","","","","","","","","","","","","","","","","",11.8,1,10.3,1,"","","","","","","","","","","","","","","","","","","","","","","","","","",93,1,"","","","","","","","","","","","",12.8,1,1027.1,1,1008.7,1,"","","",1,8,1,8,1,5,1,"","","","","","","","","","","","","","","","","","","","","","","","","","","","",15000,1,"","",3,1,6,1,"","",2,1,"","","","","","","","","","","","","","","","","","","","","","","","","","","","","","","","","","","","","","","","","","","","","","","","","","","","","","","","","","","","","",""
"31069001","TOULOUSE-BLAGNAC",43.621,1.378833,151,1968122309,"","","","",5.,1,260,1,"","","","","","","","","","","","","","","","","","","","","","","","","","","","",12.4,1,11.,1,"","","","","","","","","","","","","","","","","","","","","","","","","","",93,1,"","","","","","","","","","","","",13.4,1,1027.5,1,1009.1,1,"","","",1,7,1,5,1,5,1,"","","","","","","","","","","","","","","","","","","","","","","","","","","","",8000,1,"","",1,1,5,1,"","","","","","","","","","","","","","","","","","","","","","","","","","","","","","","","","","","","","","","","","","","","","","","","","","","","","","","","","","","","","","","","","",""
"31069001","TOULOUSE-BLAGNAC",43.621,1.378833,151,1968122312,"","","","",6.,1,260,1,"","","","","","","","","","","","","","","","","","","","","","","","","","","","",14.1,1,11.7,1,"","","","","","","","","","","","","","","","","","","","","","","","","","",88,1,"","","","","","","","","","","","",14.1,1,1026.8,1,1008.5,1,"","","",1,8,1,6,1,7,1,"","","","","","","","","","","","","","","","","","","","","","","","","","","","",4000,1,"","",50,1,6,1,"","","","","","","","","","","","","","","","","","","","","","","","","","","","","","","","","","","","","","","","","","","","","","","","","","","","","","","","","","","","","","","","","",""
"31069001","TOULOUSE-BLAGNAC",43.621,1.378833,151,1968122315,"","","","",7.,1,260,1,"","","","","","","","","","","","","","","","","","","","","","","","","","","","",14.8,1,11.2,1,"","","","","","","","","","","","","","","","","","","","","","","","","","",81,1,"","","","","","","","","","","","",13.6,1,1026.2,1,1008.,1,"","","",1,8,1,5,1,5,1,7,1,"","","","","","","","","","","","","","","","","","","","","","","","","","",20000,1,"","",2,1,5,1,"","","","","","","","","","","","","","","","","","","","","","","","","","","","","","","","","","","","","","","","","","","","","","","","","","","","","","","","","","","","","","","","","",""
"31069001","TOULOUSE-BLAGNAC",43.621,1.378833,151,1968122318,"","","","",8.,1,260,1,"","","","","","","","","","","","","","","","","","","","","","","","","","","","",13.6,1,10.3,1,"","","","","","","","","","","","","","","","","","","","","","","","","","",82,1,"","","","","","","","","","","","",12.8,1,1026.7,1,1008.4,1,"","","",1,7,1,5,1,5,1,4,1,"","","","","","","","","","","","","","","","","","","","","","","","","","",20000,1,"","",2,1,5,1,"","","","","","","","","","","","","","","","","","","","","","","","","","","","","","","","","","","","","","","","","","","","","","","","","","","","","","","","","","","","","","","","","",""
"31069001","TOULOUSE-BLAGNAC",43.621,1.378833,151,1968122321,"","","","",9.,1,260,1,"","","","","","","","","","","","","","","","","","","","","","","","","","","","",11.9,1,9.5,1,"","","","","","","","","","","","","","","","","","","","","","","","","","",87,1,"","","","","","","","","","","","",12.1,1,1027.2,1,1008.8,1,"","","",1,8,1,6,1,5,1,"","","","","","","","","","","","","","","","","","","","","","","","","","","","",20000,1,"","",3,1,2,1,"","","","","","","","","","","","","","","","","","","","","","","","","","","","","","","","","","","","","","","","","","","","","","","","","","","","","","","","","","","","","","","","","",""
"31069001","TOULOUSE-BLAGNAC",43.621,1.378833,151,1968122400,"","","","",9.,1,260,1,"","","","","","","","","","","","","","","","","","","","","","","","","","","","",12.2,1,10.,1,"","","","","","","","","","","","","","","","","","","","","","","","","","",88,1,"","","","","","","","","","","","",12.5,1,1025.,1,1006.6,1,"","","",1,7,1,5,1,5,1,"","","","","","","","","","","","","","","","","","","","","","","","","","","","",20000,1,"","",2,1,2,1,"","","","","","","","","","","","","","","","","","","","","","","","","","","","","","","","","","","","","","","","","","","","","","","","","","","","","","","","","","","","","","","","","",""
"31069001","TOULOUSE-BLAGNAC",43.621,1.378833,151,1968122403,"","","","",7.,1,260,1,"","","","","","","","","","","","","","","","","","","","","","","","","","","","",11.9,1,10.9,1,"","","","","","","","","","","","","","","","","","","","","","","","","","",95,1,"","","","","","","","","","","","",13.3,1,1025.1,1,1006.7,1,"","","",1,8,1,6,1,5,1,"","","","","","","","","","","","","","","","","","","","","","","","","","","","",10000,1,"","",60,1,2,1,"","","","","","","","","","","","","","","","","","","","","","","","","","","","","","","","","","","","","","","","","","","","","","","","","","","","","","","","","","","","","","","","","",""
"31069001","TOULOUSE-BLAGNAC",43.621,1.378833,151,1968122406,"","","","",8.,1,260,1,"","","","","","","","","","","","","","","","","","","","","","","","","","","","",12.2,1,9.6,1,"","","","","","","","","","","","","","","","","","","","","","","","","","",86,1,"","","","","","","","","","","","",12.2,1,1024.,1,1005.7,1,"","","",1,7,1,7,1,5,1,"","","","","","","","","","","","","","","","","","","","","","","","","","","","",20000,1,"","",1,1,6,1,"","",1,1,"","","","","","","","","","","","","","","","","","","","","","","","","","","","","","","","","","","","","","","","","","","","","","","","","","","","","","","","","","","","","",""
"31069001","TOULOUSE-BLAGNAC",43.621,1.378833,151,1968122409,"","","","",7.,1,260,1,"","","","","","","","","","","","","","","","","","","","","","","","","","","","",12.,1,11.,1,"","","","","","","","","","","","","","","","","","","","","","","","","","",95,1,"","","","","","","","","","","","",13.4,1,1024.2,1,1005.9,1,"","","",1,8,1,8,1,7,1,"","","","","","","","","","","","","","","","","","","","","","","","","","","","",6000,1,"","",51,1,6,1,"","","","","","","","","","","","","","","","","","","","","","","","","","","","","","","","","","","","","","","","","","","","","","","","","","","","","","","","","","","","","","","","","",""
"31069001","TOULOUSE-BLAGNAC",43.621,1.378833,151,1968122412,"","","","",10.,1,260,1,"","","","","","","","","","","","","","","","","","","","","","","","","","","","",14.,1,11.1,1,"","","","","","","","","","","","","","","","","","","","","","","","","","",85,1,"","","","","","","","","","","","",13.5,1,1023.5,1,1005.3,1,"","","",1,8,1,5,1,8,1,"","","","","","","","","","","","","","","","","","","","","","","","","","","","",20000,1,"","",2,1,6,1,"","","","","","","","","","","","","","","","","","","","","","","","","","","","","","","","","","","","","","","","","","","","","","","","","","","","","","","","","","","","","","","","","",""
"31069001","TOULOUSE-BLAGNAC",43.621,1.378833,151,1968122415,"","","","",9.,1,260,1,"","","","","","","","","","","","","","","","","","","","","","","","","","","","",13.8,1,11.1,1,"","","","","","","","","","","","","","","","","","","","","","","","","","",86,1,"","","","","","","","","","","","",13.5,1,1022.8,1,1004.6,1,"","","",1,8,1,5,1,5,1,"","","","","","","","","","","","","","","","","","","","","","","","","","","","",30000,1,"","",20,1,5,1,"","","","","","","","","","","","","","","","","","","","","","","","","","","","","","","","","","","","","","","","","","","","","","","","","","","","","","","","","","","","","","","","","",""
"31069001","TOULOUSE-BLAGNAC",43.621,1.378833,151,1968122418,"","","","",9.,1,260,1,"","","","","","","","","","","","","","","","","","","","","","","","","","","","",12.9,1,10.7,1,"","","","","","","","","","","","","","","","","","","","","","","","","","",88,1,"","","","","","","","","","","","",13.1,1,1023.,1,1004.7,1,"","","",1,8,1,5,1,5,1,"","","","","","","","","","","","","","","","","","","","","","","","","","","","",20000,1,"","",2,1,5,1,"","","","","","","","","","","","","","","","","","","","","","","","","","","","","","","","","","","","","","","","","","","","","","","","","","","","","","","","","","","","","","","","","",""
"31069001","TOULOUSE-BLAGNAC",43.621,1.378833,151,1968122421,"","","","",9.,1,260,1,"","","","","","","","","","","","","","","","","","","","","","","","","","","","",12.2,1,9.9,1,"","","","","","","","","","","","","","","","","","","","","","","","","","",87,1,"","","","","","","","","","","","",12.4,1,1022.8,1,1004.5,1,"","","",1,8,1,8,1,5,1,"","","","","","","","","","","","","","","","","","","","","","","","","","","","",15000,1,"","",20,1,2,1,"","","","","","","","","","","","","","","","","","","","","","","","","","","","","","","","","","","","","","","","","","","","","","","","","","","","","","","","","","","","","","","","","",""
"31069001","TOULOUSE-BLAGNAC",43.621,1.378833,151,1968122500,"","","","",7.,1,260,1,"","","","","","","","","","","","","","","","","","","","","","","","","","","","",11.8,1,10.,1,"","","","","","","","","","","","","","","","","","","","","","","","","","",90,1,"","","","","","","","","","","","",12.5,1,1021.8,1,1003.5,1,"","","",1,8,1,8,1,5,1,"","","","","","","","","","","","","","","","","","","","","","","","","","","","",4000,1,"","",51,1,5,1,"","","","","","","","","","","","","","","","","","","","","","","","","","","","","","","","","","","","","","","","","","","","","","","","","","","","","","","","","","","","","","","","","",""
"31069001","TOULOUSE-BLAGNAC",43.621,1.378833,151,1968122503,"","","","",6.,1,260,1,"","","","","","","","","","","","","","","","","","","","","","","","","","","","",11.1,1,10.2,1,"","","","","","","","","","","","","","","","","","","","","","","","","","",96,1,"","","","","","","","","","","","",12.7,1,1021.9,1,1003.5,1,"","","",1,8,1,7,1,7,1,"","","","","","","","","","","","","","","","","","","","","","","","","","","","",10000,1,"","",51,1,5,1,"","","","","","","","","","","","","","","","","","","","","","","","","","","","","","","","","","","","","","","","","","","","","","","","","","","","","","","","","","","","","","","","","",""
"31069001","TOULOUSE-BLAGNAC",43.621,1.378833,151,1968122506,"","","","",7.,1,260,1,"","","","","","","","","","","","","","","","","","","","","","","","","","","","",10.7,1,9.,1,"","","","","","","","","","","","","","","","","","","","","","","","","","",91,1,"","","","","","","","","","","","",11.7,1,1021.7,1,1003.3,1,"","","",1,8,1,8,1,5,1,"","","","","","","","","","","","","","","","","","","","","","","","","","","","",20000,1,"","",50,1,6,1,"","",2,1,"","","","","","","","","","","","","","","","","","","","","","","","","","","","","","","","","","","","","","","","","","","","","","","","","","","","","","","","","","","","","",""
"31069001","TOULOUSE-BLAGNAC",43.621,1.378833,151,1968122509,"","","","",7.,1,260,1,"","","","","","","","","","","","","","","","","","","","","","","","","","","","",11.2,1,8.9,1,"","","","","","","","","","","","","","","","","","","","","","","","","","",88,1,"","","","","","","","","","","","",11.6,1,1021.8,1,1003.4,1,"","","",1,7,1,5,1,8,1,"","","","","","","","","","","","","","","","","","","","","","","","","","","","",50000,1,"","",3,1,5,1,"","","","","","","","","","","","","","","","","","","","","","","","","","","","","","","","","","","","","","","","","","","","","","","","","","","","","","","","","","","","","","","","","",""
"31069001","TOULOUSE-BLAGNAC",43.621,1.378833,151,1968122512,"","","","",10.,1,260,1,"","","","","","","","","","","","","","","","","","","","","","","","","","","","",12.3,1,8.,1,"","","","","","","","","","","","","","","","","","","","","","","","","","",76,1,"","","","","","","","","","","","",10.9,1,1020.3,1,1002.,1,"","","",1,8,1,8,1,8,1,"","","","","","","","","","","","","","","","","","","","","","","","","","","","",50000,1,"","",3,1,8,1,"","","","","","","","","","","","","","","","","","","","","","","","","","","","","","","","","","","","","","","","","","","","","","","","","","","","","","","","","","","","","","","","","",""
"31069001","TOULOUSE-BLAGNAC",43.621,1.378833,151,1968122515,"","","","",10.,1,260,1,"","","","","","","","","","","","","","","","","","","","","","","","","","","","",12.,1,8.,1,"","","","","","","","","","","","","","","","","","","","","","","","","","",77,1,"","","","","","","","","","","","",10.9,1,1019.,1,1000.7,1,"","","",1,7,1,5,1,5,1,"","","","","","","","","","","","","","","","","","","","","","","","","","","","",50000,1,"","",3,1,2,1,"","","","","","","","","","","","","","","","","","","","","","","","","","","","","","","","","","","","","","","","","","","","","","","","","","","","","","","","","","","","","","","","","",""
"31069001","TOULOUSE-BLAGNAC",43.621,1.378833,151,1968122518,"","","","",11.,1,240,1,"","","","","","","","","","","","","","","","","","","","","","","","","","","","",10.8,1,8.5,1,"","","","","","","","","","","","","","","","","","","","","","","","","","",88,1,"","","","","","","","","","","","",11.3,1,1017.4,1,999.1,1,"","","",1,7,1,6,1,5,1,"","","","","","","","","","","","","","","","","","","","","","","","","","","","",20000,1,"","",20,1,2,1,"","","","","","","","","","","","","","","","","","","","","","","","","","","","","","","","","","","","","","","","","","","","","","","","","","","","","","","","","","","","","","","","","",""
"31069001","TOULOUSE-BLAGNAC",43.621,1.378833,151,1968122521,"","","","",11.,1,260,1,"","","","","","","","","","","","","","","","","","","","","","","","","","","","",10.7,1,9.2,1,"","","","","","","","","","","","","","","","","","","","","","","","","","",92,1,"","","","","","","","","","","","",11.8,1,1017.2,1,998.9,1,"","","",1,8,1,5,1,5,1,"","","","","","","","","","","","","","","","","","","","","","","","","","","","",6000,1,"","",53,1,5,1,"","","","","","","","","","","","","","","","","","","","","","","","","","","","","","","","","","","","","","","","","","","","","","","","","","","","","","","","","","","","","","","","","",""
"31069001","TOULOUSE-BLAGNAC",43.621,1.378833,151,1968122600,"","","","",12.,1,260,1,"","","","","","","","","","","","","","","","","","","","","","","","","","","","",10.8,1,9.3,1,"","","","","","","","","","","","","","","","","","","","","","","","","","",91,1,"","","","","","","","","","","","",11.9,1,1015.7,1,997.4,1,"","","",1,8,1,8,1,7,1,"","","","","","","","","","","","","","","","","","","","","","","","","","","","",6000,1,"","",58,1,6,1,"","","","","","","","","","","","","","","","","","","","","","","","","","","","","","","","","","","","","","","","","","","","","","","","","","","","","","","","","","","","","","","","","",""
"31069001","TOULOUSE-BLAGNAC",43.621,1.378833,151,1968122603,"","","","",10.,1,260,1,"","","","","","","","","","","","","","","","","","","","","","","","","","","","",11.,1,9.3,1,"","","","","","","","","","","","","","","","","","","","","","","","","","",91,1,"","","","","","","","","","","","",11.9,1,1015.2,1,996.9,1,"","","",1,8,1,5,1,5,1,"","","","","","","","","","","","","","","","","","","","","","","","","","","","",10000,1,"","",20,1,6,1,"","","","","","","","","","","","","","","","","","","","","","","","","","","","","","","","","","","","","","","","","","","","","","","","","","","","","","","","","","","","","","","","","",""
"31069001","TOULOUSE-BLAGNAC",43.621,1.378833,151,1968122606,"","","","",9.,1,260,1,"","","","","","","","","","","","","","","","","","","","","","","","","","","","",11.3,1,9.9,1,"","","","","","","","","","","","","","","","","","","","","","","","","","",93,1,"","","","","","","","","","","","",12.4,1,1013.7,1,995.5,1,"","","",1,8,1,8,1,7,1,"","","","","","","","","","","","","","","","","","","","","","","","","","","","",8000,1,"","",51,1,6,1,"","",2,1,"","","","","","","","","","","","","","","","","","","","","","","","","","","","","","","","","","","","","","","","","","","","","","","","","","","","","","","","","","","","","",""
"31069001","TOULOUSE-BLAGNAC",43.621,1.378833,151,1968122609,"","","","",8.,1,300,1,"","","","","","","","","","","","","","","","","","","","","","","","","","","","",9.7,1,8.4,1,"","","","","","","","","","","","","","","","","","","","","","","","","","",93,1,"","","","","","","","","","","","",11.2,1,1013.9,1,995.6,1,"","","",1,8,1,8,1,5,1,"","","","","","","","","","","","","","","","","","","","","","","","","","","","",10000,1,"","",61,1,5,1,"","","","","","","","","","","","","","","","","","","","","","","","","","","","","","","","","","","","","","","","","","","","","","","","","","","","","","","","","","","","","","","","","",""
"31069001","TOULOUSE-BLAGNAC",43.621,1.378833,151,1968122612,"","","","",5.,1,300,1,"","","","","","","","","","","","","","","","","","","","","","","","","","","","",9.4,1,7.6,1,"","","","","","","","","","","","","","","","","","","","","","","","","","",90,1,"","","","","","","","","","","","",10.6,1,1014.2,1,995.8,1,"","","",1,8,1,8,1,8,1,"","","","","","","","","","","","","","","","","","","","","","","","","","","","",8000,1,"","",80,1,6,1,"","","","","","","","","","","","","","","","","","","","","","","","","","","","","","","","","","","","","","","","","","","","","","","","","","","","","","","","","","","","","","","","","",""
"31069001","TOULOUSE-BLAGNAC",43.621,1.378833,151,1968122615,"","","","",5.,1,300,1,"","","","","","","","","","","","","","","","","","","","","","","","","","","","",7.8,1,5.9,1,"","","","","","","","","","","","","","","","","","","","","","","","","","",89,1,"","","","","","","","","","","","",9.4,1,1013.7,1,995.2,1,"","","",1,8,1,8,1,8,1,2,1,"","","","","","","","","","","","","","","","","","","","","","","","","","",15000,1,"","",61,1,8,1,"","","","","","","","","","","","","","","","","","","","","","","","","","","","","","","","","","","","","","","","","","","","","","","","","","","","","","","","","","","","","","","","","",""
"31069001","TOULOUSE-BLAGNAC",43.621,1.378833,151,1968122618,"","","","",3.,1,260,1,"","","","","","","","","","","","","","","","","","","","","","","","","","","","",6.4,1,5.1,1,"","","","","","","","","","","","","","","","","","","","","","","","","","",93,1,"","","","","","","","","","","","",8.9,1,1014.9,1,996.3,1,"","","",1,8,1,8,1,5,1,"","","","","","","","","","","","","","","","","","","","","","","","","","","","",10000,1,"","",61,1,8,1,"","","","","","","","","","","","","","","","","","","","","","","","","","","","","","","","","","","","","","","","","","","","","","","","","","","","","","","","","","","","","","","","","",""
"31069001","TOULOUSE-BLAGNAC",43.621,1.378833,151,1968122621,"","","","",2.,1,260,1,"","","","","","","","","","","","","","","","","","","","","","","","","","","","",4.8,1,3.7,1,"","","","","","","","","","","","","","","","","","","","","","","","","","",93,1,"","","","","","","","","","","","",8.,1,1016.8,1,998.1,1,"","","",1,6,1,0,1,5,1,4,1,0,1,"","","","","","","","","","","","","","","","","","","","","","","","",15000,1,"","",1,1,6,1,"","","","","","","","","","","","","","","","","","","","","","","","","","","","","","","","","","","","","","","","","","","","","","","","","","","","","","","","","","","","","","","","","",""
"31069001","TOULOUSE-BLAGNAC",43.621,1.378833,151,1968122700,"","","","",2.,1,320,1,"","","","","","","","","","","","","","","","","","","","","","","","","","","","",3.2,1,2.2,1,"","","","","","","","","","","","","","","","","","","","","","","","","","",93,1,"","","","","","","","","","","","",7.2,1,1017.,1,998.2,1,"","","",1,6,1,6,1,0,1,4,1,0,1,"","","","","","","","","","","","","","","","","","","","","","","","",20000,1,"","",3,1,6,1,"","","","","","","","","","","","","","","","","","","","","","","","","","","","","","","","","","","","","","","","","","","","","","","","","","","","","","","","","","","","","","","","","",""
"31069001","TOULOUSE-BLAGNAC",43.621,1.378833,151,1968122703,"","","","",3.,1,340,1,"","","","","","","","","","","","","","","","","","","","","","","","","","","","",0.8,1,-0.9,1,"","","","","","","","","","","","","","","","","","","","","","","","","","",88,1,"","","","","","","","","","","","",5.7,1,1018.3,1,999.3,1,"","","",1,5,1,5,1,0,1,0,1,2,1,"","","","","","","","","","","","","","","","","","","","","","","","",20000,1,"","",1,1,2,1,"","","","","","","","","","","","","","","","","","","","","","","","","","","","","","","","","","","","","","","","","","","","","","","","","","","","","","","","","","","","","","","","","",""
"31069001","TOULOUSE-BLAGNAC",43.621,1.378833,151,1968122706,"","","","",3.,1,280,1,"","","","","","","","","","","","","","","","","","","","","","","","","","","","",-0.2,1,-2.7,1,"","","","","","","","","","","","","","","","","","","","","","","","","","",84,1,"","","","","","","","","","","","",5.,1,1019.1,1,1000.,1,"","","",1,3,1,0,1,0,1,0,1,2,1,"","","","","","","","","","","","","","","","","","","","","","","","",20000,1,"","",2,1,1,1,"","",2,1,"","","","","","","","","","","","","","","","","","","","","","","","","","","","","","","","","","","","","","","","","","","","","","","","","","","","","","","","","","","","","",""
"31069001","TOULOUSE-BLAGNAC",43.621,1.378833,151,1968122709,"","","","",4.,1,300,1,"","","","","","","","","","","","","","","","","","","","","","","","","","","","",0.4,1,-1.6,1,"","","","","","","","","","","","","","","","","","","","","","","","","","",86,1,"","","","","","","","","","","","",5.4,1,1020.3,1,1001.2,1,"","","",1,1,1,0,1,5,1,0,1,0,1,"","","","","","","","","","","","","","","","","","","","","","","","",20000,1,"","",2,1,0,1,"","","","","","","","","","","","","","","","","","","","","","","","","","","","","","","","","","","","","","","","","","","","","","","","","","","","","","","","","","","","","","","","","",""
"31069001","TOULOUSE-BLAGNAC",43.621,1.378833,151,1968122712,"","","","",4.,1,300,1,"","","","","","","","","","","","","","","","","","","","","","","","","","","","",2.8,1,-2.4,1,"","","","","","","","","","","","","","","","","","","","","","","","","","",69,1,"","","","","","","","","","","","",5.1,1,1019.8,1,1000.9,1,"","","",1,3,1,0,1,2,1,0,1,1,1,"","","","","","","","","","","","","","","","","","","","","","","","",20000,1,"","",3,1,0,1,"","","","","","","","","","","","","","","","","","","","","","","","","","","","","","","","","","","","","","","","","","","","","","","","","","","","","","","","","","","","","","","","","",""
"31069001","TOULOUSE-BLAGNAC",43.621,1.378833,151,1968122715,"","","","",3.,1,320,1,"","","","","","","","","","","","","","","","","","","","","","","","","","","","",2.7,1,-4.6,1,"","","","","","","","","","","","","","","","","","","","","","","","","","",59,1,"","","","","","","","","","","","",4.3,1,1019.4,1,1000.5,1,"","","",1,7,1,7,1,2,1,"","","","","","","","","","","","","","","","","","","","","","","","","","","","",20000,1,"","",3,1,1,1,"","","","","","","","","","","","","","","","","","","","","","","","","","","","","","","","","","","","","","","","","","","","","","","","","","","","","","","","","","","","","","","","","",""
"31069001","TOULOUSE-BLAGNAC",43.621,1.378833,151,1968122718,"","","","",3.,1,280,1,"","","","","","","","","","","","","","","","","","","","","","","","","","","","",0.9,1,-2.7,1,"","","","","","","","","","","","","","","","","","","","","","","","","","",77,1,"","","","","","","","","","","","",5.,1,1019.9,1,1000.8,1,"","","",1,4,1,0,1,5,1,0,1,0,1,"","","","","","","","","","","","","","","","","","","","","","","","",20000,1,"","",1,1,1,1,"","","","","","","","","","","","","","","","","","","","","","","","","","","","","","","","","","","","","","","","","","","","","","","","","","","","","","","","","","","","","","","","","",""
"31069001","TOULOUSE-BLAGNAC",43.621,1.378833,151,1968122721,"","","","",3.,1,280,1,"","","","","","","","","","","","","","","","","","","","","","","","","","","","",-1.4,1,-2.9,1,"","","","","","","","","","","","","","","","","","","","","","","","","","",89,1,"","","","","","","","","","","","",4.9,1,1020.4,1,1001.2,1,"","","",1,0,1,"","",0,1,0,1,0,1,"","","","","","","","","","","","","","","","","","","","","","","","",20000,1,"","",2,1,0,1,"","","","","","","","","","","","","","","","","","","","","","","","","","","","","","","","","","","","","","","","","","","","","","","","","","","","","","","","","","","","","","","","","",""
"31069001","TOULOUSE-BLAGNAC",43.621,1.378833,151,1968122800,"","","","",5.,1,260,1,"","","","","","","","","","","","","","","","","","","","","","","","","","","","",-0.3,1,-2.4,1,"","","","","","","","","","","","","","","","","","","","","","","","","","",86,1,"","","","","","","","","","","","",5.1,1,1019.4,1,1000.3,1,"","","",1,6,1,6,1,5,1,0,1,0,1,"","","","","","","","","","","","","","","","","","","","","","","","",10000,1,"","",1,1,1,1,"","","","","","","","","","","","","","","","","","","","","","","","","","","","","","","","","","","","","","","","","","","","","","","","","","","","","","","","","","","","","","","","","",""
"31069001","TOULOUSE-BLAGNAC",43.621,1.378833,151,1968122803,"","","","",5.,1,260,1,"","","","","","","","","","","","","","","","","","","","","","","","","","","","",-0.9,1,-3.2,1,"","","","","","","","","","","","","","","","","","","","","","","","","","",85,1,"","","","","","","","","","","","",4.8,1,1018.7,1,999.5,1,"","","",1,6,1,6,1,5,1,0,1,0,1,"","","","","","","","","","","","","","","","","","","","","","","","",15000,1,"","",3,1,1,1,"","","","","","","","","","","","","","","","","","","","","","","","","","","","","","","","","","","","","","","","","","","","","","","","","","","","","","","","","","","","","","","","","",""
"31069001","TOULOUSE-BLAGNAC",43.621,1.378833,151,1968122806,"","","","",5.,1,240,1,"","","","","","","","","","","","","","","","","","","","","","","","","","","","",-2.,1,-3.5,1,"","","","","","","","","","","","","","","","","","","","","","","","","","",90,1,"","","","","","","","","","","","",4.7,1,1016.8,1,997.6,1,"","","",1,0,1,"","",0,1,0,1,0,1,"","","","","","","","","","","","","","","","","","","","","","","","",10000,1,"","",2,1,1,1,"","",3,1,"","","","","","","","","","","","","","","","","","","","","","","","","","","","","","","","","","","","","","","","","","","","","","","","","","","","","","","","","","","","","",""
"31069001","TOULOUSE-BLAGNAC",43.621,1.378833,151,1968122809,"","","","",5.,1,220,1,"","","","","","","","","","","","","","","","","","","","","","","","","","","","",0.4,1,-4.6,1,"","","","","","","","","","","","","","","","","","","","","","","","","","",69,1,"","","","","","","","","","","","",4.3,1,1015.2,1,996.2,1,"","","",1,7,1,7,1,5,1,"","","","","","","","","","","","","","","","","","","","","","","","","","","","",15000,1,"","",3,1,2,1,"","","","","","","","","","","","","","","","","","","","","","","","","","","","","","","","","","","","","","","","","","","","","","","","","","","","","","","","","","","","","","","","","",""
"31069001","TOULOUSE-BLAGNAC",43.621,1.378833,151,1968122812,"","","","",6.,1,280,1,"","","","","","","","","","","","","","","","","","","","","","","","","","","","",1.8,1,-0.9,1,"","","","","","","","","","","","","","","","","","","","","","","","","","",82,1,"","","","","","","","","","","","",5.7,1,1013.8,1,994.9,1,"","","",1,8,1,8,1,5,1,"","","","","","","","","","","","","","","","","","","","","","","","","","","","",8000,1,"","",71,1,7,1,"","","","","","","","","","","","","","","","","","","","","","","","","","","","","","","","","","","","","","","","","","","","","","","","","","","","","","","","","","","","","","","","","",""
"31069001","TOULOUSE-BLAGNAC",43.621,1.378833,151,1968122815,"","","","",4.,1,320,1,"","","","","","","","","","","","","","","","","","","","","","","","","","","","",1.8,1,-0.9,1,"","","","","","","","","","","","","","","","","","","","","","","","","","",82,1,"","","","","","","","","","","","",5.7,1,1014.2,1,995.3,1,"","","",1,7,1,5,1,8,1,"","","","","","","","","","","","","","","","","","","","","","","","","","","","",15000,1,"","",3,1,7,1,"","","","","","","","","","","","","","","","","","","","","","","","","","","","","","","","","","","","","","","","","","","","","","","","","","","","","","","","","","","","","","","","","",""
"31069001","TOULOUSE-BLAGNAC",43.621,1.378833,151,1968122818,"","","","",1.,1,280,1,"","","","","","","","","","","","","","","","","","","","","","","","","","","","",-1.8,1,-2.9,1,"","","","","","","","","","","","","","","","","","","","","","","","","","",91,1,"","","","","","","","","","","","",4.9,1,1015.1,1,995.9,1,"","","",1,3,1,0,1,5,1,0,1,0,1,"","","","","","","","","","","","","","","","","","","","","","","","",10000,1,"","",2,1,7,1,"","","","","","","","","","","","","","","","","","","","","","","","","","","","","","","","","","","","","","","","","","","","","","","","","","","","","","","","","","","","","","","","","",""
"31069001","TOULOUSE-BLAGNAC",43.621,1.378833,151,1968122821,"","","","",0.,1,0,1,"","","","","","","","","","","","","","","","","","","","","","","","","","","","",-3.2,1,-4.6,1,"","","","","","","","","","","","","","","","","","","","","","","","","","",88,1,"","","","","","","","","","","","",4.3,1,1014.7,1,995.4,1,"","","",1,0,1,"","",0,1,0,1,0,1,"","","","","","","","","","","","","","","","","","","","","","","","",10000,1,"","",2,1,0,1,"","","","","","","","","","","","","","","","","","","","","","","","","","","","","","","","","","","","","","","","","","","","","","","","","","","","","","","","","","","","","","","","","",""
"31069001","TOULOUSE-BLAGNAC",43.621,1.378833,151,1968122900,"","","","",0.,1,0,1,"","","","","","","","","","","","","","","","","","","","","","","","","","","","",-4.2,1,-4.9,1,"","","","","","","","","","","","","","","","","","","","","","","","","","",94,1,"","","","","","","","","","","","",4.2,1,1014.2,1,994.9,1,"","","",1,0,1,"","",0,1,0,1,0,1,"","","","","","","","","","","","","","","","","","","","","","","","",10000,1,"","",2,1,0,1,"","","","","","","","","","","","","","","","","","","","","","","","","","","","","","","","","","","","","","","","","","","","","","","","","","","","","","","","","","","","","","","","","",""
"31069001","TOULOUSE-BLAGNAC",43.621,1.378833,151,1968122903,"","","","",0.,1,0,1,"","","","","","","","","","","","","","","","","","","","","","","","","","","","",-4.7,1,-5.9,1,"","","","","","","","","","","","","","","","","","","","","","","","","","",91,1,"","","","","","","","","","","","",3.9,1,1013.8,1,994.5,1,"","","",1,2,1,0,1,0,1,4,1,0,1,"","","","","","","","","","","","","","","","","","","","","","","","",8000,1,"","",1,1,0,1,"","","","","","","","","","","","","","","","","","","","","","","","","","","","","","","","","","","","","","","","","","","","","","","","","","","","","","","","","","","","","","","","","",""
"31069001","TOULOUSE-BLAGNAC",43.621,1.378833,151,1968122906,"","","","",1.,1,180,1,"","","","","","","","","","","","","","","","","","","","","","","","","","","","",-3.4,1,-4.3,1,"","","","","","","","","","","","","","","","","","","","","","","","","","",92,1,"","","","","","","","","","","","",4.4,1,1012.1,1,992.9,1,"","","",1,7,1,5,1,0,1,5,1,2,1,"","","","","","","","","","","","","","","","","","","","","","","","",5000,1,"","",3,1,1,1,"","",3,1,"","","","","","","","","","","","","","","","","","","","","","","","","","","","","","","","","","","","","","","","","","","","","","","","","","","","","","","","","","","","","",""
"31069001","TOULOUSE-BLAGNAC",43.621,1.378833,151,1968122909,"","","","",2.,1,180,1,"","","","","","","","","","","","","","","","","","","","","","","","","","","","",-2.,1,-3.2,1,"","","","","","","","","","","","","","","","","","","","","","","","","","",92,1,"","","","","","","","","","","","",4.8,1,1013.4,1,994.3,1,"","","",1,8,1,8,1,7,1,"","","","","","","","","","","","","","","","","","","","","","","","","","","","",1000,1,"","",73,1,7,1,"","","","","","","","","","","","","","","","","","","","","","","","","","","","","","","","","","","","","","","","","","","","","","","","","","","","","","","","","","","","","","","","","",""
"31069001","TOULOUSE-BLAGNAC",43.621,1.378833,151,1968122912,"","","","",2.,1,200,1,"","","","","","","","","","","","","","","","","","","","","","","","","","","","",-1.,1,-1.9,1,"","","","","","","","","","","","","","","","","","","","","","","","","","",93,1,"","","","","","","","","","","","",5.3,1,1014.,1,994.9,1,"","","",1,8,1,5,1,5,1,"","","","","","","","","","","","","","","","","","","","","","","","","","","","",5000,1,"","",22,1,7,1,"","","","","","","","","","","","","","","","","","","","","","","","","","","","","","","","","","","","","","","","","","","","","","","","","","","","","","","","","","","","","","","","","",""
"31069001","TOULOUSE-BLAGNAC",43.621,1.378833,151,1968122915,"","","","",0.,1,0,1,"","","","","","","","","","","","","","","","","","","","","","","","","","","","",-0.6,1,-1.9,1,"","","","","","","","","","","","","","","","","","","","","","","","","","",92,1,"","","","","","","","","","","","",5.3,1,1014.3,1,995.2,1,"","","",1,7,1,6,1,5,1,"","","","","","","","","","","","","","","","","","","","","","","","","","","","",8000,1,"","",2,1,7,1,"","","","","","","","","","","","","","","","","","","","","","","","","","","","","","","","","","","","","","","","","","","","","","","","","","","","","","","","","","","","","","","","","",""
"31069001","TOULOUSE-BLAGNAC",43.621,1.378833,151,1968122918,"","","","",0.,1,0,1,"","","","","","","","","","","","","","","","","","","","","","","","","","","","",-5.,1,-5.5,1,"","","","","","","","","","","","","","","","","","","","","","","","","","",95,1,"","","","","","","","","","","","",4.,1,1014.7,1,995.3,1,"","","",1,2,1,0,1,5,1,0,1,0,1,"","","","","","","","","","","","","","","","","","","","","","","","",60,1,"","",46,1,7,1,"","","","","","","","","","","","","","","","","","","","","","","","","","","","","","","","","","","","","","","","","","","","","","","","","","","","","","","","","","","","","","","","","",""
"31069001","TOULOUSE-BLAGNAC",43.621,1.378833,151,1968122921,"","","","",0.,1,0,1,"","","","","","","","","","","","","","","","","","","","","","","","","","","","",-3.1,1,-3.5,1,"","","","","","","","","","","","","","","","","","","","","","","","","","",97,1,"","","","","","","","","","","","",4.7,1,1015.1,1,995.8,1,"","","",1,7,1,7,1,6,1,"","","","","","","","","","","","","","","","","","","","","","","","","","","","",2000,1,"","",10,1,4,1,"","","","","","","","","","","","","","","","","","","","","","","","","","","","","","","","","","","","","","","","","","","","","","","","","","","","","","","","","","","","","","","","","",""
"31069001","TOULOUSE-BLAGNAC",43.621,1.378833,151,1968123000,"","","","",0.,1,0,1,"","","","","","","","","","","","","","","","","","","","","","","","","","","","",-5.8,1,-6.5,1,"","","","","","","","","","","","","","","","","","","","","","","","","","",94,1,"","","","","","","","","","","","",3.7,1,1016.3,1,996.8,1,"","","",1,9,1,"","","","","","","","","","","","","","","","","","","","","","","","","","","","","","","","",200,1,"","",47,1,4,1,"","","","","","","","","","","","","","","","","","","","","","","","","","","","","","","","","","","","","","","","","","","","","","","","","","","","","","","","","","","","","","","","","",""
"31069001","TOULOUSE-BLAGNAC",43.621,1.378833,151,1968123003,"","","","",0.,1,0,1,"","","","","","","","","","","","","","","","","","","","","","","","","","","","",-5.,1,-5.5,1,"","","","","","","","","","","","","","","","","","","","","","","","","","",95,1,"","","","","","","","","","","","",4.,1,1016.6,1,997.2,1,"","","",1,9,1,"","","","","","","","","","","","","","","","","","","","","","","","","","","","","","","","",200,1,"","",45,1,4,1,"","","","","","","","","","","","","","","","","","","","","","","","","","","","","","","","","","","","","","","","","","","","","","","","","","","","","","","","","","","","","","","","","",""
"31069001","TOULOUSE-BLAGNAC",43.621,1.378833,151,1968123006,"","","","",0.,1,0,1,"","","","","","","","","","","","","","","","","","","","","","","","","","","","",-6.6,1,-7.2,1,"","","","","","","","","","","","","","","","","","","","","","","","","","",94,1,"","","","","","","","","","","","",3.5,1,1016.7,1,997.2,1,"","","",1,9,1,"","","","","","","","","","","","","","","","","","","","","","","","","","","","","","","","",150,1,"","",47,1,4,1,"","",7,1,"","","","","","","","","","","","","","","","","","","","","","","","","","","","","","","","","","","","","","","","","","","","","","","","","","","","","","","","","","","","","",""
"31069001","TOULOUSE-BLAGNAC",43.621,1.378833,151,1968123009,"","","","",2.,1,160,1,"","","","","","","","","","","","","","","","","","","","","","","","","","","","",-6.8,1,-7.6,1,"","","","","","","","","","","","","","","","","","","","","","","","","","",93,1,"","","","","","","","","","","","",3.4,1,1017.3,1,997.7,1,"","","",1,9,1,"","","","","","","","","","","","","","","","","","","","","","","","","","","","","","","","",900,1,"","",43,1,4,1,"","","","","","","","","","","","","","","","","","","","","","","","","","","","","","","","","","","","","","","","","","","","","","","","","","","","","","","","","","","","","","","","","",""
"31069001","TOULOUSE-BLAGNAC",43.621,1.378833,151,1968123012,"","","","",2.,1,180,1,"","","","","","","","","","","","","","","","","","","","","","","","","","","","",-1.8,1,-2.4,1,"","","","","","","","","","","","","","","","","","","","","","","","","","",96,1,"","","","","","","","","","","","",5.1,1,1015.9,1,996.7,1,"","","",1,7,1,7,1,0,1,5,1,"","","","","","","","","","","","","","","","","","","","","","","","","","",3000,1,"","",10,1,4,1,"","","","","","","","","","","","","","","","","","","","","","","","","","","","","","","","","","","","","","","","","","","","","","","","","","","","","","","","","","","","","","","","","",""
"31069001","TOULOUSE-BLAGNAC",43.621,1.378833,151,1968123015,"","","","",1.,1,240,1,"","","","","","","","","","","","","","","","","","","","","","","","","","","","",0.7,1,-1.9,1,"","","","","","","","","","","","","","","","","","","","","","","","","","",82,1,"","","","","","","","","","","","",5.3,1,1014.7,1,995.7,1,"","","",1,8,1,5,1,5,1,7,1,"","","","","","","","","","","","","","","","","","","","","","","","","","",6000,1,"","",61,1,2,1,"","","","","","","","","","","","","","","","","","","","","","","","","","","","","","","","","","","","","","","","","","","","","","","","","","","","","","","","","","","","","","","","","",""
"31069001","TOULOUSE-BLAGNAC",43.621,1.378833,151,1968123018,"","","","",5.,1,280,1,"","","","","","","","","","","","","","","","","","","","","","","","","","","","",1.8,1,0.2,1,"","","","","","","","","","","","","","","","","","","","","","","","","","",89,1,"","","","","","","","","","","","",6.2,1,1016.6,1,997.7,1,"","","",1,8,1,6,1,5,1,7,1,"","","","","","","","","","","","","","","","","","","","","","","","","","",15000,1,"","",21,1,2,1,"","","","","","","","","","","","","","","","","","","","","","","","","","","","","","","","","","","","","","","","","","","","","","","","","","","","","","","","","","","","","","","","","",""
"31069001","TOULOUSE-BLAGNAC",43.621,1.378833,151,1968123021,"","","","",4.,1,300,1,"","","","","","","","","","","","","","","","","","","","","","","","","","","","",0.5,1,-1.2,1,"","","","","","","","","","","","","","","","","","","","","","","","","","",88,1,"","","","","","","","","","","","",5.6,1,1020.2,1,1001.1,1,"","","",1,8,1,8,1,5,1,"","","","","","","","","","","","","","","","","","","","","","","","","","","","",15000,1,"","",2,1,2,1,"","","","","","","","","","","","","","","","","","","","","","","","","","","","","","","","","","","","","","","","","","","","","","","","","","","","","","","","","","","","","","","","","",""
"31069001","TOULOUSE-BLAGNAC",43.621,1.378833,151,1968123100,"","","","",3.,1,300,1,"","","","","","","","","","","","","","","","","","","","","","","","","","","","",0.,1,-2.9,1,"","","","","","","","","","","","","","","","","","","","","","","","","","","","","","","","","","","","","","","","",4.9,1,"","",1003.3,1,"","","","",6,1,6,1,5,1,0,1,0,1,"","","","","","","","","","","","","","","","","","","","","","","","",10000,1,"","",1,1,2,1,"","","","","","","","","","","","","","","","","","","","","","","","","","","","","","","","","","","","","","","","","","","","","","","","","","","","","","","","","","","","","","","","","",""
"31069001","TOULOUSE-BLAGNAC",43.621,1.378833,151,1968123103,"","","","",0.,1,0,1,"","","","","","","","","","","","","","","","","","","","","","","","","","","","",-1.,1,-2.1,1,"","","","","","","","","","","","","","","","","","","","","","","","","","",92,1,"","","","","","","","","","","","",5.2,1,1024.2,1,1004.9,1,"","","",1,8,1,8,1,5,1,"","","","","","","","","","","","","","","","","","","","","","","","","","","","",10000,1,"","",2,1,2,1,"","","","","","","","","","","","","","","","","","","","","","","","","","","","","","","","","","","","","","","","","","","","","","","","","","","","","","","","","","","","","","","","","",""
"31069001","TOULOUSE-BLAGNAC",43.621,1.378833,151,1968123106,"","","","",3.,1,260,1,"","","","","","","","","","","","","","","","","","","","","","","","","","","","",-3.7,1,-4.3,1,"","","","","","","","","","","","","","","","","","","","","","","","","","",95,1,"","","","","","","","","","","","",4.4,1,1025.4,1,1005.9,1,"","","",1,0,1,"","",0,1,0,1,0,1,"","","","","","","","","","","","","","","","","","","","","","","","",10000,1,"","",2,1,1,1,"","",3,1,"","","","","","","","","","","","","","","","","","","","","","","","","","","","","","","","","","","","","","","","","","","","","","","","","","","","","","","","","","","","","",""
"31069001","TOULOUSE-BLAGNAC",43.621,1.378833,151,1968123109,"","","","",2.,1,260,1,"","","","","","","","","","","","","","","","","","","","","","","","","","","","",-3.,1,-4.6,1,"","","","","","","","","","","","","","","","","","","","","","","","","","",89,1,"","","","","","","","","","","","",4.3,1,1028.,1,1008.5,1,"","","",1,0,1,"","",0,1,0,1,0,1,"","","","","","","","","","","","","","","","","","","","","","","","",7000,1,"","",2,1,0,1,"","","","","","","","","","","","","","","","","","","","","","","","","","","","","","","","","","","","","","","","","","","","","","","","","","","","","","","","","","","","","","","","","",""
"31069001","TOULOUSE-BLAGNAC",43.621,1.378833,151,1968123112,"","","","",4.,1,300,1,"","","","","","","","","","","","","","","","","","","","","","","","","","","","",-0.9,1,-5.5,1,"","","","","","","","","","","","","","","","","","","","","","","","","","",71,1,"","","","","","","","","","","","",4.,1,1028.9,1,1009.5,1,"","","",1,5,1,0,1,8,1,0,1,0,1,"","","","","","","","","","","","","","","","","","","","","","","","",15000,1,"","",3,1,1,1,"","","","","","","","","","","","","","","","","","","","","","","","","","","","","","","","","","","","","","","","","","","","","","","","","","","","","","","","","","","","","","","","","",""
"31069001","TOULOUSE-BLAGNAC",43.621,1.378833,151,1968123115,"","","","",4.,1,300,1,"","","","","","","","","","","","","","","","","","","","","","","","","","","","",-0.9,1,-5.5,1,"","","","","","","","","","","","","","","","","","","","","","","","","","",71,1,"","","","","","","","","","","","",4.,1,1029.5,1,1010.1,1,"","","",1,6,1,6,1,5,1,0,1,0,1,"","","","","","","","","","","","","","","","","","","","","","","","",15000,1,"","",2,1,2,1,"","","","","","","","","","","","","","","","","","","","","","","","","","","","","","","","","","","","","","","","","","","","","","","","","","","","","","","","","","","","","","","","","",""
"31069001","TOULOUSE-BLAGNAC",43.621,1.378833,151,1968123118,"","","","",1.,1,260,1,"","","","","","","","","","","","","","","","","","","","","","","","","","","","",-3.6,1,-5.2,1,"","","","","","","","","","","","","","","","","","","","","","","","","","",88,1,"","","","","","","","","","","","",4.1,1,1031.2,1,1011.6,1,"","","",1,1,1,0,1,5,1,0,1,0,1,"","","","","","","","","","","","","","","","","","","","","","","","",10000,1,"","",1,1,1,1,"","","","","","","","","","","","","","","","","","","","","","","","","","","","","","","","","","","","","","","","","","","","","","","","","","","","","","","","","","","","","","","","","",""
"31069001","TOULOUSE-BLAGNAC",43.621,1.378833,151,1968123121,"","","","",1.,1,280,1,"","","","","","","","","","","","","","","","","","","","","","","","","","","","",-4.8,1,-5.9,1,"","","","","","","","","","","","","","","","","","","","","","","","","","",91,1,"","","","","","","","","","","","",3.9,1,1032.4,1,1012.7,1,"","","",1,0,1,"","",0,1,0,1,0,1,"","","","","","","","","","","","","","","","","","","","","","","","",10000,1,"","",2,1,0,1,"","","","","","","","","","","","","","","","","","","","","","","","","","","","","","","","","","","","","","","","","","","","","","","","","","","","","","","","","","","","","","","","","",""
