"NUM_POSTE","NOM_USUEL","LAT","LON","ALTI","AAAAMMJJHH","RR1","QRR1","DRR1","QDRR1","FF","QFF","DD","QDD","FXY","QFXY","DXY","QDXY","HXY","QHXY","FXI","QFXI","DXI","QDXI","HXI","QHXI","FF2","QFF2","DD2","QDD2","FXI2","QFXI2","DXI2","QDXI2","HXI2","QHXI2","FXI3S","QFXI3S","DXI3S","QDXI3S","HFXI3S","QHFXI3S","T","QT","TD","QTD","TN","QTN","HTN","QHTN","TX","QTX","HTX","QHTX","DG","QDG","T10","QT10","T20","QT20","T50","QT50","T100","QT100","TNSOL","QTNSOL","TN50","QTN50","TCHAUSSEE","QTCHAUSSEE","DHUMEC","QDHUMEC","U","QU","UN","QUN","HUN","QHUN","UX","QUX","HUX","QHUX","DHUMI40","QDHUMI40","DHUMI80","QDHUMI80","TSV","QTSV","PMER","QPMER","PSTAT","QPSTAT","PMERMIN","QPMERMIN","GEOP","QGEOP","N","QN","NBAS","QNBAS","CL","QCL","CM","QCM","CH","QCH","N1","QN1","C1","QC1","B1","QB1","N2","QN2","C2","QC2","B2","QB2","N3","QN3","C3","QC3","B3","QB3","N4","QN4","C4","QC4","B4","QB4","VV","QVV","DVV200","QDVV200","WW","QWW","W1","QW1","W2","QW2","SOL","QSOL","SOLNG","QSOLNG","TMER","QTMER","VVMER","QVVMER","ETATMER","QETATMER","DIRHOULE","QDIRHOULE","HVAGUE","QHVAGUE","PVAGUE","QPVAGUE","HNEIGEF","QHNEIGEF","NEIGETOT","QNEIGETOT","TSNEIGE","QTSNEIGE","TUBENEIGE","QTUBENEIGE","HNEIGEFI3","QHNEIGEFI3","HNEIGEFI1","QHNEIGEFI1","ESNEIGE","QESNEIGE","CHARGENEIGE","QCHARGENEIGE","GLO","QGLO","GLO2","QGLO2","DIR","QDIR","DIR2","QDIR2","DIF","QDIF","DIF2","QDIF2","UV","QUV","UV2","QUV2","UV_INDICE","QUV_INDICE","INFRAR","QINFRAR","INFRAR2","QINFRAR2","INS","QINS","INS2","QINS2","TLAGON","QTLAGON","TVEGETAUX","QTVEGETAUX","ECOULEMENT","QECOULEMENT"
"59183001","DUNKERQUE",51.055833,2.3395,11,1892010107,"","","","","","","","","","","","","","","","","","","","","","","","","","","","","","","","","","","","",5.4,9,4.1,9,"","","","","","","","","","","","","","","","","","","","","","","","","","",91,9,"","","","","","","","","","","","",8.2,9,989.9,9,987.6,9,"","","","","","","","","","","","","","","","","","","","","","","","","","","","","","","","","","","","","","","","","","","","","","","","","","","","","","","","","","","","","","","","","","","","","","","","","","","","","","","","","","","","","","","","","","","","","","","","","","","","","","","","","","","","","","","",""
"59183001","DUNKERQUE",51.055833,2.3395,11,1892010110,"","","","","","","","","","","","","","","","","","","","","","","","","","","","","","","","","","","","",6.,9,4.1,9,"","","","","","","","","","","","","","","","","","","","","","","","","","",88,9,"","","","","","","","","","","","",8.2,9,991.5,9,989.2,9,"","","","","","","","","","","","","","","","","","","","","","","","","","","","","","","","","","","","","","","","","","","","","","","","","","","","","","","","","","","","","","","","","","","","","","","","","","","","","","","","","","","","","","","","","","","","","","","","","","","","","","","","","","","","","","","",""
"59183001","DUNKERQUE",51.055833,2.3395,11,1892010112,"","","","","","","","","","","","","","","","","","","","","","","","","","","","","","","","","","","","",7.,9,2.1,9,"","","","","","","","","","","","","","","","","","","","","","","","","","",71,9,"","","","","","","","","","","","",7.1,9,992.,9,989.7,9,"","","","","","","","","","","","","","","","","","","","","","","","","","","","","","","","","","","","","","","","","","","","","","","","","","","","","","","","","","","","","","","","","","","","","","","","","","","","","","","","","","","","","","","","","","","","","","","","","","","","","","","","","","","","","","","",""
"59183001","DUNKERQUE",51.055833,2.3395,11,1892010116,"","","","","","","","","","","","","","","","","","","","","","","","","","","","","","","","","","","","",6.2,9,2.9,9,"","","","","","","","","","","","","","","","","","","","","","","","","","",79,9,"","","","","","","","","","","","",7.5,9,992.8,9,990.5,9,"","","","","","","","","","","","","","","","","","","","","","","","","","","","","","","","","","","","","","","","","","","","","","","","","","","","","","","","","","","","","","","","","","","","","","","","","","","","","","","","","","","","","","","","","","","","","","","","","","","","","","","","","","","","","","","",""
"59183001","DUNKERQUE",51.055833,2.3395,11,1892010120,"","","","","","","","","","","","","","","","","","","","","","","","","","","","","","","","","","","","",6.,9,2.7,9,"","","","","","","","","","","","","","","","","","","","","","","","","","",79,9,"","","","","","","","","","","","",7.4,9,995.4,9,993.1,9,"","","","","","","","","","","","","","","","","","","","","","","","","","","","","","","","","","","","","","","","","","","","","","","","","","","","","","","","","","","","","","","","","","","","","","","","","","","","","","","","","","","","","","","","","","","","","","","","","","","","","","","","","","","","","","","",""
"59183001","DUNKERQUE",51.055833,2.3395,11,1892010207,"","","","","","","","","","","","","","","","","","","","","","","","","","","","","","","","","","","","",6.2,9,2.9,9,"","","","","","","","","","","","","","","","","","","","","","","","","","",79,9,"","","","","","","","","","","","",7.5,9,1002.5,9,1000.2,9,"","","","","","","","","","","","","","","","","","","","","","","","","","","","","","","","","","","","","","","","","","","","","","","","","","","","","","","","","","","","","","","","","","","","","","","","","","","","","","","","","","","","","","","","","","","","","","","","","","","","","","","","","","","","","","","",""
"59183001","DUNKERQUE",51.055833,2.3395,11,1892010210,"","","","","","","","","","","","","","","","","","","","","","","","","","","","","","","","","","","","",6.5,9,2.5,9,"","","","","","","","","","","","","","","","","","","","","","","","","","",75,9,"","","","","","","","","","","","",7.3,9,1003.8,9,1001.5,9,"","","","","","","","","","","","","","","","","","","","","","","","","","","","","","","","","","","","","","","","","","","","","","","","","","","","","","","","","","","","","","","","","","","","","","","","","","","","","","","","","","","","","","","","","","","","","","","","","","","","","","","","","","","","","","","",""
"59183001","DUNKERQUE",51.055833,2.3395,11,1892010212,"","","","","","","","","","","","","","","","","","","","","","","","","","","","","","","","","","","","",6.2,9,2.9,9,"","","","","","","","","","","","","","","","","","","","","","","","","","",79,9,"","","","","","","","","","","","",7.5,9,1003.8,9,1001.5,9,"","","","","","","","","","","","","","","","","","","","","","","","","","","","","","","","","","","","","","","","","","","","","","","","","","","","","","","","","","","","","","","","","","","","","","","","","","","","","","","","","","","","","","","","","","","","","","","","","","","","","","","","","","","","","","","",""
"59183001","DUNKERQUE",51.055833,2.3395,11,1892010216,"","","","","","","","","","","","","","","","","","","","","","","","","","","","","","","","","","","","",5.2,9,1.7,9,"","","","","","","","","","","","","","","","","","","","","","","","","","",78,9,"","","","","","","","","","","","",6.9,9,1003.7,9,1001.4,9,"","","","","","","","","","","","","","","","","","","","","","","","","","","","","","","","","","","","","","","","","","","","","","","","","","","","","","","","","","","","","","","","","","","","","","","","","","","","","","","","","","","","","","","","","","","","","","","","","","","","","","","","","","","","","","","",""
"59183001","DUNKERQUE",51.055833,2.3395,11,1892010220,"","","","","","","","","","","","","","","","","","","","","","","","","","","","","","","","","","","","",4.,9,2.1,9,"","","","","","","","","","","","","","","","","","","","","","","","","","",87,9,"","","","","","","","","","","","",7.1,9,1003.8,9,1001.5,9,"","","","","","","","","","","","","","","","","","","","","","","","","","","","","","","","","","","","","","","","","","","","","","","","","","","","","","","","","","","","","","","","","","","","","","","","","","","","","","","","","","","","","","","","","","","","","","","","","","","","","","","","","","","","","","","",""
"59183001","DUNKERQUE",51.055833,2.3395,11,1892010307,"","","","","","","","","","","","","","","","","","","","","","","","","","","","","","","","","","","","",6.2,9,3.4,9,"","","","","","","","","","","","","","","","","","","","","","","","","","",82,9,"","","","","","","","","","","","",7.8,9,1000.7,9,998.4,9,"","","","","","","","","","","","","","","","","","","","","","","","","","","","","","","","","","","","","","","","","","","","","","","","","","","","","","","","","","","","","","","","","","","","","","","","","","","","","","","","","","","","","","","","","","","","","","","","","","","","","","","","","","","","","","","",""
"59183001","DUNKERQUE",51.055833,2.3395,11,1892010310,"","","","","","","","","","","","","","","","","","","","","","","","","","","","","","","","","","","","",6.8,9,3.6,9,"","","","","","","","","","","","","","","","","","","","","","","","","","",80,9,"","","","","","","","","","","","",7.9,9,1000.7,9,998.4,9,"","","","","","","","","","","","","","","","","","","","","","","","","","","","","","","","","","","","","","","","","","","","","","","","","","","","","","","","","","","","","","","","","","","","","","","","","","","","","","","","","","","","","","","","","","","","","","","","","","","","","","","","","","","","","","","",""
"59183001","DUNKERQUE",51.055833,2.3395,11,1892010312,"","","","","","","","","","","","","","","","","","","","","","","","","","","","","","","","","","","","",7.,9,2.7,9,"","","","","","","","","","","","","","","","","","","","","","","","","","",74,9,"","","","","","","","","","","","",7.4,9,1000.7,9,998.4,9,"","","","","","","","","","","","","","","","","","","","","","","","","","","","","","","","","","","","","","","","","","","","","","","","","","","","","","","","","","","","","","","","","","","","","","","","","","","","","","","","","","","","","","","","","","","","","","","","","","","","","","","","","","","","","","","",""
"59183001","DUNKERQUE",51.055833,2.3395,11,1892010316,"","","","","","","","","","","","","","","","","","","","","","","","","","","","","","","","","","","","",5.4,9,1.9,9,"","","","","","","","","","","","","","","","","","","","","","","","","","",78,9,"","","","","","","","","","","","",7.,9,999.7,9,997.4,9,"","","","","","","","","","","","","","","","","","","","","","","","","","","","","","","","","","","","","","","","","","","","","","","","","","","","","","","","","","","","","","","","","","","","","","","","","","","","","","","","","","","","","","","","","","","","","","","","","","","","","","","","","","","","","","","",""
"59183001","DUNKERQUE",51.055833,2.3395,11,1892010320,"","","","","","","","","","","","","","","","","","","","","","","","","","","","","","","","","","","","",4.,9,2.1,9,"","","","","","","","","","","","","","","","","","","","","","","","","","",87,9,"","","","","","","","","","","","",7.1,9,999.8,9,997.5,9,"","","","","","","","","","","","","","","","","","","","","","","","","","","","","","","","","","","","","","","","","","","","","","","","","","","","","","","","","","","","","","","","","","","","","","","","","","","","","","","","","","","","","","","","","","","","","","","","","","","","","","","","","","","","","","","",""
"59183001","DUNKERQUE",51.055833,2.3395,11,1892010407,"","","","","","","","","","","","","","","","","","","","","","","","","","","","","","","","","","","","",2.2,9,0.6,9,"","","","","","","","","","","","","","","","","","","","","","","","","","",89,9,"","","","","","","","","","","","",6.4,9,998.8,9,996.5,9,"","","","","","","","","","","","","","","","","","","","","","","","","","","","","","","","","","","","","","","","","","","","","","","","","","","","","","","","","","","","","","","","","","","","","","","","","","","","","","","","","","","","","","","","","","","","","","","","","","","","","","","","","","","","","","","",""
"59183001","DUNKERQUE",51.055833,2.3395,11,1892010410,"","","","","","","","","","","","","","","","","","","","","","","","","","","","","","","","","","","","",3.,9,3.,9,"","","","","","","","","","","","","","","","","","","","","","","","","","",100,9,"","","","","","","","","","","","",7.6,9,998.7,9,996.4,9,"","","","","","","","","","","","","","","","","","","","","","","","","","","","","","","","","","","","","","","","","","","","","","","","","","","","","","","","","","","","","","","","","","","","","","","","","","","","","","","","","","","","","","","","","","","","","","","","","","","","","","","","","","","","","","","",""
"59183001","DUNKERQUE",51.055833,2.3395,11,1892010412,"","","","","","","","","","","","","","","","","","","","","","","","","","","","","","","","","","","","",3.2,9,2.1,9,"","","","","","","","","","","","","","","","","","","","","","","","","","",93,9,"","","","","","","","","","","","",7.1,9,998.7,9,996.4,9,"","","","","","","","","","","","","","","","","","","","","","","","","","","","","","","","","","","","","","","","","","","","","","","","","","","","","","","","","","","","","","","","","","","","","","","","","","","","","","","","","","","","","","","","","","","","","","","","","","","","","","","","","","","","","","","",""
"59183001","DUNKERQUE",51.055833,2.3395,11,1892010416,"","","","","","","","","","","","","","","","","","","","","","","","","","","","","","","","","","","","",4.,9,3.6,9,"","","","","","","","","","","","","","","","","","","","","","","","","","",97,9,"","","","","","","","","","","","",7.9,9,998.7,9,996.4,9,"","","","","","","","","","","","","","","","","","","","","","","","","","","","","","","","","","","","","","","","","","","","","","","","","","","","","","","","","","","","","","","","","","","","","","","","","","","","","","","","","","","","","","","","","","","","","","","","","","","","","","","","","","","","","","","",""
"59183001","DUNKERQUE",51.055833,2.3395,11,1892010420,"","","","","","","","","","","","","","","","","","","","","","","","","","","","","","","","","","","","",2.8,9,2.3,9,"","","","","","","","","","","","","","","","","","","","","","","","","","",96,9,"","","","","","","","","","","","",7.2,9,998.7,9,996.4,9,"","","","","","","","","","","","","","","","","","","","","","","","","","","","","","","","","","","","","","","","","","","","","","","","","","","","","","","","","","","","","","","","","","","","","","","","","","","","","","","","","","","","","","","","","","","","","","","","","","","","","","","","","","","","","","","",""
"59183001","DUNKERQUE",51.055833,2.3395,11,1892010507,"","","","","","","","","","","","","","","","","","","","","","","","","","","","","","","","","","","","",0.8,9,-1.,9,"","","","","","","","","","","","","","","","","","","","","","","","","","",88,9,"","","","","","","","","","","","",5.7,9,998.9,9,996.5,9,"","","","","","","","","","","","","","","","","","","","","","","","","","","","","","","","","","","","","","","","","","","","","","","","","","","","","","","","","","","","","","","","","","","","","","","","","","","","","","","","","","","","","","","","","","","","","","","","","","","","","","","","","","","","","","","",""
"59183001","DUNKERQUE",51.055833,2.3395,11,1892010510,"","","","","","","","","","","","","","","","","","","","","","","","","","","","","","","","","","","","",1.2,9,0.6,9,"","","","","","","","","","","","","","","","","","","","","","","","","","",96,9,"","","","","","","","","","","","",6.4,9,998.8,9,996.4,9,"","","","","","","","","","","","","","","","","","","","","","","","","","","","","","","","","","","","","","","","","","","","","","","","","","","","","","","","","","","","","","","","","","","","","","","","","","","","","","","","","","","","","","","","","","","","","","","","","","","","","","","","","","","","","","","",""
"59183001","DUNKERQUE",51.055833,2.3395,11,1892010512,"","","","","","","","","","","","","","","","","","","","","","","","","","","","","","","","","","","","",4.,9,-1.7,9,"","","","","","","","","","","","","","","","","","","","","","","","","","",67,9,"","","","","","","","","","","","",5.4,9,998.2,9,995.9,9,"","","","","","","","","","","","","","","","","","","","","","","","","","","","","","","","","","","","","","","","","","","","","","","","","","","","","","","","","","","","","","","","","","","","","","","","","","","","","","","","","","","","","","","","","","","","","","","","","","","","","","","","","","","","","","","",""
"59183001","DUNKERQUE",51.055833,2.3395,11,1892010516,"","","","","","","","","","","","","","","","","","","","","","","","","","","","","","","","","","","","",3.8,9,2.3,9,"","","","","","","","","","","","","","","","","","","","","","","","","","",90,9,"","","","","","","","","","","","",7.2,9,993.1,9,990.8,9,"","","","","","","","","","","","","","","","","","","","","","","","","","","","","","","","","","","","","","","","","","","","","","","","","","","","","","","","","","","","","","","","","","","","","","","","","","","","","","","","","","","","","","","","","","","","","","","","","","","","","","","","","","","","","","","",""
"59183001","DUNKERQUE",51.055833,2.3395,11,1892010520,"","","","","","","","","","","","","","","","","","","","","","","","","","","","","","","","","","","","",3.4,9,2.3,9,"","","","","","","","","","","","","","","","","","","","","","","","","","",93,9,"","","","","","","","","","","","",7.2,9,987.9,9,985.6,9,"","","","","","","","","","","","","","","","","","","","","","","","","","","","","","","","","","","","","","","","","","","","","","","","","","","","","","","","","","","","","","","","","","","","","","","","","","","","","","","","","","","","","","","","","","","","","","","","","","","","","","","","","","","","","","","",""
"59183001","DUNKERQUE",51.055833,2.3395,11,1892010607,"","","","","","","","","","","","","","","","","","","","","","","","","","","","","","","","","","","","",5.2,9,2.9,9,"","","","","","","","","","","","","","","","","","","","","","","","","","",85,9,"","","","","","","","","","","","",7.5,9,981.1,9,978.8,9,"","","","","","","","","","","","","","","","","","","","","","","","","","","","","","","","","","","","","","","","","","","","","","","","","","","","","","","","","","","","","","","","","","","","","","","","","","","","","","","","","","","","","","","","","","","","","","","","","","","","","","","","","","","","","","","",""
"59183001","DUNKERQUE",51.055833,2.3395,11,1892010610,"","","","","","","","","","","","","","","","","","","","","","","","","","","","","","","","","","","","",7.2,9,2.5,9,"","","","","","","","","","","","","","","","","","","","","","","","","","",72,9,"","","","","","","","","","","","",7.3,9,980.,9,977.7,9,"","","","","","","","","","","","","","","","","","","","","","","","","","","","","","","","","","","","","","","","","","","","","","","","","","","","","","","","","","","","","","","","","","","","","","","","","","","","","","","","","","","","","","","","","","","","","","","","","","","","","","","","","","","","","","","",""
"59183001","DUNKERQUE",51.055833,2.3395,11,1892010612,"","","","","","","","","","","","","","","","","","","","","","","","","","","","","","","","","","","","",3.8,9,1.9,9,"","","","","","","","","","","","","","","","","","","","","","","","","","",87,9,"","","","","","","","","","","","",7.,9,978.6,9,976.3,9,"","","","","","","","","","","","","","","","","","","","","","","","","","","","","","","","","","","","","","","","","","","","","","","","","","","","","","","","","","","","","","","","","","","","","","","","","","","","","","","","","","","","","","","","","","","","","","","","","","","","","","","","","","","","","","","",""
"59183001","DUNKERQUE",51.055833,2.3395,11,1892010616,"","","","","","","","","","","","","","","","","","","","","","","","","","","","","","","","","","","","",3.4,9,-0.3,9,"","","","","","","","","","","","","","","","","","","","","","","","","","",77,9,"","","","","","","","","","","","",6.,9,978.4,9,976.1,9,"","","","","","","","","","","","","","","","","","","","","","","","","","","","","","","","","","","","","","","","","","","","","","","","","","","","","","","","","","","","","","","","","","","","","","","","","","","","","","","","","","","","","","","","","","","","","","","","","","","","","","","","","","","","","","","",""
"59183001","DUNKERQUE",51.055833,2.3395,11,1892010620,"","","","","","","","","","","","","","","","","","","","","","","","","","","","","","","","","","","","",2.8,9,-2.2,9,"","","","","","","","","","","","","","","","","","","","","","","","","","",69,9,"","","","","","","","","","","","",5.2,9,979.4,9,977.1,9,"","","","","","","","","","","","","","","","","","","","","","","","","","","","","","","","","","","","","","","","","","","","","","","","","","","","","","","","","","","","","","","","","","","","","","","","","","","","","","","","","","","","","","","","","","","","","","","","","","","","","","","","","","","","","","","",""
"59183001","DUNKERQUE",51.055833,2.3395,11,1892010707,"","","","","","","","","","","","","","","","","","","","","","","","","","","","","","","","","","","","",1.8,9,-1.,9,"","","","","","","","","","","","","","","","","","","","","","","","","","",82,9,"","","","","","","","","","","","",5.7,9,980.4,9,978.1,9,"","","","","","","","","","","","","","","","","","","","","","","","","","","","","","","","","","","","","","","","","","","","","","","","","","","","","","","","","","","","","","","","","","","","","","","","","","","","","","","","","","","","","","","","","","","","","","","","","","","","","","","","","","","","","","","",""
"59183001","DUNKERQUE",51.055833,2.3395,11,1892010710,"","","","","","","","","","","","","","","","","","","","","","","","","","","","","","","","","","","","",2.8,9,-0.5,9,"","","","","","","","","","","","","","","","","","","","","","","","","","",79,9,"","","","","","","","","","","","",5.9,9,980.3,9,978.,9,"","","","","","","","","","","","","","","","","","","","","","","","","","","","","","","","","","","","","","","","","","","","","","","","","","","","","","","","","","","","","","","","","","","","","","","","","","","","","","","","","","","","","","","","","","","","","","","","","","","","","","","","","","","","","","","",""
"59183001","DUNKERQUE",51.055833,2.3395,11,1892010712,"","","","","","","","","","","","","","","","","","","","","","","","","","","","","","","","","","","","",4.,9,-2.,9,"","","","","","","","","","","","","","","","","","","","","","","","","","",65,9,"","","","","","","","","","","","",5.3,9,980.,9,977.7,9,"","","","","","","","","","","","","","","","","","","","","","","","","","","","","","","","","","","","","","","","","","","","","","","","","","","","","","","","","","","","","","","","","","","","","","","","","","","","","","","","","","","","","","","","","","","","","","","","","","","","","","","","","","","","","","","",""
"59183001","DUNKERQUE",51.055833,2.3395,11,1892010716,"","","","","","","","","","","","","","","","","","","","","","","","","","","","","","","","","","","","",2.6,9,-2.,9,"","","","","","","","","","","","","","","","","","","","","","","","","","",72,9,"","","","","","","","","","","","",5.3,9,979.6,9,977.3,9,"","","","","","","","","","","","","","","","","","","","","","","","","","","","","","","","","","","","","","","","","","","","","","","","","","","","","","","","","","","","","","","","","","","","","","","","","","","","","","","","","","","","","","","","","","","","","","","","","","","","","","","","","","","","","","","",""
"59183001","DUNKERQUE",51.055833,2.3395,11,1892010720,"","","","","","","","","","","","","","","","","","","","","","","","","","","","","","","","","","","","",2.,9,-3.9,9,"","","","","","","","","","","","","","","","","","","","","","","","","","",65,9,"","","","","","","","","","","","",4.6,9,978.6,9,976.3,9,"","","","","","","","","","","","","","","","","","","","","","","","","","","","","","","","","","","","","","","","","","","","","","","","","","","","","","","","","","","","","","","","","","","","","","","","","","","","","","","","","","","","","","","","","","","","","","","","","","","","","","","","","","","","","","","",""
"59183001","DUNKERQUE",51.055833,2.3395,11,1892010807,"","","","","","","","","","","","","","","","","","","","","","","","","","","","","","","","","","","","",2.,9,0.,9,"","","","","","","","","","","","","","","","","","","","","","","","","","",86,9,"","","","","","","","","","","","",6.1,9,975.,9,972.7,9,"","","","","","","","","","","","","","","","","","","","","","","","","","","","","","","","","","","","","","","","","","","","","","","","","","","","","","","","","","","","","","","","","","","","","","","","","","","","","","","","","","","","","","","","","","","","","","","","","","","","","","","","","","","","","","","",""
"59183001","DUNKERQUE",51.055833,2.3395,11,1892010810,"","","","","","","","","","","","","","","","","","","","","","","","","","","","","","","","","","","","",1.2,9,-1.7,9,"","","","","","","","","","","","","","","","","","","","","","","","","","",81,9,"","","","","","","","","","","","",5.4,9,980.3,9,978.,9,"","","","","","","","","","","","","","","","","","","","","","","","","","","","","","","","","","","","","","","","","","","","","","","","","","","","","","","","","","","","","","","","","","","","","","","","","","","","","","","","","","","","","","","","","","","","","","","","","","","","","","","","","","","","","","","",""
"59183001","DUNKERQUE",51.055833,2.3395,11,1892010812,"","","","","","","","","","","","","","","","","","","","","","","","","","","","","","","","","","","","",2.,9,-2.,9,"","","","","","","","","","","","","","","","","","","","","","","","","","",75,9,"","","","","","","","","","","","",5.3,9,980.3,9,978.,9,"","","","","","","","","","","","","","","","","","","","","","","","","","","","","","","","","","","","","","","","","","","","","","","","","","","","","","","","","","","","","","","","","","","","","","","","","","","","","","","","","","","","","","","","","","","","","","","","","","","","","","","","","","","","","","","",""
"59183001","DUNKERQUE",51.055833,2.3395,11,1892010816,"","","","","","","","","","","","","","","","","","","","","","","","","","","","","","","","","","","","",0.4,9,-1.2,9,"","","","","","","","","","","","","","","","","","","","","","","","","","",89,9,"","","","","","","","","","","","",5.6,9,979.4,9,977.1,9,"","","","","","","","","","","","","","","","","","","","","","","","","","","","","","","","","","","","","","","","","","","","","","","","","","","","","","","","","","","","","","","","","","","","","","","","","","","","","","","","","","","","","","","","","","","","","","","","","","","","","","","","","","","","","","","",""
"59183001","DUNKERQUE",51.055833,2.3395,11,1892010820,"","","","","","","","","","","","","","","","","","","","","","","","","","","","","","","","","","","","",-2.,9,-4.5,9,"","","","","","","","","","","","","","","","","","","","","","","","","","",84,9,"","","","","","","","","","","","",4.4,9,981.6,9,979.3,9,"","","","","","","","","","","","","","","","","","","","","","","","","","","","","","","","","","","","","","","","","","","","","","","","","","","","","","","","","","","","","","","","","","","","","","","","","","","","","","","","","","","","","","","","","","","","","","","","","","","","","","","","","","","","","","","",""
"59183001","DUNKERQUE",51.055833,2.3395,11,1892010907,"","","","","","","","","","","","","","","","","","","","","","","","","","","","","","","","","","","","",-3.5,9,-5.1,9,"","","","","","","","","","","","","","","","","","","","","","","","","","",89,9,"","","","","","","","","","","","",4.2,9,982.9,9,980.5,9,"","","","","","","","","","","","","","","","","","","","","","","","","","","","","","","","","","","","","","","","","","","","","","","","","","","","","","","","","","","","","","","","","","","","","","","","","","","","","","","","","","","","","","","","","","","","","","","","","","","","","","","","","","","","","","","",""
"59183001","DUNKERQUE",51.055833,2.3395,11,1892010910,"","","","","","","","","","","","","","","","","","","","","","","","","","","","","","","","","","","","",-3.,9,-3.6,9,"","","","","","","","","","","","","","","","","","","","","","","","","","",96,9,"","","","","","","","","","","","",4.7,9,982.6,9,980.2,9,"","","","","","","","","","","","","","","","","","","","","","","","","","","","","","","","","","","","","","","","","","","","","","","","","","","","","","","","","","","","","","","","","","","","","","","","","","","","","","","","","","","","","","","","","","","","","","","","","","","","","","","","","","","","","","","",""
"59183001","DUNKERQUE",51.055833,2.3395,11,1892010912,"","","","","","","","","","","","","","","","","","","","","","","","","","","","","","","","","","","","",-1.4,9,-4.5,9,"","","","","","","","","","","","","","","","","","","","","","","","","","",79,9,"","","","","","","","","","","","",4.4,9,981.6,9,979.3,9,"","","","","","","","","","","","","","","","","","","","","","","","","","","","","","","","","","","","","","","","","","","","","","","","","","","","","","","","","","","","","","","","","","","","","","","","","","","","","","","","","","","","","","","","","","","","","","","","","","","","","","","","","","","","","","","",""
"59183001","DUNKERQUE",51.055833,2.3395,11,1892010916,"","","","","","","","","","","","","","","","","","","","","","","","","","","","","","","","","","","","",-3.6,9,-4.8,9,"","","","","","","","","","","","","","","","","","","","","","","","","","",91,9,"","","","","","","","","","","","",4.3,9,982.3,9,979.9,9,"","","","","","","","","","","","","","","","","","","","","","","","","","","","","","","","","","","","","","","","","","","","","","","","","","","","","","","","","","","","","","","","","","","","","","","","","","","","","","","","","","","","","","","","","","","","","","","","","","","","","","","","","","","","","","","",""
"59183001","DUNKERQUE",51.055833,2.3395,11,1892010920,"","","","","","","","","","","","","","","","","","","","","","","","","","","","","","","","","","","","",-4.8,9,-5.4,9,"","","","","","","","","","","","","","","","","","","","","","","","","","",95,9,"","","","","","","","","","","","",4.1,9,981.8,9,979.4,9,"","","","","","","","","","","","","","","","","","","","","","","","","","","","","","","","","","","","","","","","","","","","","","","","","","","","","","","","","","","","","","","","","","","","","","","","","","","","","","","","","","","","","","","","","","","","","","","","","","","","","","","","","","","","","","","",""
"59183001","DUNKERQUE",51.055833,2.3395,11,1892011007,"","","","","","","","","","","","","","","","","","","","","","","","","","","","","","","","","","","","",-3.2,9,-3.9,9,"","","","","","","","","","","","","","","","","","","","","","","","","","",96,9,"","","","","","","","","","","","",4.6,9,981.6,9,979.2,9,"","","","","","","","","","","","","","","","","","","","","","","","","","","","","","","","","","","","","","","","","","","","","","","","","","","","","","","","","","","","","","","","","","","","","","","","","","","","","","","","","","","","","","","","","","","","","","","","","","","","","","","","","","","","","","","",""
"59183001","DUNKERQUE",51.055833,2.3395,11,1892011010,"","","","","","","","","","","","","","","","","","","","","","","","","","","","","","","","","","","","",-2.4,9,-4.2,9,"","","","","","","","","","","","","","","","","","","","","","","","","","",88,9,"","","","","","","","","","","","",4.5,9,982.2,9,979.9,9,"","","","","","","","","","","","","","","","","","","","","","","","","","","","","","","","","","","","","","","","","","","","","","","","","","","","","","","","","","","","","","","","","","","","","","","","","","","","","","","","","","","","","","","","","","","","","","","","","","","","","","","","","","","","","","","",""
"59183001","DUNKERQUE",51.055833,2.3395,11,1892011012,"","","","","","","","","","","","","","","","","","","","","","","","","","","","","","","","","","","","",-1.2,9,-2.2,9,"","","","","","","","","","","","","","","","","","","","","","","","","","",92,9,"","","","","","","","","","","","",5.2,9,982.2,9,979.9,9,"","","","","","","","","","","","","","","","","","","","","","","","","","","","","","","","","","","","","","","","","","","","","","","","","","","","","","","","","","","","","","","","","","","","","","","","","","","","","","","","","","","","","","","","","","","","","","","","","","","","","","","","","","","","","","","",""
"59183001","DUNKERQUE",51.055833,2.3395,11,1892011016,"","","","","","","","","","","","","","","","","","","","","","","","","","","","","","","","","","","","",-2.2,9,-2.7,9,"","","","","","","","","","","","","","","","","","","","","","","","","","",96,9,"","","","","","","","","","","","",5.,9,981.4,9,979.1,9,"","","","","","","","","","","","","","","","","","","","","","","","","","","","","","","","","","","","","","","","","","","","","","","","","","","","","","","","","","","","","","","","","","","","","","","","","","","","","","","","","","","","","","","","","","","","","","","","","","","","","","","","","","","","","","","",""
"59183001","DUNKERQUE",51.055833,2.3395,11,1892011020,"","","","","","","","","","","","","","","","","","","","","","","","","","","","","","","","","","","","",-5.2,9,-6.4,9,"","","","","","","","","","","","","","","","","","","","","","","","","","",91,9,"","","","","","","","","","","","",3.8,9,981.7,9,979.3,9,"","","","","","","","","","","","","","","","","","","","","","","","","","","","","","","","","","","","","","","","","","","","","","","","","","","","","","","","","","","","","","","","","","","","","","","","","","","","","","","","","","","","","","","","","","","","","","","","","","","","","","","","","","","","","","","",""
"59183001","DUNKERQUE",51.055833,2.3395,11,1892011107,"","","","","","","","","","","","","","","","","","","","","","","","","","","","","","","","","","","","",-0.2,9,-1.2,9,"","","","","","","","","","","","","","","","","","","","","","","","","","",93,9,"","","","","","","","","","","","",5.6,9,989.9,9,987.6,9,"","","","","","","","","","","","","","","","","","","","","","","","","","","","","","","","","","","","","","","","","","","","","","","","","","","","","","","","","","","","","","","","","","","","","","","","","","","","","","","","","","","","","","","","","","","","","","","","","","","","","","","","","","","","","","","",""
"59183001","DUNKERQUE",51.055833,2.3395,11,1892011110,"","","","","","","","","","","","","","","","","","","","","","","","","","","","","","","","","","","","",0.,9,-0.5,9,"","","","","","","","","","","","","","","","","","","","","","","","","","",96,9,"","","","","","","","","","","","",5.9,9,990.,9,987.7,9,"","","","","","","","","","","","","","","","","","","","","","","","","","","","","","","","","","","","","","","","","","","","","","","","","","","","","","","","","","","","","","","","","","","","","","","","","","","","","","","","","","","","","","","","","","","","","","","","","","","","","","","","","","","","","","","",""
"59183001","DUNKERQUE",51.055833,2.3395,11,1892011112,"","","","","","","","","","","","","","","","","","","","","","","","","","","","","","","","","","","","",1.8,9,1.3,9,"","","","","","","","","","","","","","","","","","","","","","","","","","",96,9,"","","","","","","","","","","","",6.7,9,990.,9,987.7,9,"","","","","","","","","","","","","","","","","","","","","","","","","","","","","","","","","","","","","","","","","","","","","","","","","","","","","","","","","","","","","","","","","","","","","","","","","","","","","","","","","","","","","","","","","","","","","","","","","","","","","","","","","","","","","","","",""
"59183001","DUNKERQUE",51.055833,2.3395,11,1892011116,"","","","","","","","","","","","","","","","","","","","","","","","","","","","","","","","","","","","",2.4,9,1.9,9,"","","","","","","","","","","","","","","","","","","","","","","","","","",96,9,"","","","","","","","","","","","",7.,9,990.4,9,988.1,9,"","","","","","","","","","","","","","","","","","","","","","","","","","","","","","","","","","","","","","","","","","","","","","","","","","","","","","","","","","","","","","","","","","","","","","","","","","","","","","","","","","","","","","","","","","","","","","","","","","","","","","","","","","","","","","","",""
"59183001","DUNKERQUE",51.055833,2.3395,11,1892011120,"","","","","","","","","","","","","","","","","","","","","","","","","","","","","","","","","","","","",3.,9,3.,9,"","","","","","","","","","","","","","","","","","","","","","","","","","",100,9,"","","","","","","","","","","","",7.6,9,992.2,9,989.9,9,"","","","","","","","","","","","","","","","","","","","","","","","","","","","","","","","","","","","","","","","","","","","","","","","","","","","","","","","","","","","","","","","","","","","","","","","","","","","","","","","","","","","","","","","","","","","","","","","","","","","","","","","","","","","","","","",""
"59183001","DUNKERQUE",51.055833,2.3395,11,1892011207,"","","","","","","","","","","","","","","","","","","","","","","","","","","","","","","","","","","","",0.2,9,-0.3,9,"","","","","","","","","","","","","","","","","","","","","","","","","","",96,9,"","","","","","","","","","","","",6.,9,992.7,9,990.4,9,"","","","","","","","","","","","","","","","","","","","","","","","","","","","","","","","","","","","","","","","","","","","","","","","","","","","","","","","","","","","","","","","","","","","","","","","","","","","","","","","","","","","","","","","","","","","","","","","","","","","","","","","","","","","","","","",""
"59183001","DUNKERQUE",51.055833,2.3395,11,1892011210,"","","","","","","","","","","","","","","","","","","","","","","","","","","","","","","","","","","","",0.6,9,0.,9,"","","","","","","","","","","","","","","","","","","","","","","","","","",96,9,"","","","","","","","","","","","",6.1,9,993.6,9,991.3,9,"","","","","","","","","","","","","","","","","","","","","","","","","","","","","","","","","","","","","","","","","","","","","","","","","","","","","","","","","","","","","","","","","","","","","","","","","","","","","","","","","","","","","","","","","","","","","","","","","","","","","","","","","","","","","","","",""
"59183001","DUNKERQUE",51.055833,2.3395,11,1892011212,"","","","","","","","","","","","","","","","","","","","","","","","","","","","","","","","","","","","",2.8,9,0.2,9,"","","","","","","","","","","","","","","","","","","","","","","","","","",83,9,"","","","","","","","","","","","",6.2,9,993.9,9,991.6,9,"","","","","","","","","","","","","","","","","","","","","","","","","","","","","","","","","","","","","","","","","","","","","","","","","","","","","","","","","","","","","","","","","","","","","","","","","","","","","","","","","","","","","","","","","","","","","","","","","","","","","","","","","","","","","","","",""
"59183001","DUNKERQUE",51.055833,2.3395,11,1892011216,"","","","","","","","","","","","","","","","","","","","","","","","","","","","","","","","","","","","",2.6,9,0.4,9,"","","","","","","","","","","","","","","","","","","","","","","","","","",86,9,"","","","","","","","","","","","",6.3,9,993.6,9,991.3,9,"","","","","","","","","","","","","","","","","","","","","","","","","","","","","","","","","","","","","","","","","","","","","","","","","","","","","","","","","","","","","","","","","","","","","","","","","","","","","","","","","","","","","","","","","","","","","","","","","","","","","","","","","","","","","","","",""
"59183001","DUNKERQUE",51.055833,2.3395,11,1892011220,"","","","","","","","","","","","","","","","","","","","","","","","","","","","","","","","","","","","",1.4,9,-0.3,9,"","","","","","","","","","","","","","","","","","","","","","","","","","",89,9,"","","","","","","","","","","","",6.,9,993.2,9,990.9,9,"","","","","","","","","","","","","","","","","","","","","","","","","","","","","","","","","","","","","","","","","","","","","","","","","","","","","","","","","","","","","","","","","","","","","","","","","","","","","","","","","","","","","","","","","","","","","","","","","","","","","","","","","","","","","","","",""
"59183001","DUNKERQUE",51.055833,2.3395,11,1892011307,"","","","","","","","","","","","","","","","","","","","","","","","","","","","","","","","","","","","",-1.,9,-2.2,9,"","","","","","","","","","","","","","","","","","","","","","","","","","",92,9,"","","","","","","","","","","","",5.2,9,992.4,9,990.,9,"","","","","","","","","","","","","","","","","","","","","","","","","","","","","","","","","","","","","","","","","","","","","","","","","","","","","","","","","","","","","","","","","","","","","","","","","","","","","","","","","","","","","","","","","","","","","","","","","","","","","","","","","","","","","","","",""
"59183001","DUNKERQUE",51.055833,2.3395,11,1892011310,"","","","","","","","","","","","","","","","","","","","","","","","","","","","","","","","","","","","",0.2,9,-0.7,9,"","","","","","","","","","","","","","","","","","","","","","","","","","",93,9,"","","","","","","","","","","","",5.8,9,992.,9,989.7,9,"","","","","","","","","","","","","","","","","","","","","","","","","","","","","","","","","","","","","","","","","","","","","","","","","","","","","","","","","","","","","","","","","","","","","","","","","","","","","","","","","","","","","","","","","","","","","","","","","","","","","","","","","","","","","","","",""
"59183001","DUNKERQUE",51.055833,2.3395,11,1892011312,"","","","","","","","","","","","","","","","","","","","","","","","","","","","","","","","","","","","",2.,9,-1.4,9,"","","","","","","","","","","","","","","","","","","","","","","","","","",78,9,"","","","","","","","","","","","",5.5,9,991.,9,988.7,9,"","","","","","","","","","","","","","","","","","","","","","","","","","","","","","","","","","","","","","","","","","","","","","","","","","","","","","","","","","","","","","","","","","","","","","","","","","","","","","","","","","","","","","","","","","","","","","","","","","","","","","","","","","","","","","","",""
"59183001","DUNKERQUE",51.055833,2.3395,11,1892011316,"","","","","","","","","","","","","","","","","","","","","","","","","","","","","","","","","","","","",0.8,9,-0.7,9,"","","","","","","","","","","","","","","","","","","","","","","","","","",89,9,"","","","","","","","","","","","",5.8,9,988.1,9,985.8,9,"","","","","","","","","","","","","","","","","","","","","","","","","","","","","","","","","","","","","","","","","","","","","","","","","","","","","","","","","","","","","","","","","","","","","","","","","","","","","","","","","","","","","","","","","","","","","","","","","","","","","","","","","","","","","","","",""
"59183001","DUNKERQUE",51.055833,2.3395,11,1892011320,"","","","","","","","","","","","","","","","","","","","","","","","","","","","","","","","","","","","",-2.4,9,-4.2,9,"","","","","","","","","","","","","","","","","","","","","","","","","","",88,9,"","","","","","","","","","","","",4.5,9,987.5,9,985.1,9,"","","","","","","","","","","","","","","","","","","","","","","","","","","","","","","","","","","","","","","","","","","","","","","","","","","","","","","","","","","","","","","","","","","","","","","","","","","","","","","","","","","","","","","","","","","","","","","","","","","","","","","","","","","","","","","",""
"59183001","DUNKERQUE",51.055833,2.3395,11,1892011407,"","","","","","","","","","","","","","","","","","","","","","","","","","","","","","","","","","","","",-2.8,9,-3.3,9,"","","","","","","","","","","","","","","","","","","","","","","","","","",96,9,"","","","","","","","","","","","",4.8,9,981.6,9,979.3,9,"","","","","","","","","","","","","","","","","","","","","","","","","","","","","","","","","","","","","","","","","","","","","","","","","","","","","","","","","","","","","","","","","","","","","","","","","","","","","","","","","","","","","","","","","","","","","","","","","","","","","","","","","","","","","","","",""
"59183001","DUNKERQUE",51.055833,2.3395,11,1892011410,"","","","","","","","","","","","","","","","","","","","","","","","","","","","","","","","","","","","",-1.8,9,-2.5,9,"","","","","","","","","","","","","","","","","","","","","","","","","","",96,9,"","","","","","","","","","","","",5.1,9,981.7,9,979.4,9,"","","","","","","","","","","","","","","","","","","","","","","","","","","","","","","","","","","","","","","","","","","","","","","","","","","","","","","","","","","","","","","","","","","","","","","","","","","","","","","","","","","","","","","","","","","","","","","","","","","","","","","","","","","","","","","",""
"59183001","DUNKERQUE",51.055833,2.3395,11,1892011412,"","","","","","","","","","","","","","","","","","","","","","","","","","","","","","","","","","","","",-1.6,9,-2.7,9,"","","","","","","","","","","","","","","","","","","","","","","","","","",92,9,"","","","","","","","","","","","",5.,9,980.6,9,978.3,9,"","","","","","","","","","","","","","","","","","","","","","","","","","","","","","","","","","","","","","","","","","","","","","","","","","","","","","","","","","","","","","","","","","","","","","","","","","","","","","","","","","","","","","","","","","","","","","","","","","","","","","","","","","","","","","","",""
"59183001","DUNKERQUE",51.055833,2.3395,11,1892011416,"","","","","","","","","","","","","","","","","","","","","","","","","","","","","","","","","","","","",-0.8,9,-1.4,9,"","","","","","","","","","","","","","","","","","","","","","","","","","",96,9,"","","","","","","","","","","","",5.5,9,980.5,9,978.2,9,"","","","","","","","","","","","","","","","","","","","","","","","","","","","","","","","","","","","","","","","","","","","","","","","","","","","","","","","","","","","","","","","","","","","","","","","","","","","","","","","","","","","","","","","","","","","","","","","","","","","","","","","","","","","","","","",""
"59183001","DUNKERQUE",51.055833,2.3395,11,1892011420,"","","","","","","","","","","","","","","","","","","","","","","","","","","","","","","","","","","","",-2.6,9,-3.3,9,"","","","","","","","","","","","","","","","","","","","","","","","","","",96,9,"","","","","","","","","","","","",4.8,9,981.7,9,979.4,9,"","","","","","","","","","","","","","","","","","","","","","","","","","","","","","","","","","","","","","","","","","","","","","","","","","","","","","","","","","","","","","","","","","","","","","","","","","","","","","","","","","","","","","","","","","","","","","","","","","","","","","","","","","","","","","","",""
"59183001","DUNKERQUE",51.055833,2.3395,11,1892011507,"","","","","","","","","","","","","","","","","","","","","","","","","","","","","","","","","","","","",1.2,9,0.6,9,"","","","","","","","","","","","","","","","","","","","","","","","","","",96,9,"","","","","","","","","","","","",6.4,9,980.4,9,978.1,9,"","","","","","","","","","","","","","","","","","","","","","","","","","","","","","","","","","","","","","","","","","","","","","","","","","","","","","","","","","","","","","","","","","","","","","","","","","","","","","","","","","","","","","","","","","","","","","","","","","","","","","","","","","","","","","","",""
"59183001","DUNKERQUE",51.055833,2.3395,11,1892011510,"","","","","","","","","","","","","","","","","","","","","","","","","","","","","","","","","","","","",2.,9,1.1,9,"","","","","","","","","","","","","","","","","","","","","","","","","","",93,9,"","","","","","","","","","","","",6.6,9,980.3,9,978.,9,"","","","","","","","","","","","","","","","","","","","","","","","","","","","","","","","","","","","","","","","","","","","","","","","","","","","","","","","","","","","","","","","","","","","","","","","","","","","","","","","","","","","","","","","","","","","","","","","","","","","","","","","","","","","","","","",""
"59183001","DUNKERQUE",51.055833,2.3395,11,1892011512,"","","","","","","","","","","","","","","","","","","","","","","","","","","","","","","","","","","","",2.2,9,1.7,9,"","","","","","","","","","","","","","","","","","","","","","","","","","",96,9,"","","","","","","","","","","","",6.9,9,980.4,9,978.1,9,"","","","","","","","","","","","","","","","","","","","","","","","","","","","","","","","","","","","","","","","","","","","","","","","","","","","","","","","","","","","","","","","","","","","","","","","","","","","","","","","","","","","","","","","","","","","","","","","","","","","","","","","","","","","","","","",""
"59183001","DUNKERQUE",51.055833,2.3395,11,1892011516,"","","","","","","","","","","","","","","","","","","","","","","","","","","","","","","","","","","","",2.,9,1.1,9,"","","","","","","","","","","","","","","","","","","","","","","","","","",93,9,"","","","","","","","","","","","",6.6,9,980.8,9,978.5,9,"","","","","","","","","","","","","","","","","","","","","","","","","","","","","","","","","","","","","","","","","","","","","","","","","","","","","","","","","","","","","","","","","","","","","","","","","","","","","","","","","","","","","","","","","","","","","","","","","","","","","","","","","","","","","","","",""
"59183001","DUNKERQUE",51.055833,2.3395,11,1892011520,"","","","","","","","","","","","","","","","","","","","","","","","","","","","","","","","","","","","",1.,9,-0.7,9,"","","","","","","","","","","","","","","","","","","","","","","","","","",89,9,"","","","","","","","","","","","",5.8,9,982.3,9,980.,9,"","","","","","","","","","","","","","","","","","","","","","","","","","","","","","","","","","","","","","","","","","","","","","","","","","","","","","","","","","","","","","","","","","","","","","","","","","","","","","","","","","","","","","","","","","","","","","","","","","","","","","","","","","","","","","","",""
"59183001","DUNKERQUE",51.055833,2.3395,11,1892011607,"","","","","","","","","","","","","","","","","","","","","","","","","","","","","","","","","","","","",-1.6,9,-2.7,9,"","","","","","","","","","","","","","","","","","","","","","","","","","",92,9,"","","","","","","","","","","","",5.,9,984.5,9,982.2,9,"","","","","","","","","","","","","","","","","","","","","","","","","","","","","","","","","","","","","","","","","","","","","","","","","","","","","","","","","","","","","","","","","","","","","","","","","","","","","","","","","","","","","","","","","","","","","","","","","","","","","","","","","","","","","","","",""
"59183001","DUNKERQUE",51.055833,2.3395,11,1892011610,"","","","","","","","","","","","","","","","","","","","","","","","","","","","","","","","","","","","",-0.2,9,-0.3,9,"","","","","","","","","","","","","","","","","","","","","","","","","","",100,9,"","","","","","","","","","","","",6.,9,985.7,9,983.4,9,"","","","","","","","","","","","","","","","","","","","","","","","","","","","","","","","","","","","","","","","","","","","","","","","","","","","","","","","","","","","","","","","","","","","","","","","","","","","","","","","","","","","","","","","","","","","","","","","","","","","","","","","","","","","","","","",""
"59183001","DUNKERQUE",51.055833,2.3395,11,1892011612,"","","","","","","","","","","","","","","","","","","","","","","","","","","","","","","","","","","","",0.8,9,0.2,9,"","","","","","","","","","","","","","","","","","","","","","","","","","",96,9,"","","","","","","","","","","","",6.2,9,985.7,9,983.4,9,"","","","","","","","","","","","","","","","","","","","","","","","","","","","","","","","","","","","","","","","","","","","","","","","","","","","","","","","","","","","","","","","","","","","","","","","","","","","","","","","","","","","","","","","","","","","","","","","","","","","","","","","","","","","","","","",""
"59183001","DUNKERQUE",51.055833,2.3395,11,1892011616,"","","","","","","","","","","","","","","","","","","","","","","","","","","","","","","","","","","","",-0.2,9,-1.7,9,"","","","","","","","","","","","","","","","","","","","","","","","","","",89,9,"","","","","","","","","","","","",5.4,9,985.8,9,983.5,9,"","","","","","","","","","","","","","","","","","","","","","","","","","","","","","","","","","","","","","","","","","","","","","","","","","","","","","","","","","","","","","","","","","","","","","","","","","","","","","","","","","","","","","","","","","","","","","","","","","","","","","","","","","","","","","","",""
"59183001","DUNKERQUE",51.055833,2.3395,11,1892011620,"","","","","","","","","","","","","","","","","","","","","","","","","","","","","","","","","","","","",-2.,9,-3.9,9,"","","","","","","","","","","","","","","","","","","","","","","","","","",88,9,"","","","","","","","","","","","",4.6,9,986.7,9,984.3,9,"","","","","","","","","","","","","","","","","","","","","","","","","","","","","","","","","","","","","","","","","","","","","","","","","","","","","","","","","","","","","","","","","","","","","","","","","","","","","","","","","","","","","","","","","","","","","","","","","","","","","","","","","","","","","","","",""
"59183001","DUNKERQUE",51.055833,2.3395,11,1892011707,"","","","","","","","","","","","","","","","","","","","","","","","","","","","","","","","","","","","",-1.6,9,-2.7,9,"","","","","","","","","","","","","","","","","","","","","","","","","","",92,9,"","","","","","","","","","","","",5.,9,987.,9,984.7,9,"","","","","","","","","","","","","","","","","","","","","","","","","","","","","","","","","","","","","","","","","","","","","","","","","","","","","","","","","","","","","","","","","","","","","","","","","","","","","","","","","","","","","","","","","","","","","","","","","","","","","","","","","","","","","","","",""
"59183001","DUNKERQUE",51.055833,2.3395,11,1892011710,"","","","","","","","","","","","","","","","","","","","","","","","","","","","","","","","","","","","",-0.8,9,-2.,9,"","","","","","","","","","","","","","","","","","","","","","","","","","",92,9,"","","","","","","","","","","","",5.3,9,986.8,9,984.5,9,"","","","","","","","","","","","","","","","","","","","","","","","","","","","","","","","","","","","","","","","","","","","","","","","","","","","","","","","","","","","","","","","","","","","","","","","","","","","","","","","","","","","","","","","","","","","","","","","","","","","","","","","","","","","","","","",""
"59183001","DUNKERQUE",51.055833,2.3395,11,1892011712,"","","","","","","","","","","","","","","","","","","","","","","","","","","","","","","","","","","","",1.2,9,-0.5,9,"","","","","","","","","","","","","","","","","","","","","","","","","","",89,9,"","","","","","","","","","","","",5.9,9,986.8,9,984.5,9,"","","","","","","","","","","","","","","","","","","","","","","","","","","","","","","","","","","","","","","","","","","","","","","","","","","","","","","","","","","","","","","","","","","","","","","","","","","","","","","","","","","","","","","","","","","","","","","","","","","","","","","","","","","","","","","",""
"59183001","DUNKERQUE",51.055833,2.3395,11,1892011716,"","","","","","","","","","","","","","","","","","","","","","","","","","","","","","","","","","","","",2.4,9,1.5,9,"","","","","","","","","","","","","","","","","","","","","","","","","","",93,9,"","","","","","","","","","","","",6.8,9,986.5,9,984.2,9,"","","","","","","","","","","","","","","","","","","","","","","","","","","","","","","","","","","","","","","","","","","","","","","","","","","","","","","","","","","","","","","","","","","","","","","","","","","","","","","","","","","","","","","","","","","","","","","","","","","","","","","","","","","","","","","",""
"59183001","DUNKERQUE",51.055833,2.3395,11,1892011720,"","","","","","","","","","","","","","","","","","","","","","","","","","","","","","","","","","","","",1.8,9,0.9,9,"","","","","","","","","","","","","","","","","","","","","","","","","","",93,9,"","","","","","","","","","","","",6.5,9,986.4,9,984.1,9,"","","","","","","","","","","","","","","","","","","","","","","","","","","","","","","","","","","","","","","","","","","","","","","","","","","","","","","","","","","","","","","","","","","","","","","","","","","","","","","","","","","","","","","","","","","","","","","","","","","","","","","","","","","","","","","",""
"59183001","DUNKERQUE",51.055833,2.3395,11,1892011807,"","","","","","","","","","","","","","","","","","","","","","","","","","","","","","","","","","","","",3.,9,0.9,9,"","","","","","","","","","","","","","","","","","","","","","","","","","",86,9,"","","","","","","","","","","","",6.5,9,990.5,9,988.2,9,"","","","","","","","","","","","","","","","","","","","","","","","","","","","","","","","","","","","","","","","","","","","","","","","","","","","","","","","","","","","","","","","","","","","","","","","","","","","","","","","","","","","","","","","","","","","","","","","","","","","","","","","","","","","","","","",""
"59183001","DUNKERQUE",51.055833,2.3395,11,1892011810,"","","","","","","","","","","","","","","","","","","","","","","","","","","","","","","","","","","","",3.6,9,2.1,9,"","","","","","","","","","","","","","","","","","","","","","","","","","",90,9,"","","","","","","","","","","","",7.1,9,991.7,9,989.4,9,"","","","","","","","","","","","","","","","","","","","","","","","","","","","","","","","","","","","","","","","","","","","","","","","","","","","","","","","","","","","","","","","","","","","","","","","","","","","","","","","","","","","","","","","","","","","","","","","","","","","","","","","","","","","","","","",""
"59183001","DUNKERQUE",51.055833,2.3395,11,1892011812,"","","","","","","","","","","","","","","","","","","","","","","","","","","","","","","","","","","","",4.2,9,3.8,9,"","","","","","","","","","","","","","","","","","","","","","","","","","",97,9,"","","","","","","","","","","","",8.,9,992.5,9,990.2,9,"","","","","","","","","","","","","","","","","","","","","","","","","","","","","","","","","","","","","","","","","","","","","","","","","","","","","","","","","","","","","","","","","","","","","","","","","","","","","","","","","","","","","","","","","","","","","","","","","","","","","","","","","","","","","","","",""
"59183001","DUNKERQUE",51.055833,2.3395,11,1892011816,"","","","","","","","","","","","","","","","","","","","","","","","","","","","","","","","","","","","",3.2,9,1.7,9,"","","","","","","","","","","","","","","","","","","","","","","","","","",90,9,"","","","","","","","","","","","",6.9,9,992.9,9,990.6,9,"","","","","","","","","","","","","","","","","","","","","","","","","","","","","","","","","","","","","","","","","","","","","","","","","","","","","","","","","","","","","","","","","","","","","","","","","","","","","","","","","","","","","","","","","","","","","","","","","","","","","","","","","","","","","","","",""
"59183001","DUNKERQUE",51.055833,2.3395,11,1892011820,"","","","","","","","","","","","","","","","","","","","","","","","","","","","","","","","","","","","",2.,9,1.1,9,"","","","","","","","","","","","","","","","","","","","","","","","","","",93,9,"","","","","","","","","","","","",6.6,9,995.,9,992.7,9,"","","","","","","","","","","","","","","","","","","","","","","","","","","","","","","","","","","","","","","","","","","","","","","","","","","","","","","","","","","","","","","","","","","","","","","","","","","","","","","","","","","","","","","","","","","","","","","","","","","","","","","","","","","","","","","",""
"59183001","DUNKERQUE",51.055833,2.3395,11,1892011907,"","","","","","","","","","","","","","","","","","","","","","","","","","","","","","","","","","","","",-1.6,9,-2.2,9,"","","","","","","","","","","","","","","","","","","","","","","","","","",96,9,"","","","","","","","","","","","",5.2,9,994.5,9,992.1,9,"","","","","","","","","","","","","","","","","","","","","","","","","","","","","","","","","","","","","","","","","","","","","","","","","","","","","","","","","","","","","","","","","","","","","","","","","","","","","","","","","","","","","","","","","","","","","","","","","","","","","","","","","","","","","","","",""
"59183001","DUNKERQUE",51.055833,2.3395,11,1892011910,"","","","","","","","","","","","","","","","","","","","","","","","","","","","","","","","","","","","",0.2,9,-0.3,9,"","","","","","","","","","","","","","","","","","","","","","","","","","",96,9,"","","","","","","","","","","","",6.,9,994.7,9,992.3,9,"","","","","","","","","","","","","","","","","","","","","","","","","","","","","","","","","","","","","","","","","","","","","","","","","","","","","","","","","","","","","","","","","","","","","","","","","","","","","","","","","","","","","","","","","","","","","","","","","","","","","","","","","","","","","","","",""
"59183001","DUNKERQUE",51.055833,2.3395,11,1892011912,"","","","","","","","","","","","","","","","","","","","","","","","","","","","","","","","","","","","",2.4,9,-1.,9,"","","","","","","","","","","","","","","","","","","","","","","","","","",79,9,"","","","","","","","","","","","",5.7,9,994.6,9,992.3,9,"","","","","","","","","","","","","","","","","","","","","","","","","","","","","","","","","","","","","","","","","","","","","","","","","","","","","","","","","","","","","","","","","","","","","","","","","","","","","","","","","","","","","","","","","","","","","","","","","","","","","","","","","","","","","","","",""
"59183001","DUNKERQUE",51.055833,2.3395,11,1892011916,"","","","","","","","","","","","","","","","","","","","","","","","","","","","","","","","","","","","",0.8,9,-0.3,9,"","","","","","","","","","","","","","","","","","","","","","","","","","",92,9,"","","","","","","","","","","","",6.,9,994.5,9,992.2,9,"","","","","","","","","","","","","","","","","","","","","","","","","","","","","","","","","","","","","","","","","","","","","","","","","","","","","","","","","","","","","","","","","","","","","","","","","","","","","","","","","","","","","","","","","","","","","","","","","","","","","","","","","","","","","","","",""
"59183001","DUNKERQUE",51.055833,2.3395,11,1892011920,"","","","","","","","","","","","","","","","","","","","","","","","","","","","","","","","","","","","",-0.6,9,-3.9,9,"","","","","","","","","","","","","","","","","","","","","","","","","","",78,9,"","","","","","","","","","","","",4.6,9,994.8,9,992.4,9,"","","","","","","","","","","","","","","","","","","","","","","","","","","","","","","","","","","","","","","","","","","","","","","","","","","","","","","","","","","","","","","","","","","","","","","","","","","","","","","","","","","","","","","","","","","","","","","","","","","","","","","","","","","","","","","",""
"59183001","DUNKERQUE",51.055833,2.3395,11,1892012007,"","","","","","","","","","","","","","","","","","","","","","","","","","","","","","","","","","","","",-2.8,9,-3.3,9,"","","","","","","","","","","","","","","","","","","","","","","","","","",96,9,"","","","","","","","","","","","",4.8,9,994.3,9,991.9,9,"","","","","","","","","","","","","","","","","","","","","","","","","","","","","","","","","","","","","","","","","","","","","","","","","","","","","","","","","","","","","","","","","","","","","","","","","","","","","","","","","","","","","","","","","","","","","","","","","","","","","","","","","","","","","","","",""
"59183001","DUNKERQUE",51.055833,2.3395,11,1892012010,"","","","","","","","","","","","","","","","","","","","","","","","","","","","","","","","","","","","",-2.4,9,-3.,9,"","","","","","","","","","","","","","","","","","","","","","","","","","",96,9,"","","","","","","","","","","","",4.9,9,994.3,9,991.9,9,"","","","","","","","","","","","","","","","","","","","","","","","","","","","","","","","","","","","","","","","","","","","","","","","","","","","","","","","","","","","","","","","","","","","","","","","","","","","","","","","","","","","","","","","","","","","","","","","","","","","","","","","","","","","","","","",""
"59183001","DUNKERQUE",51.055833,2.3395,11,1892012012,"","","","","","","","","","","","","","","","","","","","","","","","","","","","","","","","","","","","",0.4,9,-0.3,9,"","","","","","","","","","","","","","","","","","","","","","","","","","",96,9,"","","","","","","","","","","","",6.,9,995.,9,992.6,9,"","","","","","","","","","","","","","","","","","","","","","","","","","","","","","","","","","","","","","","","","","","","","","","","","","","","","","","","","","","","","","","","","","","","","","","","","","","","","","","","","","","","","","","","","","","","","","","","","","","","","","","","","","","","","","","",""
"59183001","DUNKERQUE",51.055833,2.3395,11,1892012016,"","","","","","","","","","","","","","","","","","","","","","","","","","","","","","","","","","","","",0.2,9,-1.4,9,"","","","","","","","","","","","","","","","","","","","","","","","","","",89,9,"","","","","","","","","","","","",5.5,9,994.8,9,992.4,9,"","","","","","","","","","","","","","","","","","","","","","","","","","","","","","","","","","","","","","","","","","","","","","","","","","","","","","","","","","","","","","","","","","","","","","","","","","","","","","","","","","","","","","","","","","","","","","","","","","","","","","","","","","","","","","","",""
"59183001","DUNKERQUE",51.055833,2.3395,11,1892012020,"","","","","","","","","","","","","","","","","","","","","","","","","","","","","","","","","","","","",-1.2,9,-2.2,9,"","","","","","","","","","","","","","","","","","","","","","","","","","",92,9,"","","","","","","","","","","","",5.2,9,995.,9,992.6,9,"","","","","","","","","","","","","","","","","","","","","","","","","","","","","","","","","","","","","","","","","","","","","","","","","","","","","","","","","","","","","","","","","","","","","","","","","","","","","","","","","","","","","","","","","","","","","","","","","","","","","","","","","","","","","","","",""
"59183001","DUNKERQUE",51.055833,2.3395,11,1892012107,"","","","","","","","","","","","","","","","","","","","","","","","","","","","","","","","","","","","",-3.4,9,-4.8,9,"","","","","","","","","","","","","","","","","","","","","","","","","","",91,9,"","","","","","","","","","","","",4.3,9,996.5,9,994.1,9,"","","","","","","","","","","","","","","","","","","","","","","","","","","","","","","","","","","","","","","","","","","","","","","","","","","","","","","","","","","","","","","","","","","","","","","","","","","","","","","","","","","","","","","","","","","","","","","","","","","","","","","","","","","","","","","",""
"59183001","DUNKERQUE",51.055833,2.3395,11,1892012110,"","","","","","","","","","","","","","","","","","","","","","","","","","","","","","","","","","","","",-2.2,9,-3.9,9,"","","","","","","","","","","","","","","","","","","","","","","","","","",88,9,"","","","","","","","","","","","",4.6,9,997.,9,994.6,9,"","","","","","","","","","","","","","","","","","","","","","","","","","","","","","","","","","","","","","","","","","","","","","","","","","","","","","","","","","","","","","","","","","","","","","","","","","","","","","","","","","","","","","","","","","","","","","","","","","","","","","","","","","","","","","","",""
"59183001","DUNKERQUE",51.055833,2.3395,11,1892012112,"","","","","","","","","","","","","","","","","","","","","","","","","","","","","","","","","","","","",-0.2,9,-1.2,9,"","","","","","","","","","","","","","","","","","","","","","","","","","",93,9,"","","","","","","","","","","","",5.6,9,997.,9,994.6,9,"","","","","","","","","","","","","","","","","","","","","","","","","","","","","","","","","","","","","","","","","","","","","","","","","","","","","","","","","","","","","","","","","","","","","","","","","","","","","","","","","","","","","","","","","","","","","","","","","","","","","","","","","","","","","","","",""
"59183001","DUNKERQUE",51.055833,2.3395,11,1892012116,"","","","","","","","","","","","","","","","","","","","","","","","","","","","","","","","","","","","",-1.4,9,-2.5,9,"","","","","","","","","","","","","","","","","","","","","","","","","","",92,9,"","","","","","","","","","","","",5.1,9,996.4,9,994.,9,"","","","","","","","","","","","","","","","","","","","","","","","","","","","","","","","","","","","","","","","","","","","","","","","","","","","","","","","","","","","","","","","","","","","","","","","","","","","","","","","","","","","","","","","","","","","","","","","","","","","","","","","","","","","","","","",""
"59183001","DUNKERQUE",51.055833,2.3395,11,1892012120,"","","","","","","","","","","","","","","","","","","","","","","","","","","","","","","","","","","","",-2.4,9,-4.2,9,"","","","","","","","","","","","","","","","","","","","","","","","","","",88,9,"","","","","","","","","","","","",4.5,9,996.6,9,994.2,9,"","","","","","","","","","","","","","","","","","","","","","","","","","","","","","","","","","","","","","","","","","","","","","","","","","","","","","","","","","","","","","","","","","","","","","","","","","","","","","","","","","","","","","","","","","","","","","","","","","","","","","","","","","","","","","","",""
"59183001","DUNKERQUE",51.055833,2.3395,11,1892012207,"","","","","","","","","","","","","","","","","","","","","","","","","","","","","","","","","","","","",-1.8,9,-2.5,9,"","","","","","","","","","","","","","","","","","","","","","","","","","",96,9,"","","","","","","","","","","","",5.1,9,996.7,9,994.3,9,"","","","","","","","","","","","","","","","","","","","","","","","","","","","","","","","","","","","","","","","","","","","","","","","","","","","","","","","","","","","","","","","","","","","","","","","","","","","","","","","","","","","","","","","","","","","","","","","","","","","","","","","","","","","","","","",""
"59183001","DUNKERQUE",51.055833,2.3395,11,1892012210,"","","","","","","","","","","","","","","","","","","","","","","","","","","","","","","","","","","","",0.2,9,-3.3,9,"","","","","","","","","","","","","","","","","","","","","","","","","","",78,9,"","","","","","","","","","","","",4.8,9,996.5,9,994.1,9,"","","","","","","","","","","","","","","","","","","","","","","","","","","","","","","","","","","","","","","","","","","","","","","","","","","","","","","","","","","","","","","","","","","","","","","","","","","","","","","","","","","","","","","","","","","","","","","","","","","","","","","","","","","","","","","",""
"59183001","DUNKERQUE",51.055833,2.3395,11,1892012212,"","","","","","","","","","","","","","","","","","","","","","","","","","","","","","","","","","","","",2.8,9,0.6,9,"","","","","","","","","","","","","","","","","","","","","","","","","","",86,9,"","","","","","","","","","","","",6.4,9,996.3,9,994.,9,"","","","","","","","","","","","","","","","","","","","","","","","","","","","","","","","","","","","","","","","","","","","","","","","","","","","","","","","","","","","","","","","","","","","","","","","","","","","","","","","","","","","","","","","","","","","","","","","","","","","","","","","","","","","","","","",""
"59183001","DUNKERQUE",51.055833,2.3395,11,1892012216,"","","","","","","","","","","","","","","","","","","","","","","","","","","","","","","","","","","","",3.8,9,1.9,9,"","","","","","","","","","","","","","","","","","","","","","","","","","",87,9,"","","","","","","","","","","","",7.,9,996.2,9,993.9,9,"","","","","","","","","","","","","","","","","","","","","","","","","","","","","","","","","","","","","","","","","","","","","","","","","","","","","","","","","","","","","","","","","","","","","","","","","","","","","","","","","","","","","","","","","","","","","","","","","","","","","","","","","","","","","","","",""
"59183001","DUNKERQUE",51.055833,2.3395,11,1892012220,"","","","","","","","","","","","","","","","","","","","","","","","","","","","","","","","","","","","",4.8,9,3.9,9,"","","","","","","","","","","","","","","","","","","","","","","","","","",94,9,"","","","","","","","","","","","",8.1,9,996.1,9,993.8,9,"","","","","","","","","","","","","","","","","","","","","","","","","","","","","","","","","","","","","","","","","","","","","","","","","","","","","","","","","","","","","","","","","","","","","","","","","","","","","","","","","","","","","","","","","","","","","","","","","","","","","","","","","","","","","","","",""
"59183001","DUNKERQUE",51.055833,2.3395,11,1892012307,"","","","","","","","","","","","","","","","","","","","","","","","","","","","","","","","","","","","",4.4,9,3.4,9,"","","","","","","","","","","","","","","","","","","","","","","","","","",93,9,"","","","","","","","","","","","",7.8,9,996.6,9,994.3,9,"","","","","","","","","","","","","","","","","","","","","","","","","","","","","","","","","","","","","","","","","","","","","","","","","","","","","","","","","","","","","","","","","","","","","","","","","","","","","","","","","","","","","","","","","","","","","","","","","","","","","","","","","","","","","","","",""
"59183001","DUNKERQUE",51.055833,2.3395,11,1892012310,"","","","","","","","","","","","","","","","","","","","","","","","","","","","","","","","","","","","",5.6,9,5.6,9,"","","","","","","","","","","","","","","","","","","","","","","","","","",100,9,"","","","","","","","","","","","",9.1,9,997.3,9,995.,9,"","","","","","","","","","","","","","","","","","","","","","","","","","","","","","","","","","","","","","","","","","","","","","","","","","","","","","","","","","","","","","","","","","","","","","","","","","","","","","","","","","","","","","","","","","","","","","","","","","","","","","","","","","","","","","","",""
"59183001","DUNKERQUE",51.055833,2.3395,11,1892012312,"","","","","","","","","","","","","","","","","","","","","","","","","","","","","","","","","","","","",6.6,9,6.1,9,"","","","","","","","","","","","","","","","","","","","","","","","","","",97,9,"","","","","","","","","","","","",9.4,9,997.3,9,995.,9,"","","","","","","","","","","","","","","","","","","","","","","","","","","","","","","","","","","","","","","","","","","","","","","","","","","","","","","","","","","","","","","","","","","","","","","","","","","","","","","","","","","","","","","","","","","","","","","","","","","","","","","","","","","","","","","",""
"59183001","DUNKERQUE",51.055833,2.3395,11,1892012316,"","","","","","","","","","","","","","","","","","","","","","","","","","","","","","","","","","","","",6.4,9,6.4,9,"","","","","","","","","","","","","","","","","","","","","","","","","","",100,9,"","","","","","","","","","","","",9.6,9,997.2,9,994.9,9,"","","","","","","","","","","","","","","","","","","","","","","","","","","","","","","","","","","","","","","","","","","","","","","","","","","","","","","","","","","","","","","","","","","","","","","","","","","","","","","","","","","","","","","","","","","","","","","","","","","","","","","","","","","","","","","",""
"59183001","DUNKERQUE",51.055833,2.3395,11,1892012320,"","","","","","","","","","","","","","","","","","","","","","","","","","","","","","","","","","","","",6.,9,5.6,9,"","","","","","","","","","","","","","","","","","","","","","","","","","",97,9,"","","","","","","","","","","","",9.1,9,997.1,9,994.8,9,"","","","","","","","","","","","","","","","","","","","","","","","","","","","","","","","","","","","","","","","","","","","","","","","","","","","","","","","","","","","","","","","","","","","","","","","","","","","","","","","","","","","","","","","","","","","","","","","","","","","","","","","","","","","","","","",""
"59183001","DUNKERQUE",51.055833,2.3395,11,1892012407,"","","","","","","","","","","","","","","","","","","","","","","","","","","","","","","","","","","","",7.,9,7.,9,"","","","","","","","","","","","","","","","","","","","","","","","","","",100,9,"","","","","","","","","","","","",10.,9,998.3,9,996.,9,"","","","","","","","","","","","","","","","","","","","","","","","","","","","","","","","","","","","","","","","","","","","","","","","","","","","","","","","","","","","","","","","","","","","","","","","","","","","","","","","","","","","","","","","","","","","","","","","","","","","","","","","","","","","","","","",""
"59183001","DUNKERQUE",51.055833,2.3395,11,1892012410,"","","","","","","","","","","","","","","","","","","","","","","","","","","","","","","","","","","","",8.2,9,7.7,9,"","","","","","","","","","","","","","","","","","","","","","","","","","",97,9,"","","","","","","","","","","","",10.5,9,999.4,9,997.1,9,"","","","","","","","","","","","","","","","","","","","","","","","","","","","","","","","","","","","","","","","","","","","","","","","","","","","","","","","","","","","","","","","","","","","","","","","","","","","","","","","","","","","","","","","","","","","","","","","","","","","","","","","","","","","","","","",""
"59183001","DUNKERQUE",51.055833,2.3395,11,1892012412,"","","","","","","","","","","","","","","","","","","","","","","","","","","","","","","","","","","","",8.2,9,7.7,9,"","","","","","","","","","","","","","","","","","","","","","","","","","",97,9,"","","","","","","","","","","","",10.5,9,999.6,9,997.3,9,"","","","","","","","","","","","","","","","","","","","","","","","","","","","","","","","","","","","","","","","","","","","","","","","","","","","","","","","","","","","","","","","","","","","","","","","","","","","","","","","","","","","","","","","","","","","","","","","","","","","","","","","","","","","","","","",""
"59183001","DUNKERQUE",51.055833,2.3395,11,1892012416,"","","","","","","","","","","","","","","","","","","","","","","","","","","","","","","","","","","","",6.6,9,6.5,9,"","","","","","","","","","","","","","","","","","","","","","","","","","",100,9,"","","","","","","","","","","","",9.7,9,1001.7,9,999.4,9,"","","","","","","","","","","","","","","","","","","","","","","","","","","","","","","","","","","","","","","","","","","","","","","","","","","","","","","","","","","","","","","","","","","","","","","","","","","","","","","","","","","","","","","","","","","","","","","","","","","","","","","","","","","","","","","",""
"59183001","DUNKERQUE",51.055833,2.3395,11,1892012420,"","","","","","","","","","","","","","","","","","","","","","","","","","","","","","","","","","","","",3.,9,2.5,9,"","","","","","","","","","","","","","","","","","","","","","","","","","",97,9,"","","","","","","","","","","","",7.3,9,1004.8,9,1002.4,9,"","","","","","","","","","","","","","","","","","","","","","","","","","","","","","","","","","","","","","","","","","","","","","","","","","","","","","","","","","","","","","","","","","","","","","","","","","","","","","","","","","","","","","","","","","","","","","","","","","","","","","","","","","","","","","","",""
"59183001","DUNKERQUE",51.055833,2.3395,11,1892012507,"","","","","","","","","","","","","","","","","","","","","","","","","","","","","","","","","","","","",4.,9,3.6,9,"","","","","","","","","","","","","","","","","","","","","","","","","","",97,9,"","","","","","","","","","","","",7.9,9,1006.4,9,1004.1,9,"","","","","","","","","","","","","","","","","","","","","","","","","","","","","","","","","","","","","","","","","","","","","","","","","","","","","","","","","","","","","","","","","","","","","","","","","","","","","","","","","","","","","","","","","","","","","","","","","","","","","","","","","","","","","","","",""
"59183001","DUNKERQUE",51.055833,2.3395,11,1892012510,"","","","","","","","","","","","","","","","","","","","","","","","","","","","","","","","","","","","",5.,9,4.6,9,"","","","","","","","","","","","","","","","","","","","","","","","","","",97,9,"","","","","","","","","","","","",8.5,9,1008.,9,1005.7,9,"","","","","","","","","","","","","","","","","","","","","","","","","","","","","","","","","","","","","","","","","","","","","","","","","","","","","","","","","","","","","","","","","","","","","","","","","","","","","","","","","","","","","","","","","","","","","","","","","","","","","","","","","","","","","","","",""
"59183001","DUNKERQUE",51.055833,2.3395,11,1892012512,"","","","","","","","","","","","","","","","","","","","","","","","","","","","","","","","","","","","",6.2,9,3.9,9,"","","","","","","","","","","","","","","","","","","","","","","","","","",85,9,"","","","","","","","","","","","",8.1,9,1008.5,9,1006.2,9,"","","","","","","","","","","","","","","","","","","","","","","","","","","","","","","","","","","","","","","","","","","","","","","","","","","","","","","","","","","","","","","","","","","","","","","","","","","","","","","","","","","","","","","","","","","","","","","","","","","","","","","","","","","","","","","",""
"59183001","DUNKERQUE",51.055833,2.3395,11,1892012516,"","","","","","","","","","","","","","","","","","","","","","","","","","","","","","","","","","","","",5.,9,3.,9,"","","","","","","","","","","","","","","","","","","","","","","","","","",87,9,"","","","","","","","","","","","",7.6,9,1008.8,9,1006.5,9,"","","","","","","","","","","","","","","","","","","","","","","","","","","","","","","","","","","","","","","","","","","","","","","","","","","","","","","","","","","","","","","","","","","","","","","","","","","","","","","","","","","","","","","","","","","","","","","","","","","","","","","","","","","","","","","",""
"59183001","DUNKERQUE",51.055833,2.3395,11,1892012520,"","","","","","","","","","","","","","","","","","","","","","","","","","","","","","","","","","","","",4.8,9,2.9,9,"","","","","","","","","","","","","","","","","","","","","","","","","","",87,9,"","","","","","","","","","","","",7.5,9,1010.3,9,1008.,9,"","","","","","","","","","","","","","","","","","","","","","","","","","","","","","","","","","","","","","","","","","","","","","","","","","","","","","","","","","","","","","","","","","","","","","","","","","","","","","","","","","","","","","","","","","","","","","","","","","","","","","","","","","","","","","","",""
"59183001","DUNKERQUE",51.055833,2.3395,11,1892012607,"","","","","","","","","","","","","","","","","","","","","","","","","","","","","","","","","","","","",2.8,9,2.8,9,"","","","","","","","","","","","","","","","","","","","","","","","","","",100,9,"","","","","","","","","","","","",7.5,9,1011.6,9,1009.2,9,"","","","","","","","","","","","","","","","","","","","","","","","","","","","","","","","","","","","","","","","","","","","","","","","","","","","","","","","","","","","","","","","","","","","","","","","","","","","","","","","","","","","","","","","","","","","","","","","","","","","","","","","","","","","","","","",""
"59183001","DUNKERQUE",51.055833,2.3395,11,1892012610,"","","","","","","","","","","","","","","","","","","","","","","","","","","","","","","","","","","","",4.6,9,4.1,9,"","","","","","","","","","","","","","","","","","","","","","","","","","",97,9,"","","","","","","","","","","","",8.2,9,1011.6,9,1009.2,9,"","","","","","","","","","","","","","","","","","","","","","","","","","","","","","","","","","","","","","","","","","","","","","","","","","","","","","","","","","","","","","","","","","","","","","","","","","","","","","","","","","","","","","","","","","","","","","","","","","","","","","","","","","","","","","","",""
"59183001","DUNKERQUE",51.055833,2.3395,11,1892012612,"","","","","","","","","","","","","","","","","","","","","","","","","","","","","","","","","","","","",5.2,9,4.8,9,"","","","","","","","","","","","","","","","","","","","","","","","","","",97,9,"","","","","","","","","","","","",8.6,9,1011.4,9,1009.1,9,"","","","","","","","","","","","","","","","","","","","","","","","","","","","","","","","","","","","","","","","","","","","","","","","","","","","","","","","","","","","","","","","","","","","","","","","","","","","","","","","","","","","","","","","","","","","","","","","","","","","","","","","","","","","","","","",""
"59183001","DUNKERQUE",51.055833,2.3395,11,1892012616,"","","","","","","","","","","","","","","","","","","","","","","","","","","","","","","","","","","","",5.6,9,3.8,9,"","","","","","","","","","","","","","","","","","","","","","","","","","",88,9,"","","","","","","","","","","","",8.,9,1011.6,9,1009.3,9,"","","","","","","","","","","","","","","","","","","","","","","","","","","","","","","","","","","","","","","","","","","","","","","","","","","","","","","","","","","","","","","","","","","","","","","","","","","","","","","","","","","","","","","","","","","","","","","","","","","","","","","","","","","","","","","",""
"59183001","DUNKERQUE",51.055833,2.3395,11,1892012620,"","","","","","","","","","","","","","","","","","","","","","","","","","","","","","","","","","","","",5.,9,5.,9,"","","","","","","","","","","","","","","","","","","","","","","","","","",100,9,"","","","","","","","","","","","",8.7,9,1009.7,9,1007.4,9,"","","","","","","","","","","","","","","","","","","","","","","","","","","","","","","","","","","","","","","","","","","","","","","","","","","","","","","","","","","","","","","","","","","","","","","","","","","","","","","","","","","","","","","","","","","","","","","","","","","","","","","","","","","","","","","",""
"59183001","DUNKERQUE",51.055833,2.3395,11,1892012707,"","","","","","","","","","","","","","","","","","","","","","","","","","","","","","","","","","","","",6.,9,5.9,9,"","","","","","","","","","","","","","","","","","","","","","","","","","",100,9,"","","","","","","","","","","","",9.3,9,1004.4,9,1002.1,9,"","","","","","","","","","","","","","","","","","","","","","","","","","","","","","","","","","","","","","","","","","","","","","","","","","","","","","","","","","","","","","","","","","","","","","","","","","","","","","","","","","","","","","","","","","","","","","","","","","","","","","","","","","","","","","","",""
"59183001","DUNKERQUE",51.055833,2.3395,11,1892012710,"","","","","","","","","","","","","","","","","","","","","","","","","","","","","","","","","","","","",6.6,9,6.1,9,"","","","","","","","","","","","","","","","","","","","","","","","","","",97,9,"","","","","","","","","","","","",9.4,9,1003.4,9,1001.1,9,"","","","","","","","","","","","","","","","","","","","","","","","","","","","","","","","","","","","","","","","","","","","","","","","","","","","","","","","","","","","","","","","","","","","","","","","","","","","","","","","","","","","","","","","","","","","","","","","","","","","","","","","","","","","","","","",""
"59183001","DUNKERQUE",51.055833,2.3395,11,1892012712,"","","","","","","","","","","","","","","","","","","","","","","","","","","","","","","","","","","","",7.,9,7.,9,"","","","","","","","","","","","","","","","","","","","","","","","","","",100,9,"","","","","","","","","","","","",10.,9,1001.2,9,998.9,9,"","","","","","","","","","","","","","","","","","","","","","","","","","","","","","","","","","","","","","","","","","","","","","","","","","","","","","","","","","","","","","","","","","","","","","","","","","","","","","","","","","","","","","","","","","","","","","","","","","","","","","","","","","","","","","","",""
"59183001","DUNKERQUE",51.055833,2.3395,11,1892012716,"","","","","","","","","","","","","","","","","","","","","","","","","","","","","","","","","","","","",7.,9,5.9,9,"","","","","","","","","","","","","","","","","","","","","","","","","","",93,9,"","","","","","","","","","","","",9.3,9,997.9,9,995.6,9,"","","","","","","","","","","","","","","","","","","","","","","","","","","","","","","","","","","","","","","","","","","","","","","","","","","","","","","","","","","","","","","","","","","","","","","","","","","","","","","","","","","","","","","","","","","","","","","","","","","","","","","","","","","","","","","",""
"59183001","DUNKERQUE",51.055833,2.3395,11,1892012720,"","","","","","","","","","","","","","","","","","","","","","","","","","","","","","","","","","","","",6.5,9,5.9,9,"","","","","","","","","","","","","","","","","","","","","","","","","","",96,9,"","","","","","","","","","","","",9.3,9,994.3,9,992.,9,"","","","","","","","","","","","","","","","","","","","","","","","","","","","","","","","","","","","","","","","","","","","","","","","","","","","","","","","","","","","","","","","","","","","","","","","","","","","","","","","","","","","","","","","","","","","","","","","","","","","","","","","","","","","","","","",""
"59183001","DUNKERQUE",51.055833,2.3395,11,1892012807,"","","","","","","","","","","","","","","","","","","","","","","","","","","","","","","","","","","","",5.2,9,2.3,9,"","","","","","","","","","","","","","","","","","","","","","","","","","",81,9,"","","","","","","","","","","","",7.2,9,1001.3,9,999.,9,"","","","","","","","","","","","","","","","","","","","","","","","","","","","","","","","","","","","","","","","","","","","","","","","","","","","","","","","","","","","","","","","","","","","","","","","","","","","","","","","","","","","","","","","","","","","","","","","","","","","","","","","","","","","","","","",""
"59183001","DUNKERQUE",51.055833,2.3395,11,1892012810,"","","","","","","","","","","","","","","","","","","","","","","","","","","","","","","","","","","","",5.4,9,2.5,9,"","","","","","","","","","","","","","","","","","","","","","","","","","",81,9,"","","","","","","","","","","","",7.3,9,1004.8,9,1002.5,9,"","","","","","","","","","","","","","","","","","","","","","","","","","","","","","","","","","","","","","","","","","","","","","","","","","","","","","","","","","","","","","","","","","","","","","","","","","","","","","","","","","","","","","","","","","","","","","","","","","","","","","","","","","","","","","","",""
"59183001","DUNKERQUE",51.055833,2.3395,11,1892012812,"","","","","","","","","","","","","","","","","","","","","","","","","","","","","","","","","","","","",6.2,9,2.9,9,"","","","","","","","","","","","","","","","","","","","","","","","","","",79,9,"","","","","","","","","","","","",7.5,9,1006.3,9,1004.,9,"","","","","","","","","","","","","","","","","","","","","","","","","","","","","","","","","","","","","","","","","","","","","","","","","","","","","","","","","","","","","","","","","","","","","","","","","","","","","","","","","","","","","","","","","","","","","","","","","","","","","","","","","","","","","","","",""
"59183001","DUNKERQUE",51.055833,2.3395,11,1892012816,"","","","","","","","","","","","","","","","","","","","","","","","","","","","","","","","","","","","",5.8,9,3.4,9,"","","","","","","","","","","","","","","","","","","","","","","","","","",85,9,"","","","","","","","","","","","",7.8,9,1006.2,9,1003.9,9,"","","","","","","","","","","","","","","","","","","","","","","","","","","","","","","","","","","","","","","","","","","","","","","","","","","","","","","","","","","","","","","","","","","","","","","","","","","","","","","","","","","","","","","","","","","","","","","","","","","","","","","","","","","","","","","",""
"59183001","DUNKERQUE",51.055833,2.3395,11,1892012820,"","","","","","","","","","","","","","","","","","","","","","","","","","","","","","","","","","","","",5.4,9,4.1,9,"","","","","","","","","","","","","","","","","","","","","","","","","","",91,9,"","","","","","","","","","","","",8.2,9,1006.2,9,1003.9,9,"","","","","","","","","","","","","","","","","","","","","","","","","","","","","","","","","","","","","","","","","","","","","","","","","","","","","","","","","","","","","","","","","","","","","","","","","","","","","","","","","","","","","","","","","","","","","","","","","","","","","","","","","","","","","","","",""
"59183001","DUNKERQUE",51.055833,2.3395,11,1892012907,"","","","","","","","","","","","","","","","","","","","","","","","","","","","","","","","","","","","",8.2,9,7.3,9,"","","","","","","","","","","","","","","","","","","","","","","","","","",94,9,"","","","","","","","","","","","",10.2,9,1000.9,9,998.6,9,"","","","","","","","","","","","","","","","","","","","","","","","","","","","","","","","","","","","","","","","","","","","","","","","","","","","","","","","","","","","","","","","","","","","","","","","","","","","","","","","","","","","","","","","","","","","","","","","","","","","","","","","","","","","","","","",""
"59183001","DUNKERQUE",51.055833,2.3395,11,1892012910,"","","","","","","","","","","","","","","","","","","","","","","","","","","","","","","","","","","","",8.8,9,8.,9,"","","","","","","","","","","","","","","","","","","","","","","","","","",95,9,"","","","","","","","","","","","",10.7,9,1000.8,9,998.5,9,"","","","","","","","","","","","","","","","","","","","","","","","","","","","","","","","","","","","","","","","","","","","","","","","","","","","","","","","","","","","","","","","","","","","","","","","","","","","","","","","","","","","","","","","","","","","","","","","","","","","","","","","","","","","","","","",""
"59183001","DUNKERQUE",51.055833,2.3395,11,1892012912,"","","","","","","","","","","","","","","","","","","","","","","","","","","","","","","","","","","","",9.4,9,8.7,9,"","","","","","","","","","","","","","","","","","","","","","","","","","",95,9,"","","","","","","","","","","","",11.2,9,1000.6,9,998.3,9,"","","","","","","","","","","","","","","","","","","","","","","","","","","","","","","","","","","","","","","","","","","","","","","","","","","","","","","","","","","","","","","","","","","","","","","","","","","","","","","","","","","","","","","","","","","","","","","","","","","","","","","","","","","","","","","",""
"59183001","DUNKERQUE",51.055833,2.3395,11,1892012916,"","","","","","","","","","","","","","","","","","","","","","","","","","","","","","","","","","","","",9.8,9,8.3,9,"","","","","","","","","","","","","","","","","","","","","","","","","","",90,9,"","","","","","","","","","","","",10.9,9,1000.6,9,998.3,9,"","","","","","","","","","","","","","","","","","","","","","","","","","","","","","","","","","","","","","","","","","","","","","","","","","","","","","","","","","","","","","","","","","","","","","","","","","","","","","","","","","","","","","","","","","","","","","","","","","","","","","","","","","","","","","","",""
"59183001","DUNKERQUE",51.055833,2.3395,11,1892012920,"","","","","","","","","","","","","","","","","","","","","","","","","","","","","","","","","","","","",8.8,9,7.1,9,"","","","","","","","","","","","","","","","","","","","","","","","","","",89,9,"","","","","","","","","","","","",10.1,9,1002.,9,999.7,9,"","","","","","","","","","","","","","","","","","","","","","","","","","","","","","","","","","","","","","","","","","","","","","","","","","","","","","","","","","","","","","","","","","","","","","","","","","","","","","","","","","","","","","","","","","","","","","","","","","","","","","","","","","","","","","","",""
"59183001","DUNKERQUE",51.055833,2.3395,11,1892013007,"","","","","","","","","","","","","","","","","","","","","","","","","","","","","","","","","","","","",7.4,9,7.,9,"","","","","","","","","","","","","","","","","","","","","","","","","","",97,9,"","","","","","","","","","","","",10.,9,1003.3,9,1001.,9,"","","","","","","","","","","","","","","","","","","","","","","","","","","","","","","","","","","","","","","","","","","","","","","","","","","","","","","","","","","","","","","","","","","","","","","","","","","","","","","","","","","","","","","","","","","","","","","","","","","","","","","","","","","","","","","",""
"59183001","DUNKERQUE",51.055833,2.3395,11,1892013010,"","","","","","","","","","","","","","","","","","","","","","","","","","","","","","","","","","","","",7.8,9,6.1,9,"","","","","","","","","","","","","","","","","","","","","","","","","","",89,9,"","","","","","","","","","","","",9.4,9,1003.8,9,1001.5,9,"","","","","","","","","","","","","","","","","","","","","","","","","","","","","","","","","","","","","","","","","","","","","","","","","","","","","","","","","","","","","","","","","","","","","","","","","","","","","","","","","","","","","","","","","","","","","","","","","","","","","","","","","","","","","","","",""
"59183001","DUNKERQUE",51.055833,2.3395,11,1892013012,"","","","","","","","","","","","","","","","","","","","","","","","","","","","","","","","","","","","",8.4,9,6.7,9,"","","","","","","","","","","","","","","","","","","","","","","","","","",89,9,"","","","","","","","","","","","",9.8,9,1003.8,9,1001.5,9,"","","","","","","","","","","","","","","","","","","","","","","","","","","","","","","","","","","","","","","","","","","","","","","","","","","","","","","","","","","","","","","","","","","","","","","","","","","","","","","","","","","","","","","","","","","","","","","","","","","","","","","","","","","","","","","",""
"59183001","DUNKERQUE",51.055833,2.3395,11,1892013016,"","","","","","","","","","","","","","","","","","","","","","","","","","","","","","","","","","","","",8.4,9,7.4,9,"","","","","","","","","","","","","","","","","","","","","","","","","","",94,9,"","","","","","","","","","","","",10.3,9,1003.8,9,1001.5,9,"","","","","","","","","","","","","","","","","","","","","","","","","","","","","","","","","","","","","","","","","","","","","","","","","","","","","","","","","","","","","","","","","","","","","","","","","","","","","","","","","","","","","","","","","","","","","","","","","","","","","","","","","","","","","","","",""
"59183001","DUNKERQUE",51.055833,2.3395,11,1892013020,"","","","","","","","","","","","","","","","","","","","","","","","","","","","","","","","","","","","",7.6,9,6.7,9,"","","","","","","","","","","","","","","","","","","","","","","","","","",94,9,"","","","","","","","","","","","",9.8,9,1003.7,9,1001.4,9,"","","","","","","","","","","","","","","","","","","","","","","","","","","","","","","","","","","","","","","","","","","","","","","","","","","","","","","","","","","","","","","","","","","","","","","","","","","","","","","","","","","","","","","","","","","","","","","","","","","","","","","","","","","","","","","",""
"59183001","DUNKERQUE",51.055833,2.3395,11,1892013107,"","","","","","","","","","","","","","","","","","","","","","","","","","","","","","","","","","","","",8.,9,7.6,9,"","","","","","","","","","","","","","","","","","","","","","","","","","",97,9,"","","","","","","","","","","","",10.4,9,1001.4,9,999.1,9,"","","","","","","","","","","","","","","","","","","","","","","","","","","","","","","","","","","","","","","","","","","","","","","","","","","","","","","","","","","","","","","","","","","","","","","","","","","","","","","","","","","","","","","","","","","","","","","","","","","","","","","","","","","","","","","",""
"59183001","DUNKERQUE",51.055833,2.3395,11,1892013110,"","","","","","","","","","","","","","","","","","","","","","","","","","","","","","","","","","","","",7.8,9,7.1,9,"","","","","","","","","","","","","","","","","","","","","","","","","","",96,9,"","","","","","","","","","","","",10.1,9,1001.7,9,999.4,9,"","","","","","","","","","","","","","","","","","","","","","","","","","","","","","","","","","","","","","","","","","","","","","","","","","","","","","","","","","","","","","","","","","","","","","","","","","","","","","","","","","","","","","","","","","","","","","","","","","","","","","","","","","","","","","","",""
"59183001","DUNKERQUE",51.055833,2.3395,11,1892013112,"","","","","","","","","","","","","","","","","","","","","","","","","","","","","","","","","","","","",7.6,9,6.7,9,"","","","","","","","","","","","","","","","","","","","","","","","","","",94,9,"","","","","","","","","","","","",9.8,9,1001.9,9,999.6,9,"","","","","","","","","","","","","","","","","","","","","","","","","","","","","","","","","","","","","","","","","","","","","","","","","","","","","","","","","","","","","","","","","","","","","","","","","","","","","","","","","","","","","","","","","","","","","","","","","","","","","","","","","","","","","","","",""
"59183001","DUNKERQUE",51.055833,2.3395,11,1892013116,"","","","","","","","","","","","","","","","","","","","","","","","","","","","","","","","","","","","",7.6,9,6.2,9,"","","","","","","","","","","","","","","","","","","","","","","","","","",91,9,"","","","","","","","","","","","",9.5,9,1001.9,9,999.6,9,"","","","","","","","","","","","","","","","","","","","","","","","","","","","","","","","","","","","","","","","","","","","","","","","","","","","","","","","","","","","","","","","","","","","","","","","","","","","","","","","","","","","","","","","","","","","","","","","","","","","","","","","","","","","","","","",""
"59183001","DUNKERQUE",51.055833,2.3395,11,1892013120,"","","","","","","","","","","","","","","","","","","","","","","","","","","","","","","","","","","","",5.8,9,5.8,9,"","","","","","","","","","","","","","","","","","","","","","","","","","",100,9,"","","","","","","","","","","","",9.2,9,1002.,9,999.7,9,"","","","","","","","","","","","","","","","","","","","","","","","","","","","","","","","","","","","","","","","","","","","","","","","","","","","","","","","","","","","","","","","","","","","","","","","","","","","","","","","","","","","","","","","","","","","","","","","","","","","","","","","","","","","","","","",""
"59183001","DUNKERQUE",51.055833,2.3395,11,1892020107,"","","","","","","","","","","","","","","","","","","","","","","","","","","","","","","","","","","","",7.,9,4.8,9,"","","","","","","","","","","","","","","","","","","","","","","","","","",86,9,"","","","","","","","","","","","",8.6,9,993.3,9,991.,9,"","","","","","","","","","","","","","","","","","","","","","","","","","","","","","","","","","","","","","","","","","","","","","","","","","","","","","","","","","","","","","","","","","","","","","","","","","","","","","","","","","","","","","","","","","","","","","","","","","","","","","","","","","","","","","","",""
"59183001","DUNKERQUE",51.055833,2.3395,11,1892020110,"","","","","","","","","","","","","","","","","","","","","","","","","","","","","","","","","","","","",6.6,9,3.8,9,"","","","","","","","","","","","","","","","","","","","","","","","","","",82,9,"","","","","","","","","","","","",8.,9,991.4,9,989.1,9,"","","","","","","","","","","","","","","","","","","","","","","","","","","","","","","","","","","","","","","","","","","","","","","","","","","","","","","","","","","","","","","","","","","","","","","","","","","","","","","","","","","","","","","","","","","","","","","","","","","","","","","","","","","","","","","",""
"59183001","DUNKERQUE",51.055833,2.3395,11,1892020112,"","","","","","","","","","","","","","","","","","","","","","","","","","","","","","","","","","","","",8.2,9,4.3,9,"","","","","","","","","","","","","","","","","","","","","","","","","","",76,9,"","","","","","","","","","","","",8.3,9,988.5,9,986.2,9,"","","","","","","","","","","","","","","","","","","","","","","","","","","","","","","","","","","","","","","","","","","","","","","","","","","","","","","","","","","","","","","","","","","","","","","","","","","","","","","","","","","","","","","","","","","","","","","","","","","","","","","","","","","","","","","",""
"59183001","DUNKERQUE",51.055833,2.3395,11,1892020116,"","","","","","","","","","","","","","","","","","","","","","","","","","","","","","","","","","","","",7.8,9,4.1,9,"","","","","","","","","","","","","","","","","","","","","","","","","","",78,9,"","","","","","","","","","","","",8.2,9,983.8,9,981.5,9,"","","","","","","","","","","","","","","","","","","","","","","","","","","","","","","","","","","","","","","","","","","","","","","","","","","","","","","","","","","","","","","","","","","","","","","","","","","","","","","","","","","","","","","","","","","","","","","","","","","","","","","","","","","","","","","",""
"59183001","DUNKERQUE",51.055833,2.3395,11,1892020120,"","","","","","","","","","","","","","","","","","","","","","","","","","","","","","","","","","","","",5.8,9,3.4,9,"","","","","","","","","","","","","","","","","","","","","","","","","","",85,9,"","","","","","","","","","","","",7.8,9,984.5,9,982.2,9,"","","","","","","","","","","","","","","","","","","","","","","","","","","","","","","","","","","","","","","","","","","","","","","","","","","","","","","","","","","","","","","","","","","","","","","","","","","","","","","","","","","","","","","","","","","","","","","","","","","","","","","","","","","","","","","",""
"59183001","DUNKERQUE",51.055833,2.3395,11,1892020207,"","","","","","","","","","","","","","","","","","","","","","","","","","","","","","","","","","","","",4.2,9,1.7,9,"","","","","","","","","","","","","","","","","","","","","","","","","","",84,9,"","","","","","","","","","","","",6.9,9,977.8,9,975.5,9,"","","","","","","","","","","","","","","","","","","","","","","","","","","","","","","","","","","","","","","","","","","","","","","","","","","","","","","","","","","","","","","","","","","","","","","","","","","","","","","","","","","","","","","","","","","","","","","","","","","","","","","","","","","","","","","",""
"59183001","DUNKERQUE",51.055833,2.3395,11,1892020210,"","","","","","","","","","","","","","","","","","","","","","","","","","","","","","","","","","","","",5.,9,-0.3,9,"","","","","","","","","","","","","","","","","","","","","","","","","","",69,9,"","","","","","","","","","","","",6.,9,977.6,9,975.3,9,"","","","","","","","","","","","","","","","","","","","","","","","","","","","","","","","","","","","","","","","","","","","","","","","","","","","","","","","","","","","","","","","","","","","","","","","","","","","","","","","","","","","","","","","","","","","","","","","","","","","","","","","","","","","","","","",""
"59183001","DUNKERQUE",51.055833,2.3395,11,1892020212,"","","","","","","","","","","","","","","","","","","","","","","","","","","","","","","","","","","","",5.8,9,-1.7,9,"","","","","","","","","","","","","","","","","","","","","","","","","","",59,9,"","","","","","","","","","","","",5.4,9,977.7,9,975.4,9,"","","","","","","","","","","","","","","","","","","","","","","","","","","","","","","","","","","","","","","","","","","","","","","","","","","","","","","","","","","","","","","","","","","","","","","","","","","","","","","","","","","","","","","","","","","","","","","","","","","","","","","","","","","","","","","",""
"59183001","DUNKERQUE",51.055833,2.3395,11,1892020216,"","","","","","","","","","","","","","","","","","","","","","","","","","","","","","","","","","","","",5.8,9,0.9,9,"","","","","","","","","","","","","","","","","","","","","","","","","","",70,9,"","","","","","","","","","","","",6.5,9,977.5,9,975.2,9,"","","","","","","","","","","","","","","","","","","","","","","","","","","","","","","","","","","","","","","","","","","","","","","","","","","","","","","","","","","","","","","","","","","","","","","","","","","","","","","","","","","","","","","","","","","","","","","","","","","","","","","","","","","","","","","",""
"59183001","DUNKERQUE",51.055833,2.3395,11,1892020220,"","","","","","","","","","","","","","","","","","","","","","","","","","","","","","","","","","","","",3.5,9,2.3,9,"","","","","","","","","","","","","","","","","","","","","","","","","","",92,9,"","","","","","","","","","","","",7.2,9,975.6,9,973.3,9,"","","","","","","","","","","","","","","","","","","","","","","","","","","","","","","","","","","","","","","","","","","","","","","","","","","","","","","","","","","","","","","","","","","","","","","","","","","","","","","","","","","","","","","","","","","","","","","","","","","","","","","","","","","","","","","",""
"59183001","DUNKERQUE",51.055833,2.3395,11,1892020307,"","","","","","","","","","","","","","","","","","","","","","","","","","","","","","","","","","","","",4.4,9,2.9,9,"","","","","","","","","","","","","","","","","","","","","","","","","","",90,9,"","","","","","","","","","","","",7.5,9,972.9,9,970.6,9,"","","","","","","","","","","","","","","","","","","","","","","","","","","","","","","","","","","","","","","","","","","","","","","","","","","","","","","","","","","","","","","","","","","","","","","","","","","","","","","","","","","","","","","","","","","","","","","","","","","","","","","","","","","","","","","",""
"59183001","DUNKERQUE",51.055833,2.3395,11,1892020310,"","","","","","","","","","","","","","","","","","","","","","","","","","","","","","","","","","","","",5.2,9,2.3,9,"","","","","","","","","","","","","","","","","","","","","","","","","","",82,9,"","","","","","","","","","","","",7.2,9,973.1,9,970.8,9,"","","","","","","","","","","","","","","","","","","","","","","","","","","","","","","","","","","","","","","","","","","","","","","","","","","","","","","","","","","","","","","","","","","","","","","","","","","","","","","","","","","","","","","","","","","","","","","","","","","","","","","","","","","","","","","",""
"59183001","DUNKERQUE",51.055833,2.3395,11,1892020312,"","","","","","","","","","","","","","","","","","","","","","","","","","","","","","","","","","","","",5.8,9,3.4,9,"","","","","","","","","","","","","","","","","","","","","","","","","","",85,9,"","","","","","","","","","","","",7.8,9,974.4,9,972.1,9,"","","","","","","","","","","","","","","","","","","","","","","","","","","","","","","","","","","","","","","","","","","","","","","","","","","","","","","","","","","","","","","","","","","","","","","","","","","","","","","","","","","","","","","","","","","","","","","","","","","","","","","","","","","","","","","",""
"59183001","DUNKERQUE",51.055833,2.3395,11,1892020316,"","","","","","","","","","","","","","","","","","","","","","","","","","","","","","","","","","","","",5.2,9,0.6,9,"","","","","","","","","","","","","","","","","","","","","","","","","","",72,9,"","","","","","","","","","","","",6.4,9,976.2,9,973.9,9,"","","","","","","","","","","","","","","","","","","","","","","","","","","","","","","","","","","","","","","","","","","","","","","","","","","","","","","","","","","","","","","","","","","","","","","","","","","","","","","","","","","","","","","","","","","","","","","","","","","","","","","","","","","","","","","",""
"59183001","DUNKERQUE",51.055833,2.3395,11,1892020320,"","","","","","","","","","","","","","","","","","","","","","","","","","","","","","","","","","","","",4.8,9,0.2,9,"","","","","","","","","","","","","","","","","","","","","","","","","","",72,9,"","","","","","","","","","","","",6.2,9,981.1,9,978.8,9,"","","","","","","","","","","","","","","","","","","","","","","","","","","","","","","","","","","","","","","","","","","","","","","","","","","","","","","","","","","","","","","","","","","","","","","","","","","","","","","","","","","","","","","","","","","","","","","","","","","","","","","","","","","","","","","",""
"59183001","DUNKERQUE",51.055833,2.3395,11,1892020407,"","","","","","","","","","","","","","","","","","","","","","","","","","","","","","","","","","","","",3.,9,0.,9,"","","","","","","","","","","","","","","","","","","","","","","","","","",80,9,"","","","","","","","","","","","",6.1,9,986.9,9,984.6,9,"","","","","","","","","","","","","","","","","","","","","","","","","","","","","","","","","","","","","","","","","","","","","","","","","","","","","","","","","","","","","","","","","","","","","","","","","","","","","","","","","","","","","","","","","","","","","","","","","","","","","","","","","","","","","","","",""
"59183001","DUNKERQUE",51.055833,2.3395,11,1892020410,"","","","","","","","","","","","","","","","","","","","","","","","","","","","","","","","","","","","",4.2,9,0.4,9,"","","","","","","","","","","","","","","","","","","","","","","","","","",77,9,"","","","","","","","","","","","",6.3,9,989.,9,986.7,9,"","","","","","","","","","","","","","","","","","","","","","","","","","","","","","","","","","","","","","","","","","","","","","","","","","","","","","","","","","","","","","","","","","","","","","","","","","","","","","","","","","","","","","","","","","","","","","","","","","","","","","","","","","","","","","","",""
"59183001","DUNKERQUE",51.055833,2.3395,11,1892020412,"","","","","","","","","","","","","","","","","","","","","","","","","","","","","","","","","","","","",6.,9,0.4,9,"","","","","","","","","","","","","","","","","","","","","","","","","","",67,9,"","","","","","","","","","","","",6.3,9,989.1,9,986.8,9,"","","","","","","","","","","","","","","","","","","","","","","","","","","","","","","","","","","","","","","","","","","","","","","","","","","","","","","","","","","","","","","","","","","","","","","","","","","","","","","","","","","","","","","","","","","","","","","","","","","","","","","","","","","","","","","",""
"59183001","DUNKERQUE",51.055833,2.3395,11,1892020416,"","","","","","","","","","","","","","","","","","","","","","","","","","","","","","","","","","","","",4.8,9,-2.2,9,"","","","","","","","","","","","","","","","","","","","","","","","","","",60,9,"","","","","","","","","","","","",5.2,9,989.,9,986.7,9,"","","","","","","","","","","","","","","","","","","","","","","","","","","","","","","","","","","","","","","","","","","","","","","","","","","","","","","","","","","","","","","","","","","","","","","","","","","","","","","","","","","","","","","","","","","","","","","","","","","","","","","","","","","","","","","",""
"59183001","DUNKERQUE",51.055833,2.3395,11,1892020420,"","","","","","","","","","","","","","","","","","","","","","","","","","","","","","","","","","","","",4.2,9,2.5,9,"","","","","","","","","","","","","","","","","","","","","","","","","","",89,9,"","","","","","","","","","","","",7.3,9,987.7,9,985.4,9,"","","","","","","","","","","","","","","","","","","","","","","","","","","","","","","","","","","","","","","","","","","","","","","","","","","","","","","","","","","","","","","","","","","","","","","","","","","","","","","","","","","","","","","","","","","","","","","","","","","","","","","","","","","","","","","",""
"59183001","DUNKERQUE",51.055833,2.3395,11,1892020507,"","","","","","","","","","","","","","","","","","","","","","","","","","","","","","","","","","","","",5.4,9,4.5,9,"","","","","","","","","","","","","","","","","","","","","","","","","","",94,9,"","","","","","","","","","","","",8.4,9,984.7,9,982.4,9,"","","","","","","","","","","","","","","","","","","","","","","","","","","","","","","","","","","","","","","","","","","","","","","","","","","","","","","","","","","","","","","","","","","","","","","","","","","","","","","","","","","","","","","","","","","","","","","","","","","","","","","","","","","","","","","",""
"59183001","DUNKERQUE",51.055833,2.3395,11,1892020510,"","","","","","","","","","","","","","","","","","","","","","","","","","","","","","","","","","","","",6.5,9,-0.5,9,"","","","","","","","","","","","","","","","","","","","","","","","","","",61,9,"","","","","","","","","","","","",5.9,9,984.7,9,982.4,9,"","","","","","","","","","","","","","","","","","","","","","","","","","","","","","","","","","","","","","","","","","","","","","","","","","","","","","","","","","","","","","","","","","","","","","","","","","","","","","","","","","","","","","","","","","","","","","","","","","","","","","","","","","","","","","","",""
"59183001","DUNKERQUE",51.055833,2.3395,11,1892020512,"","","","","","","","","","","","","","","","","","","","","","","","","","","","","","","","","","","","",8.2,9,7.7,9,"","","","","","","","","","","","","","","","","","","","","","","","","","",97,9,"","","","","","","","","","","","",10.5,9,983.9,9,981.6,9,"","","","","","","","","","","","","","","","","","","","","","","","","","","","","","","","","","","","","","","","","","","","","","","","","","","","","","","","","","","","","","","","","","","","","","","","","","","","","","","","","","","","","","","","","","","","","","","","","","","","","","","","","","","","","","","",""
"59183001","DUNKERQUE",51.055833,2.3395,11,1892020516,"","","","","","","","","","","","","","","","","","","","","","","","","","","","","","","","","","","","",7.6,9,6.4,9,"","","","","","","","","","","","","","","","","","","","","","","","","","",92,9,"","","","","","","","","","","","",9.6,9,987.2,9,984.9,9,"","","","","","","","","","","","","","","","","","","","","","","","","","","","","","","","","","","","","","","","","","","","","","","","","","","","","","","","","","","","","","","","","","","","","","","","","","","","","","","","","","","","","","","","","","","","","","","","","","","","","","","","","","","","","","","",""
"59183001","DUNKERQUE",51.055833,2.3395,11,1892020520,"","","","","","","","","","","","","","","","","","","","","","","","","","","","","","","","","","","","",5.6,9,4.6,9,"","","","","","","","","","","","","","","","","","","","","","","","","","",94,9,"","","","","","","","","","","","",8.5,9,989.9,9,987.6,9,"","","","","","","","","","","","","","","","","","","","","","","","","","","","","","","","","","","","","","","","","","","","","","","","","","","","","","","","","","","","","","","","","","","","","","","","","","","","","","","","","","","","","","","","","","","","","","","","","","","","","","","","","","","","","","","",""
"59183001","DUNKERQUE",51.055833,2.3395,11,1892020607,"","","","","","","","","","","","","","","","","","","","","","","","","","","","","","","","","","","","",5.6,9,3.8,9,"","","","","","","","","","","","","","","","","","","","","","","","","","",88,9,"","","","","","","","","","","","",8.,9,991.6,9,989.3,9,"","","","","","","","","","","","","","","","","","","","","","","","","","","","","","","","","","","","","","","","","","","","","","","","","","","","","","","","","","","","","","","","","","","","","","","","","","","","","","","","","","","","","","","","","","","","","","","","","","","","","","","","","","","","","","","",""
"59183001","DUNKERQUE",51.055833,2.3395,11,1892020610,"","","","","","","","","","","","","","","","","","","","","","","","","","","","","","","","","","","","",6.4,9,3.6,9,"","","","","","","","","","","","","","","","","","","","","","","","","","",82,9,"","","","","","","","","","","","",7.9,9,992.7,9,990.4,9,"","","","","","","","","","","","","","","","","","","","","","","","","","","","","","","","","","","","","","","","","","","","","","","","","","","","","","","","","","","","","","","","","","","","","","","","","","","","","","","","","","","","","","","","","","","","","","","","","","","","","","","","","","","","","","","",""
"59183001","DUNKERQUE",51.055833,2.3395,11,1892020612,"","","","","","","","","","","","","","","","","","","","","","","","","","","","","","","","","","","","",7.,9,4.3,9,"","","","","","","","","","","","","","","","","","","","","","","","","","",83,9,"","","","","","","","","","","","",8.3,9,992.9,9,990.6,9,"","","","","","","","","","","","","","","","","","","","","","","","","","","","","","","","","","","","","","","","","","","","","","","","","","","","","","","","","","","","","","","","","","","","","","","","","","","","","","","","","","","","","","","","","","","","","","","","","","","","","","","","","","","","","","","",""
"59183001","DUNKERQUE",51.055833,2.3395,11,1892020616,"","","","","","","","","","","","","","","","","","","","","","","","","","","","","","","","","","","","",7.,9,4.8,9,"","","","","","","","","","","","","","","","","","","","","","","","","","",86,9,"","","","","","","","","","","","",8.6,9,992.9,9,990.6,9,"","","","","","","","","","","","","","","","","","","","","","","","","","","","","","","","","","","","","","","","","","","","","","","","","","","","","","","","","","","","","","","","","","","","","","","","","","","","","","","","","","","","","","","","","","","","","","","","","","","","","","","","","","","","","","","",""
"59183001","DUNKERQUE",51.055833,2.3395,11,1892020620,"","","","","","","","","","","","","","","","","","","","","","","","","","","","","","","","","","","","",5.6,9,4.6,9,"","","","","","","","","","","","","","","","","","","","","","","","","","",94,9,"","","","","","","","","","","","",8.5,9,992.8,9,990.5,9,"","","","","","","","","","","","","","","","","","","","","","","","","","","","","","","","","","","","","","","","","","","","","","","","","","","","","","","","","","","","","","","","","","","","","","","","","","","","","","","","","","","","","","","","","","","","","","","","","","","","","","","","","","","","","","","",""
"59183001","DUNKERQUE",51.055833,2.3395,11,1892020707,"","","","","","","","","","","","","","","","","","","","","","","","","","","","","","","","","","","","",6.4,9,5.9,9,"","","","","","","","","","","","","","","","","","","","","","","","","","",97,9,"","","","","","","","","","","","",9.3,9,994.5,9,992.2,9,"","","","","","","","","","","","","","","","","","","","","","","","","","","","","","","","","","","","","","","","","","","","","","","","","","","","","","","","","","","","","","","","","","","","","","","","","","","","","","","","","","","","","","","","","","","","","","","","","","","","","","","","","","","","","","","",""
"59183001","DUNKERQUE",51.055833,2.3395,11,1892020710,"","","","","","","","","","","","","","","","","","","","","","","","","","","","","","","","","","","","",8.6,9,8.1,9,"","","","","","","","","","","","","","","","","","","","","","","","","","",97,9,"","","","","","","","","","","","",10.8,9,995.4,9,993.1,9,"","","","","","","","","","","","","","","","","","","","","","","","","","","","","","","","","","","","","","","","","","","","","","","","","","","","","","","","","","","","","","","","","","","","","","","","","","","","","","","","","","","","","","","","","","","","","","","","","","","","","","","","","","","","","","","",""
"59183001","DUNKERQUE",51.055833,2.3395,11,1892020712,"","","","","","","","","","","","","","","","","","","","","","","","","","","","","","","","","","","","",9.4,9,8.9,9,"","","","","","","","","","","","","","","","","","","","","","","","","","",97,9,"","","","","","","","","","","","",11.4,9,995.7,9,993.4,9,"","","","","","","","","","","","","","","","","","","","","","","","","","","","","","","","","","","","","","","","","","","","","","","","","","","","","","","","","","","","","","","","","","","","","","","","","","","","","","","","","","","","","","","","","","","","","","","","","","","","","","","","","","","","","","","",""
"59183001","DUNKERQUE",51.055833,2.3395,11,1892020716,"","","","","","","","","","","","","","","","","","","","","","","","","","","","","","","","","","","","",9.8,9,9.,9,"","","","","","","","","","","","","","","","","","","","","","","","","","",95,9,"","","","","","","","","","","","",11.5,9,995.5,9,993.2,9,"","","","","","","","","","","","","","","","","","","","","","","","","","","","","","","","","","","","","","","","","","","","","","","","","","","","","","","","","","","","","","","","","","","","","","","","","","","","","","","","","","","","","","","","","","","","","","","","","","","","","","","","","","","","","","","",""
"59183001","DUNKERQUE",51.055833,2.3395,11,1892020720,"","","","","","","","","","","","","","","","","","","","","","","","","","","","","","","","","","","","",8.4,9,7.4,9,"","","","","","","","","","","","","","","","","","","","","","","","","","",94,9,"","","","","","","","","","","","",10.3,9,992.6,9,990.3,9,"","","","","","","","","","","","","","","","","","","","","","","","","","","","","","","","","","","","","","","","","","","","","","","","","","","","","","","","","","","","","","","","","","","","","","","","","","","","","","","","","","","","","","","","","","","","","","","","","","","","","","","","","","","","","","","",""
"59183001","DUNKERQUE",51.055833,2.3395,11,1892020807,"","","","","","","","","","","","","","","","","","","","","","","","","","","","","","","","","","","","",6.8,9,5.,9,"","","","","","","","","","","","","","","","","","","","","","","","","","",88,9,"","","","","","","","","","","","",8.7,9,992.5,9,990.2,9,"","","","","","","","","","","","","","","","","","","","","","","","","","","","","","","","","","","","","","","","","","","","","","","","","","","","","","","","","","","","","","","","","","","","","","","","","","","","","","","","","","","","","","","","","","","","","","","","","","","","","","","","","","","","","","","",""
"59183001","DUNKERQUE",51.055833,2.3395,11,1892020810,"","","","","","","","","","","","","","","","","","","","","","","","","","","","","","","","","","","","",8.2,9,6.7,9,"","","","","","","","","","","","","","","","","","","","","","","","","","",90,9,"","","","","","","","","","","","",9.8,9,992.2,9,989.9,9,"","","","","","","","","","","","","","","","","","","","","","","","","","","","","","","","","","","","","","","","","","","","","","","","","","","","","","","","","","","","","","","","","","","","","","","","","","","","","","","","","","","","","","","","","","","","","","","","","","","","","","","","","","","","","","","",""
"59183001","DUNKERQUE",51.055833,2.3395,11,1892020812,"","","","","","","","","","","","","","","","","","","","","","","","","","","","","","","","","","","","",8.,9,7.1,9,"","","","","","","","","","","","","","","","","","","","","","","","","","",94,9,"","","","","","","","","","","","",10.1,9,988.7,9,986.4,9,"","","","","","","","","","","","","","","","","","","","","","","","","","","","","","","","","","","","","","","","","","","","","","","","","","","","","","","","","","","","","","","","","","","","","","","","","","","","","","","","","","","","","","","","","","","","","","","","","","","","","","","","","","","","","","","",""
"59183001","DUNKERQUE",51.055833,2.3395,11,1892020816,"","","","","","","","","","","","","","","","","","","","","","","","","","","","","","","","","","","","",7.,9,4.3,9,"","","","","","","","","","","","","","","","","","","","","","","","","","",83,9,"","","","","","","","","","","","",8.3,9,986.3,9,984.,9,"","","","","","","","","","","","","","","","","","","","","","","","","","","","","","","","","","","","","","","","","","","","","","","","","","","","","","","","","","","","","","","","","","","","","","","","","","","","","","","","","","","","","","","","","","","","","","","","","","","","","","","","","","","","","","","",""
"59183001","DUNKERQUE",51.055833,2.3395,11,1892020820,"","","","","","","","","","","","","","","","","","","","","","","","","","","","","","","","","","","","",6.2,9,5.3,9,"","","","","","","","","","","","","","","","","","","","","","","","","","",94,9,"","","","","","","","","","","","",8.9,9,992.8,9,990.5,9,"","","","","","","","","","","","","","","","","","","","","","","","","","","","","","","","","","","","","","","","","","","","","","","","","","","","","","","","","","","","","","","","","","","","","","","","","","","","","","","","","","","","","","","","","","","","","","","","","","","","","","","","","","","","","","","",""
"59183001","DUNKERQUE",51.055833,2.3395,11,1892020907,"","","","","","","","","","","","","","","","","","","","","","","","","","","","","","","","","","","","",3.2,9,0.,9,"","","","","","","","","","","","","","","","","","","","","","","","","","",79,9,"","","","","","","","","","","","",6.1,9,1004.4,9,1002.1,9,"","","","","","","","","","","","","","","","","","","","","","","","","","","","","","","","","","","","","","","","","","","","","","","","","","","","","","","","","","","","","","","","","","","","","","","","","","","","","","","","","","","","","","","","","","","","","","","","","","","","","","","","","","","","","","","",""
"59183001","DUNKERQUE",51.055833,2.3395,11,1892020910,"","","","","","","","","","","","","","","","","","","","","","","","","","","","","","","","","","","","",2.8,9,0.2,9,"","","","","","","","","","","","","","","","","","","","","","","","","","",83,9,"","","","","","","","","","","","",6.2,9,1007.4,9,1005.,9,"","","","","","","","","","","","","","","","","","","","","","","","","","","","","","","","","","","","","","","","","","","","","","","","","","","","","","","","","","","","","","","","","","","","","","","","","","","","","","","","","","","","","","","","","","","","","","","","","","","","","","","","","","","","","","","",""
"59183001","DUNKERQUE",51.055833,2.3395,11,1892020912,"","","","","","","","","","","","","","","","","","","","","","","","","","","","","","","","","","","","",4.2,9,-2.,9,"","","","","","","","","","","","","","","","","","","","","","","","","","",64,9,"","","","","","","","","","","","",5.3,9,1007.6,9,1005.3,9,"","","","","","","","","","","","","","","","","","","","","","","","","","","","","","","","","","","","","","","","","","","","","","","","","","","","","","","","","","","","","","","","","","","","","","","","","","","","","","","","","","","","","","","","","","","","","","","","","","","","","","","","","","","","","","","",""
"59183001","DUNKERQUE",51.055833,2.3395,11,1892020916,"","","","","","","","","","","","","","","","","","","","","","","","","","","","","","","","","","","","",4.6,9,-1.4,9,"","","","","","","","","","","","","","","","","","","","","","","","","","",65,9,"","","","","","","","","","","","",5.5,9,1007.4,9,1005.1,9,"","","","","","","","","","","","","","","","","","","","","","","","","","","","","","","","","","","","","","","","","","","","","","","","","","","","","","","","","","","","","","","","","","","","","","","","","","","","","","","","","","","","","","","","","","","","","","","","","","","","","","","","","","","","","","","",""
"59183001","DUNKERQUE",51.055833,2.3395,11,1892020920,"","","","","","","","","","","","","","","","","","","","","","","","","","","","","","","","","","","","",3.2,9,-0.7,9,"","","","","","","","","","","","","","","","","","","","","","","","","","",76,9,"","","","","","","","","","","","",5.8,9,1007.6,9,1005.2,9,"","","","","","","","","","","","","","","","","","","","","","","","","","","","","","","","","","","","","","","","","","","","","","","","","","","","","","","","","","","","","","","","","","","","","","","","","","","","","","","","","","","","","","","","","","","","","","","","","","","","","","","","","","","","","","","",""
"59183001","DUNKERQUE",51.055833,2.3395,11,1892021007,"","","","","","","","","","","","","","","","","","","","","","","","","","","","","","","","","","","","",2.2,9,1.7,9,"","","","","","","","","","","","","","","","","","","","","","","","","","",96,9,"","","","","","","","","","","","",6.9,9,1008.5,9,1006.1,9,"","","","","","","","","","","","","","","","","","","","","","","","","","","","","","","","","","","","","","","","","","","","","","","","","","","","","","","","","","","","","","","","","","","","","","","","","","","","","","","","","","","","","","","","","","","","","","","","","","","","","","","","","","","","","","","",""
"59183001","DUNKERQUE",51.055833,2.3395,11,1892021010,"","","","","","","","","","","","","","","","","","","","","","","","","","","","","","","","","","","","",4.,9,3.9,9,"","","","","","","","","","","","","","","","","","","","","","","","","","",100,9,"","","","","","","","","","","","",8.1,9,1008.2,9,1005.9,9,"","","","","","","","","","","","","","","","","","","","","","","","","","","","","","","","","","","","","","","","","","","","","","","","","","","","","","","","","","","","","","","","","","","","","","","","","","","","","","","","","","","","","","","","","","","","","","","","","","","","","","","","","","","","","","","",""
"59183001","DUNKERQUE",51.055833,2.3395,11,1892021012,"","","","","","","","","","","","","","","","","","","","","","","","","","","","","","","","","","","","",5.,9,4.6,9,"","","","","","","","","","","","","","","","","","","","","","","","","","",97,9,"","","","","","","","","","","","",8.5,9,1008.2,9,1005.9,9,"","","","","","","","","","","","","","","","","","","","","","","","","","","","","","","","","","","","","","","","","","","","","","","","","","","","","","","","","","","","","","","","","","","","","","","","","","","","","","","","","","","","","","","","","","","","","","","","","","","","","","","","","","","","","","","",""
"59183001","DUNKERQUE",51.055833,2.3395,11,1892021016,"","","","","","","","","","","","","","","","","","","","","","","","","","","","","","","","","","","","",6.,9,5.9,9,"","","","","","","","","","","","","","","","","","","","","","","","","","",100,9,"","","","","","","","","","","","",9.3,9,1008.2,9,1005.9,9,"","","","","","","","","","","","","","","","","","","","","","","","","","","","","","","","","","","","","","","","","","","","","","","","","","","","","","","","","","","","","","","","","","","","","","","","","","","","","","","","","","","","","","","","","","","","","","","","","","","","","","","","","","","","","","","",""
"59183001","DUNKERQUE",51.055833,2.3395,11,1892021020,"","","","","","","","","","","","","","","","","","","","","","","","","","","","","","","","","","","","",5.8,9,5.8,9,"","","","","","","","","","","","","","","","","","","","","","","","","","",100,9,"","","","","","","","","","","","",9.2,9,1008.2,9,1005.9,9,"","","","","","","","","","","","","","","","","","","","","","","","","","","","","","","","","","","","","","","","","","","","","","","","","","","","","","","","","","","","","","","","","","","","","","","","","","","","","","","","","","","","","","","","","","","","","","","","","","","","","","","","","","","","","","","",""
"59183001","DUNKERQUE",51.055833,2.3395,11,1892021107,"","","","","","","","","","","","","","","","","","","","","","","","","","","","","","","","","","","","",5.2,9,5.1,9,"","","","","","","","","","","","","","","","","","","","","","","","","","",100,9,"","","","","","","","","","","","",8.8,9,1009.2,9,1006.9,9,"","","","","","","","","","","","","","","","","","","","","","","","","","","","","","","","","","","","","","","","","","","","","","","","","","","","","","","","","","","","","","","","","","","","","","","","","","","","","","","","","","","","","","","","","","","","","","","","","","","","","","","","","","","","","","","",""
"59183001","DUNKERQUE",51.055833,2.3395,11,1892021110,"","","","","","","","","","","","","","","","","","","","","","","","","","","","","","","","","","","","",6.2,9,5.8,9,"","","","","","","","","","","","","","","","","","","","","","","","","","",97,9,"","","","","","","","","","","","",9.2,9,1010.2,9,1007.9,9,"","","","","","","","","","","","","","","","","","","","","","","","","","","","","","","","","","","","","","","","","","","","","","","","","","","","","","","","","","","","","","","","","","","","","","","","","","","","","","","","","","","","","","","","","","","","","","","","","","","","","","","","","","","","","","","",""
"59183001","DUNKERQUE",51.055833,2.3395,11,1892021112,"","","","","","","","","","","","","","","","","","","","","","","","","","","","","","","","","","","","",6.8,9,6.4,9,"","","","","","","","","","","","","","","","","","","","","","","","","","",97,9,"","","","","","","","","","","","",9.6,9,1010.6,9,1008.3,9,"","","","","","","","","","","","","","","","","","","","","","","","","","","","","","","","","","","","","","","","","","","","","","","","","","","","","","","","","","","","","","","","","","","","","","","","","","","","","","","","","","","","","","","","","","","","","","","","","","","","","","","","","","","","","","","",""
"59183001","DUNKERQUE",51.055833,2.3395,11,1892021116,"","","","","","","","","","","","","","","","","","","","","","","","","","","","","","","","","","","","",6.4,9,5.9,9,"","","","","","","","","","","","","","","","","","","","","","","","","","",97,9,"","","","","","","","","","","","",9.3,9,1010.5,9,1008.2,9,"","","","","","","","","","","","","","","","","","","","","","","","","","","","","","","","","","","","","","","","","","","","","","","","","","","","","","","","","","","","","","","","","","","","","","","","","","","","","","","","","","","","","","","","","","","","","","","","","","","","","","","","","","","","","","","",""
"59183001","DUNKERQUE",51.055833,2.3395,11,1892021120,"","","","","","","","","","","","","","","","","","","","","","","","","","","","","","","","","","","","",3.6,9,2.1,9,"","","","","","","","","","","","","","","","","","","","","","","","","","",90,9,"","","","","","","","","","","","",7.1,9,1010.7,9,1008.3,9,"","","","","","","","","","","","","","","","","","","","","","","","","","","","","","","","","","","","","","","","","","","","","","","","","","","","","","","","","","","","","","","","","","","","","","","","","","","","","","","","","","","","","","","","","","","","","","","","","","","","","","","","","","","","","","","",""
"59183001","DUNKERQUE",51.055833,2.3395,11,1892021207,"","","","","","","","","","","","","","","","","","","","","","","","","","","","","","","","","","","","",1.2,9,0.6,9,"","","","","","","","","","","","","","","","","","","","","","","","","","",96,9,"","","","","","","","","","","","",6.4,9,1011.1,9,1008.7,9,"","","","","","","","","","","","","","","","","","","","","","","","","","","","","","","","","","","","","","","","","","","","","","","","","","","","","","","","","","","","","","","","","","","","","","","","","","","","","","","","","","","","","","","","","","","","","","","","","","","","","","","","","","","","","","","",""
"59183001","DUNKERQUE",51.055833,2.3395,11,1892021210,"","","","","","","","","","","","","","","","","","","","","","","","","","","","","","","","","","","","",5.,9,5.,9,"","","","","","","","","","","","","","","","","","","","","","","","","","",100,9,"","","","","","","","","","","","",8.7,9,1011.,9,1008.7,9,"","","","","","","","","","","","","","","","","","","","","","","","","","","","","","","","","","","","","","","","","","","","","","","","","","","","","","","","","","","","","","","","","","","","","","","","","","","","","","","","","","","","","","","","","","","","","","","","","","","","","","","","","","","","","","","",""
"59183001","DUNKERQUE",51.055833,2.3395,11,1892021212,"","","","","","","","","","","","","","","","","","","","","","","","","","","","","","","","","","","","",5.4,9,4.5,9,"","","","","","","","","","","","","","","","","","","","","","","","","","",94,9,"","","","","","","","","","","","",8.4,9,1010.9,9,1008.6,9,"","","","","","","","","","","","","","","","","","","","","","","","","","","","","","","","","","","","","","","","","","","","","","","","","","","","","","","","","","","","","","","","","","","","","","","","","","","","","","","","","","","","","","","","","","","","","","","","","","","","","","","","","","","","","","","",""
"59183001","DUNKERQUE",51.055833,2.3395,11,1892021216,"","","","","","","","","","","","","","","","","","","","","","","","","","","","","","","","","","","","",5.9,9,4.3,9,"","","","","","","","","","","","","","","","","","","","","","","","","","",89,9,"","","","","","","","","","","","",8.3,9,1010.9,9,1008.6,9,"","","","","","","","","","","","","","","","","","","","","","","","","","","","","","","","","","","","","","","","","","","","","","","","","","","","","","","","","","","","","","","","","","","","","","","","","","","","","","","","","","","","","","","","","","","","","","","","","","","","","","","","","","","","","","","",""
"59183001","DUNKERQUE",51.055833,2.3395,11,1892021220,"","","","","","","","","","","","","","","","","","","","","","","","","","","","","","","","","","","","",5.,9,5.,9,"","","","","","","","","","","","","","","","","","","","","","","","","","",100,9,"","","","","","","","","","","","",8.7,9,1011.7,9,1009.4,9,"","","","","","","","","","","","","","","","","","","","","","","","","","","","","","","","","","","","","","","","","","","","","","","","","","","","","","","","","","","","","","","","","","","","","","","","","","","","","","","","","","","","","","","","","","","","","","","","","","","","","","","","","","","","","","","",""
"59183001","DUNKERQUE",51.055833,2.3395,11,1892021307,"","","","","","","","","","","","","","","","","","","","","","","","","","","","","","","","","","","","",5.2,9,1.1,9,"","","","","","","","","","","","","","","","","","","","","","","","","","",75,9,"","","","","","","","","","","","",6.6,9,1011.6,9,1009.3,9,"","","","","","","","","","","","","","","","","","","","","","","","","","","","","","","","","","","","","","","","","","","","","","","","","","","","","","","","","","","","","","","","","","","","","","","","","","","","","","","","","","","","","","","","","","","","","","","","","","","","","","","","","","","","","","","",""
"59183001","DUNKERQUE",51.055833,2.3395,11,1892021310,"","","","","","","","","","","","","","","","","","","","","","","","","","","","","","","","","","","","",5.,9,0.4,9,"","","","","","","","","","","","","","","","","","","","","","","","","","",72,9,"","","","","","","","","","","","",6.3,9,1012.2,9,1009.8,9,"","","","","","","","","","","","","","","","","","","","","","","","","","","","","","","","","","","","","","","","","","","","","","","","","","","","","","","","","","","","","","","","","","","","","","","","","","","","","","","","","","","","","","","","","","","","","","","","","","","","","","","","","","","","","","","",""
"59183001","DUNKERQUE",51.055833,2.3395,11,1892021312,"","","","","","","","","","","","","","","","","","","","","","","","","","","","","","","","","","","","",4.2,9,1.1,9,"","","","","","","","","","","","","","","","","","","","","","","","","","",80,9,"","","","","","","","","","","","",6.6,9,1012.,9,1009.6,9,"","","","","","","","","","","","","","","","","","","","","","","","","","","","","","","","","","","","","","","","","","","","","","","","","","","","","","","","","","","","","","","","","","","","","","","","","","","","","","","","","","","","","","","","","","","","","","","","","","","","","","","","","","","","","","","",""
"59183001","DUNKERQUE",51.055833,2.3395,11,1892021316,"","","","","","","","","","","","","","","","","","","","","","","","","","","","","","","","","","","","",4.6,9,0.4,9,"","","","","","","","","","","","","","","","","","","","","","","","","","",74,9,"","","","","","","","","","","","",6.3,9,1012.3,9,1009.9,9,"","","","","","","","","","","","","","","","","","","","","","","","","","","","","","","","","","","","","","","","","","","","","","","","","","","","","","","","","","","","","","","","","","","","","","","","","","","","","","","","","","","","","","","","","","","","","","","","","","","","","","","","","","","","","","","",""
"59183001","DUNKERQUE",51.055833,2.3395,11,1892021320,"","","","","","","","","","","","","","","","","","","","","","","","","","","","","","","","","","","","",2.6,9,1.5,9,"","","","","","","","","","","","","","","","","","","","","","","","","","",93,9,"","","","","","","","","","","","",6.8,9,1012.1,9,1009.7,9,"","","","","","","","","","","","","","","","","","","","","","","","","","","","","","","","","","","","","","","","","","","","","","","","","","","","","","","","","","","","","","","","","","","","","","","","","","","","","","","","","","","","","","","","","","","","","","","","","","","","","","","","","","","","","","","",""
"59183001","DUNKERQUE",51.055833,2.3395,11,1892021407,"","","","","","","","","","","","","","","","","","","","","","","","","","","","","","","","","","","","",3.4,9,1.9,9,"","","","","","","","","","","","","","","","","","","","","","","","","","",90,9,"","","","","","","","","","","","",7.,9,1008.,9,1005.6,9,"","","","","","","","","","","","","","","","","","","","","","","","","","","","","","","","","","","","","","","","","","","","","","","","","","","","","","","","","","","","","","","","","","","","","","","","","","","","","","","","","","","","","","","","","","","","","","","","","","","","","","","","","","","","","","","",""
"59183001","DUNKERQUE",51.055833,2.3395,11,1892021410,"","","","","","","","","","","","","","","","","","","","","","","","","","","","","","","","","","","","",3.8,9,1.3,9,"","","","","","","","","","","","","","","","","","","","","","","","","","",83,9,"","","","","","","","","","","","",6.7,9,1006.8,9,1004.5,9,"","","","","","","","","","","","","","","","","","","","","","","","","","","","","","","","","","","","","","","","","","","","","","","","","","","","","","","","","","","","","","","","","","","","","","","","","","","","","","","","","","","","","","","","","","","","","","","","","","","","","","","","","","","","","","","",""
"59183001","DUNKERQUE",51.055833,2.3395,11,1892021412,"","","","","","","","","","","","","","","","","","","","","","","","","","","","","","","","","","","","",4.8,9,0.2,9,"","","","","","","","","","","","","","","","","","","","","","","","","","",72,9,"","","","","","","","","","","","",6.2,9,1005.2,9,1002.9,9,"","","","","","","","","","","","","","","","","","","","","","","","","","","","","","","","","","","","","","","","","","","","","","","","","","","","","","","","","","","","","","","","","","","","","","","","","","","","","","","","","","","","","","","","","","","","","","","","","","","","","","","","","","","","","","","",""
"59183001","DUNKERQUE",51.055833,2.3395,11,1892021416,"","","","","","","","","","","","","","","","","","","","","","","","","","","","","","","","","","","","",3.8,9,2.3,9,"","","","","","","","","","","","","","","","","","","","","","","","","","",90,9,"","","","","","","","","","","","",7.2,9,1000.9,9,998.6,9,"","","","","","","","","","","","","","","","","","","","","","","","","","","","","","","","","","","","","","","","","","","","","","","","","","","","","","","","","","","","","","","","","","","","","","","","","","","","","","","","","","","","","","","","","","","","","","","","","","","","","","","","","","","","","","","",""
"59183001","DUNKERQUE",51.055833,2.3395,11,1892021420,"","","","","","","","","","","","","","","","","","","","","","","","","","","","","","","","","","","","",3.2,9,2.9,9,"","","","","","","","","","","","","","","","","","","","","","","","","","",97,9,"","","","","","","","","","","","",7.5,9,993.9,9,991.6,9,"","","","","","","","","","","","","","","","","","","","","","","","","","","","","","","","","","","","","","","","","","","","","","","","","","","","","","","","","","","","","","","","","","","","","","","","","","","","","","","","","","","","","","","","","","","","","","","","","","","","","","","","","","","","","","","",""
"59183001","DUNKERQUE",51.055833,2.3395,11,1892021507,"","","","","","","","","","","","","","","","","","","","","","","","","","","","","","","","","","","","",4.4,9,4.4,9,"","","","","","","","","","","","","","","","","","","","","","","","","","",100,9,"","","","","","","","","","","","",8.4,9,984.4,9,982.1,9,"","","","","","","","","","","","","","","","","","","","","","","","","","","","","","","","","","","","","","","","","","","","","","","","","","","","","","","","","","","","","","","","","","","","","","","","","","","","","","","","","","","","","","","","","","","","","","","","","","","","","","","","","","","","","","","",""
"59183001","DUNKERQUE",51.055833,2.3395,11,1892021510,"","","","","","","","","","","","","","","","","","","","","","","","","","","","","","","","","","","","",5.,9,5.,9,"","","","","","","","","","","","","","","","","","","","","","","","","","",100,9,"","","","","","","","","","","","",8.7,9,983.8,9,981.5,9,"","","","","","","","","","","","","","","","","","","","","","","","","","","","","","","","","","","","","","","","","","","","","","","","","","","","","","","","","","","","","","","","","","","","","","","","","","","","","","","","","","","","","","","","","","","","","","","","","","","","","","","","","","","","","","","",""
"59183001","DUNKERQUE",51.055833,2.3395,11,1892021512,"","","","","","","","","","","","","","","","","","","","","","","","","","","","","","","","","","","","",2.2,9,1.7,9,"","","","","","","","","","","","","","","","","","","","","","","","","","",96,9,"","","","","","","","","","","","",6.9,9,983.3,9,981.,9,"","","","","","","","","","","","","","","","","","","","","","","","","","","","","","","","","","","","","","","","","","","","","","","","","","","","","","","","","","","","","","","","","","","","","","","","","","","","","","","","","","","","","","","","","","","","","","","","","","","","","","","","","","","","","","","",""
"59183001","DUNKERQUE",51.055833,2.3395,11,1892021516,"","","","","","","","","","","","","","","","","","","","","","","","","","","","","","","","","","","","",0.2,9,-0.3,9,"","","","","","","","","","","","","","","","","","","","","","","","","","",96,9,"","","","","","","","","","","","",6.,9,982.5,9,980.2,9,"","","","","","","","","","","","","","","","","","","","","","","","","","","","","","","","","","","","","","","","","","","","","","","","","","","","","","","","","","","","","","","","","","","","","","","","","","","","","","","","","","","","","","","","","","","","","","","","","","","","","","","","","","","","","","","",""
"59183001","DUNKERQUE",51.055833,2.3395,11,1892021520,"","","","","","","","","","","","","","","","","","","","","","","","","","","","","","","","","","","","",-1.8,9,-2.5,9,"","","","","","","","","","","","","","","","","","","","","","","","","","",96,9,"","","","","","","","","","","","",5.1,9,982.8,9,980.5,9,"","","","","","","","","","","","","","","","","","","","","","","","","","","","","","","","","","","","","","","","","","","","","","","","","","","","","","","","","","","","","","","","","","","","","","","","","","","","","","","","","","","","","","","","","","","","","","","","","","","","","","","","","","","","","","","",""
"59183001","DUNKERQUE",51.055833,2.3395,11,1892021607,"","","","","","","","","","","","","","","","","","","","","","","","","","","","","","","","","","","","",-2.8,9,-2.8,9,"","","","","","","","","","","","","","","","","","","","","","","","","","",100,9,"","","","","","","","","","","","",5.,9,984.5,9,982.1,9,"","","","","","","","","","","","","","","","","","","","","","","","","","","","","","","","","","","","","","","","","","","","","","","","","","","","","","","","","","","","","","","","","","","","","","","","","","","","","","","","","","","","","","","","","","","","","","","","","","","","","","","","","","","","","","","",""
"59183001","DUNKERQUE",51.055833,2.3395,11,1892021610,"","","","","","","","","","","","","","","","","","","","","","","","","","","","","","","","","","","","",-1.6,9,-1.7,9,"","","","","","","","","","","","","","","","","","","","","","","","","","",100,9,"","","","","","","","","","","","",5.4,9,985.4,9,983.1,9,"","","","","","","","","","","","","","","","","","","","","","","","","","","","","","","","","","","","","","","","","","","","","","","","","","","","","","","","","","","","","","","","","","","","","","","","","","","","","","","","","","","","","","","","","","","","","","","","","","","","","","","","","","","","","","","",""
"59183001","DUNKERQUE",51.055833,2.3395,11,1892021612,"","","","","","","","","","","","","","","","","","","","","","","","","","","","","","","","","","","","",-1.2,9,-1.2,9,"","","","","","","","","","","","","","","","","","","","","","","","","","",100,9,"","","","","","","","","","","","",5.6,9,985.4,9,983.1,9,"","","","","","","","","","","","","","","","","","","","","","","","","","","","","","","","","","","","","","","","","","","","","","","","","","","","","","","","","","","","","","","","","","","","","","","","","","","","","","","","","","","","","","","","","","","","","","","","","","","","","","","","","","","","","","","",""
"59183001","DUNKERQUE",51.055833,2.3395,11,1892021616,"","","","","","","","","","","","","","","","","","","","","","","","","","","","","","","","","","","","",-1.6,9,-1.7,9,"","","","","","","","","","","","","","","","","","","","","","","","","","",100,9,"","","","","","","","","","","","",5.4,9,985.3,9,983.,9,"","","","","","","","","","","","","","","","","","","","","","","","","","","","","","","","","","","","","","","","","","","","","","","","","","","","","","","","","","","","","","","","","","","","","","","","","","","","","","","","","","","","","","","","","","","","","","","","","","","","","","","","","","","","","","","",""
"59183001","DUNKERQUE",51.055833,2.3395,11,1892021620,"","","","","","","","","","","","","","","","","","","","","","","","","","","","","","","","","","","","",-2.4,9,-2.5,9,"","","","","","","","","","","","","","","","","","","","","","","","","","",100,9,"","","","","","","","","","","","",5.1,9,985.1,9,982.7,9,"","","","","","","","","","","","","","","","","","","","","","","","","","","","","","","","","","","","","","","","","","","","","","","","","","","","","","","","","","","","","","","","","","","","","","","","","","","","","","","","","","","","","","","","","","","","","","","","","","","","","","","","","","","","","","","",""
"59183001","DUNKERQUE",51.055833,2.3395,11,1892021707,"","","","","","","","","","","","","","","","","","","","","","","","","","","","","","","","","","","","",-4.,9,-4.5,9,"","","","","","","","","","","","","","","","","","","","","","","","","","",96,9,"","","","","","","","","","","","",4.4,9,982.9,9,980.5,9,"","","","","","","","","","","","","","","","","","","","","","","","","","","","","","","","","","","","","","","","","","","","","","","","","","","","","","","","","","","","","","","","","","","","","","","","","","","","","","","","","","","","","","","","","","","","","","","","","","","","","","","","","","","","","","","",""
"59183001","DUNKERQUE",51.055833,2.3395,11,1892021710,"","","","","","","","","","","","","","","","","","","","","","","","","","","","","","","","","","","","",-1.6,9,-2.7,9,"","","","","","","","","","","","","","","","","","","","","","","","","","",92,9,"","","","","","","","","","","","",5.,9,982.6,9,980.3,9,"","","","","","","","","","","","","","","","","","","","","","","","","","","","","","","","","","","","","","","","","","","","","","","","","","","","","","","","","","","","","","","","","","","","","","","","","","","","","","","","","","","","","","","","","","","","","","","","","","","","","","","","","","","","","","","",""
"59183001","DUNKERQUE",51.055833,2.3395,11,1892021712,"","","","","","","","","","","","","","","","","","","","","","","","","","","","","","","","","","","","",-1.2,9,-2.2,9,"","","","","","","","","","","","","","","","","","","","","","","","","","",92,9,"","","","","","","","","","","","",5.2,9,982.6,9,980.3,9,"","","","","","","","","","","","","","","","","","","","","","","","","","","","","","","","","","","","","","","","","","","","","","","","","","","","","","","","","","","","","","","","","","","","","","","","","","","","","","","","","","","","","","","","","","","","","","","","","","","","","","","","","","","","","","","",""
"59183001","DUNKERQUE",51.055833,2.3395,11,1892021716,"","","","","","","","","","","","","","","","","","","","","","","","","","","","","","","","","","","","",-1.4,9,-2.,9,"","","","","","","","","","","","","","","","","","","","","","","","","","",96,9,"","","","","","","","","","","","",5.3,9,981.6,9,979.3,9,"","","","","","","","","","","","","","","","","","","","","","","","","","","","","","","","","","","","","","","","","","","","","","","","","","","","","","","","","","","","","","","","","","","","","","","","","","","","","","","","","","","","","","","","","","","","","","","","","","","","","","","","","","","","","","","",""
"59183001","DUNKERQUE",51.055833,2.3395,11,1892021720,"","","","","","","","","","","","","","","","","","","","","","","","","","","","","","","","","","","","",-3.6,9,-4.2,9,"","","","","","","","","","","","","","","","","","","","","","","","","","",96,9,"","","","","","","","","","","","",4.5,9,979.2,9,976.9,9,"","","","","","","","","","","","","","","","","","","","","","","","","","","","","","","","","","","","","","","","","","","","","","","","","","","","","","","","","","","","","","","","","","","","","","","","","","","","","","","","","","","","","","","","","","","","","","","","","","","","","","","","","","","","","","","",""
"59183001","DUNKERQUE",51.055833,2.3395,11,1892021807,"","","","","","","","","","","","","","","","","","","","","","","","","","","","","","","","","","","","",-0.2,9,-1.7,9,"","","","","","","","","","","","","","","","","","","","","","","","","","",89,9,"","","","","","","","","","","","",5.4,9,969.1,9,966.8,9,"","","","","","","","","","","","","","","","","","","","","","","","","","","","","","","","","","","","","","","","","","","","","","","","","","","","","","","","","","","","","","","","","","","","","","","","","","","","","","","","","","","","","","","","","","","","","","","","","","","","","","","","","","","","","","","",""
"59183001","DUNKERQUE",51.055833,2.3395,11,1892021810,"","","","","","","","","","","","","","","","","","","","","","","","","","","","","","","","","","","","",0.8,9,0.2,9,"","","","","","","","","","","","","","","","","","","","","","","","","","",96,9,"","","","","","","","","","","","",6.2,9,969.,9,966.7,9,"","","","","","","","","","","","","","","","","","","","","","","","","","","","","","","","","","","","","","","","","","","","","","","","","","","","","","","","","","","","","","","","","","","","","","","","","","","","","","","","","","","","","","","","","","","","","","","","","","","","","","","","","","","","","","","",""
"59183001","DUNKERQUE",51.055833,2.3395,11,1892021812,"","","","","","","","","","","","","","","","","","","","","","","","","","","","","","","","","","","","",2.,9,-1.2,9,"","","","","","","","","","","","","","","","","","","","","","","","","","",79,9,"","","","","","","","","","","","",5.6,9,969.8,9,967.5,9,"","","","","","","","","","","","","","","","","","","","","","","","","","","","","","","","","","","","","","","","","","","","","","","","","","","","","","","","","","","","","","","","","","","","","","","","","","","","","","","","","","","","","","","","","","","","","","","","","","","","","","","","","","","","","","","",""
"59183001","DUNKERQUE",51.055833,2.3395,11,1892021816,"","","","","","","","","","","","","","","","","","","","","","","","","","","","","","","","","","","","",1.2,9,1.2,9,"","","","","","","","","","","","","","","","","","","","","","","","","","",100,9,"","","","","","","","","","","","",6.7,9,973.6,9,971.3,9,"","","","","","","","","","","","","","","","","","","","","","","","","","","","","","","","","","","","","","","","","","","","","","","","","","","","","","","","","","","","","","","","","","","","","","","","","","","","","","","","","","","","","","","","","","","","","","","","","","","","","","","","","","","","","","","",""
"59183001","DUNKERQUE",51.055833,2.3395,11,1892021820,"","","","","","","","","","","","","","","","","","","","","","","","","","","","","","","","","","","","",0.2,9,-0.3,9,"","","","","","","","","","","","","","","","","","","","","","","","","","",96,9,"","","","","","","","","","","","",6.,9,976.7,9,974.4,9,"","","","","","","","","","","","","","","","","","","","","","","","","","","","","","","","","","","","","","","","","","","","","","","","","","","","","","","","","","","","","","","","","","","","","","","","","","","","","","","","","","","","","","","","","","","","","","","","","","","","","","","","","","","","","","","",""
"59183001","DUNKERQUE",51.055833,2.3395,11,1892021907,"","","","","","","","","","","","","","","","","","","","","","","","","","","","","","","","","","","","",-4.8,9,-5.4,9,"","","","","","","","","","","","","","","","","","","","","","","","","","",95,9,"","","","","","","","","","","","",4.1,9,978.1,9,975.7,9,"","","","","","","","","","","","","","","","","","","","","","","","","","","","","","","","","","","","","","","","","","","","","","","","","","","","","","","","","","","","","","","","","","","","","","","","","","","","","","","","","","","","","","","","","","","","","","","","","","","","","","","","","","","","","","","",""
"59183001","DUNKERQUE",51.055833,2.3395,11,1892021910,"","","","","","","","","","","","","","","","","","","","","","","","","","","","","","","","","","","","",-1.2,9,-3.3,9,"","","","","","","","","","","","","","","","","","","","","","","","","","",85,9,"","","","","","","","","","","","",4.8,9,977.9,9,975.6,9,"","","","","","","","","","","","","","","","","","","","","","","","","","","","","","","","","","","","","","","","","","","","","","","","","","","","","","","","","","","","","","","","","","","","","","","","","","","","","","","","","","","","","","","","","","","","","","","","","","","","","","","","","","","","","","","",""
"59183001","DUNKERQUE",51.055833,2.3395,11,1892021912,"","","","","","","","","","","","","","","","","","","","","","","","","","","","","","","","","","","","",-0.2,9,-5.4,9,"","","","","","","","","","","","","","","","","","","","","","","","","","",68,9,"","","","","","","","","","","","",4.1,9,977.8,9,975.5,9,"","","","","","","","","","","","","","","","","","","","","","","","","","","","","","","","","","","","","","","","","","","","","","","","","","","","","","","","","","","","","","","","","","","","","","","","","","","","","","","","","","","","","","","","","","","","","","","","","","","","","","","","","","","","","","","",""
"59183001","DUNKERQUE",51.055833,2.3395,11,1892021916,"","","","","","","","","","","","","","","","","","","","","","","","","","","","","","","","","","","","",0.2,9,0.2,9,"","","","","","","","","","","","","","","","","","","","","","","","","","",100,9,"","","","","","","","","","","","",6.2,9,977.6,9,975.3,9,"","","","","","","","","","","","","","","","","","","","","","","","","","","","","","","","","","","","","","","","","","","","","","","","","","","","","","","","","","","","","","","","","","","","","","","","","","","","","","","","","","","","","","","","","","","","","","","","","","","","","","","","","","","","","","","",""
"59183001","DUNKERQUE",51.055833,2.3395,11,1892021920,"","","","","","","","","","","","","","","","","","","","","","","","","","","","","","","","","","","","",-0.8,9,-0.8,9,"","","","","","","","","","","","","","","","","","","","","","","","","","",100,9,"","","","","","","","","","","","",5.8,9,975.2,9,972.9,9,"","","","","","","","","","","","","","","","","","","","","","","","","","","","","","","","","","","","","","","","","","","","","","","","","","","","","","","","","","","","","","","","","","","","","","","","","","","","","","","","","","","","","","","","","","","","","","","","","","","","","","","","","","","","","","","",""
"59183001","DUNKERQUE",51.055833,2.3395,11,1892022007,"","","","","","","","","","","","","","","","","","","","","","","","","","","","","","","","","","","","",-0.8,9,-0.8,9,"","","","","","","","","","","","","","","","","","","","","","","","","","",100,9,"","","","","","","","","","","","",5.8,9,973.,9,970.7,9,"","","","","","","","","","","","","","","","","","","","","","","","","","","","","","","","","","","","","","","","","","","","","","","","","","","","","","","","","","","","","","","","","","","","","","","","","","","","","","","","","","","","","","","","","","","","","","","","","","","","","","","","","","","","","","","",""
"59183001","DUNKERQUE",51.055833,2.3395,11,1892022010,"","","","","","","","","","","","","","","","","","","","","","","","","","","","","","","","","","","","",2.8,9,-2.2,9,"","","","","","","","","","","","","","","","","","","","","","","","","","",69,9,"","","","","","","","","","","","",5.2,9,979.1,9,976.8,9,"","","","","","","","","","","","","","","","","","","","","","","","","","","","","","","","","","","","","","","","","","","","","","","","","","","","","","","","","","","","","","","","","","","","","","","","","","","","","","","","","","","","","","","","","","","","","","","","","","","","","","","","","","","","","","","",""
"59183001","DUNKERQUE",51.055833,2.3395,11,1892022012,"","","","","","","","","","","","","","","","","","","","","","","","","","","","","","","","","","","","",4.,9,-0.7,9,"","","","","","","","","","","","","","","","","","","","","","","","","","",71,9,"","","","","","","","","","","","",5.8,9,979.8,9,977.5,9,"","","","","","","","","","","","","","","","","","","","","","","","","","","","","","","","","","","","","","","","","","","","","","","","","","","","","","","","","","","","","","","","","","","","","","","","","","","","","","","","","","","","","","","","","","","","","","","","","","","","","","","","","","","","","","","",""
"59183001","DUNKERQUE",51.055833,2.3395,11,1892022016,"","","","","","","","","","","","","","","","","","","","","","","","","","","","","","","","","","","","",3.2,9,1.7,9,"","","","","","","","","","","","","","","","","","","","","","","","","","",90,9,"","","","","","","","","","","","",6.9,9,981.5,9,979.2,9,"","","","","","","","","","","","","","","","","","","","","","","","","","","","","","","","","","","","","","","","","","","","","","","","","","","","","","","","","","","","","","","","","","","","","","","","","","","","","","","","","","","","","","","","","","","","","","","","","","","","","","","","","","","","","","","",""
"59183001","DUNKERQUE",51.055833,2.3395,11,1892022020,"","","","","","","","","","","","","","","","","","","","","","","","","","","","","","","","","","","","",1.8,9,1.3,9,"","","","","","","","","","","","","","","","","","","","","","","","","","",96,9,"","","","","","","","","","","","",6.7,9,983.1,9,980.8,9,"","","","","","","","","","","","","","","","","","","","","","","","","","","","","","","","","","","","","","","","","","","","","","","","","","","","","","","","","","","","","","","","","","","","","","","","","","","","","","","","","","","","","","","","","","","","","","","","","","","","","","","","","","","","","","","",""
"59183001","DUNKERQUE",51.055833,2.3395,11,1892022107,"","","","","","","","","","","","","","","","","","","","","","","","","","","","","","","","","","","","",3.2,9,2.9,9,"","","","","","","","","","","","","","","","","","","","","","","","","","",97,9,"","","","","","","","","","","","",7.5,9,984.1,9,981.8,9,"","","","","","","","","","","","","","","","","","","","","","","","","","","","","","","","","","","","","","","","","","","","","","","","","","","","","","","","","","","","","","","","","","","","","","","","","","","","","","","","","","","","","","","","","","","","","","","","","","","","","","","","","","","","","","","",""
"59183001","DUNKERQUE",51.055833,2.3395,11,1892022110,"","","","","","","","","","","","","","","","","","","","","","","","","","","","","","","","","","","","",4.6,9,2.7,9,"","","","","","","","","","","","","","","","","","","","","","","","","","",87,9,"","","","","","","","","","","","",7.4,9,984.3,9,982.,9,"","","","","","","","","","","","","","","","","","","","","","","","","","","","","","","","","","","","","","","","","","","","","","","","","","","","","","","","","","","","","","","","","","","","","","","","","","","","","","","","","","","","","","","","","","","","","","","","","","","","","","","","","","","","","","","",""
"59183001","DUNKERQUE",51.055833,2.3395,11,1892022112,"","","","","","","","","","","","","","","","","","","","","","","","","","","","","","","","","","","","",5.4,9,3.6,9,"","","","","","","","","","","","","","","","","","","","","","","","","","",88,9,"","","","","","","","","","","","",7.9,9,984.2,9,981.9,9,"","","","","","","","","","","","","","","","","","","","","","","","","","","","","","","","","","","","","","","","","","","","","","","","","","","","","","","","","","","","","","","","","","","","","","","","","","","","","","","","","","","","","","","","","","","","","","","","","","","","","","","","","","","","","","","",""
"59183001","DUNKERQUE",51.055833,2.3395,11,1892022116,"","","","","","","","","","","","","","","","","","","","","","","","","","","","","","","","","","","","",6.8,9,4.5,9,"","","","","","","","","","","","","","","","","","","","","","","","","","",85,9,"","","","","","","","","","","","",8.4,9,984.,9,981.7,9,"","","","","","","","","","","","","","","","","","","","","","","","","","","","","","","","","","","","","","","","","","","","","","","","","","","","","","","","","","","","","","","","","","","","","","","","","","","","","","","","","","","","","","","","","","","","","","","","","","","","","","","","","","","","","","","",""
"59183001","DUNKERQUE",51.055833,2.3395,11,1892022120,"","","","","","","","","","","","","","","","","","","","","","","","","","","","","","","","","","","","",4.2,9,3.8,9,"","","","","","","","","","","","","","","","","","","","","","","","","","",97,9,"","","","","","","","","","","","",8.,9,983.9,9,981.6,9,"","","","","","","","","","","","","","","","","","","","","","","","","","","","","","","","","","","","","","","","","","","","","","","","","","","","","","","","","","","","","","","","","","","","","","","","","","","","","","","","","","","","","","","","","","","","","","","","","","","","","","","","","","","","","","","",""
"59183001","DUNKERQUE",51.055833,2.3395,11,1892022207,"","","","","","","","","","","","","","","","","","","","","","","","","","","","","","","","","","","","",4.8,9,4.8,9,"","","","","","","","","","","","","","","","","","","","","","","","","","",100,9,"","","","","","","","","","","","",8.6,9,983.2,9,980.9,9,"","","","","","","","","","","","","","","","","","","","","","","","","","","","","","","","","","","","","","","","","","","","","","","","","","","","","","","","","","","","","","","","","","","","","","","","","","","","","","","","","","","","","","","","","","","","","","","","","","","","","","","","","","","","","","","",""
"59183001","DUNKERQUE",51.055833,2.3395,11,1892022210,"","","","","","","","","","","","","","","","","","","","","","","","","","","","","","","","","","","","",5.8,9,4.5,9,"","","","","","","","","","","","","","","","","","","","","","","","","","",91,9,"","","","","","","","","","","","",8.4,9,983.9,9,981.6,9,"","","","","","","","","","","","","","","","","","","","","","","","","","","","","","","","","","","","","","","","","","","","","","","","","","","","","","","","","","","","","","","","","","","","","","","","","","","","","","","","","","","","","","","","","","","","","","","","","","","","","","","","","","","","","","","",""
"59183001","DUNKERQUE",51.055833,2.3395,11,1892022212,"","","","","","","","","","","","","","","","","","","","","","","","","","","","","","","","","","","","",7.,9,5.9,9,"","","","","","","","","","","","","","","","","","","","","","","","","","",93,9,"","","","","","","","","","","","",9.3,9,985.9,9,983.6,9,"","","","","","","","","","","","","","","","","","","","","","","","","","","","","","","","","","","","","","","","","","","","","","","","","","","","","","","","","","","","","","","","","","","","","","","","","","","","","","","","","","","","","","","","","","","","","","","","","","","","","","","","","","","","","","","",""
"59183001","DUNKERQUE",51.055833,2.3395,11,1892022216,"","","","","","","","","","","","","","","","","","","","","","","","","","","","","","","","","","","","",8.8,9,6.7,9,"","","","","","","","","","","","","","","","","","","","","","","","","","",87,9,"","","","","","","","","","","","",9.8,9,986.7,9,984.4,9,"","","","","","","","","","","","","","","","","","","","","","","","","","","","","","","","","","","","","","","","","","","","","","","","","","","","","","","","","","","","","","","","","","","","","","","","","","","","","","","","","","","","","","","","","","","","","","","","","","","","","","","","","","","","","","","",""
"59183001","DUNKERQUE",51.055833,2.3395,11,1892022220,"","","","","","","","","","","","","","","","","","","","","","","","","","","","","","","","","","","","",3.8,9,3.8,9,"","","","","","","","","","","","","","","","","","","","","","","","","","",100,9,"","","","","","","","","","","","",8.,9,988.4,9,986.1,9,"","","","","","","","","","","","","","","","","","","","","","","","","","","","","","","","","","","","","","","","","","","","","","","","","","","","","","","","","","","","","","","","","","","","","","","","","","","","","","","","","","","","","","","","","","","","","","","","","","","","","","","","","","","","","","","",""
"59183001","DUNKERQUE",51.055833,2.3395,11,1892022307,"","","","","","","","","","","","","","","","","","","","","","","","","","","","","","","","","","","","",2.,9,0.4,9,"","","","","","","","","","","","","","","","","","","","","","","","","","",89,9,"","","","","","","","","","","","",6.3,9,989.5,9,987.2,9,"","","","","","","","","","","","","","","","","","","","","","","","","","","","","","","","","","","","","","","","","","","","","","","","","","","","","","","","","","","","","","","","","","","","","","","","","","","","","","","","","","","","","","","","","","","","","","","","","","","","","","","","","","","","","","","",""
"59183001","DUNKERQUE",51.055833,2.3395,11,1892022310,"","","","","","","","","","","","","","","","","","","","","","","","","","","","","","","","","","","","",5.6,9,3.8,9,"","","","","","","","","","","","","","","","","","","","","","","","","","",88,9,"","","","","","","","","","","","",8.,9,989.4,9,987.1,9,"","","","","","","","","","","","","","","","","","","","","","","","","","","","","","","","","","","","","","","","","","","","","","","","","","","","","","","","","","","","","","","","","","","","","","","","","","","","","","","","","","","","","","","","","","","","","","","","","","","","","","","","","","","","","","","",""
"59183001","DUNKERQUE",51.055833,2.3395,11,1892022312,"","","","","","","","","","","","","","","","","","","","","","","","","","","","","","","","","","","","",8.,9,5.3,9,"","","","","","","","","","","","","","","","","","","","","","","","","","",83,9,"","","","","","","","","","","","",8.9,9,989.3,9,987.,9,"","","","","","","","","","","","","","","","","","","","","","","","","","","","","","","","","","","","","","","","","","","","","","","","","","","","","","","","","","","","","","","","","","","","","","","","","","","","","","","","","","","","","","","","","","","","","","","","","","","","","","","","","","","","","","","",""
"59183001","DUNKERQUE",51.055833,2.3395,11,1892022316,"","","","","","","","","","","","","","","","","","","","","","","","","","","","","","","","","","","","",9.6,9,6.1,9,"","","","","","","","","","","","","","","","","","","","","","","","","","",79,9,"","","","","","","","","","","","",9.4,9,989.,9,986.7,9,"","","","","","","","","","","","","","","","","","","","","","","","","","","","","","","","","","","","","","","","","","","","","","","","","","","","","","","","","","","","","","","","","","","","","","","","","","","","","","","","","","","","","","","","","","","","","","","","","","","","","","","","","","","","","","","",""
"59183001","DUNKERQUE",51.055833,2.3395,11,1892022320,"","","","","","","","","","","","","","","","","","","","","","","","","","","","","","","","","","","","",5.6,9,4.6,9,"","","","","","","","","","","","","","","","","","","","","","","","","","",94,9,"","","","","","","","","","","","",8.5,9,990.3,9,988.,9,"","","","","","","","","","","","","","","","","","","","","","","","","","","","","","","","","","","","","","","","","","","","","","","","","","","","","","","","","","","","","","","","","","","","","","","","","","","","","","","","","","","","","","","","","","","","","","","","","","","","","","","","","","","","","","","",""
"59183001","DUNKERQUE",51.055833,2.3395,11,1892022407,"","","","","","","","","","","","","","","","","","","","","","","","","","","","","","","","","","","","",4.8,9,3.2,9,"","","","","","","","","","","","","","","","","","","","","","","","","","",90,9,"","","","","","","","","","","","",7.7,9,991.2,9,988.9,9,"","","","","","","","","","","","","","","","","","","","","","","","","","","","","","","","","","","","","","","","","","","","","","","","","","","","","","","","","","","","","","","","","","","","","","","","","","","","","","","","","","","","","","","","","","","","","","","","","","","","","","","","","","","","","","","",""
"59183001","DUNKERQUE",51.055833,2.3395,11,1892022410,"","","","","","","","","","","","","","","","","","","","","","","","","","","","","","","","","","","","",6.6,9,5.3,9,"","","","","","","","","","","","","","","","","","","","","","","","","","",91,9,"","","","","","","","","","","","",8.9,9,991.6,9,989.3,9,"","","","","","","","","","","","","","","","","","","","","","","","","","","","","","","","","","","","","","","","","","","","","","","","","","","","","","","","","","","","","","","","","","","","","","","","","","","","","","","","","","","","","","","","","","","","","","","","","","","","","","","","","","","","","","","",""
"59183001","DUNKERQUE",51.055833,2.3395,11,1892022412,"","","","","","","","","","","","","","","","","","","","","","","","","","","","","","","","","","","","",9.,9,6.4,9,"","","","","","","","","","","","","","","","","","","","","","","","","","",84,9,"","","","","","","","","","","","",9.6,9,991.9,9,989.6,9,"","","","","","","","","","","","","","","","","","","","","","","","","","","","","","","","","","","","","","","","","","","","","","","","","","","","","","","","","","","","","","","","","","","","","","","","","","","","","","","","","","","","","","","","","","","","","","","","","","","","","","","","","","","","","","","",""
"59183001","DUNKERQUE",51.055833,2.3395,11,1892022416,"","","","","","","","","","","","","","","","","","","","","","","","","","","","","","","","","","","","",7.8,9,6.1,9,"","","","","","","","","","","","","","","","","","","","","","","","","","",89,9,"","","","","","","","","","","","",9.4,9,991.7,9,989.4,9,"","","","","","","","","","","","","","","","","","","","","","","","","","","","","","","","","","","","","","","","","","","","","","","","","","","","","","","","","","","","","","","","","","","","","","","","","","","","","","","","","","","","","","","","","","","","","","","","","","","","","","","","","","","","","","","",""
"59183001","DUNKERQUE",51.055833,2.3395,11,1892022420,"","","","","","","","","","","","","","","","","","","","","","","","","","","","","","","","","","","","",6.8,9,5.5,9,"","","","","","","","","","","","","","","","","","","","","","","","","","",91,9,"","","","","","","","","","","","",9.,9,993.,9,990.7,9,"","","","","","","","","","","","","","","","","","","","","","","","","","","","","","","","","","","","","","","","","","","","","","","","","","","","","","","","","","","","","","","","","","","","","","","","","","","","","","","","","","","","","","","","","","","","","","","","","","","","","","","","","","","","","","","",""
"59183001","DUNKERQUE",51.055833,2.3395,11,1892022507,"","","","","","","","","","","","","","","","","","","","","","","","","","","","","","","","","","","","",1.,9,-0.7,9,"","","","","","","","","","","","","","","","","","","","","","","","","","",89,9,"","","","","","","","","","","","",5.8,9,994.6,9,992.3,9,"","","","","","","","","","","","","","","","","","","","","","","","","","","","","","","","","","","","","","","","","","","","","","","","","","","","","","","","","","","","","","","","","","","","","","","","","","","","","","","","","","","","","","","","","","","","","","","","","","","","","","","","","","","","","","","",""
"59183001","DUNKERQUE",51.055833,2.3395,11,1892022510,"","","","","","","","","","","","","","","","","","","","","","","","","","","","","","","","","","","","",2.8,9,0.6,9,"","","","","","","","","","","","","","","","","","","","","","","","","","",86,9,"","","","","","","","","","","","",6.4,9,995.9,9,993.6,9,"","","","","","","","","","","","","","","","","","","","","","","","","","","","","","","","","","","","","","","","","","","","","","","","","","","","","","","","","","","","","","","","","","","","","","","","","","","","","","","","","","","","","","","","","","","","","","","","","","","","","","","","","","","","","","","",""
"59183001","DUNKERQUE",51.055833,2.3395,11,1892022512,"","","","","","","","","","","","","","","","","","","","","","","","","","","","","","","","","","","","",10.8,9,7.1,9,"","","","","","","","","","","","","","","","","","","","","","","","","","",78,9,"","","","","","","","","","","","",10.1,9,995.7,9,993.4,9,"","","","","","","","","","","","","","","","","","","","","","","","","","","","","","","","","","","","","","","","","","","","","","","","","","","","","","","","","","","","","","","","","","","","","","","","","","","","","","","","","","","","","","","","","","","","","","","","","","","","","","","","","","","","","","","",""
"59183001","DUNKERQUE",51.055833,2.3395,11,1892022516,"","","","","","","","","","","","","","","","","","","","","","","","","","","","","","","","","","","","",9.2,9,6.7,9,"","","","","","","","","","","","","","","","","","","","","","","","","","",84,9,"","","","","","","","","","","","",9.8,9,995.5,9,993.2,9,"","","","","","","","","","","","","","","","","","","","","","","","","","","","","","","","","","","","","","","","","","","","","","","","","","","","","","","","","","","","","","","","","","","","","","","","","","","","","","","","","","","","","","","","","","","","","","","","","","","","","","","","","","","","","","","",""
"59183001","DUNKERQUE",51.055833,2.3395,11,1892022520,"","","","","","","","","","","","","","","","","","","","","","","","","","","","","","","","","","","","",6.8,9,4.5,9,"","","","","","","","","","","","","","","","","","","","","","","","","","",85,9,"","","","","","","","","","","","",8.4,9,996.6,9,994.3,9,"","","","","","","","","","","","","","","","","","","","","","","","","","","","","","","","","","","","","","","","","","","","","","","","","","","","","","","","","","","","","","","","","","","","","","","","","","","","","","","","","","","","","","","","","","","","","","","","","","","","","","","","","","","","","","","",""
"59183001","DUNKERQUE",51.055833,2.3395,11,1892022607,"","","","","","","","","","","","","","","","","","","","","","","","","","","","","","","","","","","","",2.2,9,1.7,9,"","","","","","","","","","","","","","","","","","","","","","","","","","",96,9,"","","","","","","","","","","","",6.9,9,999.2,9,996.9,9,"","","","","","","","","","","","","","","","","","","","","","","","","","","","","","","","","","","","","","","","","","","","","","","","","","","","","","","","","","","","","","","","","","","","","","","","","","","","","","","","","","","","","","","","","","","","","","","","","","","","","","","","","","","","","","","",""
"59183001","DUNKERQUE",51.055833,2.3395,11,1892022610,"","","","","","","","","","","","","","","","","","","","","","","","","","","","","","","","","","","","",3.8,9,2.3,9,"","","","","","","","","","","","","","","","","","","","","","","","","","",90,9,"","","","","","","","","","","","",7.2,9,999.2,9,996.9,9,"","","","","","","","","","","","","","","","","","","","","","","","","","","","","","","","","","","","","","","","","","","","","","","","","","","","","","","","","","","","","","","","","","","","","","","","","","","","","","","","","","","","","","","","","","","","","","","","","","","","","","","","","","","","","","","",""
"59183001","DUNKERQUE",51.055833,2.3395,11,1892022612,"","","","","","","","","","","","","","","","","","","","","","","","","","","","","","","","","","","","",4.,9,2.1,9,"","","","","","","","","","","","","","","","","","","","","","","","","","",87,9,"","","","","","","","","","","","",7.1,9,999.4,9,997.1,9,"","","","","","","","","","","","","","","","","","","","","","","","","","","","","","","","","","","","","","","","","","","","","","","","","","","","","","","","","","","","","","","","","","","","","","","","","","","","","","","","","","","","","","","","","","","","","","","","","","","","","","","","","","","","","","","",""
"59183001","DUNKERQUE",51.055833,2.3395,11,1892022616,"","","","","","","","","","","","","","","","","","","","","","","","","","","","","","","","","","","","",3.8,9,2.3,9,"","","","","","","","","","","","","","","","","","","","","","","","","","",90,9,"","","","","","","","","","","","",7.2,9,999.4,9,997.1,9,"","","","","","","","","","","","","","","","","","","","","","","","","","","","","","","","","","","","","","","","","","","","","","","","","","","","","","","","","","","","","","","","","","","","","","","","","","","","","","","","","","","","","","","","","","","","","","","","","","","","","","","","","","","","","","","",""
"59183001","DUNKERQUE",51.055833,2.3395,11,1892022620,"","","","","","","","","","","","","","","","","","","","","","","","","","","","","","","","","","","","",2.8,9,2.3,9,"","","","","","","","","","","","","","","","","","","","","","","","","","",96,9,"","","","","","","","","","","","",7.2,9,999.4,9,997.1,9,"","","","","","","","","","","","","","","","","","","","","","","","","","","","","","","","","","","","","","","","","","","","","","","","","","","","","","","","","","","","","","","","","","","","","","","","","","","","","","","","","","","","","","","","","","","","","","","","","","","","","","","","","","","","","","","",""
"59183001","DUNKERQUE",51.055833,2.3395,11,1892022707,"","","","","","","","","","","","","","","","","","","","","","","","","","","","","","","","","","","","",3.4,9,3.4,9,"","","","","","","","","","","","","","","","","","","","","","","","","","",100,9,"","","","","","","","","","","","",7.8,9,1000.2,9,997.9,9,"","","","","","","","","","","","","","","","","","","","","","","","","","","","","","","","","","","","","","","","","","","","","","","","","","","","","","","","","","","","","","","","","","","","","","","","","","","","","","","","","","","","","","","","","","","","","","","","","","","","","","","","","","","","","","","",""
"59183001","DUNKERQUE",51.055833,2.3395,11,1892022710,"","","","","","","","","","","","","","","","","","","","","","","","","","","","","","","","","","","","",3.8,9,3.8,9,"","","","","","","","","","","","","","","","","","","","","","","","","","",100,9,"","","","","","","","","","","","",8.,9,1001.,9,998.7,9,"","","","","","","","","","","","","","","","","","","","","","","","","","","","","","","","","","","","","","","","","","","","","","","","","","","","","","","","","","","","","","","","","","","","","","","","","","","","","","","","","","","","","","","","","","","","","","","","","","","","","","","","","","","","","","","",""
"59183001","DUNKERQUE",51.055833,2.3395,11,1892022712,"","","","","","","","","","","","","","","","","","","","","","","","","","","","","","","","","","","","",3.8,9,3.8,9,"","","","","","","","","","","","","","","","","","","","","","","","","","",100,9,"","","","","","","","","","","","",8.,9,1000.9,9,998.6,9,"","","","","","","","","","","","","","","","","","","","","","","","","","","","","","","","","","","","","","","","","","","","","","","","","","","","","","","","","","","","","","","","","","","","","","","","","","","","","","","","","","","","","","","","","","","","","","","","","","","","","","","","","","","","","","","",""
"59183001","DUNKERQUE",51.055833,2.3395,11,1892022716,"","","","","","","","","","","","","","","","","","","","","","","","","","","","","","","","","","","","",4.,9,3.6,9,"","","","","","","","","","","","","","","","","","","","","","","","","","",97,9,"","","","","","","","","","","","",7.9,9,1001.,9,998.7,9,"","","","","","","","","","","","","","","","","","","","","","","","","","","","","","","","","","","","","","","","","","","","","","","","","","","","","","","","","","","","","","","","","","","","","","","","","","","","","","","","","","","","","","","","","","","","","","","","","","","","","","","","","","","","","","","",""
"59183001","DUNKERQUE",51.055833,2.3395,11,1892022720,"","","","","","","","","","","","","","","","","","","","","","","","","","","","","","","","","","","","",3.4,9,2.3,9,"","","","","","","","","","","","","","","","","","","","","","","","","","",93,9,"","","","","","","","","","","","",7.2,9,1001.,9,998.7,9,"","","","","","","","","","","","","","","","","","","","","","","","","","","","","","","","","","","","","","","","","","","","","","","","","","","","","","","","","","","","","","","","","","","","","","","","","","","","","","","","","","","","","","","","","","","","","","","","","","","","","","","","","","","","","","","",""
"59183001","DUNKERQUE",51.055833,2.3395,11,1892022807,"","","","","","","","","","","","","","","","","","","","","","","","","","","","","","","","","","","","",3.,9,0.4,9,"","","","","","","","","","","","","","","","","","","","","","","","","","",83,9,"","","","","","","","","","","","",6.3,9,997.4,9,995.1,9,"","","","","","","","","","","","","","","","","","","","","","","","","","","","","","","","","","","","","","","","","","","","","","","","","","","","","","","","","","","","","","","","","","","","","","","","","","","","","","","","","","","","","","","","","","","","","","","","","","","","","","","","","","","","","","","",""
"59183001","DUNKERQUE",51.055833,2.3395,11,1892022810,"","","","","","","","","","","","","","","","","","","","","","","","","","","","","","","","","","","","",4.,9,-1.7,9,"","","","","","","","","","","","","","","","","","","","","","","","","","",67,9,"","","","","","","","","","","","",5.4,9,997.1,9,994.8,9,"","","","","","","","","","","","","","","","","","","","","","","","","","","","","","","","","","","","","","","","","","","","","","","","","","","","","","","","","","","","","","","","","","","","","","","","","","","","","","","","","","","","","","","","","","","","","","","","","","","","","","","","","","","","","","","",""
"59183001","DUNKERQUE",51.055833,2.3395,11,1892022812,"","","","","","","","","","","","","","","","","","","","","","","","","","","","","","","","","","","","",5.,9,-0.7,9,"","","","","","","","","","","","","","","","","","","","","","","","","","",66,9,"","","","","","","","","","","","",5.8,9,996.8,9,994.5,9,"","","","","","","","","","","","","","","","","","","","","","","","","","","","","","","","","","","","","","","","","","","","","","","","","","","","","","","","","","","","","","","","","","","","","","","","","","","","","","","","","","","","","","","","","","","","","","","","","","","","","","","","","","","","","","","",""
"59183001","DUNKERQUE",51.055833,2.3395,11,1892022816,"","","","","","","","","","","","","","","","","","","","","","","","","","","","","","","","","","","","",4.8,9,-0.5,9,"","","","","","","","","","","","","","","","","","","","","","","","","","",69,9,"","","","","","","","","","","","",5.9,9,995.2,9,992.9,9,"","","","","","","","","","","","","","","","","","","","","","","","","","","","","","","","","","","","","","","","","","","","","","","","","","","","","","","","","","","","","","","","","","","","","","","","","","","","","","","","","","","","","","","","","","","","","","","","","","","","","","","","","","","","","","","",""
"59183001","DUNKERQUE",51.055833,2.3395,11,1892022820,"","","","","","","","","","","","","","","","","","","","","","","","","","","","","","","","","","","","",4.,9,1.5,9,"","","","","","","","","","","","","","","","","","","","","","","","","","",84,9,"","","","","","","","","","","","",6.8,9,994.3,9,992.,9,"","","","","","","","","","","","","","","","","","","","","","","","","","","","","","","","","","","","","","","","","","","","","","","","","","","","","","","","","","","","","","","","","","","","","","","","","","","","","","","","","","","","","","","","","","","","","","","","","","","","","","","","","","","","","","","",""
"59183001","DUNKERQUE",51.055833,2.3395,11,1892022907,"","","","","","","","","","","","","","","","","","","","","","","","","","","","","","","","","","","","",3.6,9,1.7,9,"","","","","","","","","","","","","","","","","","","","","","","","","","",87,9,"","","","","","","","","","","","",6.9,9,993.,9,990.7,9,"","","","","","","","","","","","","","","","","","","","","","","","","","","","","","","","","","","","","","","","","","","","","","","","","","","","","","","","","","","","","","","","","","","","","","","","","","","","","","","","","","","","","","","","","","","","","","","","","","","","","","","","","","","","","","","",""
"59183001","DUNKERQUE",51.055833,2.3395,11,1892022910,"","","","","","","","","","","","","","","","","","","","","","","","","","","","","","","","","","","","",3.8,9,1.3,9,"","","","","","","","","","","","","","","","","","","","","","","","","","",83,9,"","","","","","","","","","","","",6.7,9,994.,9,991.7,9,"","","","","","","","","","","","","","","","","","","","","","","","","","","","","","","","","","","","","","","","","","","","","","","","","","","","","","","","","","","","","","","","","","","","","","","","","","","","","","","","","","","","","","","","","","","","","","","","","","","","","","","","","","","","","","","",""
"59183001","DUNKERQUE",51.055833,2.3395,11,1892022912,"","","","","","","","","","","","","","","","","","","","","","","","","","","","","","","","","","","","",4.6,9,2.1,9,"","","","","","","","","","","","","","","","","","","","","","","","","","",84,9,"","","","","","","","","","","","",7.1,9,994.,9,991.7,9,"","","","","","","","","","","","","","","","","","","","","","","","","","","","","","","","","","","","","","","","","","","","","","","","","","","","","","","","","","","","","","","","","","","","","","","","","","","","","","","","","","","","","","","","","","","","","","","","","","","","","","","","","","","","","","","",""
"59183001","DUNKERQUE",51.055833,2.3395,11,1892022916,"","","","","","","","","","","","","","","","","","","","","","","","","","","","","","","","","","","","",3.8,9,2.9,9,"","","","","","","","","","","","","","","","","","","","","","","","","","",93,9,"","","","","","","","","","","","",7.5,9,993.5,9,991.2,9,"","","","","","","","","","","","","","","","","","","","","","","","","","","","","","","","","","","","","","","","","","","","","","","","","","","","","","","","","","","","","","","","","","","","","","","","","","","","","","","","","","","","","","","","","","","","","","","","","","","","","","","","","","","","","","","",""
"59183001","DUNKERQUE",51.055833,2.3395,11,1892022920,"","","","","","","","","","","","","","","","","","","","","","","","","","","","","","","","","","","","",3.6,9,2.1,9,"","","","","","","","","","","","","","","","","","","","","","","","","","",90,9,"","","","","","","","","","","","",7.1,9,993.1,9,990.8,9,"","","","","","","","","","","","","","","","","","","","","","","","","","","","","","","","","","","","","","","","","","","","","","","","","","","","","","","","","","","","","","","","","","","","","","","","","","","","","","","","","","","","","","","","","","","","","","","","","","","","","","","","","","","","","","","",""
"59183001","DUNKERQUE",51.055833,2.3395,11,1892030107,"","","","","","","","","","","","","","","","","","","","","","","","","","","","","","","","","","","","",2.8,9,1.3,9,"","","","","","","","","","","","","","","","","","","","","","","","","","",90,9,"","","","","","","","","","","","",6.7,9,993.1,9,990.8,9,"","","","","","","","","","","","","","","","","","","","","","","","","","","","","","","","","","","","","","","","","","","","","","","","","","","","","","","","","","","","","","","","","","","","","","","","","","","","","","","","","","","","","","","","","","","","","","","","","","","","","","","","","","","","","","","",""
"59183001","DUNKERQUE",51.055833,2.3395,11,1892030110,"","","","","","","","","","","","","","","","","","","","","","","","","","","","","","","","","","","","",3.,9,0.9,9,"","","","","","","","","","","","","","","","","","","","","","","","","","",86,9,"","","","","","","","","","","","",6.5,9,993.1,9,990.8,9,"","","","","","","","","","","","","","","","","","","","","","","","","","","","","","","","","","","","","","","","","","","","","","","","","","","","","","","","","","","","","","","","","","","","","","","","","","","","","","","","","","","","","","","","","","","","","","","","","","","","","","","","","","","","","","","",""
"59183001","DUNKERQUE",51.055833,2.3395,11,1892030112,"","","","","","","","","","","","","","","","","","","","","","","","","","","","","","","","","","","","",2.8,9,0.6,9,"","","","","","","","","","","","","","","","","","","","","","","","","","",86,9,"","","","","","","","","","","","",6.4,9,993.1,9,990.8,9,"","","","","","","","","","","","","","","","","","","","","","","","","","","","","","","","","","","","","","","","","","","","","","","","","","","","","","","","","","","","","","","","","","","","","","","","","","","","","","","","","","","","","","","","","","","","","","","","","","","","","","","","","","","","","","","",""
"59183001","DUNKERQUE",51.055833,2.3395,11,1892030116,"","","","","","","","","","","","","","","","","","","","","","","","","","","","","","","","","","","","",2.,9,1.5,9,"","","","","","","","","","","","","","","","","","","","","","","","","","",96,9,"","","","","","","","","","","","",6.8,9,993.4,9,991.1,9,"","","","","","","","","","","","","","","","","","","","","","","","","","","","","","","","","","","","","","","","","","","","","","","","","","","","","","","","","","","","","","","","","","","","","","","","","","","","","","","","","","","","","","","","","","","","","","","","","","","","","","","","","","","","","","","",""
"59183001","DUNKERQUE",51.055833,2.3395,11,1892030120,"","","","","","","","","","","","","","","","","","","","","","","","","","","","","","","","","","","","",2.,9,1.5,9,"","","","","","","","","","","","","","","","","","","","","","","","","","",96,9,"","","","","","","","","","","","",6.8,9,993.5,9,991.2,9,"","","","","","","","","","","","","","","","","","","","","","","","","","","","","","","","","","","","","","","","","","","","","","","","","","","","","","","","","","","","","","","","","","","","","","","","","","","","","","","","","","","","","","","","","","","","","","","","","","","","","","","","","","","","","","","",""
"59183001","DUNKERQUE",51.055833,2.3395,11,1892030207,"","","","","","","","","","","","","","","","","","","","","","","","","","","","","","","","","","","","",-0.6,9,-0.6,9,"","","","","","","","","","","","","","","","","","","","","","","","","","",100,9,"","","","","","","","","","","","",5.9,9,994.9,9,992.5,9,"","","","","","","","","","","","","","","","","","","","","","","","","","","","","","","","","","","","","","","","","","","","","","","","","","","","","","","","","","","","","","","","","","","","","","","","","","","","","","","","","","","","","","","","","","","","","","","","","","","","","","","","","","","","","","","",""
"59183001","DUNKERQUE",51.055833,2.3395,11,1892030210,"","","","","","","","","","","","","","","","","","","","","","","","","","","","","","","","","","","","",-1.8,9,-2.5,9,"","","","","","","","","","","","","","","","","","","","","","","","","","",96,9,"","","","","","","","","","","","",5.1,9,997.,9,994.6,9,"","","","","","","","","","","","","","","","","","","","","","","","","","","","","","","","","","","","","","","","","","","","","","","","","","","","","","","","","","","","","","","","","","","","","","","","","","","","","","","","","","","","","","","","","","","","","","","","","","","","","","","","","","","","","","","",""
"59183001","DUNKERQUE",51.055833,2.3395,11,1892030212,"","","","","","","","","","","","","","","","","","","","","","","","","","","","","","","","","","","","",-1.6,9,-2.7,9,"","","","","","","","","","","","","","","","","","","","","","","","","","",92,9,"","","","","","","","","","","","",5.,9,997.6,9,995.2,9,"","","","","","","","","","","","","","","","","","","","","","","","","","","","","","","","","","","","","","","","","","","","","","","","","","","","","","","","","","","","","","","","","","","","","","","","","","","","","","","","","","","","","","","","","","","","","","","","","","","","","","","","","","","","","","","",""
"59183001","DUNKERQUE",51.055833,2.3395,11,1892030216,"","","","","","","","","","","","","","","","","","","","","","","","","","","","","","","","","","","","",-0.2,9,-2.5,9,"","","","","","","","","","","","","","","","","","","","","","","","","","",85,9,"","","","","","","","","","","","",5.1,9,998.3,9,995.9,9,"","","","","","","","","","","","","","","","","","","","","","","","","","","","","","","","","","","","","","","","","","","","","","","","","","","","","","","","","","","","","","","","","","","","","","","","","","","","","","","","","","","","","","","","","","","","","","","","","","","","","","","","","","","","","","","",""
"59183001","DUNKERQUE",51.055833,2.3395,11,1892030220,"","","","","","","","","","","","","","","","","","","","","","","","","","","","","","","","","","","","",-1.6,9,-2.2,9,"","","","","","","","","","","","","","","","","","","","","","","","","","",96,9,"","","","","","","","","","","","",5.2,9,1000.7,9,998.3,9,"","","","","","","","","","","","","","","","","","","","","","","","","","","","","","","","","","","","","","","","","","","","","","","","","","","","","","","","","","","","","","","","","","","","","","","","","","","","","","","","","","","","","","","","","","","","","","","","","","","","","","","","","","","","","","","",""
"59183001","DUNKERQUE",51.055833,2.3395,11,1892030307,"","","","","","","","","","","","","","","","","","","","","","","","","","","","","","","","","","","","",-3.,9,-4.8,9,"","","","","","","","","","","","","","","","","","","","","","","","","","",87,9,"","","","","","","","","","","","",4.3,9,1003.1,9,1000.7,9,"","","","","","","","","","","","","","","","","","","","","","","","","","","","","","","","","","","","","","","","","","","","","","","","","","","","","","","","","","","","","","","","","","","","","","","","","","","","","","","","","","","","","","","","","","","","","","","","","","","","","","","","","","","","","","","",""
"59183001","DUNKERQUE",51.055833,2.3395,11,1892030310,"","","","","","","","","","","","","","","","","","","","","","","","","","","","","","","","","","","","",-1.8,9,-2.5,9,"","","","","","","","","","","","","","","","","","","","","","","","","","",96,9,"","","","","","","","","","","","",5.1,9,1003.3,9,1000.9,9,"","","","","","","","","","","","","","","","","","","","","","","","","","","","","","","","","","","","","","","","","","","","","","","","","","","","","","","","","","","","","","","","","","","","","","","","","","","","","","","","","","","","","","","","","","","","","","","","","","","","","","","","","","","","","","","",""
"59183001","DUNKERQUE",51.055833,2.3395,11,1892030312,"","","","","","","","","","","","","","","","","","","","","","","","","","","","","","","","","","","","",-1.6,9,-2.7,9,"","","","","","","","","","","","","","","","","","","","","","","","","","",92,9,"","","","","","","","","","","","",5.,9,1003.3,9,1000.9,9,"","","","","","","","","","","","","","","","","","","","","","","","","","","","","","","","","","","","","","","","","","","","","","","","","","","","","","","","","","","","","","","","","","","","","","","","","","","","","","","","","","","","","","","","","","","","","","","","","","","","","","","","","","","","","","","",""
"59183001","DUNKERQUE",51.055833,2.3395,11,1892030316,"","","","","","","","","","","","","","","","","","","","","","","","","","","","","","","","","","","","",-1.,9,-1.,9,"","","","","","","","","","","","","","","","","","","","","","","","","","",100,9,"","","","","","","","","","","","",5.7,9,1003.2,9,1000.8,9,"","","","","","","","","","","","","","","","","","","","","","","","","","","","","","","","","","","","","","","","","","","","","","","","","","","","","","","","","","","","","","","","","","","","","","","","","","","","","","","","","","","","","","","","","","","","","","","","","","","","","","","","","","","","","","","",""
"59183001","DUNKERQUE",51.055833,2.3395,11,1892030320,"","","","","","","","","","","","","","","","","","","","","","","","","","","","","","","","","","","","",-2.,9,-2.,9,"","","","","","","","","","","","","","","","","","","","","","","","","","",100,9,"","","","","","","","","","","","",5.3,9,1003.2,9,1000.8,9,"","","","","","","","","","","","","","","","","","","","","","","","","","","","","","","","","","","","","","","","","","","","","","","","","","","","","","","","","","","","","","","","","","","","","","","","","","","","","","","","","","","","","","","","","","","","","","","","","","","","","","","","","","","","","","","",""
"59183001","DUNKERQUE",51.055833,2.3395,11,1892030407,"","","","","","","","","","","","","","","","","","","","","","","","","","","","","","","","","","","","",-2.8,9,-2.8,9,"","","","","","","","","","","","","","","","","","","","","","","","","","",100,9,"","","","","","","","","","","","",5.,9,1003.7,9,1001.3,9,"","","","","","","","","","","","","","","","","","","","","","","","","","","","","","","","","","","","","","","","","","","","","","","","","","","","","","","","","","","","","","","","","","","","","","","","","","","","","","","","","","","","","","","","","","","","","","","","","","","","","","","","","","","","","","","",""
"59183001","DUNKERQUE",51.055833,2.3395,11,1892030410,"","","","","","","","","","","","","","","","","","","","","","","","","","","","","","","","","","","","",-2.,9,-2.,9,"","","","","","","","","","","","","","","","","","","","","","","","","","",100,9,"","","","","","","","","","","","",5.3,9,1004.7,9,1002.3,9,"","","","","","","","","","","","","","","","","","","","","","","","","","","","","","","","","","","","","","","","","","","","","","","","","","","","","","","","","","","","","","","","","","","","","","","","","","","","","","","","","","","","","","","","","","","","","","","","","","","","","","","","","","","","","","","",""
"59183001","DUNKERQUE",51.055833,2.3395,11,1892030412,"","","","","","","","","","","","","","","","","","","","","","","","","","","","","","","","","","","","",-1.,9,-1.,9,"","","","","","","","","","","","","","","","","","","","","","","","","","",100,9,"","","","","","","","","","","","",5.7,9,1005.,9,1002.6,9,"","","","","","","","","","","","","","","","","","","","","","","","","","","","","","","","","","","","","","","","","","","","","","","","","","","","","","","","","","","","","","","","","","","","","","","","","","","","","","","","","","","","","","","","","","","","","","","","","","","","","","","","","","","","","","","",""
"59183001","DUNKERQUE",51.055833,2.3395,11,1892030416,"","","","","","","","","","","","","","","","","","","","","","","","","","","","","","","","","","","","",-1.4,9,-2.,9,"","","","","","","","","","","","","","","","","","","","","","","","","","",96,9,"","","","","","","","","","","","",5.3,9,1005.,9,1002.6,9,"","","","","","","","","","","","","","","","","","","","","","","","","","","","","","","","","","","","","","","","","","","","","","","","","","","","","","","","","","","","","","","","","","","","","","","","","","","","","","","","","","","","","","","","","","","","","","","","","","","","","","","","","","","","","","","",""
"59183001","DUNKERQUE",51.055833,2.3395,11,1892030420,"","","","","","","","","","","","","","","","","","","","","","","","","","","","","","","","","","","","",-1.6,9,-1.7,9,"","","","","","","","","","","","","","","","","","","","","","","","","","",100,9,"","","","","","","","","","","","",5.4,9,1005.2,9,1002.8,9,"","","","","","","","","","","","","","","","","","","","","","","","","","","","","","","","","","","","","","","","","","","","","","","","","","","","","","","","","","","","","","","","","","","","","","","","","","","","","","","","","","","","","","","","","","","","","","","","","","","","","","","","","","","","","","","",""
"59183001","DUNKERQUE",51.055833,2.3395,11,1892030507,"","","","","","","","","","","","","","","","","","","","","","","","","","","","","","","","","","","","",-2.6,9,-3.9,9,"","","","","","","","","","","","","","","","","","","","","","","","","","",92,9,"","","","","","","","","","","","",4.6,9,1006.1,9,1003.7,9,"","","","","","","","","","","","","","","","","","","","","","","","","","","","","","","","","","","","","","","","","","","","","","","","","","","","","","","","","","","","","","","","","","","","","","","","","","","","","","","","","","","","","","","","","","","","","","","","","","","","","","","","","","","","","","","",""
"59183001","DUNKERQUE",51.055833,2.3395,11,1892030510,"","","","","","","","","","","","","","","","","","","","","","","","","","","","","","","","","","","","",2.8,9,-2.2,9,"","","","","","","","","","","","","","","","","","","","","","","","","","",69,9,"","","","","","","","","","","","",5.2,9,1006.1,9,1003.7,9,"","","","","","","","","","","","","","","","","","","","","","","","","","","","","","","","","","","","","","","","","","","","","","","","","","","","","","","","","","","","","","","","","","","","","","","","","","","","","","","","","","","","","","","","","","","","","","","","","","","","","","","","","","","","","","","",""
"59183001","DUNKERQUE",51.055833,2.3395,11,1892030512,"","","","","","","","","","","","","","","","","","","","","","","","","","","","","","","","","","","","",4.6,9,-2.7,9,"","","","","","","","","","","","","","","","","","","","","","","","","","",59,9,"","","","","","","","","","","","",5.,9,1005.9,9,1003.6,9,"","","","","","","","","","","","","","","","","","","","","","","","","","","","","","","","","","","","","","","","","","","","","","","","","","","","","","","","","","","","","","","","","","","","","","","","","","","","","","","","","","","","","","","","","","","","","","","","","","","","","","","","","","","","","","","",""
"59183001","DUNKERQUE",51.055833,2.3395,11,1892030516,"","","","","","","","","","","","","","","","","","","","","","","","","","","","","","","","","","","","",5.,9,-4.5,9,"","","","","","","","","","","","","","","","","","","","","","","","","","",51,9,"","","","","","","","","","","","",4.4,9,1005.9,9,1003.6,9,"","","","","","","","","","","","","","","","","","","","","","","","","","","","","","","","","","","","","","","","","","","","","","","","","","","","","","","","","","","","","","","","","","","","","","","","","","","","","","","","","","","","","","","","","","","","","","","","","","","","","","","","","","","","","","","",""
"59183001","DUNKERQUE",51.055833,2.3395,11,1892030520,"","","","","","","","","","","","","","","","","","","","","","","","","","","","","","","","","","","","",-1.4,9,-2.5,9,"","","","","","","","","","","","","","","","","","","","","","","","","","",92,9,"","","","","","","","","","","","",5.1,9,1006.1,9,1003.7,9,"","","","","","","","","","","","","","","","","","","","","","","","","","","","","","","","","","","","","","","","","","","","","","","","","","","","","","","","","","","","","","","","","","","","","","","","","","","","","","","","","","","","","","","","","","","","","","","","","","","","","","","","","","","","","","","",""
"59183001","DUNKERQUE",51.055833,2.3395,11,1892030607,"","","","","","","","","","","","","","","","","","","","","","","","","","","","","","","","","","","","",-3.6,9,-3.6,9,"","","","","","","","","","","","","","","","","","","","","","","","","","",100,9,"","","","","","","","","","","","",4.7,9,1006.5,9,1004.1,9,"","","","","","","","","","","","","","","","","","","","","","","","","","","","","","","","","","","","","","","","","","","","","","","","","","","","","","","","","","","","","","","","","","","","","","","","","","","","","","","","","","","","","","","","","","","","","","","","","","","","","","","","","","","","","","","",""
"59183001","DUNKERQUE",51.055833,2.3395,11,1892030610,"","","","","","","","","","","","","","","","","","","","","","","","","","","","","","","","","","","","",0.8,9,-4.2,9,"","","","","","","","","","","","","","","","","","","","","","","","","","",69,9,"","","","","","","","","","","","",4.5,9,1006.4,9,1004.,9,"","","","","","","","","","","","","","","","","","","","","","","","","","","","","","","","","","","","","","","","","","","","","","","","","","","","","","","","","","","","","","","","","","","","","","","","","","","","","","","","","","","","","","","","","","","","","","","","","","","","","","","","","","","","","","","",""
"59183001","DUNKERQUE",51.055833,2.3395,11,1892030612,"","","","","","","","","","","","","","","","","","","","","","","","","","","","","","","","","","","","",2.,9,1.5,9,"","","","","","","","","","","","","","","","","","","","","","","","","","",96,9,"","","","","","","","","","","","",6.8,9,1006.3,9,1003.9,9,"","","","","","","","","","","","","","","","","","","","","","","","","","","","","","","","","","","","","","","","","","","","","","","","","","","","","","","","","","","","","","","","","","","","","","","","","","","","","","","","","","","","","","","","","","","","","","","","","","","","","","","","","","","","","","","",""
"59183001","DUNKERQUE",51.055833,2.3395,11,1892030616,"","","","","","","","","","","","","","","","","","","","","","","","","","","","","","","","","","","","",2.4,9,-4.5,9,"","","","","","","","","","","","","","","","","","","","","","","","","","",61,9,"","","","","","","","","","","","",4.4,9,1003.8,9,1001.4,9,"","","","","","","","","","","","","","","","","","","","","","","","","","","","","","","","","","","","","","","","","","","","","","","","","","","","","","","","","","","","","","","","","","","","","","","","","","","","","","","","","","","","","","","","","","","","","","","","","","","","","","","","","","","","","","","",""
"59183001","DUNKERQUE",51.055833,2.3395,11,1892030620,"","","","","","","","","","","","","","","","","","","","","","","","","","","","","","","","","","","","",-1.,9,-2.2,9,"","","","","","","","","","","","","","","","","","","","","","","","","","",92,9,"","","","","","","","","","","","",5.2,9,1001.6,9,999.2,9,"","","","","","","","","","","","","","","","","","","","","","","","","","","","","","","","","","","","","","","","","","","","","","","","","","","","","","","","","","","","","","","","","","","","","","","","","","","","","","","","","","","","","","","","","","","","","","","","","","","","","","","","","","","","","","","",""
"59183001","DUNKERQUE",51.055833,2.3395,11,1892030707,"","","","","","","","","","","","","","","","","","","","","","","","","","","","","","","","","","","","",-4.,9,-6.7,9,"","","","","","","","","","","","","","","","","","","","","","","","","","",82,9,"","","","","","","","","","","","",3.7,9,1000.5,9,998.1,9,"","","","","","","","","","","","","","","","","","","","","","","","","","","","","","","","","","","","","","","","","","","","","","","","","","","","","","","","","","","","","","","","","","","","","","","","","","","","","","","","","","","","","","","","","","","","","","","","","","","","","","","","","","","","","","","",""
"59183001","DUNKERQUE",51.055833,2.3395,11,1892030710,"","","","","","","","","","","","","","","","","","","","","","","","","","","","","","","","","","","","",-0.4,9,-3.3,9,"","","","","","","","","","","","","","","","","","","","","","","","","","",81,9,"","","","","","","","","","","","",4.8,9,1000.3,9,997.9,9,"","","","","","","","","","","","","","","","","","","","","","","","","","","","","","","","","","","","","","","","","","","","","","","","","","","","","","","","","","","","","","","","","","","","","","","","","","","","","","","","","","","","","","","","","","","","","","","","","","","","","","","","","","","","","","","",""
"59183001","DUNKERQUE",51.055833,2.3395,11,1892030712,"","","","","","","","","","","","","","","","","","","","","","","","","","","","","","","","","","","","",1.2,9,-2.2,9,"","","","","","","","","","","","","","","","","","","","","","","","","","",78,9,"","","","","","","","","","","","",5.2,9,999.8,9,997.4,9,"","","","","","","","","","","","","","","","","","","","","","","","","","","","","","","","","","","","","","","","","","","","","","","","","","","","","","","","","","","","","","","","","","","","","","","","","","","","","","","","","","","","","","","","","","","","","","","","","","","","","","","","","","","","","","","",""
"59183001","DUNKERQUE",51.055833,2.3395,11,1892030716,"","","","","","","","","","","","","","","","","","","","","","","","","","","","","","","","","","","","",1.2,9,-2.2,9,"","","","","","","","","","","","","","","","","","","","","","","","","","",78,9,"","","","","","","","","","","","",5.2,9,997.8,9,995.4,9,"","","","","","","","","","","","","","","","","","","","","","","","","","","","","","","","","","","","","","","","","","","","","","","","","","","","","","","","","","","","","","","","","","","","","","","","","","","","","","","","","","","","","","","","","","","","","","","","","","","","","","","","","","","","","","","",""
"59183001","DUNKERQUE",51.055833,2.3395,11,1892030720,"","","","","","","","","","","","","","","","","","","","","","","","","","","","","","","","","","","","",-1.,9,-1.,9,"","","","","","","","","","","","","","","","","","","","","","","","","","",100,9,"","","","","","","","","","","","",5.7,9,997.7,9,995.3,9,"","","","","","","","","","","","","","","","","","","","","","","","","","","","","","","","","","","","","","","","","","","","","","","","","","","","","","","","","","","","","","","","","","","","","","","","","","","","","","","","","","","","","","","","","","","","","","","","","","","","","","","","","","","","","","","",""
"59183001","DUNKERQUE",51.055833,2.3395,11,1892030807,"","","","","","","","","","","","","","","","","","","","","","","","","","","","","","","","","","","","",-5.6,9,-5.7,9,"","","","","","","","","","","","","","","","","","","","","","","","","","",100,9,"","","","","","","","","","","","",4.,9,997.2,9,994.8,9,"","","","","","","","","","","","","","","","","","","","","","","","","","","","","","","","","","","","","","","","","","","","","","","","","","","","","","","","","","","","","","","","","","","","","","","","","","","","","","","","","","","","","","","","","","","","","","","","","","","","","","","","","","","","","","","",""
"59183001","DUNKERQUE",51.055833,2.3395,11,1892030810,"","","","","","","","","","","","","","","","","","","","","","","","","","","","","","","","","","","","",-0.8,9,-1.4,9,"","","","","","","","","","","","","","","","","","","","","","","","","","",96,9,"","","","","","","","","","","","",5.5,9,997.1,9,994.7,9,"","","","","","","","","","","","","","","","","","","","","","","","","","","","","","","","","","","","","","","","","","","","","","","","","","","","","","","","","","","","","","","","","","","","","","","","","","","","","","","","","","","","","","","","","","","","","","","","","","","","","","","","","","","","","","","",""
"59183001","DUNKERQUE",51.055833,2.3395,11,1892030812,"","","","","","","","","","","","","","","","","","","","","","","","","","","","","","","","","","","","",0.2,9,0.2,9,"","","","","","","","","","","","","","","","","","","","","","","","","","",100,9,"","","","","","","","","","","","",6.2,9,997.,9,994.6,9,"","","","","","","","","","","","","","","","","","","","","","","","","","","","","","","","","","","","","","","","","","","","","","","","","","","","","","","","","","","","","","","","","","","","","","","","","","","","","","","","","","","","","","","","","","","","","","","","","","","","","","","","","","","","","","","",""
"59183001","DUNKERQUE",51.055833,2.3395,11,1892030816,"","","","","","","","","","","","","","","","","","","","","","","","","","","","","","","","","","","","",0.2,9,0.2,9,"","","","","","","","","","","","","","","","","","","","","","","","","","",100,9,"","","","","","","","","","","","",6.2,9,995.1,9,992.7,9,"","","","","","","","","","","","","","","","","","","","","","","","","","","","","","","","","","","","","","","","","","","","","","","","","","","","","","","","","","","","","","","","","","","","","","","","","","","","","","","","","","","","","","","","","","","","","","","","","","","","","","","","","","","","","","","",""
"59183001","DUNKERQUE",51.055833,2.3395,11,1892030820,"","","","","","","","","","","","","","","","","","","","","","","","","","","","","","","","","","","","",-0.2,9,-0.3,9,"","","","","","","","","","","","","","","","","","","","","","","","","","",100,9,"","","","","","","","","","","","",6.,9,995.2,9,992.8,9,"","","","","","","","","","","","","","","","","","","","","","","","","","","","","","","","","","","","","","","","","","","","","","","","","","","","","","","","","","","","","","","","","","","","","","","","","","","","","","","","","","","","","","","","","","","","","","","","","","","","","","","","","","","","","","","",""
"59183001","DUNKERQUE",51.055833,2.3395,11,1892030907,"","","","","","","","","","","","","","","","","","","","","","","","","","","","","","","","","","","","",-2.,9,-2.,9,"","","","","","","","","","","","","","","","","","","","","","","","","","",100,9,"","","","","","","","","","","","",5.3,9,991.8,9,989.4,9,"","","","","","","","","","","","","","","","","","","","","","","","","","","","","","","","","","","","","","","","","","","","","","","","","","","","","","","","","","","","","","","","","","","","","","","","","","","","","","","","","","","","","","","","","","","","","","","","","","","","","","","","","","","","","","","",""
"59183001","DUNKERQUE",51.055833,2.3395,11,1892030910,"","","","","","","","","","","","","","","","","","","","","","","","","","","","","","","","","","","","",2.4,9,-1.7,9,"","","","","","","","","","","","","","","","","","","","","","","","","","",75,9,"","","","","","","","","","","","",5.4,9,990.,9,987.7,9,"","","","","","","","","","","","","","","","","","","","","","","","","","","","","","","","","","","","","","","","","","","","","","","","","","","","","","","","","","","","","","","","","","","","","","","","","","","","","","","","","","","","","","","","","","","","","","","","","","","","","","","","","","","","","","","",""
"59183001","DUNKERQUE",51.055833,2.3395,11,1892030912,"","","","","","","","","","","","","","","","","","","","","","","","","","","","","","","","","","","","",4.8,9,-6.,9,"","","","","","","","","","","","","","","","","","","","","","","","","","",45,9,"","","","","","","","","","","","",3.9,9,987.6,9,985.3,9,"","","","","","","","","","","","","","","","","","","","","","","","","","","","","","","","","","","","","","","","","","","","","","","","","","","","","","","","","","","","","","","","","","","","","","","","","","","","","","","","","","","","","","","","","","","","","","","","","","","","","","","","","","","","","","","",""
"59183001","DUNKERQUE",51.055833,2.3395,11,1892030916,"","","","","","","","","","","","","","","","","","","","","","","","","","","","","","","","","","","","",2.,9,-2.5,9,"","","","","","","","","","","","","","","","","","","","","","","","","","",72,9,"","","","","","","","","","","","",5.1,9,984.,9,981.7,9,"","","","","","","","","","","","","","","","","","","","","","","","","","","","","","","","","","","","","","","","","","","","","","","","","","","","","","","","","","","","","","","","","","","","","","","","","","","","","","","","","","","","","","","","","","","","","","","","","","","","","","","","","","","","","","","",""
"59183001","DUNKERQUE",51.055833,2.3395,11,1892030920,"","","","","","","","","","","","","","","","","","","","","","","","","","","","","","","","","","","","",0.,9,-1.,9,"","","","","","","","","","","","","","","","","","","","","","","","","","",93,9,"","","","","","","","","","","","",5.7,9,982.7,9,980.4,9,"","","","","","","","","","","","","","","","","","","","","","","","","","","","","","","","","","","","","","","","","","","","","","","","","","","","","","","","","","","","","","","","","","","","","","","","","","","","","","","","","","","","","","","","","","","","","","","","","","","","","","","","","","","","","","","",""
"59183001","DUNKERQUE",51.055833,2.3395,11,1892031007,"","","","","","","","","","","","","","","","","","","","","","","","","","","","","","","","","","","","",-5.6,9,-5.7,9,"","","","","","","","","","","","","","","","","","","","","","","","","","",100,9,"","","","","","","","","","","","",4.,9,983.2,9,980.8,9,"","","","","","","","","","","","","","","","","","","","","","","","","","","","","","","","","","","","","","","","","","","","","","","","","","","","","","","","","","","","","","","","","","","","","","","","","","","","","","","","","","","","","","","","","","","","","","","","","","","","","","","","","","","","","","","",""
"59183001","DUNKERQUE",51.055833,2.3395,11,1892031010,"","","","","","","","","","","","","","","","","","","","","","","","","","","","","","","","","","","","",2.6,9,-6.,9,"","","","","","","","","","","","","","","","","","","","","","","","","","",53,9,"","","","","","","","","","","","",3.9,9,982.4,9,980.1,9,"","","","","","","","","","","","","","","","","","","","","","","","","","","","","","","","","","","","","","","","","","","","","","","","","","","","","","","","","","","","","","","","","","","","","","","","","","","","","","","","","","","","","","","","","","","","","","","","","","","","","","","","","","","","","","","",""
"59183001","DUNKERQUE",51.055833,2.3395,11,1892031012,"","","","","","","","","","","","","","","","","","","","","","","","","","","","","","","","","","","","",5.8,9,-9.,9,"","","","","","","","","","","","","","","","","","","","","","","","","","",34,9,"","","","","","","","","","","","",3.1,9,981.3,9,979.,9,"","","","","","","","","","","","","","","","","","","","","","","","","","","","","","","","","","","","","","","","","","","","","","","","","","","","","","","","","","","","","","","","","","","","","","","","","","","","","","","","","","","","","","","","","","","","","","","","","","","","","","","","","","","","","","","",""
"59183001","DUNKERQUE",51.055833,2.3395,11,1892031016,"","","","","","","","","","","","","","","","","","","","","","","","","","","","","","","","","","","","",0.8,9,-1.4,9,"","","","","","","","","","","","","","","","","","","","","","","","","","",85,9,"","","","","","","","","","","","",5.5,9,979.4,9,977.1,9,"","","","","","","","","","","","","","","","","","","","","","","","","","","","","","","","","","","","","","","","","","","","","","","","","","","","","","","","","","","","","","","","","","","","","","","","","","","","","","","","","","","","","","","","","","","","","","","","","","","","","","","","","","","","","","","",""
"59183001","DUNKERQUE",51.055833,2.3395,11,1892031020,"","","","","","","","","","","","","","","","","","","","","","","","","","","","","","","","","","","","",-0.4,9,-2.,9,"","","","","","","","","","","","","","","","","","","","","","","","","","",89,9,"","","","","","","","","","","","",5.3,9,978.9,9,976.6,9,"","","","","","","","","","","","","","","","","","","","","","","","","","","","","","","","","","","","","","","","","","","","","","","","","","","","","","","","","","","","","","","","","","","","","","","","","","","","","","","","","","","","","","","","","","","","","","","","","","","","","","","","","","","","","","","",""
"59183001","DUNKERQUE",51.055833,2.3395,11,1892031107,"","","","","","","","","","","","","","","","","","","","","","","","","","","","","","","","","","","","",-2.,9,-2.,9,"","","","","","","","","","","","","","","","","","","","","","","","","","",100,9,"","","","","","","","","","","","",5.3,9,980.,9,977.7,9,"","","","","","","","","","","","","","","","","","","","","","","","","","","","","","","","","","","","","","","","","","","","","","","","","","","","","","","","","","","","","","","","","","","","","","","","","","","","","","","","","","","","","","","","","","","","","","","","","","","","","","","","","","","","","","","",""
"59183001","DUNKERQUE",51.055833,2.3395,11,1892031110,"","","","","","","","","","","","","","","","","","","","","","","","","","","","","","","","","","","","",4.,9,-6.7,9,"","","","","","","","","","","","","","","","","","","","","","","","","","",46,9,"","","","","","","","","","","","",3.7,9,981.5,9,979.2,9,"","","","","","","","","","","","","","","","","","","","","","","","","","","","","","","","","","","","","","","","","","","","","","","","","","","","","","","","","","","","","","","","","","","","","","","","","","","","","","","","","","","","","","","","","","","","","","","","","","","","","","","","","","","","","","","",""
"59183001","DUNKERQUE",51.055833,2.3395,11,1892031112,"","","","","","","","","","","","","","","","","","","","","","","","","","","","","","","","","","","","",7.4,9,-6.,9,"","","","","","","","","","","","","","","","","","","","","","","","","","",38,9,"","","","","","","","","","","","",3.9,9,982.8,9,980.5,9,"","","","","","","","","","","","","","","","","","","","","","","","","","","","","","","","","","","","","","","","","","","","","","","","","","","","","","","","","","","","","","","","","","","","","","","","","","","","","","","","","","","","","","","","","","","","","","","","","","","","","","","","","","","","","","","",""
"59183001","DUNKERQUE",51.055833,2.3395,11,1892031116,"","","","","","","","","","","","","","","","","","","","","","","","","","","","","","","","","","","","",3.,9,-5.1,9,"","","","","","","","","","","","","","","","","","","","","","","","","","",56,9,"","","","","","","","","","","","",4.2,9,983.8,9,981.5,9,"","","","","","","","","","","","","","","","","","","","","","","","","","","","","","","","","","","","","","","","","","","","","","","","","","","","","","","","","","","","","","","","","","","","","","","","","","","","","","","","","","","","","","","","","","","","","","","","","","","","","","","","","","","","","","","",""
"59183001","DUNKERQUE",51.055833,2.3395,11,1892031120,"","","","","","","","","","","","","","","","","","","","","","","","","","","","","","","","","","","","",0.2,9,-2.,9,"","","","","","","","","","","","","","","","","","","","","","","","","","",86,9,"","","","","","","","","","","","",5.3,9,985.,9,982.7,9,"","","","","","","","","","","","","","","","","","","","","","","","","","","","","","","","","","","","","","","","","","","","","","","","","","","","","","","","","","","","","","","","","","","","","","","","","","","","","","","","","","","","","","","","","","","","","","","","","","","","","","","","","","","","","","","",""
"59183001","DUNKERQUE",51.055833,2.3395,11,1892031207,"","","","","","","","","","","","","","","","","","","","","","","","","","","","","","","","","","","","",-2.8,9,-2.8,9,"","","","","","","","","","","","","","","","","","","","","","","","","","",100,9,"","","","","","","","","","","","",5.,9,985.4,9,983.,9,"","","","","","","","","","","","","","","","","","","","","","","","","","","","","","","","","","","","","","","","","","","","","","","","","","","","","","","","","","","","","","","","","","","","","","","","","","","","","","","","","","","","","","","","","","","","","","","","","","","","","","","","","","","","","","","",""
"59183001","DUNKERQUE",51.055833,2.3395,11,1892031210,"","","","","","","","","","","","","","","","","","","","","","","","","","","","","","","","","","","","",1.2,9,-1.7,9,"","","","","","","","","","","","","","","","","","","","","","","","","","",81,9,"","","","","","","","","","","","",5.4,9,985.2,9,982.9,9,"","","","","","","","","","","","","","","","","","","","","","","","","","","","","","","","","","","","","","","","","","","","","","","","","","","","","","","","","","","","","","","","","","","","","","","","","","","","","","","","","","","","","","","","","","","","","","","","","","","","","","","","","","","","","","","",""
"59183001","DUNKERQUE",51.055833,2.3395,11,1892031212,"","","","","","","","","","","","","","","","","","","","","","","","","","","","","","","","","","","","",4.,9,-5.7,9,"","","","","","","","","","","","","","","","","","","","","","","","","","",49,9,"","","","","","","","","","","","",4.,9,984.6,9,982.3,9,"","","","","","","","","","","","","","","","","","","","","","","","","","","","","","","","","","","","","","","","","","","","","","","","","","","","","","","","","","","","","","","","","","","","","","","","","","","","","","","","","","","","","","","","","","","","","","","","","","","","","","","","","","","","","","","",""
"59183001","DUNKERQUE",51.055833,2.3395,11,1892031216,"","","","","","","","","","","","","","","","","","","","","","","","","","","","","","","","","","","","",3.,9,-4.2,9,"","","","","","","","","","","","","","","","","","","","","","","","","","",60,9,"","","","","","","","","","","","",4.5,9,982.8,9,980.5,9,"","","","","","","","","","","","","","","","","","","","","","","","","","","","","","","","","","","","","","","","","","","","","","","","","","","","","","","","","","","","","","","","","","","","","","","","","","","","","","","","","","","","","","","","","","","","","","","","","","","","","","","","","","","","","","","",""
"59183001","DUNKERQUE",51.055833,2.3395,11,1892031220,"","","","","","","","","","","","","","","","","","","","","","","","","","","","","","","","","","","","",-0.4,9,-1.4,9,"","","","","","","","","","","","","","","","","","","","","","","","","","",93,9,"","","","","","","","","","","","",5.5,9,982.5,9,980.2,9,"","","","","","","","","","","","","","","","","","","","","","","","","","","","","","","","","","","","","","","","","","","","","","","","","","","","","","","","","","","","","","","","","","","","","","","","","","","","","","","","","","","","","","","","","","","","","","","","","","","","","","","","","","","","","","","",""
"59183001","DUNKERQUE",51.055833,2.3395,11,1892031307,"","","","","","","","","","","","","","","","","","","","","","","","","","","","","","","","","","","","",-2.4,9,-3.,9,"","","","","","","","","","","","","","","","","","","","","","","","","","",96,9,"","","","","","","","","","","","",4.9,9,980.9,9,978.6,9,"","","","","","","","","","","","","","","","","","","","","","","","","","","","","","","","","","","","","","","","","","","","","","","","","","","","","","","","","","","","","","","","","","","","","","","","","","","","","","","","","","","","","","","","","","","","","","","","","","","","","","","","","","","","","","","",""
"59183001","DUNKERQUE",51.055833,2.3395,11,1892031310,"","","","","","","","","","","","","","","","","","","","","","","","","","","","","","","","","","","","",3.,9,-4.2,9,"","","","","","","","","","","","","","","","","","","","","","","","","","",60,9,"","","","","","","","","","","","",4.5,9,980.5,9,978.2,9,"","","","","","","","","","","","","","","","","","","","","","","","","","","","","","","","","","","","","","","","","","","","","","","","","","","","","","","","","","","","","","","","","","","","","","","","","","","","","","","","","","","","","","","","","","","","","","","","","","","","","","","","","","","","","","","",""
"59183001","DUNKERQUE",51.055833,2.3395,11,1892031312,"","","","","","","","","","","","","","","","","","","","","","","","","","","","","","","","","","","","",4.2,9,-5.4,9,"","","","","","","","","","","","","","","","","","","","","","","","","","",50,9,"","","","","","","","","","","","",4.1,9,980.5,9,978.2,9,"","","","","","","","","","","","","","","","","","","","","","","","","","","","","","","","","","","","","","","","","","","","","","","","","","","","","","","","","","","","","","","","","","","","","","","","","","","","","","","","","","","","","","","","","","","","","","","","","","","","","","","","","","","","","","","",""
"59183001","DUNKERQUE",51.055833,2.3395,11,1892031316,"","","","","","","","","","","","","","","","","","","","","","","","","","","","","","","","","","","","",3.6,9,-2.5,9,"","","","","","","","","","","","","","","","","","","","","","","","","","",64,9,"","","","","","","","","","","","",5.1,9,980.2,9,977.9,9,"","","","","","","","","","","","","","","","","","","","","","","","","","","","","","","","","","","","","","","","","","","","","","","","","","","","","","","","","","","","","","","","","","","","","","","","","","","","","","","","","","","","","","","","","","","","","","","","","","","","","","","","","","","","","","","",""
"59183001","DUNKERQUE",51.055833,2.3395,11,1892031320,"","","","","","","","","","","","","","","","","","","","","","","","","","","","","","","","","","","","",0.,9,-1.7,9,"","","","","","","","","","","","","","","","","","","","","","","","","","",89,9,"","","","","","","","","","","","",5.4,9,980.2,9,977.9,9,"","","","","","","","","","","","","","","","","","","","","","","","","","","","","","","","","","","","","","","","","","","","","","","","","","","","","","","","","","","","","","","","","","","","","","","","","","","","","","","","","","","","","","","","","","","","","","","","","","","","","","","","","","","","","","","",""
"59183001","DUNKERQUE",51.055833,2.3395,11,1892031407,"","","","","","","","","","","","","","","","","","","","","","","","","","","","","","","","","","","","",2.6,9,-3.,9,"","","","","","","","","","","","","","","","","","","","","","","","","","",66,9,"","","","","","","","","","","","",4.9,9,980.1,9,977.8,9,"","","","","","","","","","","","","","","","","","","","","","","","","","","","","","","","","","","","","","","","","","","","","","","","","","","","","","","","","","","","","","","","","","","","","","","","","","","","","","","","","","","","","","","","","","","","","","","","","","","","","","","","","","","","","","","",""
"59183001","DUNKERQUE",51.055833,2.3395,11,1892031410,"","","","","","","","","","","","","","","","","","","","","","","","","","","","","","","","","","","","",3.6,9,-2.5,9,"","","","","","","","","","","","","","","","","","","","","","","","","","",64,9,"","","","","","","","","","","","",5.1,9,980.1,9,977.8,9,"","","","","","","","","","","","","","","","","","","","","","","","","","","","","","","","","","","","","","","","","","","","","","","","","","","","","","","","","","","","","","","","","","","","","","","","","","","","","","","","","","","","","","","","","","","","","","","","","","","","","","","","","","","","","","","",""
"59183001","DUNKERQUE",51.055833,2.3395,11,1892031412,"","","","","","","","","","","","","","","","","","","","","","","","","","","","","","","","","","","","",5.,9,2.1,9,"","","","","","","","","","","","","","","","","","","","","","","","","","",81,9,"","","","","","","","","","","","",7.1,9,980.,9,977.7,9,"","","","","","","","","","","","","","","","","","","","","","","","","","","","","","","","","","","","","","","","","","","","","","","","","","","","","","","","","","","","","","","","","","","","","","","","","","","","","","","","","","","","","","","","","","","","","","","","","","","","","","","","","","","","","","","",""
"59183001","DUNKERQUE",51.055833,2.3395,11,1892031416,"","","","","","","","","","","","","","","","","","","","","","","","","","","","","","","","","","","","",5.2,9,1.7,9,"","","","","","","","","","","","","","","","","","","","","","","","","","",78,9,"","","","","","","","","","","","",6.9,9,982.9,9,980.6,9,"","","","","","","","","","","","","","","","","","","","","","","","","","","","","","","","","","","","","","","","","","","","","","","","","","","","","","","","","","","","","","","","","","","","","","","","","","","","","","","","","","","","","","","","","","","","","","","","","","","","","","","","","","","","","","","",""
"59183001","DUNKERQUE",51.055833,2.3395,11,1892031420,"","","","","","","","","","","","","","","","","","","","","","","","","","","","","","","","","","","","",0.2,9,0.2,9,"","","","","","","","","","","","","","","","","","","","","","","","","","",100,9,"","","","","","","","","","","","",6.2,9,986.,9,983.7,9,"","","","","","","","","","","","","","","","","","","","","","","","","","","","","","","","","","","","","","","","","","","","","","","","","","","","","","","","","","","","","","","","","","","","","","","","","","","","","","","","","","","","","","","","","","","","","","","","","","","","","","","","","","","","","","","",""
"59183001","DUNKERQUE",51.055833,2.3395,11,1892031507,"","","","","","","","","","","","","","","","","","","","","","","","","","","","","","","","","","","","",0.,9,0.,9,"","","","","","","","","","","","","","","","","","","","","","","","","","",100,9,"","","","","","","","","","","","",6.1,9,990.2,9,987.9,9,"","","","","","","","","","","","","","","","","","","","","","","","","","","","","","","","","","","","","","","","","","","","","","","","","","","","","","","","","","","","","","","","","","","","","","","","","","","","","","","","","","","","","","","","","","","","","","","","","","","","","","","","","","","","","","","",""
"59183001","DUNKERQUE",51.055833,2.3395,11,1892031510,"","","","","","","","","","","","","","","","","","","","","","","","","","","","","","","","","","","","",4.,9,0.4,9,"","","","","","","","","","","","","","","","","","","","","","","","","","",77,9,"","","","","","","","","","","","",6.3,9,990.8,9,988.5,9,"","","","","","","","","","","","","","","","","","","","","","","","","","","","","","","","","","","","","","","","","","","","","","","","","","","","","","","","","","","","","","","","","","","","","","","","","","","","","","","","","","","","","","","","","","","","","","","","","","","","","","","","","","","","","","","",""
"59183001","DUNKERQUE",51.055833,2.3395,11,1892031512,"","","","","","","","","","","","","","","","","","","","","","","","","","","","","","","","","","","","",5.8,9,3.,9,"","","","","","","","","","","","","","","","","","","","","","","","","","",82,9,"","","","","","","","","","","","",7.6,9,990.3,9,988.,9,"","","","","","","","","","","","","","","","","","","","","","","","","","","","","","","","","","","","","","","","","","","","","","","","","","","","","","","","","","","","","","","","","","","","","","","","","","","","","","","","","","","","","","","","","","","","","","","","","","","","","","","","","","","","","","","",""
"59183001","DUNKERQUE",51.055833,2.3395,11,1892031516,"","","","","","","","","","","","","","","","","","","","","","","","","","","","","","","","","","","","",6.,9,2.1,9,"","","","","","","","","","","","","","","","","","","","","","","","","","",76,9,"","","","","","","","","","","","",7.1,9,987.3,9,985.,9,"","","","","","","","","","","","","","","","","","","","","","","","","","","","","","","","","","","","","","","","","","","","","","","","","","","","","","","","","","","","","","","","","","","","","","","","","","","","","","","","","","","","","","","","","","","","","","","","","","","","","","","","","","","","","","","",""
"59183001","DUNKERQUE",51.055833,2.3395,11,1892031520,"","","","","","","","","","","","","","","","","","","","","","","","","","","","","","","","","","","","",4.,9,1.5,9,"","","","","","","","","","","","","","","","","","","","","","","","","","",84,9,"","","","","","","","","","","","",6.8,9,987.4,9,985.1,9,"","","","","","","","","","","","","","","","","","","","","","","","","","","","","","","","","","","","","","","","","","","","","","","","","","","","","","","","","","","","","","","","","","","","","","","","","","","","","","","","","","","","","","","","","","","","","","","","","","","","","","","","","","","","","","","",""
"59183001","DUNKERQUE",51.055833,2.3395,11,1892031607,"","","","","","","","","","","","","","","","","","","","","","","","","","","","","","","","","","","","",3.8,9,1.3,9,"","","","","","","","","","","","","","","","","","","","","","","","","","",83,9,"","","","","","","","","","","","",6.7,9,987.9,9,985.6,9,"","","","","","","","","","","","","","","","","","","","","","","","","","","","","","","","","","","","","","","","","","","","","","","","","","","","","","","","","","","","","","","","","","","","","","","","","","","","","","","","","","","","","","","","","","","","","","","","","","","","","","","","","","","","","","","",""
"59183001","DUNKERQUE",51.055833,2.3395,11,1892031610,"","","","","","","","","","","","","","","","","","","","","","","","","","","","","","","","","","","","",4.6,9,2.1,9,"","","","","","","","","","","","","","","","","","","","","","","","","","",84,9,"","","","","","","","","","","","",7.1,9,992.4,9,990.1,9,"","","","","","","","","","","","","","","","","","","","","","","","","","","","","","","","","","","","","","","","","","","","","","","","","","","","","","","","","","","","","","","","","","","","","","","","","","","","","","","","","","","","","","","","","","","","","","","","","","","","","","","","","","","","","","","",""
"59183001","DUNKERQUE",51.055833,2.3395,11,1892031612,"","","","","","","","","","","","","","","","","","","","","","","","","","","","","","","","","","","","",4.8,9,1.9,9,"","","","","","","","","","","","","","","","","","","","","","","","","","",81,9,"","","","","","","","","","","","",7.,9,995.6,9,993.3,9,"","","","","","","","","","","","","","","","","","","","","","","","","","","","","","","","","","","","","","","","","","","","","","","","","","","","","","","","","","","","","","","","","","","","","","","","","","","","","","","","","","","","","","","","","","","","","","","","","","","","","","","","","","","","","","","",""
"59183001","DUNKERQUE",51.055833,2.3395,11,1892031616,"","","","","","","","","","","","","","","","","","","","","","","","","","","","","","","","","","","","",6.8,9,2.5,9,"","","","","","","","","","","","","","","","","","","","","","","","","","",74,9,"","","","","","","","","","","","",7.3,9,998.4,9,996.1,9,"","","","","","","","","","","","","","","","","","","","","","","","","","","","","","","","","","","","","","","","","","","","","","","","","","","","","","","","","","","","","","","","","","","","","","","","","","","","","","","","","","","","","","","","","","","","","","","","","","","","","","","","","","","","","","","",""
"59183001","DUNKERQUE",51.055833,2.3395,11,1892031620,"","","","","","","","","","","","","","","","","","","","","","","","","","","","","","","","","","","","",4.2,9,2.3,9,"","","","","","","","","","","","","","","","","","","","","","","","","","",87,9,"","","","","","","","","","","","",7.2,9,1000.8,9,998.5,9,"","","","","","","","","","","","","","","","","","","","","","","","","","","","","","","","","","","","","","","","","","","","","","","","","","","","","","","","","","","","","","","","","","","","","","","","","","","","","","","","","","","","","","","","","","","","","","","","","","","","","","","","","","","","","","","",""
"59183001","DUNKERQUE",51.055833,2.3395,11,1892031707,"","","","","","","","","","","","","","","","","","","","","","","","","","","","","","","","","","","","",6.,9,3.2,9,"","","","","","","","","","","","","","","","","","","","","","","","","","",82,9,"","","","","","","","","","","","",7.7,9,1003.,9,1000.7,9,"","","","","","","","","","","","","","","","","","","","","","","","","","","","","","","","","","","","","","","","","","","","","","","","","","","","","","","","","","","","","","","","","","","","","","","","","","","","","","","","","","","","","","","","","","","","","","","","","","","","","","","","","","","","","","","",""
"59183001","DUNKERQUE",51.055833,2.3395,11,1892031710,"","","","","","","","","","","","","","","","","","","","","","","","","","","","","","","","","","","","",9.2,9,4.3,9,"","","","","","","","","","","","","","","","","","","","","","","","","","",71,9,"","","","","","","","","","","","",8.3,9,1004.2,9,1001.9,9,"","","","","","","","","","","","","","","","","","","","","","","","","","","","","","","","","","","","","","","","","","","","","","","","","","","","","","","","","","","","","","","","","","","","","","","","","","","","","","","","","","","","","","","","","","","","","","","","","","","","","","","","","","","","","","","",""
"59183001","DUNKERQUE",51.055833,2.3395,11,1892031712,"","","","","","","","","","","","","","","","","","","","","","","","","","","","","","","","","","","","",12.,9,5.6,9,"","","","","","","","","","","","","","","","","","","","","","","","","","",65,9,"","","","","","","","","","","","",9.1,9,1004.8,9,1002.5,9,"","","","","","","","","","","","","","","","","","","","","","","","","","","","","","","","","","","","","","","","","","","","","","","","","","","","","","","","","","","","","","","","","","","","","","","","","","","","","","","","","","","","","","","","","","","","","","","","","","","","","","","","","","","","","","","",""
"59183001","DUNKERQUE",51.055833,2.3395,11,1892031716,"","","","","","","","","","","","","","","","","","","","","","","","","","","","","","","","","","","","",12.,9,7.6,9,"","","","","","","","","","","","","","","","","","","","","","","","","","",74,9,"","","","","","","","","","","","",10.4,9,1005.1,9,1002.8,9,"","","","","","","","","","","","","","","","","","","","","","","","","","","","","","","","","","","","","","","","","","","","","","","","","","","","","","","","","","","","","","","","","","","","","","","","","","","","","","","","","","","","","","","","","","","","","","","","","","","","","","","","","","","","","","","",""
"59183001","DUNKERQUE",51.055833,2.3395,11,1892031720,"","","","","","","","","","","","","","","","","","","","","","","","","","","","","","","","","","","","",7.,9,2.7,9,"","","","","","","","","","","","","","","","","","","","","","","","","","",74,9,"","","","","","","","","","","","",7.4,9,1006.2,9,1003.9,9,"","","","","","","","","","","","","","","","","","","","","","","","","","","","","","","","","","","","","","","","","","","","","","","","","","","","","","","","","","","","","","","","","","","","","","","","","","","","","","","","","","","","","","","","","","","","","","","","","","","","","","","","","","","","","","","",""
"59183001","DUNKERQUE",51.055833,2.3395,11,1892031807,"","","","","","","","","","","","","","","","","","","","","","","","","","","","","","","","","","","","",5.,9,2.5,9,"","","","","","","","","","","","","","","","","","","","","","","","","","",84,9,"","","","","","","","","","","","",7.3,9,1008.5,9,1006.2,9,"","","","","","","","","","","","","","","","","","","","","","","","","","","","","","","","","","","","","","","","","","","","","","","","","","","","","","","","","","","","","","","","","","","","","","","","","","","","","","","","","","","","","","","","","","","","","","","","","","","","","","","","","","","","","","","",""
"59183001","DUNKERQUE",51.055833,2.3395,11,1892031810,"","","","","","","","","","","","","","","","","","","","","","","","","","","","","","","","","","","","",9.8,9,5.,9,"","","","","","","","","","","","","","","","","","","","","","","","","","",72,9,"","","","","","","","","","","","",8.7,9,1009.3,9,1007.,9,"","","","","","","","","","","","","","","","","","","","","","","","","","","","","","","","","","","","","","","","","","","","","","","","","","","","","","","","","","","","","","","","","","","","","","","","","","","","","","","","","","","","","","","","","","","","","","","","","","","","","","","","","","","","","","","",""
"59183001","DUNKERQUE",51.055833,2.3395,11,1892031812,"","","","","","","","","","","","","","","","","","","","","","","","","","","","","","","","","","","","",13.2,9,6.5,9,"","","","","","","","","","","","","","","","","","","","","","","","","","",64,9,"","","","","","","","","","","","",9.7,9,1009.1,9,1006.8,9,"","","","","","","","","","","","","","","","","","","","","","","","","","","","","","","","","","","","","","","","","","","","","","","","","","","","","","","","","","","","","","","","","","","","","","","","","","","","","","","","","","","","","","","","","","","","","","","","","","","","","","","","","","","","","","","",""
"59183001","DUNKERQUE",51.055833,2.3395,11,1892031816,"","","","","","","","","","","","","","","","","","","","","","","","","","","","","","","","","","","","",13.6,9,7.6,9,"","","","","","","","","","","","","","","","","","","","","","","","","","",67,9,"","","","","","","","","","","","",10.4,9,1008.8,9,1006.5,9,"","","","","","","","","","","","","","","","","","","","","","","","","","","","","","","","","","","","","","","","","","","","","","","","","","","","","","","","","","","","","","","","","","","","","","","","","","","","","","","","","","","","","","","","","","","","","","","","","","","","","","","","","","","","","","","",""
"59183001","DUNKERQUE",51.055833,2.3395,11,1892031820,"","","","","","","","","","","","","","","","","","","","","","","","","","","","","","","","","","","","",8.2,9,5.1,9,"","","","","","","","","","","","","","","","","","","","","","","","","","",81,9,"","","","","","","","","","","","",8.8,9,1008.7,9,1006.4,9,"","","","","","","","","","","","","","","","","","","","","","","","","","","","","","","","","","","","","","","","","","","","","","","","","","","","","","","","","","","","","","","","","","","","","","","","","","","","","","","","","","","","","","","","","","","","","","","","","","","","","","","","","","","","","","","",""
"59183001","DUNKERQUE",51.055833,2.3395,11,1892031907,"","","","","","","","","","","","","","","","","","","","","","","","","","","","","","","","","","","","",2.8,9,0.6,9,"","","","","","","","","","","","","","","","","","","","","","","","","","",86,9,"","","","","","","","","","","","",6.4,9,1008.6,9,1006.2,9,"","","","","","","","","","","","","","","","","","","","","","","","","","","","","","","","","","","","","","","","","","","","","","","","","","","","","","","","","","","","","","","","","","","","","","","","","","","","","","","","","","","","","","","","","","","","","","","","","","","","","","","","","","","","","","","",""
"59183001","DUNKERQUE",51.055833,2.3395,11,1892031910,"","","","","","","","","","","","","","","","","","","","","","","","","","","","","","","","","","","","",8.,9,3.2,9,"","","","","","","","","","","","","","","","","","","","","","","","","","",72,9,"","","","","","","","","","","","",7.7,9,1008.3,9,1006.,9,"","","","","","","","","","","","","","","","","","","","","","","","","","","","","","","","","","","","","","","","","","","","","","","","","","","","","","","","","","","","","","","","","","","","","","","","","","","","","","","","","","","","","","","","","","","","","","","","","","","","","","","","","","","","","","","",""
"59183001","DUNKERQUE",51.055833,2.3395,11,1892031912,"","","","","","","","","","","","","","","","","","","","","","","","","","","","","","","","","","","","",12.,9,6.1,9,"","","","","","","","","","","","","","","","","","","","","","","","","","",67,9,"","","","","","","","","","","","",9.4,9,1006.4,9,1004.1,9,"","","","","","","","","","","","","","","","","","","","","","","","","","","","","","","","","","","","","","","","","","","","","","","","","","","","","","","","","","","","","","","","","","","","","","","","","","","","","","","","","","","","","","","","","","","","","","","","","","","","","","","","","","","","","","","",""
"59183001","DUNKERQUE",51.055833,2.3395,11,1892031916,"","","","","","","","","","","","","","","","","","","","","","","","","","","","","","","","","","","","",12.6,9,6.8,9,"","","","","","","","","","","","","","","","","","","","","","","","","","",68,9,"","","","","","","","","","","","",9.9,9,1004.9,9,1002.6,9,"","","","","","","","","","","","","","","","","","","","","","","","","","","","","","","","","","","","","","","","","","","","","","","","","","","","","","","","","","","","","","","","","","","","","","","","","","","","","","","","","","","","","","","","","","","","","","","","","","","","","","","","","","","","","","","",""
"59183001","DUNKERQUE",51.055833,2.3395,11,1892031920,"","","","","","","","","","","","","","","","","","","","","","","","","","","","","","","","","","","","",6.8,9,-2.,9,"","","","","","","","","","","","","","","","","","","","","","","","","","",54,9,"","","","","","","","","","","","",5.3,9,1004.4,9,1002.1,9,"","","","","","","","","","","","","","","","","","","","","","","","","","","","","","","","","","","","","","","","","","","","","","","","","","","","","","","","","","","","","","","","","","","","","","","","","","","","","","","","","","","","","","","","","","","","","","","","","","","","","","","","","","","","","","","",""
"59183001","DUNKERQUE",51.055833,2.3395,11,1892032007,"","","","","","","","","","","","","","","","","","","","","","","","","","","","","","","","","","","","",0.4,9,-1.7,9,"","","","","","","","","","","","","","","","","","","","","","","","","","",86,9,"","","","","","","","","","","","",5.4,9,1004.8,9,1002.4,9,"","","","","","","","","","","","","","","","","","","","","","","","","","","","","","","","","","","","","","","","","","","","","","","","","","","","","","","","","","","","","","","","","","","","","","","","","","","","","","","","","","","","","","","","","","","","","","","","","","","","","","","","","","","","","","","",""
"59183001","DUNKERQUE",51.055833,2.3395,11,1892032010,"","","","","","","","","","","","","","","","","","","","","","","","","","","","","","","","","","","","",5.8,9,-5.4,9,"","","","","","","","","","","","","","","","","","","","","","","","","","",44,9,"","","","","","","","","","","","",4.1,9,1004.7,9,1002.4,9,"","","","","","","","","","","","","","","","","","","","","","","","","","","","","","","","","","","","","","","","","","","","","","","","","","","","","","","","","","","","","","","","","","","","","","","","","","","","","","","","","","","","","","","","","","","","","","","","","","","","","","","","","","","","","","","",""
"59183001","DUNKERQUE",51.055833,2.3395,11,1892032012,"","","","","","","","","","","","","","","","","","","","","","","","","","","","","","","","","","","","",6.4,9,-1.7,9,"","","","","","","","","","","","","","","","","","","","","","","","","","",56,9,"","","","","","","","","","","","",5.4,9,1004.4,9,1002.1,9,"","","","","","","","","","","","","","","","","","","","","","","","","","","","","","","","","","","","","","","","","","","","","","","","","","","","","","","","","","","","","","","","","","","","","","","","","","","","","","","","","","","","","","","","","","","","","","","","","","","","","","","","","","","","","","","",""
"59183001","DUNKERQUE",51.055833,2.3395,11,1892032016,"","","","","","","","","","","","","","","","","","","","","","","","","","","","","","","","","","","","",6.,9,-1.,9,"","","","","","","","","","","","","","","","","","","","","","","","","","",61,9,"","","","","","","","","","","","",5.7,9,1004.4,9,1002.1,9,"","","","","","","","","","","","","","","","","","","","","","","","","","","","","","","","","","","","","","","","","","","","","","","","","","","","","","","","","","","","","","","","","","","","","","","","","","","","","","","","","","","","","","","","","","","","","","","","","","","","","","","","","","","","","","","",""
"59183001","DUNKERQUE",51.055833,2.3395,11,1892032020,"","","","","","","","","","","","","","","","","","","","","","","","","","","","","","","","","","","","",4.2,9,0.4,9,"","","","","","","","","","","","","","","","","","","","","","","","","","",77,9,"","","","","","","","","","","","",6.3,9,1004.4,9,1002.1,9,"","","","","","","","","","","","","","","","","","","","","","","","","","","","","","","","","","","","","","","","","","","","","","","","","","","","","","","","","","","","","","","","","","","","","","","","","","","","","","","","","","","","","","","","","","","","","","","","","","","","","","","","","","","","","","","",""
"59183001","DUNKERQUE",51.055833,2.3395,11,1892032107,"","","","","","","","","","","","","","","","","","","","","","","","","","","","","","","","","","","","",2.,9,-0.7,9,"","","","","","","","","","","","","","","","","","","","","","","","","","",82,9,"","","","","","","","","","","","",5.8,9,1007.2,9,1004.8,9,"","","","","","","","","","","","","","","","","","","","","","","","","","","","","","","","","","","","","","","","","","","","","","","","","","","","","","","","","","","","","","","","","","","","","","","","","","","","","","","","","","","","","","","","","","","","","","","","","","","","","","","","","","","","","","","",""
"59183001","DUNKERQUE",51.055833,2.3395,11,1892032110,"","","","","","","","","","","","","","","","","","","","","","","","","","","","","","","","","","","","",7.8,9,-1.7,9,"","","","","","","","","","","","","","","","","","","","","","","","","","",51,9,"","","","","","","","","","","","",5.4,9,1007.8,9,1005.5,9,"","","","","","","","","","","","","","","","","","","","","","","","","","","","","","","","","","","","","","","","","","","","","","","","","","","","","","","","","","","","","","","","","","","","","","","","","","","","","","","","","","","","","","","","","","","","","","","","","","","","","","","","","","","","","","","",""
"59183001","DUNKERQUE",51.055833,2.3395,11,1892032112,"","","","","","","","","","","","","","","","","","","","","","","","","","","","","","","","","","","","",8.2,9,3.9,9,"","","","","","","","","","","","","","","","","","","","","","","","","","",75,9,"","","","","","","","","","","","",8.1,9,1007.8,9,1005.5,9,"","","","","","","","","","","","","","","","","","","","","","","","","","","","","","","","","","","","","","","","","","","","","","","","","","","","","","","","","","","","","","","","","","","","","","","","","","","","","","","","","","","","","","","","","","","","","","","","","","","","","","","","","","","","","","","",""
"59183001","DUNKERQUE",51.055833,2.3395,11,1892032116,"","","","","","","","","","","","","","","","","","","","","","","","","","","","","","","","","","","","",7.4,9,-1.,9,"","","","","","","","","","","","","","","","","","","","","","","","","","",55,9,"","","","","","","","","","","","",5.7,9,1007.5,9,1005.2,9,"","","","","","","","","","","","","","","","","","","","","","","","","","","","","","","","","","","","","","","","","","","","","","","","","","","","","","","","","","","","","","","","","","","","","","","","","","","","","","","","","","","","","","","","","","","","","","","","","","","","","","","","","","","","","","","",""
"59183001","DUNKERQUE",51.055833,2.3395,11,1892032120,"","","","","","","","","","","","","","","","","","","","","","","","","","","","","","","","","","","","",5.8,9,0.9,9,"","","","","","","","","","","","","","","","","","","","","","","","","","",70,9,"","","","","","","","","","","","",6.5,9,1007.7,9,1005.4,9,"","","","","","","","","","","","","","","","","","","","","","","","","","","","","","","","","","","","","","","","","","","","","","","","","","","","","","","","","","","","","","","","","","","","","","","","","","","","","","","","","","","","","","","","","","","","","","","","","","","","","","","","","","","","","","","",""
"59183001","DUNKERQUE",51.055833,2.3395,11,1892032207,"","","","","","","","","","","","","","","","","","","","","","","","","","","","","","","","","","","","",3.4,9,-0.5,9,"","","","","","","","","","","","","","","","","","","","","","","","","","",76,9,"","","","","","","","","","","","",5.9,9,1007.7,9,1005.3,9,"","","","","","","","","","","","","","","","","","","","","","","","","","","","","","","","","","","","","","","","","","","","","","","","","","","","","","","","","","","","","","","","","","","","","","","","","","","","","","","","","","","","","","","","","","","","","","","","","","","","","","","","","","","","","","","",""
"59183001","DUNKERQUE",51.055833,2.3395,11,1892032210,"","","","","","","","","","","","","","","","","","","","","","","","","","","","","","","","","","","","",3.6,9,0.4,9,"","","","","","","","","","","","","","","","","","","","","","","","","","",80,9,"","","","","","","","","","","","",6.3,9,1007.9,9,1005.5,9,"","","","","","","","","","","","","","","","","","","","","","","","","","","","","","","","","","","","","","","","","","","","","","","","","","","","","","","","","","","","","","","","","","","","","","","","","","","","","","","","","","","","","","","","","","","","","","","","","","","","","","","","","","","","","","","",""
"59183001","DUNKERQUE",51.055833,2.3395,11,1892032212,"","","","","","","","","","","","","","","","","","","","","","","","","","","","","","","","","","","","",3.8,9,0.2,9,"","","","","","","","","","","","","","","","","","","","","","","","","","",77,9,"","","","","","","","","","","","",6.2,9,1008.1,9,1005.7,9,"","","","","","","","","","","","","","","","","","","","","","","","","","","","","","","","","","","","","","","","","","","","","","","","","","","","","","","","","","","","","","","","","","","","","","","","","","","","","","","","","","","","","","","","","","","","","","","","","","","","","","","","","","","","","","","",""
"59183001","DUNKERQUE",51.055833,2.3395,11,1892032216,"","","","","","","","","","","","","","","","","","","","","","","","","","","","","","","","","","","","",3.8,9,0.6,9,"","","","","","","","","","","","","","","","","","","","","","","","","","",80,9,"","","","","","","","","","","","",6.4,9,1008.,9,1005.6,9,"","","","","","","","","","","","","","","","","","","","","","","","","","","","","","","","","","","","","","","","","","","","","","","","","","","","","","","","","","","","","","","","","","","","","","","","","","","","","","","","","","","","","","","","","","","","","","","","","","","","","","","","","","","","","","","",""
"59183001","DUNKERQUE",51.055833,2.3395,11,1892032220,"","","","","","","","","","","","","","","","","","","","","","","","","","","","","","","","","","","","",4.,9,-1.7,9,"","","","","","","","","","","","","","","","","","","","","","","","","","",67,9,"","","","","","","","","","","","",5.4,9,1008.,9,1005.6,9,"","","","","","","","","","","","","","","","","","","","","","","","","","","","","","","","","","","","","","","","","","","","","","","","","","","","","","","","","","","","","","","","","","","","","","","","","","","","","","","","","","","","","","","","","","","","","","","","","","","","","","","","","","","","","","","",""
"59183001","DUNKERQUE",51.055833,2.3395,11,1892032307,"","","","","","","","","","","","","","","","","","","","","","","","","","","","","","","","","","","","",3.8,9,1.3,9,"","","","","","","","","","","","","","","","","","","","","","","","","","",83,9,"","","","","","","","","","","","",6.7,9,1010.8,9,1008.4,9,"","","","","","","","","","","","","","","","","","","","","","","","","","","","","","","","","","","","","","","","","","","","","","","","","","","","","","","","","","","","","","","","","","","","","","","","","","","","","","","","","","","","","","","","","","","","","","","","","","","","","","","","","","","","","","","",""
"59183001","DUNKERQUE",51.055833,2.3395,11,1892032310,"","","","","","","","","","","","","","","","","","","","","","","","","","","","","","","","","","","","",5.,9,0.9,9,"","","","","","","","","","","","","","","","","","","","","","","","","","",75,9,"","","","","","","","","","","","",6.5,9,1011.4,9,1009.1,9,"","","","","","","","","","","","","","","","","","","","","","","","","","","","","","","","","","","","","","","","","","","","","","","","","","","","","","","","","","","","","","","","","","","","","","","","","","","","","","","","","","","","","","","","","","","","","","","","","","","","","","","","","","","","","","","",""
"59183001","DUNKERQUE",51.055833,2.3395,11,1892032312,"","","","","","","","","","","","","","","","","","","","","","","","","","","","","","","","","","","","",5.8,9,1.3,9,"","","","","","","","","","","","","","","","","","","","","","","","","","",73,9,"","","","","","","","","","","","",6.7,9,1011.3,9,1009.,9,"","","","","","","","","","","","","","","","","","","","","","","","","","","","","","","","","","","","","","","","","","","","","","","","","","","","","","","","","","","","","","","","","","","","","","","","","","","","","","","","","","","","","","","","","","","","","","","","","","","","","","","","","","","","","","","",""
"59183001","DUNKERQUE",51.055833,2.3395,11,1892032316,"","","","","","","","","","","","","","","","","","","","","","","","","","","","","","","","","","","","",5.4,9,1.9,9,"","","","","","","","","","","","","","","","","","","","","","","","","","",78,9,"","","","","","","","","","","","",7.,9,1011.3,9,1009.,9,"","","","","","","","","","","","","","","","","","","","","","","","","","","","","","","","","","","","","","","","","","","","","","","","","","","","","","","","","","","","","","","","","","","","","","","","","","","","","","","","","","","","","","","","","","","","","","","","","","","","","","","","","","","","","","","",""
"59183001","DUNKERQUE",51.055833,2.3395,11,1892032320,"","","","","","","","","","","","","","","","","","","","","","","","","","","","","","","","","","","","",5.,9,1.5,9,"","","","","","","","","","","","","","","","","","","","","","","","","","",78,9,"","","","","","","","","","","","",6.8,9,1011.3,9,1009.,9,"","","","","","","","","","","","","","","","","","","","","","","","","","","","","","","","","","","","","","","","","","","","","","","","","","","","","","","","","","","","","","","","","","","","","","","","","","","","","","","","","","","","","","","","","","","","","","","","","","","","","","","","","","","","","","","",""
"59183001","DUNKERQUE",51.055833,2.3395,11,1892032407,"","","","","","","","","","","","","","","","","","","","","","","","","","","","","","","","","","","","",3.4,9,1.3,9,"","","","","","","","","","","","","","","","","","","","","","","","","","",86,9,"","","","","","","","","","","","",6.7,9,1010.4,9,1008.,9,"","","","","","","","","","","","","","","","","","","","","","","","","","","","","","","","","","","","","","","","","","","","","","","","","","","","","","","","","","","","","","","","","","","","","","","","","","","","","","","","","","","","","","","","","","","","","","","","","","","","","","","","","","","","","","","",""
"59183001","DUNKERQUE",51.055833,2.3395,11,1892032410,"","","","","","","","","","","","","","","","","","","","","","","","","","","","","","","","","","","","",4.8,9,0.6,9,"","","","","","","","","","","","","","","","","","","","","","","","","","",75,9,"","","","","","","","","","","","",6.4,9,1010.2,9,1007.9,9,"","","","","","","","","","","","","","","","","","","","","","","","","","","","","","","","","","","","","","","","","","","","","","","","","","","","","","","","","","","","","","","","","","","","","","","","","","","","","","","","","","","","","","","","","","","","","","","","","","","","","","","","","","","","","","","",""
"59183001","DUNKERQUE",51.055833,2.3395,11,1892032412,"","","","","","","","","","","","","","","","","","","","","","","","","","","","","","","","","","","","",4.8,9,0.6,9,"","","","","","","","","","","","","","","","","","","","","","","","","","",75,9,"","","","","","","","","","","","",6.4,9,1010.,9,1007.7,9,"","","","","","","","","","","","","","","","","","","","","","","","","","","","","","","","","","","","","","","","","","","","","","","","","","","","","","","","","","","","","","","","","","","","","","","","","","","","","","","","","","","","","","","","","","","","","","","","","","","","","","","","","","","","","","","",""
"59183001","DUNKERQUE",51.055833,2.3395,11,1892032416,"","","","","","","","","","","","","","","","","","","","","","","","","","","","","","","","","","","","",4.6,9,1.1,9,"","","","","","","","","","","","","","","","","","","","","","","","","","",78,9,"","","","","","","","","","","","",6.6,9,1007.5,9,1005.2,9,"","","","","","","","","","","","","","","","","","","","","","","","","","","","","","","","","","","","","","","","","","","","","","","","","","","","","","","","","","","","","","","","","","","","","","","","","","","","","","","","","","","","","","","","","","","","","","","","","","","","","","","","","","","","","","","",""
"59183001","DUNKERQUE",51.055833,2.3395,11,1892032420,"","","","","","","","","","","","","","","","","","","","","","","","","","","","","","","","","","","","",4.2,9,2.7,9,"","","","","","","","","","","","","","","","","","","","","","","","","","",90,9,"","","","","","","","","","","","",7.4,9,1006.5,9,1004.2,9,"","","","","","","","","","","","","","","","","","","","","","","","","","","","","","","","","","","","","","","","","","","","","","","","","","","","","","","","","","","","","","","","","","","","","","","","","","","","","","","","","","","","","","","","","","","","","","","","","","","","","","","","","","","","","","","",""
"59183001","DUNKERQUE",51.055833,2.3395,11,1892032507,"","","","","","","","","","","","","","","","","","","","","","","","","","","","","","","","","","","","",3.2,9,1.1,9,"","","","","","","","","","","","","","","","","","","","","","","","","","",86,9,"","","","","","","","","","","","",6.6,9,1002.9,9,1000.6,9,"","","","","","","","","","","","","","","","","","","","","","","","","","","","","","","","","","","","","","","","","","","","","","","","","","","","","","","","","","","","","","","","","","","","","","","","","","","","","","","","","","","","","","","","","","","","","","","","","","","","","","","","","","","","","","","",""
"59183001","DUNKERQUE",51.055833,2.3395,11,1892032510,"","","","","","","","","","","","","","","","","","","","","","","","","","","","","","","","","","","","",4.2,9,1.1,9,"","","","","","","","","","","","","","","","","","","","","","","","","","",80,9,"","","","","","","","","","","","",6.6,9,1002.8,9,1000.5,9,"","","","","","","","","","","","","","","","","","","","","","","","","","","","","","","","","","","","","","","","","","","","","","","","","","","","","","","","","","","","","","","","","","","","","","","","","","","","","","","","","","","","","","","","","","","","","","","","","","","","","","","","","","","","","","","",""
"59183001","DUNKERQUE",51.055833,2.3395,11,1892032512,"","","","","","","","","","","","","","","","","","","","","","","","","","","","","","","","","","","","",9.,9,1.1,9,"","","","","","","","","","","","","","","","","","","","","","","","","","",58,9,"","","","","","","","","","","","",6.6,9,1000.9,9,998.6,9,"","","","","","","","","","","","","","","","","","","","","","","","","","","","","","","","","","","","","","","","","","","","","","","","","","","","","","","","","","","","","","","","","","","","","","","","","","","","","","","","","","","","","","","","","","","","","","","","","","","","","","","","","","","","","","","",""
"59183001","DUNKERQUE",51.055833,2.3395,11,1892032516,"","","","","","","","","","","","","","","","","","","","","","","","","","","","","","","","","","","","",5.6,9,2.3,9,"","","","","","","","","","","","","","","","","","","","","","","","","","",79,9,"","","","","","","","","","","","",7.2,9,997.,9,994.7,9,"","","","","","","","","","","","","","","","","","","","","","","","","","","","","","","","","","","","","","","","","","","","","","","","","","","","","","","","","","","","","","","","","","","","","","","","","","","","","","","","","","","","","","","","","","","","","","","","","","","","","","","","","","","","","","","",""
"59183001","DUNKERQUE",51.055833,2.3395,11,1892032520,"","","","","","","","","","","","","","","","","","","","","","","","","","","","","","","","","","","","",4.8,9,2.9,9,"","","","","","","","","","","","","","","","","","","","","","","","","","",87,9,"","","","","","","","","","","","",7.5,9,995.4,9,993.1,9,"","","","","","","","","","","","","","","","","","","","","","","","","","","","","","","","","","","","","","","","","","","","","","","","","","","","","","","","","","","","","","","","","","","","","","","","","","","","","","","","","","","","","","","","","","","","","","","","","","","","","","","","","","","","","","","",""
"59183001","DUNKERQUE",51.055833,2.3395,11,1892032607,"","","","","","","","","","","","","","","","","","","","","","","","","","","","","","","","","","","","",8.4,9,4.5,9,"","","","","","","","","","","","","","","","","","","","","","","","","","",76,9,"","","","","","","","","","","","",8.4,9,991.1,9,988.8,9,"","","","","","","","","","","","","","","","","","","","","","","","","","","","","","","","","","","","","","","","","","","","","","","","","","","","","","","","","","","","","","","","","","","","","","","","","","","","","","","","","","","","","","","","","","","","","","","","","","","","","","","","","","","","","","","",""
"59183001","DUNKERQUE",51.055833,2.3395,11,1892032610,"","","","","","","","","","","","","","","","","","","","","","","","","","","","","","","","","","","","",10.,9,5.8,9,"","","","","","","","","","","","","","","","","","","","","","","","","","",75,9,"","","","","","","","","","","","",9.2,9,991.,9,988.7,9,"","","","","","","","","","","","","","","","","","","","","","","","","","","","","","","","","","","","","","","","","","","","","","","","","","","","","","","","","","","","","","","","","","","","","","","","","","","","","","","","","","","","","","","","","","","","","","","","","","","","","","","","","","","","","","","",""
"59183001","DUNKERQUE",51.055833,2.3395,11,1892032612,"","","","","","","","","","","","","","","","","","","","","","","","","","","","","","","","","","","","",14.6,9,7.8,9,"","","","","","","","","","","","","","","","","","","","","","","","","","",64,9,"","","","","","","","","","","","",10.6,9,990.8,9,988.6,9,"","","","","","","","","","","","","","","","","","","","","","","","","","","","","","","","","","","","","","","","","","","","","","","","","","","","","","","","","","","","","","","","","","","","","","","","","","","","","","","","","","","","","","","","","","","","","","","","","","","","","","","","","","","","","","","",""
"59183001","DUNKERQUE",51.055833,2.3395,11,1892032616,"","","","","","","","","","","","","","","","","","","","","","","","","","","","","","","","","","","","",10.2,9,-0.7,9,"","","","","","","","","","","","","","","","","","","","","","","","","","",47,9,"","","","","","","","","","","","",5.8,9,990.5,9,988.2,9,"","","","","","","","","","","","","","","","","","","","","","","","","","","","","","","","","","","","","","","","","","","","","","","","","","","","","","","","","","","","","","","","","","","","","","","","","","","","","","","","","","","","","","","","","","","","","","","","","","","","","","","","","","","","","","","",""
"59183001","DUNKERQUE",51.055833,2.3395,11,1892032620,"","","","","","","","","","","","","","","","","","","","","","","","","","","","","","","","","","","","",10.,9,-0.5,9,"","","","","","","","","","","","","","","","","","","","","","","","","","",48,9,"","","","","","","","","","","","",5.9,9,989.7,9,987.4,9,"","","","","","","","","","","","","","","","","","","","","","","","","","","","","","","","","","","","","","","","","","","","","","","","","","","","","","","","","","","","","","","","","","","","","","","","","","","","","","","","","","","","","","","","","","","","","","","","","","","","","","","","","","","","","","","",""
"59183001","DUNKERQUE",51.055833,2.3395,11,1892032707,"","","","","","","","","","","","","","","","","","","","","","","","","","","","","","","","","","","","",8.,9,6.8,9,"","","","","","","","","","","","","","","","","","","","","","","","","","",92,9,"","","","","","","","","","","","",9.9,9,989.7,9,987.4,9,"","","","","","","","","","","","","","","","","","","","","","","","","","","","","","","","","","","","","","","","","","","","","","","","","","","","","","","","","","","","","","","","","","","","","","","","","","","","","","","","","","","","","","","","","","","","","","","","","","","","","","","","","","","","","","","",""
"59183001","DUNKERQUE",51.055833,2.3395,11,1892032710,"","","","","","","","","","","","","","","","","","","","","","","","","","","","","","","","","","","","",8.4,9,4.5,9,"","","","","","","","","","","","","","","","","","","","","","","","","","",76,9,"","","","","","","","","","","","",8.4,9,990.3,9,988.,9,"","","","","","","","","","","","","","","","","","","","","","","","","","","","","","","","","","","","","","","","","","","","","","","","","","","","","","","","","","","","","","","","","","","","","","","","","","","","","","","","","","","","","","","","","","","","","","","","","","","","","","","","","","","","","","","",""
"59183001","DUNKERQUE",51.055833,2.3395,11,1892032712,"","","","","","","","","","","","","","","","","","","","","","","","","","","","","","","","","","","","",8.4,9,4.5,9,"","","","","","","","","","","","","","","","","","","","","","","","","","",76,9,"","","","","","","","","","","","",8.4,9,990.3,9,988.,9,"","","","","","","","","","","","","","","","","","","","","","","","","","","","","","","","","","","","","","","","","","","","","","","","","","","","","","","","","","","","","","","","","","","","","","","","","","","","","","","","","","","","","","","","","","","","","","","","","","","","","","","","","","","","","","","",""
"59183001","DUNKERQUE",51.055833,2.3395,11,1892032716,"","","","","","","","","","","","","","","","","","","","","","","","","","","","","","","","","","","","",8.8,9,3.8,9,"","","","","","","","","","","","","","","","","","","","","","","","","","",71,9,"","","","","","","","","","","","",8.,9,990.2,9,987.9,9,"","","","","","","","","","","","","","","","","","","","","","","","","","","","","","","","","","","","","","","","","","","","","","","","","","","","","","","","","","","","","","","","","","","","","","","","","","","","","","","","","","","","","","","","","","","","","","","","","","","","","","","","","","","","","","","",""
"59183001","DUNKERQUE",51.055833,2.3395,11,1892032720,"","","","","","","","","","","","","","","","","","","","","","","","","","","","","","","","","","","","",5.2,9,3.8,9,"","","","","","","","","","","","","","","","","","","","","","","","","","",91,9,"","","","","","","","","","","","",8.,9,990.3,9,988.,9,"","","","","","","","","","","","","","","","","","","","","","","","","","","","","","","","","","","","","","","","","","","","","","","","","","","","","","","","","","","","","","","","","","","","","","","","","","","","","","","","","","","","","","","","","","","","","","","","","","","","","","","","","","","","","","","",""
"59183001","DUNKERQUE",51.055833,2.3395,11,1892032807,"","","","","","","","","","","","","","","","","","","","","","","","","","","","","","","","","","","","",2.6,9,1.1,9,"","","","","","","","","","","","","","","","","","","","","","","","","","",89,9,"","","","","","","","","","","","",6.6,9,990.,9,987.7,9,"","","","","","","","","","","","","","","","","","","","","","","","","","","","","","","","","","","","","","","","","","","","","","","","","","","","","","","","","","","","","","","","","","","","","","","","","","","","","","","","","","","","","","","","","","","","","","","","","","","","","","","","","","","","","","","",""
"59183001","DUNKERQUE",51.055833,2.3395,11,1892032810,"","","","","","","","","","","","","","","","","","","","","","","","","","","","","","","","","","","","",2.2,9,0.6,9,"","","","","","","","","","","","","","","","","","","","","","","","","","",89,9,"","","","","","","","","","","","",6.4,9,990.1,9,987.8,9,"","","","","","","","","","","","","","","","","","","","","","","","","","","","","","","","","","","","","","","","","","","","","","","","","","","","","","","","","","","","","","","","","","","","","","","","","","","","","","","","","","","","","","","","","","","","","","","","","","","","","","","","","","","","","","","",""
"59183001","DUNKERQUE",51.055833,2.3395,11,1892032812,"","","","","","","","","","","","","","","","","","","","","","","","","","","","","","","","","","","","",2.2,9,0.6,9,"","","","","","","","","","","","","","","","","","","","","","","","","","",89,9,"","","","","","","","","","","","",6.4,9,991.8,9,989.5,9,"","","","","","","","","","","","","","","","","","","","","","","","","","","","","","","","","","","","","","","","","","","","","","","","","","","","","","","","","","","","","","","","","","","","","","","","","","","","","","","","","","","","","","","","","","","","","","","","","","","","","","","","","","","","","","","",""
"59183001","DUNKERQUE",51.055833,2.3395,11,1892032816,"","","","","","","","","","","","","","","","","","","","","","","","","","","","","","","","","","","","",2.8,9,-1.,9,"","","","","","","","","","","","","","","","","","","","","","","","","","",76,9,"","","","","","","","","","","","",5.7,9,994.3,9,992.,9,"","","","","","","","","","","","","","","","","","","","","","","","","","","","","","","","","","","","","","","","","","","","","","","","","","","","","","","","","","","","","","","","","","","","","","","","","","","","","","","","","","","","","","","","","","","","","","","","","","","","","","","","","","","","","","","",""
"59183001","DUNKERQUE",51.055833,2.3395,11,1892032820,"","","","","","","","","","","","","","","","","","","","","","","","","","","","","","","","","","","","",2.8,9,0.6,9,"","","","","","","","","","","","","","","","","","","","","","","","","","",86,9,"","","","","","","","","","","","",6.4,9,997.3,9,995.,9,"","","","","","","","","","","","","","","","","","","","","","","","","","","","","","","","","","","","","","","","","","","","","","","","","","","","","","","","","","","","","","","","","","","","","","","","","","","","","","","","","","","","","","","","","","","","","","","","","","","","","","","","","","","","","","","",""
"59183001","DUNKERQUE",51.055833,2.3395,11,1892032907,"","","","","","","","","","","","","","","","","","","","","","","","","","","","","","","","","","","","",2.8,9,0.6,9,"","","","","","","","","","","","","","","","","","","","","","","","","","",86,9,"","","","","","","","","","","","",6.4,9,1003.9,9,1001.5,9,"","","","","","","","","","","","","","","","","","","","","","","","","","","","","","","","","","","","","","","","","","","","","","","","","","","","","","","","","","","","","","","","","","","","","","","","","","","","","","","","","","","","","","","","","","","","","","","","","","","","","","","","","","","","","","","",""
"59183001","DUNKERQUE",51.055833,2.3395,11,1892032910,"","","","","","","","","","","","","","","","","","","","","","","","","","","","","","","","","","","","",2.8,9,0.6,9,"","","","","","","","","","","","","","","","","","","","","","","","","","",86,9,"","","","","","","","","","","","",6.4,9,1006.8,9,1004.4,9,"","","","","","","","","","","","","","","","","","","","","","","","","","","","","","","","","","","","","","","","","","","","","","","","","","","","","","","","","","","","","","","","","","","","","","","","","","","","","","","","","","","","","","","","","","","","","","","","","","","","","","","","","","","","","","","",""
"59183001","DUNKERQUE",51.055833,2.3395,11,1892032912,"","","","","","","","","","","","","","","","","","","","","","","","","","","","","","","","","","","","",2.8,9,-3.,9,"","","","","","","","","","","","","","","","","","","","","","","","","","",65,9,"","","","","","","","","","","","",4.9,9,1007.9,9,1005.5,9,"","","","","","","","","","","","","","","","","","","","","","","","","","","","","","","","","","","","","","","","","","","","","","","","","","","","","","","","","","","","","","","","","","","","","","","","","","","","","","","","","","","","","","","","","","","","","","","","","","","","","","","","","","","","","","","",""
"59183001","DUNKERQUE",51.055833,2.3395,11,1892032916,"","","","","","","","","","","","","","","","","","","","","","","","","","","","","","","","","","","","",3.6,9,-5.7,9,"","","","","","","","","","","","","","","","","","","","","","","","","","",51,9,"","","","","","","","","","","","",4.,9,1008.1,9,1005.7,9,"","","","","","","","","","","","","","","","","","","","","","","","","","","","","","","","","","","","","","","","","","","","","","","","","","","","","","","","","","","","","","","","","","","","","","","","","","","","","","","","","","","","","","","","","","","","","","","","","","","","","","","","","","","","","","","",""
"59183001","DUNKERQUE",51.055833,2.3395,11,1892032920,"","","","","","","","","","","","","","","","","","","","","","","","","","","","","","","","","","","","",3.2,9,-4.2,9,"","","","","","","","","","","","","","","","","","","","","","","","","","",59,9,"","","","","","","","","","","","",4.5,9,1010.4,9,1008.,9,"","","","","","","","","","","","","","","","","","","","","","","","","","","","","","","","","","","","","","","","","","","","","","","","","","","","","","","","","","","","","","","","","","","","","","","","","","","","","","","","","","","","","","","","","","","","","","","","","","","","","","","","","","","","","","","",""
"59183001","DUNKERQUE",51.055833,2.3395,11,1892033007,"","","","","","","","","","","","","","","","","","","","","","","","","","","","","","","","","","","","",2.,9,0.4,9,"","","","","","","","","","","","","","","","","","","","","","","","","","",89,9,"","","","","","","","","","","","",6.3,9,1011.3,9,1008.9,9,"","","","","","","","","","","","","","","","","","","","","","","","","","","","","","","","","","","","","","","","","","","","","","","","","","","","","","","","","","","","","","","","","","","","","","","","","","","","","","","","","","","","","","","","","","","","","","","","","","","","","","","","","","","","","","","",""
"59183001","DUNKERQUE",51.055833,2.3395,11,1892033010,"","","","","","","","","","","","","","","","","","","","","","","","","","","","","","","","","","","","",4.,9,1.3,9,"","","","","","","","","","","","","","","","","","","","","","","","","","",83,9,"","","","","","","","","","","","",6.7,9,1011.5,9,1009.1,9,"","","","","","","","","","","","","","","","","","","","","","","","","","","","","","","","","","","","","","","","","","","","","","","","","","","","","","","","","","","","","","","","","","","","","","","","","","","","","","","","","","","","","","","","","","","","","","","","","","","","","","","","","","","","","","","",""
"59183001","DUNKERQUE",51.055833,2.3395,11,1892033012,"","","","","","","","","","","","","","","","","","","","","","","","","","","","","","","","","","","","",4.4,9,0.6,9,"","","","","","","","","","","","","","","","","","","","","","","","","","",77,9,"","","","","","","","","","","","",6.4,9,1012.,9,1009.6,9,"","","","","","","","","","","","","","","","","","","","","","","","","","","","","","","","","","","","","","","","","","","","","","","","","","","","","","","","","","","","","","","","","","","","","","","","","","","","","","","","","","","","","","","","","","","","","","","","","","","","","","","","","","","","","","","",""
"59183001","DUNKERQUE",51.055833,2.3395,11,1892033016,"","","","","","","","","","","","","","","","","","","","","","","","","","","","","","","","","","","","",5.,9,2.1,9,"","","","","","","","","","","","","","","","","","","","","","","","","","",81,9,"","","","","","","","","","","","",7.1,9,1011.6,9,1009.3,9,"","","","","","","","","","","","","","","","","","","","","","","","","","","","","","","","","","","","","","","","","","","","","","","","","","","","","","","","","","","","","","","","","","","","","","","","","","","","","","","","","","","","","","","","","","","","","","","","","","","","","","","","","","","","","","","",""
"59183001","DUNKERQUE",51.055833,2.3395,11,1892033020,"","","","","","","","","","","","","","","","","","","","","","","","","","","","","","","","","","","","",4.2,9,2.3,9,"","","","","","","","","","","","","","","","","","","","","","","","","","",87,9,"","","","","","","","","","","","",7.2,9,1011.8,9,1009.4,9,"","","","","","","","","","","","","","","","","","","","","","","","","","","","","","","","","","","","","","","","","","","","","","","","","","","","","","","","","","","","","","","","","","","","","","","","","","","","","","","","","","","","","","","","","","","","","","","","","","","","","","","","","","","","","","","",""
"59183001","DUNKERQUE",51.055833,2.3395,11,1892033107,"","","","","","","","","","","","","","","","","","","","","","","","","","","","","","","","","","","","",4.,9,-0.3,9,"","","","","","","","","","","","","","","","","","","","","","","","","","",74,9,"","","","","","","","","","","","",6.,9,1012.1,9,1009.7,9,"","","","","","","","","","","","","","","","","","","","","","","","","","","","","","","","","","","","","","","","","","","","","","","","","","","","","","","","","","","","","","","","","","","","","","","","","","","","","","","","","","","","","","","","","","","","","","","","","","","","","","","","","","","","","","","",""
"59183001","DUNKERQUE",51.055833,2.3395,11,1892033110,"","","","","","","","","","","","","","","","","","","","","","","","","","","","","","","","","","","","",6.4,9,-3.,9,"","","","","","","","","","","","","","","","","","","","","","","","","","",51,9,"","","","","","","","","","","","",4.9,9,1013.,9,1010.7,9,"","","","","","","","","","","","","","","","","","","","","","","","","","","","","","","","","","","","","","","","","","","","","","","","","","","","","","","","","","","","","","","","","","","","","","","","","","","","","","","","","","","","","","","","","","","","","","","","","","","","","","","","","","","","","","","",""
"59183001","DUNKERQUE",51.055833,2.3395,11,1892033112,"","","","","","","","","","","","","","","","","","","","","","","","","","","","","","","","","","","","",6.4,9,-3.,9,"","","","","","","","","","","","","","","","","","","","","","","","","","",51,9,"","","","","","","","","","","","",4.9,9,1014.,9,1011.7,9,"","","","","","","","","","","","","","","","","","","","","","","","","","","","","","","","","","","","","","","","","","","","","","","","","","","","","","","","","","","","","","","","","","","","","","","","","","","","","","","","","","","","","","","","","","","","","","","","","","","","","","","","","","","","","","","",""
"59183001","DUNKERQUE",51.055833,2.3395,11,1892033116,"","","","","","","","","","","","","","","","","","","","","","","","","","","","","","","","","","","","",6.8,9,-3.3,9,"","","","","","","","","","","","","","","","","","","","","","","","","","",49,9,"","","","","","","","","","","","",4.8,9,1013.3,9,1011.,9,"","","","","","","","","","","","","","","","","","","","","","","","","","","","","","","","","","","","","","","","","","","","","","","","","","","","","","","","","","","","","","","","","","","","","","","","","","","","","","","","","","","","","","","","","","","","","","","","","","","","","","","","","","","","","","","",""
"59183001","DUNKERQUE",51.055833,2.3395,11,1892033120,"","","","","","","","","","","","","","","","","","","","","","","","","","","","","","","","","","","","",4.2,9,-1.4,9,"","","","","","","","","","","","","","","","","","","","","","","","","","",67,9,"","","","","","","","","","","","",5.5,9,1013.3,9,1010.9,9,"","","","","","","","","","","","","","","","","","","","","","","","","","","","","","","","","","","","","","","","","","","","","","","","","","","","","","","","","","","","","","","","","","","","","","","","","","","","","","","","","","","","","","","","","","","","","","","","","","","","","","","","","","","","","","","",""
"59183001","DUNKERQUE",51.055833,2.3395,11,1892040107,"","","","","","","","","","","","","","","","","","","","","","","","","","","","","","","","","","","","",4.,9,0.4,9,"","","","","","","","","","","","","","","","","","","","","","","","","","",77,9,"","","","","","","","","","","","",6.3,9,1014.1,9,1011.7,9,"","","","","","","","","","","","","","","","","","","","","","","","","","","","","","","","","","","","","","","","","","","","","","","","","","","","","","","","","","","","","","","","","","","","","","","","","","","","","","","","","","","","","","","","","","","","","","","","","","","","","","","","","","","","","","","",""
"59183001","DUNKERQUE",51.055833,2.3395,11,1892040110,"","","","","","","","","","","","","","","","","","","","","","","","","","","","","","","","","","","","",8.6,9,-2.7,9,"","","","","","","","","","","","","","","","","","","","","","","","","","",45,9,"","","","","","","","","","","","",5.,9,1014.,9,1011.7,9,"","","","","","","","","","","","","","","","","","","","","","","","","","","","","","","","","","","","","","","","","","","","","","","","","","","","","","","","","","","","","","","","","","","","","","","","","","","","","","","","","","","","","","","","","","","","","","","","","","","","","","","","","","","","","","","",""
"59183001","DUNKERQUE",51.055833,2.3395,11,1892040112,"","","","","","","","","","","","","","","","","","","","","","","","","","","","","","","","","","","","",10.8,9,-4.5,9,"","","","","","","","","","","","","","","","","","","","","","","","","","",34,9,"","","","","","","","","","","","",4.4,9,1013.6,9,1011.3,9,"","","","","","","","","","","","","","","","","","","","","","","","","","","","","","","","","","","","","","","","","","","","","","","","","","","","","","","","","","","","","","","","","","","","","","","","","","","","","","","","","","","","","","","","","","","","","","","","","","","","","","","","","","","","","","","",""
"59183001","DUNKERQUE",51.055833,2.3395,11,1892040116,"","","","","","","","","","","","","","","","","","","","","","","","","","","","","","","","","","","","",9.6,9,-3.3,9,"","","","","","","","","","","","","","","","","","","","","","","","","","",40,9,"","","","","","","","","","","","",4.8,9,1013.3,9,1011.,9,"","","","","","","","","","","","","","","","","","","","","","","","","","","","","","","","","","","","","","","","","","","","","","","","","","","","","","","","","","","","","","","","","","","","","","","","","","","","","","","","","","","","","","","","","","","","","","","","","","","","","","","","","","","","","","","",""
"59183001","DUNKERQUE",51.055833,2.3395,11,1892040120,"","","","","","","","","","","","","","","","","","","","","","","","","","","","","","","","","","","","",5.8,9,-2.,9,"","","","","","","","","","","","","","","","","","","","","","","","","","",58,9,"","","","","","","","","","","","",5.3,9,1012.3,9,1010.,9,"","","","","","","","","","","","","","","","","","","","","","","","","","","","","","","","","","","","","","","","","","","","","","","","","","","","","","","","","","","","","","","","","","","","","","","","","","","","","","","","","","","","","","","","","","","","","","","","","","","","","","","","","","","","","","","",""
"59183001","DUNKERQUE",51.055833,2.3395,11,1892040207,"","","","","","","","","","","","","","","","","","","","","","","","","","","","","","","","","","","","",5.3,9,-0.7,9,"","","","","","","","","","","","","","","","","","","","","","","","","","",65,9,"","","","","","","","","","","","",5.8,9,1011.4,9,1009.1,9,"","","","","","","","","","","","","","","","","","","","","","","","","","","","","","","","","","","","","","","","","","","","","","","","","","","","","","","","","","","","","","","","","","","","","","","","","","","","","","","","","","","","","","","","","","","","","","","","","","","","","","","","","","","","","","","",""
"59183001","DUNKERQUE",51.055833,2.3395,11,1892040210,"","","","","","","","","","","","","","","","","","","","","","","","","","","","","","","","","","","","",7.8,9,0.6,9,"","","","","","","","","","","","","","","","","","","","","","","","","","",61,9,"","","","","","","","","","","","",6.4,9,1011.4,9,1009.1,9,"","","","","","","","","","","","","","","","","","","","","","","","","","","","","","","","","","","","","","","","","","","","","","","","","","","","","","","","","","","","","","","","","","","","","","","","","","","","","","","","","","","","","","","","","","","","","","","","","","","","","","","","","","","","","","","",""
"59183001","DUNKERQUE",51.055833,2.3395,11,1892040212,"","","","","","","","","","","","","","","","","","","","","","","","","","","","","","","","","","","","",8.,9,-0.3,9,"","","","","","","","","","","","","","","","","","","","","","","","","","",56,9,"","","","","","","","","","","","",6.,9,1011.3,9,1009.,9,"","","","","","","","","","","","","","","","","","","","","","","","","","","","","","","","","","","","","","","","","","","","","","","","","","","","","","","","","","","","","","","","","","","","","","","","","","","","","","","","","","","","","","","","","","","","","","","","","","","","","","","","","","","","","","","",""
"59183001","DUNKERQUE",51.055833,2.3395,11,1892040216,"","","","","","","","","","","","","","","","","","","","","","","","","","","","","","","","","","","","",7.4,9,0.4,9,"","","","","","","","","","","","","","","","","","","","","","","","","","",61,9,"","","","","","","","","","","","",6.3,9,1010.,9,1007.7,9,"","","","","","","","","","","","","","","","","","","","","","","","","","","","","","","","","","","","","","","","","","","","","","","","","","","","","","","","","","","","","","","","","","","","","","","","","","","","","","","","","","","","","","","","","","","","","","","","","","","","","","","","","","","","","","","",""
"59183001","DUNKERQUE",51.055833,2.3395,11,1892040220,"","","","","","","","","","","","","","","","","","","","","","","","","","","","","","","","","","","","",6.6,9,-0.3,9,"","","","","","","","","","","","","","","","","","","","","","","","","","",62,9,"","","","","","","","","","","","",6.,9,1009.9,9,1007.6,9,"","","","","","","","","","","","","","","","","","","","","","","","","","","","","","","","","","","","","","","","","","","","","","","","","","","","","","","","","","","","","","","","","","","","","","","","","","","","","","","","","","","","","","","","","","","","","","","","","","","","","","","","","","","","","","","",""
"59183001","DUNKERQUE",51.055833,2.3395,11,1892040307,"","","","","","","","","","","","","","","","","","","","","","","","","","","","","","","","","","","","",4.8,9,1.9,9,"","","","","","","","","","","","","","","","","","","","","","","","","","",81,9,"","","","","","","","","","","","",7.,9,1008.6,9,1006.3,9,"","","","","","","","","","","","","","","","","","","","","","","","","","","","","","","","","","","","","","","","","","","","","","","","","","","","","","","","","","","","","","","","","","","","","","","","","","","","","","","","","","","","","","","","","","","","","","","","","","","","","","","","","","","","","","","",""
"59183001","DUNKERQUE",51.055833,2.3395,11,1892040310,"","","","","","","","","","","","","","","","","","","","","","","","","","","","","","","","","","","","",8.4,9,2.9,9,"","","","","","","","","","","","","","","","","","","","","","","","","","",68,9,"","","","","","","","","","","","",7.5,9,1008.,9,1005.7,9,"","","","","","","","","","","","","","","","","","","","","","","","","","","","","","","","","","","","","","","","","","","","","","","","","","","","","","","","","","","","","","","","","","","","","","","","","","","","","","","","","","","","","","","","","","","","","","","","","","","","","","","","","","","","","","","",""
"59183001","DUNKERQUE",51.055833,2.3395,11,1892040312,"","","","","","","","","","","","","","","","","","","","","","","","","","","","","","","","","","","","",9.8,9,3.9,9,"","","","","","","","","","","","","","","","","","","","","","","","","","",67,9,"","","","","","","","","","","","",8.1,9,1007.8,9,1005.5,9,"","","","","","","","","","","","","","","","","","","","","","","","","","","","","","","","","","","","","","","","","","","","","","","","","","","","","","","","","","","","","","","","","","","","","","","","","","","","","","","","","","","","","","","","","","","","","","","","","","","","","","","","","","","","","","","",""
"59183001","DUNKERQUE",51.055833,2.3395,11,1892040316,"","","","","","","","","","","","","","","","","","","","","","","","","","","","","","","","","","","","",9.6,9,3.8,9,"","","","","","","","","","","","","","","","","","","","","","","","","","",67,9,"","","","","","","","","","","","",8.,9,1005.3,9,1003.,9,"","","","","","","","","","","","","","","","","","","","","","","","","","","","","","","","","","","","","","","","","","","","","","","","","","","","","","","","","","","","","","","","","","","","","","","","","","","","","","","","","","","","","","","","","","","","","","","","","","","","","","","","","","","","","","","",""
"59183001","DUNKERQUE",51.055833,2.3395,11,1892040320,"","","","","","","","","","","","","","","","","","","","","","","","","","","","","","","","","","","","",6.7,9,0.4,9,"","","","","","","","","","","","","","","","","","","","","","","","","","",64,9,"","","","","","","","","","","","",6.3,9,1003.1,9,1000.8,9,"","","","","","","","","","","","","","","","","","","","","","","","","","","","","","","","","","","","","","","","","","","","","","","","","","","","","","","","","","","","","","","","","","","","","","","","","","","","","","","","","","","","","","","","","","","","","","","","","","","","","","","","","","","","","","","",""
"59183001","DUNKERQUE",51.055833,2.3395,11,1892040407,"","","","","","","","","","","","","","","","","","","","","","","","","","","","","","","","","","","","",7.,9,-0.7,9,"","","","","","","","","","","","","","","","","","","","","","","","","","",58,9,"","","","","","","","","","","","",5.8,9,1001.,9,998.7,9,"","","","","","","","","","","","","","","","","","","","","","","","","","","","","","","","","","","","","","","","","","","","","","","","","","","","","","","","","","","","","","","","","","","","","","","","","","","","","","","","","","","","","","","","","","","","","","","","","","","","","","","","","","","","","","","",""
"59183001","DUNKERQUE",51.055833,2.3395,11,1892040410,"","","","","","","","","","","","","","","","","","","","","","","","","","","","","","","","","","","","",18.,9,-5.4,9,"","","","","","","","","","","","","","","","","","","","","","","","","","",20,9,"","","","","","","","","","","","",4.1,9,1000.4,9,998.2,9,"","","","","","","","","","","","","","","","","","","","","","","","","","","","","","","","","","","","","","","","","","","","","","","","","","","","","","","","","","","","","","","","","","","","","","","","","","","","","","","","","","","","","","","","","","","","","","","","","","","","","","","","","","","","","","","",""
"59183001","DUNKERQUE",51.055833,2.3395,11,1892040412,"","","","","","","","","","","","","","","","","","","","","","","","","","","","","","","","","","","","",18.,9,-4.8,9,"","","","","","","","","","","","","","","","","","","","","","","","","","",21,9,"","","","","","","","","","","","",4.3,9,1000.3,9,998.1,9,"","","","","","","","","","","","","","","","","","","","","","","","","","","","","","","","","","","","","","","","","","","","","","","","","","","","","","","","","","","","","","","","","","","","","","","","","","","","","","","","","","","","","","","","","","","","","","","","","","","","","","","","","","","","","","","",""
"59183001","DUNKERQUE",51.055833,2.3395,11,1892040416,"","","","","","","","","","","","","","","","","","","","","","","","","","","","","","","","","","","","",15.,9,1.5,9,"","","","","","","","","","","","","","","","","","","","","","","","","","",40,9,"","","","","","","","","","","","",6.8,9,999.7,9,997.5,9,"","","","","","","","","","","","","","","","","","","","","","","","","","","","","","","","","","","","","","","","","","","","","","","","","","","","","","","","","","","","","","","","","","","","","","","","","","","","","","","","","","","","","","","","","","","","","","","","","","","","","","","","","","","","","","","",""
"59183001","DUNKERQUE",51.055833,2.3395,11,1892040420,"","","","","","","","","","","","","","","","","","","","","","","","","","","","","","","","","","","","",11.2,9,3.4,9,"","","","","","","","","","","","","","","","","","","","","","","","","","",59,9,"","","","","","","","","","","","",7.8,9,998.6,9,996.3,9,"","","","","","","","","","","","","","","","","","","","","","","","","","","","","","","","","","","","","","","","","","","","","","","","","","","","","","","","","","","","","","","","","","","","","","","","","","","","","","","","","","","","","","","","","","","","","","","","","","","","","","","","","","","","","","","",""
"59183001","DUNKERQUE",51.055833,2.3395,11,1892040507,"","","","","","","","","","","","","","","","","","","","","","","","","","","","","","","","","","","","",6.4,9,2.5,9,"","","","","","","","","","","","","","","","","","","","","","","","","","",76,9,"","","","","","","","","","","","",7.3,9,1000.1,9,997.8,9,"","","","","","","","","","","","","","","","","","","","","","","","","","","","","","","","","","","","","","","","","","","","","","","","","","","","","","","","","","","","","","","","","","","","","","","","","","","","","","","","","","","","","","","","","","","","","","","","","","","","","","","","","","","","","","","",""
"59183001","DUNKERQUE",51.055833,2.3395,11,1892040510,"","","","","","","","","","","","","","","","","","","","","","","","","","","","","","","","","","","","",13.4,9,0.6,9,"","","","","","","","","","","","","","","","","","","","","","","","","","",42,9,"","","","","","","","","","","","",6.4,9,1000.1,9,997.8,9,"","","","","","","","","","","","","","","","","","","","","","","","","","","","","","","","","","","","","","","","","","","","","","","","","","","","","","","","","","","","","","","","","","","","","","","","","","","","","","","","","","","","","","","","","","","","","","","","","","","","","","","","","","","","","","","",""
"59183001","DUNKERQUE",51.055833,2.3395,11,1892040512,"","","","","","","","","","","","","","","","","","","","","","","","","","","","","","","","","","","","",12.,9,0.4,9,"","","","","","","","","","","","","","","","","","","","","","","","","","",45,9,"","","","","","","","","","","","",6.3,9,1000.1,9,997.8,9,"","","","","","","","","","","","","","","","","","","","","","","","","","","","","","","","","","","","","","","","","","","","","","","","","","","","","","","","","","","","","","","","","","","","","","","","","","","","","","","","","","","","","","","","","","","","","","","","","","","","","","","","","","","","","","","",""
"59183001","DUNKERQUE",51.055833,2.3395,11,1892040516,"","","","","","","","","","","","","","","","","","","","","","","","","","","","","","","","","","","","",9.8,9,1.7,9,"","","","","","","","","","","","","","","","","","","","","","","","","","",57,9,"","","","","","","","","","","","",6.9,9,998.6,9,996.3,9,"","","","","","","","","","","","","","","","","","","","","","","","","","","","","","","","","","","","","","","","","","","","","","","","","","","","","","","","","","","","","","","","","","","","","","","","","","","","","","","","","","","","","","","","","","","","","","","","","","","","","","","","","","","","","","","",""
"59183001","DUNKERQUE",51.055833,2.3395,11,1892040520,"","","","","","","","","","","","","","","","","","","","","","","","","","","","","","","","","","","","",7.6,9,2.9,9,"","","","","","","","","","","","","","","","","","","","","","","","","","",72,9,"","","","","","","","","","","","",7.5,9,998.7,9,996.4,9,"","","","","","","","","","","","","","","","","","","","","","","","","","","","","","","","","","","","","","","","","","","","","","","","","","","","","","","","","","","","","","","","","","","","","","","","","","","","","","","","","","","","","","","","","","","","","","","","","","","","","","","","","","","","","","","",""
"59183001","DUNKERQUE",51.055833,2.3395,11,1892040607,"","","","","","","","","","","","","","","","","","","","","","","","","","","","","","","","","","","","",6.2,9,2.9,9,"","","","","","","","","","","","","","","","","","","","","","","","","","",79,9,"","","","","","","","","","","","",7.5,9,998.4,9,996.1,9,"","","","","","","","","","","","","","","","","","","","","","","","","","","","","","","","","","","","","","","","","","","","","","","","","","","","","","","","","","","","","","","","","","","","","","","","","","","","","","","","","","","","","","","","","","","","","","","","","","","","","","","","","","","","","","","",""
"59183001","DUNKERQUE",51.055833,2.3395,11,1892040610,"","","","","","","","","","","","","","","","","","","","","","","","","","","","","","","","","","","","",9.2,9,3.2,9,"","","","","","","","","","","","","","","","","","","","","","","","","","",66,9,"","","","","","","","","","","","",7.7,9,998.3,9,996.,9,"","","","","","","","","","","","","","","","","","","","","","","","","","","","","","","","","","","","","","","","","","","","","","","","","","","","","","","","","","","","","","","","","","","","","","","","","","","","","","","","","","","","","","","","","","","","","","","","","","","","","","","","","","","","","","","",""
"59183001","DUNKERQUE",51.055833,2.3395,11,1892040612,"","","","","","","","","","","","","","","","","","","","","","","","","","","","","","","","","","","","",10.2,9,1.9,9,"","","","","","","","","","","","","","","","","","","","","","","","","","",56,9,"","","","","","","","","","","","",7.,9,997.7,9,995.4,9,"","","","","","","","","","","","","","","","","","","","","","","","","","","","","","","","","","","","","","","","","","","","","","","","","","","","","","","","","","","","","","","","","","","","","","","","","","","","","","","","","","","","","","","","","","","","","","","","","","","","","","","","","","","","","","","",""
"59183001","DUNKERQUE",51.055833,2.3395,11,1892040616,"","","","","","","","","","","","","","","","","","","","","","","","","","","","","","","","","","","","",8.8,9,3.8,9,"","","","","","","","","","","","","","","","","","","","","","","","","","",71,9,"","","","","","","","","","","","",8.,9,996.7,9,994.4,9,"","","","","","","","","","","","","","","","","","","","","","","","","","","","","","","","","","","","","","","","","","","","","","","","","","","","","","","","","","","","","","","","","","","","","","","","","","","","","","","","","","","","","","","","","","","","","","","","","","","","","","","","","","","","","","","",""
"59183001","DUNKERQUE",51.055833,2.3395,11,1892040620,"","","","","","","","","","","","","","","","","","","","","","","","","","","","","","","","","","","","",7.,9,1.7,9,"","","","","","","","","","","","","","","","","","","","","","","","","","",69,9,"","","","","","","","","","","","",6.9,9,996.2,9,993.9,9,"","","","","","","","","","","","","","","","","","","","","","","","","","","","","","","","","","","","","","","","","","","","","","","","","","","","","","","","","","","","","","","","","","","","","","","","","","","","","","","","","","","","","","","","","","","","","","","","","","","","","","","","","","","","","","","",""
"59183001","DUNKERQUE",51.055833,2.3395,11,1892040707,"","","","","","","","","","","","","","","","","","","","","","","","","","","","","","","","","","","","",6.2,9,3.4,9,"","","","","","","","","","","","","","","","","","","","","","","","","","",82,9,"","","","","","","","","","","","",7.8,9,996.1,9,993.8,9,"","","","","","","","","","","","","","","","","","","","","","","","","","","","","","","","","","","","","","","","","","","","","","","","","","","","","","","","","","","","","","","","","","","","","","","","","","","","","","","","","","","","","","","","","","","","","","","","","","","","","","","","","","","","","","","",""
"59183001","DUNKERQUE",51.055833,2.3395,11,1892040710,"","","","","","","","","","","","","","","","","","","","","","","","","","","","","","","","","","","","",8.,9,0.4,9,"","","","","","","","","","","","","","","","","","","","","","","","","","",59,9,"","","","","","","","","","","","",6.3,9,996.1,9,993.8,9,"","","","","","","","","","","","","","","","","","","","","","","","","","","","","","","","","","","","","","","","","","","","","","","","","","","","","","","","","","","","","","","","","","","","","","","","","","","","","","","","","","","","","","","","","","","","","","","","","","","","","","","","","","","","","","","",""
"59183001","DUNKERQUE",51.055833,2.3395,11,1892040712,"","","","","","","","","","","","","","","","","","","","","","","","","","","","","","","","","","","","",8.8,9,0.4,9,"","","","","","","","","","","","","","","","","","","","","","","","","","",56,9,"","","","","","","","","","","","",6.3,9,996.1,9,993.8,9,"","","","","","","","","","","","","","","","","","","","","","","","","","","","","","","","","","","","","","","","","","","","","","","","","","","","","","","","","","","","","","","","","","","","","","","","","","","","","","","","","","","","","","","","","","","","","","","","","","","","","","","","","","","","","","","",""
"59183001","DUNKERQUE",51.055833,2.3395,11,1892040716,"","","","","","","","","","","","","","","","","","","","","","","","","","","","","","","","","","","","",8.8,9,1.7,9,"","","","","","","","","","","","","","","","","","","","","","","","","","",61,9,"","","","","","","","","","","","",6.9,9,995.9,9,993.6,9,"","","","","","","","","","","","","","","","","","","","","","","","","","","","","","","","","","","","","","","","","","","","","","","","","","","","","","","","","","","","","","","","","","","","","","","","","","","","","","","","","","","","","","","","","","","","","","","","","","","","","","","","","","","","","","","",""
"59183001","DUNKERQUE",51.055833,2.3395,11,1892040720,"","","","","","","","","","","","","","","","","","","","","","","","","","","","","","","","","","","","",6.8,9,1.9,9,"","","","","","","","","","","","","","","","","","","","","","","","","","",71,9,"","","","","","","","","","","","",7.,9,996.,9,993.7,9,"","","","","","","","","","","","","","","","","","","","","","","","","","","","","","","","","","","","","","","","","","","","","","","","","","","","","","","","","","","","","","","","","","","","","","","","","","","","","","","","","","","","","","","","","","","","","","","","","","","","","","","","","","","","","","","",""
"59183001","DUNKERQUE",51.055833,2.3395,11,1892040807,"","","","","","","","","","","","","","","","","","","","","","","","","","","","","","","","","","","","",6.8,9,1.9,9,"","","","","","","","","","","","","","","","","","","","","","","","","","",71,9,"","","","","","","","","","","","",7.,9,996.2,9,993.9,9,"","","","","","","","","","","","","","","","","","","","","","","","","","","","","","","","","","","","","","","","","","","","","","","","","","","","","","","","","","","","","","","","","","","","","","","","","","","","","","","","","","","","","","","","","","","","","","","","","","","","","","","","","","","","","","","",""
"59183001","DUNKERQUE",51.055833,2.3395,11,1892040810,"","","","","","","","","","","","","","","","","","","","","","","","","","","","","","","","","","","","",8.2,9,1.3,9,"","","","","","","","","","","","","","","","","","","","","","","","","","",62,9,"","","","","","","","","","","","",6.7,9,996.3,9,994.,9,"","","","","","","","","","","","","","","","","","","","","","","","","","","","","","","","","","","","","","","","","","","","","","","","","","","","","","","","","","","","","","","","","","","","","","","","","","","","","","","","","","","","","","","","","","","","","","","","","","","","","","","","","","","","","","","",""
"59183001","DUNKERQUE",51.055833,2.3395,11,1892040812,"","","","","","","","","","","","","","","","","","","","","","","","","","","","","","","","","","","","",9.,9,0.2,9,"","","","","","","","","","","","","","","","","","","","","","","","","","",54,9,"","","","","","","","","","","","",6.2,9,996.4,9,994.1,9,"","","","","","","","","","","","","","","","","","","","","","","","","","","","","","","","","","","","","","","","","","","","","","","","","","","","","","","","","","","","","","","","","","","","","","","","","","","","","","","","","","","","","","","","","","","","","","","","","","","","","","","","","","","","","","","",""
"59183001","DUNKERQUE",51.055833,2.3395,11,1892040816,"","","","","","","","","","","","","","","","","","","","","","","","","","","","","","","","","","","","",10.8,9,1.3,9,"","","","","","","","","","","","","","","","","","","","","","","","","","",52,9,"","","","","","","","","","","","",6.7,9,996.,9,993.7,9,"","","","","","","","","","","","","","","","","","","","","","","","","","","","","","","","","","","","","","","","","","","","","","","","","","","","","","","","","","","","","","","","","","","","","","","","","","","","","","","","","","","","","","","","","","","","","","","","","","","","","","","","","","","","","","","",""
"59183001","DUNKERQUE",51.055833,2.3395,11,1892040820,"","","","","","","","","","","","","","","","","","","","","","","","","","","","","","","","","","","","",6.8,9,4.5,9,"","","","","","","","","","","","","","","","","","","","","","","","","","",85,9,"","","","","","","","","","","","",8.4,9,996.,9,993.7,9,"","","","","","","","","","","","","","","","","","","","","","","","","","","","","","","","","","","","","","","","","","","","","","","","","","","","","","","","","","","","","","","","","","","","","","","","","","","","","","","","","","","","","","","","","","","","","","","","","","","","","","","","","","","","","","","",""
"59183001","DUNKERQUE",51.055833,2.3395,11,1892040907,"","","","","","","","","","","","","","","","","","","","","","","","","","","","","","","","","","","","",6.8,9,2.5,9,"","","","","","","","","","","","","","","","","","","","","","","","","","",74,9,"","","","","","","","","","","","",7.3,9,996.1,9,993.8,9,"","","","","","","","","","","","","","","","","","","","","","","","","","","","","","","","","","","","","","","","","","","","","","","","","","","","","","","","","","","","","","","","","","","","","","","","","","","","","","","","","","","","","","","","","","","","","","","","","","","","","","","","","","","","","","","",""
"59183001","DUNKERQUE",51.055833,2.3395,11,1892040910,"","","","","","","","","","","","","","","","","","","","","","","","","","","","","","","","","","","","",10.8,9,5.1,9,"","","","","","","","","","","","","","","","","","","","","","","","","","",68,9,"","","","","","","","","","","","",8.8,9,996.,9,993.7,9,"","","","","","","","","","","","","","","","","","","","","","","","","","","","","","","","","","","","","","","","","","","","","","","","","","","","","","","","","","","","","","","","","","","","","","","","","","","","","","","","","","","","","","","","","","","","","","","","","","","","","","","","","","","","","","","",""
"59183001","DUNKERQUE",51.055833,2.3395,11,1892040912,"","","","","","","","","","","","","","","","","","","","","","","","","","","","","","","","","","","","",10.4,9,5.1,9,"","","","","","","","","","","","","","","","","","","","","","","","","","",70,9,"","","","","","","","","","","","",8.8,9,996.,9,993.7,9,"","","","","","","","","","","","","","","","","","","","","","","","","","","","","","","","","","","","","","","","","","","","","","","","","","","","","","","","","","","","","","","","","","","","","","","","","","","","","","","","","","","","","","","","","","","","","","","","","","","","","","","","","","","","","","","",""
"59183001","DUNKERQUE",51.055833,2.3395,11,1892040916,"","","","","","","","","","","","","","","","","","","","","","","","","","","","","","","","","","","","",11.2,9,6.1,9,"","","","","","","","","","","","","","","","","","","","","","","","","","",71,9,"","","","","","","","","","","","",9.4,9,995.7,9,993.4,9,"","","","","","","","","","","","","","","","","","","","","","","","","","","","","","","","","","","","","","","","","","","","","","","","","","","","","","","","","","","","","","","","","","","","","","","","","","","","","","","","","","","","","","","","","","","","","","","","","","","","","","","","","","","","","","","",""
"59183001","DUNKERQUE",51.055833,2.3395,11,1892040920,"","","","","","","","","","","","","","","","","","","","","","","","","","","","","","","","","","","","",10.,9,5.8,9,"","","","","","","","","","","","","","","","","","","","","","","","","","",75,9,"","","","","","","","","","","","",9.2,9,995.7,9,993.4,9,"","","","","","","","","","","","","","","","","","","","","","","","","","","","","","","","","","","","","","","","","","","","","","","","","","","","","","","","","","","","","","","","","","","","","","","","","","","","","","","","","","","","","","","","","","","","","","","","","","","","","","","","","","","","","","","",""
"59183001","DUNKERQUE",51.055833,2.3395,11,1892041007,"","","","","","","","","","","","","","","","","","","","","","","","","","","","","","","","","","","","",7.,9,2.1,9,"","","","","","","","","","","","","","","","","","","","","","","","","","",71,9,"","","","","","","","","","","","",7.1,9,996.,9,993.7,9,"","","","","","","","","","","","","","","","","","","","","","","","","","","","","","","","","","","","","","","","","","","","","","","","","","","","","","","","","","","","","","","","","","","","","","","","","","","","","","","","","","","","","","","","","","","","","","","","","","","","","","","","","","","","","","","",""
"59183001","DUNKERQUE",51.055833,2.3395,11,1892041010,"","","","","","","","","","","","","","","","","","","","","","","","","","","","","","","","","","","","",11.6,9,4.6,9,"","","","","","","","","","","","","","","","","","","","","","","","","","",62,9,"","","","","","","","","","","","",8.5,9,995.9,9,993.6,9,"","","","","","","","","","","","","","","","","","","","","","","","","","","","","","","","","","","","","","","","","","","","","","","","","","","","","","","","","","","","","","","","","","","","","","","","","","","","","","","","","","","","","","","","","","","","","","","","","","","","","","","","","","","","","","","",""
"59183001","DUNKERQUE",51.055833,2.3395,11,1892041012,"","","","","","","","","","","","","","","","","","","","","","","","","","","","","","","","","","","","",10.,9,3.8,9,"","","","","","","","","","","","","","","","","","","","","","","","","","",65,9,"","","","","","","","","","","","",8.,9,995.9,9,993.6,9,"","","","","","","","","","","","","","","","","","","","","","","","","","","","","","","","","","","","","","","","","","","","","","","","","","","","","","","","","","","","","","","","","","","","","","","","","","","","","","","","","","","","","","","","","","","","","","","","","","","","","","","","","","","","","","","",""
"59183001","DUNKERQUE",51.055833,2.3395,11,1892041016,"","","","","","","","","","","","","","","","","","","","","","","","","","","","","","","","","","","","",10.,9,5.1,9,"","","","","","","","","","","","","","","","","","","","","","","","","","",72,9,"","","","","","","","","","","","",8.8,9,995.6,9,993.3,9,"","","","","","","","","","","","","","","","","","","","","","","","","","","","","","","","","","","","","","","","","","","","","","","","","","","","","","","","","","","","","","","","","","","","","","","","","","","","","","","","","","","","","","","","","","","","","","","","","","","","","","","","","","","","","","","",""
"59183001","DUNKERQUE",51.055833,2.3395,11,1892041020,"","","","","","","","","","","","","","","","","","","","","","","","","","","","","","","","","","","","",7.,9,4.3,9,"","","","","","","","","","","","","","","","","","","","","","","","","","",83,9,"","","","","","","","","","","","",8.3,9,995.8,9,993.5,9,"","","","","","","","","","","","","","","","","","","","","","","","","","","","","","","","","","","","","","","","","","","","","","","","","","","","","","","","","","","","","","","","","","","","","","","","","","","","","","","","","","","","","","","","","","","","","","","","","","","","","","","","","","","","","","","",""
"59183001","DUNKERQUE",51.055833,2.3395,11,1892041107,"","","","","","","","","","","","","","","","","","","","","","","","","","","","","","","","","","","","",6.8,9,3.,9,"","","","","","","","","","","","","","","","","","","","","","","","","","",77,9,"","","","","","","","","","","","",7.6,9,996.,9,993.7,9,"","","","","","","","","","","","","","","","","","","","","","","","","","","","","","","","","","","","","","","","","","","","","","","","","","","","","","","","","","","","","","","","","","","","","","","","","","","","","","","","","","","","","","","","","","","","","","","","","","","","","","","","","","","","","","","",""
"59183001","DUNKERQUE",51.055833,2.3395,11,1892041110,"","","","","","","","","","","","","","","","","","","","","","","","","","","","","","","","","","","","",11.2,9,4.1,9,"","","","","","","","","","","","","","","","","","","","","","","","","","",62,9,"","","","","","","","","","","","",8.2,9,996.,9,993.7,9,"","","","","","","","","","","","","","","","","","","","","","","","","","","","","","","","","","","","","","","","","","","","","","","","","","","","","","","","","","","","","","","","","","","","","","","","","","","","","","","","","","","","","","","","","","","","","","","","","","","","","","","","","","","","","","","",""
"59183001","DUNKERQUE",51.055833,2.3395,11,1892041112,"","","","","","","","","","","","","","","","","","","","","","","","","","","","","","","","","","","","",12.8,9,-0.3,9,"","","","","","","","","","","","","","","","","","","","","","","","","","",41,9,"","","","","","","","","","","","",6.,9,995.7,9,993.4,9,"","","","","","","","","","","","","","","","","","","","","","","","","","","","","","","","","","","","","","","","","","","","","","","","","","","","","","","","","","","","","","","","","","","","","","","","","","","","","","","","","","","","","","","","","","","","","","","","","","","","","","","","","","","","","","","",""
"59183001","DUNKERQUE",51.055833,2.3395,11,1892041116,"","","","","","","","","","","","","","","","","","","","","","","","","","","","","","","","","","","","",9.8,9,0.6,9,"","","","","","","","","","","","","","","","","","","","","","","","","","",53,9,"","","","","","","","","","","","",6.4,9,995.8,9,993.5,9,"","","","","","","","","","","","","","","","","","","","","","","","","","","","","","","","","","","","","","","","","","","","","","","","","","","","","","","","","","","","","","","","","","","","","","","","","","","","","","","","","","","","","","","","","","","","","","","","","","","","","","","","","","","","","","","",""
"59183001","DUNKERQUE",51.055833,2.3395,11,1892041120,"","","","","","","","","","","","","","","","","","","","","","","","","","","","","","","","","","","","",6.8,9,1.9,9,"","","","","","","","","","","","","","","","","","","","","","","","","","",71,9,"","","","","","","","","","","","",7.,9,995.9,9,993.6,9,"","","","","","","","","","","","","","","","","","","","","","","","","","","","","","","","","","","","","","","","","","","","","","","","","","","","","","","","","","","","","","","","","","","","","","","","","","","","","","","","","","","","","","","","","","","","","","","","","","","","","","","","","","","","","","","",""
"59183001","DUNKERQUE",51.055833,2.3395,11,1892041207,"","","","","","","","","","","","","","","","","","","","","","","","","","","","","","","","","","","","",6.,9,0.4,9,"","","","","","","","","","","","","","","","","","","","","","","","","","",67,9,"","","","","","","","","","","","",6.3,9,996.2,9,993.9,9,"","","","","","","","","","","","","","","","","","","","","","","","","","","","","","","","","","","","","","","","","","","","","","","","","","","","","","","","","","","","","","","","","","","","","","","","","","","","","","","","","","","","","","","","","","","","","","","","","","","","","","","","","","","","","","","",""
"59183001","DUNKERQUE",51.055833,2.3395,11,1892041210,"","","","","","","","","","","","","","","","","","","","","","","","","","","","","","","","","","","","",6.4,9,-1.,9,"","","","","","","","","","","","","","","","","","","","","","","","","","",59,9,"","","","","","","","","","","","",5.7,9,996.3,9,994.,9,"","","","","","","","","","","","","","","","","","","","","","","","","","","","","","","","","","","","","","","","","","","","","","","","","","","","","","","","","","","","","","","","","","","","","","","","","","","","","","","","","","","","","","","","","","","","","","","","","","","","","","","","","","","","","","","",""
"59183001","DUNKERQUE",51.055833,2.3395,11,1892041212,"","","","","","","","","","","","","","","","","","","","","","","","","","","","","","","","","","","","",6.4,9,-1.,9,"","","","","","","","","","","","","","","","","","","","","","","","","","",59,9,"","","","","","","","","","","","",5.7,9,996.3,9,994.,9,"","","","","","","","","","","","","","","","","","","","","","","","","","","","","","","","","","","","","","","","","","","","","","","","","","","","","","","","","","","","","","","","","","","","","","","","","","","","","","","","","","","","","","","","","","","","","","","","","","","","","","","","","","","","","","","",""
"59183001","DUNKERQUE",51.055833,2.3395,11,1892041216,"","","","","","","","","","","","","","","","","","","","","","","","","","","","","","","","","","","","",6.6,9,-2.,9,"","","","","","","","","","","","","","","","","","","","","","","","","","",54,9,"","","","","","","","","","","","",5.3,9,993.8,9,991.5,9,"","","","","","","","","","","","","","","","","","","","","","","","","","","","","","","","","","","","","","","","","","","","","","","","","","","","","","","","","","","","","","","","","","","","","","","","","","","","","","","","","","","","","","","","","","","","","","","","","","","","","","","","","","","","","","","",""
"59183001","DUNKERQUE",51.055833,2.3395,11,1892041220,"","","","","","","","","","","","","","","","","","","","","","","","","","","","","","","","","","","","",5.,9,-1.4,9,"","","","","","","","","","","","","","","","","","","","","","","","","","",63,9,"","","","","","","","","","","","",5.5,9,993.4,9,991.1,9,"","","","","","","","","","","","","","","","","","","","","","","","","","","","","","","","","","","","","","","","","","","","","","","","","","","","","","","","","","","","","","","","","","","","","","","","","","","","","","","","","","","","","","","","","","","","","","","","","","","","","","","","","","","","","","","",""
"59183001","DUNKERQUE",51.055833,2.3395,11,1892041307,"","","","","","","","","","","","","","","","","","","","","","","","","","","","","","","","","","","","",3.,9,0.9,9,"","","","","","","","","","","","","","","","","","","","","","","","","","",86,9,"","","","","","","","","","","","",6.5,9,990.3,9,988.,9,"","","","","","","","","","","","","","","","","","","","","","","","","","","","","","","","","","","","","","","","","","","","","","","","","","","","","","","","","","","","","","","","","","","","","","","","","","","","","","","","","","","","","","","","","","","","","","","","","","","","","","","","","","","","","","","",""
"59183001","DUNKERQUE",51.055833,2.3395,11,1892041310,"","","","","","","","","","","","","","","","","","","","","","","","","","","","","","","","","","","","",5.2,9,2.3,9,"","","","","","","","","","","","","","","","","","","","","","","","","","",81,9,"","","","","","","","","","","","",7.2,9,989.5,9,987.2,9,"","","","","","","","","","","","","","","","","","","","","","","","","","","","","","","","","","","","","","","","","","","","","","","","","","","","","","","","","","","","","","","","","","","","","","","","","","","","","","","","","","","","","","","","","","","","","","","","","","","","","","","","","","","","","","","",""
"59183001","DUNKERQUE",51.055833,2.3395,11,1892041312,"","","","","","","","","","","","","","","","","","","","","","","","","","","","","","","","","","","","",5.8,9,2.5,9,"","","","","","","","","","","","","","","","","","","","","","","","","","",79,9,"","","","","","","","","","","","",7.3,9,988.7,9,986.4,9,"","","","","","","","","","","","","","","","","","","","","","","","","","","","","","","","","","","","","","","","","","","","","","","","","","","","","","","","","","","","","","","","","","","","","","","","","","","","","","","","","","","","","","","","","","","","","","","","","","","","","","","","","","","","","","","",""
"59183001","DUNKERQUE",51.055833,2.3395,11,1892041316,"","","","","","","","","","","","","","","","","","","","","","","","","","","","","","","","","","","","",3.8,9,1.9,9,"","","","","","","","","","","","","","","","","","","","","","","","","","",87,9,"","","","","","","","","","","","",7.,9,988.2,9,985.9,9,"","","","","","","","","","","","","","","","","","","","","","","","","","","","","","","","","","","","","","","","","","","","","","","","","","","","","","","","","","","","","","","","","","","","","","","","","","","","","","","","","","","","","","","","","","","","","","","","","","","","","","","","","","","","","","","",""
"59183001","DUNKERQUE",51.055833,2.3395,11,1892041320,"","","","","","","","","","","","","","","","","","","","","","","","","","","","","","","","","","","","",3.2,9,2.9,9,"","","","","","","","","","","","","","","","","","","","","","","","","","",97,9,"","","","","","","","","","","","",7.5,9,988.,9,985.7,9,"","","","","","","","","","","","","","","","","","","","","","","","","","","","","","","","","","","","","","","","","","","","","","","","","","","","","","","","","","","","","","","","","","","","","","","","","","","","","","","","","","","","","","","","","","","","","","","","","","","","","","","","","","","","","","","",""
"59183001","DUNKERQUE",51.055833,2.3395,11,1892041407,"","","","","","","","","","","","","","","","","","","","","","","","","","","","","","","","","","","","",3.,9,0.4,9,"","","","","","","","","","","","","","","","","","","","","","","","","","",83,9,"","","","","","","","","","","","",6.3,9,987.6,9,985.3,9,"","","","","","","","","","","","","","","","","","","","","","","","","","","","","","","","","","","","","","","","","","","","","","","","","","","","","","","","","","","","","","","","","","","","","","","","","","","","","","","","","","","","","","","","","","","","","","","","","","","","","","","","","","","","","","","",""
"59183001","DUNKERQUE",51.055833,2.3395,11,1892041410,"","","","","","","","","","","","","","","","","","","","","","","","","","","","","","","","","","","","",5.6,9,1.7,9,"","","","","","","","","","","","","","","","","","","","","","","","","","",76,9,"","","","","","","","","","","","",6.9,9,987.6,9,985.3,9,"","","","","","","","","","","","","","","","","","","","","","","","","","","","","","","","","","","","","","","","","","","","","","","","","","","","","","","","","","","","","","","","","","","","","","","","","","","","","","","","","","","","","","","","","","","","","","","","","","","","","","","","","","","","","","","",""
"59183001","DUNKERQUE",51.055833,2.3395,11,1892041412,"","","","","","","","","","","","","","","","","","","","","","","","","","","","","","","","","","","","",5.4,9,1.5,9,"","","","","","","","","","","","","","","","","","","","","","","","","","",76,9,"","","","","","","","","","","","",6.8,9,987.6,9,985.3,9,"","","","","","","","","","","","","","","","","","","","","","","","","","","","","","","","","","","","","","","","","","","","","","","","","","","","","","","","","","","","","","","","","","","","","","","","","","","","","","","","","","","","","","","","","","","","","","","","","","","","","","","","","","","","","","","",""
"59183001","DUNKERQUE",51.055833,2.3395,11,1892041416,"","","","","","","","","","","","","","","","","","","","","","","","","","","","","","","","","","","","",5.2,9,-3.9,9,"","","","","","","","","","","","","","","","","","","","","","","","","","",52,9,"","","","","","","","","","","","",4.6,9,987.5,9,985.2,9,"","","","","","","","","","","","","","","","","","","","","","","","","","","","","","","","","","","","","","","","","","","","","","","","","","","","","","","","","","","","","","","","","","","","","","","","","","","","","","","","","","","","","","","","","","","","","","","","","","","","","","","","","","","","","","","",""
"59183001","DUNKERQUE",51.055833,2.3395,11,1892041420,"","","","","","","","","","","","","","","","","","","","","","","","","","","","","","","","","","","","",3.4,9,-3.6,9,"","","","","","","","","","","","","","","","","","","","","","","","","","",60,9,"","","","","","","","","","","","",4.7,9,987.5,9,985.2,9,"","","","","","","","","","","","","","","","","","","","","","","","","","","","","","","","","","","","","","","","","","","","","","","","","","","","","","","","","","","","","","","","","","","","","","","","","","","","","","","","","","","","","","","","","","","","","","","","","","","","","","","","","","","","","","","",""
"59183001","DUNKERQUE",51.055833,2.3395,11,1892041507,"","","","","","","","","","","","","","","","","","","","","","","","","","","","","","","","","","","","",1.,9,-2.,9,"","","","","","","","","","","","","","","","","","","","","","","","","","",81,9,"","","","","","","","","","","","",5.3,9,990.,9,987.7,9,"","","","","","","","","","","","","","","","","","","","","","","","","","","","","","","","","","","","","","","","","","","","","","","","","","","","","","","","","","","","","","","","","","","","","","","","","","","","","","","","","","","","","","","","","","","","","","","","","","","","","","","","","","","","","","","",""
"59183001","DUNKERQUE",51.055833,2.3395,11,1892041510,"","","","","","","","","","","","","","","","","","","","","","","","","","","","","","","","","","","","",10.,9,-7.8,9,"","","","","","","","","","","","","","","","","","","","","","","","","","",28,9,"","","","","","","","","","","","",3.4,9,990.9,9,988.6,9,"","","","","","","","","","","","","","","","","","","","","","","","","","","","","","","","","","","","","","","","","","","","","","","","","","","","","","","","","","","","","","","","","","","","","","","","","","","","","","","","","","","","","","","","","","","","","","","","","","","","","","","","","","","","","","","",""
"59183001","DUNKERQUE",51.055833,2.3395,11,1892041512,"","","","","","","","","","","","","","","","","","","","","","","","","","","","","","","","","","","","",5.2,9,-2.,9,"","","","","","","","","","","","","","","","","","","","","","","","","","",60,9,"","","","","","","","","","","","",5.3,9,991.3,9,989.,9,"","","","","","","","","","","","","","","","","","","","","","","","","","","","","","","","","","","","","","","","","","","","","","","","","","","","","","","","","","","","","","","","","","","","","","","","","","","","","","","","","","","","","","","","","","","","","","","","","","","","","","","","","","","","","","","",""
"59183001","DUNKERQUE",51.055833,2.3395,11,1892041516,"","","","","","","","","","","","","","","","","","","","","","","","","","","","","","","","","","","","",6.8,9,-4.8,9,"","","","","","","","","","","","","","","","","","","","","","","","","","",44,9,"","","","","","","","","","","","",4.3,9,991.1,9,988.8,9,"","","","","","","","","","","","","","","","","","","","","","","","","","","","","","","","","","","","","","","","","","","","","","","","","","","","","","","","","","","","","","","","","","","","","","","","","","","","","","","","","","","","","","","","","","","","","","","","","","","","","","","","","","","","","","","",""
"59183001","DUNKERQUE",51.055833,2.3395,11,1892041520,"","","","","","","","","","","","","","","","","","","","","","","","","","","","","","","","","","","","",4.,9,-0.7,9,"","","","","","","","","","","","","","","","","","","","","","","","","","",71,9,"","","","","","","","","","","","",5.8,9,991.2,9,988.9,9,"","","","","","","","","","","","","","","","","","","","","","","","","","","","","","","","","","","","","","","","","","","","","","","","","","","","","","","","","","","","","","","","","","","","","","","","","","","","","","","","","","","","","","","","","","","","","","","","","","","","","","","","","","","","","","","",""
"59183001","DUNKERQUE",51.055833,2.3395,11,1892041607,"","","","","","","","","","","","","","","","","","","","","","","","","","","","","","","","","","","","",4.4,9,-1.7,9,"","","","","","","","","","","","","","","","","","","","","","","","","","",65,9,"","","","","","","","","","","","",5.4,9,979.9,9,977.6,9,"","","","","","","","","","","","","","","","","","","","","","","","","","","","","","","","","","","","","","","","","","","","","","","","","","","","","","","","","","","","","","","","","","","","","","","","","","","","","","","","","","","","","","","","","","","","","","","","","","","","","","","","","","","","","","","",""
"59183001","DUNKERQUE",51.055833,2.3395,11,1892041610,"","","","","","","","","","","","","","","","","","","","","","","","","","","","","","","","","","","","",5.4,9,-1.,9,"","","","","","","","","","","","","","","","","","","","","","","","","","",64,9,"","","","","","","","","","","","",5.7,9,979.6,9,977.3,9,"","","","","","","","","","","","","","","","","","","","","","","","","","","","","","","","","","","","","","","","","","","","","","","","","","","","","","","","","","","","","","","","","","","","","","","","","","","","","","","","","","","","","","","","","","","","","","","","","","","","","","","","","","","","","","","",""
"59183001","DUNKERQUE",51.055833,2.3395,11,1892041612,"","","","","","","","","","","","","","","","","","","","","","","","","","","","","","","","","","","","",8.,9,-1.7,9,"","","","","","","","","","","","","","","","","","","","","","","","","","",50,9,"","","","","","","","","","","","",5.4,9,979.4,9,977.1,9,"","","","","","","","","","","","","","","","","","","","","","","","","","","","","","","","","","","","","","","","","","","","","","","","","","","","","","","","","","","","","","","","","","","","","","","","","","","","","","","","","","","","","","","","","","","","","","","","","","","","","","","","","","","","","","","",""
"59183001","DUNKERQUE",51.055833,2.3395,11,1892041616,"","","","","","","","","","","","","","","","","","","","","","","","","","","","","","","","","","","","",4.6,9,-2.5,9,"","","","","","","","","","","","","","","","","","","","","","","","","","",60,9,"","","","","","","","","","","","",5.1,9,981.,9,978.7,9,"","","","","","","","","","","","","","","","","","","","","","","","","","","","","","","","","","","","","","","","","","","","","","","","","","","","","","","","","","","","","","","","","","","","","","","","","","","","","","","","","","","","","","","","","","","","","","","","","","","","","","","","","","","","","","","",""
"59183001","DUNKERQUE",51.055833,2.3395,11,1892041620,"","","","","","","","","","","","","","","","","","","","","","","","","","","","","","","","","","","","",3.,9,-2.,9,"","","","","","","","","","","","","","","","","","","","","","","","","","",70,9,"","","","","","","","","","","","",5.3,9,984.8,9,982.5,9,"","","","","","","","","","","","","","","","","","","","","","","","","","","","","","","","","","","","","","","","","","","","","","","","","","","","","","","","","","","","","","","","","","","","","","","","","","","","","","","","","","","","","","","","","","","","","","","","","","","","","","","","","","","","","","","",""
"59183001","DUNKERQUE",51.055833,2.3395,11,1892041707,"","","","","","","","","","","","","","","","","","","","","","","","","","","","","","","","","","","","",2.6,9,-1.,9,"","","","","","","","","","","","","","","","","","","","","","","","","","",77,9,"","","","","","","","","","","","",5.7,9,987.8,9,985.5,9,"","","","","","","","","","","","","","","","","","","","","","","","","","","","","","","","","","","","","","","","","","","","","","","","","","","","","","","","","","","","","","","","","","","","","","","","","","","","","","","","","","","","","","","","","","","","","","","","","","","","","","","","","","","","","","","",""
"59183001","DUNKERQUE",51.055833,2.3395,11,1892041710,"","","","","","","","","","","","","","","","","","","","","","","","","","","","","","","","","","","","",7.,9,-2.7,9,"","","","","","","","","","","","","","","","","","","","","","","","","","",50,9,"","","","","","","","","","","","",5.,9,988.3,9,986.,9,"","","","","","","","","","","","","","","","","","","","","","","","","","","","","","","","","","","","","","","","","","","","","","","","","","","","","","","","","","","","","","","","","","","","","","","","","","","","","","","","","","","","","","","","","","","","","","","","","","","","","","","","","","","","","","","",""
"59183001","DUNKERQUE",51.055833,2.3395,11,1892041712,"","","","","","","","","","","","","","","","","","","","","","","","","","","","","","","","","","","","",7.4,9,-1.4,9,"","","","","","","","","","","","","","","","","","","","","","","","","","",53,9,"","","","","","","","","","","","",5.5,9,988.4,9,986.1,9,"","","","","","","","","","","","","","","","","","","","","","","","","","","","","","","","","","","","","","","","","","","","","","","","","","","","","","","","","","","","","","","","","","","","","","","","","","","","","","","","","","","","","","","","","","","","","","","","","","","","","","","","","","","","","","","",""
"59183001","DUNKERQUE",51.055833,2.3395,11,1892041716,"","","","","","","","","","","","","","","","","","","","","","","","","","","","","","","","","","","","",5.6,9,2.3,9,"","","","","","","","","","","","","","","","","","","","","","","","","","",79,9,"","","","","","","","","","","","",7.2,9,988.8,9,986.5,9,"","","","","","","","","","","","","","","","","","","","","","","","","","","","","","","","","","","","","","","","","","","","","","","","","","","","","","","","","","","","","","","","","","","","","","","","","","","","","","","","","","","","","","","","","","","","","","","","","","","","","","","","","","","","","","","",""
"59183001","DUNKERQUE",51.055833,2.3395,11,1892041720,"","","","","","","","","","","","","","","","","","","","","","","","","","","","","","","","","","","","",3.4,9,0.9,9,"","","","","","","","","","","","","","","","","","","","","","","","","","",83,9,"","","","","","","","","","","","",6.5,9,990.2,9,987.9,9,"","","","","","","","","","","","","","","","","","","","","","","","","","","","","","","","","","","","","","","","","","","","","","","","","","","","","","","","","","","","","","","","","","","","","","","","","","","","","","","","","","","","","","","","","","","","","","","","","","","","","","","","","","","","","","","",""
"59183001","DUNKERQUE",51.055833,2.3395,11,1892041807,"","","","","","","","","","","","","","","","","","","","","","","","","","","","","","","","","","","","",2.8,9,-0.5,9,"","","","","","","","","","","","","","","","","","","","","","","","","","",79,9,"","","","","","","","","","","","",5.9,9,995.2,9,992.9,9,"","","","","","","","","","","","","","","","","","","","","","","","","","","","","","","","","","","","","","","","","","","","","","","","","","","","","","","","","","","","","","","","","","","","","","","","","","","","","","","","","","","","","","","","","","","","","","","","","","","","","","","","","","","","","","","",""
"59183001","DUNKERQUE",51.055833,2.3395,11,1892041810,"","","","","","","","","","","","","","","","","","","","","","","","","","","","","","","","","","","","",5.8,9,1.3,9,"","","","","","","","","","","","","","","","","","","","","","","","","","",73,9,"","","","","","","","","","","","",6.7,9,997.,9,994.7,9,"","","","","","","","","","","","","","","","","","","","","","","","","","","","","","","","","","","","","","","","","","","","","","","","","","","","","","","","","","","","","","","","","","","","","","","","","","","","","","","","","","","","","","","","","","","","","","","","","","","","","","","","","","","","","","","",""
"59183001","DUNKERQUE",51.055833,2.3395,11,1892041812,"","","","","","","","","","","","","","","","","","","","","","","","","","","","","","","","","","","","",7.,9,-0.7,9,"","","","","","","","","","","","","","","","","","","","","","","","","","",58,9,"","","","","","","","","","","","",5.8,9,998.3,9,996.,9,"","","","","","","","","","","","","","","","","","","","","","","","","","","","","","","","","","","","","","","","","","","","","","","","","","","","","","","","","","","","","","","","","","","","","","","","","","","","","","","","","","","","","","","","","","","","","","","","","","","","","","","","","","","","","","","",""
"59183001","DUNKERQUE",51.055833,2.3395,11,1892041816,"","","","","","","","","","","","","","","","","","","","","","","","","","","","","","","","","","","","",7.4,9,-4.5,9,"","","","","","","","","","","","","","","","","","","","","","","","","","",43,9,"","","","","","","","","","","","",4.4,9,999.7,9,997.4,9,"","","","","","","","","","","","","","","","","","","","","","","","","","","","","","","","","","","","","","","","","","","","","","","","","","","","","","","","","","","","","","","","","","","","","","","","","","","","","","","","","","","","","","","","","","","","","","","","","","","","","","","","","","","","","","","",""
"59183001","DUNKERQUE",51.055833,2.3395,11,1892041820,"","","","","","","","","","","","","","","","","","","","","","","","","","","","","","","","","","","","",3.2,9,-0.7,9,"","","","","","","","","","","","","","","","","","","","","","","","","","",76,9,"","","","","","","","","","","","",5.8,9,1000.2,9,997.9,9,"","","","","","","","","","","","","","","","","","","","","","","","","","","","","","","","","","","","","","","","","","","","","","","","","","","","","","","","","","","","","","","","","","","","","","","","","","","","","","","","","","","","","","","","","","","","","","","","","","","","","","","","","","","","","","","",""
"59183001","DUNKERQUE",51.055833,2.3395,11,1892041907,"","","","","","","","","","","","","","","","","","","","","","","","","","","","","","","","","","","","",4.4,9,-2.2,9,"","","","","","","","","","","","","","","","","","","","","","","","","","",62,9,"","","","","","","","","","","","",5.2,9,1006.3,9,1004.,9,"","","","","","","","","","","","","","","","","","","","","","","","","","","","","","","","","","","","","","","","","","","","","","","","","","","","","","","","","","","","","","","","","","","","","","","","","","","","","","","","","","","","","","","","","","","","","","","","","","","","","","","","","","","","","","","",""
"59183001","DUNKERQUE",51.055833,2.3395,11,1892041910,"","","","","","","","","","","","","","","","","","","","","","","","","","","","","","","","","","","","",8.6,9,-5.1,9,"","","","","","","","","","","","","","","","","","","","","","","","","","",38,9,"","","","","","","","","","","","",4.2,9,1007.6,9,1005.3,9,"","","","","","","","","","","","","","","","","","","","","","","","","","","","","","","","","","","","","","","","","","","","","","","","","","","","","","","","","","","","","","","","","","","","","","","","","","","","","","","","","","","","","","","","","","","","","","","","","","","","","","","","","","","","","","","",""
"59183001","DUNKERQUE",51.055833,2.3395,11,1892041912,"","","","","","","","","","","","","","","","","","","","","","","","","","","","","","","","","","","","",8.8,9,-3.9,9,"","","","","","","","","","","","","","","","","","","","","","","","","","",41,9,"","","","","","","","","","","","",4.6,9,1008.5,9,1006.2,9,"","","","","","","","","","","","","","","","","","","","","","","","","","","","","","","","","","","","","","","","","","","","","","","","","","","","","","","","","","","","","","","","","","","","","","","","","","","","","","","","","","","","","","","","","","","","","","","","","","","","","","","","","","","","","","","",""
"59183001","DUNKERQUE",51.055833,2.3395,11,1892041916,"","","","","","","","","","","","","","","","","","","","","","","","","","","","","","","","","","","","",7.8,9,-4.2,9,"","","","","","","","","","","","","","","","","","","","","","","","","","",43,9,"","","","","","","","","","","","",4.5,9,1009.4,9,1007.1,9,"","","","","","","","","","","","","","","","","","","","","","","","","","","","","","","","","","","","","","","","","","","","","","","","","","","","","","","","","","","","","","","","","","","","","","","","","","","","","","","","","","","","","","","","","","","","","","","","","","","","","","","","","","","","","","","",""
"59183001","DUNKERQUE",51.055833,2.3395,11,1892041920,"","","","","","","","","","","","","","","","","","","","","","","","","","","","","","","","","","","","",5.8,9,-0.5,9,"","","","","","","","","","","","","","","","","","","","","","","","","","",64,9,"","","","","","","","","","","","",5.9,9,1010.6,9,1008.3,9,"","","","","","","","","","","","","","","","","","","","","","","","","","","","","","","","","","","","","","","","","","","","","","","","","","","","","","","","","","","","","","","","","","","","","","","","","","","","","","","","","","","","","","","","","","","","","","","","","","","","","","","","","","","","","","","",""
"59183001","DUNKERQUE",51.055833,2.3395,11,1892042007,"","","","","","","","","","","","","","","","","","","","","","","","","","","","","","","","","","","","",4.8,9,-1.2,9,"","","","","","","","","","","","","","","","","","","","","","","","","","",65,9,"","","","","","","","","","","","",5.6,9,1011.1,9,1008.7,9,"","","","","","","","","","","","","","","","","","","","","","","","","","","","","","","","","","","","","","","","","","","","","","","","","","","","","","","","","","","","","","","","","","","","","","","","","","","","","","","","","","","","","","","","","","","","","","","","","","","","","","","","","","","","","","","",""
"59183001","DUNKERQUE",51.055833,2.3395,11,1892042010,"","","","","","","","","","","","","","","","","","","","","","","","","","","","","","","","","","","","",9.6,9,4.1,9,"","","","","","","","","","","","","","","","","","","","","","","","","","",69,9,"","","","","","","","","","","","",8.2,9,1010.3,9,1008.,9,"","","","","","","","","","","","","","","","","","","","","","","","","","","","","","","","","","","","","","","","","","","","","","","","","","","","","","","","","","","","","","","","","","","","","","","","","","","","","","","","","","","","","","","","","","","","","","","","","","","","","","","","","","","","","","","",""
"59183001","DUNKERQUE",51.055833,2.3395,11,1892042012,"","","","","","","","","","","","","","","","","","","","","","","","","","","","","","","","","","","","",10.4,9,5.1,9,"","","","","","","","","","","","","","","","","","","","","","","","","","",70,9,"","","","","","","","","","","","",8.8,9,1010.3,9,1008.,9,"","","","","","","","","","","","","","","","","","","","","","","","","","","","","","","","","","","","","","","","","","","","","","","","","","","","","","","","","","","","","","","","","","","","","","","","","","","","","","","","","","","","","","","","","","","","","","","","","","","","","","","","","","","","","","","",""
"59183001","DUNKERQUE",51.055833,2.3395,11,1892042016,"","","","","","","","","","","","","","","","","","","","","","","","","","","","","","","","","","","","",10.8,9,3.9,9,"","","","","","","","","","","","","","","","","","","","","","","","","","",63,9,"","","","","","","","","","","","",8.1,9,1009.9,9,1007.6,9,"","","","","","","","","","","","","","","","","","","","","","","","","","","","","","","","","","","","","","","","","","","","","","","","","","","","","","","","","","","","","","","","","","","","","","","","","","","","","","","","","","","","","","","","","","","","","","","","","","","","","","","","","","","","","","","",""
"59183001","DUNKERQUE",51.055833,2.3395,11,1892042020,"","","","","","","","","","","","","","","","","","","","","","","","","","","","","","","","","","","","",7.,9,-4.5,9,"","","","","","","","","","","","","","","","","","","","","","","","","","",44,9,"","","","","","","","","","","","",4.4,9,1008.6,9,1006.3,9,"","","","","","","","","","","","","","","","","","","","","","","","","","","","","","","","","","","","","","","","","","","","","","","","","","","","","","","","","","","","","","","","","","","","","","","","","","","","","","","","","","","","","","","","","","","","","","","","","","","","","","","","","","","","","","","",""
"59183001","DUNKERQUE",51.055833,2.3395,11,1892042107,"","","","","","","","","","","","","","","","","","","","","","","","","","","","","","","","","","","","",8.6,9,3.4,9,"","","","","","","","","","","","","","","","","","","","","","","","","","",70,9,"","","","","","","","","","","","",7.8,9,1003.,9,1000.7,9,"","","","","","","","","","","","","","","","","","","","","","","","","","","","","","","","","","","","","","","","","","","","","","","","","","","","","","","","","","","","","","","","","","","","","","","","","","","","","","","","","","","","","","","","","","","","","","","","","","","","","","","","","","","","","","","",""
"59183001","DUNKERQUE",51.055833,2.3395,11,1892042110,"","","","","","","","","","","","","","","","","","","","","","","","","","","","","","","","","","","","",10.4,9,5.1,9,"","","","","","","","","","","","","","","","","","","","","","","","","","",70,9,"","","","","","","","","","","","",8.8,9,1002.9,9,1000.6,9,"","","","","","","","","","","","","","","","","","","","","","","","","","","","","","","","","","","","","","","","","","","","","","","","","","","","","","","","","","","","","","","","","","","","","","","","","","","","","","","","","","","","","","","","","","","","","","","","","","","","","","","","","","","","","","","",""
"59183001","DUNKERQUE",51.055833,2.3395,11,1892042112,"","","","","","","","","","","","","","","","","","","","","","","","","","","","","","","","","","","","",10.8,9,4.6,9,"","","","","","","","","","","","","","","","","","","","","","","","","","",66,9,"","","","","","","","","","","","",8.5,9,1002.8,9,1000.5,9,"","","","","","","","","","","","","","","","","","","","","","","","","","","","","","","","","","","","","","","","","","","","","","","","","","","","","","","","","","","","","","","","","","","","","","","","","","","","","","","","","","","","","","","","","","","","","","","","","","","","","","","","","","","","","","","",""
"59183001","DUNKERQUE",51.055833,2.3395,11,1892042116,"","","","","","","","","","","","","","","","","","","","","","","","","","","","","","","","","","","","",13.,9,4.5,9,"","","","","","","","","","","","","","","","","","","","","","","","","","",56,9,"","","","","","","","","","","","",8.4,9,1002.5,9,1000.2,9,"","","","","","","","","","","","","","","","","","","","","","","","","","","","","","","","","","","","","","","","","","","","","","","","","","","","","","","","","","","","","","","","","","","","","","","","","","","","","","","","","","","","","","","","","","","","","","","","","","","","","","","","","","","","","","","",""
"59183001","DUNKERQUE",51.055833,2.3395,11,1892042120,"","","","","","","","","","","","","","","","","","","","","","","","","","","","","","","","","","","","",10.2,9,3.4,9,"","","","","","","","","","","","","","","","","","","","","","","","","","",63,9,"","","","","","","","","","","","",7.8,9,1003.7,9,1001.4,9,"","","","","","","","","","","","","","","","","","","","","","","","","","","","","","","","","","","","","","","","","","","","","","","","","","","","","","","","","","","","","","","","","","","","","","","","","","","","","","","","","","","","","","","","","","","","","","","","","","","","","","","","","","","","","","","",""
"59183001","DUNKERQUE",51.055833,2.3395,11,1892042207,"","","","","","","","","","","","","","","","","","","","","","","","","","","","","","","","","","","","",9.6,9,3.,9,"","","","","","","","","","","","","","","","","","","","","","","","","","",64,9,"","","","","","","","","","","","",7.6,9,1005.7,9,1003.4,9,"","","","","","","","","","","","","","","","","","","","","","","","","","","","","","","","","","","","","","","","","","","","","","","","","","","","","","","","","","","","","","","","","","","","","","","","","","","","","","","","","","","","","","","","","","","","","","","","","","","","","","","","","","","","","","","",""
"59183001","DUNKERQUE",51.055833,2.3395,11,1892042210,"","","","","","","","","","","","","","","","","","","","","","","","","","","","","","","","","","","","",11.2,9,4.1,9,"","","","","","","","","","","","","","","","","","","","","","","","","","",62,9,"","","","","","","","","","","","",8.2,9,1006.1,9,1003.8,9,"","","","","","","","","","","","","","","","","","","","","","","","","","","","","","","","","","","","","","","","","","","","","","","","","","","","","","","","","","","","","","","","","","","","","","","","","","","","","","","","","","","","","","","","","","","","","","","","","","","","","","","","","","","","","","","",""
"59183001","DUNKERQUE",51.055833,2.3395,11,1892042212,"","","","","","","","","","","","","","","","","","","","","","","","","","","","","","","","","","","","",14.6,9,4.3,9,"","","","","","","","","","","","","","","","","","","","","","","","","","",50,9,"","","","","","","","","","","","",8.3,9,1006.,9,1003.7,9,"","","","","","","","","","","","","","","","","","","","","","","","","","","","","","","","","","","","","","","","","","","","","","","","","","","","","","","","","","","","","","","","","","","","","","","","","","","","","","","","","","","","","","","","","","","","","","","","","","","","","","","","","","","","","","","",""
"59183001","DUNKERQUE",51.055833,2.3395,11,1892042216,"","","","","","","","","","","","","","","","","","","","","","","","","","","","","","","","","","","","",14.8,9,3.9,9,"","","","","","","","","","","","","","","","","","","","","","","","","","",48,9,"","","","","","","","","","","","",8.1,9,1005.8,9,1003.5,9,"","","","","","","","","","","","","","","","","","","","","","","","","","","","","","","","","","","","","","","","","","","","","","","","","","","","","","","","","","","","","","","","","","","","","","","","","","","","","","","","","","","","","","","","","","","","","","","","","","","","","","","","","","","","","","","",""
"59183001","DUNKERQUE",51.055833,2.3395,11,1892042220,"","","","","","","","","","","","","","","","","","","","","","","","","","","","","","","","","","","","",10.8,9,4.6,9,"","","","","","","","","","","","","","","","","","","","","","","","","","",66,9,"","","","","","","","","","","","",8.5,9,1006.7,9,1004.4,9,"","","","","","","","","","","","","","","","","","","","","","","","","","","","","","","","","","","","","","","","","","","","","","","","","","","","","","","","","","","","","","","","","","","","","","","","","","","","","","","","","","","","","","","","","","","","","","","","","","","","","","","","","","","","","","","",""
"59183001","DUNKERQUE",51.055833,2.3395,11,1892042307,"","","","","","","","","","","","","","","","","","","","","","","","","","","","","","","","","","","","",8.6,9,2.5,9,"","","","","","","","","","","","","","","","","","","","","","","","","","",65,9,"","","","","","","","","","","","",7.3,9,1010.,9,1007.7,9,"","","","","","","","","","","","","","","","","","","","","","","","","","","","","","","","","","","","","","","","","","","","","","","","","","","","","","","","","","","","","","","","","","","","","","","","","","","","","","","","","","","","","","","","","","","","","","","","","","","","","","","","","","","","","","","",""
"59183001","DUNKERQUE",51.055833,2.3395,11,1892042310,"","","","","","","","","","","","","","","","","","","","","","","","","","","","","","","","","","","","",12.8,9,-0.3,9,"","","","","","","","","","","","","","","","","","","","","","","","","","",41,9,"","","","","","","","","","","","",6.,9,1010.5,9,1008.2,9,"","","","","","","","","","","","","","","","","","","","","","","","","","","","","","","","","","","","","","","","","","","","","","","","","","","","","","","","","","","","","","","","","","","","","","","","","","","","","","","","","","","","","","","","","","","","","","","","","","","","","","","","","","","","","","","",""
"59183001","DUNKERQUE",51.055833,2.3395,11,1892042312,"","","","","","","","","","","","","","","","","","","","","","","","","","","","","","","","","","","","",13.8,9,0.,9,"","","","","","","","","","","","","","","","","","","","","","","","","","",39,9,"","","","","","","","","","","","",6.1,9,1010.4,9,1008.1,9,"","","","","","","","","","","","","","","","","","","","","","","","","","","","","","","","","","","","","","","","","","","","","","","","","","","","","","","","","","","","","","","","","","","","","","","","","","","","","","","","","","","","","","","","","","","","","","","","","","","","","","","","","","","","","","","",""
"59183001","DUNKERQUE",51.055833,2.3395,11,1892042316,"","","","","","","","","","","","","","","","","","","","","","","","","","","","","","","","","","","","",13.4,9,0.,9,"","","","","","","","","","","","","","","","","","","","","","","","","","",40,9,"","","","","","","","","","","","",6.1,9,1010.2,9,1007.9,9,"","","","","","","","","","","","","","","","","","","","","","","","","","","","","","","","","","","","","","","","","","","","","","","","","","","","","","","","","","","","","","","","","","","","","","","","","","","","","","","","","","","","","","","","","","","","","","","","","","","","","","","","","","","","","","","",""
"59183001","DUNKERQUE",51.055833,2.3395,11,1892042320,"","","","","","","","","","","","","","","","","","","","","","","","","","","","","","","","","","","","",10.2,9,1.1,9,"","","","","","","","","","","","","","","","","","","","","","","","","","",53,9,"","","","","","","","","","","","",6.6,9,1010.5,9,1008.2,9,"","","","","","","","","","","","","","","","","","","","","","","","","","","","","","","","","","","","","","","","","","","","","","","","","","","","","","","","","","","","","","","","","","","","","","","","","","","","","","","","","","","","","","","","","","","","","","","","","","","","","","","","","","","","","","","",""
"59183001","DUNKERQUE",51.055833,2.3395,11,1892042407,"","","","","","","","","","","","","","","","","","","","","","","","","","","","","","","","","","","","",8.8,9,2.7,9,"","","","","","","","","","","","","","","","","","","","","","","","","","",65,9,"","","","","","","","","","","","",7.4,9,1008.4,9,1006.1,9,"","","","","","","","","","","","","","","","","","","","","","","","","","","","","","","","","","","","","","","","","","","","","","","","","","","","","","","","","","","","","","","","","","","","","","","","","","","","","","","","","","","","","","","","","","","","","","","","","","","","","","","","","","","","","","","",""
"59183001","DUNKERQUE",51.055833,2.3395,11,1892042410,"","","","","","","","","","","","","","","","","","","","","","","","","","","","","","","","","","","","",11.,9,0.4,9,"","","","","","","","","","","","","","","","","","","","","","","","","","",48,9,"","","","","","","","","","","","",6.3,9,1008.1,9,1005.8,9,"","","","","","","","","","","","","","","","","","","","","","","","","","","","","","","","","","","","","","","","","","","","","","","","","","","","","","","","","","","","","","","","","","","","","","","","","","","","","","","","","","","","","","","","","","","","","","","","","","","","","","","","","","","","","","","",""
"59183001","DUNKERQUE",51.055833,2.3395,11,1892042412,"","","","","","","","","","","","","","","","","","","","","","","","","","","","","","","","","","","","",12.,9,-1.4,9,"","","","","","","","","","","","","","","","","","","","","","","","","","",39,9,"","","","","","","","","","","","",5.5,9,1008.1,9,1005.8,9,"","","","","","","","","","","","","","","","","","","","","","","","","","","","","","","","","","","","","","","","","","","","","","","","","","","","","","","","","","","","","","","","","","","","","","","","","","","","","","","","","","","","","","","","","","","","","","","","","","","","","","","","","","","","","","","",""
"59183001","DUNKERQUE",51.055833,2.3395,11,1892042416,"","","","","","","","","","","","","","","","","","","","","","","","","","","","","","","","","","","","",14.4,9,4.1,9,"","","","","","","","","","","","","","","","","","","","","","","","","","",50,9,"","","","","","","","","","","","",8.2,9,1007.8,9,1005.5,9,"","","","","","","","","","","","","","","","","","","","","","","","","","","","","","","","","","","","","","","","","","","","","","","","","","","","","","","","","","","","","","","","","","","","","","","","","","","","","","","","","","","","","","","","","","","","","","","","","","","","","","","","","","","","","","","",""
"59183001","DUNKERQUE",51.055833,2.3395,11,1892042420,"","","","","","","","","","","","","","","","","","","","","","","","","","","","","","","","","","","","",9.6,9,3.8,9,"","","","","","","","","","","","","","","","","","","","","","","","","","",67,9,"","","","","","","","","","","","",8.,9,1007.8,9,1005.5,9,"","","","","","","","","","","","","","","","","","","","","","","","","","","","","","","","","","","","","","","","","","","","","","","","","","","","","","","","","","","","","","","","","","","","","","","","","","","","","","","","","","","","","","","","","","","","","","","","","","","","","","","","","","","","","","","",""
"59183001","DUNKERQUE",51.055833,2.3395,11,1892042507,"","","","","","","","","","","","","","","","","","","","","","","","","","","","","","","","","","","","",8.4,9,3.8,9,"","","","","","","","","","","","","","","","","","","","","","","","","","",73,9,"","","","","","","","","","","","",8.,9,998.4,9,996.1,9,"","","","","","","","","","","","","","","","","","","","","","","","","","","","","","","","","","","","","","","","","","","","","","","","","","","","","","","","","","","","","","","","","","","","","","","","","","","","","","","","","","","","","","","","","","","","","","","","","","","","","","","","","","","","","","","",""
"59183001","DUNKERQUE",51.055833,2.3395,11,1892042510,"","","","","","","","","","","","","","","","","","","","","","","","","","","","","","","","","","","","",9.4,9,3.9,9,"","","","","","","","","","","","","","","","","","","","","","","","","","",69,9,"","","","","","","","","","","","",8.1,9,995.1,9,992.8,9,"","","","","","","","","","","","","","","","","","","","","","","","","","","","","","","","","","","","","","","","","","","","","","","","","","","","","","","","","","","","","","","","","","","","","","","","","","","","","","","","","","","","","","","","","","","","","","","","","","","","","","","","","","","","","","","",""
"59183001","DUNKERQUE",51.055833,2.3395,11,1892042512,"","","","","","","","","","","","","","","","","","","","","","","","","","","","","","","","","","","","",8.4,9,3.8,9,"","","","","","","","","","","","","","","","","","","","","","","","","","",73,9,"","","","","","","","","","","","",8.,9,994.9,9,992.6,9,"","","","","","","","","","","","","","","","","","","","","","","","","","","","","","","","","","","","","","","","","","","","","","","","","","","","","","","","","","","","","","","","","","","","","","","","","","","","","","","","","","","","","","","","","","","","","","","","","","","","","","","","","","","","","","","",""
"59183001","DUNKERQUE",51.055833,2.3395,11,1892042516,"","","","","","","","","","","","","","","","","","","","","","","","","","","","","","","","","","","","",8.2,9,3.9,9,"","","","","","","","","","","","","","","","","","","","","","","","","","",75,9,"","","","","","","","","","","","",8.1,9,994.3,9,992.,9,"","","","","","","","","","","","","","","","","","","","","","","","","","","","","","","","","","","","","","","","","","","","","","","","","","","","","","","","","","","","","","","","","","","","","","","","","","","","","","","","","","","","","","","","","","","","","","","","","","","","","","","","","","","","","","","",""
"59183001","DUNKERQUE",51.055833,2.3395,11,1892042520,"","","","","","","","","","","","","","","","","","","","","","","","","","","","","","","","","","","","",6.,9,3.2,9,"","","","","","","","","","","","","","","","","","","","","","","","","","",82,9,"","","","","","","","","","","","",7.7,9,994.1,9,991.8,9,"","","","","","","","","","","","","","","","","","","","","","","","","","","","","","","","","","","","","","","","","","","","","","","","","","","","","","","","","","","","","","","","","","","","","","","","","","","","","","","","","","","","","","","","","","","","","","","","","","","","","","","","","","","","","","","",""
"59183001","DUNKERQUE",51.055833,2.3395,11,1892042607,"","","","","","","","","","","","","","","","","","","","","","","","","","","","","","","","","","","","",6.6,9,1.1,9,"","","","","","","","","","","","","","","","","","","","","","","","","","",68,9,"","","","","","","","","","","","",6.6,9,994.8,9,992.5,9,"","","","","","","","","","","","","","","","","","","","","","","","","","","","","","","","","","","","","","","","","","","","","","","","","","","","","","","","","","","","","","","","","","","","","","","","","","","","","","","","","","","","","","","","","","","","","","","","","","","","","","","","","","","","","","","",""
"59183001","DUNKERQUE",51.055833,2.3395,11,1892042610,"","","","","","","","","","","","","","","","","","","","","","","","","","","","","","","","","","","","",10.,9,0.9,9,"","","","","","","","","","","","","","","","","","","","","","","","","","",53,9,"","","","","","","","","","","","",6.5,9,994.8,9,992.5,9,"","","","","","","","","","","","","","","","","","","","","","","","","","","","","","","","","","","","","","","","","","","","","","","","","","","","","","","","","","","","","","","","","","","","","","","","","","","","","","","","","","","","","","","","","","","","","","","","","","","","","","","","","","","","","","","",""
"59183001","DUNKERQUE",51.055833,2.3395,11,1892042612,"","","","","","","","","","","","","","","","","","","","","","","","","","","","","","","","","","","","",12.8,9,-4.8,9,"","","","","","","","","","","","","","","","","","","","","","","","","","",29,9,"","","","","","","","","","","","",4.3,9,994.4,9,992.2,9,"","","","","","","","","","","","","","","","","","","","","","","","","","","","","","","","","","","","","","","","","","","","","","","","","","","","","","","","","","","","","","","","","","","","","","","","","","","","","","","","","","","","","","","","","","","","","","","","","","","","","","","","","","","","","","","",""
"59183001","DUNKERQUE",51.055833,2.3395,11,1892042616,"","","","","","","","","","","","","","","","","","","","","","","","","","","","","","","","","","","","",10.6,9,-3.3,9,"","","","","","","","","","","","","","","","","","","","","","","","","","",38,9,"","","","","","","","","","","","",4.8,9,994.4,9,992.1,9,"","","","","","","","","","","","","","","","","","","","","","","","","","","","","","","","","","","","","","","","","","","","","","","","","","","","","","","","","","","","","","","","","","","","","","","","","","","","","","","","","","","","","","","","","","","","","","","","","","","","","","","","","","","","","","","",""
"59183001","DUNKERQUE",51.055833,2.3395,11,1892042620,"","","","","","","","","","","","","","","","","","","","","","","","","","","","","","","","","","","","",6.4,9,-0.3,9,"","","","","","","","","","","","","","","","","","","","","","","","","","",62,9,"","","","","","","","","","","","",6.,9,994.5,9,992.2,9,"","","","","","","","","","","","","","","","","","","","","","","","","","","","","","","","","","","","","","","","","","","","","","","","","","","","","","","","","","","","","","","","","","","","","","","","","","","","","","","","","","","","","","","","","","","","","","","","","","","","","","","","","","","","","","","",""
"59183001","DUNKERQUE",51.055833,2.3395,11,1892042707,"","","","","","","","","","","","","","","","","","","","","","","","","","","","","","","","","","","","",5.4,9,-0.5,9,"","","","","","","","","","","","","","","","","","","","","","","","","","",66,9,"","","","","","","","","","","","",5.9,9,994.5,9,992.2,9,"","","","","","","","","","","","","","","","","","","","","","","","","","","","","","","","","","","","","","","","","","","","","","","","","","","","","","","","","","","","","","","","","","","","","","","","","","","","","","","","","","","","","","","","","","","","","","","","","","","","","","","","","","","","","","","",""
"59183001","DUNKERQUE",51.055833,2.3395,11,1892042710,"","","","","","","","","","","","","","","","","","","","","","","","","","","","","","","","","","","","",13.,9,-4.2,9,"","","","","","","","","","","","","","","","","","","","","","","","","","",30,9,"","","","","","","","","","","","",4.5,9,994.4,9,992.2,9,"","","","","","","","","","","","","","","","","","","","","","","","","","","","","","","","","","","","","","","","","","","","","","","","","","","","","","","","","","","","","","","","","","","","","","","","","","","","","","","","","","","","","","","","","","","","","","","","","","","","","","","","","","","","","","","",""
"59183001","DUNKERQUE",51.055833,2.3395,11,1892042712,"","","","","","","","","","","","","","","","","","","","","","","","","","","","","","","","","","","","",9.8,9,-2.2,9,"","","","","","","","","","","","","","","","","","","","","","","","","","",43,9,"","","","","","","","","","","","",5.2,9,994.4,9,992.1,9,"","","","","","","","","","","","","","","","","","","","","","","","","","","","","","","","","","","","","","","","","","","","","","","","","","","","","","","","","","","","","","","","","","","","","","","","","","","","","","","","","","","","","","","","","","","","","","","","","","","","","","","","","","","","","","","",""
"59183001","DUNKERQUE",51.055833,2.3395,11,1892042716,"","","","","","","","","","","","","","","","","","","","","","","","","","","","","","","","","","","","",13.6,9,-7.8,9,"","","","","","","","","","","","","","","","","","","","","","","","","","",22,9,"","","","","","","","","","","","",3.4,9,992.3,9,990.1,9,"","","","","","","","","","","","","","","","","","","","","","","","","","","","","","","","","","","","","","","","","","","","","","","","","","","","","","","","","","","","","","","","","","","","","","","","","","","","","","","","","","","","","","","","","","","","","","","","","","","","","","","","","","","","","","","",""
"59183001","DUNKERQUE",51.055833,2.3395,11,1892042720,"","","","","","","","","","","","","","","","","","","","","","","","","","","","","","","","","","","","",8.4,9,-1.4,9,"","","","","","","","","","","","","","","","","","","","","","","","","","",50,9,"","","","","","","","","","","","",5.5,9,990.3,9,988.,9,"","","","","","","","","","","","","","","","","","","","","","","","","","","","","","","","","","","","","","","","","","","","","","","","","","","","","","","","","","","","","","","","","","","","","","","","","","","","","","","","","","","","","","","","","","","","","","","","","","","","","","","","","","","","","","","",""
"59183001","DUNKERQUE",51.055833,2.3395,11,1892042807,"","","","","","","","","","","","","","","","","","","","","","","","","","","","","","","","","","","","",6.,9,0.,9,"","","","","","","","","","","","","","","","","","","","","","","","","","",65,9,"","","","","","","","","","","","",6.1,9,987.5,9,985.2,9,"","","","","","","","","","","","","","","","","","","","","","","","","","","","","","","","","","","","","","","","","","","","","","","","","","","","","","","","","","","","","","","","","","","","","","","","","","","","","","","","","","","","","","","","","","","","","","","","","","","","","","","","","","","","","","","",""
"59183001","DUNKERQUE",51.055833,2.3395,11,1892042810,"","","","","","","","","","","","","","","","","","","","","","","","","","","","","","","","","","","","",7.8,9,0.2,9,"","","","","","","","","","","","","","","","","","","","","","","","","","",59,9,"","","","","","","","","","","","",6.2,9,987.4,9,985.1,9,"","","","","","","","","","","","","","","","","","","","","","","","","","","","","","","","","","","","","","","","","","","","","","","","","","","","","","","","","","","","","","","","","","","","","","","","","","","","","","","","","","","","","","","","","","","","","","","","","","","","","","","","","","","","","","","",""
"59183001","DUNKERQUE",51.055833,2.3395,11,1892042812,"","","","","","","","","","","","","","","","","","","","","","","","","","","","","","","","","","","","",8.2,9,0.2,9,"","","","","","","","","","","","","","","","","","","","","","","","","","",57,9,"","","","","","","","","","","","",6.2,9,987.1,9,984.8,9,"","","","","","","","","","","","","","","","","","","","","","","","","","","","","","","","","","","","","","","","","","","","","","","","","","","","","","","","","","","","","","","","","","","","","","","","","","","","","","","","","","","","","","","","","","","","","","","","","","","","","","","","","","","","","","","",""
"59183001","DUNKERQUE",51.055833,2.3395,11,1892042816,"","","","","","","","","","","","","","","","","","","","","","","","","","","","","","","","","","","","",6.4,9,-0.3,9,"","","","","","","","","","","","","","","","","","","","","","","","","","",62,9,"","","","","","","","","","","","",6.,9,987.1,9,984.8,9,"","","","","","","","","","","","","","","","","","","","","","","","","","","","","","","","","","","","","","","","","","","","","","","","","","","","","","","","","","","","","","","","","","","","","","","","","","","","","","","","","","","","","","","","","","","","","","","","","","","","","","","","","","","","","","","",""
"59183001","DUNKERQUE",51.055833,2.3395,11,1892042820,"","","","","","","","","","","","","","","","","","","","","","","","","","","","","","","","","","","","",6.,9,0.4,9,"","","","","","","","","","","","","","","","","","","","","","","","","","",67,9,"","","","","","","","","","","","",6.3,9,989.4,9,987.1,9,"","","","","","","","","","","","","","","","","","","","","","","","","","","","","","","","","","","","","","","","","","","","","","","","","","","","","","","","","","","","","","","","","","","","","","","","","","","","","","","","","","","","","","","","","","","","","","","","","","","","","","","","","","","","","","","",""
"59183001","DUNKERQUE",51.055833,2.3395,11,1892042907,"","","","","","","","","","","","","","","","","","","","","","","","","","","","","","","","","","","","",4.8,9,2.3,9,"","","","","","","","","","","","","","","","","","","","","","","","","","",84,9,"","","","","","","","","","","","",7.2,9,994.3,9,992.,9,"","","","","","","","","","","","","","","","","","","","","","","","","","","","","","","","","","","","","","","","","","","","","","","","","","","","","","","","","","","","","","","","","","","","","","","","","","","","","","","","","","","","","","","","","","","","","","","","","","","","","","","","","","","","","","","",""
"59183001","DUNKERQUE",51.055833,2.3395,11,1892042910,"","","","","","","","","","","","","","","","","","","","","","","","","","","","","","","","","","","","",7.8,9,3.6,9,"","","","","","","","","","","","","","","","","","","","","","","","","","",75,9,"","","","","","","","","","","","",7.9,9,994.8,9,992.5,9,"","","","","","","","","","","","","","","","","","","","","","","","","","","","","","","","","","","","","","","","","","","","","","","","","","","","","","","","","","","","","","","","","","","","","","","","","","","","","","","","","","","","","","","","","","","","","","","","","","","","","","","","","","","","","","","",""
"59183001","DUNKERQUE",51.055833,2.3395,11,1892042912,"","","","","","","","","","","","","","","","","","","","","","","","","","","","","","","","","","","","",9.2,9,2.7,9,"","","","","","","","","","","","","","","","","","","","","","","","","","",64,9,"","","","","","","","","","","","",7.4,9,995.2,9,992.9,9,"","","","","","","","","","","","","","","","","","","","","","","","","","","","","","","","","","","","","","","","","","","","","","","","","","","","","","","","","","","","","","","","","","","","","","","","","","","","","","","","","","","","","","","","","","","","","","","","","","","","","","","","","","","","","","","",""
"59183001","DUNKERQUE",51.055833,2.3395,11,1892042916,"","","","","","","","","","","","","","","","","","","","","","","","","","","","","","","","","","","","",6.6,9,2.9,9,"","","","","","","","","","","","","","","","","","","","","","","","","","",77,9,"","","","","","","","","","","","",7.5,9,996.3,9,994.,9,"","","","","","","","","","","","","","","","","","","","","","","","","","","","","","","","","","","","","","","","","","","","","","","","","","","","","","","","","","","","","","","","","","","","","","","","","","","","","","","","","","","","","","","","","","","","","","","","","","","","","","","","","","","","","","","",""
"59183001","DUNKERQUE",51.055833,2.3395,11,1892042920,"","","","","","","","","","","","","","","","","","","","","","","","","","","","","","","","","","","","",5.,9,2.1,9,"","","","","","","","","","","","","","","","","","","","","","","","","","",81,9,"","","","","","","","","","","","",7.1,9,998.,9,995.7,9,"","","","","","","","","","","","","","","","","","","","","","","","","","","","","","","","","","","","","","","","","","","","","","","","","","","","","","","","","","","","","","","","","","","","","","","","","","","","","","","","","","","","","","","","","","","","","","","","","","","","","","","","","","","","","","","",""
"59183001","DUNKERQUE",51.055833,2.3395,11,1892043007,"","","","","","","","","","","","","","","","","","","","","","","","","","","","","","","","","","","","",6.2,9,-2.,9,"","","","","","","","","","","","","","","","","","","","","","","","","","",56,9,"","","","","","","","","","","","",5.3,9,1001.8,9,999.5,9,"","","","","","","","","","","","","","","","","","","","","","","","","","","","","","","","","","","","","","","","","","","","","","","","","","","","","","","","","","","","","","","","","","","","","","","","","","","","","","","","","","","","","","","","","","","","","","","","","","","","","","","","","","","","","","","",""
"59183001","DUNKERQUE",51.055833,2.3395,11,1892043010,"","","","","","","","","","","","","","","","","","","","","","","","","","","","","","","","","","","","",10.,9,1.3,9,"","","","","","","","","","","","","","","","","","","","","","","","","","",55,9,"","","","","","","","","","","","",6.7,9,1002.1,9,999.8,9,"","","","","","","","","","","","","","","","","","","","","","","","","","","","","","","","","","","","","","","","","","","","","","","","","","","","","","","","","","","","","","","","","","","","","","","","","","","","","","","","","","","","","","","","","","","","","","","","","","","","","","","","","","","","","","","",""
"59183001","DUNKERQUE",51.055833,2.3395,11,1892043012,"","","","","","","","","","","","","","","","","","","","","","","","","","","","","","","","","","","","",12.,9,3.,9,"","","","","","","","","","","","","","","","","","","","","","","","","","",54,9,"","","","","","","","","","","","",7.6,9,1002.4,9,1000.1,9,"","","","","","","","","","","","","","","","","","","","","","","","","","","","","","","","","","","","","","","","","","","","","","","","","","","","","","","","","","","","","","","","","","","","","","","","","","","","","","","","","","","","","","","","","","","","","","","","","","","","","","","","","","","","","","","",""
"59183001","DUNKERQUE",51.055833,2.3395,11,1892043016,"","","","","","","","","","","","","","","","","","","","","","","","","","","","","","","","","","","","",10.,9,-3.3,9,"","","","","","","","","","","","","","","","","","","","","","","","","","",39,9,"","","","","","","","","","","","",4.8,9,1002.,9,999.7,9,"","","","","","","","","","","","","","","","","","","","","","","","","","","","","","","","","","","","","","","","","","","","","","","","","","","","","","","","","","","","","","","","","","","","","","","","","","","","","","","","","","","","","","","","","","","","","","","","","","","","","","","","","","","","","","","",""
"59183001","DUNKERQUE",51.055833,2.3395,11,1892043020,"","","","","","","","","","","","","","","","","","","","","","","","","","","","","","","","","","","","",7.,9,-0.7,9,"","","","","","","","","","","","","","","","","","","","","","","","","","",58,9,"","","","","","","","","","","","",5.8,9,1002.,9,999.7,9,"","","","","","","","","","","","","","","","","","","","","","","","","","","","","","","","","","","","","","","","","","","","","","","","","","","","","","","","","","","","","","","","","","","","","","","","","","","","","","","","","","","","","","","","","","","","","","","","","","","","","","","","","","","","","","","",""
"59183001","DUNKERQUE",51.055833,2.3395,11,1892050107,"","","","","","","","","","","","","","","","","","","","","","","","","","","","","","","","","","","","",5.8,9,0.9,9,"","","","","","","","","","","","","","","","","","","","","","","","","","",70,9,"","","","","","","","","","","","",6.5,9,1003.2,9,1000.9,9,"","","","","","","","","","","","","","","","","","","","","","","","","","","","","","","","","","","","","","","","","","","","","","","","","","","","","","","","","","","","","","","","","","","","","","","","","","","","","","","","","","","","","","","","","","","","","","","","","","","","","","","","","","","","","","","",""
"59183001","DUNKERQUE",51.055833,2.3395,11,1892050110,"","","","","","","","","","","","","","","","","","","","","","","","","","","","","","","","","","","","",10.6,9,-1.7,9,"","","","","","","","","","","","","","","","","","","","","","","","","","",42,9,"","","","","","","","","","","","",5.4,9,1002.5,9,1000.2,9,"","","","","","","","","","","","","","","","","","","","","","","","","","","","","","","","","","","","","","","","","","","","","","","","","","","","","","","","","","","","","","","","","","","","","","","","","","","","","","","","","","","","","","","","","","","","","","","","","","","","","","","","","","","","","","","",""
"59183001","DUNKERQUE",51.055833,2.3395,11,1892050112,"","","","","","","","","","","","","","","","","","","","","","","","","","","","","","","","","","","","",11.,9,-1.2,9,"","","","","","","","","","","","","","","","","","","","","","","","","","",43,9,"","","","","","","","","","","","",5.6,9,1001.2,9,998.9,9,"","","","","","","","","","","","","","","","","","","","","","","","","","","","","","","","","","","","","","","","","","","","","","","","","","","","","","","","","","","","","","","","","","","","","","","","","","","","","","","","","","","","","","","","","","","","","","","","","","","","","","","","","","","","","","","",""
"59183001","DUNKERQUE",51.055833,2.3395,11,1892050116,"","","","","","","","","","","","","","","","","","","","","","","","","","","","","","","","","","","","",9.6,9,0.2,9,"","","","","","","","","","","","","","","","","","","","","","","","","","",52,9,"","","","","","","","","","","","",6.2,9,998.7,9,996.4,9,"","","","","","","","","","","","","","","","","","","","","","","","","","","","","","","","","","","","","","","","","","","","","","","","","","","","","","","","","","","","","","","","","","","","","","","","","","","","","","","","","","","","","","","","","","","","","","","","","","","","","","","","","","","","","","","",""
"59183001","DUNKERQUE",51.055833,2.3395,11,1892050120,"","","","","","","","","","","","","","","","","","","","","","","","","","","","","","","","","","","","",6.4,9,1.5,9,"","","","","","","","","","","","","","","","","","","","","","","","","","",71,9,"","","","","","","","","","","","",6.8,9,996.4,9,994.1,9,"","","","","","","","","","","","","","","","","","","","","","","","","","","","","","","","","","","","","","","","","","","","","","","","","","","","","","","","","","","","","","","","","","","","","","","","","","","","","","","","","","","","","","","","","","","","","","","","","","","","","","","","","","","","","","","",""
"59183001","DUNKERQUE",51.055833,2.3395,11,1892050207,"","","","","","","","","","","","","","","","","","","","","","","","","","","","","","","","","","","","",6.2,9,2.9,9,"","","","","","","","","","","","","","","","","","","","","","","","","","",79,9,"","","","","","","","","","","","",7.5,9,993.8,9,991.5,9,"","","","","","","","","","","","","","","","","","","","","","","","","","","","","","","","","","","","","","","","","","","","","","","","","","","","","","","","","","","","","","","","","","","","","","","","","","","","","","","","","","","","","","","","","","","","","","","","","","","","","","","","","","","","","","","",""
"59183001","DUNKERQUE",51.055833,2.3395,11,1892050210,"","","","","","","","","","","","","","","","","","","","","","","","","","","","","","","","","","","","",8.,9,-2.7,9,"","","","","","","","","","","","","","","","","","","","","","","","","","",47,9,"","","","","","","","","","","","",5.,9,993.8,9,991.5,9,"","","","","","","","","","","","","","","","","","","","","","","","","","","","","","","","","","","","","","","","","","","","","","","","","","","","","","","","","","","","","","","","","","","","","","","","","","","","","","","","","","","","","","","","","","","","","","","","","","","","","","","","","","","","","","","",""
"59183001","DUNKERQUE",51.055833,2.3395,11,1892050212,"","","","","","","","","","","","","","","","","","","","","","","","","","","","","","","","","","","","",8.,9,-2.7,9,"","","","","","","","","","","","","","","","","","","","","","","","","","",47,9,"","","","","","","","","","","","",5.,9,993.5,9,991.2,9,"","","","","","","","","","","","","","","","","","","","","","","","","","","","","","","","","","","","","","","","","","","","","","","","","","","","","","","","","","","","","","","","","","","","","","","","","","","","","","","","","","","","","","","","","","","","","","","","","","","","","","","","","","","","","","","",""
"59183001","DUNKERQUE",51.055833,2.3395,11,1892050216,"","","","","","","","","","","","","","","","","","","","","","","","","","","","","","","","","","","","",7.8,9,1.1,9,"","","","","","","","","","","","","","","","","","","","","","","","","","",62,9,"","","","","","","","","","","","",6.6,9,993.3,9,991.,9,"","","","","","","","","","","","","","","","","","","","","","","","","","","","","","","","","","","","","","","","","","","","","","","","","","","","","","","","","","","","","","","","","","","","","","","","","","","","","","","","","","","","","","","","","","","","","","","","","","","","","","","","","","","","","","","",""
"59183001","DUNKERQUE",51.055833,2.3395,11,1892050220,"","","","","","","","","","","","","","","","","","","","","","","","","","","","","","","","","","","","",7.8,9,1.1,9,"","","","","","","","","","","","","","","","","","","","","","","","","","",62,9,"","","","","","","","","","","","",6.6,9,993.,9,990.7,9,"","","","","","","","","","","","","","","","","","","","","","","","","","","","","","","","","","","","","","","","","","","","","","","","","","","","","","","","","","","","","","","","","","","","","","","","","","","","","","","","","","","","","","","","","","","","","","","","","","","","","","","","","","","","","","","",""
"59183001","DUNKERQUE",51.055833,2.3395,11,1892050307,"","","","","","","","","","","","","","","","","","","","","","","","","","","","","","","","","","","","",7.6,9,2.3,9,"","","","","","","","","","","","","","","","","","","","","","","","","","",69,9,"","","","","","","","","","","","",7.2,9,990.6,9,988.3,9,"","","","","","","","","","","","","","","","","","","","","","","","","","","","","","","","","","","","","","","","","","","","","","","","","","","","","","","","","","","","","","","","","","","","","","","","","","","","","","","","","","","","","","","","","","","","","","","","","","","","","","","","","","","","","","","",""
"59183001","DUNKERQUE",51.055833,2.3395,11,1892050310,"","","","","","","","","","","","","","","","","","","","","","","","","","","","","","","","","","","","",11.,9,1.1,9,"","","","","","","","","","","","","","","","","","","","","","","","","","",50,9,"","","","","","","","","","","","",6.6,9,990.3,9,988.,9,"","","","","","","","","","","","","","","","","","","","","","","","","","","","","","","","","","","","","","","","","","","","","","","","","","","","","","","","","","","","","","","","","","","","","","","","","","","","","","","","","","","","","","","","","","","","","","","","","","","","","","","","","","","","","","","",""
"59183001","DUNKERQUE",51.055833,2.3395,11,1892050312,"","","","","","","","","","","","","","","","","","","","","","","","","","","","","","","","","","","","",11.2,9,0.9,9,"","","","","","","","","","","","","","","","","","","","","","","","","","",49,9,"","","","","","","","","","","","",6.5,9,988.7,9,986.5,9,"","","","","","","","","","","","","","","","","","","","","","","","","","","","","","","","","","","","","","","","","","","","","","","","","","","","","","","","","","","","","","","","","","","","","","","","","","","","","","","","","","","","","","","","","","","","","","","","","","","","","","","","","","","","","","","",""
"59183001","DUNKERQUE",51.055833,2.3395,11,1892050316,"","","","","","","","","","","","","","","","","","","","","","","","","","","","","","","","","","","","",9.2,9,0.4,9,"","","","","","","","","","","","","","","","","","","","","","","","","","",54,9,"","","","","","","","","","","","",6.3,9,988.4,9,986.1,9,"","","","","","","","","","","","","","","","","","","","","","","","","","","","","","","","","","","","","","","","","","","","","","","","","","","","","","","","","","","","","","","","","","","","","","","","","","","","","","","","","","","","","","","","","","","","","","","","","","","","","","","","","","","","","","","",""
"59183001","DUNKERQUE",51.055833,2.3395,11,1892050320,"","","","","","","","","","","","","","","","","","","","","","","","","","","","","","","","","","","","",7.,9,0.4,9,"","","","","","","","","","","","","","","","","","","","","","","","","","",63,9,"","","","","","","","","","","","",6.3,9,988.4,9,986.1,9,"","","","","","","","","","","","","","","","","","","","","","","","","","","","","","","","","","","","","","","","","","","","","","","","","","","","","","","","","","","","","","","","","","","","","","","","","","","","","","","","","","","","","","","","","","","","","","","","","","","","","","","","","","","","","","","",""
"59183001","DUNKERQUE",51.055833,2.3395,11,1892050407,"","","","","","","","","","","","","","","","","","","","","","","","","","","","","","","","","","","","",8.,9,1.9,9,"","","","","","","","","","","","","","","","","","","","","","","","","","",65,9,"","","","","","","","","","","","",7.,9,988.5,9,986.2,9,"","","","","","","","","","","","","","","","","","","","","","","","","","","","","","","","","","","","","","","","","","","","","","","","","","","","","","","","","","","","","","","","","","","","","","","","","","","","","","","","","","","","","","","","","","","","","","","","","","","","","","","","","","","","","","","",""
"59183001","DUNKERQUE",51.055833,2.3395,11,1892050410,"","","","","","","","","","","","","","","","","","","","","","","","","","","","","","","","","","","","",10.,9,0.4,9,"","","","","","","","","","","","","","","","","","","","","","","","","","",51,9,"","","","","","","","","","","","",6.3,9,988.5,9,986.2,9,"","","","","","","","","","","","","","","","","","","","","","","","","","","","","","","","","","","","","","","","","","","","","","","","","","","","","","","","","","","","","","","","","","","","","","","","","","","","","","","","","","","","","","","","","","","","","","","","","","","","","","","","","","","","","","","",""
"59183001","DUNKERQUE",51.055833,2.3395,11,1892050412,"","","","","","","","","","","","","","","","","","","","","","","","","","","","","","","","","","","","",10.8,9,0.2,9,"","","","","","","","","","","","","","","","","","","","","","","","","","",48,9,"","","","","","","","","","","","",6.2,9,988.7,9,986.4,9,"","","","","","","","","","","","","","","","","","","","","","","","","","","","","","","","","","","","","","","","","","","","","","","","","","","","","","","","","","","","","","","","","","","","","","","","","","","","","","","","","","","","","","","","","","","","","","","","","","","","","","","","","","","","","","","",""
"59183001","DUNKERQUE",51.055833,2.3395,11,1892050416,"","","","","","","","","","","","","","","","","","","","","","","","","","","","","","","","","","","","",8.8,9,0.4,9,"","","","","","","","","","","","","","","","","","","","","","","","","","",56,9,"","","","","","","","","","","","",6.3,9,989.7,9,987.4,9,"","","","","","","","","","","","","","","","","","","","","","","","","","","","","","","","","","","","","","","","","","","","","","","","","","","","","","","","","","","","","","","","","","","","","","","","","","","","","","","","","","","","","","","","","","","","","","","","","","","","","","","","","","","","","","","",""
"59183001","DUNKERQUE",51.055833,2.3395,11,1892050420,"","","","","","","","","","","","","","","","","","","","","","","","","","","","","","","","","","","","",7.8,9,1.5,9,"","","","","","","","","","","","","","","","","","","","","","","","","","",64,9,"","","","","","","","","","","","",6.8,9,991.1,9,988.8,9,"","","","","","","","","","","","","","","","","","","","","","","","","","","","","","","","","","","","","","","","","","","","","","","","","","","","","","","","","","","","","","","","","","","","","","","","","","","","","","","","","","","","","","","","","","","","","","","","","","","","","","","","","","","","","","","",""
"59183001","DUNKERQUE",51.055833,2.3395,11,1892050507,"","","","","","","","","","","","","","","","","","","","","","","","","","","","","","","","","","","","",6.4,9,3.,9,"","","","","","","","","","","","","","","","","","","","","","","","","","",79,9,"","","","","","","","","","","","",7.6,9,993.8,9,991.5,9,"","","","","","","","","","","","","","","","","","","","","","","","","","","","","","","","","","","","","","","","","","","","","","","","","","","","","","","","","","","","","","","","","","","","","","","","","","","","","","","","","","","","","","","","","","","","","","","","","","","","","","","","","","","","","","","",""
"59183001","DUNKERQUE",51.055833,2.3395,11,1892050510,"","","","","","","","","","","","","","","","","","","","","","","","","","","","","","","","","","","","",8.4,9,3.2,9,"","","","","","","","","","","","","","","","","","","","","","","","","","",70,9,"","","","","","","","","","","","",7.7,9,994.9,9,992.6,9,"","","","","","","","","","","","","","","","","","","","","","","","","","","","","","","","","","","","","","","","","","","","","","","","","","","","","","","","","","","","","","","","","","","","","","","","","","","","","","","","","","","","","","","","","","","","","","","","","","","","","","","","","","","","","","","",""
"59183001","DUNKERQUE",51.055833,2.3395,11,1892050512,"","","","","","","","","","","","","","","","","","","","","","","","","","","","","","","","","","","","",8.4,9,3.2,9,"","","","","","","","","","","","","","","","","","","","","","","","","","",70,9,"","","","","","","","","","","","",7.7,9,994.9,9,992.6,9,"","","","","","","","","","","","","","","","","","","","","","","","","","","","","","","","","","","","","","","","","","","","","","","","","","","","","","","","","","","","","","","","","","","","","","","","","","","","","","","","","","","","","","","","","","","","","","","","","","","","","","","","","","","","","","","",""
"59183001","DUNKERQUE",51.055833,2.3395,11,1892050516,"","","","","","","","","","","","","","","","","","","","","","","","","","","","","","","","","","","","",8.8,9,1.7,9,"","","","","","","","","","","","","","","","","","","","","","","","","","",61,9,"","","","","","","","","","","","",6.9,9,994.6,9,992.3,9,"","","","","","","","","","","","","","","","","","","","","","","","","","","","","","","","","","","","","","","","","","","","","","","","","","","","","","","","","","","","","","","","","","","","","","","","","","","","","","","","","","","","","","","","","","","","","","","","","","","","","","","","","","","","","","","",""
"59183001","DUNKERQUE",51.055833,2.3395,11,1892050520,"","","","","","","","","","","","","","","","","","","","","","","","","","","","","","","","","","","","",7.,9,3.2,9,"","","","","","","","","","","","","","","","","","","","","","","","","","",77,9,"","","","","","","","","","","","",7.7,9,994.8,9,992.5,9,"","","","","","","","","","","","","","","","","","","","","","","","","","","","","","","","","","","","","","","","","","","","","","","","","","","","","","","","","","","","","","","","","","","","","","","","","","","","","","","","","","","","","","","","","","","","","","","","","","","","","","","","","","","","","","","",""
"59183001","DUNKERQUE",51.055833,2.3395,11,1892050607,"","","","","","","","","","","","","","","","","","","","","","","","","","","","","","","","","","","","",5.,9,-0.3,9,"","","","","","","","","","","","","","","","","","","","","","","","","","",69,9,"","","","","","","","","","","","",6.,9,998.,9,995.7,9,"","","","","","","","","","","","","","","","","","","","","","","","","","","","","","","","","","","","","","","","","","","","","","","","","","","","","","","","","","","","","","","","","","","","","","","","","","","","","","","","","","","","","","","","","","","","","","","","","","","","","","","","","","","","","","","",""
"59183001","DUNKERQUE",51.055833,2.3395,11,1892050610,"","","","","","","","","","","","","","","","","","","","","","","","","","","","","","","","","","","","",7.,9,-2.2,9,"","","","","","","","","","","","","","","","","","","","","","","","","","",52,9,"","","","","","","","","","","","",5.2,9,998.,9,995.7,9,"","","","","","","","","","","","","","","","","","","","","","","","","","","","","","","","","","","","","","","","","","","","","","","","","","","","","","","","","","","","","","","","","","","","","","","","","","","","","","","","","","","","","","","","","","","","","","","","","","","","","","","","","","","","","","","",""
"59183001","DUNKERQUE",51.055833,2.3395,11,1892050612,"","","","","","","","","","","","","","","","","","","","","","","","","","","","","","","","","","","","",8.,9,-2.7,9,"","","","","","","","","","","","","","","","","","","","","","","","","","",47,9,"","","","","","","","","","","","",5.,9,998.,9,995.7,9,"","","","","","","","","","","","","","","","","","","","","","","","","","","","","","","","","","","","","","","","","","","","","","","","","","","","","","","","","","","","","","","","","","","","","","","","","","","","","","","","","","","","","","","","","","","","","","","","","","","","","","","","","","","","","","","",""
"59183001","DUNKERQUE",51.055833,2.3395,11,1892050616,"","","","","","","","","","","","","","","","","","","","","","","","","","","","","","","","","","","","",7.8,9,-6.4,9,"","","","","","","","","","","","","","","","","","","","","","","","","","",36,9,"","","","","","","","","","","","",3.8,9,1001.5,9,999.2,9,"","","","","","","","","","","","","","","","","","","","","","","","","","","","","","","","","","","","","","","","","","","","","","","","","","","","","","","","","","","","","","","","","","","","","","","","","","","","","","","","","","","","","","","","","","","","","","","","","","","","","","","","","","","","","","","",""
"59183001","DUNKERQUE",51.055833,2.3395,11,1892050620,"","","","","","","","","","","","","","","","","","","","","","","","","","","","","","","","","","","","",6.,9,-4.5,9,"","","","","","","","","","","","","","","","","","","","","","","","","","",47,9,"","","","","","","","","","","","",4.4,9,1001.9,9,999.6,9,"","","","","","","","","","","","","","","","","","","","","","","","","","","","","","","","","","","","","","","","","","","","","","","","","","","","","","","","","","","","","","","","","","","","","","","","","","","","","","","","","","","","","","","","","","","","","","","","","","","","","","","","","","","","","","","",""
"59183001","DUNKERQUE",51.055833,2.3395,11,1892050707,"","","","","","","","","","","","","","","","","","","","","","","","","","","","","","","","","","","","",6.4,9,-3.,9,"","","","","","","","","","","","","","","","","","","","","","","","","","",51,9,"","","","","","","","","","","","",4.9,9,1004.6,9,1002.3,9,"","","","","","","","","","","","","","","","","","","","","","","","","","","","","","","","","","","","","","","","","","","","","","","","","","","","","","","","","","","","","","","","","","","","","","","","","","","","","","","","","","","","","","","","","","","","","","","","","","","","","","","","","","","","","","","",""
"59183001","DUNKERQUE",51.055833,2.3395,11,1892050710,"","","","","","","","","","","","","","","","","","","","","","","","","","","","","","","","","","","","",12.,9,-1.,9,"","","","","","","","","","","","","","","","","","","","","","","","","","",41,9,"","","","","","","","","","","","",5.7,9,1004.6,9,1002.3,9,"","","","","","","","","","","","","","","","","","","","","","","","","","","","","","","","","","","","","","","","","","","","","","","","","","","","","","","","","","","","","","","","","","","","","","","","","","","","","","","","","","","","","","","","","","","","","","","","","","","","","","","","","","","","","","","",""
"59183001","DUNKERQUE",51.055833,2.3395,11,1892050712,"","","","","","","","","","","","","","","","","","","","","","","","","","","","","","","","","","","","",10.8,9,4.6,9,"","","","","","","","","","","","","","","","","","","","","","","","","","",66,9,"","","","","","","","","","","","",8.5,9,1005.,9,1002.7,9,"","","","","","","","","","","","","","","","","","","","","","","","","","","","","","","","","","","","","","","","","","","","","","","","","","","","","","","","","","","","","","","","","","","","","","","","","","","","","","","","","","","","","","","","","","","","","","","","","","","","","","","","","","","","","","","",""
"59183001","DUNKERQUE",51.055833,2.3395,11,1892050716,"","","","","","","","","","","","","","","","","","","","","","","","","","","","","","","","","","","","",11.,9,1.5,9,"","","","","","","","","","","","","","","","","","","","","","","","","","",52,9,"","","","","","","","","","","","",6.8,9,1004.8,9,1002.5,9,"","","","","","","","","","","","","","","","","","","","","","","","","","","","","","","","","","","","","","","","","","","","","","","","","","","","","","","","","","","","","","","","","","","","","","","","","","","","","","","","","","","","","","","","","","","","","","","","","","","","","","","","","","","","","","","",""
"59183001","DUNKERQUE",51.055833,2.3395,11,1892050720,"","","","","","","","","","","","","","","","","","","","","","","","","","","","","","","","","","","","",7.,9,-3.,9,"","","","","","","","","","","","","","","","","","","","","","","","","","",49,9,"","","","","","","","","","","","",4.9,9,1004.8,9,1002.5,9,"","","","","","","","","","","","","","","","","","","","","","","","","","","","","","","","","","","","","","","","","","","","","","","","","","","","","","","","","","","","","","","","","","","","","","","","","","","","","","","","","","","","","","","","","","","","","","","","","","","","","","","","","","","","","","","",""
"59183001","DUNKERQUE",51.055833,2.3395,11,1892050807,"","","","","","","","","","","","","","","","","","","","","","","","","","","","","","","","","","","","",8.,9,0.4,9,"","","","","","","","","","","","","","","","","","","","","","","","","","",59,9,"","","","","","","","","","","","",6.3,9,1004.6,9,1002.3,9,"","","","","","","","","","","","","","","","","","","","","","","","","","","","","","","","","","","","","","","","","","","","","","","","","","","","","","","","","","","","","","","","","","","","","","","","","","","","","","","","","","","","","","","","","","","","","","","","","","","","","","","","","","","","","","","",""
"59183001","DUNKERQUE",51.055833,2.3395,11,1892050810,"","","","","","","","","","","","","","","","","","","","","","","","","","","","","","","","","","","","",12.8,9,1.1,9,"","","","","","","","","","","","","","","","","","","","","","","","","","",45,9,"","","","","","","","","","","","",6.6,9,1004.4,9,1002.1,9,"","","","","","","","","","","","","","","","","","","","","","","","","","","","","","","","","","","","","","","","","","","","","","","","","","","","","","","","","","","","","","","","","","","","","","","","","","","","","","","","","","","","","","","","","","","","","","","","","","","","","","","","","","","","","","","",""
"59183001","DUNKERQUE",51.055833,2.3395,11,1892050812,"","","","","","","","","","","","","","","","","","","","","","","","","","","","","","","","","","","","",15.,9,0.,9,"","","","","","","","","","","","","","","","","","","","","","","","","","",36,9,"","","","","","","","","","","","",6.1,9,1004.3,9,1002.,9,"","","","","","","","","","","","","","","","","","","","","","","","","","","","","","","","","","","","","","","","","","","","","","","","","","","","","","","","","","","","","","","","","","","","","","","","","","","","","","","","","","","","","","","","","","","","","","","","","","","","","","","","","","","","","","","",""
"59183001","DUNKERQUE",51.055833,2.3395,11,1892050816,"","","","","","","","","","","","","","","","","","","","","","","","","","","","","","","","","","","","",13.,9,0.6,9,"","","","","","","","","","","","","","","","","","","","","","","","","","",43,9,"","","","","","","","","","","","",6.4,9,1004.1,9,1001.8,9,"","","","","","","","","","","","","","","","","","","","","","","","","","","","","","","","","","","","","","","","","","","","","","","","","","","","","","","","","","","","","","","","","","","","","","","","","","","","","","","","","","","","","","","","","","","","","","","","","","","","","","","","","","","","","","","",""
"59183001","DUNKERQUE",51.055833,2.3395,11,1892050820,"","","","","","","","","","","","","","","","","","","","","","","","","","","","","","","","","","","","",10.,9,1.9,9,"","","","","","","","","","","","","","","","","","","","","","","","","","",57,9,"","","","","","","","","","","","",7.,9,1004.3,9,1002.,9,"","","","","","","","","","","","","","","","","","","","","","","","","","","","","","","","","","","","","","","","","","","","","","","","","","","","","","","","","","","","","","","","","","","","","","","","","","","","","","","","","","","","","","","","","","","","","","","","","","","","","","","","","","","","","","","",""
"59183001","DUNKERQUE",51.055833,2.3395,11,1892050907,"","","","","","","","","","","","","","","","","","","","","","","","","","","","","","","","","","","","",10.4,9,2.5,9,"","","","","","","","","","","","","","","","","","","","","","","","","","",58,9,"","","","","","","","","","","","",7.3,9,1004.7,9,1002.4,9,"","","","","","","","","","","","","","","","","","","","","","","","","","","","","","","","","","","","","","","","","","","","","","","","","","","","","","","","","","","","","","","","","","","","","","","","","","","","","","","","","","","","","","","","","","","","","","","","","","","","","","","","","","","","","","","",""
"59183001","DUNKERQUE",51.055833,2.3395,11,1892050910,"","","","","","","","","","","","","","","","","","","","","","","","","","","","","","","","","","","","",12.6,9,0.,9,"","","","","","","","","","","","","","","","","","","","","","","","","","",42,9,"","","","","","","","","","","","",6.1,9,1004.6,9,1002.3,9,"","","","","","","","","","","","","","","","","","","","","","","","","","","","","","","","","","","","","","","","","","","","","","","","","","","","","","","","","","","","","","","","","","","","","","","","","","","","","","","","","","","","","","","","","","","","","","","","","","","","","","","","","","","","","","","",""
"59183001","DUNKERQUE",51.055833,2.3395,11,1892050912,"","","","","","","","","","","","","","","","","","","","","","","","","","","","","","","","","","","","",13.2,9,1.3,9,"","","","","","","","","","","","","","","","","","","","","","","","","","",44,9,"","","","","","","","","","","","",6.7,9,1004.6,9,1002.3,9,"","","","","","","","","","","","","","","","","","","","","","","","","","","","","","","","","","","","","","","","","","","","","","","","","","","","","","","","","","","","","","","","","","","","","","","","","","","","","","","","","","","","","","","","","","","","","","","","","","","","","","","","","","","","","","","",""
"59183001","DUNKERQUE",51.055833,2.3395,11,1892050916,"","","","","","","","","","","","","","","","","","","","","","","","","","","","","","","","","","","","",12.,9,2.5,9,"","","","","","","","","","","","","","","","","","","","","","","","","","",52,9,"","","","","","","","","","","","",7.3,9,1004.5,9,1002.2,9,"","","","","","","","","","","","","","","","","","","","","","","","","","","","","","","","","","","","","","","","","","","","","","","","","","","","","","","","","","","","","","","","","","","","","","","","","","","","","","","","","","","","","","","","","","","","","","","","","","","","","","","","","","","","","","","",""
"59183001","DUNKERQUE",51.055833,2.3395,11,1892050920,"","","","","","","","","","","","","","","","","","","","","","","","","","","","","","","","","","","","",9.8,9,5.5,9,"","","","","","","","","","","","","","","","","","","","","","","","","","",74,9,"","","","","","","","","","","","",9.,9,1005.3,9,1003.,9,"","","","","","","","","","","","","","","","","","","","","","","","","","","","","","","","","","","","","","","","","","","","","","","","","","","","","","","","","","","","","","","","","","","","","","","","","","","","","","","","","","","","","","","","","","","","","","","","","","","","","","","","","","","","","","","",""
"59183001","DUNKERQUE",51.055833,2.3395,11,1892051007,"","","","","","","","","","","","","","","","","","","","","","","","","","","","","","","","","","","","",9.2,9,4.3,9,"","","","","","","","","","","","","","","","","","","","","","","","","","",71,9,"","","","","","","","","","","","",8.3,9,1004.6,9,1002.3,9,"","","","","","","","","","","","","","","","","","","","","","","","","","","","","","","","","","","","","","","","","","","","","","","","","","","","","","","","","","","","","","","","","","","","","","","","","","","","","","","","","","","","","","","","","","","","","","","","","","","","","","","","","","","","","","","",""
"59183001","DUNKERQUE",51.055833,2.3395,11,1892051010,"","","","","","","","","","","","","","","","","","","","","","","","","","","","","","","","","","","","",8.4,9,2.9,9,"","","","","","","","","","","","","","","","","","","","","","","","","","",68,9,"","","","","","","","","","","","",7.5,9,1004.6,9,1002.3,9,"","","","","","","","","","","","","","","","","","","","","","","","","","","","","","","","","","","","","","","","","","","","","","","","","","","","","","","","","","","","","","","","","","","","","","","","","","","","","","","","","","","","","","","","","","","","","","","","","","","","","","","","","","","","","","","",""
"59183001","DUNKERQUE",51.055833,2.3395,11,1892051012,"","","","","","","","","","","","","","","","","","","","","","","","","","","","","","","","","","","","",8.4,9,2.9,9,"","","","","","","","","","","","","","","","","","","","","","","","","","",68,9,"","","","","","","","","","","","",7.5,9,1004.7,9,1002.4,9,"","","","","","","","","","","","","","","","","","","","","","","","","","","","","","","","","","","","","","","","","","","","","","","","","","","","","","","","","","","","","","","","","","","","","","","","","","","","","","","","","","","","","","","","","","","","","","","","","","","","","","","","","","","","","","","",""
"59183001","DUNKERQUE",51.055833,2.3395,11,1892051016,"","","","","","","","","","","","","","","","","","","","","","","","","","","","","","","","","","","","",11.4,9,2.7,9,"","","","","","","","","","","","","","","","","","","","","","","","","","",55,9,"","","","","","","","","","","","",7.4,9,1004.,9,1001.7,9,"","","","","","","","","","","","","","","","","","","","","","","","","","","","","","","","","","","","","","","","","","","","","","","","","","","","","","","","","","","","","","","","","","","","","","","","","","","","","","","","","","","","","","","","","","","","","","","","","","","","","","","","","","","","","","","",""
"59183001","DUNKERQUE",51.055833,2.3395,11,1892051020,"","","","","","","","","","","","","","","","","","","","","","","","","","","","","","","","","","","","",10.8,9,2.3,9,"","","","","","","","","","","","","","","","","","","","","","","","","","",56,9,"","","","","","","","","","","","",7.2,9,1004.1,9,1001.8,9,"","","","","","","","","","","","","","","","","","","","","","","","","","","","","","","","","","","","","","","","","","","","","","","","","","","","","","","","","","","","","","","","","","","","","","","","","","","","","","","","","","","","","","","","","","","","","","","","","","","","","","","","","","","","","","","",""
"59183001","DUNKERQUE",51.055833,2.3395,11,1892051107,"","","","","","","","","","","","","","","","","","","","","","","","","","","","","","","","","","","","",11.4,9,3.9,9,"","","","","","","","","","","","","","","","","","","","","","","","","","",60,9,"","","","","","","","","","","","",8.1,9,1004.,9,1001.7,9,"","","","","","","","","","","","","","","","","","","","","","","","","","","","","","","","","","","","","","","","","","","","","","","","","","","","","","","","","","","","","","","","","","","","","","","","","","","","","","","","","","","","","","","","","","","","","","","","","","","","","","","","","","","","","","","",""
"59183001","DUNKERQUE",51.055833,2.3395,11,1892051110,"","","","","","","","","","","","","","","","","","","","","","","","","","","","","","","","","","","","",12.8,9,2.3,9,"","","","","","","","","","","","","","","","","","","","","","","","","","",49,9,"","","","","","","","","","","","",7.2,9,1003.9,9,1001.6,9,"","","","","","","","","","","","","","","","","","","","","","","","","","","","","","","","","","","","","","","","","","","","","","","","","","","","","","","","","","","","","","","","","","","","","","","","","","","","","","","","","","","","","","","","","","","","","","","","","","","","","","","","","","","","","","","",""
"59183001","DUNKERQUE",51.055833,2.3395,11,1892051112,"","","","","","","","","","","","","","","","","","","","","","","","","","","","","","","","","","","","",12.2,9,3.2,9,"","","","","","","","","","","","","","","","","","","","","","","","","","",54,9,"","","","","","","","","","","","",7.7,9,1003.9,9,1001.6,9,"","","","","","","","","","","","","","","","","","","","","","","","","","","","","","","","","","","","","","","","","","","","","","","","","","","","","","","","","","","","","","","","","","","","","","","","","","","","","","","","","","","","","","","","","","","","","","","","","","","","","","","","","","","","","","","",""
"59183001","DUNKERQUE",51.055833,2.3395,11,1892051116,"","","","","","","","","","","","","","","","","","","","","","","","","","","","","","","","","","","","",12.4,9,7.1,9,"","","","","","","","","","","","","","","","","","","","","","","","","","",70,9,"","","","","","","","","","","","",10.1,9,1003.8,9,1001.5,9,"","","","","","","","","","","","","","","","","","","","","","","","","","","","","","","","","","","","","","","","","","","","","","","","","","","","","","","","","","","","","","","","","","","","","","","","","","","","","","","","","","","","","","","","","","","","","","","","","","","","","","","","","","","","","","","",""
"59183001","DUNKERQUE",51.055833,2.3395,11,1892051120,"","","","","","","","","","","","","","","","","","","","","","","","","","","","","","","","","","","","",11.,9,6.4,9,"","","","","","","","","","","","","","","","","","","","","","","","","","",73,9,"","","","","","","","","","","","",9.6,9,1003.9,9,1001.6,9,"","","","","","","","","","","","","","","","","","","","","","","","","","","","","","","","","","","","","","","","","","","","","","","","","","","","","","","","","","","","","","","","","","","","","","","","","","","","","","","","","","","","","","","","","","","","","","","","","","","","","","","","","","","","","","","",""
"59183001","DUNKERQUE",51.055833,2.3395,11,1892051207,"","","","","","","","","","","","","","","","","","","","","","","","","","","","","","","","","","","","",10.6,9,5.,9,"","","","","","","","","","","","","","","","","","","","","","","","","","",68,9,"","","","","","","","","","","","",8.7,9,1005.6,9,1003.3,9,"","","","","","","","","","","","","","","","","","","","","","","","","","","","","","","","","","","","","","","","","","","","","","","","","","","","","","","","","","","","","","","","","","","","","","","","","","","","","","","","","","","","","","","","","","","","","","","","","","","","","","","","","","","","","","","",""
"59183001","DUNKERQUE",51.055833,2.3395,11,1892051210,"","","","","","","","","","","","","","","","","","","","","","","","","","","","","","","","","","","","",11.,9,1.5,9,"","","","","","","","","","","","","","","","","","","","","","","","","","",52,9,"","","","","","","","","","","","",6.8,9,1006.7,9,1004.4,9,"","","","","","","","","","","","","","","","","","","","","","","","","","","","","","","","","","","","","","","","","","","","","","","","","","","","","","","","","","","","","","","","","","","","","","","","","","","","","","","","","","","","","","","","","","","","","","","","","","","","","","","","","","","","","","","",""
"59183001","DUNKERQUE",51.055833,2.3395,11,1892051212,"","","","","","","","","","","","","","","","","","","","","","","","","","","","","","","","","","","","",11.2,9,1.1,9,"","","","","","","","","","","","","","","","","","","","","","","","","","",50,9,"","","","","","","","","","","","",6.6,9,1007.,9,1004.7,9,"","","","","","","","","","","","","","","","","","","","","","","","","","","","","","","","","","","","","","","","","","","","","","","","","","","","","","","","","","","","","","","","","","","","","","","","","","","","","","","","","","","","","","","","","","","","","","","","","","","","","","","","","","","","","","","",""
"59183001","DUNKERQUE",51.055833,2.3395,11,1892051216,"","","","","","","","","","","","","","","","","","","","","","","","","","","","","","","","","","","","",12.,9,1.9,9,"","","","","","","","","","","","","","","","","","","","","","","","","","",50,9,"","","","","","","","","","","","",7.,9,1006.9,9,1004.6,9,"","","","","","","","","","","","","","","","","","","","","","","","","","","","","","","","","","","","","","","","","","","","","","","","","","","","","","","","","","","","","","","","","","","","","","","","","","","","","","","","","","","","","","","","","","","","","","","","","","","","","","","","","","","","","","","",""
"59183001","DUNKERQUE",51.055833,2.3395,11,1892051220,"","","","","","","","","","","","","","","","","","","","","","","","","","","","","","","","","","","","",11.,9,2.1,9,"","","","","","","","","","","","","","","","","","","","","","","","","","",54,9,"","","","","","","","","","","","",7.1,9,1006.8,9,1004.5,9,"","","","","","","","","","","","","","","","","","","","","","","","","","","","","","","","","","","","","","","","","","","","","","","","","","","","","","","","","","","","","","","","","","","","","","","","","","","","","","","","","","","","","","","","","","","","","","","","","","","","","","","","","","","","","","","",""
"59183001","DUNKERQUE",51.055833,2.3395,11,1892051307,"","","","","","","","","","","","","","","","","","","","","","","","","","","","","","","","","","","","",9.,9,3.,9,"","","","","","","","","","","","","","","","","","","","","","","","","","",66,9,"","","","","","","","","","","","",7.6,9,1007.1,9,1004.8,9,"","","","","","","","","","","","","","","","","","","","","","","","","","","","","","","","","","","","","","","","","","","","","","","","","","","","","","","","","","","","","","","","","","","","","","","","","","","","","","","","","","","","","","","","","","","","","","","","","","","","","","","","","","","","","","","",""
"59183001","DUNKERQUE",51.055833,2.3395,11,1892051310,"","","","","","","","","","","","","","","","","","","","","","","","","","","","","","","","","","","","",13.6,9,0.2,9,"","","","","","","","","","","","","","","","","","","","","","","","","","",40,9,"","","","","","","","","","","","",6.2,9,1007.3,9,1005.,9,"","","","","","","","","","","","","","","","","","","","","","","","","","","","","","","","","","","","","","","","","","","","","","","","","","","","","","","","","","","","","","","","","","","","","","","","","","","","","","","","","","","","","","","","","","","","","","","","","","","","","","","","","","","","","","","",""
"59183001","DUNKERQUE",51.055833,2.3395,11,1892051312,"","","","","","","","","","","","","","","","","","","","","","","","","","","","","","","","","","","","",14.8,9,1.7,9,"","","","","","","","","","","","","","","","","","","","","","","","","","",41,9,"","","","","","","","","","","","",6.9,9,1007.2,9,1004.9,9,"","","","","","","","","","","","","","","","","","","","","","","","","","","","","","","","","","","","","","","","","","","","","","","","","","","","","","","","","","","","","","","","","","","","","","","","","","","","","","","","","","","","","","","","","","","","","","","","","","","","","","","","","","","","","","","",""
"59183001","DUNKERQUE",51.055833,2.3395,11,1892051316,"","","","","","","","","","","","","","","","","","","","","","","","","","","","","","","","","","","","",13.4,9,6.2,9,"","","","","","","","","","","","","","","","","","","","","","","","","","",62,9,"","","","","","","","","","","","",9.5,9,1006.2,9,1003.9,9,"","","","","","","","","","","","","","","","","","","","","","","","","","","","","","","","","","","","","","","","","","","","","","","","","","","","","","","","","","","","","","","","","","","","","","","","","","","","","","","","","","","","","","","","","","","","","","","","","","","","","","","","","","","","","","","",""
"59183001","DUNKERQUE",51.055833,2.3395,11,1892051320,"","","","","","","","","","","","","","","","","","","","","","","","","","","","","","","","","","","","",10.4,9,5.6,9,"","","","","","","","","","","","","","","","","","","","","","","","","","",72,9,"","","","","","","","","","","","",9.1,9,1005.4,9,1003.1,9,"","","","","","","","","","","","","","","","","","","","","","","","","","","","","","","","","","","","","","","","","","","","","","","","","","","","","","","","","","","","","","","","","","","","","","","","","","","","","","","","","","","","","","","","","","","","","","","","","","","","","","","","","","","","","","","",""
"59183001","DUNKERQUE",51.055833,2.3395,11,1892051407,"","","","","","","","","","","","","","","","","","","","","","","","","","","","","","","","","","","","",11.6,9,3.6,9,"","","","","","","","","","","","","","","","","","","","","","","","","","",58,9,"","","","","","","","","","","","",7.9,9,1002.3,9,1000.,9,"","","","","","","","","","","","","","","","","","","","","","","","","","","","","","","","","","","","","","","","","","","","","","","","","","","","","","","","","","","","","","","","","","","","","","","","","","","","","","","","","","","","","","","","","","","","","","","","","","","","","","","","","","","","","","","",""
"59183001","DUNKERQUE",51.055833,2.3395,11,1892051410,"","","","","","","","","","","","","","","","","","","","","","","","","","","","","","","","","","","","",15.,9,3.2,9,"","","","","","","","","","","","","","","","","","","","","","","","","","",45,9,"","","","","","","","","","","","",7.7,9,1002.2,9,1000.,9,"","","","","","","","","","","","","","","","","","","","","","","","","","","","","","","","","","","","","","","","","","","","","","","","","","","","","","","","","","","","","","","","","","","","","","","","","","","","","","","","","","","","","","","","","","","","","","","","","","","","","","","","","","","","","","","",""
"59183001","DUNKERQUE",51.055833,2.3395,11,1892051412,"","","","","","","","","","","","","","","","","","","","","","","","","","","","","","","","","","","","",16.6,9,1.9,9,"","","","","","","","","","","","","","","","","","","","","","","","","","",37,9,"","","","","","","","","","","","",7.,9,1002.1,9,999.9,9,"","","","","","","","","","","","","","","","","","","","","","","","","","","","","","","","","","","","","","","","","","","","","","","","","","","","","","","","","","","","","","","","","","","","","","","","","","","","","","","","","","","","","","","","","","","","","","","","","","","","","","","","","","","","","","","",""
"59183001","DUNKERQUE",51.055833,2.3395,11,1892051416,"","","","","","","","","","","","","","","","","","","","","","","","","","","","","","","","","","","","",14.,9,-0.5,9,"","","","","","","","","","","","","","","","","","","","","","","","","","",37,9,"","","","","","","","","","","","",5.9,9,1001.1,9,998.8,9,"","","","","","","","","","","","","","","","","","","","","","","","","","","","","","","","","","","","","","","","","","","","","","","","","","","","","","","","","","","","","","","","","","","","","","","","","","","","","","","","","","","","","","","","","","","","","","","","","","","","","","","","","","","","","","","",""
"59183001","DUNKERQUE",51.055833,2.3395,11,1892051420,"","","","","","","","","","","","","","","","","","","","","","","","","","","","","","","","","","","","",11.6,9,3.6,9,"","","","","","","","","","","","","","","","","","","","","","","","","","",58,9,"","","","","","","","","","","","",7.9,9,1001.1,9,998.8,9,"","","","","","","","","","","","","","","","","","","","","","","","","","","","","","","","","","","","","","","","","","","","","","","","","","","","","","","","","","","","","","","","","","","","","","","","","","","","","","","","","","","","","","","","","","","","","","","","","","","","","","","","","","","","","","","",""
"59183001","DUNKERQUE",51.055833,2.3395,11,1892051507,"","","","","","","","","","","","","","","","","","","","","","","","","","","","","","","","","","","","",11.6,9,3.,9,"","","","","","","","","","","","","","","","","","","","","","","","","","",56,9,"","","","","","","","","","","","",7.6,9,1001.3,9,999.,9,"","","","","","","","","","","","","","","","","","","","","","","","","","","","","","","","","","","","","","","","","","","","","","","","","","","","","","","","","","","","","","","","","","","","","","","","","","","","","","","","","","","","","","","","","","","","","","","","","","","","","","","","","","","","","","","",""
"59183001","DUNKERQUE",51.055833,2.3395,11,1892051510,"","","","","","","","","","","","","","","","","","","","","","","","","","","","","","","","","","","","",14.8,9,1.7,9,"","","","","","","","","","","","","","","","","","","","","","","","","","",41,9,"","","","","","","","","","","","",6.9,9,1001.,9,998.8,9,"","","","","","","","","","","","","","","","","","","","","","","","","","","","","","","","","","","","","","","","","","","","","","","","","","","","","","","","","","","","","","","","","","","","","","","","","","","","","","","","","","","","","","","","","","","","","","","","","","","","","","","","","","","","","","","",""
"59183001","DUNKERQUE",51.055833,2.3395,11,1892051512,"","","","","","","","","","","","","","","","","","","","","","","","","","","","","","","","","","","","",15.4,9,0.9,9,"","","","","","","","","","","","","","","","","","","","","","","","","","",37,9,"","","","","","","","","","","","",6.5,9,1000.4,9,998.2,9,"","","","","","","","","","","","","","","","","","","","","","","","","","","","","","","","","","","","","","","","","","","","","","","","","","","","","","","","","","","","","","","","","","","","","","","","","","","","","","","","","","","","","","","","","","","","","","","","","","","","","","","","","","","","","","","",""
"59183001","DUNKERQUE",51.055833,2.3395,11,1892051516,"","","","","","","","","","","","","","","","","","","","","","","","","","","","","","","","","","","","",12.6,9,6.4,9,"","","","","","","","","","","","","","","","","","","","","","","","","","",66,9,"","","","","","","","","","","","",9.6,9,999.8,9,997.5,9,"","","","","","","","","","","","","","","","","","","","","","","","","","","","","","","","","","","","","","","","","","","","","","","","","","","","","","","","","","","","","","","","","","","","","","","","","","","","","","","","","","","","","","","","","","","","","","","","","","","","","","","","","","","","","","","",""
"59183001","DUNKERQUE",51.055833,2.3395,11,1892051520,"","","","","","","","","","","","","","","","","","","","","","","","","","","","","","","","","","","","",10.8,9,6.1,9,"","","","","","","","","","","","","","","","","","","","","","","","","","",73,9,"","","","","","","","","","","","",9.4,9,998.,9,995.7,9,"","","","","","","","","","","","","","","","","","","","","","","","","","","","","","","","","","","","","","","","","","","","","","","","","","","","","","","","","","","","","","","","","","","","","","","","","","","","","","","","","","","","","","","","","","","","","","","","","","","","","","","","","","","","","","","",""
"59183001","DUNKERQUE",51.055833,2.3395,11,1892051607,"","","","","","","","","","","","","","","","","","","","","","","","","","","","","","","","","","","","",10.4,9,4.8,9,"","","","","","","","","","","","","","","","","","","","","","","","","","",68,9,"","","","","","","","","","","","",8.6,9,994.6,9,992.3,9,"","","","","","","","","","","","","","","","","","","","","","","","","","","","","","","","","","","","","","","","","","","","","","","","","","","","","","","","","","","","","","","","","","","","","","","","","","","","","","","","","","","","","","","","","","","","","","","","","","","","","","","","","","","","","","","",""
"59183001","DUNKERQUE",51.055833,2.3395,11,1892051610,"","","","","","","","","","","","","","","","","","","","","","","","","","","","","","","","","","","","",13.,9,0.6,9,"","","","","","","","","","","","","","","","","","","","","","","","","","",43,9,"","","","","","","","","","","","",6.4,9,994.5,9,992.3,9,"","","","","","","","","","","","","","","","","","","","","","","","","","","","","","","","","","","","","","","","","","","","","","","","","","","","","","","","","","","","","","","","","","","","","","","","","","","","","","","","","","","","","","","","","","","","","","","","","","","","","","","","","","","","","","","",""
"59183001","DUNKERQUE",51.055833,2.3395,11,1892051612,"","","","","","","","","","","","","","","","","","","","","","","","","","","","","","","","","","","","",13.,9,-2.5,9,"","","","","","","","","","","","","","","","","","","","","","","","","","",34,9,"","","","","","","","","","","","",5.1,9,993.7,9,991.5,9,"","","","","","","","","","","","","","","","","","","","","","","","","","","","","","","","","","","","","","","","","","","","","","","","","","","","","","","","","","","","","","","","","","","","","","","","","","","","","","","","","","","","","","","","","","","","","","","","","","","","","","","","","","","","","","","",""
"59183001","DUNKERQUE",51.055833,2.3395,11,1892051616,"","","","","","","","","","","","","","","","","","","","","","","","","","","","","","","","","","","","",14.,9,-4.2,9,"","","","","","","","","","","","","","","","","","","","","","","","","","",28,9,"","","","","","","","","","","","",4.5,9,992.8,9,990.6,9,"","","","","","","","","","","","","","","","","","","","","","","","","","","","","","","","","","","","","","","","","","","","","","","","","","","","","","","","","","","","","","","","","","","","","","","","","","","","","","","","","","","","","","","","","","","","","","","","","","","","","","","","","","","","","","","",""
"59183001","DUNKERQUE",51.055833,2.3395,11,1892051620,"","","","","","","","","","","","","","","","","","","","","","","","","","","","","","","","","","","","",10.,9,0.4,9,"","","","","","","","","","","","","","","","","","","","","","","","","","",51,9,"","","","","","","","","","","","",6.3,9,991.9,9,989.6,9,"","","","","","","","","","","","","","","","","","","","","","","","","","","","","","","","","","","","","","","","","","","","","","","","","","","","","","","","","","","","","","","","","","","","","","","","","","","","","","","","","","","","","","","","","","","","","","","","","","","","","","","","","","","","","","","",""
"59183001","DUNKERQUE",51.055833,2.3395,11,1892051707,"","","","","","","","","","","","","","","","","","","","","","","","","","","","","","","","","","","","",10.,9,2.7,9,"","","","","","","","","","","","","","","","","","","","","","","","","","",60,9,"","","","","","","","","","","","",7.4,9,990.8,9,988.5,9,"","","","","","","","","","","","","","","","","","","","","","","","","","","","","","","","","","","","","","","","","","","","","","","","","","","","","","","","","","","","","","","","","","","","","","","","","","","","","","","","","","","","","","","","","","","","","","","","","","","","","","","","","","","","","","","",""
"59183001","DUNKERQUE",51.055833,2.3395,11,1892051710,"","","","","","","","","","","","","","","","","","","","","","","","","","","","","","","","","","","","",15.6,9,8.1,9,"","","","","","","","","","","","","","","","","","","","","","","","","","",61,9,"","","","","","","","","","","","",10.8,9,994.3,9,992.1,9,"","","","","","","","","","","","","","","","","","","","","","","","","","","","","","","","","","","","","","","","","","","","","","","","","","","","","","","","","","","","","","","","","","","","","","","","","","","","","","","","","","","","","","","","","","","","","","","","","","","","","","","","","","","","","","","",""
"59183001","DUNKERQUE",51.055833,2.3395,11,1892051712,"","","","","","","","","","","","","","","","","","","","","","","","","","","","","","","","","","","","",14.2,9,6.2,9,"","","","","","","","","","","","","","","","","","","","","","","","","","",59,9,"","","","","","","","","","","","",9.5,9,995.1,9,992.9,9,"","","","","","","","","","","","","","","","","","","","","","","","","","","","","","","","","","","","","","","","","","","","","","","","","","","","","","","","","","","","","","","","","","","","","","","","","","","","","","","","","","","","","","","","","","","","","","","","","","","","","","","","","","","","","","","",""
"59183001","DUNKERQUE",51.055833,2.3395,11,1892051716,"","","","","","","","","","","","","","","","","","","","","","","","","","","","","","","","","","","","",15.2,9,8.7,9,"","","","","","","","","","","","","","","","","","","","","","","","","","",65,9,"","","","","","","","","","","","",11.2,9,996.7,9,994.5,9,"","","","","","","","","","","","","","","","","","","","","","","","","","","","","","","","","","","","","","","","","","","","","","","","","","","","","","","","","","","","","","","","","","","","","","","","","","","","","","","","","","","","","","","","","","","","","","","","","","","","","","","","","","","","","","","",""
"59183001","DUNKERQUE",51.055833,2.3395,11,1892051720,"","","","","","","","","","","","","","","","","","","","","","","","","","","","","","","","","","","","",9.,9,4.6,9,"","","","","","","","","","","","","","","","","","","","","","","","","","",74,9,"","","","","","","","","","","","",8.5,9,999.1,9,996.8,9,"","","","","","","","","","","","","","","","","","","","","","","","","","","","","","","","","","","","","","","","","","","","","","","","","","","","","","","","","","","","","","","","","","","","","","","","","","","","","","","","","","","","","","","","","","","","","","","","","","","","","","","","","","","","","","","",""
"59183001","DUNKERQUE",51.055833,2.3395,11,1892051807,"","","","","","","","","","","","","","","","","","","","","","","","","","","","","","","","","","","","",10.,9,2.7,9,"","","","","","","","","","","","","","","","","","","","","","","","","","",60,9,"","","","","","","","","","","","",7.4,9,1001.4,9,999.1,9,"","","","","","","","","","","","","","","","","","","","","","","","","","","","","","","","","","","","","","","","","","","","","","","","","","","","","","","","","","","","","","","","","","","","","","","","","","","","","","","","","","","","","","","","","","","","","","","","","","","","","","","","","","","","","","","",""
"59183001","DUNKERQUE",51.055833,2.3395,11,1892051810,"","","","","","","","","","","","","","","","","","","","","","","","","","","","","","","","","","","","",17.,9,0.2,9,"","","","","","","","","","","","","","","","","","","","","","","","","","",32,9,"","","","","","","","","","","","",6.2,9,1001.2,9,999.,9,"","","","","","","","","","","","","","","","","","","","","","","","","","","","","","","","","","","","","","","","","","","","","","","","","","","","","","","","","","","","","","","","","","","","","","","","","","","","","","","","","","","","","","","","","","","","","","","","","","","","","","","","","","","","","","","",""
"59183001","DUNKERQUE",51.055833,2.3395,11,1892051812,"","","","","","","","","","","","","","","","","","","","","","","","","","","","","","","","","","","","",14.,9,1.7,9,"","","","","","","","","","","","","","","","","","","","","","","","","","",43,9,"","","","","","","","","","","","",6.9,9,1001.1,9,998.8,9,"","","","","","","","","","","","","","","","","","","","","","","","","","","","","","","","","","","","","","","","","","","","","","","","","","","","","","","","","","","","","","","","","","","","","","","","","","","","","","","","","","","","","","","","","","","","","","","","","","","","","","","","","","","","","","","",""
"59183001","DUNKERQUE",51.055833,2.3395,11,1892051816,"","","","","","","","","","","","","","","","","","","","","","","","","","","","","","","","","","","","",10.6,9,4.5,9,"","","","","","","","","","","","","","","","","","","","","","","","","","",66,9,"","","","","","","","","","","","",8.4,9,1001.,9,998.7,9,"","","","","","","","","","","","","","","","","","","","","","","","","","","","","","","","","","","","","","","","","","","","","","","","","","","","","","","","","","","","","","","","","","","","","","","","","","","","","","","","","","","","","","","","","","","","","","","","","","","","","","","","","","","","","","","",""
"59183001","DUNKERQUE",51.055833,2.3395,11,1892051820,"","","","","","","","","","","","","","","","","","","","","","","","","","","","","","","","","","","","",10.4,9,4.8,9,"","","","","","","","","","","","","","","","","","","","","","","","","","",68,9,"","","","","","","","","","","","",8.6,9,1001.1,9,998.8,9,"","","","","","","","","","","","","","","","","","","","","","","","","","","","","","","","","","","","","","","","","","","","","","","","","","","","","","","","","","","","","","","","","","","","","","","","","","","","","","","","","","","","","","","","","","","","","","","","","","","","","","","","","","","","","","","",""
"59183001","DUNKERQUE",51.055833,2.3395,11,1892051907,"","","","","","","","","","","","","","","","","","","","","","","","","","","","","","","","","","","","",11.,9,3.2,9,"","","","","","","","","","","","","","","","","","","","","","","","","","",59,9,"","","","","","","","","","","","",7.7,9,1001.3,9,999.,9,"","","","","","","","","","","","","","","","","","","","","","","","","","","","","","","","","","","","","","","","","","","","","","","","","","","","","","","","","","","","","","","","","","","","","","","","","","","","","","","","","","","","","","","","","","","","","","","","","","","","","","","","","","","","","","","",""
"59183001","DUNKERQUE",51.055833,2.3395,11,1892051910,"","","","","","","","","","","","","","","","","","","","","","","","","","","","","","","","","","","","",15.8,9,0.,9,"","","","","","","","","","","","","","","","","","","","","","","","","","",34,9,"","","","","","","","","","","","",6.1,9,1001.,9,998.8,9,"","","","","","","","","","","","","","","","","","","","","","","","","","","","","","","","","","","","","","","","","","","","","","","","","","","","","","","","","","","","","","","","","","","","","","","","","","","","","","","","","","","","","","","","","","","","","","","","","","","","","","","","","","","","","","","",""
"59183001","DUNKERQUE",51.055833,2.3395,11,1892051912,"","","","","","","","","","","","","","","","","","","","","","","","","","","","","","","","","","","","",16.2,9,0.6,9,"","","","","","","","","","","","","","","","","","","","","","","","","","",35,9,"","","","","","","","","","","","",6.4,9,1000.9,9,998.7,9,"","","","","","","","","","","","","","","","","","","","","","","","","","","","","","","","","","","","","","","","","","","","","","","","","","","","","","","","","","","","","","","","","","","","","","","","","","","","","","","","","","","","","","","","","","","","","","","","","","","","","","","","","","","","","","","",""
"59183001","DUNKERQUE",51.055833,2.3395,11,1892051916,"","","","","","","","","","","","","","","","","","","","","","","","","","","","","","","","","","","","",11.,9,6.4,9,"","","","","","","","","","","","","","","","","","","","","","","","","","",73,9,"","","","","","","","","","","","",9.6,9,1001.1,9,998.8,9,"","","","","","","","","","","","","","","","","","","","","","","","","","","","","","","","","","","","","","","","","","","","","","","","","","","","","","","","","","","","","","","","","","","","","","","","","","","","","","","","","","","","","","","","","","","","","","","","","","","","","","","","","","","","","","","",""
"59183001","DUNKERQUE",51.055833,2.3395,11,1892051920,"","","","","","","","","","","","","","","","","","","","","","","","","","","","","","","","","","","","",11.,9,4.5,9,"","","","","","","","","","","","","","","","","","","","","","","","","","",64,9,"","","","","","","","","","","","",8.4,9,1001.1,9,998.8,9,"","","","","","","","","","","","","","","","","","","","","","","","","","","","","","","","","","","","","","","","","","","","","","","","","","","","","","","","","","","","","","","","","","","","","","","","","","","","","","","","","","","","","","","","","","","","","","","","","","","","","","","","","","","","","","","",""
"59183001","DUNKERQUE",51.055833,2.3395,11,1892052007,"","","","","","","","","","","","","","","","","","","","","","","","","","","","","","","","","","","","",10.8,9,3.9,9,"","","","","","","","","","","","","","","","","","","","","","","","","","",63,9,"","","","","","","","","","","","",8.1,9,999.4,9,997.1,9,"","","","","","","","","","","","","","","","","","","","","","","","","","","","","","","","","","","","","","","","","","","","","","","","","","","","","","","","","","","","","","","","","","","","","","","","","","","","","","","","","","","","","","","","","","","","","","","","","","","","","","","","","","","","","","","",""
"59183001","DUNKERQUE",51.055833,2.3395,11,1892052010,"","","","","","","","","","","","","","","","","","","","","","","","","","","","","","","","","","","","",11.6,9,3.6,9,"","","","","","","","","","","","","","","","","","","","","","","","","","",58,9,"","","","","","","","","","","","",7.9,9,997.3,9,995.,9,"","","","","","","","","","","","","","","","","","","","","","","","","","","","","","","","","","","","","","","","","","","","","","","","","","","","","","","","","","","","","","","","","","","","","","","","","","","","","","","","","","","","","","","","","","","","","","","","","","","","","","","","","","","","","","","",""
"59183001","DUNKERQUE",51.055833,2.3395,11,1892052012,"","","","","","","","","","","","","","","","","","","","","","","","","","","","","","","","","","","","",14.8,9,3.6,9,"","","","","","","","","","","","","","","","","","","","","","","","","","",47,9,"","","","","","","","","","","","",7.9,9,996.,9,993.8,9,"","","","","","","","","","","","","","","","","","","","","","","","","","","","","","","","","","","","","","","","","","","","","","","","","","","","","","","","","","","","","","","","","","","","","","","","","","","","","","","","","","","","","","","","","","","","","","","","","","","","","","","","","","","","","","","",""
"59183001","DUNKERQUE",51.055833,2.3395,11,1892052016,"","","","","","","","","","","","","","","","","","","","","","","","","","","","","","","","","","","","",15.,9,0.9,9,"","","","","","","","","","","","","","","","","","","","","","","","","","",38,9,"","","","","","","","","","","","",6.5,9,995.,9,992.8,9,"","","","","","","","","","","","","","","","","","","","","","","","","","","","","","","","","","","","","","","","","","","","","","","","","","","","","","","","","","","","","","","","","","","","","","","","","","","","","","","","","","","","","","","","","","","","","","","","","","","","","","","","","","","","","","","",""
"59183001","DUNKERQUE",51.055833,2.3395,11,1892052020,"","","","","","","","","","","","","","","","","","","","","","","","","","","","","","","","","","","","",11.8,9,2.9,9,"","","","","","","","","","","","","","","","","","","","","","","","","","",54,9,"","","","","","","","","","","","",7.5,9,995.1,9,992.8,9,"","","","","","","","","","","","","","","","","","","","","","","","","","","","","","","","","","","","","","","","","","","","","","","","","","","","","","","","","","","","","","","","","","","","","","","","","","","","","","","","","","","","","","","","","","","","","","","","","","","","","","","","","","","","","","","",""
"59183001","DUNKERQUE",51.055833,2.3395,11,1892052107,"","","","","","","","","","","","","","","","","","","","","","","","","","","","","","","","","","","","",8.6,9,3.9,9,"","","","","","","","","","","","","","","","","","","","","","","","","","",73,9,"","","","","","","","","","","","",8.1,9,998.7,9,996.4,9,"","","","","","","","","","","","","","","","","","","","","","","","","","","","","","","","","","","","","","","","","","","","","","","","","","","","","","","","","","","","","","","","","","","","","","","","","","","","","","","","","","","","","","","","","","","","","","","","","","","","","","","","","","","","","","","",""
"59183001","DUNKERQUE",51.055833,2.3395,11,1892052110,"","","","","","","","","","","","","","","","","","","","","","","","","","","","","","","","","","","","",11.2,9,5.8,9,"","","","","","","","","","","","","","","","","","","","","","","","","","",69,9,"","","","","","","","","","","","",9.2,9,1000.,9,997.7,9,"","","","","","","","","","","","","","","","","","","","","","","","","","","","","","","","","","","","","","","","","","","","","","","","","","","","","","","","","","","","","","","","","","","","","","","","","","","","","","","","","","","","","","","","","","","","","","","","","","","","","","","","","","","","","","","",""
"59183001","DUNKERQUE",51.055833,2.3395,11,1892052112,"","","","","","","","","","","","","","","","","","","","","","","","","","","","","","","","","","","","",14.,9,6.5,9,"","","","","","","","","","","","","","","","","","","","","","","","","","",61,9,"","","","","","","","","","","","",9.7,9,1000.4,9,998.2,9,"","","","","","","","","","","","","","","","","","","","","","","","","","","","","","","","","","","","","","","","","","","","","","","","","","","","","","","","","","","","","","","","","","","","","","","","","","","","","","","","","","","","","","","","","","","","","","","","","","","","","","","","","","","","","","","",""
"59183001","DUNKERQUE",51.055833,2.3395,11,1892052116,"","","","","","","","","","","","","","","","","","","","","","","","","","","","","","","","","","","","",16.2,9,-3.9,9,"","","","","","","","","","","","","","","","","","","","","","","","","","",25,9,"","","","","","","","","","","","",4.6,9,1000.1,9,997.9,9,"","","","","","","","","","","","","","","","","","","","","","","","","","","","","","","","","","","","","","","","","","","","","","","","","","","","","","","","","","","","","","","","","","","","","","","","","","","","","","","","","","","","","","","","","","","","","","","","","","","","","","","","","","","","","","","",""
"59183001","DUNKERQUE",51.055833,2.3395,11,1892052120,"","","","","","","","","","","","","","","","","","","","","","","","","","","","","","","","","","","","",9.6,9,-0.3,9,"","","","","","","","","","","","","","","","","","","","","","","","","","",50,9,"","","","","","","","","","","","",6.,9,1000.3,9,998.,9,"","","","","","","","","","","","","","","","","","","","","","","","","","","","","","","","","","","","","","","","","","","","","","","","","","","","","","","","","","","","","","","","","","","","","","","","","","","","","","","","","","","","","","","","","","","","","","","","","","","","","","","","","","","","","","","",""
"59183001","DUNKERQUE",51.055833,2.3395,11,1892052207,"","","","","","","","","","","","","","","","","","","","","","","","","","","","","","","","","","","","",11.2,9,2.5,9,"","","","","","","","","","","","","","","","","","","","","","","","","","",55,9,"","","","","","","","","","","","",7.3,9,1000.,9,997.7,9,"","","","","","","","","","","","","","","","","","","","","","","","","","","","","","","","","","","","","","","","","","","","","","","","","","","","","","","","","","","","","","","","","","","","","","","","","","","","","","","","","","","","","","","","","","","","","","","","","","","","","","","","","","","","","","","",""
"59183001","DUNKERQUE",51.055833,2.3395,11,1892052210,"","","","","","","","","","","","","","","","","","","","","","","","","","","","","","","","","","","","",16.,9,-0.3,9,"","","","","","","","","","","","","","","","","","","","","","","","","","",33,9,"","","","","","","","","","","","",6.,9,999.8,9,997.6,9,"","","","","","","","","","","","","","","","","","","","","","","","","","","","","","","","","","","","","","","","","","","","","","","","","","","","","","","","","","","","","","","","","","","","","","","","","","","","","","","","","","","","","","","","","","","","","","","","","","","","","","","","","","","","","","","",""
"59183001","DUNKERQUE",51.055833,2.3395,11,1892052212,"","","","","","","","","","","","","","","","","","","","","","","","","","","","","","","","","","","","",15.,9,-1.7,9,"","","","","","","","","","","","","","","","","","","","","","","","","","",32,9,"","","","","","","","","","","","",5.4,9,999.5,9,997.3,9,"","","","","","","","","","","","","","","","","","","","","","","","","","","","","","","","","","","","","","","","","","","","","","","","","","","","","","","","","","","","","","","","","","","","","","","","","","","","","","","","","","","","","","","","","","","","","","","","","","","","","","","","","","","","","","","",""
"59183001","DUNKERQUE",51.055833,2.3395,11,1892052216,"","","","","","","","","","","","","","","","","","","","","","","","","","","","","","","","","","","","",12.8,9,1.1,9,"","","","","","","","","","","","","","","","","","","","","","","","","","",45,9,"","","","","","","","","","","","",6.6,9,999.8,9,997.5,9,"","","","","","","","","","","","","","","","","","","","","","","","","","","","","","","","","","","","","","","","","","","","","","","","","","","","","","","","","","","","","","","","","","","","","","","","","","","","","","","","","","","","","","","","","","","","","","","","","","","","","","","","","","","","","","","",""
"59183001","DUNKERQUE",51.055833,2.3395,11,1892052220,"","","","","","","","","","","","","","","","","","","","","","","","","","","","","","","","","","","","",11.8,9,3.2,9,"","","","","","","","","","","","","","","","","","","","","","","","","","",56,9,"","","","","","","","","","","","",7.7,9,999.8,9,997.5,9,"","","","","","","","","","","","","","","","","","","","","","","","","","","","","","","","","","","","","","","","","","","","","","","","","","","","","","","","","","","","","","","","","","","","","","","","","","","","","","","","","","","","","","","","","","","","","","","","","","","","","","","","","","","","","","","",""
"59183001","DUNKERQUE",51.055833,2.3395,11,1892052307,"","","","","","","","","","","","","","","","","","","","","","","","","","","","","","","","","","","","",12.8,9,1.7,9,"","","","","","","","","","","","","","","","","","","","","","","","","","",47,9,"","","","","","","","","","","","",6.9,9,999.5,9,997.2,9,"","","","","","","","","","","","","","","","","","","","","","","","","","","","","","","","","","","","","","","","","","","","","","","","","","","","","","","","","","","","","","","","","","","","","","","","","","","","","","","","","","","","","","","","","","","","","","","","","","","","","","","","","","","","","","","",""
"59183001","DUNKERQUE",51.055833,2.3395,11,1892052310,"","","","","","","","","","","","","","","","","","","","","","","","","","","","","","","","","","","","",15.2,9,2.3,9,"","","","","","","","","","","","","","","","","","","","","","","","","","",42,9,"","","","","","","","","","","","",7.2,9,999.3,9,997.1,9,"","","","","","","","","","","","","","","","","","","","","","","","","","","","","","","","","","","","","","","","","","","","","","","","","","","","","","","","","","","","","","","","","","","","","","","","","","","","","","","","","","","","","","","","","","","","","","","","","","","","","","","","","","","","","","","",""
"59183001","DUNKERQUE",51.055833,2.3395,11,1892052312,"","","","","","","","","","","","","","","","","","","","","","","","","","","","","","","","","","","","",19.2,9,9.,9,"","","","","","","","","","","","","","","","","","","","","","","","","","",52,9,"","","","","","","","","","","","",11.5,9,999.1,9,996.9,9,"","","","","","","","","","","","","","","","","","","","","","","","","","","","","","","","","","","","","","","","","","","","","","","","","","","","","","","","","","","","","","","","","","","","","","","","","","","","","","","","","","","","","","","","","","","","","","","","","","","","","","","","","","","","","","","",""
"59183001","DUNKERQUE",51.055833,2.3395,11,1892052316,"","","","","","","","","","","","","","","","","","","","","","","","","","","","","","","","","","","","",20.4,9,11.1,9,"","","","","","","","","","","","","","","","","","","","","","","","","","",55,9,"","","","","","","","","","","","",13.2,9,998.8,9,996.6,9,"","","","","","","","","","","","","","","","","","","","","","","","","","","","","","","","","","","","","","","","","","","","","","","","","","","","","","","","","","","","","","","","","","","","","","","","","","","","","","","","","","","","","","","","","","","","","","","","","","","","","","","","","","","","","","","",""
"59183001","DUNKERQUE",51.055833,2.3395,11,1892052320,"","","","","","","","","","","","","","","","","","","","","","","","","","","","","","","","","","","","",14.2,9,3.6,9,"","","","","","","","","","","","","","","","","","","","","","","","","","",49,9,"","","","","","","","","","","","",7.9,9,998.9,9,996.7,9,"","","","","","","","","","","","","","","","","","","","","","","","","","","","","","","","","","","","","","","","","","","","","","","","","","","","","","","","","","","","","","","","","","","","","","","","","","","","","","","","","","","","","","","","","","","","","","","","","","","","","","","","","","","","","","","",""
"59183001","DUNKERQUE",51.055833,2.3395,11,1892052407,"","","","","","","","","","","","","","","","","","","","","","","","","","","","","","","","","","","","",15.,9,6.5,9,"","","","","","","","","","","","","","","","","","","","","","","","","","",57,9,"","","","","","","","","","","","",9.7,9,998.9,9,996.7,9,"","","","","","","","","","","","","","","","","","","","","","","","","","","","","","","","","","","","","","","","","","","","","","","","","","","","","","","","","","","","","","","","","","","","","","","","","","","","","","","","","","","","","","","","","","","","","","","","","","","","","","","","","","","","","","","",""
"59183001","DUNKERQUE",51.055833,2.3395,11,1892052410,"","","","","","","","","","","","","","","","","","","","","","","","","","","","","","","","","","","","",16.4,9,4.8,9,"","","","","","","","","","","","","","","","","","","","","","","","","","",46,9,"","","","","","","","","","","","",8.6,9,998.9,9,996.7,9,"","","","","","","","","","","","","","","","","","","","","","","","","","","","","","","","","","","","","","","","","","","","","","","","","","","","","","","","","","","","","","","","","","","","","","","","","","","","","","","","","","","","","","","","","","","","","","","","","","","","","","","","","","","","","","","",""
"59183001","DUNKERQUE",51.055833,2.3395,11,1892052412,"","","","","","","","","","","","","","","","","","","","","","","","","","","","","","","","","","","","",18.8,9,1.3,9,"","","","","","","","","","","","","","","","","","","","","","","","","","",31,9,"","","","","","","","","","","","",6.7,9,998.8,9,996.6,9,"","","","","","","","","","","","","","","","","","","","","","","","","","","","","","","","","","","","","","","","","","","","","","","","","","","","","","","","","","","","","","","","","","","","","","","","","","","","","","","","","","","","","","","","","","","","","","","","","","","","","","","","","","","","","","","",""
"59183001","DUNKERQUE",51.055833,2.3395,11,1892052416,"","","","","","","","","","","","","","","","","","","","","","","","","","","","","","","","","","","","",17.,9,2.3,9,"","","","","","","","","","","","","","","","","","","","","","","","","","",37,9,"","","","","","","","","","","","",7.2,9,998.5,9,996.3,9,"","","","","","","","","","","","","","","","","","","","","","","","","","","","","","","","","","","","","","","","","","","","","","","","","","","","","","","","","","","","","","","","","","","","","","","","","","","","","","","","","","","","","","","","","","","","","","","","","","","","","","","","","","","","","","","",""
"59183001","DUNKERQUE",51.055833,2.3395,11,1892052420,"","","","","","","","","","","","","","","","","","","","","","","","","","","","","","","","","","","","",14.,9,4.6,9,"","","","","","","","","","","","","","","","","","","","","","","","","","",53,9,"","","","","","","","","","","","",8.5,9,998.,9,995.8,9,"","","","","","","","","","","","","","","","","","","","","","","","","","","","","","","","","","","","","","","","","","","","","","","","","","","","","","","","","","","","","","","","","","","","","","","","","","","","","","","","","","","","","","","","","","","","","","","","","","","","","","","","","","","","","","","",""
"59183001","DUNKERQUE",51.055833,2.3395,11,1892052507,"","","","","","","","","","","","","","","","","","","","","","","","","","","","","","","","","","","","",18.,9,5.3,9,"","","","","","","","","","","","","","","","","","","","","","","","","","",43,9,"","","","","","","","","","","","",8.9,9,995.5,9,993.3,9,"","","","","","","","","","","","","","","","","","","","","","","","","","","","","","","","","","","","","","","","","","","","","","","","","","","","","","","","","","","","","","","","","","","","","","","","","","","","","","","","","","","","","","","","","","","","","","","","","","","","","","","","","","","","","","","",""
"59183001","DUNKERQUE",51.055833,2.3395,11,1892052510,"","","","","","","","","","","","","","","","","","","","","","","","","","","","","","","","","","","","",26.4,9,0.9,9,"","","","","","","","","","","","","","","","","","","","","","","","","","",19,9,"","","","","","","","","","","","",6.5,9,994.6,9,992.5,9,"","","","","","","","","","","","","","","","","","","","","","","","","","","","","","","","","","","","","","","","","","","","","","","","","","","","","","","","","","","","","","","","","","","","","","","","","","","","","","","","","","","","","","","","","","","","","","","","","","","","","","","","","","","","","","","",""
"59183001","DUNKERQUE",51.055833,2.3395,11,1892052512,"","","","","","","","","","","","","","","","","","","","","","","","","","","","","","","","","","","","",31.4,9,-0.3,9,"","","","","","","","","","","","","","","","","","","","","","","","","","",13,9,"","","","","","","","","","","","",6.,9,994.1,9,992.,9,"","","","","","","","","","","","","","","","","","","","","","","","","","","","","","","","","","","","","","","","","","","","","","","","","","","","","","","","","","","","","","","","","","","","","","","","","","","","","","","","","","","","","","","","","","","","","","","","","","","","","","","","","","","","","","","",""
"59183001","DUNKERQUE",51.055833,2.3395,11,1892052516,"","","","","","","","","","","","","","","","","","","","","","","","","","","","","","","","","","","","",20.,9,4.5,9,"","","","","","","","","","","","","","","","","","","","","","","","","","",36,9,"","","","","","","","","","","","",8.4,9,994.2,9,992.,9,"","","","","","","","","","","","","","","","","","","","","","","","","","","","","","","","","","","","","","","","","","","","","","","","","","","","","","","","","","","","","","","","","","","","","","","","","","","","","","","","","","","","","","","","","","","","","","","","","","","","","","","","","","","","","","","",""
"59183001","DUNKERQUE",51.055833,2.3395,11,1892052520,"","","","","","","","","","","","","","","","","","","","","","","","","","","","","","","","","","","","",17.8,9,10.9,9,"","","","","","","","","","","","","","","","","","","","","","","","","","",64,9,"","","","","","","","","","","","",13.,9,993.6,9,991.4,9,"","","","","","","","","","","","","","","","","","","","","","","","","","","","","","","","","","","","","","","","","","","","","","","","","","","","","","","","","","","","","","","","","","","","","","","","","","","","","","","","","","","","","","","","","","","","","","","","","","","","","","","","","","","","","","","",""
"59183001","DUNKERQUE",51.055833,2.3395,11,1892052607,"","","","","","","","","","","","","","","","","","","","","","","","","","","","","","","","","","","","",18.4,9,5.6,9,"","","","","","","","","","","","","","","","","","","","","","","","","","",43,9,"","","","","","","","","","","","",9.1,9,993.9,9,991.7,9,"","","","","","","","","","","","","","","","","","","","","","","","","","","","","","","","","","","","","","","","","","","","","","","","","","","","","","","","","","","","","","","","","","","","","","","","","","","","","","","","","","","","","","","","","","","","","","","","","","","","","","","","","","","","","","","",""
"59183001","DUNKERQUE",51.055833,2.3395,11,1892052610,"","","","","","","","","","","","","","","","","","","","","","","","","","","","","","","","","","","","",19.6,9,3.2,9,"","","","","","","","","","","","","","","","","","","","","","","","","","",34,9,"","","","","","","","","","","","",7.7,9,993.8,9,991.6,9,"","","","","","","","","","","","","","","","","","","","","","","","","","","","","","","","","","","","","","","","","","","","","","","","","","","","","","","","","","","","","","","","","","","","","","","","","","","","","","","","","","","","","","","","","","","","","","","","","","","","","","","","","","","","","","","",""
"59183001","DUNKERQUE",51.055833,2.3395,11,1892052612,"","","","","","","","","","","","","","","","","","","","","","","","","","","","","","","","","","","","",19.6,9,1.1,9,"","","","","","","","","","","","","","","","","","","","","","","","","","",29,9,"","","","","","","","","","","","",6.6,9,993.8,9,991.6,9,"","","","","","","","","","","","","","","","","","","","","","","","","","","","","","","","","","","","","","","","","","","","","","","","","","","","","","","","","","","","","","","","","","","","","","","","","","","","","","","","","","","","","","","","","","","","","","","","","","","","","","","","","","","","","","","",""
"59183001","DUNKERQUE",51.055833,2.3395,11,1892052616,"","","","","","","","","","","","","","","","","","","","","","","","","","","","","","","","","","","","",17.,9,4.3,9,"","","","","","","","","","","","","","","","","","","","","","","","","","",43,9,"","","","","","","","","","","","",8.3,9,993.7,9,991.5,9,"","","","","","","","","","","","","","","","","","","","","","","","","","","","","","","","","","","","","","","","","","","","","","","","","","","","","","","","","","","","","","","","","","","","","","","","","","","","","","","","","","","","","","","","","","","","","","","","","","","","","","","","","","","","","","","",""
"59183001","DUNKERQUE",51.055833,2.3395,11,1892052620,"","","","","","","","","","","","","","","","","","","","","","","","","","","","","","","","","","","","",15.,9,5.,9,"","","","","","","","","","","","","","","","","","","","","","","","","","",51,9,"","","","","","","","","","","","",8.7,9,993.7,9,991.5,9,"","","","","","","","","","","","","","","","","","","","","","","","","","","","","","","","","","","","","","","","","","","","","","","","","","","","","","","","","","","","","","","","","","","","","","","","","","","","","","","","","","","","","","","","","","","","","","","","","","","","","","","","","","","","","","","",""
"59183001","DUNKERQUE",51.055833,2.3395,11,1892052707,"","","","","","","","","","","","","","","","","","","","","","","","","","","","","","","","","","","","",18.2,9,5.8,9,"","","","","","","","","","","","","","","","","","","","","","","","","","",44,9,"","","","","","","","","","","","",9.2,9,992.7,9,990.5,9,"","","","","","","","","","","","","","","","","","","","","","","","","","","","","","","","","","","","","","","","","","","","","","","","","","","","","","","","","","","","","","","","","","","","","","","","","","","","","","","","","","","","","","","","","","","","","","","","","","","","","","","","","","","","","","","",""
"59183001","DUNKERQUE",51.055833,2.3395,11,1892052710,"","","","","","","","","","","","","","","","","","","","","","","","","","","","","","","","","","","","",21.8,9,1.5,9,"","","","","","","","","","","","","","","","","","","","","","","","","","",26,9,"","","","","","","","","","","","",6.8,9,993.2,9,991.,9,"","","","","","","","","","","","","","","","","","","","","","","","","","","","","","","","","","","","","","","","","","","","","","","","","","","","","","","","","","","","","","","","","","","","","","","","","","","","","","","","","","","","","","","","","","","","","","","","","","","","","","","","","","","","","","","",""
"59183001","DUNKERQUE",51.055833,2.3395,11,1892052712,"","","","","","","","","","","","","","","","","","","","","","","","","","","","","","","","","","","","",21.,9,4.5,9,"","","","","","","","","","","","","","","","","","","","","","","","","","",34,9,"","","","","","","","","","","","",8.4,9,994.6,9,992.4,9,"","","","","","","","","","","","","","","","","","","","","","","","","","","","","","","","","","","","","","","","","","","","","","","","","","","","","","","","","","","","","","","","","","","","","","","","","","","","","","","","","","","","","","","","","","","","","","","","","","","","","","","","","","","","","","","",""
"59183001","DUNKERQUE",51.055833,2.3395,11,1892052716,"","","","","","","","","","","","","","","","","","","","","","","","","","","","","","","","","","","","",18.8,9,9.8,9,"","","","","","","","","","","","","","","","","","","","","","","","","","",56,9,"","","","","","","","","","","","",12.1,9,994.6,9,992.4,9,"","","","","","","","","","","","","","","","","","","","","","","","","","","","","","","","","","","","","","","","","","","","","","","","","","","","","","","","","","","","","","","","","","","","","","","","","","","","","","","","","","","","","","","","","","","","","","","","","","","","","","","","","","","","","","","",""
"59183001","DUNKERQUE",51.055833,2.3395,11,1892052720,"","","","","","","","","","","","","","","","","","","","","","","","","","","","","","","","","","","","",16.2,9,9.8,9,"","","","","","","","","","","","","","","","","","","","","","","","","","",66,9,"","","","","","","","","","","","",12.1,9,994.6,9,992.4,9,"","","","","","","","","","","","","","","","","","","","","","","","","","","","","","","","","","","","","","","","","","","","","","","","","","","","","","","","","","","","","","","","","","","","","","","","","","","","","","","","","","","","","","","","","","","","","","","","","","","","","","","","","","","","","","","",""
"59183001","DUNKERQUE",51.055833,2.3395,11,1892052807,"","","","","","","","","","","","","","","","","","","","","","","","","","","","","","","","","","","","",22.,9,0.,9,"","","","","","","","","","","","","","","","","","","","","","","","","","",23,9,"","","","","","","","","","","","",6.1,9,994.2,9,992.,9,"","","","","","","","","","","","","","","","","","","","","","","","","","","","","","","","","","","","","","","","","","","","","","","","","","","","","","","","","","","","","","","","","","","","","","","","","","","","","","","","","","","","","","","","","","","","","","","","","","","","","","","","","","","","","","","",""
"59183001","DUNKERQUE",51.055833,2.3395,11,1892052810,"","","","","","","","","","","","","","","","","","","","","","","","","","","","","","","","","","","","",31.,9,-10.8,9,"","","","","","","","","","","","","","","","","","","","","","","","","","",6,9,"","","","","","","","","","","","",2.7,9,993.9,9,991.8,9,"","","","","","","","","","","","","","","","","","","","","","","","","","","","","","","","","","","","","","","","","","","","","","","","","","","","","","","","","","","","","","","","","","","","","","","","","","","","","","","","","","","","","","","","","","","","","","","","","","","","","","","","","","","","","","","",""
"59183001","DUNKERQUE",51.055833,2.3395,11,1892052812,"","","","","","","","","","","","","","","","","","","","","","","","","","","","","","","","","","","","",33.8,9,-21.6,9,"","","","","","","","","","","","","","","","","","","","","","","","","","",2,9,"","","","","","","","","","","","",1.1,9,993.6,9,991.5,9,"","","","","","","","","","","","","","","","","","","","","","","","","","","","","","","","","","","","","","","","","","","","","","","","","","","","","","","","","","","","","","","","","","","","","","","","","","","","","","","","","","","","","","","","","","","","","","","","","","","","","","","","","","","","","","","",""
"59183001","DUNKERQUE",51.055833,2.3395,11,1892052816,"","","","","","","","","","","","","","","","","","","","","","","","","","","","","","","","","","","","",32.8,9,-22.7,9,"","","","","","","","","","","","","","","","","","","","","","","","","","",2,9,"","","","","","","","","","","","",1.,9,993.3,9,991.2,9,"","","","","","","","","","","","","","","","","","","","","","","","","","","","","","","","","","","","","","","","","","","","","","","","","","","","","","","","","","","","","","","","","","","","","","","","","","","","","","","","","","","","","","","","","","","","","","","","","","","","","","","","","","","","","","","",""
"59183001","DUNKERQUE",51.055833,2.3395,11,1892052820,"","","","","","","","","","","","","","","","","","","","","","","","","","","","","","","","","","","","",15.,9,2.1,9,"","","","","","","","","","","","","","","","","","","","","","","","","","",42,9,"","","","","","","","","","","","",7.1,9,994.3,9,992.1,9,"","","","","","","","","","","","","","","","","","","","","","","","","","","","","","","","","","","","","","","","","","","","","","","","","","","","","","","","","","","","","","","","","","","","","","","","","","","","","","","","","","","","","","","","","","","","","","","","","","","","","","","","","","","","","","","",""
"59183001","DUNKERQUE",51.055833,2.3395,11,1892052907,"","","","","","","","","","","","","","","","","","","","","","","","","","","","","","","","","","","","",15.8,9,1.9,9,"","","","","","","","","","","","","","","","","","","","","","","","","","",39,9,"","","","","","","","","","","","",7.,9,999.2,9,997.,9,"","","","","","","","","","","","","","","","","","","","","","","","","","","","","","","","","","","","","","","","","","","","","","","","","","","","","","","","","","","","","","","","","","","","","","","","","","","","","","","","","","","","","","","","","","","","","","","","","","","","","","","","","","","","","","","",""
"59183001","DUNKERQUE",51.055833,2.3395,11,1892052910,"","","","","","","","","","","","","","","","","","","","","","","","","","","","","","","","","","","","",21.8,9,-0.3,9,"","","","","","","","","","","","","","","","","","","","","","","","","","",23,9,"","","","","","","","","","","","",6.,9,1000.2,9,998.,9,"","","","","","","","","","","","","","","","","","","","","","","","","","","","","","","","","","","","","","","","","","","","","","","","","","","","","","","","","","","","","","","","","","","","","","","","","","","","","","","","","","","","","","","","","","","","","","","","","","","","","","","","","","","","","","","",""
"59183001","DUNKERQUE",51.055833,2.3395,11,1892052912,"","","","","","","","","","","","","","","","","","","","","","","","","","","","","","","","","","","","",23.,9,-2.,9,"","","","","","","","","","","","","","","","","","","","","","","","","","",19,9,"","","","","","","","","","","","",5.3,9,1000.1,9,997.9,9,"","","","","","","","","","","","","","","","","","","","","","","","","","","","","","","","","","","","","","","","","","","","","","","","","","","","","","","","","","","","","","","","","","","","","","","","","","","","","","","","","","","","","","","","","","","","","","","","","","","","","","","","","","","","","","","",""
"59183001","DUNKERQUE",51.055833,2.3395,11,1892052916,"","","","","","","","","","","","","","","","","","","","","","","","","","","","","","","","","","","","",23.2,9,13.7,9,"","","","","","","","","","","","","","","","","","","","","","","","","","",55,9,"","","","","","","","","","","","",15.6,9,999.9,9,997.7,9,"","","","","","","","","","","","","","","","","","","","","","","","","","","","","","","","","","","","","","","","","","","","","","","","","","","","","","","","","","","","","","","","","","","","","","","","","","","","","","","","","","","","","","","","","","","","","","","","","","","","","","","","","","","","","","","",""
"59183001","DUNKERQUE",51.055833,2.3395,11,1892052920,"","","","","","","","","","","","","","","","","","","","","","","","","","","","","","","","","","","","",17.8,9,10.9,9,"","","","","","","","","","","","","","","","","","","","","","","","","","",64,9,"","","","","","","","","","","","",13.,9,1000.8,9,998.6,9,"","","","","","","","","","","","","","","","","","","","","","","","","","","","","","","","","","","","","","","","","","","","","","","","","","","","","","","","","","","","","","","","","","","","","","","","","","","","","","","","","","","","","","","","","","","","","","","","","","","","","","","","","","","","","","","",""
"59183001","DUNKERQUE",51.055833,2.3395,11,1892053007,"","","","","","","","","","","","","","","","","","","","","","","","","","","","","","","","","","","","",18.,9,5.9,9,"","","","","","","","","","","","","","","","","","","","","","","","","","",45,9,"","","","","","","","","","","","",9.3,9,1002.3,9,1000.1,9,"","","","","","","","","","","","","","","","","","","","","","","","","","","","","","","","","","","","","","","","","","","","","","","","","","","","","","","","","","","","","","","","","","","","","","","","","","","","","","","","","","","","","","","","","","","","","","","","","","","","","","","","","","","","","","","",""
"59183001","DUNKERQUE",51.055833,2.3395,11,1892053010,"","","","","","","","","","","","","","","","","","","","","","","","","","","","","","","","","","","","",19.,9,3.6,9,"","","","","","","","","","","","","","","","","","","","","","","","","","",36,9,"","","","","","","","","","","","",7.9,9,1003.3,9,1001.1,9,"","","","","","","","","","","","","","","","","","","","","","","","","","","","","","","","","","","","","","","","","","","","","","","","","","","","","","","","","","","","","","","","","","","","","","","","","","","","","","","","","","","","","","","","","","","","","","","","","","","","","","","","","","","","","","","",""
"59183001","DUNKERQUE",51.055833,2.3395,11,1892053012,"","","","","","","","","","","","","","","","","","","","","","","","","","","","","","","","","","","","",20.2,9,1.1,9,"","","","","","","","","","","","","","","","","","","","","","","","","","",28,9,"","","","","","","","","","","","",6.6,9,1003.3,9,1001.1,9,"","","","","","","","","","","","","","","","","","","","","","","","","","","","","","","","","","","","","","","","","","","","","","","","","","","","","","","","","","","","","","","","","","","","","","","","","","","","","","","","","","","","","","","","","","","","","","","","","","","","","","","","","","","","","","","",""
"59183001","DUNKERQUE",51.055833,2.3395,11,1892053016,"","","","","","","","","","","","","","","","","","","","","","","","","","","","","","","","","","","","",17.6,9,3.,9,"","","","","","","","","","","","","","","","","","","","","","","","","","",38,9,"","","","","","","","","","","","",7.6,9,1003.4,9,1001.2,9,"","","","","","","","","","","","","","","","","","","","","","","","","","","","","","","","","","","","","","","","","","","","","","","","","","","","","","","","","","","","","","","","","","","","","","","","","","","","","","","","","","","","","","","","","","","","","","","","","","","","","","","","","","","","","","","",""
"59183001","DUNKERQUE",51.055833,2.3395,11,1892053020,"","","","","","","","","","","","","","","","","","","","","","","","","","","","","","","","","","","","",15.6,9,5.8,9,"","","","","","","","","","","","","","","","","","","","","","","","","","",52,9,"","","","","","","","","","","","",9.2,9,1003.3,9,1001.1,9,"","","","","","","","","","","","","","","","","","","","","","","","","","","","","","","","","","","","","","","","","","","","","","","","","","","","","","","","","","","","","","","","","","","","","","","","","","","","","","","","","","","","","","","","","","","","","","","","","","","","","","","","","","","","","","","",""
"59183001","DUNKERQUE",51.055833,2.3395,11,1892053107,"","","","","","","","","","","","","","","","","","","","","","","","","","","","","","","","","","","","",19.6,9,3.8,9,"","","","","","","","","","","","","","","","","","","","","","","","","","",35,9,"","","","","","","","","","","","",8.,9,1000.,9,997.8,9,"","","","","","","","","","","","","","","","","","","","","","","","","","","","","","","","","","","","","","","","","","","","","","","","","","","","","","","","","","","","","","","","","","","","","","","","","","","","","","","","","","","","","","","","","","","","","","","","","","","","","","","","","","","","","","","",""
"59183001","DUNKERQUE",51.055833,2.3395,11,1892053110,"","","","","","","","","","","","","","","","","","","","","","","","","","","","","","","","","","","","",29.8,9,2.1,9,"","","","","","","","","","","","","","","","","","","","","","","","","","",17,9,"","","","","","","","","","","","",7.1,9,998.,9,995.9,9,"","","","","","","","","","","","","","","","","","","","","","","","","","","","","","","","","","","","","","","","","","","","","","","","","","","","","","","","","","","","","","","","","","","","","","","","","","","","","","","","","","","","","","","","","","","","","","","","","","","","","","","","","","","","","","","",""
"59183001","DUNKERQUE",51.055833,2.3395,11,1892053112,"","","","","","","","","","","","","","","","","","","","","","","","","","","","","","","","","","","","",27.,9,-0.3,9,"","","","","","","","","","","","","","","","","","","","","","","","","","",17,9,"","","","","","","","","","","","",6.,9,996.4,9,994.3,9,"","","","","","","","","","","","","","","","","","","","","","","","","","","","","","","","","","","","","","","","","","","","","","","","","","","","","","","","","","","","","","","","","","","","","","","","","","","","","","","","","","","","","","","","","","","","","","","","","","","","","","","","","","","","","","","",""
"59183001","DUNKERQUE",51.055833,2.3395,11,1892053116,"","","","","","","","","","","","","","","","","","","","","","","","","","","","","","","","","","","","",31.6,9,19.3,9,"","","","","","","","","","","","","","","","","","","","","","","","","","",48,9,"","","","","","","","","","","","",22.3,9,992.6,9,990.5,9,"","","","","","","","","","","","","","","","","","","","","","","","","","","","","","","","","","","","","","","","","","","","","","","","","","","","","","","","","","","","","","","","","","","","","","","","","","","","","","","","","","","","","","","","","","","","","","","","","","","","","","","","","","","","","","","",""
"59183001","DUNKERQUE",51.055833,2.3395,11,1892053120,"","","","","","","","","","","","","","","","","","","","","","","","","","","","","","","","","","","","",15.,9,8.,9,"","","","","","","","","","","","","","","","","","","","","","","","","","",63,9,"","","","","","","","","","","","",10.7,9,992.5,9,990.3,9,"","","","","","","","","","","","","","","","","","","","","","","","","","","","","","","","","","","","","","","","","","","","","","","","","","","","","","","","","","","","","","","","","","","","","","","","","","","","","","","","","","","","","","","","","","","","","","","","","","","","","","","","","","","","","","","",""
"59183001","DUNKERQUE",51.055833,2.3395,11,1892060107,"","","","","","","","","","","","","","","","","","","","","","","","","","","","","","","","","","","","",13.2,9,6.5,9,"","","","","","","","","","","","","","","","","","","","","","","","","","",64,9,"","","","","","","","","","","","",9.7,9,995.4,9,993.2,9,"","","","","","","","","","","","","","","","","","","","","","","","","","","","","","","","","","","","","","","","","","","","","","","","","","","","","","","","","","","","","","","","","","","","","","","","","","","","","","","","","","","","","","","","","","","","","","","","","","","","","","","","","","","","","","","",""
"59183001","DUNKERQUE",51.055833,2.3395,11,1892060110,"","","","","","","","","","","","","","","","","","","","","","","","","","","","","","","","","","","","",18.8,9,1.7,9,"","","","","","","","","","","","","","","","","","","","","","","","","","",32,9,"","","","","","","","","","","","",6.9,9,995.9,9,993.7,9,"","","","","","","","","","","","","","","","","","","","","","","","","","","","","","","","","","","","","","","","","","","","","","","","","","","","","","","","","","","","","","","","","","","","","","","","","","","","","","","","","","","","","","","","","","","","","","","","","","","","","","","","","","","","","","","",""
"59183001","DUNKERQUE",51.055833,2.3395,11,1892060112,"","","","","","","","","","","","","","","","","","","","","","","","","","","","","","","","","","","","",21.,9,0.2,9,"","","","","","","","","","","","","","","","","","","","","","","","","","",25,9,"","","","","","","","","","","","",6.2,9,995.8,9,993.6,9,"","","","","","","","","","","","","","","","","","","","","","","","","","","","","","","","","","","","","","","","","","","","","","","","","","","","","","","","","","","","","","","","","","","","","","","","","","","","","","","","","","","","","","","","","","","","","","","","","","","","","","","","","","","","","","","",""
"59183001","DUNKERQUE",51.055833,2.3395,11,1892060116,"","","","","","","","","","","","","","","","","","","","","","","","","","","","","","","","","","","","",20.2,9,-0.5,9,"","","","","","","","","","","","","","","","","","","","","","","","","","",25,9,"","","","","","","","","","","","",5.9,9,995.7,9,993.5,9,"","","","","","","","","","","","","","","","","","","","","","","","","","","","","","","","","","","","","","","","","","","","","","","","","","","","","","","","","","","","","","","","","","","","","","","","","","","","","","","","","","","","","","","","","","","","","","","","","","","","","","","","","","","","","","","",""
"59183001","DUNKERQUE",51.055833,2.3395,11,1892060120,"","","","","","","","","","","","","","","","","","","","","","","","","","","","","","","","","","","","",15.8,9,1.9,9,"","","","","","","","","","","","","","","","","","","","","","","","","","",39,9,"","","","","","","","","","","","",7.,9,995.6,9,993.4,9,"","","","","","","","","","","","","","","","","","","","","","","","","","","","","","","","","","","","","","","","","","","","","","","","","","","","","","","","","","","","","","","","","","","","","","","","","","","","","","","","","","","","","","","","","","","","","","","","","","","","","","","","","","","","","","","",""
"59183001","DUNKERQUE",51.055833,2.3395,11,1892060207,"","","","","","","","","","","","","","","","","","","","","","","","","","","","","","","","","","","","",17.,9,4.3,9,"","","","","","","","","","","","","","","","","","","","","","","","","","",43,9,"","","","","","","","","","","","",8.3,9,996.2,9,994.,9,"","","","","","","","","","","","","","","","","","","","","","","","","","","","","","","","","","","","","","","","","","","","","","","","","","","","","","","","","","","","","","","","","","","","","","","","","","","","","","","","","","","","","","","","","","","","","","","","","","","","","","","","","","","","","","","",""
"59183001","DUNKERQUE",51.055833,2.3395,11,1892060210,"","","","","","","","","","","","","","","","","","","","","","","","","","","","","","","","","","","","",22.4,9,-0.5,9,"","","","","","","","","","","","","","","","","","","","","","","","","","",22,9,"","","","","","","","","","","","",5.9,9,995.5,9,993.3,9,"","","","","","","","","","","","","","","","","","","","","","","","","","","","","","","","","","","","","","","","","","","","","","","","","","","","","","","","","","","","","","","","","","","","","","","","","","","","","","","","","","","","","","","","","","","","","","","","","","","","","","","","","","","","","","","",""
"59183001","DUNKERQUE",51.055833,2.3395,11,1892060212,"","","","","","","","","","","","","","","","","","","","","","","","","","","","","","","","","","","","",18.2,9,10.,9,"","","","","","","","","","","","","","","","","","","","","","","","","","",59,9,"","","","","","","","","","","","",12.3,9,995.,9,992.8,9,"","","","","","","","","","","","","","","","","","","","","","","","","","","","","","","","","","","","","","","","","","","","","","","","","","","","","","","","","","","","","","","","","","","","","","","","","","","","","","","","","","","","","","","","","","","","","","","","","","","","","","","","","","","","","","","",""
"59183001","DUNKERQUE",51.055833,2.3395,11,1892060216,"","","","","","","","","","","","","","","","","","","","","","","","","","","","","","","","","","","","",17.4,9,10.8,9,"","","","","","","","","","","","","","","","","","","","","","","","","","",65,9,"","","","","","","","","","","","",12.9,9,995.,9,992.8,9,"","","","","","","","","","","","","","","","","","","","","","","","","","","","","","","","","","","","","","","","","","","","","","","","","","","","","","","","","","","","","","","","","","","","","","","","","","","","","","","","","","","","","","","","","","","","","","","","","","","","","","","","","","","","","","","",""
"59183001","DUNKERQUE",51.055833,2.3395,11,1892060220,"","","","","","","","","","","","","","","","","","","","","","","","","","","","","","","","","","","","",15.,9,9.2,9,"","","","","","","","","","","","","","","","","","","","","","","","","","",68,9,"","","","","","","","","","","","",11.6,9,995.1,9,992.9,9,"","","","","","","","","","","","","","","","","","","","","","","","","","","","","","","","","","","","","","","","","","","","","","","","","","","","","","","","","","","","","","","","","","","","","","","","","","","","","","","","","","","","","","","","","","","","","","","","","","","","","","","","","","","","","","","",""
"59183001","DUNKERQUE",51.055833,2.3395,11,1892060307,"","","","","","","","","","","","","","","","","","","","","","","","","","","","","","","","","","","","",12.8,9,8.1,9,"","","","","","","","","","","","","","","","","","","","","","","","","","",73,9,"","","","","","","","","","","","",10.8,9,995.5,9,993.3,9,"","","","","","","","","","","","","","","","","","","","","","","","","","","","","","","","","","","","","","","","","","","","","","","","","","","","","","","","","","","","","","","","","","","","","","","","","","","","","","","","","","","","","","","","","","","","","","","","","","","","","","","","","","","","","","","",""
"59183001","DUNKERQUE",51.055833,2.3395,11,1892060310,"","","","","","","","","","","","","","","","","","","","","","","","","","","","","","","","","","","","",17.2,9,-2.5,9,"","","","","","","","","","","","","","","","","","","","","","","","","","",26,9,"","","","","","","","","","","","",5.1,9,996.5,9,994.3,9,"","","","","","","","","","","","","","","","","","","","","","","","","","","","","","","","","","","","","","","","","","","","","","","","","","","","","","","","","","","","","","","","","","","","","","","","","","","","","","","","","","","","","","","","","","","","","","","","","","","","","","","","","","","","","","","",""
"59183001","DUNKERQUE",51.055833,2.3395,11,1892060312,"","","","","","","","","","","","","","","","","","","","","","","","","","","","","","","","","","","","",19.,9,-1.4,9,"","","","","","","","","","","","","","","","","","","","","","","","","","",25,9,"","","","","","","","","","","","",5.5,9,996.9,9,994.7,9,"","","","","","","","","","","","","","","","","","","","","","","","","","","","","","","","","","","","","","","","","","","","","","","","","","","","","","","","","","","","","","","","","","","","","","","","","","","","","","","","","","","","","","","","","","","","","","","","","","","","","","","","","","","","","","","",""
"59183001","DUNKERQUE",51.055833,2.3395,11,1892060316,"","","","","","","","","","","","","","","","","","","","","","","","","","","","","","","","","","","","",19.,9,-2.,9,"","","","","","","","","","","","","","","","","","","","","","","","","","",24,9,"","","","","","","","","","","","",5.3,9,997.5,9,995.3,9,"","","","","","","","","","","","","","","","","","","","","","","","","","","","","","","","","","","","","","","","","","","","","","","","","","","","","","","","","","","","","","","","","","","","","","","","","","","","","","","","","","","","","","","","","","","","","","","","","","","","","","","","","","","","","","","",""
"59183001","DUNKERQUE",51.055833,2.3395,11,1892060320,"","","","","","","","","","","","","","","","","","","","","","","","","","","","","","","","","","","","",12.,9,0.4,9,"","","","","","","","","","","","","","","","","","","","","","","","","","",45,9,"","","","","","","","","","","","",6.3,9,998.6,9,996.3,9,"","","","","","","","","","","","","","","","","","","","","","","","","","","","","","","","","","","","","","","","","","","","","","","","","","","","","","","","","","","","","","","","","","","","","","","","","","","","","","","","","","","","","","","","","","","","","","","","","","","","","","","","","","","","","","","",""
"59183001","DUNKERQUE",51.055833,2.3395,11,1892060407,"","","","","","","","","","","","","","","","","","","","","","","","","","","","","","","","","","","","",13.2,9,4.1,9,"","","","","","","","","","","","","","","","","","","","","","","","","","",54,9,"","","","","","","","","","","","",8.2,9,1000.7,9,998.4,9,"","","","","","","","","","","","","","","","","","","","","","","","","","","","","","","","","","","","","","","","","","","","","","","","","","","","","","","","","","","","","","","","","","","","","","","","","","","","","","","","","","","","","","","","","","","","","","","","","","","","","","","","","","","","","","","",""
"59183001","DUNKERQUE",51.055833,2.3395,11,1892060410,"","","","","","","","","","","","","","","","","","","","","","","","","","","","","","","","","","","","",17.2,9,-1.,9,"","","","","","","","","","","","","","","","","","","","","","","","","","",29,9,"","","","","","","","","","","","",5.7,9,1000.9,9,998.7,9,"","","","","","","","","","","","","","","","","","","","","","","","","","","","","","","","","","","","","","","","","","","","","","","","","","","","","","","","","","","","","","","","","","","","","","","","","","","","","","","","","","","","","","","","","","","","","","","","","","","","","","","","","","","","","","","",""
"59183001","DUNKERQUE",51.055833,2.3395,11,1892060412,"","","","","","","","","","","","","","","","","","","","","","","","","","","","","","","","","","","","",19.,9,-6.,9,"","","","","","","","","","","","","","","","","","","","","","","","","","",18,9,"","","","","","","","","","","","",3.9,9,1000.7,9,998.5,9,"","","","","","","","","","","","","","","","","","","","","","","","","","","","","","","","","","","","","","","","","","","","","","","","","","","","","","","","","","","","","","","","","","","","","","","","","","","","","","","","","","","","","","","","","","","","","","","","","","","","","","","","","","","","","","","",""
"59183001","DUNKERQUE",51.055833,2.3395,11,1892060416,"","","","","","","","","","","","","","","","","","","","","","","","","","","","","","","","","","","","",17.2,9,8.9,9,"","","","","","","","","","","","","","","","","","","","","","","","","","",58,9,"","","","","","","","","","","","",11.4,9,1000.3,9,998.1,9,"","","","","","","","","","","","","","","","","","","","","","","","","","","","","","","","","","","","","","","","","","","","","","","","","","","","","","","","","","","","","","","","","","","","","","","","","","","","","","","","","","","","","","","","","","","","","","","","","","","","","","","","","","","","","","","",""
"59183001","DUNKERQUE",51.055833,2.3395,11,1892060420,"","","","","","","","","","","","","","","","","","","","","","","","","","","","","","","","","","","","",13.,9,6.8,9,"","","","","","","","","","","","","","","","","","","","","","","","","","",66,9,"","","","","","","","","","","","",9.9,9,1000.5,9,998.2,9,"","","","","","","","","","","","","","","","","","","","","","","","","","","","","","","","","","","","","","","","","","","","","","","","","","","","","","","","","","","","","","","","","","","","","","","","","","","","","","","","","","","","","","","","","","","","","","","","","","","","","","","","","","","","","","","",""
"59183001","DUNKERQUE",51.055833,2.3395,11,1892060507,"","","","","","","","","","","","","","","","","","","","","","","","","","","","","","","","","","","","",12.6,9,4.8,9,"","","","","","","","","","","","","","","","","","","","","","","","","","",59,9,"","","","","","","","","","","","",8.6,9,995.4,9,993.2,9,"","","","","","","","","","","","","","","","","","","","","","","","","","","","","","","","","","","","","","","","","","","","","","","","","","","","","","","","","","","","","","","","","","","","","","","","","","","","","","","","","","","","","","","","","","","","","","","","","","","","","","","","","","","","","","","",""
"59183001","DUNKERQUE",51.055833,2.3395,11,1892060510,"","","","","","","","","","","","","","","","","","","","","","","","","","","","","","","","","","","","",14.6,9,4.8,9,"","","","","","","","","","","","","","","","","","","","","","","","","","",52,9,"","","","","","","","","","","","",8.6,9,994.3,9,992.1,9,"","","","","","","","","","","","","","","","","","","","","","","","","","","","","","","","","","","","","","","","","","","","","","","","","","","","","","","","","","","","","","","","","","","","","","","","","","","","","","","","","","","","","","","","","","","","","","","","","","","","","","","","","","","","","","","",""
"59183001","DUNKERQUE",51.055833,2.3395,11,1892060512,"","","","","","","","","","","","","","","","","","","","","","","","","","","","","","","","","","","","",16.4,9,4.1,9,"","","","","","","","","","","","","","","","","","","","","","","","","","",44,9,"","","","","","","","","","","","",8.2,9,994.,9,991.8,9,"","","","","","","","","","","","","","","","","","","","","","","","","","","","","","","","","","","","","","","","","","","","","","","","","","","","","","","","","","","","","","","","","","","","","","","","","","","","","","","","","","","","","","","","","","","","","","","","","","","","","","","","","","","","","","","",""
"59183001","DUNKERQUE",51.055833,2.3395,11,1892060516,"","","","","","","","","","","","","","","","","","","","","","","","","","","","","","","","","","","","",13.6,9,5.3,9,"","","","","","","","","","","","","","","","","","","","","","","","","","",57,9,"","","","","","","","","","","","",8.9,9,994.,9,991.8,9,"","","","","","","","","","","","","","","","","","","","","","","","","","","","","","","","","","","","","","","","","","","","","","","","","","","","","","","","","","","","","","","","","","","","","","","","","","","","","","","","","","","","","","","","","","","","","","","","","","","","","","","","","","","","","","","",""
"59183001","DUNKERQUE",51.055833,2.3395,11,1892060520,"","","","","","","","","","","","","","","","","","","","","","","","","","","","","","","","","","","","",12.8,9,4.8,9,"","","","","","","","","","","","","","","","","","","","","","","","","","",58,9,"","","","","","","","","","","","",8.6,9,994.,9,991.8,9,"","","","","","","","","","","","","","","","","","","","","","","","","","","","","","","","","","","","","","","","","","","","","","","","","","","","","","","","","","","","","","","","","","","","","","","","","","","","","","","","","","","","","","","","","","","","","","","","","","","","","","","","","","","","","","","",""
"59183001","DUNKERQUE",51.055833,2.3395,11,1892060607,"","","","","","","","","","","","","","","","","","","","","","","","","","","","","","","","","","","","",14.,9,5.1,9,"","","","","","","","","","","","","","","","","","","","","","","","","","",55,9,"","","","","","","","","","","","",8.8,9,1001.1,9,998.8,9,"","","","","","","","","","","","","","","","","","","","","","","","","","","","","","","","","","","","","","","","","","","","","","","","","","","","","","","","","","","","","","","","","","","","","","","","","","","","","","","","","","","","","","","","","","","","","","","","","","","","","","","","","","","","","","","",""
"59183001","DUNKERQUE",51.055833,2.3395,11,1892060610,"","","","","","","","","","","","","","","","","","","","","","","","","","","","","","","","","","","","",16.,9,3.4,9,"","","","","","","","","","","","","","","","","","","","","","","","","","",43,9,"","","","","","","","","","","","",7.8,9,1002.6,9,1000.4,9,"","","","","","","","","","","","","","","","","","","","","","","","","","","","","","","","","","","","","","","","","","","","","","","","","","","","","","","","","","","","","","","","","","","","","","","","","","","","","","","","","","","","","","","","","","","","","","","","","","","","","","","","","","","","","","","",""
"59183001","DUNKERQUE",51.055833,2.3395,11,1892060612,"","","","","","","","","","","","","","","","","","","","","","","","","","","","","","","","","","","","",16.2,9,2.7,9,"","","","","","","","","","","","","","","","","","","","","","","","","","",40,9,"","","","","","","","","","","","",7.4,9,1003.2,9,1001.,9,"","","","","","","","","","","","","","","","","","","","","","","","","","","","","","","","","","","","","","","","","","","","","","","","","","","","","","","","","","","","","","","","","","","","","","","","","","","","","","","","","","","","","","","","","","","","","","","","","","","","","","","","","","","","","","","",""
"59183001","DUNKERQUE",51.055833,2.3395,11,1892060616,"","","","","","","","","","","","","","","","","","","","","","","","","","","","","","","","","","","","",12.6,9,4.8,9,"","","","","","","","","","","","","","","","","","","","","","","","","","",59,9,"","","","","","","","","","","","",8.6,9,1004.5,9,1002.2,9,"","","","","","","","","","","","","","","","","","","","","","","","","","","","","","","","","","","","","","","","","","","","","","","","","","","","","","","","","","","","","","","","","","","","","","","","","","","","","","","","","","","","","","","","","","","","","","","","","","","","","","","","","","","","","","","",""
"59183001","DUNKERQUE",51.055833,2.3395,11,1892060620,"","","","","","","","","","","","","","","","","","","","","","","","","","","","","","","","","","","","",11.6,9,5.,9,"","","","","","","","","","","","","","","","","","","","","","","","","","",64,9,"","","","","","","","","","","","",8.7,9,1006.2,9,1003.9,9,"","","","","","","","","","","","","","","","","","","","","","","","","","","","","","","","","","","","","","","","","","","","","","","","","","","","","","","","","","","","","","","","","","","","","","","","","","","","","","","","","","","","","","","","","","","","","","","","","","","","","","","","","","","","","","","",""
"59183001","DUNKERQUE",51.055833,2.3395,11,1892060707,"","","","","","","","","","","","","","","","","","","","","","","","","","","","","","","","","","","","",11.6,9,2.9,9,"","","","","","","","","","","","","","","","","","","","","","","","","","",55,9,"","","","","","","","","","","","",7.5,9,1008.8,9,1006.5,9,"","","","","","","","","","","","","","","","","","","","","","","","","","","","","","","","","","","","","","","","","","","","","","","","","","","","","","","","","","","","","","","","","","","","","","","","","","","","","","","","","","","","","","","","","","","","","","","","","","","","","","","","","","","","","","","",""
"59183001","DUNKERQUE",51.055833,2.3395,11,1892060710,"","","","","","","","","","","","","","","","","","","","","","","","","","","","","","","","","","","","",12.8,9,1.7,9,"","","","","","","","","","","","","","","","","","","","","","","","","","",47,9,"","","","","","","","","","","","",6.9,9,1008.9,9,1006.6,9,"","","","","","","","","","","","","","","","","","","","","","","","","","","","","","","","","","","","","","","","","","","","","","","","","","","","","","","","","","","","","","","","","","","","","","","","","","","","","","","","","","","","","","","","","","","","","","","","","","","","","","","","","","","","","","","",""
"59183001","DUNKERQUE",51.055833,2.3395,11,1892060712,"","","","","","","","","","","","","","","","","","","","","","","","","","","","","","","","","","","","",13.6,9,2.3,9,"","","","","","","","","","","","","","","","","","","","","","","","","","",46,9,"","","","","","","","","","","","",7.2,9,1009.1,9,1006.8,9,"","","","","","","","","","","","","","","","","","","","","","","","","","","","","","","","","","","","","","","","","","","","","","","","","","","","","","","","","","","","","","","","","","","","","","","","","","","","","","","","","","","","","","","","","","","","","","","","","","","","","","","","","","","","","","","",""
"59183001","DUNKERQUE",51.055833,2.3395,11,1892060716,"","","","","","","","","","","","","","","","","","","","","","","","","","","","","","","","","","","","",13.2,9,3.6,9,"","","","","","","","","","","","","","","","","","","","","","","","","","",52,9,"","","","","","","","","","","","",7.9,9,1009.,9,1006.7,9,"","","","","","","","","","","","","","","","","","","","","","","","","","","","","","","","","","","","","","","","","","","","","","","","","","","","","","","","","","","","","","","","","","","","","","","","","","","","","","","","","","","","","","","","","","","","","","","","","","","","","","","","","","","","","","","",""
"59183001","DUNKERQUE",51.055833,2.3395,11,1892060720,"","","","","","","","","","","","","","","","","","","","","","","","","","","","","","","","","","","","",11.4,9,4.3,9,"","","","","","","","","","","","","","","","","","","","","","","","","","",62,9,"","","","","","","","","","","","",8.3,9,1009.1,9,1006.8,9,"","","","","","","","","","","","","","","","","","","","","","","","","","","","","","","","","","","","","","","","","","","","","","","","","","","","","","","","","","","","","","","","","","","","","","","","","","","","","","","","","","","","","","","","","","","","","","","","","","","","","","","","","","","","","","","",""
"59183001","DUNKERQUE",51.055833,2.3395,11,1892060807,"","","","","","","","","","","","","","","","","","","","","","","","","","","","","","","","","","","","",11.2,9,4.1,9,"","","","","","","","","","","","","","","","","","","","","","","","","","",62,9,"","","","","","","","","","","","",8.2,9,1009.1,9,1006.8,9,"","","","","","","","","","","","","","","","","","","","","","","","","","","","","","","","","","","","","","","","","","","","","","","","","","","","","","","","","","","","","","","","","","","","","","","","","","","","","","","","","","","","","","","","","","","","","","","","","","","","","","","","","","","","","","","",""
"59183001","DUNKERQUE",51.055833,2.3395,11,1892060810,"","","","","","","","","","","","","","","","","","","","","","","","","","","","","","","","","","","","",14.2,9,3.6,9,"","","","","","","","","","","","","","","","","","","","","","","","","","",49,9,"","","","","","","","","","","","",7.9,9,1009.6,9,1007.3,9,"","","","","","","","","","","","","","","","","","","","","","","","","","","","","","","","","","","","","","","","","","","","","","","","","","","","","","","","","","","","","","","","","","","","","","","","","","","","","","","","","","","","","","","","","","","","","","","","","","","","","","","","","","","","","","","",""
"59183001","DUNKERQUE",51.055833,2.3395,11,1892060812,"","","","","","","","","","","","","","","","","","","","","","","","","","","","","","","","","","","","",14.4,9,3.6,9,"","","","","","","","","","","","","","","","","","","","","","","","","","",48,9,"","","","","","","","","","","","",7.9,9,1009.6,9,1007.3,9,"","","","","","","","","","","","","","","","","","","","","","","","","","","","","","","","","","","","","","","","","","","","","","","","","","","","","","","","","","","","","","","","","","","","","","","","","","","","","","","","","","","","","","","","","","","","","","","","","","","","","","","","","","","","","","","",""
"59183001","DUNKERQUE",51.055833,2.3395,11,1892060816,"","","","","","","","","","","","","","","","","","","","","","","","","","","","","","","","","","","","",13.6,9,3.4,9,"","","","","","","","","","","","","","","","","","","","","","","","","","",50,9,"","","","","","","","","","","","",7.8,9,1009.5,9,1007.2,9,"","","","","","","","","","","","","","","","","","","","","","","","","","","","","","","","","","","","","","","","","","","","","","","","","","","","","","","","","","","","","","","","","","","","","","","","","","","","","","","","","","","","","","","","","","","","","","","","","","","","","","","","","","","","","","","",""
"59183001","DUNKERQUE",51.055833,2.3395,11,1892060820,"","","","","","","","","","","","","","","","","","","","","","","","","","","","","","","","","","","","",12.2,9,6.2,9,"","","","","","","","","","","","","","","","","","","","","","","","","","",67,9,"","","","","","","","","","","","",9.5,9,1009.7,9,1007.4,9,"","","","","","","","","","","","","","","","","","","","","","","","","","","","","","","","","","","","","","","","","","","","","","","","","","","","","","","","","","","","","","","","","","","","","","","","","","","","","","","","","","","","","","","","","","","","","","","","","","","","","","","","","","","","","","","",""
"59183001","DUNKERQUE",51.055833,2.3395,11,1892060907,"","","","","","","","","","","","","","","","","","","","","","","","","","","","","","","","","","","","",14.,9,6.1,9,"","","","","","","","","","","","","","","","","","","","","","","","","","",59,9,"","","","","","","","","","","","",9.4,9,1008.8,9,1006.5,9,"","","","","","","","","","","","","","","","","","","","","","","","","","","","","","","","","","","","","","","","","","","","","","","","","","","","","","","","","","","","","","","","","","","","","","","","","","","","","","","","","","","","","","","","","","","","","","","","","","","","","","","","","","","","","","","",""
"59183001","DUNKERQUE",51.055833,2.3395,11,1892060910,"","","","","","","","","","","","","","","","","","","","","","","","","","","","","","","","","","","","",16.,9,5.6,9,"","","","","","","","","","","","","","","","","","","","","","","","","","",50,9,"","","","","","","","","","","","",9.1,9,1008.5,9,1006.2,9,"","","","","","","","","","","","","","","","","","","","","","","","","","","","","","","","","","","","","","","","","","","","","","","","","","","","","","","","","","","","","","","","","","","","","","","","","","","","","","","","","","","","","","","","","","","","","","","","","","","","","","","","","","","","","","","",""
"59183001","DUNKERQUE",51.055833,2.3395,11,1892060912,"","","","","","","","","","","","","","","","","","","","","","","","","","","","","","","","","","","","",15.4,9,5.9,9,"","","","","","","","","","","","","","","","","","","","","","","","","","",53,9,"","","","","","","","","","","","",9.3,9,1008.2,9,1005.9,9,"","","","","","","","","","","","","","","","","","","","","","","","","","","","","","","","","","","","","","","","","","","","","","","","","","","","","","","","","","","","","","","","","","","","","","","","","","","","","","","","","","","","","","","","","","","","","","","","","","","","","","","","","","","","","","","",""
"59183001","DUNKERQUE",51.055833,2.3395,11,1892060916,"","","","","","","","","","","","","","","","","","","","","","","","","","","","","","","","","","","","",16.4,9,6.2,9,"","","","","","","","","","","","","","","","","","","","","","","","","","",51,9,"","","","","","","","","","","","",9.5,9,1005.7,9,1003.5,9,"","","","","","","","","","","","","","","","","","","","","","","","","","","","","","","","","","","","","","","","","","","","","","","","","","","","","","","","","","","","","","","","","","","","","","","","","","","","","","","","","","","","","","","","","","","","","","","","","","","","","","","","","","","","","","","",""
"59183001","DUNKERQUE",51.055833,2.3395,11,1892060920,"","","","","","","","","","","","","","","","","","","","","","","","","","","","","","","","","","","","",15.,9,4.3,9,"","","","","","","","","","","","","","","","","","","","","","","","","","",49,9,"","","","","","","","","","","","",8.3,9,1004.5,9,1002.2,9,"","","","","","","","","","","","","","","","","","","","","","","","","","","","","","","","","","","","","","","","","","","","","","","","","","","","","","","","","","","","","","","","","","","","","","","","","","","","","","","","","","","","","","","","","","","","","","","","","","","","","","","","","","","","","","","",""
"59183001","DUNKERQUE",51.055833,2.3395,11,1892061007,"","","","","","","","","","","","","","","","","","","","","","","","","","","","","","","","","","","","",18.6,9,8.3,9,"","","","","","","","","","","","","","","","","","","","","","","","","","",51,9,"","","","","","","","","","","","",10.9,9,1001.,9,998.8,9,"","","","","","","","","","","","","","","","","","","","","","","","","","","","","","","","","","","","","","","","","","","","","","","","","","","","","","","","","","","","","","","","","","","","","","","","","","","","","","","","","","","","","","","","","","","","","","","","","","","","","","","","","","","","","","","",""
"59183001","DUNKERQUE",51.055833,2.3395,11,1892061010,"","","","","","","","","","","","","","","","","","","","","","","","","","","","","","","","","","","","",20.,9,7.,9,"","","","","","","","","","","","","","","","","","","","","","","","","","",43,9,"","","","","","","","","","","","",10.,9,999.2,9,997.,9,"","","","","","","","","","","","","","","","","","","","","","","","","","","","","","","","","","","","","","","","","","","","","","","","","","","","","","","","","","","","","","","","","","","","","","","","","","","","","","","","","","","","","","","","","","","","","","","","","","","","","","","","","","","","","","","",""
"59183001","DUNKERQUE",51.055833,2.3395,11,1892061012,"","","","","","","","","","","","","","","","","","","","","","","","","","","","","","","","","","","","",20.2,9,6.5,9,"","","","","","","","","","","","","","","","","","","","","","","","","","",41,9,"","","","","","","","","","","","",9.7,9,998.9,9,996.7,9,"","","","","","","","","","","","","","","","","","","","","","","","","","","","","","","","","","","","","","","","","","","","","","","","","","","","","","","","","","","","","","","","","","","","","","","","","","","","","","","","","","","","","","","","","","","","","","","","","","","","","","","","","","","","","","","",""
"59183001","DUNKERQUE",51.055833,2.3395,11,1892061016,"","","","","","","","","","","","","","","","","","","","","","","","","","","","","","","","","","","","",21.2,9,4.6,9,"","","","","","","","","","","","","","","","","","","","","","","","","","",34,9,"","","","","","","","","","","","",8.5,9,996.8,9,994.6,9,"","","","","","","","","","","","","","","","","","","","","","","","","","","","","","","","","","","","","","","","","","","","","","","","","","","","","","","","","","","","","","","","","","","","","","","","","","","","","","","","","","","","","","","","","","","","","","","","","","","","","","","","","","","","","","","",""
"59183001","DUNKERQUE",51.055833,2.3395,11,1892061020,"","","","","","","","","","","","","","","","","","","","","","","","","","","","","","","","","","","","",18.6,9,6.7,9,"","","","","","","","","","","","","","","","","","","","","","","","","","",46,9,"","","","","","","","","","","","",9.8,9,996.,9,993.8,9,"","","","","","","","","","","","","","","","","","","","","","","","","","","","","","","","","","","","","","","","","","","","","","","","","","","","","","","","","","","","","","","","","","","","","","","","","","","","","","","","","","","","","","","","","","","","","","","","","","","","","","","","","","","","","","","",""
"59183001","DUNKERQUE",51.055833,2.3395,11,1892061107,"","","","","","","","","","","","","","","","","","","","","","","","","","","","","","","","","","","","",12.,9,5.6,9,"","","","","","","","","","","","","","","","","","","","","","","","","","",65,9,"","","","","","","","","","","","",9.1,9,994.6,9,992.3,9,"","","","","","","","","","","","","","","","","","","","","","","","","","","","","","","","","","","","","","","","","","","","","","","","","","","","","","","","","","","","","","","","","","","","","","","","","","","","","","","","","","","","","","","","","","","","","","","","","","","","","","","","","","","","","","","",""
"59183001","DUNKERQUE",51.055833,2.3395,11,1892061110,"","","","","","","","","","","","","","","","","","","","","","","","","","","","","","","","","","","","",17.,9,4.3,9,"","","","","","","","","","","","","","","","","","","","","","","","","","",43,9,"","","","","","","","","","","","",8.3,9,994.5,9,992.3,9,"","","","","","","","","","","","","","","","","","","","","","","","","","","","","","","","","","","","","","","","","","","","","","","","","","","","","","","","","","","","","","","","","","","","","","","","","","","","","","","","","","","","","","","","","","","","","","","","","","","","","","","","","","","","","","","",""
"59183001","DUNKERQUE",51.055833,2.3395,11,1892061112,"","","","","","","","","","","","","","","","","","","","","","","","","","","","","","","","","","","","",16.8,9,3.4,9,"","","","","","","","","","","","","","","","","","","","","","","","","","",41,9,"","","","","","","","","","","","",7.8,9,994.2,9,992.,9,"","","","","","","","","","","","","","","","","","","","","","","","","","","","","","","","","","","","","","","","","","","","","","","","","","","","","","","","","","","","","","","","","","","","","","","","","","","","","","","","","","","","","","","","","","","","","","","","","","","","","","","","","","","","","","","",""
"59183001","DUNKERQUE",51.055833,2.3395,11,1892061116,"","","","","","","","","","","","","","","","","","","","","","","","","","","","","","","","","","","","",19.2,9,0.6,9,"","","","","","","","","","","","","","","","","","","","","","","","","","",29,9,"","","","","","","","","","","","",6.4,9,994.1,9,991.9,9,"","","","","","","","","","","","","","","","","","","","","","","","","","","","","","","","","","","","","","","","","","","","","","","","","","","","","","","","","","","","","","","","","","","","","","","","","","","","","","","","","","","","","","","","","","","","","","","","","","","","","","","","","","","","","","","",""
"59183001","DUNKERQUE",51.055833,2.3395,11,1892061120,"","","","","","","","","","","","","","","","","","","","","","","","","","","","","","","","","","","","",12.4,9,3.,9,"","","","","","","","","","","","","","","","","","","","","","","","","","",53,9,"","","","","","","","","","","","",7.6,9,994.2,9,992.,9,"","","","","","","","","","","","","","","","","","","","","","","","","","","","","","","","","","","","","","","","","","","","","","","","","","","","","","","","","","","","","","","","","","","","","","","","","","","","","","","","","","","","","","","","","","","","","","","","","","","","","","","","","","","","","","","",""
"59183001","DUNKERQUE",51.055833,2.3395,11,1892061207,"","","","","","","","","","","","","","","","","","","","","","","","","","","","","","","","","","","","",11.8,9,3.2,9,"","","","","","","","","","","","","","","","","","","","","","","","","","",56,9,"","","","","","","","","","","","",7.7,9,994.8,9,992.5,9,"","","","","","","","","","","","","","","","","","","","","","","","","","","","","","","","","","","","","","","","","","","","","","","","","","","","","","","","","","","","","","","","","","","","","","","","","","","","","","","","","","","","","","","","","","","","","","","","","","","","","","","","","","","","","","","",""
"59183001","DUNKERQUE",51.055833,2.3395,11,1892061210,"","","","","","","","","","","","","","","","","","","","","","","","","","","","","","","","","","","","",12.6,9,3.2,9,"","","","","","","","","","","","","","","","","","","","","","","","","","",53,9,"","","","","","","","","","","","",7.7,9,994.7,9,992.5,9,"","","","","","","","","","","","","","","","","","","","","","","","","","","","","","","","","","","","","","","","","","","","","","","","","","","","","","","","","","","","","","","","","","","","","","","","","","","","","","","","","","","","","","","","","","","","","","","","","","","","","","","","","","","","","","","",""
"59183001","DUNKERQUE",51.055833,2.3395,11,1892061212,"","","","","","","","","","","","","","","","","","","","","","","","","","","","","","","","","","","","",14.,9,2.9,9,"","","","","","","","","","","","","","","","","","","","","","","","","","",47,9,"","","","","","","","","","","","",7.5,9,994.7,9,992.5,9,"","","","","","","","","","","","","","","","","","","","","","","","","","","","","","","","","","","","","","","","","","","","","","","","","","","","","","","","","","","","","","","","","","","","","","","","","","","","","","","","","","","","","","","","","","","","","","","","","","","","","","","","","","","","","","","",""
"59183001","DUNKERQUE",51.055833,2.3395,11,1892061216,"","","","","","","","","","","","","","","","","","","","","","","","","","","","","","","","","","","","",14.8,9,3.,9,"","","","","","","","","","","","","","","","","","","","","","","","","","",45,9,"","","","","","","","","","","","",7.6,9,994.5,9,992.3,9,"","","","","","","","","","","","","","","","","","","","","","","","","","","","","","","","","","","","","","","","","","","","","","","","","","","","","","","","","","","","","","","","","","","","","","","","","","","","","","","","","","","","","","","","","","","","","","","","","","","","","","","","","","","","","","","",""
"59183001","DUNKERQUE",51.055833,2.3395,11,1892061220,"","","","","","","","","","","","","","","","","","","","","","","","","","","","","","","","","","","","",12.2,9,6.4,9,"","","","","","","","","","","","","","","","","","","","","","","","","","",68,9,"","","","","","","","","","","","",9.6,9,994.6,9,992.4,9,"","","","","","","","","","","","","","","","","","","","","","","","","","","","","","","","","","","","","","","","","","","","","","","","","","","","","","","","","","","","","","","","","","","","","","","","","","","","","","","","","","","","","","","","","","","","","","","","","","","","","","","","","","","","","","","",""
"59183001","DUNKERQUE",51.055833,2.3395,11,1892061307,"","","","","","","","","","","","","","","","","","","","","","","","","","","","","","","","","","","","",10.2,9,0.4,9,"","","","","","","","","","","","","","","","","","","","","","","","","","",51,9,"","","","","","","","","","","","",6.3,9,997.,9,994.7,9,"","","","","","","","","","","","","","","","","","","","","","","","","","","","","","","","","","","","","","","","","","","","","","","","","","","","","","","","","","","","","","","","","","","","","","","","","","","","","","","","","","","","","","","","","","","","","","","","","","","","","","","","","","","","","","","",""
"59183001","DUNKERQUE",51.055833,2.3395,11,1892061310,"","","","","","","","","","","","","","","","","","","","","","","","","","","","","","","","","","","","",11.8,9,-0.5,9,"","","","","","","","","","","","","","","","","","","","","","","","","","",43,9,"","","","","","","","","","","","",5.9,9,998.3,9,996.,9,"","","","","","","","","","","","","","","","","","","","","","","","","","","","","","","","","","","","","","","","","","","","","","","","","","","","","","","","","","","","","","","","","","","","","","","","","","","","","","","","","","","","","","","","","","","","","","","","","","","","","","","","","","","","","","","",""
"59183001","DUNKERQUE",51.055833,2.3395,11,1892061312,"","","","","","","","","","","","","","","","","","","","","","","","","","","","","","","","","","","","",14.,9,-4.2,9,"","","","","","","","","","","","","","","","","","","","","","","","","","",28,9,"","","","","","","","","","","","",4.5,9,999.6,9,997.3,9,"","","","","","","","","","","","","","","","","","","","","","","","","","","","","","","","","","","","","","","","","","","","","","","","","","","","","","","","","","","","","","","","","","","","","","","","","","","","","","","","","","","","","","","","","","","","","","","","","","","","","","","","","","","","","","","",""
"59183001","DUNKERQUE",51.055833,2.3395,11,1892061316,"","","","","","","","","","","","","","","","","","","","","","","","","","","","","","","","","","","","",13.2,9,-3.3,9,"","","","","","","","","","","","","","","","","","","","","","","","","","",32,9,"","","","","","","","","","","","",4.8,9,1000.6,9,998.3,9,"","","","","","","","","","","","","","","","","","","","","","","","","","","","","","","","","","","","","","","","","","","","","","","","","","","","","","","","","","","","","","","","","","","","","","","","","","","","","","","","","","","","","","","","","","","","","","","","","","","","","","","","","","","","","","","",""
"59183001","DUNKERQUE",51.055833,2.3395,11,1892061320,"","","","","","","","","","","","","","","","","","","","","","","","","","","","","","","","","","","","",10.2,9,0.,9,"","","","","","","","","","","","","","","","","","","","","","","","","","",49,9,"","","","","","","","","","","","",6.1,9,1001.,9,998.7,9,"","","","","","","","","","","","","","","","","","","","","","","","","","","","","","","","","","","","","","","","","","","","","","","","","","","","","","","","","","","","","","","","","","","","","","","","","","","","","","","","","","","","","","","","","","","","","","","","","","","","","","","","","","","","","","","",""
"59183001","DUNKERQUE",51.055833,2.3395,11,1892061407,"","","","","","","","","","","","","","","","","","","","","","","","","","","","","","","","","","","","",10.4,9,5.6,9,"","","","","","","","","","","","","","","","","","","","","","","","","","",72,9,"","","","","","","","","","","","",9.1,9,1002.1,9,999.8,9,"","","","","","","","","","","","","","","","","","","","","","","","","","","","","","","","","","","","","","","","","","","","","","","","","","","","","","","","","","","","","","","","","","","","","","","","","","","","","","","","","","","","","","","","","","","","","","","","","","","","","","","","","","","","","","","",""
"59183001","DUNKERQUE",51.055833,2.3395,11,1892061410,"","","","","","","","","","","","","","","","","","","","","","","","","","","","","","","","","","","","",11.2,9,7.8,9,"","","","","","","","","","","","","","","","","","","","","","","","","","",80,9,"","","","","","","","","","","","",10.6,9,1002.,9,999.7,9,"","","","","","","","","","","","","","","","","","","","","","","","","","","","","","","","","","","","","","","","","","","","","","","","","","","","","","","","","","","","","","","","","","","","","","","","","","","","","","","","","","","","","","","","","","","","","","","","","","","","","","","","","","","","","","","",""
"59183001","DUNKERQUE",51.055833,2.3395,11,1892061412,"","","","","","","","","","","","","","","","","","","","","","","","","","","","","","","","","","","","",12.4,9,7.1,9,"","","","","","","","","","","","","","","","","","","","","","","","","","",70,9,"","","","","","","","","","","","",10.1,9,1002.1,9,999.8,9,"","","","","","","","","","","","","","","","","","","","","","","","","","","","","","","","","","","","","","","","","","","","","","","","","","","","","","","","","","","","","","","","","","","","","","","","","","","","","","","","","","","","","","","","","","","","","","","","","","","","","","","","","","","","","","","",""
"59183001","DUNKERQUE",51.055833,2.3395,11,1892061416,"","","","","","","","","","","","","","","","","","","","","","","","","","","","","","","","","","","","",11.4,9,2.7,9,"","","","","","","","","","","","","","","","","","","","","","","","","","",55,9,"","","","","","","","","","","","",7.4,9,1001.2,9,998.9,9,"","","","","","","","","","","","","","","","","","","","","","","","","","","","","","","","","","","","","","","","","","","","","","","","","","","","","","","","","","","","","","","","","","","","","","","","","","","","","","","","","","","","","","","","","","","","","","","","","","","","","","","","","","","","","","","",""
"59183001","DUNKERQUE",51.055833,2.3395,11,1892061420,"","","","","","","","","","","","","","","","","","","","","","","","","","","","","","","","","","","","",10.2,9,0.,9,"","","","","","","","","","","","","","","","","","","","","","","","","","",49,9,"","","","","","","","","","","","",6.1,9,1001.3,9,999.,9,"","","","","","","","","","","","","","","","","","","","","","","","","","","","","","","","","","","","","","","","","","","","","","","","","","","","","","","","","","","","","","","","","","","","","","","","","","","","","","","","","","","","","","","","","","","","","","","","","","","","","","","","","","","","","","","",""
"59183001","DUNKERQUE",51.055833,2.3395,11,1892061507,"","","","","","","","","","","","","","","","","","","","","","","","","","","","","","","","","","","","",10.6,9,-1.4,9,"","","","","","","","","","","","","","","","","","","","","","","","","","",43,9,"","","","","","","","","","","","",5.5,9,999.9,9,997.6,9,"","","","","","","","","","","","","","","","","","","","","","","","","","","","","","","","","","","","","","","","","","","","","","","","","","","","","","","","","","","","","","","","","","","","","","","","","","","","","","","","","","","","","","","","","","","","","","","","","","","","","","","","","","","","","","","",""
"59183001","DUNKERQUE",51.055833,2.3395,11,1892061510,"","","","","","","","","","","","","","","","","","","","","","","","","","","","","","","","","","","","",13.2,9,-3.3,9,"","","","","","","","","","","","","","","","","","","","","","","","","","",32,9,"","","","","","","","","","","","",4.8,9,999.9,9,997.6,9,"","","","","","","","","","","","","","","","","","","","","","","","","","","","","","","","","","","","","","","","","","","","","","","","","","","","","","","","","","","","","","","","","","","","","","","","","","","","","","","","","","","","","","","","","","","","","","","","","","","","","","","","","","","","","","","",""
"59183001","DUNKERQUE",51.055833,2.3395,11,1892061512,"","","","","","","","","","","","","","","","","","","","","","","","","","","","","","","","","","","","",13.8,9,-3.6,9,"","","","","","","","","","","","","","","","","","","","","","","","","","",30,9,"","","","","","","","","","","","",4.7,9,999.9,9,997.6,9,"","","","","","","","","","","","","","","","","","","","","","","","","","","","","","","","","","","","","","","","","","","","","","","","","","","","","","","","","","","","","","","","","","","","","","","","","","","","","","","","","","","","","","","","","","","","","","","","","","","","","","","","","","","","","","","",""
"59183001","DUNKERQUE",51.055833,2.3395,11,1892061516,"","","","","","","","","","","","","","","","","","","","","","","","","","","","","","","","","","","","",14.6,9,-1.4,9,"","","","","","","","","","","","","","","","","","","","","","","","","","",33,9,"","","","","","","","","","","","",5.5,9,999.5,9,997.3,9,"","","","","","","","","","","","","","","","","","","","","","","","","","","","","","","","","","","","","","","","","","","","","","","","","","","","","","","","","","","","","","","","","","","","","","","","","","","","","","","","","","","","","","","","","","","","","","","","","","","","","","","","","","","","","","","",""
"59183001","DUNKERQUE",51.055833,2.3395,11,1892061520,"","","","","","","","","","","","","","","","","","","","","","","","","","","","","","","","","","","","",10.8,9,-1.2,9,"","","","","","","","","","","","","","","","","","","","","","","","","","",43,9,"","","","","","","","","","","","",5.6,9,999.8,9,997.5,9,"","","","","","","","","","","","","","","","","","","","","","","","","","","","","","","","","","","","","","","","","","","","","","","","","","","","","","","","","","","","","","","","","","","","","","","","","","","","","","","","","","","","","","","","","","","","","","","","","","","","","","","","","","","","","","","",""
"59183001","DUNKERQUE",51.055833,2.3395,11,1892061607,"","","","","","","","","","","","","","","","","","","","","","","","","","","","","","","","","","","","",10.2,9,2.3,9,"","","","","","","","","","","","","","","","","","","","","","","","","","",58,9,"","","","","","","","","","","","",7.2,9,999.8,9,997.5,9,"","","","","","","","","","","","","","","","","","","","","","","","","","","","","","","","","","","","","","","","","","","","","","","","","","","","","","","","","","","","","","","","","","","","","","","","","","","","","","","","","","","","","","","","","","","","","","","","","","","","","","","","","","","","","","","",""
"59183001","DUNKERQUE",51.055833,2.3395,11,1892061610,"","","","","","","","","","","","","","","","","","","","","","","","","","","","","","","","","","","","",17.8,9,1.3,9,"","","","","","","","","","","","","","","","","","","","","","","","","","",33,9,"","","","","","","","","","","","",6.7,9,998.4,9,996.2,9,"","","","","","","","","","","","","","","","","","","","","","","","","","","","","","","","","","","","","","","","","","","","","","","","","","","","","","","","","","","","","","","","","","","","","","","","","","","","","","","","","","","","","","","","","","","","","","","","","","","","","","","","","","","","","","","",""
"59183001","DUNKERQUE",51.055833,2.3395,11,1892061612,"","","","","","","","","","","","","","","","","","","","","","","","","","","","","","","","","","","","",16.4,9,-1.2,9,"","","","","","","","","","","","","","","","","","","","","","","","","","",30,9,"","","","","","","","","","","","",5.6,9,998.2,9,996.,9,"","","","","","","","","","","","","","","","","","","","","","","","","","","","","","","","","","","","","","","","","","","","","","","","","","","","","","","","","","","","","","","","","","","","","","","","","","","","","","","","","","","","","","","","","","","","","","","","","","","","","","","","","","","","","","","",""
"59183001","DUNKERQUE",51.055833,2.3395,11,1892061616,"","","","","","","","","","","","","","","","","","","","","","","","","","","","","","","","","","","","",16.,9,2.5,9,"","","","","","","","","","","","","","","","","","","","","","","","","","",40,9,"","","","","","","","","","","","",7.3,9,998.1,9,995.9,9,"","","","","","","","","","","","","","","","","","","","","","","","","","","","","","","","","","","","","","","","","","","","","","","","","","","","","","","","","","","","","","","","","","","","","","","","","","","","","","","","","","","","","","","","","","","","","","","","","","","","","","","","","","","","","","","",""
"59183001","DUNKERQUE",51.055833,2.3395,11,1892061620,"","","","","","","","","","","","","","","","","","","","","","","","","","","","","","","","","","","","",12.8,9,4.5,9,"","","","","","","","","","","","","","","","","","","","","","","","","","",57,9,"","","","","","","","","","","","",8.4,9,998.3,9,996.,9,"","","","","","","","","","","","","","","","","","","","","","","","","","","","","","","","","","","","","","","","","","","","","","","","","","","","","","","","","","","","","","","","","","","","","","","","","","","","","","","","","","","","","","","","","","","","","","","","","","","","","","","","","","","","","","","",""
"59183001","DUNKERQUE",51.055833,2.3395,11,1892061707,"","","","","","","","","","","","","","","","","","","","","","","","","","","","","","","","","","","","",11.8,9,3.2,9,"","","","","","","","","","","","","","","","","","","","","","","","","","",56,9,"","","","","","","","","","","","",7.7,9,997.9,9,995.6,9,"","","","","","","","","","","","","","","","","","","","","","","","","","","","","","","","","","","","","","","","","","","","","","","","","","","","","","","","","","","","","","","","","","","","","","","","","","","","","","","","","","","","","","","","","","","","","","","","","","","","","","","","","","","","","","","",""
"59183001","DUNKERQUE",51.055833,2.3395,11,1892061710,"","","","","","","","","","","","","","","","","","","","","","","","","","","","","","","","","","","","",13.,9,1.3,9,"","","","","","","","","","","","","","","","","","","","","","","","","","",45,9,"","","","","","","","","","","","",6.7,9,997.9,9,995.6,9,"","","","","","","","","","","","","","","","","","","","","","","","","","","","","","","","","","","","","","","","","","","","","","","","","","","","","","","","","","","","","","","","","","","","","","","","","","","","","","","","","","","","","","","","","","","","","","","","","","","","","","","","","","","","","","","",""
"59183001","DUNKERQUE",51.055833,2.3395,11,1892061712,"","","","","","","","","","","","","","","","","","","","","","","","","","","","","","","","","","","","",12.2,9,-0.3,9,"","","","","","","","","","","","","","","","","","","","","","","","","","",42,9,"","","","","","","","","","","","",6.,9,997.8,9,995.5,9,"","","","","","","","","","","","","","","","","","","","","","","","","","","","","","","","","","","","","","","","","","","","","","","","","","","","","","","","","","","","","","","","","","","","","","","","","","","","","","","","","","","","","","","","","","","","","","","","","","","","","","","","","","","","","","","",""
"59183001","DUNKERQUE",51.055833,2.3395,11,1892061716,"","","","","","","","","","","","","","","","","","","","","","","","","","","","","","","","","","","","",15.,9,-5.4,9,"","","","","","","","","","","","","","","","","","","","","","","","","","",24,9,"","","","","","","","","","","","",4.1,9,997.7,9,995.5,9,"","","","","","","","","","","","","","","","","","","","","","","","","","","","","","","","","","","","","","","","","","","","","","","","","","","","","","","","","","","","","","","","","","","","","","","","","","","","","","","","","","","","","","","","","","","","","","","","","","","","","","","","","","","","","","","",""
"59183001","DUNKERQUE",51.055833,2.3395,11,1892061720,"","","","","","","","","","","","","","","","","","","","","","","","","","","","","","","","","","","","",12.,9,1.3,9,"","","","","","","","","","","","","","","","","","","","","","","","","","",48,9,"","","","","","","","","","","","",6.7,9,997.8,9,995.5,9,"","","","","","","","","","","","","","","","","","","","","","","","","","","","","","","","","","","","","","","","","","","","","","","","","","","","","","","","","","","","","","","","","","","","","","","","","","","","","","","","","","","","","","","","","","","","","","","","","","","","","","","","","","","","","","","",""
"59183001","DUNKERQUE",51.055833,2.3395,11,1892061807,"","","","","","","","","","","","","","","","","","","","","","","","","","","","","","","","","","","","",11.,9,1.5,9,"","","","","","","","","","","","","","","","","","","","","","","","","","",52,9,"","","","","","","","","","","","",6.8,9,998.6,9,996.3,9,"","","","","","","","","","","","","","","","","","","","","","","","","","","","","","","","","","","","","","","","","","","","","","","","","","","","","","","","","","","","","","","","","","","","","","","","","","","","","","","","","","","","","","","","","","","","","","","","","","","","","","","","","","","","","","","",""
"59183001","DUNKERQUE",51.055833,2.3395,11,1892061810,"","","","","","","","","","","","","","","","","","","","","","","","","","","","","","","","","","","","",12.,9,-1.,9,"","","","","","","","","","","","","","","","","","","","","","","","","","",41,9,"","","","","","","","","","","","",5.7,9,998.6,9,996.3,9,"","","","","","","","","","","","","","","","","","","","","","","","","","","","","","","","","","","","","","","","","","","","","","","","","","","","","","","","","","","","","","","","","","","","","","","","","","","","","","","","","","","","","","","","","","","","","","","","","","","","","","","","","","","","","","","",""
"59183001","DUNKERQUE",51.055833,2.3395,11,1892061812,"","","","","","","","","","","","","","","","","","","","","","","","","","","","","","","","","","","","",15.2,9,-2.7,9,"","","","","","","","","","","","","","","","","","","","","","","","","","",29,9,"","","","","","","","","","","","",5.,9,998.4,9,996.2,9,"","","","","","","","","","","","","","","","","","","","","","","","","","","","","","","","","","","","","","","","","","","","","","","","","","","","","","","","","","","","","","","","","","","","","","","","","","","","","","","","","","","","","","","","","","","","","","","","","","","","","","","","","","","","","","","",""
"59183001","DUNKERQUE",51.055833,2.3395,11,1892061816,"","","","","","","","","","","","","","","","","","","","","","","","","","","","","","","","","","","","",16.,9,-2.5,9,"","","","","","","","","","","","","","","","","","","","","","","","","","",28,9,"","","","","","","","","","","","",5.1,9,998.1,9,995.9,9,"","","","","","","","","","","","","","","","","","","","","","","","","","","","","","","","","","","","","","","","","","","","","","","","","","","","","","","","","","","","","","","","","","","","","","","","","","","","","","","","","","","","","","","","","","","","","","","","","","","","","","","","","","","","","","","",""
"59183001","DUNKERQUE",51.055833,2.3395,11,1892061820,"","","","","","","","","","","","","","","","","","","","","","","","","","","","","","","","","","","","",14.4,9,-4.8,9,"","","","","","","","","","","","","","","","","","","","","","","","","","",26,9,"","","","","","","","","","","","",4.3,9,998.3,9,996.1,9,"","","","","","","","","","","","","","","","","","","","","","","","","","","","","","","","","","","","","","","","","","","","","","","","","","","","","","","","","","","","","","","","","","","","","","","","","","","","","","","","","","","","","","","","","","","","","","","","","","","","","","","","","","","","","","","",""
"59183001","DUNKERQUE",51.055833,2.3395,11,1892061907,"","","","","","","","","","","","","","","","","","","","","","","","","","","","","","","","","","","","",12.,9,1.9,9,"","","","","","","","","","","","","","","","","","","","","","","","","","",50,9,"","","","","","","","","","","","",7.,9,997.2,9,994.9,9,"","","","","","","","","","","","","","","","","","","","","","","","","","","","","","","","","","","","","","","","","","","","","","","","","","","","","","","","","","","","","","","","","","","","","","","","","","","","","","","","","","","","","","","","","","","","","","","","","","","","","","","","","","","","","","","",""
"59183001","DUNKERQUE",51.055833,2.3395,11,1892061910,"","","","","","","","","","","","","","","","","","","","","","","","","","","","","","","","","","","","",14.6,9,-1.4,9,"","","","","","","","","","","","","","","","","","","","","","","","","","",33,9,"","","","","","","","","","","","",5.5,9,997.,9,994.8,9,"","","","","","","","","","","","","","","","","","","","","","","","","","","","","","","","","","","","","","","","","","","","","","","","","","","","","","","","","","","","","","","","","","","","","","","","","","","","","","","","","","","","","","","","","","","","","","","","","","","","","","","","","","","","","","","",""
"59183001","DUNKERQUE",51.055833,2.3395,11,1892061912,"","","","","","","","","","","","","","","","","","","","","","","","","","","","","","","","","","","","",17.4,9,-3.9,9,"","","","","","","","","","","","","","","","","","","","","","","","","","",23,9,"","","","","","","","","","","","",4.6,9,996.9,9,994.7,9,"","","","","","","","","","","","","","","","","","","","","","","","","","","","","","","","","","","","","","","","","","","","","","","","","","","","","","","","","","","","","","","","","","","","","","","","","","","","","","","","","","","","","","","","","","","","","","","","","","","","","","","","","","","","","","","",""
"59183001","DUNKERQUE",51.055833,2.3395,11,1892061916,"","","","","","","","","","","","","","","","","","","","","","","","","","","","","","","","","","","","",16.,9,-2.5,9,"","","","","","","","","","","","","","","","","","","","","","","","","","",28,9,"","","","","","","","","","","","",5.1,9,996.7,9,994.5,9,"","","","","","","","","","","","","","","","","","","","","","","","","","","","","","","","","","","","","","","","","","","","","","","","","","","","","","","","","","","","","","","","","","","","","","","","","","","","","","","","","","","","","","","","","","","","","","","","","","","","","","","","","","","","","","","",""
"59183001","DUNKERQUE",51.055833,2.3395,11,1892061920,"","","","","","","","","","","","","","","","","","","","","","","","","","","","","","","","","","","","",12.6,9,1.1,9,"","","","","","","","","","","","","","","","","","","","","","","","","","",45,9,"","","","","","","","","","","","",6.6,9,997.,9,994.7,9,"","","","","","","","","","","","","","","","","","","","","","","","","","","","","","","","","","","","","","","","","","","","","","","","","","","","","","","","","","","","","","","","","","","","","","","","","","","","","","","","","","","","","","","","","","","","","","","","","","","","","","","","","","","","","","","",""
"59183001","DUNKERQUE",51.055833,2.3395,11,1892062007,"","","","","","","","","","","","","","","","","","","","","","","","","","","","","","","","","","","","",11.4,9,3.4,9,"","","","","","","","","","","","","","","","","","","","","","","","","","",58,9,"","","","","","","","","","","","",7.8,9,997.2,9,994.9,9,"","","","","","","","","","","","","","","","","","","","","","","","","","","","","","","","","","","","","","","","","","","","","","","","","","","","","","","","","","","","","","","","","","","","","","","","","","","","","","","","","","","","","","","","","","","","","","","","","","","","","","","","","","","","","","","",""
"59183001","DUNKERQUE",51.055833,2.3395,11,1892062010,"","","","","","","","","","","","","","","","","","","","","","","","","","","","","","","","","","","","",14.8,9,-0.3,9,"","","","","","","","","","","","","","","","","","","","","","","","","","",36,9,"","","","","","","","","","","","",6.,9,997.,9,994.8,9,"","","","","","","","","","","","","","","","","","","","","","","","","","","","","","","","","","","","","","","","","","","","","","","","","","","","","","","","","","","","","","","","","","","","","","","","","","","","","","","","","","","","","","","","","","","","","","","","","","","","","","","","","","","","","","","",""
"59183001","DUNKERQUE",51.055833,2.3395,11,1892062012,"","","","","","","","","","","","","","","","","","","","","","","","","","","","","","","","","","","","",16.,9,-1.2,9,"","","","","","","","","","","","","","","","","","","","","","","","","","",31,9,"","","","","","","","","","","","",5.6,9,996.9,9,994.7,9,"","","","","","","","","","","","","","","","","","","","","","","","","","","","","","","","","","","","","","","","","","","","","","","","","","","","","","","","","","","","","","","","","","","","","","","","","","","","","","","","","","","","","","","","","","","","","","","","","","","","","","","","","","","","","","","",""
"59183001","DUNKERQUE",51.055833,2.3395,11,1892062016,"","","","","","","","","","","","","","","","","","","","","","","","","","","","","","","","","","","","",18.8,9,-4.8,9,"","","","","","","","","","","","","","","","","","","","","","","","","","",20,9,"","","","","","","","","","","","",4.3,9,996.5,9,994.3,9,"","","","","","","","","","","","","","","","","","","","","","","","","","","","","","","","","","","","","","","","","","","","","","","","","","","","","","","","","","","","","","","","","","","","","","","","","","","","","","","","","","","","","","","","","","","","","","","","","","","","","","","","","","","","","","","",""
"59183001","DUNKERQUE",51.055833,2.3395,11,1892062020,"","","","","","","","","","","","","","","","","","","","","","","","","","","","","","","","","","","","",12.8,9,7.,9,"","","","","","","","","","","","","","","","","","","","","","","","","","",68,9,"","","","","","","","","","","","",10.,9,996.7,9,994.5,9,"","","","","","","","","","","","","","","","","","","","","","","","","","","","","","","","","","","","","","","","","","","","","","","","","","","","","","","","","","","","","","","","","","","","","","","","","","","","","","","","","","","","","","","","","","","","","","","","","","","","","","","","","","","","","","","",""
"59183001","DUNKERQUE",51.055833,2.3395,11,1892062107,"","","","","","","","","","","","","","","","","","","","","","","","","","","","","","","","","","","","",14.8,9,3.,9,"","","","","","","","","","","","","","","","","","","","","","","","","","",45,9,"","","","","","","","","","","","",7.6,9,996.3,9,994.1,9,"","","","","","","","","","","","","","","","","","","","","","","","","","","","","","","","","","","","","","","","","","","","","","","","","","","","","","","","","","","","","","","","","","","","","","","","","","","","","","","","","","","","","","","","","","","","","","","","","","","","","","","","","","","","","","","",""
"59183001","DUNKERQUE",51.055833,2.3395,11,1892062110,"","","","","","","","","","","","","","","","","","","","","","","","","","","","","","","","","","","","",17.2,9,2.3,9,"","","","","","","","","","","","","","","","","","","","","","","","","","",37,9,"","","","","","","","","","","","",7.2,9,996.2,9,994.,9,"","","","","","","","","","","","","","","","","","","","","","","","","","","","","","","","","","","","","","","","","","","","","","","","","","","","","","","","","","","","","","","","","","","","","","","","","","","","","","","","","","","","","","","","","","","","","","","","","","","","","","","","","","","","","","","",""
"59183001","DUNKERQUE",51.055833,2.3395,11,1892062112,"","","","","","","","","","","","","","","","","","","","","","","","","","","","","","","","","","","","",16.8,9,3.,9,"","","","","","","","","","","","","","","","","","","","","","","","","","",40,9,"","","","","","","","","","","","",7.6,9,996.7,9,994.5,9,"","","","","","","","","","","","","","","","","","","","","","","","","","","","","","","","","","","","","","","","","","","","","","","","","","","","","","","","","","","","","","","","","","","","","","","","","","","","","","","","","","","","","","","","","","","","","","","","","","","","","","","","","","","","","","","",""
"59183001","DUNKERQUE",51.055833,2.3395,11,1892062116,"","","","","","","","","","","","","","","","","","","","","","","","","","","","","","","","","","","","",17.,9,4.3,9,"","","","","","","","","","","","","","","","","","","","","","","","","","",43,9,"","","","","","","","","","","","",8.3,9,996.6,9,994.4,9,"","","","","","","","","","","","","","","","","","","","","","","","","","","","","","","","","","","","","","","","","","","","","","","","","","","","","","","","","","","","","","","","","","","","","","","","","","","","","","","","","","","","","","","","","","","","","","","","","","","","","","","","","","","","","","","",""
"59183001","DUNKERQUE",51.055833,2.3395,11,1892062120,"","","","","","","","","","","","","","","","","","","","","","","","","","","","","","","","","","","","",14.8,9,5.,9,"","","","","","","","","","","","","","","","","","","","","","","","","","",52,9,"","","","","","","","","","","","",8.7,9,996.6,9,994.4,9,"","","","","","","","","","","","","","","","","","","","","","","","","","","","","","","","","","","","","","","","","","","","","","","","","","","","","","","","","","","","","","","","","","","","","","","","","","","","","","","","","","","","","","","","","","","","","","","","","","","","","","","","","","","","","","","",""
"59183001","DUNKERQUE",51.055833,2.3395,11,1892062207,"","","","","","","","","","","","","","","","","","","","","","","","","","","","","","","","","","","","",15.2,9,7.7,9,"","","","","","","","","","","","","","","","","","","","","","","","","","",61,9,"","","","","","","","","","","","",10.5,9,997.7,9,995.5,9,"","","","","","","","","","","","","","","","","","","","","","","","","","","","","","","","","","","","","","","","","","","","","","","","","","","","","","","","","","","","","","","","","","","","","","","","","","","","","","","","","","","","","","","","","","","","","","","","","","","","","","","","","","","","","","","",""
"59183001","DUNKERQUE",51.055833,2.3395,11,1892062210,"","","","","","","","","","","","","","","","","","","","","","","","","","","","","","","","","","","","",17.6,9,7.8,9,"","","","","","","","","","","","","","","","","","","","","","","","","","",53,9,"","","","","","","","","","","","",10.6,9,997.6,9,995.4,9,"","","","","","","","","","","","","","","","","","","","","","","","","","","","","","","","","","","","","","","","","","","","","","","","","","","","","","","","","","","","","","","","","","","","","","","","","","","","","","","","","","","","","","","","","","","","","","","","","","","","","","","","","","","","","","","",""
"59183001","DUNKERQUE",51.055833,2.3395,11,1892062212,"","","","","","","","","","","","","","","","","","","","","","","","","","","","","","","","","","","","",19.2,9,6.7,9,"","","","","","","","","","","","","","","","","","","","","","","","","","",44,9,"","","","","","","","","","","","",9.8,9,997.5,9,995.3,9,"","","","","","","","","","","","","","","","","","","","","","","","","","","","","","","","","","","","","","","","","","","","","","","","","","","","","","","","","","","","","","","","","","","","","","","","","","","","","","","","","","","","","","","","","","","","","","","","","","","","","","","","","","","","","","","",""
"59183001","DUNKERQUE",51.055833,2.3395,11,1892062216,"","","","","","","","","","","","","","","","","","","","","","","","","","","","","","","","","","","","",17.6,9,5.8,9,"","","","","","","","","","","","","","","","","","","","","","","","","","",46,9,"","","","","","","","","","","","",9.2,9,997.4,9,995.2,9,"","","","","","","","","","","","","","","","","","","","","","","","","","","","","","","","","","","","","","","","","","","","","","","","","","","","","","","","","","","","","","","","","","","","","","","","","","","","","","","","","","","","","","","","","","","","","","","","","","","","","","","","","","","","","","","",""
"59183001","DUNKERQUE",51.055833,2.3395,11,1892062220,"","","","","","","","","","","","","","","","","","","","","","","","","","","","","","","","","","","","",15.,9,3.2,9,"","","","","","","","","","","","","","","","","","","","","","","","","","",45,9,"","","","","","","","","","","","",7.7,9,995.8,9,993.6,9,"","","","","","","","","","","","","","","","","","","","","","","","","","","","","","","","","","","","","","","","","","","","","","","","","","","","","","","","","","","","","","","","","","","","","","","","","","","","","","","","","","","","","","","","","","","","","","","","","","","","","","","","","","","","","","","",""
"59183001","DUNKERQUE",51.055833,2.3395,11,1892062307,"","","","","","","","","","","","","","","","","","","","","","","","","","","","","","","","","","","","",10.6,9,4.5,9,"","","","","","","","","","","","","","","","","","","","","","","","","","",66,9,"","","","","","","","","","","","",8.4,9,986.1,9,983.9,9,"","","","","","","","","","","","","","","","","","","","","","","","","","","","","","","","","","","","","","","","","","","","","","","","","","","","","","","","","","","","","","","","","","","","","","","","","","","","","","","","","","","","","","","","","","","","","","","","","","","","","","","","","","","","","","","",""
"59183001","DUNKERQUE",51.055833,2.3395,11,1892062310,"","","","","","","","","","","","","","","","","","","","","","","","","","","","","","","","","","","","",15.,9,7.,9,"","","","","","","","","","","","","","","","","","","","","","","","","","",59,9,"","","","","","","","","","","","",10.,9,982.1,9,979.9,9,"","","","","","","","","","","","","","","","","","","","","","","","","","","","","","","","","","","","","","","","","","","","","","","","","","","","","","","","","","","","","","","","","","","","","","","","","","","","","","","","","","","","","","","","","","","","","","","","","","","","","","","","","","","","","","","",""
"59183001","DUNKERQUE",51.055833,2.3395,11,1892062312,"","","","","","","","","","","","","","","","","","","","","","","","","","","","","","","","","","","","",17.2,9,6.4,9,"","","","","","","","","","","","","","","","","","","","","","","","","","",49,9,"","","","","","","","","","","","",9.6,9,980.5,9,978.3,9,"","","","","","","","","","","","","","","","","","","","","","","","","","","","","","","","","","","","","","","","","","","","","","","","","","","","","","","","","","","","","","","","","","","","","","","","","","","","","","","","","","","","","","","","","","","","","","","","","","","","","","","","","","","","","","","",""
"59183001","DUNKERQUE",51.055833,2.3395,11,1892062316,"","","","","","","","","","","","","","","","","","","","","","","","","","","","","","","","","","","","",12.2,9,4.5,9,"","","","","","","","","","","","","","","","","","","","","","","","","","",59,9,"","","","","","","","","","","","",8.4,9,985.7,9,983.5,9,"","","","","","","","","","","","","","","","","","","","","","","","","","","","","","","","","","","","","","","","","","","","","","","","","","","","","","","","","","","","","","","","","","","","","","","","","","","","","","","","","","","","","","","","","","","","","","","","","","","","","","","","","","","","","","","",""
"59183001","DUNKERQUE",51.055833,2.3395,11,1892062320,"","","","","","","","","","","","","","","","","","","","","","","","","","","","","","","","","","","","",12.8,9,3.4,9,"","","","","","","","","","","","","","","","","","","","","","","","","","",53,9,"","","","","","","","","","","","",7.8,9,989.1,9,986.9,9,"","","","","","","","","","","","","","","","","","","","","","","","","","","","","","","","","","","","","","","","","","","","","","","","","","","","","","","","","","","","","","","","","","","","","","","","","","","","","","","","","","","","","","","","","","","","","","","","","","","","","","","","","","","","","","","",""
"59183001","DUNKERQUE",51.055833,2.3395,11,1892062407,"","","","","","","","","","","","","","","","","","","","","","","","","","","","","","","","","","","","",14.,9,5.1,9,"","","","","","","","","","","","","","","","","","","","","","","","","","",55,9,"","","","","","","","","","","","",8.8,9,996.9,9,994.7,9,"","","","","","","","","","","","","","","","","","","","","","","","","","","","","","","","","","","","","","","","","","","","","","","","","","","","","","","","","","","","","","","","","","","","","","","","","","","","","","","","","","","","","","","","","","","","","","","","","","","","","","","","","","","","","","","",""
"59183001","DUNKERQUE",51.055833,2.3395,11,1892062410,"","","","","","","","","","","","","","","","","","","","","","","","","","","","","","","","","","","","",16.8,9,3.4,9,"","","","","","","","","","","","","","","","","","","","","","","","","","",41,9,"","","","","","","","","","","","",7.8,9,998.1,9,995.9,9,"","","","","","","","","","","","","","","","","","","","","","","","","","","","","","","","","","","","","","","","","","","","","","","","","","","","","","","","","","","","","","","","","","","","","","","","","","","","","","","","","","","","","","","","","","","","","","","","","","","","","","","","","","","","","","","",""
"59183001","DUNKERQUE",51.055833,2.3395,11,1892062412,"","","","","","","","","","","","","","","","","","","","","","","","","","","","","","","","","","","","",18.2,9,3.9,9,"","","","","","","","","","","","","","","","","","","","","","","","","","",39,9,"","","","","","","","","","","","",8.1,9,998.,9,995.8,9,"","","","","","","","","","","","","","","","","","","","","","","","","","","","","","","","","","","","","","","","","","","","","","","","","","","","","","","","","","","","","","","","","","","","","","","","","","","","","","","","","","","","","","","","","","","","","","","","","","","","","","","","","","","","","","","",""
"59183001","DUNKERQUE",51.055833,2.3395,11,1892062416,"","","","","","","","","","","","","","","","","","","","","","","","","","","","","","","","","","","","",19.4,9,3.6,9,"","","","","","","","","","","","","","","","","","","","","","","","","","",35,9,"","","","","","","","","","","","",7.9,9,997.6,9,995.4,9,"","","","","","","","","","","","","","","","","","","","","","","","","","","","","","","","","","","","","","","","","","","","","","","","","","","","","","","","","","","","","","","","","","","","","","","","","","","","","","","","","","","","","","","","","","","","","","","","","","","","","","","","","","","","","","","",""
"59183001","DUNKERQUE",51.055833,2.3395,11,1892062420,"","","","","","","","","","","","","","","","","","","","","","","","","","","","","","","","","","","","",16.4,9,2.5,9,"","","","","","","","","","","","","","","","","","","","","","","","","","",39,9,"","","","","","","","","","","","",7.3,9,997.7,9,995.5,9,"","","","","","","","","","","","","","","","","","","","","","","","","","","","","","","","","","","","","","","","","","","","","","","","","","","","","","","","","","","","","","","","","","","","","","","","","","","","","","","","","","","","","","","","","","","","","","","","","","","","","","","","","","","","","","","",""
"59183001","DUNKERQUE",51.055833,2.3395,11,1892062507,"","","","","","","","","","","","","","","","","","","","","","","","","","","","","","","","","","","","",14.8,9,3.,9,"","","","","","","","","","","","","","","","","","","","","","","","","","",45,9,"","","","","","","","","","","","",7.6,9,997.9,9,995.7,9,"","","","","","","","","","","","","","","","","","","","","","","","","","","","","","","","","","","","","","","","","","","","","","","","","","","","","","","","","","","","","","","","","","","","","","","","","","","","","","","","","","","","","","","","","","","","","","","","","","","","","","","","","","","","","","","",""
"59183001","DUNKERQUE",51.055833,2.3395,11,1892062510,"","","","","","","","","","","","","","","","","","","","","","","","","","","","","","","","","","","","",18.,9,4.8,9,"","","","","","","","","","","","","","","","","","","","","","","","","","",42,9,"","","","","","","","","","","","",8.6,9,997.9,9,995.7,9,"","","","","","","","","","","","","","","","","","","","","","","","","","","","","","","","","","","","","","","","","","","","","","","","","","","","","","","","","","","","","","","","","","","","","","","","","","","","","","","","","","","","","","","","","","","","","","","","","","","","","","","","","","","","","","","",""
"59183001","DUNKERQUE",51.055833,2.3395,11,1892062512,"","","","","","","","","","","","","","","","","","","","","","","","","","","","","","","","","","","","",18.6,9,0.6,9,"","","","","","","","","","","","","","","","","","","","","","","","","","",30,9,"","","","","","","","","","","","",6.4,9,997.8,9,995.6,9,"","","","","","","","","","","","","","","","","","","","","","","","","","","","","","","","","","","","","","","","","","","","","","","","","","","","","","","","","","","","","","","","","","","","","","","","","","","","","","","","","","","","","","","","","","","","","","","","","","","","","","","","","","","","","","","",""
"59183001","DUNKERQUE",51.055833,2.3395,11,1892062516,"","","","","","","","","","","","","","","","","","","","","","","","","","","","","","","","","","","","",19.,9,2.3,9,"","","","","","","","","","","","","","","","","","","","","","","","","","",33,9,"","","","","","","","","","","","",7.2,9,997.7,9,995.5,9,"","","","","","","","","","","","","","","","","","","","","","","","","","","","","","","","","","","","","","","","","","","","","","","","","","","","","","","","","","","","","","","","","","","","","","","","","","","","","","","","","","","","","","","","","","","","","","","","","","","","","","","","","","","","","","","",""
"59183001","DUNKERQUE",51.055833,2.3395,11,1892062520,"","","","","","","","","","","","","","","","","","","","","","","","","","","","","","","","","","","","",15.2,9,3.9,9,"","","","","","","","","","","","","","","","","","","","","","","","","","",47,9,"","","","","","","","","","","","",8.1,9,997.8,9,995.6,9,"","","","","","","","","","","","","","","","","","","","","","","","","","","","","","","","","","","","","","","","","","","","","","","","","","","","","","","","","","","","","","","","","","","","","","","","","","","","","","","","","","","","","","","","","","","","","","","","","","","","","","","","","","","","","","","",""
"59183001","DUNKERQUE",51.055833,2.3395,11,1892062607,"","","","","","","","","","","","","","","","","","","","","","","","","","","","","","","","","","","","",15.4,9,6.4,9,"","","","","","","","","","","","","","","","","","","","","","","","","","",55,9,"","","","","","","","","","","","",9.6,9,998.7,9,996.5,9,"","","","","","","","","","","","","","","","","","","","","","","","","","","","","","","","","","","","","","","","","","","","","","","","","","","","","","","","","","","","","","","","","","","","","","","","","","","","","","","","","","","","","","","","","","","","","","","","","","","","","","","","","","","","","","","",""
"59183001","DUNKERQUE",51.055833,2.3395,11,1892062610,"","","","","","","","","","","","","","","","","","","","","","","","","","","","","","","","","","","","",18.2,9,6.1,9,"","","","","","","","","","","","","","","","","","","","","","","","","","",45,9,"","","","","","","","","","","","",9.4,9,999.,9,996.8,9,"","","","","","","","","","","","","","","","","","","","","","","","","","","","","","","","","","","","","","","","","","","","","","","","","","","","","","","","","","","","","","","","","","","","","","","","","","","","","","","","","","","","","","","","","","","","","","","","","","","","","","","","","","","","","","","",""
"59183001","DUNKERQUE",51.055833,2.3395,11,1892062612,"","","","","","","","","","","","","","","","","","","","","","","","","","","","","","","","","","","","",19.,9,4.6,9,"","","","","","","","","","","","","","","","","","","","","","","","","","",39,9,"","","","","","","","","","","","",8.5,9,999.5,9,997.3,9,"","","","","","","","","","","","","","","","","","","","","","","","","","","","","","","","","","","","","","","","","","","","","","","","","","","","","","","","","","","","","","","","","","","","","","","","","","","","","","","","","","","","","","","","","","","","","","","","","","","","","","","","","","","","","","","",""
"59183001","DUNKERQUE",51.055833,2.3395,11,1892062616,"","","","","","","","","","","","","","","","","","","","","","","","","","","","","","","","","","","","",21.,9,3.6,9,"","","","","","","","","","","","","","","","","","","","","","","","","","",32,9,"","","","","","","","","","","","",7.9,9,1000.2,9,998.,9,"","","","","","","","","","","","","","","","","","","","","","","","","","","","","","","","","","","","","","","","","","","","","","","","","","","","","","","","","","","","","","","","","","","","","","","","","","","","","","","","","","","","","","","","","","","","","","","","","","","","","","","","","","","","","","","",""
"59183001","DUNKERQUE",51.055833,2.3395,11,1892062620,"","","","","","","","","","","","","","","","","","","","","","","","","","","","","","","","","","","","",16.,9,7.7,9,"","","","","","","","","","","","","","","","","","","","","","","","","","",58,9,"","","","","","","","","","","","",10.5,9,1000.7,9,998.5,9,"","","","","","","","","","","","","","","","","","","","","","","","","","","","","","","","","","","","","","","","","","","","","","","","","","","","","","","","","","","","","","","","","","","","","","","","","","","","","","","","","","","","","","","","","","","","","","","","","","","","","","","","","","","","","","","",""
"59183001","DUNKERQUE",51.055833,2.3395,11,1892062707,"","","","","","","","","","","","","","","","","","","","","","","","","","","","","","","","","","","","",17.4,9,8.5,9,"","","","","","","","","","","","","","","","","","","","","","","","","","",56,9,"","","","","","","","","","","","",11.1,9,1001.9,9,999.7,9,"","","","","","","","","","","","","","","","","","","","","","","","","","","","","","","","","","","","","","","","","","","","","","","","","","","","","","","","","","","","","","","","","","","","","","","","","","","","","","","","","","","","","","","","","","","","","","","","","","","","","","","","","","","","","","","",""
"59183001","DUNKERQUE",51.055833,2.3395,11,1892062710,"","","","","","","","","","","","","","","","","","","","","","","","","","","","","","","","","","","","",22.2,9,6.8,9,"","","","","","","","","","","","","","","","","","","","","","","","","","",37,9,"","","","","","","","","","","","",9.9,9,1002.6,9,1000.4,9,"","","","","","","","","","","","","","","","","","","","","","","","","","","","","","","","","","","","","","","","","","","","","","","","","","","","","","","","","","","","","","","","","","","","","","","","","","","","","","","","","","","","","","","","","","","","","","","","","","","","","","","","","","","","","","","",""
"59183001","DUNKERQUE",51.055833,2.3395,11,1892062712,"","","","","","","","","","","","","","","","","","","","","","","","","","","","","","","","","","","","",22.4,9,5.3,9,"","","","","","","","","","","","","","","","","","","","","","","","","","",33,9,"","","","","","","","","","","","",8.9,9,1002.4,9,1000.2,9,"","","","","","","","","","","","","","","","","","","","","","","","","","","","","","","","","","","","","","","","","","","","","","","","","","","","","","","","","","","","","","","","","","","","","","","","","","","","","","","","","","","","","","","","","","","","","","","","","","","","","","","","","","","","","","","",""
"59183001","DUNKERQUE",51.055833,2.3395,11,1892062716,"","","","","","","","","","","","","","","","","","","","","","","","","","","","","","","","","","","","",24.4,9,6.2,9,"","","","","","","","","","","","","","","","","","","","","","","","","","",31,9,"","","","","","","","","","","","",9.5,9,1002.4,9,1000.2,9,"","","","","","","","","","","","","","","","","","","","","","","","","","","","","","","","","","","","","","","","","","","","","","","","","","","","","","","","","","","","","","","","","","","","","","","","","","","","","","","","","","","","","","","","","","","","","","","","","","","","","","","","","","","","","","","",""
"59183001","DUNKERQUE",51.055833,2.3395,11,1892062720,"","","","","","","","","","","","","","","","","","","","","","","","","","","","","","","","","","","","",18.6,9,8.3,9,"","","","","","","","","","","","","","","","","","","","","","","","","","",51,9,"","","","","","","","","","","","",10.9,9,1002.5,9,1000.3,9,"","","","","","","","","","","","","","","","","","","","","","","","","","","","","","","","","","","","","","","","","","","","","","","","","","","","","","","","","","","","","","","","","","","","","","","","","","","","","","","","","","","","","","","","","","","","","","","","","","","","","","","","","","","","","","","",""
"59183001","DUNKERQUE",51.055833,2.3395,11,1892062807,"","","","","","","","","","","","","","","","","","","","","","","","","","","","","","","","","","","","",19.6,9,8.5,9,"","","","","","","","","","","","","","","","","","","","","","","","","","",49,9,"","","","","","","","","","","","",11.1,9,1002.7,9,1000.5,9,"","","","","","","","","","","","","","","","","","","","","","","","","","","","","","","","","","","","","","","","","","","","","","","","","","","","","","","","","","","","","","","","","","","","","","","","","","","","","","","","","","","","","","","","","","","","","","","","","","","","","","","","","","","","","","","",""
"59183001","DUNKERQUE",51.055833,2.3395,11,1892062810,"","","","","","","","","","","","","","","","","","","","","","","","","","","","","","","","","","","","",21.,9,9.6,9,"","","","","","","","","","","","","","","","","","","","","","","","","","",48,9,"","","","","","","","","","","","",11.9,9,1002.8,9,1000.6,9,"","","","","","","","","","","","","","","","","","","","","","","","","","","","","","","","","","","","","","","","","","","","","","","","","","","","","","","","","","","","","","","","","","","","","","","","","","","","","","","","","","","","","","","","","","","","","","","","","","","","","","","","","","","","","","","",""
"59183001","DUNKERQUE",51.055833,2.3395,11,1892062812,"","","","","","","","","","","","","","","","","","","","","","","","","","","","","","","","","","","","",20.,9,7.,9,"","","","","","","","","","","","","","","","","","","","","","","","","","",43,9,"","","","","","","","","","","","",10.,9,1002.6,9,1000.4,9,"","","","","","","","","","","","","","","","","","","","","","","","","","","","","","","","","","","","","","","","","","","","","","","","","","","","","","","","","","","","","","","","","","","","","","","","","","","","","","","","","","","","","","","","","","","","","","","","","","","","","","","","","","","","","","","",""
"59183001","DUNKERQUE",51.055833,2.3395,11,1892062816,"","","","","","","","","","","","","","","","","","","","","","","","","","","","","","","","","","","","",19.4,9,11.4,9,"","","","","","","","","","","","","","","","","","","","","","","","","","",60,9,"","","","","","","","","","","","",13.5,9,1002.4,9,1000.2,9,"","","","","","","","","","","","","","","","","","","","","","","","","","","","","","","","","","","","","","","","","","","","","","","","","","","","","","","","","","","","","","","","","","","","","","","","","","","","","","","","","","","","","","","","","","","","","","","","","","","","","","","","","","","","","","","",""
"59183001","DUNKERQUE",51.055833,2.3395,11,1892062820,"","","","","","","","","","","","","","","","","","","","","","","","","","","","","","","","","","","","",17.6,9,11.,9,"","","","","","","","","","","","","","","","","","","","","","","","","","",65,9,"","","","","","","","","","","","",13.1,9,1002.5,9,1000.3,9,"","","","","","","","","","","","","","","","","","","","","","","","","","","","","","","","","","","","","","","","","","","","","","","","","","","","","","","","","","","","","","","","","","","","","","","","","","","","","","","","","","","","","","","","","","","","","","","","","","","","","","","","","","","","","","","",""
"59183001","DUNKERQUE",51.055833,2.3395,11,1892062907,"","","","","","","","","","","","","","","","","","","","","","","","","","","","","","","","","","","","",15.8,9,7.6,9,"","","","","","","","","","","","","","","","","","","","","","","","","","",58,9,"","","","","","","","","","","","",10.4,9,994.7,9,992.5,9,"","","","","","","","","","","","","","","","","","","","","","","","","","","","","","","","","","","","","","","","","","","","","","","","","","","","","","","","","","","","","","","","","","","","","","","","","","","","","","","","","","","","","","","","","","","","","","","","","","","","","","","","","","","","","","","",""
"59183001","DUNKERQUE",51.055833,2.3395,11,1892062910,"","","","","","","","","","","","","","","","","","","","","","","","","","","","","","","","","","","","",16.,9,7.7,9,"","","","","","","","","","","","","","","","","","","","","","","","","","",58,9,"","","","","","","","","","","","",10.5,9,994.9,9,992.7,9,"","","","","","","","","","","","","","","","","","","","","","","","","","","","","","","","","","","","","","","","","","","","","","","","","","","","","","","","","","","","","","","","","","","","","","","","","","","","","","","","","","","","","","","","","","","","","","","","","","","","","","","","","","","","","","","",""
"59183001","DUNKERQUE",51.055833,2.3395,11,1892062912,"","","","","","","","","","","","","","","","","","","","","","","","","","","","","","","","","","","","",17.,9,6.5,9,"","","","","","","","","","","","","","","","","","","","","","","","","","",50,9,"","","","","","","","","","","","",9.7,9,994.8,9,992.6,9,"","","","","","","","","","","","","","","","","","","","","","","","","","","","","","","","","","","","","","","","","","","","","","","","","","","","","","","","","","","","","","","","","","","","","","","","","","","","","","","","","","","","","","","","","","","","","","","","","","","","","","","","","","","","","","","",""
"59183001","DUNKERQUE",51.055833,2.3395,11,1892062916,"","","","","","","","","","","","","","","","","","","","","","","","","","","","","","","","","","","","",15.,9,5.,9,"","","","","","","","","","","","","","","","","","","","","","","","","","",51,9,"","","","","","","","","","","","",8.7,9,998.9,9,996.7,9,"","","","","","","","","","","","","","","","","","","","","","","","","","","","","","","","","","","","","","","","","","","","","","","","","","","","","","","","","","","","","","","","","","","","","","","","","","","","","","","","","","","","","","","","","","","","","","","","","","","","","","","","","","","","","","","",""
"59183001","DUNKERQUE",51.055833,2.3395,11,1892062920,"","","","","","","","","","","","","","","","","","","","","","","","","","","","","","","","","","","","",12.2,9,4.5,9,"","","","","","","","","","","","","","","","","","","","","","","","","","",59,9,"","","","","","","","","","","","",8.4,9,1003.2,9,1000.9,9,"","","","","","","","","","","","","","","","","","","","","","","","","","","","","","","","","","","","","","","","","","","","","","","","","","","","","","","","","","","","","","","","","","","","","","","","","","","","","","","","","","","","","","","","","","","","","","","","","","","","","","","","","","","","","","","",""
"59183001","DUNKERQUE",51.055833,2.3395,11,1892063007,"","","","","","","","","","","","","","","","","","","","","","","","","","","","","","","","","","","","",14.,9,2.9,9,"","","","","","","","","","","","","","","","","","","","","","","","","","",47,9,"","","","","","","","","","","","",7.5,9,1007.3,9,1005.,9,"","","","","","","","","","","","","","","","","","","","","","","","","","","","","","","","","","","","","","","","","","","","","","","","","","","","","","","","","","","","","","","","","","","","","","","","","","","","","","","","","","","","","","","","","","","","","","","","","","","","","","","","","","","","","","","",""
"59183001","DUNKERQUE",51.055833,2.3395,11,1892063010,"","","","","","","","","","","","","","","","","","","","","","","","","","","","","","","","","","","","",17.8,9,-1.4,9,"","","","","","","","","","","","","","","","","","","","","","","","","","",27,9,"","","","","","","","","","","","",5.5,9,1007.4,9,1005.2,9,"","","","","","","","","","","","","","","","","","","","","","","","","","","","","","","","","","","","","","","","","","","","","","","","","","","","","","","","","","","","","","","","","","","","","","","","","","","","","","","","","","","","","","","","","","","","","","","","","","","","","","","","","","","","","","","",""
"59183001","DUNKERQUE",51.055833,2.3395,11,1892063012,"","","","","","","","","","","","","","","","","","","","","","","","","","","","","","","","","","","","",20.,9,-3.,9,"","","","","","","","","","","","","","","","","","","","","","","","","","",21,9,"","","","","","","","","","","","",4.9,9,1007.4,9,1005.2,9,"","","","","","","","","","","","","","","","","","","","","","","","","","","","","","","","","","","","","","","","","","","","","","","","","","","","","","","","","","","","","","","","","","","","","","","","","","","","","","","","","","","","","","","","","","","","","","","","","","","","","","","","","","","","","","","",""
"59183001","DUNKERQUE",51.055833,2.3395,11,1892063016,"","","","","","","","","","","","","","","","","","","","","","","","","","","","","","","","","","","","",19.8,9,-0.7,9,"","","","","","","","","","","","","","","","","","","","","","","","","","",25,9,"","","","","","","","","","","","",5.8,9,1007.4,9,1005.2,9,"","","","","","","","","","","","","","","","","","","","","","","","","","","","","","","","","","","","","","","","","","","","","","","","","","","","","","","","","","","","","","","","","","","","","","","","","","","","","","","","","","","","","","","","","","","","","","","","","","","","","","","","","","","","","","","",""
"59183001","DUNKERQUE",51.055833,2.3395,11,1892063020,"","","","","","","","","","","","","","","","","","","","","","","","","","","","","","","","","","","","",14.8,9,1.7,9,"","","","","","","","","","","","","","","","","","","","","","","","","","",41,9,"","","","","","","","","","","","",6.9,9,1007.5,9,1005.2,9,"","","","","","","","","","","","","","","","","","","","","","","","","","","","","","","","","","","","","","","","","","","","","","","","","","","","","","","","","","","","","","","","","","","","","","","","","","","","","","","","","","","","","","","","","","","","","","","","","","","","","","","","","","","","","","","",""
"59183001","DUNKERQUE",51.055833,2.3395,11,1892070107,"","","","","","","","","","","","","","","","","","","","","","","","","","","","","","","","","","","","",15.,9,4.3,9,"","","","","","","","","","","","","","","","","","","","","","","","","","",49,9,"","","","","","","","","","","","",8.3,9,1007.9,9,1005.6,9,"","","","","","","","","","","","","","","","","","","","","","","","","","","","","","","","","","","","","","","","","","","","","","","","","","","","","","","","","","","","","","","","","","","","","","","","","","","","","","","","","","","","","","","","","","","","","","","","","","","","","","","","","","","","","","","",""
"59183001","DUNKERQUE",51.055833,2.3395,11,1892070110,"","","","","","","","","","","","","","","","","","","","","","","","","","","","","","","","","","","","",20.,9,1.9,9,"","","","","","","","","","","","","","","","","","","","","","","","","","",30,9,"","","","","","","","","","","","",7.,9,1007.6,9,1005.4,9,"","","","","","","","","","","","","","","","","","","","","","","","","","","","","","","","","","","","","","","","","","","","","","","","","","","","","","","","","","","","","","","","","","","","","","","","","","","","","","","","","","","","","","","","","","","","","","","","","","","","","","","","","","","","","","","",""
"59183001","DUNKERQUE",51.055833,2.3395,11,1892070112,"","","","","","","","","","","","","","","","","","","","","","","","","","","","","","","","","","","","",21.8,9,-0.3,9,"","","","","","","","","","","","","","","","","","","","","","","","","","",23,9,"","","","","","","","","","","","",6.,9,1007.3,9,1005.1,9,"","","","","","","","","","","","","","","","","","","","","","","","","","","","","","","","","","","","","","","","","","","","","","","","","","","","","","","","","","","","","","","","","","","","","","","","","","","","","","","","","","","","","","","","","","","","","","","","","","","","","","","","","","","","","","","",""
"59183001","DUNKERQUE",51.055833,2.3395,11,1892070116,"","","","","","","","","","","","","","","","","","","","","","","","","","","","","","","","","","","","",21.8,9,-0.3,9,"","","","","","","","","","","","","","","","","","","","","","","","","","",23,9,"","","","","","","","","","","","",6.,9,1006.7,9,1004.5,9,"","","","","","","","","","","","","","","","","","","","","","","","","","","","","","","","","","","","","","","","","","","","","","","","","","","","","","","","","","","","","","","","","","","","","","","","","","","","","","","","","","","","","","","","","","","","","","","","","","","","","","","","","","","","","","","",""
"59183001","DUNKERQUE",51.055833,2.3395,11,1892070120,"","","","","","","","","","","","","","","","","","","","","","","","","","","","","","","","","","","","",15.6,9,3.4,9,"","","","","","","","","","","","","","","","","","","","","","","","","","",44,9,"","","","","","","","","","","","",7.8,9,1006.9,9,1004.6,9,"","","","","","","","","","","","","","","","","","","","","","","","","","","","","","","","","","","","","","","","","","","","","","","","","","","","","","","","","","","","","","","","","","","","","","","","","","","","","","","","","","","","","","","","","","","","","","","","","","","","","","","","","","","","","","","",""
"59183001","DUNKERQUE",51.055833,2.3395,11,1892070207,"","","","","","","","","","","","","","","","","","","","","","","","","","","","","","","","","","","","",16.,9,3.4,9,"","","","","","","","","","","","","","","","","","","","","","","","","","",43,9,"","","","","","","","","","","","",7.8,9,1006.3,9,1004.1,9,"","","","","","","","","","","","","","","","","","","","","","","","","","","","","","","","","","","","","","","","","","","","","","","","","","","","","","","","","","","","","","","","","","","","","","","","","","","","","","","","","","","","","","","","","","","","","","","","","","","","","","","","","","","","","","","",""
"59183001","DUNKERQUE",51.055833,2.3395,11,1892070210,"","","","","","","","","","","","","","","","","","","","","","","","","","","","","","","","","","","","",25.2,9,-3.3,9,"","","","","","","","","","","","","","","","","","","","","","","","","","",15,9,"","","","","","","","","","","","",4.8,9,1006.1,9,1003.9,9,"","","","","","","","","","","","","","","","","","","","","","","","","","","","","","","","","","","","","","","","","","","","","","","","","","","","","","","","","","","","","","","","","","","","","","","","","","","","","","","","","","","","","","","","","","","","","","","","","","","","","","","","","","","","","","","",""
"59183001","DUNKERQUE",51.055833,2.3395,11,1892070212,"","","","","","","","","","","","","","","","","","","","","","","","","","","","","","","","","","","","",21.,9,4.1,9,"","","","","","","","","","","","","","","","","","","","","","","","","","",33,9,"","","","","","","","","","","","",8.2,9,1005.5,9,1003.3,9,"","","","","","","","","","","","","","","","","","","","","","","","","","","","","","","","","","","","","","","","","","","","","","","","","","","","","","","","","","","","","","","","","","","","","","","","","","","","","","","","","","","","","","","","","","","","","","","","","","","","","","","","","","","","","","","",""
"59183001","DUNKERQUE",51.055833,2.3395,11,1892070216,"","","","","","","","","","","","","","","","","","","","","","","","","","","","","","","","","","","","",18.2,9,2.9,9,"","","","","","","","","","","","","","","","","","","","","","","","","","",36,9,"","","","","","","","","","","","",7.5,9,1002.9,9,1000.7,9,"","","","","","","","","","","","","","","","","","","","","","","","","","","","","","","","","","","","","","","","","","","","","","","","","","","","","","","","","","","","","","","","","","","","","","","","","","","","","","","","","","","","","","","","","","","","","","","","","","","","","","","","","","","","","","","",""
"59183001","DUNKERQUE",51.055833,2.3395,11,1892070220,"","","","","","","","","","","","","","","","","","","","","","","","","","","","","","","","","","","","",17.4,9,6.5,9,"","","","","","","","","","","","","","","","","","","","","","","","","","",49,9,"","","","","","","","","","","","",9.7,9,1001.1,9,998.9,9,"","","","","","","","","","","","","","","","","","","","","","","","","","","","","","","","","","","","","","","","","","","","","","","","","","","","","","","","","","","","","","","","","","","","","","","","","","","","","","","","","","","","","","","","","","","","","","","","","","","","","","","","","","","","","","","",""
"59183001","DUNKERQUE",51.055833,2.3395,11,1892070307,"","","","","","","","","","","","","","","","","","","","","","","","","","","","","","","","","","","","",19.2,9,1.3,9,"","","","","","","","","","","","","","","","","","","","","","","","","","",30,9,"","","","","","","","","","","","",6.7,9,995.7,9,993.5,9,"","","","","","","","","","","","","","","","","","","","","","","","","","","","","","","","","","","","","","","","","","","","","","","","","","","","","","","","","","","","","","","","","","","","","","","","","","","","","","","","","","","","","","","","","","","","","","","","","","","","","","","","","","","","","","","",""
"59183001","DUNKERQUE",51.055833,2.3395,11,1892070310,"","","","","","","","","","","","","","","","","","","","","","","","","","","","","","","","","","","","",29.,9,-1.2,9,"","","","","","","","","","","","","","","","","","","","","","","","","","",14,9,"","","","","","","","","","","","",5.6,9,993.3,9,991.2,9,"","","","","","","","","","","","","","","","","","","","","","","","","","","","","","","","","","","","","","","","","","","","","","","","","","","","","","","","","","","","","","","","","","","","","","","","","","","","","","","","","","","","","","","","","","","","","","","","","","","","","","","","","","","","","","","",""
"59183001","DUNKERQUE",51.055833,2.3395,11,1892070312,"","","","","","","","","","","","","","","","","","","","","","","","","","","","","","","","","","","","",32.6,9,-7.8,9,"","","","","","","","","","","","","","","","","","","","","","","","","","",7,9,"","","","","","","","","","","","",3.4,9,992.6,9,990.5,9,"","","","","","","","","","","","","","","","","","","","","","","","","","","","","","","","","","","","","","","","","","","","","","","","","","","","","","","","","","","","","","","","","","","","","","","","","","","","","","","","","","","","","","","","","","","","","","","","","","","","","","","","","","","","","","","",""
"59183001","DUNKERQUE",51.055833,2.3395,11,1892070316,"","","","","","","","","","","","","","","","","","","","","","","","","","","","","","","","","","","","",23.,9,4.5,9,"","","","","","","","","","","","","","","","","","","","","","","","","","",30,9,"","","","","","","","","","","","",8.4,9,992.9,9,990.7,9,"","","","","","","","","","","","","","","","","","","","","","","","","","","","","","","","","","","","","","","","","","","","","","","","","","","","","","","","","","","","","","","","","","","","","","","","","","","","","","","","","","","","","","","","","","","","","","","","","","","","","","","","","","","","","","","",""
"59183001","DUNKERQUE",51.055833,2.3395,11,1892070320,"","","","","","","","","","","","","","","","","","","","","","","","","","","","","","","","","","","","",17.8,9,5.,9,"","","","","","","","","","","","","","","","","","","","","","","","","","",43,9,"","","","","","","","","","","","",8.7,9,992.9,9,990.7,9,"","","","","","","","","","","","","","","","","","","","","","","","","","","","","","","","","","","","","","","","","","","","","","","","","","","","","","","","","","","","","","","","","","","","","","","","","","","","","","","","","","","","","","","","","","","","","","","","","","","","","","","","","","","","","","","",""
"59183001","DUNKERQUE",51.055833,2.3395,11,1892070407,"","","","","","","","","","","","","","","","","","","","","","","","","","","","","","","","","","","","",18.2,9,6.7,9,"","","","","","","","","","","","","","","","","","","","","","","","","","",47,9,"","","","","","","","","","","","",9.8,9,995.8,9,993.6,9,"","","","","","","","","","","","","","","","","","","","","","","","","","","","","","","","","","","","","","","","","","","","","","","","","","","","","","","","","","","","","","","","","","","","","","","","","","","","","","","","","","","","","","","","","","","","","","","","","","","","","","","","","","","","","","","",""
"59183001","DUNKERQUE",51.055833,2.3395,11,1892070410,"","","","","","","","","","","","","","","","","","","","","","","","","","","","","","","","","","","","",21.6,9,4.1,9,"","","","","","","","","","","","","","","","","","","","","","","","","","",32,9,"","","","","","","","","","","","",8.2,9,996.3,9,994.1,9,"","","","","","","","","","","","","","","","","","","","","","","","","","","","","","","","","","","","","","","","","","","","","","","","","","","","","","","","","","","","","","","","","","","","","","","","","","","","","","","","","","","","","","","","","","","","","","","","","","","","","","","","","","","","","","","",""
"59183001","DUNKERQUE",51.055833,2.3395,11,1892070412,"","","","","","","","","","","","","","","","","","","","","","","","","","","","","","","","","","","","",20.6,9,9.6,9,"","","","","","","","","","","","","","","","","","","","","","","","","","",49,9,"","","","","","","","","","","","",11.9,9,996.2,9,994.,9,"","","","","","","","","","","","","","","","","","","","","","","","","","","","","","","","","","","","","","","","","","","","","","","","","","","","","","","","","","","","","","","","","","","","","","","","","","","","","","","","","","","","","","","","","","","","","","","","","","","","","","","","","","","","","","","",""
"59183001","DUNKERQUE",51.055833,2.3395,11,1892070416,"","","","","","","","","","","","","","","","","","","","","","","","","","","","","","","","","","","","",22.8,9,13.3,9,"","","","","","","","","","","","","","","","","","","","","","","","","","",55,9,"","","","","","","","","","","","",15.2,9,997.3,9,995.1,9,"","","","","","","","","","","","","","","","","","","","","","","","","","","","","","","","","","","","","","","","","","","","","","","","","","","","","","","","","","","","","","","","","","","","","","","","","","","","","","","","","","","","","","","","","","","","","","","","","","","","","","","","","","","","","","","",""
"59183001","DUNKERQUE",51.055833,2.3395,11,1892070420,"","","","","","","","","","","","","","","","","","","","","","","","","","","","","","","","","","","","",20.8,9,14.4,9,"","","","","","","","","","","","","","","","","","","","","","","","","","",67,9,"","","","","","","","","","","","",16.4,9,999.,9,996.8,9,"","","","","","","","","","","","","","","","","","","","","","","","","","","","","","","","","","","","","","","","","","","","","","","","","","","","","","","","","","","","","","","","","","","","","","","","","","","","","","","","","","","","","","","","","","","","","","","","","","","","","","","","","","","","","","","",""
"59183001","DUNKERQUE",51.055833,2.3395,11,1892070507,"","","","","","","","","","","","","","","","","","","","","","","","","","","","","","","","","","","","",15.8,9,4.8,9,"","","","","","","","","","","","","","","","","","","","","","","","","","",48,9,"","","","","","","","","","","","",8.6,9,999.7,9,997.5,9,"","","","","","","","","","","","","","","","","","","","","","","","","","","","","","","","","","","","","","","","","","","","","","","","","","","","","","","","","","","","","","","","","","","","","","","","","","","","","","","","","","","","","","","","","","","","","","","","","","","","","","","","","","","","","","","",""
"59183001","DUNKERQUE",51.055833,2.3395,11,1892070510,"","","","","","","","","","","","","","","","","","","","","","","","","","","","","","","","","","","","",20.8,9,-1.2,9,"","","","","","","","","","","","","","","","","","","","","","","","","","",23,9,"","","","","","","","","","","","",5.6,9,999.7,9,997.5,9,"","","","","","","","","","","","","","","","","","","","","","","","","","","","","","","","","","","","","","","","","","","","","","","","","","","","","","","","","","","","","","","","","","","","","","","","","","","","","","","","","","","","","","","","","","","","","","","","","","","","","","","","","","","","","","","",""
"59183001","DUNKERQUE",51.055833,2.3395,11,1892070512,"","","","","","","","","","","","","","","","","","","","","","","","","","","","","","","","","","","","",20.4,9,-1.,9,"","","","","","","","","","","","","","","","","","","","","","","","","","",24,9,"","","","","","","","","","","","",5.7,9,1000.2,9,998.,9,"","","","","","","","","","","","","","","","","","","","","","","","","","","","","","","","","","","","","","","","","","","","","","","","","","","","","","","","","","","","","","","","","","","","","","","","","","","","","","","","","","","","","","","","","","","","","","","","","","","","","","","","","","","","","","","",""
"59183001","DUNKERQUE",51.055833,2.3395,11,1892070516,"","","","","","","","","","","","","","","","","","","","","","","","","","","","","","","","","","","","",19.,9,1.5,9,"","","","","","","","","","","","","","","","","","","","","","","","","","",31,9,"","","","","","","","","","","","",6.8,9,1000.2,9,998.,9,"","","","","","","","","","","","","","","","","","","","","","","","","","","","","","","","","","","","","","","","","","","","","","","","","","","","","","","","","","","","","","","","","","","","","","","","","","","","","","","","","","","","","","","","","","","","","","","","","","","","","","","","","","","","","","","",""
"59183001","DUNKERQUE",51.055833,2.3395,11,1892070520,"","","","","","","","","","","","","","","","","","","","","","","","","","","","","","","","","","","","",15.8,9,5.5,9,"","","","","","","","","","","","","","","","","","","","","","","","","","",50,9,"","","","","","","","","","","","",9.,9,999.7,9,997.5,9,"","","","","","","","","","","","","","","","","","","","","","","","","","","","","","","","","","","","","","","","","","","","","","","","","","","","","","","","","","","","","","","","","","","","","","","","","","","","","","","","","","","","","","","","","","","","","","","","","","","","","","","","","","","","","","","",""
"59183001","DUNKERQUE",51.055833,2.3395,11,1892070607,"","","","","","","","","","","","","","","","","","","","","","","","","","","","","","","","","","","","",14.4,9,5.8,9,"","","","","","","","","","","","","","","","","","","","","","","","","","",56,9,"","","","","","","","","","","","",9.2,9,996.7,9,994.5,9,"","","","","","","","","","","","","","","","","","","","","","","","","","","","","","","","","","","","","","","","","","","","","","","","","","","","","","","","","","","","","","","","","","","","","","","","","","","","","","","","","","","","","","","","","","","","","","","","","","","","","","","","","","","","","","","",""
"59183001","DUNKERQUE",51.055833,2.3395,11,1892070610,"","","","","","","","","","","","","","","","","","","","","","","","","","","","","","","","","","","","",18.6,9,4.8,9,"","","","","","","","","","","","","","","","","","","","","","","","","","",40,9,"","","","","","","","","","","","",8.6,9,996.3,9,994.1,9,"","","","","","","","","","","","","","","","","","","","","","","","","","","","","","","","","","","","","","","","","","","","","","","","","","","","","","","","","","","","","","","","","","","","","","","","","","","","","","","","","","","","","","","","","","","","","","","","","","","","","","","","","","","","","","","",""
"59183001","DUNKERQUE",51.055833,2.3395,11,1892070612,"","","","","","","","","","","","","","","","","","","","","","","","","","","","","","","","","","","","",20.2,9,1.5,9,"","","","","","","","","","","","","","","","","","","","","","","","","","",29,9,"","","","","","","","","","","","",6.8,9,996.2,9,994.,9,"","","","","","","","","","","","","","","","","","","","","","","","","","","","","","","","","","","","","","","","","","","","","","","","","","","","","","","","","","","","","","","","","","","","","","","","","","","","","","","","","","","","","","","","","","","","","","","","","","","","","","","","","","","","","","","",""
"59183001","DUNKERQUE",51.055833,2.3395,11,1892070616,"","","","","","","","","","","","","","","","","","","","","","","","","","","","","","","","","","","","",18.4,9,9.4,9,"","","","","","","","","","","","","","","","","","","","","","","","","","",56,9,"","","","","","","","","","","","",11.8,9,996.7,9,994.5,9,"","","","","","","","","","","","","","","","","","","","","","","","","","","","","","","","","","","","","","","","","","","","","","","","","","","","","","","","","","","","","","","","","","","","","","","","","","","","","","","","","","","","","","","","","","","","","","","","","","","","","","","","","","","","","","","",""
"59183001","DUNKERQUE",51.055833,2.3395,11,1892070620,"","","","","","","","","","","","","","","","","","","","","","","","","","","","","","","","","","","","",16.2,9,9.4,9,"","","","","","","","","","","","","","","","","","","","","","","","","","",64,9,"","","","","","","","","","","","",11.8,9,997.,9,994.8,9,"","","","","","","","","","","","","","","","","","","","","","","","","","","","","","","","","","","","","","","","","","","","","","","","","","","","","","","","","","","","","","","","","","","","","","","","","","","","","","","","","","","","","","","","","","","","","","","","","","","","","","","","","","","","","","","",""
"59183001","DUNKERQUE",51.055833,2.3395,11,1892070707,"","","","","","","","","","","","","","","","","","","","","","","","","","","","","","","","","","","","",16.2,9,8.,9,"","","","","","","","","","","","","","","","","","","","","","","","","","",58,9,"","","","","","","","","","","","",10.7,9,992.1,9,989.9,9,"","","","","","","","","","","","","","","","","","","","","","","","","","","","","","","","","","","","","","","","","","","","","","","","","","","","","","","","","","","","","","","","","","","","","","","","","","","","","","","","","","","","","","","","","","","","","","","","","","","","","","","","","","","","","","","",""
"59183001","DUNKERQUE",51.055833,2.3395,11,1892070710,"","","","","","","","","","","","","","","","","","","","","","","","","","","","","","","","","","","","",19.8,9,3.4,9,"","","","","","","","","","","","","","","","","","","","","","","","","","",34,9,"","","","","","","","","","","","",7.8,9,991.8,9,989.6,9,"","","","","","","","","","","","","","","","","","","","","","","","","","","","","","","","","","","","","","","","","","","","","","","","","","","","","","","","","","","","","","","","","","","","","","","","","","","","","","","","","","","","","","","","","","","","","","","","","","","","","","","","","","","","","","","",""
"59183001","DUNKERQUE",51.055833,2.3395,11,1892070712,"","","","","","","","","","","","","","","","","","","","","","","","","","","","","","","","","","","","",22.,9,0.,9,"","","","","","","","","","","","","","","","","","","","","","","","","","",23,9,"","","","","","","","","","","","",6.1,9,991.4,9,989.2,9,"","","","","","","","","","","","","","","","","","","","","","","","","","","","","","","","","","","","","","","","","","","","","","","","","","","","","","","","","","","","","","","","","","","","","","","","","","","","","","","","","","","","","","","","","","","","","","","","","","","","","","","","","","","","","","","",""
"59183001","DUNKERQUE",51.055833,2.3395,11,1892070716,"","","","","","","","","","","","","","","","","","","","","","","","","","","","","","","","","","","","",19.4,9,2.3,9,"","","","","","","","","","","","","","","","","","","","","","","","","","",32,9,"","","","","","","","","","","","",7.2,9,991.8,9,989.6,9,"","","","","","","","","","","","","","","","","","","","","","","","","","","","","","","","","","","","","","","","","","","","","","","","","","","","","","","","","","","","","","","","","","","","","","","","","","","","","","","","","","","","","","","","","","","","","","","","","","","","","","","","","","","","","","","",""
"59183001","DUNKERQUE",51.055833,2.3395,11,1892070720,"","","","","","","","","","","","","","","","","","","","","","","","","","","","","","","","","","","","",15.6,9,4.6,9,"","","","","","","","","","","","","","","","","","","","","","","","","","",48,9,"","","","","","","","","","","","",8.5,9,992.1,9,989.9,9,"","","","","","","","","","","","","","","","","","","","","","","","","","","","","","","","","","","","","","","","","","","","","","","","","","","","","","","","","","","","","","","","","","","","","","","","","","","","","","","","","","","","","","","","","","","","","","","","","","","","","","","","","","","","","","","",""
"59183001","DUNKERQUE",51.055833,2.3395,11,1892070807,"","","","","","","","","","","","","","","","","","","","","","","","","","","","","","","","","","","","",15.4,9,1.9,9,"","","","","","","","","","","","","","","","","","","","","","","","","","",40,9,"","","","","","","","","","","","",7.,9,996.7,9,994.5,9,"","","","","","","","","","","","","","","","","","","","","","","","","","","","","","","","","","","","","","","","","","","","","","","","","","","","","","","","","","","","","","","","","","","","","","","","","","","","","","","","","","","","","","","","","","","","","","","","","","","","","","","","","","","","","","","",""
"59183001","DUNKERQUE",51.055833,2.3395,11,1892070810,"","","","","","","","","","","","","","","","","","","","","","","","","","","","","","","","","","","","",17.8,9,0.9,9,"","","","","","","","","","","","","","","","","","","","","","","","","","",32,9,"","","","","","","","","","","","",6.5,9,998.5,9,996.3,9,"","","","","","","","","","","","","","","","","","","","","","","","","","","","","","","","","","","","","","","","","","","","","","","","","","","","","","","","","","","","","","","","","","","","","","","","","","","","","","","","","","","","","","","","","","","","","","","","","","","","","","","","","","","","","","","",""
"59183001","DUNKERQUE",51.055833,2.3395,11,1892070812,"","","","","","","","","","","","","","","","","","","","","","","","","","","","","","","","","","","","",18.4,9,5.9,9,"","","","","","","","","","","","","","","","","","","","","","","","","","",44,9,"","","","","","","","","","","","",9.3,9,998.7,9,996.5,9,"","","","","","","","","","","","","","","","","","","","","","","","","","","","","","","","","","","","","","","","","","","","","","","","","","","","","","","","","","","","","","","","","","","","","","","","","","","","","","","","","","","","","","","","","","","","","","","","","","","","","","","","","","","","","","","",""
"59183001","DUNKERQUE",51.055833,2.3395,11,1892070816,"","","","","","","","","","","","","","","","","","","","","","","","","","","","","","","","","","","","",19.4,9,11.2,9,"","","","","","","","","","","","","","","","","","","","","","","","","","",59,9,"","","","","","","","","","","","",13.3,9,999.3,9,997.1,9,"","","","","","","","","","","","","","","","","","","","","","","","","","","","","","","","","","","","","","","","","","","","","","","","","","","","","","","","","","","","","","","","","","","","","","","","","","","","","","","","","","","","","","","","","","","","","","","","","","","","","","","","","","","","","","","",""
"59183001","DUNKERQUE",51.055833,2.3395,11,1892070820,"","","","","","","","","","","","","","","","","","","","","","","","","","","","","","","","","","","","",14.8,9,8.1,9,"","","","","","","","","","","","","","","","","","","","","","","","","","",64,9,"","","","","","","","","","","","",10.8,9,1000.5,9,998.3,9,"","","","","","","","","","","","","","","","","","","","","","","","","","","","","","","","","","","","","","","","","","","","","","","","","","","","","","","","","","","","","","","","","","","","","","","","","","","","","","","","","","","","","","","","","","","","","","","","","","","","","","","","","","","","","","","",""
"59183001","DUNKERQUE",51.055833,2.3395,11,1892070907,"","","","","","","","","","","","","","","","","","","","","","","","","","","","","","","","","","","","",15.,9,6.1,9,"","","","","","","","","","","","","","","","","","","","","","","","","","",55,9,"","","","","","","","","","","","",9.4,9,1001.9,9,999.7,9,"","","","","","","","","","","","","","","","","","","","","","","","","","","","","","","","","","","","","","","","","","","","","","","","","","","","","","","","","","","","","","","","","","","","","","","","","","","","","","","","","","","","","","","","","","","","","","","","","","","","","","","","","","","","","","","",""
"59183001","DUNKERQUE",51.055833,2.3395,11,1892070910,"","","","","","","","","","","","","","","","","","","","","","","","","","","","","","","","","","","","",20.2,9,4.3,9,"","","","","","","","","","","","","","","","","","","","","","","","","","",35,9,"","","","","","","","","","","","",8.3,9,1002.8,9,1000.6,9,"","","","","","","","","","","","","","","","","","","","","","","","","","","","","","","","","","","","","","","","","","","","","","","","","","","","","","","","","","","","","","","","","","","","","","","","","","","","","","","","","","","","","","","","","","","","","","","","","","","","","","","","","","","","","","","",""
"59183001","DUNKERQUE",51.055833,2.3395,11,1892070912,"","","","","","","","","","","","","","","","","","","","","","","","","","","","","","","","","","","","",20.8,9,2.1,9,"","","","","","","","","","","","","","","","","","","","","","","","","","",29,9,"","","","","","","","","","","","",7.1,9,1002.7,9,1000.5,9,"","","","","","","","","","","","","","","","","","","","","","","","","","","","","","","","","","","","","","","","","","","","","","","","","","","","","","","","","","","","","","","","","","","","","","","","","","","","","","","","","","","","","","","","","","","","","","","","","","","","","","","","","","","","","","","",""
"59183001","DUNKERQUE",51.055833,2.3395,11,1892070916,"","","","","","","","","","","","","","","","","","","","","","","","","","","","","","","","","","","","",21.,9,1.7,9,"","","","","","","","","","","","","","","","","","","","","","","","","","",28,9,"","","","","","","","","","","","",6.9,9,1002.8,9,1000.6,9,"","","","","","","","","","","","","","","","","","","","","","","","","","","","","","","","","","","","","","","","","","","","","","","","","","","","","","","","","","","","","","","","","","","","","","","","","","","","","","","","","","","","","","","","","","","","","","","","","","","","","","","","","","","","","","","",""
"59183001","DUNKERQUE",51.055833,2.3395,11,1892070920,"","","","","","","","","","","","","","","","","","","","","","","","","","","","","","","","","","","","",15.6,9,3.4,9,"","","","","","","","","","","","","","","","","","","","","","","","","","",44,9,"","","","","","","","","","","","",7.8,9,1002.3,9,1000.1,9,"","","","","","","","","","","","","","","","","","","","","","","","","","","","","","","","","","","","","","","","","","","","","","","","","","","","","","","","","","","","","","","","","","","","","","","","","","","","","","","","","","","","","","","","","","","","","","","","","","","","","","","","","","","","","","","",""
"59183001","DUNKERQUE",51.055833,2.3395,11,1892071007,"","","","","","","","","","","","","","","","","","","","","","","","","","","","","","","","","","","","",16.,9,6.1,9,"","","","","","","","","","","","","","","","","","","","","","","","","","",52,9,"","","","","","","","","","","","",9.4,9,1000.4,9,998.2,9,"","","","","","","","","","","","","","","","","","","","","","","","","","","","","","","","","","","","","","","","","","","","","","","","","","","","","","","","","","","","","","","","","","","","","","","","","","","","","","","","","","","","","","","","","","","","","","","","","","","","","","","","","","","","","","","",""
"59183001","DUNKERQUE",51.055833,2.3395,11,1892071010,"","","","","","","","","","","","","","","","","","","","","","","","","","","","","","","","","","","","",17.,9,1.5,9,"","","","","","","","","","","","","","","","","","","","","","","","","","",35,9,"","","","","","","","","","","","",6.8,9,1000.4,9,998.2,9,"","","","","","","","","","","","","","","","","","","","","","","","","","","","","","","","","","","","","","","","","","","","","","","","","","","","","","","","","","","","","","","","","","","","","","","","","","","","","","","","","","","","","","","","","","","","","","","","","","","","","","","","","","","","","","","",""
"59183001","DUNKERQUE",51.055833,2.3395,11,1892071012,"","","","","","","","","","","","","","","","","","","","","","","","","","","","","","","","","","","","",18.4,9,0.9,9,"","","","","","","","","","","","","","","","","","","","","","","","","","",31,9,"","","","","","","","","","","","",6.5,9,1000.3,9,998.1,9,"","","","","","","","","","","","","","","","","","","","","","","","","","","","","","","","","","","","","","","","","","","","","","","","","","","","","","","","","","","","","","","","","","","","","","","","","","","","","","","","","","","","","","","","","","","","","","","","","","","","","","","","","","","","","","","",""
"59183001","DUNKERQUE",51.055833,2.3395,11,1892071016,"","","","","","","","","","","","","","","","","","","","","","","","","","","","","","","","","","","","",19.6,9,2.1,9,"","","","","","","","","","","","","","","","","","","","","","","","","","",31,9,"","","","","","","","","","","","",7.1,9,1000.1,9,997.9,9,"","","","","","","","","","","","","","","","","","","","","","","","","","","","","","","","","","","","","","","","","","","","","","","","","","","","","","","","","","","","","","","","","","","","","","","","","","","","","","","","","","","","","","","","","","","","","","","","","","","","","","","","","","","","","","","",""
"59183001","DUNKERQUE",51.055833,2.3395,11,1892071020,"","","","","","","","","","","","","","","","","","","","","","","","","","","","","","","","","","","","",15.8,9,5.9,9,"","","","","","","","","","","","","","","","","","","","","","","","","","",52,9,"","","","","","","","","","","","",9.3,9,1000.2,9,998.,9,"","","","","","","","","","","","","","","","","","","","","","","","","","","","","","","","","","","","","","","","","","","","","","","","","","","","","","","","","","","","","","","","","","","","","","","","","","","","","","","","","","","","","","","","","","","","","","","","","","","","","","","","","","","","","","","",""
"59183001","DUNKERQUE",51.055833,2.3395,11,1892071107,"","","","","","","","","","","","","","","","","","","","","","","","","","","","","","","","","","","","",15.6,9,3.9,9,"","","","","","","","","","","","","","","","","","","","","","","","","","",46,9,"","","","","","","","","","","","",8.1,9,1000.4,9,998.2,9,"","","","","","","","","","","","","","","","","","","","","","","","","","","","","","","","","","","","","","","","","","","","","","","","","","","","","","","","","","","","","","","","","","","","","","","","","","","","","","","","","","","","","","","","","","","","","","","","","","","","","","","","","","","","","","","",""
"59183001","DUNKERQUE",51.055833,2.3395,11,1892071110,"","","","","","","","","","","","","","","","","","","","","","","","","","","","","","","","","","","","",19.2,9,3.8,9,"","","","","","","","","","","","","","","","","","","","","","","","","","",36,9,"","","","","","","","","","","","",8.,9,1000.4,9,998.2,9,"","","","","","","","","","","","","","","","","","","","","","","","","","","","","","","","","","","","","","","","","","","","","","","","","","","","","","","","","","","","","","","","","","","","","","","","","","","","","","","","","","","","","","","","","","","","","","","","","","","","","","","","","","","","","","","",""
"59183001","DUNKERQUE",51.055833,2.3395,11,1892071112,"","","","","","","","","","","","","","","","","","","","","","","","","","","","","","","","","","","","",18.6,9,4.8,9,"","","","","","","","","","","","","","","","","","","","","","","","","","",40,9,"","","","","","","","","","","","",8.6,9,999.7,9,997.5,9,"","","","","","","","","","","","","","","","","","","","","","","","","","","","","","","","","","","","","","","","","","","","","","","","","","","","","","","","","","","","","","","","","","","","","","","","","","","","","","","","","","","","","","","","","","","","","","","","","","","","","","","","","","","","","","","",""
"59183001","DUNKERQUE",51.055833,2.3395,11,1892071116,"","","","","","","","","","","","","","","","","","","","","","","","","","","","","","","","","","","","",17.4,9,4.3,9,"","","","","","","","","","","","","","","","","","","","","","","","","","",42,9,"","","","","","","","","","","","",8.3,9,997.8,9,995.6,9,"","","","","","","","","","","","","","","","","","","","","","","","","","","","","","","","","","","","","","","","","","","","","","","","","","","","","","","","","","","","","","","","","","","","","","","","","","","","","","","","","","","","","","","","","","","","","","","","","","","","","","","","","","","","","","","",""
"59183001","DUNKERQUE",51.055833,2.3395,11,1892071120,"","","","","","","","","","","","","","","","","","","","","","","","","","","","","","","","","","","","",16.,9,5.9,9,"","","","","","","","","","","","","","","","","","","","","","","","","","",51,9,"","","","","","","","","","","","",9.3,9,995.4,9,993.2,9,"","","","","","","","","","","","","","","","","","","","","","","","","","","","","","","","","","","","","","","","","","","","","","","","","","","","","","","","","","","","","","","","","","","","","","","","","","","","","","","","","","","","","","","","","","","","","","","","","","","","","","","","","","","","","","","",""
"59183001","DUNKERQUE",51.055833,2.3395,11,1892071207,"","","","","","","","","","","","","","","","","","","","","","","","","","","","","","","","","","","","",13.2,9,3.6,9,"","","","","","","","","","","","","","","","","","","","","","","","","","",52,9,"","","","","","","","","","","","",7.9,9,991.2,9,989.,9,"","","","","","","","","","","","","","","","","","","","","","","","","","","","","","","","","","","","","","","","","","","","","","","","","","","","","","","","","","","","","","","","","","","","","","","","","","","","","","","","","","","","","","","","","","","","","","","","","","","","","","","","","","","","","","","",""
"59183001","DUNKERQUE",51.055833,2.3395,11,1892071210,"","","","","","","","","","","","","","","","","","","","","","","","","","","","","","","","","","","","",18.,9,4.8,9,"","","","","","","","","","","","","","","","","","","","","","","","","","",42,9,"","","","","","","","","","","","",8.6,9,989.5,9,987.3,9,"","","","","","","","","","","","","","","","","","","","","","","","","","","","","","","","","","","","","","","","","","","","","","","","","","","","","","","","","","","","","","","","","","","","","","","","","","","","","","","","","","","","","","","","","","","","","","","","","","","","","","","","","","","","","","","",""
"59183001","DUNKERQUE",51.055833,2.3395,11,1892071212,"","","","","","","","","","","","","","","","","","","","","","","","","","","","","","","","","","","","",21.6,9,4.1,9,"","","","","","","","","","","","","","","","","","","","","","","","","","",32,9,"","","","","","","","","","","","",8.2,9,988.3,9,986.1,9,"","","","","","","","","","","","","","","","","","","","","","","","","","","","","","","","","","","","","","","","","","","","","","","","","","","","","","","","","","","","","","","","","","","","","","","","","","","","","","","","","","","","","","","","","","","","","","","","","","","","","","","","","","","","","","","",""
"59183001","DUNKERQUE",51.055833,2.3395,11,1892071216,"","","","","","","","","","","","","","","","","","","","","","","","","","","","","","","","","","","","",17.,9,6.8,9,"","","","","","","","","","","","","","","","","","","","","","","","","","",51,9,"","","","","","","","","","","","",9.9,9,988.3,9,986.1,9,"","","","","","","","","","","","","","","","","","","","","","","","","","","","","","","","","","","","","","","","","","","","","","","","","","","","","","","","","","","","","","","","","","","","","","","","","","","","","","","","","","","","","","","","","","","","","","","","","","","","","","","","","","","","","","","",""
"59183001","DUNKERQUE",51.055833,2.3395,11,1892071220,"","","","","","","","","","","","","","","","","","","","","","","","","","","","","","","","","","","","",15.6,9,7.4,9,"","","","","","","","","","","","","","","","","","","","","","","","","","",58,9,"","","","","","","","","","","","",10.3,9,988.3,9,986.1,9,"","","","","","","","","","","","","","","","","","","","","","","","","","","","","","","","","","","","","","","","","","","","","","","","","","","","","","","","","","","","","","","","","","","","","","","","","","","","","","","","","","","","","","","","","","","","","","","","","","","","","","","","","","","","","","","",""
"59183001","DUNKERQUE",51.055833,2.3395,11,1892071307,"","","","","","","","","","","","","","","","","","","","","","","","","","","","","","","","","","","","",15.2,9,6.7,9,"","","","","","","","","","","","","","","","","","","","","","","","","","",57,9,"","","","","","","","","","","","",9.8,9,987.5,9,985.3,9,"","","","","","","","","","","","","","","","","","","","","","","","","","","","","","","","","","","","","","","","","","","","","","","","","","","","","","","","","","","","","","","","","","","","","","","","","","","","","","","","","","","","","","","","","","","","","","","","","","","","","","","","","","","","","","","",""
"59183001","DUNKERQUE",51.055833,2.3395,11,1892071310,"","","","","","","","","","","","","","","","","","","","","","","","","","","","","","","","","","","","",19.2,9,4.5,9,"","","","","","","","","","","","","","","","","","","","","","","","","","",38,9,"","","","","","","","","","","","",8.4,9,987.2,9,985.,9,"","","","","","","","","","","","","","","","","","","","","","","","","","","","","","","","","","","","","","","","","","","","","","","","","","","","","","","","","","","","","","","","","","","","","","","","","","","","","","","","","","","","","","","","","","","","","","","","","","","","","","","","","","","","","","","",""
"59183001","DUNKERQUE",51.055833,2.3395,11,1892071312,"","","","","","","","","","","","","","","","","","","","","","","","","","","","","","","","","","","","",17.,9,4.6,9,"","","","","","","","","","","","","","","","","","","","","","","","","","",44,9,"","","","","","","","","","","","",8.5,9,987.2,9,985.,9,"","","","","","","","","","","","","","","","","","","","","","","","","","","","","","","","","","","","","","","","","","","","","","","","","","","","","","","","","","","","","","","","","","","","","","","","","","","","","","","","","","","","","","","","","","","","","","","","","","","","","","","","","","","","","","","",""
"59183001","DUNKERQUE",51.055833,2.3395,11,1892071316,"","","","","","","","","","","","","","","","","","","","","","","","","","","","","","","","","","","","",17.6,9,5.8,9,"","","","","","","","","","","","","","","","","","","","","","","","","","",46,9,"","","","","","","","","","","","",9.2,9,987.1,9,984.9,9,"","","","","","","","","","","","","","","","","","","","","","","","","","","","","","","","","","","","","","","","","","","","","","","","","","","","","","","","","","","","","","","","","","","","","","","","","","","","","","","","","","","","","","","","","","","","","","","","","","","","","","","","","","","","","","","",""
"59183001","DUNKERQUE",51.055833,2.3395,11,1892071320,"","","","","","","","","","","","","","","","","","","","","","","","","","","","","","","","","","","","",15.2,9,5.1,9,"","","","","","","","","","","","","","","","","","","","","","","","","","",51,9,"","","","","","","","","","","","",8.8,9,987.,9,984.8,9,"","","","","","","","","","","","","","","","","","","","","","","","","","","","","","","","","","","","","","","","","","","","","","","","","","","","","","","","","","","","","","","","","","","","","","","","","","","","","","","","","","","","","","","","","","","","","","","","","","","","","","","","","","","","","","","",""
"59183001","DUNKERQUE",51.055833,2.3395,11,1892071407,"","","","","","","","","","","","","","","","","","","","","","","","","","","","","","","","","","","","",14.6,9,7.,9,"","","","","","","","","","","","","","","","","","","","","","","","","","",60,9,"","","","","","","","","","","","",10.,9,988.4,9,986.2,9,"","","","","","","","","","","","","","","","","","","","","","","","","","","","","","","","","","","","","","","","","","","","","","","","","","","","","","","","","","","","","","","","","","","","","","","","","","","","","","","","","","","","","","","","","","","","","","","","","","","","","","","","","","","","","","","",""
"59183001","DUNKERQUE",51.055833,2.3395,11,1892071410,"","","","","","","","","","","","","","","","","","","","","","","","","","","","","","","","","","","","",16.4,9,6.8,9,"","","","","","","","","","","","","","","","","","","","","","","","","","",53,9,"","","","","","","","","","","","",9.9,9,989.5,9,987.3,9,"","","","","","","","","","","","","","","","","","","","","","","","","","","","","","","","","","","","","","","","","","","","","","","","","","","","","","","","","","","","","","","","","","","","","","","","","","","","","","","","","","","","","","","","","","","","","","","","","","","","","","","","","","","","","","","",""
"59183001","DUNKERQUE",51.055833,2.3395,11,1892071412,"","","","","","","","","","","","","","","","","","","","","","","","","","","","","","","","","","","","",15.,9,7.,9,"","","","","","","","","","","","","","","","","","","","","","","","","","",59,9,"","","","","","","","","","","","",10.,9,991.,9,988.8,9,"","","","","","","","","","","","","","","","","","","","","","","","","","","","","","","","","","","","","","","","","","","","","","","","","","","","","","","","","","","","","","","","","","","","","","","","","","","","","","","","","","","","","","","","","","","","","","","","","","","","","","","","","","","","","","","",""
"59183001","DUNKERQUE",51.055833,2.3395,11,1892071416,"","","","","","","","","","","","","","","","","","","","","","","","","","","","","","","","","","","","",14.,9,6.1,9,"","","","","","","","","","","","","","","","","","","","","","","","","","",59,9,"","","","","","","","","","","","",9.4,9,992.5,9,990.3,9,"","","","","","","","","","","","","","","","","","","","","","","","","","","","","","","","","","","","","","","","","","","","","","","","","","","","","","","","","","","","","","","","","","","","","","","","","","","","","","","","","","","","","","","","","","","","","","","","","","","","","","","","","","","","","","","",""
"59183001","DUNKERQUE",51.055833,2.3395,11,1892071420,"","","","","","","","","","","","","","","","","","","","","","","","","","","","","","","","","","","","",13.,9,5.,9,"","","","","","","","","","","","","","","","","","","","","","","","","","",58,9,"","","","","","","","","","","","",8.7,9,994.9,9,992.7,9,"","","","","","","","","","","","","","","","","","","","","","","","","","","","","","","","","","","","","","","","","","","","","","","","","","","","","","","","","","","","","","","","","","","","","","","","","","","","","","","","","","","","","","","","","","","","","","","","","","","","","","","","","","","","","","","",""
"59183001","DUNKERQUE",51.055833,2.3395,11,1892071507,"","","","","","","","","","","","","","","","","","","","","","","","","","","","","","","","","","","","",12.,9,2.5,9,"","","","","","","","","","","","","","","","","","","","","","","","","","",52,9,"","","","","","","","","","","","",7.3,9,999.5,9,997.2,9,"","","","","","","","","","","","","","","","","","","","","","","","","","","","","","","","","","","","","","","","","","","","","","","","","","","","","","","","","","","","","","","","","","","","","","","","","","","","","","","","","","","","","","","","","","","","","","","","","","","","","","","","","","","","","","","",""
"59183001","DUNKERQUE",51.055833,2.3395,11,1892071510,"","","","","","","","","","","","","","","","","","","","","","","","","","","","","","","","","","","","",13.8,9,2.1,9,"","","","","","","","","","","","","","","","","","","","","","","","","","",45,9,"","","","","","","","","","","","",7.1,9,999.5,9,997.2,9,"","","","","","","","","","","","","","","","","","","","","","","","","","","","","","","","","","","","","","","","","","","","","","","","","","","","","","","","","","","","","","","","","","","","","","","","","","","","","","","","","","","","","","","","","","","","","","","","","","","","","","","","","","","","","","","",""
"59183001","DUNKERQUE",51.055833,2.3395,11,1892071512,"","","","","","","","","","","","","","","","","","","","","","","","","","","","","","","","","","","","",15.,9,0.9,9,"","","","","","","","","","","","","","","","","","","","","","","","","","",38,9,"","","","","","","","","","","","",6.5,9,999.9,9,997.7,9,"","","","","","","","","","","","","","","","","","","","","","","","","","","","","","","","","","","","","","","","","","","","","","","","","","","","","","","","","","","","","","","","","","","","","","","","","","","","","","","","","","","","","","","","","","","","","","","","","","","","","","","","","","","","","","","",""
"59183001","DUNKERQUE",51.055833,2.3395,11,1892071516,"","","","","","","","","","","","","","","","","","","","","","","","","","","","","","","","","","","","",15.8,9,0.6,9,"","","","","","","","","","","","","","","","","","","","","","","","","","",36,9,"","","","","","","","","","","","",6.4,9,999.7,9,997.5,9,"","","","","","","","","","","","","","","","","","","","","","","","","","","","","","","","","","","","","","","","","","","","","","","","","","","","","","","","","","","","","","","","","","","","","","","","","","","","","","","","","","","","","","","","","","","","","","","","","","","","","","","","","","","","","","","",""
"59183001","DUNKERQUE",51.055833,2.3395,11,1892071520,"","","","","","","","","","","","","","","","","","","","","","","","","","","","","","","","","","","","",13.2,9,3.,9,"","","","","","","","","","","","","","","","","","","","","","","","","","",50,9,"","","","","","","","","","","","",7.6,9,999.8,9,997.5,9,"","","","","","","","","","","","","","","","","","","","","","","","","","","","","","","","","","","","","","","","","","","","","","","","","","","","","","","","","","","","","","","","","","","","","","","","","","","","","","","","","","","","","","","","","","","","","","","","","","","","","","","","","","","","","","","",""
"59183001","DUNKERQUE",51.055833,2.3395,11,1892071607,"","","","","","","","","","","","","","","","","","","","","","","","","","","","","","","","","","","","",11.2,9,5.1,9,"","","","","","","","","","","","","","","","","","","","","","","","","","",66,9,"","","","","","","","","","","","",8.8,9,998.4,9,996.1,9,"","","","","","","","","","","","","","","","","","","","","","","","","","","","","","","","","","","","","","","","","","","","","","","","","","","","","","","","","","","","","","","","","","","","","","","","","","","","","","","","","","","","","","","","","","","","","","","","","","","","","","","","","","","","","","","",""
"59183001","DUNKERQUE",51.055833,2.3395,11,1892071610,"","","","","","","","","","","","","","","","","","","","","","","","","","","","","","","","","","","","",16.2,9,5.5,9,"","","","","","","","","","","","","","","","","","","","","","","","","","",49,9,"","","","","","","","","","","","",9.,9,997.5,9,995.3,9,"","","","","","","","","","","","","","","","","","","","","","","","","","","","","","","","","","","","","","","","","","","","","","","","","","","","","","","","","","","","","","","","","","","","","","","","","","","","","","","","","","","","","","","","","","","","","","","","","","","","","","","","","","","","","","","",""
"59183001","DUNKERQUE",51.055833,2.3395,11,1892071612,"","","","","","","","","","","","","","","","","","","","","","","","","","","","","","","","","","","","",21.8,9,1.9,9,"","","","","","","","","","","","","","","","","","","","","","","","","","",27,9,"","","","","","","","","","","","",7.,9,996.2,9,994.,9,"","","","","","","","","","","","","","","","","","","","","","","","","","","","","","","","","","","","","","","","","","","","","","","","","","","","","","","","","","","","","","","","","","","","","","","","","","","","","","","","","","","","","","","","","","","","","","","","","","","","","","","","","","","","","","","",""
"59183001","DUNKERQUE",51.055833,2.3395,11,1892071616,"","","","","","","","","","","","","","","","","","","","","","","","","","","","","","","","","","","","",18.4,9,9.9,9,"","","","","","","","","","","","","","","","","","","","","","","","","","",58,9,"","","","","","","","","","","","",12.2,9,993.9,9,991.7,9,"","","","","","","","","","","","","","","","","","","","","","","","","","","","","","","","","","","","","","","","","","","","","","","","","","","","","","","","","","","","","","","","","","","","","","","","","","","","","","","","","","","","","","","","","","","","","","","","","","","","","","","","","","","","","","","",""
"59183001","DUNKERQUE",51.055833,2.3395,11,1892071620,"","","","","","","","","","","","","","","","","","","","","","","","","","","","","","","","","","","","",17.6,9,8.9,9,"","","","","","","","","","","","","","","","","","","","","","","","","","",57,9,"","","","","","","","","","","","",11.4,9,993.3,9,991.1,9,"","","","","","","","","","","","","","","","","","","","","","","","","","","","","","","","","","","","","","","","","","","","","","","","","","","","","","","","","","","","","","","","","","","","","","","","","","","","","","","","","","","","","","","","","","","","","","","","","","","","","","","","","","","","","","","",""
"59183001","DUNKERQUE",51.055833,2.3395,11,1892071707,"","","","","","","","","","","","","","","","","","","","","","","","","","","","","","","","","","","","",14.,9,5.6,9,"","","","","","","","","","","","","","","","","","","","","","","","","","",57,9,"","","","","","","","","","","","",9.1,9,990.,9,987.8,9,"","","","","","","","","","","","","","","","","","","","","","","","","","","","","","","","","","","","","","","","","","","","","","","","","","","","","","","","","","","","","","","","","","","","","","","","","","","","","","","","","","","","","","","","","","","","","","","","","","","","","","","","","","","","","","","",""
"59183001","DUNKERQUE",51.055833,2.3395,11,1892071710,"","","","","","","","","","","","","","","","","","","","","","","","","","","","","","","","","","","","",14.8,9,5.8,9,"","","","","","","","","","","","","","","","","","","","","","","","","","",55,9,"","","","","","","","","","","","",9.2,9,990.,9,987.8,9,"","","","","","","","","","","","","","","","","","","","","","","","","","","","","","","","","","","","","","","","","","","","","","","","","","","","","","","","","","","","","","","","","","","","","","","","","","","","","","","","","","","","","","","","","","","","","","","","","","","","","","","","","","","","","","","",""
"59183001","DUNKERQUE",51.055833,2.3395,11,1892071712,"","","","","","","","","","","","","","","","","","","","","","","","","","","","","","","","","","","","",15.2,9,6.7,9,"","","","","","","","","","","","","","","","","","","","","","","","","","",57,9,"","","","","","","","","","","","",9.8,9,989.8,9,987.6,9,"","","","","","","","","","","","","","","","","","","","","","","","","","","","","","","","","","","","","","","","","","","","","","","","","","","","","","","","","","","","","","","","","","","","","","","","","","","","","","","","","","","","","","","","","","","","","","","","","","","","","","","","","","","","","","","",""
"59183001","DUNKERQUE",51.055833,2.3395,11,1892071716,"","","","","","","","","","","","","","","","","","","","","","","","","","","","","","","","","","","","",14.8,9,6.5,9,"","","","","","","","","","","","","","","","","","","","","","","","","","",58,9,"","","","","","","","","","","","",9.7,9,989.6,9,987.4,9,"","","","","","","","","","","","","","","","","","","","","","","","","","","","","","","","","","","","","","","","","","","","","","","","","","","","","","","","","","","","","","","","","","","","","","","","","","","","","","","","","","","","","","","","","","","","","","","","","","","","","","","","","","","","","","","",""
"59183001","DUNKERQUE",51.055833,2.3395,11,1892071720,"","","","","","","","","","","","","","","","","","","","","","","","","","","","","","","","","","","","",13.6,9,5.8,9,"","","","","","","","","","","","","","","","","","","","","","","","","","",59,9,"","","","","","","","","","","","",9.2,9,990.4,9,988.2,9,"","","","","","","","","","","","","","","","","","","","","","","","","","","","","","","","","","","","","","","","","","","","","","","","","","","","","","","","","","","","","","","","","","","","","","","","","","","","","","","","","","","","","","","","","","","","","","","","","","","","","","","","","","","","","","","",""
"59183001","DUNKERQUE",51.055833,2.3395,11,1892071807,"","","","","","","","","","","","","","","","","","","","","","","","","","","","","","","","","","","","",12.2,9,2.7,9,"","","","","","","","","","","","","","","","","","","","","","","","","","",52,9,"","","","","","","","","","","","",7.4,9,994.8,9,992.5,9,"","","","","","","","","","","","","","","","","","","","","","","","","","","","","","","","","","","","","","","","","","","","","","","","","","","","","","","","","","","","","","","","","","","","","","","","","","","","","","","","","","","","","","","","","","","","","","","","","","","","","","","","","","","","","","","",""
"59183001","DUNKERQUE",51.055833,2.3395,11,1892071810,"","","","","","","","","","","","","","","","","","","","","","","","","","","","","","","","","","","","",14.,9,0.6,9,"","","","","","","","","","","","","","","","","","","","","","","","","","",40,9,"","","","","","","","","","","","",6.4,9,995.9,9,993.7,9,"","","","","","","","","","","","","","","","","","","","","","","","","","","","","","","","","","","","","","","","","","","","","","","","","","","","","","","","","","","","","","","","","","","","","","","","","","","","","","","","","","","","","","","","","","","","","","","","","","","","","","","","","","","","","","","",""
"59183001","DUNKERQUE",51.055833,2.3395,11,1892071812,"","","","","","","","","","","","","","","","","","","","","","","","","","","","","","","","","","","","",15.,9,1.5,9,"","","","","","","","","","","","","","","","","","","","","","","","","","",40,9,"","","","","","","","","","","","",6.8,9,997.,9,994.8,9,"","","","","","","","","","","","","","","","","","","","","","","","","","","","","","","","","","","","","","","","","","","","","","","","","","","","","","","","","","","","","","","","","","","","","","","","","","","","","","","","","","","","","","","","","","","","","","","","","","","","","","","","","","","","","","","",""
"59183001","DUNKERQUE",51.055833,2.3395,11,1892071816,"","","","","","","","","","","","","","","","","","","","","","","","","","","","","","","","","","","","",14.6,9,2.1,9,"","","","","","","","","","","","","","","","","","","","","","","","","","",43,9,"","","","","","","","","","","","",7.1,9,997.9,9,995.7,9,"","","","","","","","","","","","","","","","","","","","","","","","","","","","","","","","","","","","","","","","","","","","","","","","","","","","","","","","","","","","","","","","","","","","","","","","","","","","","","","","","","","","","","","","","","","","","","","","","","","","","","","","","","","","","","","",""
"59183001","DUNKERQUE",51.055833,2.3395,11,1892071820,"","","","","","","","","","","","","","","","","","","","","","","","","","","","","","","","","","","","",12.6,9,2.1,9,"","","","","","","","","","","","","","","","","","","","","","","","","","",49,9,"","","","","","","","","","","","",7.1,9,998.,9,995.7,9,"","","","","","","","","","","","","","","","","","","","","","","","","","","","","","","","","","","","","","","","","","","","","","","","","","","","","","","","","","","","","","","","","","","","","","","","","","","","","","","","","","","","","","","","","","","","","","","","","","","","","","","","","","","","","","","",""
"59183001","DUNKERQUE",51.055833,2.3395,11,1892071907,"","","","","","","","","","","","","","","","","","","","","","","","","","","","","","","","","","","","",11.,9,4.5,9,"","","","","","","","","","","","","","","","","","","","","","","","","","",64,9,"","","","","","","","","","","","",8.4,9,998.3,9,996.,9,"","","","","","","","","","","","","","","","","","","","","","","","","","","","","","","","","","","","","","","","","","","","","","","","","","","","","","","","","","","","","","","","","","","","","","","","","","","","","","","","","","","","","","","","","","","","","","","","","","","","","","","","","","","","","","","",""
"59183001","DUNKERQUE",51.055833,2.3395,11,1892071910,"","","","","","","","","","","","","","","","","","","","","","","","","","","","","","","","","","","","",17.,9,1.5,9,"","","","","","","","","","","","","","","","","","","","","","","","","","",35,9,"","","","","","","","","","","","",6.8,9,998.,9,995.8,9,"","","","","","","","","","","","","","","","","","","","","","","","","","","","","","","","","","","","","","","","","","","","","","","","","","","","","","","","","","","","","","","","","","","","","","","","","","","","","","","","","","","","","","","","","","","","","","","","","","","","","","","","","","","","","","","",""
"59183001","DUNKERQUE",51.055833,2.3395,11,1892071912,"","","","","","","","","","","","","","","","","","","","","","","","","","","","","","","","","","","","",17.,9,0.2,9,"","","","","","","","","","","","","","","","","","","","","","","","","","",32,9,"","","","","","","","","","","","",6.2,9,997.7,9,995.5,9,"","","","","","","","","","","","","","","","","","","","","","","","","","","","","","","","","","","","","","","","","","","","","","","","","","","","","","","","","","","","","","","","","","","","","","","","","","","","","","","","","","","","","","","","","","","","","","","","","","","","","","","","","","","","","","","",""
"59183001","DUNKERQUE",51.055833,2.3395,11,1892071916,"","","","","","","","","","","","","","","","","","","","","","","","","","","","","","","","","","","","",14.8,9,3.,9,"","","","","","","","","","","","","","","","","","","","","","","","","","",45,9,"","","","","","","","","","","","",7.6,9,997.7,9,995.5,9,"","","","","","","","","","","","","","","","","","","","","","","","","","","","","","","","","","","","","","","","","","","","","","","","","","","","","","","","","","","","","","","","","","","","","","","","","","","","","","","","","","","","","","","","","","","","","","","","","","","","","","","","","","","","","","","",""
"59183001","DUNKERQUE",51.055833,2.3395,11,1892071920,"","","","","","","","","","","","","","","","","","","","","","","","","","","","","","","","","","","","",11.6,9,5.6,9,"","","","","","","","","","","","","","","","","","","","","","","","","","",67,9,"","","","","","","","","","","","",9.1,9,988.6,9,986.4,9,"","","","","","","","","","","","","","","","","","","","","","","","","","","","","","","","","","","","","","","","","","","","","","","","","","","","","","","","","","","","","","","","","","","","","","","","","","","","","","","","","","","","","","","","","","","","","","","","","","","","","","","","","","","","","","","",""
"59183001","DUNKERQUE",51.055833,2.3395,11,1892072007,"","","","","","","","","","","","","","","","","","","","","","","","","","","","","","","","","","","","",13.8,9,5.9,9,"","","","","","","","","","","","","","","","","","","","","","","","","","",59,9,"","","","","","","","","","","","",9.3,9,984.9,9,982.7,9,"","","","","","","","","","","","","","","","","","","","","","","","","","","","","","","","","","","","","","","","","","","","","","","","","","","","","","","","","","","","","","","","","","","","","","","","","","","","","","","","","","","","","","","","","","","","","","","","","","","","","","","","","","","","","","","",""
"59183001","DUNKERQUE",51.055833,2.3395,11,1892072010,"","","","","","","","","","","","","","","","","","","","","","","","","","","","","","","","","","","","",15.,9,4.3,9,"","","","","","","","","","","","","","","","","","","","","","","","","","",49,9,"","","","","","","","","","","","",8.3,9,988.6,9,986.4,9,"","","","","","","","","","","","","","","","","","","","","","","","","","","","","","","","","","","","","","","","","","","","","","","","","","","","","","","","","","","","","","","","","","","","","","","","","","","","","","","","","","","","","","","","","","","","","","","","","","","","","","","","","","","","","","","",""
"59183001","DUNKERQUE",51.055833,2.3395,11,1892072012,"","","","","","","","","","","","","","","","","","","","","","","","","","","","","","","","","","","","",15.,9,5.,9,"","","","","","","","","","","","","","","","","","","","","","","","","","",51,9,"","","","","","","","","","","","",8.7,9,990.4,9,988.2,9,"","","","","","","","","","","","","","","","","","","","","","","","","","","","","","","","","","","","","","","","","","","","","","","","","","","","","","","","","","","","","","","","","","","","","","","","","","","","","","","","","","","","","","","","","","","","","","","","","","","","","","","","","","","","","","","",""
"59183001","DUNKERQUE",51.055833,2.3395,11,1892072016,"","","","","","","","","","","","","","","","","","","","","","","","","","","","","","","","","","","","",15.,9,7.,9,"","","","","","","","","","","","","","","","","","","","","","","","","","",59,9,"","","","","","","","","","","","",10.,9,995.4,9,993.2,9,"","","","","","","","","","","","","","","","","","","","","","","","","","","","","","","","","","","","","","","","","","","","","","","","","","","","","","","","","","","","","","","","","","","","","","","","","","","","","","","","","","","","","","","","","","","","","","","","","","","","","","","","","","","","","","","",""
"59183001","DUNKERQUE",51.055833,2.3395,11,1892072020,"","","","","","","","","","","","","","","","","","","","","","","","","","","","","","","","","","","","",13.6,9,5.8,9,"","","","","","","","","","","","","","","","","","","","","","","","","","",59,9,"","","","","","","","","","","","",9.2,9,999.2,9,997.,9,"","","","","","","","","","","","","","","","","","","","","","","","","","","","","","","","","","","","","","","","","","","","","","","","","","","","","","","","","","","","","","","","","","","","","","","","","","","","","","","","","","","","","","","","","","","","","","","","","","","","","","","","","","","","","","","",""
"59183001","DUNKERQUE",51.055833,2.3395,11,1892072107,"","","","","","","","","","","","","","","","","","","","","","","","","","","","","","","","","","","","",12.8,9,5.3,9,"","","","","","","","","","","","","","","","","","","","","","","","","","",60,9,"","","","","","","","","","","","",8.9,9,1001.2,9,998.9,9,"","","","","","","","","","","","","","","","","","","","","","","","","","","","","","","","","","","","","","","","","","","","","","","","","","","","","","","","","","","","","","","","","","","","","","","","","","","","","","","","","","","","","","","","","","","","","","","","","","","","","","","","","","","","","","","",""
"59183001","DUNKERQUE",51.055833,2.3395,11,1892072110,"","","","","","","","","","","","","","","","","","","","","","","","","","","","","","","","","","","","",13.,9,5.5,9,"","","","","","","","","","","","","","","","","","","","","","","","","","",60,9,"","","","","","","","","","","","",9.,9,1002.8,9,1000.5,9,"","","","","","","","","","","","","","","","","","","","","","","","","","","","","","","","","","","","","","","","","","","","","","","","","","","","","","","","","","","","","","","","","","","","","","","","","","","","","","","","","","","","","","","","","","","","","","","","","","","","","","","","","","","","","","","",""
"59183001","DUNKERQUE",51.055833,2.3395,11,1892072112,"","","","","","","","","","","","","","","","","","","","","","","","","","","","","","","","","","","","",13.,9,5.5,9,"","","","","","","","","","","","","","","","","","","","","","","","","","",60,9,"","","","","","","","","","","","",9.,9,1003.,9,1000.7,9,"","","","","","","","","","","","","","","","","","","","","","","","","","","","","","","","","","","","","","","","","","","","","","","","","","","","","","","","","","","","","","","","","","","","","","","","","","","","","","","","","","","","","","","","","","","","","","","","","","","","","","","","","","","","","","","",""
"59183001","DUNKERQUE",51.055833,2.3395,11,1892072116,"","","","","","","","","","","","","","","","","","","","","","","","","","","","","","","","","","","","",13.8,9,0.9,9,"","","","","","","","","","","","","","","","","","","","","","","","","","",41,9,"","","","","","","","","","","","",6.5,9,1003.3,9,1001.,9,"","","","","","","","","","","","","","","","","","","","","","","","","","","","","","","","","","","","","","","","","","","","","","","","","","","","","","","","","","","","","","","","","","","","","","","","","","","","","","","","","","","","","","","","","","","","","","","","","","","","","","","","","","","","","","","",""
"59183001","DUNKERQUE",51.055833,2.3395,11,1892072120,"","","","","","","","","","","","","","","","","","","","","","","","","","","","","","","","","","","","",13.,9,0.6,9,"","","","","","","","","","","","","","","","","","","","","","","","","","",43,9,"","","","","","","","","","","","",6.4,9,1003.6,9,1001.3,9,"","","","","","","","","","","","","","","","","","","","","","","","","","","","","","","","","","","","","","","","","","","","","","","","","","","","","","","","","","","","","","","","","","","","","","","","","","","","","","","","","","","","","","","","","","","","","","","","","","","","","","","","","","","","","","","",""
"59183001","DUNKERQUE",51.055833,2.3395,11,1892072207,"","","","","","","","","","","","","","","","","","","","","","","","","","","","","","","","","","","","",13.2,9,1.9,9,"","","","","","","","","","","","","","","","","","","","","","","","","","",46,9,"","","","","","","","","","","","",7.,9,1004.1,9,1001.8,9,"","","","","","","","","","","","","","","","","","","","","","","","","","","","","","","","","","","","","","","","","","","","","","","","","","","","","","","","","","","","","","","","","","","","","","","","","","","","","","","","","","","","","","","","","","","","","","","","","","","","","","","","","","","","","","","",""
"59183001","DUNKERQUE",51.055833,2.3395,11,1892072210,"","","","","","","","","","","","","","","","","","","","","","","","","","","","","","","","","","","","",14.8,9,1.7,9,"","","","","","","","","","","","","","","","","","","","","","","","","","",41,9,"","","","","","","","","","","","",6.9,9,1005.1,9,1002.8,9,"","","","","","","","","","","","","","","","","","","","","","","","","","","","","","","","","","","","","","","","","","","","","","","","","","","","","","","","","","","","","","","","","","","","","","","","","","","","","","","","","","","","","","","","","","","","","","","","","","","","","","","","","","","","","","","",""
"59183001","DUNKERQUE",51.055833,2.3395,11,1892072212,"","","","","","","","","","","","","","","","","","","","","","","","","","","","","","","","","","","","",15.6,9,2.5,9,"","","","","","","","","","","","","","","","","","","","","","","","","","",41,9,"","","","","","","","","","","","",7.3,9,1005.,9,1002.8,9,"","","","","","","","","","","","","","","","","","","","","","","","","","","","","","","","","","","","","","","","","","","","","","","","","","","","","","","","","","","","","","","","","","","","","","","","","","","","","","","","","","","","","","","","","","","","","","","","","","","","","","","","","","","","","","","",""
"59183001","DUNKERQUE",51.055833,2.3395,11,1892072216,"","","","","","","","","","","","","","","","","","","","","","","","","","","","","","","","","","","","",16.6,9,5.5,9,"","","","","","","","","","","","","","","","","","","","","","","","","","",48,9,"","","","","","","","","","","","",9.,9,1004.6,9,1002.4,9,"","","","","","","","","","","","","","","","","","","","","","","","","","","","","","","","","","","","","","","","","","","","","","","","","","","","","","","","","","","","","","","","","","","","","","","","","","","","","","","","","","","","","","","","","","","","","","","","","","","","","","","","","","","","","","","",""
"59183001","DUNKERQUE",51.055833,2.3395,11,1892072220,"","","","","","","","","","","","","","","","","","","","","","","","","","","","","","","","","","","","",14.2,9,4.8,9,"","","","","","","","","","","","","","","","","","","","","","","","","","",53,9,"","","","","","","","","","","","",8.6,9,1004.7,9,1002.4,9,"","","","","","","","","","","","","","","","","","","","","","","","","","","","","","","","","","","","","","","","","","","","","","","","","","","","","","","","","","","","","","","","","","","","","","","","","","","","","","","","","","","","","","","","","","","","","","","","","","","","","","","","","","","","","","","",""
"59183001","DUNKERQUE",51.055833,2.3395,11,1892072307,"","","","","","","","","","","","","","","","","","","","","","","","","","","","","","","","","","","","",13.,9,4.1,9,"","","","","","","","","","","","","","","","","","","","","","","","","","",55,9,"","","","","","","","","","","","",8.2,9,1006.4,9,1004.1,9,"","","","","","","","","","","","","","","","","","","","","","","","","","","","","","","","","","","","","","","","","","","","","","","","","","","","","","","","","","","","","","","","","","","","","","","","","","","","","","","","","","","","","","","","","","","","","","","","","","","","","","","","","","","","","","","",""
"59183001","DUNKERQUE",51.055833,2.3395,11,1892072310,"","","","","","","","","","","","","","","","","","","","","","","","","","","","","","","","","","","","",18.8,9,2.1,9,"","","","","","","","","","","","","","","","","","","","","","","","","","",33,9,"","","","","","","","","","","","",7.1,9,1006.4,9,1004.2,9,"","","","","","","","","","","","","","","","","","","","","","","","","","","","","","","","","","","","","","","","","","","","","","","","","","","","","","","","","","","","","","","","","","","","","","","","","","","","","","","","","","","","","","","","","","","","","","","","","","","","","","","","","","","","","","","",""
"59183001","DUNKERQUE",51.055833,2.3395,11,1892072312,"","","","","","","","","","","","","","","","","","","","","","","","","","","","","","","","","","","","",19.4,9,2.7,9,"","","","","","","","","","","","","","","","","","","","","","","","","","",33,9,"","","","","","","","","","","","",7.4,9,1006.4,9,1004.2,9,"","","","","","","","","","","","","","","","","","","","","","","","","","","","","","","","","","","","","","","","","","","","","","","","","","","","","","","","","","","","","","","","","","","","","","","","","","","","","","","","","","","","","","","","","","","","","","","","","","","","","","","","","","","","","","","",""
"59183001","DUNKERQUE",51.055833,2.3395,11,1892072316,"","","","","","","","","","","","","","","","","","","","","","","","","","","","","","","","","","","","",17.8,9,4.3,9,"","","","","","","","","","","","","","","","","","","","","","","","","","",41,9,"","","","","","","","","","","","",8.3,9,1006.9,9,1004.7,9,"","","","","","","","","","","","","","","","","","","","","","","","","","","","","","","","","","","","","","","","","","","","","","","","","","","","","","","","","","","","","","","","","","","","","","","","","","","","","","","","","","","","","","","","","","","","","","","","","","","","","","","","","","","","","","","",""
"59183001","DUNKERQUE",51.055833,2.3395,11,1892072320,"","","","","","","","","","","","","","","","","","","","","","","","","","","","","","","","","","","","",16.8,9,5.1,9,"","","","","","","","","","","","","","","","","","","","","","","","","","",46,9,"","","","","","","","","","","","",8.8,9,1007.,9,1004.8,9,"","","","","","","","","","","","","","","","","","","","","","","","","","","","","","","","","","","","","","","","","","","","","","","","","","","","","","","","","","","","","","","","","","","","","","","","","","","","","","","","","","","","","","","","","","","","","","","","","","","","","","","","","","","","","","","",""
"59183001","DUNKERQUE",51.055833,2.3395,11,1892072407,"","","","","","","","","","","","","","","","","","","","","","","","","","","","","","","","","","","","",15.8,9,7.,9,"","","","","","","","","","","","","","","","","","","","","","","","","","",56,9,"","","","","","","","","","","","",10.,9,1007.1,9,1004.9,9,"","","","","","","","","","","","","","","","","","","","","","","","","","","","","","","","","","","","","","","","","","","","","","","","","","","","","","","","","","","","","","","","","","","","","","","","","","","","","","","","","","","","","","","","","","","","","","","","","","","","","","","","","","","","","","","",""
"59183001","DUNKERQUE",51.055833,2.3395,11,1892072410,"","","","","","","","","","","","","","","","","","","","","","","","","","","","","","","","","","","","",17.,9,7.1,9,"","","","","","","","","","","","","","","","","","","","","","","","","","",52,9,"","","","","","","","","","","","",10.1,9,1007.,9,1004.8,9,"","","","","","","","","","","","","","","","","","","","","","","","","","","","","","","","","","","","","","","","","","","","","","","","","","","","","","","","","","","","","","","","","","","","","","","","","","","","","","","","","","","","","","","","","","","","","","","","","","","","","","","","","","","","","","","",""
"59183001","DUNKERQUE",51.055833,2.3395,11,1892072412,"","","","","","","","","","","","","","","","","","","","","","","","","","","","","","","","","","","","",17.,9,7.1,9,"","","","","","","","","","","","","","","","","","","","","","","","","","",52,9,"","","","","","","","","","","","",10.1,9,1007.,9,1004.8,9,"","","","","","","","","","","","","","","","","","","","","","","","","","","","","","","","","","","","","","","","","","","","","","","","","","","","","","","","","","","","","","","","","","","","","","","","","","","","","","","","","","","","","","","","","","","","","","","","","","","","","","","","","","","","","","","",""
"59183001","DUNKERQUE",51.055833,2.3395,11,1892072416,"","","","","","","","","","","","","","","","","","","","","","","","","","","","","","","","","","","","",16.2,9,7.4,9,"","","","","","","","","","","","","","","","","","","","","","","","","","",56,9,"","","","","","","","","","","","",10.3,9,1006.9,9,1004.7,9,"","","","","","","","","","","","","","","","","","","","","","","","","","","","","","","","","","","","","","","","","","","","","","","","","","","","","","","","","","","","","","","","","","","","","","","","","","","","","","","","","","","","","","","","","","","","","","","","","","","","","","","","","","","","","","","",""
"59183001","DUNKERQUE",51.055833,2.3395,11,1892072420,"","","","","","","","","","","","","","","","","","","","","","","","","","","","","","","","","","","","",13.8,9,5.9,9,"","","","","","","","","","","","","","","","","","","","","","","","","","",59,9,"","","","","","","","","","","","",9.3,9,1007.,9,1004.7,9,"","","","","","","","","","","","","","","","","","","","","","","","","","","","","","","","","","","","","","","","","","","","","","","","","","","","","","","","","","","","","","","","","","","","","","","","","","","","","","","","","","","","","","","","","","","","","","","","","","","","","","","","","","","","","","","",""
"59183001","DUNKERQUE",51.055833,2.3395,11,1892072507,"","","","","","","","","","","","","","","","","","","","","","","","","","","","","","","","","","","","",13.,9,1.9,9,"","","","","","","","","","","","","","","","","","","","","","","","","","",47,9,"","","","","","","","","","","","",7.,9,1007.3,9,1005.,9,"","","","","","","","","","","","","","","","","","","","","","","","","","","","","","","","","","","","","","","","","","","","","","","","","","","","","","","","","","","","","","","","","","","","","","","","","","","","","","","","","","","","","","","","","","","","","","","","","","","","","","","","","","","","","","","",""
"59183001","DUNKERQUE",51.055833,2.3395,11,1892072510,"","","","","","","","","","","","","","","","","","","","","","","","","","","","","","","","","","","","",15.,9,0.9,9,"","","","","","","","","","","","","","","","","","","","","","","","","","",38,9,"","","","","","","","","","","","",6.5,9,1007.3,9,1005.,9,"","","","","","","","","","","","","","","","","","","","","","","","","","","","","","","","","","","","","","","","","","","","","","","","","","","","","","","","","","","","","","","","","","","","","","","","","","","","","","","","","","","","","","","","","","","","","","","","","","","","","","","","","","","","","","","",""
"59183001","DUNKERQUE",51.055833,2.3395,11,1892072512,"","","","","","","","","","","","","","","","","","","","","","","","","","","","","","","","","","","","",15.8,9,0.6,9,"","","","","","","","","","","","","","","","","","","","","","","","","","",36,9,"","","","","","","","","","","","",6.4,9,1007.3,9,1005.,9,"","","","","","","","","","","","","","","","","","","","","","","","","","","","","","","","","","","","","","","","","","","","","","","","","","","","","","","","","","","","","","","","","","","","","","","","","","","","","","","","","","","","","","","","","","","","","","","","","","","","","","","","","","","","","","","",""
"59183001","DUNKERQUE",51.055833,2.3395,11,1892072516,"","","","","","","","","","","","","","","","","","","","","","","","","","","","","","","","","","","","",15.4,9,1.1,9,"","","","","","","","","","","","","","","","","","","","","","","","","","",38,9,"","","","","","","","","","","","",6.6,9,1006.4,9,1004.1,9,"","","","","","","","","","","","","","","","","","","","","","","","","","","","","","","","","","","","","","","","","","","","","","","","","","","","","","","","","","","","","","","","","","","","","","","","","","","","","","","","","","","","","","","","","","","","","","","","","","","","","","","","","","","","","","","",""
"59183001","DUNKERQUE",51.055833,2.3395,11,1892072520,"","","","","","","","","","","","","","","","","","","","","","","","","","","","","","","","","","","","",14.4,9,2.3,9,"","","","","","","","","","","","","","","","","","","","","","","","","","",44,9,"","","","","","","","","","","","",7.2,9,1005.9,9,1003.6,9,"","","","","","","","","","","","","","","","","","","","","","","","","","","","","","","","","","","","","","","","","","","","","","","","","","","","","","","","","","","","","","","","","","","","","","","","","","","","","","","","","","","","","","","","","","","","","","","","","","","","","","","","","","","","","","","",""
"59183001","DUNKERQUE",51.055833,2.3395,11,1892072607,"","","","","","","","","","","","","","","","","","","","","","","","","","","","","","","","","","","","",15.4,9,7.,9,"","","","","","","","","","","","","","","","","","","","","","","","","","",57,9,"","","","","","","","","","","","",10.,9,1005.6,9,1003.4,9,"","","","","","","","","","","","","","","","","","","","","","","","","","","","","","","","","","","","","","","","","","","","","","","","","","","","","","","","","","","","","","","","","","","","","","","","","","","","","","","","","","","","","","","","","","","","","","","","","","","","","","","","","","","","","","","",""
"59183001","DUNKERQUE",51.055833,2.3395,11,1892072610,"","","","","","","","","","","","","","","","","","","","","","","","","","","","","","","","","","","","",17.6,9,5.1,9,"","","","","","","","","","","","","","","","","","","","","","","","","","",44,9,"","","","","","","","","","","","",8.8,9,1005.5,9,1003.3,9,"","","","","","","","","","","","","","","","","","","","","","","","","","","","","","","","","","","","","","","","","","","","","","","","","","","","","","","","","","","","","","","","","","","","","","","","","","","","","","","","","","","","","","","","","","","","","","","","","","","","","","","","","","","","","","","",""
"59183001","DUNKERQUE",51.055833,2.3395,11,1892072612,"","","","","","","","","","","","","","","","","","","","","","","","","","","","","","","","","","","","",18.,9,8.8,9,"","","","","","","","","","","","","","","","","","","","","","","","","","",55,9,"","","","","","","","","","","","",11.3,9,1005.5,9,1003.3,9,"","","","","","","","","","","","","","","","","","","","","","","","","","","","","","","","","","","","","","","","","","","","","","","","","","","","","","","","","","","","","","","","","","","","","","","","","","","","","","","","","","","","","","","","","","","","","","","","","","","","","","","","","","","","","","","",""
"59183001","DUNKERQUE",51.055833,2.3395,11,1892072616,"","","","","","","","","","","","","","","","","","","","","","","","","","","","","","","","","","","","",17.8,9,10.4,9,"","","","","","","","","","","","","","","","","","","","","","","","","","",62,9,"","","","","","","","","","","","",12.6,9,1003.5,9,1001.3,9,"","","","","","","","","","","","","","","","","","","","","","","","","","","","","","","","","","","","","","","","","","","","","","","","","","","","","","","","","","","","","","","","","","","","","","","","","","","","","","","","","","","","","","","","","","","","","","","","","","","","","","","","","","","","","","","",""
"59183001","DUNKERQUE",51.055833,2.3395,11,1892072620,"","","","","","","","","","","","","","","","","","","","","","","","","","","","","","","","","","","","",17.,9,9.4,9,"","","","","","","","","","","","","","","","","","","","","","","","","","",61,9,"","","","","","","","","","","","",11.8,9,1003.7,9,1001.5,9,"","","","","","","","","","","","","","","","","","","","","","","","","","","","","","","","","","","","","","","","","","","","","","","","","","","","","","","","","","","","","","","","","","","","","","","","","","","","","","","","","","","","","","","","","","","","","","","","","","","","","","","","","","","","","","","",""
"59183001","DUNKERQUE",51.055833,2.3395,11,1892072707,"","","","","","","","","","","","","","","","","","","","","","","","","","","","","","","","","","","","",15.2,9,6.2,9,"","","","","","","","","","","","","","","","","","","","","","","","","","",55,9,"","","","","","","","","","","","",9.5,9,1003.8,9,1001.6,9,"","","","","","","","","","","","","","","","","","","","","","","","","","","","","","","","","","","","","","","","","","","","","","","","","","","","","","","","","","","","","","","","","","","","","","","","","","","","","","","","","","","","","","","","","","","","","","","","","","","","","","","","","","","","","","","",""
"59183001","DUNKERQUE",51.055833,2.3395,11,1892072710,"","","","","","","","","","","","","","","","","","","","","","","","","","","","","","","","","","","","",18.,9,6.8,9,"","","","","","","","","","","","","","","","","","","","","","","","","","",48,9,"","","","","","","","","","","","",9.9,9,1003.8,9,1001.6,9,"","","","","","","","","","","","","","","","","","","","","","","","","","","","","","","","","","","","","","","","","","","","","","","","","","","","","","","","","","","","","","","","","","","","","","","","","","","","","","","","","","","","","","","","","","","","","","","","","","","","","","","","","","","","","","","",""
"59183001","DUNKERQUE",51.055833,2.3395,11,1892072712,"","","","","","","","","","","","","","","","","","","","","","","","","","","","","","","","","","","","",19.,9,6.8,9,"","","","","","","","","","","","","","","","","","","","","","","","","","",45,9,"","","","","","","","","","","","",9.9,9,1003.7,9,1001.5,9,"","","","","","","","","","","","","","","","","","","","","","","","","","","","","","","","","","","","","","","","","","","","","","","","","","","","","","","","","","","","","","","","","","","","","","","","","","","","","","","","","","","","","","","","","","","","","","","","","","","","","","","","","","","","","","","",""
"59183001","DUNKERQUE",51.055833,2.3395,11,1892072716,"","","","","","","","","","","","","","","","","","","","","","","","","","","","","","","","","","","","",17.6,9,6.7,9,"","","","","","","","","","","","","","","","","","","","","","","","","","",49,9,"","","","","","","","","","","","",9.8,9,1003.7,9,1001.5,9,"","","","","","","","","","","","","","","","","","","","","","","","","","","","","","","","","","","","","","","","","","","","","","","","","","","","","","","","","","","","","","","","","","","","","","","","","","","","","","","","","","","","","","","","","","","","","","","","","","","","","","","","","","","","","","","",""
"59183001","DUNKERQUE",51.055833,2.3395,11,1892072720,"","","","","","","","","","","","","","","","","","","","","","","","","","","","","","","","","","","","",16.,9,7.7,9,"","","","","","","","","","","","","","","","","","","","","","","","","","",58,9,"","","","","","","","","","","","",10.5,9,1003.7,9,1001.5,9,"","","","","","","","","","","","","","","","","","","","","","","","","","","","","","","","","","","","","","","","","","","","","","","","","","","","","","","","","","","","","","","","","","","","","","","","","","","","","","","","","","","","","","","","","","","","","","","","","","","","","","","","","","","","","","","",""
"59183001","DUNKERQUE",51.055833,2.3395,11,1892072807,"","","","","","","","","","","","","","","","","","","","","","","","","","","","","","","","","","","","",16.,9,8.3,9,"","","","","","","","","","","","","","","","","","","","","","","","","","",60,9,"","","","","","","","","","","","",10.9,9,1003.8,9,1001.6,9,"","","","","","","","","","","","","","","","","","","","","","","","","","","","","","","","","","","","","","","","","","","","","","","","","","","","","","","","","","","","","","","","","","","","","","","","","","","","","","","","","","","","","","","","","","","","","","","","","","","","","","","","","","","","","","","",""
"59183001","DUNKERQUE",51.055833,2.3395,11,1892072810,"","","","","","","","","","","","","","","","","","","","","","","","","","","","","","","","","","","","",16.2,9,8.4,9,"","","","","","","","","","","","","","","","","","","","","","","","","","",60,9,"","","","","","","","","","","","",11.,9,1003.8,9,1001.6,9,"","","","","","","","","","","","","","","","","","","","","","","","","","","","","","","","","","","","","","","","","","","","","","","","","","","","","","","","","","","","","","","","","","","","","","","","","","","","","","","","","","","","","","","","","","","","","","","","","","","","","","","","","","","","","","","",""
"59183001","DUNKERQUE",51.055833,2.3395,11,1892072812,"","","","","","","","","","","","","","","","","","","","","","","","","","","","","","","","","","","","",16.6,9,6.4,9,"","","","","","","","","","","","","","","","","","","","","","","","","","",51,9,"","","","","","","","","","","","",9.6,9,1003.8,9,1001.6,9,"","","","","","","","","","","","","","","","","","","","","","","","","","","","","","","","","","","","","","","","","","","","","","","","","","","","","","","","","","","","","","","","","","","","","","","","","","","","","","","","","","","","","","","","","","","","","","","","","","","","","","","","","","","","","","","",""
"59183001","DUNKERQUE",51.055833,2.3395,11,1892072816,"","","","","","","","","","","","","","","","","","","","","","","","","","","","","","","","","","","","",16.8,9,6.2,9,"","","","","","","","","","","","","","","","","","","","","","","","","","",50,9,"","","","","","","","","","","","",9.5,9,1003.7,9,1001.5,9,"","","","","","","","","","","","","","","","","","","","","","","","","","","","","","","","","","","","","","","","","","","","","","","","","","","","","","","","","","","","","","","","","","","","","","","","","","","","","","","","","","","","","","","","","","","","","","","","","","","","","","","","","","","","","","","",""
"59183001","DUNKERQUE",51.055833,2.3395,11,1892072820,"","","","","","","","","","","","","","","","","","","","","","","","","","","","","","","","","","","","",15.,9,7.3,9,"","","","","","","","","","","","","","","","","","","","","","","","","","",60,9,"","","","","","","","","","","","",10.2,9,1003.8,9,1001.6,9,"","","","","","","","","","","","","","","","","","","","","","","","","","","","","","","","","","","","","","","","","","","","","","","","","","","","","","","","","","","","","","","","","","","","","","","","","","","","","","","","","","","","","","","","","","","","","","","","","","","","","","","","","","","","","","","",""
"59183001","DUNKERQUE",51.055833,2.3395,11,1892072907,"","","","","","","","","","","","","","","","","","","","","","","","","","","","","","","","","","","","",15.6,9,7.1,9,"","","","","","","","","","","","","","","","","","","","","","","","","","",57,9,"","","","","","","","","","","","",10.1,9,1003.9,9,1001.7,9,"","","","","","","","","","","","","","","","","","","","","","","","","","","","","","","","","","","","","","","","","","","","","","","","","","","","","","","","","","","","","","","","","","","","","","","","","","","","","","","","","","","","","","","","","","","","","","","","","","","","","","","","","","","","","","","",""
"59183001","DUNKERQUE",51.055833,2.3395,11,1892072910,"","","","","","","","","","","","","","","","","","","","","","","","","","","","","","","","","","","","",16.8,9,7.1,9,"","","","","","","","","","","","","","","","","","","","","","","","","","",53,9,"","","","","","","","","","","","",10.1,9,1003.9,9,1001.7,9,"","","","","","","","","","","","","","","","","","","","","","","","","","","","","","","","","","","","","","","","","","","","","","","","","","","","","","","","","","","","","","","","","","","","","","","","","","","","","","","","","","","","","","","","","","","","","","","","","","","","","","","","","","","","","","","",""
"59183001","DUNKERQUE",51.055833,2.3395,11,1892072912,"","","","","","","","","","","","","","","","","","","","","","","","","","","","","","","","","","","","",17.,9,7.1,9,"","","","","","","","","","","","","","","","","","","","","","","","","","",52,9,"","","","","","","","","","","","",10.1,9,1003.8,9,1001.6,9,"","","","","","","","","","","","","","","","","","","","","","","","","","","","","","","","","","","","","","","","","","","","","","","","","","","","","","","","","","","","","","","","","","","","","","","","","","","","","","","","","","","","","","","","","","","","","","","","","","","","","","","","","","","","","","","",""
"59183001","DUNKERQUE",51.055833,2.3395,11,1892072916,"","","","","","","","","","","","","","","","","","","","","","","","","","","","","","","","","","","","",17.8,9,6.7,9,"","","","","","","","","","","","","","","","","","","","","","","","","","",48,9,"","","","","","","","","","","","",9.8,9,1003.8,9,1001.6,9,"","","","","","","","","","","","","","","","","","","","","","","","","","","","","","","","","","","","","","","","","","","","","","","","","","","","","","","","","","","","","","","","","","","","","","","","","","","","","","","","","","","","","","","","","","","","","","","","","","","","","","","","","","","","","","","",""
"59183001","DUNKERQUE",51.055833,2.3395,11,1892072920,"","","","","","","","","","","","","","","","","","","","","","","","","","","","","","","","","","","","",16.,9,6.7,9,"","","","","","","","","","","","","","","","","","","","","","","","","","",54,9,"","","","","","","","","","","","",9.8,9,1003.8,9,1001.6,9,"","","","","","","","","","","","","","","","","","","","","","","","","","","","","","","","","","","","","","","","","","","","","","","","","","","","","","","","","","","","","","","","","","","","","","","","","","","","","","","","","","","","","","","","","","","","","","","","","","","","","","","","","","","","","","","",""
"59183001","DUNKERQUE",51.055833,2.3395,11,1892073007,"","","","","","","","","","","","","","","","","","","","","","","","","","","","","","","","","","","","",15.2,9,7.7,9,"","","","","","","","","","","","","","","","","","","","","","","","","","",61,9,"","","","","","","","","","","","",10.5,9,1003.1,9,1000.9,9,"","","","","","","","","","","","","","","","","","","","","","","","","","","","","","","","","","","","","","","","","","","","","","","","","","","","","","","","","","","","","","","","","","","","","","","","","","","","","","","","","","","","","","","","","","","","","","","","","","","","","","","","","","","","","","","",""
"59183001","DUNKERQUE",51.055833,2.3395,11,1892073010,"","","","","","","","","","","","","","","","","","","","","","","","","","","","","","","","","","","","",15.4,9,8.4,9,"","","","","","","","","","","","","","","","","","","","","","","","","","",63,9,"","","","","","","","","","","","",11.,9,1003.1,9,1000.9,9,"","","","","","","","","","","","","","","","","","","","","","","","","","","","","","","","","","","","","","","","","","","","","","","","","","","","","","","","","","","","","","","","","","","","","","","","","","","","","","","","","","","","","","","","","","","","","","","","","","","","","","","","","","","","","","","",""
"59183001","DUNKERQUE",51.055833,2.3395,11,1892073012,"","","","","","","","","","","","","","","","","","","","","","","","","","","","","","","","","","","","",15.4,9,8.4,9,"","","","","","","","","","","","","","","","","","","","","","","","","","",63,9,"","","","","","","","","","","","",11.,9,1003.1,9,1000.9,9,"","","","","","","","","","","","","","","","","","","","","","","","","","","","","","","","","","","","","","","","","","","","","","","","","","","","","","","","","","","","","","","","","","","","","","","","","","","","","","","","","","","","","","","","","","","","","","","","","","","","","","","","","","","","","","","",""
"59183001","DUNKERQUE",51.055833,2.3395,11,1892073016,"","","","","","","","","","","","","","","","","","","","","","","","","","","","","","","","","","","","",16.8,9,7.7,9,"","","","","","","","","","","","","","","","","","","","","","","","","","",55,9,"","","","","","","","","","","","",10.5,9,1003.,9,1000.8,9,"","","","","","","","","","","","","","","","","","","","","","","","","","","","","","","","","","","","","","","","","","","","","","","","","","","","","","","","","","","","","","","","","","","","","","","","","","","","","","","","","","","","","","","","","","","","","","","","","","","","","","","","","","","","","","","",""
"59183001","DUNKERQUE",51.055833,2.3395,11,1892073020,"","","","","","","","","","","","","","","","","","","","","","","","","","","","","","","","","","","","",15.,9,7.3,9,"","","","","","","","","","","","","","","","","","","","","","","","","","",60,9,"","","","","","","","","","","","",10.2,9,1003.1,9,1000.9,9,"","","","","","","","","","","","","","","","","","","","","","","","","","","","","","","","","","","","","","","","","","","","","","","","","","","","","","","","","","","","","","","","","","","","","","","","","","","","","","","","","","","","","","","","","","","","","","","","","","","","","","","","","","","","","","","",""
"59183001","DUNKERQUE",51.055833,2.3395,11,1892073107,"","","","","","","","","","","","","","","","","","","","","","","","","","","","","","","","","","","","",13.8,9,5.9,9,"","","","","","","","","","","","","","","","","","","","","","","","","","",59,9,"","","","","","","","","","","","",9.3,9,1002.,9,999.7,9,"","","","","","","","","","","","","","","","","","","","","","","","","","","","","","","","","","","","","","","","","","","","","","","","","","","","","","","","","","","","","","","","","","","","","","","","","","","","","","","","","","","","","","","","","","","","","","","","","","","","","","","","","","","","","","","",""
"59183001","DUNKERQUE",51.055833,2.3395,11,1892073110,"","","","","","","","","","","","","","","","","","","","","","","","","","","","","","","","","","","","",14.2,9,5.8,9,"","","","","","","","","","","","","","","","","","","","","","","","","","",57,9,"","","","","","","","","","","","",9.2,9,1001.7,9,999.4,9,"","","","","","","","","","","","","","","","","","","","","","","","","","","","","","","","","","","","","","","","","","","","","","","","","","","","","","","","","","","","","","","","","","","","","","","","","","","","","","","","","","","","","","","","","","","","","","","","","","","","","","","","","","","","","","","",""
"59183001","DUNKERQUE",51.055833,2.3395,11,1892073112,"","","","","","","","","","","","","","","","","","","","","","","","","","","","","","","","","","","","",15.,9,5.5,9,"","","","","","","","","","","","","","","","","","","","","","","","","","",53,9,"","","","","","","","","","","","",9.,9,1001.4,9,999.2,9,"","","","","","","","","","","","","","","","","","","","","","","","","","","","","","","","","","","","","","","","","","","","","","","","","","","","","","","","","","","","","","","","","","","","","","","","","","","","","","","","","","","","","","","","","","","","","","","","","","","","","","","","","","","","","","","",""
"59183001","DUNKERQUE",51.055833,2.3395,11,1892073116,"","","","","","","","","","","","","","","","","","","","","","","","","","","","","","","","","","","","",19.6,9,5.6,9,"","","","","","","","","","","","","","","","","","","","","","","","","","",40,9,"","","","","","","","","","","","",9.1,9,1000.,9,997.8,9,"","","","","","","","","","","","","","","","","","","","","","","","","","","","","","","","","","","","","","","","","","","","","","","","","","","","","","","","","","","","","","","","","","","","","","","","","","","","","","","","","","","","","","","","","","","","","","","","","","","","","","","","","","","","","","","",""
"59183001","DUNKERQUE",51.055833,2.3395,11,1892073120,"","","","","","","","","","","","","","","","","","","","","","","","","","","","","","","","","","","","",17.,9,7.1,9,"","","","","","","","","","","","","","","","","","","","","","","","","","",52,9,"","","","","","","","","","","","",10.1,9,999.9,9,997.7,9,"","","","","","","","","","","","","","","","","","","","","","","","","","","","","","","","","","","","","","","","","","","","","","","","","","","","","","","","","","","","","","","","","","","","","","","","","","","","","","","","","","","","","","","","","","","","","","","","","","","","","","","","","","","","","","","",""
"59183001","DUNKERQUE",51.055833,2.3395,11,1892080107,"","","","","","","","","","","","","","","","","","","","","","","","","","","","","","","","","","","","",15.,9,7.3,9,"","","","","","","","","","","","","","","","","","","","","","","","","","",60,9,"","","","","","","","","","","","",10.2,9,997.2,9,995.,9,"","","","","","","","","","","","","","","","","","","","","","","","","","","","","","","","","","","","","","","","","","","","","","","","","","","","","","","","","","","","","","","","","","","","","","","","","","","","","","","","","","","","","","","","","","","","","","","","","","","","","","","","","","","","","","","",""
"59183001","DUNKERQUE",51.055833,2.3395,11,1892080112,"","","","","","","","","","","","","","","","","","","","","","","","","","","","","","","","","","","","",16.2,9,8.4,9,"","","","","","","","","","","","","","","","","","","","","","","","","","",60,9,"","","","","","","","","","","","",11.,9,996.4,9,994.2,9,"","","","","","","","","","","","","","","","","","","","","","","","","","","","","","","","","","","","","","","","","","","","","","","","","","","","","","","","","","","","","","","","","","","","","","","","","","","","","","","","","","","","","","","","","","","","","","","","","","","","","","","","","","","","","","","",""
"59183001","DUNKERQUE",51.055833,2.3395,11,1892080120,"","","","","","","","","","","","","","","","","","","","","","","","","","","","","","","","","","","","",15.,9,6.2,9,"","","","","","","","","","","","","","","","","","","","","","","","","","",56,9,"","","","","","","","","","","","",9.5,9,995.8,9,993.6,9,"","","","","","","","","","","","","","","","","","","","","","","","","","","","","","","","","","","","","","","","","","","","","","","","","","","","","","","","","","","","","","","","","","","","","","","","","","","","","","","","","","","","","","","","","","","","","","","","","","","","","","","","","","","","","","","",""
"59183001","DUNKERQUE",51.055833,2.3395,11,1892080207,"","","","","","","","","","","","","","","","","","","","","","","","","","","","","","","","","","","","",13.,9,1.3,9,"","","","","","","","","","","","","","","","","","","","","","","","","","",45,9,"","","","","","","","","","","","",6.7,9,1000.,9,997.7,9,"","","","","","","","","","","","","","","","","","","","","","","","","","","","","","","","","","","","","","","","","","","","","","","","","","","","","","","","","","","","","","","","","","","","","","","","","","","","","","","","","","","","","","","","","","","","","","","","","","","","","","","","","","","","","","","",""
"59183001","DUNKERQUE",51.055833,2.3395,11,1892080212,"","","","","","","","","","","","","","","","","","","","","","","","","","","","","","","","","","","","",16.,9,2.1,9,"","","","","","","","","","","","","","","","","","","","","","","","","","",39,9,"","","","","","","","","","","","",7.1,9,1000.6,9,998.4,9,"","","","","","","","","","","","","","","","","","","","","","","","","","","","","","","","","","","","","","","","","","","","","","","","","","","","","","","","","","","","","","","","","","","","","","","","","","","","","","","","","","","","","","","","","","","","","","","","","","","","","","","","","","","","","","","",""
"59183001","DUNKERQUE",51.055833,2.3395,11,1892080220,"","","","","","","","","","","","","","","","","","","","","","","","","","","","","","","","","","","","",13.4,9,2.9,9,"","","","","","","","","","","","","","","","","","","","","","","","","","",49,9,"","","","","","","","","","","","",7.5,9,1002.,9,999.7,9,"","","","","","","","","","","","","","","","","","","","","","","","","","","","","","","","","","","","","","","","","","","","","","","","","","","","","","","","","","","","","","","","","","","","","","","","","","","","","","","","","","","","","","","","","","","","","","","","","","","","","","","","","","","","","","","",""
"59183001","DUNKERQUE",51.055833,2.3395,11,1892080307,"","","","","","","","","","","","","","","","","","","","","","","","","","","","","","","","","","","","",13.4,9,5.8,9,"","","","","","","","","","","","","","","","","","","","","","","","","","",60,9,"","","","","","","","","","","","",9.2,9,1002.1,9,999.8,9,"","","","","","","","","","","","","","","","","","","","","","","","","","","","","","","","","","","","","","","","","","","","","","","","","","","","","","","","","","","","","","","","","","","","","","","","","","","","","","","","","","","","","","","","","","","","","","","","","","","","","","","","","","","","","","","",""
"59183001","DUNKERQUE",51.055833,2.3395,11,1892080312,"","","","","","","","","","","","","","","","","","","","","","","","","","","","","","","","","","","","",19.4,9,9.3,9,"","","","","","","","","","","","","","","","","","","","","","","","","","",52,9,"","","","","","","","","","","","",11.7,9,1001.8,9,999.6,9,"","","","","","","","","","","","","","","","","","","","","","","","","","","","","","","","","","","","","","","","","","","","","","","","","","","","","","","","","","","","","","","","","","","","","","","","","","","","","","","","","","","","","","","","","","","","","","","","","","","","","","","","","","","","","","","",""
"59183001","DUNKERQUE",51.055833,2.3395,11,1892080320,"","","","","","","","","","","","","","","","","","","","","","","","","","","","","","","","","","","","",14.6,9,7.4,9,"","","","","","","","","","","","","","","","","","","","","","","","","","",62,9,"","","","","","","","","","","","",10.3,9,1001.7,9,999.5,9,"","","","","","","","","","","","","","","","","","","","","","","","","","","","","","","","","","","","","","","","","","","","","","","","","","","","","","","","","","","","","","","","","","","","","","","","","","","","","","","","","","","","","","","","","","","","","","","","","","","","","","","","","","","","","","","",""
"59183001","DUNKERQUE",51.055833,2.3395,11,1892080407,"","","","","","","","","","","","","","","","","","","","","","","","","","","","","","","","","","","","",15.2,9,6.7,9,"","","","","","","","","","","","","","","","","","","","","","","","","","",57,9,"","","","","","","","","","","","",9.8,9,1000.5,9,998.3,9,"","","","","","","","","","","","","","","","","","","","","","","","","","","","","","","","","","","","","","","","","","","","","","","","","","","","","","","","","","","","","","","","","","","","","","","","","","","","","","","","","","","","","","","","","","","","","","","","","","","","","","","","","","","","","","","",""
"59183001","DUNKERQUE",51.055833,2.3395,11,1892080412,"","","","","","","","","","","","","","","","","","","","","","","","","","","","","","","","","","","","",16.,9,3.8,9,"","","","","","","","","","","","","","","","","","","","","","","","","","",44,9,"","","","","","","","","","","","",8.,9,1000.5,9,998.3,9,"","","","","","","","","","","","","","","","","","","","","","","","","","","","","","","","","","","","","","","","","","","","","","","","","","","","","","","","","","","","","","","","","","","","","","","","","","","","","","","","","","","","","","","","","","","","","","","","","","","","","","","","","","","","","","","",""
"59183001","DUNKERQUE",51.055833,2.3395,11,1892080420,"","","","","","","","","","","","","","","","","","","","","","","","","","","","","","","","","","","","",15.,9,5.,9,"","","","","","","","","","","","","","","","","","","","","","","","","","",51,9,"","","","","","","","","","","","",8.7,9,1000.4,9,998.2,9,"","","","","","","","","","","","","","","","","","","","","","","","","","","","","","","","","","","","","","","","","","","","","","","","","","","","","","","","","","","","","","","","","","","","","","","","","","","","","","","","","","","","","","","","","","","","","","","","","","","","","","","","","","","","","","","",""
"59183001","DUNKERQUE",51.055833,2.3395,11,1892080507,"","","","","","","","","","","","","","","","","","","","","","","","","","","","","","","","","","","","",12.,9,5.,9,"","","","","","","","","","","","","","","","","","","","","","","","","","",62,9,"","","","","","","","","","","","",8.7,9,1001.4,9,999.1,9,"","","","","","","","","","","","","","","","","","","","","","","","","","","","","","","","","","","","","","","","","","","","","","","","","","","","","","","","","","","","","","","","","","","","","","","","","","","","","","","","","","","","","","","","","","","","","","","","","","","","","","","","","","","","","","","",""
"59183001","DUNKERQUE",51.055833,2.3395,11,1892080512,"","","","","","","","","","","","","","","","","","","","","","","","","","","","","","","","","","","","",21.,9,10.8,9,"","","","","","","","","","","","","","","","","","","","","","","","","","",52,9,"","","","","","","","","","","","",12.9,9,1001.1,9,998.9,9,"","","","","","","","","","","","","","","","","","","","","","","","","","","","","","","","","","","","","","","","","","","","","","","","","","","","","","","","","","","","","","","","","","","","","","","","","","","","","","","","","","","","","","","","","","","","","","","","","","","","","","","","","","","","","","","",""
"59183001","DUNKERQUE",51.055833,2.3395,11,1892080520,"","","","","","","","","","","","","","","","","","","","","","","","","","","","","","","","","","","","",15.,9,7.3,9,"","","","","","","","","","","","","","","","","","","","","","","","","","",60,9,"","","","","","","","","","","","",10.2,9,1000.9,9,998.7,9,"","","","","","","","","","","","","","","","","","","","","","","","","","","","","","","","","","","","","","","","","","","","","","","","","","","","","","","","","","","","","","","","","","","","","","","","","","","","","","","","","","","","","","","","","","","","","","","","","","","","","","","","","","","","","","","",""
"59183001","DUNKERQUE",51.055833,2.3395,11,1892080607,"","","","","","","","","","","","","","","","","","","","","","","","","","","","","","","","","","","","",15.,9,5.1,9,"","","","","","","","","","","","","","","","","","","","","","","","","","",52,9,"","","","","","","","","","","","",8.8,9,1000.5,9,998.3,9,"","","","","","","","","","","","","","","","","","","","","","","","","","","","","","","","","","","","","","","","","","","","","","","","","","","","","","","","","","","","","","","","","","","","","","","","","","","","","","","","","","","","","","","","","","","","","","","","","","","","","","","","","","","","","","","",""
"59183001","DUNKERQUE",51.055833,2.3395,11,1892080612,"","","","","","","","","","","","","","","","","","","","","","","","","","","","","","","","","","","","",21.8,9,3.9,9,"","","","","","","","","","","","","","","","","","","","","","","","","","",31,9,"","","","","","","","","","","","",8.1,9,999.6,9,997.4,9,"","","","","","","","","","","","","","","","","","","","","","","","","","","","","","","","","","","","","","","","","","","","","","","","","","","","","","","","","","","","","","","","","","","","","","","","","","","","","","","","","","","","","","","","","","","","","","","","","","","","","","","","","","","","","","","",""
"59183001","DUNKERQUE",51.055833,2.3395,11,1892080620,"","","","","","","","","","","","","","","","","","","","","","","","","","","","","","","","","","","","",16.,9,9.9,9,"","","","","","","","","","","","","","","","","","","","","","","","","","",67,9,"","","","","","","","","","","","",12.2,9,998.9,9,996.7,9,"","","","","","","","","","","","","","","","","","","","","","","","","","","","","","","","","","","","","","","","","","","","","","","","","","","","","","","","","","","","","","","","","","","","","","","","","","","","","","","","","","","","","","","","","","","","","","","","","","","","","","","","","","","","","","","",""
"59183001","DUNKERQUE",51.055833,2.3395,11,1892080707,"","","","","","","","","","","","","","","","","","","","","","","","","","","","","","","","","","","","",15.4,9,8.1,9,"","","","","","","","","","","","","","","","","","","","","","","","","","",62,9,"","","","","","","","","","","","",10.8,9,999.3,9,997.1,9,"","","","","","","","","","","","","","","","","","","","","","","","","","","","","","","","","","","","","","","","","","","","","","","","","","","","","","","","","","","","","","","","","","","","","","","","","","","","","","","","","","","","","","","","","","","","","","","","","","","","","","","","","","","","","","","",""
"59183001","DUNKERQUE",51.055833,2.3395,11,1892080712,"","","","","","","","","","","","","","","","","","","","","","","","","","","","","","","","","","","","",16.8,9,8.5,9,"","","","","","","","","","","","","","","","","","","","","","","","","","",58,9,"","","","","","","","","","","","",11.1,9,999.3,9,997.1,9,"","","","","","","","","","","","","","","","","","","","","","","","","","","","","","","","","","","","","","","","","","","","","","","","","","","","","","","","","","","","","","","","","","","","","","","","","","","","","","","","","","","","","","","","","","","","","","","","","","","","","","","","","","","","","","","",""
"59183001","DUNKERQUE",51.055833,2.3395,11,1892080720,"","","","","","","","","","","","","","","","","","","","","","","","","","","","","","","","","","","","",16.6,9,9.,9,"","","","","","","","","","","","","","","","","","","","","","","","","","",61,9,"","","","","","","","","","","","",11.5,9,999.3,9,997.1,9,"","","","","","","","","","","","","","","","","","","","","","","","","","","","","","","","","","","","","","","","","","","","","","","","","","","","","","","","","","","","","","","","","","","","","","","","","","","","","","","","","","","","","","","","","","","","","","","","","","","","","","","","","","","","","","","",""
"59183001","DUNKERQUE",51.055833,2.3395,11,1892080807,"","","","","","","","","","","","","","","","","","","","","","","","","","","","","","","","","","","","",14.8,9,7.1,9,"","","","","","","","","","","","","","","","","","","","","","","","","","",60,9,"","","","","","","","","","","","",10.1,9,998.9,9,996.7,9,"","","","","","","","","","","","","","","","","","","","","","","","","","","","","","","","","","","","","","","","","","","","","","","","","","","","","","","","","","","","","","","","","","","","","","","","","","","","","","","","","","","","","","","","","","","","","","","","","","","","","","","","","","","","","","","",""
"59183001","DUNKERQUE",51.055833,2.3395,11,1892080812,"","","","","","","","","","","","","","","","","","","","","","","","","","","","","","","","","","","","",24.,9,3.8,9,"","","","","","","","","","","","","","","","","","","","","","","","","","",27,9,"","","","","","","","","","","","",8.,9,997.3,9,995.1,9,"","","","","","","","","","","","","","","","","","","","","","","","","","","","","","","","","","","","","","","","","","","","","","","","","","","","","","","","","","","","","","","","","","","","","","","","","","","","","","","","","","","","","","","","","","","","","","","","","","","","","","","","","","","","","","","",""
"59183001","DUNKERQUE",51.055833,2.3395,11,1892080820,"","","","","","","","","","","","","","","","","","","","","","","","","","","","","","","","","","","","",18.,9,8.3,9,"","","","","","","","","","","","","","","","","","","","","","","","","","",53,9,"","","","","","","","","","","","",10.9,9,992.9,9,990.7,9,"","","","","","","","","","","","","","","","","","","","","","","","","","","","","","","","","","","","","","","","","","","","","","","","","","","","","","","","","","","","","","","","","","","","","","","","","","","","","","","","","","","","","","","","","","","","","","","","","","","","","","","","","","","","","","","",""
"59183001","DUNKERQUE",51.055833,2.3395,11,1892080907,"","","","","","","","","","","","","","","","","","","","","","","","","","","","","","","","","","","","",16.8,9,7.7,9,"","","","","","","","","","","","","","","","","","","","","","","","","","",55,9,"","","","","","","","","","","","",10.5,9,993.5,9,991.3,9,"","","","","","","","","","","","","","","","","","","","","","","","","","","","","","","","","","","","","","","","","","","","","","","","","","","","","","","","","","","","","","","","","","","","","","","","","","","","","","","","","","","","","","","","","","","","","","","","","","","","","","","","","","","","","","","",""
"59183001","DUNKERQUE",51.055833,2.3395,11,1892080912,"","","","","","","","","","","","","","","","","","","","","","","","","","","","","","","","","","","","",15.6,9,7.1,9,"","","","","","","","","","","","","","","","","","","","","","","","","","",57,9,"","","","","","","","","","","","",10.1,9,994.4,9,992.2,9,"","","","","","","","","","","","","","","","","","","","","","","","","","","","","","","","","","","","","","","","","","","","","","","","","","","","","","","","","","","","","","","","","","","","","","","","","","","","","","","","","","","","","","","","","","","","","","","","","","","","","","","","","","","","","","","",""
"59183001","DUNKERQUE",51.055833,2.3395,11,1892080920,"","","","","","","","","","","","","","","","","","","","","","","","","","","","","","","","","","","","",13.,9,6.4,9,"","","","","","","","","","","","","","","","","","","","","","","","","","",64,9,"","","","","","","","","","","","",9.6,9,999.3,9,997.,9,"","","","","","","","","","","","","","","","","","","","","","","","","","","","","","","","","","","","","","","","","","","","","","","","","","","","","","","","","","","","","","","","","","","","","","","","","","","","","","","","","","","","","","","","","","","","","","","","","","","","","","","","","","","","","","","",""
"59183001","DUNKERQUE",51.055833,2.3395,11,1892081007,"","","","","","","","","","","","","","","","","","","","","","","","","","","","","","","","","","","","",13.4,9,-0.3,9,"","","","","","","","","","","","","","","","","","","","","","","","","","",39,9,"","","","","","","","","","","","",6.,9,1003.4,9,1001.1,9,"","","","","","","","","","","","","","","","","","","","","","","","","","","","","","","","","","","","","","","","","","","","","","","","","","","","","","","","","","","","","","","","","","","","","","","","","","","","","","","","","","","","","","","","","","","","","","","","","","","","","","","","","","","","","","","",""
"59183001","DUNKERQUE",51.055833,2.3395,11,1892081012,"","","","","","","","","","","","","","","","","","","","","","","","","","","","","","","","","","","","",15.,9,1.1,9,"","","","","","","","","","","","","","","","","","","","","","","","","","",39,9,"","","","","","","","","","","","",6.6,9,1003.9,9,1001.6,9,"","","","","","","","","","","","","","","","","","","","","","","","","","","","","","","","","","","","","","","","","","","","","","","","","","","","","","","","","","","","","","","","","","","","","","","","","","","","","","","","","","","","","","","","","","","","","","","","","","","","","","","","","","","","","","","",""
"59183001","DUNKERQUE",51.055833,2.3395,11,1892081020,"","","","","","","","","","","","","","","","","","","","","","","","","","","","","","","","","","","","",14.,9,6.1,9,"","","","","","","","","","","","","","","","","","","","","","","","","","",59,9,"","","","","","","","","","","","",9.4,9,1004.6,9,1002.3,9,"","","","","","","","","","","","","","","","","","","","","","","","","","","","","","","","","","","","","","","","","","","","","","","","","","","","","","","","","","","","","","","","","","","","","","","","","","","","","","","","","","","","","","","","","","","","","","","","","","","","","","","","","","","","","","","",""
"59183001","DUNKERQUE",51.055833,2.3395,11,1892081107,"","","","","","","","","","","","","","","","","","","","","","","","","","","","","","","","","","","","",12.4,9,5.1,9,"","","","","","","","","","","","","","","","","","","","","","","","","","",61,9,"","","","","","","","","","","","",8.8,9,1004.9,9,1002.6,9,"","","","","","","","","","","","","","","","","","","","","","","","","","","","","","","","","","","","","","","","","","","","","","","","","","","","","","","","","","","","","","","","","","","","","","","","","","","","","","","","","","","","","","","","","","","","","","","","","","","","","","","","","","","","","","","",""
"59183001","DUNKERQUE",51.055833,2.3395,11,1892081112,"","","","","","","","","","","","","","","","","","","","","","","","","","","","","","","","","","","","",18.2,9,9.6,9,"","","","","","","","","","","","","","","","","","","","","","","","","","",57,9,"","","","","","","","","","","","",11.9,9,1004.8,9,1002.6,9,"","","","","","","","","","","","","","","","","","","","","","","","","","","","","","","","","","","","","","","","","","","","","","","","","","","","","","","","","","","","","","","","","","","","","","","","","","","","","","","","","","","","","","","","","","","","","","","","","","","","","","","","","","","","","","","",""
"59183001","DUNKERQUE",51.055833,2.3395,11,1892081120,"","","","","","","","","","","","","","","","","","","","","","","","","","","","","","","","","","","","",13.8,9,5.9,9,"","","","","","","","","","","","","","","","","","","","","","","","","","",59,9,"","","","","","","","","","","","",9.3,9,1004.6,9,1002.3,9,"","","","","","","","","","","","","","","","","","","","","","","","","","","","","","","","","","","","","","","","","","","","","","","","","","","","","","","","","","","","","","","","","","","","","","","","","","","","","","","","","","","","","","","","","","","","","","","","","","","","","","","","","","","","","","","",""
"59183001","DUNKERQUE",51.055833,2.3395,11,1892081207,"","","","","","","","","","","","","","","","","","","","","","","","","","","","","","","","","","","","",12.2,9,3.4,9,"","","","","","","","","","","","","","","","","","","","","","","","","","",55,9,"","","","","","","","","","","","",7.8,9,1004.9,9,1002.6,9,"","","","","","","","","","","","","","","","","","","","","","","","","","","","","","","","","","","","","","","","","","","","","","","","","","","","","","","","","","","","","","","","","","","","","","","","","","","","","","","","","","","","","","","","","","","","","","","","","","","","","","","","","","","","","","","",""
"59183001","DUNKERQUE",51.055833,2.3395,11,1892081212,"","","","","","","","","","","","","","","","","","","","","","","","","","","","","","","","","","","","",20.,9,3.2,9,"","","","","","","","","","","","","","","","","","","","","","","","","","",33,9,"","","","","","","","","","","","",7.7,9,1004.4,9,1002.2,9,"","","","","","","","","","","","","","","","","","","","","","","","","","","","","","","","","","","","","","","","","","","","","","","","","","","","","","","","","","","","","","","","","","","","","","","","","","","","","","","","","","","","","","","","","","","","","","","","","","","","","","","","","","","","","","","",""
"59183001","DUNKERQUE",51.055833,2.3395,11,1892081220,"","","","","","","","","","","","","","","","","","","","","","","","","","","","","","","","","","","","",16.,9,5.,9,"","","","","","","","","","","","","","","","","","","","","","","","","","",48,9,"","","","","","","","","","","","",8.7,9,1000.7,9,998.5,9,"","","","","","","","","","","","","","","","","","","","","","","","","","","","","","","","","","","","","","","","","","","","","","","","","","","","","","","","","","","","","","","","","","","","","","","","","","","","","","","","","","","","","","","","","","","","","","","","","","","","","","","","","","","","","","","",""
"59183001","DUNKERQUE",51.055833,2.3395,11,1892081307,"","","","","","","","","","","","","","","","","","","","","","","","","","","","","","","","","","","","",15.4,9,6.4,9,"","","","","","","","","","","","","","","","","","","","","","","","","","",55,9,"","","","","","","","","","","","",9.6,9,997.7,9,995.5,9,"","","","","","","","","","","","","","","","","","","","","","","","","","","","","","","","","","","","","","","","","","","","","","","","","","","","","","","","","","","","","","","","","","","","","","","","","","","","","","","","","","","","","","","","","","","","","","","","","","","","","","","","","","","","","","","",""
"59183001","DUNKERQUE",51.055833,2.3395,11,1892081312,"","","","","","","","","","","","","","","","","","","","","","","","","","","","","","","","","","","","",28.2,9,16.8,9,"","","","","","","","","","","","","","","","","","","","","","","","","","",50,9,"","","","","","","","","","","","",19.1,9,994.8,9,992.7,9,"","","","","","","","","","","","","","","","","","","","","","","","","","","","","","","","","","","","","","","","","","","","","","","","","","","","","","","","","","","","","","","","","","","","","","","","","","","","","","","","","","","","","","","","","","","","","","","","","","","","","","","","","","","","","","","",""
"59183001","DUNKERQUE",51.055833,2.3395,11,1892081320,"","","","","","","","","","","","","","","","","","","","","","","","","","","","","","","","","","","","",17.8,9,9.4,9,"","","","","","","","","","","","","","","","","","","","","","","","","","",58,9,"","","","","","","","","","","","",11.8,9,993.9,9,991.7,9,"","","","","","","","","","","","","","","","","","","","","","","","","","","","","","","","","","","","","","","","","","","","","","","","","","","","","","","","","","","","","","","","","","","","","","","","","","","","","","","","","","","","","","","","","","","","","","","","","","","","","","","","","","","","","","","",""
"59183001","DUNKERQUE",51.055833,2.3395,11,1892081407,"","","","","","","","","","","","","","","","","","","","","","","","","","","","","","","","","","","","",16.4,9,8.1,9,"","","","","","","","","","","","","","","","","","","","","","","","","","",58,9,"","","","","","","","","","","","",10.8,9,994.9,9,992.7,9,"","","","","","","","","","","","","","","","","","","","","","","","","","","","","","","","","","","","","","","","","","","","","","","","","","","","","","","","","","","","","","","","","","","","","","","","","","","","","","","","","","","","","","","","","","","","","","","","","","","","","","","","","","","","","","","",""
"59183001","DUNKERQUE",51.055833,2.3395,11,1892081412,"","","","","","","","","","","","","","","","","","","","","","","","","","","","","","","","","","","","",21.,9,4.1,9,"","","","","","","","","","","","","","","","","","","","","","","","","","",33,9,"","","","","","","","","","","","",8.2,9,996.1,9,993.9,9,"","","","","","","","","","","","","","","","","","","","","","","","","","","","","","","","","","","","","","","","","","","","","","","","","","","","","","","","","","","","","","","","","","","","","","","","","","","","","","","","","","","","","","","","","","","","","","","","","","","","","","","","","","","","","","","",""
"59183001","DUNKERQUE",51.055833,2.3395,11,1892081420,"","","","","","","","","","","","","","","","","","","","","","","","","","","","","","","","","","","","",18.4,9,9.4,9,"","","","","","","","","","","","","","","","","","","","","","","","","","",56,9,"","","","","","","","","","","","",11.8,9,995.8,9,993.6,9,"","","","","","","","","","","","","","","","","","","","","","","","","","","","","","","","","","","","","","","","","","","","","","","","","","","","","","","","","","","","","","","","","","","","","","","","","","","","","","","","","","","","","","","","","","","","","","","","","","","","","","","","","","","","","","","",""
"59183001","DUNKERQUE",51.055833,2.3395,11,1892081507,"","","","","","","","","","","","","","","","","","","","","","","","","","","","","","","","","","","","",17.4,9,9.,9,"","","","","","","","","","","","","","","","","","","","","","","","","","",58,9,"","","","","","","","","","","","",11.5,9,995.3,9,993.1,9,"","","","","","","","","","","","","","","","","","","","","","","","","","","","","","","","","","","","","","","","","","","","","","","","","","","","","","","","","","","","","","","","","","","","","","","","","","","","","","","","","","","","","","","","","","","","","","","","","","","","","","","","","","","","","","","",""
"59183001","DUNKERQUE",51.055833,2.3395,11,1892081512,"","","","","","","","","","","","","","","","","","","","","","","","","","","","","","","","","","","","",23.,9,10.4,9,"","","","","","","","","","","","","","","","","","","","","","","","","","",45,9,"","","","","","","","","","","","",12.6,9,997.3,9,995.1,9,"","","","","","","","","","","","","","","","","","","","","","","","","","","","","","","","","","","","","","","","","","","","","","","","","","","","","","","","","","","","","","","","","","","","","","","","","","","","","","","","","","","","","","","","","","","","","","","","","","","","","","","","","","","","","","","",""
"59183001","DUNKERQUE",51.055833,2.3395,11,1892081520,"","","","","","","","","","","","","","","","","","","","","","","","","","","","","","","","","","","","",15.4,9,7.1,9,"","","","","","","","","","","","","","","","","","","","","","","","","","",58,9,"","","","","","","","","","","","",10.1,9,999.4,9,997.2,9,"","","","","","","","","","","","","","","","","","","","","","","","","","","","","","","","","","","","","","","","","","","","","","","","","","","","","","","","","","","","","","","","","","","","","","","","","","","","","","","","","","","","","","","","","","","","","","","","","","","","","","","","","","","","","","","",""
"59183001","DUNKERQUE",51.055833,2.3395,11,1892081607,"","","","","","","","","","","","","","","","","","","","","","","","","","","","","","","","","","","","",14.8,9,7.1,9,"","","","","","","","","","","","","","","","","","","","","","","","","","",60,9,"","","","","","","","","","","","",10.1,9,1002.4,9,1000.2,9,"","","","","","","","","","","","","","","","","","","","","","","","","","","","","","","","","","","","","","","","","","","","","","","","","","","","","","","","","","","","","","","","","","","","","","","","","","","","","","","","","","","","","","","","","","","","","","","","","","","","","","","","","","","","","","","",""
"59183001","DUNKERQUE",51.055833,2.3395,11,1892081612,"","","","","","","","","","","","","","","","","","","","","","","","","","","","","","","","","","","","",19.8,9,6.1,9,"","","","","","","","","","","","","","","","","","","","","","","","","","",41,9,"","","","","","","","","","","","",9.4,9,1002.7,9,1000.5,9,"","","","","","","","","","","","","","","","","","","","","","","","","","","","","","","","","","","","","","","","","","","","","","","","","","","","","","","","","","","","","","","","","","","","","","","","","","","","","","","","","","","","","","","","","","","","","","","","","","","","","","","","","","","","","","","",""
"59183001","DUNKERQUE",51.055833,2.3395,11,1892081620,"","","","","","","","","","","","","","","","","","","","","","","","","","","","","","","","","","","","",18.,9,11.1,9,"","","","","","","","","","","","","","","","","","","","","","","","","","",64,9,"","","","","","","","","","","","",13.2,9,998.7,9,996.5,9,"","","","","","","","","","","","","","","","","","","","","","","","","","","","","","","","","","","","","","","","","","","","","","","","","","","","","","","","","","","","","","","","","","","","","","","","","","","","","","","","","","","","","","","","","","","","","","","","","","","","","","","","","","","","","","","",""
"59183001","DUNKERQUE",51.055833,2.3395,11,1892081707,"","","","","","","","","","","","","","","","","","","","","","","","","","","","","","","","","","","","",19.8,9,8.8,9,"","","","","","","","","","","","","","","","","","","","","","","","","","",49,9,"","","","","","","","","","","","",11.3,9,997.1,9,994.9,9,"","","","","","","","","","","","","","","","","","","","","","","","","","","","","","","","","","","","","","","","","","","","","","","","","","","","","","","","","","","","","","","","","","","","","","","","","","","","","","","","","","","","","","","","","","","","","","","","","","","","","","","","","","","","","","","",""
"59183001","DUNKERQUE",51.055833,2.3395,11,1892081712,"","","","","","","","","","","","","","","","","","","","","","","","","","","","","","","","","","","","",24.,9,9.9,9,"","","","","","","","","","","","","","","","","","","","","","","","","","",41,9,"","","","","","","","","","","","",12.2,9,996.6,9,994.4,9,"","","","","","","","","","","","","","","","","","","","","","","","","","","","","","","","","","","","","","","","","","","","","","","","","","","","","","","","","","","","","","","","","","","","","","","","","","","","","","","","","","","","","","","","","","","","","","","","","","","","","","","","","","","","","","","",""
"59183001","DUNKERQUE",51.055833,2.3395,11,1892081720,"","","","","","","","","","","","","","","","","","","","","","","","","","","","","","","","","","","","",19.4,9,9.3,9,"","","","","","","","","","","","","","","","","","","","","","","","","","",52,9,"","","","","","","","","","","","",11.7,9,996.8,9,994.6,9,"","","","","","","","","","","","","","","","","","","","","","","","","","","","","","","","","","","","","","","","","","","","","","","","","","","","","","","","","","","","","","","","","","","","","","","","","","","","","","","","","","","","","","","","","","","","","","","","","","","","","","","","","","","","","","","",""
"59183001","DUNKERQUE",51.055833,2.3395,11,1892081807,"","","","","","","","","","","","","","","","","","","","","","","","","","","","","","","","","","","","",18.4,9,9.7,9,"","","","","","","","","","","","","","","","","","","","","","","","","","",57,9,"","","","","","","","","","","","",12.,9,996.,9,993.8,9,"","","","","","","","","","","","","","","","","","","","","","","","","","","","","","","","","","","","","","","","","","","","","","","","","","","","","","","","","","","","","","","","","","","","","","","","","","","","","","","","","","","","","","","","","","","","","","","","","","","","","","","","","","","","","","","",""
"59183001","DUNKERQUE",51.055833,2.3395,11,1892081812,"","","","","","","","","","","","","","","","","","","","","","","","","","","","","","","","","","","","",22.6,9,8.3,9,"","","","","","","","","","","","","","","","","","","","","","","","","","",40,9,"","","","","","","","","","","","",10.9,9,993.2,9,991.,9,"","","","","","","","","","","","","","","","","","","","","","","","","","","","","","","","","","","","","","","","","","","","","","","","","","","","","","","","","","","","","","","","","","","","","","","","","","","","","","","","","","","","","","","","","","","","","","","","","","","","","","","","","","","","","","","",""
"59183001","DUNKERQUE",51.055833,2.3395,11,1892081820,"","","","","","","","","","","","","","","","","","","","","","","","","","","","","","","","","","","","",20.2,9,8.5,9,"","","","","","","","","","","","","","","","","","","","","","","","","","",47,9,"","","","","","","","","","","","",11.1,9,989.1,9,986.9,9,"","","","","","","","","","","","","","","","","","","","","","","","","","","","","","","","","","","","","","","","","","","","","","","","","","","","","","","","","","","","","","","","","","","","","","","","","","","","","","","","","","","","","","","","","","","","","","","","","","","","","","","","","","","","","","","",""
"59183001","DUNKERQUE",51.055833,2.3395,11,1892081907,"","","","","","","","","","","","","","","","","","","","","","","","","","","","","","","","","","","","",18.8,9,9.8,9,"","","","","","","","","","","","","","","","","","","","","","","","","","",56,9,"","","","","","","","","","","","",12.1,9,989.7,9,987.5,9,"","","","","","","","","","","","","","","","","","","","","","","","","","","","","","","","","","","","","","","","","","","","","","","","","","","","","","","","","","","","","","","","","","","","","","","","","","","","","","","","","","","","","","","","","","","","","","","","","","","","","","","","","","","","","","","",""
"59183001","DUNKERQUE",51.055833,2.3395,11,1892081912,"","","","","","","","","","","","","","","","","","","","","","","","","","","","","","","","","","","","",20.,9,11.,9,"","","","","","","","","","","","","","","","","","","","","","","","","","",56,9,"","","","","","","","","","","","",13.1,9,989.2,9,987.,9,"","","","","","","","","","","","","","","","","","","","","","","","","","","","","","","","","","","","","","","","","","","","","","","","","","","","","","","","","","","","","","","","","","","","","","","","","","","","","","","","","","","","","","","","","","","","","","","","","","","","","","","","","","","","","","","",""
"59183001","DUNKERQUE",51.055833,2.3395,11,1892081920,"","","","","","","","","","","","","","","","","","","","","","","","","","","","","","","","","","","","",17.2,9,9.2,9,"","","","","","","","","","","","","","","","","","","","","","","","","","",59,9,"","","","","","","","","","","","",11.6,9,990.6,9,988.4,9,"","","","","","","","","","","","","","","","","","","","","","","","","","","","","","","","","","","","","","","","","","","","","","","","","","","","","","","","","","","","","","","","","","","","","","","","","","","","","","","","","","","","","","","","","","","","","","","","","","","","","","","","","","","","","","","",""
"59183001","DUNKERQUE",51.055833,2.3395,11,1892082007,"","","","","","","","","","","","","","","","","","","","","","","","","","","","","","","","","","","","",16.4,9,8.1,9,"","","","","","","","","","","","","","","","","","","","","","","","","","",58,9,"","","","","","","","","","","","",10.8,9,995.1,9,992.9,9,"","","","","","","","","","","","","","","","","","","","","","","","","","","","","","","","","","","","","","","","","","","","","","","","","","","","","","","","","","","","","","","","","","","","","","","","","","","","","","","","","","","","","","","","","","","","","","","","","","","","","","","","","","","","","","","",""
"59183001","DUNKERQUE",51.055833,2.3395,11,1892082012,"","","","","","","","","","","","","","","","","","","","","","","","","","","","","","","","","","","","",17.2,9,7.3,9,"","","","","","","","","","","","","","","","","","","","","","","","","","",52,9,"","","","","","","","","","","","",10.2,9,999.9,9,997.7,9,"","","","","","","","","","","","","","","","","","","","","","","","","","","","","","","","","","","","","","","","","","","","","","","","","","","","","","","","","","","","","","","","","","","","","","","","","","","","","","","","","","","","","","","","","","","","","","","","","","","","","","","","","","","","","","","",""
"59183001","DUNKERQUE",51.055833,2.3395,11,1892082020,"","","","","","","","","","","","","","","","","","","","","","","","","","","","","","","","","","","","",16.,9,7.7,9,"","","","","","","","","","","","","","","","","","","","","","","","","","",58,9,"","","","","","","","","","","","",10.5,9,1002.4,9,1000.2,9,"","","","","","","","","","","","","","","","","","","","","","","","","","","","","","","","","","","","","","","","","","","","","","","","","","","","","","","","","","","","","","","","","","","","","","","","","","","","","","","","","","","","","","","","","","","","","","","","","","","","","","","","","","","","","","","",""
"59183001","DUNKERQUE",51.055833,2.3395,11,1892082107,"","","","","","","","","","","","","","","","","","","","","","","","","","","","","","","","","","","","",13.4,9,4.5,9,"","","","","","","","","","","","","","","","","","","","","","","","","","",55,9,"","","","","","","","","","","","",8.4,9,1004.3,9,1002.,9,"","","","","","","","","","","","","","","","","","","","","","","","","","","","","","","","","","","","","","","","","","","","","","","","","","","","","","","","","","","","","","","","","","","","","","","","","","","","","","","","","","","","","","","","","","","","","","","","","","","","","","","","","","","","","","","",""
"59183001","DUNKERQUE",51.055833,2.3395,11,1892082112,"","","","","","","","","","","","","","","","","","","","","","","","","","","","","","","","","","","","",19.8,9,9.7,9,"","","","","","","","","","","","","","","","","","","","","","","","","","",52,9,"","","","","","","","","","","","",12.,9,1004.3,9,1002.1,9,"","","","","","","","","","","","","","","","","","","","","","","","","","","","","","","","","","","","","","","","","","","","","","","","","","","","","","","","","","","","","","","","","","","","","","","","","","","","","","","","","","","","","","","","","","","","","","","","","","","","","","","","","","","","","","","",""
"59183001","DUNKERQUE",51.055833,2.3395,11,1892082120,"","","","","","","","","","","","","","","","","","","","","","","","","","","","","","","","","","","","",17.,9,9.4,9,"","","","","","","","","","","","","","","","","","","","","","","","","","",61,9,"","","","","","","","","","","","",11.8,9,1004.6,9,1002.4,9,"","","","","","","","","","","","","","","","","","","","","","","","","","","","","","","","","","","","","","","","","","","","","","","","","","","","","","","","","","","","","","","","","","","","","","","","","","","","","","","","","","","","","","","","","","","","","","","","","","","","","","","","","","","","","","","",""
"59183001","DUNKERQUE",51.055833,2.3395,11,1892082207,"","","","","","","","","","","","","","","","","","","","","","","","","","","","","","","","","","","","",17.,9,7.3,9,"","","","","","","","","","","","","","","","","","","","","","","","","","",53,9,"","","","","","","","","","","","",10.2,9,1001.5,9,999.3,9,"","","","","","","","","","","","","","","","","","","","","","","","","","","","","","","","","","","","","","","","","","","","","","","","","","","","","","","","","","","","","","","","","","","","","","","","","","","","","","","","","","","","","","","","","","","","","","","","","","","","","","","","","","","","","","","",""
"59183001","DUNKERQUE",51.055833,2.3395,11,1892082212,"","","","","","","","","","","","","","","","","","","","","","","","","","","","","","","","","","","","",21.2,9,7.7,9,"","","","","","","","","","","","","","","","","","","","","","","","","","",42,9,"","","","","","","","","","","","",10.5,9,999.5,9,997.3,9,"","","","","","","","","","","","","","","","","","","","","","","","","","","","","","","","","","","","","","","","","","","","","","","","","","","","","","","","","","","","","","","","","","","","","","","","","","","","","","","","","","","","","","","","","","","","","","","","","","","","","","","","","","","","","","","",""
"59183001","DUNKERQUE",51.055833,2.3395,11,1892082220,"","","","","","","","","","","","","","","","","","","","","","","","","","","","","","","","","","","","",17.2,9,9.2,9,"","","","","","","","","","","","","","","","","","","","","","","","","","",59,9,"","","","","","","","","","","","",11.6,9,996.2,9,994.,9,"","","","","","","","","","","","","","","","","","","","","","","","","","","","","","","","","","","","","","","","","","","","","","","","","","","","","","","","","","","","","","","","","","","","","","","","","","","","","","","","","","","","","","","","","","","","","","","","","","","","","","","","","","","","","","","",""
"59183001","DUNKERQUE",51.055833,2.3395,11,1892082307,"","","","","","","","","","","","","","","","","","","","","","","","","","","","","","","","","","","","",15.8,9,8.3,9,"","","","","","","","","","","","","","","","","","","","","","","","","","",61,9,"","","","","","","","","","","","",10.9,9,995.5,9,993.3,9,"","","","","","","","","","","","","","","","","","","","","","","","","","","","","","","","","","","","","","","","","","","","","","","","","","","","","","","","","","","","","","","","","","","","","","","","","","","","","","","","","","","","","","","","","","","","","","","","","","","","","","","","","","","","","","","",""
"59183001","DUNKERQUE",51.055833,2.3395,11,1892082312,"","","","","","","","","","","","","","","","","","","","","","","","","","","","","","","","","","","","",20.2,9,8.5,9,"","","","","","","","","","","","","","","","","","","","","","","","","","",47,9,"","","","","","","","","","","","",11.1,9,994.9,9,992.7,9,"","","","","","","","","","","","","","","","","","","","","","","","","","","","","","","","","","","","","","","","","","","","","","","","","","","","","","","","","","","","","","","","","","","","","","","","","","","","","","","","","","","","","","","","","","","","","","","","","","","","","","","","","","","","","","","",""
"59183001","DUNKERQUE",51.055833,2.3395,11,1892082320,"","","","","","","","","","","","","","","","","","","","","","","","","","","","","","","","","","","","",19.2,9,6.7,9,"","","","","","","","","","","","","","","","","","","","","","","","","","",44,9,"","","","","","","","","","","","",9.8,9,993.2,9,991.,9,"","","","","","","","","","","","","","","","","","","","","","","","","","","","","","","","","","","","","","","","","","","","","","","","","","","","","","","","","","","","","","","","","","","","","","","","","","","","","","","","","","","","","","","","","","","","","","","","","","","","","","","","","","","","","","","",""
"59183001","DUNKERQUE",51.055833,2.3395,11,1892082407,"","","","","","","","","","","","","","","","","","","","","","","","","","","","","","","","","","","","",17.8,9,8.9,9,"","","","","","","","","","","","","","","","","","","","","","","","","","",56,9,"","","","","","","","","","","","",11.4,9,992.1,9,989.9,9,"","","","","","","","","","","","","","","","","","","","","","","","","","","","","","","","","","","","","","","","","","","","","","","","","","","","","","","","","","","","","","","","","","","","","","","","","","","","","","","","","","","","","","","","","","","","","","","","","","","","","","","","","","","","","","","",""
"59183001","DUNKERQUE",51.055833,2.3395,11,1892082412,"","","","","","","","","","","","","","","","","","","","","","","","","","","","","","","","","","","","",20.2,9,8.5,9,"","","","","","","","","","","","","","","","","","","","","","","","","","",47,9,"","","","","","","","","","","","",11.1,9,992.,9,989.8,9,"","","","","","","","","","","","","","","","","","","","","","","","","","","","","","","","","","","","","","","","","","","","","","","","","","","","","","","","","","","","","","","","","","","","","","","","","","","","","","","","","","","","","","","","","","","","","","","","","","","","","","","","","","","","","","","",""
"59183001","DUNKERQUE",51.055833,2.3395,11,1892082420,"","","","","","","","","","","","","","","","","","","","","","","","","","","","","","","","","","","","",17.6,9,9.2,9,"","","","","","","","","","","","","","","","","","","","","","","","","","",58,9,"","","","","","","","","","","","",11.6,9,991.5,9,989.3,9,"","","","","","","","","","","","","","","","","","","","","","","","","","","","","","","","","","","","","","","","","","","","","","","","","","","","","","","","","","","","","","","","","","","","","","","","","","","","","","","","","","","","","","","","","","","","","","","","","","","","","","","","","","","","","","","",""
"59183001","DUNKERQUE",51.055833,2.3395,11,1892082507,"","","","","","","","","","","","","","","","","","","","","","","","","","","","","","","","","","","","",15.6,9,8.1,9,"","","","","","","","","","","","","","","","","","","","","","","","","","",61,9,"","","","","","","","","","","","",10.8,9,989.,9,986.8,9,"","","","","","","","","","","","","","","","","","","","","","","","","","","","","","","","","","","","","","","","","","","","","","","","","","","","","","","","","","","","","","","","","","","","","","","","","","","","","","","","","","","","","","","","","","","","","","","","","","","","","","","","","","","","","","","",""
"59183001","DUNKERQUE",51.055833,2.3395,11,1892082512,"","","","","","","","","","","","","","","","","","","","","","","","","","","","","","","","","","","","",16.8,9,7.7,9,"","","","","","","","","","","","","","","","","","","","","","","","","","",55,9,"","","","","","","","","","","","",10.5,9,989.8,9,987.6,9,"","","","","","","","","","","","","","","","","","","","","","","","","","","","","","","","","","","","","","","","","","","","","","","","","","","","","","","","","","","","","","","","","","","","","","","","","","","","","","","","","","","","","","","","","","","","","","","","","","","","","","","","","","","","","","","",""
"59183001","DUNKERQUE",51.055833,2.3395,11,1892082520,"","","","","","","","","","","","","","","","","","","","","","","","","","","","","","","","","","","","",16.8,9,8.8,9,"","","","","","","","","","","","","","","","","","","","","","","","","","",59,9,"","","","","","","","","","","","",11.3,9,993.2,9,991.,9,"","","","","","","","","","","","","","","","","","","","","","","","","","","","","","","","","","","","","","","","","","","","","","","","","","","","","","","","","","","","","","","","","","","","","","","","","","","","","","","","","","","","","","","","","","","","","","","","","","","","","","","","","","","","","","","",""
"59183001","DUNKERQUE",51.055833,2.3395,11,1892082607,"","","","","","","","","","","","","","","","","","","","","","","","","","","","","","","","","","","","",15.,9,6.2,9,"","","","","","","","","","","","","","","","","","","","","","","","","","",56,9,"","","","","","","","","","","","",9.5,9,997.6,9,995.4,9,"","","","","","","","","","","","","","","","","","","","","","","","","","","","","","","","","","","","","","","","","","","","","","","","","","","","","","","","","","","","","","","","","","","","","","","","","","","","","","","","","","","","","","","","","","","","","","","","","","","","","","","","","","","","","","","",""
"59183001","DUNKERQUE",51.055833,2.3395,11,1892082612,"","","","","","","","","","","","","","","","","","","","","","","","","","","","","","","","","","","","",19.8,9,2.7,9,"","","","","","","","","","","","","","","","","","","","","","","","","","",32,9,"","","","","","","","","","","","",7.4,9,998.9,9,996.7,9,"","","","","","","","","","","","","","","","","","","","","","","","","","","","","","","","","","","","","","","","","","","","","","","","","","","","","","","","","","","","","","","","","","","","","","","","","","","","","","","","","","","","","","","","","","","","","","","","","","","","","","","","","","","","","","","",""
"59183001","DUNKERQUE",51.055833,2.3395,11,1892082620,"","","","","","","","","","","","","","","","","","","","","","","","","","","","","","","","","","","","",14.2,9,4.8,9,"","","","","","","","","","","","","","","","","","","","","","","","","","",53,9,"","","","","","","","","","","","",8.6,9,998.9,9,996.7,9,"","","","","","","","","","","","","","","","","","","","","","","","","","","","","","","","","","","","","","","","","","","","","","","","","","","","","","","","","","","","","","","","","","","","","","","","","","","","","","","","","","","","","","","","","","","","","","","","","","","","","","","","","","","","","","","",""
"59183001","DUNKERQUE",51.055833,2.3395,11,1892082707,"","","","","","","","","","","","","","","","","","","","","","","","","","","","","","","","","","","","",13.,9,3.4,9,"","","","","","","","","","","","","","","","","","","","","","","","","","",52,9,"","","","","","","","","","","","",7.8,9,999.2,9,996.9,9,"","","","","","","","","","","","","","","","","","","","","","","","","","","","","","","","","","","","","","","","","","","","","","","","","","","","","","","","","","","","","","","","","","","","","","","","","","","","","","","","","","","","","","","","","","","","","","","","","","","","","","","","","","","","","","","",""
"59183001","DUNKERQUE",51.055833,2.3395,11,1892082712,"","","","","","","","","","","","","","","","","","","","","","","","","","","","","","","","","","","","",19.4,9,6.5,9,"","","","","","","","","","","","","","","","","","","","","","","","","","",43,9,"","","","","","","","","","","","",9.7,9,997.6,9,995.4,9,"","","","","","","","","","","","","","","","","","","","","","","","","","","","","","","","","","","","","","","","","","","","","","","","","","","","","","","","","","","","","","","","","","","","","","","","","","","","","","","","","","","","","","","","","","","","","","","","","","","","","","","","","","","","","","","",""
"59183001","DUNKERQUE",51.055833,2.3395,11,1892082720,"","","","","","","","","","","","","","","","","","","","","","","","","","","","","","","","","","","","",16.4,9,8.1,9,"","","","","","","","","","","","","","","","","","","","","","","","","","",58,9,"","","","","","","","","","","","",10.8,9,991.4,9,989.2,9,"","","","","","","","","","","","","","","","","","","","","","","","","","","","","","","","","","","","","","","","","","","","","","","","","","","","","","","","","","","","","","","","","","","","","","","","","","","","","","","","","","","","","","","","","","","","","","","","","","","","","","","","","","","","","","","",""
"59183001","DUNKERQUE",51.055833,2.3395,11,1892082807,"","","","","","","","","","","","","","","","","","","","","","","","","","","","","","","","","","","","",16.,9,7.7,9,"","","","","","","","","","","","","","","","","","","","","","","","","","",58,9,"","","","","","","","","","","","",10.5,9,989.2,9,987.,9,"","","","","","","","","","","","","","","","","","","","","","","","","","","","","","","","","","","","","","","","","","","","","","","","","","","","","","","","","","","","","","","","","","","","","","","","","","","","","","","","","","","","","","","","","","","","","","","","","","","","","","","","","","","","","","","",""
"59183001","DUNKERQUE",51.055833,2.3395,11,1892082812,"","","","","","","","","","","","","","","","","","","","","","","","","","","","","","","","","","","","",18.,9,7.4,9,"","","","","","","","","","","","","","","","","","","","","","","","","","",50,9,"","","","","","","","","","","","",10.3,9,987.,9,984.8,9,"","","","","","","","","","","","","","","","","","","","","","","","","","","","","","","","","","","","","","","","","","","","","","","","","","","","","","","","","","","","","","","","","","","","","","","","","","","","","","","","","","","","","","","","","","","","","","","","","","","","","","","","","","","","","","","",""
"59183001","DUNKERQUE",51.055833,2.3395,11,1892082820,"","","","","","","","","","","","","","","","","","","","","","","","","","","","","","","","","","","","",14.,9,5.6,9,"","","","","","","","","","","","","","","","","","","","","","","","","","",57,9,"","","","","","","","","","","","",9.1,9,991.1,9,988.9,9,"","","","","","","","","","","","","","","","","","","","","","","","","","","","","","","","","","","","","","","","","","","","","","","","","","","","","","","","","","","","","","","","","","","","","","","","","","","","","","","","","","","","","","","","","","","","","","","","","","","","","","","","","","","","","","","",""
"59183001","DUNKERQUE",51.055833,2.3395,11,1892082907,"","","","","","","","","","","","","","","","","","","","","","","","","","","","","","","","","","","","",13.6,9,6.4,9,"","","","","","","","","","","","","","","","","","","","","","","","","","",62,9,"","","","","","","","","","","","",9.6,9,992.5,9,990.3,9,"","","","","","","","","","","","","","","","","","","","","","","","","","","","","","","","","","","","","","","","","","","","","","","","","","","","","","","","","","","","","","","","","","","","","","","","","","","","","","","","","","","","","","","","","","","","","","","","","","","","","","","","","","","","","","","",""
"59183001","DUNKERQUE",51.055833,2.3395,11,1892082912,"","","","","","","","","","","","","","","","","","","","","","","","","","","","","","","","","","","","",19.2,9,7.,9,"","","","","","","","","","","","","","","","","","","","","","","","","","",45,9,"","","","","","","","","","","","",10.,9,992.4,9,990.2,9,"","","","","","","","","","","","","","","","","","","","","","","","","","","","","","","","","","","","","","","","","","","","","","","","","","","","","","","","","","","","","","","","","","","","","","","","","","","","","","","","","","","","","","","","","","","","","","","","","","","","","","","","","","","","","","","",""
"59183001","DUNKERQUE",51.055833,2.3395,11,1892082920,"","","","","","","","","","","","","","","","","","","","","","","","","","","","","","","","","","","","",21.,9,11.9,9,"","","","","","","","","","","","","","","","","","","","","","","","","","",56,9,"","","","","","","","","","","","",13.9,9,990.7,9,988.5,9,"","","","","","","","","","","","","","","","","","","","","","","","","","","","","","","","","","","","","","","","","","","","","","","","","","","","","","","","","","","","","","","","","","","","","","","","","","","","","","","","","","","","","","","","","","","","","","","","","","","","","","","","","","","","","","","",""
"59183001","DUNKERQUE",51.055833,2.3395,11,1892083007,"","","","","","","","","","","","","","","","","","","","","","","","","","","","","","","","","","","","",16.8,9,7.7,9,"","","","","","","","","","","","","","","","","","","","","","","","","","",55,9,"","","","","","","","","","","","",10.5,9,990.9,9,988.7,9,"","","","","","","","","","","","","","","","","","","","","","","","","","","","","","","","","","","","","","","","","","","","","","","","","","","","","","","","","","","","","","","","","","","","","","","","","","","","","","","","","","","","","","","","","","","","","","","","","","","","","","","","","","","","","","","",""
"59183001","DUNKERQUE",51.055833,2.3395,11,1892083012,"","","","","","","","","","","","","","","","","","","","","","","","","","","","","","","","","","","","",22.4,9,4.5,9,"","","","","","","","","","","","","","","","","","","","","","","","","","",31,9,"","","","","","","","","","","","",8.4,9,990.7,9,988.5,9,"","","","","","","","","","","","","","","","","","","","","","","","","","","","","","","","","","","","","","","","","","","","","","","","","","","","","","","","","","","","","","","","","","","","","","","","","","","","","","","","","","","","","","","","","","","","","","","","","","","","","","","","","","","","","","","",""
"59183001","DUNKERQUE",51.055833,2.3395,11,1892083020,"","","","","","","","","","","","","","","","","","","","","","","","","","","","","","","","","","","","",17.,9,7.1,9,"","","","","","","","","","","","","","","","","","","","","","","","","","",52,9,"","","","","","","","","","","","",10.1,9,989.3,9,987.1,9,"","","","","","","","","","","","","","","","","","","","","","","","","","","","","","","","","","","","","","","","","","","","","","","","","","","","","","","","","","","","","","","","","","","","","","","","","","","","","","","","","","","","","","","","","","","","","","","","","","","","","","","","","","","","","","","",""
"59183001","DUNKERQUE",51.055833,2.3395,11,1892083107,"","","","","","","","","","","","","","","","","","","","","","","","","","","","","","","","","","","","",14.4,9,5.9,9,"","","","","","","","","","","","","","","","","","","","","","","","","","",57,9,"","","","","","","","","","","","",9.3,9,989.6,9,987.4,9,"","","","","","","","","","","","","","","","","","","","","","","","","","","","","","","","","","","","","","","","","","","","","","","","","","","","","","","","","","","","","","","","","","","","","","","","","","","","","","","","","","","","","","","","","","","","","","","","","","","","","","","","","","","","","","","",""
"59183001","DUNKERQUE",51.055833,2.3395,11,1892083112,"","","","","","","","","","","","","","","","","","","","","","","","","","","","","","","","","","","","",17.4,9,9.,9,"","","","","","","","","","","","","","","","","","","","","","","","","","",58,9,"","","","","","","","","","","","",11.5,9,989.6,9,987.4,9,"","","","","","","","","","","","","","","","","","","","","","","","","","","","","","","","","","","","","","","","","","","","","","","","","","","","","","","","","","","","","","","","","","","","","","","","","","","","","","","","","","","","","","","","","","","","","","","","","","","","","","","","","","","","","","","",""
"59183001","DUNKERQUE",51.055833,2.3395,11,1892083120,"","","","","","","","","","","","","","","","","","","","","","","","","","","","","","","","","","","","",14.2,9,8.7,9,"","","","","","","","","","","","","","","","","","","","","","","","","","",69,9,"","","","","","","","","","","","",11.2,9,992.1,9,989.9,9,"","","","","","","","","","","","","","","","","","","","","","","","","","","","","","","","","","","","","","","","","","","","","","","","","","","","","","","","","","","","","","","","","","","","","","","","","","","","","","","","","","","","","","","","","","","","","","","","","","","","","","","","","","","","","","","",""
"59183001","DUNKERQUE",51.055833,2.3395,11,1892090107,"","","","","","","","","","","","","","","","","","","","","","","","","","","","","","","","","","","","",12.6,9,5.3,9,"","","","","","","","","","","","","","","","","","","","","","","","","","",61,9,"","","","","","","","","","","","",8.9,9,997.2,9,994.9,9,"","","","","","","","","","","","","","","","","","","","","","","","","","","","","","","","","","","","","","","","","","","","","","","","","","","","","","","","","","","","","","","","","","","","","","","","","","","","","","","","","","","","","","","","","","","","","","","","","","","","","","","","","","","","","","","",""
"59183001","DUNKERQUE",51.055833,2.3395,11,1892090112,"","","","","","","","","","","","","","","","","","","","","","","","","","","","","","","","","","","","",16.8,9,2.5,9,"","","","","","","","","","","","","","","","","","","","","","","","","","",38,9,"","","","","","","","","","","","",7.3,9,997.9,9,995.7,9,"","","","","","","","","","","","","","","","","","","","","","","","","","","","","","","","","","","","","","","","","","","","","","","","","","","","","","","","","","","","","","","","","","","","","","","","","","","","","","","","","","","","","","","","","","","","","","","","","","","","","","","","","","","","","","","",""
"59183001","DUNKERQUE",51.055833,2.3395,11,1892090120,"","","","","","","","","","","","","","","","","","","","","","","","","","","","","","","","","","","","",15.,9,7.3,9,"","","","","","","","","","","","","","","","","","","","","","","","","","",60,9,"","","","","","","","","","","","",10.2,9,998.7,9,996.5,9,"","","","","","","","","","","","","","","","","","","","","","","","","","","","","","","","","","","","","","","","","","","","","","","","","","","","","","","","","","","","","","","","","","","","","","","","","","","","","","","","","","","","","","","","","","","","","","","","","","","","","","","","","","","","","","","",""
"59183001","DUNKERQUE",51.055833,2.3395,11,1892090207,"","","","","","","","","","","","","","","","","","","","","","","","","","","","","","","","","","","","",15.2,9,6.7,9,"","","","","","","","","","","","","","","","","","","","","","","","","","",57,9,"","","","","","","","","","","","",9.8,9,997.6,9,995.4,9,"","","","","","","","","","","","","","","","","","","","","","","","","","","","","","","","","","","","","","","","","","","","","","","","","","","","","","","","","","","","","","","","","","","","","","","","","","","","","","","","","","","","","","","","","","","","","","","","","","","","","","","","","","","","","","","",""
"59183001","DUNKERQUE",51.055833,2.3395,11,1892090212,"","","","","","","","","","","","","","","","","","","","","","","","","","","","","","","","","","","","",16.2,9,8.4,9,"","","","","","","","","","","","","","","","","","","","","","","","","","",60,9,"","","","","","","","","","","","",11.,9,993.9,9,991.7,9,"","","","","","","","","","","","","","","","","","","","","","","","","","","","","","","","","","","","","","","","","","","","","","","","","","","","","","","","","","","","","","","","","","","","","","","","","","","","","","","","","","","","","","","","","","","","","","","","","","","","","","","","","","","","","","","",""
"59183001","DUNKERQUE",51.055833,2.3395,11,1892090220,"","","","","","","","","","","","","","","","","","","","","","","","","","","","","","","","","","","","",14.4,9,7.7,9,"","","","","","","","","","","","","","","","","","","","","","","","","","",64,9,"","","","","","","","","","","","",10.5,9,989.9,9,987.7,9,"","","","","","","","","","","","","","","","","","","","","","","","","","","","","","","","","","","","","","","","","","","","","","","","","","","","","","","","","","","","","","","","","","","","","","","","","","","","","","","","","","","","","","","","","","","","","","","","","","","","","","","","","","","","","","","",""
"59183001","DUNKERQUE",51.055833,2.3395,11,1892090307,"","","","","","","","","","","","","","","","","","","","","","","","","","","","","","","","","","","","",12.8,9,5.5,9,"","","","","","","","","","","","","","","","","","","","","","","","","","",61,9,"","","","","","","","","","","","",9.,9,989.5,9,987.3,9,"","","","","","","","","","","","","","","","","","","","","","","","","","","","","","","","","","","","","","","","","","","","","","","","","","","","","","","","","","","","","","","","","","","","","","","","","","","","","","","","","","","","","","","","","","","","","","","","","","","","","","","","","","","","","","","",""
"59183001","DUNKERQUE",51.055833,2.3395,11,1892090312,"","","","","","","","","","","","","","","","","","","","","","","","","","","","","","","","","","","","",17.,9,8.9,9,"","","","","","","","","","","","","","","","","","","","","","","","","","",59,9,"","","","","","","","","","","","",11.4,9,989.7,9,987.5,9,"","","","","","","","","","","","","","","","","","","","","","","","","","","","","","","","","","","","","","","","","","","","","","","","","","","","","","","","","","","","","","","","","","","","","","","","","","","","","","","","","","","","","","","","","","","","","","","","","","","","","","","","","","","","","","","",""
"59183001","DUNKERQUE",51.055833,2.3395,11,1892090320,"","","","","","","","","","","","","","","","","","","","","","","","","","","","","","","","","","","","",14.2,9,8.1,9,"","","","","","","","","","","","","","","","","","","","","","","","","","",67,9,"","","","","","","","","","","","",10.8,9,990.6,9,988.4,9,"","","","","","","","","","","","","","","","","","","","","","","","","","","","","","","","","","","","","","","","","","","","","","","","","","","","","","","","","","","","","","","","","","","","","","","","","","","","","","","","","","","","","","","","","","","","","","","","","","","","","","","","","","","","","","","",""
"59183001","DUNKERQUE",51.055833,2.3395,11,1892090407,"","","","","","","","","","","","","","","","","","","","","","","","","","","","","","","","","","","","",12.4,9,5.9,9,"","","","","","","","","","","","","","","","","","","","","","","","","","",65,9,"","","","","","","","","","","","",9.3,9,994.2,9,992.,9,"","","","","","","","","","","","","","","","","","","","","","","","","","","","","","","","","","","","","","","","","","","","","","","","","","","","","","","","","","","","","","","","","","","","","","","","","","","","","","","","","","","","","","","","","","","","","","","","","","","","","","","","","","","","","","","",""
"59183001","DUNKERQUE",51.055833,2.3395,11,1892090412,"","","","","","","","","","","","","","","","","","","","","","","","","","","","","","","","","","","","",14.8,9,7.1,9,"","","","","","","","","","","","","","","","","","","","","","","","","","",60,9,"","","","","","","","","","","","",10.1,9,997.4,9,995.2,9,"","","","","","","","","","","","","","","","","","","","","","","","","","","","","","","","","","","","","","","","","","","","","","","","","","","","","","","","","","","","","","","","","","","","","","","","","","","","","","","","","","","","","","","","","","","","","","","","","","","","","","","","","","","","","","","",""
"59183001","DUNKERQUE",51.055833,2.3395,11,1892090420,"","","","","","","","","","","","","","","","","","","","","","","","","","","","","","","","","","","","",13.,9,5.9,9,"","","","","","","","","","","","","","","","","","","","","","","","","","",62,9,"","","","","","","","","","","","",9.3,9,1000.9,9,998.6,9,"","","","","","","","","","","","","","","","","","","","","","","","","","","","","","","","","","","","","","","","","","","","","","","","","","","","","","","","","","","","","","","","","","","","","","","","","","","","","","","","","","","","","","","","","","","","","","","","","","","","","","","","","","","","","","","",""
"59183001","DUNKERQUE",51.055833,2.3395,11,1892090507,"","","","","","","","","","","","","","","","","","","","","","","","","","","","","","","","","","","","",12.,9,5.1,9,"","","","","","","","","","","","","","","","","","","","","","","","","","",63,9,"","","","","","","","","","","","",8.8,9,1006.3,9,1004.,9,"","","","","","","","","","","","","","","","","","","","","","","","","","","","","","","","","","","","","","","","","","","","","","","","","","","","","","","","","","","","","","","","","","","","","","","","","","","","","","","","","","","","","","","","","","","","","","","","","","","","","","","","","","","","","","","",""
"59183001","DUNKERQUE",51.055833,2.3395,11,1892090512,"","","","","","","","","","","","","","","","","","","","","","","","","","","","","","","","","","","","",15.6,9,8.5,9,"","","","","","","","","","","","","","","","","","","","","","","","","","",63,9,"","","","","","","","","","","","",11.1,9,1007.6,9,1005.3,9,"","","","","","","","","","","","","","","","","","","","","","","","","","","","","","","","","","","","","","","","","","","","","","","","","","","","","","","","","","","","","","","","","","","","","","","","","","","","","","","","","","","","","","","","","","","","","","","","","","","","","","","","","","","","","","","",""
"59183001","DUNKERQUE",51.055833,2.3395,11,1892090520,"","","","","","","","","","","","","","","","","","","","","","","","","","","","","","","","","","","","",13.2,9,7.4,9,"","","","","","","","","","","","","","","","","","","","","","","","","","",68,9,"","","","","","","","","","","","",10.3,9,1007.6,9,1005.3,9,"","","","","","","","","","","","","","","","","","","","","","","","","","","","","","","","","","","","","","","","","","","","","","","","","","","","","","","","","","","","","","","","","","","","","","","","","","","","","","","","","","","","","","","","","","","","","","","","","","","","","","","","","","","","","","","",""
"59183001","DUNKERQUE",51.055833,2.3395,11,1892090607,"","","","","","","","","","","","","","","","","","","","","","","","","","","","","","","","","","","","",9.4,9,4.5,9,"","","","","","","","","","","","","","","","","","","","","","","","","","",71,9,"","","","","","","","","","","","",8.4,9,1008.7,9,1006.4,9,"","","","","","","","","","","","","","","","","","","","","","","","","","","","","","","","","","","","","","","","","","","","","","","","","","","","","","","","","","","","","","","","","","","","","","","","","","","","","","","","","","","","","","","","","","","","","","","","","","","","","","","","","","","","","","","",""
"59183001","DUNKERQUE",51.055833,2.3395,11,1892090612,"","","","","","","","","","","","","","","","","","","","","","","","","","","","","","","","","","","","",17.4,9,9.,9,"","","","","","","","","","","","","","","","","","","","","","","","","","",58,9,"","","","","","","","","","","","",11.5,9,1008.2,9,1006.,9,"","","","","","","","","","","","","","","","","","","","","","","","","","","","","","","","","","","","","","","","","","","","","","","","","","","","","","","","","","","","","","","","","","","","","","","","","","","","","","","","","","","","","","","","","","","","","","","","","","","","","","","","","","","","","","","",""
"59183001","DUNKERQUE",51.055833,2.3395,11,1892090620,"","","","","","","","","","","","","","","","","","","","","","","","","","","","","","","","","","","","",13.8,9,7.8,9,"","","","","","","","","","","","","","","","","","","","","","","","","","",67,9,"","","","","","","","","","","","",10.6,9,1008.2,9,1005.9,9,"","","","","","","","","","","","","","","","","","","","","","","","","","","","","","","","","","","","","","","","","","","","","","","","","","","","","","","","","","","","","","","","","","","","","","","","","","","","","","","","","","","","","","","","","","","","","","","","","","","","","","","","","","","","","","","",""
"59183001","DUNKERQUE",51.055833,2.3395,11,1892090707,"","","","","","","","","","","","","","","","","","","","","","","","","","","","","","","","","","","","",10.,9,5.6,9,"","","","","","","","","","","","","","","","","","","","","","","","","","",74,9,"","","","","","","","","","","","",9.1,9,1006.6,9,1004.3,9,"","","","","","","","","","","","","","","","","","","","","","","","","","","","","","","","","","","","","","","","","","","","","","","","","","","","","","","","","","","","","","","","","","","","","","","","","","","","","","","","","","","","","","","","","","","","","","","","","","","","","","","","","","","","","","","",""
"59183001","DUNKERQUE",51.055833,2.3395,11,1892090712,"","","","","","","","","","","","","","","","","","","","","","","","","","","","","","","","","","","","",18.8,9,9.8,9,"","","","","","","","","","","","","","","","","","","","","","","","","","",56,9,"","","","","","","","","","","","",12.1,9,1004.8,9,1002.6,9,"","","","","","","","","","","","","","","","","","","","","","","","","","","","","","","","","","","","","","","","","","","","","","","","","","","","","","","","","","","","","","","","","","","","","","","","","","","","","","","","","","","","","","","","","","","","","","","","","","","","","","","","","","","","","","","",""
"59183001","DUNKERQUE",51.055833,2.3395,11,1892090720,"","","","","","","","","","","","","","","","","","","","","","","","","","","","","","","","","","","","",13.6,9,8.4,9,"","","","","","","","","","","","","","","","","","","","","","","","","","",71,9,"","","","","","","","","","","","",11.,9,1001.2,9,998.9,9,"","","","","","","","","","","","","","","","","","","","","","","","","","","","","","","","","","","","","","","","","","","","","","","","","","","","","","","","","","","","","","","","","","","","","","","","","","","","","","","","","","","","","","","","","","","","","","","","","","","","","","","","","","","","","","","",""
"59183001","DUNKERQUE",51.055833,2.3395,11,1892090807,"","","","","","","","","","","","","","","","","","","","","","","","","","","","","","","","","","","","",11.8,9,6.2,9,"","","","","","","","","","","","","","","","","","","","","","","","","","",69,9,"","","","","","","","","","","","",9.5,9,999.7,9,997.4,9,"","","","","","","","","","","","","","","","","","","","","","","","","","","","","","","","","","","","","","","","","","","","","","","","","","","","","","","","","","","","","","","","","","","","","","","","","","","","","","","","","","","","","","","","","","","","","","","","","","","","","","","","","","","","","","","",""
"59183001","DUNKERQUE",51.055833,2.3395,11,1892090812,"","","","","","","","","","","","","","","","","","","","","","","","","","","","","","","","","","","","",13.,9,2.3,9,"","","","","","","","","","","","","","","","","","","","","","","","","","",48,9,"","","","","","","","","","","","",7.2,9,999.7,9,997.4,9,"","","","","","","","","","","","","","","","","","","","","","","","","","","","","","","","","","","","","","","","","","","","","","","","","","","","","","","","","","","","","","","","","","","","","","","","","","","","","","","","","","","","","","","","","","","","","","","","","","","","","","","","","","","","","","","",""
"59183001","DUNKERQUE",51.055833,2.3395,11,1892090820,"","","","","","","","","","","","","","","","","","","","","","","","","","","","","","","","","","","","",13.2,9,1.3,9,"","","","","","","","","","","","","","","","","","","","","","","","","","",44,9,"","","","","","","","","","","","",6.7,9,999.2,9,996.9,9,"","","","","","","","","","","","","","","","","","","","","","","","","","","","","","","","","","","","","","","","","","","","","","","","","","","","","","","","","","","","","","","","","","","","","","","","","","","","","","","","","","","","","","","","","","","","","","","","","","","","","","","","","","","","","","","",""
"59183001","DUNKERQUE",51.055833,2.3395,11,1892090907,"","","","","","","","","","","","","","","","","","","","","","","","","","","","","","","","","","","","",12.2,9,0.6,9,"","","","","","","","","","","","","","","","","","","","","","","","","","",45,9,"","","","","","","","","","","","",6.4,9,999.3,9,997.,9,"","","","","","","","","","","","","","","","","","","","","","","","","","","","","","","","","","","","","","","","","","","","","","","","","","","","","","","","","","","","","","","","","","","","","","","","","","","","","","","","","","","","","","","","","","","","","","","","","","","","","","","","","","","","","","","",""
"59183001","DUNKERQUE",51.055833,2.3395,11,1892090912,"","","","","","","","","","","","","","","","","","","","","","","","","","","","","","","","","","","","",16.8,9,6.2,9,"","","","","","","","","","","","","","","","","","","","","","","","","","",50,9,"","","","","","","","","","","","",9.5,9,999.1,9,996.9,9,"","","","","","","","","","","","","","","","","","","","","","","","","","","","","","","","","","","","","","","","","","","","","","","","","","","","","","","","","","","","","","","","","","","","","","","","","","","","","","","","","","","","","","","","","","","","","","","","","","","","","","","","","","","","","","","",""
"59183001","DUNKERQUE",51.055833,2.3395,11,1892090920,"","","","","","","","","","","","","","","","","","","","","","","","","","","","","","","","","","","","",13.6,9,5.3,9,"","","","","","","","","","","","","","","","","","","","","","","","","","",57,9,"","","","","","","","","","","","",8.9,9,998.9,9,996.7,9,"","","","","","","","","","","","","","","","","","","","","","","","","","","","","","","","","","","","","","","","","","","","","","","","","","","","","","","","","","","","","","","","","","","","","","","","","","","","","","","","","","","","","","","","","","","","","","","","","","","","","","","","","","","","","","","",""
"59183001","DUNKERQUE",51.055833,2.3395,11,1892091007,"","","","","","","","","","","","","","","","","","","","","","","","","","","","","","","","","","","","",12.4,9,5.1,9,"","","","","","","","","","","","","","","","","","","","","","","","","","",61,9,"","","","","","","","","","","","",8.8,9,999.2,9,996.9,9,"","","","","","","","","","","","","","","","","","","","","","","","","","","","","","","","","","","","","","","","","","","","","","","","","","","","","","","","","","","","","","","","","","","","","","","","","","","","","","","","","","","","","","","","","","","","","","","","","","","","","","","","","","","","","","","",""
"59183001","DUNKERQUE",51.055833,2.3395,11,1892091012,"","","","","","","","","","","","","","","","","","","","","","","","","","","","","","","","","","","","",17.8,9,9.4,9,"","","","","","","","","","","","","","","","","","","","","","","","","","",58,9,"","","","","","","","","","","","",11.8,9,998.8,9,996.6,9,"","","","","","","","","","","","","","","","","","","","","","","","","","","","","","","","","","","","","","","","","","","","","","","","","","","","","","","","","","","","","","","","","","","","","","","","","","","","","","","","","","","","","","","","","","","","","","","","","","","","","","","","","","","","","","","",""
"59183001","DUNKERQUE",51.055833,2.3395,11,1892091020,"","","","","","","","","","","","","","","","","","","","","","","","","","","","","","","","","","","","",15.6,9,9.,9,"","","","","","","","","","","","","","","","","","","","","","","","","","",65,9,"","","","","","","","","","","","",11.5,9,999.9,9,997.7,9,"","","","","","","","","","","","","","","","","","","","","","","","","","","","","","","","","","","","","","","","","","","","","","","","","","","","","","","","","","","","","","","","","","","","","","","","","","","","","","","","","","","","","","","","","","","","","","","","","","","","","","","","","","","","","","","",""
"59183001","DUNKERQUE",51.055833,2.3395,11,1892091107,"","","","","","","","","","","","","","","","","","","","","","","","","","","","","","","","","","","","",15.2,9,8.7,9,"","","","","","","","","","","","","","","","","","","","","","","","","","",65,9,"","","","","","","","","","","","",11.2,9,1000.7,9,998.5,9,"","","","","","","","","","","","","","","","","","","","","","","","","","","","","","","","","","","","","","","","","","","","","","","","","","","","","","","","","","","","","","","","","","","","","","","","","","","","","","","","","","","","","","","","","","","","","","","","","","","","","","","","","","","","","","","",""
"59183001","DUNKERQUE",51.055833,2.3395,11,1892091112,"","","","","","","","","","","","","","","","","","","","","","","","","","","","","","","","","","","","",18.6,9,7.7,9,"","","","","","","","","","","","","","","","","","","","","","","","","","",49,9,"","","","","","","","","","","","",10.5,9,1001.6,9,999.4,9,"","","","","","","","","","","","","","","","","","","","","","","","","","","","","","","","","","","","","","","","","","","","","","","","","","","","","","","","","","","","","","","","","","","","","","","","","","","","","","","","","","","","","","","","","","","","","","","","","","","","","","","","","","","","","","","",""
"59183001","DUNKERQUE",51.055833,2.3395,11,1892091120,"","","","","","","","","","","","","","","","","","","","","","","","","","","","","","","","","","","","",15.4,9,7.,9,"","","","","","","","","","","","","","","","","","","","","","","","","","",57,9,"","","","","","","","","","","","",10.,9,1001.6,9,999.4,9,"","","","","","","","","","","","","","","","","","","","","","","","","","","","","","","","","","","","","","","","","","","","","","","","","","","","","","","","","","","","","","","","","","","","","","","","","","","","","","","","","","","","","","","","","","","","","","","","","","","","","","","","","","","","","","","",""
"59183001","DUNKERQUE",51.055833,2.3395,11,1892091207,"","","","","","","","","","","","","","","","","","","","","","","","","","","","","","","","","","","","",15.4,9,8.,9,"","","","","","","","","","","","","","","","","","","","","","","","","","",61,9,"","","","","","","","","","","","",10.7,9,1002.4,9,1000.2,9,"","","","","","","","","","","","","","","","","","","","","","","","","","","","","","","","","","","","","","","","","","","","","","","","","","","","","","","","","","","","","","","","","","","","","","","","","","","","","","","","","","","","","","","","","","","","","","","","","","","","","","","","","","","","","","","",""
"59183001","DUNKERQUE",51.055833,2.3395,11,1892091212,"","","","","","","","","","","","","","","","","","","","","","","","","","","","","","","","","","","","",20.8,9,5.1,9,"","","","","","","","","","","","","","","","","","","","","","","","","","",36,9,"","","","","","","","","","","","",8.8,9,1002.8,9,1000.6,9,"","","","","","","","","","","","","","","","","","","","","","","","","","","","","","","","","","","","","","","","","","","","","","","","","","","","","","","","","","","","","","","","","","","","","","","","","","","","","","","","","","","","","","","","","","","","","","","","","","","","","","","","","","","","","","","",""
"59183001","DUNKERQUE",51.055833,2.3395,11,1892091220,"","","","","","","","","","","","","","","","","","","","","","","","","","","","","","","","","","","","",18.8,9,8.4,9,"","","","","","","","","","","","","","","","","","","","","","","","","","",51,9,"","","","","","","","","","","","",11.,9,1000.5,9,998.3,9,"","","","","","","","","","","","","","","","","","","","","","","","","","","","","","","","","","","","","","","","","","","","","","","","","","","","","","","","","","","","","","","","","","","","","","","","","","","","","","","","","","","","","","","","","","","","","","","","","","","","","","","","","","","","","","","",""
"59183001","DUNKERQUE",51.055833,2.3395,11,1892091307,"","","","","","","","","","","","","","","","","","","","","","","","","","","","","","","","","","","","",16.2,9,7.4,9,"","","","","","","","","","","","","","","","","","","","","","","","","","",56,9,"","","","","","","","","","","","",10.3,9,995.,9,992.8,9,"","","","","","","","","","","","","","","","","","","","","","","","","","","","","","","","","","","","","","","","","","","","","","","","","","","","","","","","","","","","","","","","","","","","","","","","","","","","","","","","","","","","","","","","","","","","","","","","","","","","","","","","","","","","","","","",""
"59183001","DUNKERQUE",51.055833,2.3395,11,1892091312,"","","","","","","","","","","","","","","","","","","","","","","","","","","","","","","","","","","","",20.6,9,4.6,9,"","","","","","","","","","","","","","","","","","","","","","","","","","",35,9,"","","","","","","","","","","","",8.5,9,994.9,9,992.7,9,"","","","","","","","","","","","","","","","","","","","","","","","","","","","","","","","","","","","","","","","","","","","","","","","","","","","","","","","","","","","","","","","","","","","","","","","","","","","","","","","","","","","","","","","","","","","","","","","","","","","","","","","","","","","","","","",""
"59183001","DUNKERQUE",51.055833,2.3395,11,1892091320,"","","","","","","","","","","","","","","","","","","","","","","","","","","","","","","","","","","","",14.6,9,4.8,9,"","","","","","","","","","","","","","","","","","","","","","","","","","",52,9,"","","","","","","","","","","","",8.6,9,995.,9,992.8,9,"","","","","","","","","","","","","","","","","","","","","","","","","","","","","","","","","","","","","","","","","","","","","","","","","","","","","","","","","","","","","","","","","","","","","","","","","","","","","","","","","","","","","","","","","","","","","","","","","","","","","","","","","","","","","","","",""
"59183001","DUNKERQUE",51.055833,2.3395,11,1892091407,"","","","","","","","","","","","","","","","","","","","","","","","","","","","","","","","","","","","",13.2,9,4.3,9,"","","","","","","","","","","","","","","","","","","","","","","","","","",55,9,"","","","","","","","","","","","",8.3,9,1000.6,9,998.3,9,"","","","","","","","","","","","","","","","","","","","","","","","","","","","","","","","","","","","","","","","","","","","","","","","","","","","","","","","","","","","","","","","","","","","","","","","","","","","","","","","","","","","","","","","","","","","","","","","","","","","","","","","","","","","","","","",""
"59183001","DUNKERQUE",51.055833,2.3395,11,1892091412,"","","","","","","","","","","","","","","","","","","","","","","","","","","","","","","","","","","","",17.6,9,2.7,9,"","","","","","","","","","","","","","","","","","","","","","","","","","",37,9,"","","","","","","","","","","","",7.4,9,1002.4,9,1000.2,9,"","","","","","","","","","","","","","","","","","","","","","","","","","","","","","","","","","","","","","","","","","","","","","","","","","","","","","","","","","","","","","","","","","","","","","","","","","","","","","","","","","","","","","","","","","","","","","","","","","","","","","","","","","","","","","","",""
"59183001","DUNKERQUE",51.055833,2.3395,11,1892091420,"","","","","","","","","","","","","","","","","","","","","","","","","","","","","","","","","","","","",12.4,9,4.1,9,"","","","","","","","","","","","","","","","","","","","","","","","","","",57,9,"","","","","","","","","","","","",8.2,9,1002.3,9,1000.,9,"","","","","","","","","","","","","","","","","","","","","","","","","","","","","","","","","","","","","","","","","","","","","","","","","","","","","","","","","","","","","","","","","","","","","","","","","","","","","","","","","","","","","","","","","","","","","","","","","","","","","","","","","","","","","","","",""
"59183001","DUNKERQUE",51.055833,2.3395,11,1892091507,"","","","","","","","","","","","","","","","","","","","","","","","","","","","","","","","","","","","",10.2,9,3.2,9,"","","","","","","","","","","","","","","","","","","","","","","","","","",62,9,"","","","","","","","","","","","",7.7,9,1002.9,9,1000.6,9,"","","","","","","","","","","","","","","","","","","","","","","","","","","","","","","","","","","","","","","","","","","","","","","","","","","","","","","","","","","","","","","","","","","","","","","","","","","","","","","","","","","","","","","","","","","","","","","","","","","","","","","","","","","","","","","",""
"59183001","DUNKERQUE",51.055833,2.3395,11,1892091512,"","","","","","","","","","","","","","","","","","","","","","","","","","","","","","","","","","","","",20.8,9,-5.1,9,"","","","","","","","","","","","","","","","","","","","","","","","","","",17,9,"","","","","","","","","","","","",4.2,9,1002.7,9,1000.5,9,"","","","","","","","","","","","","","","","","","","","","","","","","","","","","","","","","","","","","","","","","","","","","","","","","","","","","","","","","","","","","","","","","","","","","","","","","","","","","","","","","","","","","","","","","","","","","","","","","","","","","","","","","","","","","","","",""
"59183001","DUNKERQUE",51.055833,2.3395,11,1892091520,"","","","","","","","","","","","","","","","","","","","","","","","","","","","","","","","","","","","",15.2,9,4.8,9,"","","","","","","","","","","","","","","","","","","","","","","","","","",50,9,"","","","","","","","","","","","",8.6,9,997.7,9,995.5,9,"","","","","","","","","","","","","","","","","","","","","","","","","","","","","","","","","","","","","","","","","","","","","","","","","","","","","","","","","","","","","","","","","","","","","","","","","","","","","","","","","","","","","","","","","","","","","","","","","","","","","","","","","","","","","","","",""
"59183001","DUNKERQUE",51.055833,2.3395,11,1892091607,"","","","","","","","","","","","","","","","","","","","","","","","","","","","","","","","","","","","",13.,9,5.5,9,"","","","","","","","","","","","","","","","","","","","","","","","","","",60,9,"","","","","","","","","","","","",9.,9,994.1,9,991.9,9,"","","","","","","","","","","","","","","","","","","","","","","","","","","","","","","","","","","","","","","","","","","","","","","","","","","","","","","","","","","","","","","","","","","","","","","","","","","","","","","","","","","","","","","","","","","","","","","","","","","","","","","","","","","","","","","",""
"59183001","DUNKERQUE",51.055833,2.3395,11,1892091612,"","","","","","","","","","","","","","","","","","","","","","","","","","","","","","","","","","","","",20.4,9,5.6,9,"","","","","","","","","","","","","","","","","","","","","","","","","","",38,9,"","","","","","","","","","","","",9.1,9,994.,9,991.8,9,"","","","","","","","","","","","","","","","","","","","","","","","","","","","","","","","","","","","","","","","","","","","","","","","","","","","","","","","","","","","","","","","","","","","","","","","","","","","","","","","","","","","","","","","","","","","","","","","","","","","","","","","","","","","","","","",""
"59183001","DUNKERQUE",51.055833,2.3395,11,1892091620,"","","","","","","","","","","","","","","","","","","","","","","","","","","","","","","","","","","","",14.6,9,7.,9,"","","","","","","","","","","","","","","","","","","","","","","","","","",60,9,"","","","","","","","","","","","",10.,9,995.4,9,993.2,9,"","","","","","","","","","","","","","","","","","","","","","","","","","","","","","","","","","","","","","","","","","","","","","","","","","","","","","","","","","","","","","","","","","","","","","","","","","","","","","","","","","","","","","","","","","","","","","","","","","","","","","","","","","","","","","","",""
"59183001","DUNKERQUE",51.055833,2.3395,11,1892091707,"","","","","","","","","","","","","","","","","","","","","","","","","","","","","","","","","","","","",13.,9,4.6,9,"","","","","","","","","","","","","","","","","","","","","","","","","","",57,9,"","","","","","","","","","","","",8.5,9,1000.6,9,998.3,9,"","","","","","","","","","","","","","","","","","","","","","","","","","","","","","","","","","","","","","","","","","","","","","","","","","","","","","","","","","","","","","","","","","","","","","","","","","","","","","","","","","","","","","","","","","","","","","","","","","","","","","","","","","","","","","","",""
"59183001","DUNKERQUE",51.055833,2.3395,11,1892091712,"","","","","","","","","","","","","","","","","","","","","","","","","","","","","","","","","","","","",13.6,9,-1.2,9,"","","","","","","","","","","","","","","","","","","","","","","","","","",36,9,"","","","","","","","","","","","",5.6,9,1004.6,9,1002.3,9,"","","","","","","","","","","","","","","","","","","","","","","","","","","","","","","","","","","","","","","","","","","","","","","","","","","","","","","","","","","","","","","","","","","","","","","","","","","","","","","","","","","","","","","","","","","","","","","","","","","","","","","","","","","","","","","",""
"59183001","DUNKERQUE",51.055833,2.3395,11,1892091720,"","","","","","","","","","","","","","","","","","","","","","","","","","","","","","","","","","","","",10.,9,3.,9,"","","","","","","","","","","","","","","","","","","","","","","","","","",62,9,"","","","","","","","","","","","",7.6,9,1006.2,9,1003.9,9,"","","","","","","","","","","","","","","","","","","","","","","","","","","","","","","","","","","","","","","","","","","","","","","","","","","","","","","","","","","","","","","","","","","","","","","","","","","","","","","","","","","","","","","","","","","","","","","","","","","","","","","","","","","","","","","",""
"59183001","DUNKERQUE",51.055833,2.3395,11,1892091807,"","","","","","","","","","","","","","","","","","","","","","","","","","","","","","","","","","","","",7.,9,-0.3,9,"","","","","","","","","","","","","","","","","","","","","","","","","","",60,9,"","","","","","","","","","","","",6.,9,1007.5,9,1005.2,9,"","","","","","","","","","","","","","","","","","","","","","","","","","","","","","","","","","","","","","","","","","","","","","","","","","","","","","","","","","","","","","","","","","","","","","","","","","","","","","","","","","","","","","","","","","","","","","","","","","","","","","","","","","","","","","","",""
"59183001","DUNKERQUE",51.055833,2.3395,11,1892091812,"","","","","","","","","","","","","","","","","","","","","","","","","","","","","","","","","","","","",19.8,9,-5.4,9,"","","","","","","","","","","","","","","","","","","","","","","","","","",18,9,"","","","","","","","","","","","",4.1,9,1008.2,9,1006.,9,"","","","","","","","","","","","","","","","","","","","","","","","","","","","","","","","","","","","","","","","","","","","","","","","","","","","","","","","","","","","","","","","","","","","","","","","","","","","","","","","","","","","","","","","","","","","","","","","","","","","","","","","","","","","","","","",""
"59183001","DUNKERQUE",51.055833,2.3395,11,1892091820,"","","","","","","","","","","","","","","","","","","","","","","","","","","","","","","","","","","","",12.2,9,5.3,9,"","","","","","","","","","","","","","","","","","","","","","","","","","",63,9,"","","","","","","","","","","","",8.9,9,1004.6,9,1002.3,9,"","","","","","","","","","","","","","","","","","","","","","","","","","","","","","","","","","","","","","","","","","","","","","","","","","","","","","","","","","","","","","","","","","","","","","","","","","","","","","","","","","","","","","","","","","","","","","","","","","","","","","","","","","","","","","","",""
"59183001","DUNKERQUE",51.055833,2.3395,11,1892091907,"","","","","","","","","","","","","","","","","","","","","","","","","","","","","","","","","","","","",10.6,9,4.3,9,"","","","","","","","","","","","","","","","","","","","","","","","","","",65,9,"","","","","","","","","","","","",8.3,9,1001.6,9,999.3,9,"","","","","","","","","","","","","","","","","","","","","","","","","","","","","","","","","","","","","","","","","","","","","","","","","","","","","","","","","","","","","","","","","","","","","","","","","","","","","","","","","","","","","","","","","","","","","","","","","","","","","","","","","","","","","","","",""
"59183001","DUNKERQUE",51.055833,2.3395,11,1892091912,"","","","","","","","","","","","","","","","","","","","","","","","","","","","","","","","","","","","",22.8,9,-2.7,9,"","","","","","","","","","","","","","","","","","","","","","","","","","",18,9,"","","","","","","","","","","","",5.,9,1000.5,9,998.3,9,"","","","","","","","","","","","","","","","","","","","","","","","","","","","","","","","","","","","","","","","","","","","","","","","","","","","","","","","","","","","","","","","","","","","","","","","","","","","","","","","","","","","","","","","","","","","","","","","","","","","","","","","","","","","","","","",""
"59183001","DUNKERQUE",51.055833,2.3395,11,1892091920,"","","","","","","","","","","","","","","","","","","","","","","","","","","","","","","","","","","","",15.2,9,6.7,9,"","","","","","","","","","","","","","","","","","","","","","","","","","",57,9,"","","","","","","","","","","","",9.8,9,1000.3,9,998.1,9,"","","","","","","","","","","","","","","","","","","","","","","","","","","","","","","","","","","","","","","","","","","","","","","","","","","","","","","","","","","","","","","","","","","","","","","","","","","","","","","","","","","","","","","","","","","","","","","","","","","","","","","","","","","","","","","",""
"59183001","DUNKERQUE",51.055833,2.3395,11,1892092007,"","","","","","","","","","","","","","","","","","","","","","","","","","","","","","","","","","","","",16.2,9,6.4,9,"","","","","","","","","","","","","","","","","","","","","","","","","","",52,9,"","","","","","","","","","","","",9.6,9,999.8,9,997.6,9,"","","","","","","","","","","","","","","","","","","","","","","","","","","","","","","","","","","","","","","","","","","","","","","","","","","","","","","","","","","","","","","","","","","","","","","","","","","","","","","","","","","","","","","","","","","","","","","","","","","","","","","","","","","","","","","",""
"59183001","DUNKERQUE",51.055833,2.3395,11,1892092012,"","","","","","","","","","","","","","","","","","","","","","","","","","","","","","","","","","","","",20.6,9,9.6,9,"","","","","","","","","","","","","","","","","","","","","","","","","","",49,9,"","","","","","","","","","","","",11.9,9,998.9,9,996.7,9,"","","","","","","","","","","","","","","","","","","","","","","","","","","","","","","","","","","","","","","","","","","","","","","","","","","","","","","","","","","","","","","","","","","","","","","","","","","","","","","","","","","","","","","","","","","","","","","","","","","","","","","","","","","","","","","",""
"59183001","DUNKERQUE",51.055833,2.3395,11,1892092020,"","","","","","","","","","","","","","","","","","","","","","","","","","","","","","","","","","","","",16.6,9,9.8,9,"","","","","","","","","","","","","","","","","","","","","","","","","","",64,9,"","","","","","","","","","","","",12.1,9,997.4,9,995.2,9,"","","","","","","","","","","","","","","","","","","","","","","","","","","","","","","","","","","","","","","","","","","","","","","","","","","","","","","","","","","","","","","","","","","","","","","","","","","","","","","","","","","","","","","","","","","","","","","","","","","","","","","","","","","","","","","",""
"59183001","DUNKERQUE",51.055833,2.3395,11,1892092107,"","","","","","","","","","","","","","","","","","","","","","","","","","","","","","","","","","","","",15.2,9,7.,9,"","","","","","","","","","","","","","","","","","","","","","","","","","",58,9,"","","","","","","","","","","","",10.,9,997.7,9,995.5,9,"","","","","","","","","","","","","","","","","","","","","","","","","","","","","","","","","","","","","","","","","","","","","","","","","","","","","","","","","","","","","","","","","","","","","","","","","","","","","","","","","","","","","","","","","","","","","","","","","","","","","","","","","","","","","","","",""
"59183001","DUNKERQUE",51.055833,2.3395,11,1892092112,"","","","","","","","","","","","","","","","","","","","","","","","","","","","","","","","","","","","",22.2,9,8.,9,"","","","","","","","","","","","","","","","","","","","","","","","","","",40,9,"","","","","","","","","","","","",10.7,9,998.1,9,995.9,9,"","","","","","","","","","","","","","","","","","","","","","","","","","","","","","","","","","","","","","","","","","","","","","","","","","","","","","","","","","","","","","","","","","","","","","","","","","","","","","","","","","","","","","","","","","","","","","","","","","","","","","","","","","","","","","","",""
"59183001","DUNKERQUE",51.055833,2.3395,11,1892092120,"","","","","","","","","","","","","","","","","","","","","","","","","","","","","","","","","","","","",14.2,9,7.3,9,"","","","","","","","","","","","","","","","","","","","","","","","","","",63,9,"","","","","","","","","","","","",10.2,9,999.,9,996.8,9,"","","","","","","","","","","","","","","","","","","","","","","","","","","","","","","","","","","","","","","","","","","","","","","","","","","","","","","","","","","","","","","","","","","","","","","","","","","","","","","","","","","","","","","","","","","","","","","","","","","","","","","","","","","","","","","",""
"59183001","DUNKERQUE",51.055833,2.3395,11,1892092207,"","","","","","","","","","","","","","","","","","","","","","","","","","","","","","","","","","","","",13.2,9,6.5,9,"","","","","","","","","","","","","","","","","","","","","","","","","","",64,9,"","","","","","","","","","","","",9.7,9,999.6,9,997.3,9,"","","","","","","","","","","","","","","","","","","","","","","","","","","","","","","","","","","","","","","","","","","","","","","","","","","","","","","","","","","","","","","","","","","","","","","","","","","","","","","","","","","","","","","","","","","","","","","","","","","","","","","","","","","","","","","",""
"59183001","DUNKERQUE",51.055833,2.3395,11,1892092212,"","","","","","","","","","","","","","","","","","","","","","","","","","","","","","","","","","","","",18.4,9,7.4,9,"","","","","","","","","","","","","","","","","","","","","","","","","","",49,9,"","","","","","","","","","","","",10.3,9,1000.9,9,998.7,9,"","","","","","","","","","","","","","","","","","","","","","","","","","","","","","","","","","","","","","","","","","","","","","","","","","","","","","","","","","","","","","","","","","","","","","","","","","","","","","","","","","","","","","","","","","","","","","","","","","","","","","","","","","","","","","","",""
"59183001","DUNKERQUE",51.055833,2.3395,11,1892092220,"","","","","","","","","","","","","","","","","","","","","","","","","","","","","","","","","","","","",15.8,9,8.3,9,"","","","","","","","","","","","","","","","","","","","","","","","","","",61,9,"","","","","","","","","","","","",10.9,9,1001.6,9,999.4,9,"","","","","","","","","","","","","","","","","","","","","","","","","","","","","","","","","","","","","","","","","","","","","","","","","","","","","","","","","","","","","","","","","","","","","","","","","","","","","","","","","","","","","","","","","","","","","","","","","","","","","","","","","","","","","","","",""
"59183001","DUNKERQUE",51.055833,2.3395,11,1892092307,"","","","","","","","","","","","","","","","","","","","","","","","","","","","","","","","","","","","",15.,9,7.3,9,"","","","","","","","","","","","","","","","","","","","","","","","","","",60,9,"","","","","","","","","","","","",10.2,9,1001.7,9,999.5,9,"","","","","","","","","","","","","","","","","","","","","","","","","","","","","","","","","","","","","","","","","","","","","","","","","","","","","","","","","","","","","","","","","","","","","","","","","","","","","","","","","","","","","","","","","","","","","","","","","","","","","","","","","","","","","","","",""
"59183001","DUNKERQUE",51.055833,2.3395,11,1892092312,"","","","","","","","","","","","","","","","","","","","","","","","","","","","","","","","","","","","",17.,9,7.1,9,"","","","","","","","","","","","","","","","","","","","","","","","","","",52,9,"","","","","","","","","","","","",10.1,9,1001.7,9,999.5,9,"","","","","","","","","","","","","","","","","","","","","","","","","","","","","","","","","","","","","","","","","","","","","","","","","","","","","","","","","","","","","","","","","","","","","","","","","","","","","","","","","","","","","","","","","","","","","","","","","","","","","","","","","","","","","","","",""
"59183001","DUNKERQUE",51.055833,2.3395,11,1892092320,"","","","","","","","","","","","","","","","","","","","","","","","","","","","","","","","","","","","",14.,9,6.1,9,"","","","","","","","","","","","","","","","","","","","","","","","","","",59,9,"","","","","","","","","","","","",9.4,9,1001.7,9,999.4,9,"","","","","","","","","","","","","","","","","","","","","","","","","","","","","","","","","","","","","","","","","","","","","","","","","","","","","","","","","","","","","","","","","","","","","","","","","","","","","","","","","","","","","","","","","","","","","","","","","","","","","","","","","","","","","","","",""
"59183001","DUNKERQUE",51.055833,2.3395,11,1892092407,"","","","","","","","","","","","","","","","","","","","","","","","","","","","","","","","","","","","",12.8,9,6.5,9,"","","","","","","","","","","","","","","","","","","","","","","","","","",66,9,"","","","","","","","","","","","",9.7,9,998.5,9,996.2,9,"","","","","","","","","","","","","","","","","","","","","","","","","","","","","","","","","","","","","","","","","","","","","","","","","","","","","","","","","","","","","","","","","","","","","","","","","","","","","","","","","","","","","","","","","","","","","","","","","","","","","","","","","","","","","","","",""
"59183001","DUNKERQUE",51.055833,2.3395,11,1892092412,"","","","","","","","","","","","","","","","","","","","","","","","","","","","","","","","","","","","",15.8,9,5.1,9,"","","","","","","","","","","","","","","","","","","","","","","","","","",49,9,"","","","","","","","","","","","",8.8,9,998.,9,995.8,9,"","","","","","","","","","","","","","","","","","","","","","","","","","","","","","","","","","","","","","","","","","","","","","","","","","","","","","","","","","","","","","","","","","","","","","","","","","","","","","","","","","","","","","","","","","","","","","","","","","","","","","","","","","","","","","","",""
"59183001","DUNKERQUE",51.055833,2.3395,11,1892092420,"","","","","","","","","","","","","","","","","","","","","","","","","","","","","","","","","","","","",14.6,9,7.4,9,"","","","","","","","","","","","","","","","","","","","","","","","","","",62,9,"","","","","","","","","","","","",10.3,9,998.,9,995.8,9,"","","","","","","","","","","","","","","","","","","","","","","","","","","","","","","","","","","","","","","","","","","","","","","","","","","","","","","","","","","","","","","","","","","","","","","","","","","","","","","","","","","","","","","","","","","","","","","","","","","","","","","","","","","","","","","",""
"59183001","DUNKERQUE",51.055833,2.3395,11,1892092507,"","","","","","","","","","","","","","","","","","","","","","","","","","","","","","","","","","","","",11.2,9,5.1,9,"","","","","","","","","","","","","","","","","","","","","","","","","","",66,9,"","","","","","","","","","","","",8.8,9,998.4,9,996.1,9,"","","","","","","","","","","","","","","","","","","","","","","","","","","","","","","","","","","","","","","","","","","","","","","","","","","","","","","","","","","","","","","","","","","","","","","","","","","","","","","","","","","","","","","","","","","","","","","","","","","","","","","","","","","","","","","",""
"59183001","DUNKERQUE",51.055833,2.3395,11,1892092512,"","","","","","","","","","","","","","","","","","","","","","","","","","","","","","","","","","","","",15.8,9,4.8,9,"","","","","","","","","","","","","","","","","","","","","","","","","","",48,9,"","","","","","","","","","","","",8.6,9,998.7,9,996.5,9,"","","","","","","","","","","","","","","","","","","","","","","","","","","","","","","","","","","","","","","","","","","","","","","","","","","","","","","","","","","","","","","","","","","","","","","","","","","","","","","","","","","","","","","","","","","","","","","","","","","","","","","","","","","","","","","",""
"59183001","DUNKERQUE",51.055833,2.3395,11,1892092520,"","","","","","","","","","","","","","","","","","","","","","","","","","","","","","","","","","","","",14.6,9,5.5,9,"","","","","","","","","","","","","","","","","","","","","","","","","","",54,9,"","","","","","","","","","","","",9.,9,998.7,9,996.5,9,"","","","","","","","","","","","","","","","","","","","","","","","","","","","","","","","","","","","","","","","","","","","","","","","","","","","","","","","","","","","","","","","","","","","","","","","","","","","","","","","","","","","","","","","","","","","","","","","","","","","","","","","","","","","","","","",""
"59183001","DUNKERQUE",51.055833,2.3395,11,1892092607,"","","","","","","","","","","","","","","","","","","","","","","","","","","","","","","","","","","","",13.6,9,6.2,9,"","","","","","","","","","","","","","","","","","","","","","","","","","",61,9,"","","","","","","","","","","","",9.5,9,999.,9,996.8,9,"","","","","","","","","","","","","","","","","","","","","","","","","","","","","","","","","","","","","","","","","","","","","","","","","","","","","","","","","","","","","","","","","","","","","","","","","","","","","","","","","","","","","","","","","","","","","","","","","","","","","","","","","","","","","","","",""
"59183001","DUNKERQUE",51.055833,2.3395,11,1892092612,"","","","","","","","","","","","","","","","","","","","","","","","","","","","","","","","","","","","",18.6,9,6.7,9,"","","","","","","","","","","","","","","","","","","","","","","","","","",46,9,"","","","","","","","","","","","",9.8,9,999.1,9,996.9,9,"","","","","","","","","","","","","","","","","","","","","","","","","","","","","","","","","","","","","","","","","","","","","","","","","","","","","","","","","","","","","","","","","","","","","","","","","","","","","","","","","","","","","","","","","","","","","","","","","","","","","","","","","","","","","","","",""
"59183001","DUNKERQUE",51.055833,2.3395,11,1892092620,"","","","","","","","","","","","","","","","","","","","","","","","","","","","","","","","","","","","",17.2,9,8.4,9,"","","","","","","","","","","","","","","","","","","","","","","","","","",56,9,"","","","","","","","","","","","",11.,9,998.9,9,996.7,9,"","","","","","","","","","","","","","","","","","","","","","","","","","","","","","","","","","","","","","","","","","","","","","","","","","","","","","","","","","","","","","","","","","","","","","","","","","","","","","","","","","","","","","","","","","","","","","","","","","","","","","","","","","","","","","","",""
"59183001","DUNKERQUE",51.055833,2.3395,11,1892092707,"","","","","","","","","","","","","","","","","","","","","","","","","","","","","","","","","","","","",15.2,9,7.,9,"","","","","","","","","","","","","","","","","","","","","","","","","","",58,9,"","","","","","","","","","","","",10.,9,993.7,9,991.5,9,"","","","","","","","","","","","","","","","","","","","","","","","","","","","","","","","","","","","","","","","","","","","","","","","","","","","","","","","","","","","","","","","","","","","","","","","","","","","","","","","","","","","","","","","","","","","","","","","","","","","","","","","","","","","","","","",""
"59183001","DUNKERQUE",51.055833,2.3395,11,1892092712,"","","","","","","","","","","","","","","","","","","","","","","","","","","","","","","","","","","","",22.,9,1.1,9,"","","","","","","","","","","","","","","","","","","","","","","","","","",25,9,"","","","","","","","","","","","",6.6,9,993.6,9,991.4,9,"","","","","","","","","","","","","","","","","","","","","","","","","","","","","","","","","","","","","","","","","","","","","","","","","","","","","","","","","","","","","","","","","","","","","","","","","","","","","","","","","","","","","","","","","","","","","","","","","","","","","","","","","","","","","","","",""
"59183001","DUNKERQUE",51.055833,2.3395,11,1892092720,"","","","","","","","","","","","","","","","","","","","","","","","","","","","","","","","","","","","",18.,9,10.2,9,"","","","","","","","","","","","","","","","","","","","","","","","","","",60,9,"","","","","","","","","","","","",12.4,9,990.7,9,988.5,9,"","","","","","","","","","","","","","","","","","","","","","","","","","","","","","","","","","","","","","","","","","","","","","","","","","","","","","","","","","","","","","","","","","","","","","","","","","","","","","","","","","","","","","","","","","","","","","","","","","","","","","","","","","","","","","","",""
"59183001","DUNKERQUE",51.055833,2.3395,11,1892092807,"","","","","","","","","","","","","","","","","","","","","","","","","","","","","","","","","","","","",11.6,9,6.1,9,"","","","","","","","","","","","","","","","","","","","","","","","","","",69,9,"","","","","","","","","","","","",9.4,9,989.1,9,986.9,9,"","","","","","","","","","","","","","","","","","","","","","","","","","","","","","","","","","","","","","","","","","","","","","","","","","","","","","","","","","","","","","","","","","","","","","","","","","","","","","","","","","","","","","","","","","","","","","","","","","","","","","","","","","","","","","","",""
"59183001","DUNKERQUE",51.055833,2.3395,11,1892092812,"","","","","","","","","","","","","","","","","","","","","","","","","","","","","","","","","","","","",11.,9,4.8,9,"","","","","","","","","","","","","","","","","","","","","","","","","","",66,9,"","","","","","","","","","","","",8.6,9,992.7,9,990.4,9,"","","","","","","","","","","","","","","","","","","","","","","","","","","","","","","","","","","","","","","","","","","","","","","","","","","","","","","","","","","","","","","","","","","","","","","","","","","","","","","","","","","","","","","","","","","","","","","","","","","","","","","","","","","","","","","",""
"59183001","DUNKERQUE",51.055833,2.3395,11,1892092820,"","","","","","","","","","","","","","","","","","","","","","","","","","","","","","","","","","","","",9.6,9,3.8,9,"","","","","","","","","","","","","","","","","","","","","","","","","","",67,9,"","","","","","","","","","","","",8.,9,992.5,9,990.2,9,"","","","","","","","","","","","","","","","","","","","","","","","","","","","","","","","","","","","","","","","","","","","","","","","","","","","","","","","","","","","","","","","","","","","","","","","","","","","","","","","","","","","","","","","","","","","","","","","","","","","","","","","","","","","","","","",""
"59183001","DUNKERQUE",51.055833,2.3395,11,1892092907,"","","","","","","","","","","","","","","","","","","","","","","","","","","","","","","","","","","","",9.,9,2.3,9,"","","","","","","","","","","","","","","","","","","","","","","","","","",63,9,"","","","","","","","","","","","",7.2,9,994.5,9,992.2,9,"","","","","","","","","","","","","","","","","","","","","","","","","","","","","","","","","","","","","","","","","","","","","","","","","","","","","","","","","","","","","","","","","","","","","","","","","","","","","","","","","","","","","","","","","","","","","","","","","","","","","","","","","","","","","","","",""
"59183001","DUNKERQUE",51.055833,2.3395,11,1892092912,"","","","","","","","","","","","","","","","","","","","","","","","","","","","","","","","","","","","",13.6,9,2.3,9,"","","","","","","","","","","","","","","","","","","","","","","","","","",46,9,"","","","","","","","","","","","",7.2,9,994.6,9,992.4,9,"","","","","","","","","","","","","","","","","","","","","","","","","","","","","","","","","","","","","","","","","","","","","","","","","","","","","","","","","","","","","","","","","","","","","","","","","","","","","","","","","","","","","","","","","","","","","","","","","","","","","","","","","","","","","","","",""
"59183001","DUNKERQUE",51.055833,2.3395,11,1892092920,"","","","","","","","","","","","","","","","","","","","","","","","","","","","","","","","","","","","",11.2,9,1.7,9,"","","","","","","","","","","","","","","","","","","","","","","","","","",52,9,"","","","","","","","","","","","",6.9,9,993.6,9,991.3,9,"","","","","","","","","","","","","","","","","","","","","","","","","","","","","","","","","","","","","","","","","","","","","","","","","","","","","","","","","","","","","","","","","","","","","","","","","","","","","","","","","","","","","","","","","","","","","","","","","","","","","","","","","","","","","","","",""
"59183001","DUNKERQUE",51.055833,2.3395,11,1892093007,"","","","","","","","","","","","","","","","","","","","","","","","","","","","","","","","","","","","",11.4,9,3.9,9,"","","","","","","","","","","","","","","","","","","","","","","","","","",60,9,"","","","","","","","","","","","",8.1,9,986.9,9,984.7,9,"","","","","","","","","","","","","","","","","","","","","","","","","","","","","","","","","","","","","","","","","","","","","","","","","","","","","","","","","","","","","","","","","","","","","","","","","","","","","","","","","","","","","","","","","","","","","","","","","","","","","","","","","","","","","","","",""
"59183001","DUNKERQUE",51.055833,2.3395,11,1892093012,"","","","","","","","","","","","","","","","","","","","","","","","","","","","","","","","","","","","",13.2,9,6.5,9,"","","","","","","","","","","","","","","","","","","","","","","","","","",64,9,"","","","","","","","","","","","",9.7,9,986.9,9,984.7,9,"","","","","","","","","","","","","","","","","","","","","","","","","","","","","","","","","","","","","","","","","","","","","","","","","","","","","","","","","","","","","","","","","","","","","","","","","","","","","","","","","","","","","","","","","","","","","","","","","","","","","","","","","","","","","","","",""
"59183001","DUNKERQUE",51.055833,2.3395,11,1892093020,"","","","","","","","","","","","","","","","","","","","","","","","","","","","","","","","","","","","",11.8,9,5.9,9,"","","","","","","","","","","","","","","","","","","","","","","","","","",67,9,"","","","","","","","","","","","",9.3,9,986.9,9,984.7,9,"","","","","","","","","","","","","","","","","","","","","","","","","","","","","","","","","","","","","","","","","","","","","","","","","","","","","","","","","","","","","","","","","","","","","","","","","","","","","","","","","","","","","","","","","","","","","","","","","","","","","","","","","","","","","","","",""
"59183001","DUNKERQUE",51.055833,2.3395,11,1892100107,"","","","","","","","","","","","","","","","","","","","","","","","","","","","","","","","","","","","",10.2,9,4.3,9,"","","","","","","","","","","","","","","","","","","","","","","","","","",67,9,"","","","","","","","","","","","",8.3,9,983.2,9,981.,9,"","","","","","","","","","","","","","","","","","","","","","","","","","","","","","","","","","","","","","","","","","","","","","","","","","","","","","","","","","","","","","","","","","","","","","","","","","","","","","","","","","","","","","","","","","","","","","","","","","","","","","","","","","","","","","","",""
"59183001","DUNKERQUE",51.055833,2.3395,11,1892100112,"","","","","","","","","","","","","","","","","","","","","","","","","","","","","","","","","","","","",13.2,9,3.6,9,"","","","","","","","","","","","","","","","","","","","","","","","","","",52,9,"","","","","","","","","","","","",7.9,9,981.1,9,978.9,9,"","","","","","","","","","","","","","","","","","","","","","","","","","","","","","","","","","","","","","","","","","","","","","","","","","","","","","","","","","","","","","","","","","","","","","","","","","","","","","","","","","","","","","","","","","","","","","","","","","","","","","","","","","","","","","","",""
"59183001","DUNKERQUE",51.055833,2.3395,11,1892100120,"","","","","","","","","","","","","","","","","","","","","","","","","","","","","","","","","","","","",10.2,9,2.9,9,"","","","","","","","","","","","","","","","","","","","","","","","","","",60,9,"","","","","","","","","","","","",7.5,9,982.4,9,980.2,9,"","","","","","","","","","","","","","","","","","","","","","","","","","","","","","","","","","","","","","","","","","","","","","","","","","","","","","","","","","","","","","","","","","","","","","","","","","","","","","","","","","","","","","","","","","","","","","","","","","","","","","","","","","","","","","","",""
"59183001","DUNKERQUE",51.055833,2.3395,11,1892100207,"","","","","","","","","","","","","","","","","","","","","","","","","","","","","","","","","","","","",8.,9,1.7,9,"","","","","","","","","","","","","","","","","","","","","","","","","","",64,9,"","","","","","","","","","","","",6.9,9,985.,9,982.7,9,"","","","","","","","","","","","","","","","","","","","","","","","","","","","","","","","","","","","","","","","","","","","","","","","","","","","","","","","","","","","","","","","","","","","","","","","","","","","","","","","","","","","","","","","","","","","","","","","","","","","","","","","","","","","","","","",""
"59183001","DUNKERQUE",51.055833,2.3395,11,1892100212,"","","","","","","","","","","","","","","","","","","","","","","","","","","","","","","","","","","","",12.8,9,3.8,9,"","","","","","","","","","","","","","","","","","","","","","","","","","",54,9,"","","","","","","","","","","","",8.,9,984.9,9,982.7,9,"","","","","","","","","","","","","","","","","","","","","","","","","","","","","","","","","","","","","","","","","","","","","","","","","","","","","","","","","","","","","","","","","","","","","","","","","","","","","","","","","","","","","","","","","","","","","","","","","","","","","","","","","","","","","","","",""
"59183001","DUNKERQUE",51.055833,2.3395,11,1892100220,"","","","","","","","","","","","","","","","","","","","","","","","","","","","","","","","","","","","",9.,9,3.,9,"","","","","","","","","","","","","","","","","","","","","","","","","","",66,9,"","","","","","","","","","","","",7.6,9,985.,9,982.7,9,"","","","","","","","","","","","","","","","","","","","","","","","","","","","","","","","","","","","","","","","","","","","","","","","","","","","","","","","","","","","","","","","","","","","","","","","","","","","","","","","","","","","","","","","","","","","","","","","","","","","","","","","","","","","","","","",""
"59183001","DUNKERQUE",51.055833,2.3395,11,1892100307,"","","","","","","","","","","","","","","","","","","","","","","","","","","","","","","","","","","","",7.8,9,2.1,9,"","","","","","","","","","","","","","","","","","","","","","","","","","",67,9,"","","","","","","","","","","","",7.1,9,989.5,9,987.2,9,"","","","","","","","","","","","","","","","","","","","","","","","","","","","","","","","","","","","","","","","","","","","","","","","","","","","","","","","","","","","","","","","","","","","","","","","","","","","","","","","","","","","","","","","","","","","","","","","","","","","","","","","","","","","","","","",""
"59183001","DUNKERQUE",51.055833,2.3395,11,1892100312,"","","","","","","","","","","","","","","","","","","","","","","","","","","","","","","","","","","","",12.8,9,-0.3,9,"","","","","","","","","","","","","","","","","","","","","","","","","","",41,9,"","","","","","","","","","","","",6.,9,990.6,9,988.4,9,"","","","","","","","","","","","","","","","","","","","","","","","","","","","","","","","","","","","","","","","","","","","","","","","","","","","","","","","","","","","","","","","","","","","","","","","","","","","","","","","","","","","","","","","","","","","","","","","","","","","","","","","","","","","","","","",""
"59183001","DUNKERQUE",51.055833,2.3395,11,1892100320,"","","","","","","","","","","","","","","","","","","","","","","","","","","","","","","","","","","","",10.,9,1.3,9,"","","","","","","","","","","","","","","","","","","","","","","","","","",55,9,"","","","","","","","","","","","",6.7,9,990.6,9,988.3,9,"","","","","","","","","","","","","","","","","","","","","","","","","","","","","","","","","","","","","","","","","","","","","","","","","","","","","","","","","","","","","","","","","","","","","","","","","","","","","","","","","","","","","","","","","","","","","","","","","","","","","","","","","","","","","","","",""
"59183001","DUNKERQUE",51.055833,2.3395,11,1892100407,"","","","","","","","","","","","","","","","","","","","","","","","","","","","","","","","","","","","",8.8,9,2.1,9,"","","","","","","","","","","","","","","","","","","","","","","","","","",63,9,"","","","","","","","","","","","",7.1,9,991.6,9,989.3,9,"","","","","","","","","","","","","","","","","","","","","","","","","","","","","","","","","","","","","","","","","","","","","","","","","","","","","","","","","","","","","","","","","","","","","","","","","","","","","","","","","","","","","","","","","","","","","","","","","","","","","","","","","","","","","","","",""
"59183001","DUNKERQUE",51.055833,2.3395,11,1892100412,"","","","","","","","","","","","","","","","","","","","","","","","","","","","","","","","","","","","",15.,9,1.1,9,"","","","","","","","","","","","","","","","","","","","","","","","","","",39,9,"","","","","","","","","","","","",6.6,9,991.6,9,989.4,9,"","","","","","","","","","","","","","","","","","","","","","","","","","","","","","","","","","","","","","","","","","","","","","","","","","","","","","","","","","","","","","","","","","","","","","","","","","","","","","","","","","","","","","","","","","","","","","","","","","","","","","","","","","","","","","","",""
"59183001","DUNKERQUE",51.055833,2.3395,11,1892100420,"","","","","","","","","","","","","","","","","","","","","","","","","","","","","","","","","","","","",12.2,9,5.3,9,"","","","","","","","","","","","","","","","","","","","","","","","","","",63,9,"","","","","","","","","","","","",8.9,9,987.7,9,985.5,9,"","","","","","","","","","","","","","","","","","","","","","","","","","","","","","","","","","","","","","","","","","","","","","","","","","","","","","","","","","","","","","","","","","","","","","","","","","","","","","","","","","","","","","","","","","","","","","","","","","","","","","","","","","","","","","","",""
"59183001","DUNKERQUE",51.055833,2.3395,11,1892100507,"","","","","","","","","","","","","","","","","","","","","","","","","","","","","","","","","","","","",12.,9,5.6,9,"","","","","","","","","","","","","","","","","","","","","","","","","","",65,9,"","","","","","","","","","","","",9.1,9,981.9,9,979.7,9,"","","","","","","","","","","","","","","","","","","","","","","","","","","","","","","","","","","","","","","","","","","","","","","","","","","","","","","","","","","","","","","","","","","","","","","","","","","","","","","","","","","","","","","","","","","","","","","","","","","","","","","","","","","","","","","",""
"59183001","DUNKERQUE",51.055833,2.3395,11,1892100512,"","","","","","","","","","","","","","","","","","","","","","","","","","","","","","","","","","","","",10.8,9,3.9,9,"","","","","","","","","","","","","","","","","","","","","","","","","","",63,9,"","","","","","","","","","","","",8.1,9,980.7,9,978.5,9,"","","","","","","","","","","","","","","","","","","","","","","","","","","","","","","","","","","","","","","","","","","","","","","","","","","","","","","","","","","","","","","","","","","","","","","","","","","","","","","","","","","","","","","","","","","","","","","","","","","","","","","","","","","","","","","",""
"59183001","DUNKERQUE",51.055833,2.3395,11,1892100520,"","","","","","","","","","","","","","","","","","","","","","","","","","","","","","","","","","","","",9.,9,4.5,9,"","","","","","","","","","","","","","","","","","","","","","","","","","",73,9,"","","","","","","","","","","","",8.4,9,981.2,9,979.,9,"","","","","","","","","","","","","","","","","","","","","","","","","","","","","","","","","","","","","","","","","","","","","","","","","","","","","","","","","","","","","","","","","","","","","","","","","","","","","","","","","","","","","","","","","","","","","","","","","","","","","","","","","","","","","","","",""
"59183001","DUNKERQUE",51.055833,2.3395,11,1892100607,"","","","","","","","","","","","","","","","","","","","","","","","","","","","","","","","","","","","",9.6,9,3.8,9,"","","","","","","","","","","","","","","","","","","","","","","","","","",67,9,"","","","","","","","","","","","",8.,9,980.8,9,978.6,9,"","","","","","","","","","","","","","","","","","","","","","","","","","","","","","","","","","","","","","","","","","","","","","","","","","","","","","","","","","","","","","","","","","","","","","","","","","","","","","","","","","","","","","","","","","","","","","","","","","","","","","","","","","","","","","","",""
"59183001","DUNKERQUE",51.055833,2.3395,11,1892100612,"","","","","","","","","","","","","","","","","","","","","","","","","","","","","","","","","","","","",11.8,9,5.5,9,"","","","","","","","","","","","","","","","","","","","","","","","","","",65,9,"","","","","","","","","","","","",9.,9,976.,9,973.8,9,"","","","","","","","","","","","","","","","","","","","","","","","","","","","","","","","","","","","","","","","","","","","","","","","","","","","","","","","","","","","","","","","","","","","","","","","","","","","","","","","","","","","","","","","","","","","","","","","","","","","","","","","","","","","","","","",""
"59183001","DUNKERQUE",51.055833,2.3395,11,1892100620,"","","","","","","","","","","","","","","","","","","","","","","","","","","","","","","","","","","","",9.6,9,3.8,9,"","","","","","","","","","","","","","","","","","","","","","","","","","",67,9,"","","","","","","","","","","","",8.,9,977.1,9,974.9,9,"","","","","","","","","","","","","","","","","","","","","","","","","","","","","","","","","","","","","","","","","","","","","","","","","","","","","","","","","","","","","","","","","","","","","","","","","","","","","","","","","","","","","","","","","","","","","","","","","","","","","","","","","","","","","","","",""
"59183001","DUNKERQUE",51.055833,2.3395,11,1892100707,"","","","","","","","","","","","","","","","","","","","","","","","","","","","","","","","","","","","",9.4,9,3.4,9,"","","","","","","","","","","","","","","","","","","","","","","","","","",66,9,"","","","","","","","","","","","",7.8,9,978.8,9,976.6,9,"","","","","","","","","","","","","","","","","","","","","","","","","","","","","","","","","","","","","","","","","","","","","","","","","","","","","","","","","","","","","","","","","","","","","","","","","","","","","","","","","","","","","","","","","","","","","","","","","","","","","","","","","","","","","","","",""
"59183001","DUNKERQUE",51.055833,2.3395,11,1892100712,"","","","","","","","","","","","","","","","","","","","","","","","","","","","","","","","","","","","",13.4,9,2.9,9,"","","","","","","","","","","","","","","","","","","","","","","","","","",49,9,"","","","","","","","","","","","",7.5,9,980.,9,977.8,9,"","","","","","","","","","","","","","","","","","","","","","","","","","","","","","","","","","","","","","","","","","","","","","","","","","","","","","","","","","","","","","","","","","","","","","","","","","","","","","","","","","","","","","","","","","","","","","","","","","","","","","","","","","","","","","","",""
"59183001","DUNKERQUE",51.055833,2.3395,11,1892100720,"","","","","","","","","","","","","","","","","","","","","","","","","","","","","","","","","","","","",8.8,9,-2.,9,"","","","","","","","","","","","","","","","","","","","","","","","","","",47,9,"","","","","","","","","","","","",5.3,9,981.5,9,979.2,9,"","","","","","","","","","","","","","","","","","","","","","","","","","","","","","","","","","","","","","","","","","","","","","","","","","","","","","","","","","","","","","","","","","","","","","","","","","","","","","","","","","","","","","","","","","","","","","","","","","","","","","","","","","","","","","","",""
"59183001","DUNKERQUE",51.055833,2.3395,11,1892100807,"","","","","","","","","","","","","","","","","","","","","","","","","","","","","","","","","","","","",8.,9,2.5,9,"","","","","","","","","","","","","","","","","","","","","","","","","","",68,9,"","","","","","","","","","","","",7.3,9,982.7,9,980.4,9,"","","","","","","","","","","","","","","","","","","","","","","","","","","","","","","","","","","","","","","","","","","","","","","","","","","","","","","","","","","","","","","","","","","","","","","","","","","","","","","","","","","","","","","","","","","","","","","","","","","","","","","","","","","","","","","",""
"59183001","DUNKERQUE",51.055833,2.3395,11,1892100812,"","","","","","","","","","","","","","","","","","","","","","","","","","","","","","","","","","","","",11.6,9,1.5,9,"","","","","","","","","","","","","","","","","","","","","","","","","","",50,9,"","","","","","","","","","","","",6.8,9,984.1,9,981.9,9,"","","","","","","","","","","","","","","","","","","","","","","","","","","","","","","","","","","","","","","","","","","","","","","","","","","","","","","","","","","","","","","","","","","","","","","","","","","","","","","","","","","","","","","","","","","","","","","","","","","","","","","","","","","","","","","",""
"59183001","DUNKERQUE",51.055833,2.3395,11,1892100820,"","","","","","","","","","","","","","","","","","","","","","","","","","","","","","","","","","","","",8.6,9,3.9,9,"","","","","","","","","","","","","","","","","","","","","","","","","","",73,9,"","","","","","","","","","","","",8.1,9,985.7,9,983.4,9,"","","","","","","","","","","","","","","","","","","","","","","","","","","","","","","","","","","","","","","","","","","","","","","","","","","","","","","","","","","","","","","","","","","","","","","","","","","","","","","","","","","","","","","","","","","","","","","","","","","","","","","","","","","","","","","",""
"59183001","DUNKERQUE",51.055833,2.3395,11,1892100907,"","","","","","","","","","","","","","","","","","","","","","","","","","","","","","","","","","","","",7.8,9,2.9,9,"","","","","","","","","","","","","","","","","","","","","","","","","","",71,9,"","","","","","","","","","","","",7.5,9,985.9,9,983.6,9,"","","","","","","","","","","","","","","","","","","","","","","","","","","","","","","","","","","","","","","","","","","","","","","","","","","","","","","","","","","","","","","","","","","","","","","","","","","","","","","","","","","","","","","","","","","","","","","","","","","","","","","","","","","","","","","",""
"59183001","DUNKERQUE",51.055833,2.3395,11,1892100912,"","","","","","","","","","","","","","","","","","","","","","","","","","","","","","","","","","","","",10.2,9,4.3,9,"","","","","","","","","","","","","","","","","","","","","","","","","","",67,9,"","","","","","","","","","","","",8.3,9,982.9,9,980.7,9,"","","","","","","","","","","","","","","","","","","","","","","","","","","","","","","","","","","","","","","","","","","","","","","","","","","","","","","","","","","","","","","","","","","","","","","","","","","","","","","","","","","","","","","","","","","","","","","","","","","","","","","","","","","","","","","",""
"59183001","DUNKERQUE",51.055833,2.3395,11,1892100920,"","","","","","","","","","","","","","","","","","","","","","","","","","","","","","","","","","","","",10.,9,4.1,9,"","","","","","","","","","","","","","","","","","","","","","","","","","",67,9,"","","","","","","","","","","","",8.2,9,981.5,9,979.3,9,"","","","","","","","","","","","","","","","","","","","","","","","","","","","","","","","","","","","","","","","","","","","","","","","","","","","","","","","","","","","","","","","","","","","","","","","","","","","","","","","","","","","","","","","","","","","","","","","","","","","","","","","","","","","","","","",""
"59183001","DUNKERQUE",51.055833,2.3395,11,1892101007,"","","","","","","","","","","","","","","","","","","","","","","","","","","","","","","","","","","","",9.8,9,5.,9,"","","","","","","","","","","","","","","","","","","","","","","","","","",72,9,"","","","","","","","","","","","",8.7,9,987.,9,984.7,9,"","","","","","","","","","","","","","","","","","","","","","","","","","","","","","","","","","","","","","","","","","","","","","","","","","","","","","","","","","","","","","","","","","","","","","","","","","","","","","","","","","","","","","","","","","","","","","","","","","","","","","","","","","","","","","","",""
"59183001","DUNKERQUE",51.055833,2.3395,11,1892101012,"","","","","","","","","","","","","","","","","","","","","","","","","","","","","","","","","","","","",12.2,9,6.2,9,"","","","","","","","","","","","","","","","","","","","","","","","","","",67,9,"","","","","","","","","","","","",9.5,9,990.5,9,988.3,9,"","","","","","","","","","","","","","","","","","","","","","","","","","","","","","","","","","","","","","","","","","","","","","","","","","","","","","","","","","","","","","","","","","","","","","","","","","","","","","","","","","","","","","","","","","","","","","","","","","","","","","","","","","","","","","","",""
"59183001","DUNKERQUE",51.055833,2.3395,11,1892101020,"","","","","","","","","","","","","","","","","","","","","","","","","","","","","","","","","","","","",10.4,9,5.9,9,"","","","","","","","","","","","","","","","","","","","","","","","","","",74,9,"","","","","","","","","","","","",9.3,9,994.3,9,992.,9,"","","","","","","","","","","","","","","","","","","","","","","","","","","","","","","","","","","","","","","","","","","","","","","","","","","","","","","","","","","","","","","","","","","","","","","","","","","","","","","","","","","","","","","","","","","","","","","","","","","","","","","","","","","","","","","",""
"59183001","DUNKERQUE",51.055833,2.3395,11,1892101107,"","","","","","","","","","","","","","","","","","","","","","","","","","","","","","","","","","","","",8.,9,0.4,9,"","","","","","","","","","","","","","","","","","","","","","","","","","",59,9,"","","","","","","","","","","","",6.3,9,997.6,9,995.3,9,"","","","","","","","","","","","","","","","","","","","","","","","","","","","","","","","","","","","","","","","","","","","","","","","","","","","","","","","","","","","","","","","","","","","","","","","","","","","","","","","","","","","","","","","","","","","","","","","","","","","","","","","","","","","","","","",""
"59183001","DUNKERQUE",51.055833,2.3395,11,1892101112,"","","","","","","","","","","","","","","","","","","","","","","","","","","","","","","","","","","","",12.2,9,-0.3,9,"","","","","","","","","","","","","","","","","","","","","","","","","","",42,9,"","","","","","","","","","","","",6.,9,998.8,9,996.5,9,"","","","","","","","","","","","","","","","","","","","","","","","","","","","","","","","","","","","","","","","","","","","","","","","","","","","","","","","","","","","","","","","","","","","","","","","","","","","","","","","","","","","","","","","","","","","","","","","","","","","","","","","","","","","","","","",""
"59183001","DUNKERQUE",51.055833,2.3395,11,1892101120,"","","","","","","","","","","","","","","","","","","","","","","","","","","","","","","","","","","","",9.,9,1.9,9,"","","","","","","","","","","","","","","","","","","","","","","","","","",61,9,"","","","","","","","","","","","",7.,9,999.2,9,996.9,9,"","","","","","","","","","","","","","","","","","","","","","","","","","","","","","","","","","","","","","","","","","","","","","","","","","","","","","","","","","","","","","","","","","","","","","","","","","","","","","","","","","","","","","","","","","","","","","","","","","","","","","","","","","","","","","","",""
"59183001","DUNKERQUE",51.055833,2.3395,11,1892101207,"","","","","","","","","","","","","","","","","","","","","","","","","","","","","","","","","","","","",7.2,9,0.9,9,"","","","","","","","","","","","","","","","","","","","","","","","","","",64,9,"","","","","","","","","","","","",6.5,9,1000.1,9,997.8,9,"","","","","","","","","","","","","","","","","","","","","","","","","","","","","","","","","","","","","","","","","","","","","","","","","","","","","","","","","","","","","","","","","","","","","","","","","","","","","","","","","","","","","","","","","","","","","","","","","","","","","","","","","","","","","","","",""
"59183001","DUNKERQUE",51.055833,2.3395,11,1892101212,"","","","","","","","","","","","","","","","","","","","","","","","","","","","","","","","","","","","",11.,9,2.1,9,"","","","","","","","","","","","","","","","","","","","","","","","","","",54,9,"","","","","","","","","","","","",7.1,9,1000.1,9,997.8,9,"","","","","","","","","","","","","","","","","","","","","","","","","","","","","","","","","","","","","","","","","","","","","","","","","","","","","","","","","","","","","","","","","","","","","","","","","","","","","","","","","","","","","","","","","","","","","","","","","","","","","","","","","","","","","","","",""
"59183001","DUNKERQUE",51.055833,2.3395,11,1892101220,"","","","","","","","","","","","","","","","","","","","","","","","","","","","","","","","","","","","",10.,9,2.7,9,"","","","","","","","","","","","","","","","","","","","","","","","","","",60,9,"","","","","","","","","","","","",7.4,9,999.,9,996.7,9,"","","","","","","","","","","","","","","","","","","","","","","","","","","","","","","","","","","","","","","","","","","","","","","","","","","","","","","","","","","","","","","","","","","","","","","","","","","","","","","","","","","","","","","","","","","","","","","","","","","","","","","","","","","","","","","",""
"59183001","DUNKERQUE",51.055833,2.3395,11,1892101307,"","","","","","","","","","","","","","","","","","","","","","","","","","","","","","","","","","","","",7.6,9,1.7,9,"","","","","","","","","","","","","","","","","","","","","","","","","","",66,9,"","","","","","","","","","","","",6.9,9,995.5,9,993.2,9,"","","","","","","","","","","","","","","","","","","","","","","","","","","","","","","","","","","","","","","","","","","","","","","","","","","","","","","","","","","","","","","","","","","","","","","","","","","","","","","","","","","","","","","","","","","","","","","","","","","","","","","","","","","","","","","",""
"59183001","DUNKERQUE",51.055833,2.3395,11,1892101312,"","","","","","","","","","","","","","","","","","","","","","","","","","","","","","","","","","","","",10.6,9,1.5,9,"","","","","","","","","","","","","","","","","","","","","","","","","","",53,9,"","","","","","","","","","","","",6.8,9,994.4,9,992.1,9,"","","","","","","","","","","","","","","","","","","","","","","","","","","","","","","","","","","","","","","","","","","","","","","","","","","","","","","","","","","","","","","","","","","","","","","","","","","","","","","","","","","","","","","","","","","","","","","","","","","","","","","","","","","","","","","",""
"59183001","DUNKERQUE",51.055833,2.3395,11,1892101320,"","","","","","","","","","","","","","","","","","","","","","","","","","","","","","","","","","","","",10.8,9,1.9,9,"","","","","","","","","","","","","","","","","","","","","","","","","","",54,9,"","","","","","","","","","","","",7.,9,990.6,9,988.3,9,"","","","","","","","","","","","","","","","","","","","","","","","","","","","","","","","","","","","","","","","","","","","","","","","","","","","","","","","","","","","","","","","","","","","","","","","","","","","","","","","","","","","","","","","","","","","","","","","","","","","","","","","","","","","","","","",""
"59183001","DUNKERQUE",51.055833,2.3395,11,1892101407,"","","","","","","","","","","","","","","","","","","","","","","","","","","","","","","","","","","","",8.6,9,3.,9,"","","","","","","","","","","","","","","","","","","","","","","","","","",68,9,"","","","","","","","","","","","",7.6,9,988.7,9,986.4,9,"","","","","","","","","","","","","","","","","","","","","","","","","","","","","","","","","","","","","","","","","","","","","","","","","","","","","","","","","","","","","","","","","","","","","","","","","","","","","","","","","","","","","","","","","","","","","","","","","","","","","","","","","","","","","","","",""
"59183001","DUNKERQUE",51.055833,2.3395,11,1892101412,"","","","","","","","","","","","","","","","","","","","","","","","","","","","","","","","","","","","",11.8,9,0.2,9,"","","","","","","","","","","","","","","","","","","","","","","","","","",45,9,"","","","","","","","","","","","",6.2,9,989.4,9,987.2,9,"","","","","","","","","","","","","","","","","","","","","","","","","","","","","","","","","","","","","","","","","","","","","","","","","","","","","","","","","","","","","","","","","","","","","","","","","","","","","","","","","","","","","","","","","","","","","","","","","","","","","","","","","","","","","","","",""
"59183001","DUNKERQUE",51.055833,2.3395,11,1892101420,"","","","","","","","","","","","","","","","","","","","","","","","","","","","","","","","","","","","",9.4,9,4.8,9,"","","","","","","","","","","","","","","","","","","","","","","","","","",73,9,"","","","","","","","","","","","",8.6,9,991.5,9,989.2,9,"","","","","","","","","","","","","","","","","","","","","","","","","","","","","","","","","","","","","","","","","","","","","","","","","","","","","","","","","","","","","","","","","","","","","","","","","","","","","","","","","","","","","","","","","","","","","","","","","","","","","","","","","","","","","","","",""
"59183001","DUNKERQUE",51.055833,2.3395,11,1892101507,"","","","","","","","","","","","","","","","","","","","","","","","","","","","","","","","","","","","",5.6,9,1.7,9,"","","","","","","","","","","","","","","","","","","","","","","","","","",76,9,"","","","","","","","","","","","",6.9,9,993.6,9,991.3,9,"","","","","","","","","","","","","","","","","","","","","","","","","","","","","","","","","","","","","","","","","","","","","","","","","","","","","","","","","","","","","","","","","","","","","","","","","","","","","","","","","","","","","","","","","","","","","","","","","","","","","","","","","","","","","","","",""
"59183001","DUNKERQUE",51.055833,2.3395,11,1892101512,"","","","","","","","","","","","","","","","","","","","","","","","","","","","","","","","","","","","",14.4,9,-0.5,9,"","","","","","","","","","","","","","","","","","","","","","","","","","",36,9,"","","","","","","","","","","","",5.9,9,993.4,9,991.2,9,"","","","","","","","","","","","","","","","","","","","","","","","","","","","","","","","","","","","","","","","","","","","","","","","","","","","","","","","","","","","","","","","","","","","","","","","","","","","","","","","","","","","","","","","","","","","","","","","","","","","","","","","","","","","","","","",""
"59183001","DUNKERQUE",51.055833,2.3395,11,1892101520,"","","","","","","","","","","","","","","","","","","","","","","","","","","","","","","","","","","","",8.,9,1.1,9,"","","","","","","","","","","","","","","","","","","","","","","","","","",62,9,"","","","","","","","","","","","",6.6,9,992.3,9,990.,9,"","","","","","","","","","","","","","","","","","","","","","","","","","","","","","","","","","","","","","","","","","","","","","","","","","","","","","","","","","","","","","","","","","","","","","","","","","","","","","","","","","","","","","","","","","","","","","","","","","","","","","","","","","","","","","","",""
"59183001","DUNKERQUE",51.055833,2.3395,11,1892101607,"","","","","","","","","","","","","","","","","","","","","","","","","","","","","","","","","","","","",5.2,9,1.3,9,"","","","","","","","","","","","","","","","","","","","","","","","","","",76,9,"","","","","","","","","","","","",6.7,9,988.8,9,986.5,9,"","","","","","","","","","","","","","","","","","","","","","","","","","","","","","","","","","","","","","","","","","","","","","","","","","","","","","","","","","","","","","","","","","","","","","","","","","","","","","","","","","","","","","","","","","","","","","","","","","","","","","","","","","","","","","","",""
"59183001","DUNKERQUE",51.055833,2.3395,11,1892101612,"","","","","","","","","","","","","","","","","","","","","","","","","","","","","","","","","","","","",12.4,9,1.5,9,"","","","","","","","","","","","","","","","","","","","","","","","","","",47,9,"","","","","","","","","","","","",6.8,9,988.4,9,986.2,9,"","","","","","","","","","","","","","","","","","","","","","","","","","","","","","","","","","","","","","","","","","","","","","","","","","","","","","","","","","","","","","","","","","","","","","","","","","","","","","","","","","","","","","","","","","","","","","","","","","","","","","","","","","","","","","","",""
"59183001","DUNKERQUE",51.055833,2.3395,11,1892101620,"","","","","","","","","","","","","","","","","","","","","","","","","","","","","","","","","","","","",9.8,9,3.2,9,"","","","","","","","","","","","","","","","","","","","","","","","","","",64,9,"","","","","","","","","","","","",7.7,9,988.1,9,985.8,9,"","","","","","","","","","","","","","","","","","","","","","","","","","","","","","","","","","","","","","","","","","","","","","","","","","","","","","","","","","","","","","","","","","","","","","","","","","","","","","","","","","","","","","","","","","","","","","","","","","","","","","","","","","","","","","","",""
"59183001","DUNKERQUE",51.055833,2.3395,11,1892101707,"","","","","","","","","","","","","","","","","","","","","","","","","","","","","","","","","","","","",8.8,9,-0.7,9,"","","","","","","","","","","","","","","","","","","","","","","","","","",51,9,"","","","","","","","","","","","",5.8,9,991.,9,988.7,9,"","","","","","","","","","","","","","","","","","","","","","","","","","","","","","","","","","","","","","","","","","","","","","","","","","","","","","","","","","","","","","","","","","","","","","","","","","","","","","","","","","","","","","","","","","","","","","","","","","","","","","","","","","","","","","","",""
"59183001","DUNKERQUE",51.055833,2.3395,11,1892101712,"","","","","","","","","","","","","","","","","","","","","","","","","","","","","","","","","","","","",9.8,9,-2.7,9,"","","","","","","","","","","","","","","","","","","","","","","","","","",41,9,"","","","","","","","","","","","",5.,9,994.3,9,992.,9,"","","","","","","","","","","","","","","","","","","","","","","","","","","","","","","","","","","","","","","","","","","","","","","","","","","","","","","","","","","","","","","","","","","","","","","","","","","","","","","","","","","","","","","","","","","","","","","","","","","","","","","","","","","","","","","",""
"59183001","DUNKERQUE",51.055833,2.3395,11,1892101720,"","","","","","","","","","","","","","","","","","","","","","","","","","","","","","","","","","","","",6.2,9,0.4,9,"","","","","","","","","","","","","","","","","","","","","","","","","","",67,9,"","","","","","","","","","","","",6.3,9,997.6,9,995.3,9,"","","","","","","","","","","","","","","","","","","","","","","","","","","","","","","","","","","","","","","","","","","","","","","","","","","","","","","","","","","","","","","","","","","","","","","","","","","","","","","","","","","","","","","","","","","","","","","","","","","","","","","","","","","","","","","",""
"59183001","DUNKERQUE",51.055833,2.3395,11,1892101807,"","","","","","","","","","","","","","","","","","","","","","","","","","","","","","","","","","","","",5.,9,-0.3,9,"","","","","","","","","","","","","","","","","","","","","","","","","","",69,9,"","","","","","","","","","","","",6.,9,1000.4,9,998.1,9,"","","","","","","","","","","","","","","","","","","","","","","","","","","","","","","","","","","","","","","","","","","","","","","","","","","","","","","","","","","","","","","","","","","","","","","","","","","","","","","","","","","","","","","","","","","","","","","","","","","","","","","","","","","","","","","",""
"59183001","DUNKERQUE",51.055833,2.3395,11,1892101812,"","","","","","","","","","","","","","","","","","","","","","","","","","","","","","","","","","","","",9.4,9,-2.2,9,"","","","","","","","","","","","","","","","","","","","","","","","","","",44,9,"","","","","","","","","","","","",5.2,9,1001.4,9,999.1,9,"","","","","","","","","","","","","","","","","","","","","","","","","","","","","","","","","","","","","","","","","","","","","","","","","","","","","","","","","","","","","","","","","","","","","","","","","","","","","","","","","","","","","","","","","","","","","","","","","","","","","","","","","","","","","","","",""
"59183001","DUNKERQUE",51.055833,2.3395,11,1892101820,"","","","","","","","","","","","","","","","","","","","","","","","","","","","","","","","","","","","",7.4,9,-2.2,9,"","","","","","","","","","","","","","","","","","","","","","","","","","",51,9,"","","","","","","","","","","","",5.2,9,1003.5,9,1001.2,9,"","","","","","","","","","","","","","","","","","","","","","","","","","","","","","","","","","","","","","","","","","","","","","","","","","","","","","","","","","","","","","","","","","","","","","","","","","","","","","","","","","","","","","","","","","","","","","","","","","","","","","","","","","","","","","","",""
"59183001","DUNKERQUE",51.055833,2.3395,11,1892101907,"","","","","","","","","","","","","","","","","","","","","","","","","","","","","","","","","","","","",5.4,9,0.6,9,"","","","","","","","","","","","","","","","","","","","","","","","","","",71,9,"","","","","","","","","","","","",6.4,9,1004.4,9,1002.1,9,"","","","","","","","","","","","","","","","","","","","","","","","","","","","","","","","","","","","","","","","","","","","","","","","","","","","","","","","","","","","","","","","","","","","","","","","","","","","","","","","","","","","","","","","","","","","","","","","","","","","","","","","","","","","","","","",""
"59183001","DUNKERQUE",51.055833,2.3395,11,1892101912,"","","","","","","","","","","","","","","","","","","","","","","","","","","","","","","","","","","","",8.8,9,0.,9,"","","","","","","","","","","","","","","","","","","","","","","","","","",54,9,"","","","","","","","","","","","",6.1,9,1005.2,9,1002.9,9,"","","","","","","","","","","","","","","","","","","","","","","","","","","","","","","","","","","","","","","","","","","","","","","","","","","","","","","","","","","","","","","","","","","","","","","","","","","","","","","","","","","","","","","","","","","","","","","","","","","","","","","","","","","","","","","",""
"59183001","DUNKERQUE",51.055833,2.3395,11,1892101920,"","","","","","","","","","","","","","","","","","","","","","","","","","","","","","","","","","","","",7.6,9,-2.,9,"","","","","","","","","","","","","","","","","","","","","","","","","","",51,9,"","","","","","","","","","","","",5.3,9,1005.,9,1002.7,9,"","","","","","","","","","","","","","","","","","","","","","","","","","","","","","","","","","","","","","","","","","","","","","","","","","","","","","","","","","","","","","","","","","","","","","","","","","","","","","","","","","","","","","","","","","","","","","","","","","","","","","","","","","","","","","","",""
"59183001","DUNKERQUE",51.055833,2.3395,11,1892102007,"","","","","","","","","","","","","","","","","","","","","","","","","","","","","","","","","","","","",7.2,9,-1.7,9,"","","","","","","","","","","","","","","","","","","","","","","","","","",53,9,"","","","","","","","","","","","",5.4,9,1005.1,9,1002.8,9,"","","","","","","","","","","","","","","","","","","","","","","","","","","","","","","","","","","","","","","","","","","","","","","","","","","","","","","","","","","","","","","","","","","","","","","","","","","","","","","","","","","","","","","","","","","","","","","","","","","","","","","","","","","","","","","",""
"59183001","DUNKERQUE",51.055833,2.3395,11,1892102012,"","","","","","","","","","","","","","","","","","","","","","","","","","","","","","","","","","","","",9.8,9,-2.5,9,"","","","","","","","","","","","","","","","","","","","","","","","","","",42,9,"","","","","","","","","","","","",5.1,9,1003.6,9,1001.3,9,"","","","","","","","","","","","","","","","","","","","","","","","","","","","","","","","","","","","","","","","","","","","","","","","","","","","","","","","","","","","","","","","","","","","","","","","","","","","","","","","","","","","","","","","","","","","","","","","","","","","","","","","","","","","","","","",""
"59183001","DUNKERQUE",51.055833,2.3395,11,1892102020,"","","","","","","","","","","","","","","","","","","","","","","","","","","","","","","","","","","","",7.4,9,-2.2,9,"","","","","","","","","","","","","","","","","","","","","","","","","","",51,9,"","","","","","","","","","","","",5.2,9,1000.2,9,997.9,9,"","","","","","","","","","","","","","","","","","","","","","","","","","","","","","","","","","","","","","","","","","","","","","","","","","","","","","","","","","","","","","","","","","","","","","","","","","","","","","","","","","","","","","","","","","","","","","","","","","","","","","","","","","","","","","","",""
"59183001","DUNKERQUE",51.055833,2.3395,11,1892102107,"","","","","","","","","","","","","","","","","","","","","","","","","","","","","","","","","","","","",6.2,9,1.1,9,"","","","","","","","","","","","","","","","","","","","","","","","","","",70,9,"","","","","","","","","","","","",6.6,9,993.9,9,991.6,9,"","","","","","","","","","","","","","","","","","","","","","","","","","","","","","","","","","","","","","","","","","","","","","","","","","","","","","","","","","","","","","","","","","","","","","","","","","","","","","","","","","","","","","","","","","","","","","","","","","","","","","","","","","","","","","","",""
"59183001","DUNKERQUE",51.055833,2.3395,11,1892102112,"","","","","","","","","","","","","","","","","","","","","","","","","","","","","","","","","","","","",10.2,9,-6.,9,"","","","","","","","","","","","","","","","","","","","","","","","","","",31,9,"","","","","","","","","","","","",3.9,9,989.8,9,987.5,9,"","","","","","","","","","","","","","","","","","","","","","","","","","","","","","","","","","","","","","","","","","","","","","","","","","","","","","","","","","","","","","","","","","","","","","","","","","","","","","","","","","","","","","","","","","","","","","","","","","","","","","","","","","","","","","","",""
"59183001","DUNKERQUE",51.055833,2.3395,11,1892102120,"","","","","","","","","","","","","","","","","","","","","","","","","","","","","","","","","","","","",7.8,9,1.1,9,"","","","","","","","","","","","","","","","","","","","","","","","","","",62,9,"","","","","","","","","","","","",6.6,9,984.2,9,981.9,9,"","","","","","","","","","","","","","","","","","","","","","","","","","","","","","","","","","","","","","","","","","","","","","","","","","","","","","","","","","","","","","","","","","","","","","","","","","","","","","","","","","","","","","","","","","","","","","","","","","","","","","","","","","","","","","","",""
"59183001","DUNKERQUE",51.055833,2.3395,11,1892102207,"","","","","","","","","","","","","","","","","","","","","","","","","","","","","","","","","","","","",7.2,9,0.9,9,"","","","","","","","","","","","","","","","","","","","","","","","","","",64,9,"","","","","","","","","","","","",6.5,9,980.4,9,978.1,9,"","","","","","","","","","","","","","","","","","","","","","","","","","","","","","","","","","","","","","","","","","","","","","","","","","","","","","","","","","","","","","","","","","","","","","","","","","","","","","","","","","","","","","","","","","","","","","","","","","","","","","","","","","","","","","","",""
"59183001","DUNKERQUE",51.055833,2.3395,11,1892102212,"","","","","","","","","","","","","","","","","","","","","","","","","","","","","","","","","","","","",9.4,9,-1.7,9,"","","","","","","","","","","","","","","","","","","","","","","","","","",46,9,"","","","","","","","","","","","",5.4,9,981.3,9,979.1,9,"","","","","","","","","","","","","","","","","","","","","","","","","","","","","","","","","","","","","","","","","","","","","","","","","","","","","","","","","","","","","","","","","","","","","","","","","","","","","","","","","","","","","","","","","","","","","","","","","","","","","","","","","","","","","","","",""
"59183001","DUNKERQUE",51.055833,2.3395,11,1892102220,"","","","","","","","","","","","","","","","","","","","","","","","","","","","","","","","","","","","",6.2,9,3.4,9,"","","","","","","","","","","","","","","","","","","","","","","","","","",82,9,"","","","","","","","","","","","",7.8,9,984.5,9,982.2,9,"","","","","","","","","","","","","","","","","","","","","","","","","","","","","","","","","","","","","","","","","","","","","","","","","","","","","","","","","","","","","","","","","","","","","","","","","","","","","","","","","","","","","","","","","","","","","","","","","","","","","","","","","","","","","","","",""
"59183001","DUNKERQUE",51.055833,2.3395,11,1892102307,"","","","","","","","","","","","","","","","","","","","","","","","","","","","","","","","","","","","",4.8,9,-2.,9,"","","","","","","","","","","","","","","","","","","","","","","","","","",62,9,"","","","","","","","","","","","",5.3,9,984.9,9,982.6,9,"","","","","","","","","","","","","","","","","","","","","","","","","","","","","","","","","","","","","","","","","","","","","","","","","","","","","","","","","","","","","","","","","","","","","","","","","","","","","","","","","","","","","","","","","","","","","","","","","","","","","","","","","","","","","","","",""
"59183001","DUNKERQUE",51.055833,2.3395,11,1892102312,"","","","","","","","","","","","","","","","","","","","","","","","","","","","","","","","","","","","",8.8,9,-2.,9,"","","","","","","","","","","","","","","","","","","","","","","","","","",47,9,"","","","","","","","","","","","",5.3,9,984.8,9,982.5,9,"","","","","","","","","","","","","","","","","","","","","","","","","","","","","","","","","","","","","","","","","","","","","","","","","","","","","","","","","","","","","","","","","","","","","","","","","","","","","","","","","","","","","","","","","","","","","","","","","","","","","","","","","","","","","","","",""
"59183001","DUNKERQUE",51.055833,2.3395,11,1892102320,"","","","","","","","","","","","","","","","","","","","","","","","","","","","","","","","","","","","",7.,9,-4.5,9,"","","","","","","","","","","","","","","","","","","","","","","","","","",44,9,"","","","","","","","","","","","",4.4,9,987.4,9,985.1,9,"","","","","","","","","","","","","","","","","","","","","","","","","","","","","","","","","","","","","","","","","","","","","","","","","","","","","","","","","","","","","","","","","","","","","","","","","","","","","","","","","","","","","","","","","","","","","","","","","","","","","","","","","","","","","","","",""
"59183001","DUNKERQUE",51.055833,2.3395,11,1892102407,"","","","","","","","","","","","","","","","","","","","","","","","","","","","","","","","","","","","",1.8,9,1.3,9,"","","","","","","","","","","","","","","","","","","","","","","","","","",96,9,"","","","","","","","","","","","",6.7,9,989.,9,986.7,9,"","","","","","","","","","","","","","","","","","","","","","","","","","","","","","","","","","","","","","","","","","","","","","","","","","","","","","","","","","","","","","","","","","","","","","","","","","","","","","","","","","","","","","","","","","","","","","","","","","","","","","","","","","","","","","","",""
"59183001","DUNKERQUE",51.055833,2.3395,11,1892102412,"","","","","","","","","","","","","","","","","","","","","","","","","","","","","","","","","","","","",9.8,9,-6.4,9,"","","","","","","","","","","","","","","","","","","","","","","","","","",31,9,"","","","","","","","","","","","",3.8,9,989.8,9,987.5,9,"","","","","","","","","","","","","","","","","","","","","","","","","","","","","","","","","","","","","","","","","","","","","","","","","","","","","","","","","","","","","","","","","","","","","","","","","","","","","","","","","","","","","","","","","","","","","","","","","","","","","","","","","","","","","","","",""
"59183001","DUNKERQUE",51.055833,2.3395,11,1892102420,"","","","","","","","","","","","","","","","","","","","","","","","","","","","","","","","","","","","",6.6,9,-2.2,9,"","","","","","","","","","","","","","","","","","","","","","","","","","",53,9,"","","","","","","","","","","","",5.2,9,992.1,9,989.8,9,"","","","","","","","","","","","","","","","","","","","","","","","","","","","","","","","","","","","","","","","","","","","","","","","","","","","","","","","","","","","","","","","","","","","","","","","","","","","","","","","","","","","","","","","","","","","","","","","","","","","","","","","","","","","","","","",""
"59183001","DUNKERQUE",51.055833,2.3395,11,1892102507,"","","","","","","","","","","","","","","","","","","","","","","","","","","","","","","","","","","","",4.,9,-1.,9,"","","","","","","","","","","","","","","","","","","","","","","","","","",70,9,"","","","","","","","","","","","",5.7,9,992.5,9,990.2,9,"","","","","","","","","","","","","","","","","","","","","","","","","","","","","","","","","","","","","","","","","","","","","","","","","","","","","","","","","","","","","","","","","","","","","","","","","","","","","","","","","","","","","","","","","","","","","","","","","","","","","","","","","","","","","","","",""
"59183001","DUNKERQUE",51.055833,2.3395,11,1892102512,"","","","","","","","","","","","","","","","","","","","","","","","","","","","","","","","","","","","",4.8,9,-1.2,9,"","","","","","","","","","","","","","","","","","","","","","","","","","",65,9,"","","","","","","","","","","","",5.6,9,990.3,9,988.,9,"","","","","","","","","","","","","","","","","","","","","","","","","","","","","","","","","","","","","","","","","","","","","","","","","","","","","","","","","","","","","","","","","","","","","","","","","","","","","","","","","","","","","","","","","","","","","","","","","","","","","","","","","","","","","","","",""
"59183001","DUNKERQUE",51.055833,2.3395,11,1892102520,"","","","","","","","","","","","","","","","","","","","","","","","","","","","","","","","","","","","",4.8,9,-0.7,9,"","","","","","","","","","","","","","","","","","","","","","","","","","",67,9,"","","","","","","","","","","","",5.8,9,990.,9,987.7,9,"","","","","","","","","","","","","","","","","","","","","","","","","","","","","","","","","","","","","","","","","","","","","","","","","","","","","","","","","","","","","","","","","","","","","","","","","","","","","","","","","","","","","","","","","","","","","","","","","","","","","","","","","","","","","","","",""
"59183001","DUNKERQUE",51.055833,2.3395,11,1892102607,"","","","","","","","","","","","","","","","","","","","","","","","","","","","","","","","","","","","",4.2,9,0.,9,"","","","","","","","","","","","","","","","","","","","","","","","","","",74,9,"","","","","","","","","","","","",6.1,9,997.,9,994.7,9,"","","","","","","","","","","","","","","","","","","","","","","","","","","","","","","","","","","","","","","","","","","","","","","","","","","","","","","","","","","","","","","","","","","","","","","","","","","","","","","","","","","","","","","","","","","","","","","","","","","","","","","","","","","","","","","",""
"59183001","DUNKERQUE",51.055833,2.3395,11,1892102612,"","","","","","","","","","","","","","","","","","","","","","","","","","","","","","","","","","","","",9.4,9,-3.,9,"","","","","","","","","","","","","","","","","","","","","","","","","","",42,9,"","","","","","","","","","","","",4.9,9,1000.5,9,998.2,9,"","","","","","","","","","","","","","","","","","","","","","","","","","","","","","","","","","","","","","","","","","","","","","","","","","","","","","","","","","","","","","","","","","","","","","","","","","","","","","","","","","","","","","","","","","","","","","","","","","","","","","","","","","","","","","","",""
"59183001","DUNKERQUE",51.055833,2.3395,11,1892102620,"","","","","","","","","","","","","","","","","","","","","","","","","","","","","","","","","","","","",4.2,9,0.,9,"","","","","","","","","","","","","","","","","","","","","","","","","","",74,9,"","","","","","","","","","","","",6.1,9,1001.,9,998.7,9,"","","","","","","","","","","","","","","","","","","","","","","","","","","","","","","","","","","","","","","","","","","","","","","","","","","","","","","","","","","","","","","","","","","","","","","","","","","","","","","","","","","","","","","","","","","","","","","","","","","","","","","","","","","","","","","",""
"59183001","DUNKERQUE",51.055833,2.3395,11,1892102707,"","","","","","","","","","","","","","","","","","","","","","","","","","","","","","","","","","","","",2.6,9,-2.,9,"","","","","","","","","","","","","","","","","","","","","","","","","","",72,9,"","","","","","","","","","","","",5.3,9,994.9,9,992.6,9,"","","","","","","","","","","","","","","","","","","","","","","","","","","","","","","","","","","","","","","","","","","","","","","","","","","","","","","","","","","","","","","","","","","","","","","","","","","","","","","","","","","","","","","","","","","","","","","","","","","","","","","","","","","","","","","",""
"59183001","DUNKERQUE",51.055833,2.3395,11,1892102712,"","","","","","","","","","","","","","","","","","","","","","","","","","","","","","","","","","","","",6.,9,0.2,9,"","","","","","","","","","","","","","","","","","","","","","","","","","",66,9,"","","","","","","","","","","","",6.2,9,991.2,9,988.9,9,"","","","","","","","","","","","","","","","","","","","","","","","","","","","","","","","","","","","","","","","","","","","","","","","","","","","","","","","","","","","","","","","","","","","","","","","","","","","","","","","","","","","","","","","","","","","","","","","","","","","","","","","","","","","","","","",""
"59183001","DUNKERQUE",51.055833,2.3395,11,1892102720,"","","","","","","","","","","","","","","","","","","","","","","","","","","","","","","","","","","","",10.,9,3.,9,"","","","","","","","","","","","","","","","","","","","","","","","","","",62,9,"","","","","","","","","","","","",7.6,9,987.3,9,985.,9,"","","","","","","","","","","","","","","","","","","","","","","","","","","","","","","","","","","","","","","","","","","","","","","","","","","","","","","","","","","","","","","","","","","","","","","","","","","","","","","","","","","","","","","","","","","","","","","","","","","","","","","","","","","","","","","",""
"59183001","DUNKERQUE",51.055833,2.3395,11,1892102807,"","","","","","","","","","","","","","","","","","","","","","","","","","","","","","","","","","","","",12.4,9,3.4,9,"","","","","","","","","","","","","","","","","","","","","","","","","","",54,9,"","","","","","","","","","","","",7.8,9,983.3,9,981.1,9,"","","","","","","","","","","","","","","","","","","","","","","","","","","","","","","","","","","","","","","","","","","","","","","","","","","","","","","","","","","","","","","","","","","","","","","","","","","","","","","","","","","","","","","","","","","","","","","","","","","","","","","","","","","","","","","",""
"59183001","DUNKERQUE",51.055833,2.3395,11,1892102812,"","","","","","","","","","","","","","","","","","","","","","","","","","","","","","","","","","","","",15.,9,3.8,9,"","","","","","","","","","","","","","","","","","","","","","","","","","",47,9,"","","","","","","","","","","","",8.,9,982.8,9,980.6,9,"","","","","","","","","","","","","","","","","","","","","","","","","","","","","","","","","","","","","","","","","","","","","","","","","","","","","","","","","","","","","","","","","","","","","","","","","","","","","","","","","","","","","","","","","","","","","","","","","","","","","","","","","","","","","","","",""
"59183001","DUNKERQUE",51.055833,2.3395,11,1892102820,"","","","","","","","","","","","","","","","","","","","","","","","","","","","","","","","","","","","",13.6,9,4.5,9,"","","","","","","","","","","","","","","","","","","","","","","","","","",54,9,"","","","","","","","","","","","",8.4,9,981.3,9,979.1,9,"","","","","","","","","","","","","","","","","","","","","","","","","","","","","","","","","","","","","","","","","","","","","","","","","","","","","","","","","","","","","","","","","","","","","","","","","","","","","","","","","","","","","","","","","","","","","","","","","","","","","","","","","","","","","","","",""
"59183001","DUNKERQUE",51.055833,2.3395,11,1892102907,"","","","","","","","","","","","","","","","","","","","","","","","","","","","","","","","","","","","",12.6,9,4.8,9,"","","","","","","","","","","","","","","","","","","","","","","","","","",59,9,"","","","","","","","","","","","",8.6,9,982.6,9,980.4,9,"","","","","","","","","","","","","","","","","","","","","","","","","","","","","","","","","","","","","","","","","","","","","","","","","","","","","","","","","","","","","","","","","","","","","","","","","","","","","","","","","","","","","","","","","","","","","","","","","","","","","","","","","","","","","","","",""
"59183001","DUNKERQUE",51.055833,2.3395,11,1892102912,"","","","","","","","","","","","","","","","","","","","","","","","","","","","","","","","","","","","",17.8,9,3.2,9,"","","","","","","","","","","","","","","","","","","","","","","","","","",38,9,"","","","","","","","","","","","",7.7,9,983.2,9,981.,9,"","","","","","","","","","","","","","","","","","","","","","","","","","","","","","","","","","","","","","","","","","","","","","","","","","","","","","","","","","","","","","","","","","","","","","","","","","","","","","","","","","","","","","","","","","","","","","","","","","","","","","","","","","","","","","","",""
"59183001","DUNKERQUE",51.055833,2.3395,11,1892102920,"","","","","","","","","","","","","","","","","","","","","","","","","","","","","","","","","","","","",14.,9,5.6,9,"","","","","","","","","","","","","","","","","","","","","","","","","","",57,9,"","","","","","","","","","","","",9.1,9,984.9,9,982.7,9,"","","","","","","","","","","","","","","","","","","","","","","","","","","","","","","","","","","","","","","","","","","","","","","","","","","","","","","","","","","","","","","","","","","","","","","","","","","","","","","","","","","","","","","","","","","","","","","","","","","","","","","","","","","","","","","",""
"59183001","DUNKERQUE",51.055833,2.3395,11,1892103007,"","","","","","","","","","","","","","","","","","","","","","","","","","","","","","","","","","","","",12.,9,5.6,9,"","","","","","","","","","","","","","","","","","","","","","","","","","",65,9,"","","","","","","","","","","","",9.1,9,986.6,9,984.4,9,"","","","","","","","","","","","","","","","","","","","","","","","","","","","","","","","","","","","","","","","","","","","","","","","","","","","","","","","","","","","","","","","","","","","","","","","","","","","","","","","","","","","","","","","","","","","","","","","","","","","","","","","","","","","","","","",""
"59183001","DUNKERQUE",51.055833,2.3395,11,1892103012,"","","","","","","","","","","","","","","","","","","","","","","","","","","","","","","","","","","","",12.2,9,5.3,9,"","","","","","","","","","","","","","","","","","","","","","","","","","",63,9,"","","","","","","","","","","","",8.9,9,987.6,9,985.4,9,"","","","","","","","","","","","","","","","","","","","","","","","","","","","","","","","","","","","","","","","","","","","","","","","","","","","","","","","","","","","","","","","","","","","","","","","","","","","","","","","","","","","","","","","","","","","","","","","","","","","","","","","","","","","","","","",""
"59183001","DUNKERQUE",51.055833,2.3395,11,1892103020,"","","","","","","","","","","","","","","","","","","","","","","","","","","","","","","","","","","","",11.2,9,6.5,9,"","","","","","","","","","","","","","","","","","","","","","","","","","",73,9,"","","","","","","","","","","","",9.7,9,987.7,9,985.5,9,"","","","","","","","","","","","","","","","","","","","","","","","","","","","","","","","","","","","","","","","","","","","","","","","","","","","","","","","","","","","","","","","","","","","","","","","","","","","","","","","","","","","","","","","","","","","","","","","","","","","","","","","","","","","","","","",""
"59183001","DUNKERQUE",51.055833,2.3395,11,1892103107,"","","","","","","","","","","","","","","","","","","","","","","","","","","","","","","","","","","","",12.8,9,4.5,9,"","","","","","","","","","","","","","","","","","","","","","","","","","",57,9,"","","","","","","","","","","","",8.4,9,984.,9,981.8,9,"","","","","","","","","","","","","","","","","","","","","","","","","","","","","","","","","","","","","","","","","","","","","","","","","","","","","","","","","","","","","","","","","","","","","","","","","","","","","","","","","","","","","","","","","","","","","","","","","","","","","","","","","","","","","","","",""
"59183001","DUNKERQUE",51.055833,2.3395,11,1892103112,"","","","","","","","","","","","","","","","","","","","","","","","","","","","","","","","","","","","",15.4,9,6.4,9,"","","","","","","","","","","","","","","","","","","","","","","","","","",55,9,"","","","","","","","","","","","",9.6,9,986.4,9,984.2,9,"","","","","","","","","","","","","","","","","","","","","","","","","","","","","","","","","","","","","","","","","","","","","","","","","","","","","","","","","","","","","","","","","","","","","","","","","","","","","","","","","","","","","","","","","","","","","","","","","","","","","","","","","","","","","","","",""
"59183001","DUNKERQUE",51.055833,2.3395,11,1892103120,"","","","","","","","","","","","","","","","","","","","","","","","","","","","","","","","","","","","",12.,9,6.1,9,"","","","","","","","","","","","","","","","","","","","","","","","","","",67,9,"","","","","","","","","","","","",9.4,9,987.6,9,985.4,9,"","","","","","","","","","","","","","","","","","","","","","","","","","","","","","","","","","","","","","","","","","","","","","","","","","","","","","","","","","","","","","","","","","","","","","","","","","","","","","","","","","","","","","","","","","","","","","","","","","","","","","","","","","","","","","","",""
"59183001","DUNKERQUE",51.055833,2.3395,11,1892110107,"","","","","","","","","","","","","","","","","","","","","","","","","","","","","","","","","","","","",11.2,9,5.8,9,"","","","","","","","","","","","","","","","","","","","","","","","","","",69,9,"","","","","","","","","","","","",9.2,9,988.3,9,986.1,9,"","","","","","","","","","","","","","","","","","","","","","","","","","","","","","","","","","","","","","","","","","","","","","","","","","","","","","","","","","","","","","","","","","","","","","","","","","","","","","","","","","","","","","","","","","","","","","","","","","","","","","","","","","","","","","","",""
"59183001","DUNKERQUE",51.055833,2.3395,11,1892110112,"","","","","","","","","","","","","","","","","","","","","","","","","","","","","","","","","","","","",10.8,9,4.6,9,"","","","","","","","","","","","","","","","","","","","","","","","","","",66,9,"","","","","","","","","","","","",8.5,9,989.2,9,987.,9,"","","","","","","","","","","","","","","","","","","","","","","","","","","","","","","","","","","","","","","","","","","","","","","","","","","","","","","","","","","","","","","","","","","","","","","","","","","","","","","","","","","","","","","","","","","","","","","","","","","","","","","","","","","","","","","",""
"59183001","DUNKERQUE",51.055833,2.3395,11,1892110120,"","","","","","","","","","","","","","","","","","","","","","","","","","","","","","","","","","","","",10.4,9,5.1,9,"","","","","","","","","","","","","","","","","","","","","","","","","","",70,9,"","","","","","","","","","","","",8.8,9,990.6,9,988.3,9,"","","","","","","","","","","","","","","","","","","","","","","","","","","","","","","","","","","","","","","","","","","","","","","","","","","","","","","","","","","","","","","","","","","","","","","","","","","","","","","","","","","","","","","","","","","","","","","","","","","","","","","","","","","","","","","",""
"59183001","DUNKERQUE",51.055833,2.3395,11,1892110207,"","","","","","","","","","","","","","","","","","","","","","","","","","","","","","","","","","","","",9.4,9,3.8,9,"","","","","","","","","","","","","","","","","","","","","","","","","","",68,9,"","","","","","","","","","","","",8.,9,992.,9,989.7,9,"","","","","","","","","","","","","","","","","","","","","","","","","","","","","","","","","","","","","","","","","","","","","","","","","","","","","","","","","","","","","","","","","","","","","","","","","","","","","","","","","","","","","","","","","","","","","","","","","","","","","","","","","","","","","","","",""
"59183001","DUNKERQUE",51.055833,2.3395,11,1892110212,"","","","","","","","","","","","","","","","","","","","","","","","","","","","","","","","","","","","",11.4,9,0.2,9,"","","","","","","","","","","","","","","","","","","","","","","","","","",46,9,"","","","","","","","","","","","",6.2,9,993.9,9,991.6,9,"","","","","","","","","","","","","","","","","","","","","","","","","","","","","","","","","","","","","","","","","","","","","","","","","","","","","","","","","","","","","","","","","","","","","","","","","","","","","","","","","","","","","","","","","","","","","","","","","","","","","","","","","","","","","","","",""
"59183001","DUNKERQUE",51.055833,2.3395,11,1892110220,"","","","","","","","","","","","","","","","","","","","","","","","","","","","","","","","","","","","",9.,9,1.9,9,"","","","","","","","","","","","","","","","","","","","","","","","","","",61,9,"","","","","","","","","","","","",7.,9,993.2,9,990.9,9,"","","","","","","","","","","","","","","","","","","","","","","","","","","","","","","","","","","","","","","","","","","","","","","","","","","","","","","","","","","","","","","","","","","","","","","","","","","","","","","","","","","","","","","","","","","","","","","","","","","","","","","","","","","","","","","",""
"59183001","DUNKERQUE",51.055833,2.3395,11,1892110307,"","","","","","","","","","","","","","","","","","","","","","","","","","","","","","","","","","","","",10.,9,4.1,9,"","","","","","","","","","","","","","","","","","","","","","","","","","",67,9,"","","","","","","","","","","","",8.2,9,989.9,9,987.6,9,"","","","","","","","","","","","","","","","","","","","","","","","","","","","","","","","","","","","","","","","","","","","","","","","","","","","","","","","","","","","","","","","","","","","","","","","","","","","","","","","","","","","","","","","","","","","","","","","","","","","","","","","","","","","","","","",""
"59183001","DUNKERQUE",51.055833,2.3395,11,1892110312,"","","","","","","","","","","","","","","","","","","","","","","","","","","","","","","","","","","","",12.6,9,4.8,9,"","","","","","","","","","","","","","","","","","","","","","","","","","",59,9,"","","","","","","","","","","","",8.6,9,989.7,9,987.5,9,"","","","","","","","","","","","","","","","","","","","","","","","","","","","","","","","","","","","","","","","","","","","","","","","","","","","","","","","","","","","","","","","","","","","","","","","","","","","","","","","","","","","","","","","","","","","","","","","","","","","","","","","","","","","","","","",""
"59183001","DUNKERQUE",51.055833,2.3395,11,1892110320,"","","","","","","","","","","","","","","","","","","","","","","","","","","","","","","","","","","","",8.4,9,2.9,9,"","","","","","","","","","","","","","","","","","","","","","","","","","",68,9,"","","","","","","","","","","","",7.5,9,994.6,9,992.3,9,"","","","","","","","","","","","","","","","","","","","","","","","","","","","","","","","","","","","","","","","","","","","","","","","","","","","","","","","","","","","","","","","","","","","","","","","","","","","","","","","","","","","","","","","","","","","","","","","","","","","","","","","","","","","","","","",""
"59183001","DUNKERQUE",51.055833,2.3395,11,1892110407,"","","","","","","","","","","","","","","","","","","","","","","","","","","","","","","","","","","","",6.6,9,1.5,9,"","","","","","","","","","","","","","","","","","","","","","","","","","",70,9,"","","","","","","","","","","","",6.8,9,998.6,9,996.3,9,"","","","","","","","","","","","","","","","","","","","","","","","","","","","","","","","","","","","","","","","","","","","","","","","","","","","","","","","","","","","","","","","","","","","","","","","","","","","","","","","","","","","","","","","","","","","","","","","","","","","","","","","","","","","","","","",""
"59183001","DUNKERQUE",51.055833,2.3395,11,1892110412,"","","","","","","","","","","","","","","","","","","","","","","","","","","","","","","","","","","","",12.4,9,2.3,9,"","","","","","","","","","","","","","","","","","","","","","","","","","",50,9,"","","","","","","","","","","","",7.2,9,998.8,9,996.5,9,"","","","","","","","","","","","","","","","","","","","","","","","","","","","","","","","","","","","","","","","","","","","","","","","","","","","","","","","","","","","","","","","","","","","","","","","","","","","","","","","","","","","","","","","","","","","","","","","","","","","","","","","","","","","","","","",""
"59183001","DUNKERQUE",51.055833,2.3395,11,1892110420,"","","","","","","","","","","","","","","","","","","","","","","","","","","","","","","","","","","","",10.4,9,4.1,9,"","","","","","","","","","","","","","","","","","","","","","","","","","",65,9,"","","","","","","","","","","","",8.2,9,998.7,9,996.4,9,"","","","","","","","","","","","","","","","","","","","","","","","","","","","","","","","","","","","","","","","","","","","","","","","","","","","","","","","","","","","","","","","","","","","","","","","","","","","","","","","","","","","","","","","","","","","","","","","","","","","","","","","","","","","","","","",""
"59183001","DUNKERQUE",51.055833,2.3395,11,1892110507,"","","","","","","","","","","","","","","","","","","","","","","","","","","","","","","","","","","","",11.4,9,5.9,9,"","","","","","","","","","","","","","","","","","","","","","","","","","",69,9,"","","","","","","","","","","","",9.3,9,997.7,9,995.4,9,"","","","","","","","","","","","","","","","","","","","","","","","","","","","","","","","","","","","","","","","","","","","","","","","","","","","","","","","","","","","","","","","","","","","","","","","","","","","","","","","","","","","","","","","","","","","","","","","","","","","","","","","","","","","","","","",""
"59183001","DUNKERQUE",51.055833,2.3395,11,1892110512,"","","","","","","","","","","","","","","","","","","","","","","","","","","","","","","","","","","","",13.,9,6.4,9,"","","","","","","","","","","","","","","","","","","","","","","","","","",64,9,"","","","","","","","","","","","",9.6,9,997.9,9,995.6,9,"","","","","","","","","","","","","","","","","","","","","","","","","","","","","","","","","","","","","","","","","","","","","","","","","","","","","","","","","","","","","","","","","","","","","","","","","","","","","","","","","","","","","","","","","","","","","","","","","","","","","","","","","","","","","","","",""
"59183001","DUNKERQUE",51.055833,2.3395,11,1892110520,"","","","","","","","","","","","","","","","","","","","","","","","","","","","","","","","","","","","",11.8,9,5.9,9,"","","","","","","","","","","","","","","","","","","","","","","","","","",67,9,"","","","","","","","","","","","",9.3,9,996.5,9,994.2,9,"","","","","","","","","","","","","","","","","","","","","","","","","","","","","","","","","","","","","","","","","","","","","","","","","","","","","","","","","","","","","","","","","","","","","","","","","","","","","","","","","","","","","","","","","","","","","","","","","","","","","","","","","","","","","","","",""
"59183001","DUNKERQUE",51.055833,2.3395,11,1892110607,"","","","","","","","","","","","","","","","","","","","","","","","","","","","","","","","","","","","",9.2,9,4.3,9,"","","","","","","","","","","","","","","","","","","","","","","","","","",71,9,"","","","","","","","","","","","",8.3,9,996.,9,993.7,9,"","","","","","","","","","","","","","","","","","","","","","","","","","","","","","","","","","","","","","","","","","","","","","","","","","","","","","","","","","","","","","","","","","","","","","","","","","","","","","","","","","","","","","","","","","","","","","","","","","","","","","","","","","","","","","","",""
"59183001","DUNKERQUE",51.055833,2.3395,11,1892110612,"","","","","","","","","","","","","","","","","","","","","","","","","","","","","","","","","","","","",12.2,9,4.6,9,"","","","","","","","","","","","","","","","","","","","","","","","","","",60,9,"","","","","","","","","","","","",8.5,9,996.,9,993.7,9,"","","","","","","","","","","","","","","","","","","","","","","","","","","","","","","","","","","","","","","","","","","","","","","","","","","","","","","","","","","","","","","","","","","","","","","","","","","","","","","","","","","","","","","","","","","","","","","","","","","","","","","","","","","","","","","",""
"59183001","DUNKERQUE",51.055833,2.3395,11,1892110620,"","","","","","","","","","","","","","","","","","","","","","","","","","","","","","","","","","","","",8.,9,2.7,9,"","","","","","","","","","","","","","","","","","","","","","","","","","",69,9,"","","","","","","","","","","","",7.4,9,996.8,9,994.5,9,"","","","","","","","","","","","","","","","","","","","","","","","","","","","","","","","","","","","","","","","","","","","","","","","","","","","","","","","","","","","","","","","","","","","","","","","","","","","","","","","","","","","","","","","","","","","","","","","","","","","","","","","","","","","","","","",""
"59183001","DUNKERQUE",51.055833,2.3395,11,1892110707,"","","","","","","","","","","","","","","","","","","","","","","","","","","","","","","","","","","","",8.4,9,2.9,9,"","","","","","","","","","","","","","","","","","","","","","","","","","",68,9,"","","","","","","","","","","","",7.5,9,999.,9,996.7,9,"","","","","","","","","","","","","","","","","","","","","","","","","","","","","","","","","","","","","","","","","","","","","","","","","","","","","","","","","","","","","","","","","","","","","","","","","","","","","","","","","","","","","","","","","","","","","","","","","","","","","","","","","","","","","","","",""
"59183001","DUNKERQUE",51.055833,2.3395,11,1892110712,"","","","","","","","","","","","","","","","","","","","","","","","","","","","","","","","","","","","",10.8,9,1.9,9,"","","","","","","","","","","","","","","","","","","","","","","","","","",54,9,"","","","","","","","","","","","",7.,9,1001.2,9,998.9,9,"","","","","","","","","","","","","","","","","","","","","","","","","","","","","","","","","","","","","","","","","","","","","","","","","","","","","","","","","","","","","","","","","","","","","","","","","","","","","","","","","","","","","","","","","","","","","","","","","","","","","","","","","","","","","","","",""
"59183001","DUNKERQUE",51.055833,2.3395,11,1892110720,"","","","","","","","","","","","","","","","","","","","","","","","","","","","","","","","","","","","",9.,9,5.,9,"","","","","","","","","","","","","","","","","","","","","","","","","","",76,9,"","","","","","","","","","","","",8.7,9,1004.,9,1001.7,9,"","","","","","","","","","","","","","","","","","","","","","","","","","","","","","","","","","","","","","","","","","","","","","","","","","","","","","","","","","","","","","","","","","","","","","","","","","","","","","","","","","","","","","","","","","","","","","","","","","","","","","","","","","","","","","","",""
"59183001","DUNKERQUE",51.055833,2.3395,11,1892110807,"","","","","","","","","","","","","","","","","","","","","","","","","","","","","","","","","","","","",5.4,9,1.9,9,"","","","","","","","","","","","","","","","","","","","","","","","","","",78,9,"","","","","","","","","","","","",7.,9,1007.7,9,1005.4,9,"","","","","","","","","","","","","","","","","","","","","","","","","","","","","","","","","","","","","","","","","","","","","","","","","","","","","","","","","","","","","","","","","","","","","","","","","","","","","","","","","","","","","","","","","","","","","","","","","","","","","","","","","","","","","","","",""
"59183001","DUNKERQUE",51.055833,2.3395,11,1892110812,"","","","","","","","","","","","","","","","","","","","","","","","","","","","","","","","","","","","",7.2,9,1.9,9,"","","","","","","","","","","","","","","","","","","","","","","","","","",69,9,"","","","","","","","","","","","",7.,9,1008.3,9,1006.,9,"","","","","","","","","","","","","","","","","","","","","","","","","","","","","","","","","","","","","","","","","","","","","","","","","","","","","","","","","","","","","","","","","","","","","","","","","","","","","","","","","","","","","","","","","","","","","","","","","","","","","","","","","","","","","","","",""
"59183001","DUNKERQUE",51.055833,2.3395,11,1892110820,"","","","","","","","","","","","","","","","","","","","","","","","","","","","","","","","","","","","",6.,9,0.9,9,"","","","","","","","","","","","","","","","","","","","","","","","","","",70,9,"","","","","","","","","","","","",6.5,9,1008.3,9,1006.,9,"","","","","","","","","","","","","","","","","","","","","","","","","","","","","","","","","","","","","","","","","","","","","","","","","","","","","","","","","","","","","","","","","","","","","","","","","","","","","","","","","","","","","","","","","","","","","","","","","","","","","","","","","","","","","","","",""
"59183001","DUNKERQUE",51.055833,2.3395,11,1892110907,"","","","","","","","","","","","","","","","","","","","","","","","","","","","","","","","","","","","",5.2,9,2.3,9,"","","","","","","","","","","","","","","","","","","","","","","","","","",81,9,"","","","","","","","","","","","",7.2,9,1009.4,9,1007.1,9,"","","","","","","","","","","","","","","","","","","","","","","","","","","","","","","","","","","","","","","","","","","","","","","","","","","","","","","","","","","","","","","","","","","","","","","","","","","","","","","","","","","","","","","","","","","","","","","","","","","","","","","","","","","","","","","",""
"59183001","DUNKERQUE",51.055833,2.3395,11,1892110912,"","","","","","","","","","","","","","","","","","","","","","","","","","","","","","","","","","","","",7.4,9,2.5,9,"","","","","","","","","","","","","","","","","","","","","","","","","","",71,9,"","","","","","","","","","","","",7.3,9,1007.,9,1004.7,9,"","","","","","","","","","","","","","","","","","","","","","","","","","","","","","","","","","","","","","","","","","","","","","","","","","","","","","","","","","","","","","","","","","","","","","","","","","","","","","","","","","","","","","","","","","","","","","","","","","","","","","","","","","","","","","","",""
"59183001","DUNKERQUE",51.055833,2.3395,11,1892110920,"","","","","","","","","","","","","","","","","","","","","","","","","","","","","","","","","","","","",7.8,9,3.6,9,"","","","","","","","","","","","","","","","","","","","","","","","","","",75,9,"","","","","","","","","","","","",7.9,9,1005.6,9,1003.3,9,"","","","","","","","","","","","","","","","","","","","","","","","","","","","","","","","","","","","","","","","","","","","","","","","","","","","","","","","","","","","","","","","","","","","","","","","","","","","","","","","","","","","","","","","","","","","","","","","","","","","","","","","","","","","","","","",""
"59183001","DUNKERQUE",51.055833,2.3395,11,1892111007,"","","","","","","","","","","","","","","","","","","","","","","","","","","","","","","","","","","","",7.2,9,2.9,9,"","","","","","","","","","","","","","","","","","","","","","","","","","",74,9,"","","","","","","","","","","","",7.5,9,1004.4,9,1002.1,9,"","","","","","","","","","","","","","","","","","","","","","","","","","","","","","","","","","","","","","","","","","","","","","","","","","","","","","","","","","","","","","","","","","","","","","","","","","","","","","","","","","","","","","","","","","","","","","","","","","","","","","","","","","","","","","","",""
"59183001","DUNKERQUE",51.055833,2.3395,11,1892111012,"","","","","","","","","","","","","","","","","","","","","","","","","","","","","","","","","","","","",10.,9,3.4,9,"","","","","","","","","","","","","","","","","","","","","","","","","","",64,9,"","","","","","","","","","","","",7.8,9,1004.3,9,1002.,9,"","","","","","","","","","","","","","","","","","","","","","","","","","","","","","","","","","","","","","","","","","","","","","","","","","","","","","","","","","","","","","","","","","","","","","","","","","","","","","","","","","","","","","","","","","","","","","","","","","","","","","","","","","","","","","","",""
"59183001","DUNKERQUE",51.055833,2.3395,11,1892111020,"","","","","","","","","","","","","","","","","","","","","","","","","","","","","","","","","","","","",9.6,9,3.8,9,"","","","","","","","","","","","","","","","","","","","","","","","","","",67,9,"","","","","","","","","","","","",8.,9,1003.9,9,1001.6,9,"","","","","","","","","","","","","","","","","","","","","","","","","","","","","","","","","","","","","","","","","","","","","","","","","","","","","","","","","","","","","","","","","","","","","","","","","","","","","","","","","","","","","","","","","","","","","","","","","","","","","","","","","","","","","","","",""
"59183001","DUNKERQUE",51.055833,2.3395,11,1892111107,"","","","","","","","","","","","","","","","","","","","","","","","","","","","","","","","","","","","",8.4,9,3.2,9,"","","","","","","","","","","","","","","","","","","","","","","","","","",70,9,"","","","","","","","","","","","",7.7,9,1003.7,9,1001.4,9,"","","","","","","","","","","","","","","","","","","","","","","","","","","","","","","","","","","","","","","","","","","","","","","","","","","","","","","","","","","","","","","","","","","","","","","","","","","","","","","","","","","","","","","","","","","","","","","","","","","","","","","","","","","","","","","",""
"59183001","DUNKERQUE",51.055833,2.3395,11,1892111112,"","","","","","","","","","","","","","","","","","","","","","","","","","","","","","","","","","","","",9.4,9,3.9,9,"","","","","","","","","","","","","","","","","","","","","","","","","","",69,9,"","","","","","","","","","","","",8.1,9,1004.1,9,1001.8,9,"","","","","","","","","","","","","","","","","","","","","","","","","","","","","","","","","","","","","","","","","","","","","","","","","","","","","","","","","","","","","","","","","","","","","","","","","","","","","","","","","","","","","","","","","","","","","","","","","","","","","","","","","","","","","","","",""
"59183001","DUNKERQUE",51.055833,2.3395,11,1892111120,"","","","","","","","","","","","","","","","","","","","","","","","","","","","","","","","","","","","",9.2,9,4.6,9,"","","","","","","","","","","","","","","","","","","","","","","","","","",73,9,"","","","","","","","","","","","",8.5,9,1002.6,9,1000.3,9,"","","","","","","","","","","","","","","","","","","","","","","","","","","","","","","","","","","","","","","","","","","","","","","","","","","","","","","","","","","","","","","","","","","","","","","","","","","","","","","","","","","","","","","","","","","","","","","","","","","","","","","","","","","","","","","",""
"59183001","DUNKERQUE",51.055833,2.3395,11,1892111207,"","","","","","","","","","","","","","","","","","","","","","","","","","","","","","","","","","","","",9.2,9,4.3,9,"","","","","","","","","","","","","","","","","","","","","","","","","","",71,9,"","","","","","","","","","","","",8.3,9,999.9,9,997.6,9,"","","","","","","","","","","","","","","","","","","","","","","","","","","","","","","","","","","","","","","","","","","","","","","","","","","","","","","","","","","","","","","","","","","","","","","","","","","","","","","","","","","","","","","","","","","","","","","","","","","","","","","","","","","","","","","",""
"59183001","DUNKERQUE",51.055833,2.3395,11,1892111212,"","","","","","","","","","","","","","","","","","","","","","","","","","","","","","","","","","","","",10.4,9,4.5,9,"","","","","","","","","","","","","","","","","","","","","","","","","","",67,9,"","","","","","","","","","","","",8.4,9,999.8,9,997.5,9,"","","","","","","","","","","","","","","","","","","","","","","","","","","","","","","","","","","","","","","","","","","","","","","","","","","","","","","","","","","","","","","","","","","","","","","","","","","","","","","","","","","","","","","","","","","","","","","","","","","","","","","","","","","","","","","",""
"59183001","DUNKERQUE",51.055833,2.3395,11,1892111220,"","","","","","","","","","","","","","","","","","","","","","","","","","","","","","","","","","","","",10.,9,3.,9,"","","","","","","","","","","","","","","","","","","","","","","","","","",62,9,"","","","","","","","","","","","",7.6,9,997.5,9,995.2,9,"","","","","","","","","","","","","","","","","","","","","","","","","","","","","","","","","","","","","","","","","","","","","","","","","","","","","","","","","","","","","","","","","","","","","","","","","","","","","","","","","","","","","","","","","","","","","","","","","","","","","","","","","","","","","","","",""
"59183001","DUNKERQUE",51.055833,2.3395,11,1892111307,"","","","","","","","","","","","","","","","","","","","","","","","","","","","","","","","","","","","",7.,9,2.7,9,"","","","","","","","","","","","","","","","","","","","","","","","","","",74,9,"","","","","","","","","","","","",7.4,9,997.7,9,995.4,9,"","","","","","","","","","","","","","","","","","","","","","","","","","","","","","","","","","","","","","","","","","","","","","","","","","","","","","","","","","","","","","","","","","","","","","","","","","","","","","","","","","","","","","","","","","","","","","","","","","","","","","","","","","","","","","","",""
"59183001","DUNKERQUE",51.055833,2.3395,11,1892111312,"","","","","","","","","","","","","","","","","","","","","","","","","","","","","","","","","","","","",9.6,9,4.1,9,"","","","","","","","","","","","","","","","","","","","","","","","","","",69,9,"","","","","","","","","","","","",8.2,9,997.5,9,995.2,9,"","","","","","","","","","","","","","","","","","","","","","","","","","","","","","","","","","","","","","","","","","","","","","","","","","","","","","","","","","","","","","","","","","","","","","","","","","","","","","","","","","","","","","","","","","","","","","","","","","","","","","","","","","","","","","","",""
"59183001","DUNKERQUE",51.055833,2.3395,11,1892111320,"","","","","","","","","","","","","","","","","","","","","","","","","","","","","","","","","","","","",9.2,9,4.3,9,"","","","","","","","","","","","","","","","","","","","","","","","","","",71,9,"","","","","","","","","","","","",8.3,9,996.,9,993.7,9,"","","","","","","","","","","","","","","","","","","","","","","","","","","","","","","","","","","","","","","","","","","","","","","","","","","","","","","","","","","","","","","","","","","","","","","","","","","","","","","","","","","","","","","","","","","","","","","","","","","","","","","","","","","","","","","",""
"59183001","DUNKERQUE",51.055833,2.3395,11,1892111407,"","","","","","","","","","","","","","","","","","","","","","","","","","","","","","","","","","","","",10.,9,4.1,9,"","","","","","","","","","","","","","","","","","","","","","","","","","",67,9,"","","","","","","","","","","","",8.2,9,995.7,9,993.4,9,"","","","","","","","","","","","","","","","","","","","","","","","","","","","","","","","","","","","","","","","","","","","","","","","","","","","","","","","","","","","","","","","","","","","","","","","","","","","","","","","","","","","","","","","","","","","","","","","","","","","","","","","","","","","","","","",""
"59183001","DUNKERQUE",51.055833,2.3395,11,1892111412,"","","","","","","","","","","","","","","","","","","","","","","","","","","","","","","","","","","","",11.4,9,3.9,9,"","","","","","","","","","","","","","","","","","","","","","","","","","",60,9,"","","","","","","","","","","","",8.1,9,996.1,9,993.8,9,"","","","","","","","","","","","","","","","","","","","","","","","","","","","","","","","","","","","","","","","","","","","","","","","","","","","","","","","","","","","","","","","","","","","","","","","","","","","","","","","","","","","","","","","","","","","","","","","","","","","","","","","","","","","","","","",""
"59183001","DUNKERQUE",51.055833,2.3395,11,1892111420,"","","","","","","","","","","","","","","","","","","","","","","","","","","","","","","","","","","","",10.4,9,5.1,9,"","","","","","","","","","","","","","","","","","","","","","","","","","",70,9,"","","","","","","","","","","","",8.8,9,995.3,9,993.,9,"","","","","","","","","","","","","","","","","","","","","","","","","","","","","","","","","","","","","","","","","","","","","","","","","","","","","","","","","","","","","","","","","","","","","","","","","","","","","","","","","","","","","","","","","","","","","","","","","","","","","","","","","","","","","","","",""
"59183001","DUNKERQUE",51.055833,2.3395,11,1892111507,"","","","","","","","","","","","","","","","","","","","","","","","","","","","","","","","","","","","",11.6,9,5.6,9,"","","","","","","","","","","","","","","","","","","","","","","","","","",67,9,"","","","","","","","","","","","",9.1,9,994.8,9,992.5,9,"","","","","","","","","","","","","","","","","","","","","","","","","","","","","","","","","","","","","","","","","","","","","","","","","","","","","","","","","","","","","","","","","","","","","","","","","","","","","","","","","","","","","","","","","","","","","","","","","","","","","","","","","","","","","","","",""
"59183001","DUNKERQUE",51.055833,2.3395,11,1892111512,"","","","","","","","","","","","","","","","","","","","","","","","","","","","","","","","","","","","",13.4,9,4.5,9,"","","","","","","","","","","","","","","","","","","","","","","","","","",55,9,"","","","","","","","","","","","",8.4,9,994.6,9,992.4,9,"","","","","","","","","","","","","","","","","","","","","","","","","","","","","","","","","","","","","","","","","","","","","","","","","","","","","","","","","","","","","","","","","","","","","","","","","","","","","","","","","","","","","","","","","","","","","","","","","","","","","","","","","","","","","","","",""
"59183001","DUNKERQUE",51.055833,2.3395,11,1892111520,"","","","","","","","","","","","","","","","","","","","","","","","","","","","","","","","","","","","",13.2,9,5.8,9,"","","","","","","","","","","","","","","","","","","","","","","","","","",61,9,"","","","","","","","","","","","",9.2,9,994.5,9,992.3,9,"","","","","","","","","","","","","","","","","","","","","","","","","","","","","","","","","","","","","","","","","","","","","","","","","","","","","","","","","","","","","","","","","","","","","","","","","","","","","","","","","","","","","","","","","","","","","","","","","","","","","","","","","","","","","","","",""
"59183001","DUNKERQUE",51.055833,2.3395,11,1892111607,"","","","","","","","","","","","","","","","","","","","","","","","","","","","","","","","","","","","",11.2,9,4.6,9,"","","","","","","","","","","","","","","","","","","","","","","","","","",64,9,"","","","","","","","","","","","",8.5,9,993.3,9,991.,9,"","","","","","","","","","","","","","","","","","","","","","","","","","","","","","","","","","","","","","","","","","","","","","","","","","","","","","","","","","","","","","","","","","","","","","","","","","","","","","","","","","","","","","","","","","","","","","","","","","","","","","","","","","","","","","","",""
"59183001","DUNKERQUE",51.055833,2.3395,11,1892111612,"","","","","","","","","","","","","","","","","","","","","","","","","","","","","","","","","","","","",12.4,9,5.1,9,"","","","","","","","","","","","","","","","","","","","","","","","","","",61,9,"","","","","","","","","","","","",8.8,9,993.2,9,991.,9,"","","","","","","","","","","","","","","","","","","","","","","","","","","","","","","","","","","","","","","","","","","","","","","","","","","","","","","","","","","","","","","","","","","","","","","","","","","","","","","","","","","","","","","","","","","","","","","","","","","","","","","","","","","","","","","",""
"59183001","DUNKERQUE",51.055833,2.3395,11,1892111620,"","","","","","","","","","","","","","","","","","","","","","","","","","","","","","","","","","","","",11.6,9,5.6,9,"","","","","","","","","","","","","","","","","","","","","","","","","","",67,9,"","","","","","","","","","","","",9.1,9,993.2,9,990.9,9,"","","","","","","","","","","","","","","","","","","","","","","","","","","","","","","","","","","","","","","","","","","","","","","","","","","","","","","","","","","","","","","","","","","","","","","","","","","","","","","","","","","","","","","","","","","","","","","","","","","","","","","","","","","","","","","",""
"59183001","DUNKERQUE",51.055833,2.3395,11,1892111707,"","","","","","","","","","","","","","","","","","","","","","","","","","","","","","","","","","","","",10.4,9,4.8,9,"","","","","","","","","","","","","","","","","","","","","","","","","","",68,9,"","","","","","","","","","","","",8.6,9,993.3,9,991.,9,"","","","","","","","","","","","","","","","","","","","","","","","","","","","","","","","","","","","","","","","","","","","","","","","","","","","","","","","","","","","","","","","","","","","","","","","","","","","","","","","","","","","","","","","","","","","","","","","","","","","","","","","","","","","","","","",""
"59183001","DUNKERQUE",51.055833,2.3395,11,1892111712,"","","","","","","","","","","","","","","","","","","","","","","","","","","","","","","","","","","","",10.6,9,5.,9,"","","","","","","","","","","","","","","","","","","","","","","","","","",68,9,"","","","","","","","","","","","",8.7,9,994.5,9,992.2,9,"","","","","","","","","","","","","","","","","","","","","","","","","","","","","","","","","","","","","","","","","","","","","","","","","","","","","","","","","","","","","","","","","","","","","","","","","","","","","","","","","","","","","","","","","","","","","","","","","","","","","","","","","","","","","","","",""
"59183001","DUNKERQUE",51.055833,2.3395,11,1892111720,"","","","","","","","","","","","","","","","","","","","","","","","","","","","","","","","","","","","",10.,9,4.1,9,"","","","","","","","","","","","","","","","","","","","","","","","","","",67,9,"","","","","","","","","","","","",8.2,9,994.9,9,992.6,9,"","","","","","","","","","","","","","","","","","","","","","","","","","","","","","","","","","","","","","","","","","","","","","","","","","","","","","","","","","","","","","","","","","","","","","","","","","","","","","","","","","","","","","","","","","","","","","","","","","","","","","","","","","","","","","","",""
"59183001","DUNKERQUE",51.055833,2.3395,11,1892111807,"","","","","","","","","","","","","","","","","","","","","","","","","","","","","","","","","","","","",9.8,9,7.7,9,"","","","","","","","","","","","","","","","","","","","","","","","","","",87,9,"","","","","","","","","","","","",10.5,9,996.1,9,993.8,9,"","","","","","","","","","","","","","","","","","","","","","","","","","","","","","","","","","","","","","","","","","","","","","","","","","","","","","","","","","","","","","","","","","","","","","","","","","","","","","","","","","","","","","","","","","","","","","","","","","","","","","","","","","","","","","","",""
"59183001","DUNKERQUE",51.055833,2.3395,11,1892111812,"","","","","","","","","","","","","","","","","","","","","","","","","","","","","","","","","","","","",9.8,9,0.4,9,"","","","","","","","","","","","","","","","","","","","","","","","","","",52,9,"","","","","","","","","","","","",6.3,9,996.1,9,993.8,9,"","","","","","","","","","","","","","","","","","","","","","","","","","","","","","","","","","","","","","","","","","","","","","","","","","","","","","","","","","","","","","","","","","","","","","","","","","","","","","","","","","","","","","","","","","","","","","","","","","","","","","","","","","","","","","","",""
"59183001","DUNKERQUE",51.055833,2.3395,11,1892111820,"","","","","","","","","","","","","","","","","","","","","","","","","","","","","","","","","","","","",7.4,9,2.1,9,"","","","","","","","","","","","","","","","","","","","","","","","","","",69,9,"","","","","","","","","","","","",7.1,9,995.4,9,993.1,9,"","","","","","","","","","","","","","","","","","","","","","","","","","","","","","","","","","","","","","","","","","","","","","","","","","","","","","","","","","","","","","","","","","","","","","","","","","","","","","","","","","","","","","","","","","","","","","","","","","","","","","","","","","","","","","","",""
"59183001","DUNKERQUE",51.055833,2.3395,11,1892111907,"","","","","","","","","","","","","","","","","","","","","","","","","","","","","","","","","","","","",6.,9,1.5,9,"","","","","","","","","","","","","","","","","","","","","","","","","","",73,9,"","","","","","","","","","","","",6.8,9,993.5,9,991.2,9,"","","","","","","","","","","","","","","","","","","","","","","","","","","","","","","","","","","","","","","","","","","","","","","","","","","","","","","","","","","","","","","","","","","","","","","","","","","","","","","","","","","","","","","","","","","","","","","","","","","","","","","","","","","","","","","",""
"59183001","DUNKERQUE",51.055833,2.3395,11,1892111912,"","","","","","","","","","","","","","","","","","","","","","","","","","","","","","","","","","","","",6.8,9,2.5,9,"","","","","","","","","","","","","","","","","","","","","","","","","","",74,9,"","","","","","","","","","","","",7.3,9,993.3,9,991.,9,"","","","","","","","","","","","","","","","","","","","","","","","","","","","","","","","","","","","","","","","","","","","","","","","","","","","","","","","","","","","","","","","","","","","","","","","","","","","","","","","","","","","","","","","","","","","","","","","","","","","","","","","","","","","","","","",""
"59183001","DUNKERQUE",51.055833,2.3395,11,1892111920,"","","","","","","","","","","","","","","","","","","","","","","","","","","","","","","","","","","","",6.8,9,3.,9,"","","","","","","","","","","","","","","","","","","","","","","","","","",77,9,"","","","","","","","","","","","",7.6,9,992.3,9,990.,9,"","","","","","","","","","","","","","","","","","","","","","","","","","","","","","","","","","","","","","","","","","","","","","","","","","","","","","","","","","","","","","","","","","","","","","","","","","","","","","","","","","","","","","","","","","","","","","","","","","","","","","","","","","","","","","","",""
"59183001","DUNKERQUE",51.055833,2.3395,11,1892112007,"","","","","","","","","","","","","","","","","","","","","","","","","","","","","","","","","","","","",5.8,9,1.3,9,"","","","","","","","","","","","","","","","","","","","","","","","","","",73,9,"","","","","","","","","","","","",6.7,9,995.,9,992.7,9,"","","","","","","","","","","","","","","","","","","","","","","","","","","","","","","","","","","","","","","","","","","","","","","","","","","","","","","","","","","","","","","","","","","","","","","","","","","","","","","","","","","","","","","","","","","","","","","","","","","","","","","","","","","","","","","",""
"59183001","DUNKERQUE",51.055833,2.3395,11,1892112012,"","","","","","","","","","","","","","","","","","","","","","","","","","","","","","","","","","","","",9.2,9,2.1,9,"","","","","","","","","","","","","","","","","","","","","","","","","","",61,9,"","","","","","","","","","","","",7.1,9,999.,9,996.7,9,"","","","","","","","","","","","","","","","","","","","","","","","","","","","","","","","","","","","","","","","","","","","","","","","","","","","","","","","","","","","","","","","","","","","","","","","","","","","","","","","","","","","","","","","","","","","","","","","","","","","","","","","","","","","","","","",""
"59183001","DUNKERQUE",51.055833,2.3395,11,1892112020,"","","","","","","","","","","","","","","","","","","","","","","","","","","","","","","","","","","","",5.4,9,1.9,9,"","","","","","","","","","","","","","","","","","","","","","","","","","",78,9,"","","","","","","","","","","","",7.,9,1002.1,9,999.8,9,"","","","","","","","","","","","","","","","","","","","","","","","","","","","","","","","","","","","","","","","","","","","","","","","","","","","","","","","","","","","","","","","","","","","","","","","","","","","","","","","","","","","","","","","","","","","","","","","","","","","","","","","","","","","","","","",""
"59183001","DUNKERQUE",51.055833,2.3395,11,1892112107,"","","","","","","","","","","","","","","","","","","","","","","","","","","","","","","","","","","","",0.8,9,-0.3,9,"","","","","","","","","","","","","","","","","","","","","","","","","","",92,9,"","","","","","","","","","","","",6.,9,1006.2,9,1003.8,9,"","","","","","","","","","","","","","","","","","","","","","","","","","","","","","","","","","","","","","","","","","","","","","","","","","","","","","","","","","","","","","","","","","","","","","","","","","","","","","","","","","","","","","","","","","","","","","","","","","","","","","","","","","","","","","","",""
"59183001","DUNKERQUE",51.055833,2.3395,11,1892112112,"","","","","","","","","","","","","","","","","","","","","","","","","","","","","","","","","","","","",2.4,9,-0.3,9,"","","","","","","","","","","","","","","","","","","","","","","","","","",82,9,"","","","","","","","","","","","",6.,9,1008.2,9,1005.8,9,"","","","","","","","","","","","","","","","","","","","","","","","","","","","","","","","","","","","","","","","","","","","","","","","","","","","","","","","","","","","","","","","","","","","","","","","","","","","","","","","","","","","","","","","","","","","","","","","","","","","","","","","","","","","","","","",""
"59183001","DUNKERQUE",51.055833,2.3395,11,1892112120,"","","","","","","","","","","","","","","","","","","","","","","","","","","","","","","","","","","","",5.2,9,1.7,9,"","","","","","","","","","","","","","","","","","","","","","","","","","",78,9,"","","","","","","","","","","","",6.9,9,1008.3,9,1006.,9,"","","","","","","","","","","","","","","","","","","","","","","","","","","","","","","","","","","","","","","","","","","","","","","","","","","","","","","","","","","","","","","","","","","","","","","","","","","","","","","","","","","","","","","","","","","","","","","","","","","","","","","","","","","","","","","",""
"59183001","DUNKERQUE",51.055833,2.3395,11,1892112207,"","","","","","","","","","","","","","","","","","","","","","","","","","","","","","","","","","","","",3.6,9,0.2,9,"","","","","","","","","","","","","","","","","","","","","","","","","","",79,9,"","","","","","","","","","","","",6.2,9,1009.,9,1006.6,9,"","","","","","","","","","","","","","","","","","","","","","","","","","","","","","","","","","","","","","","","","","","","","","","","","","","","","","","","","","","","","","","","","","","","","","","","","","","","","","","","","","","","","","","","","","","","","","","","","","","","","","","","","","","","","","","",""
"59183001","DUNKERQUE",51.055833,2.3395,11,1892112212,"","","","","","","","","","","","","","","","","","","","","","","","","","","","","","","","","","","","",5.6,9,0.9,9,"","","","","","","","","","","","","","","","","","","","","","","","","","",72,9,"","","","","","","","","","","","",6.5,9,1010.1,9,1007.8,9,"","","","","","","","","","","","","","","","","","","","","","","","","","","","","","","","","","","","","","","","","","","","","","","","","","","","","","","","","","","","","","","","","","","","","","","","","","","","","","","","","","","","","","","","","","","","","","","","","","","","","","","","","","","","","","","",""
"59183001","DUNKERQUE",51.055833,2.3395,11,1892112220,"","","","","","","","","","","","","","","","","","","","","","","","","","","","","","","","","","","","",4.2,9,0.4,9,"","","","","","","","","","","","","","","","","","","","","","","","","","",77,9,"","","","","","","","","","","","",6.3,9,1008.7,9,1006.3,9,"","","","","","","","","","","","","","","","","","","","","","","","","","","","","","","","","","","","","","","","","","","","","","","","","","","","","","","","","","","","","","","","","","","","","","","","","","","","","","","","","","","","","","","","","","","","","","","","","","","","","","","","","","","","","","","",""
"59183001","DUNKERQUE",51.055833,2.3395,11,1892112307,"","","","","","","","","","","","","","","","","","","","","","","","","","","","","","","","","","","","",0.6,9,-0.5,9,"","","","","","","","","","","","","","","","","","","","","","","","","","",92,9,"","","","","","","","","","","","",5.9,9,1010.,9,1007.6,9,"","","","","","","","","","","","","","","","","","","","","","","","","","","","","","","","","","","","","","","","","","","","","","","","","","","","","","","","","","","","","","","","","","","","","","","","","","","","","","","","","","","","","","","","","","","","","","","","","","","","","","","","","","","","","","","",""
"59183001","DUNKERQUE",51.055833,2.3395,11,1892112312,"","","","","","","","","","","","","","","","","","","","","","","","","","","","","","","","","","","","",0.6,9,-0.5,9,"","","","","","","","","","","","","","","","","","","","","","","","","","",92,9,"","","","","","","","","","","","",5.9,9,1010.,9,1007.6,9,"","","","","","","","","","","","","","","","","","","","","","","","","","","","","","","","","","","","","","","","","","","","","","","","","","","","","","","","","","","","","","","","","","","","","","","","","","","","","","","","","","","","","","","","","","","","","","","","","","","","","","","","","","","","","","","",""
"59183001","DUNKERQUE",51.055833,2.3395,11,1892112320,"","","","","","","","","","","","","","","","","","","","","","","","","","","","","","","","","","","","",-0.4,9,-0.5,9,"","","","","","","","","","","","","","","","","","","","","","","","","","",100,9,"","","","","","","","","","","","",5.9,9,1010.1,9,1007.7,9,"","","","","","","","","","","","","","","","","","","","","","","","","","","","","","","","","","","","","","","","","","","","","","","","","","","","","","","","","","","","","","","","","","","","","","","","","","","","","","","","","","","","","","","","","","","","","","","","","","","","","","","","","","","","","","","",""
"59183001","DUNKERQUE",51.055833,2.3395,11,1892112407,"","","","","","","","","","","","","","","","","","","","","","","","","","","","","","","","","","","","",1.,9,-0.7,9,"","","","","","","","","","","","","","","","","","","","","","","","","","",88,9,"","","","","","","","","","","","",5.8,9,1006.8,9,1004.4,9,"","","","","","","","","","","","","","","","","","","","","","","","","","","","","","","","","","","","","","","","","","","","","","","","","","","","","","","","","","","","","","","","","","","","","","","","","","","","","","","","","","","","","","","","","","","","","","","","","","","","","","","","","","","","","","","",""
"59183001","DUNKERQUE",51.055833,2.3395,11,1892112412,"","","","","","","","","","","","","","","","","","","","","","","","","","","","","","","","","","","","",3.,9,0.4,9,"","","","","","","","","","","","","","","","","","","","","","","","","","",83,9,"","","","","","","","","","","","",6.3,9,1006.2,9,1003.8,9,"","","","","","","","","","","","","","","","","","","","","","","","","","","","","","","","","","","","","","","","","","","","","","","","","","","","","","","","","","","","","","","","","","","","","","","","","","","","","","","","","","","","","","","","","","","","","","","","","","","","","","","","","","","","","","","",""
"59183001","DUNKERQUE",51.055833,2.3395,11,1892112420,"","","","","","","","","","","","","","","","","","","","","","","","","","","","","","","","","","","","",7.,9,2.1,9,"","","","","","","","","","","","","","","","","","","","","","","","","","",71,9,"","","","","","","","","","","","",7.1,9,1003.9,9,1001.6,9,"","","","","","","","","","","","","","","","","","","","","","","","","","","","","","","","","","","","","","","","","","","","","","","","","","","","","","","","","","","","","","","","","","","","","","","","","","","","","","","","","","","","","","","","","","","","","","","","","","","","","","","","","","","","","","","",""
"59183001","DUNKERQUE",51.055833,2.3395,11,1892112507,"","","","","","","","","","","","","","","","","","","","","","","","","","","","","","","","","","","","",6.,9,0.4,9,"","","","","","","","","","","","","","","","","","","","","","","","","","",67,9,"","","","","","","","","","","","",6.3,9,1004.,9,1001.7,9,"","","","","","","","","","","","","","","","","","","","","","","","","","","","","","","","","","","","","","","","","","","","","","","","","","","","","","","","","","","","","","","","","","","","","","","","","","","","","","","","","","","","","","","","","","","","","","","","","","","","","","","","","","","","","","","",""
"59183001","DUNKERQUE",51.055833,2.3395,11,1892112512,"","","","","","","","","","","","","","","","","","","","","","","","","","","","","","","","","","","","",7.2,9,0.9,9,"","","","","","","","","","","","","","","","","","","","","","","","","","",64,9,"","","","","","","","","","","","",6.5,9,1004.2,9,1001.9,9,"","","","","","","","","","","","","","","","","","","","","","","","","","","","","","","","","","","","","","","","","","","","","","","","","","","","","","","","","","","","","","","","","","","","","","","","","","","","","","","","","","","","","","","","","","","","","","","","","","","","","","","","","","","","","","","",""
"59183001","DUNKERQUE",51.055833,2.3395,11,1892112520,"","","","","","","","","","","","","","","","","","","","","","","","","","","","","","","","","","","","",3.4,9,-0.5,9,"","","","","","","","","","","","","","","","","","","","","","","","","","",76,9,"","","","","","","","","","","","",5.9,9,1004.8,9,1002.5,9,"","","","","","","","","","","","","","","","","","","","","","","","","","","","","","","","","","","","","","","","","","","","","","","","","","","","","","","","","","","","","","","","","","","","","","","","","","","","","","","","","","","","","","","","","","","","","","","","","","","","","","","","","","","","","","","",""
"59183001","DUNKERQUE",51.055833,2.3395,11,1892112607,"","","","","","","","","","","","","","","","","","","","","","","","","","","","","","","","","","","","",1.,9,-4.8,9,"","","","","","","","","","","","","","","","","","","","","","","","","","",66,9,"","","","","","","","","","","","",4.3,9,1005.6,9,1003.2,9,"","","","","","","","","","","","","","","","","","","","","","","","","","","","","","","","","","","","","","","","","","","","","","","","","","","","","","","","","","","","","","","","","","","","","","","","","","","","","","","","","","","","","","","","","","","","","","","","","","","","","","","","","","","","","","","",""
"59183001","DUNKERQUE",51.055833,2.3395,11,1892112612,"","","","","","","","","","","","","","","","","","","","","","","","","","","","","","","","","","","","",5.,9,1.3,9,"","","","","","","","","","","","","","","","","","","","","","","","","","",77,9,"","","","","","","","","","","","",6.7,9,1005.6,9,1003.3,9,"","","","","","","","","","","","","","","","","","","","","","","","","","","","","","","","","","","","","","","","","","","","","","","","","","","","","","","","","","","","","","","","","","","","","","","","","","","","","","","","","","","","","","","","","","","","","","","","","","","","","","","","","","","","","","","",""
"59183001","DUNKERQUE",51.055833,2.3395,11,1892112620,"","","","","","","","","","","","","","","","","","","","","","","","","","","","","","","","","","","","",6.,9,2.1,9,"","","","","","","","","","","","","","","","","","","","","","","","","","",76,9,"","","","","","","","","","","","",7.1,9,1002.5,9,1000.2,9,"","","","","","","","","","","","","","","","","","","","","","","","","","","","","","","","","","","","","","","","","","","","","","","","","","","","","","","","","","","","","","","","","","","","","","","","","","","","","","","","","","","","","","","","","","","","","","","","","","","","","","","","","","","","","","","",""
"59183001","DUNKERQUE",51.055833,2.3395,11,1892112707,"","","","","","","","","","","","","","","","","","","","","","","","","","","","","","","","","","","","",8.6,9,0.6,9,"","","","","","","","","","","","","","","","","","","","","","","","","","",57,9,"","","","","","","","","","","","",6.4,9,1004.2,9,1001.9,9,"","","","","","","","","","","","","","","","","","","","","","","","","","","","","","","","","","","","","","","","","","","","","","","","","","","","","","","","","","","","","","","","","","","","","","","","","","","","","","","","","","","","","","","","","","","","","","","","","","","","","","","","","","","","","","","",""
"59183001","DUNKERQUE",51.055833,2.3395,11,1892112712,"","","","","","","","","","","","","","","","","","","","","","","","","","","","","","","","","","","","",10.2,9,2.3,9,"","","","","","","","","","","","","","","","","","","","","","","","","","",58,9,"","","","","","","","","","","","",7.2,9,1007.9,9,1005.6,9,"","","","","","","","","","","","","","","","","","","","","","","","","","","","","","","","","","","","","","","","","","","","","","","","","","","","","","","","","","","","","","","","","","","","","","","","","","","","","","","","","","","","","","","","","","","","","","","","","","","","","","","","","","","","","","","",""
"59183001","DUNKERQUE",51.055833,2.3395,11,1892112720,"","","","","","","","","","","","","","","","","","","","","","","","","","","","","","","","","","","","",7.,9,2.1,9,"","","","","","","","","","","","","","","","","","","","","","","","","","",71,9,"","","","","","","","","","","","",7.1,9,1011.2,9,1008.9,9,"","","","","","","","","","","","","","","","","","","","","","","","","","","","","","","","","","","","","","","","","","","","","","","","","","","","","","","","","","","","","","","","","","","","","","","","","","","","","","","","","","","","","","","","","","","","","","","","","","","","","","","","","","","","","","","",""
"59183001","DUNKERQUE",51.055833,2.3395,11,1892112807,"","","","","","","","","","","","","","","","","","","","","","","","","","","","","","","","","","","","",5.6,9,1.7,9,"","","","","","","","","","","","","","","","","","","","","","","","","","",76,9,"","","","","","","","","","","","",6.9,9,1012.5,9,1010.2,9,"","","","","","","","","","","","","","","","","","","","","","","","","","","","","","","","","","","","","","","","","","","","","","","","","","","","","","","","","","","","","","","","","","","","","","","","","","","","","","","","","","","","","","","","","","","","","","","","","","","","","","","","","","","","","","","",""
"59183001","DUNKERQUE",51.055833,2.3395,11,1892112812,"","","","","","","","","","","","","","","","","","","","","","","","","","","","","","","","","","","","",8.,9,3.2,9,"","","","","","","","","","","","","","","","","","","","","","","","","","",72,9,"","","","","","","","","","","","",7.7,9,1012.7,9,1010.4,9,"","","","","","","","","","","","","","","","","","","","","","","","","","","","","","","","","","","","","","","","","","","","","","","","","","","","","","","","","","","","","","","","","","","","","","","","","","","","","","","","","","","","","","","","","","","","","","","","","","","","","","","","","","","","","","","",""
"59183001","DUNKERQUE",51.055833,2.3395,11,1892112820,"","","","","","","","","","","","","","","","","","","","","","","","","","","","","","","","","","","","",8.2,9,3.,9,"","","","","","","","","","","","","","","","","","","","","","","","","","",70,9,"","","","","","","","","","","","",7.6,9,1009.9,9,1007.6,9,"","","","","","","","","","","","","","","","","","","","","","","","","","","","","","","","","","","","","","","","","","","","","","","","","","","","","","","","","","","","","","","","","","","","","","","","","","","","","","","","","","","","","","","","","","","","","","","","","","","","","","","","","","","","","","","",""
"59183001","DUNKERQUE",51.055833,2.3395,11,1892112907,"","","","","","","","","","","","","","","","","","","","","","","","","","","","","","","","","","","","",9.2,9,2.5,9,"","","","","","","","","","","","","","","","","","","","","","","","","","",63,9,"","","","","","","","","","","","",7.3,9,1005.9,9,1003.6,9,"","","","","","","","","","","","","","","","","","","","","","","","","","","","","","","","","","","","","","","","","","","","","","","","","","","","","","","","","","","","","","","","","","","","","","","","","","","","","","","","","","","","","","","","","","","","","","","","","","","","","","","","","","","","","","","",""
"59183001","DUNKERQUE",51.055833,2.3395,11,1892112912,"","","","","","","","","","","","","","","","","","","","","","","","","","","","","","","","","","","","",10.4,9,3.4,9,"","","","","","","","","","","","","","","","","","","","","","","","","","",62,9,"","","","","","","","","","","","",7.8,9,1004.6,9,1002.3,9,"","","","","","","","","","","","","","","","","","","","","","","","","","","","","","","","","","","","","","","","","","","","","","","","","","","","","","","","","","","","","","","","","","","","","","","","","","","","","","","","","","","","","","","","","","","","","","","","","","","","","","","","","","","","","","","",""
"59183001","DUNKERQUE",51.055833,2.3395,11,1892112920,"","","","","","","","","","","","","","","","","","","","","","","","","","","","","","","","","","","","",8.6,9,3.9,9,"","","","","","","","","","","","","","","","","","","","","","","","","","",73,9,"","","","","","","","","","","","",8.1,9,1000.3,9,998.,9,"","","","","","","","","","","","","","","","","","","","","","","","","","","","","","","","","","","","","","","","","","","","","","","","","","","","","","","","","","","","","","","","","","","","","","","","","","","","","","","","","","","","","","","","","","","","","","","","","","","","","","","","","","","","","","","",""
"59183001","DUNKERQUE",51.055833,2.3395,11,1892113007,"","","","","","","","","","","","","","","","","","","","","","","","","","","","","","","","","","","","",6.8,9,-2.7,9,"","","","","","","","","","","","","","","","","","","","","","","","","","",51,9,"","","","","","","","","","","","",5.,9,1000.3,9,998.,9,"","","","","","","","","","","","","","","","","","","","","","","","","","","","","","","","","","","","","","","","","","","","","","","","","","","","","","","","","","","","","","","","","","","","","","","","","","","","","","","","","","","","","","","","","","","","","","","","","","","","","","","","","","","","","","","",""
"59183001","DUNKERQUE",51.055833,2.3395,11,1892113012,"","","","","","","","","","","","","","","","","","","","","","","","","","","","","","","","","","","","",6.8,9,-4.2,9,"","","","","","","","","","","","","","","","","","","","","","","","","","",46,9,"","","","","","","","","","","","",4.5,9,1002.,9,999.7,9,"","","","","","","","","","","","","","","","","","","","","","","","","","","","","","","","","","","","","","","","","","","","","","","","","","","","","","","","","","","","","","","","","","","","","","","","","","","","","","","","","","","","","","","","","","","","","","","","","","","","","","","","","","","","","","","",""
"59183001","DUNKERQUE",51.055833,2.3395,11,1892113020,"","","","","","","","","","","","","","","","","","","","","","","","","","","","","","","","","","","","",6.,9,-3.6,9,"","","","","","","","","","","","","","","","","","","","","","","","","","",50,9,"","","","","","","","","","","","",4.7,9,1004.2,9,1001.9,9,"","","","","","","","","","","","","","","","","","","","","","","","","","","","","","","","","","","","","","","","","","","","","","","","","","","","","","","","","","","","","","","","","","","","","","","","","","","","","","","","","","","","","","","","","","","","","","","","","","","","","","","","","","","","","","","",""
"59183001","DUNKERQUE",51.055833,2.3395,11,1892120107,"","","","","","","","","","","","","","","","","","","","","","","","","","","","","","","","","","","","",3.8,9,-1.2,9,"","","","","","","","","","","","","","","","","","","","","","","","","","",70,9,"","","","","","","","","","","","",5.6,9,1003.7,9,1001.4,9,"","","","","","","","","","","","","","","","","","","","","","","","","","","","","","","","","","","","","","","","","","","","","","","","","","","","","","","","","","","","","","","","","","","","","","","","","","","","","","","","","","","","","","","","","","","","","","","","","","","","","","","","","","","","","","","",""
"59183001","DUNKERQUE",51.055833,2.3395,11,1892120112,"","","","","","","","","","","","","","","","","","","","","","","","","","","","","","","","","","","","",7.,9,0.2,9,"","","","","","","","","","","","","","","","","","","","","","","","","","",62,9,"","","","","","","","","","","","",6.2,9,1000.8,9,998.5,9,"","","","","","","","","","","","","","","","","","","","","","","","","","","","","","","","","","","","","","","","","","","","","","","","","","","","","","","","","","","","","","","","","","","","","","","","","","","","","","","","","","","","","","","","","","","","","","","","","","","","","","","","","","","","","","","",""
"59183001","DUNKERQUE",51.055833,2.3395,11,1892120120,"","","","","","","","","","","","","","","","","","","","","","","","","","","","","","","","","","","","",9.,9,3.9,9,"","","","","","","","","","","","","","","","","","","","","","","","","","",71,9,"","","","","","","","","","","","",8.1,9,989.8,9,987.5,9,"","","","","","","","","","","","","","","","","","","","","","","","","","","","","","","","","","","","","","","","","","","","","","","","","","","","","","","","","","","","","","","","","","","","","","","","","","","","","","","","","","","","","","","","","","","","","","","","","","","","","","","","","","","","","","","",""
"59183001","DUNKERQUE",51.055833,2.3395,11,1892120207,"","","","","","","","","","","","","","","","","","","","","","","","","","","","","","","","","","","","",6.2,9,-1.4,9,"","","","","","","","","","","","","","","","","","","","","","","","","","",58,9,"","","","","","","","","","","","",5.5,9,998.1,9,995.8,9,"","","","","","","","","","","","","","","","","","","","","","","","","","","","","","","","","","","","","","","","","","","","","","","","","","","","","","","","","","","","","","","","","","","","","","","","","","","","","","","","","","","","","","","","","","","","","","","","","","","","","","","","","","","","","","","",""
"59183001","DUNKERQUE",51.055833,2.3395,11,1892120212,"","","","","","","","","","","","","","","","","","","","","","","","","","","","","","","","","","","","",6.8,9,-2.7,9,"","","","","","","","","","","","","","","","","","","","","","","","","","",51,9,"","","","","","","","","","","","",5.,9,1002.6,9,1000.3,9,"","","","","","","","","","","","","","","","","","","","","","","","","","","","","","","","","","","","","","","","","","","","","","","","","","","","","","","","","","","","","","","","","","","","","","","","","","","","","","","","","","","","","","","","","","","","","","","","","","","","","","","","","","","","","","","",""
"59183001","DUNKERQUE",51.055833,2.3395,11,1892120220,"","","","","","","","","","","","","","","","","","","","","","","","","","","","","","","","","","","","",2.8,9,-2.2,9,"","","","","","","","","","","","","","","","","","","","","","","","","","",69,9,"","","","","","","","","","","","",5.2,9,1002.5,9,1000.2,9,"","","","","","","","","","","","","","","","","","","","","","","","","","","","","","","","","","","","","","","","","","","","","","","","","","","","","","","","","","","","","","","","","","","","","","","","","","","","","","","","","","","","","","","","","","","","","","","","","","","","","","","","","","","","","","","",""
"59183001","DUNKERQUE",51.055833,2.3395,11,1892120307,"","","","","","","","","","","","","","","","","","","","","","","","","","","","","","","","","","","","",3.,9,-0.3,9,"","","","","","","","","","","","","","","","","","","","","","","","","","",79,9,"","","","","","","","","","","","",6.,9,994.5,9,992.2,9,"","","","","","","","","","","","","","","","","","","","","","","","","","","","","","","","","","","","","","","","","","","","","","","","","","","","","","","","","","","","","","","","","","","","","","","","","","","","","","","","","","","","","","","","","","","","","","","","","","","","","","","","","","","","","","","",""
"59183001","DUNKERQUE",51.055833,2.3395,11,1892120312,"","","","","","","","","","","","","","","","","","","","","","","","","","","","","","","","","","","","",10.2,9,3.8,9,"","","","","","","","","","","","","","","","","","","","","","","","","","",64,9,"","","","","","","","","","","","",8.,9,990.1,9,987.8,9,"","","","","","","","","","","","","","","","","","","","","","","","","","","","","","","","","","","","","","","","","","","","","","","","","","","","","","","","","","","","","","","","","","","","","","","","","","","","","","","","","","","","","","","","","","","","","","","","","","","","","","","","","","","","","","","",""
"59183001","DUNKERQUE",51.055833,2.3395,11,1892120320,"","","","","","","","","","","","","","","","","","","","","","","","","","","","","","","","","","","","",9.4,9,3.9,9,"","","","","","","","","","","","","","","","","","","","","","","","","","",69,9,"","","","","","","","","","","","",8.1,9,985.4,9,983.1,9,"","","","","","","","","","","","","","","","","","","","","","","","","","","","","","","","","","","","","","","","","","","","","","","","","","","","","","","","","","","","","","","","","","","","","","","","","","","","","","","","","","","","","","","","","","","","","","","","","","","","","","","","","","","","","","","",""
"59183001","DUNKERQUE",51.055833,2.3395,11,1892120407,"","","","","","","","","","","","","","","","","","","","","","","","","","","","","","","","","","","","",4.2,9,-2.7,9,"","","","","","","","","","","","","","","","","","","","","","","","","","",61,9,"","","","","","","","","","","","",5.,9,983.5,9,981.2,9,"","","","","","","","","","","","","","","","","","","","","","","","","","","","","","","","","","","","","","","","","","","","","","","","","","","","","","","","","","","","","","","","","","","","","","","","","","","","","","","","","","","","","","","","","","","","","","","","","","","","","","","","","","","","","","","",""
"59183001","DUNKERQUE",51.055833,2.3395,11,1892120412,"","","","","","","","","","","","","","","","","","","","","","","","","","","","","","","","","","","","",4.2,9,-4.8,9,"","","","","","","","","","","","","","","","","","","","","","","","","","",52,9,"","","","","","","","","","","","",4.3,9,984.7,9,982.4,9,"","","","","","","","","","","","","","","","","","","","","","","","","","","","","","","","","","","","","","","","","","","","","","","","","","","","","","","","","","","","","","","","","","","","","","","","","","","","","","","","","","","","","","","","","","","","","","","","","","","","","","","","","","","","","","","",""
"59183001","DUNKERQUE",51.055833,2.3395,11,1892120420,"","","","","","","","","","","","","","","","","","","","","","","","","","","","","","","","","","","","",3.4,9,-5.4,9,"","","","","","","","","","","","","","","","","","","","","","","","","","",53,9,"","","","","","","","","","","","",4.1,9,987.8,9,985.5,9,"","","","","","","","","","","","","","","","","","","","","","","","","","","","","","","","","","","","","","","","","","","","","","","","","","","","","","","","","","","","","","","","","","","","","","","","","","","","","","","","","","","","","","","","","","","","","","","","","","","","","","","","","","","","","","","",""
"59183001","DUNKERQUE",51.055833,2.3395,11,1892120507,"","","","","","","","","","","","","","","","","","","","","","","","","","","","","","","","","","","","",2.8,9,2.3,9,"","","","","","","","","","","","","","","","","","","","","","","","","","",96,9,"","","","","","","","","","","","",7.2,9,988.1,9,985.8,9,"","","","","","","","","","","","","","","","","","","","","","","","","","","","","","","","","","","","","","","","","","","","","","","","","","","","","","","","","","","","","","","","","","","","","","","","","","","","","","","","","","","","","","","","","","","","","","","","","","","","","","","","","","","","","","","",""
"59183001","DUNKERQUE",51.055833,2.3395,11,1892120512,"","","","","","","","","","","","","","","","","","","","","","","","","","","","","","","","","","","","",3.8,9,-4.8,9,"","","","","","","","","","","","","","","","","","","","","","","","","","",54,9,"","","","","","","","","","","","",4.3,9,988.6,9,986.3,9,"","","","","","","","","","","","","","","","","","","","","","","","","","","","","","","","","","","","","","","","","","","","","","","","","","","","","","","","","","","","","","","","","","","","","","","","","","","","","","","","","","","","","","","","","","","","","","","","","","","","","","","","","","","","","","","",""
"59183001","DUNKERQUE",51.055833,2.3395,11,1892120520,"","","","","","","","","","","","","","","","","","","","","","","","","","","","","","","","","","","","",2.6,9,1.5,9,"","","","","","","","","","","","","","","","","","","","","","","","","","",92,9,"","","","","","","","","","","","",6.8,9,988.7,9,986.4,9,"","","","","","","","","","","","","","","","","","","","","","","","","","","","","","","","","","","","","","","","","","","","","","","","","","","","","","","","","","","","","","","","","","","","","","","","","","","","","","","","","","","","","","","","","","","","","","","","","","","","","","","","","","","","","","","",""
"59183001","DUNKERQUE",51.055833,2.3395,11,1892120607,"","","","","","","","","","","","","","","","","","","","","","","","","","","","","","","","","","","","",2.,9,-2.7,9,"","","","","","","","","","","","","","","","","","","","","","","","","","",71,9,"","","","","","","","","","","","",5.,9,990.6,9,988.3,9,"","","","","","","","","","","","","","","","","","","","","","","","","","","","","","","","","","","","","","","","","","","","","","","","","","","","","","","","","","","","","","","","","","","","","","","","","","","","","","","","","","","","","","","","","","","","","","","","","","","","","","","","","","","","","","","",""
"59183001","DUNKERQUE",51.055833,2.3395,11,1892120612,"","","","","","","","","","","","","","","","","","","","","","","","","","","","","","","","","","","","",2.8,9,-2.2,9,"","","","","","","","","","","","","","","","","","","","","","","","","","",69,9,"","","","","","","","","","","","",5.2,9,992.7,9,990.4,9,"","","","","","","","","","","","","","","","","","","","","","","","","","","","","","","","","","","","","","","","","","","","","","","","","","","","","","","","","","","","","","","","","","","","","","","","","","","","","","","","","","","","","","","","","","","","","","","","","","","","","","","","","","","","","","","",""
"59183001","DUNKERQUE",51.055833,2.3395,11,1892120620,"","","","","","","","","","","","","","","","","","","","","","","","","","","","","","","","","","","","",4.6,9,-1.4,9,"","","","","","","","","","","","","","","","","","","","","","","","","","",65,9,"","","","","","","","","","","","",5.5,9,993.1,9,990.8,9,"","","","","","","","","","","","","","","","","","","","","","","","","","","","","","","","","","","","","","","","","","","","","","","","","","","","","","","","","","","","","","","","","","","","","","","","","","","","","","","","","","","","","","","","","","","","","","","","","","","","","","","","","","","","","","","",""
"59183001","DUNKERQUE",51.055833,2.3395,11,1892120707,"","","","","","","","","","","","","","","","","","","","","","","","","","","","","","","","","","","","",3.,9,-0.3,9,"","","","","","","","","","","","","","","","","","","","","","","","","","",79,9,"","","","","","","","","","","","",6.,9,993.9,9,991.6,9,"","","","","","","","","","","","","","","","","","","","","","","","","","","","","","","","","","","","","","","","","","","","","","","","","","","","","","","","","","","","","","","","","","","","","","","","","","","","","","","","","","","","","","","","","","","","","","","","","","","","","","","","","","","","","","","",""
"59183001","DUNKERQUE",51.055833,2.3395,11,1892120712,"","","","","","","","","","","","","","","","","","","","","","","","","","","","","","","","","","","","",4.6,9,-0.3,9,"","","","","","","","","","","","","","","","","","","","","","","","","","",71,9,"","","","","","","","","","","","",6.,9,995.5,9,993.2,9,"","","","","","","","","","","","","","","","","","","","","","","","","","","","","","","","","","","","","","","","","","","","","","","","","","","","","","","","","","","","","","","","","","","","","","","","","","","","","","","","","","","","","","","","","","","","","","","","","","","","","","","","","","","","","","","",""
"59183001","DUNKERQUE",51.055833,2.3395,11,1892120720,"","","","","","","","","","","","","","","","","","","","","","","","","","","","","","","","","","","","",1.,9,-0.7,9,"","","","","","","","","","","","","","","","","","","","","","","","","","",88,9,"","","","","","","","","","","","",5.8,9,998.8,9,996.4,9,"","","","","","","","","","","","","","","","","","","","","","","","","","","","","","","","","","","","","","","","","","","","","","","","","","","","","","","","","","","","","","","","","","","","","","","","","","","","","","","","","","","","","","","","","","","","","","","","","","","","","","","","","","","","","","","",""
"59183001","DUNKERQUE",51.055833,2.3395,11,1892120807,"","","","","","","","","","","","","","","","","","","","","","","","","","","","","","","","","","","","",0.8,9,-1.4,9,"","","","","","","","","","","","","","","","","","","","","","","","","","",85,9,"","","","","","","","","","","","",5.5,9,1002.4,9,1000.,9,"","","","","","","","","","","","","","","","","","","","","","","","","","","","","","","","","","","","","","","","","","","","","","","","","","","","","","","","","","","","","","","","","","","","","","","","","","","","","","","","","","","","","","","","","","","","","","","","","","","","","","","","","","","","","","","",""
"59183001","DUNKERQUE",51.055833,2.3395,11,1892120812,"","","","","","","","","","","","","","","","","","","","","","","","","","","","","","","","","","","","",3.2,9,0.,9,"","","","","","","","","","","","","","","","","","","","","","","","","","",79,9,"","","","","","","","","","","","",6.1,9,1003.9,9,1001.6,9,"","","","","","","","","","","","","","","","","","","","","","","","","","","","","","","","","","","","","","","","","","","","","","","","","","","","","","","","","","","","","","","","","","","","","","","","","","","","","","","","","","","","","","","","","","","","","","","","","","","","","","","","","","","","","","","",""
"59183001","DUNKERQUE",51.055833,2.3395,11,1892120820,"","","","","","","","","","","","","","","","","","","","","","","","","","","","","","","","","","","","",1.6,9,-2.,9,"","","","","","","","","","","","","","","","","","","","","","","","","","",78,9,"","","","","","","","","","","","",5.3,9,1002.6,9,1000.2,9,"","","","","","","","","","","","","","","","","","","","","","","","","","","","","","","","","","","","","","","","","","","","","","","","","","","","","","","","","","","","","","","","","","","","","","","","","","","","","","","","","","","","","","","","","","","","","","","","","","","","","","","","","","","","","","","",""
"59183001","DUNKERQUE",51.055833,2.3395,11,1892120907,"","","","","","","","","","","","","","","","","","","","","","","","","","","","","","","","","","","","",2.,9,-1.2,9,"","","","","","","","","","","","","","","","","","","","","","","","","","",79,9,"","","","","","","","","","","","",5.6,9,988.,9,985.7,9,"","","","","","","","","","","","","","","","","","","","","","","","","","","","","","","","","","","","","","","","","","","","","","","","","","","","","","","","","","","","","","","","","","","","","","","","","","","","","","","","","","","","","","","","","","","","","","","","","","","","","","","","","","","","","","","",""
"59183001","DUNKERQUE",51.055833,2.3395,11,1892120912,"","","","","","","","","","","","","","","","","","","","","","","","","","","","","","","","","","","","",4.4,9,0.2,9,"","","","","","","","","","","","","","","","","","","","","","","","","","",74,9,"","","","","","","","","","","","",6.2,9,983.1,9,980.8,9,"","","","","","","","","","","","","","","","","","","","","","","","","","","","","","","","","","","","","","","","","","","","","","","","","","","","","","","","","","","","","","","","","","","","","","","","","","","","","","","","","","","","","","","","","","","","","","","","","","","","","","","","","","","","","","","",""
"59183001","DUNKERQUE",51.055833,2.3395,11,1892120920,"","","","","","","","","","","","","","","","","","","","","","","","","","","","","","","","","","","","",4.8,9,-2.5,9,"","","","","","","","","","","","","","","","","","","","","","","","","","",59,9,"","","","","","","","","","","","",5.1,9,985.7,9,983.4,9,"","","","","","","","","","","","","","","","","","","","","","","","","","","","","","","","","","","","","","","","","","","","","","","","","","","","","","","","","","","","","","","","","","","","","","","","","","","","","","","","","","","","","","","","","","","","","","","","","","","","","","","","","","","","","","","",""
"59183001","DUNKERQUE",51.055833,2.3395,11,1892121007,"","","","","","","","","","","","","","","","","","","","","","","","","","","","","","","","","","","","",3.8,9,-1.2,9,"","","","","","","","","","","","","","","","","","","","","","","","","","",70,9,"","","","","","","","","","","","",5.6,9,993.,9,990.7,9,"","","","","","","","","","","","","","","","","","","","","","","","","","","","","","","","","","","","","","","","","","","","","","","","","","","","","","","","","","","","","","","","","","","","","","","","","","","","","","","","","","","","","","","","","","","","","","","","","","","","","","","","","","","","","","","",""
"59183001","DUNKERQUE",51.055833,2.3395,11,1892121012,"","","","","","","","","","","","","","","","","","","","","","","","","","","","","","","","","","","","",4.,9,-1.7,9,"","","","","","","","","","","","","","","","","","","","","","","","","","",67,9,"","","","","","","","","","","","",5.4,9,995.9,9,993.6,9,"","","","","","","","","","","","","","","","","","","","","","","","","","","","","","","","","","","","","","","","","","","","","","","","","","","","","","","","","","","","","","","","","","","","","","","","","","","","","","","","","","","","","","","","","","","","","","","","","","","","","","","","","","","","","","","",""
"59183001","DUNKERQUE",51.055833,2.3395,11,1892121020,"","","","","","","","","","","","","","","","","","","","","","","","","","","","","","","","","","","","",1.,9,-0.3,9,"","","","","","","","","","","","","","","","","","","","","","","","","","",92,9,"","","","","","","","","","","","",6.,9,995.9,9,993.6,9,"","","","","","","","","","","","","","","","","","","","","","","","","","","","","","","","","","","","","","","","","","","","","","","","","","","","","","","","","","","","","","","","","","","","","","","","","","","","","","","","","","","","","","","","","","","","","","","","","","","","","","","","","","","","","","","",""
"59183001","DUNKERQUE",51.055833,2.3395,11,1892121107,"","","","","","","","","","","","","","","","","","","","","","","","","","","","","","","","","","","","",2.4,9,-1.,9,"","","","","","","","","","","","","","","","","","","","","","","","","","",79,9,"","","","","","","","","","","","",5.7,9,986.3,9,984.,9,"","","","","","","","","","","","","","","","","","","","","","","","","","","","","","","","","","","","","","","","","","","","","","","","","","","","","","","","","","","","","","","","","","","","","","","","","","","","","","","","","","","","","","","","","","","","","","","","","","","","","","","","","","","","","","","",""
"59183001","DUNKERQUE",51.055833,2.3395,11,1892121112,"","","","","","","","","","","","","","","","","","","","","","","","","","","","","","","","","","","","",5.6,9,1.7,9,"","","","","","","","","","","","","","","","","","","","","","","","","","",76,9,"","","","","","","","","","","","",6.9,9,983.4,9,981.1,9,"","","","","","","","","","","","","","","","","","","","","","","","","","","","","","","","","","","","","","","","","","","","","","","","","","","","","","","","","","","","","","","","","","","","","","","","","","","","","","","","","","","","","","","","","","","","","","","","","","","","","","","","","","","","","","","",""
"59183001","DUNKERQUE",51.055833,2.3395,11,1892121120,"","","","","","","","","","","","","","","","","","","","","","","","","","","","","","","","","","","","",4.,9,-0.5,9,"","","","","","","","","","","","","","","","","","","","","","","","","","",73,9,"","","","","","","","","","","","",5.9,9,981.9,9,979.6,9,"","","","","","","","","","","","","","","","","","","","","","","","","","","","","","","","","","","","","","","","","","","","","","","","","","","","","","","","","","","","","","","","","","","","","","","","","","","","","","","","","","","","","","","","","","","","","","","","","","","","","","","","","","","","","","","",""
"59183001","DUNKERQUE",51.055833,2.3395,11,1892121207,"","","","","","","","","","","","","","","","","","","","","","","","","","","","","","","","","","","","",6.2,9,0.,9,"","","","","","","","","","","","","","","","","","","","","","","","","","",64,9,"","","","","","","","","","","","",6.1,9,982.9,9,980.6,9,"","","","","","","","","","","","","","","","","","","","","","","","","","","","","","","","","","","","","","","","","","","","","","","","","","","","","","","","","","","","","","","","","","","","","","","","","","","","","","","","","","","","","","","","","","","","","","","","","","","","","","","","","","","","","","","",""
"59183001","DUNKERQUE",51.055833,2.3395,11,1892121212,"","","","","","","","","","","","","","","","","","","","","","","","","","","","","","","","","","","","",7.,9,-0.3,9,"","","","","","","","","","","","","","","","","","","","","","","","","","",60,9,"","","","","","","","","","","","",6.,9,983.9,9,981.6,9,"","","","","","","","","","","","","","","","","","","","","","","","","","","","","","","","","","","","","","","","","","","","","","","","","","","","","","","","","","","","","","","","","","","","","","","","","","","","","","","","","","","","","","","","","","","","","","","","","","","","","","","","","","","","","","","",""
"59183001","DUNKERQUE",51.055833,2.3395,11,1892121220,"","","","","","","","","","","","","","","","","","","","","","","","","","","","","","","","","","","","",6.4,9,0.2,9,"","","","","","","","","","","","","","","","","","","","","","","","","","",65,9,"","","","","","","","","","","","",6.2,9,983.6,9,981.3,9,"","","","","","","","","","","","","","","","","","","","","","","","","","","","","","","","","","","","","","","","","","","","","","","","","","","","","","","","","","","","","","","","","","","","","","","","","","","","","","","","","","","","","","","","","","","","","","","","","","","","","","","","","","","","","","","",""
"59183001","DUNKERQUE",51.055833,2.3395,11,1892121307,"","","","","","","","","","","","","","","","","","","","","","","","","","","","","","","","","","","","",5.,9,-0.7,9,"","","","","","","","","","","","","","","","","","","","","","","","","","",66,9,"","","","","","","","","","","","",5.8,9,989.4,9,987.1,9,"","","","","","","","","","","","","","","","","","","","","","","","","","","","","","","","","","","","","","","","","","","","","","","","","","","","","","","","","","","","","","","","","","","","","","","","","","","","","","","","","","","","","","","","","","","","","","","","","","","","","","","","","","","","","","","",""
"59183001","DUNKERQUE",51.055833,2.3395,11,1892121312,"","","","","","","","","","","","","","","","","","","","","","","","","","","","","","","","","","","","",5.4,9,-2.2,9,"","","","","","","","","","","","","","","","","","","","","","","","","","",58,9,"","","","","","","","","","","","",5.2,9,994.1,9,991.8,9,"","","","","","","","","","","","","","","","","","","","","","","","","","","","","","","","","","","","","","","","","","","","","","","","","","","","","","","","","","","","","","","","","","","","","","","","","","","","","","","","","","","","","","","","","","","","","","","","","","","","","","","","","","","","","","","",""
"59183001","DUNKERQUE",51.055833,2.3395,11,1892121320,"","","","","","","","","","","","","","","","","","","","","","","","","","","","","","","","","","","","",4.8,9,-3.9,9,"","","","","","","","","","","","","","","","","","","","","","","","","","",54,9,"","","","","","","","","","","","",4.6,9,1000.6,9,998.3,9,"","","","","","","","","","","","","","","","","","","","","","","","","","","","","","","","","","","","","","","","","","","","","","","","","","","","","","","","","","","","","","","","","","","","","","","","","","","","","","","","","","","","","","","","","","","","","","","","","","","","","","","","","","","","","","","",""
"59183001","DUNKERQUE",51.055833,2.3395,11,1892121407,"","","","","","","","","","","","","","","","","","","","","","","","","","","","","","","","","","","","",2.,9,-0.7,9,"","","","","","","","","","","","","","","","","","","","","","","","","","",82,9,"","","","","","","","","","","","",5.8,9,1003.6,9,1001.2,9,"","","","","","","","","","","","","","","","","","","","","","","","","","","","","","","","","","","","","","","","","","","","","","","","","","","","","","","","","","","","","","","","","","","","","","","","","","","","","","","","","","","","","","","","","","","","","","","","","","","","","","","","","","","","","","","",""
"59183001","DUNKERQUE",51.055833,2.3395,11,1892121412,"","","","","","","","","","","","","","","","","","","","","","","","","","","","","","","","","","","","",3.2,9,-1.2,9,"","","","","","","","","","","","","","","","","","","","","","","","","","",73,9,"","","","","","","","","","","","",5.6,9,1004.1,9,1001.8,9,"","","","","","","","","","","","","","","","","","","","","","","","","","","","","","","","","","","","","","","","","","","","","","","","","","","","","","","","","","","","","","","","","","","","","","","","","","","","","","","","","","","","","","","","","","","","","","","","","","","","","","","","","","","","","","","",""
"59183001","DUNKERQUE",51.055833,2.3395,11,1892121420,"","","","","","","","","","","","","","","","","","","","","","","","","","","","","","","","","","","","",9.2,9,4.3,9,"","","","","","","","","","","","","","","","","","","","","","","","","","",71,9,"","","","","","","","","","","","",8.3,9,999.2,9,996.9,9,"","","","","","","","","","","","","","","","","","","","","","","","","","","","","","","","","","","","","","","","","","","","","","","","","","","","","","","","","","","","","","","","","","","","","","","","","","","","","","","","","","","","","","","","","","","","","","","","","","","","","","","","","","","","","","","",""
"59183001","DUNKERQUE",51.055833,2.3395,11,1892121507,"","","","","","","","","","","","","","","","","","","","","","","","","","","","","","","","","","","","",8.8,9,4.3,9,"","","","","","","","","","","","","","","","","","","","","","","","","","",73,9,"","","","","","","","","","","","",8.3,9,999.3,9,997.,9,"","","","","","","","","","","","","","","","","","","","","","","","","","","","","","","","","","","","","","","","","","","","","","","","","","","","","","","","","","","","","","","","","","","","","","","","","","","","","","","","","","","","","","","","","","","","","","","","","","","","","","","","","","","","","","","",""
"59183001","DUNKERQUE",51.055833,2.3395,11,1892121512,"","","","","","","","","","","","","","","","","","","","","","","","","","","","","","","","","","","","",9.8,9,4.3,9,"","","","","","","","","","","","","","","","","","","","","","","","","","",69,9,"","","","","","","","","","","","",8.3,9,999.,9,996.7,9,"","","","","","","","","","","","","","","","","","","","","","","","","","","","","","","","","","","","","","","","","","","","","","","","","","","","","","","","","","","","","","","","","","","","","","","","","","","","","","","","","","","","","","","","","","","","","","","","","","","","","","","","","","","","","","","",""
"59183001","DUNKERQUE",51.055833,2.3395,11,1892121520,"","","","","","","","","","","","","","","","","","","","","","","","","","","","","","","","","","","","",8.6,9,3.,9,"","","","","","","","","","","","","","","","","","","","","","","","","","",68,9,"","","","","","","","","","","","",7.6,9,999.,9,996.7,9,"","","","","","","","","","","","","","","","","","","","","","","","","","","","","","","","","","","","","","","","","","","","","","","","","","","","","","","","","","","","","","","","","","","","","","","","","","","","","","","","","","","","","","","","","","","","","","","","","","","","","","","","","","","","","","","",""
"59183001","DUNKERQUE",51.055833,2.3395,11,1892121607,"","","","","","","","","","","","","","","","","","","","","","","","","","","","","","","","","","","","",4.2,9,0.4,9,"","","","","","","","","","","","","","","","","","","","","","","","","","",77,9,"","","","","","","","","","","","",6.3,9,1007.9,9,1005.6,9,"","","","","","","","","","","","","","","","","","","","","","","","","","","","","","","","","","","","","","","","","","","","","","","","","","","","","","","","","","","","","","","","","","","","","","","","","","","","","","","","","","","","","","","","","","","","","","","","","","","","","","","","","","","","","","","",""
"59183001","DUNKERQUE",51.055833,2.3395,11,1892121612,"","","","","","","","","","","","","","","","","","","","","","","","","","","","","","","","","","","","",7.8,9,1.1,9,"","","","","","","","","","","","","","","","","","","","","","","","","","",62,9,"","","","","","","","","","","","",6.6,9,1010.,9,1007.7,9,"","","","","","","","","","","","","","","","","","","","","","","","","","","","","","","","","","","","","","","","","","","","","","","","","","","","","","","","","","","","","","","","","","","","","","","","","","","","","","","","","","","","","","","","","","","","","","","","","","","","","","","","","","","","","","","",""
"59183001","DUNKERQUE",51.055833,2.3395,11,1892121620,"","","","","","","","","","","","","","","","","","","","","","","","","","","","","","","","","","","","",8.8,9,2.7,9,"","","","","","","","","","","","","","","","","","","","","","","","","","",65,9,"","","","","","","","","","","","",7.4,9,1009.6,9,1007.3,9,"","","","","","","","","","","","","","","","","","","","","","","","","","","","","","","","","","","","","","","","","","","","","","","","","","","","","","","","","","","","","","","","","","","","","","","","","","","","","","","","","","","","","","","","","","","","","","","","","","","","","","","","","","","","","","","",""
"59183001","DUNKERQUE",51.055833,2.3395,11,1892121707,"","","","","","","","","","","","","","","","","","","","","","","","","","","","","","","","","","","","",7.2,9,1.9,9,"","","","","","","","","","","","","","","","","","","","","","","","","","",69,9,"","","","","","","","","","","","",7.,9,1009.9,9,1007.6,9,"","","","","","","","","","","","","","","","","","","","","","","","","","","","","","","","","","","","","","","","","","","","","","","","","","","","","","","","","","","","","","","","","","","","","","","","","","","","","","","","","","","","","","","","","","","","","","","","","","","","","","","","","","","","","","","",""
"59183001","DUNKERQUE",51.055833,2.3395,11,1892121712,"","","","","","","","","","","","","","","","","","","","","","","","","","","","","","","","","","","","",9.2,9,0.9,9,"","","","","","","","","","","","","","","","","","","","","","","","","","",56,9,"","","","","","","","","","","","",6.5,9,1011.2,9,1008.9,9,"","","","","","","","","","","","","","","","","","","","","","","","","","","","","","","","","","","","","","","","","","","","","","","","","","","","","","","","","","","","","","","","","","","","","","","","","","","","","","","","","","","","","","","","","","","","","","","","","","","","","","","","","","","","","","","",""
"59183001","DUNKERQUE",51.055833,2.3395,11,1892121720,"","","","","","","","","","","","","","","","","","","","","","","","","","","","","","","","","","","","",6.8,9,1.9,9,"","","","","","","","","","","","","","","","","","","","","","","","","","",71,9,"","","","","","","","","","","","",7.,9,1009.9,9,1007.6,9,"","","","","","","","","","","","","","","","","","","","","","","","","","","","","","","","","","","","","","","","","","","","","","","","","","","","","","","","","","","","","","","","","","","","","","","","","","","","","","","","","","","","","","","","","","","","","","","","","","","","","","","","","","","","","","","",""
"59183001","DUNKERQUE",51.055833,2.3395,11,1892121807,"","","","","","","","","","","","","","","","","","","","","","","","","","","","","","","","","","","","",6.6,9,0.4,9,"","","","","","","","","","","","","","","","","","","","","","","","","","",65,9,"","","","","","","","","","","","",6.3,9,1008.9,9,1006.6,9,"","","","","","","","","","","","","","","","","","","","","","","","","","","","","","","","","","","","","","","","","","","","","","","","","","","","","","","","","","","","","","","","","","","","","","","","","","","","","","","","","","","","","","","","","","","","","","","","","","","","","","","","","","","","","","","",""
"59183001","DUNKERQUE",51.055833,2.3395,11,1892121812,"","","","","","","","","","","","","","","","","","","","","","","","","","","","","","","","","","","","",9.,9,1.9,9,"","","","","","","","","","","","","","","","","","","","","","","","","","",61,9,"","","","","","","","","","","","",7.,9,1008.6,9,1006.3,9,"","","","","","","","","","","","","","","","","","","","","","","","","","","","","","","","","","","","","","","","","","","","","","","","","","","","","","","","","","","","","","","","","","","","","","","","","","","","","","","","","","","","","","","","","","","","","","","","","","","","","","","","","","","","","","","",""
"59183001","DUNKERQUE",51.055833,2.3395,11,1892121820,"","","","","","","","","","","","","","","","","","","","","","","","","","","","","","","","","","","","",8.,9,1.1,9,"","","","","","","","","","","","","","","","","","","","","","","","","","",62,9,"","","","","","","","","","","","",6.6,9,1007.8,9,1005.5,9,"","","","","","","","","","","","","","","","","","","","","","","","","","","","","","","","","","","","","","","","","","","","","","","","","","","","","","","","","","","","","","","","","","","","","","","","","","","","","","","","","","","","","","","","","","","","","","","","","","","","","","","","","","","","","","","",""
"59183001","DUNKERQUE",51.055833,2.3395,11,1892121907,"","","","","","","","","","","","","","","","","","","","","","","","","","","","","","","","","","","","",7.,9,1.7,9,"","","","","","","","","","","","","","","","","","","","","","","","","","",69,9,"","","","","","","","","","","","",6.9,9,1007.8,9,1005.5,9,"","","","","","","","","","","","","","","","","","","","","","","","","","","","","","","","","","","","","","","","","","","","","","","","","","","","","","","","","","","","","","","","","","","","","","","","","","","","","","","","","","","","","","","","","","","","","","","","","","","","","","","","","","","","","","","",""
"59183001","DUNKERQUE",51.055833,2.3395,11,1892121912,"","","","","","","","","","","","","","","","","","","","","","","","","","","","","","","","","","","","",7.2,9,1.9,9,"","","","","","","","","","","","","","","","","","","","","","","","","","",69,9,"","","","","","","","","","","","",7.,9,1006.5,9,1004.2,9,"","","","","","","","","","","","","","","","","","","","","","","","","","","","","","","","","","","","","","","","","","","","","","","","","","","","","","","","","","","","","","","","","","","","","","","","","","","","","","","","","","","","","","","","","","","","","","","","","","","","","","","","","","","","","","","",""
"59183001","DUNKERQUE",51.055833,2.3395,11,1892121920,"","","","","","","","","","","","","","","","","","","","","","","","","","","","","","","","","","","","",6.,9,0.9,9,"","","","","","","","","","","","","","","","","","","","","","","","","","",70,9,"","","","","","","","","","","","",6.5,9,1004.3,9,1002.,9,"","","","","","","","","","","","","","","","","","","","","","","","","","","","","","","","","","","","","","","","","","","","","","","","","","","","","","","","","","","","","","","","","","","","","","","","","","","","","","","","","","","","","","","","","","","","","","","","","","","","","","","","","","","","","","","",""
"59183001","DUNKERQUE",51.055833,2.3395,11,1892122007,"","","","","","","","","","","","","","","","","","","","","","","","","","","","","","","","","","","","",3.8,9,0.,9,"","","","","","","","","","","","","","","","","","","","","","","","","","",76,9,"","","","","","","","","","","","",6.1,9,1002.,9,999.7,9,"","","","","","","","","","","","","","","","","","","","","","","","","","","","","","","","","","","","","","","","","","","","","","","","","","","","","","","","","","","","","","","","","","","","","","","","","","","","","","","","","","","","","","","","","","","","","","","","","","","","","","","","","","","","","","","",""
"59183001","DUNKERQUE",51.055833,2.3395,11,1892122012,"","","","","","","","","","","","","","","","","","","","","","","","","","","","","","","","","","","","",5.,9,0.2,9,"","","","","","","","","","","","","","","","","","","","","","","","","","",71,9,"","","","","","","","","","","","",6.2,9,1002.4,9,1000.1,9,"","","","","","","","","","","","","","","","","","","","","","","","","","","","","","","","","","","","","","","","","","","","","","","","","","","","","","","","","","","","","","","","","","","","","","","","","","","","","","","","","","","","","","","","","","","","","","","","","","","","","","","","","","","","","","","",""
"59183001","DUNKERQUE",51.055833,2.3395,11,1892122020,"","","","","","","","","","","","","","","","","","","","","","","","","","","","","","","","","","","","",4.6,9,0.4,9,"","","","","","","","","","","","","","","","","","","","","","","","","","",74,9,"","","","","","","","","","","","",6.3,9,1001.6,9,999.3,9,"","","","","","","","","","","","","","","","","","","","","","","","","","","","","","","","","","","","","","","","","","","","","","","","","","","","","","","","","","","","","","","","","","","","","","","","","","","","","","","","","","","","","","","","","","","","","","","","","","","","","","","","","","","","","","","",""
"59183001","DUNKERQUE",51.055833,2.3395,11,1892122107,"","","","","","","","","","","","","","","","","","","","","","","","","","","","","","","","","","","","",4.2,9,1.1,9,"","","","","","","","","","","","","","","","","","","","","","","","","","",80,9,"","","","","","","","","","","","",6.6,9,1001.7,9,999.4,9,"","","","","","","","","","","","","","","","","","","","","","","","","","","","","","","","","","","","","","","","","","","","","","","","","","","","","","","","","","","","","","","","","","","","","","","","","","","","","","","","","","","","","","","","","","","","","","","","","","","","","","","","","","","","","","","",""
"59183001","DUNKERQUE",51.055833,2.3395,11,1892122112,"","","","","","","","","","","","","","","","","","","","","","","","","","","","","","","","","","","","",5.8,9,0.9,9,"","","","","","","","","","","","","","","","","","","","","","","","","","",70,9,"","","","","","","","","","","","",6.5,9,1001.9,9,999.6,9,"","","","","","","","","","","","","","","","","","","","","","","","","","","","","","","","","","","","","","","","","","","","","","","","","","","","","","","","","","","","","","","","","","","","","","","","","","","","","","","","","","","","","","","","","","","","","","","","","","","","","","","","","","","","","","","",""
"59183001","DUNKERQUE",51.055833,2.3395,11,1892122120,"","","","","","","","","","","","","","","","","","","","","","","","","","","","","","","","","","","","",3.8,9,0.6,9,"","","","","","","","","","","","","","","","","","","","","","","","","","",80,9,"","","","","","","","","","","","",6.4,9,1001.9,9,999.6,9,"","","","","","","","","","","","","","","","","","","","","","","","","","","","","","","","","","","","","","","","","","","","","","","","","","","","","","","","","","","","","","","","","","","","","","","","","","","","","","","","","","","","","","","","","","","","","","","","","","","","","","","","","","","","","","","",""
"59183001","DUNKERQUE",51.055833,2.3395,11,1892122207,"","","","","","","","","","","","","","","","","","","","","","","","","","","","","","","","","","","","",3.,9,0.4,9,"","","","","","","","","","","","","","","","","","","","","","","","","","",83,9,"","","","","","","","","","","","",6.3,9,1001.3,9,999.,9,"","","","","","","","","","","","","","","","","","","","","","","","","","","","","","","","","","","","","","","","","","","","","","","","","","","","","","","","","","","","","","","","","","","","","","","","","","","","","","","","","","","","","","","","","","","","","","","","","","","","","","","","","","","","","","","",""
"59183001","DUNKERQUE",51.055833,2.3395,11,1892122212,"","","","","","","","","","","","","","","","","","","","","","","","","","","","","","","","","","","","",3.,9,1.9,9,"","","","","","","","","","","","","","","","","","","","","","","","","","",93,9,"","","","","","","","","","","","",7.,9,1002.9,9,1000.6,9,"","","","","","","","","","","","","","","","","","","","","","","","","","","","","","","","","","","","","","","","","","","","","","","","","","","","","","","","","","","","","","","","","","","","","","","","","","","","","","","","","","","","","","","","","","","","","","","","","","","","","","","","","","","","","","","",""
"59183001","DUNKERQUE",51.055833,2.3395,11,1892122220,"","","","","","","","","","","","","","","","","","","","","","","","","","","","","","","","","","","","",0.8,9,-2.5,9,"","","","","","","","","","","","","","","","","","","","","","","","","","",78,9,"","","","","","","","","","","","",5.1,9,1001.,9,998.6,9,"","","","","","","","","","","","","","","","","","","","","","","","","","","","","","","","","","","","","","","","","","","","","","","","","","","","","","","","","","","","","","","","","","","","","","","","","","","","","","","","","","","","","","","","","","","","","","","","","","","","","","","","","","","","","","","",""
"59183001","DUNKERQUE",51.055833,2.3395,11,1892122307,"","","","","","","","","","","","","","","","","","","","","","","","","","","","","","","","","","","","",-0.4,9,-1.,9,"","","","","","","","","","","","","","","","","","","","","","","","","","",96,9,"","","","","","","","","","","","",5.7,9,1001.2,9,998.8,9,"","","","","","","","","","","","","","","","","","","","","","","","","","","","","","","","","","","","","","","","","","","","","","","","","","","","","","","","","","","","","","","","","","","","","","","","","","","","","","","","","","","","","","","","","","","","","","","","","","","","","","","","","","","","","","","",""
"59183001","DUNKERQUE",51.055833,2.3395,11,1892122312,"","","","","","","","","","","","","","","","","","","","","","","","","","","","","","","","","","","","",-0.8,9,-1.4,9,"","","","","","","","","","","","","","","","","","","","","","","","","","",96,9,"","","","","","","","","","","","",5.5,9,1001.4,9,999.,9,"","","","","","","","","","","","","","","","","","","","","","","","","","","","","","","","","","","","","","","","","","","","","","","","","","","","","","","","","","","","","","","","","","","","","","","","","","","","","","","","","","","","","","","","","","","","","","","","","","","","","","","","","","","","","","","",""
"59183001","DUNKERQUE",51.055833,2.3395,11,1892122320,"","","","","","","","","","","","","","","","","","","","","","","","","","","","","","","","","","","","",-1.6,9,-2.7,9,"","","","","","","","","","","","","","","","","","","","","","","","","","",92,9,"","","","","","","","","","","","",5.,9,1001.4,9,999.,9,"","","","","","","","","","","","","","","","","","","","","","","","","","","","","","","","","","","","","","","","","","","","","","","","","","","","","","","","","","","","","","","","","","","","","","","","","","","","","","","","","","","","","","","","","","","","","","","","","","","","","","","","","","","","","","","",""
"59183001","DUNKERQUE",51.055833,2.3395,11,1892122407,"","","","","","","","","","","","","","","","","","","","","","","","","","","","","","","","","","","","",-4.6,9,-5.1,9,"","","","","","","","","","","","","","","","","","","","","","","","","","",96,9,"","","","","","","","","","","","",4.2,9,1000.8,9,998.4,9,"","","","","","","","","","","","","","","","","","","","","","","","","","","","","","","","","","","","","","","","","","","","","","","","","","","","","","","","","","","","","","","","","","","","","","","","","","","","","","","","","","","","","","","","","","","","","","","","","","","","","","","","","","","","","","","",""
"59183001","DUNKERQUE",51.055833,2.3395,11,1892122412,"","","","","","","","","","","","","","","","","","","","","","","","","","","","","","","","","","","","",-2.,9,-4.5,9,"","","","","","","","","","","","","","","","","","","","","","","","","","",84,9,"","","","","","","","","","","","",4.4,9,1001.4,9,999.,9,"","","","","","","","","","","","","","","","","","","","","","","","","","","","","","","","","","","","","","","","","","","","","","","","","","","","","","","","","","","","","","","","","","","","","","","","","","","","","","","","","","","","","","","","","","","","","","","","","","","","","","","","","","","","","","","",""
"59183001","DUNKERQUE",51.055833,2.3395,11,1892122420,"","","","","","","","","","","","","","","","","","","","","","","","","","","","","","","","","","","","",-4.,9,-4.5,9,"","","","","","","","","","","","","","","","","","","","","","","","","","",96,9,"","","","","","","","","","","","",4.4,9,1000.2,9,997.8,9,"","","","","","","","","","","","","","","","","","","","","","","","","","","","","","","","","","","","","","","","","","","","","","","","","","","","","","","","","","","","","","","","","","","","","","","","","","","","","","","","","","","","","","","","","","","","","","","","","","","","","","","","","","","","","","","",""
"59183001","DUNKERQUE",51.055833,2.3395,11,1892122507,"","","","","","","","","","","","","","","","","","","","","","","","","","","","","","","","","","","","",-6.6,9,-12.2,9,"","","","","","","","","","","","","","","","","","","","","","","","","","",65,9,"","","","","","","","","","","","",2.4,9,999.,9,996.6,9,"","","","","","","","","","","","","","","","","","","","","","","","","","","","","","","","","","","","","","","","","","","","","","","","","","","","","","","","","","","","","","","","","","","","","","","","","","","","","","","","","","","","","","","","","","","","","","","","","","","","","","","","","","","","","","","",""
"59183001","DUNKERQUE",51.055833,2.3395,11,1892122512,"","","","","","","","","","","","","","","","","","","","","","","","","","","","","","","","","","","","",-2.8,9,-3.3,9,"","","","","","","","","","","","","","","","","","","","","","","","","","",96,9,"","","","","","","","","","","","",4.8,9,999.2,9,996.8,9,"","","","","","","","","","","","","","","","","","","","","","","","","","","","","","","","","","","","","","","","","","","","","","","","","","","","","","","","","","","","","","","","","","","","","","","","","","","","","","","","","","","","","","","","","","","","","","","","","","","","","","","","","","","","","","","",""
"59183001","DUNKERQUE",51.055833,2.3395,11,1892122520,"","","","","","","","","","","","","","","","","","","","","","","","","","","","","","","","","","","","",-4.8,9,-7.8,9,"","","","","","","","","","","","","","","","","","","","","","","","","","",79,9,"","","","","","","","","","","","",3.4,9,997.8,9,995.4,9,"","","","","","","","","","","","","","","","","","","","","","","","","","","","","","","","","","","","","","","","","","","","","","","","","","","","","","","","","","","","","","","","","","","","","","","","","","","","","","","","","","","","","","","","","","","","","","","","","","","","","","","","","","","","","","","",""
"59183001","DUNKERQUE",51.055833,2.3395,11,1892122607,"","","","","","","","","","","","","","","","","","","","","","","","","","","","","","","","","","","","",-5.8,9,-8.2,9,"","","","","","","","","","","","","","","","","","","","","","","","","","",82,9,"","","","","","","","","","","","",3.3,9,999.9,9,997.5,9,"","","","","","","","","","","","","","","","","","","","","","","","","","","","","","","","","","","","","","","","","","","","","","","","","","","","","","","","","","","","","","","","","","","","","","","","","","","","","","","","","","","","","","","","","","","","","","","","","","","","","","","","","","","","","","","",""
"59183001","DUNKERQUE",51.055833,2.3395,11,1892122612,"","","","","","","","","","","","","","","","","","","","","","","","","","","","","","","","","","","","",-1.4,9,-2.,9,"","","","","","","","","","","","","","","","","","","","","","","","","","",96,9,"","","","","","","","","","","","",5.3,9,1000.6,9,998.2,9,"","","","","","","","","","","","","","","","","","","","","","","","","","","","","","","","","","","","","","","","","","","","","","","","","","","","","","","","","","","","","","","","","","","","","","","","","","","","","","","","","","","","","","","","","","","","","","","","","","","","","","","","","","","","","","","",""
"59183001","DUNKERQUE",51.055833,2.3395,11,1892122620,"","","","","","","","","","","","","","","","","","","","","","","","","","","","","","","","","","","","",-2.6,9,-4.5,9,"","","","","","","","","","","","","","","","","","","","","","","","","","",88,9,"","","","","","","","","","","","",4.4,9,1001.8,9,999.4,9,"","","","","","","","","","","","","","","","","","","","","","","","","","","","","","","","","","","","","","","","","","","","","","","","","","","","","","","","","","","","","","","","","","","","","","","","","","","","","","","","","","","","","","","","","","","","","","","","","","","","","","","","","","","","","","","",""
"59183001","DUNKERQUE",51.055833,2.3395,11,1892122707,"","","","","","","","","","","","","","","","","","","","","","","","","","","","","","","","","","","","",3.,9,-1.4,9,"","","","","","","","","","","","","","","","","","","","","","","","","","",72,9,"","","","","","","","","","","","",5.5,9,1002.3,9,1000.,9,"","","","","","","","","","","","","","","","","","","","","","","","","","","","","","","","","","","","","","","","","","","","","","","","","","","","","","","","","","","","","","","","","","","","","","","","","","","","","","","","","","","","","","","","","","","","","","","","","","","","","","","","","","","","","","","",""
"59183001","DUNKERQUE",51.055833,2.3395,11,1892122712,"","","","","","","","","","","","","","","","","","","","","","","","","","","","","","","","","","","","",4.6,9,-0.3,9,"","","","","","","","","","","","","","","","","","","","","","","","","","",71,9,"","","","","","","","","","","","",6.,9,1002.3,9,1000.,9,"","","","","","","","","","","","","","","","","","","","","","","","","","","","","","","","","","","","","","","","","","","","","","","","","","","","","","","","","","","","","","","","","","","","","","","","","","","","","","","","","","","","","","","","","","","","","","","","","","","","","","","","","","","","","","","",""
"59183001","DUNKERQUE",51.055833,2.3395,11,1892122720,"","","","","","","","","","","","","","","","","","","","","","","","","","","","","","","","","","","","",1.8,9,-0.5,9,"","","","","","","","","","","","","","","","","","","","","","","","","","",85,9,"","","","","","","","","","","","",5.9,9,1004.8,9,1002.4,9,"","","","","","","","","","","","","","","","","","","","","","","","","","","","","","","","","","","","","","","","","","","","","","","","","","","","","","","","","","","","","","","","","","","","","","","","","","","","","","","","","","","","","","","","","","","","","","","","","","","","","","","","","","","","","","","",""
"59183001","DUNKERQUE",51.055833,2.3395,11,1892122807,"","","","","","","","","","","","","","","","","","","","","","","","","","","","","","","","","","","","",-2.,9,-2.,9,"","","","","","","","","","","","","","","","","","","","","","","","","","",100,9,"","","","","","","","","","","","",5.3,9,1006.1,9,1003.7,9,"","","","","","","","","","","","","","","","","","","","","","","","","","","","","","","","","","","","","","","","","","","","","","","","","","","","","","","","","","","","","","","","","","","","","","","","","","","","","","","","","","","","","","","","","","","","","","","","","","","","","","","","","","","","","","","",""
"59183001","DUNKERQUE",51.055833,2.3395,11,1892122812,"","","","","","","","","","","","","","","","","","","","","","","","","","","","","","","","","","","","",2.,9,-7.1,9,"","","","","","","","","","","","","","","","","","","","","","","","","","",51,9,"","","","","","","","","","","","",3.6,9,1007.5,9,1005.1,9,"","","","","","","","","","","","","","","","","","","","","","","","","","","","","","","","","","","","","","","","","","","","","","","","","","","","","","","","","","","","","","","","","","","","","","","","","","","","","","","","","","","","","","","","","","","","","","","","","","","","","","","","","","","","","","","",""
"59183001","DUNKERQUE",51.055833,2.3395,11,1892122820,"","","","","","","","","","","","","","","","","","","","","","","","","","","","","","","","","","","","",-2.8,9,-2.8,9,"","","","","","","","","","","","","","","","","","","","","","","","","","",100,9,"","","","","","","","","","","","",5.,9,1006.9,9,1004.5,9,"","","","","","","","","","","","","","","","","","","","","","","","","","","","","","","","","","","","","","","","","","","","","","","","","","","","","","","","","","","","","","","","","","","","","","","","","","","","","","","","","","","","","","","","","","","","","","","","","","","","","","","","","","","","","","","",""
"59183001","DUNKERQUE",51.055833,2.3395,11,1892122907,"","","","","","","","","","","","","","","","","","","","","","","","","","","","","","","","","","","","",-6.,9,-9.4,9,"","","","","","","","","","","","","","","","","","","","","","","","","","",77,9,"","","","","","","","","","","","",3.,9,1002.8,9,1000.4,9,"","","","","","","","","","","","","","","","","","","","","","","","","","","","","","","","","","","","","","","","","","","","","","","","","","","","","","","","","","","","","","","","","","","","","","","","","","","","","","","","","","","","","","","","","","","","","","","","","","","","","","","","","","","","","","","",""
"59183001","DUNKERQUE",51.055833,2.3395,11,1892122912,"","","","","","","","","","","","","","","","","","","","","","","","","","","","","","","","","","","","",-2.4,9,-3.6,9,"","","","","","","","","","","","","","","","","","","","","","","","","","",92,9,"","","","","","","","","","","","",4.7,9,1001.,9,998.6,9,"","","","","","","","","","","","","","","","","","","","","","","","","","","","","","","","","","","","","","","","","","","","","","","","","","","","","","","","","","","","","","","","","","","","","","","","","","","","","","","","","","","","","","","","","","","","","","","","","","","","","","","","","","","","","","","",""
"59183001","DUNKERQUE",51.055833,2.3395,11,1892122920,"","","","","","","","","","","","","","","","","","","","","","","","","","","","","","","","","","","","",-4.,9,-6.4,9,"","","","","","","","","","","","","","","","","","","","","","","","","","",84,9,"","","","","","","","","","","","",3.8,9,999.5,9,997.1,9,"","","","","","","","","","","","","","","","","","","","","","","","","","","","","","","","","","","","","","","","","","","","","","","","","","","","","","","","","","","","","","","","","","","","","","","","","","","","","","","","","","","","","","","","","","","","","","","","","","","","","","","","","","","","","","","",""
"59183001","DUNKERQUE",51.055833,2.3395,11,1892123007,"","","","","","","","","","","","","","","","","","","","","","","","","","","","","","","","","","","","",-2.,9,-2.,9,"","","","","","","","","","","","","","","","","","","","","","","","","","",100,9,"","","","","","","","","","","","",5.3,9,995.5,9,993.1,9,"","","","","","","","","","","","","","","","","","","","","","","","","","","","","","","","","","","","","","","","","","","","","","","","","","","","","","","","","","","","","","","","","","","","","","","","","","","","","","","","","","","","","","","","","","","","","","","","","","","","","","","","","","","","","","","",""
"59183001","DUNKERQUE",51.055833,2.3395,11,1892123012,"","","","","","","","","","","","","","","","","","","","","","","","","","","","","","","","","","","","",0.,9,-2.7,9,"","","","","","","","","","","","","","","","","","","","","","","","","","",82,9,"","","","","","","","","","","","",5.,9,995.3,9,992.9,9,"","","","","","","","","","","","","","","","","","","","","","","","","","","","","","","","","","","","","","","","","","","","","","","","","","","","","","","","","","","","","","","","","","","","","","","","","","","","","","","","","","","","","","","","","","","","","","","","","","","","","","","","","","","","","","","",""
"59183001","DUNKERQUE",51.055833,2.3395,11,1892123020,"","","","","","","","","","","","","","","","","","","","","","","","","","","","","","","","","","","","",0.6,9,-1.4,9,"","","","","","","","","","","","","","","","","","","","","","","","","","",86,9,"","","","","","","","","","","","",5.5,9,994.3,9,992.,9,"","","","","","","","","","","","","","","","","","","","","","","","","","","","","","","","","","","","","","","","","","","","","","","","","","","","","","","","","","","","","","","","","","","","","","","","","","","","","","","","","","","","","","","","","","","","","","","","","","","","","","","","","","","","","","","",""
"59183001","DUNKERQUE",51.055833,2.3395,11,1892123107,"","","","","","","","","","","","","","","","","","","","","","","","","","","","","","","","","","","","",-1.,9,-1.,9,"","","","","","","","","","","","","","","","","","","","","","","","","","",100,9,"","","","","","","","","","","","",5.7,9,994.2,9,991.8,9,"","","","","","","","","","","","","","","","","","","","","","","","","","","","","","","","","","","","","","","","","","","","","","","","","","","","","","","","","","","","","","","","","","","","","","","","","","","","","","","","","","","","","","","","","","","","","","","","","","","","","","","","","","","","","","","",""
"59183001","DUNKERQUE",51.055833,2.3395,11,1892123112,"","","","","","","","","","","","","","","","","","","","","","","","","","","","","","","","","","","","",-0.8,9,-1.4,9,"","","","","","","","","","","","","","","","","","","","","","","","","","",96,9,"","","","","","","","","","","","",5.5,9,994.8,9,992.4,9,"","","","","","","","","","","","","","","","","","","","","","","","","","","","","","","","","","","","","","","","","","","","","","","","","","","","","","","","","","","","","","","","","","","","","","","","","","","","","","","","","","","","","","","","","","","","","","","","","","","","","","","","","","","","","","","",""
"59183001","DUNKERQUE",51.055833,2.3395,11,1892123120,"","","","","","","","","","","","","","","","","","","","","","","","","","","","","","","","","","","","",-3.,9,-5.1,9,"","","","","","","","","","","","","","","","","","","","","","","","","","",86,9,"","","","","","","","","","","","",4.2,9,994.8,9,992.4,9,"","","","","","","","","","","","","","","","","","","","","","","","","","","","","","","","","","","","","","","","","","","","","","","","","","","","","","","","","","","","","","","","","","","","","","","","","","","","","","","","","","","","","","","","","","","","","","","","","","","","","","","","","","","","","","","",""
