"NUM_POSTE","NOM_USUEL","LAT","LON","ALTI","AAAAMMJJHH","RR1","QRR1","DRR1","QDRR1","FF","QFF","DD","QDD","FXY","QFXY","DXY","QDXY","HXY","QHXY","FXI","QFXI","DXI","QDXI","HXI","QHXI","FF2","QFF2","DD2","QDD2","FXI2","QFXI2","DXI2","QDXI2","HXI2","QHXI2","FXI3S","QFXI3S","DXI3S","QDXI3S","HFXI3S","QHFXI3S","T","QT","TD","QTD","TN","QTN","HTN","QHTN","TX","QTX","HTX","QHTX","DG","QDG","T10","QT10","T20","QT20","T50","QT50","T100","QT100","TNSOL","QTNSOL","TN50","QTN50","TCHAUSSEE","QTCHAUSSEE","DHUMEC","QDHUMEC","U","QU","UN","QUN","HUN","QHUN","UX","QUX","HUX","QHUX","DHUMI40","QDHUMI40","DHUMI80","QDHUMI80","TSV","QTSV","PMER","QPMER","PSTAT","QPSTAT","PMERMIN","QPMERMIN","GEOP","QGEOP","N","QN","NBAS","QNBAS","CL","QCL","CM","QCM","CH","QCH","N1","QN1","C1","QC1","B1","QB1","N2","QN2","C2","QC2","B2","QB2","N3","QN3","C3","QC3","B3","QB3","N4","QN4","C4","QC4","B4","QB4","VV","QVV","DVV200","QDVV200","WW","QWW","W1","QW1","W2","QW2","SOL","QSOL","SOLNG","QSOLNG","TMER","QTMER","VVMER","QVVMER","ETATMER","QETATMER","DIRHOULE","QDIRHOULE","HVAGUE","QHVAGUE","PVAGUE","QPVAGUE","HNEIGEF","QHNEIGEF","NEIGETOT","QNEIGETOT","TSNEIGE","QTSNEIGE","TUBENEIGE","QTUBENEIGE","HNEIGEFI3","QHNEIGEFI3","HNEIGEFI1","QHNEIGEFI1","ESNEIGE","QESNEIGE","CHARGENEIGE","QCHARGENEIGE","GLO","QGLO","GLO2","QGLO2","DIR","QDIR","DIR2","QDIR2","DIF","QDIF","DIF2","QDIF2","UV","QUV","UV2","QUV2","UV_INDICE","QUV_INDICE","INFRAR","QINFRAR","INFRAR2","QINFRAR2","INS","QINS","INS2","QINS2","TLAGON","QTLAGON","TVEGETAUX","QTVEGETAUX","ECOULEMENT","QECOULEMENT"
"83069002","PORQUEROLLES",43.,6.226833,135,1981010100,"","","","",6.,1,280,1,"","","","","","","","","","","","","","","","","","","","","","","","","","","","",7.8,1,4.5,1,"","","","","","","","","","","","","","","","","","","","","","","","","","",80,1,"","","","","","","","","","","","",8.5,1,1023.7,1,"","","","","","","","","","","","","","","","","","","","","","","","","","","","","","","","","","","","","","","","","","","","","","","","","","","","","","","","","","","","","","","","","","","","","","","","","","","","","","","","","","","","","","","","","","","","","","","","","","","","","","","","","","","","","","","","","",""
"83069002","PORQUEROLLES",43.,6.226833,135,1981010103,"","","","",7.,1,280,1,"","","","","","","","","","","","","","","","","","","","","","","","","","","","",8.,1,3.8,1,"","","","","","","","","","","","","","","","","","","","","","","","","","",76,1,"","","","","","","","","","","","",8.1,1,1022.2,1,"","","","","","",0,1,"","",0,1,0,1,0,1,"","","","","","","","","","","","","","","","","","","","","","","","",10000,1,"","",0,1,"","","","","","","","","","","","",2,1,0,1,"","","","","","","","","","","","","","","","","","","","","","","","","","","","","","","","","","","","","","","","","","","","","","","","","","","",""
"83069002","PORQUEROLLES",43.,6.226833,135,1981010106,"","","","",12.,1,260,1,"","","","","","","","","","","","","","","","","","","","","","","","","","","","",9.7,1,3.5,1,"","","","","","","","","","","","","","","","","","","","","","","","","","",66,1,"","","","","","","","","","","","",7.9,1,1020.,1,"","","","","","",0,1,"","",0,1,0,1,0,1,"","","","","","","","","","","","","","","","","","","","","","","","",15000,1,"","",2,1,0,1,"","",0,1,"","","","","","",3,1,270,1,"","","","","","","","","","","","","","","","","","","","","","","","","","","","","","","","","","","","","","","","","","","","","","","","","","","",""
"83069002","PORQUEROLLES",43.,6.226833,135,1981010109,"","","","",14.,1,260,1,"","","","","","","","","","","","","","","","","","","","","","","","","","","","",8.5,1,2.6,1,"","","","","","","","","","","","","","","","","","","","","","","","","","",66,1,"","","","","","","","","","","","",7.4,1,1020.4,1,"","","","","","",5,1,5,1,0,1,5,1,0,1,"","","","","","","","","","","","","","","","","","","","","","","","",20000,1,"","",3,1,1,1,"","","","","","","","","","",4,1,270,1,"","","","","","","","","","","","","","","","","","","","","","","","","","","","","","","","","","","","","","","","","","","","","","","","","","","",""
"83069002","PORQUEROLLES",43.,6.226833,135,1981010112,"","","","",14.,1,260,1,"","","","","","","","","","","","","","","","","","","","","","","","","","","","",12.5,1,7.2,1,"","","","","","","","","","","","","","","","","","","","","","","","","","",71,1,"","","","","","","","","","","","",10.3,1,1015.4,1,"","","","","","",5,1,5,1,0,1,5,1,0,1,"","","","","","","","","","","","","","","","","","","","","","","","",25000,1,"","",2,1,2,1,"","","","","","","","","","",5,1,270,1,"","","","","","","","","","","","","","","","","","","","","","","","","","","","","","","","","","","","","","","","","","","","","","","","","","","",""
"83069002","PORQUEROLLES",43.,6.226833,135,1981010115,"","","","",17.,1,280,1,"","","","","","","","","","","","","","","","","","","","","","","","","","","","",12.3,1,5.3,1,"","","","","","","","","","","","","","","","","","","","","","","","","","",63,1,"","","","","","","","","","","","",9.,1,1013.9,1,"","","","","","",5,1,5,1,0,1,5,1,0,1,"","","","","","","","","","","","","","","","","","","","","","","","",22000,1,"","",2,1,2,1,"","","","","","","","","","",5,1,270,1,"","","","","","","","","","","","","","","","","","","","","","","","","","","","","","","","","","","","","","","","","","","","","","","","","","","",""
"83069002","PORQUEROLLES",43.,6.226833,135,1981010118,"","","","",8.,1,300,1,"","","","","","","","","","","","","","","","","","","","","","","","","","","","",9.5,1,2.8,1,"","","","","","","","","","","","","","","","","","","","","","","","","","",63,1,"","","","","","","","","","","","",7.5,1,1015.7,1,"","","","","","",0,1,"","",0,1,0,1,0,1,"","","","","","","","","","","","","","","","","","","","","","","","",22000,1,"","",1,1,1,1,"","","","","","","","","","",5,1,270,1,"","","","","","","","","","","","","","","","","","","","","","","","","","","","","","","","","","","","","","","","","","","","","","","","","","","",""
"83069002","PORQUEROLLES",43.,6.226833,135,1981010121,"","","","",5.,1,260,1,"","","","","","","","","","","","","","","","","","","","","","","","","","","","",8.7,1,3.5,1,"","","","","","","","","","","","","","","","","","","","","","","","","","",71,1,"","","","","","","","","","","","",7.9,1,1018.,1,"","","","","","",0,1,"","",0,1,0,1,0,1,"","","","","","","","","","","","","","","","","","","","","","","","",22000,1,"","",2,1,0,1,"","","","","","","","","","",4,1,270,1,"","","","","","","","","","","","","","","","","","","","","","","","","","","","","","","","","","","","","","","","","","","","","","","","","","","",""
"83069002","PORQUEROLLES",43.,6.226833,135,1981010200,"","","","",3.,1,280,1,"","","","","","","","","","","","","","","","","","","","","","","","","","","","",8.3,1,2.,1,"","","","","","","","","","","","","","","","","","","","","","","","","","",65,1,"","","","","","","","","","","","",7.1,1,1018.5,1,"","","","","","","","","","","","","","","","","","","","","","","","","","","","","","","","","","","","","","","","","","","","","","","","","","","","","","","","","","","","","","","","","","","","","","","","","","","","","","","","","","","","","","","","","","","","","","","","","","","","","","","","","","","","","","","","","",""
"83069002","PORQUEROLLES",43.,6.226833,135,1981010203,"","","","",4.,1,280,1,"","","","","","","","","","","","","","","","","","","","","","","","","","","","",8.,1,1.4,1,"","","","","","","","","","","","","","","","","","","","","","","","","","",63,1,"","","","","","","","","","","","",6.8,1,1019.,1,"","","","","","",0,1,"","",0,1,0,1,0,1,"","","","","","","","","","","","","","","","","","","","","","","","",25000,1,"","",0,1,"","","","","","","","","","","","",3,1,270,1,"","","","","","","","","","","","","","","","","","","","","","","","","","","","","","","","","","","","","","","","","","","","","","","","","","","",""
"83069002","PORQUEROLLES",43.,6.226833,135,1981010206,"","","","",8.,1,320,1,"","","","","","","","","","","","","","","","","","","","","","","","","","","","",7.7,1,1.,1,"","","","","","","","","","","","","","","","","","","","","","","","","","",62,1,"","","","","","","","","","","","",6.6,1,1019.1,1,"","","","","","",0,1,"","",0,1,0,1,0,1,"","","","","","","","","","","","","","","","","","","","","","","","",25000,1,"","",2,1,0,1,"","",0,1,"","","","","","",3,1,270,1,"","","","","","","","","","","","","","","","","","","","","","","","","","","","","","","","","","","","","","","","","","","","","","","","","","","",""
"83069002","PORQUEROLLES",43.,6.226833,135,1981010209,"","","","",8.,1,340,1,"","","","","","","","","","","","","","","","","","","","","","","","","","","","",8.,1,1.2,1,"","","","","","","","","","","","","","","","","","","","","","","","","","",63,1,"","","","","","","","","","","","",6.7,1,1019.9,1,"","","","","","",3,1,0,1,0,1,5,1,0,1,"","","","","","","","","","","","","","","","","","","","","","","","",25000,1,"","",3,1,0,1,"","","","","","","","","","",3,1,270,1,"","","","","","","","","","","","","","","","","","","","","","","","","","","","","","","","","","","","","","","","","","","","","","","","","","","",""
"83069002","PORQUEROLLES",43.,6.226833,135,1981010212,"","","","",7.,1,300,1,"","","","","","","","","","","","","","","","","","","","","","","","","","","","",10.6,1,3.4,1,"","","","","","","","","","","","","","","","","","","","","","","","","","",62,1,"","","","","","","","","","","","",7.9,1,1020.6,1,"","","","","","",3,1,0,1,0,1,0,1,4,1,"","","","","","","","","","","","","","","","","","","","","","","","",35000,1,"","",2,1,0,1,"","","","","","","","","","",4,1,270,1,"","","","","","","","","","","","","","","","","","","","","","","","","","","","","","","","","","","","","","","","","","","","","","","","","","","",""
"83069002","PORQUEROLLES",43.,6.226833,135,1981010215,"","","","",4.,1,300,1,"","","","","","","","","","","","","","","","","","","","","","","","","","","","",12.,1,4.6,1,"","","","","","","","","","","","","","","","","","","","","","","","","","",62,1,"","","","","","","","","","","","",8.6,1,1020.1,1,"","","","","","",0,1,"","",0,1,0,1,0,1,"","","","","","","","","","","","","","","","","","","","","","","","",25000,1,"","",1,1,0,1,"","","","","","","","","","",3,1,270,1,"","","","","","","","","","","","","","","","","","","","","","","","","","","","","","","","","","","","","","","","","","","","","","","","","","","",""
"83069002","PORQUEROLLES",43.,6.226833,135,1981010218,"","","","",6.,1,280,1,"","","","","","","","","","","","","","","","","","","","","","","","","","","","",9.,1,4.6,1,"","","","","","","","","","","","","","","","","","","","","","","","","","",75,1,"","","","","","","","","","","","",8.6,1,1022.1,1,"","","","","","",0,1,"","",0,1,0,1,0,1,"","","","","","","","","","","","","","","","","","","","","","","","",25000,1,"","",2,1,0,1,"","","","","","","","","","",3,1,270,1,"","","","","","","","","","","","","","","","","","","","","","","","","","","","","","","","","","","","","","","","","","","","","","","","","","","",""
"83069002","PORQUEROLLES",43.,6.226833,135,1981010221,"","","","",9.,1,280,1,"","","","","","","","","","","","","","","","","","","","","","","","","","","","",8.9,1,4.5,1,"","","","","","","","","","","","","","","","","","","","","","","","","","",75,1,"","","","","","","","","","","","",8.5,1,1021.3,1,"","","","","","",0,1,"","",0,1,0,1,0,1,"","","","","","","","","","","","","","","","","","","","","","","","",25000,1,"","",2,1,0,1,"","","","","","","","","","",3,1,270,1,"","","","","","","","","","","","","","","","","","","","","","","","","","","","","","","","","","","","","","","","","","","","","","","","","","","",""
"83069002","PORQUEROLLES",43.,6.226833,135,1981010300,"","","","",10.,1,280,1,"","","","","","","","","","","","","","","","","","","","","","","","","","","","",8.9,1,4.9,1,"","","","","","","","","","","","","","","","","","","","","","","","","","",77,1,"","","","","","","","","","","","",8.8,1,1018.4,1,"","","","","","","","","","","","","","","","","","","","","","","","","","","","","","","","","","","","","","","","","","","","","","","","","","","","","","","","","","","","","","","","","","","","","","","","","","","","","","","","","","","","","","","","","","","","","","","","","","","","","","","","","","","","","","","","","",""
"83069002","PORQUEROLLES",43.,6.226833,135,1981010303,"","","","",9.,1,260,1,"","","","","","","","","","","","","","","","","","","","","","","","","","","","",8.9,1,4.5,1,"","","","","","","","","","","","","","","","","","","","","","","","","","",75,1,"","","","","","","","","","","","",8.5,1,1017.4,1,"","","","","","",0,1,"","",0,1,0,1,0,1,"","","","","","","","","","","","","","","","","","","","","","","","",25000,1,"","",0,1,"","","","","","","","","","","","",3,1,270,1,"","","","","","","","","","","","","","","","","","","","","","","","","","","","","","","","","","","","","","","","","","","","","","","","","","","",""
"83069002","PORQUEROLLES",43.,6.226833,135,1981010306,"","","","",10.,1,280,1,"","","","","","","","","","","","","","","","","","","","","","","","","","","","",9.2,1,4.3,1,"","","","","","","","","","","","","","","","","","","","","","","","","","",72,1,"","","","","","","","","","","","",8.4,1,1016.9,1,"","","","","","",0,1,"","",0,1,0,1,0,1,"","","","","","","","","","","","","","","","","","","","","","","","",25000,1,"","",2,1,0,1,"","",0,1,"","","","","","",3,1,270,1,"","","","","","","","","","","","","","","","","","","","","","","","","","","","","","","","","","","","","","","","","","","","","","","","","","","",""
"83069002","PORQUEROLLES",43.,6.226833,135,1981010309,"","","","",15.,1,280,1,"","","","","","","","","","","","","","","","","","","","","","","","","","","","",11.2,1,6.3,1,"","","","","","","","","","","","","","","","","","","","","","","","","","",73,1,"","","","","","","","","","","","",9.7,1,1016.7,1,"","","","","","",1,1,0,1,0,1,4,1,0,1,"","","","","","","","","","","","","","","","","","","","","","","","",30000,1,"","",3,1,0,1,"","","","","","","","","","",4,1,270,1,"","","","","","","","","","","","","","","","","","","","","","","","","","","","","","","","","","","","","","","","","","","","","","","","","","","",""
"83069002","PORQUEROLLES",43.,6.226833,135,1981010312,"","","","",17.,1,260,1,"","","","","","","","","","","","","","","","","","","","","","","","","","","","",13.2,1,6.3,1,"","","","","","","","","","","","","","","","","","","","","","","","","","",64,1,"","","","","","","","","","","","",9.7,1,1014.2,1,"","","","","","",5,1,5,1,0,1,4,1,0,1,"","","","","","","","","","","","","","","","","","","","","","","","",30000,1,"","",3,1,1,1,"","","","","","","","","","",5,1,270,1,"","","","","","","","","","","","","","","","","","","","","","","","","","","","","","","","","","","","","","","","","","","","","","","","","","","",""
"83069002","PORQUEROLLES",43.,6.226833,135,1981010315,"","","","",18.,1,260,1,"","","","","","","","","","","","","","","","","","","","","","","","","","","","",13.5,1,7.2,1,"","","","","","","","","","","","","","","","","","","","","","","","","","",66,1,"","","","","","","","","","","","",10.3,1,1012.3,1,"","","","","","",5,1,5,1,0,1,4,1,0,1,"","","","","","","","","","","","","","","","","","","","","","","","",30000,1,"","",2,1,2,1,"","","","","","","","","","",5,1,270,1,"","","","","","","","","","","","","","","","","","","","","","","","","","","","","","","","","","","","","","","","","","","","","","","","","","","",""
"83069002","PORQUEROLLES",43.,6.226833,135,1981010318,"","","","",20.,1,280,1,"","","","","","","","","","","","","","","","","","","","","","","","","","","","",11.7,1,6.2,1,"","","","","","","","","","","","","","","","","","","","","","","","","","",70,1,"","","","","","","","","","","","",9.6,1,1012.6,1,"","","","","","",5,1,5,1,0,1,4,1,0,1,"","","","","","","","","","","","","","","","","","","","","","","","",30000,1,"","",2,1,2,1,"","","","","","","","","","",5,1,270,1,"","","","","","","","","","","","","","","","","","","","","","","","","","","","","","","","","","","","","","","","","","","","","","","","","","","",""
"83069002","PORQUEROLLES",43.,6.226833,135,1981010321,"","","","",15.,1,280,1,"","","","","","","","","","","","","","","","","","","","","","","","","","","","",10.7,1,6.9,1,"","","","","","","","","","","","","","","","","","","","","","","","","","",79,1,"","","","","","","","","","","","",10.1,1,1013.1,1,"","","","","","",2,1,0,1,0,1,4,1,0,1,"","","","","","","","","","","","","","","","","","","","","","","","",30000,1,"","",1,1,1,1,"","","","","","","","","","",5,1,270,1,"","","","","","","","","","","","","","","","","","","","","","","","","","","","","","","","","","","","","","","","","","","","","","","","","","","",""
"83069002","PORQUEROLLES",43.,6.226833,135,1981010400,"","","","",20.,1,280,1,"","","","","","","","","","","","","","","","","","","","","","","","","","","","",10.6,1,7.,1,"","","","","","","","","","","","","","","","","","","","","","","","","","",80,1,"","","","","","","","","","","","",10.2,1,1011.3,1,"","","","","","","","","","","","","","","","","","","","","","","","","","","","","","","","","","","","","","","","","","","","","","","","","","","","","","","","","","","","","","","","","","","","","","","","","","","","","","","","","","","","","","","","","","","","","","","","","","","","","","","","","","","","","","","","","",""
"83069002","PORQUEROLLES",43.,6.226833,135,1981010403,"","","","",22.,1,280,1,"","","","","","","","","","","","","","","","","","","","","","","","","","","","",10.5,1,7.2,1,"","","","","","","","","","","","","","","","","","","","","","","","","","",81,1,"","","","","","","","","","","","",10.3,1,1009.6,1,"","","","","","",2,1,0,1,0,1,4,1,0,1,"","","","","","","","","","","","","","","","","","","","","","","","",30000,1,"","",0,1,"","","","","","","","","","","","",5,1,270,1,"","","","","","","","","","","","","","","","","","","","","","","","","","","","","","","","","","","","","","","","","","","","","","","","","","","",""
"83069002","PORQUEROLLES",43.,6.226833,135,1981010406,"","","","",23.,1,280,1,"","","","","","","","","","","","","","","","","","","","","","","","","","","","",10.5,1,7.2,1,"","","","","","","","","","","","","","","","","","","","","","","","","","",81,1,"","","","","","","","","","","","",10.3,1,1008.3,1,"","","","","","",0,1,"","",0,1,0,1,0,1,"","","","","","","","","","","","","","","","","","","","","","","","",30000,1,"","",1,1,0,1,"","",0,1,"","","","","","",5,1,270,1,"","","","","","","","","","","","","","","","","","","","","","","","","","","","","","","","","","","","","","","","","","","","","","","","","","","",""
"83069002","PORQUEROLLES",43.,6.226833,135,1981010409,"","","","",22.,1,280,1,"","","","","","","","","","","","","","","","","","","","","","","","","","","","",11.,1,8.1,1,"","","","","","","","","","","","","","","","","","","","","","","","","","",84,1,"","","","","","","","","","","","",11.,1,1007.2,1,"","","","","","",6,1,6,1,0,1,7,1,0,1,"","","","","","","","","","","","","","","","","","","","","","","","",20000,1,"","",3,1,1,1,"","","","","","","","","","",5,1,270,1,"","","","","","","","","","","","","","","","","","","","","","","","","","","","","","","","","","","","","","","","","","","","","","","","","","","",""
"83069002","PORQUEROLLES",43.,6.226833,135,1981010412,"","","","",23.,1,280,1,"","","","","","","","","","","","","","","","","","","","","","","","","","","","",11.5,1,9.6,1,"","","","","","","","","","","","","","","","","","","","","","","","","","",91,1,"","","","","","","","","","","","",12.2,1,1007.4,1,"","","","","","",2,1,0,1,0,1,4,1,0,1,"","","","","","","","","","","","","","","","","","","","","","","","",18000,1,"","",1,1,1,1,"","","","","","","","","","",5,1,270,1,"","","","","","","","","","","","","","","","","","","","","","","","","","","","","","","","","","","","","","","","","","","","","","","","","","","",""
"83069002","PORQUEROLLES",43.,6.226833,135,1981010415,"","","","",22.,1,280,1,"","","","","","","","","","","","","","","","","","","","","","","","","","","","",12.8,1,11.3,1,"","","","","","","","","","","","","","","","","","","","","","","","","","",93,1,"","","","","","","","","","","","",13.7,1,1004.2,1,"","","","","","",2,1,0,1,2,1,0,1,0,1,"","","","","","","","","","","","","","","","","","","","","","","","",12000,1,"","",2,1,0,1,"","","","","","","","","","",5,1,270,1,"","","","","","","","","","","","","","","","","","","","","","","","","","","","","","","","","","","","","","","","","","","","","","","","","","","",""
"83069002","PORQUEROLLES",43.,6.226833,135,1981010418,"","","","",23.,1,280,1,"","","","","","","","","","","","","","","","","","","","","","","","","","","","",12.5,1,6.,1,"","","","","","","","","","","","","","","","","","","","","","","","","","",65,1,"","","","","","","","","","","","",9.5,1,1005.6,1,"","","","","","",0,1,"","",0,1,0,1,0,1,"","","","","","","","","","","","","","","","","","","","","","","","",16000,1,"","",1,1,0,1,"","","","","","","","","","",5,1,270,1,"","","","","","","","","","","","","","","","","","","","","","","","","","","","","","","","","","","","","","","","","","","","","","","","","","","",""
"83069002","PORQUEROLLES",43.,6.226833,135,1981010421,"","","","",22.,1,300,1,"","","","","","","","","","","","","","","","","","","","","","","","","","","","",11.7,1,3.3,1,"","","","","","","","","","","","","","","","","","","","","","","","","","",57,1,"","","","","","","","","","","","",7.8,1,1006.9,1,"","","","","","",0,1,"","",0,1,0,1,0,1,"","","","","","","","","","","","","","","","","","","","","","","","",22000,1,"","",2,1,0,1,"","","","","","","","","","",5,1,270,1,"","","","","","","","","","","","","","","","","","","","","","","","","","","","","","","","","","","","","","","","","","","","","","","","","","","",""
"83069002","PORQUEROLLES",43.,6.226833,135,1981010500,"","","","",16.,1,300,1,"","","","","","","","","","","","","","","","","","","","","","","","","","","","",10.2,1,2.7,1,"","","","","","","","","","","","","","","","","","","","","","","","","","",60,1,"","","","","","","","","","","","",7.5,1,1008.4,1,"","","","","","","","","","","","","","","","","","","","","","","","","","","","","","","","","","","","","","","","","","","","","","","","","","","","","","","","","","","","","","","","","","","","","","","","","","","","","","","","","","","","","","","","","","","","","","","","","","","","","","","","","","","","","","","","","",""
"83069002","PORQUEROLLES",43.,6.226833,135,1981010503,"","","","",18.,1,280,1,"","","","","","","","","","","","","","","","","","","","","","","","","","","","",8.2,1,1.2,1,"","","","","","","","","","","","","","","","","","","","","","","","","","",62,1,"","","","","","","","","","","","",6.7,1,1008.8,1,"","","","","","",0,1,"","",0,1,0,1,0,1,"","","","","","","","","","","","","","","","","","","","","","","","",22000,1,"","",0,1,"","","","","","","","","","","","",5,1,270,1,"","","","","","","","","","","","","","","","","","","","","","","","","","","","","","","","","","","","","","","","","","","","","","","","","","","",""
"83069002","PORQUEROLLES",43.,6.226833,135,1981010506,"","","","",14.,1,300,1,"","","","","","","","","","","","","","","","","","","","","","","","","","","","",7.5,1,0.8,1,"","","","","","","","","","","","","","","","","","","","","","","","","","",62,1,"","","","","","","","","","","","",6.5,1,1011.2,1,"","","","","","",0,1,"","",0,1,0,1,0,1,"","","","","","","","","","","","","","","","","","","","","","","","",22000,1,"","",2,1,0,1,"","",0,1,"","","","","","",5,1,270,1,"","","","","","","","","","","","","","","","","","","","","","","","","","","","","","","","","","","","","","","","","","","","","","","","","","","",""
"83069002","PORQUEROLLES",43.,6.226833,135,1981010509,"","","","",15.,1,300,1,"","","","","","","","","","","","","","","","","","","","","","","","","","","","",6.6,1,-0.6,1,"","","","","","","","","","","","","","","","","","","","","","","","","","",59,1,"","","","","","","","","","","","",5.8,1,1014.5,1,"","","","","","",1,1,0,1,1,1,0,1,0,1,"","","","","","","","","","","","","","","","","","","","","","","","",35000,1,"","",3,1,0,1,"","","","","","","","","","",5,1,270,1,"","","","","","","","","","","","","","","","","","","","","","","","","","","","","","","","","","","","","","","","","","","","","","","","","","","",""
"83069002","PORQUEROLLES",43.,6.226833,135,1981010512,"","","","",10.,1,340,1,"","","","","","","","","","","","","","","","","","","","","","","","","","","","",9.2,1,0.8,1,"","","","","","","","","","","","","","","","","","","","","","","","","","",56,1,"","","","","","","","","","","","",6.5,1,1016.1,1,"","","","","","",1,1,0,1,2,1,0,1,0,1,"","","","","","","","","","","","","","","","","","","","","","","","",40000,1,"","",2,1,0,1,"","","","","","","","","","",4,1,270,1,"","","","","","","","","","","","","","","","","","","","","","","","","","","","","","","","","","","","","","","","","","","","","","","","","","","",""
"83069002","PORQUEROLLES",43.,6.226833,135,1981010515,"","","","",8.,1,320,1,"","","","","","","","","","","","","","","","","","","","","","","","","","","","",9.,1,2.4,1,"","","","","","","","","","","","","","","","","","","","","","","","","","",63,1,"","","","","","","","","","","","",7.3,1,1017.1,1,"","","","","","",1,1,0,1,0,1,0,1,1,1,"","","","","","","","","","","","","","","","","","","","","","","","",35000,1,"","",2,1,0,1,"","","","","","","","","","",4,1,270,1,"","","","","","","","","","","","","","","","","","","","","","","","","","","","","","","","","","","","","","","","","","","","","","","","","","","",""
"83069002","PORQUEROLLES",43.,6.226833,135,1981010518,"","","","",7.,1,300,1,"","","","","","","","","","","","","","","","","","","","","","","","","","","","",6.3,1,-0.2,1,"","","","","","","","","","","","","","","","","","","","","","","","","","",63,1,"","","","","","","","","","","","",6.,1,1018.5,1,"","","","","","",0,1,"","",0,1,0,1,0,1,"","","","","","","","","","","","","","","","","","","","","","","","",30000,1,"","",1,1,0,1,"","","","","","","","","","",4,1,270,1,"","","","","","","","","","","","","","","","","","","","","","","","","","","","","","","","","","","","","","","","","","","","","","","","","","","",""
"83069002","PORQUEROLLES",43.,6.226833,135,1981010521,"","","","",8.,1,320,1,"","","","","","","","","","","","","","","","","","","","","","","","","","","","",4.4,1,-2.6,1,"","","","","","","","","","","","","","","","","","","","","","","","","","",60,1,"","","","","","","","","","","","",5.,1,1019.5,1,"","","","","","",0,1,"","",0,1,0,1,0,1,"","","","","","","","","","","","","","","","","","","","","","","","",30000,1,"","",2,1,0,1,"","","","","","","","","","",4,1,270,1,"","","","","","","","","","","","","","","","","","","","","","","","","","","","","","","","","","","","","","","","","","","","","","","","","","","",""
"83069002","PORQUEROLLES",43.,6.226833,135,1981010600,"","","","",10.,1,300,1,"","","","","","","","","","","","","","","","","","","","","","","","","","","","",4.,1,-5.8,1,"","","","","","","","","","","","","","","","","","","","","","","","","","",48,1,"","","","","","","","","","","","",3.9,1,1019.5,1,"","","","","","","","","","","","","","","","","","","","","","","","","","","","","","","","","","","","","","","","","","","","","","","","","","","","","","","","","","","","","","","","","","","","","","","","","","","","","","","","","","","","","","","","","","","","","","","","","","","","","","","","","","","","","","","","","",""
"83069002","PORQUEROLLES",43.,6.226833,135,1981010603,"","","","",13.,1,280,1,"","","","","","","","","","","","","","","","","","","","","","","","","","","","",4.2,1,-3.1,1,"","","","","","","","","","","","","","","","","","","","","","","","","","",58,1,"","","","","","","","","","","","",4.8,1,1020.1,1,"","","","","","",0,1,"","",0,1,0,1,0,1,"","","","","","","","","","","","","","","","","","","","","","","","",30000,1,"","",0,1,"","","","","","","","","","","","",4,1,270,1,"","","","","","","","","","","","","","","","","","","","","","","","","","","","","","","","","","","","","","","","","","","","","","","","","","","",""
"83069002","PORQUEROLLES",43.,6.226833,135,1981010606,"","","","",14.,1,260,1,"","","","","","","","","","","","","","","","","","","","","","","","","","","","",5.5,1,-1.8,1,"","","","","","","","","","","","","","","","","","","","","","","","","","",59,1,"","","","","","","","","","","","",5.3,1,1017.6,1,"","","","","","",0,1,"","",0,1,0,1,0,1,"","","","","","","","","","","","","","","","","","","","","","","","",30000,1,"","",2,1,0,1,"","",0,1,"","","","","","",4,1,270,1,"","","","","","","","","","","","","","","","","","","","","","","","","","","","","","","","","","","","","","","","","","","","","","","","","","","",""
"83069002","PORQUEROLLES",43.,6.226833,135,1981010609,"","","","",18.,1,280,1,"","","","","","","","","","","","","","","","","","","","","","","","","","","","",5.9,1,0.8,1,"","","","","","","","","","","","","","","","","","","","","","","","","","",70,1,"","","","","","","","","","","","",6.5,1,1017.2,1,"","","","","","",3,1,0,1,2,1,6,1,0,1,"","","","","","","","","","","","","","","","","","","","","","","","",25000,1,"","",3,1,0,1,"","","","","","","","","","",4,1,270,1,"","","","","","","","","","","","","","","","","","","","","","","","","","","","","","","","","","","","","","","","","","","","","","","","","","","",""
"83069002","PORQUEROLLES",43.,6.226833,135,1981010612,"","","","",19.,1,280,1,"","","","","","","","","","","","","","","","","","","","","","","","","","","","",10.5,1,5.6,1,"","","","","","","","","","","","","","","","","","","","","","","","","","",73,1,"","","","","","","","","","","","",9.2,1,1014.4,1,"","","","","","",5,1,5,1,2,1,0,1,8,1,"","","","","","","","","","","","","","","","","","","","","","","","",25000,1,"","",3,1,1,1,"","","","","","","","","","",4,1,270,1,"","","","","","","","","","","","","","","","","","","","","","","","","","","","","","","","","","","","","","","","","","","","","","","","","","","",""
"83069002","PORQUEROLLES",43.,6.226833,135,1981010615,"","","","",15.,1,280,1,"","","","","","","","","","","","","","","","","","","","","","","","","","","","",11.6,1,3.4,1,"","","","","","","","","","","","","","","","","","","","","","","","","","",58,1,"","","","","","","","","","","","",7.9,1,1015.,1,"","","","","","",4,1,0,1,2,1,0,1,8,1,"","","","","","","","","","","","","","","","","","","","","","","","",30000,1,"","",2,1,2,1,"","","","","","","","","","",4,1,270,1,"","","","","","","","","","","","","","","","","","","","","","","","","","","","","","","","","","","","","","","","","","","","","","","","","","","",""
"83069002","PORQUEROLLES",43.,6.226833,135,1981010618,"","","","",15.,1,280,1,"","","","","","","","","","","","","","","","","","","","","","","","","","","","",10.1,1,3.8,1,"","","","","","","","","","","","","","","","","","","","","","","","","","",65,1,"","","","","","","","","","","","",8.1,1,1015.1,1,"","","","","","",3,1,0,1,2,1,0,1,8,1,"","","","","","","","","","","","","","","","","","","","","","","","",25000,1,"","",2,1,1,1,"","","","","","","","","","",4,1,270,1,"","","","","","","","","","","","","","","","","","","","","","","","","","","","","","","","","","","","","","","","","","","","","","","","","","","",""
"83069002","PORQUEROLLES",43.,6.226833,135,1981010621,"","","","",15.,1,280,1,"","","","","","","","","","","","","","","","","","","","","","","","","","","","",8.8,1,1.8,1,"","","","","","","","","","","","","","","","","","","","","","","","","","",62,1,"","","","","","","","","","","","",7.,1,1016.9,1,"","","","","","",3,1,0,1,2,1,0,1,8,1,"","","","","","","","","","","","","","","","","","","","","","","","",35000,1,"","",2,1,0,1,"","","","","","","","","","",4,1,270,1,"","","","","","","","","","","","","","","","","","","","","","","","","","","","","","","","","","","","","","","","","","","","","","","","","","","",""
"83069002","PORQUEROLLES",43.,6.226833,135,1981010700,"","","","",13.,1,280,1,"","","","","","","","","","","","","","","","","","","","","","","","","","","","",7.1,1,0.8,1,"","","","","","","","","","","","","","","","","","","","","","","","","","",64,1,"","","","","","","","","","","","",6.5,1,1017.,1,"","","","","","","","","","","","","","","","","","","","","","","","","","","","","","","","","","","","","","","","","","","","","","","","","","","","","","","","","","","","","","","","","","","","","","","","","","","","","","","","","","","","","","","","","","","","","","","","","","","","","","","","","","","","","","","","","",""
"83069002","PORQUEROLLES",43.,6.226833,135,1981010703,"","","","",10.,1,300,1,"","","","","","","","","","","","","","","","","","","","","","","","","","","","",6.6,1,-0.6,1,"","","","","","","","","","","","","","","","","","","","","","","","","","",60,1,"","","","","","","","","","","","",5.8,1,1015.7,1,"","","","","","",2,1,0,1,0,1,0,1,2,1,"","","","","","","","","","","","","","","","","","","","","","","","",30000,1,"","",0,1,"","","","","","","","","","","","",4,1,270,1,"","","","","","","","","","","","","","","","","","","","","","","","","","","","","","","","","","","","","","","","","","","","","","","","","","","",""
"83069002","PORQUEROLLES",43.,6.226833,135,1981010706,"","","","",8.,1,320,1,"","","","","","","","","","","","","","","","","","","","","","","","","","","","",5.,1,-0.9,1,"","","","","","","","","","","","","","","","","","","","","","","","","","",66,1,"","","","","","","","","","","","",5.7,1,1015.1,1,"","","","","","",0,1,"","",0,1,0,1,0,1,"","","","","","","","","","","","","","","","","","","","","","","","",30000,1,"","",1,1,0,1,"","","","","","","","","","",4,1,270,1,"","","","","","","","","","","","","","","","","","","","","","","","","","","","","","","","","","","","","","","","","","","","","","","","","","","",""
"83069002","PORQUEROLLES",43.,6.226833,135,1981010709,"","","","",15.,1,340,1,"","","","","","","","","","","","","","","","","","","","","","","","","","","","",6.,1,-4.,1,"","","","","","","","","","","","","","","","","","","","","","","","","","",49,1,"","","","","","","","","","","","",4.5,1,1016.4,1,"","","","","","",0,1,"","",0,1,0,1,0,1,"","","","","","","","","","","","","","","","","","","","","","","","",30000,1,"","",2,1,0,1,"","","","","","","","","","",5,1,270,1,"","","","","","","","","","","","","","","","","","","","","","","","","","","","","","","","","","","","","","","","","","","","","","","","","","","",""
"83069002","PORQUEROLLES",43.,6.226833,135,1981010712,"","","","",16.,1,340,1,"","","","","","","","","","","","","","","","","","","","","","","","","","","","",8.,1,0.,1,"","","","","","","","","","","","","","","","","","","","","","","","","","",57,1,"","","","","","","","","","","","",6.1,1,1017.5,1,"","","","","","",1,1,0,1,2,1,0,1,0,1,"","","","","","","","","","","","","","","","","","","","","","","","",30000,1,"","",3,1,0,1,"","","","","","","","","","",5,1,270,1,"","","","","","","","","","","","","","","","","","","","","","","","","","","","","","","","","","","","","","","","","","","","","","","","","","","",""
"83069002","PORQUEROLLES",43.,6.226833,135,1981010715,"","","","",14.,1,320,1,"","","","","","","","","","","","","","","","","","","","","","","","","","","","",7.2,1,-4.,1,"","","","","","","","","","","","","","","","","","","","","","","","","","",45,1,"","","","","","","","","","","","",4.5,1,1018.,1,"","","","","","",3,1,0,1,3,1,0,1,0,1,"","","","","","","","","","","","","","","","","","","","","","","","",38000,1,"","",3,1,0,1,"","","","","","","","","","",4,1,270,1,"","","","","","","","","","","","","","","","","","","","","","","","","","","","","","","","","","","","","","","","","","","","","","","","","","","",""
"83069002","PORQUEROLLES",43.,6.226833,135,1981010718,"","","","",13.,1,340,1,"","","","","","","","","","","","","","","","","","","","","","","","","","","","",4.4,1,-5.8,1,"","","","","","","","","","","","","","","","","","","","","","","","","","",46,1,"","","","","","","","","","","","",3.9,1,1021.7,1,"","","","","","",0,1,"","",0,1,0,1,0,1,"","","","","","","","","","","","","","","","","","","","","","","","",22000,1,"","",1,1,0,1,"","","","","","","","","","",4,1,270,1,"","","","","","","","","","","","","","","","","","","","","","","","","","","","","","","","","","","","","","","","","","","","","","","","","","","",""
"83069002","PORQUEROLLES",43.,6.226833,135,1981010721,"","","","",14.,1,340,1,"","","","","","","","","","","","","","","","","","","","","","","","","","","","",3.2,1,-6.1,1,"","","","","","","","","","","","","","","","","","","","","","","","","","",50,1,"","","","","","","","","","","","",3.8,1,1023.6,1,"","","","","","",0,1,"","",0,1,0,1,0,1,"","","","","","","","","","","","","","","","","","","","","","","","",22000,1,"","",2,1,0,1,"","","","","","","","","","",4,1,270,1,"","","","","","","","","","","","","","","","","","","","","","","","","","","","","","","","","","","","","","","","","","","","","","","","","","","",""
"83069002","PORQUEROLLES",43.,6.226833,135,1981010800,"","","","",10.,1,320,1,"","","","","","","","","","","","","","","","","","","","","","","","","","","","",3.,1,-2.1,1,"","","","","","","","","","","","","","","","","","","","","","","","","","",70,1,"","","","","","","","","","","","",5.2,1,1023.9,1,"","","","","","","","","","","","","","","","","","","","","","","","","","","","","","","","","","","","","","","","","","","","","","","","","","","","","","","","","","","","","","","","","","","","","","","","","","","","","","","","","","","","","","","","","","","","","","","","","","","","","","","","","","","","","","","","","",""
"83069002","PORQUEROLLES",43.,6.226833,135,1981010803,"","","","",8.,1,320,1,"","","","","","","","","","","","","","","","","","","","","","","","","","","","",2.,1,-1.4,1,"","","","","","","","","","","","","","","","","","","","","","","","","","",83,1,"","","","","","","","","","","","",5.5,1,1026.5,1,"","","","","","",0,1,"","",0,1,0,1,0,1,"","","","","","","","","","","","","","","","","","","","","","","","",18000,1,"","",0,1,"","","","","","","","","","","","",4,1,270,1,"","","","","","","","","","","","","","","","","","","","","","","","","","","","","","","","","","","","","","","","","","","","","","","","","","","",""
"83069002","PORQUEROLLES",43.,6.226833,135,1981010806,"","","","",6.,1,340,1,"","","","","","","","","","","","","","","","","","","","","","","","","","","","",1.,1,-1.9,1,"","","","","","","","","","","","","","","","","","","","","","","","","","",82,1,"","","","","","","","","","","","",5.3,1,1026.5,1,"","","","","","",0,1,"","",0,1,0,1,0,1,"","","","","","","","","","","","","","","","","","","","","","","","",25000,1,"","",2,1,0,1,"","",0,1,"","","","","","",3,1,270,1,"","","","","","","","","","","","","","","","","","","","","","","","","","","","","","","","","","","","","","","","","","","","","","","","","","","",""
"83069002","PORQUEROLLES",43.,6.226833,135,1981010809,"","","","",7.,1,340,1,"","","","","","","","","","","","","","","","","","","","","","","","","","","","",2.,1,-4.,1,"","","","","","","","","","","","","","","","","","","","","","","","","","",64,1,"","","","","","","","","","","","",4.5,1,1029.,1,"","","","","","",1,1,0,1,2,1,0,1,0,1,"","","","","","","","","","","","","","","","","","","","","","","","",40000,1,"","",3,1,0,1,"","","","","","","","","","",3,1,270,1,"","","","","","","","","","","","","","","","","","","","","","","","","","","","","","","","","","","","","","","","","","","","","","","","","","","",""
"83069002","PORQUEROLLES",43.,6.226833,135,1981010812,"","","","",2.,1,40,1,"","","","","","","","","","","","","","","","","","","","","","","","","","","","",5.5,1,-2.4,1,"","","","","","","","","","","","","","","","","","","","","","","","","","",56,1,"","","","","","","","","","","","",5.1,1,1029.7,1,"","","","","","",3,1,0,1,5,1,0,1,0,1,"","","","","","","","","","","","","","","","","","","","","","","","",40000,1,"","",3,1,0,1,"","","","","","","","","","",3,1,90,1,"","","","","","","","","","","","","","","","","","","","","","","","","","","","","","","","","","","","","","","","","","","","","","","","","","","",""
"83069002","PORQUEROLLES",43.,6.226833,135,1981010815,"","","","",3.,1,20,1,"","","","","","","","","","","","","","","","","","","","","","","","","","","","",5.7,1,-1.6,1,"","","","","","","","","","","","","","","","","","","","","","","","","","",59,1,"","","","","","","","","","","","",5.4,1,1029.7,1,"","","","","","",2,1,0,1,2,1,0,1,0,1,"","","","","","","","","","","","","","","","","","","","","","","","",40000,1,"","",1,1,0,1,"","","","","","","","","","",3,1,90,1,"","","","","","","","","","","","","","","","","","","","","","","","","","","","","","","","","","","","","","","","","","","","","","","","","","","",""
"83069002","PORQUEROLLES",43.,6.226833,135,1981010818,"","","","",0.,1,0,1,"","","","","","","","","","","","","","","","","","","","","","","","","","","","",4.,1,-2.9,1,"","","","","","","","","","","","","","","","","","","","","","","","","","",61,1,"","","","","","","","","","","","",4.9,1,1030.5,1,"","","","","","",5,1,5,1,5,1,0,1,0,1,"","","","","","","","","","","","","","","","","","","","","","","","",20000,1,"","",3,1,1,1,"","","","","","","","","","",2,1,0,1,"","","","","","","","","","","","","","","","","","","","","","","","","","","","","","","","","","","","","","","","","","","","","","","","","","","",""
"83069002","PORQUEROLLES",43.,6.226833,135,1981010821,"","","","",5.,1,60,1,"","","","","","","","","","","","","","","","","","","","","","","","","","","","",4.,1,-2.9,1,"","","","","","","","","","","","","","","","","","","","","","","","","","",61,1,"","","","","","","","","","","","",4.9,1,1031.5,1,"","","","","","",7,1,7,1,5,1,"","","","","","","","","","","","","","","","","","","","","","","","","","","","",20000,1,"","",3,1,2,1,"","","","","","","","","","",2,1,0,1,"","","","","","","","","","","","","","","","","","","","","","","","","","","","","","","","","","","","","","","","","","","","","","","","","","","",""
"83069002","PORQUEROLLES",43.,6.226833,135,1981010900,"","","","",5.,1,40,1,"","","","","","","","","","","","","","","","","","","","","","","","","","","","",3.8,1,-4.,1,"","","","","","","","","","","","","","","","","","","","","","","","","","",57,1,"","","","","","","","","","","","",4.5,1,1031.1,1,"","","","","","","","","","","","","","","","","","","","","","","","","","","","","","","","","","","","","","","","","","","","","","","","","","","","","","","","","","","","","","","","","","","","","","","","","","","","","","","","","","","","","","","","","","","","","","","","","","","","","","","","","","","","","","","","","",""
"83069002","PORQUEROLLES",43.,6.226833,135,1981010903,"","","","",5.,1,40,1,"","","","","","","","","","","","","","","","","","","","","","","","","","","","",4.,1,-2.1,1,"","","","","","","","","","","","","","","","","","","","","","","","","","",64,1,"","","","","","","","","","","","",5.2,1,1031.1,1,"","","","","","",8,1,8,1,5,1,"","","","","","","","","","","","","","","","","","","","","","","","","","","","",20000,1,"","",0,1,"","","","","","","","","","","","",2,1,0,1,"","","","","","","","","","","","","","","","","","","","","","","","","","","","","","","","","","","","","","","","","","","","","","","","","","","",""
"83069002","PORQUEROLLES",43.,6.226833,135,1981010906,"","","","",4.,1,20,1,"","","","","","","","","","","","","","","","","","","","","","","","","","","","",3.5,1,-0.6,1,"","","","","","","","","","","","","","","","","","","","","","","","","","",74,1,"","","","","","","","","","","","",5.8,1,1030.,1,"","","","","","",8,1,8,1,5,1,"","","","","","","","","","","","","","","","","","","","","","","","","","","","",20000,1,"","",2,1,2,1,"","",0,1,"","","","","","",2,1,0,1,"","","","","","","","","","","","","","","","","","","","","","","","","","","","","","","","","","","","","","","","","","","","","","","","","","","",""
"83069002","PORQUEROLLES",43.,6.226833,135,1981010909,"","","","",3.,1,40,1,"","","","","","","","","","","","","","","","","","","","","","","","","","","","",4.2,1,0.6,1,"","","","","","","","","","","","","","","","","","","","","","","","","","",77,1,"","","","","","","","","","","","",6.4,1,1030.2,1,"","","","","","",8,1,8,1,5,1,"","","","","","","","","","","","","","","","","","","","","","","","","","","","",25000,1,"","",2,1,2,1,"","","","","","","","","","",2,1,0,1,"","","","","","","","","","","","","","","","","","","","","","","","","","","","","","","","","","","","","","","","","","","","","","","","","","","",""
"83069002","PORQUEROLLES",43.,6.226833,135,1981010912,"","","","",2.,1,60,1,"","","","","","","","","","","","","","","","","","","","","","","","","","","","",5.1,1,-0.4,1,"","","","","","","","","","","","","","","","","","","","","","","","","","",67,1,"","","","","","","","","","","","",5.9,1,1028.8,1,"","","","","","",8,1,8,1,5,1,"","","","","","","","","","","","","","","","","","","","","","","","","","","","",20000,1,"","",2,1,2,1,"","","","","","","","","","",2,1,0,1,"","","","","","","","","","","","","","","","","","","","","","","","","","","","","","","","","","","","","","","","","","","","","","","","","","","",""
"83069002","PORQUEROLLES",43.,6.226833,135,1981010915,"","","","",2.,1,200,1,"","","","","","","","","","","","","","","","","","","","","","","","","","","","",6.1,1,1.,1,"","","","","","","","","","","","","","","","","","","","","","","","","","",70,1,"","","","","","","","","","","","",6.6,1,1027.1,1,"","","","","","",6,1,6,1,5,1,0,1,0,1,"","","","","","","","","","","","","","","","","","","","","","","","",20000,1,"","",1,1,2,1,"","","","","","","","","","",2,1,0,1,"","","","","","","","","","","","","","","","","","","","","","","","","","","","","","","","","","","","","","","","","","","","","","","","","","","",""
"83069002","PORQUEROLLES",43.,6.226833,135,1981010918,"","","","",2.,1,260,1,"","","","","","","","","","","","","","","","","","","","","","","","","","","","",4.6,1,0.1,1,"","","","","","","","","","","","","","","","","","","","","","","","","","",69,1,"","","","","","","","","","","","",6.2,1,1025.9,1,"","","","","","",6,1,6,1,5,1,0,1,0,1,"","","","","","","","","","","","","","","","","","","","","","","","",20000,1,"","",2,1,2,1,"","","","","","","","","","",2,1,0,1,"","","","","","","","","","","","","","","","","","","","","","","","","","","","","","","","","","","","","","","","","","","","","","","","","","","",""
"83069002","PORQUEROLLES",43.,6.226833,135,1981010921,"","","","",1.,1,280,1,"","","","","","","","","","","","","","","","","","","","","","","","","","","","",5.2,1,1.6,1,"","","","","","","","","","","","","","","","","","","","","","","","","","",78,1,"","","","","","","","","","","","",6.9,1,1024.3,1,"","","","","","",8,1,8,1,5,1,"","","","","","","","","","","","","","","","","","","","","","","","","","","","",15000,1,"","",3,1,2,1,"","","","","","","","","","",2,1,0,1,"","","","","","","","","","","","","","","","","","","","","","","","","","","","","","","","","","","","","","","","","","","","","","","","","","","",""
"83069002","PORQUEROLLES",43.,6.226833,135,1981011000,"","","","",4.,1,20,1,"","","","","","","","","","","","","","","","","","","","","","","","","","","","",4.6,1,0.1,1,"","","","","","","","","","","","","","","","","","","","","","","","","","",73,1,"","","","","","","","","","","","",6.2,1,1022.1,1,"","","","","","","","","","","","","","","","","","","","","","","","","","","","","","","","","","","","","","","","","","","","","","","","","","","","","","","","","","","","","","","","","","","","","","","","","","","","","","","","","","","","","","","","","","","","","","","","","","","","","","","","","","","","","","","","","",""
"83069002","PORQUEROLLES",43.,6.226833,135,1981011003,"","","","",5.,1,360,1,"","","","","","","","","","","","","","","","","","","","","","","","","","","","",4.4,1,0.8,1,"","","","","","","","","","","","","","","","","","","","","","","","","","",77,1,"","","","","","","","","","","","",6.5,1,1019.9,1,"","","","","","",8,1,8,1,5,1,"","","","","","","","","","","","","","","","","","","","","","","","","","","","",20000,1,"","",0,1,"","","","","","","","","","","","",2,1,0,1,"","","","","","","","","","","","","","","","","","","","","","","","","","","","","","","","","","","","","","","","","","","","","","","","","","","",""
"83069002","PORQUEROLLES",43.,6.226833,135,1981011006,"","","","",4.,1,20,1,"","","","","","","","","","","","","","","","","","","","","","","","","","","","",4.4,1,1.6,1,"","","","","","","","","","","","","","","","","","","","","","","","","","",83,1,"","","","","","","","","","","","",6.9,1,1017.7,1,"","","","","","",8,1,8,1,5,1,"","","","","","","","","","","","","","","","","","","","","","","","","","","","",20000,1,"","",2,1,2,1,"","",0,1,"","","","","","",2,1,0,1,"","","","","","","","","","","","","","","","","","","","","","","","","","","","","","","","","","","","","","","","","","","","","","","","","","","",""
"83069002","PORQUEROLLES",43.,6.226833,135,1981011009,"","","","",2.,1,40,1,"","","","","","","","","","","","","","","","","","","","","","","","","","","","",5.5,1,2.2,1,"","","","","","","","","","","","","","","","","","","","","","","","","","",78,1,"","","","","","","","","","","","",7.2,1,1016.5,1,"","","","","","",7,1,7,1,5,1,"","","","","","","","","","","","","","","","","","","","","","","","","","","","",20000,1,"","",2,1,2,1,"","","","","","","","","","",2,1,0,1,"","","","","","","","","","","","","","","","","","","","","","","","","","","","","","","","","","","","","","","","","","","","","","","","","","","",""
"83069002","PORQUEROLLES",43.,6.226833,135,1981011012,"","","","",0.,1,0,1,"","","","","","","","","","","","","","","","","","","","","","","","","","","","",8.,1,3.4,1,"","","","","","","","","","","","","","","","","","","","","","","","","","",74,1,"","","","","","","","","","","","",7.9,1,1014.,1,"","","","","","",6,1,6,1,5,1,0,1,0,1,"","","","","","","","","","","","","","","","","","","","","","","","",12000,1,"","",2,1,2,1,"","","","","","","","","","",2,1,0,1,"","","","","","","","","","","","","","","","","","","","","","","","","","","","","","","","","","","","","","","","","","","","","","","","","","","",""
"83069002","PORQUEROLLES",43.,6.226833,135,1981011015,"","","","",0.,1,0,1,"","","","","","","","","","","","","","","","","","","","","","","","","","","","",6.8,1,3.6,1,"","","","","","","","","","","","","","","","","","","","","","","","","","",81,1,"","","","","","","","","","","","",8.,1,1012.5,1,"","","","","","",6,1,6,1,5,1,0,1,0,1,"","","","","","","","","","","","","","","","","","","","","","","","",12000,1,"","",2,1,2,1,"","","","","","","","","","",2,1,0,1,"","","","","","","","","","","","","","","","","","","","","","","","","","","","","","","","","","","","","","","","","","","","","","","","","","","",""
"83069002","PORQUEROLLES",43.,6.226833,135,1981011018,"","","","",0.,1,0,1,"","","","","","","","","","","","","","","","","","","","","","","","","","","","",6.,1,2.9,1,"","","","","","","","","","","","","","","","","","","","","","","","","","",82,1,"","","","","","","","","","","","",7.6,1,1012.3,1,"","","","","","",8,1,8,1,5,1,"","","","","","","","","","","","","","","","","","","","","","","","","","","","",16000,1,"","",3,1,2,1,"","","","","","","","","","",2,1,0,1,"","","","","","","","","","","","","","","","","","","","","","","","","","","","","","","","","","","","","","","","","","","","","","","","","","","",""
"83069002","PORQUEROLLES",43.,6.226833,135,1981011021,"","","","",0.,1,0,1,"","","","","","","","","","","","","","","","","","","","","","","","","","","","",6.4,1,3.6,1,"","","","","","","","","","","","","","","","","","","","","","","","","","",83,1,"","","","","","","","","","","","",8.,1,1012.3,1,"","","","","","",8,1,8,1,5,1,"","","","","","","","","","","","","","","","","","","","","","","","","","","","",16000,1,"","",1,1,2,1,"","","","","","","","","","",2,1,0,1,"","","","","","","","","","","","","","","","","","","","","","","","","","","","","","","","","","","","","","","","","","","","","","","","","","","",""
"83069002","PORQUEROLLES",43.,6.226833,135,1981011100,"","","","",4.,1,60,1,"","","","","","","","","","","","","","","","","","","","","","","","","","","","",6.5,1,4.3,1,"","","","","","","","","","","","","","","","","","","","","","","","","","",87,1,"","","","","","","","","","","","",8.4,1,1012.4,1,"","","","","","","","","","","","","","","","","","","","","","","","","","","","","","","","","","","","","","","","","","","","","","","","","","","","","","","","","","","","","","","","","","","","","","","","","","","","","","","","","","","","","","","","","","","","","","","","","","","","","","","","","","","","","","","","","",""
"83069002","PORQUEROLLES",43.,6.226833,135,1981011103,"","","","",6.,1,100,1,"","","","","","","","","","","","","","","","","","","","","","","","","","","","",8.,1,5.1,1,"","","","","","","","","","","","","","","","","","","","","","","","","","",82,1,"","","","","","","","","","","","",8.9,1,1010.7,1,"","","","","","",8,1,8,1,6,1,"","","","","","","","","","","","","","","","","","","","","","","","","","","","",12000,1,"","",0,1,"","","","","","","","","","","","",2,1,0,1,"","","","","","","","","","","","","","","","","","","","","","","","","","","","","","","","","","","","","","","","","","","","","","","","","","","",""
"83069002","PORQUEROLLES",43.,6.226833,135,1981011106,"","","","",15.,1,80,1,"","","","","","","","","","","","","","","","","","","","","","","","","","","","",8.1,1,6.3,1,"","","","","","","","","","","","","","","","","","","","","","","","","","",90,1,"","","","","","","","","","","","",9.7,1,1010.6,1,"","","","","","",8,1,8,1,7,1,"","","","","","","","","","","","","","","","","","","","","","","","","","","","",12000,1,"","",60,1,6,1,"","",0,1,"","","","","","",3,1,90,1,"","","","","","","","","","","","","","","","","","","","","","","","","","","","","","","","","","","","","","","","","","","","","","","","","","","",""
"83069002","PORQUEROLLES",43.,6.226833,135,1981011109,"","","","",12.,1,60,1,"","","","","","","","","","","","","","","","","","","","","","","","","","","","",6.2,1,6.2,1,"","","","","","","","","","","","","","","","","","","","","","","","","","",100,1,"","","","","","","","","","","","",9.5,1,1013.6,1,"","","","","","",8,1,8,1,7,1,"","","","","","","","","","","","","","","","","","","","","","","","","","","","",6000,1,"","",63,1,6,1,"","","","","","","","","","",4,1,90,1,"","","","","","","","","","","","","","","","","","","","","","","","","","","","","","","","","","","","","","","","","","","","","","","","","","","",""
"83069002","PORQUEROLLES",43.,6.226833,135,1981011112,"","","","",19.,1,60,1,"","","","","","","","","","","","","","","","","","","","","","","","","","","","",6.5,1,5.1,1,"","","","","","","","","","","","","","","","","","","","","","","","","","",93,1,"","","","","","","","","","","","",8.9,1,1013.2,1,"","","","","","",8,1,8,1,7,1,"","","","","","","","","","","","","","","","","","","","","","","","","","","","",6000,1,"","",63,1,6,1,"","","","","","","","","","",4,1,90,1,"","","","","","","","","","","","","","","","","","","","","","","","","","","","","","","","","","","","","","","","","","","","","","","","","","","",""
"83069002","PORQUEROLLES",43.,6.226833,135,1981011115,"","","","",25.,1,60,1,"","","","","","","","","","","","","","","","","","","","","","","","","","","","",5.5,1,5.5,1,"","","","","","","","","","","","","","","","","","","","","","","","","","",100,1,"","","","","","","","","","","","",9.,1,1011.9,1,"","","","","","",8,1,6,1,7,1,2,1,"","","","","","","","","","","","","","","","","","","","","","","","","","",6000,1,"","",62,1,6,1,"","","","","","","","","","",5,1,90,1,"","","","","","","","","","","","","","","","","","","","","","","","","","","","","","","","","","","","","","","","","","","","","","","","","","","",""
"83069002","PORQUEROLLES",43.,6.226833,135,1981011118,"","","","",24.,1,40,1,"","","","","","","","","","","","","","","","","","","","","","","","","","","","",6.5,1,2.7,1,"","","","","","","","","","","","","","","","","","","","","","","","","","",78,1,"","","","","","","","","","","","",7.5,1,1013.4,1,"","","","","","",8,1,8,1,0,1,7,1,"","","","","","","","","","","","","","","","","","","","","","","","","","",12000,1,"","",2,1,6,1,"","","","","","","","","","",5,1,90,1,"","","","","","","","","","","","","","","","","","","","","","","","","","","","","","","","","","","","","","","","","","","","","","","","","","","",""
"83069002","PORQUEROLLES",43.,6.226833,135,1981011121,"","","","",23.,1,40,1,"","","","","","","","","","","","","","","","","","","","","","","","","","","","",7.8,1,4.9,1,"","","","","","","","","","","","","","","","","","","","","","","","","","",83,1,"","","","","","","","","","","","",8.8,1,1015.,1,"","","","","","",7,1,7,1,0,1,7,1,"","","","","","","","","","","","","","","","","","","","","","","","","","",12000,1,"","",1,1,2,1,"","","","","","","","","","",5,1,90,1,"","","","","","","","","","","","","","","","","","","","","","","","","","","","","","","","","","","","","","","","","","","","","","","","","","","",""
"83069002","PORQUEROLLES",43.,6.226833,135,1981011200,"","","","",20.,1,40,1,"","","","","","","","","","","","","","","","","","","","","","","","","","","","",8.,1,3.3,1,"","","","","","","","","","","","","","","","","","","","","","","","","","",73,1,"","","","","","","","","","","","",7.8,1,1015.8,1,"","","","","","","","","","","","","","","","","","","","","","","","","","","","","","","","","","","","","","","","","","","","","","","","","","","","","","","","","","","","","","","","","","","","","","","","","","","","","","","","","","","","","","","","","","","","","","","","","","","","","","","","","","","","","","","","","",""
"83069002","PORQUEROLLES",43.,6.226833,135,1981011203,"","","","",22.,1,40,1,"","","","","","","","","","","","","","","","","","","","","","","","","","","","",7.8,1,4.9,1,"","","","","","","","","","","","","","","","","","","","","","","","","","",83,1,"","","","","","","","","","","","",8.8,1,1016.4,1,"","","","","","",8,1,8,1,0,1,7,1,"","","","","","","","","","","","","","","","","","","","","","","","","","",12000,1,"","",0,1,"","","","","","","","","","","","",5,1,90,1,"","","","","","","","","","","","","","","","","","","","","","","","","","","","","","","","","","","","","","","","","","","","","","","","","","","",""
"83069002","PORQUEROLLES",43.,6.226833,135,1981011206,"","","","",19.,1,60,1,"","","","","","","","","","","","","","","","","","","","","","","","","","","","",7.2,1,6.,1,"","","","","","","","","","","","","","","","","","","","","","","","","","",94,1,"","","","","","","","","","","","",9.5,1,1016.8,1,"","","","","","",8,1,5,1,7,1,2,1,"","","","","","","","","","","","","","","","","","","","","","","","","","",10000,1,"","",60,1,6,1,"","",0,1,"","","","","","",5,1,90,1,"","","","","","","","","","","","","","","","","","","","","","","","","","","","","","","","","","","","","","","","","","","","","","","","","","","",""
"83069002","PORQUEROLLES",43.,6.226833,135,1981011209,"","","","",14.,1,60,1,"","","","","","","","","","","","","","","","","","","","","","","","","","","","",8.2,1,5.4,1,"","","","","","","","","","","","","","","","","","","","","","","","","","",84,1,"","","","","","","","","","","","",9.1,1,1018.2,1,"","","","","","",8,1,8,1,5,1,"","","","","","","","","","","","","","","","","","","","","","","","","","","","",12000,1,"","",1,1,6,1,"","","","","","","","","","",5,1,90,1,"","","","","","","","","","","","","","","","","","","","","","","","","","","","","","","","","","","","","","","","","","","","","","","","","","","",""
"83069002","PORQUEROLLES",43.,6.226833,135,1981011212,"","","","",14.,1,60,1,"","","","","","","","","","","","","","","","","","","","","","","","","","","","",8.2,1,4.,1,"","","","","","","","","","","","","","","","","","","","","","","","","","",75,1,"","","","","","","","","","","","",8.2,1,1017.1,1,"","","","","","",8,1,8,1,5,1,"","","","","","","","","","","","","","","","","","","","","","","","","","","","",12000,1,"","",2,1,6,1,"","","","","","","","","","",5,1,90,1,"","","","","","","","","","","","","","","","","","","","","","","","","","","","","","","","","","","","","","","","","","","","","","","","","","","",""
"83069002","PORQUEROLLES",43.,6.226833,135,1981011215,"","","","",12.,1,40,1,"","","","","","","","","","","","","","","","","","","","","","","","","","","","",8.2,1,4.,1,"","","","","","","","","","","","","","","","","","","","","","","","","","",75,1,"","","","","","","","","","","","",8.2,1,1015.2,1,"","","","","","",8,1,8,1,5,1,"","","","","","","","","","","","","","","","","","","","","","","","","","","","",9000,1,"","",2,1,2,1,"","","","","","","","","","",5,1,90,1,"","","","","","","","","","","","","","","","","","","","","","","","","","","","","","","","","","","","","","","","","","","","","","","","","","","",""
"83069002","PORQUEROLLES",43.,6.226833,135,1981011218,"","","","",8.,1,60,1,"","","","","","","","","","","","","","","","","","","","","","","","","","","","",7.3,1,6.,1,"","","","","","","","","","","","","","","","","","","","","","","","","","",93,1,"","","","","","","","","","","","",9.5,1,1014.,1,"","","","","","",8,1,8,1,5,1,"","","","","","","","","","","","","","","","","","","","","","","","","","","","",12000,1,"","",60,1,6,1,"","","","","","","","","","",4,1,90,1,"","","","","","","","","","","","","","","","","","","","","","","","","","","","","","","","","","","","","","","","","","","","","","","","","","","",""
"83069002","PORQUEROLLES",43.,6.226833,135,1981011221,"","","","",6.,1,60,1,"","","","","","","","","","","","","","","","","","","","","","","","","","","","",7.,1,5.9,1,"","","","","","","","","","","","","","","","","","","","","","","","","","",94,1,"","","","","","","","","","","","",9.4,1,1011.,1,"","","","","","",8,1,8,1,5,1,"","","","","","","","","","","","","","","","","","","","","","","","","","","","",12000,1,"","",2,1,6,1,"","","","","","","","","","",4,1,90,1,"","","","","","","","","","","","","","","","","","","","","","","","","","","","","","","","","","","","","","","","","","","","","","","","","","","",""
"83069002","PORQUEROLLES",43.,6.226833,135,1981011300,"","","","",4.,1,40,1,"","","","","","","","","","","","","","","","","","","","","","","","","","","","",6.6,1,6.6,1,"","","","","","","","","","","","","","","","","","","","","","","","","","",100,1,"","","","","","","","","","","","",9.7,1,1006.5,1,"","","","","","","","","","","","","","","","","","","","","","","","","","","","","","","","","","","","","","","","","","","","","","","","","","","","","","","","","","","","","","","","","","","","","","","","","","","","","","","","","","","","","","","","","","","","","","","","","","","","","","","","","","","","","","","","","",""
"83069002","PORQUEROLLES",43.,6.226833,135,1981011303,"","","","",4.,1,80,1,"","","","","","","","","","","","","","","","","","","","","","","","","","","","",6.8,1,6.8,1,"","","","","","","","","","","","","","","","","","","","","","","","","","",100,1,"","","","","","","","","","","","",9.9,1,1001.8,1,"","","","","","",8,1,8,1,5,1,"","","","","","","","","","","","","","","","","","","","","","","","","","","","",8000,1,"","",62,1,"","","","","","","","","","","","",4,1,90,1,"","","","","","","","","","","","","","","","","","","","","","","","","","","","","","","","","","","","","","","","","","","","","","","","","","","",""
"83069002","PORQUEROLLES",43.,6.226833,135,1981011306,"","","","",2.,1,80,1,"","","","","","","","","","","","","","","","","","","","","","","","","","","","",6.4,1,6.4,1,"","","","","","","","","","","","","","","","","","","","","","","","","","",100,1,"","","","","","","","","","","","",9.6,1,999.3,1,"","","","","","",8,1,8,1,5,1,"","","","","","","","","","","","","","","","","","","","","","","","","","","","",12000,1,"","",60,1,6,1,"","",0,1,"","","","","","",3,1,90,1,"","","","","","","","","","","","","","","","","","","","","","","","","","","","","","","","","","","","","","","","","","","","","","","","","","","",""
"83069002","PORQUEROLLES",43.,6.226833,135,1981011309,"","","","",5.,1,40,1,"","","","","","","","","","","","","","","","","","","","","","","","","","","","",6.5,1,6.5,1,"","","","","","","","","","","","","","","","","","","","","","","","","","",100,1,"","","","","","","","","","","","",9.7,1,998.6,1,"","","","","","",8,1,8,1,7,1,"","","","","","","","","","","","","","","","","","","","","","","","","","","","",8000,1,"","",60,1,6,1,"","","","","","","","","","",4,1,90,1,"","","","","","","","","","","","","","","","","","","","","","","","","","","","","","","","","","","","","","","","","","","","","","","","","","","",""
"83069002","PORQUEROLLES",43.,6.226833,135,1981011312,"","","","",16.,1,40,1,"","","","","","","","","","","","","","","","","","","","","","","","","","","","",6.4,1,6.4,1,"","","","","","","","","","","","","","","","","","","","","","","","","","",100,1,"","","","","","","","","","","","",9.6,1,998.6,1,"","","","","","",8,1,8,1,7,1,"","","","","","","","","","","","","","","","","","","","","","","","","","","","",6000,1,"","",91,1,9,1,"","","","","","","","","","",4,1,90,1,"","","","","","","","","","","","","","","","","","","","","","","","","","","","","","","","","","","","","","","","","","","","","","","","","","","",""
"83069002","PORQUEROLLES",43.,6.226833,135,1981011315,"","","","",9.,1,360,1,"","","","","","","","","","","","","","","","","","","","","","","","","","","","",4.5,1,4.5,1,"","","","","","","","","","","","","","","","","","","","","","","","","","",100,1,"","","","","","","","","","","","",8.4,1,1000.9,1,"","","","","","",8,1,8,1,7,1,"","","","","","","","","","","","","","","","","","","","","","","","","","","","",6000,1,"","",61,1,6,1,"","","","","","","","","","",4,1,90,1,"","","","","","","","","","","","","","","","","","","","","","","","","","","","","","","","","","","","","","","","","","","","","","","","","","","",""
"83069002","PORQUEROLLES",43.,6.226833,135,1981011318,"","","","",6.,1,360,1,"","","","","","","","","","","","","","","","","","","","","","","","","","","","",4.,1,2.2,1,"","","","","","","","","","","","","","","","","","","","","","","","","","",89,1,"","","","","","","","","","","","",7.2,1,1003.1,1,"","","","","","",6,1,6,1,7,1,0,1,0,1,"","","","","","","","","","","","","","","","","","","","","","","","",16000,1,"","",1,1,6,1,"","","","","","","","","","",4,1,90,1,"","","","","","","","","","","","","","","","","","","","","","","","","","","","","","","","","","","","","","","","","","","","","","","","","","","",""
"83069002","PORQUEROLLES",43.,6.226833,135,1981011321,"","","","",5.,1,320,1,"","","","","","","","","","","","","","","","","","","","","","","","","","","","",4.,1,-1.3,1,"","","","","","","","","","","","","","","","","","","","","","","","","","",67,1,"","","","","","","","","","","","",5.5,1,1004.4,1,"","","","","","",0,1,"","",0,1,0,1,0,1,"","","","","","","","","","","","","","","","","","","","","","","","",22000,1,"","",1,1,1,1,"","","","","","","","","","",3,1,90,1,"","","","","","","","","","","","","","","","","","","","","","","","","","","","","","","","","","","","","","","","","","","","","","","","","","","",""
"83069002","PORQUEROLLES",43.,6.226833,135,1981011400,"","","","",7.,1,340,1,"","","","","","","","","","","","","","","","","","","","","","","","","","","","",3.6,1,-4.3,1,"","","","","","","","","","","","","","","","","","","","","","","","","","",56,1,"","","","","","","","","","","","",4.4,1,1004.7,1,"","","","","","","","","","","","","","","","","","","","","","","","","","","","","","","","","","","","","","","","","","","","","","","","","","","","","","","","","","","","","","","","","","","","","","","","","","","","","","","","","","","","","","","","","","","","","","","","","","","","","","","","","","","","","","","","","",""
"83069002","PORQUEROLLES",43.,6.226833,135,1981011403,"","","","",8.,1,320,1,"","","","","","","","","","","","","","","","","","","","","","","","","","","","",3.3,1,-4.,1,"","","","","","","","","","","","","","","","","","","","","","","","","","",58,1,"","","","","","","","","","","","",4.5,1,1005.7,1,"","","","","","",0,1,"","",0,1,0,1,0,1,"","","","","","","","","","","","","","","","","","","","","","","","",22000,1,"","",0,1,"","","","","","","","","","","","",3,1,90,1,"","","","","","","","","","","","","","","","","","","","","","","","","","","","","","","","","","","","","","","","","","","","","","","","","","","",""
"83069002","PORQUEROLLES",43.,6.226833,135,1981011406,"","","","",5.,1,320,1,"","","","","","","","","","","","","","","","","","","","","","","","","","","","",2.5,1,-5.2,1,"","","","","","","","","","","","","","","","","","","","","","","","","","",56,1,"","","","","","","","","","","","",4.1,1,1007.2,1,"","","","","","",0,1,"","",0,1,0,1,0,1,"","","","","","","","","","","","","","","","","","","","","","","","",22000,1,"","",2,1,0,1,"","",0,1,"","","","","","",3,1,90,1,"","","","","","","","","","","","","","","","","","","","","","","","","","","","","","","","","","","","","","","","","","","","","","","","","","","",""
"83069002","PORQUEROLLES",43.,6.226833,135,1981011409,"","","","",9.,1,360,1,"","","","","","","","","","","","","","","","","","","","","","","","","","","","",2.8,1,-3.7,1,"","","","","","","","","","","","","","","","","","","","","","","","","","",62,1,"","","","","","","","","","","","",4.6,1,1009.8,1,"","","","","","",1,1,0,1,0,1,0,1,2,1,"","","","","","","","","","","","","","","","","","","","","","","","",30000,1,"","",3,1,0,1,"","","","","","","","","","",4,1,230,1,"","","","","","","","","","","","","","","","","","","","","","","","","","","","","","","","","","","","","","","","","","","","","","","","","","","",""
"83069002","PORQUEROLLES",43.,6.226833,135,1981011412,"","","","",4.,1,360,1,"","","","","","","","","","","","","","","","","","","","","","","","","","","","",7.,1,-1.3,1,"","","","","","","","","","","","","","","","","","","","","","","","","","",55,1,"","","","","","","","","","","","",5.5,1,1011.,1,"","","","","","",1,1,0,1,0,1,0,1,2,1,"","","","","","","","","","","","","","","","","","","","","","","","",30000,1,"","",2,1,0,1,"","","","","","","","","","",4,1,270,1,"","","","","","","","","","","","","","","","","","","","","","","","","","","","","","","","","","","","","","","","","","","","","","","","","","","",""
"83069002","PORQUEROLLES",43.,6.226833,135,1981011415,"","","","",4.,1,360,1,"","","","","","","","","","","","","","","","","","","","","","","","","","","","",8.,1,-0.4,1,"","","","","","","","","","","","","","","","","","","","","","","","","","",56,1,"","","","","","","","","","","","",5.9,1,1010.4,1,"","","","","","",1,1,0,1,0,1,0,1,2,1,"","","","","","","","","","","","","","","","","","","","","","","","",30000,1,"","",2,1,0,1,"","","","","","","","","","",4,1,270,1,"","","","","","","","","","","","","","","","","","","","","","","","","","","","","","","","","","","","","","","","","","","","","","","","","","","",""
"83069002","PORQUEROLLES",43.,6.226833,135,1981011418,"","","","",4.,1,320,1,"","","","","","","","","","","","","","","","","","","","","","","","","","","","",5.4,1,-0.9,1,"","","","","","","","","","","","","","","","","","","","","","","","","","",63,1,"","","","","","","","","","","","",5.7,1,1010.6,1,"","","","","","",1,1,0,1,0,1,0,1,2,1,"","","","","","","","","","","","","","","","","","","","","","","","",25000,1,"","",3,1,0,1,"","","","","","","","","","",3,1,270,1,"","","","","","","","","","","","","","","","","","","","","","","","","","","","","","","","","","","","","","","","","","","","","","","","","","","",""
"83069002","PORQUEROLLES",43.,6.226833,135,1981011421,"","","","",5.,1,280,1,"","","","","","","","","","","","","","","","","","","","","","","","","","","","",5.7,1,-0.2,1,"","","","","","","","","","","","","","","","","","","","","","","","","","",66,1,"","","","","","","","","","","","",6.,1,1009.4,1,"","","","","","",5,1,5,1,0,1,0,1,6,1,"","","","","","","","","","","","","","","","","","","","","","","","",25000,1,"","",3,1,1,1,"","","","","","","","","","",3,1,270,1,"","","","","","","","","","","","","","","","","","","","","","","","","","","","","","","","","","","","","","","","","","","","","","","","","","","",""
"83069002","PORQUEROLLES",43.,6.226833,135,1981011500,"","","","",10.,1,280,1,"","","","","","","","","","","","","","","","","","","","","","","","","","","","",7.8,1,0.,1,"","","","","","","","","","","","","","","","","","","","","","","","","","",58,1,"","","","","","","","","","","","",6.1,1,1008.,1,"","","","","","","","","","","","","","","","","","","","","","","","","","","","","","","","","","","","","","","","","","","","","","","","","","","","","","","","","","","","","","","","","","","","","","","","","","","","","","","","","","","","","","","","","","","","","","","","","","","","","","","","","","","","","","","","","",""
"83069002","PORQUEROLLES",43.,6.226833,135,1981011503,"","","","",13.,1,280,1,"","","","","","","","","","","","","","","","","","","","","","","","","","","","",6.8,1,0.8,1,"","","","","","","","","","","","","","","","","","","","","","","","","","",65,1,"","","","","","","","","","","","",6.5,1,1004.5,1,"","","","","","",8,1,8,1,0,1,7,1,"","","","","","","","","","","","","","","","","","","","","","","","","","",25000,1,"","",0,1,"","","","","","","","","","","","",4,1,270,1,"","","","","","","","","","","","","","","","","","","","","","","","","","","","","","","","","","","","","","","","","","","","","","","","","","","",""
"83069002","PORQUEROLLES",43.,6.226833,135,1981011506,"","","","",18.,1,280,1,"","","","","","","","","","","","","","","","","","","","","","","","","","","","",9.,1,5.7,1,"","","","","","","","","","","","","","","","","","","","","","","","","","",81,1,"","","","","","","","","","","","",9.3,1,1000.9,1,"","","","","","",8,1,8,1,0,1,7,1,"","","","","","","","","","","","","","","","","","","","","","","","","","",20000,1,"","",2,1,2,1,"","",0,1,"","","","","","",4,1,270,1,"","","","","","","","","","","","","","","","","","","","","","","","","","","","","","","","","","","","","","","","","","","","","","","","","","","",""
"83069002","PORQUEROLLES",43.,6.226833,135,1981011509,"","","","",30.,1,280,1,"","","","","","","","","","","","","","","","","","","","","","","","","","","","",10.,1,8.3,1,"","","","","","","","","","","","","","","","","","","","","","","","","","",91,1,"","","","","","","","","","","","",11.2,1,995.8,1,"","","","","","",8,1,8,1,0,1,7,1,"","","","","","","","","","","","","","","","","","","","","","","","","","",15000,1,"","",2,1,2,1,"","","","","","","","","","",5,1,270,1,"","","","","","","","","","","","","","","","","","","","","","","","","","","","","","","","","","","","","","","","","","","","","","","","","","","",""
"83069002","PORQUEROLLES",43.,6.226833,135,1981011512,"","","","",18.,1,280,1,"","","","","","","","","","","","","","","","","","","","","","","","","","","","",12.,1,7.8,1,"","","","","","","","","","","","","","","","","","","","","","","","","","",77,1,"","","","","","","","","","","","",10.8,1,994.7,1,"","","","","","",3,1,0,1,5,1,0,1,0,1,"","","","","","","","","","","","","","","","","","","","","","","","",8000,1,"","",1,1,1,1,"","","","","","","","","","",6,1,270,1,"","","","","","","","","","","","","","","","","","","","","","","","","","","","","","","","","","","","","","","","","","","","","","","","","","","",""
"83069002","PORQUEROLLES",43.,6.226833,135,1981011515,"","","","",20.,1,280,1,"","","","","","","","","","","","","","","","","","","","","","","","","","","","",10.5,1,-2.3,1,"","","","","","","","","","","","","","","","","","","","","","","","","","",40,1,"","","","","","","","","","","","",5.1,1,997.1,1,"","","","","","",5,1,5,1,5,1,7,1,0,1,"","","","","","","","","","","","","","","","","","","","","","","","",20000,1,"","",3,1,1,1,"","","","","","","","","","",6,1,270,1,"","","","","","","","","","","","","","","","","","","","","","","","","","","","","","","","","","","","","","","","","","","","","","","","","","","",""
"83069002","PORQUEROLLES",43.,6.226833,135,1981011518,"","","","",18.,1,300,1,"","","","","","","","","","","","","","","","","","","","","","","","","","","","",8.8,1,-0.6,1,"","","","","","","","","","","","","","","","","","","","","","","","","","",52,1,"","","","","","","","","","","","",5.8,1,999.7,1,"","","","","","",8,1,8,1,5,1,7,1,"","","","","","","","","","","","","","","","","","","","","","","","","","",20000,1,"","",2,1,2,1,"","","","","","","","","","",5,1,270,1,"","","","","","","","","","","","","","","","","","","","","","","","","","","","","","","","","","","","","","","","","","","","","","","","","","","",""
"83069002","PORQUEROLLES",43.,6.226833,135,1981011521,"","","","",12.,1,300,1,"","","","","","","","","","","","","","","","","","","","","","","","","","","","",7.6,1,-2.9,1,"","","","","","","","","","","","","","","","","","","","","","","","","","",47,1,"","","","","","","","","","","","",4.9,1,1000.,1,"","","","","","",2,1,0,1,0,1,4,1,0,1,"","","","","","","","","","","","","","","","","","","","","","","","",25000,1,"","",1,1,1,1,"","","","","","","","","","",5,1,270,1,"","","","","","","","","","","","","","","","","","","","","","","","","","","","","","","","","","","","","","","","","","","","","","","","","","","",""
"83069002","PORQUEROLLES",43.,6.226833,135,1981011600,"","","","",9.,1,300,1,"","","","","","","","","","","","","","","","","","","","","","","","","","","","",7.8,1,-1.9,1,"","","","","","","","","","","","","","","","","","","","","","","","","","",50,1,"","","","","","","","","","","","",5.3,1,1001.5,1,"","","","","","","","","","","","","","","","","","","","","","","","","","","","","","","","","","","","","","","","","","","","","","","","","","","","","","","","","","","","","","","","","","","","","","","","","","","","","","","","","","","","","","","","","","","","","","","","","","","","","","","","","","","","","","","","","",""
"83069002","PORQUEROLLES",43.,6.226833,135,1981011603,"","","","",16.,1,320,1,"","","","","","","","","","","","","","","","","","","","","","","","","","","","",6.6,1,-3.7,1,"","","","","","","","","","","","","","","","","","","","","","","","","","",47,1,"","","","","","","","","","","","",4.6,1,1004.8,1,"","","","","","",0,1,"","",0,1,0,1,0,1,"","","","","","","","","","","","","","","","","","","","","","","","",25000,1,"","",0,1,"","","","","","","","","","","","",5,1,270,1,"","","","","","","","","","","","","","","","","","","","","","","","","","","","","","","","","","","","","","","","","","","","","","","","","","","",""
"83069002","PORQUEROLLES",43.,6.226833,135,1981011606,"","","","",15.,1,320,1,"","","","","","","","","","","","","","","","","","","","","","","","","","","","",6.,1,-3.5,1,"","","","","","","","","","","","","","","","","","","","","","","","","","",50,1,"","","","","","","","","","","","",4.7,1,1006.3,1,"","","","","","",0,1,"","",0,1,0,1,0,1,"","","","","","","","","","","","","","","","","","","","","","","","",30000,1,"","",2,1,0,1,"","",0,1,"","","","","","",5,1,270,1,"","","","","","","","","","","","","","","","","","","","","","","","","","","","","","","","","","","","","","","","","","","","","","","","","","","",""
"83069002","PORQUEROLLES",43.,6.226833,135,1981011609,"","","","",12.,1,360,1,"","","","","","","","","","","","","","","","","","","","","","","","","","","","",5.7,1,-5.2,1,"","","","","","","","","","","","","","","","","","","","","","","","","","",45,1,"","","","","","","","","","","","",4.1,1,1010.4,1,"","","","","","",3,1,0,1,0,1,3,1,0,1,"","","","","","","","","","","","","","","","","","","","","","","","",30000,1,"","",3,1,0,1,"","","","","","","","","","",4,1,270,1,"","","","","","","","","","","","","","","","","","","","","","","","","","","","","","","","","","","","","","","","","","","","","","","","","","","",""
"83069002","PORQUEROLLES",43.,6.226833,135,1981011612,"","","","",13.,1,300,1,"","","","","","","","","","","","","","","","","","","","","","","","","","","","",9.4,1,-4.,1,"","","","","","","","","","","","","","","","","","","","","","","","","","",39,1,"","","","","","","","","","","","",4.5,1,1010.,1,"","","","","","",0,1,"","",0,1,0,1,0,1,"","","","","","","","","","","","","","","","","","","","","","","","",38000,1,"","",1,1,0,1,"","","","","","","","","","",4,1,270,1,"","","","","","","","","","","","","","","","","","","","","","","","","","","","","","","","","","","","","","","","","","","","","","","","","","","",""
"83069002","PORQUEROLLES",43.,6.226833,135,1981011615,"","","","",12.,1,300,1,"","","","","","","","","","","","","","","","","","","","","","","","","","","","",8.3,1,-2.1,1,"","","","","","","","","","","","","","","","","","","","","","","","","","",48,1,"","","","","","","","","","","","",5.2,1,1011.,1,"","","","","","",0,1,"","",0,1,0,1,0,1,"","","","","","","","","","","","","","","","","","","","","","","","",38000,1,"","",2,1,0,1,"","","","","","","","","","",4,1,270,1,"","","","","","","","","","","","","","","","","","","","","","","","","","","","","","","","","","","","","","","","","","","","","","","","","","","",""
"83069002","PORQUEROLLES",43.,6.226833,135,1981011618,"","","","",9.,1,280,1,"","","","","","","","","","","","","","","","","","","","","","","","","","","","",7.7,1,-2.1,1,"","","","","","","","","","","","","","","","","","","","","","","","","","",49,1,"","","","","","","","","","","","",5.2,1,1012.3,1,"","","","","","",0,1,"","",0,1,0,1,0,1,"","","","","","","","","","","","","","","","","","","","","","","","",30000,1,"","",2,1,0,1,"","","","","","","","","","",4,1,270,1,"","","","","","","","","","","","","","","","","","","","","","","","","","","","","","","","","","","","","","","","","","","","","","","","","","","",""
"83069002","PORQUEROLLES",43.,6.226833,135,1981011621,"","","","",10.,1,280,1,"","","","","","","","","","","","","","","","","","","","","","","","","","","","",8.6,1,1.8,1,"","","","","","","","","","","","","","","","","","","","","","","","","","",63,1,"","","","","","","","","","","","",7.,1,1012.9,1,"","","","","","",6,1,6,1,0,1,5,1,0,1,"","","","","","","","","","","","","","","","","","","","","","","","",28000,1,"","",3,1,1,1,"","","","","","","","","","",4,1,270,1,"","","","","","","","","","","","","","","","","","","","","","","","","","","","","","","","","","","","","","","","","","","","","","","","","","","",""
"83069002","PORQUEROLLES",43.,6.226833,135,1981011700,"","","","",11.,1,280,1,"","","","","","","","","","","","","","","","","","","","","","","","","","","","",8.8,1,4.8,1,"","","","","","","","","","","","","","","","","","","","","","","","","","","","","","","","","","","","","","","","",8.7,1,1013.1,1,"","","","","","","","","","","","","","","","","","","","","","","","","","","","","","","","","","","","","","","","","","","","","","","","","","","","","","","","","","","","","","","","","","","","","","","","","","","","","","","","","","","","","","","","","","","","","","","","","","","","","","","","","","","","","","","","","",""
"83069002","PORQUEROLLES",43.,6.226833,135,1981011703,"","","","",13.,1,280,1,"","","","","","","","","","","","","","","","","","","","","","","","","","","","",9.,1,5.3,1,"","","","","","","","","","","","","","","","","","","","","","","","","","",79,1,"","","","","","","","","","","","",9.,1,1012.3,1,"","","","","","",3,1,0,1,0,1,4,1,0,1,"","","","","","","","","","","","","","","","","","","","","","","","",22000,1,"","",0,1,"","","","","","","","","","","","",4,1,270,1,"","","","","","","","","","","","","","","","","","","","","","","","","","","","","","","","","","","","","","","","","","","","","","","","","","","",""
"83069002","PORQUEROLLES",43.,6.226833,135,1981011706,"","","","",12.,1,280,1,"","","","","","","","","","","","","","","","","","","","","","","","","","","","",9.2,1,7.3,1,"","","","","","","","","","","","","","","","","","","","","","","","","","",89,1,"","","","","","","","","","","","",10.4,1,1011.1,1,"","","","","","",3,1,0,1,0,1,4,1,0,1,"","","","","","","","","","","","","","","","","","","","","","","","",22000,1,"","",2,1,0,1,"","",0,1,"","","","","","",4,1,270,1,"","","","","","","","","","","","","","","","","","","","","","","","","","","","","","","","","","","","","","","","","","","","","","","","","","","",""
"83069002","PORQUEROLLES",43.,6.226833,135,1981011709,"","","","",13.,1,280,1,"","","","","","","","","","","","","","","","","","","","","","","","","","","","",10.,1,7.7,1,"","","","","","","","","","","","","","","","","","","","","","","","","","",87,1,"","","","","","","","","","","","",10.7,1,1011.6,1,"","","","","","",4,1,0,1,2,1,4,1,6,1,"","","","","","","","","","","","","","","","","","","","","","","","",15000,1,"","",3,1,0,1,"","","","","","","","","","",5,1,270,1,"","","","","","","","","","","","","","","","","","","","","","","","","","","","","","","","","","","","","","","","","","","","","","","","","","","",""
"83069002","PORQUEROLLES",43.,6.226833,135,1981011712,"","","","",17.,1,280,1,"","","","","","","","","","","","","","","","","","","","","","","","","","","","",11.7,1,6.6,1,"","","","","","","","","","","","","","","","","","","","","","","","","","",72,1,"","","","","","","","","","","","",9.9,1,1009.9,1,"","","","","","",2,1,0,1,0,1,4,1,4,1,"","","","","","","","","","","","","","","","","","","","","","","","",20000,1,"","",1,1,0,1,"","","","","","","","","","",5,1,270,1,"","","","","","","","","","","","","","","","","","","","","","","","","","","","","","","","","","","","","","","","","","","","","","","","","","","",""
"83069002","PORQUEROLLES",43.,6.226833,135,1981011715,"","","","",13.,1,280,1,"","","","","","","","","","","","","","","","","","","","","","","","","","","","",12.2,1,7.1,1,"","","","","","","","","","","","","","","","","","","","","","","","","","",72,1,"","","","","","","","","","","","",10.2,1,1010.1,1,"","","","","","",1,1,0,1,2,1,4,1,2,1,"","","","","","","","","","","","","","","","","","","","","","","","",25000,1,"","",1,1,0,1,"","","","","","","","","","",5,1,270,1,"","","","","","","","","","","","","","","","","","","","","","","","","","","","","","","","","","","","","","","","","","","","","","","","","","","",""
"83069002","PORQUEROLLES",43.,6.226833,135,1981011718,"","","","",13.,1,280,1,"","","","","","","","","","","","","","","","","","","","","","","","","","","","",10.,1,5.9,1,"","","","","","","","","","","","","","","","","","","","","","","","","","",77,1,"","","","","","","","","","","","",9.4,1,1010.4,1,"","","","","","",1,1,0,1,0,1,0,1,1,1,"","","","","","","","","","","","","","","","","","","","","","","","",25000,1,"","",2,1,0,1,"","","","","","","","","","",5,1,270,1,"","","","","","","","","","","","","","","","","","","","","","","","","","","","","","","","","","","","","","","","","","","","","","","","","","","",""
"83069002","PORQUEROLLES",43.,6.226833,135,1981011721,"","","","",15.,1,280,1,"","","","","","","","","","","","","","","","","","","","","","","","","","","","",9.2,1,5.,1,"","","","","","","","","","","","","","","","","","","","","","","","","","",76,1,"","","","","","","","","","","","",8.8,1,1010.2,1,"","","","","","",1,1,0,1,2,1,0,1,0,1,"","","","","","","","","","","","","","","","","","","","","","","","",20000,1,"","",2,1,0,1,"","","","","","","","","","",5,1,270,1,"","","","","","","","","","","","","","","","","","","","","","","","","","","","","","","","","","","","","","","","","","","","","","","","","","","",""
"83069002","PORQUEROLLES",43.,6.226833,135,1981011800,"","","","",12.,1,280,1,"","","","","","","","","","","","","","","","","","","","","","","","","","","","",8.,1,2.2,1,"","","","","","","","","","","","","","","","","","","","","","","","","","",67,1,"","","","","","","","","","","","",7.2,1,1011.7,1,"","","","","","","","","","","","","","","","","","","","","","","","","","","","","","","","","","","","","","","","","","","","","","","","","","","","","","","","","","","","","","","","","","","","","","","","","","","","","","","","","","","","","","","","","","","","","","","","","","","","","","","","","","","","","","","","","",""
"83069002","PORQUEROLLES",43.,6.226833,135,1981011803,"","","","",13.,1,300,1,"","","","","","","","","","","","","","","","","","","","","","","","","","","","",7.2,1,1.8,1,"","","","","","","","","","","","","","","","","","","","","","","","","","",69,1,"","","","","","","","","","","","",7.,1,1011.9,1,"","","","","","",0,1,"","",0,1,0,1,0,1,"","","","","","","","","","","","","","","","","","","","","","","","",35000,1,"","",0,1,"","","","","","","","","","","","",4,1,270,1,"","","","","","","","","","","","","","","","","","","","","","","","","","","","","","","","","","","","","","","","","","","","","","","","","","","",""
"83069002","PORQUEROLLES",43.,6.226833,135,1981011806,"","","","",12.,1,280,1,"","","","","","","","","","","","","","","","","","","","","","","","","","","","",7.8,1,0.8,1,"","","","","","","","","","","","","","","","","","","","","","","","","","",62,1,"","","","","","","","","","","","",6.5,1,1011.9,1,"","","","","","",0,1,"","",0,1,0,1,0,1,"","","","","","","","","","","","","","","","","","","","","","","","",35000,1,"","",2,1,0,1,"","",0,1,"","","","","","",4,1,270,1,"","","","","","","","","","","","","","","","","","","","","","","","","","","","","","","","","","","","","","","","","","","","","","","","","","","",""
"83069002","PORQUEROLLES",43.,6.226833,135,1981011809,"","","","",13.,1,280,1,"","","","","","","","","","","","","","","","","","","","","","","","","","","","",7.5,1,1.2,1,"","","","","","","","","","","","","","","","","","","","","","","","","","",65,1,"","","","","","","","","","","","",6.7,1,1014.7,1,"","","","","","",2,1,0,1,2,1,0,1,2,1,"","","","","","","","","","","","","","","","","","","","","","","","",40000,1,"","",3,1,0,1,"","","","","","","","","","",5,1,270,1,"","","","","","","","","","","","","","","","","","","","","","","","","","","","","","","","","","","","","","","","","","","","","","","","","","","",""
"83069002","PORQUEROLLES",43.,6.226833,135,1981011812,"","","","",10.,1,300,1,"","","","","","","","","","","","","","","","","","","","","","","","","","","","",11.,1,1.8,1,"","","","","","","","","","","","","","","","","","","","","","","","","","",53,1,"","","","","","","","","","","","",7.,1,1014.4,1,"","","","","","",2,1,0,1,2,1,0,1,0,1,"","","","","","","","","","","","","","","","","","","","","","","","",40000,1,"","",1,1,0,1,"","","","","","","","","","",5,1,270,1,"","","","","","","","","","","","","","","","","","","","","","","","","","","","","","","","","","","","","","","","","","","","","","","","","","","",""
"83069002","PORQUEROLLES",43.,6.226833,135,1981011815,"","","","",17.,1,300,1,"","","","","","","","","","","","","","","","","","","","","","","","","","","","",10.8,1,1.8,1,"","","","","","","","","","","","","","","","","","","","","","","","","","",54,1,"","","","","","","","","","","","",7.,1,1013.8,1,"","","","","","",2,1,0,1,2,1,0,1,0,1,"","","","","","","","","","","","","","","","","","","","","","","","",40000,1,"","",2,1,0,1,"","","","","","","","","","",5,1,270,1,"","","","","","","","","","","","","","","","","","","","","","","","","","","","","","","","","","","","","","","","","","","","","","","","","","","",""
"83069002","PORQUEROLLES",43.,6.226833,135,1981011818,"","","","",13.,1,300,1,"","","","","","","","","","","","","","","","","","","","","","","","","","","","",8.6,1,0.6,1,"","","","","","","","","","","","","","","","","","","","","","","","","","",58,1,"","","","","","","","","","","","",6.4,1,1016.1,1,"","","","","","",0,1,"","",0,1,0,1,0,1,"","","","","","","","","","","","","","","","","","","","","","","","",30000,1,"","",1,1,0,1,"","","","","","","","","","",5,1,270,1,"","","","","","","","","","","","","","","","","","","","","","","","","","","","","","","","","","","","","","","","","","","","","","","","","","","",""
"83069002","PORQUEROLLES",43.,6.226833,135,1981011821,"","","","",6.,1,340,1,"","","","","","","","","","","","","","","","","","","","","","","","","","","","",7.5,1,-0.4,1,"","","","","","","","","","","","","","","","","","","","","","","","","","",57,1,"","","","","","","","","","","","",5.9,1,1016.7,1,"","","","","","",0,1,"","",0,1,0,1,0,1,"","","","","","","","","","","","","","","","","","","","","","","","",30000,1,"","",2,1,0,1,"","","","","","","","","","",4,1,270,1,"","","","","","","","","","","","","","","","","","","","","","","","","","","","","","","","","","","","","","","","","","","","","","","","","","","",""
"83069002","PORQUEROLLES",43.,6.226833,135,1981011900,"","","","",5.,1,300,1,"","","","","","","","","","","","","","","","","","","","","","","","","","","","",7.,1,-0.9,1,"","","","","","","","","","","","","","","","","","","","","","","","","","",57,1,"","","","","","","","","","","","",5.7,1,1017.8,1,"","","","","","","","","","","","","","","","","","","","","","","","","","","","","","","","","","","","","","","","","","","","","","","","","","","","","","","","","","","","","","","","","","","","","","","","","","","","","","","","","","","","","","","","","","","","","","","","","","","","","","","","","","","","","","","","","",""
"83069002","PORQUEROLLES",43.,6.226833,135,1981011903,"","","","",13.,1,280,1,"","","","","","","","","","","","","","","","","","","","","","","","","","","","",8.3,1,1.2,1,"","","","","","","","","","","","","","","","","","","","","","","","","","",62,1,"","","","","","","","","","","","",6.7,1,1017.7,1,"","","","","","",2,1,0,1,0,1,4,1,0,1,"","","","","","","","","","","","","","","","","","","","","","","","",30000,1,"","",0,1,"","","","","","","","","","","","",5,1,270,1,"","","","","","","","","","","","","","","","","","","","","","","","","","","","","","","","","","","","","","","","","","","","","","","","","","","",""
"83069002","PORQUEROLLES",43.,6.226833,135,1981011906,"","","","",11.,1,280,1,"","","","","","","","","","","","","","","","","","","","","","","","","","","","",8.4,1,2.5,1,"","","","","","","","","","","","","","","","","","","","","","","","","","",68,1,"","","","","","","","","","","","",7.4,1,1018.1,1,"","","","","","",2,1,0,1,0,1,4,1,0,1,"","","","","","","","","","","","","","","","","","","","","","","","",30000,1,"","",2,1,0,1,"","",0,1,"","","","","","",5,1,270,1,"","","","","","","","","","","","","","","","","","","","","","","","","","","","","","","","","","","","","","","","","","","","","","","","","","","",""
"83069002","PORQUEROLLES",43.,6.226833,135,1981011909,"","","","",15.,1,280,1,"","","","","","","","","","","","","","","","","","","","","","","","","","","","",8.5,1,4.9,1,"","","","","","","","","","","","","","","","","","","","","","","","","","",83,1,"","","","","","","","","","","","",8.8,1,1017.4,1,"","","","","","",5,1,5,1,0,1,4,1,0,1,"","","","","","","","","","","","","","","","","","","","","","","","",38000,1,"","",3,1,1,1,"","","","","","","","","","",5,1,270,1,"","","","","","","","","","","","","","","","","","","","","","","","","","","","","","","","","","","","","","","","","","","","","","","","","","","",""
"83069002","PORQUEROLLES",43.,6.226833,135,1981011912,"","","","",18.,1,260,1,"","","","","","","","","","","","","","","","","","","","","","","","","","","","",11.5,1,7.2,1,"","","","","","","","","","","","","","","","","","","","","","","","","","",76,1,"","","","","","","","","","","","",10.3,1,1015.2,1,"","","","","","",3,1,0,1,0,1,4,1,0,1,"","","","","","","","","","","","","","","","","","","","","","","","",22000,1,"","",1,1,1,1,"","","","","","","","","","",5,1,270,1,"","","","","","","","","","","","","","","","","","","","","","","","","","","","","","","","","","","","","","","","","","","","","","","","","","","",""
"83069002","PORQUEROLLES",43.,6.226833,135,1981011915,"","","","",13.,1,280,1,"","","","","","","","","","","","","","","","","","","","","","","","","","","","",11.5,1,7.2,1,"","","","","","","","","","","","","","","","","","","","","","","","","","",76,1,"","","","","","","","","","","","",10.3,1,1014.6,1,"","","","","","",6,1,6,1,0,1,7,1,0,1,"","","","","","","","","","","","","","","","","","","","","","","","",18000,1,"","",3,1,1,1,"","","","","","","","","","",5,1,270,1,"","","","","","","","","","","","","","","","","","","","","","","","","","","","","","","","","","","","","","","","","","","","","","","","","","","",""
"83069002","PORQUEROLLES",43.,6.226833,135,1981011918,"","","","",5.,1,300,1,"","","","","","","","","","","","","","","","","","","","","","","","","","","","",11.6,1,3.8,1,"","","","","","","","","","","","","","","","","","","","","","","","","","",63,1,"","","","","","","","","","","","",8.1,1,1014.3,1,"","","","","","",6,1,5,1,0,1,7,1,0,1,"","","","","","","","","","","","","","","","","","","","","","","","",25000,1,"","",2,1,2,1,"","","","","","","","","","",4,1,270,1,"","","","","","","","","","","","","","","","","","","","","","","","","","","","","","","","","","","","","","","","","","","","","","","","","","","",""
"83069002","PORQUEROLLES",43.,6.226833,135,1981011921,"","","","",14.,1,280,1,"","","","","","","","","","","","","","","","","","","","","","","","","","","","",10.7,1,3.8,1,"","","","","","","","","","","","","","","","","","","","","","","","","","",63,1,"","","","","","","","","","","","",8.1,1,1013.5,1,"","","","","","",2,1,0,1,0,1,0,1,2,1,"","","","","","","","","","","","","","","","","","","","","","","","",22000,1,"","",1,1,1,1,"","","","","","","","","","",4,1,270,1,"","","","","","","","","","","","","","","","","","","","","","","","","","","","","","","","","","","","","","","","","","","","","","","","","","","",""
"83069002","PORQUEROLLES",43.,6.226833,135,1981012000,"","","","",14.,1,300,1,"","","","","","","","","","","","","","","","","","","","","","","","","","","","",9.3,1,2.4,1,"","","","","","","","","","","","","","","","","","","","","","","","","","",62,1,"","","","","","","","","","","","",7.3,1,1011.8,1,"","","","","","","","","","","","","","","","","","","","","","","","","","","","","","","","","","","","","","","","","","","","","","","","","","","","","","","","","","","","","","","","","","","","","","","","","","","","","","","","","","","","","","","","","","","","","","","","","","","","","","","","","","","","","","","","","",""
"83069002","PORQUEROLLES",43.,6.226833,135,1981012003,"","","","",15.,1,300,1,"","","","","","","","","","","","","","","","","","","","","","","","","","","","",10.3,1,3.3,1,"","","","","","","","","","","","","","","","","","","","","","","","","","",64,1,"","","","","","","","","","","","",7.8,1,1010.8,1,"","","","","","",6,1,6,1,0,1,0,1,1,1,"","","","","","","","","","","","","","","","","","","","","","","","",25000,1,"","",0,1,"","","","","","","","","","","","",5,1,270,1,"","","","","","","","","","","","","","","","","","","","","","","","","","","","","","","","","","","","","","","","","","","","","","","","","","","",""
"83069002","PORQUEROLLES",43.,6.226833,135,1981012006,"","","","",17.,1,280,1,"","","","","","","","","","","","","","","","","","","","","","","","","","","","",9.,1,3.8,1,"","","","","","","","","","","","","","","","","","","","","","","","","","",71,1,"","","","","","","","","","","","",8.1,1,1007.9,1,"","","","","","",6,1,6,1,0,1,5,1,0,1,"","","","","","","","","","","","","","","","","","","","","","","","",28000,1,"","",2,1,2,1,"","",0,1,"","","","","","",5,1,270,1,"","","","","","","","","","","","","","","","","","","","","","","","","","","","","","","","","","","","","","","","","","","","","","","","","","","",""
"83069002","PORQUEROLLES",43.,6.226833,135,1981012009,"","","","",13.,1,280,1,"","","","","","","","","","","","","","","","","","","","","","","","","","","","",10.4,1,7.3,1,"","","","","","","","","","","","","","","","","","","","","","","","","","",82,1,"","","","","","","","","","","","",10.4,1,1005.2,1,"","","","","","",6,1,0,1,7,1,7,1,0,1,"","","","","","","","","","","","","","","","","","","","","","","","",12000,1,"","",60,1,2,1,"","","","","","","","","","",7,1,270,1,"","","","","","","","","","","","","","","","","","","","","","","","","","","","","","","","","","","","","","","","","","","","","","","","","","","",""
"83069002","PORQUEROLLES",43.,6.226833,135,1981012012,"","","","",21.,1,280,1,"","","","","","","","","","","","","","","","","","","","","","","","","","","","",12.5,1,9.7,1,"","","","","","","","","","","","","","","","","","","","","","","","","","",85,1,"","","","","","","","","","","","",12.3,1,997.5,1,"","","","","","",1,1,0,1,2,1,4,1,0,1,"","","","","","","","","","","","","","","","","","","","","","","","",10000,1,"","",1,1,6,1,"","","","","","","","","","",7,1,270,1,"","","","","","","","","","","","","","","","","","","","","","","","","","","","","","","","","","","","","","","","","","","","","","","","","","","",""
"83069002","PORQUEROLLES",43.,6.226833,135,1981012015,"","","","",20.,1,320,1,"","","","","","","","","","","","","","","","","","","","","","","","","","","","",12.5,1,-0.9,1,"","","","","","","","","","","","","","","","","","","","","","","","","","",39,1,"","","","","","","","","","","","",5.7,1,998.3,1,"","","","","","",4,1,0,1,2,1,0,1,6,1,"","","","","","","","","","","","","","","","","","","","","","","","",30000,1,"","",3,1,0,1,"","","","","","","","","","",6,1,270,1,"","","","","","","","","","","","","","","","","","","","","","","","","","","","","","","","","","","","","","","","","","","","","","","","","","","",""
"83069002","PORQUEROLLES",43.,6.226833,135,1981012018,"","","","",13.,1,340,1,"","","","","","","","","","","","","","","","","","","","","","","","","","","","",8.8,1,-2.9,1,"","","","","","","","","","","","","","","","","","","","","","","","","","",43,1,"","","","","","","","","","","","",4.9,1,1004.8,1,"","","","","","",1,1,0,1,0,1,4,1,2,1,"","","","","","","","","","","","","","","","","","","","","","","","",30000,1,"","",1,1,1,1,"","","","","","","","","","",5,1,270,1,"","","","","","","","","","","","","","","","","","","","","","","","","","","","","","","","","","","","","","","","","","","","","","","","","","","",""
"83069002","PORQUEROLLES",43.,6.226833,135,1981012021,"","","","",13.,1,360,1,"","","","","","","","","","","","","","","","","","","","","","","","","","","","",7.5,1,-3.4,1,"","","","","","","","","","","","","","","","","","","","","","","","","","",45,1,"","","","","","","","","","","","",4.7,1,1010.8,1,"","","","","","",0,1,"","",0,1,0,1,0,1,"","","","","","","","","","","","","","","","","","","","","","","","",30000,1,"","",1,1,0,1,"","","","","","","","","","",5,1,270,1,"","","","","","","","","","","","","","","","","","","","","","","","","","","","","","","","","","","","","","","","","","","","","","","","","","","",""
"83069002","PORQUEROLLES",43.,6.226833,135,1981012100,"","","","",7.,1,340,1,"","","","","","","","","","","","","","","","","","","","","","","","","","","","",5.8,1,-4.9,1,"","","","","","","","","","","","","","","","","","","","","","","","","","",46,1,"","","","","","","","","","","","",4.2,1,1012.6,1,"","","","","","","","","","","","","","","","","","","","","","","","","","","","","","","","","","","","","","","","","","","","","","","","","","","","","","","","","","","","","","","","","","","","","","","","","","","","","","","","","","","","","","","","","","","","","","","","","","","","","","","","","","","","","","","","","",""
"83069002","PORQUEROLLES",43.,6.226833,135,1981012103,"","","","",6.,1,320,1,"","","","","","","","","","","","","","","","","","","","","","","","","","","","",5.2,1,-4.,1,"","","","","","","","","","","","","","","","","","","","","","","","","","",51,1,"","","","","","","","","","","","",4.5,1,1015.9,1,"","","","","","",0,1,"","",0,1,0,1,0,1,"","","","","","","","","","","","","","","","","","","","","","","","",40000,1,"","",0,1,"","","","","","","","","","","","",3,1,270,1,"","","","","","","","","","","","","","","","","","","","","","","","","","","","","","","","","","","","","","","","","","","","","","","","","","","",""
"83069002","PORQUEROLLES",43.,6.226833,135,1981012106,"","","","",6.,1,340,1,"","","","","","","","","","","","","","","","","","","","","","","","","","","","",4.7,1,-3.7,1,"","","","","","","","","","","","","","","","","","","","","","","","","","",55,1,"","","","","","","","","","","","",4.6,1,1015.9,1,"","","","","","",1,1,0,1,0,1,0,1,2,1,"","","","","","","","","","","","","","","","","","","","","","","","",40000,1,"","",3,1,0,1,"","",0,1,"","","","","","",3,1,270,1,"","","","","","","","","","","","","","","","","","","","","","","","","","","","","","","","","","","","","","","","","","","","","","","","","","","",""
"83069002","PORQUEROLLES",43.,6.226833,135,1981012109,"","","","",7.,1,360,1,"","","","","","","","","","","","","","","","","","","","","","","","","","","","",5.5,1,-2.1,1,"","","","","","","","","","","","","","","","","","","","","","","","","","",58,1,"","","","","","","","","","","","",5.2,1,1018.,1,"","","","","","",0,1,"","",0,1,0,1,0,1,"","","","","","","","","","","","","","","","","","","","","","","","",40000,1,"","",1,1,0,1,"","","","","","","","","","",3,1,270,1,"","","","","","","","","","","","","","","","","","","","","","","","","","","","","","","","","","","","","","","","","","","","","","","","","","","",""
"83069002","PORQUEROLLES",43.,6.226833,135,1981012112,"","","","",0.,1,0,1,"","","","","","","","","","","","","","","","","","","","","","","","","","","","",9.4,1,-1.3,1,"","","","","","","","","","","","","","","","","","","","","","","","","","",47,1,"","","","","","","","","","","","",5.5,1,1019.2,1,"","","","","","",3,1,0,1,0,1,5,1,1,1,"","","","","","","","","","","","","","","","","","","","","","","","",40000,1,"","",3,1,0,1,"","","","","","","","","","",3,1,270,1,"","","","","","","","","","","","","","","","","","","","","","","","","","","","","","","","","","","","","","","","","","","","","","","","","","","",""
"83069002","PORQUEROLLES",43.,6.226833,135,1981012115,"","","","",0.,1,0,1,"","","","","","","","","","","","","","","","","","","","","","","","","","","","",12.5,1,2.,1,"","","","","","","","","","","","","","","","","","","","","","","","","","",49,1,"","","","","","","","","","","","",7.1,1,1019.3,1,"","","","","","",3,1,0,1,0,1,4,1,1,1,"","","","","","","","","","","","","","","","","","","","","","","","",40000,1,"","",2,1,0,1,"","","","","","","","","","",2,1,0,1,"","","","","","","","","","","","","","","","","","","","","","","","","","","","","","","","","","","","","","","","","","","","","","","","","","","",""
"83069002","PORQUEROLLES",43.,6.226833,135,1981012118,"","","","",0.,1,0,1,"","","","","","","","","","","","","","","","","","","","","","","","","","","","",8.,1,1.,1,"","","","","","","","","","","","","","","","","","","","","","","","","","",62,1,"","","","","","","","","","","","",6.6,1,1020.4,1,"","","","","","",3,1,0,1,0,1,4,1,1,1,"","","","","","","","","","","","","","","","","","","","","","","","",40000,1,"","",2,1,0,1,"","","","","","","","","","",2,1,0,1,"","","","","","","","","","","","","","","","","","","","","","","","","","","","","","","","","","","","","","","","","","","","","","","","","","","",""
"83069002","PORQUEROLLES",43.,6.226833,135,1981012121,"","","","",0.,1,0,1,"","","","","","","","","","","","","","","","","","","","","","","","","","","","",6.3,1,3.1,1,"","","","","","","","","","","","","","","","","","","","","","","","","","",81,1,"","","","","","","","","","","","",7.7,1,1020.8,1,"","","","","","",1,1,0,1,0,1,0,1,1,1,"","","","","","","","","","","","","","","","","","","","","","","","",30000,1,"","",1,1,0,1,"","","","","","","","","","",2,1,0,1,"","","","","","","","","","","","","","","","","","","","","","","","","","","","","","","","","","","","","","","","","","","","","","","","","","","",""
"83069002","PORQUEROLLES",43.,6.226833,135,1981012200,"","","","",4.,1,360,1,"","","","","","","","","","","","","","","","","","","","","","","","","","","","",6.,1,0.,1,"","","","","","","","","","","","","","","","","","","","","","","","","","",65,1,"","","","","","","","","","","","",6.1,1,1021.1,1,"","","","","","","","","","","","","","","","","","","","","","","","","","","","","","","","","","","","","","","","","","","","","","","","","","","","","","","","","","","","","","","","","","","","","","","","","","","","","","","","","","","","","","","","","","","","","","","","","","","","","","","","","","","","","","","","","",""
"83069002","PORQUEROLLES",43.,6.226833,135,1981012203,"","","","",3.,1,360,1,"","","","","","","","","","","","","","","","","","","","","","","","","","","","",5.,1,-1.8,1,"","","","","","","","","","","","","","","","","","","","","","","","","","",61,1,"","","","","","","","","","","","",5.3,1,1020.,1,"","","","","","",0,1,"","",0,1,0,1,0,1,"","","","","","","","","","","","","","","","","","","","","","","","",30000,1,"","",0,1,"","","","","","","","","","","","",2,1,0,1,"","","","","","","","","","","","","","","","","","","","","","","","","","","","","","","","","","","","","","","","","","","","","","","","","","","",""
"83069002","PORQUEROLLES",43.,6.226833,135,1981012206,"","","","",3.,1,340,1,"","","","","","","","","","","","","","","","","","","","","","","","","","","","",4.5,1,-1.8,1,"","","","","","","","","","","","","","","","","","","","","","","","","","",64,1,"","","","","","","","","","","","",5.3,1,1020.1,1,"","","","","","",0,1,"","",0,1,0,1,0,1,"","","","","","","","","","","","","","","","","","","","","","","","",30000,1,"","",2,1,0,1,"","",0,1,"","","","","","",2,1,0,1,"","","","","","","","","","","","","","","","","","","","","","","","","","","","","","","","","","","","","","","","","","","","","","","","","","","",""
"83069002","PORQUEROLLES",43.,6.226833,135,1981012209,"","","","",2.,1,60,1,"","","","","","","","","","","","","","","","","","","","","","","","","","","","",6.7,1,1.6,1,"","","","","","","","","","","","","","","","","","","","","","","","","","",70,1,"","","","","","","","","","","","",6.9,1,1021.6,1,"","","","","","",0,1,"","",0,1,0,1,0,1,"","","","","","","","","","","","","","","","","","","","","","","","",38000,1,"","",2,1,0,1,"","","","","","","","","","",2,1,0,1,"","","","","","","","","","","","","","","","","","","","","","","","","","","","","","","","","","","","","","","","","","","","","","","","","","","",""
"83069002","PORQUEROLLES",43.,6.226833,135,1981012212,"","","","",0.,1,0,1,"","","","","","","","","","","","","","","","","","","","","","","","","","","","",9.8,1,2.7,1,"","","","","","","","","","","","","","","","","","","","","","","","","","",62,1,"","","","","","","","","","","","",7.5,1,1022.7,1,"","","","","","",0,1,"","",0,1,0,1,0,1,"","","","","","","","","","","","","","","","","","","","","","","","",35000,1,"","",2,1,0,1,"","","","","","","","","","",2,1,0,1,"","","","","","","","","","","","","","","","","","","","","","","","","","","","","","","","","","","","","","","","","","","","","","","","","","","",""
"83069002","PORQUEROLLES",43.,6.226833,135,1981012215,"","","","",0.,1,0,1,"","","","","","","","","","","","","","","","","","","","","","","","","","","","",12.,1,1.4,1,"","","","","","","","","","","","","","","","","","","","","","","","","","",49,1,"","","","","","","","","","","","",6.8,1,1022.6,1,"","","","","","",0,1,"","",0,1,0,1,0,1,"","","","","","","","","","","","","","","","","","","","","","","","",35000,1,"","",2,1,0,1,"","","","","","","","","","",2,1,0,1,"","","","","","","","","","","","","","","","","","","","","","","","","","","","","","","","","","","","","","","","","","","","","","","","","","","",""
"83069002","PORQUEROLLES",43.,6.226833,135,1981012218,"","","","",0.,1,0,1,"","","","","","","","","","","","","","","","","","","","","","","","","","","","",8.5,1,0.8,1,"","","","","","","","","","","","","","","","","","","","","","","","","","",59,1,"","","","","","","","","","","","",6.5,1,1022.6,1,"","","","","","",0,1,"","",0,1,0,1,0,1,"","","","","","","","","","","","","","","","","","","","","","","","",22000,1,"","",2,1,0,1,"","","","","","","","","","",2,1,0,1,"","","","","","","","","","","","","","","","","","","","","","","","","","","","","","","","","","","","","","","","","","","","","","","","","","","",""
"83069002","PORQUEROLLES",43.,6.226833,135,1981012221,"","","","",3.,1,320,1,"","","","","","","","","","","","","","","","","","","","","","","","","","","","",6.8,1,1.2,1,"","","","","","","","","","","","","","","","","","","","","","","","","","",68,1,"","","","","","","","","","","","",6.7,1,1023.7,1,"","","","","","",0,1,"","",0,1,0,1,0,1,"","","","","","","","","","","","","","","","","","","","","","","","",16000,1,"","",2,1,0,1,"","","","","","","","","","",2,1,0,1,"","","","","","","","","","","","","","","","","","","","","","","","","","","","","","","","","","","","","","","","","","","","","","","","","","","",""
"83069002","PORQUEROLLES",43.,6.226833,135,1981012300,"","","","",4.,1,340,1,"","","","","","","","","","","","","","","","","","","","","","","","","","","","",5.5,1,-0.6,1,"","","","","","","","","","","","","","","","","","","","","","","","","","",64,1,"","","","","","","","","","","","",5.8,1,1023.5,1,"","","","","","","","","","","","","","","","","","","","","","","","","","","","","","","","","","","","","","","","","","","","","","","","","","","","","","","","","","","","","","","","","","","","","","","","","","","","","","","","","","","","","","","","","","","","","","","","","","","","","","","","","","","","","","","","","",""
"83069002","PORQUEROLLES",43.,6.226833,135,1981012303,"","","","",3.,1,340,1,"","","","","","","","","","","","","","","","","","","","","","","","","","","","",5.6,1,-2.3,1,"","","","","","","","","","","","","","","","","","","","","","","","","","",56,1,"","","","","","","","","","","","",5.1,1,1023.5,1,"","","","","","",0,1,"","",0,1,0,1,0,1,"","","","","","","","","","","","","","","","","","","","","","","","",22000,1,"","",0,1,"","","","","","","","","","","","",2,1,0,1,"","","","","","","","","","","","","","","","","","","","","","","","","","","","","","","","","","","","","","","","","","","","","","","","","","","",""
"83069002","PORQUEROLLES",43.,6.226833,135,1981012306,"","","","",3.,1,20,1,"","","","","","","","","","","","","","","","","","","","","","","","","","","","",5.8,1,-2.3,1,"","","","","","","","","","","","","","","","","","","","","","","","","","",55,1,"","","","","","","","","","","","",5.1,1,1023.5,1,"","","","","","",0,1,"","",0,1,0,1,0,1,"","","","","","","","","","","","","","","","","","","","","","","","",25000,1,"","",2,1,0,1,"","",0,1,"","","","","","",2,1,0,1,"","","","","","","","","","","","","","","","","","","","","","","","","","","","","","","","","","","","","","","","","","","","","","","","","","","",""
"83069002","PORQUEROLLES",43.,6.226833,135,1981012309,"","","","",4.,1,340,1,"","","","","","","","","","","","","","","","","","","","","","","","","","","","",7.5,1,-3.4,1,"","","","","","","","","","","","","","","","","","","","","","","","","","",45,1,"","","","","","","","","","","","",4.7,1,1024.,1,"","","","","","",0,1,"","",0,1,0,1,0,1,"","","","","","","","","","","","","","","","","","","","","","","","",25000,1,"","",2,1,0,1,"","","","","","","","","","",2,1,270,1,"","","","","","","","","","","","","","","","","","","","","","","","","","","","","","","","","","","","","","","","","","","","","","","","","","","",""
"83069002","PORQUEROLLES",43.,6.226833,135,1981012312,"","","","",3.,1,120,1,"","","","","","","","","","","","","","","","","","","","","","","","","","","","",13.4,1,6.2,1,"","","","","","","","","","","","","","","","","","","","","","","","","","",63,1,"","","","","","","","","","","","",9.6,1,1024.3,1,"","","","","","",0,1,"","",0,1,0,1,0,1,"","","","","","","","","","","","","","","","","","","","","","","","",35000,1,"","",2,1,0,1,"","","","","","","","","","",3,1,90,1,"","","","","","","","","","","","","","","","","","","","","","","","","","","","","","","","","","","","","","","","","","","","","","","","","","","",""
"83069002","PORQUEROLLES",43.,6.226833,135,1981012315,"","","","",1.,1,240,1,"","","","","","","","","","","","","","","","","","","","","","","","","","","","",14.5,1,2.,1,"","","","","","","","","","","","","","","","","","","","","","","","","","",44,1,"","","","","","","","","","","","",7.1,1,1023.5,1,"","","","","","",0,1,"","",0,1,0,1,0,1,"","","","","","","","","","","","","","","","","","","","","","","","",20000,1,"","",2,1,0,1,"","","","","","","","","","",3,1,90,1,"","","","","","","","","","","","","","","","","","","","","","","","","","","","","","","","","","","","","","","","","","","","","","","","","","","",""
"83069002","PORQUEROLLES",43.,6.226833,135,1981012318,"","","","",4.,1,260,1,"","","","","","","","","","","","","","","","","","","","","","","","","","","","",9.2,1,3.3,1,"","","","","","","","","","","","","","","","","","","","","","","","","","",67,1,"","","","","","","","","","","","",7.8,1,1024.2,1,"","","","","","",0,1,"","",0,1,0,1,0,1,"","","","","","","","","","","","","","","","","","","","","","","","",20000,1,"","",2,1,0,1,"","","","","","","","","","",3,1,90,1,"","","","","","","","","","","","","","","","","","","","","","","","","","","","","","","","","","","","","","","","","","","","","","","","","","","",""
"83069002","PORQUEROLLES",43.,6.226833,135,1981012321,"","","","",3.,1,280,1,"","","","","","","","","","","","","","","","","","","","","","","","","","","","",8.5,1,6.2,1,"","","","","","","","","","","","","","","","","","","","","","","","","","",86,1,"","","","","","","","","","","","",9.6,1,1024.8,1,"","","","","","",1,1,0,1,0,1,0,1,2,1,"","","","","","","","","","","","","","","","","","","","","","","","",20000,1,"","",3,1,0,1,"","","","","","","","","","",2,1,0,1,"","","","","","","","","","","","","","","","","","","","","","","","","","","","","","","","","","","","","","","","","","","","","","","","","","","",""
"83069002","PORQUEROLLES",43.,6.226833,135,1981012400,"","","","",0.,1,0,1,"","","","","","","","","","","","","","","","","","","","","","","","","","","","",9.,1,5.6,1,"","","","","","","","","","","","","","","","","","","","","","","","","","",80,1,"","","","","","","","","","","","",9.2,1,1024.6,1,"","","","","","","","","","","","","","","","","","","","","","","","","","","","","","","","","","","","","","","","","","","","","","","","","","","","","","","","","","","","","","","","","","","","","","","","","","","","","","","","","","","","","","","","","","","","","","","","","","","","","","","","","","","","","","","","","",""
"83069002","PORQUEROLLES",43.,6.226833,135,1981012403,"","","","",0.,1,0,1,"","","","","","","","","","","","","","","","","","","","","","","","","","","","",7.4,1,4.,1,"","","","","","","","","","","","","","","","","","","","","","","","","","",80,1,"","","","","","","","","","","","",8.2,1,1024.4,1,"","","","","","",4,1,0,1,0,1,0,1,2,1,"","","","","","","","","","","","","","","","","","","","","","","","",20000,1,"","",0,1,"","","","","","","","","","","","",2,1,0,1,"","","","","","","","","","","","","","","","","","","","","","","","","","","","","","","","","","","","","","","","","","","","","","","","","","","",""
"83069002","PORQUEROLLES",43.,6.226833,135,1981012406,"","","","",0.,1,0,1,"","","","","","","","","","","","","","","","","","","","","","","","","","","","",7.6,1,6.1,1,"","","","","","","","","","","","","","","","","","","","","","","","","","",92,1,"","","","","","","","","","","","",9.5,1,1024.,1,"","","","","","",0,1,"","",0,1,0,1,0,1,"","","","","","","","","","","","","","","","","","","","","","","","",12000,1,"","",1,1,0,1,"","",0,1,"","","","","","",2,1,0,1,"","","","","","","","","","","","","","","","","","","","","","","","","","","","","","","","","","","","","","","","","","","","","","","","","","","",""
"83069002","PORQUEROLLES",43.,6.226833,135,1981012409,"","","","",0.,1,0,1,"","","","","","","","","","","","","","","","","","","","","","","","","","","","",7.,1,4.7,1,"","","","","","","","","","","","","","","","","","","","","","","","","","",86,1,"","","","","","","","","","","","",8.6,1,1023.8,1,"","","","","","",0,1,"","",0,1,0,1,0,1,"","","","","","","","","","","","","","","","","","","","","","","","",10000,1,"","",2,1,0,1,"","","","","","","","","","",2,1,0,1,"","","","","","","","","","","","","","","","","","","","","","","","","","","","","","","","","","","","","","","","","","","","","","","","","","","",""
"83069002","PORQUEROLLES",43.,6.226833,135,1981012412,"","","","",2.,1,280,1,"","","","","","","","","","","","","","","","","","","","","","","","","","","","",12.3,1,4.8,1,"","","","","","","","","","","","","","","","","","","","","","","","","","",61,1,"","","","","","","","","","","","",8.7,1,1022.9,1,"","","","","","",0,1,"","",0,1,0,1,0,1,"","","","","","","","","","","","","","","","","","","","","","","","",12000,1,"","",2,1,0,1,"","","","","","","","","","",2,1,0,1,"","","","","","","","","","","","","","","","","","","","","","","","","","","","","","","","","","","","","","","","","","","","","","","","","","","",""
"83069002","PORQUEROLLES",43.,6.226833,135,1981012415,"","","","",5.,1,260,1,"","","","","","","","","","","","","","","","","","","","","","","","","","","","",11.9,1,5.1,1,"","","","","","","","","","","","","","","","","","","","","","","","","","",64,1,"","","","","","","","","","","","",8.9,1,1020.9,1,"","","","","","",0,1,"","",0,1,0,1,0,1,"","","","","","","","","","","","","","","","","","","","","","","","",15000,1,"","",2,1,0,1,"","","","","","","","","","",2,1,0,1,"","","","","","","","","","","","","","","","","","","","","","","","","","","","","","","","","","","","","","","","","","","","","","","","","","","",""
"83069002","PORQUEROLLES",43.,6.226833,135,1981012418,"","","","",6.,1,280,1,"","","","","","","","","","","","","","","","","","","","","","","","","","","","",8.4,1,5.1,1,"","","","","","","","","","","","","","","","","","","","","","","","","","",82,1,"","","","","","","","","","","","",8.9,1,1020.3,1,"","","","","","",0,1,"","",0,1,0,1,0,1,"","","","","","","","","","","","","","","","","","","","","","","","",10000,1,"","",2,1,0,1,"","","","","","","","","","",2,1,0,1,"","","","","","","","","","","","","","","","","","","","","","","","","","","","","","","","","","","","","","","","","","","","","","","","","","","",""
"83069002","PORQUEROLLES",43.,6.226833,135,1981012421,"","","","",7.,1,280,1,"","","","","","","","","","","","","","","","","","","","","","","","","","","","",8.1,1,3.8,1,"","","","","","","","","","","","","","","","","","","","","","","","","","",75,1,"","","","","","","","","","","","",8.1,1,1020.1,1,"","","","","","",0,1,"","",0,1,0,1,0,1,"","","","","","","","","","","","","","","","","","","","","","","","",10000,1,"","",2,1,0,1,"","","","","","","","","","",2,1,0,1,"","","","","","","","","","","","","","","","","","","","","","","","","","","","","","","","","","","","","","","","","","","","","","","","","","","",""
"83069002","PORQUEROLLES",43.,6.226833,135,1981012500,"","","","",4.,1,280,1,"","","","","","","","","","","","","","","","","","","","","","","","","","","","",7.6,1,4.9,1,"","","","","","","","","","","","","","","","","","","","","","","","","","",84,1,"","","","","","","","","","","","",8.8,1,1019.9,1,"","","","","","","","","","","","","","","","","","","","","","","","","","","","","","","","","","","","","","","","","","","","","","","","","","","","","","","","","","","","","","","","","","","","","","","","","","","","","","","","","","","","","","","","","","","","","","","","","","","","","","","","","","","","","","","","","",""
"83069002","PORQUEROLLES",43.,6.226833,135,1981012503,"","","","",2.,1,20,1,"","","","","","","","","","","","","","","","","","","","","","","","","","","","",6.,1,3.4,1,"","","","","","","","","","","","","","","","","","","","","","","","","","",85,1,"","","","","","","","","","","","",7.9,1,1020.,1,"","","","","","",0,1,"","",0,1,0,1,0,1,"","","","","","","","","","","","","","","","","","","","","","","","",18000,1,"","",0,1,"","","","","","","","","","","","",2,1,0,1,"","","","","","","","","","","","","","","","","","","","","","","","","","","","","","","","","","","","","","","","","","","","","","","","","","","",""
"83069002","PORQUEROLLES",43.,6.226833,135,1981012506,"","","","",2.,1,340,1,"","","","","","","","","","","","","","","","","","","","","","","","","","","","",6.,1,3.1,1,"","","","","","","","","","","","","","","","","","","","","","","","","","",81,1,"","","","","","","","","","","","",7.7,1,1020.3,1,"","","","","","",0,1,"","",0,1,0,1,0,1,"","","","","","","","","","","","","","","","","","","","","","","","",15000,1,"","",2,1,0,1,"","",0,1,"","","","","","",2,1,0,1,"","","","","","","","","","","","","","","","","","","","","","","","","","","","","","","","","","","","","","","","","","","","","","","","","","","",""
"83069002","PORQUEROLLES",43.,6.226833,135,1981012509,"","","","",2.,1,300,1,"","","","","","","","","","","","","","","","","","","","","","","","","","","","",7.,1,4.6,1,"","","","","","","","","","","","","","","","","","","","","","","","","","",85,1,"","","","","","","","","","","","",8.6,1,1020.3,1,"","","","","","",2,1,0,1,2,1,0,1,0,1,"","","","","","","","","","","","","","","","","","","","","","","","",15000,1,"","",3,1,0,1,"","","","","","","","","","",2,1,0,1,"","","","","","","","","","","","","","","","","","","","","","","","","","","","","","","","","","","","","","","","","","","","","","","","","","","",""
"83069002","PORQUEROLLES",43.,6.226833,135,1981012512,"","","","",1.,1,300,1,"","","","","","","","","","","","","","","","","","","","","","","","","","","","",10.5,1,5.6,1,"","","","","","","","","","","","","","","","","","","","","","","","","","",73,1,"","","","","","","","","","","","",9.2,1,1020.5,1,"","","","","","",0,1,"","",0,1,0,1,0,1,"","","","","","","","","","","","","","","","","","","","","","","","",6000,1,"","",1,1,0,1,"","","","","","","","","","",2,1,0,1,"","","","","","","","","","","","","","","","","","","","","","","","","","","","","","","","","","","","","","","","","","","","","","","","","","","",""
"83069002","PORQUEROLLES",43.,6.226833,135,1981012515,"","","","",3.,1,260,1,"","","","","","","","","","","","","","","","","","","","","","","","","","","","",10.8,1,6.9,1,"","","","","","","","","","","","","","","","","","","","","","","","","","",78,1,"","","","","","","","","","","","",10.1,1,1019.2,1,"","","","","","",2,1,0,1,0,1,0,1,1,1,"","","","","","","","","","","","","","","","","","","","","","","","",6000,1,"","",3,1,0,1,"","","","","","","","","","",2,1,0,1,"","","","","","","","","","","","","","","","","","","","","","","","","","","","","","","","","","","","","","","","","","","","","","","","","","","",""
"83069002","PORQUEROLLES",43.,6.226833,135,1981012518,"","","","",0.,1,0,1,"","","","","","","","","","","","","","","","","","","","","","","","","","","","",8.3,1,4.8,1,"","","","","","","","","","","","","","","","","","","","","","","","","","",80,1,"","","","","","","","","","","","",8.7,1,1020.1,1,"","","","","","",0,1,"","",0,1,0,1,0,1,"","","","","","","","","","","","","","","","","","","","","","","","",8000,1,"","",1,1,0,1,"","","","","","","","","","",2,1,0,1,"","","","","","","","","","","","","","","","","","","","","","","","","","","","","","","","","","","","","","","","","","","","","","","","","","","",""
"83069002","PORQUEROLLES",43.,6.226833,135,1981012521,"","","","",3.,1,60,1,"","","","","","","","","","","","","","","","","","","","","","","","","","","","",7.7,1,6.,1,"","","","","","","","","","","","","","","","","","","","","","","","","","",90,1,"","","","","","","","","","","","",9.5,1,1020.6,1,"","","","","","",0,1,"","",0,1,0,1,0,1,"","","","","","","","","","","","","","","","","","","","","","","","",6000,1,"","",2,1,0,1,"","","","","","","","","","",2,1,0,1,"","","","","","","","","","","","","","","","","","","","","","","","","","","","","","","","","","","","","","","","","","","","","","","","","","","",""
"83069002","PORQUEROLLES",43.,6.226833,135,1981012600,"","","","",3.,1,20,1,"","","","","","","","","","","","","","","","","","","","","","","","","","","","",6.3,1,5.4,1,"","","","","","","","","","","","","","","","","","","","","","","","","","",95,1,"","","","","","","","","","","","",9.1,1,1020.6,1,"","","","","","","","","","","","","","","","","","","","","","","","","","","","","","","","","","","","","","","","","","","","","","","","","","","","","","","","","","","","","","","","","","","","","","","","","","","","","","","","","","","","","","","","","","","","","","","","","","","","","","","","","","","","","","","","","",""
"83069002","PORQUEROLLES",43.,6.226833,135,1981012603,"","","","",2.,1,360,1,"","","","","","","","","","","","","","","","","","","","","","","","","","","","",6.,1,2.9,1,"","","","","","","","","","","","","","","","","","","","","","","","","","",82,1,"","","","","","","","","","","","",7.6,1,1020.6,1,"","","","","","",0,1,"","",0,1,0,1,0,1,"","","","","","","","","","","","","","","","","","","","","","","","",6000,1,"","",0,1,"","","","","","","","","","","","",2,1,0,1,"","","","","","","","","","","","","","","","","","","","","","","","","","","","","","","","","","","","","","","","","","","","","","","","","","","",""
"83069002","PORQUEROLLES",43.,6.226833,135,1981012606,"","","","",3.,1,340,1,"","","","","","","","","","","","","","","","","","","","","","","","","","","","",6.,1,4.3,1,"","","","","","","","","","","","","","","","","","","","","","","","","","",89,1,"","","","","","","","","","","","",8.4,1,1020.2,1,"","","","","","",0,1,"","",0,1,0,1,0,1,"","","","","","","","","","","","","","","","","","","","","","","","",6000,1,"","",2,1,0,1,"","",0,1,"","","","","","",2,1,0,1,"","","","","","","","","","","","","","","","","","","","","","","","","","","","","","","","","","","","","","","","","","","","","","","","","","","",""
"83069002","PORQUEROLLES",43.,6.226833,135,1981012609,"","","","",0.,1,0,1,"","","","","","","","","","","","","","","","","","","","","","","","","","","","",7.,1,0.4,1,"","","","","","","","","","","","","","","","","","","","","","","","","","",63,1,"","","","","","","","","","","","",6.3,1,1021.5,1,"","","","","","",1,1,0,1,1,1,4,1,0,1,"","","","","","","","","","","","","","","","","","","","","","","","",15000,1,"","",3,1,0,1,"","","","","","","","","","",2,1,270,1,"","","","","","","","","","","","","","","","","","","","","","","","","","","","","","","","","","","","","","","","","","","","","","","","","","","",""
"83069002","PORQUEROLLES",43.,6.226833,135,1981012612,"","","","",0.,1,0,1,"","","","","","","","","","","","","","","","","","","","","","","","","","","","",11.5,1,2.9,1,"","","","","","","","","","","","","","","","","","","","","","","","","","",56,1,"","","","","","","","","","","","",7.6,1,1021.2,1,"","","","","","",0,1,"","",0,1,0,1,0,1,"","","","","","","","","","","","","","","","","","","","","","","","",15000,1,"","",1,1,0,1,"","","","","","","","","","",3,1,270,1,"","","","","","","","","","","","","","","","","","","","","","","","","","","","","","","","","","","","","","","","","","","","","","","","","","","",""
"83069002","PORQUEROLLES",43.,6.226833,135,1981012615,"","","","",2.,1,60,1,"","","","","","","","","","","","","","","","","","","","","","","","","","","","",12.2,1,6.2,1,"","","","","","","","","","","","","","","","","","","","","","","","","","",67,1,"","","","","","","","","","","","",9.6,1,1020.8,1,"","","","","","",0,1,"","",0,1,0,1,0,1,"","","","","","","","","","","","","","","","","","","","","","","","",15000,1,"","",2,1,0,1,"","","","","","","","","","",2,1,0,1,"","","","","","","","","","","","","","","","","","","","","","","","","","","","","","","","","","","","","","","","","","","","","","","","","","","",""
"83069002","PORQUEROLLES",43.,6.226833,135,1981012618,"","","","",3.,1,60,1,"","","","","","","","","","","","","","","","","","","","","","","","","","","","",8.,1,4.6,1,"","","","","","","","","","","","","","","","","","","","","","","","","","",81,1,"","","","","","","","","","","","",8.6,1,1023.9,1,"","","","","","",0,1,"","",0,1,0,1,0,1,"","","","","","","","","","","","","","","","","","","","","","","","",12000,1,"","",2,1,0,1,"","","","","","","","","","",2,1,0,1,"","","","","","","","","","","","","","","","","","","","","","","","","","","","","","","","","","","","","","","","","","","","","","","","","","","",""
"83069002","PORQUEROLLES",43.,6.226833,135,1981012621,"","","","",4.,1,360,1,"","","","","","","","","","","","","","","","","","","","","","","","","","","","",7.5,1,5.3,1,"","","","","","","","","","","","","","","","","","","","","","","","","","",87,1,"","","","","","","","","","","","",9.,1,1026.8,1,"","","","","","",0,1,"","",0,1,0,1,0,1,"","","","","","","","","","","","","","","","","","","","","","","","",12000,1,"","",2,1,0,1,"","","","","","","","","","",2,1,0,1,"","","","","","","","","","","","","","","","","","","","","","","","","","","","","","","","","","","","","","","","","","","","","","","","","","","",""
"83069002","PORQUEROLLES",43.,6.226833,135,1981012700,"","","","",3.,1,360,1,"","","","","","","","","","","","","","","","","","","","","","","","","","","","",7.5,1,6.2,1,"","","","","","","","","","","","","","","","","","","","","","","","","","",93,1,"","","","","","","","","","","","",9.6,1,1028.1,1,"","","","","","","","","","","","","","","","","","","","","","","","","","","","","","","","","","","","","","","","","","","","","","","","","","","","","","","","","","","","","","","","","","","","","","","","","","","","","","","","","","","","","","","","","","","","","","","","","","","","","","","","","","","","","","","","","",""
"83069002","PORQUEROLLES",43.,6.226833,135,1981012703,"","","","",3.,1,20,1,"","","","","","","","","","","","","","","","","","","","","","","","","","","","",7.5,1,5.7,1,"","","","","","","","","","","","","","","","","","","","","","","","","","",90,1,"","","","","","","","","","","","",9.3,1,1030.1,1,"","","","","","",1,1,0,1,0,1,0,1,2,1,"","","","","","","","","","","","","","","","","","","","","","","","",15000,1,"","",0,1,"","","","","","","","","","","","",2,1,0,1,"","","","","","","","","","","","","","","","","","","","","","","","","","","","","","","","","","","","","","","","","","","","","","","","","","","",""
"83069002","PORQUEROLLES",43.,6.226833,135,1981012706,"","","","",2.,1,40,1,"","","","","","","","","","","","","","","","","","","","","","","","","","","","",7.8,1,4.5,1,"","","","","","","","","","","","","","","","","","","","","","","","","","",80,1,"","","","","","","","","","","","",8.5,1,1031.2,1,"","","","","","",8,1,8,1,0,1,0,1,7,1,"","","","","","","","","","","","","","","","","","","","","","","","",15000,1,"","",3,1,1,1,"","",0,1,"","","","","","",2,1,0,1,"","","","","","","","","","","","","","","","","","","","","","","","","","","","","","","","","","","","","","","","","","","","","","","","","","","",""
"83069002","PORQUEROLLES",43.,6.226833,135,1981012709,"","","","",3.,1,20,1,"","","","","","","","","","","","","","","","","","","","","","","","","","","","",7.8,1,5.4,1,"","","","","","","","","","","","","","","","","","","","","","","","","","",86,1,"","","","","","","","","","","","",9.1,1,1032.9,1,"","","","","","","","",7,1,0,1,0,1,"","","","","","","","","","","","","","","","","","","","","","","","","","",12000,1,"","",2,1,2,1,"","","","","","","","","","",2,1,0,1,"","","","","","","","","","","","","","","","","","","","","","","","","","","","","","","","","","","","","","","","","","","","","","","","","","","",""
"83069002","PORQUEROLLES",43.,6.226833,135,1981012712,"","","","",4.,1,80,1,"","","","","","","","","","","","","","","","","","","","","","","","","","","","",14.1,1,8.5,1,"","","","","","","","","","","","","","","","","","","","","","","","","","",70,1,"","","","","","","","","","","","",11.3,1,1033.4,1,"","","","","","",2,1,0,1,0,1,0,1,2,1,"","","","","","","","","","","","","","","","","","","","","","","","",15000,1,"","",1,1,1,1,"","","","","","","","","","",2,1,0,1,"","","","","","","","","","","","","","","","","","","","","","","","","","","","","","","","","","","","","","","","","","","","","","","","","","","",""
"83069002","PORQUEROLLES",43.,6.226833,135,1981012715,"","","","",4.,1,100,1,"","","","","","","","","","","","","","","","","","","","","","","","","","","","",14.,1,7.7,1,"","","","","","","","","","","","","","","","","","","","","","","","","","",67,1,"","","","","","","","","","","","",10.7,1,1032.8,1,"","","","","","",3,1,0,1,0,1,0,1,2,1,"","","","","","","","","","","","","","","","","","","","","","","","",25000,1,"","",2,1,0,1,"","","","","","","","","","",2,1,0,1,"","","","","","","","","","","","","","","","","","","","","","","","","","","","","","","","","","","","","","","","","","","","","","","","","","","",""
"83069002","PORQUEROLLES",43.,6.226833,135,1981012718,"","","","",2.,1,220,1,"","","","","","","","","","","","","","","","","","","","","","","","","","","","",9.4,1,5.1,1,"","","","","","","","","","","","","","","","","","","","","","","","","","",75,1,"","","","","","","","","","","","",8.9,1,1032.5,1,"","","","","","",0,1,"","",0,1,0,1,0,1,"","","","","","","","","","","","","","","","","","","","","","","","",20000,1,"","",1,1,0,1,"","","","","","","","","","",2,1,0,1,"","","","","","","","","","","","","","","","","","","","","","","","","","","","","","","","","","","","","","","","","","","","","","","","","","","",""
"83069002","PORQUEROLLES",43.,6.226833,135,1981012721,"","","","",0.,1,0,1,"","","","","","","","","","","","","","","","","","","","","","","","","","","","",7.8,1,6.4,1,"","","","","","","","","","","","","","","","","","","","","","","","","","",93,1,"","","","","","","","","","","","",9.8,1,1032.6,1,"","","","","","",0,1,"","",0,1,0,1,0,1,"","","","","","","","","","","","","","","","","","","","","","","","",20000,1,"","",2,1,0,1,"","","","","","","","","","",2,1,0,1,"","","","","","","","","","","","","","","","","","","","","","","","","","","","","","","","","","","","","","","","","","","","","","","","","","","",""
"83069002","PORQUEROLLES",43.,6.226833,135,1981012800,"","","","",1.,1,40,1,"","","","","","","","","","","","","","","","","","","","","","","","","","","","",6.7,1,5.4,1,"","","","","","","","","","","","","","","","","","","","","","","","","","",93,1,"","","","","","","","","","","","",9.1,1,1032.6,1,"","","","","","","","","","","","","","","","","","","","","","","","","","","","","","","","","","","","","","","","","","","","","","","","","","","","","","","","","","","","","","","","","","","","","","","","","","","","","","","","","","","","","","","","","","","","","","","","","","","","","","","","","","","","","","","","","",""
"83069002","PORQUEROLLES",43.,6.226833,135,1981012803,"","","","",2.,1,20,1,"","","","","","","","","","","","","","","","","","","","","","","","","","","","",5.7,1,4.1,1,"","","","","","","","","","","","","","","","","","","","","","","","","","",91,1,"","","","","","","","","","","","",8.3,1,1032.3,1,"","","","","","",0,1,"","",0,1,0,1,0,1,"","","","","","","","","","","","","","","","","","","","","","","","",15000,1,"","",0,1,"","","","","","","","","","","","",2,1,0,1,"","","","","","","","","","","","","","","","","","","","","","","","","","","","","","","","","","","","","","","","","","","","","","","","","","","",""
"83069002","PORQUEROLLES",43.,6.226833,135,1981012806,"","","","",2.,1,40,1,"","","","","","","","","","","","","","","","","","","","","","","","","","","","",5.7,1,4.6,1,"","","","","","","","","","","","","","","","","","","","","","","","","","",94,1,"","","","","","","","","","","","",8.6,1,1031.9,1,"","","","","","",0,1,"","",0,1,0,1,0,1,"","","","","","","","","","","","","","","","","","","","","","","","",20000,1,"","",2,1,0,1,"","",0,1,"","","","","","",2,1,0,1,"","","","","","","","","","","","","","","","","","","","","","","","","","","","","","","","","","","","","","","","","","","","","","","","","","","",""
"83069002","PORQUEROLLES",43.,6.226833,135,1981012809,"","","","",4.,1,80,1,"","","","","","","","","","","","","","","","","","","","","","","","","","","","",9.,1,7.,1,"","","","","","","","","","","","","","","","","","","","","","","","","","",89,1,"","","","","","","","","","","","",10.2,1,1032.4,1,"","","","","","",0,1,"","",0,1,0,1,0,1,"","","","","","","","","","","","","","","","","","","","","","","","",22000,1,"","",2,1,0,1,"","","","","","","","","","",2,1,0,1,"","","","","","","","","","","","","","","","","","","","","","","","","","","","","","","","","","","","","","","","","","","","","","","","","","","",""
"83069002","PORQUEROLLES",43.,6.226833,135,1981012812,"","","","",3.,1,80,1,"","","","","","","","","","","","","","","","","","","","","","","","","","","","",12.5,1,8.5,1,"","","","","","","","","","","","","","","","","","","","","","","","","","",78,1,"","","","","","","","","","","","",11.3,1,1031.6,1,"","","","","","",2,1,0,1,2,1,0,1,0,1,"","","","","","","","","","","","","","","","","","","","","","","","",12000,1,"","",3,1,0,1,"","","","","","","","","","",2,1,0,1,"","","","","","","","","","","","","","","","","","","","","","","","","","","","","","","","","","","","","","","","","","","","","","","","","","","",""
"83069002","PORQUEROLLES",43.,6.226833,135,1981012815,"","","","",2.,1,80,1,"","","","","","","","","","","","","","","","","","","","","","","","","","","","",12.7,1,7.7,1,"","","","","","","","","","","","","","","","","","","","","","","","","","",73,1,"","","","","","","","","","","","",10.7,1,1030.8,1,"","","","","","",6,1,6,1,6,1,0,1,0,1,"","","","","","","","","","","","","","","","","","","","","","","","",6000,1,"","",3,1,1,1,"","","","","","","","","","",2,1,0,1,"","","","","","","","","","","","","","","","","","","","","","","","","","","","","","","","","","","","","","","","","","","","","","","","","","","",""
"83069002","PORQUEROLLES",43.,6.226833,135,1981012818,"","","","",3.,1,60,1,"","","","","","","","","","","","","","","","","","","","","","","","","","","","",7.4,1,4.8,1,"","","","","","","","","","","","","","","","","","","","","","","","","","",84,1,"","","","","","","","","","","","",8.7,1,1031.2,1,"","","","","","",3,1,0,1,6,1,0,1,0,1,"","","","","","","","","","","","","","","","","","","","","","","","",8000,1,"","",1,1,1,1,"","","","","","","","","","",2,1,0,1,"","","","","","","","","","","","","","","","","","","","","","","","","","","","","","","","","","","","","","","","","","","","","","","","","","","",""
"83069002","PORQUEROLLES",43.,6.226833,135,1981012821,"","","","",7.,1,20,1,"","","","","","","","","","","","","","","","","","","","","","","","","","","","",8.6,1,5.3,1,"","","","","","","","","","","","","","","","","","","","","","","","","","",81,1,"","","","","","","","","","","","",9.,1,1032.4,1,"","","","","","",3,1,0,1,6,1,0,1,0,1,"","","","","","","","","","","","","","","","","","","","","","","","",6000,1,"","",2,1,0,1,"","","","","","","","","","",2,1,0,1,"","","","","","","","","","","","","","","","","","","","","","","","","","","","","","","","","","","","","","","","","","","","","","","","","","","",""
"83069002","PORQUEROLLES",43.,6.226833,135,1981012900,"","","","",13.,1,80,1,"","","","","","","","","","","","","","","","","","","","","","","","","","","","",7.8,1,1.,1,"","","","","","","","","","","","","","","","","","","","","","","","","","",62,1,"","","","","","","","","","","","",6.6,1,1033.4,1,"","","","","","","","","","","","","","","","","","","","","","","","","","","","","","","","","","","","","","","","","","","","","","","","","","","","","","","","","","","","","","","","","","","","","","","","","","","","","","","","","","","","","","","","","","","","","","","","","","","","","","","","","","","","","","","","","",""
"83069002","PORQUEROLLES",43.,6.226833,135,1981012903,"","","","",8.,1,20,1,"","","","","","","","","","","","","","","","","","","","","","","","","","","","",5.7,1,1.4,1,"","","","","","","","","","","","","","","","","","","","","","","","","","",74,1,"","","","","","","","","","","","",6.8,1,1034.4,1,"","","","","","",0,1,"","",0,1,0,1,0,1,"","","","","","","","","","","","","","","","","","","","","","","","",8000,1,"","",0,1,"","","","","","","","","","","","",2,1,0,1,"","","","","","","","","","","","","","","","","","","","","","","","","","","","","","","","","","","","","","","","","","","","","","","","","","","",""
"83069002","PORQUEROLLES",43.,6.226833,135,1981012906,"","","","",4.,1,20,1,"","","","","","","","","","","","","","","","","","","","","","","","","","","","",5.2,1,2.2,1,"","","","","","","","","","","","","","","","","","","","","","","","","","",82,1,"","","","","","","","","","","","",7.2,1,1034.4,1,"","","","","","",0,1,"","",0,1,0,1,0,1,"","","","","","","","","","","","","","","","","","","","","","","","",12000,1,"","",2,1,0,1,"","",0,1,"","","","","","",2,1,0,1,"","","","","","","","","","","","","","","","","","","","","","","","","","","","","","","","","","","","","","","","","","","","","","","","","","","",""
"83069002","PORQUEROLLES",43.,6.226833,135,1981012909,"","","","",2.,1,20,1,"","","","","","","","","","","","","","","","","","","","","","","","","","","","",6.5,1,2.7,1,"","","","","","","","","","","","","","","","","","","","","","","","","","",78,1,"","","","","","","","","","","","",7.5,1,1034.4,1,"","","","","","",0,1,"","",0,1,0,1,0,1,"","","","","","","","","","","","","","","","","","","","","","","","",10000,1,"","",2,1,0,1,"","","","","","","","","","",3,1,130,1,"","","","","","","","","","","","","","","","","","","","","","","","","","","","","","","","","","","","","","","","","","","","","","","","","","","",""
"83069002","PORQUEROLLES",43.,6.226833,135,1981012912,"","","","",0.,1,0,1,"","","","","","","","","","","","","","","","","","","","","","","","","","","","",11.4,1,3.6,1,"","","","","","","","","","","","","","","","","","","","","","","","","","",59,1,"","","","","","","","","","","","",8.,1,1033.1,1,"","","","","","",0,1,"","",0,1,0,1,0,1,"","","","","","","","","","","","","","","","","","","","","","","","",12000,1,"","",2,1,0,1,"","","","","","","","","","",2,1,130,1,"","","","","","","","","","","","","","","","","","","","","","","","","","","","","","","","","","","","","","","","","","","","","","","","","","","",""
"83069002","PORQUEROLLES",43.,6.226833,135,1981012915,"","","","",5.,1,340,1,"","","","","","","","","","","","","","","","","","","","","","","","","","","","",11.,1,1.4,1,"","","","","","","","","","","","","","","","","","","","","","","","","","",52,1,"","","","","","","","","","","","",6.8,1,1031.,1,"","","","","","",0,1,"","",0,1,0,1,0,1,"","","","","","","","","","","","","","","","","","","","","","","","",12000,1,"","",2,1,0,1,"","","","","","","","","","",2,1,130,1,"","","","","","","","","","","","","","","","","","","","","","","","","","","","","","","","","","","","","","","","","","","","","","","","","","","",""
"83069002","PORQUEROLLES",43.,6.226833,135,1981012918,"","","","",6.,1,280,1,"","","","","","","","","","","","","","","","","","","","","","","","","","","","",8.,1,2.2,1,"","","","","","","","","","","","","","","","","","","","","","","","","","",67,1,"","","","","","","","","","","","",7.2,1,1030.5,1,"","","","","","",0,1,"","",0,1,0,1,0,1,"","","","","","","","","","","","","","","","","","","","","","","","",10000,1,"","",2,1,0,1,"","","","","","","","","","",2,1,270,1,"","","","","","","","","","","","","","","","","","","","","","","","","","","","","","","","","","","","","","","","","","","","","","","","","","","",""
"83069002","PORQUEROLLES",43.,6.226833,135,1981012921,"","","","",4.,1,340,1,"","","","","","","","","","","","","","","","","","","","","","","","","","","","",6.6,1,2.7,1,"","","","","","","","","","","","","","","","","","","","","","","","","","",77,1,"","","","","","","","","","","","",7.5,1,1030.5,1,"","","","","","",0,1,"","",0,1,0,1,0,1,"","","","","","","","","","","","","","","","","","","","","","","","",15000,1,"","",2,1,0,1,"","","","","","","","","","",2,1,270,1,"","","","","","","","","","","","","","","","","","","","","","","","","","","","","","","","","","","","","","","","","","","","","","","","","","","",""
"83069002","PORQUEROLLES",43.,6.226833,135,1981013000,"","","","",0.,1,0,1,"","","","","","","","","","","","","","","","","","","","","","","","","","","","",5.6,1,1.2,1,"","","","","","","","","","","","","","","","","","","","","","","","","","",74,1,"","","","","","","","","","","","",6.7,1,1030.2,1,"","","","","","","","","","","","","","","","","","","","","","","","","","","","","","","","","","","","","","","","","","","","","","","","","","","","","","","","","","","","","","","","","","","","","","","","","","","","","","","","","","","","","","","","","","","","","","","","","","","","","","","","","","","","","","","","","",""
"83069002","PORQUEROLLES",43.,6.226833,135,1981013003,"","","","",0.,1,0,1,"","","","","","","","","","","","","","","","","","","","","","","","","","","","",6.4,1,0.8,1,"","","","","","","","","","","","","","","","","","","","","","","","","","",68,1,"","","","","","","","","","","","",6.5,1,1030.2,1,"","","","","","",0,1,"","",0,1,0,1,0,1,"","","","","","","","","","","","","","","","","","","","","","","","",15000,1,"","",0,1,"","","","","","","","","","","","",2,1,0,1,"","","","","","","","","","","","","","","","","","","","","","","","","","","","","","","","","","","","","","","","","","","","","","","","","","","",""
"83069002","PORQUEROLLES",43.,6.226833,135,1981013006,"","","","",3.,1,40,1,"","","","","","","","","","","","","","","","","","","","","","","","","","","","",5.7,1,1.8,1,"","","","","","","","","","","","","","","","","","","","","","","","","","",77,1,"","","","","","","","","","","","",7.,1,1030.2,1,"","","","","","",0,1,"","",0,1,0,1,0,1,"","","","","","","","","","","","","","","","","","","","","","","","",15000,1,"","",2,1,0,1,"","",0,1,"","","","","","",2,1,0,1,"","","","","","","","","","","","","","","","","","","","","","","","","","","","","","","","","","","","","","","","","","","","","","","","","","","",""
"83069002","PORQUEROLLES",43.,6.226833,135,1981013009,"","","","",2.,1,40,1,"","","","","","","","","","","","","","","","","","","","","","","","","","","","",7.1,1,1.2,1,"","","","","","","","","","","","","","","","","","","","","","","","","","",67,1,"","","","","","","","","","","","",6.7,1,1032.2,1,"","","","","","",0,1,"","",0,1,0,1,0,1,"","","","","","","","","","","","","","","","","","","","","","","","",30000,1,"","",2,1,0,1,"","","","","","","","","","",2,1,0,1,"","","","","","","","","","","","","","","","","","","","","","","","","","","","","","","","","","","","","","","","","","","","","","","","","","","",""
"83069002","PORQUEROLLES",43.,6.226833,135,1981013012,"","","","",4.,1,40,1,"","","","","","","","","","","","","","","","","","","","","","","","","","","","",14.5,1,3.4,1,"","","","","","","","","","","","","","","","","","","","","","","","","","",46,1,"","","","","","","","","","","","",7.9,1,1032.1,1,"","","","","","",0,1,"","",0,1,0,1,0,1,"","","","","","","","","","","","","","","","","","","","","","","","",30000,1,"","",2,1,0,1,"","","","","","","","","","",2,1,0,1,"","","","","","","","","","","","","","","","","","","","","","","","","","","","","","","","","","","","","","","","","","","","","","","","","","","",""
"83069002","PORQUEROLLES",43.,6.226833,135,1981013015,"","","","",3.,1,80,1,"","","","","","","","","","","","","","","","","","","","","","","","","","","","",14.,1,2.7,1,"","","","","","","","","","","","","","","","","","","","","","","","","","",47,1,"","","","","","","","","","","","",7.5,1,1032.1,1,"","","","","","",0,1,"","",0,1,0,1,0,1,"","","","","","","","","","","","","","","","","","","","","","","","",25000,1,"","",2,1,0,1,"","","","","","","","","","",2,1,0,1,"","","","","","","","","","","","","","","","","","","","","","","","","","","","","","","","","","","","","","","","","","","","","","","","","","","",""
"83069002","PORQUEROLLES",43.,6.226833,135,1981013018,"","","","",3.,1,280,1,"","","","","","","","","","","","","","","","","","","","","","","","","","","","",9.5,1,6.,1,"","","","","","","","","","","","","","","","","","","","","","","","","","",80,1,"","","","","","","","","","","","",9.5,1,1032.4,1,"","","","","","",0,1,"","",0,1,0,1,0,1,"","","","","","","","","","","","","","","","","","","","","","","","",20000,1,"","",2,1,0,1,"","","","","","","","","","",2,1,0,1,"","","","","","","","","","","","","","","","","","","","","","","","","","","","","","","","","","","","","","","","","","","","","","","","","","","",""
"83069002","PORQUEROLLES",43.,6.226833,135,1981013021,"","","","",4.,1,280,1,"","","","","","","","","","","","","","","","","","","","","","","","","","","","",8.4,1,2.5,1,"","","","","","","","","","","","","","","","","","","","","","","","","","",68,1,"","","","","","","","","","","","",7.4,1,1032.3,1,"","","","","","",0,1,"","",0,1,0,1,0,1,"","","","","","","","","","","","","","","","","","","","","","","","",15000,1,"","",2,1,0,1,"","","","","","","","","","",2,1,0,1,"","","","","","","","","","","","","","","","","","","","","","","","","","","","","","","","","","","","","","","","","","","","","","","","","","","",""
"83069002","PORQUEROLLES",43.,6.226833,135,1981013100,"","","","",5.,1,320,1,"","","","","","","","","","","","","","","","","","","","","","","","","","","","",7.8,1,1.,1,"","","","","","","","","","","","","","","","","","","","","","","","","","",62,1,"","","","","","","","","","","","",6.6,1,1031.9,1,"","","","","","","","","","","","","","","","","","","","","","","","","","","","","","","","","","","","","","","","","","","","","","","","","","","","","","","","","","","","","","","","","","","","","","","","","","","","","","","","","","","","","","","","","","","","","","","","","","","","","","","","","","","","","","","","","",""
"83069002","PORQUEROLLES",43.,6.226833,135,1981013103,"","","","",3.,1,340,1,"","","","","","","","","","","","","","","","","","","","","","","","","","","","",7.2,1,-0.5,1,"","","","","","","","","","","","","","","","","","","","","","","","","","",58,1,"","","","","","","","","","","","",5.9,1,1031.5,1,"","","","","","",0,1,"","",0,1,0,1,0,1,"","","","","","","","","","","","","","","","","","","","","","","","",25000,1,"","",0,1,"","","","","","","","","","","","",2,1,0,1,"","","","","","","","","","","","","","","","","","","","","","","","","","","","","","","","","","","","","","","","","","","","","","","","","","","",""
"83069002","PORQUEROLLES",43.,6.226833,135,1981013106,"","","","",4.,1,360,1,"","","","","","","","","","","","","","","","","","","","","","","","","","","","",7.,1,-0.7,1,"","","","","","","","","","","","","","","","","","","","","","","","","","",58,1,"","","","","","","","","","","","",5.8,1,1031.5,1,"","","","","","",0,1,"","",0,1,0,1,0,1,"","","","","","","","","","","","","","","","","","","","","","","","",25000,1,"","",2,1,0,1,"","",0,1,"","","","","","",2,1,0,1,"","","","","","","","","","","","","","","","","","","","","","","","","","","","","","","","","","","","","","","","","","","","","","","","","","","",""
"83069002","PORQUEROLLES",43.,6.226833,135,1981013109,"","","","",2.,1,80,1,"","","","","","","","","","","","","","","","","","","","","","","","","","","","",8.,1,3.3,1,"","","","","","","","","","","","","","","","","","","","","","","","","","",73,1,"","","","","","","","","","","","",7.8,1,1032.2,1,"","","","","","",0,1,"","",0,1,0,1,0,1,"","","","","","","","","","","","","","","","","","","","","","","","",30000,1,"","",2,1,0,1,"","","","","","","","","","",2,1,0,1,"","","","","","","","","","","","","","","","","","","","","","","","","","","","","","","","","","","","","","","","","","","","","","","","","","","",""
"83069002","PORQUEROLLES",43.,6.226833,135,1981013112,"","","","",2.,1,80,1,"","","","","","","","","","","","","","","","","","","","","","","","","","","","",13.3,1,3.1,1,"","","","","","","","","","","","","","","","","","","","","","","","","","",51,1,"","","","","","","","","","","","",7.7,1,1032.6,1,"","","","","","",0,1,"","",0,1,0,1,0,1,"","","","","","","","","","","","","","","","","","","","","","","","",16000,1,"","",2,1,0,1,"","","","","","","","","","",2,1,0,1,"","","","","","","","","","","","","","","","","","","","","","","","","","","","","","","","","","","","","","","","","","","","","","","","","","","",""
"83069002","PORQUEROLLES",43.,6.226833,135,1981013115,"","","","",0.,1,0,1,"","","","","","","","","","","","","","","","","","","","","","","","","","","","",14.,1,2.8,1,"","","","","","","","","","","","","","","","","","","","","","","","","","",47,1,"","","","","","","","","","","","",7.5,1,1031.8,1,"","","","","","",0,1,"","",0,1,0,1,0,1,"","","","","","","","","","","","","","","","","","","","","","","","",16000,1,"","",2,1,0,1,"","","","","","","","","","",2,1,0,1,"","","","","","","","","","","","","","","","","","","","","","","","","","","","","","","","","","","","","","","","","","","","","","","","","","","",""
"83069002","PORQUEROLLES",43.,6.226833,135,1981013118,"","","","",0.,1,0,1,"","","","","","","","","","","","","","","","","","","","","","","","","","","","",10.5,1,5.6,1,"","","","","","","","","","","","","","","","","","","","","","","","","","",73,1,"","","","","","","","","","","","",9.2,1,1032.8,1,"","","","","","",0,1,"","",0,1,0,1,0,1,"","","","","","","","","","","","","","","","","","","","","","","","",12000,1,"","",2,1,0,1,"","","","","","","","","","",2,1,0,1,"","","","","","","","","","","","","","","","","","","","","","","","","","","","","","","","","","","","","","","","","","","","","","","","","","","",""
"83069002","PORQUEROLLES",43.,6.226833,135,1981013121,"","","","",0.,1,0,1,"","","","","","","","","","","","","","","","","","","","","","","","","","","","",8.5,1,6.8,1,"","","","","","","","","","","","","","","","","","","","","","","","","","",90,1,"","","","","","","","","","","","",10.,1,1033.9,1,"","","","","","",0,1,"","",0,1,0,1,0,1,"","","","","","","","","","","","","","","","","","","","","","","","",16000,1,"","",2,1,0,1,"","","","","","","","","","",2,1,0,1,"","","","","","","","","","","","","","","","","","","","","","","","","","","","","","","","","","","","","","","","","","","","","","","","","","","",""
"83069002","PORQUEROLLES",43.,6.226833,135,1981020100,"","","","",2.,1,40,1,"","","","","","","","","","","","","","","","","","","","","","","","","","","","",9.4,1,-1.1,1,"","","","","","","","","","","","","","","","","","","","","","","","","","",48,1,"","","","","","","","","","","","",5.6,1,1033.9,1,"","","","","","","","","","","","","","","","","","","","","","","","","","","","","","","","","","","","","","","","","","","","","","","","","","","","","","","","","","","","","","","","","","","","","","","","","","","","","","","","","","","","","","","","","","","","","","","","","","","","","","","","","","","","","","","","","",""
"83069002","PORQUEROLLES",43.,6.226833,135,1981020103,"","","","",0.,1,0,1,"","","","","","","","","","","","","","","","","","","","","","","","","","","","",9.,1,-2.3,1,"","","","","","","","","","","","","","","","","","","","","","","","","","",45,1,"","","","","","","","","","","","",5.1,1,1033.9,1,"","","","","","",0,1,"","",0,1,0,1,0,1,"","","","","","","","","","","","","","","","","","","","","","","","",16000,1,"","",0,1,"","","","","","","","","","","","",2,1,0,1,"","","","","","","","","","","","","","","","","","","","","","","","","","","","","","","","","","","","","","","","","","","","","","","","","","","",""
"83069002","PORQUEROLLES",43.,6.226833,135,1981020106,"","","","",0.,1,0,1,"","","","","","","","","","","","","","","","","","","","","","","","","","","","",9.7,1,-2.6,1,"","","","","","","","","","","","","","","","","","","","","","","","","","",42,1,"","","","","","","","","","","","",5.,1,1033.9,1,"","","","","","",0,1,"","",0,1,0,1,0,1,"","","","","","","","","","","","","","","","","","","","","","","","",18000,1,"","",2,1,0,1,"","",0,1,"","","","","","",2,1,0,1,"","","","","","","","","","","","","","","","","","","","","","","","","","","","","","","","","","","","","","","","","","","","","","","","","","","",""
"83069002","PORQUEROLLES",43.,6.226833,135,1981020109,"","","","",0.,1,0,1,"","","","","","","","","","","","","","","","","","","","","","","","","","","","",11.5,1,-0.9,1,"","","","","","","","","","","","","","","","","","","","","","","","","","",42,1,"","","","","","","","","","","","",5.7,1,1034.8,1,"","","","","","",0,1,"","",0,1,0,1,0,1,"","","","","","","","","","","","","","","","","","","","","","","","",25000,1,"","",2,1,0,1,"","","","","","","","","","",2,1,0,1,"","","","","","","","","","","","","","","","","","","","","","","","","","","","","","","","","","","","","","","","","","","","","","","","","","","",""
"83069002","PORQUEROLLES",43.,6.226833,135,1981020112,"","","","",0.,1,0,1,"","","","","","","","","","","","","","","","","","","","","","","","","","","","",15.8,1,0.6,1,"","","","","","","","","","","","","","","","","","","","","","","","","","",36,1,"","","","","","","","","","","","",6.4,1,1034.9,1,"","","","","","",0,1,"","",0,1,0,1,0,1,"","","","","","","","","","","","","","","","","","","","","","","","",25000,1,"","",2,1,0,1,"","","","","","","","","","",2,1,0,1,"","","","","","","","","","","","","","","","","","","","","","","","","","","","","","","","","","","","","","","","","","","","","","","","","","","",""
"83069002","PORQUEROLLES",43.,6.226833,135,1981020115,"","","","",4.,1,260,1,"","","","","","","","","","","","","","","","","","","","","","","","","","","","",14.,1,2.7,1,"","","","","","","","","","","","","","","","","","","","","","","","","","",47,1,"","","","","","","","","","","","",7.5,1,1033.8,1,"","","","","","",0,1,"","",0,1,0,1,0,1,"","","","","","","","","","","","","","","","","","","","","","","","",18000,1,"","",2,1,0,1,"","","","","","","","","","",2,1,0,1,"","","","","","","","","","","","","","","","","","","","","","","","","","","","","","","","","","","","","","","","","","","","","","","","","","","",""
"83069002","PORQUEROLLES",43.,6.226833,135,1981020118,"","","","",4.,1,260,1,"","","","","","","","","","","","","","","","","","","","","","","","","","","","",10.4,1,8.1,1,"","","","","","","","","","","","","","","","","","","","","","","","","","",88,1,"","","","","","","","","","","","",11.,1,1033.9,1,"","","","","","",0,1,"","",0,1,0,1,0,1,"","","","","","","","","","","","","","","","","","","","","","","","",15000,1,"","",2,1,0,1,"","","","","","","","","","",2,1,0,1,"","","","","","","","","","","","","","","","","","","","","","","","","","","","","","","","","","","","","","","","","","","","","","","","","","","",""
"83069002","PORQUEROLLES",43.,6.226833,135,1981020121,"","","","",1.,1,360,1,"","","","","","","","","","","","","","","","","","","","","","","","","","","","",10.4,1,8.1,1,"","","","","","","","","","","","","","","","","","","","","","","","","","",88,1,"","","","","","","","","","","","",11.,1,1034.,1,"","","","","","",0,1,"","",0,1,0,1,0,1,"","","","","","","","","","","","","","","","","","","","","","","","",18000,1,"","",2,1,0,1,"","","","","","","","","","",2,1,0,1,"","","","","","","","","","","","","","","","","","","","","","","","","","","","","","","","","","","","","","","","","","","","","","","","","","","",""
"83069002","PORQUEROLLES",43.,6.226833,135,1981020200,"","","","",0.,1,0,1,"","","","","","","","","","","","","","","","","","","","","","","","","","","","",9.2,1,1.6,1,"","","","","","","","","","","","","","","","","","","","","","","","","","",60,1,"","","","","","","","","","","","",6.9,1,1034.1,1,"","","","","","","","","","","","","","","","","","","","","","","","","","","","","","","","","","","","","","","","","","","","","","","","","","","","","","","","","","","","","","","","","","","","","","","","","","","","","","","","","","","","","","","","","","","","","","","","","","","","","","","","","","","","","","","","","",""
"83069002","PORQUEROLLES",43.,6.226833,135,1981020203,"","","","",0.,1,0,1,"","","","","","","","","","","","","","","","","","","","","","","","","","","","",9.,1,9.,1,"","","","","","","","","","","","","","","","","","","","","","","","","","",100,1,"","","","","","","","","","","","",11.5,1,1033.9,1,"","","","","","",0,1,"","",0,1,0,1,0,1,"","","","","","","","","","","","","","","","","","","","","","","","",15000,1,"","",0,1,"","","","","","","","","","","","",2,1,0,1,"","","","","","","","","","","","","","","","","","","","","","","","","","","","","","","","","","","","","","","","","","","","","","","","","","","",""
"83069002","PORQUEROLLES",43.,6.226833,135,1981020206,"","","","",2.,1,80,1,"","","","","","","","","","","","","","","","","","","","","","","","","","","","",8.5,1,6.2,1,"","","","","","","","","","","","","","","","","","","","","","","","","","",86,1,"","","","","","","","","","","","",9.6,1,1033.1,1,"","","","","","",0,1,"","",0,1,0,1,0,1,"","","","","","","","","","","","","","","","","","","","","","","","",15000,1,"","",2,1,0,1,"","",0,1,"","","","","","",2,1,0,1,"","","","","","","","","","","","","","","","","","","","","","","","","","","","","","","","","","","","","","","","","","","","","","","","","","","",""
"83069002","PORQUEROLLES",43.,6.226833,135,1981020209,"","","","",2.,1,80,1,"","","","","","","","","","","","","","","","","","","","","","","","","","","","",8.4,1,5.3,1,"","","","","","","","","","","","","","","","","","","","","","","","","","",82,1,"","","","","","","","","","","","",9.,1,1033.9,1,"","","","","","",3,1,0,1,0,1,0,1,1,1,"","","","","","","","","","","","","","","","","","","","","","","","",12000,1,"","",3,1,0,1,"","","","","","","","","","",2,1,0,1,"","","","","","","","","","","","","","","","","","","","","","","","","","","","","","","","","","","","","","","","","","","","","","","","","","","",""
"83069002","PORQUEROLLES",43.,6.226833,135,1981020212,"","","","",0.,1,0,1,"","","","","","","","","","","","","","","","","","","","","","","","","","","","",13.4,1,10.4,1,"","","","","","","","","","","","","","","","","","","","","","","","","","",84,1,"","","","","","","","","","","","",12.9,1,1033.3,1,"","","","","","",1,1,0,1,0,1,0,1,1,1,"","","","","","","","","","","","","","","","","","","","","","","","",12000,1,"","",1,1,0,1,"","","","","","","","","","",2,1,0,1,"","","","","","","","","","","","","","","","","","","","","","","","","","","","","","","","","","","","","","","","","","","","","","","","","","","",""
"83069002","PORQUEROLLES",43.,6.226833,135,1981020215,"","","","",0.,1,0,1,"","","","","","","","","","","","","","","","","","","","","","","","","","","","",14.7,1,11.2,1,"","","","","","","","","","","","","","","","","","","","","","","","","","",81,1,"","","","","","","","","","","","",13.6,1,1031.3,1,"","","","","","",1,1,0,1,0,1,0,1,1,1,"","","","","","","","","","","","","","","","","","","","","","","","",12000,1,"","",2,1,0,1,"","","","","","","","","","",2,1,0,1,"","","","","","","","","","","","","","","","","","","","","","","","","","","","","","","","","","","","","","","","","","","","","","","","","","","",""
"83069002","PORQUEROLLES",43.,6.226833,135,1981020218,"","","","",0.,1,0,1,"","","","","","","","","","","","","","","","","","","","","","","","","","","","",9.7,1,9.7,1,"","","","","","","","","","","","","","","","","","","","","","","","","","",100,1,"","","","","","","","","","","","",12.,1,1031.4,1,"","","","","","",0,1,"","",0,1,0,1,0,1,"","","","","","","","","","","","","","","","","","","","","","","","",6000,1,"","",1,1,0,1,"","","","","","","","","","",2,1,0,1,"","","","","","","","","","","","","","","","","","","","","","","","","","","","","","","","","","","","","","","","","","","","","","","","","","","",""
"83069002","PORQUEROLLES",43.,6.226833,135,1981020221,"","","","",4.,1,40,1,"","","","","","","","","","","","","","","","","","","","","","","","","","","","",8.,1,8.,1,"","","","","","","","","","","","","","","","","","","","","","","","","","",100,1,"","","","","","","","","","","","",10.7,1,1030.9,1,"","","","","","",0,1,"","",0,1,0,1,0,1,"","","","","","","","","","","","","","","","","","","","","","","","",8000,1,"","",2,1,0,1,"","","","","","","","","","",2,1,0,1,"","","","","","","","","","","","","","","","","","","","","","","","","","","","","","","","","","","","","","","","","","","","","","","","","","","",""
"83069002","PORQUEROLLES",43.,6.226833,135,1981020300,"","","","",4.,1,60,1,"","","","","","","","","","","","","","","","","","","","","","","","","","","","",9.6,1,9.6,1,"","","","","","","","","","","","","","","","","","","","","","","","","","",100,1,"","","","","","","","","","","","",11.9,1,1030.,1,"","","","","","","","","","","","","","","","","","","","","","","","","","","","","","","","","","","","","","","","","","","","","","","","","","","","","","","","","","","","","","","","","","","","","","","","","","","","","","","","","","","","","","","","","","","","","","","","","","","","","","","","","","","","","","","","","",""
"83069002","PORQUEROLLES",43.,6.226833,135,1981020303,"","","","",3.,1,20,1,"","","","","","","","","","","","","","","","","","","","","","","","","","","","",6.9,1,6.9,1,"","","","","","","","","","","","","","","","","","","","","","","","","","",99,1,"","","","","","","","","","","","",9.8,1,1028.7,1,"","","","","","",0,1,"","",0,1,0,1,0,1,"","","","","","","","","","","","","","","","","","","","","","","","",15000,1,"","",0,1,"","","","","","","","","","","","",2,1,0,1,"","","","","","","","","","","","","","","","","","","","","","","","","","","","","","","","","","","","","","","","","","","","","","","","","","","",""
"83069002","PORQUEROLLES",43.,6.226833,135,1981020306,"","","","",2.,1,40,1,"","","","","","","","","","","","","","","","","","","","","","","","","","","","",7.4,1,4.,1,"","","","","","","","","","","","","","","","","","","","","","","","","","",80,1,"","","","","","","","","","","","",8.2,1,1027.8,1,"","","","","","",0,1,"","",0,1,0,1,0,1,"","","","","","","","","","","","","","","","","","","","","","","","",10000,1,"","",2,1,0,1,"","",0,1,"","","","","","",2,1,0,1,"","","","","","","","","","","","","","","","","","","","","","","","","","","","","","","","","","","","","","","","","","","","","","","","","","","",""
"83069002","PORQUEROLLES",43.,6.226833,135,1981020309,"","","","",0.,1,0,1,"","","","","","","","","","","","","","","","","","","","","","","","","","","","",8.5,1,6.8,1,"","","","","","","","","","","","","","","","","","","","","","","","","","",90,1,"","","","","","","","","","","","",10.,1,1026.8,1,"","","","","","",6,1,6,1,6,1,0,1,0,1,"","","","","","","","","","","","","","","","","","","","","","","","",6000,1,"","",3,1,1,1,"","","","","","","","","","",2,1,0,1,"","","","","","","","","","","","","","","","","","","","","","","","","","","","","","","","","","","","","","","","","","","","","","","","","","","",""
"83069002","PORQUEROLLES",43.,6.226833,135,1981020312,"","","","",3.,1,240,1,"","","","","","","","","","","","","","","","","","","","","","","","","","","","",13.3,1,7.5,1,"","","","","","","","","","","","","","","","","","","","","","","","","","",69,1,"","","","","","","","","","","","",10.5,1,1023.8,1,"","","","","","",0,1,"","",0,1,0,1,0,1,"","","","","","","","","","","","","","","","","","","","","","","","",6000,1,"","",1,1,1,1,"","","","","","","","","","",2,1,0,1,"","","","","","","","","","","","","","","","","","","","","","","","","","","","","","","","","","","","","","","","","","","","","","","","","","","",""
"83069002","PORQUEROLLES",43.,6.226833,135,1981020315,"","","","",7.,1,260,1,"","","","","","","","","","","","","","","","","","","","","","","","","","","","",11.4,1,8.,1,"","","","","","","","","","","","","","","","","","","","","","","","","","",81,1,"","","","","","","","","","","","",10.9,1,1019.8,1,"","","","","","",6,1,0,1,6,1,0,1,4,1,"","","","","","","","","","","","","","","","","","","","","","","","",6000,1,"","",3,1,1,1,"","","","","","","","","","",2,1,0,1,"","","","","","","","","","","","","","","","","","","","","","","","","","","","","","","","","","","","","","","","","","","","","","","","","","","",""
"83069002","PORQUEROLLES",43.,6.226833,135,1981020318,"","","","",9.,1,260,1,"","","","","","","","","","","","","","","","","","","","","","","","","","","","",9.3,1,6.8,1,"","","","","","","","","","","","","","","","","","","","","","","","","","",86,1,"","","","","","","","","","","","",10.,1,1017.3,1,"","","","","","",5,1,5,1,0,1,7,1,0,1,"","","","","","","","","","","","","","","","","","","","","","","","",6000,1,"","",2,1,0,1,"","","","","","","","","","",3,1,270,1,"","","","","","","","","","","","","","","","","","","","","","","","","","","","","","","","","","","","","","","","","","","","","","","","","","","",""
"83069002","PORQUEROLLES",43.,6.226833,135,1981020321,"","","","",12.,1,260,1,"","","","","","","","","","","","","","","","","","","","","","","","","","","","",9.8,1,6.6,1,"","","","","","","","","","","","","","","","","","","","","","","","","","",82,1,"","","","","","","","","","","","",9.9,1,1014.4,1,"","","","","","",5,1,5,1,0,1,7,1,0,1,"","","","","","","","","","","","","","","","","","","","","","","","",6000,1,"","",2,1,2,1,"","","","","","","","","","",3,1,270,1,"","","","","","","","","","","","","","","","","","","","","","","","","","","","","","","","","","","","","","","","","","","","","","","","","","","",""
"83069002","PORQUEROLLES",43.,6.226833,135,1981020400,"","","","",11.,1,260,1,"","","","","","","","","","","","","","","","","","","","","","","","","","","","",9.6,1,4.3,1,"","","","","","","","","","","","","","","","","","","","","","","","","","",70,1,"","","","","","","","","","","","",8.4,1,1012.,1,"","","","","","","","","","","","","","","","","","","","","","","","","","","","","","","","","","","","","","","","","","","","","","","","","","","","","","","","","","","","","","","","","","","","","","","","","","","","","","","","","","","","","","","","","","","","","","","","","","","","","","","","","","","","","","","","","",""
"83069002","PORQUEROLLES",43.,6.226833,135,1981020403,"","","","",12.,1,260,1,"","","","","","","","","","","","","","","","","","","","","","","","","","","","",9.8,1,6.,1,"","","","","","","","","","","","","","","","","","","","","","","","","","",78,1,"","","","","","","","","","","","",9.5,1,1009.,1,"","","","","","",8,1,8,1,0,1,7,1,"","","","","","","","","","","","","","","","","","","","","","","","","","",12000,1,"","",0,1,"","","","","","","","","","","","",4,1,270,1,"","","","","","","","","","","","","","","","","","","","","","","","","","","","","","","","","","","","","","","","","","","","","","","","","","","",""
"83069002","PORQUEROLLES",43.,6.226833,135,1981020406,"","","","",17.,1,260,1,"","","","","","","","","","","","","","","","","","","","","","","","","","","","",10.3,1,9.,1,"","","","","","","","","","","","","","","","","","","","","","","","","","",94,1,"","","","","","","","","","","","",11.7,1,1005.,1,"","","","","","",8,1,5,1,7,1,7,1,"","","","","","","","","","","","","","","","","","","","","","","","","","",8000,1,"","",60,1,6,1,"","",0,1,"","","","","","",4,1,270,1,"","","","","","","","","","","","","","","","","","","","","","","","","","","","","","","","","","","","","","","","","","","","","","","","","","","",""
"83069002","PORQUEROLLES",43.,6.226833,135,1981020409,"","","","",17.,1,260,1,"","","","","","","","","","","","","","","","","","","","","","","","","","","","",10.7,1,9.6,1,"","","","","","","","","","","","","","","","","","","","","","","","","","",95,1,"","","","","","","","","","","","",12.2,1,1003.9,1,"","","","","","",6,1,6,1,7,1,7,1,"","","","","","","","","","","","","","","","","","","","","","","","","","",6000,1,"","",2,1,6,1,"","","","","","","","","","",4,1,270,1,"","","","","","","","","","","","","","","","","","","","","","","","","","","","","","","","","","","","","","","","","","","","","","","","","","","",""
"83069002","PORQUEROLLES",43.,6.226833,135,1981020412,"","","","",9.,1,260,1,"","","","","","","","","","","","","","","","","","","","","","","","","","","","",11.5,1,9.3,1,"","","","","","","","","","","","","","","","","","","","","","","","","","",89,1,"","","","","","","","","","","","",12.,1,1001.4,1,"","","","","","",8,1,8,1,7,1,7,1,"","","","","","","","","","","","","","","","","","","","","","","","","","",12000,1,"","",3,1,2,1,"","","","","","","","","","",4,1,270,1,"","","","","","","","","","","","","","","","","","","","","","","","","","","","","","","","","","","","","","","","","","","","","","","","","","","",""
"83069002","PORQUEROLLES",43.,6.226833,135,1981020415,"","","","",14.,1,260,1,"","","","","","","","","","","","","","","","","","","","","","","","","","","","",11.,1,7.4,1,"","","","","","","","","","","","","","","","","","","","","","","","","","",80,1,"","","","","","","","","","","","",10.5,1,999.4,1,"","","","","","",7,1,7,1,0,1,7,1,"","","","","","","","","","","","","","","","","","","","","","","","","","",20000,1,"","",1,1,2,1,"","","","","","","","","","",4,1,270,1,"","","","","","","","","","","","","","","","","","","","","","","","","","","","","","","","","","","","","","","","","","","","","","","","","","","",""
"83069002","PORQUEROLLES",43.,6.226833,135,1981020418,"","","","",12.,1,260,1,"","","","","","","","","","","","","","","","","","","","","","","","","","","","",9.7,1,6.7,1,"","","","","","","","","","","","","","","","","","","","","","","","","","",83,1,"","","","","","","","","","","","",10.,1,999.4,1,"","","","","","",2,1,0,1,0,1,4,1,0,1,"","","","","","","","","","","","","","","","","","","","","","","","",20000,1,"","",1,1,1,1,"","","","","","","","","","",4,1,270,1,"","","","","","","","","","","","","","","","","","","","","","","","","","","","","","","","","","","","","","","","","","","","","","","","","","","",""
"83069002","PORQUEROLLES",43.,6.226833,135,1981020421,"","","","",13.,1,280,1,"","","","","","","","","","","","","","","","","","","","","","","","","","","","",8.5,1,4.5,1,"","","","","","","","","","","","","","","","","","","","","","","","","","",77,1,"","","","","","","","","","","","",8.5,1,1000.,1,"","","","","","",0,1,"","",0,1,0,1,0,1,"","","","","","","","","","","","","","","","","","","","","","","","",20000,1,"","",1,1,0,1,"","","","","","","","","","",4,1,270,1,"","","","","","","","","","","","","","","","","","","","","","","","","","","","","","","","","","","","","","","","","","","","","","","","","","","",""
"83069002","PORQUEROLLES",43.,6.226833,135,1981020500,"","","","",13.,1,300,1,"","","","","","","","","","","","","","","","","","","","","","","","","","","","",7.5,1,2.,1,"","","","","","","","","","","","","","","","","","","","","","","","","","",68,1,"","","","","","","","","","","","",7.1,1,999.7,1,"","","","","","","","","","","","","","","","","","","","","","","","","","","","","","","","","","","","","","","","","","","","","","","","","","","","","","","","","","","","","","","","","","","","","","","","","","","","","","","","","","","","","","","","","","","","","","","","","","","","","","","","","","","","","","","","","",""
"83069002","PORQUEROLLES",43.,6.226833,135,1981020503,"","","","",9.,1,320,1,"","","","","","","","","","","","","","","","","","","","","","","","","","","","",7.2,1,-1.2,1,"","","","","","","","","","","","","","","","","","","","","","","","","","",55,1,"","","","","","","","","","","","",5.6,1,999.7,1,"","","","","","",0,1,"","",0,1,0,1,0,1,"","","","","","","","","","","","","","","","","","","","","","","","",25000,1,"","",0,1,"","","","","","","","","","","","",4,1,270,1,"","","","","","","","","","","","","","","","","","","","","","","","","","","","","","","","","","","","","","","","","","","","","","","","","","","",""
"83069002","PORQUEROLLES",43.,6.226833,135,1981020506,"","","","",14.,1,320,1,"","","","","","","","","","","","","","","","","","","","","","","","","","","","",6.5,1,-4.,1,"","","","","","","","","","","","","","","","","","","","","","","","","","",47,1,"","","","","","","","","","","","",4.5,1,1000.3,1,"","","","","","",1,1,0,1,0,1,4,1,0,1,"","","","","","","","","","","","","","","","","","","","","","","","",25000,1,"","",3,1,0,1,"","",0,1,"","","","","","",4,1,270,1,"","","","","","","","","","","","","","","","","","","","","","","","","","","","","","","","","","","","","","","","","","","","","","","","","","","",""
"83069002","PORQUEROLLES",43.,6.226833,135,1981020509,"","","","",13.,1,320,1,"","","","","","","","","","","","","","","","","","","","","","","","","","","","",7.,1,-3.5,1,"","","","","","","","","","","","","","","","","","","","","","","","","","",47,1,"","","","","","","","","","","","",4.7,1,1003.,1,"","","","","","",3,1,0,1,3,1,0,1,0,1,"","","","","","","","","","","","","","","","","","","","","","","","",30000,1,"","",3,1,0,1,"","","","","","","","","","",4,1,270,1,"","","","","","","","","","","","","","","","","","","","","","","","","","","","","","","","","","","","","","","","","","","","","","","","","","","",""
"83069002","PORQUEROLLES",43.,6.226833,135,1981020512,"","","","",8.,1,320,1,"","","","","","","","","","","","","","","","","","","","","","","","","","","","",9.9,1,-3.5,1,"","","","","","","","","","","","","","","","","","","","","","","","","","",39,1,"","","","","","","","","","","","",4.7,1,1004.6,1,"","","","","","",3,1,0,1,2,1,4,1,0,1,"","","","","","","","","","","","","","","","","","","","","","","","",35000,1,"","",1,1,0,1,"","","","","","","","","","",4,1,270,1,"","","","","","","","","","","","","","","","","","","","","","","","","","","","","","","","","","","","","","","","","","","","","","","","","","","",""
"83069002","PORQUEROLLES",43.,6.226833,135,1981020515,"","","","",10.,1,300,1,"","","","","","","","","","","","","","","","","","","","","","","","","","","","",9.5,1,-2.1,1,"","","","","","","","","","","","","","","","","","","","","","","","","","",44,1,"","","","","","","","","","","","",5.2,1,1006.5,1,"","","","","","",2,1,0,1,0,1,0,1,2,1,"","","","","","","","","","","","","","","","","","","","","","","","",40000,1,"","",1,1,0,1,"","","","","","","","","","",4,1,270,1,"","","","","","","","","","","","","","","","","","","","","","","","","","","","","","","","","","","","","","","","","","","","","","","","","","","",""
"83069002","PORQUEROLLES",43.,6.226833,135,1981020518,"","","","",14.,1,320,1,"","","","","","","","","","","","","","","","","","","","","","","","","","","","",7.9,1,-5.9,1,"","","","","","","","","","","","","","","","","","","","","","","","","","",36,1,"","","","","","","","","","","","",3.9,1,1009.4,1,"","","","","","",2,1,0,1,0,1,0,1,2,1,"","","","","","","","","","","","","","","","","","","","","","","","",25000,1,"","",2,1,0,1,"","","","","","","","","","",5,1,270,1,"","","","","","","","","","","","","","","","","","","","","","","","","","","","","","","","","","","","","","","","","","","","","","","","","","","",""
"83069002","PORQUEROLLES",43.,6.226833,135,1981020521,"","","","",8.,1,320,1,"","","","","","","","","","","","","","","","","","","","","","","","","","","","",7.,1,-4.6,1,"","","","","","","","","","","","","","","","","","","","","","","","","","",43,1,"","","","","","","","","","","","",4.3,1,1013.3,1,"","","","","","",0,1,"","",0,1,0,1,0,1,"","","","","","","","","","","","","","","","","","","","","","","","",25000,1,"","",1,1,0,1,"","","","","","","","","","",5,1,270,1,"","","","","","","","","","","","","","","","","","","","","","","","","","","","","","","","","","","","","","","","","","","","","","","","","","","",""
"83069002","PORQUEROLLES",43.,6.226833,135,1981020600,"","","","",12.,1,300,1,"","","","","","","","","","","","","","","","","","","","","","","","","","","","",6.2,1,-3.5,1,"","","","","","","","","","","","","","","","","","","","","","","","","","",50,1,"","","","","","","","","","","","",4.7,1,1014.3,1,"","","","","","","","","","","","","","","","","","","","","","","","","","","","","","","","","","","","","","","","","","","","","","","","","","","","","","","","","","","","","","","","","","","","","","","","","","","","","","","","","","","","","","","","","","","","","","","","","","","","","","","","","","","","","","","","","",""
"83069002","PORQUEROLLES",43.,6.226833,135,1981020603,"","","","",15.,1,280,1,"","","","","","","","","","","","","","","","","","","","","","","","","","","","",7.,1,1.8,1,"","","","","","","","","","","","","","","","","","","","","","","","","","",70,1,"","","","","","","","","","","","",7.,1,1014.3,1,"","","","","","",0,1,"","",0,1,0,1,0,1,"","","","","","","","","","","","","","","","","","","","","","","","",30000,1,"","",0,1,"","","","","","","","","","","","",5,1,270,1,"","","","","","","","","","","","","","","","","","","","","","","","","","","","","","","","","","","","","","","","","","","","","","","","","","","",""
"83069002","PORQUEROLLES",43.,6.226833,135,1981020606,"","","","",13.,1,280,1,"","","","","","","","","","","","","","","","","","","","","","","","","","","","",6.3,1,2.8,1,"","","","","","","","","","","","","","","","","","","","","","","","","","",79,1,"","","","","","","","","","","","",7.5,1,1014.5,1,"","","","","","",1,1,0,1,0,1,0,1,2,1,"","","","","","","","","","","","","","","","","","","","","","","","",30000,1,"","",3,1,0,1,"","",0,1,"","","","","","",5,1,270,1,"","","","","","","","","","","","","","","","","","","","","","","","","","","","","","","","","","","","","","","","","","","","","","","","","","","",""
"83069002","PORQUEROLLES",43.,6.226833,135,1981020609,"","","","",4.,1,320,1,"","","","","","","","","","","","","","","","","","","","","","","","","","","","",9.,1,3.8,1,"","","","","","","","","","","","","","","","","","","","","","","","","","",71,1,"","","","","","","","","","","","",8.1,1,1015.2,1,"","","","","","",0,1,"","",0,1,0,1,0,1,"","","","","","","","","","","","","","","","","","","","","","","","",30000,1,"","",1,1,0,1,"","","","","","","","","","",4,1,270,1,"","","","","","","","","","","","","","","","","","","","","","","","","","","","","","","","","","","","","","","","","","","","","","","","","","","",""
"83069002","PORQUEROLLES",43.,6.226833,135,1981020612,"","","","",0.,1,0,1,"","","","","","","","","","","","","","","","","","","","","","","","","","","","",13.3,1,4.5,1,"","","","","","","","","","","","","","","","","","","","","","","","","","",56,1,"","","","","","","","","","","","",8.5,1,1018.4,1,"","","","","","",0,1,"","",0,1,0,1,0,1,"","","","","","","","","","","","","","","","","","","","","","","","",28000,1,"","",2,1,0,1,"","","","","","","","","","",3,1,270,1,"","","","","","","","","","","","","","","","","","","","","","","","","","","","","","","","","","","","","","","","","","","","","","","","","","","",""
"83069002","PORQUEROLLES",43.,6.226833,135,1981020615,"","","","",4.,1,180,1,"","","","","","","","","","","","","","","","","","","","","","","","","","","","",13.,1,5.5,1,"","","","","","","","","","","","","","","","","","","","","","","","","","",61,1,"","","","","","","","","","","","",9.1,1,1018.4,1,"","","","","","",0,1,"","",0,1,0,1,0,1,"","","","","","","","","","","","","","","","","","","","","","","","",25000,1,"","",2,1,0,1,"","","","","","","","","","",3,1,270,1,"","","","","","","","","","","","","","","","","","","","","","","","","","","","","","","","","","","","","","","","","","","","","","","","","","","",""
"83069002","PORQUEROLLES",43.,6.226833,135,1981020618,"","","","",6.,1,180,1,"","","","","","","","","","","","","","","","","","","","","","","","","","","","",10.5,1,5.,1,"","","","","","","","","","","","","","","","","","","","","","","","","","",69,1,"","","","","","","","","","","","",8.8,1,1020.3,1,"","","","","","",2,1,0,1,0,1,4,1,0,1,"","","","","","","","","","","","","","","","","","","","","","","","",18000,1,"","",3,1,0,1,"","","","","","","","","","",2,1,270,1,"","","","","","","","","","","","","","","","","","","","","","","","","","","","","","","","","","","","","","","","","","","","","","","","","","","",""
"83069002","PORQUEROLLES",43.,6.226833,135,1981020621,"","","","",4.,1,320,1,"","","","","","","","","","","","","","","","","","","","","","","","","","","","",9.7,1,5.5,1,"","","","","","","","","","","","","","","","","","","","","","","","","","",76,1,"","","","","","","","","","","","",9.1,1,1022.,1,"","","","","","",2,1,0,1,0,1,4,1,0,1,"","","","","","","","","","","","","","","","","","","","","","","","",16000,1,"","",2,1,0,1,"","","","","","","","","","",2,1,270,1,"","","","","","","","","","","","","","","","","","","","","","","","","","","","","","","","","","","","","","","","","","","","","","","","","","","",""
"83069002","PORQUEROLLES",43.,6.226833,135,1981020700,"","","","",5.,1,300,1,"","","","","","","","","","","","","","","","","","","","","","","","","","","","",9.3,1,4.5,1,"","","","","","","","","","","","","","","","","","","","","","","","","","",73,1,"","","","","","","","","","","","",8.5,1,1023.3,1,"","","","","","","","","","","","","","","","","","","","","","","","","","","","","","","","","","","","","","","","","","","","","","","","","","","","","","","","","","","","","","","","","","","","","","","","","","","","","","","","","","","","","","","","","","","","","","","","","","","","","","","","","","","","","","","","","",""
"83069002","PORQUEROLLES",43.,6.226833,135,1981020703,"","","","",4.,1,340,1,"","","","","","","","","","","","","","","","","","","","","","","","","","","","",7.5,1,4.,1,"","","","","","","","","","","","","","","","","","","","","","","","","","",79,1,"","","","","","","","","","","","",8.2,1,1023.5,1,"","","","","","",0,1,"","",0,1,0,1,0,1,"","","","","","","","","","","","","","","","","","","","","","","","",18000,1,"","",0,1,"","","","","","","","","","","","",2,1,0,1,"","","","","","","","","","","","","","","","","","","","","","","","","","","","","","","","","","","","","","","","","","","","","","","","","","","",""
"83069002","PORQUEROLLES",43.,6.226833,135,1981020706,"","","","",3.,1,340,1,"","","","","","","","","","","","","","","","","","","","","","","","","","","","",7.5,1,4.,1,"","","","","","","","","","","","","","","","","","","","","","","","","","",79,1,"","","","","","","","","","","","",8.2,1,1025.2,1,"","","","","","",8,1,8,1,0,1,7,1,"","","","","","","","","","","","","","","","","","","","","","","","","","",16000,1,"","",3,1,1,1,"","",0,1,"","","","","","",2,1,0,1,"","","","","","","","","","","","","","","","","","","","","","","","","","","","","","","","","","","","","","","","","","","","","","","","","","","",""
"83069002","PORQUEROLLES",43.,6.226833,135,1981020709,"","","","",2.,1,340,1,"","","","","","","","","","","","","","","","","","","","","","","","","","","","",8.6,1,4.6,1,"","","","","","","","","","","","","","","","","","","","","","","","","","",77,1,"","","","","","","","","","","","",8.6,1,1026.3,1,"","","","","","",5,1,5,1,0,1,7,1,0,1,"","","","","","","","","","","","","","","","","","","","","","","","",20000,1,"","",1,1,0,1,"","","","","","","","","","",2,1,0,1,"","","","","","","","","","","","","","","","","","","","","","","","","","","","","","","","","","","","","","","","","","","","","","","","","","","",""
"83069002","PORQUEROLLES",43.,6.226833,135,1981020712,"","","","",0.,1,0,1,"","","","","","","","","","","","","","","","","","","","","","","","","","","","",14.2,1,8.9,1,"","","","","","","","","","","","","","","","","","","","","","","","","","",71,1,"","","","","","","","","","","","",11.6,1,1026.4,1,"","","","","","",6,1,6,1,0,1,0,1,2,1,"","","","","","","","","","","","","","","","","","","","","","","","",20000,1,"","",3,1,1,1,"","","","","","","","","","",2,1,230,1,"","","","","","","","","","","","","","","","","","","","","","","","","","","","","","","","","","","","","","","","","","","","","","","","","","","",""
"83069002","PORQUEROLLES",43.,6.226833,135,1981020715,"","","","",3.,1,260,1,"","","","","","","","","","","","","","","","","","","","","","","","","","","","",13.4,1,7.6,1,"","","","","","","","","","","","","","","","","","","","","","","","","","",69,1,"","","","","","","","","","","","",10.6,1,1025.4,1,"","","","","","",5,1,5,1,0,1,0,1,2,1,"","","","","","","","","","","","","","","","","","","","","","","","",20000,1,"","",1,1,2,1,"","","","","","","","","","",3,1,230,1,"","","","","","","","","","","","","","","","","","","","","","","","","","","","","","","","","","","","","","","","","","","","","","","","","","","",""
"83069002","PORQUEROLLES",43.,6.226833,135,1981020718,"","","","",3.,1,220,1,"","","","","","","","","","","","","","","","","","","","","","","","","","","","",10.2,1,7.4,1,"","","","","","","","","","","","","","","","","","","","","","","","","","",84,1,"","","","","","","","","","","","",10.5,1,1025.7,1,"","","","","","",1,1,0,1,0,1,0,1,2,1,"","","","","","","","","","","","","","","","","","","","","","","","",20000,1,"","",1,1,1,1,"","","","","","","","","","",3,1,230,1,"","","","","","","","","","","","","","","","","","","","","","","","","","","","","","","","","","","","","","","","","","","","","","","","","","","",""
"83069002","PORQUEROLLES",43.,6.226833,135,1981020721,"","","","",2.,1,220,1,"","","","","","","","","","","","","","","","","","","","","","","","","","","","",10.,1,8.1,1,"","","","","","","","","","","","","","","","","","","","","","","","","","",90,1,"","","","","","","","","","","","",11.,1,1026.8,1,"","","","","","",0,1,"","",0,1,0,1,0,1,"","","","","","","","","","","","","","","","","","","","","","","","",20000,1,"","",1,1,0,1,"","","","","","","","","","",2,1,230,1,"","","","","","","","","","","","","","","","","","","","","","","","","","","","","","","","","","","","","","","","","","","","","","","","","","","",""
"83069002","PORQUEROLLES",43.,6.226833,135,1981020800,"","","","",0.,1,0,1,"","","","","","","","","","","","","","","","","","","","","","","","","","","","",9.,1,9.,1,"","","","","","","","","","","","","","","","","","","","","","","","","","",100,1,"","","","","","","","","","","","",11.5,1,1026.6,1,"","","","","","","","","","","","","","","","","","","","","","","","","","","","","","","","","","","","","","","","","","","","","","","","","","","","","","","","","","","","","","","","","","","","","","","","","","","","","","","","","","","","","","","","","","","","","","","","","","","","","","","","","","","","","","","","","",""
"83069002","PORQUEROLLES",43.,6.226833,135,1981020803,"","","","",0.,1,0,1,"","","","","","","","","","","","","","","","","","","","","","","","","","","","",7.6,1,7.6,1,"","","","","","","","","","","","","","","","","","","","","","","","","","",100,1,"","","","","","","","","","","","",10.4,1,1026.1,1,"","","","","","",0,1,"","",0,1,0,1,0,1,"","","","","","","","","","","","","","","","","","","","","","","","",20000,1,"","",0,1,"","","","","","","","","","","","",2,1,0,1,"","","","","","","","","","","","","","","","","","","","","","","","","","","","","","","","","","","","","","","","","","","","","","","","","","","",""
"83069002","PORQUEROLLES",43.,6.226833,135,1981020806,"","","","",0.,1,0,1,"","","","","","","","","","","","","","","","","","","","","","","","","","","","",7.3,1,7.3,1,"","","","","","","","","","","","","","","","","","","","","","","","","","",100,1,"","","","","","","","","","","","",10.2,1,1025.6,1,"","","","","","",0,1,"","",0,1,0,1,0,1,"","","","","","","","","","","","","","","","","","","","","","","","",20000,1,"","",2,1,0,1,"","",0,1,"","","","","","",2,1,0,1,"","","","","","","","","","","","","","","","","","","","","","","","","","","","","","","","","","","","","","","","","","","","","","","","","","","",""
"83069002","PORQUEROLLES",43.,6.226833,135,1981020809,"","","","",0.,1,0,1,"","","","","","","","","","","","","","","","","","","","","","","","","","","","",9.5,1,9.5,1,"","","","","","","","","","","","","","","","","","","","","","","","","","",100,1,"","","","","","","","","","","","",11.9,1,1025.9,1,"","","","","","",1,1,0,1,1,1,0,1,0,1,"","","","","","","","","","","","","","","","","","","","","","","","",12000,1,"","",3,1,0,1,"","","","","","","","","","",2,1,0,1,"","","","","","","","","","","","","","","","","","","","","","","","","","","","","","","","","","","","","","","","","","","","","","","","","","","",""
"83069002","PORQUEROLLES",43.,6.226833,135,1981020812,"","","","",0.,1,0,1,"","","","","","","","","","","","","","","","","","","","","","","","","","","","",14.8,1,10.8,1,"","","","","","","","","","","","","","","","","","","","","","","","","","",79,1,"","","","","","","","","","","","",13.2,1,1025.3,1,"","","","","","",5,1,5,1,5,1,0,1,0,1,"","","","","","","","","","","","","","","","","","","","","","","","",12000,1,"","",3,1,1,1,"","","","","","","","","","",2,1,0,1,"","","","","","","","","","","","","","","","","","","","","","","","","","","","","","","","","","","","","","","","","","","","","","","","","","","",""
"83069002","PORQUEROLLES",43.,6.226833,135,1981020815,"","","","",2.,1,100,1,"","","","","","","","","","","","","","","","","","","","","","","","","","","","",12.3,1,8.5,1,"","","","","","","","","","","","","","","","","","","","","","","","","","",79,1,"","","","","","","","","","","","",11.3,1,1024.7,1,"","","","","","",6,1,6,1,5,1,0,1,0,1,"","","","","","","","","","","","","","","","","","","","","","","","",10000,1,"","",2,1,2,1,"","","","","","","","","","",2,1,0,1,"","","","","","","","","","","","","","","","","","","","","","","","","","","","","","","","","","","","","","","","","","","","","","","","","","","",""
"83069002","PORQUEROLLES",43.,6.226833,135,1981020818,"","","","",0.,1,0,1,"","","","","","","","","","","","","","","","","","","","","","","","","","","","",10.5,1,9.,1,"","","","","","","","","","","","","","","","","","","","","","","","","","",92,1,"","","","","","","","","","","","",11.7,1,1024.8,1,"","","","","","",6,1,6,1,5,1,0,1,0,1,"","","","","","","","","","","","","","","","","","","","","","","","",12000,1,"","",2,1,2,1,"","","","","","","","","","",2,1,0,1,"","","","","","","","","","","","","","","","","","","","","","","","","","","","","","","","","","","","","","","","","","","","","","","","","","","",""
"83069002","PORQUEROLLES",43.,6.226833,135,1981020821,"","","","",0.,1,0,1,"","","","","","","","","","","","","","","","","","","","","","","","","","","","",10.1,1,8.5,1,"","","","","","","","","","","","","","","","","","","","","","","","","","",91,1,"","","","","","","","","","","","",11.3,1,1024.9,1,"","","","","","",7,1,7,1,5,1,0,1,0,1,"","","","","","","","","","","","","","","","","","","","","","","","",20000,1,"","",2,1,2,1,"","","","","","","","","","",2,1,0,1,"","","","","","","","","","","","","","","","","","","","","","","","","","","","","","","","","","","","","","","","","","","","","","","","","","","",""
"83069002","PORQUEROLLES",43.,6.226833,135,1981020900,"","","","",0.,1,0,1,"","","","","","","","","","","","","","","","","","","","","","","","","","","","",10.,1,9.3,1,"","","","","","","","","","","","","","","","","","","","","","","","","","",98,1,"","","","","","","","","","","","",12.,1,1024.,1,"","","","","","","","","","","","","","","","","","","","","","","","","","","","","","","","","","","","","","","","","","","","","","","","","","","","","","","","","","","","","","","","","","","","","","","","","","","","","","","","","","","","","","","","","","","","","","","","","","","","","","","","","","","","","","","","","",""
"83069002","PORQUEROLLES",43.,6.226833,135,1981020903,"","","","",0.,1,0,1,"","","","","","","","","","","","","","","","","","","","","","","","","","","","",9.,1,8.3,1,"","","","","","","","","","","","","","","","","","","","","","","","","","",97,1,"","","","","","","","","","","","",11.2,1,1022.5,1,"","","","","","",2,1,0,1,2,1,0,1,0,1,"","","","","","","","","","","","","","","","","","","","","","","","",15000,1,"","",0,1,"","","","","","","","","","","","",2,1,0,1,"","","","","","","","","","","","","","","","","","","","","","","","","","","","","","","","","","","","","","","","","","","","","","","","","","","",""
"83069002","PORQUEROLLES",43.,6.226833,135,1981020906,"","","","",0.,1,0,1,"","","","","","","","","","","","","","","","","","","","","","","","","","","","",8.6,1,8.6,1,"","","","","","","","","","","","","","","","","","","","","","","","","","",99,1,"","","","","","","","","","","","",11.,1,1022.4,1,"","","","","","",4,1,0,1,5,1,0,1,0,1,"","","","","","","","","","","","","","","","","","","","","","","","",20000,1,"","",3,1,0,1,"","",0,1,"","","","","","",2,1,0,1,"","","","","","","","","","","","","","","","","","","","","","","","","","","","","","","","","","","","","","","","","","","","","","","","","","","",""
"83069002","PORQUEROLLES",43.,6.226833,135,1981020909,"","","","",3.,1,100,1,"","","","","","","","","","","","","","","","","","","","","","","","","","","","",10.,1,10.,1,"","","","","","","","","","","","","","","","","","","","","","","","","","",100,1,"","","","","","","","","","","","",12.3,1,1022.3,1,"","","","","","",3,1,0,1,2,1,0,1,0,1,"","","","","","","","","","","","","","","","","","","","","","","","",10000,1,"","",1,1,0,1,"","","","","","","","","","",2,1,0,1,"","","","","","","","","","","","","","","","","","","","","","","","","","","","","","","","","","","","","","","","","","","","","","","","","","","",""
"83069002","PORQUEROLLES",43.,6.226833,135,1981020912,"","","","",3.,1,160,1,"","","","","","","","","","","","","","","","","","","","","","","","","","","","",14.5,1,9.9,1,"","","","","","","","","","","","","","","","","","","","","","","","","","",76,1,"","","","","","","","","","","","",12.5,1,1022.,1,"","","","","","",6,1,5,1,5,1,0,1,0,1,"","","","","","","","","","","","","","","","","","","","","","","","",15000,1,"","",3,1,1,1,"","","","","","","","","","",2,1,0,1,"","","","","","","","","","","","","","","","","","","","","","","","","","","","","","","","","","","","","","","","","","","","","","","","","","","",""
"83069002","PORQUEROLLES",43.,6.226833,135,1981020915,"","","","",3.,1,100,1,"","","","","","","","","","","","","","","","","","","","","","","","","","","","",12.3,1,10.1,1,"","","","","","","","","","","","","","","","","","","","","","","","","","",88,1,"","","","","","","","","","","","",12.6,1,1020.9,1,"","","","","","",8,1,8,1,0,1,7,1,"","","","","","","","","","","","","","","","","","","","","","","","","","",16000,1,"","",3,1,2,1,"","","","","","","","","","",2,1,0,1,"","","","","","","","","","","","","","","","","","","","","","","","","","","","","","","","","","","","","","","","","","","","","","","","","","","",""
"83069002","PORQUEROLLES",43.,6.226833,135,1981020918,"","","","",0.,1,0,1,"","","","","","","","","","","","","","","","","","","","","","","","","","","","",10.8,1,9.5,1,"","","","","","","","","","","","","","","","","","","","","","","","","","",94,1,"","","","","","","","","","","","",12.1,1,1012.5,1,"","","","","","",8,1,8,1,0,1,7,1,"","","","","","","","","","","","","","","","","","","","","","","","","","",18000,1,"","",2,1,2,1,"","","","","","","","","","",2,1,0,1,"","","","","","","","","","","","","","","","","","","","","","","","","","","","","","","","","","","","","","","","","","","","","","","","","","","",""
"83069002","PORQUEROLLES",43.,6.226833,135,1981020921,"","","","",0.,1,0,1,"","","","","","","","","","","","","","","","","","","","","","","","","","","","",10.5,1,9.8,1,"","","","","","","","","","","","","","","","","","","","","","","","","","",97,1,"","","","","","","","","","","","",12.4,1,1012.5,1,"","","","","","",8,1,8,1,0,1,7,1,"","","","","","","","","","","","","","","","","","","","","","","","","","",18000,1,"","",2,1,2,1,"","","","","","","","","","",2,1,0,1,"","","","","","","","","","","","","","","","","","","","","","","","","","","","","","","","","","","","","","","","","","","","","","","","","","","",""
"83069002","PORQUEROLLES",43.,6.226833,135,1981021000,"","","","",0.,1,0,1,"","","","","","","","","","","","","","","","","","","","","","","","","","","","",10.2,1,9.6,1,"","","","","","","","","","","","","","","","","","","","","","","","","","",98,1,"","","","","","","","","","","","",12.2,1,1018.5,1,"","","","","","","","","","","","","","","","","","","","","","","","","","","","","","","","","","","","","","","","","","","","","","","","","","","","","","","","","","","","","","","","","","","","","","","","","","","","","","","","","","","","","","","","","","","","","","","","","","","","","","","","","","","","","","","","","",""
"83069002","PORQUEROLLES",43.,6.226833,135,1981021003,"","","","",2.,1,280,1,"","","","","","","","","","","","","","","","","","","","","","","","","","","","",10.,1,9.1,1,"","","","","","","","","","","","","","","","","","","","","","","","","","",96,1,"","","","","","","","","","","","",11.8,1,1017.7,1,"","","","","","",6,1,6,1,6,1,0,1,0,1,"","","","","","","","","","","","","","","","","","","","","","","","",16000,1,"","",0,1,"","","","","","","","","","","","",2,1,0,1,"","","","","","","","","","","","","","","","","","","","","","","","","","","","","","","","","","","","","","","","","","","","","","","","","","","",""
"83069002","PORQUEROLLES",43.,6.226833,135,1981021006,"","","","",4.,1,300,1,"","","","","","","","","","","","","","","","","","","","","","","","","","","","",9.,1,8.1,1,"","","","","","","","","","","","","","","","","","","","","","","","","","",96,1,"","","","","","","","","","","","",11.,1,1017.6,1,"","","","","","",6,1,6,1,0,1,7,1,0,1,"","","","","","","","","","","","","","","","","","","","","","","","",12000,1,"","",2,1,2,1,"","",0,1,"","","","","","",2,1,0,1,"","","","","","","","","","","","","","","","","","","","","","","","","","","","","","","","","","","","","","","","","","","","","","","","","","","",""
"83069002","PORQUEROLLES",43.,6.226833,135,1981021009,"","","","",6.,1,260,1,"","","","","","","","","","","","","","","","","","","","","","","","","","","","",9.9,1,7.8,1,"","","","","","","","","","","","","","","","","","","","","","","","","","",89,1,"","","","","","","","","","","","",10.8,1,1017.9,1,"","","","","","",0,1,"","",0,1,0,1,0,1,"","","","","","","","","","","","","","","","","","","","","","","","",3000,1,"","",10,1,1,1,"","","","","","","","","","",2,1,0,1,"","","","","","","","","","","","","","","","","","","","","","","","","","","","","","","","","","","","","","","","","","","","","","","","","","","",""
"83069002","PORQUEROLLES",43.,6.226833,135,1981021012,"","","","",8.,1,260,1,"","","","","","","","","","","","","","","","","","","","","","","","","","","","",12.2,1,9.6,1,"","","","","","","","","","","","","","","","","","","","","","","","","","",86,1,"","","","","","","","","","","","",12.2,1,1017.6,1,"","","","","","",4,1,0,1,2,1,0,1,1,1,"","","","","","","","","","","","","","","","","","","","","","","","",3000,1,"","",10,1,0,1,"","","","","","","","","","",2,1,0,1,"","","","","","","","","","","","","","","","","","","","","","","","","","","","","","","","","","","","","","","","","","","","","","","","","","","",""
"83069002","PORQUEROLLES",43.,6.226833,135,1981021015,"","","","",8.,1,260,1,"","","","","","","","","","","","","","","","","","","","","","","","","","","","",12.7,1,9.5,1,"","","","","","","","","","","","","","","","","","","","","","","","","","",82,1,"","","","","","","","","","","","",12.1,1,1016.5,1,"","","","","","",4,1,0,1,2,1,0,1,1,1,"","","","","","","","","","","","","","","","","","","","","","","","",8000,1,"","",2,1,1,1,"","","","","","","","","","",2,1,0,1,"","","","","","","","","","","","","","","","","","","","","","","","","","","","","","","","","","","","","","","","","","","","","","","","","","","",""
"83069002","PORQUEROLLES",43.,6.226833,135,1981021018,"","","","",7.,1,260,1,"","","","","","","","","","","","","","","","","","","","","","","","","","","","",9.9,1,6.7,1,"","","","","","","","","","","","","","","","","","","","","","","","","","",82,1,"","","","","","","","","","","","",10.,1,1016.8,1,"","","","","","",2,1,0,1,0,1,0,1,2,1,"","","","","","","","","","","","","","","","","","","","","","","","",15000,1,"","",1,1,0,1,"","","","","","","","","","",2,1,0,1,"","","","","","","","","","","","","","","","","","","","","","","","","","","","","","","","","","","","","","","","","","","","","","","","","","","",""
"83069002","PORQUEROLLES",43.,6.226833,135,1981021021,"","","","",4.,1,280,1,"","","","","","","","","","","","","","","","","","","","","","","","","","","","",8.1,1,5.6,1,"","","","","","","","","","","","","","","","","","","","","","","","","","",85,1,"","","","","","","","","","","","",9.2,1,1017.1,1,"","","","","","",8,1,8,1,0,1,7,1,"","","","","","","","","","","","","","","","","","","","","","","","","","",15000,1,"","",3,1,1,1,"","","","","","","","","","",2,1,0,1,"","","","","","","","","","","","","","","","","","","","","","","","","","","","","","","","","","","","","","","","","","","","","","","","","","","",""
"83069002","PORQUEROLLES",43.,6.226833,135,1981021100,"","","","",0.,1,0,1,"","","","","","","","","","","","","","","","","","","","","","","","","","","","",7.9,1,4.8,1,"","","","","","","","","","","","","","","","","","","","","","","","","","",81,1,"","","","","","","","","","","","",8.7,1,1016.9,1,"","","","","","","","","","","","","","","","","","","","","","","","","","","","","","","","","","","","","","","","","","","","","","","","","","","","","","","","","","","","","","","","","","","","","","","","","","","","","","","","","","","","","","","","","","","","","","","","","","","","","","","","","","","","","","","","","",""
"83069002","PORQUEROLLES",43.,6.226833,135,1981021103,"","","","",0.,1,0,1,"","","","","","","","","","","","","","","","","","","","","","","","","","","","",7.7,1,6.,1,"","","","","","","","","","","","","","","","","","","","","","","","","","",90,1,"","","","","","","","","","","","",9.5,1,1015.9,1,"","","","","","",1,1,0,1,0,1,0,1,1,1,"","","","","","","","","","","","","","","","","","","","","","","","",20000,1,"","",0,1,"","","","","","","","","","","","",2,1,0,1,"","","","","","","","","","","","","","","","","","","","","","","","","","","","","","","","","","","","","","","","","","","","","","","","","","","",""
"83069002","PORQUEROLLES",43.,6.226833,135,1981021106,"","","","",4.,1,40,1,"","","","","","","","","","","","","","","","","","","","","","","","","","","","",7.,1,4.8,1,"","","","","","","","","","","","","","","","","","","","","","","","","","",87,1,"","","","","","","","","","","","",8.7,1,1015.5,1,"","","","","","",6,1,6,1,5,1,0,1,0,1,"","","","","","","","","","","","","","","","","","","","","","","","",25000,1,"","",3,1,1,1,"","",0,1,"","","","","","",2,1,0,1,"","","","","","","","","","","","","","","","","","","","","","","","","","","","","","","","","","","","","","","","","","","","","","","","","","","",""
"83069002","PORQUEROLLES",43.,6.226833,135,1981021109,"","","","",2.,1,360,1,"","","","","","","","","","","","","","","","","","","","","","","","","","","","",9.5,1,6.4,1,"","","","","","","","","","","","","","","","","","","","","","","","","","",83,1,"","","","","","","","","","","","",9.8,1,1015.7,1,"","","","","","",8,1,8,1,0,1,7,1,"","","","","","","","","","","","","","","","","","","","","","","","","","",12000,1,"","",3,1,2,1,"","","","","","","","","","",2,1,0,1,"","","","","","","","","","","","","","","","","","","","","","","","","","","","","","","","","","","","","","","","","","","","","","","","","","","",""
"83069002","PORQUEROLLES",43.,6.226833,135,1981021112,"","","","",3.,1,340,1,"","","","","","","","","","","","","","","","","","","","","","","","","","","","",9.5,1,6.4,1,"","","","","","","","","","","","","","","","","","","","","","","","","","",83,1,"","","","","","","","","","","","",9.8,1,1016.,1,"","","","","","",8,1,8,1,0,1,7,1,"","","","","","","","","","","","","","","","","","","","","","","","","","",18000,1,"","",2,1,2,1,"","","","","","","","","","",2,1,270,1,"","","","","","","","","","","","","","","","","","","","","","","","","","","","","","","","","","","","","","","","","","","","","","","","","","","",""
"83069002","PORQUEROLLES",43.,6.226833,135,1981021115,"","","","",0.,1,0,1,"","","","","","","","","","","","","","","","","","","","","","","","","","","","",12.,1,7.2,1,"","","","","","","","","","","","","","","","","","","","","","","","","","",74,1,"","","","","","","","","","","","",10.3,1,1014.9,1,"","","","","","",8,1,8,1,0,1,7,1,"","","","","","","","","","","","","","","","","","","","","","","","","","",18000,1,"","",2,1,2,1,"","","","","","","","","","",2,1,270,1,"","","","","","","","","","","","","","","","","","","","","","","","","","","","","","","","","","","","","","","","","","","","","","","","","","","",""
"83069002","PORQUEROLLES",43.,6.226833,135,1981021118,"","","","",4.,1,60,1,"","","","","","","","","","","","","","","","","","","","","","","","","","","","",7.8,1,6.6,1,"","","","","","","","","","","","","","","","","","","","","","","","","","",94,1,"","","","","","","","","","","","",9.9,1,1014.7,1,"","","","","","",7,1,6,1,5,1,7,1,"","","","","","","","","","","","","","","","","","","","","","","","","","",15000,1,"","",1,1,2,1,"","","","","","","","","","",2,1,0,1,"","","","","","","","","","","","","","","","","","","","","","","","","","","","","","","","","","","","","","","","","","","","","","","","","","","",""
"83069002","PORQUEROLLES",43.,6.226833,135,1981021121,"","","","",0.,1,0,1,"","","","","","","","","","","","","","","","","","","","","","","","","","","","",6.2,1,4.1,1,"","","","","","","","","","","","","","","","","","","","","","","","","","",88,1,"","","","","","","","","","","","",8.3,1,1014.6,1,"","","","","","",8,1,8,1,7,1,7,1,"","","","","","","","","","","","","","","","","","","","","","","","","","",15000,1,"","",1,1,6,1,"","","","","","","","","","",2,1,0,1,"","","","","","","","","","","","","","","","","","","","","","","","","","","","","","","","","","","","","","","","","","","","","","","","","","","",""
"83069002","PORQUEROLLES",43.,6.226833,135,1981021200,"","","","",0.,1,0,1,"","","","","","","","","","","","","","","","","","","","","","","","","","","","",4.7,1,2.4,1,"","","","","","","","","","","","","","","","","","","","","","","","","","",85,1,"","","","","","","","","","","","",7.3,1,1013.9,1,"","","","","","","","","","","","","","","","","","","","","","","","","","","","","","","","","","","","","","","","","","","","","","","","","","","","","","","","","","","","","","","","","","","","","","","","","","","","","","","","","","","","","","","","","","","","","","","","","","","","","","","","","","","","","","","","","",""
"83069002","PORQUEROLLES",43.,6.226833,135,1981021203,"","","","",2.,1,240,1,"","","","","","","","","","","","","","","","","","","","","","","","","","","","",4.4,1,2.7,1,"","","","","","","","","","","","","","","","","","","","","","","","","","",90,1,"","","","","","","","","","","","",7.5,1,1011.9,1,"","","","","","",1,1,0,1,5,1,0,1,0,1,"","","","","","","","","","","","","","","","","","","","","","","","",12000,1,"","",0,1,"","","","","","","","","","","","",2,1,0,1,"","","","","","","","","","","","","","","","","","","","","","","","","","","","","","","","","","","","","","","","","","","","","","","","","","","",""
"83069002","PORQUEROLLES",43.,6.226833,135,1981021206,"","","","",0.,1,0,1,"","","","","","","","","","","","","","","","","","","","","","","","","","","","",4.5,1,1.8,1,"","","","","","","","","","","","","","","","","","","","","","","","","","",84,1,"","","","","","","","","","","","",7.,1,1011.4,1,"","","","","","",1,1,0,1,6,1,0,1,0,1,"","","","","","","","","","","","","","","","","","","","","","","","",10000,1,"","",2,1,0,1,"","",0,1,"","","","","","",2,1,0,1,"","","","","","","","","","","","","","","","","","","","","","","","","","","","","","","","","","","","","","","","","","","","","","","","","","","",""
"83069002","PORQUEROLLES",43.,6.226833,135,1981021209,"","","","",0.,1,0,1,"","","","","","","","","","","","","","","","","","","","","","","","","","","","",5.6,1,3.6,1,"","","","","","","","","","","","","","","","","","","","","","","","","","",88,1,"","","","","","","","","","","","",8.,1,1011.3,1,"","","","","","",5,1,5,1,2,1,0,1,0,1,"","","","","","","","","","","","","","","","","","","","","","","","",12000,1,"","",3,1,0,1,"","","","","","","","","","",2,1,0,1,"","","","","","","","","","","","","","","","","","","","","","","","","","","","","","","","","","","","","","","","","","","","","","","","","","","",""
"83069002","PORQUEROLLES",43.,6.226833,135,1981021212,"","","","",0.,1,0,1,"","","","","","","","","","","","","","","","","","","","","","","","","","","","",9.2,1,4.1,1,"","","","","","","","","","","","","","","","","","","","","","","","","","",71,1,"","","","","","","","","","","","",8.3,1,1011.1,1,"","","","","","",5,1,5,1,2,1,0,1,0,1,"","","","","","","","","","","","","","","","","","","","","","","","",11000,1,"","",2,1,2,1,"","","","","","","","","","",2,1,0,1,"","","","","","","","","","","","","","","","","","","","","","","","","","","","","","","","","","","","","","","","","","","","","","","","","","","",""
"83069002","PORQUEROLLES",43.,6.226833,135,1981021215,"","","","",0.,1,0,1,"","","","","","","","","","","","","","","","","","","","","","","","","","","","",9.5,1,5.6,1,"","","","","","","","","","","","","","","","","","","","","","","","","","",78,1,"","","","","","","","","","","","",9.2,1,1009.8,1,"","","","","","",5,1,5,1,0,1,7,1,0,1,"","","","","","","","","","","","","","","","","","","","","","","","",15000,1,"","",2,1,2,1,"","","","","","","","","","",2,1,0,1,"","","","","","","","","","","","","","","","","","","","","","","","","","","","","","","","","","","","","","","","","","","","","","","","","","","",""
"83069002","PORQUEROLLES",43.,6.226833,135,1981021218,"","","","",0.,1,0,1,"","","","","","","","","","","","","","","","","","","","","","","","","","","","",6.,1,4.,1,"","","","","","","","","","","","","","","","","","","","","","","","","","",88,1,"","","","","","","","","","","","",8.2,1,1010.4,1,"","","","","","",5,1,5,1,0,1,7,1,0,1,"","","","","","","","","","","","","","","","","","","","","","","","",8000,1,"","",2,1,2,1,"","","","","","","","","","",2,1,0,1,"","","","","","","","","","","","","","","","","","","","","","","","","","","","","","","","","","","","","","","","","","","","","","","","","","","",""
"83069002","PORQUEROLLES",43.,6.226833,135,1981021221,"","","","",0.,1,0,1,"","","","","","","","","","","","","","","","","","","","","","","","","","","","",5.7,1,2.4,1,"","","","","","","","","","","","","","","","","","","","","","","","","","",80,1,"","","","","","","","","","","","",7.3,1,1011.9,1,"","","","","","",8,1,8,1,0,1,7,1,"","","","","","","","","","","","","","","","","","","","","","","","","","",16000,1,"","",3,1,2,1,"","","","","","","","","","",2,1,0,1,"","","","","","","","","","","","","","","","","","","","","","","","","","","","","","","","","","","","","","","","","","","","","","","","","","","",""
"83069002","PORQUEROLLES",43.,6.226833,135,1981021300,"","","","",5.,1,60,1,"","","","","","","","","","","","","","","","","","","","","","","","","","","","",5.2,1,2.5,1,"","","","","","","","","","","","","","","","","","","","","","","","","","",84,1,"","","","","","","","","","","","",7.4,1,1012.3,1,"","","","","","","","","","","","","","","","","","","","","","","","","","","","","","","","","","","","","","","","","","","","","","","","","","","","","","","","","","","","","","","","","","","","","","","","","","","","","","","","","","","","","","","","","","","","","","","","","","","","","","","","","","","","","","","","","",""
"83069002","PORQUEROLLES",43.,6.226833,135,1981021303,"","","","",4.,1,60,1,"","","","","","","","","","","","","","","","","","","","","","","","","","","","",4.8,1,1.2,1,"","","","","","","","","","","","","","","","","","","","","","","","","","",77,1,"","","","","","","","","","","","",6.7,1,1011.8,1,"","","","","","",2,1,0,1,0,1,0,1,1,1,"","","","","","","","","","","","","","","","","","","","","","","","",18000,1,"","",0,1,"","","","","","","","","","","","",2,1,0,1,"","","","","","","","","","","","","","","","","","","","","","","","","","","","","","","","","","","","","","","","","","","","","","","","","","","",""
"83069002","PORQUEROLLES",43.,6.226833,135,1981021306,"","","","",7.,1,80,1,"","","","","","","","","","","","","","","","","","","","","","","","","","","","",6.2,1,1.2,1,"","","","","","","","","","","","","","","","","","","","","","","","","","",70,1,"","","","","","","","","","","","",6.7,1,1011.8,1,"","","","","","",2,1,0,1,2,1,0,1,0,1,"","","","","","","","","","","","","","","","","","","","","","","","",12000,1,"","",2,1,0,1,"","",0,1,"","","","","","",3,1,90,1,"","","","","","","","","","","","","","","","","","","","","","","","","","","","","","","","","","","","","","","","","","","","","","","","","","","",""
"83069002","PORQUEROLLES",43.,6.226833,135,1981021309,"","","","",14.,1,60,1,"","","","","","","","","","","","","","","","","","","","","","","","","","","","",8.2,1,4.,1,"","","","","","","","","","","","","","","","","","","","","","","","","","",75,1,"","","","","","","","","","","","",8.2,1,1011.6,1,"","","","","","",5,1,5,1,2,1,0,1,0,1,"","","","","","","","","","","","","","","","","","","","","","","","",10000,1,"","",3,1,1,1,"","","","","","","","","","",4,1,90,1,"","","","","","","","","","","","","","","","","","","","","","","","","","","","","","","","","","","","","","","","","","","","","","","","","","","",""
"83069002","PORQUEROLLES",43.,6.226833,135,1981021312,"","","","",19.,1,40,1,"","","","","","","","","","","","","","","","","","","","","","","","","","","","",8.,1,1.6,1,"","","","","","","","","","","","","","","","","","","","","","","","","","",64,1,"","","","","","","","","","","","",6.9,1,1012.3,1,"","","","","","",8,1,8,1,5,1,"","","","","","","","","","","","","","","","","","","","","","","","","","","","",10000,1,"","",3,1,1,1,"","","","","","","","","","",4,1,90,1,"","","","","","","","","","","","","","","","","","","","","","","","","","","","","","","","","","","","","","","","","","","","","","","","","","","",""
"83069002","PORQUEROLLES",43.,6.226833,135,1981021315,"","","","",16.,1,40,1,"","","","","","","","","","","","","","","","","","","","","","","","","","","","",10.4,1,1.2,1,"","","","","","","","","","","","","","","","","","","","","","","","","","",54,1,"","","","","","","","","","","","",6.7,1,1012.8,1,"","","","","","",0,1,"","",0,1,0,1,0,1,"","","","","","","","","","","","","","","","","","","","","","","","",10000,1,"","",1,1,1,1,"","","","","","","","","","",4,1,90,1,"","","","","","","","","","","","","","","","","","","","","","","","","","","","","","","","","","","","","","","","","","","","","","","","","","","",""
"83069002","PORQUEROLLES",43.,6.226833,135,1981021318,"","","","",12.,1,40,1,"","","","","","","","","","","","","","","","","","","","","","","","","","","","",6.3,1,0.4,1,"","","","","","","","","","","","","","","","","","","","","","","","","","",66,1,"","","","","","","","","","","","",6.3,1,1014.9,1,"","","","","","",5,1,5,1,0,1,7,1,0,1,"","","","","","","","","","","","","","","","","","","","","","","","",10000,1,"","",3,1,1,1,"","","","","","","","","","",4,1,90,1,"","","","","","","","","","","","","","","","","","","","","","","","","","","","","","","","","","","","","","","","","","","","","","","","","","","",""
"83069002","PORQUEROLLES",43.,6.226833,135,1981021321,"","","","",12.,1,20,1,"","","","","","","","","","","","","","","","","","","","","","","","","","","","",6.,1,-0.2,1,"","","","","","","","","","","","","","","","","","","","","","","","","","",64,1,"","","","","","","","","","","","",6.,1,1016.2,1,"","","","","","",0,1,"","",0,1,0,1,0,1,"","","","","","","","","","","","","","","","","","","","","","","","",10000,1,"","",1,1,1,1,"","","","","","","","","","",4,1,90,1,"","","","","","","","","","","","","","","","","","","","","","","","","","","","","","","","","","","","","","","","","","","","","","","","","","","",""
"83069002","PORQUEROLLES",43.,6.226833,135,1981021400,"","","","",6.,1,20,1,"","","","","","","","","","","","","","","","","","","","","","","","","","","","",5.4,1,-0.2,1,"","","","","","","","","","","","","","","","","","","","","","","","","","",67,1,"","","","","","","","","","","","",6.,1,1016.8,1,"","","","","","","","","","","","","","","","","","","","","","","","","","","","","","","","","","","","","","","","","","","","","","","","","","","","","","","","","","","","","","","","","","","","","","","","","","","","","","","","","","","","","","","","","","","","","","","","","","","","","","","","","","","","","","","","","",""
"83069002","PORQUEROLLES",43.,6.226833,135,1981021403,"","","","",0.,1,0,1,"","","","","","","","","","","","","","","","","","","","","","","","","","","","",4.8,1,1.2,1,"","","","","","","","","","","","","","","","","","","","","","","","","","",77,1,"","","","","","","","","","","","",6.7,1,1017.8,1,"","","","","","",0,1,"","",0,1,0,1,0,1,"","","","","","","","","","","","","","","","","","","","","","","","",15000,1,"","",0,1,"","","","","","","","","","","","",2,1,0,1,"","","","","","","","","","","","","","","","","","","","","","","","","","","","","","","","","","","","","","","","","","","","","","","","","","","",""
"83069002","PORQUEROLLES",43.,6.226833,135,1981021406,"","","","",0.,1,0,1,"","","","","","","","","","","","","","","","","","","","","","","","","","","","",3.8,1,1.2,1,"","","","","","","","","","","","","","","","","","","","","","","","","","",83,1,"","","","","","","","","","","","",6.7,1,1017.7,1,"","","","","","",0,1,"","",0,1,0,1,0,1,"","","","","","","","","","","","","","","","","","","","","","","","",12000,1,"","",2,1,0,1,"","",0,1,"","","","","","",2,1,0,1,"","","","","","","","","","","","","","","","","","","","","","","","","","","","","","","","","","","","","","","","","","","","","","","","","","","",""
"83069002","PORQUEROLLES",43.,6.226833,135,1981021409,"","","","",0.,1,0,1,"","","","","","","","","","","","","","","","","","","","","","","","","","","","",5.8,1,1.2,1,"","","","","","","","","","","","","","","","","","","","","","","","","","",73,1,"","","","","","","","","","","","",6.7,1,1018.3,1,"","","","","","",0,1,"","",0,1,0,1,0,1,"","","","","","","","","","","","","","","","","","","","","","","","",10000,1,"","",2,1,0,1,"","","","","","","","","","",2,1,0,1,"","","","","","","","","","","","","","","","","","","","","","","","","","","","","","","","","","","","","","","","","","","","","","","","","","","",""
"83069002","PORQUEROLLES",43.,6.226833,135,1981021412,"","","","",4.,1,260,1,"","","","","","","","","","","","","","","","","","","","","","","","","","","","",11.,1,1.4,1,"","","","","","","","","","","","","","","","","","","","","","","","","","",52,1,"","","","","","","","","","","","",6.8,1,1018.1,1,"","","","","","",0,1,"","",0,1,0,1,0,1,"","","","","","","","","","","","","","","","","","","","","","","","",20000,1,"","",2,1,0,1,"","","","","","","","","","",2,1,0,1,"","","","","","","","","","","","","","","","","","","","","","","","","","","","","","","","","","","","","","","","","","","","","","","","","","","",""
"83069002","PORQUEROLLES",43.,6.226833,135,1981021415,"","","","",6.,1,260,1,"","","","","","","","","","","","","","","","","","","","","","","","","","","","",9.8,1,3.3,1,"","","","","","","","","","","","","","","","","","","","","","","","","","",64,1,"","","","","","","","","","","","",7.8,1,1016.8,1,"","","","","","",0,1,"","",0,1,0,1,0,1,"","","","","","","","","","","","","","","","","","","","","","","","",10000,1,"","",2,1,0,1,"","","","","","","","","","",2,1,0,1,"","","","","","","","","","","","","","","","","","","","","","","","","","","","","","","","","","","","","","","","","","","","","","","","","","","",""
"83069002","PORQUEROLLES",43.,6.226833,135,1981021418,"","","","",3.,1,260,1,"","","","","","","","","","","","","","","","","","","","","","","","","","","","",5.8,1,0.6,1,"","","","","","","","","","","","","","","","","","","","","","","","","","",70,1,"","","","","","","","","","","","",6.4,1,1018.2,1,"","","","","","",0,1,"","",0,1,0,1,0,1,"","","","","","","","","","","","","","","","","","","","","","","","",8000,1,"","",2,1,0,1,"","","","","","","","","","",2,1,0,1,"","","","","","","","","","","","","","","","","","","","","","","","","","","","","","","","","","","","","","","","","","","","","","","","","","","",""
"83069002","PORQUEROLLES",43.,6.226833,135,1981021421,"","","","",0.,1,0,1,"","","","","","","","","","","","","","","","","","","","","","","","","","","","",6.4,1,0.,1,"","","","","","","","","","","","","","","","","","","","","","","","","","",64,1,"","","","","","","","","","","","",6.1,1,1019.6,1,"","","","","","",0,1,"","",0,1,0,1,0,1,"","","","","","","","","","","","","","","","","","","","","","","","",10000,1,"","",2,1,0,1,"","","","","","","","","","",2,1,0,1,"","","","","","","","","","","","","","","","","","","","","","","","","","","","","","","","","","","","","","","","","","","","","","","","","","","",""
"83069002","PORQUEROLLES",43.,6.226833,135,1981021500,"","","","",2.,1,220,1,"","","","","","","","","","","","","","","","","","","","","","","","","","","","",6.5,1,-1.2,1,"","","","","","","","","","","","","","","","","","","","","","","","","","",58,1,"","","","","","","","","","","","",5.6,1,1020.,1,"","","","","","","","","","","","","","","","","","","","","","","","","","","","","","","","","","","","","","","","","","","","","","","","","","","","","","","","","","","","","","","","","","","","","","","","","","","","","","","","","","","","","","","","","","","","","","","","","","","","","","","","","","","","","","","","","",""
"83069002","PORQUEROLLES",43.,6.226833,135,1981021503,"","","","",0.,1,0,1,"","","","","","","","","","","","","","","","","","","","","","","","","","","","",6.6,1,-0.5,1,"","","","","","","","","","","","","","","","","","","","","","","","","","",61,1,"","","","","","","","","","","","",5.9,1,1020.2,1,"","","","","","",1,1,0,1,1,1,0,1,0,1,"","","","","","","","","","","","","","","","","","","","","","","","",15000,1,"","",0,1,"","","","","","","","","","","","",2,1,0,1,"","","","","","","","","","","","","","","","","","","","","","","","","","","","","","","","","","","","","","","","","","","","","","","","","","","",""
"83069002","PORQUEROLLES",43.,6.226833,135,1981021506,"","","","",0.,1,0,1,"","","","","","","","","","","","","","","","","","","","","","","","","","","","",4.5,1,3.1,1,"","","","","","","","","","","","","","","","","","","","","","","","","","",92,1,"","","","","","","","","","","","",7.7,1,1019.7,1,"","","","","","",2,1,0,1,1,1,0,1,0,1,"","","","","","","","","","","","","","","","","","","","","","","","",15000,1,"","",2,1,0,1,"","",0,1,"","","","","","",2,1,0,1,"","","","","","","","","","","","","","","","","","","","","","","","","","","","","","","","","","","","","","","","","","","","","","","","","","","",""
"83069002","PORQUEROLLES",43.,6.226833,135,1981021509,"","","","",0.,1,0,1,"","","","","","","","","","","","","","","","","","","","","","","","","","","","",6.5,1,3.3,1,"","","","","","","","","","","","","","","","","","","","","","","","","","",81,1,"","","","","","","","","","","","",7.8,1,1019.,1,"","","","","","",0,1,"","",0,1,0,1,0,1,"","","","","","","","","","","","","","","","","","","","","","","","",8000,1,"","",2,1,0,1,"","","","","","","","","","",2,1,0,1,"","","","","","","","","","","","","","","","","","","","","","","","","","","","","","","","","","","","","","","","","","","","","","","","","","","",""
"83069002","PORQUEROLLES",43.,6.226833,135,1981021512,"","","","",0.,1,0,1,"","","","","","","","","","","","","","","","","","","","","","","","","","","","",10.3,1,4.,1,"","","","","","","","","","","","","","","","","","","","","","","","","","",65,1,"","","","","","","","","","","","",8.2,1,1018.5,1,"","","","","","",3,1,0,1,6,1,0,1,0,1,"","","","","","","","","","","","","","","","","","","","","","","","",8000,1,"","",3,1,0,1,"","","","","","","","","","",2,1,0,1,"","","","","","","","","","","","","","","","","","","","","","","","","","","","","","","","","","","","","","","","","","","","","","","","","","","",""
"83069002","PORQUEROLLES",43.,6.226833,135,1981021515,"","","","",0.,1,0,1,"","","","","","","","","","","","","","","","","","","","","","","","","","","","",9.4,1,5.1,1,"","","","","","","","","","","","","","","","","","","","","","","","","","",75,1,"","","","","","","","","","","","",8.9,1,1017.1,1,"","","","","","",3,1,0,1,6,1,0,1,0,1,"","","","","","","","","","","","","","","","","","","","","","","","",6000,1,"","",2,1,0,1,"","","","","","","","","","",2,1,0,1,"","","","","","","","","","","","","","","","","","","","","","","","","","","","","","","","","","","","","","","","","","","","","","","","","","","",""
"83069002","PORQUEROLLES",43.,6.226833,135,1981021518,"","","","",0.,1,0,1,"","","","","","","","","","","","","","","","","","","","","","","","","","","","",8.5,1,6.4,1,"","","","","","","","","","","","","","","","","","","","","","","","","","",88,1,"","","","","","","","","","","","",9.7,1,1017.1,1,"","","","","","",3,1,0,1,6,1,0,1,0,1,"","","","","","","","","","","","","","","","","","","","","","","","",6000,1,"","",2,1,0,1,"","","","","","","","","","",2,1,0,1,"","","","","","","","","","","","","","","","","","","","","","","","","","","","","","","","","","","","","","","","","","","","","","","","","","","",""
"83069002","PORQUEROLLES",43.,6.226833,135,1981021521,"","","","",0.,1,0,1,"","","","","","","","","","","","","","","","","","","","","","","","","","","","",7.4,1,6.8,1,"","","","","","","","","","","","","","","","","","","","","","","","","","",97,1,"","","","","","","","","","","","",10.,1,1017.1,1,"","","","","","",3,1,0,1,6,1,0,1,0,1,"","","","","","","","","","","","","","","","","","","","","","","","",6000,1,"","",2,1,0,1,"","","","","","","","","","",2,1,0,1,"","","","","","","","","","","","","","","","","","","","","","","","","","","","","","","","","","","","","","","","","","","","","","","","","","","",""
"83069002","PORQUEROLLES",43.,6.226833,135,1981021600,"","","","",3.,1,60,1,"","","","","","","","","","","","","","","","","","","","","","","","","","","","",7.4,1,7.4,1,"","","","","","","","","","","","","","","","","","","","","","","","","","",100,1,"","","","","","","","","","","","",10.3,1,1016.9,1,"","","","","","","","","","","","","","","","","","","","","","","","","","","","","","","","","","","","","","","","","","","","","","","","","","","","","","","","","","","","","","","","","","","","","","","","","","","","","","","","","","","","","","","","","","","","","","","","","","","","","","","","","","","","","","","","","",""
"83069002","PORQUEROLLES",43.,6.226833,135,1981021603,"","","","",9.,1,40,1,"","","","","","","","","","","","","","","","","","","","","","","","","","","","",7.4,1,7.4,1,"","","","","","","","","","","","","","","","","","","","","","","","","","",100,1,"","","","","","","","","","","","",10.3,1,1016.4,1,"","","","","","",8,1,8,1,7,1,"","","","","","","","","","","","","","","","","","","","","","","","","","","","",6000,1,"","",60,1,"","","","","","","","","","","","",3,1,90,1,"","","","","","","","","","","","","","","","","","","","","","","","","","","","","","","","","","","","","","","","","","","","","","","","","","","",""
"83069002","PORQUEROLLES",43.,6.226833,135,1981021606,"","","","",7.,1,60,1,"","","","","","","","","","","","","","","","","","","","","","","","","","","","",7.2,1,7.2,1,"","","","","","","","","","","","","","","","","","","","","","","","","","",100,1,"","","","","","","","","","","","",10.2,1,1016.1,1,"","","","","","",8,1,8,1,7,1,"","","","","","","","","","","","","","","","","","","","","","","","","","","","",6000,1,"","",60,1,6,1,"","",0,1,"","","","","","",3,1,90,1,"","","","","","","","","","","","","","","","","","","","","","","","","","","","","","","","","","","","","","","","","","","","","","","","","","","",""
"83069002","PORQUEROLLES",43.,6.226833,135,1981021609,"","","","",7.,1,60,1,"","","","","","","","","","","","","","","","","","","","","","","","","","","","",7.,1,7.,1,"","","","","","","","","","","","","","","","","","","","","","","","","","",100,1,"","","","","","","","","","","","",10.,1,1017.,1,"","","","","","",8,1,8,1,7,1,"","","","","","","","","","","","","","","","","","","","","","","","","","","","",4000,1,"","",61,1,6,1,"","","","","","","","","","",3,1,90,1,"","","","","","","","","","","","","","","","","","","","","","","","","","","","","","","","","","","","","","","","","","","","","","","","","","","",""
"83069002","PORQUEROLLES",43.,6.226833,135,1981021612,"","","","",12.,1,40,1,"","","","","","","","","","","","","","","","","","","","","","","","","","","","",7.8,1,6.6,1,"","","","","","","","","","","","","","","","","","","","","","","","","","",94,1,"","","","","","","","","","","","",9.9,1,1016.2,1,"","","","","","",8,1,8,1,7,1,"","","","","","","","","","","","","","","","","","","","","","","","","","","","",6000,1,"","",2,1,6,1,"","","","","","","","","","",4,1,90,1,"","","","","","","","","","","","","","","","","","","","","","","","","","","","","","","","","","","","","","","","","","","","","","","","","","","",""
"83069002","PORQUEROLLES",43.,6.226833,135,1981021615,"","","","",14.,1,20,1,"","","","","","","","","","","","","","","","","","","","","","","","","","","","",9.6,1,6.4,1,"","","","","","","","","","","","","","","","","","","","","","","","","","",81,1,"","","","","","","","","","","","",9.8,1,1014.6,1,"","","","","","",8,1,8,1,7,1,"","","","","","","","","","","","","","","","","","","","","","","","","","","","",6000,1,"","",1,1,2,1,"","","","","","","","","","",4,1,90,1,"","","","","","","","","","","","","","","","","","","","","","","","","","","","","","","","","","","","","","","","","","","","","","","","","","","",""
"83069002","PORQUEROLLES",43.,6.226833,135,1981021618,"","","","",9.,1,60,1,"","","","","","","","","","","","","","","","","","","","","","","","","","","","",7.8,1,4.9,1,"","","","","","","","","","","","","","","","","","","","","","","","","","",83,1,"","","","","","","","","","","","",8.8,1,1016.4,1,"","","","","","",7,1,7,1,7,1,"","","","","","","","","","","","","","","","","","","","","","","","","","","","",6000,1,"","",1,1,2,1,"","","","","","","","","","",4,1,90,1,"","","","","","","","","","","","","","","","","","","","","","","","","","","","","","","","","","","","","","","","","","","","","","","","","","","",""
"83069002","PORQUEROLLES",43.,6.226833,135,1981021621,"","","","",8.,1,60,1,"","","","","","","","","","","","","","","","","","","","","","","","","","","","",7.6,1,3.8,1,"","","","","","","","","","","","","","","","","","","","","","","","","","",77,1,"","","","","","","","","","","","",8.1,1,1016.9,1,"","","","","","",8,1,8,1,5,1,"","","","","","","","","","","","","","","","","","","","","","","","","","","","",8000,1,"","",3,1,2,1,"","","","","","","","","","",4,1,90,1,"","","","","","","","","","","","","","","","","","","","","","","","","","","","","","","","","","","","","","","","","","","","","","","","","","","",""
"83069002","PORQUEROLLES",43.,6.226833,135,1981021700,"","","","",8.,1,40,1,"","","","","","","","","","","","","","","","","","","","","","","","","","","","",7.8,1,2.5,1,"","","","","","","","","","","","","","","","","","","","","","","","","","",70,1,"","","","","","","","","","","","",7.4,1,1017.1,1,"","","","","","","","","","","","","","","","","","","","","","","","","","","","","","","","","","","","","","","","","","","","","","","","","","","","","","","","","","","","","","","","","","","","","","","","","","","","","","","","","","","","","","","","","","","","","","","","","","","","","","","","","","","","","","","","","",""
"83069002","PORQUEROLLES",43.,6.226833,135,1981021703,"","","","",9.,1,20,1,"","","","","","","","","","","","","","","","","","","","","","","","","","","","",7.,1,3.1,1,"","","","","","","","","","","","","","","","","","","","","","","","","","",77,1,"","","","","","","","","","","","",7.7,1,1017.1,1,"","","","","","",7,1,7,1,6,1,"","","","","","","","","","","","","","","","","","","","","","","","","","","","",10000,1,"","",0,1,"","","","","","","","","","","","",4,1,90,1,"","","","","","","","","","","","","","","","","","","","","","","","","","","","","","","","","","","","","","","","","","","","","","","","","","","",""
"83069002","PORQUEROLLES",43.,6.226833,135,1981021706,"","","","",6.,1,20,1,"","","","","","","","","","","","","","","","","","","","","","","","","","","","",6.4,1,2.9,1,"","","","","","","","","","","","","","","","","","","","","","","","","","",80,1,"","","","","","","","","","","","",7.6,1,1017.1,1,"","","","","","",8,1,7,1,5,1,"","","","","","","","","","","","","","","","","","","","","","","","","","","","",10000,1,"","",3,1,2,1,"","",0,1,"","","","","","",3,1,90,1,"","","","","","","","","","","","","","","","","","","","","","","","","","","","","","","","","","","","","","","","","","","","","","","","","","","",""
"83069002","PORQUEROLLES",43.,6.226833,135,1981021709,"","","","",7.,1,40,1,"","","","","","","","","","","","","","","","","","","","","","","","","","","","",7.9,1,3.8,1,"","","","","","","","","","","","","","","","","","","","","","","","","","",76,1,"","","","","","","","","","","","",8.1,1,1017.7,1,"","","","","","",8,1,8,1,5,1,"","","","","","","","","","","","","","","","","","","","","","","","","","","","",5000,1,"","",2,1,2,1,"","","","","","","","","","",3,1,90,1,"","","","","","","","","","","","","","","","","","","","","","","","","","","","","","","","","","","","","","","","","","","","","","","","","","","",""
"83069002","PORQUEROLLES",43.,6.226833,135,1981021712,"","","","",6.,1,40,1,"","","","","","","","","","","","","","","","","","","","","","","","","","","","",11.9,1,5.1,1,"","","","","","","","","","","","","","","","","","","","","","","","","","",64,1,"","","","","","","","","","","","",8.9,1,1017.5,1,"","","","","","",2,1,0,1,2,1,0,1,0,1,"","","","","","","","","","","","","","","","","","","","","","","","",7000,1,"","",1,1,1,1,"","","","","","","","","","",2,1,0,1,"","","","","","","","","","","","","","","","","","","","","","","","","","","","","","","","","","","","","","","","","","","","","","","","","","","",""
"83069002","PORQUEROLLES",43.,6.226833,135,1981021715,"","","","",3.,1,60,1,"","","","","","","","","","","","","","","","","","","","","","","","","","","","",10.9,1,4.3,1,"","","","","","","","","","","","","","","","","","","","","","","","","","",65,1,"","","","","","","","","","","","",8.4,1,1016.1,1,"","","","","","",1,1,0,1,2,1,0,1,0,1,"","","","","","","","","","","","","","","","","","","","","","","","",5000,1,"","",2,1,0,1,"","","","","","","","","","",2,1,0,1,"","","","","","","","","","","","","","","","","","","","","","","","","","","","","","","","","","","","","","","","","","","","","","","","","","","",""
"83069002","PORQUEROLLES",43.,6.226833,135,1981021718,"","","","",0.,1,0,1,"","","","","","","","","","","","","","","","","","","","","","","","","","","","",7.5,1,3.4,1,"","","","","","","","","","","","","","","","","","","","","","","","","","",76,1,"","","","","","","","","","","","",7.9,1,1016.2,1,"","","","","","",8,1,8,1,5,1,"","","","","","","","","","","","","","","","","","","","","","","","","","","","",5000,1,"","",3,1,1,1,"","","","","","","","","","",2,1,0,1,"","","","","","","","","","","","","","","","","","","","","","","","","","","","","","","","","","","","","","","","","","","","","","","","","","","",""
"83069002","PORQUEROLLES",43.,6.226833,135,1981021721,"","","","",0.,1,0,1,"","","","","","","","","","","","","","","","","","","","","","","","","","","","",7.6,1,3.8,1,"","","","","","","","","","","","","","","","","","","","","","","","","","",77,1,"","","","","","","","","","","","",8.1,1,1015.7,1,"","","","","","",7,1,7,1,5,1,"","","","","","","","","","","","","","","","","","","","","","","","","","","","",5000,1,"","",2,1,2,1,"","","","","","","","","","",2,1,0,1,"","","","","","","","","","","","","","","","","","","","","","","","","","","","","","","","","","","","","","","","","","","","","","","","","","","",""
"83069002","PORQUEROLLES",43.,6.226833,135,1981021800,"","","","",0.,1,0,1,"","","","","","","","","","","","","","","","","","","","","","","","","","","","",7.,1,4.,1,"","","","","","","","","","","","","","","","","","","","","","","","","","",85,1,"","","","","","","","","","","","",8.2,1,1014.4,1,"","","","","","","","","","","","","","","","","","","","","","","","","","","","","","","","","","","","","","","","","","","","","","","","","","","","","","","","","","","","","","","","","","","","","","","","","","","","","","","","","","","","","","","","","","","","","","","","","","","","","","","","","","","","","","","","","",""
"83069002","PORQUEROLLES",43.,6.226833,135,1981021803,"","","","",0.,1,0,1,"","","","","","","","","","","","","","","","","","","","","","","","","","","","",6.,1,4.1,1,"","","","","","","","","","","","","","","","","","","","","","","","","","",89,1,"","","","","","","","","","","","",8.3,1,1013.1,1,"","","","","","",4,1,0,1,7,1,0,1,0,1,"","","","","","","","","","","","","","","","","","","","","","","","",5000,1,"","",0,1,"","","","","","","","","","","","",2,1,0,1,"","","","","","","","","","","","","","","","","","","","","","","","","","","","","","","","","","","","","","","","","","","","","","","","","","","",""
"83069002","PORQUEROLLES",43.,6.226833,135,1981021806,"","","","",5.,1,280,1,"","","","","","","","","","","","","","","","","","","","","","","","","","","","",3.9,1,1.6,1,"","","","","","","","","","","","","","","","","","","","","","","","","","",85,1,"","","","","","","","","","","","",6.9,1,1011.8,1,"","","","","","",5,1,5,1,7,1,0,1,0,1,"","","","","","","","","","","","","","","","","","","","","","","","",4000,1,"","",10,1,2,1,"","",0,1,"","","","","","",2,1,0,1,"","","","","","","","","","","","","","","","","","","","","","","","","","","","","","","","","","","","","","","","","","","","","","","","","","","",""
"83069002","PORQUEROLLES",43.,6.226833,135,1981021809,"","","","",14.,1,40,1,"","","","","","","","","","","","","","","","","","","","","","","","","","","","",5.,1,5.,1,"","","","","","","","","","","","","","","","","","","","","","","","","","",99,1,"","","","","","","","","","","","",8.6,1,1010.5,1,"","","","","","",8,1,8,1,7,1,"","","","","","","","","","","","","","","","","","","","","","","","","","","","",3000,1,"","",60,1,6,1,"","","","","","","","","","",3,1,90,1,"","","","","","","","","","","","","","","","","","","","","","","","","","","","","","","","","","","","","","","","","","","","","","","","","","","",""
"83069002","PORQUEROLLES",43.,6.226833,135,1981021812,"","","","",10.,1,20,1,"","","","","","","","","","","","","","","","","","","","","","","","","","","","",4.,1,3.1,1,"","","","","","","","","","","","","","","","","","","","","","","","","","",95,1,"","","","","","","","","","","","",7.7,1,1011.4,1,"","","","","","",8,1,8,1,7,1,"","","","","","","","","","","","","","","","","","","","","","","","","","","","",4000,1,"","",60,1,6,1,"","","","","","","","","","",3,1,90,1,"","","","","","","","","","","","","","","","","","","","","","","","","","","","","","","","","","","","","","","","","","","","","","","","","","","",""
"83069002","PORQUEROLLES",43.,6.226833,135,1981021815,"","","","",7.,1,40,1,"","","","","","","","","","","","","","","","","","","","","","","","","","","","",5.2,1,2.5,1,"","","","","","","","","","","","","","","","","","","","","","","","","","",84,1,"","","","","","","","","","","","",7.4,1,1011.5,1,"","","","","","",8,1,8,1,7,1,"","","","","","","","","","","","","","","","","","","","","","","","","","","","",3000,1,"","",10,1,6,1,"","","","","","","","","","",3,1,90,1,"","","","","","","","","","","","","","","","","","","","","","","","","","","","","","","","","","","","","","","","","","","","","","","","","","","",""
"83069002","PORQUEROLLES",43.,6.226833,135,1981021818,"","","","",3.,1,20,1,"","","","","","","","","","","","","","","","","","","","","","","","","","","","",3.5,1,2.9,1,"","","","","","","","","","","","","","","","","","","","","","","","","","",97,1,"","","","","","","","","","","","",7.6,1,1011.3,1,"","","","","","",8,1,8,1,7,1,"","","","","","","","","","","","","","","","","","","","","","","","","","","","",3000,1,"","",10,1,6,1,"","","","","","","","","","",3,1,90,1,"","","","","","","","","","","","","","","","","","","","","","","","","","","","","","","","","","","","","","","","","","","","","","","","","","","",""
"83069002","PORQUEROLLES",43.,6.226833,135,1981021821,"","","","",2.,1,20,1,"","","","","","","","","","","","","","","","","","","","","","","","","","","","",3.5,1,2.4,1,"","","","","","","","","","","","","","","","","","","","","","","","","","",93,1,"","","","","","","","","","","","",7.3,1,1010.4,1,"","","","","","",8,1,8,1,7,1,"","","","","","","","","","","","","","","","","","","","","","","","","","","","",4000,1,"","",10,1,2,1,"","","","","","","","","","",2,1,90,1,"","","","","","","","","","","","","","","","","","","","","","","","","","","","","","","","","","","","","","","","","","","","","","","","","","","",""
"83069002","PORQUEROLLES",43.,6.226833,135,1981021900,"","","","",4.,1,360,1,"","","","","","","","","","","","","","","","","","","","","","","","","","","","",2.8,1,1.,1,"","","","","","","","","","","","","","","","","","","","","","","","","","",88,1,"","","","","","","","","","","","",6.6,1,1010.2,1,"","","","","","","","","","","","","","","","","","","","","","","","","","","","","","","","","","","","","","","","","","","","","","","","","","","","","","","","","","","","","","","","","","","","","","","","","","","","","","","","","","","","","","","","","","","","","","","","","","","","","","","","","","","","","","","","","",""
"83069002","PORQUEROLLES",43.,6.226833,135,1981021903,"","","","",3.,1,360,1,"","","","","","","","","","","","","","","","","","","","","","","","","","","","",1.7,1,-0.7,1,"","","","","","","","","","","","","","","","","","","","","","","","","","",83,1,"","","","","","","","","","","","",5.8,1,1009.9,1,"","","","","","",2,1,0,1,6,1,0,1,0,1,"","","","","","","","","","","","","","","","","","","","","","","","",8000,1,"","",0,1,"","","","","","","","","","","","",2,1,0,1,"","","","","","","","","","","","","","","","","","","","","","","","","","","","","","","","","","","","","","","","","","","","","","","","","","","",""
"83069002","PORQUEROLLES",43.,6.226833,135,1981021906,"","","","",2.,1,340,1,"","","","","","","","","","","","","","","","","","","","","","","","","","","","",1.8,1,-0.7,1,"","","","","","","","","","","","","","","","","","","","","","","","","","",83,1,"","","","","","","","","","","","",5.8,1,1009.5,1,"","","","","","",8,1,8,1,0,1,7,1,"","","","","","","","","","","","","","","","","","","","","","","","","","",6000,1,"","",3,1,2,1,"","",0,1,"","","","","","",2,1,0,1,"","","","","","","","","","","","","","","","","","","","","","","","","","","","","","","","","","","","","","","","","","","","","","","","","","","",""
"83069002","PORQUEROLLES",43.,6.226833,135,1981021909,"","","","",0.,1,0,1,"","","","","","","","","","","","","","","","","","","","","","","","","","","","",3.4,1,-0.5,1,"","","","","","","","","","","","","","","","","","","","","","","","","","",76,1,"","","","","","","","","","","","",5.9,1,1010.1,1,"","","","","","",7,1,7,1,2,1,5,1,"","","","","","","","","","","","","","","","","","","","","","","","","","",6000,1,"","",1,1,2,1,"","","","","","","","","","",2,1,90,1,"","","","","","","","","","","","","","","","","","","","","","","","","","","","","","","","","","","","","","","","","","","","","","","","","","","",""
"83069002","PORQUEROLLES",43.,6.226833,135,1981021912,"","","","",5.,1,60,1,"","","","","","","","","","","","","","","","","","","","","","","","","","","","",4.5,1,3.1,1,"","","","","","","","","","","","","","","","","","","","","","","","","","",92,1,"","","","","","","","","","","","",7.7,1,1010.4,1,"","","","","","",8,1,8,1,7,1,"","","","","","","","","","","","","","","","","","","","","","","","","","","","",5000,1,"","",3,1,2,1,"","","","","","","","","","",3,1,90,1,"","","","","","","","","","","","","","","","","","","","","","","","","","","","","","","","","","","","","","","","","","","","","","","","","","","",""
"83069002","PORQUEROLLES",43.,6.226833,135,1981021915,"","","","",6.,1,40,1,"","","","","","","","","","","","","","","","","","","","","","","","","","","","",3.4,1,3.4,1,"","","","","","","","","","","","","","","","","","","","","","","","","","",100,1,"","","","","","","","","","","","",7.8,1,1010.,1,"","","","","","",8,1,8,1,7,1,"","","","","","","","","","","","","","","","","","","","","","","","","","","","",3000,1,"","",61,1,6,1,"","","","","","","","","","",3,1,90,1,"","","","","","","","","","","","","","","","","","","","","","","","","","","","","","","","","","","","","","","","","","","","","","","","","","","",""
"83069002","PORQUEROLLES",43.,6.226833,135,1981021918,"","","","",3.,1,300,1,"","","","","","","","","","","","","","","","","","","","","","","","","","","","",3.4,1,2.6,1,"","","","","","","","","","","","","","","","","","","","","","","","","","",95,1,"","","","","","","","","","","","",7.4,1,1010.8,1,"","","","","","",8,1,8,1,7,1,"","","","","","","","","","","","","","","","","","","","","","","","","","","","",4000,1,"","",61,1,6,1,"","","","","","","","","","",3,1,90,1,"","","","","","","","","","","","","","","","","","","","","","","","","","","","","","","","","","","","","","","","","","","","","","","","","","","",""
"83069002","PORQUEROLLES",43.,6.226833,135,1981021921,"","","","",5.,1,60,1,"","","","","","","","","","","","","","","","","","","","","","","","","","","","",3.8,1,3.1,1,"","","","","","","","","","","","","","","","","","","","","","","","","","",97,1,"","","","","","","","","","","","",7.7,1,1010.8,1,"","","","","","",8,1,8,1,7,1,"","","","","","","","","","","","","","","","","","","","","","","","","","","","",3000,1,"","",61,1,6,1,"","","","","","","","","","",3,1,90,1,"","","","","","","","","","","","","","","","","","","","","","","","","","","","","","","","","","","","","","","","","","","","","","","","","","","",""
"83069002","PORQUEROLLES",43.,6.226833,135,1981022000,"","","","",12.,1,60,1,"","","","","","","","","","","","","","","","","","","","","","","","","","","","",4.4,1,4.4,1,"","","","","","","","","","","","","","","","","","","","","","","","","","",100,1,"","","","","","","","","","","","",8.4,1,1010.5,1,"","","","","","","","","","","","","","","","","","","","","","","","","","","","","","","","","","","","","","","","","","","","","","","","","","","","","","","","","","","","","","","","","","","","","","","","","","","","","","","","","","","","","","","","","","","","","","","","","","","","","","","","","","","","","","","","","",""
"83069002","PORQUEROLLES",43.,6.226833,135,1981022003,"","","","",13.,1,60,1,"","","","","","","","","","","","","","","","","","","","","","","","","","","","",4.,1,4.,1,"","","","","","","","","","","","","","","","","","","","","","","","","","",100,1,"","","","","","","","","","","","",8.2,1,1009.5,1,"","","","","","",8,1,8,1,7,1,"","","","","","","","","","","","","","","","","","","","","","","","","","","","",4000,1,"","",63,1,"","","","","","","","","","","","",4,1,90,1,"","","","","","","","","","","","","","","","","","","","","","","","","","","","","","","","","","","","","","","","","","","","","","","","","","","",""
"83069002","PORQUEROLLES",43.,6.226833,135,1981022006,"","","","",14.,1,60,1,"","","","","","","","","","","","","","","","","","","","","","","","","","","","",4.2,1,4.2,1,"","","","","","","","","","","","","","","","","","","","","","","","","","",100,1,"","","","","","","","","","","","",8.3,1,1008.7,1,"","","","","","",8,1,8,1,7,1,"","","","","","","","","","","","","","","","","","","","","","","","","","","","",3000,1,"","",63,1,6,1,"","",0,1,"","","","","","",4,1,90,1,"","","","","","","","","","","","","","","","","","","","","","","","","","","","","","","","","","","","","","","","","","","","","","","","","","","",""
"83069002","PORQUEROLLES",43.,6.226833,135,1981022009,"","","","",15.,1,60,1,"","","","","","","","","","","","","","","","","","","","","","","","","","","","",5.,1,4.3,1,"","","","","","","","","","","","","","","","","","","","","","","","","","",97,1,"","","","","","","","","","","","",8.4,1,1008.7,1,"","","","","","",8,1,8,1,7,1,"","","","","","","","","","","","","","","","","","","","","","","","","","","","",3000,1,"","",63,1,6,1,"","","","","","","","","","",4,1,90,1,"","","","","","","","","","","","","","","","","","","","","","","","","","","","","","","","","","","","","","","","","","","","","","","","","","","",""
"83069002","PORQUEROLLES",43.,6.226833,135,1981022012,"","","","",17.,1,60,1,"","","","","","","","","","","","","","","","","","","","","","","","","","","","",5.5,1,4.,1,"","","","","","","","","","","","","","","","","","","","","","","","","","",91,1,"","","","","","","","","","","","",8.2,1,1008.9,1,"","","","","","",8,1,8,1,7,1,"","","","","","","","","","","","","","","","","","","","","","","","","","","","",5000,1,"","",60,1,6,1,"","","","","","","","","","",4,1,90,1,"","","","","","","","","","","","","","","","","","","","","","","","","","","","","","","","","","","","","","","","","","","","","","","","","","","",""
"83069002","PORQUEROLLES",43.,6.226833,135,1981022015,"","","","",16.,1,40,1,"","","","","","","","","","","","","","","","","","","","","","","","","","","","",5.5,1,4.1,1,"","","","","","","","","","","","","","","","","","","","","","","","","","",92,1,"","","","","","","","","","","","",8.3,1,1008.9,1,"","","","","","",8,1,8,1,7,1,"","","","","","","","","","","","","","","","","","","","","","","","","","","","",4000,1,"","",60,1,6,1,"","","","","","","","","","",4,1,90,1,"","","","","","","","","","","","","","","","","","","","","","","","","","","","","","","","","","","","","","","","","","","","","","","","","","","",""
"83069002","PORQUEROLLES",43.,6.226833,135,1981022018,"","","","",14.,1,20,1,"","","","","","","","","","","","","","","","","","","","","","","","","","","","",5.4,1,4.8,1,"","","","","","","","","","","","","","","","","","","","","","","","","","",94,1,"","","","","","","","","","","","",8.7,1,1010.2,1,"","","","","","",8,1,8,1,7,1,"","","","","","","","","","","","","","","","","","","","","","","","","","","","",5000,1,"","",2,1,6,1,"","","","","","","","","","",4,1,70,1,"","","","","","","","","","","","","","","","","","","","","","","","","","","","","","","","","","","","","","","","","","","","","","","","","","","",""
"83069002","PORQUEROLLES",43.,6.226833,135,1981022021,"","","","",14.,1,40,1,"","","","","","","","","","","","","","","","","","","","","","","","","","","","",6.1,1,3.6,1,"","","","","","","","","","","","","","","","","","","","","","","","","","",85,1,"","","","","","","","","","","","",8.,1,1010.5,1,"","","","","","",8,1,8,1,7,1,"","","","","","","","","","","","","","","","","","","","","","","","","","","","",10000,1,"","",2,1,2,1,"","","","","","","","","","",4,1,70,1,"","","","","","","","","","","","","","","","","","","","","","","","","","","","","","","","","","","","","","","","","","","","","","","","","","","",""
"83069002","PORQUEROLLES",43.,6.226833,135,1981022100,"","","","",8.,1,20,1,"","","","","","","","","","","","","","","","","","","","","","","","","","","","",5.5,1,4.3,1,"","","","","","","","","","","","","","","","","","","","","","","","","","",93,1,"","","","","","","","","","","","",8.4,1,1011.9,1,"","","","","","","","","","","","","","","","","","","","","","","","","","","","","","","","","","","","","","","","","","","","","","","","","","","","","","","","","","","","","","","","","","","","","","","","","","","","","","","","","","","","","","","","","","","","","","","","","","","","","","","","","","","","","","","","","",""
"83069002","PORQUEROLLES",43.,6.226833,135,1981022103,"","","","",7.,1,20,1,"","","","","","","","","","","","","","","","","","","","","","","","","","","","",5.,1,2.4,1,"","","","","","","","","","","","","","","","","","","","","","","","","","",84,1,"","","","","","","","","","","","",7.3,1,1012.7,1,"","","","","","",8,1,8,1,7,1,"","","","","","","","","","","","","","","","","","","","","","","","","","","","",10000,1,"","",61,1,"","","","","","","","","","","","",4,1,70,1,"","","","","","","","","","","","","","","","","","","","","","","","","","","","","","","","","","","","","","","","","","","","","","","","","","","",""
"83069002","PORQUEROLLES",43.,6.226833,135,1981022106,"","","","",5.,1,360,1,"","","","","","","","","","","","","","","","","","","","","","","","","","","","",4.5,1,3.1,1,"","","","","","","","","","","","","","","","","","","","","","","","","","",92,1,"","","","","","","","","","","","",7.7,1,1014.3,1,"","","","","","",8,1,8,1,7,1,"","","","","","","","","","","","","","","","","","","","","","","","","","","","",10000,1,"","",60,1,6,1,"","",0,1,"","","","","","",4,1,70,1,"","","","","","","","","","","","","","","","","","","","","","","","","","","","","","","","","","","","","","","","","","","","","","","","","","","",""
"83069002","PORQUEROLLES",43.,6.226833,135,1981022109,"","","","",4.,1,360,1,"","","","","","","","","","","","","","","","","","","","","","","","","","","","",4.5,1,3.6,1,"","","","","","","","","","","","","","","","","","","","","","","","","","",95,1,"","","","","","","","","","","","",8.,1,1015.2,1,"","","","","","",8,1,8,1,7,1,"","","","","","","","","","","","","","","","","","","","","","","","","","","","",7000,1,"","",60,1,6,1,"","","","","","","","","","",3,1,90,1,"","","","","","","","","","","","","","","","","","","","","","","","","","","","","","","","","","","","","","","","","","","","","","","","","","","",""
"83069002","PORQUEROLLES",43.,6.226833,135,1981022112,"","","","",0.,1,0,1,"","","","","","","","","","","","","","","","","","","","","","","","","","","","",5.5,1,3.6,1,"","","","","","","","","","","","","","","","","","","","","","","","","","",89,1,"","","","","","","","","","","","",8.,1,1015.7,1,"","","","","","",8,1,8,1,7,1,"","","","","","","","","","","","","","","","","","","","","","","","","","","","",3000,1,"","",60,1,6,1,"","","","","","","","","","",3,1,90,1,"","","","","","","","","","","","","","","","","","","","","","","","","","","","","","","","","","","","","","","","","","","","","","","","","","","",""
"83069002","PORQUEROLLES",43.,6.226833,135,1981022115,"","","","",0.,1,0,1,"","","","","","","","","","","","","","","","","","","","","","","","","","","","",7.,1,3.3,1,"","","","","","","","","","","","","","","","","","","","","","","","","","",78,1,"","","","","","","","","","","","",7.8,1,1014.5,1,"","","","","","",6,1,6,1,7,1,0,1,0,1,"","","","","","","","","","","","","","","","","","","","","","","","",6000,1,"","",21,1,6,1,"","","","","","","","","","",2,1,0,1,"","","","","","","","","","","","","","","","","","","","","","","","","","","","","","","","","","","","","","","","","","","","","","","","","","","",""
"83069002","PORQUEROLLES",43.,6.226833,135,1981022118,"","","","",3.,1,360,1,"","","","","","","","","","","","","","","","","","","","","","","","","","","","",4.7,1,1.4,1,"","","","","","","","","","","","","","","","","","","","","","","","","","",79,1,"","","","","","","","","","","","",6.8,1,1015.,1,"","","","","","",3,1,0,1,7,1,0,1,0,1,"","","","","","","","","","","","","","","","","","","","","","","","",6000,1,"","",2,1,6,1,"","","","","","","","","","",2,1,0,1,"","","","","","","","","","","","","","","","","","","","","","","","","","","","","","","","","","","","","","","","","","","","","","","","","","","",""
"83069002","PORQUEROLLES",43.,6.226833,135,1981022121,"","","","",0.,1,0,1,"","","","","","","","","","","","","","","","","","","","","","","","","","","","",4.,1,0.8,1,"","","","","","","","","","","","","","","","","","","","","","","","","","",80,1,"","","","","","","","","","","","",6.5,1,1014.7,1,"","","","","","",0,1,"","",0,1,0,1,0,1,"","","","","","","","","","","","","","","","","","","","","","","","",6000,1,"","",1,1,0,1,"","","","","","","","","","",2,1,0,1,"","","","","","","","","","","","","","","","","","","","","","","","","","","","","","","","","","","","","","","","","","","","","","","","","","","",""
"83069002","PORQUEROLLES",43.,6.226833,135,1981022200,"","","","",0.,1,0,1,"","","","","","","","","","","","","","","","","","","","","","","","","","","","",3.6,1,1.4,1,"","","","","","","","","","","","","","","","","","","","","","","","","","",87,1,"","","","","","","","","","","","",6.8,1,1014.6,1,"","","","","","","","","","","","","","","","","","","","","","","","","","","","","","","","","","","","","","","","","","","","","","","","","","","","","","","","","","","","","","","","","","","","","","","","","","","","","","","","","","","","","","","","","","","","","","","","","","","","","","","","","","","","","","","","","",""
"83069002","PORQUEROLLES",43.,6.226833,135,1981022203,"","","","",0.,1,0,1,"","","","","","","","","","","","","","","","","","","","","","","","","","","","",3.4,1,1.8,1,"","","","","","","","","","","","","","","","","","","","","","","","","","",90,1,"","","","","","","","","","","","",7.,1,1013.6,1,"","","","","","",3,1,0,1,2,1,0,1,0,1,"","","","","","","","","","","","","","","","","","","","","","","","",8000,1,"","",0,1,"","","","","","","","","","","","",2,1,0,1,"","","","","","","","","","","","","","","","","","","","","","","","","","","","","","","","","","","","","","","","","","","","","","","","","","","",""
"83069002","PORQUEROLLES",43.,6.226833,135,1981022206,"","","","",2.,1,320,1,"","","","","","","","","","","","","","","","","","","","","","","","","","","","",3.9,1,2.,1,"","","","","","","","","","","","","","","","","","","","","","","","","","",88,1,"","","","","","","","","","","","",7.1,1,1013.6,1,"","","","","","",5,1,5,1,6,1,0,1,0,1,"","","","","","","","","","","","","","","","","","","","","","","","",5000,1,"","",3,1,1,1,"","",0,1,"","","","","","",2,1,0,1,"","","","","","","","","","","","","","","","","","","","","","","","","","","","","","","","","","","","","","","","","","","","","","","","","","","",""
"83069002","PORQUEROLLES",43.,6.226833,135,1981022209,"","","","",0.,1,0,1,"","","","","","","","","","","","","","","","","","","","","","","","","","","","",6.2,1,3.4,1,"","","","","","","","","","","","","","","","","","","","","","","","","","",83,1,"","","","","","","","","","","","",7.9,1,1013.6,1,"","","","","","",6,1,6,1,6,1,0,1,0,1,"","","","","","","","","","","","","","","","","","","","","","","","",6000,1,"","",3,1,2,1,"","","","","","","","","","",2,1,0,1,"","","","","","","","","","","","","","","","","","","","","","","","","","","","","","","","","","","","","","","","","","","","","","","","","","","",""
"83069002","PORQUEROLLES",43.,6.226833,135,1981022212,"","","","",4.,1,300,1,"","","","","","","","","","","","","","","","","","","","","","","","","","","","",7.6,1,5.3,1,"","","","","","","","","","","","","","","","","","","","","","","","","","",86,1,"","","","","","","","","","","","",9.,1,1013.7,1,"","","","","","",7,1,7,1,0,1,7,1,"","","","","","","","","","","","","","","","","","","","","","","","","","",6000,1,"","",3,1,2,1,"","","","","","","","","","",2,1,230,1,"","","","","","","","","","","","","","","","","","","","","","","","","","","","","","","","","","","","","","","","","","","","","","","","","","","",""
"83069002","PORQUEROLLES",43.,6.226833,135,1981022215,"","","","",3.,1,280,1,"","","","","","","","","","","","","","","","","","","","","","","","","","","","",6.8,1,1.8,1,"","","","","","","","","","","","","","","","","","","","","","","","","","",71,1,"","","","","","","","","","","","",7.,1,1012.2,1,"","","","","","",8,1,8,1,0,1,7,1,"","","","","","","","","","","","","","","","","","","","","","","","","","",10000,1,"","",3,1,2,1,"","","","","","","","","","",3,1,270,1,"","","","","","","","","","","","","","","","","","","","","","","","","","","","","","","","","","","","","","","","","","","","","","","","","","","",""
"83069002","PORQUEROLLES",43.,6.226833,135,1981022218,"","","","",5.,1,280,1,"","","","","","","","","","","","","","","","","","","","","","","","","","","","",5.2,1,0.6,1,"","","","","","","","","","","","","","","","","","","","","","","","","","",72,1,"","","","","","","","","","","","",6.4,1,1012.,1,"","","","","","",3,1,0,1,0,1,7,1,0,1,"","","","","","","","","","","","","","","","","","","","","","","","",15000,1,"","",1,1,1,1,"","","","","","","","","","",2,1,270,1,"","","","","","","","","","","","","","","","","","","","","","","","","","","","","","","","","","","","","","","","","","","","","","","","","","","",""
"83069002","PORQUEROLLES",43.,6.226833,135,1981022221,"","","","",6.,1,280,1,"","","","","","","","","","","","","","","","","","","","","","","","","","","","",5.5,1,1.6,1,"","","","","","","","","","","","","","","","","","","","","","","","","","",77,1,"","","","","","","","","","","","",6.9,1,1012.5,1,"","","","","","",1,1,0,1,0,1,4,1,0,1,"","","","","","","","","","","","","","","","","","","","","","","","",15000,1,"","",1,1,0,1,"","","","","","","","","","",3,1,270,1,"","","","","","","","","","","","","","","","","","","","","","","","","","","","","","","","","","","","","","","","","","","","","","","","","","","",""
"83069002","PORQUEROLLES",43.,6.226833,135,1981022300,"","","","",4.,1,320,1,"","","","","","","","","","","","","","","","","","","","","","","","","","","","",4.4,1,1.6,1,"","","","","","","","","","","","","","","","","","","","","","","","","","",83,1,"","","","","","","","","","","","",6.9,1,1012.9,1,"","","","","","","","","","","","","","","","","","","","","","","","","","","","","","","","","","","","","","","","","","","","","","","","","","","","","","","","","","","","","","","","","","","","","","","","","","","","","","","","","","","","","","","","","","","","","","","","","","","","","","","","","","","","","","","","","",""
"83069002","PORQUEROLLES",43.,6.226833,135,1981022303,"","","","",4.,1,300,1,"","","","","","","","","","","","","","","","","","","","","","","","","","","","",4.,1,2.4,1,"","","","","","","","","","","","","","","","","","","","","","","","","","",90,1,"","","","","","","","","","","","",7.3,1,1012.7,1,"","","","","","",1,1,0,1,0,1,4,1,0,1,"","","","","","","","","","","","","","","","","","","","","","","","",18000,1,"","",0,1,"","","","","","","","","","","","",2,1,270,1,"","","","","","","","","","","","","","","","","","","","","","","","","","","","","","","","","","","","","","","","","","","","","","","","","","","",""
"83069002","PORQUEROLLES",43.,6.226833,135,1981022306,"","","","",4.,1,320,1,"","","","","","","","","","","","","","","","","","","","","","","","","","","","",3.8,1,1.6,1,"","","","","","","","","","","","","","","","","","","","","","","","","","",87,1,"","","","","","","","","","","","",6.9,1,1012.7,1,"","","","","","",3,1,0,1,9,1,4,1,2,1,"","","","","","","","","","","","","","","","","","","","","","","","",20000,1,"","",3,1,0,1,"","",0,1,"","","","","","",2,1,270,1,"","","","","","","","","","","","","","","","","","","","","","","","","","","","","","","","","","","","","","","","","","","","","","","","","","","",""
"83069002","PORQUEROLLES",43.,6.226833,135,1981022309,"","","","",3.,1,300,1,"","","","","","","","","","","","","","","","","","","","","","","","","","","","",5.5,1,1.6,1,"","","","","","","","","","","","","","","","","","","","","","","","","","",77,1,"","","","","","","","","","","","",6.9,1,1013.6,1,"","","","","","",5,1,0,1,9,1,4,1,2,1,"","","","","","","","","","","","","","","","","","","","","","","","",20000,1,"","",3,1,0,1,"","","","","","","","","","",2,1,270,1,"","","","","","","","","","","","","","","","","","","","","","","","","","","","","","","","","","","","","","","","","","","","","","","","","","","",""
"83069002","PORQUEROLLES",43.,6.226833,135,1981022312,"","","","",8.,1,260,1,"","","","","","","","","","","","","","","","","","","","","","","","","","","","",9.4,1,3.8,1,"","","","","","","","","","","","","","","","","","","","","","","","","","",69,1,"","","","","","","","","","","","",8.1,1,1014.,1,"","","","","","",2,1,0,1,2,1,4,1,3,1,"","","","","","","","","","","","","","","","","","","","","","","","",25000,1,"","",1,1,1,1,"","","","","","","","","","",4,1,270,1,"","","","","","","","","","","","","","","","","","","","","","","","","","","","","","","","","","","","","","","","","","","","","","","","","","","",""
"83069002","PORQUEROLLES",43.,6.226833,135,1981022315,"","","","",10.,1,260,1,"","","","","","","","","","","","","","","","","","","","","","","","","","","","",10.,1,4.3,1,"","","","","","","","","","","","","","","","","","","","","","","","","","",68,1,"","","","","","","","","","","","",8.4,1,1013.,1,"","","","","","",2,1,0,1,2,1,4,1,3,1,"","","","","","","","","","","","","","","","","","","","","","","","",25000,1,"","",2,1,0,1,"","","","","","","","","","",4,1,270,1,"","","","","","","","","","","","","","","","","","","","","","","","","","","","","","","","","","","","","","","","","","","","","","","","","","","",""
"83069002","PORQUEROLLES",43.,6.226833,135,1981022318,"","","","",12.,1,260,1,"","","","","","","","","","","","","","","","","","","","","","","","","","","","",8.5,1,3.8,1,"","","","","","","","","","","","","","","","","","","","","","","","","","",73,1,"","","","","","","","","","","","",8.1,1,1014.5,1,"","","","","","",2,1,0,1,2,1,0,1,0,1,"","","","","","","","","","","","","","","","","","","","","","","","",25000,1,"","",2,1,0,1,"","","","","","","","","","",4,1,270,1,"","","","","","","","","","","","","","","","","","","","","","","","","","","","","","","","","","","","","","","","","","","","","","","","","","","",""
"83069002","PORQUEROLLES",43.,6.226833,135,1981022321,"","","","",8.,1,280,1,"","","","","","","","","","","","","","","","","","","","","","","","","","","","",7.5,1,4.,1,"","","","","","","","","","","","","","","","","","","","","","","","","","",79,1,"","","","","","","","","","","","",8.2,1,1015.6,1,"","","","","","",0,1,"","",0,1,0,1,0,1,"","","","","","","","","","","","","","","","","","","","","","","","",20000,1,"","",1,1,0,1,"","","","","","","","","","",4,1,"","","","","","","","","","","","","","","","","","","","","","","","","","","","","","","","","","","","","","","","","","","","","","","","","","","","","",""
"83069002","PORQUEROLLES",43.,6.226833,135,1981022400,"","","","",6.,1,280,1,"","","","","","","","","","","","","","","","","","","","","","","","","","","","",7.9,1,"","","","","","","","","","","","","","","","","","","","","","","","","","","","",76,1,"","","","","","","","","","","","","","",1015.3,1,"","","","","","","","","","","","","","","","","","","","","","","","","","","","","","","","","","","","","","","","","","","","","","","","","","","","","","","","","","","","","","","","","","","","","","","","","","","","","","","","","","","","","","","","","","","","","","","","","","","","","","","","","","","","","","","","","",""
"83069002","PORQUEROLLES",43.,6.226833,135,1981022403,"","","","",4.,1,280,1,"","","","","","","","","","","","","","","","","","","","","","","","","","","","",7.,1,4.6,1,"","","","","","","","","","","","","","","","","","","","","","","","","","",85,1,"","","","","","","","","","","","",8.6,1,1015.3,1,"","","","","","",1,1,0,1,0,1,0,1,3,1,"","","","","","","","","","","","","","","","","","","","","","","","",20000,1,"","",0,1,"","","","","","","","","","","","",3,1,270,1,"","","","","","","","","","","","","","","","","","","","","","","","","","","","","","","","","","","","","","","","","","","","","","","","","","","",""
"83069002","PORQUEROLLES",43.,6.226833,135,1981022406,"","","","",3.,1,280,1,"","","","","","","","","","","","","","","","","","","","","","","","","","","","",5.5,1,3.6,1,"","","","","","","","","","","","","","","","","","","","","","","","","","",89,1,"","","","","","","","","","","","",8.,1,1015.4,1,"","","","","","",5,1,0,1,9,1,0,1,3,1,"","","","","","","","","","","","","","","","","","","","","","","","",25000,1,"","",3,1,1,1,"","",0,1,"","","","","","",2,1,270,1,"","","","","","","","","","","","","","","","","","","","","","","","","","","","","","","","","","","","","","","","","","","","","","","","","","","",""
"83069002","PORQUEROLLES",43.,6.226833,135,1981022409,"","","","",0.,1,0,1,"","","","","","","","","","","","","","","","","","","","","","","","","","","","",7.5,1,3.8,1,"","","","","","","","","","","","","","","","","","","","","","","","","","",79,1,"","","","","","","","","","","","",8.1,1,1015.7,1,"","","","","","",7,1,6,1,9,1,0,1,3,1,"","","","","","","","","","","","","","","","","","","","","","","","",25000,1,"","",3,1,2,1,"","","","","","","","","","",2,1,0,1,"","","","","","","","","","","","","","","","","","","","","","","","","","","","","","","","","","","","","","","","","","","","","","","","","","","",""
"83069002","PORQUEROLLES",43.,6.226833,135,1981022412,"","","","",0.,1,0,1,"","","","","","","","","","","","","","","","","","","","","","","","","","","","",9.9,1,6.,1,"","","","","","","","","","","","","","","","","","","","","","","","","","",78,1,"","","","","","","","","","","","",9.5,1,1015.6,1,"","","","","","",6,1,5,1,3,1,7,1,0,1,"","","","","","","","","","","","","","","","","","","","","","","","",25000,1,"","",2,1,2,1,"","","","","","","","","","",2,1,0,1,"","","","","","","","","","","","","","","","","","","","","","","","","","","","","","","","","","","","","","","","","","","","","","","","","","","",""
"83069002","PORQUEROLLES",43.,6.226833,135,1981022415,"","","","",5.,1,260,1,"","","","","","","","","","","","","","","","","","","","","","","","","","","","",8.7,1,5.3,1,"","","","","","","","","","","","","","","","","","","","","","","","","","",80,1,"","","","","","","","","","","","",9.,1,1014.6,1,"","","","","","",8,1,7,1,3,1,7,1,"","","","","","","","","","","","","","","","","","","","","","","","","","",25000,1,"","",3,1,2,1,"","","","","","","","","","",2,1,0,1,"","","","","","","","","","","","","","","","","","","","","","","","","","","","","","","","","","","","","","","","","","","","","","","","","","","",""
"83069002","PORQUEROLLES",43.,6.226833,135,1981022418,"","","","",4.,1,280,1,"","","","","","","","","","","","","","","","","","","","","","","","","","","","",8.,1,4.9,1,"","","","","","","","","","","","","","","","","","","","","","","","","","",82,1,"","","","","","","","","","","","",8.8,1,1015.4,1,"","","","","","",8,1,6,1,9,1,7,1,"","","","","","","","","","","","","","","","","","","","","","","","","","",18000,1,"","",2,1,2,1,"","","","","","","","","","",2,1,0,1,"","","","","","","","","","","","","","","","","","","","","","","","","","","","","","","","","","","","","","","","","","","","","","","","","","","",""
"83069002","PORQUEROLLES",43.,6.226833,135,1981022421,"","","","",2.,1,360,1,"","","","","","","","","","","","","","","","","","","","","","","","","","","","",6.5,1,4.8,1,"","","","","","","","","","","","","","","","","","","","","","","","","","",89,1,"","","","","","","","","","","","",8.7,1,1016.2,1,"","","","","","",6,1,6,1,0,1,7,1,0,1,"","","","","","","","","","","","","","","","","","","","","","","","",22000,1,"","",1,1,2,1,"","","","","","","","","","",2,1,0,1,"","","","","","","","","","","","","","","","","","","","","","","","","","","","","","","","","","","","","","","","","","","","","","","","","","","",""
"83069002","PORQUEROLLES",43.,6.226833,135,1981022500,"","","","",4.,1,320,1,"","","","","","","","","","","","","","","","","","","","","","","","","","","","",5.5,1,3.8,1,"","","","","","","","","","","","","","","","","","","","","","","","","","",92,1,"","","","","","","","","","","","",8.1,1,1016.3,1,"","","","","","","","","","","","","","","","","","","","","","","","","","","","","","","","","","","","","","","","","","","","","","","","","","","","","","","","","","","","","","","","","","","","","","","","","","","","","","","","","","","","","","","","","","","","","","","","","","","","","","","","","","","","","","","","","",""
"83069002","PORQUEROLLES",43.,6.226833,135,1981022503,"","","","",5.,1,360,1,"","","","","","","","","","","","","","","","","","","","","","","","","","","","",5.2,1,4.2,1,"","","","","","","","","","","","","","","","","","","","","","","","","","",94,1,"","","","","","","","","","","","",8.3,1,1016.3,1,"","","","","","",8,1,6,1,2,1,0,1,1,1,"","","","","","","","","","","","","","","","","","","","","","","","",18000,1,"","",0,1,"","","","","","","","","","","","",2,1,0,1,"","","","","","","","","","","","","","","","","","","","","","","","","","","","","","","","","","","","","","","","","","","","","","","","","","","",""
"83069002","PORQUEROLLES",43.,6.226833,135,1981022506,"","","","",2.,1,340,1,"","","","","","","","","","","","","","","","","","","","","","","","","","","","",4.5,1,3.8,1,"","","","","","","","","","","","","","","","","","","","","","","","","","",97,1,"","","","","","","","","","","","",8.1,1,1016.3,1,"","","","","","",8,1,5,1,7,1,2,1,"","","","","","","","","","","","","","","","","","","","","","","","","","",12000,1,"","",2,1,2,1,"","",0,1,"","","","","","",2,1,0,1,"","","","","","","","","","","","","","","","","","","","","","","","","","","","","","","","","","","","","","","","","","","","","","","","","","","",""
"83069002","PORQUEROLLES",43.,6.226833,135,1981022509,"","","","",3.,1,360,1,"","","","","","","","","","","","","","","","","","","","","","","","","","","","",4.6,1,4.,1,"","","","","","","","","","","","","","","","","","","","","","","","","","",97,1,"","","","","","","","","","","","",8.2,1,1017.6,1,"","","","","","",8,1,6,1,7,1,2,1,"","","","","","","","","","","","","","","","","","","","","","","","","","",4000,1,"","",60,1,6,1,"","","","","","","","","","",3,1,90,1,"","","","","","","","","","","","","","","","","","","","","","","","","","","","","","","","","","","","","","","","","","","","","","","","","","","",""
"83069002","PORQUEROLLES",43.,6.226833,135,1981022512,"","","","",6.,1,340,1,"","","","","","","","","","","","","","","","","","","","","","","","","","","","",5.,1,5.,1,"","","","","","","","","","","","","","","","","","","","","","","","","","",100,1,"","","","","","","","","","","","",8.7,1,1018.1,1,"","","","","","",8,1,8,1,7,1,2,1,"","","","","","","","","","","","","","","","","","","","","","","","","","",6000,1,"","",60,1,6,1,"","","","","","","","","","",3,1,90,1,"","","","","","","","","","","","","","","","","","","","","","","","","","","","","","","","","","","","","","","","","","","","","","","","","","","",""
"83069002","PORQUEROLLES",43.,6.226833,135,1981022515,"","","","",6.,1,360,1,"","","","","","","","","","","","","","","","","","","","","","","","","","","","",5.3,1,5.3,1,"","","","","","","","","","","","","","","","","","","","","","","","","","",100,1,"","","","","","","","","","","","",8.9,1,1018.4,1,"","","","","","",8,1,5,1,7,1,2,1,"","","","","","","","","","","","","","","","","","","","","","","","","","",8000,1,"","",60,1,6,1,"","","","","","","","","","",3,1,90,1,"","","","","","","","","","","","","","","","","","","","","","","","","","","","","","","","","","","","","","","","","","","","","","","","","","","",""
"83069002","PORQUEROLLES",43.,6.226833,135,1981022518,"","","","",7.,1,340,1,"","","","","","","","","","","","","","","","","","","","","","","","","","","","",4.8,1,4.2,1,"","","","","","","","","","","","","","","","","","","","","","","","","","",97,1,"","","","","","","","","","","","",8.3,1,1019.6,1,"","","","","","",8,1,5,1,7,1,2,1,"","","","","","","","","","","","","","","","","","","","","","","","","","",6000,1,"","",60,1,6,1,"","","","","","","","","","",3,1,90,1,"","","","","","","","","","","","","","","","","","","","","","","","","","","","","","","","","","","","","","","","","","","","","","","","","","","",""
"83069002","PORQUEROLLES",43.,6.226833,135,1981022521,"","","","",5.,1,340,1,"","","","","","","","","","","","","","","","","","","","","","","","","","","","",4.8,1,4.2,1,"","","","","","","","","","","","","","","","","","","","","","","","","","",97,1,"","","","","","","","","","","","",8.3,1,1020.3,1,"","","","","","",8,1,8,1,7,1,2,1,"","","","","","","","","","","","","","","","","","","","","","","","","","",10000,1,"","",2,1,6,1,"","","","","","","","","","",3,1,270,1,"","","","","","","","","","","","","","","","","","","","","","","","","","","","","","","","","","","","","","","","","","","","","","","","","","","",""
"83069002","PORQUEROLLES",43.,6.226833,135,1981022600,"","","","",4.,1,320,1,"","","","","","","","","","","","","","","","","","","","","","","","","","","","",5.9,1,4.9,1,"","","","","","","","","","","","","","","","","","","","","","","","","","",95,1,"","","","","","","","","","","","",8.8,1,1020.7,1,"","","","","","","","","","","","","","","","","","","","","","","","","","","","","","","","","","","","","","","","","","","","","","","","","","","","","","","","","","","","","","","","","","","","","","","","","","","","","","","","","","","","","","","","","","","","","","","","","","","","","","","","","","","","","","","","","",""
"83069002","PORQUEROLLES",43.,6.226833,135,1981022603,"","","","",4.,1,340,1,"","","","","","","","","","","","","","","","","","","","","","","","","","","","",5.5,1,3.1,1,"","","","","","","","","","","","","","","","","","","","","","","","","","",86,1,"","","","","","","","","","","","",7.7,1,1021.1,1,"","","","","","",4,1,0,1,0,1,4,1,2,1,"","","","","","","","","","","","","","","","","","","","","","","","",15000,1,"","",0,1,"","","","","","","","","","","","",2,1,270,1,"","","","","","","","","","","","","","","","","","","","","","","","","","","","","","","","","","","","","","","","","","","","","","","","","","","",""
"83069002","PORQUEROLLES",43.,6.226833,135,1981022606,"","","","",3.,1,340,1,"","","","","","","","","","","","","","","","","","","","","","","","","","","","",5.5,1,3.1,1,"","","","","","","","","","","","","","","","","","","","","","","","","","",86,1,"","","","","","","","","","","","",7.7,1,1021.3,1,"","","","","","",6,1,6,1,0,1,3,1,0,1,"","","","","","","","","","","","","","","","","","","","","","","","",15000,1,"","",3,1,1,1,"","",0,1,"","","","","","",2,1,270,1,"","","","","","","","","","","","","","","","","","","","","","","","","","","","","","","","","","","","","","","","","","","","","","","","","","","",""
"83069002","PORQUEROLLES",43.,6.226833,135,1981022609,"","","","",1.,1,360,1,"","","","","","","","","","","","","","","","","","","","","","","","","","","","",7.,1,4.6,1,"","","","","","","","","","","","","","","","","","","","","","","","","","",85,1,"","","","","","","","","","","","",8.6,1,1021.5,1,"","","","","","",0,1,"","",0,1,0,1,0,1,"","","","","","","","","","","","","","","","","","","","","","","","",12000,1,"","",1,1,0,1,"","","","","","","","","","",2,1,270,1,"","","","","","","","","","","","","","","","","","","","","","","","","","","","","","","","","","","","","","","","","","","","","","","","","","","",""
"83069002","PORQUEROLLES",43.,6.226833,135,1981022612,"","","","",0.,1,0,1,"","","","","","","","","","","","","","","","","","","","","","","","","","","","",10.1,1,6.,1,"","","","","","","","","","","","","","","","","","","","","","","","","","",77,1,"","","","","","","","","","","","",9.5,1,1021.3,1,"","","","","","",6,1,5,1,2,1,7,1,0,1,"","","","","","","","","","","","","","","","","","","","","","","","",10000,1,"","",3,1,1,1,"","","","","","","","","","",2,1,270,1,"","","","","","","","","","","","","","","","","","","","","","","","","","","","","","","","","","","","","","","","","","","","","","","","","","","",""
"83069002","PORQUEROLLES",43.,6.226833,135,1981022615,"","","","",3.,1,280,1,"","","","","","","","","","","","","","","","","","","","","","","","","","","","",9.4,1,6.2,1,"","","","","","","","","","","","","","","","","","","","","","","","","","",81,1,"","","","","","","","","","","","",9.6,1,1019.8,1,"","","","","","",6,1,0,1,5,1,7,1,0,1,"","","","","","","","","","","","","","","","","","","","","","","","",10000,1,"","",2,1,1,1,"","","","","","","","","","",2,1,270,1,"","","","","","","","","","","","","","","","","","","","","","","","","","","","","","","","","","","","","","","","","","","","","","","","","","","",""
"83069002","PORQUEROLLES",43.,6.226833,135,1981022618,"","","","",2.,1,280,1,"","","","","","","","","","","","","","","","","","","","","","","","","","","","",7.5,1,4.,1,"","","","","","","","","","","","","","","","","","","","","","","","","","",79,1,"","","","","","","","","","","","",8.2,1,1019.9,1,"","","","","","",5,1,5,1,0,1,7,1,0,1,"","","","","","","","","","","","","","","","","","","","","","","","",8000,1,"","",1,1,1,1,"","","","","","","","","","",2,1,270,1,"","","","","","","","","","","","","","","","","","","","","","","","","","","","","","","","","","","","","","","","","","","","","","","","","","","",""
"83069002","PORQUEROLLES",43.,6.226833,135,1981022621,"","","","",2.,1,280,1,"","","","","","","","","","","","","","","","","","","","","","","","","","","","",8.,1,4.3,1,"","","","","","","","","","","","","","","","","","","","","","","","","","",79,1,"","","","","","","","","","","","",8.4,1,1019.8,1,"","","","","","",8,1,8,1,0,1,7,1,"","","","","","","","","","","","","","","","","","","","","","","","","","",15000,1,"","",3,1,1,1,"","","","","","","","","","",2,1,"","","","","","","","","","","","","","","","","","","","","","","","","","","","","","","","","","","","","","","","","","","","","","","","","","","","","",""
"83069002","PORQUEROLLES",43.,6.226833,135,1981022700,"","","","",0.,1,0,1,"","","","","","","","","","","","","","","","","","","","","","","","","","","","",8.,1,"","","","","","","","","","","","","","","","","","","","","","","","","","","","","","","","","","","","","","","","","","","","",1018.8,1,"","","","","","","","","","","","","","","","","","","","","","","","","","","","","","","","","","","","","","","","","","","","","","","","","","","","","","","","","","","","","","","","","","","","","","","","","","","","","","","","","","","","","","","","","","","","","","","","","","","","","","","","","","","","","","","","","",""
"83069002","PORQUEROLLES",43.,6.226833,135,1981022703,"","","","",0.,1,0,1,"","","","","","","","","","","","","","","","","","","","","","","","","","","","",6.,1,5.5,1,"","","","","","","","","","","","","","","","","","","","","","","","","","",97,1,"","","","","","","","","","","","",9.1,1,1018.8,1,"","","","","","",0,1,"","",0,1,0,1,0,1,"","","","","","","","","","","","","","","","","","","","","","","","",15000,1,"","",0,1,"","","","","","","","","","","","",2,1,"","","","","","","","","","","","","","","","","","","","","","","","","","","","","","","","","","","","","","","","","","","","","","","","","","","","","",""
"83069002","PORQUEROLLES",43.,6.226833,135,1981022706,"","","","",4.,1,40,1,"","","","","","","","","","","","","","","","","","","","","","","","","","","","",7.1,1,5.1,1,"","","","","","","","","","","","","","","","","","","","","","","","","","",88,1,"","","","","","","","","","","","",8.9,1,1017.7,1,"","","","","","",8,1,8,1,0,1,7,1,"","","","","","","","","","","","","","","","","","","","","","","","","","",8000,1,"","",3,1,0,1,"","",0,1,"","","","","","",2,1,270,1,"","","","","","","","","","","","","","","","","","","","","","","","","","","","","","","","","","","","","","","","","","","","","","","","","","","",""
"83069002","PORQUEROLLES",43.,6.226833,135,1981022709,"","","","",8.,1,60,1,"","","","","","","","","","","","","","","","","","","","","","","","","","","","",8.,1,5.,1,"","","","","","","","","","","","","","","","","","","","","","","","","","",82,1,"","","","","","","","","","","","",8.8,1,1017.,1,"","","","","","",8,1,8,1,7,1,"","","","","","","","","","","","","","","","","","","","","","","","","","","","",10000,1,"","",2,1,1,1,"","","","","","","","","","",3,1,90,1,"","","","","","","","","","","","","","","","","","","","","","","","","","","","","","","","","","","","","","","","","","","","","","","","","","","",""
"83069002","PORQUEROLLES",43.,6.226833,135,1981022712,"","","","",4.,1,60,1,"","","","","","","","","","","","","","","","","","","","","","","","","","","","",8.9,1,5.6,1,"","","","","","","","","","","","","","","","","","","","","","","","","","",81,1,"","","","","","","","","","","","",9.2,1,1017.,1,"","","","","","",8,1,8,1,7,1,"","","","","","","","","","","","","","","","","","","","","","","","","","","","",6000,1,"","",60,1,6,1,"","","","","","","","","","",3,1,90,1,"","","","","","","","","","","","","","","","","","","","","","","","","","","","","","","","","","","","","","","","","","","","","","","","","","","",""
"83069002","PORQUEROLLES",43.,6.226833,135,1981022715,"","","","",3.,1,100,1,"","","","","","","","","","","","","","","","","","","","","","","","","","","","",6.7,1,6.7,1,"","","","","","","","","","","","","","","","","","","","","","","","","","",100,1,"","","","","","","","","","","","",9.8,1,1016.1,1,"","","","","","",8,1,8,1,7,1,"","","","","","","","","","","","","","","","","","","","","","","","","","","","",5000,1,"","",61,1,6,1,"","","","","","","","","","",3,1,90,1,"","","","","","","","","","","","","","","","","","","","","","","","","","","","","","","","","","","","","","","","","","","","","","","","","","","",""
"83069002","PORQUEROLLES",43.,6.226833,135,1981022718,"","","","",8.,1,80,1,"","","","","","","","","","","","","","","","","","","","","","","","","","","","",6.8,1,6.8,1,"","","","","","","","","","","","","","","","","","","","","","","","","","",100,1,"","","","","","","","","","","","",9.9,1,1016.1,1,"","","","","","",8,1,8,1,7,1,"","","","","","","","","","","","","","","","","","","","","","","","","","","","",5000,1,"","",60,1,6,1,"","","","","","","","","","",3,1,90,1,"","","","","","","","","","","","","","","","","","","","","","","","","","","","","","","","","","","","","","","","","","","","","","","","","","","",""
"83069002","PORQUEROLLES",43.,6.226833,135,1981022721,"","","","",11.,1,80,1,"","","","","","","","","","","","","","","","","","","","","","","","","","","","",6.3,1,6.3,1,"","","","","","","","","","","","","","","","","","","","","","","","","","",100,1,"","","","","","","","","","","","",9.5,1,1016.5,1,"","","","","","",8,1,8,1,7,1,"","","","","","","","","","","","","","","","","","","","","","","","","","","","",6000,1,"","",61,1,6,1,"","","","","","","","","","",3,1,90,1,"","","","","","","","","","","","","","","","","","","","","","","","","","","","","","","","","","","","","","","","","","","","","","","","","","","",""
"83069002","PORQUEROLLES",43.,6.226833,135,1981022800,"","","","",14.,1,60,1,"","","","","","","","","","","","","","","","","","","","","","","","","","","","",5.8,1,5.8,1,"","","","","","","","","","","","","","","","","","","","","","","","","","",100,1,"","","","","","","","","","","","",8.7,1,1016.2,1,"","","","","","","","","","","","","","","","","","","","","","","","","","","","","","","","","","","","","","","","","","","","","","","","","","","","","","","","","","","","","","","","","","","","","","","","","","","","","","","","","","","","","","","","","","","","","","","","","","","","","","","","","","","","","","","","","",""
"83069002","PORQUEROLLES",43.,6.226833,135,1981022803,"","","","",15.,1,60,1,"","","","","","","","","","","","","","","","","","","","","","","","","","","","",5.7,1,4.6,1,"","","","","","","","","","","","","","","","","","","","","","","","","","",94,1,"","","","","","","","","","","","",8.6,1,1015.2,1,"","","","","","",8,1,6,1,7,1,2,1,"","","","","","","","","","","","","","","","","","","","","","","","","","",8000,1,"","",0,1,"","","","","","","","","","","","",3,1,90,1,"","","","","","","","","","","","","","","","","","","","","","","","","","","","","","","","","","","","","","","","","","","","","","","","","","","",""
"83069002","PORQUEROLLES",43.,6.226833,135,1981022806,"","","","",17.,1,60,1,"","","","","","","","","","","","","","","","","","","","","","","","","","","","",6.,1,4.6,1,"","","","","","","","","","","","","","","","","","","","","","","","","","",93,1,"","","","","","","","","","","","",8.6,1,1014.8,1,"","","","","","",8,1,8,1,7,1,"","","","","","","","","","","","","","","","","","","","","","","","","","","","",5000,1,"","",60,1,6,1,"","",0,1,"","","","","","",4,1,90,1,"","","","","","","","","","","","","","","","","","","","","","","","","","","","","","","","","","","","","","","","","","","","","","","","","","","",""
"83069002","PORQUEROLLES",43.,6.226833,135,1981022809,"","","","",20.,1,40,1,"","","","","","","","","","","","","","","","","","","","","","","","","","","","",6.,1,4.6,1,"","","","","","","","","","","","","","","","","","","","","","","","","","",93,1,"","","","","","","","","","","","",8.6,1,1015.6,1,"","","","","","",8,1,8,1,7,1,"","","","","","","","","","","","","","","","","","","","","","","","","","","","",6000,1,"","",21,1,6,1,"","","","","","","","","","",4,1,90,1,"","","","","","","","","","","","","","","","","","","","","","","","","","","","","","","","","","","","","","","","","","","","","","","","","","","",""
"83069002","PORQUEROLLES",43.,6.226833,135,1981022812,"","","","",17.,1,40,1,"","","","","","","","","","","","","","","","","","","","","","","","","","","","",5.8,1,4.5,1,"","","","","","","","","","","","","","","","","","","","","","","","","","",92,1,"","","","","","","","","","","","",8.5,1,1016.2,1,"","","","","","",8,1,8,1,7,1,"","","","","","","","","","","","","","","","","","","","","","","","","","","","",6000,1,"","",60,1,6,1,"","","","","","","","","","",5,1,90,1,"","","","","","","","","","","","","","","","","","","","","","","","","","","","","","","","","","","","","","","","","","","","","","","","","","","",""
"83069002","PORQUEROLLES",43.,6.226833,135,1981022815,"","","","",17.,1,40,1,"","","","","","","","","","","","","","","","","","","","","","","","","","","","",6.,1,4.6,1,"","","","","","","","","","","","","","","","","","","","","","","","","","",93,1,"","","","","","","","","","","","",8.6,1,1014.6,1,"","","","","","",8,1,5,1,7,1,2,1,"","","","","","","","","","","","","","","","","","","","","","","","","","",8000,1,"","",2,1,6,1,"","","","","","","","","","",5,1,90,1,"","","","","","","","","","","","","","","","","","","","","","","","","","","","","","","","","","","","","","","","","","","","","","","","","","","",""
"83069002","PORQUEROLLES",43.,6.226833,135,1981022818,"","","","",16.,1,40,1,"","","","","","","","","","","","","","","","","","","","","","","","","","","","",5.8,1,5.1,1,"","","","","","","","","","","","","","","","","","","","","","","","","","",97,1,"","","","","","","","","","","","",8.9,1,1015.2,1,"","","","","","",8,1,6,1,7,1,2,1,"","","","","","","","","","","","","","","","","","","","","","","","","","",6000,1,"","",60,1,6,1,"","","","","","","","","","",5,1,90,1,"","","","","","","","","","","","","","","","","","","","","","","","","","","","","","","","","","","","","","","","","","","","","","","","","","","",""
"83069002","PORQUEROLLES",43.,6.226833,135,1981022821,"","","","",18.,1,40,1,"","","","","","","","","","","","","","","","","","","","","","","","","","","","",6.7,1,4.5,1,"","","","","","","","","","","","","","","","","","","","","","","","","","",86,1,"","","","","","","","","","","","",8.5,1,1015.1,1,"","","","","","",8,1,5,1,7,1,2,1,"","","","","","","","","","","","","","","","","","","","","","","","","","",8000,1,"","",2,1,6,1,"","","","","","","","","","",5,1,90,1,"","","","","","","","","","","","","","","","","","","","","","","","","","","","","","","","","","","","","","","","","","","","","","","","","","","",""
"83069002","PORQUEROLLES",43.,6.226833,135,1981030100,"","","","",18.,1,40,1,"","","","","","","","","","","","","","","","","","","","","","","","","","","","",5.8,1,3.4,1,"","","","","","","","","","","","","","","","","","","","","","","","","","",86,1,"","","","","","","","","","","","",7.9,1,1015.5,1,"","","","","","","","","","","","","","","","","","","","","","","","","","","","","","","","","","","","","","","","","","","","","","","","","","","","","","","","","","","","","","","","","","","","","","","","","","","","","","","","","","","","","","","","","","","","","","","","","","","","","","","","","","","","","","","","","",""
"83069002","PORQUEROLLES",43.,6.226833,135,1981030103,"","","","",17.,1,40,1,"","","","","","","","","","","","","","","","","","","","","","","","","","","","",5.5,1,5.5,1,"","","","","","","","","","","","","","","","","","","","","","","","","","",100,1,"","","","","","","","","","","","",9.,1,1015.9,1,"","","","","","",8,1,8,1,7,1,"","","","","","","","","","","","","","","","","","","","","","","","","","","","",4000,1,"","",62,1,"","","","","","","","","","","","",5,1,90,1,"","","","","","","","","","","","","","","","","","","","","","","","","","","","","","","","","","","","","","","","","","","","","","","","","","","",""
"83069002","PORQUEROLLES",43.,6.226833,135,1981030106,"","","","",15.,1,40,1,"","","","","","","","","","","","","","","","","","","","","","","","","","","","",5.4,1,5.4,1,"","","","","","","","","","","","","","","","","","","","","","","","","","",100,1,"","","","","","","","","","","","",8.9,1,1015.7,1,"","","","","","",8,1,8,1,7,1,"","","","","","","","","","","","","","","","","","","","","","","","","","","","",6000,1,"","",2,1,6,1,"","",0,1,"","","","","","",5,1,90,1,"","","","","","","","","","","","","","","","","","","","","","","","","","","","","","","","","","","","","","","","","","","","","","","","","","","",""
"83069002","PORQUEROLLES",43.,6.226833,135,1981030109,"","","","",14.,1,40,1,"","","","","","","","","","","","","","","","","","","","","","","","","","","","",8.,1,5.6,1,"","","","","","","","","","","","","","","","","","","","","","","","","","",86,1,"","","","","","","","","","","","",9.2,1,1015.8,1,"","","","","","",8,1,8,1,7,1,"","","","","","","","","","","","","","","","","","","","","","","","","","","","",8000,1,"","",2,1,6,1,"","","","","","","","","","",4,1,90,1,"","","","","","","","","","","","","","","","","","","","","","","","","","","","","","","","","","","","","","","","","","","","","","","","","","","",""
"83069002","PORQUEROLLES",43.,6.226833,135,1981030112,"","","","",14.,1,40,1,"","","","","","","","","","","","","","","","","","","","","","","","","","","","",8.5,1,6.7,1,"","","","","","","","","","","","","","","","","","","","","","","","","","",90,1,"","","","","","","","","","","","",10.,1,1015.8,1,"","","","","","",8,1,8,1,7,1,"","","","","","","","","","","","","","","","","","","","","","","","","","","","",6000,1,"","",2,1,6,1,"","","","","","","","","","",3,1,90,1,"","","","","","","","","","","","","","","","","","","","","","","","","","","","","","","","","","","","","","","","","","","","","","","","","","","",""
"83069002","PORQUEROLLES",43.,6.226833,135,1981030115,"","","","",11.,1,40,1,"","","","","","","","","","","","","","","","","","","","","","","","","","","","",8.4,1,6.,1,"","","","","","","","","","","","","","","","","","","","","","","","","","",86,1,"","","","","","","","","","","","",9.5,1,1014.4,1,"","","","","","",8,1,8,1,7,1,"","","","","","","","","","","","","","","","","","","","","","","","","","","","",6000,1,"","",2,1,2,1,"","","","","","","","","","",4,1,90,1,"","","","","","","","","","","","","","","","","","","","","","","","","","","","","","","","","","","","","","","","","","","","","","","","","","","",""
"83069002","PORQUEROLLES",43.,6.226833,135,1981030118,"","","","",9.,1,60,1,"","","","","","","","","","","","","","","","","","","","","","","","","","","","",8.5,1,7.,1,"","","","","","","","","","","","","","","","","","","","","","","","","","",91,1,"","","","","","","","","","","","",10.2,1,1014.3,1,"","","","","","",8,1,8,1,7,1,"","","","","","","","","","","","","","","","","","","","","","","","","","","","",6000,1,"","",2,1,2,1,"","","","","","","","","","",3,1,90,1,"","","","","","","","","","","","","","","","","","","","","","","","","","","","","","","","","","","","","","","","","","","","","","","","","","","",""
"83069002","PORQUEROLLES",43.,6.226833,135,1981030121,"","","","",11.,1,60,1,"","","","","","","","","","","","","","","","","","","","","","","","","","","","",8.6,1,7.,1,"","","","","","","","","","","","","","","","","","","","","","","","","","",91,1,"","","","","","","","","","","","",10.2,1,1014.3,1,"","","","","","",8,1,8,1,7,1,"","","","","","","","","","","","","","","","","","","","","","","","","","","","",10000,1,"","",2,1,2,1,"","","","","","","","","","",3,1,"","","","","","","","","","","","","","","","","","","","","","","","","","","","","","","","","","","","","","","","","","","","","","","","","","","","","",""
"83069002","PORQUEROLLES",43.,6.226833,135,1981030200,"","","","",17.,1,60,1,"","","","","","","","","","","","","","","","","","","","","","","","","","","","",8.9,1,6.3,1,"","","","","","","","","","","","","","","","","","","","","","","","","","",85,1,"","","","","","","","","","","","",9.7,1,1014.3,1,"","","","","","","","","","","","","","","","","","","","","","","","","","","","","","","","","","","","","","","","","","","","","","","","","","","","","","","","","","","","","","","","","","","","","","","","","","","","","","","","","","","","","","","","","","","","","","","","","","","","","","","","","","","","","","","","","",""
"83069002","PORQUEROLLES",43.,6.226833,135,1981030203,"","","","",10.,1,40,1,"","","","","","","","","","","","","","","","","","","","","","","","","","","","",8.6,1,7.3,1,"","","","","","","","","","","","","","","","","","","","","","","","","","",94,1,"","","","","","","","","","","","",10.4,1,1012.4,1,"","","","","","",8,1,8,1,5,1,"","","","","","","","","","","","","","","","","","","","","","","","","","","","",8000,1,"","",0,1,"","","","","","","","","","","","",4,1,"","","","","","","","","","","","","","","","","","","","","","","","","","","","","","","","","","","","","","","","","","","","","","","","","","","","","",""
"83069002","PORQUEROLLES",43.,6.226833,135,1981030206,"","","","",10.,1,60,1,"","","","","","","","","","","","","","","","","","","","","","","","","","","","",8.5,1,7.2,1,"","","","","","","","","","","","","","","","","","","","","","","","","","",93,1,"","","","","","","","","","","","",10.3,1,1012.4,1,"","","","","","",8,1,8,1,5,1,"","","","","","","","","","","","","","","","","","","","","","","","","","","","",4000,1,"","",10,1,2,1,"","",0,1,"","","","","","",4,1,90,1,"","","","","","","","","","","","","","","","","","","","","","","","","","","","","","","","","","","","","","","","","","","","","","","","","","","",""
"83069002","PORQUEROLLES",43.,6.226833,135,1981030209,"","","","",7.,1,80,1,"","","","","","","","","","","","","","","","","","","","","","","","","","","","",8.5,1,8.5,1,"","","","","","","","","","","","","","","","","","","","","","","","","","",100,1,"","","","","","","","","","","","",11.1,1,1012.6,1,"","","","","","",8,1,8,1,6,1,"","","","","","","","","","","","","","","","","","","","","","","","","","","","",3000,1,"","",10,1,2,1,"","","","","","","","","","",3,1,90,1,"","","","","","","","","","","","","","","","","","","","","","","","","","","","","","","","","","","","","","","","","","","","","","","","","","","",""
"83069002","PORQUEROLLES",43.,6.226833,135,1981030212,"","","","",4.,1,40,1,"","","","","","","","","","","","","","","","","","","","","","","","","","","","",12.,1,9.1,1,"","","","","","","","","","","","","","","","","","","","","","","","","","",85,1,"","","","","","","","","","","","",11.8,1,1012.4,1,"","","","","","",6,1,6,1,6,1,0,1,0,1,"","","","","","","","","","","","","","","","","","","","","","","","",3000,1,"","",10,1,2,1,"","","","","","","","","","",3,1,90,1,"","","","","","","","","","","","","","","","","","","","","","","","","","","","","","","","","","","","","","","","","","","","","","","","","","","",""
"83069002","PORQUEROLLES",43.,6.226833,135,1981030215,"","","","",0.,1,0,1,"","","","","","","","","","","","","","","","","","","","","","","","","","","","",10.5,1,8.6,1,"","","","","","","","","","","","","","","","","","","","","","","","","","",90,1,"","","","","","","","","","","","",11.4,1,1011.3,1,"","","","","","",8,1,8,1,6,1,"","","","","","","","","","","","","","","","","","","","","","","","","","","","",3000,1,"","",10,1,2,1,"","","","","","","","","","",2,1,0,1,"","","","","","","","","","","","","","","","","","","","","","","","","","","","","","","","","","","","","","","","","","","","","","","","","","","",""
"83069002","PORQUEROLLES",43.,6.226833,135,1981030218,"","","","",4.,1,260,1,"","","","","","","","","","","","","","","","","","","","","","","","","","","","",9.,1,8.3,1,"","","","","","","","","","","","","","","","","","","","","","","","","","",97,1,"","","","","","","","","","","","",11.2,1,1011.1,1,"","","","","","",5,1,5,1,6,1,0,1,0,1,"","","","","","","","","","","","","","","","","","","","","","","","",3000,1,"","",10,1,2,1,"","","","","","","","","","",2,1,0,1,"","","","","","","","","","","","","","","","","","","","","","","","","","","","","","","","","","","","","","","","","","","","","","","","","","","",""
"83069002","PORQUEROLLES",43.,6.226833,135,1981030221,"","","","",5.,1,260,1,"","","","","","","","","","","","","","","","","","","","","","","","","","","","",9.7,1,9.,1,"","","","","","","","","","","","","","","","","","","","","","","","","","",97,1,"","","","","","","","","","","","",11.7,1,1011.5,1,"","","","","","",3,1,0,1,6,1,0,1,0,1,"","","","","","","","","","","","","","","","","","","","","","","","",3000,1,"","",10,1,1,1,"","","","","","","","","","",2,1,0,1,"","","","","","","","","","","","","","","","","","","","","","","","","","","","","","","","","","","","","","","","","","","","","","","","","","","",""
"83069002","PORQUEROLLES",43.,6.226833,135,1981030300,"","","","",7.,1,260,1,"","","","","","","","","","","","","","","","","","","","","","","","","","","","",9.3,1,8.8,1,"","","","","","","","","","","","","","","","","","","","","","","","","","",98,1,"","","","","","","","","","","","",11.5,1,1011.2,1,"","","","","","","","","","","","","","","","","","","","","","","","","","","","","","","","","","","","","","","","","","","","","","","","","","","","","","","","","","","","","","","","","","","","","","","","","","","","","","","","","","","","","","","","","","","","","","","","","","","","","","","","","","","","","","","","","",""
"83069002","PORQUEROLLES",43.,6.226833,135,1981030303,"","","","",4.,1,260,1,"","","","","","","","","","","","","","","","","","","","","","","","","","","","",9.,1,7.7,1,"","","","","","","","","","","","","","","","","","","","","","","","","","",94,1,"","","","","","","","","","","","",10.7,1,1009.2,1,"","","","","","",3,1,0,1,6,1,0,1,0,1,"","","","","","","","","","","","","","","","","","","","","","","","",5000,1,"","",0,1,"","","","","","","","","","","","",2,1,0,1,"","","","","","","","","","","","","","","","","","","","","","","","","","","","","","","","","","","","","","","","","","","","","","","","","","","",""
"83069002","PORQUEROLLES",43.,6.226833,135,1981030306,"","","","",4.,1,280,1,"","","","","","","","","","","","","","","","","","","","","","","","","","","","",9.,1,9.,1,"","","","","","","","","","","","","","","","","","","","","","","","","","",100,1,"","","","","","","","","","","","",11.5,1,1007.4,1,"","","","","","",8,1,8,1,0,1,7,1,"","","","","","","","","","","","","","","","","","","","","","","","","","",5000,1,"","",3,1,1,1,"","",0,1,"","","","","","",2,1,0,1,"","","","","","","","","","","","","","","","","","","","","","","","","","","","","","","","","","","","","","","","","","","","","","","","","","","",""
"83069002","PORQUEROLLES",43.,6.226833,135,1981030309,"","","","",2.,1,220,1,"","","","","","","","","","","","","","","","","","","","","","","","","","","","",10.6,1,10.6,1,"","","","","","","","","","","","","","","","","","","","","","","","","","",100,1,"","","","","","","","","","","","",12.8,1,1006.1,1,"","","","","","",8,1,8,1,6,1,"","","","","","","","","","","","","","","","","","","","","","","","","","","","",3000,1,"","",10,1,2,1,"","","","","","","","","","",2,1,0,1,"","","","","","","","","","","","","","","","","","","","","","","","","","","","","","","","","","","","","","","","","","","","","","","","","","","",""
"83069002","PORQUEROLLES",43.,6.226833,135,1981030312,"","","","",7.,1,240,1,"","","","","","","","","","","","","","","","","","","","","","","","","","","","",12.,1,7.5,1,"","","","","","","","","","","","","","","","","","","","","","","","","","",74,1,"","","","","","","","","","","","",10.5,1,1003.5,1,"","","","","","",8,1,8,1,6,1,"","","","","","","","","","","","","","","","","","","","","","","","","","","","",6000,1,"","",2,1,2,1,"","","","","","","","","","",2,1,0,1,"","","","","","","","","","","","","","","","","","","","","","","","","","","","","","","","","","","","","","","","","","","","","","","","","","","",""
"83069002","PORQUEROLLES",43.,6.226833,135,1981030315,"","","","",8.,1,260,1,"","","","","","","","","","","","","","","","","","","","","","","","","","","","",12.,1,8.4,1,"","","","","","","","","","","","","","","","","","","","","","","","","","",80,1,"","","","","","","","","","","","",11.2,1,1001.9,1,"","","","","","",6,1,6,1,2,1,7,1,0,1,"","","","","","","","","","","","","","","","","","","","","","","","",8000,1,"","",1,1,2,1,"","","","","","","","","","",4,1,270,1,"","","","","","","","","","","","","","","","","","","","","","","","","","","","","","","","","","","","","","","","","","","","","","","","","","","",""
"83069002","PORQUEROLLES",43.,6.226833,135,1981030318,"","","","",13.,1,260,1,"","","","","","","","","","","","","","","","","","","","","","","","","","","","",10.4,1,8.9,1,"","","","","","","","","","","","","","","","","","","","","","","","","","",92,1,"","","","","","","","","","","","",11.6,1,1001.8,1,"","","","","","",3,1,0,1,2,1,4,1,0,1,"","","","","","","","","","","","","","","","","","","","","","","","",12000,1,"","",1,1,1,1,"","","","","","","","","","",4,1,270,1,"","","","","","","","","","","","","","","","","","","","","","","","","","","","","","","","","","","","","","","","","","","","","","","","","","","",""
"83069002","PORQUEROLLES",43.,6.226833,135,1981030321,"","","","",12.,1,280,1,"","","","","","","","","","","","","","","","","","","","","","","","","","","","",9.5,1,6.1,1,"","","","","","","","","","","","","","","","","","","","","","","","","","",80,1,"","","","","","","","","","","","",9.5,1,1003.3,1,"","","","","","",0,1,"","",0,1,0,1,0,1,"","","","","","","","","","","","","","","","","","","","","","","","",30000,1,"","",1,1,0,1,"","","","","","","","","","",4,1,270,1,"","","","","","","","","","","","","","","","","","","","","","","","","","","","","","","","","","","","","","","","","","","","","","","","","","","",""
"83069002","PORQUEROLLES",43.,6.226833,135,1981030400,"","","","",11.,1,280,1,"","","","","","","","","","","","","","","","","","","","","","","","","","","","",8.7,1,4.3,1,"","","","","","","","","","","","","","","","","","","","","","","","","","",75,1,"","","","","","","","","","","","",8.4,1,1002.7,1,"","","","","","","","","","","","","","","","","","","","","","","","","","","","","","","","","","","","","","","","","","","","","","","","","","","","","","","","","","","","","","","","","","","","","","","","","","","","","","","","","","","","","","","","","","","","","","","","","","","","","","","","","","","","","","","","","",""
"83069002","PORQUEROLLES",43.,6.226833,135,1981030403,"","","","",12.,1,280,1,"","","","","","","","","","","","","","","","","","","","","","","","","","","","",8.,1,5.6,1,"","","","","","","","","","","","","","","","","","","","","","","","","","",86,1,"","","","","","","","","","","","",9.2,1,1001.4,1,"","","","","","",0,1,"","",0,1,0,1,0,1,"","","","","","","","","","","","","","","","","","","","","","","","",30000,1,"","",0,1,"","","","","","","","","","","","",4,1,270,1,"","","","","","","","","","","","","","","","","","","","","","","","","","","","","","","","","","","","","","","","","","","","","","","","","","","",""
"83069002","PORQUEROLLES",43.,6.226833,135,1981030406,"","","","",14.,1,280,1,"","","","","","","","","","","","","","","","","","","","","","","","","","","","",8.,1,4.5,1,"","","","","","","","","","","","","","","","","","","","","","","","","","",79,1,"","","","","","","","","","","","",8.5,1,1002.3,1,"","","","","","",1,1,0,1,2,1,0,1,0,1,"","","","","","","","","","","","","","","","","","","","","","","","",25000,1,"","",3,1,0,1,"","",0,1,"","","","","","",4,1,270,1,"","","","","","","","","","","","","","","","","","","","","","","","","","","","","","","","","","","","","","","","","","","","","","","","","","","",""
"83069002","PORQUEROLLES",43.,6.226833,135,1981030409,"","","","",10.,1,280,1,"","","","","","","","","","","","","","","","","","","","","","","","","","","","",9.5,1,4.6,1,"","","","","","","","","","","","","","","","","","","","","","","","","","",72,1,"","","","","","","","","","","","",8.6,1,1004.1,1,"","","","","","",1,1,0,1,1,1,0,1,0,1,"","","","","","","","","","","","","","","","","","","","","","","","",30000,1,"","",2,1,0,1,"","","","","","","","","","",4,1,270,1,"","","","","","","","","","","","","","","","","","","","","","","","","","","","","","","","","","","","","","","","","","","","","","","","","","","",""
"83069002","PORQUEROLLES",43.,6.226833,135,1981030412,"","","","",7.,1,280,1,"","","","","","","","","","","","","","","","","","","","","","","","","","","","",13.8,1,5.7,1,"","","","","","","","","","","","","","","","","","","","","","","","","","",59,1,"","","","","","","","","","","","",9.3,1,1005.1,1,"","","","","","",1,1,0,1,1,1,0,1,0,1,"","","","","","","","","","","","","","","","","","","","","","","","",30000,1,"","",2,1,0,1,"","","","","","","","","","",4,1,270,1,"","","","","","","","","","","","","","","","","","","","","","","","","","","","","","","","","","","","","","","","","","","","","","","","","","","",""
"83069002","PORQUEROLLES",43.,6.226833,135,1981030415,"","","","",10.,1,280,1,"","","","","","","","","","","","","","","","","","","","","","","","","","","","",15.,1,6.7,1,"","","","","","","","","","","","","","","","","","","","","","","","","","",58,1,"","","","","","","","","","","","",10.,1,1005.9,1,"","","","","","",1,1,0,1,2,1,0,1,0,1,"","","","","","","","","","","","","","","","","","","","","","","","",30000,1,"","",2,1,0,1,"","","","","","","","","","",4,1,270,1,"","","","","","","","","","","","","","","","","","","","","","","","","","","","","","","","","","","","","","","","","","","","","","","","","","","",""
"83069002","PORQUEROLLES",43.,6.226833,135,1981030418,"","","","",9.,1,280,1,"","","","","","","","","","","","","","","","","","","","","","","","","","","","",11.6,1,5.4,1,"","","","","","","","","","","","","","","","","","","","","","","","","","",67,1,"","","","","","","","","","","","",9.1,1,1007.7,1,"","","","","","",0,1,"","",0,1,0,1,0,1,"","","","","","","","","","","","","","","","","","","","","","","","",25000,1,"","",1,1,0,1,"","","","","","","","","","",3,1,270,1,"","","","","","","","","","","","","","","","","","","","","","","","","","","","","","","","","","","","","","","","","","","","","","","","","","","",""
"83069002","PORQUEROLLES",43.,6.226833,135,1981030421,"","","","",4.,1,300,1,"","","","","","","","","","","","","","","","","","","","","","","","","","","","",9.5,1,3.1,1,"","","","","","","","","","","","","","","","","","","","","","","","","","",65,1,"","","","","","","","","","","","",7.7,1,1009.9,1,"","","","","","",0,1,"","",0,1,0,1,0,1,"","","","","","","","","","","","","","","","","","","","","","","","",25000,1,"","",2,1,0,1,"","","","","","","","","","",3,1,270,1,"","","","","","","","","","","","","","","","","","","","","","","","","","","","","","","","","","","","","","","","","","","","","","","","","","","",""
"83069002","PORQUEROLLES",43.,6.226833,135,1981030500,"","","","",4.,1,300,1,"","","","","","","","","","","","","","","","","","","","","","","","","","","","",7.7,1,2.,1,"","","","","","","","","","","","","","","","","","","","","","","","","","",68,1,"","","","","","","","","","","","",7.1,1,1010.6,1,"","","","","","","","","","","","","","","","","","","","","","","","","","","","","","","","","","","","","","","","","","","","","","","","","","","","","","","","","","","","","","","","","","","","","","","","","","","","","","","","","","","","","","","","","","","","","","","","","","","","","","","","","","","","","","","","","",""
"83069002","PORQUEROLLES",43.,6.226833,135,1981030503,"","","","",4.,1,300,1,"","","","","","","","","","","","","","","","","","","","","","","","","","","","",7.,1,1.4,1,"","","","","","","","","","","","","","","","","","","","","","","","","","",68,1,"","","","","","","","","","","","",6.8,1,1011.8,1,"","","","","","",0,1,"","",0,1,0,1,0,1,"","","","","","","","","","","","","","","","","","","","","","","","",25000,1,"","",0,1,"","","","","","","","","","","","",2,1,270,1,"","","","","","","","","","","","","","","","","","","","","","","","","","","","","","","","","","","","","","","","","","","","","","","","","","","",""
"83069002","PORQUEROLLES",43.,6.226833,135,1981030506,"","","","",6.,1,280,1,"","","","","","","","","","","","","","","","","","","","","","","","","","","","",5.7,1,3.4,1,"","","","","","","","","","","","","","","","","","","","","","","","","","",86,1,"","","","","","","","","","","","",7.9,1,1013.2,1,"","","","","","",0,1,"","",0,1,0,1,0,1,"","","","","","","","","","","","","","","","","","","","","","","","",18000,1,"","",2,1,0,1,"","",0,1,"","","","","","",2,1,270,1,"","","","","","","","","","","","","","","","","","","","","","","","","","","","","","","","","","","","","","","","","","","","","","","","","","","",""
"83069002","PORQUEROLLES",43.,6.226833,135,1981030509,"","","","",4.,1,280,1,"","","","","","","","","","","","","","","","","","","","","","","","","","","","",9.5,1,3.1,1,"","","","","","","","","","","","","","","","","","","","","","","","","","",65,1,"","","","","","","","","","","","",7.7,1,1015.3,1,"","","","","","",0,1,"","",0,1,0,1,0,1,"","","","","","","","","","","","","","","","","","","","","","","","",28000,1,"","",2,1,0,1,"","","","","","","","","","",2,1,270,1,"","","","","","","","","","","","","","","","","","","","","","","","","","","","","","","","","","","","","","","","","","","","","","","","","","","",""
"83069002","PORQUEROLLES",43.,6.226833,135,1981030512,"","","","",9.,1,260,1,"","","","","","","","","","","","","","","","","","","","","","","","","","","","",13.4,1,4.5,1,"","","","","","","","","","","","","","","","","","","","","","","","","","",55,1,"","","","","","","","","","","","",8.5,1,1015.8,1,"","","","","","",0,1,"","",0,1,0,1,0,1,"","","","","","","","","","","","","","","","","","","","","","","","",28000,1,"","",2,1,0,1,"","","","","","","","","","",3,1,270,1,"","","","","","","","","","","","","","","","","","","","","","","","","","","","","","","","","","","","","","","","","","","","","","","","","","","",""
"83069002","PORQUEROLLES",43.,6.226833,135,1981030515,"","","","",7.,1,240,1,"","","","","","","","","","","","","","","","","","","","","","","","","","","","",13.,1,6.6,1,"","","","","","","","","","","","","","","","","","","","","","","","","","",66,1,"","","","","","","","","","","","",9.9,1,1016.1,1,"","","","","","",0,1,"","",0,1,0,1,0,1,"","","","","","","","","","","","","","","","","","","","","","","","",20000,1,"","",2,1,0,1,"","","","","","","","","","",3,1,270,1,"","","","","","","","","","","","","","","","","","","","","","","","","","","","","","","","","","","","","","","","","","","","","","","","","","","",""
"83069002","PORQUEROLLES",43.,6.226833,135,1981030518,"","","","",4.,1,240,1,"","","","","","","","","","","","","","","","","","","","","","","","","","","","",9.1,1,6.6,1,"","","","","","","","","","","","","","","","","","","","","","","","","","",85,1,"","","","","","","","","","","","",9.9,1,1016.,1,"","","","","","",1,1,0,1,2,1,0,1,0,1,"","","","","","","","","","","","","","","","","","","","","","","","",12000,1,"","",3,1,0,1,"","","","","","","","","","",2,1,0,1,"","","","","","","","","","","","","","","","","","","","","","","","","","","","","","","","","","","","","","","","","","","","","","","","","","","",""
"83069002","PORQUEROLLES",43.,6.226833,135,1981030521,"","","","",0.,1,0,1,"","","","","","","","","","","","","","","","","","","","","","","","","","","","",10.,1,9.1,1,"","","","","","","","","","","","","","","","","","","","","","","","","","",96,1,"","","","","","","","","","","","",11.8,1,1016.,1,"","","","","","",1,1,0,1,2,1,0,1,0,1,"","","","","","","","","","","","","","","","","","","","","","","","",12000,1,"","",2,1,0,1,"","","","","","","","","","",2,1,0,1,"","","","","","","","","","","","","","","","","","","","","","","","","","","","","","","","","","","","","","","","","","","","","","","","","","","",""
"83069002","PORQUEROLLES",43.,6.226833,135,1981030600,"","","","",5.,1,240,1,"","","","","","","","","","","","","","","","","","","","","","","","","","","","",10.3,1,9.2,1,"","","","","","","","","","","","","","","","","","","","","","","","","","",95,1,"","","","","","","","","","","","",11.9,1,1017.7,1,"","","","","","","","","","","","","","","","","","","","","","","","","","","","","","","","","","","","","","","","","","","","","","","","","","","","","","","","","","","","","","","","","","","","","","","","","","","","","","","","","","","","","","","","","","","","","","","","","","","","","","","","","","","","","","","","","",""
"83069002","PORQUEROLLES",43.,6.226833,135,1981030603,"","","","",4.,1,240,1,"","","","","","","","","","","","","","","","","","","","","","","","","","","","",10.7,1,9.9,1,"","","","","","","","","","","","","","","","","","","","","","","","","","",97,1,"","","","","","","","","","","","",12.5,1,1017.4,1,"","","","","","",3,1,0,1,2,1,0,1,0,1,"","","","","","","","","","","","","","","","","","","","","","","","",14000,1,"","",0,1,"","","","","","","","","","","","",2,1,0,1,"","","","","","","","","","","","","","","","","","","","","","","","","","","","","","","","","","","","","","","","","","","","","","","","","","","",""
"83069002","PORQUEROLLES",43.,6.226833,135,1981030606,"","","","",5.,1,240,1,"","","","","","","","","","","","","","","","","","","","","","","","","","","","",10.,1,10.,1,"","","","","","","","","","","","","","","","","","","","","","","","","","",100,1,"","","","","","","","","","","","",12.3,1,1017.5,1,"","","","","","",8,1,8,1,7,1,"","","","","","","","","","","","","","","","","","","","","","","","","","","","",5000,1,"","",61,1,6,1,"","",0,1,"","","","","","",2,1,0,1,"","","","","","","","","","","","","","","","","","","","","","","","","","","","","","","","","","","","","","","","","","","","","","","","","","","",""
"83069002","PORQUEROLLES",43.,6.226833,135,1981030609,"","","","",5.,1,180,1,"","","","","","","","","","","","","","","","","","","","","","","","","","","","",10.1,1,10.1,1,"","","","","","","","","","","","","","","","","","","","","","","","","","",100,1,"","","","","","","","","","","","",12.4,1,1018.7,1,"","","","","","",8,1,8,1,7,1,"","","","","","","","","","","","","","","","","","","","","","","","","","","","",3000,1,"","",63,1,6,1,"","","","","","","","","","",2,1,0,1,"","","","","","","","","","","","","","","","","","","","","","","","","","","","","","","","","","","","","","","","","","","","","","","","","","","",""
"83069002","PORQUEROLLES",43.,6.226833,135,1981030612,"","","","",7.,1,200,1,"","","","","","","","","","","","","","","","","","","","","","","","","","","","",11.,1,11.,1,"","","","","","","","","","","","","","","","","","","","","","","","","","",100,1,"","","","","","","","","","","","",13.1,1,1018.1,1,"","","","","","",8,1,8,1,"","","","","","","","","","","","","","","","","","","","","","","","","","","","","","",100,1,"","",61,1,4,1,"","","","","","","","","","","","","","","","","","","","","","","","","","","","","","","","","","","","","","","","","","","","","","","","","","","","","","","","","","","","","","","","","",""
"83069002","PORQUEROLLES",43.,6.226833,135,1981030615,"","","","",6.,1,220,1,"","","","","","","","","","","","","","","","","","","","","","","","","","","","",11.,1,11.,1,"","","","","","","","","","","","","","","","","","","","","","","","","","",100,1,"","","","","","","","","","","","",13.1,1,1017.2,1,"","","","","","",8,1,8,1,7,1,"","","","","","","","","","","","","","","","","","","","","","","","","","","","",4000,1,"","",28,1,6,1,"","","","","","","","","","",2,1,0,1,"","","","","","","","","","","","","","","","","","","","","","","","","","","","","","","","","","","","","","","","","","","","","","","","","","","",""
"83069002","PORQUEROLLES",43.,6.226833,135,1981030618,"","","","",3.,1,260,1,"","","","","","","","","","","","","","","","","","","","","","","","","","","","",10.6,1,9.8,1,"","","","","","","","","","","","","","","","","","","","","","","","","","",98,1,"","","","","","","","","","","","",12.4,1,1017.9,1,"","","","","","",8,1,8,1,7,1,"","","","","","","","","","","","","","","","","","","","","","","","","","","","",4000,1,"","",10,1,6,1,"","","","","","","","","","",2,1,0,1,"","","","","","","","","","","","","","","","","","","","","","","","","","","","","","","","","","","","","","","","","","","","","","","","","","","",""
"83069002","PORQUEROLLES",43.,6.226833,135,1981030621,"","","","",1.,1,360,1,"","","","","","","","","","","","","","","","","","","","","","","","","","","","",10.5,1,10.5,1,"","","","","","","","","","","","","","","","","","","","","","","","","","",100,1,"","","","","","","","","","","","",12.7,1,1019.8,1,"","","","","","",9,1,"","","","","","","","","","","","","","","","","","","","","","","","","","","","","","","","",100,1,"","",47,1,2,1,"","","","","","","","","","","","","","","","","","","","","","","","","","","","","","","","","","","","","","","","","","","","","","","","","","","","","","","","","","","","","","","","","",""
"83069002","PORQUEROLLES",43.,6.226833,135,1981030700,"","","","",2.,1,320,1,"","","","","","","","","","","","","","","","","","","","","","","","","","","","",9.8,1,9.8,1,"","","","","","","","","","","","","","","","","","","","","","","","","","",99,1,"","","","","","","","","","","","",12.,1,1019.9,1,"","","","","","","","","","","","","","","","","","","","","","","","","","","","","","","","","","","","","","","","","","","","","","","","","","","","","","","","","","","","","","","","","","","","","","","","","","","","","","","","","","","","","","","","","","","","","","","","","","","","","","","","","","","","","","","","","",""
"83069002","PORQUEROLLES",43.,6.226833,135,1981030703,"","","","",2.,1,320,1,"","","","","","","","","","","","","","","","","","","","","","","","","","","","",9.,1,7.7,1,"","","","","","","","","","","","","","","","","","","","","","","","","","",94,1,"","","","","","","","","","","","",10.7,1,1020.2,1,"","","","","","",0,1,"","",0,1,0,1,0,1,"","","","","","","","","","","","","","","","","","","","","","","","",20000,1,"","",0,1,"","","","","","","","","","","","",2,1,0,1,"","","","","","","","","","","","","","","","","","","","","","","","","","","","","","","","","","","","","","","","","","","","","","","","","","","",""
"83069002","PORQUEROLLES",43.,6.226833,135,1981030706,"","","","",5.,1,40,1,"","","","","","","","","","","","","","","","","","","","","","","","","","","","",8.,1,6.9,1,"","","","","","","","","","","","","","","","","","","","","","","","","","",94,1,"","","","","","","","","","","","",10.1,1,1022.,1,"","","","","","",2,1,0,1,2,1,0,1,0,1,"","","","","","","","","","","","","","","","","","","","","","","","",12000,1,"","",3,1,0,1,"","",0,1,"","","","","","",2,1,0,1,"","","","","","","","","","","","","","","","","","","","","","","","","","","","","","","","","","","","","","","","","","","","","","","","","","","",""
"83069002","PORQUEROLLES",43.,6.226833,135,1981030709,"","","","",8.,1,40,1,"","","","","","","","","","","","","","","","","","","","","","","","","","","","",10.7,1,9.,1,"","","","","","","","","","","","","","","","","","","","","","","","","","",91,1,"","","","","","","","","","","","",11.7,1,1024.3,1,"","","","","","",3,1,0,1,2,1,0,1,0,1,"","","","","","","","","","","","","","","","","","","","","","","","",12000,1,"","",3,1,0,1,"","","","","","","","","","",3,1,50,1,"","","","","","","","","","","","","","","","","","","","","","","","","","","","","","","","","","","","","","","","","","","","","","","","","","","",""
"83069002","PORQUEROLLES",43.,6.226833,135,1981030712,"","","","",10.,1,40,1,"","","","","","","","","","","","","","","","","","","","","","","","","","","","",15.,1,10.9,1,"","","","","","","","","","","","","","","","","","","","","","","","","","",78,1,"","","","","","","","","","","","",13.4,1,1024.4,1,"","","","","","",6,1,0,1,2,1,0,1,2,1,"","","","","","","","","","","","","","","","","","","","","","","","",10000,1,"","",3,1,1,1,"","","","","","","","","","",3,1,50,1,"","","","","","","","","","","","","","","","","","","","","","","","","","","","","","","","","","","","","","","","","","","","","","","","","","","",""
"83069002","PORQUEROLLES",43.,6.226833,135,1981030715,"","","","",7.,1,40,1,"","","","","","","","","","","","","","","","","","","","","","","","","","","","",15.4,1,11.7,1,"","","","","","","","","","","","","","","","","","","","","","","","","","",81,1,"","","","","","","","","","","","",14.1,1,1024.9,1,"","","","","","",6,1,6,1,2,1,0,1,2,1,"","","","","","","","","","","","","","","","","","","","","","","","",18000,1,"","",2,1,2,1,"","","","","","","","","","",3,1,50,1,"","","","","","","","","","","","","","","","","","","","","","","","","","","","","","","","","","","","","","","","","","","","","","","","","","","",""
"83069002","PORQUEROLLES",43.,6.226833,135,1981030718,"","","","",5.,1,60,1,"","","","","","","","","","","","","","","","","","","","","","","","","","","","",9.8,1,9.1,1,"","","","","","","","","","","","","","","","","","","","","","","","","","",98,1,"","","","","","","","","","","","",11.8,1,1026.1,1,"","","","","","",5,1,5,1,0,1,0,1,2,1,"","","","","","","","","","","","","","","","","","","","","","","","",15000,1,"","",1,1,2,1,"","","","","","","","","","",3,1,90,1,"","","","","","","","","","","","","","","","","","","","","","","","","","","","","","","","","","","","","","","","","","","","","","","","","","","",""
"83069002","PORQUEROLLES",43.,6.226833,135,1981030721,"","","","",4.,1,60,1,"","","","","","","","","","","","","","","","","","","","","","","","","","","","",9.6,1,9.6,1,"","","","","","","","","","","","","","","","","","","","","","","","","","",100,1,"","","","","","","","","","","","",11.9,1,1027.1,1,"","","","","","",3,1,0,1,0,1,0,1,2,1,"","","","","","","","","","","","","","","","","","","","","","","","",15000,1,"","",1,1,1,1,"","","","","","","","","","",2,1,90,1,"","","","","","","","","","","","","","","","","","","","","","","","","","","","","","","","","","","","","","","","","","","","","","","","","","","",""
"83069002","PORQUEROLLES",43.,6.226833,135,1981030800,"","","","",4.,1,60,1,"","","","","","","","","","","","","","","","","","","","","","","","","","","","",9.4,1,9.4,1,"","","","","","","","","","","","","","","","","","","","","","","","","","",100,1,"","","","","","","","","","","","",11.8,1,1027.5,1,"","","","","","","","","","","","","","","","","","","","","","","","","","","","","","","","","","","","","","","","","","","","","","","","","","","","","","","","","","","","","","","","","","","","","","","","","","","","","","","","","","","","","","","","","","","","","","","","","","","","","","","","","","","","","","","","","",""
"83069002","PORQUEROLLES",43.,6.226833,135,1981030803,"","","","",5.,1,60,1,"","","","","","","","","","","","","","","","","","","","","","","","","","","","",10.,1,10.,1,"","","","","","","","","","","","","","","","","","","","","","","","","","",100,1,"","","","","","","","","","","","",12.3,1,1027.,1,"","","","","","",7,1,7,1,6,1,"","","","","","","","","","","","","","","","","","","","","","","","","","","","",10000,1,"","",0,1,"","","","","","","","","","","","",2,1,90,1,"","","","","","","","","","","","","","","","","","","","","","","","","","","","","","","","","","","","","","","","","","","","","","","","","","","",""
"83069002","PORQUEROLLES",43.,6.226833,135,1981030806,"","","","",4.,1,60,1,"","","","","","","","","","","","","","","","","","","","","","","","","","","","",10.,1,9.2,1,"","","","","","","","","","","","","","","","","","","","","","","","","","",98,1,"","","","","","","","","","","","",11.9,1,1026.4,1,"","","","","","",7,1,7,1,5,1,"","","","","","","","","","","","","","","","","","","","","","","","","","","","",10000,1,"","",2,1,2,1,"","",0,1,"","","","","","",2,1,90,1,"","","","","","","","","","","","","","","","","","","","","","","","","","","","","","","","","","","","","","","","","","","","","","","","","","","",""
"83069002","PORQUEROLLES",43.,6.226833,135,1981030809,"","","","",4.,1,80,1,"","","","","","","","","","","","","","","","","","","","","","","","","","","","",11.2,1,10.1,1,"","","","","","","","","","","","","","","","","","","","","","","","","","",95,1,"","","","","","","","","","","","",12.6,1,1026.7,1,"","","","","","",8,1,7,1,6,1,"","","","","","","","","","","","","","","","","","","","","","","","","","","","",6000,1,"","",2,1,2,1,"","","","","","","","","","",2,1,0,1,"","","","","","","","","","","","","","","","","","","","","","","","","","","","","","","","","","","","","","","","","","","","","","","","","","","",""
"83069002","PORQUEROLLES",43.,6.226833,135,1981030812,"","","","",4.,1,160,1,"","","","","","","","","","","","","","","","","","","","","","","","","","","","",12.7,1,10.6,1,"","","","","","","","","","","","","","","","","","","","","","","","","","",89,1,"","","","","","","","","","","","",13.1,1,1026.7,1,"","","","","","",8,1,7,1,6,1,"","","","","","","","","","","","","","","","","","","","","","","","","","","","",6000,1,"","",2,1,2,1,"","","","","","","","","","",2,1,0,1,"","","","","","","","","","","","","","","","","","","","","","","","","","","","","","","","","","","","","","","","","","","","","","","","","","","",""
"83069002","PORQUEROLLES",43.,6.226833,135,1981030815,"","","","",2.,1,180,1,"","","","","","","","","","","","","","","","","","","","","","","","","","","","",13.,1,10.7,1,"","","","","","","","","","","","","","","","","","","","","","","","","","",88,1,"","","","","","","","","","","","",13.2,1,1025.3,1,"","","","","","",8,1,7,1,6,1,"","","","","","","","","","","","","","","","","","","","","","","","","","","","",6000,1,"","",2,1,2,1,"","","","","","","","","","",2,1,0,1,"","","","","","","","","","","","","","","","","","","","","","","","","","","","","","","","","","","","","","","","","","","","","","","","","","","",""
"83069002","PORQUEROLLES",43.,6.226833,135,1981030818,"","","","",0.,1,0,1,"","","","","","","","","","","","","","","","","","","","","","","","","","","","",11.1,1,11.1,1,"","","","","","","","","","","","","","","","","","","","","","","","","","",99,1,"","","","","","","","","","","","",13.,1,1025.3,1,"","","","","","",8,1,8,1,0,1,7,1,"","","","","","","","","","","","","","","","","","","","","","","","","","",5000,1,"","",2,1,2,1,"","","","","","","","","","",2,1,0,1,"","","","","","","","","","","","","","","","","","","","","","","","","","","","","","","","","","","","","","","","","","","","","","","","","","","",""
"83069002","PORQUEROLLES",43.,6.226833,135,1981030821,"","","","",0.,1,0,1,"","","","","","","","","","","","","","","","","","","","","","","","","","","","",11.,1,11.,1,"","","","","","","","","","","","","","","","","","","","","","","","","","",100,1,"","","","","","","","","","","","",13.1,1,1025.3,1,"","","","","","",6,1,6,1,0,1,7,1,0,1,"","","","","","","","","","","","","","","","","","","","","","","","",8000,1,"","",1,1,2,1,"","","","","","","","","","",2,1,0,1,"","","","","","","","","","","","","","","","","","","","","","","","","","","","","","","","","","","","","","","","","","","","","","","","","","","",""
"83069002","PORQUEROLLES",43.,6.226833,135,1981030900,"","","","",6.,1,280,1,"","","","","","","","","","","","","","","","","","","","","","","","","","","","",10.8,1,10.8,1,"","","","","","","","","","","","","","","","","","","","","","","","","","",100,1,"","","","","","","","","","","","",12.9,1,1024.9,1,"","","","","","","","","","","","","","","","","","","","","","","","","","","","","","","","","","","","","","","","","","","","","","","","","","","","","","","","","","","","","","","","","","","","","","","","","","","","","","","","","","","","","","","","","","","","","","","","","","","","","","","","","","","","","","","","","",""
"83069002","PORQUEROLLES",43.,6.226833,135,1981030903,"","","","",4.,1,280,1,"","","","","","","","","","","","","","","","","","","","","","","","","","","","",10.5,1,9.2,1,"","","","","","","","","","","","","","","","","","","","","","","","","","",93,1,"","","","","","","","","","","","",11.9,1,1023.4,1,"","","","","","",0,1,"","",0,1,0,1,0,1,"","","","","","","","","","","","","","","","","","","","","","","","",16000,1,"","",0,1,"","","","","","","","","","","","",2,1,0,1,"","","","","","","","","","","","","","","","","","","","","","","","","","","","","","","","","","","","","","","","","","","","","","","","","","","",""
"83069002","PORQUEROLLES",43.,6.226833,135,1981030906,"","","","",0.,1,0,1,"","","","","","","","","","","","","","","","","","","","","","","","","","","","",10.3,1,7.3,1,"","","","","","","","","","","","","","","","","","","","","","","","","","",83,1,"","","","","","","","","","","","",10.4,1,1023.4,1,"","","","","","",5,1,5,1,0,1,7,1,0,1,"","","","","","","","","","","","","","","","","","","","","","","","",8000,1,"","",3,1,1,1,"","",0,1,"","","","","","",2,1,0,1,"","","","","","","","","","","","","","","","","","","","","","","","","","","","","","","","","","","","","","","","","","","","","","","","","","","",""
"83069002","PORQUEROLLES",43.,6.226833,135,1981030909,"","","","",3.,1,40,1,"","","","","","","","","","","","","","","","","","","","","","","","","","","","",13.1,1,10.8,1,"","","","","","","","","","","","","","","","","","","","","","","","","","",88,1,"","","","","","","","","","","","",13.3,1,1025.,1,"","","","","","",5,1,5,1,0,1,7,1,0,1,"","","","","","","","","","","","","","","","","","","","","","","","",8000,1,"","",2,1,2,1,"","","","","","","","","","",2,1,0,1,"","","","","","","","","","","","","","","","","","","","","","","","","","","","","","","","","","","","","","","","","","","","","","","","","","","",""
"83069002","PORQUEROLLES",43.,6.226833,135,1981030912,"","","","",2.,1,160,1,"","","","","","","","","","","","","","","","","","","","","","","","","","","","",15.5,1,12.9,1,"","","","","","","","","","","","","","","","","","","","","","","","","","",87,1,"","","","","","","","","","","","",15.3,1,1024.9,1,"","","","","","",4,1,0,1,0,1,0,1,2,1,"","","","","","","","","","","","","","","","","","","","","","","","",8000,1,"","",1,1,1,1,"","","","","","","","","","",2,1,0,1,"","","","","","","","","","","","","","","","","","","","","","","","","","","","","","","","","","","","","","","","","","","","","","","","","","","",""
"83069002","PORQUEROLLES",43.,6.226833,135,1981030915,"","","","",1.,1,180,1,"","","","","","","","","","","","","","","","","","","","","","","","","","","","",14.7,1,11.8,1,"","","","","","","","","","","","","","","","","","","","","","","","","","",85,1,"","","","","","","","","","","","",14.2,1,1024.1,1,"","","","","","",3,1,0,1,0,1,0,1,2,1,"","","","","","","","","","","","","","","","","","","","","","","","",8000,1,"","",2,1,0,1,"","","","","","","","","","",2,1,0,1,"","","","","","","","","","","","","","","","","","","","","","","","","","","","","","","","","","","","","","","","","","","","","","","","","","","",""
"83069002","PORQUEROLLES",43.,6.226833,135,1981030918,"","","","",0.,1,0,1,"","","","","","","","","","","","","","","","","","","","","","","","","","","","",11.,1,9.7,1,"","","","","","","","","","","","","","","","","","","","","","","","","","",93,1,"","","","","","","","","","","","",12.3,1,1025.1,1,"","","","","","",2,1,0,1,0,1,0,1,2,1,"","","","","","","","","","","","","","","","","","","","","","","","",3000,1,"","",10,1,0,1,"","","","","","","","","","",2,1,0,1,"","","","","","","","","","","","","","","","","","","","","","","","","","","","","","","","","","","","","","","","","","","","","","","","","","","",""
"83069002","PORQUEROLLES",43.,6.226833,135,1981030921,"","","","",0.,1,0,1,"","","","","","","","","","","","","","","","","","","","","","","","","","","","",10.2,1,10.2,1,"","","","","","","","","","","","","","","","","","","","","","","","","","",100,1,"","","","","","","","","","","","",12.4,1,1025.6,1,"","","","","","",8,1,8,1,7,1,"","","","","","","","","","","","","","","","","","","","","","","","","","","","",3000,1,"","",10,1,1,1,"","","","","","","","","","",2,1,0,1,"","","","","","","","","","","","","","","","","","","","","","","","","","","","","","","","","","","","","","","","","","","","","","","","","","","",""
"83069002","PORQUEROLLES",43.,6.226833,135,1981031000,"","","","",4.,1,260,1,"","","","","","","","","","","","","","","","","","","","","","","","","","","","",10.2,1,10.2,1,"","","","","","","","","","","","","","","","","","","","","","","","","","",100,1,"","","","","","","","","","","","",12.4,1,1025.7,1,"","","","","","","","","","","","","","","","","","","","","","","","","","","","","","","","","","","","","","","","","","","","","","","","","","","","","","","","","","","","","","","","","","","","","","","","","","","","","","","","","","","","","","","","","","","","","","","","","","","","","","","","","","","","","","","","","",""
"83069002","PORQUEROLLES",43.,6.226833,135,1981031003,"","","","",5.,1,280,1,"","","","","","","","","","","","","","","","","","","","","","","","","","","","",10.1,1,10.1,1,"","","","","","","","","","","","","","","","","","","","","","","","","","",100,1,"","","","","","","","","","","","",12.4,1,1023.9,1,"","","","","","",8,1,8,1,7,1,"","","","","","","","","","","","","","","","","","","","","","","","","","","","",3000,1,"","",10,1,"","","","","","","","","","","","",2,1,0,1,"","","","","","","","","","","","","","","","","","","","","","","","","","","","","","","","","","","","","","","","","","","","","","","","","","","",""
"83069002","PORQUEROLLES",43.,6.226833,135,1981031006,"","","","",5.,1,280,1,"","","","","","","","","","","","","","","","","","","","","","","","","","","","",10.,1,10.,1,"","","","","","","","","","","","","","","","","","","","","","","","","","",100,1,"","","","","","","","","","","","",12.3,1,1023.2,1,"","","","","","",8,1,8,1,7,1,"","","","","","","","","","","","","","","","","","","","","","","","","","","","",500,1,"","",44,1,2,1,"","",0,1,"","","","","","",2,1,0,1,"","","","","","","","","","","","","","","","","","","","","","","","","","","","","","","","","","","","","","","","","","","","","","","","","","","",""
"83069002","PORQUEROLLES",43.,6.226833,135,1981031009,"","","","",5.,1,260,1,"","","","","","","","","","","","","","","","","","","","","","","","","","","","",10.6,1,10.6,1,"","","","","","","","","","","","","","","","","","","","","","","","","","",100,1,"","","","","","","","","","","","",12.8,1,1023.,1,"","","","","","",8,1,8,1,6,1,"","","","","","","","","","","","","","","","","","","","","","","","","","","","",2000,1,"","",10,1,4,1,"","","","","","","","","","",2,1,0,1,"","","","","","","","","","","","","","","","","","","","","","","","","","","","","","","","","","","","","","","","","","","","","","","","","","","",""
"83069002","PORQUEROLLES",43.,6.226833,135,1981031012,"","","","",5.,1,260,1,"","","","","","","","","","","","","","","","","","","","","","","","","","","","",11.3,1,10.4,1,"","","","","","","","","","","","","","","","","","","","","","","","","","",96,1,"","","","","","","","","","","","",12.9,1,1023.,1,"","","","","","",8,1,8,1,6,1,"","","","","","","","","","","","","","","","","","","","","","","","","","","","",2000,1,"","",10,1,4,1,"","","","","","","","","","",2,1,0,1,"","","","","","","","","","","","","","","","","","","","","","","","","","","","","","","","","","","","","","","","","","","","","","","","","","","",""
"83069002","PORQUEROLLES",43.,6.226833,135,1981031015,"","","","",5.,1,260,1,"","","","","","","","","","","","","","","","","","","","","","","","","","","","",11.5,1,10.2,1,"","","","","","","","","","","","","","","","","","","","","","","","","","",95,1,"","","","","","","","","","","","",12.7,1,1020.9,1,"","","","","","",8,1,8,1,6,1,"","","","","","","","","","","","","","","","","","","","","","","","","","","","",2000,1,"","",10,1,2,1,"","","","","","","","","","",2,1,0,1,"","","","","","","","","","","","","","","","","","","","","","","","","","","","","","","","","","","","","","","","","","","","","","","","","","","",""
"83069002","PORQUEROLLES",43.,6.226833,135,1981031018,"","","","",2.,1,260,1,"","","","","","","","","","","","","","","","","","","","","","","","","","","","",11.,1,10.3,1,"","","","","","","","","","","","","","","","","","","","","","","","","","",97,1,"","","","","","","","","","","","",12.8,1,1021.2,1,"","","","","","",8,1,8,1,6,1,"","","","","","","","","","","","","","","","","","","","","","","","","","","","",1500,1,"","",10,1,2,1,"","","","","","","","","","",2,1,0,1,"","","","","","","","","","","","","","","","","","","","","","","","","","","","","","","","","","","","","","","","","","","","","","","","","","","",""
"83069002","PORQUEROLLES",43.,6.226833,135,1981031021,"","","","",0.,1,0,1,"","","","","","","","","","","","","","","","","","","","","","","","","","","","",10.6,1,10.6,1,"","","","","","","","","","","","","","","","","","","","","","","","","","",100,1,"","","","","","","","","","","","",12.8,1,1021.6,1,"","","","","","",9,1,"","","","","","","","","","","","","","","","","","","","","","","","","","","","","","","","",500,1,"","",47,1,2,1,"","","","","","","","","","",2,1,0,1,"","","","","","","","","","","","","","","","","","","","","","","","","","","","","","","","","","","","","","","","","","","","","","","","","","","",""
"83069002","PORQUEROLLES",43.,6.226833,135,1981031100,"","","","",0.,1,0,1,"","","","","","","","","","","","","","","","","","","","","","","","","","","","",10.6,1,9.8,1,"","","","","","","","","","","","","","","","","","","","","","","","","","",98,1,"","","","","","","","","","","","",12.4,1,1022.,1,"","","","","","","","","","","","","","","","","","","","","","","","","","","","","","","","","","","","","","","","","","","","","","","","","","","","","","","","","","","","","","","","","","","","","","","","","","","","","","","","","","","","","","","","","","","","","","","","","","","","","","","","","","","","","","","","","",""
"83069002","PORQUEROLLES",43.,6.226833,135,1981031103,"","","","",0.,1,0,1,"","","","","","","","","","","","","","","","","","","","","","","","","","","","",10.6,1,9.8,1,"","","","","","","","","","","","","","","","","","","","","","","","","","",98,1,"","","","","","","","","","","","",12.4,1,1020.6,1,"","","","","","",8,1,8,1,6,1,"","","","","","","","","","","","","","","","","","","","","","","","","","","","",2000,1,"","",10,1,"","","","","","","","","","","","",2,1,0,1,"","","","","","","","","","","","","","","","","","","","","","","","","","","","","","","","","","","","","","","","","","","","","","","","","","","",""
"83069002","PORQUEROLLES",43.,6.226833,135,1981031106,"","","","",0.,1,0,1,"","","","","","","","","","","","","","","","","","","","","","","","","","","","",10.4,1,9.7,1,"","","","","","","","","","","","","","","","","","","","","","","","","","",97,1,"","","","","","","","","","","","",12.3,1,1019.6,1,"","","","","","",8,1,8,1,6,1,"","","","","","","","","","","","","","","","","","","","","","","","","","","","",2000,1,"","",10,1,2,1,"","",0,1,"","","","","","",2,1,0,1,"","","","","","","","","","","","","","","","","","","","","","","","","","","","","","","","","","","","","","","","","","","","","","","","","","","",""
"83069002","PORQUEROLLES",43.,6.226833,135,1981031109,"","","","",2.,1,260,1,"","","","","","","","","","","","","","","","","","","","","","","","","","","","",10.9,1,10.9,1,"","","","","","","","","","","","","","","","","","","","","","","","","","",100,1,"","","","","","","","","","","","",13.,1,1022.,1,"","","","","","",9,1,"","","","","","","","","","","","","","","","","","","","","","","","","","","","","","","","",100,1,"","",45,1,4,1,"","","","","","","","","","","","","","","","","","","","","","","","","","","","","","","","","","","","","","","","","","","","","","","","","","","","","","","","","","","","","","","","","",""
"83069002","PORQUEROLLES",43.,6.226833,135,1981031112,"","","","",4.,1,260,1,"","","","","","","","","","","","","","","","","","","","","","","","","","","","",11.5,1,11.5,1,"","","","","","","","","","","","","","","","","","","","","","","","","","",100,1,"","","","","","","","","","","","",13.6,1,1018.6,1,"","","","","","",9,1,"","","","","","","","","","","","","","","","","","","","","","","","","","","","","","","","",200,1,"","",45,1,4,1,"","","","","","","","","","","","","","","","","","","","","","","","","","","","","","","","","","","","","","","","","","","","","","","","","","","","","","","","","","","","","","","","","",""
"83069002","PORQUEROLLES",43.,6.226833,135,1981031115,"","","","",4.,1,260,1,"","","","","","","","","","","","","","","","","","","","","","","","","","","","",11.7,1,11.7,1,"","","","","","","","","","","","","","","","","","","","","","","","","","",100,1,"","","","","","","","","","","","",13.7,1,1016.1,1,"","","","","","",9,1,"","","","","","","","","","","","","","","","","","","","","","","","","","","","","","","","",200,1,"","",45,1,4,1,"","","","","","","","","","","","","","","","","","","","","","","","","","","","","","","","","","","","","","","","","","","","","","","","","","","","","","","","","","","","","","","","","",""
"83069002","PORQUEROLLES",43.,6.226833,135,1981031118,"","","","",4.,1,260,1,"","","","","","","","","","","","","","","","","","","","","","","","","","","","",11.1,1,11.1,1,"","","","","","","","","","","","","","","","","","","","","","","","","","",100,1,"","","","","","","","","","","","",13.2,1,1015.8,1,"","","","","","",9,1,"","","","","","","","","","","","","","","","","","","","","","","","","","","","","","","","",100,1,"","",45,1,4,1,"","","","","","","","","","","","","","","","","","","","","","","","","","","","","","","","","","","","","","","","","","","","","","","","","","","","","","","","","","","","","","","","","",""
"83069002","PORQUEROLLES",43.,6.226833,135,1981031121,"","","","",6.,1,260,1,"","","","","","","","","","","","","","","","","","","","","","","","","","","","",11.3,1,11.3,1,"","","","","","","","","","","","","","","","","","","","","","","","","","",100,1,"","","","","","","","","","","","",13.4,1,1015.,1,"","","","","","",9,1,"","","","","","","","","","","","","","","","","","","","","","","","","","","","","","","","",50,1,"","",47,1,4,1,"","","","","","","","","","","","","","","","","","","","","","","","","","","","","","","","","","","","","","","","","","","","","","","","","","","","","","","","","","","","","","","","","",""
"83069002","PORQUEROLLES",43.,6.226833,135,1981031200,"","","","",9.,1,260,1,"","","","","","","","","","","","","","","","","","","","","","","","","","","","",11.2,1,11.2,1,"","","","","","","","","","","","","","","","","","","","","","","","","","",100,1,"","","","","","","","","","","","",13.3,1,1013.2,1,"","","","","","","","","","","","","","","","","","","","","","","","","","","","","","","","","","","","","","","","","","","","","","","","","","","","","","","","","","","","","","","","","","","","","","","","","","","","","","","","","","","","","","","","","","","","","","","","","","","","","","","","","","","","","","","","","",""
"83069002","PORQUEROLLES",43.,6.226833,135,1981031203,"","","","",8.,1,260,1,"","","","","","","","","","","","","","","","","","","","","","","","","","","","",11.,1,11.,1,"","","","","","","","","","","","","","","","","","","","","","","","","","",100,1,"","","","","","","","","","","","",13.1,1,1011.2,1,"","","","","","",9,1,"","","","","","","","","","","","","","","","","","","","","","","","","","","","","","","","",50,1,"","",45,1,"","","","","","","","","","","","","","","","","","","","","","","","","","","","","","","","","","","","","","","","","","","","","","","","","","","","","","","","","","","","","","","","","","","",""
"83069002","PORQUEROLLES",43.,6.226833,135,1981031206,"","","","",5.,1,280,1,"","","","","","","","","","","","","","","","","","","","","","","","","","","","",11.6,1,10.6,1,"","","","","","","","","","","","","","","","","","","","","","","","","","",96,1,"","","","","","","","","","","","",13.1,1,1009.4,1,"","","","","","",8,1,8,1,0,1,7,1,"","","","","","","","","","","","","","","","","","","","","","","","","","",5000,1,"","",2,1,4,1,"","",0,1,"","","","","","",2,1,0,1,"","","","","","","","","","","","","","","","","","","","","","","","","","","","","","","","","","","","","","","","","","","","","","","","","","","",""
"83069002","PORQUEROLLES",43.,6.226833,135,1981031209,"","","","",4.,1,260,1,"","","","","","","","","","","","","","","","","","","","","","","","","","","","",11.6,1,11.6,1,"","","","","","","","","","","","","","","","","","","","","","","","","","",100,1,"","","","","","","","","","","","",13.7,1,1009.6,1,"","","","","","",9,1,"","","","","","","","","","","","","","","","","","","","","","","","","","","","","","","","",50,1,"","",47,1,4,1,"","","","","","","","","","","","","","","","","","","","","","","","","","","","","","","","","","","","","","","","","","","","","","","","","","","","","","","","","","","","","","","","","",""
"83069002","PORQUEROLLES",43.,6.226833,135,1981031212,"","","","",7.,1,280,1,"","","","","","","","","","","","","","","","","","","","","","","","","","","","",12.,1,12.,1,"","","","","","","","","","","","","","","","","","","","","","","","","","",100,1,"","","","","","","","","","","","",14.,1,1008.2,1,"","","","","","",9,1,"","","","","","","","","","","","","","","","","","","","","","","","","","","","","","","","",50,1,"","",45,1,4,1,"","","","","","","","","","","","","","","","","","","","","","","","","","","","","","","","","","","","","","","","","","","","","","","","","","","","","","","","","","","","","","","","","",""
"83069002","PORQUEROLLES",43.,6.226833,135,1981031215,"","","","",8.,1,280,1,"","","","","","","","","","","","","","","","","","","","","","","","","","","","",14.2,1,11.3,1,"","","","","","","","","","","","","","","","","","","","","","","","","","",84,1,"","","","","","","","","","","","",13.7,1,1005.,1,"","","","","","",5,1,5,1,2,1,0,1,2,1,"","","","","","","","","","","","","","","","","","","","","","","","",5000,1,"","",1,1,4,1,"","","","","","","","","","",3,1,270,1,"","","","","","","","","","","","","","","","","","","","","","","","","","","","","","","","","","","","","","","","","","","","","","","","","","","",""
"83069002","PORQUEROLLES",43.,6.226833,135,1981031218,"","","","",10.,1,280,1,"","","","","","","","","","","","","","","","","","","","","","","","","","","","",16.8,1,8.9,1,"","","","","","","","","","","","","","","","","","","","","","","","","","",61,1,"","","","","","","","","","","","",11.6,1,1006.1,1,"","","","","","",3,1,0,1,2,1,0,1,2,1,"","","","","","","","","","","","","","","","","","","","","","","","",25000,1,"","",1,1,4,1,"","","","","","","","","","",3,1,270,1,"","","","","","","","","","","","","","","","","","","","","","","","","","","","","","","","","","","","","","","","","","","","","","","","","","","",""
"83069002","PORQUEROLLES",43.,6.226833,135,1981031221,"","","","",11.,1,280,1,"","","","","","","","","","","","","","","","","","","","","","","","","","","","",14.6,1,9.7,1,"","","","","","","","","","","","","","","","","","","","","","","","","","",74,1,"","","","","","","","","","","","",12.3,1,1007.4,1,"","","","","","",0,1,"","",0,1,0,1,0,1,"","","","","","","","","","","","","","","","","","","","","","","","",30000,1,"","",1,1,0,1,"","","","","","","","","","",3,1,270,1,"","","","","","","","","","","","","","","","","","","","","","","","","","","","","","","","","","","","","","","","","","","","","","","","","","","",""
"83069002","PORQUEROLLES",43.,6.226833,135,1981031300,"","","","",5.,1,280,1,"","","","","","","","","","","","","","","","","","","","","","","","","","","","",12.9,1,7.7,1,"","","","","","","","","","","","","","","","","","","","","","","","","","",72,1,"","","","","","","","","","","","",10.7,1,1008.3,1,"","","","","","","","","","","","","","","","","","","","","","","","","","","","","","","","","","","","","","","","","","","","","","","","","","","","","","","","","","","","","","","","","","","","","","","","","","","","","","","","","","","","","","","","","","","","","","","","","","","","","","","","","","","","","","","","","",""
"83069002","PORQUEROLLES",43.,6.226833,135,1981031303,"","","","",9.,1,260,1,"","","","","","","","","","","","","","","","","","","","","","","","","","","","",12.,1,7.7,1,"","","","","","","","","","","","","","","","","","","","","","","","","","",76,1,"","","","","","","","","","","","",10.7,1,1008.4,1,"","","","","","",0,1,"","",0,1,0,1,0,1,"","","","","","","","","","","","","","","","","","","","","","","","",30000,1,"","",0,1,"","","","","","","","","","","","",4,1,270,1,"","","","","","","","","","","","","","","","","","","","","","","","","","","","","","","","","","","","","","","","","","","","","","","","","","","",""
"83069002","PORQUEROLLES",43.,6.226833,135,1981031306,"","","","",10.,1,280,1,"","","","","","","","","","","","","","","","","","","","","","","","","","","","",11.5,1,7.6,1,"","","","","","","","","","","","","","","","","","","","","","","","","","",78,1,"","","","","","","","","","","","",10.6,1,1007.9,1,"","","","","","",4,1,0,1,0,1,5,1,0,1,"","","","","","","","","","","","","","","","","","","","","","","","",30000,1,"","",3,1,1,1,"","",0,1,"","","","","","",4,1,270,1,"","","","","","","","","","","","","","","","","","","","","","","","","","","","","","","","","","","","","","","","","","","","","","","","","","","",""
"83069002","PORQUEROLLES",43.,6.226833,135,1981031309,"","","","",13.,1,260,1,"","","","","","","","","","","","","","","","","","","","","","","","","","","","",13.3,1,7.6,1,"","","","","","","","","","","","","","","","","","","","","","","","","","",70,1,"","","","","","","","","","","","",10.6,1,1007.8,1,"","","","","","",2,1,0,1,0,1,5,1,2,1,"","","","","","","","","","","","","","","","","","","","","","","","",25000,1,"","",2,1,0,1,"","","","","","","","","","",4,1,270,1,"","","","","","","","","","","","","","","","","","","","","","","","","","","","","","","","","","","","","","","","","","","","","","","","","","","",""
"83069002","PORQUEROLLES",43.,6.226833,135,1981031312,"","","","",17.,1,260,1,"","","","","","","","","","","","","","","","","","","","","","","","","","","","",14.,1,9.5,1,"","","","","","","","","","","","","","","","","","","","","","","","","","",76,1,"","","","","","","","","","","","",12.1,1,1006.8,1,"","","","","","",2,1,0,1,2,1,4,1,0,1,"","","","","","","","","","","","","","","","","","","","","","","","",25000,1,"","",2,1,0,1,"","","","","","","","","","",4,1,270,1,"","","","","","","","","","","","","","","","","","","","","","","","","","","","","","","","","","","","","","","","","","","","","","","","","","","",""
"83069002","PORQUEROLLES",43.,6.226833,135,1981031315,"","","","",17.,1,260,1,"","","","","","","","","","","","","","","","","","","","","","","","","","","","",14.,1,9.,1,"","","","","","","","","","","","","","","","","","","","","","","","","","",73,1,"","","","","","","","","","","","",11.7,1,1005.5,1,"","","","","","",3,1,0,1,2,1,5,1,2,1,"","","","","","","","","","","","","","","","","","","","","","","","",22000,1,"","",3,1,0,1,"","","","","","","","","","",4,1,270,1,"","","","","","","","","","","","","","","","","","","","","","","","","","","","","","","","","","","","","","","","","","","","","","","","","","","",""
"83069002","PORQUEROLLES",43.,6.226833,135,1981031318,"","","","",12.,1,260,1,"","","","","","","","","","","","","","","","","","","","","","","","","","","","",12.,1,8.1,1,"","","","","","","","","","","","","","","","","","","","","","","","","","",78,1,"","","","","","","","","","","","",11.,1,1007.5,1,"","","","","","",1,1,0,1,2,1,4,1,3,1,"","","","","","","","","","","","","","","","","","","","","","","","",20000,1,"","",1,1,0,1,"","","","","","","","","","",4,1,270,1,"","","","","","","","","","","","","","","","","","","","","","","","","","","","","","","","","","","","","","","","","","","","","","","","","","","",""
"83069002","PORQUEROLLES",43.,6.226833,135,1981031321,"","","","",15.,1,280,1,"","","","","","","","","","","","","","","","","","","","","","","","","","","","",11.4,1,5.7,1,"","","","","","","","","","","","","","","","","","","","","","","","","","",69,1,"","","","","","","","","","","","",9.3,1,1008.9,1,"","","","","","",0,1,"","",0,1,0,1,0,1,"","","","","","","","","","","","","","","","","","","","","","","","",25000,1,"","",1,1,0,1,"","","","","","","","","","",4,1,270,1,"","","","","","","","","","","","","","","","","","","","","","","","","","","","","","","","","","","","","","","","","","","","","","","","","","","",""
"83069002","PORQUEROLLES",43.,6.226833,135,1981031400,"","","","",11.,1,280,1,"","","","","","","","","","","","","","","","","","","","","","","","","","","","",9.8,1,4.9,1,"","","","","","","","","","","","","","","","","","","","","","","","","","",73,1,"","","","","","","","","","","","",8.8,1,1009.2,1,"","","","","","","","","","","","","","","","","","","","","","","","","","","","","","","","","","","","","","","","","","","","","","","","","","","","","","","","","","","","","","","","","","","","","","","","","","","","","","","","","","","","","","","","","","","","","","","","","","","","","","","","","","","","","","","","","",""
"83069002","PORQUEROLLES",43.,6.226833,135,1981031403,"","","","",9.,1,280,1,"","","","","","","","","","","","","","","","","","","","","","","","","","","","",9.5,1,6.,1,"","","","","","","","","","","","","","","","","","","","","","","","","","",80,1,"","","","","","","","","","","","",9.5,1,1009.4,1,"","","","","","",0,1,"","",0,1,0,1,0,1,"","","","","","","","","","","","","","","","","","","","","","","","",30000,1,"","",0,1,"","","","","","","","","","","","",4,1,270,1,"","","","","","","","","","","","","","","","","","","","","","","","","","","","","","","","","","","","","","","","","","","","","","","","","","","",""
"83069002","PORQUEROLLES",43.,6.226833,135,1981031406,"","","","",9.,1,260,1,"","","","","","","","","","","","","","","","","","","","","","","","","","","","",9.,1,5.7,1,"","","","","","","","","","","","","","","","","","","","","","","","","","",81,1,"","","","","","","","","","","","",9.3,1,1010.4,1,"","","","","","",1,1,0,1,0,1,5,1,0,1,"","","","","","","","","","","","","","","","","","","","","","","","",30000,1,"","",3,1,0,1,"","",0,1,"","","","","","",4,1,270,1,"","","","","","","","","","","","","","","","","","","","","","","","","","","","","","","","","","","","","","","","","","","","","","","","","","","",""
"83069002","PORQUEROLLES",43.,6.226833,135,1981031409,"","","","",8.,1,260,1,"","","","","","","","","","","","","","","","","","","","","","","","","","","","",11.5,1,6.7,1,"","","","","","","","","","","","","","","","","","","","","","","","","","",73,1,"","","","","","","","","","","","",10.,1,1011.5,1,"","","","","","",0,1,"","",0,1,0,1,0,1,"","","","","","","","","","","","","","","","","","","","","","","","",35000,1,"","",1,1,0,1,"","","","","","","","","","",4,1,270,1,"","","","","","","","","","","","","","","","","","","","","","","","","","","","","","","","","","","","","","","","","","","","","","","","","","","",""
"83069002","PORQUEROLLES",43.,6.226833,135,1981031412,"","","","",8.,1,240,1,"","","","","","","","","","","","","","","","","","","","","","","","","","","","",14.5,1,9.3,1,"","","","","","","","","","","","","","","","","","","","","","","","","","",73,1,"","","","","","","","","","","","",12.,1,1011.3,1,"","","","","","",1,1,0,1,1,1,0,1,0,1,"","","","","","","","","","","","","","","","","","","","","","","","",28000,1,"","",3,1,0,1,"","","","","","","","","","",3,1,270,1,"","","","","","","","","","","","","","","","","","","","","","","","","","","","","","","","","","","","","","","","","","","","","","","","","","","",""
"83069002","PORQUEROLLES",43.,6.226833,135,1981031415,"","","","",7.,1,260,1,"","","","","","","","","","","","","","","","","","","","","","","","","","","","",14.5,1,8.7,1,"","","","","","","","","","","","","","","","","","","","","","","","","","",70,1,"","","","","","","","","","","","",11.5,1,1009.9,1,"","","","","","",5,1,5,1,0,1,0,1,4,1,"","","","","","","","","","","","","","","","","","","","","","","","",25000,1,"","",3,1,1,1,"","","","","","","","","","",3,1,270,1,"","","","","","","","","","","","","","","","","","","","","","","","","","","","","","","","","","","","","","","","","","","","","","","","","","","",""
"83069002","PORQUEROLLES",43.,6.226833,135,1981031418,"","","","",7.,1,240,1,"","","","","","","","","","","","","","","","","","","","","","","","","","","","",10.5,1,8.7,1,"","","","","","","","","","","","","","","","","","","","","","","","","","",91,1,"","","","","","","","","","","","",11.5,1,1010.1,1,"","","","","","",5,1,5,1,0,1,0,1,4,1,"","","","","","","","","","","","","","","","","","","","","","","","",26000,1,"","",2,1,2,1,"","","","","","","","","","",3,1,270,1,"","","","","","","","","","","","","","","","","","","","","","","","","","","","","","","","","","","","","","","","","","","","","","","","","","","",""
"83069002","PORQUEROLLES",43.,6.226833,135,1981031421,"","","","",5.,1,260,1,"","","","","","","","","","","","","","","","","","","","","","","","","","","","",10.5,1,9.2,1,"","","","","","","","","","","","","","","","","","","","","","","","","","",94,1,"","","","","","","","","","","","",11.9,1,1010.9,1,"","","","","","",6,1,6,1,0,1,0,1,4,1,"","","","","","","","","","","","","","","","","","","","","","","","",22000,1,"","",2,1,2,1,"","","","","","","","","","",3,1,270,1,"","","","","","","","","","","","","","","","","","","","","","","","","","","","","","","","","","","","","","","","","","","","","","","","","","","",""
"83069002","PORQUEROLLES",43.,6.226833,135,1981031500,"","","","",3.,1,280,1,"","","","","","","","","","","","","","","","","","","","","","","","","","","","",10.3,1,9.2,1,"","","","","","","","","","","","","","","","","","","","","","","","","","",95,1,"","","","","","","","","","","","",11.9,1,1010.5,1,"","","","","","","","","","","","","","","","","","","","","","","","","","","","","","","","","","","","","","","","","","","","","","","","","","","","","","","","","","","","","","","","","","","","","","","","","","","","","","","","","","","","","","","","","","","","","","","","","","","","","","","","","","","","","","","","","",""
"83069002","PORQUEROLLES",43.,6.226833,135,1981031503,"","","","",4.,1,280,1,"","","","","","","","","","","","","","","","","","","","","","","","","","","","",9.7,1,8.3,1,"","","","","","","","","","","","","","","","","","","","","","","","","","",94,1,"","","","","","","","","","","","",11.2,1,1009.6,1,"","","","","","",2,1,0,1,0,1,0,1,2,1,"","","","","","","","","","","","","","","","","","","","","","","","",18000,1,"","",0,1,"","","","","","","","","","","","",2,1,0,1,"","","","","","","","","","","","","","","","","","","","","","","","","","","","","","","","","","","","","","","","","","","","","","","","","","","",""
"83069002","PORQUEROLLES",43.,6.226833,135,1981031506,"","","","",4.,1,320,1,"","","","","","","","","","","","","","","","","","","","","","","","","","","","",9.5,1,8.9,1,"","","","","","","","","","","","","","","","","","","","","","","","","","",97,1,"","","","","","","","","","","","",11.6,1,1009.6,1,"","","","","","",6,1,6,1,0,1,5,1,0,1,"","","","","","","","","","","","","","","","","","","","","","","","",22000,1,"","",3,1,1,1,"","",0,1,"","","","","","",2,1,0,1,"","","","","","","","","","","","","","","","","","","","","","","","","","","","","","","","","","","","","","","","","","","","","","","","","","","",""
"83069002","PORQUEROLLES",43.,6.226833,135,1981031509,"","","","",1.,1,220,1,"","","","","","","","","","","","","","","","","","","","","","","","","","","","",12.,1,9.7,1,"","","","","","","","","","","","","","","","","","","","","","","","","","",88,1,"","","","","","","","","","","","",12.3,1,1011.7,1,"","","","","","",6,1,6,1,0,1,5,1,0,1,"","","","","","","","","","","","","","","","","","","","","","","","",25000,1,"","",2,1,2,1,"","","","","","","","","","",2,1,0,1,"","","","","","","","","","","","","","","","","","","","","","","","","","","","","","","","","","","","","","","","","","","","","","","","","","","",""
"83069002","PORQUEROLLES",43.,6.226833,135,1981031512,"","","","",3.,1,260,1,"","","","","","","","","","","","","","","","","","","","","","","","","","","","",10.5,1,9.2,1,"","","","","","","","","","","","","","","","","","","","","","","","","","",94,1,"","","","","","","","","","","","",11.9,1,1010.8,1,"","","","","","",8,1,8,1,0,1,7,1,"","","","","","","","","","","","","","","","","","","","","","","","","","",15000,1,"","",3,1,6,1,"","","","","","","","","","",2,1,0,1,"","","","","","","","","","","","","","","","","","","","","","","","","","","","","","","","","","","","","","","","","","","","","","","","","","","",""
"83069002","PORQUEROLLES",43.,6.226833,135,1981031515,"","","","",3.,1,260,1,"","","","","","","","","","","","","","","","","","","","","","","","","","","","",8.8,1,8.8,1,"","","","","","","","","","","","","","","","","","","","","","","","","","",100,1,"","","","","","","","","","","","",11.3,1,1010.4,1,"","","","","","",7,1,7,1,2,1,2,1,"","","","","","","","","","","","","","","","","","","","","","","","","","",10000,1,"","",60,1,6,1,"","","","","","","","","","",2,1,0,1,"","","","","","","","","","","","","","","","","","","","","","","","","","","","","","","","","","","","","","","","","","","","","","","","","","","",""
"83069002","PORQUEROLLES",43.,6.226833,135,1981031518,"","","","",3.,1,300,1,"","","","","","","","","","","","","","","","","","","","","","","","","","","","",8.4,1,6.6,1,"","","","","","","","","","","","","","","","","","","","","","","","","","",90,1,"","","","","","","","","","","","",9.9,1,1011.2,1,"","","","","","",2,1,0,1,2,1,0,1,0,1,"","","","","","","","","","","","","","","","","","","","","","","","",25000,1,"","",1,1,6,1,"","","","","","","","","","",2,1,0,1,"","","","","","","","","","","","","","","","","","","","","","","","","","","","","","","","","","","","","","","","","","","","","","","","","","","",""
"83069002","PORQUEROLLES",43.,6.226833,135,1981031521,"","","","",8.,1,260,1,"","","","","","","","","","","","","","","","","","","","","","","","","","","","",9.,1,7.8,1,"","","","","","","","","","","","","","","","","","","","","","","","","","",95,1,"","","","","","","","","","","","",10.8,1,1012.1,1,"","","","","","",0,1,"","",0,1,0,1,0,1,"","","","","","","","","","","","","","","","","","","","","","","","",25000,1,"","",1,1,0,1,"","","","","","","","","","",2,1,0,1,"","","","","","","","","","","","","","","","","","","","","","","","","","","","","","","","","","","","","","","","","","","","","","","","","","","",""
"83069002","PORQUEROLLES",43.,6.226833,135,1981031600,"","","","",8.,1,280,1,"","","","","","","","","","","","","","","","","","","","","","","","","","","","",9.4,1,6.9,1,"","","","","","","","","","","","","","","","","","","","","","","","","","",89,1,"","","","","","","","","","","","",10.1,1,1012.,1,"","","","","","","","","","","","","","","","","","","","","","","","","","","","","","","","","","","","","","","","","","","","","","","","","","","","","","","","","","","","","","","","","","","","","","","","","","","","","","","","","","","","","","","","","","","","","","","","","","","","","","","","","","","","","","","","","",""
"83069002","PORQUEROLLES",43.,6.226833,135,1981031603,"","","","",8.,1,280,1,"","","","","","","","","","","","","","","","","","","","","","","","","","","","",8.,1,6.,1,"","","","","","","","","","","","","","","","","","","","","","","","","","",89,1,"","","","","","","","","","","","",9.5,1,1012.,1,"","","","","","",0,1,"","",0,1,0,1,0,1,"","","","","","","","","","","","","","","","","","","","","","","","",30000,1,"","",0,1,"","","","","","","","","","","","",3,1,270,1,"","","","","","","","","","","","","","","","","","","","","","","","","","","","","","","","","","","","","","","","","","","","","","","","","","","",""
"83069002","PORQUEROLLES",43.,6.226833,135,1981031606,"","","","",8.,1,280,1,"","","","","","","","","","","","","","","","","","","","","","","","","","","","",8.,1,6.,1,"","","","","","","","","","","","","","","","","","","","","","","","","","",89,1,"","","","","","","","","","","","",9.5,1,1012.5,1,"","","","","","",2,1,0,1,0,1,4,1,0,1,"","","","","","","","","","","","","","","","","","","","","","","","",30000,1,"","",3,1,0,1,"","",0,1,"","","","","","",3,1,270,1,"","","","","","","","","","","","","","","","","","","","","","","","","","","","","","","","","","","","","","","","","","","","","","","","","","","",""
"83069002","PORQUEROLLES",43.,6.226833,135,1981031609,"","","","",10.,1,260,1,"","","","","","","","","","","","","","","","","","","","","","","","","","","","",10.,1,7.7,1,"","","","","","","","","","","","","","","","","","","","","","","","","","",87,1,"","","","","","","","","","","","",10.7,1,1013.3,1,"","","","","","",0,1,"","",0,1,0,1,0,1,"","","","","","","","","","","","","","","","","","","","","","","","",30000,1,"","",2,1,0,1,"","","","","","","","","","",3,1,270,1,"","","","","","","","","","","","","","","","","","","","","","","","","","","","","","","","","","","","","","","","","","","","","","","","","","","",""
"83069002","PORQUEROLLES",43.,6.226833,135,1981031612,"","","","",11.,1,260,1,"","","","","","","","","","","","","","","","","","","","","","","","","","","","",12.5,1,8.3,1,"","","","","","","","","","","","","","","","","","","","","","","","","","",78,1,"","","","","","","","","","","","",11.2,1,1013.1,1,"","","","","","",2,1,0,1,2,1,0,1,2,1,"","","","","","","","","","","","","","","","","","","","","","","","",30000,1,"","",3,1,0,1,"","","","","","","","","","",4,1,270,1,"","","","","","","","","","","","","","","","","","","","","","","","","","","","","","","","","","","","","","","","","","","","","","","","","","","",""
"83069002","PORQUEROLLES",43.,6.226833,135,1981031615,"","","","",10.,1,260,1,"","","","","","","","","","","","","","","","","","","","","","","","","","","","",13.5,1,7.4,1,"","","","","","","","","","","","","","","","","","","","","","","","","","",68,1,"","","","","","","","","","","","",10.5,1,1012.1,1,"","","","","","",2,1,0,1,2,1,0,1,2,1,"","","","","","","","","","","","","","","","","","","","","","","","",30000,1,"","",2,1,0,1,"","","","","","","","","","",4,1,270,1,"","","","","","","","","","","","","","","","","","","","","","","","","","","","","","","","","","","","","","","","","","","","","","","","","","","",""
"83069002","PORQUEROLLES",43.,6.226833,135,1981031618,"","","","",10.,1,260,1,"","","","","","","","","","","","","","","","","","","","","","","","","","","","",10.5,1,6.6,1,"","","","","","","","","","","","","","","","","","","","","","","","","","",78,1,"","","","","","","","","","","","",9.9,1,1011.9,1,"","","","","","",7,1,7,1,0,1,0,1,4,1,"","","","","","","","","","","","","","","","","","","","","","","","",25000,1,"","",3,1,1,1,"","","","","","","","","","",4,1,270,1,"","","","","","","","","","","","","","","","","","","","","","","","","","","","","","","","","","","","","","","","","","","","","","","","","","","",""
"83069002","PORQUEROLLES",43.,6.226833,135,1981031621,"","","","",8.,1,260,1,"","","","","","","","","","","","","","","","","","","","","","","","","","","","",10.2,1,7.4,1,"","","","","","","","","","","","","","","","","","","","","","","","","","",84,1,"","","","","","","","","","","","",10.5,1,1013.1,1,"","","","","","",2,1,0,1,0,1,0,1,2,1,"","","","","","","","","","","","","","","","","","","","","","","","",25000,1,"","",1,1,1,1,"","","","","","","","","","",3,1,270,1,"","","","","","","","","","","","","","","","","","","","","","","","","","","","","","","","","","","","","","","","","","","","","","","","","","","",""
"83069002","PORQUEROLLES",43.,6.226833,135,1981031700,"","","","",5.,1,260,1,"","","","","","","","","","","","","","","","","","","","","","","","","","","","",10.,1,8.9,1,"","","","","","","","","","","","","","","","","","","","","","","","","","","","","","","","","","","","","","","","",11.6,1,1013.,1,"","","","","","","","","","","","","","","","","","","","","","","","","","","","","","","","","","","","","","","","","","","","","","","","","","","","","","","","","","","","","","","","","","","","","","","","","","","","","","","","","","","","","","","","","","","","","","","","","","","","","","","","","","","","","","","","","",""
"83069002","PORQUEROLLES",43.,6.226833,135,1981031703,"","","","",8.,1,260,1,"","","","","","","","","","","","","","","","","","","","","","","","","","","","",9.3,1,7.6,1,"","","","","","","","","","","","","","","","","","","","","","","","","","",90,1,"","","","","","","","","","","","",10.6,1,1012.,1,"","","","","","",1,1,0,1,0,1,0,1,2,1,"","","","","","","","","","","","","","","","","","","","","","","","",25000,1,"","",0,1,"","","","","","","","","","","","",3,1,270,1,"","","","","","","","","","","","","","","","","","","","","","","","","","","","","","","","","","","","","","","","","","","","","","","","","","","",""
"83069002","PORQUEROLLES",43.,6.226833,135,1981031706,"","","","",6.,1,280,1,"","","","","","","","","","","","","","","","","","","","","","","","","","","","",8.8,1,6.,1,"","","","","","","","","","","","","","","","","","","","","","","","","","",84,1,"","","","","","","","","","","","",9.5,1,1011.3,1,"","","","","","",8,1,8,1,0,1,4,1,7,1,"","","","","","","","","","","","","","","","","","","","","","","","",15000,1,"","",3,1,1,1,"","",0,1,"","","","","","",3,1,270,1,"","","","","","","","","","","","","","","","","","","","","","","","","","","","","","","","","","","","","","","","","","","","","","","","","","","",""
"83069002","PORQUEROLLES",43.,6.226833,135,1981031709,"","","","",7.,1,260,1,"","","","","","","","","","","","","","","","","","","","","","","","","","","","",10.,1,5.4,1,"","","","","","","","","","","","","","","","","","","","","","","","","","",75,1,"","","","","","","","","","","","",9.1,1,1011.3,1,"","","","","","",8,1,5,1,0,1,4,1,7,1,"","","","","","","","","","","","","","","","","","","","","","","","",18000,1,"","",3,1,"","","","","","","","","","","","",4,1,270,1,"","","","","","","","","","","","","","","","","","","","","","","","","","","","","","","","","","","","","","","","","","","","","","","","","","","",""
"83069002","PORQUEROLLES",43.,6.226833,135,1981031712,"","","","",8.,1,240,1,"","","","","","","","","","","","","","","","","","","","","","","","","","","","",12.1,1,7.6,1,"","","","","","","","","","","","","","","","","","","","","","","","","","",75,1,"","","","","","","","","","","","",10.6,1,1009.8,1,"","","","","","",3,1,0,1,2,1,0,1,2,1,"","","","","","","","","","","","","","","","","","","","","","","","",18000,1,"","",1,1,"","","","","","","","","","","","",4,1,270,1,"","","","","","","","","","","","","","","","","","","","","","","","","","","","","","","","","","","","","","","","","","","","","","","","","","","",""
"83069002","PORQUEROLLES",43.,6.226833,135,1981031715,"","","","",11.,1,260,1,"","","","","","","","","","","","","","","","","","","","","","","","","","","","",13.,1,4.1,1,"","","","","","","","","","","","","","","","","","","","","","","","","","",56,1,"","","","","","","","","","","","",8.3,1,1008.2,1,"","","","","","",3,1,0,1,2,1,0,1,0,1,"","","","","","","","","","","","","","","","","","","","","","","","",30000,1,"","",2,1,0,1,"","","","","","","","","","",4,1,270,1,"","","","","","","","","","","","","","","","","","","","","","","","","","","","","","","","","","","","","","","","","","","","","","","","","","","",""
"83069002","PORQUEROLLES",43.,6.226833,135,1981031718,"","","","",13.,1,280,1,"","","","","","","","","","","","","","","","","","","","","","","","","","","","",9.8,1,1.4,1,"","","","","","","","","","","","","","","","","","","","","","","","","","",56,1,"","","","","","","","","","","","",6.8,1,1008.4,1,"","","","","","",1,1,0,1,2,1,0,1,0,1,"","","","","","","","","","","","","","","","","","","","","","","","",28000,1,"","",1,1,"","","","","","","","","","","","",4,1,270,1,"","","","","","","","","","","","","","","","","","","","","","","","","","","","","","","","","","","","","","","","","","","","","","","","","","","",""
"83069002","PORQUEROLLES",43.,6.226833,135,1981031721,"","","","",10.,1,300,1,"","","","","","","","","","","","","","","","","","","","","","","","","","","","",7.9,1,0.1,1,"","","","","","","","","","","","","","","","","","","","","","","","","","",58,1,"","","","","","","","","","","","",6.2,1,1009.4,1,"","","","","","",0,1,"","",0,1,0,1,0,1,"","","","","","","","","","","","","","","","","","","","","","","","",25000,1,"","",1,1,0,1,"","","","","","","","","","",4,1,270,1,"","","","","","","","","","","","","","","","","","","","","","","","","","","","","","","","","","","","","","","","","","","","","","","","","","","",""
"83069002","PORQUEROLLES",43.,6.226833,135,1981031800,"","","","",11.,1,280,1,"","","","","","","","","","","","","","","","","","","","","","","","","","","","",6.3,1,-3.2,1,"","","","","","","","","","","","","","","","","","","","","","","","","","",50,1,"","","","","","","","","","","","",4.8,1,1008.8,1,"","","","","","","","","","","","","","","","","","","","","","","","","","","","","","","","","","","","","","","","","","","","","","","","","","","","","","","","","","","","","","","","","","","","","","","","","","","","","","","","","","","","","","","","","","","","","","","","","","","","","","","","","","","","","","","","","",""
"83069002","PORQUEROLLES",43.,6.226833,135,1981031803,"","","","",14.,1,280,1,"","","","","","","","","","","","","","","","","","","","","","","","","","","","",5.7,1,-4.3,1,"","","","","","","","","","","","","","","","","","","","","","","","","","",48,1,"","","","","","","","","","","","",4.4,1,1007.3,1,"","","","","","",0,1,"","",0,1,0,1,0,1,"","","","","","","","","","","","","","","","","","","","","","","","",25000,1,"","",0,1,"","","","","","","","","","","","",4,1,270,1,"","","","","","","","","","","","","","","","","","","","","","","","","","","","","","","","","","","","","","","","","","","","","","","","","","","",""
"83069002","PORQUEROLLES",43.,6.226833,135,1981031806,"","","","",14.,1,260,1,"","","","","","","","","","","","","","","","","","","","","","","","","","","","",5.,1,-5.5,1,"","","","","","","","","","","","","","","","","","","","","","","","","","",47,1,"","","","","","","","","","","","",4.,1,1005.4,1,"","","","","","",1,1,0,1,9,1,0,1,0,1,"","","","","","","","","","","","","","","","","","","","","","","","",28000,1,"","",3,1,0,1,"","",0,1,"","","","","","",4,1,270,1,"","","","","","","","","","","","","","","","","","","","","","","","","","","","","","","","","","","","","","","","","","","","","","","","","","","",""
"83069002","PORQUEROLLES",43.,6.226833,135,1981031809,"","","","",10.,1,280,1,"","","","","","","","","","","","","","","","","","","","","","","","","","","","",7.1,1,-0.9,1,"","","","","","","","","","","","","","","","","","","","","","","","","","",56,1,"","","","","","","","","","","","",5.7,1,1004.8,1,"","","","","","",2,1,0,1,9,1,0,1,0,1,"","","","","","","","","","","","","","","","","","","","","","","","",30000,1,"","",2,1,0,1,"","","","","","","","","","",4,1,270,1,"","","","","","","","","","","","","","","","","","","","","","","","","","","","","","","","","","","","","","","","","","","","","","","","","","","",""
"83069002","PORQUEROLLES",43.,6.226833,135,1981031812,"","","","",9.,1,300,1,"","","","","","","","","","","","","","","","","","","","","","","","","","","","",10.4,1,-0.2,1,"","","","","","","","","","","","","","","","","","","","","","","","","","",48,1,"","","","","","","","","","","","",6.,1,1002.6,1,"","","","","","",2,1,0,1,2,1,0,1,0,1,"","","","","","","","","","","","","","","","","","","","","","","","",35000,1,"","",1,1,0,1,"","","","","","","","","","",4,1,270,1,"","","","","","","","","","","","","","","","","","","","","","","","","","","","","","","","","","","","","","","","","","","","","","","","","","","",""
"83069002","PORQUEROLLES",43.,6.226833,135,1981031815,"","","","",5.,1,340,1,"","","","","","","","","","","","","","","","","","","","","","","","","","","","",11.,1,0.,1,"","","","","","","","","","","","","","","","","","","","","","","","","","",47,1,"","","","","","","","","","","","",6.1,1,1001.8,1,"","","","","","",2,1,0,1,2,1,0,1,0,1,"","","","","","","","","","","","","","","","","","","","","","","","",30000,1,"","",2,1,0,1,"","","","","","","","","","",4,1,270,1,"","","","","","","","","","","","","","","","","","","","","","","","","","","","","","","","","","","","","","","","","","","","","","","","","","","",""
"83069002","PORQUEROLLES",43.,6.226833,135,1981031818,"","","","",10.,1,320,1,"","","","","","","","","","","","","","","","","","","","","","","","","","","","",8.5,1,-0.9,1,"","","","","","","","","","","","","","","","","","","","","","","","","","",51,1,"","","","","","","","","","","","",5.7,1,1003.2,1,"","","","","","",1,1,0,1,1,1,0,1,0,1,"","","","","","","","","","","","","","","","","","","","","","","","",30000,1,"","",1,1,0,1,"","","","","","","","","","",3,1,270,1,"","","","","","","","","","","","","","","","","","","","","","","","","","","","","","","","","","","","","","","","","","","","","","","","","","","",""
"83069002","PORQUEROLLES",43.,6.226833,135,1981031821,"","","","",6.,1,360,1,"","","","","","","","","","","","","","","","","","","","","","","","","","","","",6.5,1,-2.9,1,"","","","","","","","","","","","","","","","","","","","","","","","","","",51,1,"","","","","","","","","","","","",4.9,1,1005.8,1,"","","","","","",0,1,"","",0,1,0,1,0,1,"","","","","","","","","","","","","","","","","","","","","","","","",25000,1,"","",1,1,0,1,"","","","","","","","","","",3,1,270,1,"","","","","","","","","","","","","","","","","","","","","","","","","","","","","","","","","","","","","","","","","","","","","","","","","","","",""
"83069002","PORQUEROLLES",43.,6.226833,135,1981031900,"","","","",7.,1,320,1,"","","","","","","","","","","","","","","","","","","","","","","","","","","","",5.8,1,-2.1,1,"","","","","","","","","","","","","","","","","","","","","","","","","","",57,1,"","","","","","","","","","","","",5.2,1,1006.3,1,"","","","","","","","","","","","","","","","","","","","","","","","","","","","","","","","","","","","","","","","","","","","","","","","","","","","","","","","","","","","","","","","","","","","","","","","","","","","","","","","","","","","","","","","","","","","","","","","","","","","","","","","","","","","","","","","","",""
"83069002","PORQUEROLLES",43.,6.226833,135,1981031903,"","","","",5.,1,320,1,"","","","","","","","","","","","","","","","","","","","","","","","","","","","",5.7,1,-3.1,1,"","","","","","","","","","","","","","","","","","","","","","","","","","",52,1,"","","","","","","","","","","","",4.8,1,1006.8,1,"","","","","","",0,1,"","",0,1,0,1,0,1,"","","","","","","","","","","","","","","","","","","","","","","","",30000,1,"","",0,1,"","","","","","","","","","","","",3,1,270,1,"","","","","","","","","","","","","","","","","","","","","","","","","","","","","","","","","","","","","","","","","","","","","","","","","","","",""
"83069002","PORQUEROLLES",43.,6.226833,135,1981031906,"","","","",5.,1,320,1,"","","","","","","","","","","","","","","","","","","","","","","","","","","","",5.5,1,-2.9,1,"","","","","","","","","","","","","","","","","","","","","","","","","","",55,1,"","","","","","","","","","","","",4.9,1,1006.8,1,"","","","","","",0,1,"","",0,1,0,1,0,1,"","","","","","","","","","","","","","","","","","","","","","","","",30000,1,"","",2,1,0,1,"","",0,1,"","","","","","",3,1,270,1,"","","","","","","","","","","","","","","","","","","","","","","","","","","","","","","","","","","","","","","","","","","","","","","","","","","",""
"83069002","PORQUEROLLES",43.,6.226833,135,1981031909,"","","","",3.,1,300,1,"","","","","","","","","","","","","","","","","","","","","","","","","","","","",9.4,1,-0.6,1,"","","","","","","","","","","","","","","","","","","","","","","","","","",49,1,"","","","","","","","","","","","",5.8,1,1007.3,1,"","","","","","",0,1,"","",0,1,0,1,0,1,"","","","","","","","","","","","","","","","","","","","","","","","",40000,1,"","",2,1,0,1,"","","","","","","","","","",3,1,270,1,"","","","","","","","","","","","","","","","","","","","","","","","","","","","","","","","","","","","","","","","","","","","","","","","","","","",""
"83069002","PORQUEROLLES",43.,6.226833,135,1981031912,"","","","",2.,1,220,1,"","","","","","","","","","","","","","","","","","","","","","","","","","","","",14.5,1,4.8,1,"","","","","","","","","","","","","","","","","","","","","","","","","","",53,1,"","","","","","","","","","","","",8.7,1,1007.1,1,"","","","","","",1,1,0,1,0,1,0,1,2,1,"","","","","","","","","","","","","","","","","","","","","","","","",40000,1,"","",3,1,0,1,"","","","","","","","","","",3,1,270,1,"","","","","","","","","","","","","","","","","","","","","","","","","","","","","","","","","","","","","","","","","","","","","","","","","","","",""
"83069002","PORQUEROLLES",43.,6.226833,135,1981031915,"","","","",0.,1,0,1,"","","","","","","","","","","","","","","","","","","","","","","","","","","","",15.2,1,5.4,1,"","","","","","","","","","","","","","","","","","","","","","","","","","",53,1,"","","","","","","","","","","","",9.1,1,1006.8,1,"","","","","","",3,1,0,1,0,1,0,1,4,1,"","","","","","","","","","","","","","","","","","","","","","","","",40000,1,"","",3,1,0,1,"","","","","","","","","","",3,1,270,1,"","","","","","","","","","","","","","","","","","","","","","","","","","","","","","","","","","","","","","","","","","","","","","","","","","","",""
"83069002","PORQUEROLLES",43.,6.226833,135,1981031918,"","","","",2.,1,260,1,"","","","","","","","","","","","","","","","","","","","","","","","","","","","",10.5,1,3.8,1,"","","","","","","","","","","","","","","","","","","","","","","","","","",64,1,"","","","","","","","","","","","",8.1,1,1007.9,1,"","","","","","",5,1,5,1,0,1,7,1,4,1,"","","","","","","","","","","","","","","","","","","","","","","","",25000,1,"","",3,1,1,1,"","","","","","","","","","",3,1,270,1,"","","","","","","","","","","","","","","","","","","","","","","","","","","","","","","","","","","","","","","","","","","","","","","","","","","",""
"83069002","PORQUEROLLES",43.,6.226833,135,1981031921,"","","","",5.,1,260,1,"","","","","","","","","","","","","","","","","","","","","","","","","","","","",9.7,1,8.9,1,"","","","","","","","","","","","","","","","","","","","","","","","","","",96,1,"","","","","","","","","","","","",11.6,1,1008.9,1,"","","","","","",4,1,0,1,0,1,0,1,2,1,"","","","","","","","","","","","","","","","","","","","","","","","",25000,1,"","",1,1,1,1,"","","","","","","","","","",3,1,270,1,"","","","","","","","","","","","","","","","","","","","","","","","","","","","","","","","","","","","","","","","","","","","","","","","","","","",""
"83069002","PORQUEROLLES",43.,6.226833,135,1981032000,"","","","",4.,1,260,1,"","","","","","","","","","","","","","","","","","","","","","","","","","","","",9.3,1,8.2,1,"","","","","","","","","","","","","","","","","","","","","","","","","","",95,1,"","","","","","","","","","","","",11.1,1,1009.4,1,"","","","","","","","","","","","","","","","","","","","","","","","","","","","","","","","","","","","","","","","","","","","","","","","","","","","","","","","","","","","","","","","","","","","","","","","","","","","","","","","","","","","","","","","","","","","","","","","","","","","","","","","","","","","","","","","","",""
"83069002","PORQUEROLLES",43.,6.226833,135,1981032003,"","","","",2.,1,280,1,"","","","","","","","","","","","","","","","","","","","","","","","","","","","",9.,1,8.3,1,"","","","","","","","","","","","","","","","","","","","","","","","","","",97,1,"","","","","","","","","","","","",11.2,1,1009.4,1,"","","","","","",2,1,0,1,2,1,0,1,2,1,"","","","","","","","","","","","","","","","","","","","","","","","",18000,1,"","",0,1,"","","","","","","","","","","","",2,1,270,1,"","","","","","","","","","","","","","","","","","","","","","","","","","","","","","","","","","","","","","","","","","","","","","","","","","","",""
"83069002","PORQUEROLLES",43.,6.226833,135,1981032006,"","","","",0.,1,0,1,"","","","","","","","","","","","","","","","","","","","","","","","","","","","",9.5,1,9.5,1,"","","","","","","","","","","","","","","","","","","","","","","","","","",100,1,"","","","","","","","","","","","",11.8,1,1010.1,1,"","","","","","",6,1,0,1,2,1,4,1,2,1,"","","","","","","","","","","","","","","","","","","","","","","","",18000,1,"","",3,1,1,1,"","",0,1,"","","","","","",2,1,230,1,"","","","","","","","","","","","","","","","","","","","","","","","","","","","","","","","","","","","","","","","","","","","","","","","","","","",""
"83069002","PORQUEROLLES",43.,6.226833,135,1981032009,"","","","",0.,1,0,1,"","","","","","","","","","","","","","","","","","","","","","","","","","","","",12.,1,9.1,1,"","","","","","","","","","","","","","","","","","","","","","","","","","",85,1,"","","","","","","","","","","","",11.8,1,1011.8,1,"","","","","","",8,1,8,1,0,1,7,1,"","","","","","","","","","","","","","","","","","","","","","","","","","",18000,1,"","",3,1,2,1,"","","","","","","","","","",2,1,0,1,"","","","","","","","","","","","","","","","","","","","","","","","","","","","","","","","","","","","","","","","","","","","","","","","","","","",""
"83069002","PORQUEROLLES",43.,6.226833,135,1981032012,"","","","",3.,1,220,1,"","","","","","","","","","","","","","","","","","","","","","","","","","","","",12.4,1,11.3,1,"","","","","","","","","","","","","","","","","","","","","","","","","","",95,1,"","","","","","","","","","","","",13.7,1,1012.3,1,"","","","","","",8,1,8,1,0,1,7,1,"","","","","","","","","","","","","","","","","","","","","","","","","","",16000,1,"","",2,1,2,1,"","","","","","","","","","",2,1,0,1,"","","","","","","","","","","","","","","","","","","","","","","","","","","","","","","","","","","","","","","","","","","","","","","","","","","",""
"83069002","PORQUEROLLES",43.,6.226833,135,1981032015,"","","","",4.,1,220,1,"","","","","","","","","","","","","","","","","","","","","","","","","","","","",14.,1,9.8,1,"","","","","","","","","","","","","","","","","","","","","","","","","","",78,1,"","","","","","","","","","","","",12.4,1,1012.3,1,"","","","","","",8,1,8,1,0,1,7,1,"","","","","","","","","","","","","","","","","","","","","","","","","","",14000,1,"","",2,1,2,1,"","","","","","","","","","",2,1,0,1,"","","","","","","","","","","","","","","","","","","","","","","","","","","","","","","","","","","","","","","","","","","","","","","","","","","",""
"83069002","PORQUEROLLES",43.,6.226833,135,1981032018,"","","","",3.,1,240,1,"","","","","","","","","","","","","","","","","","","","","","","","","","","","",11.1,1,9.9,1,"","","","","","","","","","","","","","","","","","","","","","","","","","",94,1,"","","","","","","","","","","","",12.5,1,1012.4,1,"","","","","","",8,1,6,1,2,1,5,1,"","","","","","","","","","","","","","","","","","","","","","","","","","",14000,1,"","",2,1,2,1,"","","","","","","","","","",2,1,0,1,"","","","","","","","","","","","","","","","","","","","","","","","","","","","","","","","","","","","","","","","","","","","","","","","","","","",""
"83069002","PORQUEROLLES",43.,6.226833,135,1981032021,"","","","",2.,1,220,1,"","","","","","","","","","","","","","","","","","","","","","","","","","","","",10.8,1,9.8,1,"","","","","","","","","","","","","","","","","","","","","","","","","","",96,1,"","","","","","","","","","","","",12.4,1,1014.9,1,"","","","","","",6,1,6,1,0,1,5,1,0,1,"","","","","","","","","","","","","","","","","","","","","","","","",12000,1,"","",1,1,2,1,"","","","","","","","","","",2,1,0,1,"","","","","","","","","","","","","","","","","","","","","","","","","","","","","","","","","","","","","","","","","","","","","","","","","","","",""
"83069002","PORQUEROLLES",43.,6.226833,135,1981032100,"","","","",2.,1,240,1,"","","","","","","","","","","","","","","","","","","","","","","","","","","","",10.6,1,10.6,1,"","","","","","","","","","","","","","","","","","","","","","","","","","",100,1,"","","","","","","","","","","","",12.8,1,1013.7,1,"","","","","","","","","","","","","","","","","","","","","","","","","","","","","","","","","","","","","","","","","","","","","","","","","","","","","","","","","","","","","","","","","","","","","","","","","","","","","","","","","","","","","","","","","","","","","","","","","","","","","","","","","","","","","","","","","",""
"83069002","PORQUEROLLES",43.,6.226833,135,1981032103,"","","","",0.,1,0,1,"","","","","","","","","","","","","","","","","","","","","","","","","","","","",10.9,1,10.9,1,"","","","","","","","","","","","","","","","","","","","","","","","","","",100,1,"","","","","","","","","","","","",13.,1,1013.7,1,"","","","","","",8,1,8,1,6,1,"","","","","","","","","","","","","","","","","","","","","","","","","","","","",6000,1,"","",0,1,"","","","","","","","","","","","",2,1,0,1,"","","","","","","","","","","","","","","","","","","","","","","","","","","","","","","","","","","","","","","","","","","","","","","","","","","",""
"83069002","PORQUEROLLES",43.,6.226833,135,1981032106,"","","","",0.,1,0,1,"","","","","","","","","","","","","","","","","","","","","","","","","","","","",10.4,1,9.7,1,"","","","","","","","","","","","","","","","","","","","","","","","","","",97,1,"","","","","","","","","","","","",12.3,1,1013.7,1,"","","","","","",6,1,5,1,6,1,5,1,0,1,"","","","","","","","","","","","","","","","","","","","","","","","",8000,1,"","",1,1,2,1,"","",0,1,"","","","","","",2,1,0,1,"","","","","","","","","","","","","","","","","","","","","","","","","","","","","","","","","","","","","","","","","","","","","","","","","","","",""
"83069002","PORQUEROLLES",43.,6.226833,135,1981032109,"","","","",0.,1,0,1,"","","","","","","","","","","","","","","","","","","","","","","","","","","","",12.,1,10.7,1,"","","","","","","","","","","","","","","","","","","","","","","","","","",94,1,"","","","","","","","","","","","",13.2,1,1015.,1,"","","","","","",6,1,5,1,5,1,0,1,1,1,"","","","","","","","","","","","","","","","","","","","","","","","",8000,1,"","",1,1,4,1,"","","","","","","","","","",2,1,0,1,"","","","","","","","","","","","","","","","","","","","","","","","","","","","","","","","","","","","","","","","","","","","","","","","","","","",""
"83069002","PORQUEROLLES",43.,6.226833,135,1981032112,"","","","",0.,1,0,1,"","","","","","","","","","","","","","","","","","","","","","","","","","","","",14.4,1,11.8,1,"","","","","","","","","","","","","","","","","","","","","","","","","","",87,1,"","","","","","","","","","","","",14.2,1,1014.8,1,"","","","","","",6,1,6,1,5,1,7,1,0,1,"","","","","","","","","","","","","","","","","","","","","","","","",10000,1,"","",3,1,2,1,"","","","","","","","","","",2,1,0,1,"","","","","","","","","","","","","","","","","","","","","","","","","","","","","","","","","","","","","","","","","","","","","","","","","","","",""
"83069002","PORQUEROLLES",43.,6.226833,135,1981032115,"","","","",3.,1,240,1,"","","","","","","","","","","","","","","","","","","","","","","","","","","","",14.,1,12.7,1,"","","","","","","","","","","","","","","","","","","","","","","","","","",94,1,"","","","","","","","","","","","",15.1,1,1014.9,1,"","","","","","",6,1,5,1,5,1,0,1,0,1,"","","","","","","","","","","","","","","","","","","","","","","","",10000,1,"","",3,1,2,1,"","","","","","","","","","",2,1,0,1,"","","","","","","","","","","","","","","","","","","","","","","","","","","","","","","","","","","","","","","","","","","","","","","","","","","",""
"83069002","PORQUEROLLES",43.,6.226833,135,1981032118,"","","","",0.,1,0,1,"","","","","","","","","","","","","","","","","","","","","","","","","","","","",11.8,1,10.8,1,"","","","","","","","","","","","","","","","","","","","","","","","","","",96,1,"","","","","","","","","","","","",13.3,1,1014.4,1,"","","","","","",8,1,8,1,7,1,"","","","","","","","","","","","","","","","","","","","","","","","","","","","",8000,1,"","",3,1,2,1,"","","","","","","","","","",2,1,0,1,"","","","","","","","","","","","","","","","","","","","","","","","","","","","","","","","","","","","","","","","","","","","","","","","","","","",""
"83069002","PORQUEROLLES",43.,6.226833,135,1981032121,"","","","",2.,1,80,1,"","","","","","","","","","","","","","","","","","","","","","","","","","","","",10.6,1,10.6,1,"","","","","","","","","","","","","","","","","","","","","","","","","","",99,1,"","","","","","","","","","","","",12.6,1,1014.4,1,"","","","","","",0,1,"","",0,1,0,1,0,1,"","","","","","","","","","","","","","","","","","","","","","","","",10000,1,"","",1,1,1,1,"","","","","","","","","","",2,1,0,1,"","","","","","","","","","","","","","","","","","","","","","","","","","","","","","","","","","","","","","","","","","","","","","","","","","","",""
"83069002","PORQUEROLLES",43.,6.226833,135,1981032200,"","","","",0.,1,0,1,"","","","","","","","","","","","","","","","","","","","","","","","","","","","",10.4,1,10.4,1,"","","","","","","","","","","","","","","","","","","","","","","","","","",100,1,"","","","","","","","","","","","",12.6,1,1013.7,1,"","","","","","","","","","","","","","","","","","","","","","","","","","","","","","","","","","","","","","","","","","","","","","","","","","","","","","","","","","","","","","","","","","","","","","","","","","","","","","","","","","","","","","","","","","","","","","","","","","","","","","","","","","","","","","","","","",""
"83069002","PORQUEROLLES",43.,6.226833,135,1981032203,"","","","",2.,1,40,1,"","","","","","","","","","","","","","","","","","","","","","","","","","","","",10.4,1,10.4,1,"","","","","","","","","","","","","","","","","","","","","","","","","","",100,1,"","","","","","","","","","","","",12.6,1,1011.8,1,"","","","","","",8,1,8,1,7,1,"","","","","","","","","","","","","","","","","","","","","","","","","","","","",6000,1,"","",0,1,"","","","","","","","","","","","",2,1,0,1,"","","","","","","","","","","","","","","","","","","","","","","","","","","","","","","","","","","","","","","","","","","","","","","","","","","",""
"83069002","PORQUEROLLES",43.,6.226833,135,1981032206,"","","","",3.,1,60,1,"","","","","","","","","","","","","","","","","","","","","","","","","","","","",10.,1,10.,1,"","","","","","","","","","","","","","","","","","","","","","","","","","",100,1,"","","","","","","","","","","","",12.3,1,1011.2,1,"","","","","","",8,1,8,1,7,1,"","","","","","","","","","","","","","","","","","","","","","","","","","","","",5000,1,"","",2,1,2,1,"","","","","","","","","","",2,1,0,1,"","","","","","","","","","","","","","","","","","","","","","","","","","","","","","","","","","","","","","","","","","","","","","","","","","","",""
"83069002","PORQUEROLLES",43.,6.226833,135,1981032209,"","","","",6.,1,120,1,"","","","","","","","","","","","","","","","","","","","","","","","","","","","",11.5,1,8.6,1,"","","","","","","","","","","","","","","","","","","","","","","","","","",84,1,"","","","","","","","","","","","",11.4,1,1010.5,1,"","","","","","",8,1,5,1,6,1,7,1,"","","","","","","","","","","","","","","","","","","","","","","","","","",10000,1,"","",2,1,2,1,"","","","","","","","","","",2,1,90,1,"","","","","","","","","","","","","","","","","","","","","","","","","","","","","","","","","","","","","","","","","","","","","","","","","","","",""
"83069002","PORQUEROLLES",43.,6.226833,135,1981032212,"","","","",5.,1,80,1,"","","","","","","","","","","","","","","","","","","","","","","","","","","","",10.7,1,9.9,1,"","","","","","","","","","","","","","","","","","","","","","","","","","",98,1,"","","","","","","","","","","","",12.5,1,1011.,1,"","","","","","",8,1,6,1,7,1,2,1,"","","","","","","","","","","","","","","","","","","","","","","","","","",6000,1,"","",60,1,6,1,"","","","","","","","","","",2,1,90,1,"","","","","","","","","","","","","","","","","","","","","","","","","","","","","","","","","","","","","","","","","","","","","","","","","","","",""
"83069002","PORQUEROLLES",43.,6.226833,135,1981032215,"","","","",5.,1,40,1,"","","","","","","","","","","","","","","","","","","","","","","","","","","","",12.,1,9.7,1,"","","","","","","","","","","","","","","","","","","","","","","","","","",88,1,"","","","","","","","","","","","",12.3,1,1010.4,1,"","","","","","",8,1,8,1,5,1,7,1,"","","","","","","","","","","","","","","","","","","","","","","","","","",15000,1,"","",2,1,6,1,"","","","","","","","","","",2,1,130,1,"","","","","","","","","","","","","","","","","","","","","","","","","","","","","","","","","","","","","","","","","","","","","","","","","","","",""
"83069002","PORQUEROLLES",43.,6.226833,135,1981032218,"","","","",0.,1,0,1,"","","","","","","","","","","","","","","","","","","","","","","","","","","","",11.5,1,9.2,1,"","","","","","","","","","","","","","","","","","","","","","","","","","",87,1,"","","","","","","","","","","","",11.9,1,1011.9,1,"","","","","","",6,1,5,1,0,1,7,1,2,1,"","","","","","","","","","","","","","","","","","","","","","","","",20000,1,"","",1,1,6,1,"","","","","","","","","","",2,1,170,1,"","","","","","","","","","","","","","","","","","","","","","","","","","","","","","","","","","","","","","","","","","","","","","","","","","","",""
"83069002","PORQUEROLLES",43.,6.226833,135,1981032221,"","","","",3.,1,280,1,"","","","","","","","","","","","","","","","","","","","","","","","","","","","",10.,1,8.1,1,"","","","","","","","","","","","","","","","","","","","","","","","","","",90,1,"","","","","","","","","","","","",11.,1,1013.,1,"","","","","","",1,1,0,1,0,1,0,1,2,1,"","","","","","","","","","","","","","","","","","","","","","","","",30000,1,"","",1,1,1,1,"","","","","","","","","","",2,1,270,1,"","","","","","","","","","","","","","","","","","","","","","","","","","","","","","","","","","","","","","","","","","","","","","","","","","","",""
"83069002","PORQUEROLLES",43.,6.226833,135,1981032300,"","","","",6.,1,280,1,"","","","","","","","","","","","","","","","","","","","","","","","","","","","",10.2,1,9.6,1,"","","","","","","","","","","","","","","","","","","","","","","","","","",98,1,"","","","","","","","","","","","",12.2,1,1013.7,1,"","","","","","","","","","","","","","","","","","","","","","","","","","","","","","","","","","","","","","","","","","","","","","","","","","","","","","","","","","","","","","","","","","","","","","","","","","","","","","","","","","","","","","","","","","","","","","","","","","","","","","","","","","","","","","","","","",""
"83069002","PORQUEROLLES",43.,6.226833,135,1981032303,"","","","",4.,1,280,1,"","","","","","","","","","","","","","","","","","","","","","","","","","","","",9.8,1,8.7,1,"","","","","","","","","","","","","","","","","","","","","","","","","","",95,1,"","","","","","","","","","","","",11.5,1,1013.7,1,"","","","","","",6,1,0,1,0,1,7,1,2,1,"","","","","","","","","","","","","","","","","","","","","","","","",20000,1,"","",0,1,"","","","","","","","","","","","",2,1,270,1,"","","","","","","","","","","","","","","","","","","","","","","","","","","","","","","","","","","","","","","","","","","","","","","","","","","",""
"83069002","PORQUEROLLES",43.,6.226833,135,1981032306,"","","","",2.,1,300,1,"","","","","","","","","","","","","","","","","","","","","","","","","","","","",10.4,1,8.5,1,"","","","","","","","","","","","","","","","","","","","","","","","","","",90,1,"","","","","","","","","","","","",11.3,1,1014.4,1,"","","","","","",3,1,0,1,0,1,4,1,2,1,"","","","","","","","","","","","","","","","","","","","","","","","",20000,1,"","",1,1,1,1,"","",0,1,"","","","","","",2,1,230,1,"","","","","","","","","","","","","","","","","","","","","","","","","","","","","","","","","","","","","","","","","","","","","","","","","","","",""
"83069002","PORQUEROLLES",43.,6.226833,135,1981032309,"","","","",0.,1,0,1,"","","","","","","","","","","","","","","","","","","","","","","","","","","","",13.,1,10.7,1,"","","","","","","","","","","","","","","","","","","","","","","","","","",88,1,"","","","","","","","","","","","",13.2,1,1015.9,1,"","","","","","",5,1,5,1,0,1,0,1,2,1,"","","","","","","","","","","","","","","","","","","","","","","","",14000,1,"","",3,1,1,1,"","","","","","","","","","",2,1,0,1,"","","","","","","","","","","","","","","","","","","","","","","","","","","","","","","","","","","","","","","","","","","","","","","","","","","",""
"83069002","PORQUEROLLES",43.,6.226833,135,1981032312,"","","","",7.,1,240,1,"","","","","","","","","","","","","","","","","","","","","","","","","","","","",16.7,1,11.1,1,"","","","","","","","","","","","","","","","","","","","","","","","","","",71,1,"","","","","","","","","","","","",13.5,1,1016.1,1,"","","","","","",3,1,0,1,1,1,0,1,2,1,"","","","","","","","","","","","","","","","","","","","","","","","",14000,1,"","",1,1,1,1,"","","","","","","","","","",2,1,0,1,"","","","","","","","","","","","","","","","","","","","","","","","","","","","","","","","","","","","","","","","","","","","","","","","","","","",""
"83069002","PORQUEROLLES",43.,6.226833,135,1981032315,"","","","",6.,1,240,1,"","","","","","","","","","","","","","","","","","","","","","","","","","","","",15.,1,12.4,1,"","","","","","","","","","","","","","","","","","","","","","","","","","",87,1,"","","","","","","","","","","","",14.8,1,1016.1,1,"","","","","","",5,1,5,1,0,1,0,1,2,1,"","","","","","","","","","","","","","","","","","","","","","","","",12000,1,"","",3,1,1,1,"","","","","","","","","","",2,1,0,1,"","","","","","","","","","","","","","","","","","","","","","","","","","","","","","","","","","","","","","","","","","","","","","","","","","","",""
"83069002","PORQUEROLLES",43.,6.226833,135,1981032318,"","","","",7.,1,240,1,"","","","","","","","","","","","","","","","","","","","","","","","","","","","",12.3,1,11.4,1,"","","","","","","","","","","","","","","","","","","","","","","","","","",96,1,"","","","","","","","","","","","",13.8,1,1016.3,1,"","","","","","",6,1,6,1,0,1,7,1,0,1,"","","","","","","","","","","","","","","","","","","","","","","","",18000,1,"","",2,1,2,1,"","","","","","","","","","",2,1,0,1,"","","","","","","","","","","","","","","","","","","","","","","","","","","","","","","","","","","","","","","","","","","","","","","","","","","",""
"83069002","PORQUEROLLES",43.,6.226833,135,1981032321,"","","","",5.,1,260,1,"","","","","","","","","","","","","","","","","","","","","","","","","","","","",11.7,1,10.9,1,"","","","","","","","","","","","","","","","","","","","","","","","","","",97,1,"","","","","","","","","","","","",13.4,1,1016.3,1,"","","","","","",5,1,5,1,0,1,7,1,0,1,"","","","","","","","","","","","","","","","","","","","","","","","",14000,1,"","",2,1,2,1,"","","","","","","","","","",2,1,0,1,"","","","","","","","","","","","","","","","","","","","","","","","","","","","","","","","","","","","","","","","","","","","","","","","","","","",""
"83069002","PORQUEROLLES",43.,6.226833,135,1981032400,"","","","",6.,1,280,1,"","","","","","","","","","","","","","","","","","","","","","","","","","","","",11.4,1,11.4,1,"","","","","","","","","","","","","","","","","","","","","","","","","","",100,1,"","","","","","","","","","","","",13.5,1,1017.2,1,"","","","","","","","","","","","","","","","","","","","","","","","","","","","","","","","","","","","","","","","","","","","","","","","","","","","","","","","","","","","","","","","","","","","","","","","","","","","","","","","","","","","","","","","","","","","","","","","","","","","","","","","","","","","","","","","","",""
"83069002","PORQUEROLLES",43.,6.226833,135,1981032403,"","","","",7.,1,280,1,"","","","","","","","","","","","","","","","","","","","","","","","","","","","",11.3,1,11.3,1,"","","","","","","","","","","","","","","","","","","","","","","","","","",100,1,"","","","","","","","","","","","",13.4,1,1015.4,1,"","","","","","",1,1,0,1,1,1,0,1,0,1,"","","","","","","","","","","","","","","","","","","","","","","","",18000,1,"","",0,1,"","","","","","","","","","","","",2,1,0,1,"","","","","","","","","","","","","","","","","","","","","","","","","","","","","","","","","","","","","","","","","","","","","","","","","","","",""
"83069002","PORQUEROLLES",43.,6.226833,135,1981032406,"","","","",5.,1,280,1,"","","","","","","","","","","","","","","","","","","","","","","","","","","","",11.7,1,10.1,1,"","","","","","","","","","","","","","","","","","","","","","","","","","",91,1,"","","","","","","","","","","","",12.6,1,1014.9,1,"","","","","","",3,1,0,1,0,1,0,1,1,1,"","","","","","","","","","","","","","","","","","","","","","","","",12000,1,"","",3,1,0,1,"","",0,1,"","","","","","",2,1,0,1,"","","","","","","","","","","","","","","","","","","","","","","","","","","","","","","","","","","","","","","","","","","","","","","","","","","",""
"83069002","PORQUEROLLES",43.,6.226833,135,1981032409,"","","","",8.,1,260,1,"","","","","","","","","","","","","","","","","","","","","","","","","","","","",13.5,1,11.3,1,"","","","","","","","","","","","","","","","","","","","","","","","","","",89,1,"","","","","","","","","","","","",13.7,1,1015.8,1,"","","","","","",3,1,0,1,0,1,4,1,2,1,"","","","","","","","","","","","","","","","","","","","","","","","",8000,1,"","",3,1,0,1,"","","","","","","","","","",3,1,"","","","","","","","","","","","","","","","","","","","","","","","","","","","","","","","","","","","","","","","","","","","","","","","","","","","","",""
"83069002","PORQUEROLLES",43.,6.226833,135,1981032412,"","","","",9.,1,260,1,"","","","","","","","","","","","","","","","","","","","","","","","","","","","",16.5,1,13.3,1,"","","","","","","","","","","","","","","","","","","","","","","","","","",83,1,"","","","","","","","","","","","",15.7,1,1015.2,1,"","","","","","",4,1,0,1,2,1,4,1,1,1,"","","","","","","","","","","","","","","","","","","","","","","","",10000,1,"","",3,1,0,1,"","","","","","","","","","",3,1,"","","","","","","","","","","","","","","","","","","","","","","","","","","","","","","","","","","","","","","","","","","","","","","","","","","","","",""
"83069002","PORQUEROLLES",43.,6.226833,135,1981032415,"","","","",13.,1,260,1,"","","","","","","","","","","","","","","","","","","","","","","","","","","","",17.5,1,14.8,1,"","","","","","","","","","","","","","","","","","","","","","","","","","",87,1,"","","","","","","","","","","","",17.4,1,1014.2,1,"","","","","","",3,1,0,1,2,1,4,1,1,1,"","","","","","","","","","","","","","","","","","","","","","","","",15000,1,"","",2,1,0,1,"","","","","","","","","","",4,1,"","","","","","","","","","","","","","","","","","","","","","","","","","","","","","","","","","","","","","","","","","","","","","","","","","","","","",""
"83069002","PORQUEROLLES",43.,6.226833,135,1981032418,"","","","",8.,1,260,1,"","","","","","","","","","","","","","","","","","","","","","","","","","","","",16.5,1,14.3,1,"","","","","","","","","","","","","","","","","","","","","","","","","","",90,1,"","","","","","","","","","","","",16.8,1,1014.3,1,"","","","","","",5,1,5,1,0,1,4,1,2,1,"","","","","","","","","","","","","","","","","","","","","","","","",15000,1,"","",3,1,1,1,"","","","","","","","","","",3,1,"","","","","","","","","","","","","","","","","","","","","","","","","","","","","","","","","","","","","","","","","","","","","","","","","","","","","",""
"83069002","PORQUEROLLES",43.,6.226833,135,1981032421,"","","","",7.,1,260,1,"","","","","","","","","","","","","","","","","","","","","","","","","","","","",16.,1,13.9,1,"","","","","","","","","","","","","","","","","","","","","","","","","","",90,1,"","","","","","","","","","","","",16.3,1,1015.1,1,"","","","","","",0,1,"","",0,1,0,1,0,1,"","","","","","","","","","","","","","","","","","","","","","","","",20000,1,"","",1,1,1,1,"","","","","","","","","","",3,1,"","","","","","","","","","","","","","","","","","","","","","","","","","","","","","","","","","","","","","","","","","","","","","","","","","","","","",""
"83069002","PORQUEROLLES",43.,6.226833,135,1981032500,"","","","",5.,1,40,1,"","","","","","","","","","","","","","","","","","","","","","","","","","","","",13.5,1,12.3,1,"","","","","","","","","","","","","","","","","","","","","","","","","","",94,1,"","","","","","","","","","","","",14.6,1,1014.4,1,"","","","","","","","","","","","","","","","","","","","","","","","","","","","","","","","","","","","","","","","","","","","","","","","","","","","","","","","","","","","","","","","","","","","","","","","","","","","","","","","","","","","","","","","","","","","","","","","","","","","","","","","","","","","","","","","","",""
"83069002","PORQUEROLLES",43.,6.226833,135,1981032503,"","","","",4.,1,40,1,"","","","","","","","","","","","","","","","","","","","","","","","","","","","",11.5,1,11.5,1,"","","","","","","","","","","","","","","","","","","","","","","","","","",100,1,"","","","","","","","","","","","",13.6,1,1016.6,1,"","","","","","",0,1,"","",0,1,0,1,0,1,"","","","","","","","","","","","","","","","","","","","","","","","",10000,1,"","",0,1,"","","","","","","","","","","","",2,1,0,1,"","","","","","","","","","","","","","","","","","","","","","","","","","","","","","","","","","","","","","","","","","","","","","","","","","","",""
"83069002","PORQUEROLLES",43.,6.226833,135,1981032506,"","","","",5.,1,60,1,"","","","","","","","","","","","","","","","","","","","","","","","","","","","",11.5,1,11.5,1,"","","","","","","","","","","","","","","","","","","","","","","","","","",99,1,"","","","","","","","","","","","",13.4,1,1017.3,1,"","","","","","",3,1,0,1,0,1,4,1,2,1,"","","","","","","","","","","","","","","","","","","","","","","","",8000,1,"","",3,1,0,1,"","",0,1,"","","","","","",3,1,270,1,"","","","","","","","","","","","","","","","","","","","","","","","","","","","","","","","","","","","","","","","","","","","","","","","","","","",""
"83069002","PORQUEROLLES",43.,6.226833,135,1981032509,"","","","",5.,1,80,1,"","","","","","","","","","","","","","","","","","","","","","","","","","","","",14.5,1,13.3,1,"","","","","","","","","","","","","","","","","","","","","","","","","","",95,1,"","","","","","","","","","","","",15.7,1,1017.9,1,"","","","","","",1,1,0,1,0,1,0,1,1,1,"","","","","","","","","","","","","","","","","","","","","","","","",8000,1,"","",1,1,0,1,"","","","","","","","","","",2,1,90,1,"","","","","","","","","","","","","","","","","","","","","","","","","","","","","","","","","","","","","","","","","","","","","","","","","","","",""
"83069002","PORQUEROLLES",43.,6.226833,135,1981032512,"","","","",7.,1,100,1,"","","","","","","","","","","","","","","","","","","","","","","","","","","","",16.7,1,13.7,1,"","","","","","","","","","","","","","","","","","","","","","","","","","",85,1,"","","","","","","","","","","","",16.1,1,1017.7,1,"","","","","","",4,1,0,1,6,1,0,1,0,1,"","","","","","","","","","","","","","","","","","","","","","","","",6000,1,"","",3,1,0,1,"","","","","","","","","","",2,1,130,1,"","","","","","","","","","","","","","","","","","","","","","","","","","","","","","","","","","","","","","","","","","","","","","","","","","","",""
"83069002","PORQUEROLLES",43.,6.226833,135,1981032515,"","","","",5.,1,40,1,"","","","","","","","","","","","","","","","","","","","","","","","","","","","",17.,1,14.9,1,"","","","","","","","","","","","","","","","","","","","","","","","","","",90,1,"","","","","","","","","","","","",17.4,1,1017.2,1,"","","","","","",2,1,0,1,6,1,0,1,0,1,"","","","","","","","","","","","","","","","","","","","","","","","",8000,1,"","",1,1,0,1,"","","","","","","","","","",3,1,90,1,"","","","","","","","","","","","","","","","","","","","","","","","","","","","","","","","","","","","","","","","","","","","","","","","","","","",""
"83069002","PORQUEROLLES",43.,6.226833,135,1981032518,"","","","",7.,1,60,1,"","","","","","","","","","","","","","","","","","","","","","","","","","","","",13.,1,12.3,1,"","","","","","","","","","","","","","","","","","","","","","","","","","",98,1,"","","","","","","","","","","","",14.6,1,1017.7,1,"","","","","","",5,1,0,1,6,1,7,1,1,1,"","","","","","","","","","","","","","","","","","","","","","","","",6000,1,"","",3,1,1,1,"","","","","","","","","","",2,1,90,1,"","","","","","","","","","","","","","","","","","","","","","","","","","","","","","","","","","","","","","","","","","","","","","","","","","","",""
"83069002","PORQUEROLLES",43.,6.226833,135,1981032521,"","","","",11.,1,60,1,"","","","","","","","","","","","","","","","","","","","","","","","","","","","",12.3,1,11.5,1,"","","","","","","","","","","","","","","","","","","","","","","","","","",98,1,"","","","","","","","","","","","",13.9,1,1017.7,1,"","","","","","",8,1,8,1,6,1,7,1,"","","","","","","","","","","","","","","","","","","","","","","","","","",10000,1,"","",3,1,2,1,"","","","","","","","","","",3,1,90,1,"","","","","","","","","","","","","","","","","","","","","","","","","","","","","","","","","","","","","","","","","","","","","","","","","","","",""
"83069002","PORQUEROLLES",43.,6.226833,135,1981032600,"","","","",9.,1,60,1,"","","","","","","","","","","","","","","","","","","","","","","","","","","","",11.8,1,10.9,1,"","","","","","","","","","","","","","","","","","","","","","","","","","",97,1,"","","","","","","","","","","","",13.4,1,1018.1,1,"","","","","","","","","","","","","","","","","","","","","","","","","","","","","","","","","","","","","","","","","","","","","","","","","","","","","","","","","","","","","","","","","","","","","","","","","","","","","","","","","","","","","","","","","","","","","","","","","","","","","","","","","","","","","","","","","",""
"83069002","PORQUEROLLES",43.,6.226833,135,1981032603,"","","","",9.,1,60,1,"","","","","","","","","","","","","","","","","","","","","","","","","","","","",11.8,1,11.1,1,"","","","","","","","","","","","","","","","","","","","","","","","","","",97,1,"","","","","","","","","","","","",13.5,1,1016.1,1,"","","","","","",8,1,8,1,6,1,"","","","","","","","","","","","","","","","","","","","","","","","","","","","",10000,1,"","",0,1,"","","","","","","","","","","","",3,1,90,1,"","","","","","","","","","","","","","","","","","","","","","","","","","","","","","","","","","","","","","","","","","","","","","","","","","","",""
"83069002","PORQUEROLLES",43.,6.226833,135,1981032606,"","","","",8.,1,60,1,"","","","","","","","","","","","","","","","","","","","","","","","","","","","",11.6,1,10.8,1,"","","","","","","","","","","","","","","","","","","","","","","","","","",98,1,"","","","","","","","","","","","",13.3,1,1016.5,1,"","","","","","",8,1,8,1,6,1,"","","","","","","","","","","","","","","","","","","","","","","","","","","","",8000,1,"","",2,1,2,1,"","",0,1,"","","","","","",3,1,90,1,"","","","","","","","","","","","","","","","","","","","","","","","","","","","","","","","","","","","","","","","","","","","","","","","","","","",""
"83069002","PORQUEROLLES",43.,6.226833,135,1981032609,"","","","",2.,1,60,1,"","","","","","","","","","","","","","","","","","","","","","","","","","","","",13.5,1,11.3,1,"","","","","","","","","","","","","","","","","","","","","","","","","","",89,1,"","","","","","","","","","","","",13.7,1,1017.1,1,"","","","","","",8,1,8,1,6,1,"","","","","","","","","","","","","","","","","","","","","","","","","","","","",6000,1,"","",2,1,2,1,"","","","","","","","","","",3,1,90,1,"","","","","","","","","","","","","","","","","","","","","","","","","","","","","","","","","","","","","","","","","","","","","","","","","","","",""
"83069002","PORQUEROLLES",43.,6.226833,135,1981032612,"","","","",0.,1,0,1,"","","","","","","","","","","","","","","","","","","","","","","","","","","","",14.,1,13.,1,"","","","","","","","","","","","","","","","","","","","","","","","","","",97,1,"","","","","","","","","","","","",15.4,1,1017.1,1,"","","","","","",8,1,8,1,7,1,2,1,"","","","","","","","","","","","","","","","","","","","","","","","","","",5000,1,"","",21,1,6,1,"","","","","","","","","","",3,1,90,1,"","","","","","","","","","","","","","","","","","","","","","","","","","","","","","","","","","","","","","","","","","","","","","","","","","","",""
"83069002","PORQUEROLLES",43.,6.226833,135,1981032615,"","","","",3.,1,260,1,"","","","","","","","","","","","","","","","","","","","","","","","","","","","",13.5,1,12.2,1,"","","","","","","","","","","","","","","","","","","","","","","","","","",94,1,"","","","","","","","","","","","",14.6,1,1016.2,1,"","","","","","",8,1,8,1,7,1,2,1,"","","","","","","","","","","","","","","","","","","","","","","","","","",8000,1,"","",2,1,2,1,"","","","","","","","","","",2,1,0,1,"","","","","","","","","","","","","","","","","","","","","","","","","","","","","","","","","","","","","","","","","","","","","","","","","","","",""
"83069002","PORQUEROLLES",43.,6.226833,135,1981032618,"","","","",3.,1,280,1,"","","","","","","","","","","","","","","","","","","","","","","","","","","","",12.5,1,11.7,1,"","","","","","","","","","","","","","","","","","","","","","","","","","",98,1,"","","","","","","","","","","","",14.1,1,1015.,1,"","","","","","",3,1,0,1,0,1,0,1,2,1,"","","","","","","","","","","","","","","","","","","","","","","","",5000,1,"","",1,1,1,1,"","","","","","","","","","",2,1,0,1,"","","","","","","","","","","","","","","","","","","","","","","","","","","","","","","","","","","","","","","","","","","","","","","","","","","",""
"83069002","PORQUEROLLES",43.,6.226833,135,1981032621,"","","","",6.,1,40,1,"","","","","","","","","","","","","","","","","","","","","","","","","","","","",12.5,1,11.4,1,"","","","","","","","","","","","","","","","","","","","","","","","","","",96,1,"","","","","","","","","","","","",13.8,1,1015.,1,"","","","","","",9,1,"","","","","","","","","","","","","","","","","","","","","","","","","","","","","","","","",50,1,"","",45,1,4,1,"","","","","","","","","","","","","","","","","","","","","","","","","","","","","","","","","","","","","","","","","","","","","","","","","","","","","","","","","","","","","","","","","",""
"83069002","PORQUEROLLES",43.,6.226833,135,1981032700,"","","","",7.,1,40,1,"","","","","","","","","","","","","","","","","","","","","","","","","","","","",11.1,1,10.4,1,"","","","","","","","","","","","","","","","","","","","","","","","","","",98,1,"","","","","","","","","","","","",12.9,1,1015.,1,"","","","","","","","","","","","","","","","","","","","","","","","","","","","","","","","","","","","","","","","","","","","","","","","","","","","","","","","","","","","","","","","","","","","","","","","","","","","","","","","","","","","","","","","","","","","","","","","","","","","","","","","","","","","","","","","","",""
"83069002","PORQUEROLLES",43.,6.226833,135,1981032703,"","","","",5.,1,60,1,"","","","","","","","","","","","","","","","","","","","","","","","","","","","",11.5,1,10.7,1,"","","","","","","","","","","","","","","","","","","","","","","","","","",98,1,"","","","","","","","","","","","",13.2,1,1015.,1,"","","","","","",8,1,8,1,6,1,"","","","","","","","","","","","","","","","","","","","","","","","","","","","",6000,1,"","",0,1,"","","","","","","","","","","","",2,1,0,1,"","","","","","","","","","","","","","","","","","","","","","","","","","","","","","","","","","","","","","","","","","","","","","","","","","","",""
"83069002","PORQUEROLLES",43.,6.226833,135,1981032706,"","","","",2.,1,80,1,"","","","","","","","","","","","","","","","","","","","","","","","","","","","",11.6,1,11.6,1,"","","","","","","","","","","","","","","","","","","","","","","","","","",100,1,"","","","","","","","","","","","",13.6,1,1015.,1,"","","","","","",8,1,8,1,6,1,"","","","","","","","","","","","","","","","","","","","","","","","","","","","",2000,1,"","",10,1,2,1,"","",0,1,"","","","","","",2,1,0,1,"","","","","","","","","","","","","","","","","","","","","","","","","","","","","","","","","","","","","","","","","","","","","","","","","","","",""
"83069002","PORQUEROLLES",43.,6.226833,135,1981032709,"","","","",4.,1,40,1,"","","","","","","","","","","","","","","","","","","","","","","","","","","","",14.8,1,11.9,1,"","","","","","","","","","","","","","","","","","","","","","","","","","",85,1,"","","","","","","","","","","","",14.3,1,1015.4,1,"","","","","","",5,1,5,1,5,1,0,1,0,1,"","","","","","","","","","","","","","","","","","","","","","","","",5000,1,"","",1,1,4,1,"","","","","","","","","","",2,1,0,1,"","","","","","","","","","","","","","","","","","","","","","","","","","","","","","","","","","","","","","","","","","","","","","","","","","","",""
"83069002","PORQUEROLLES",43.,6.226833,135,1981032712,"","","","",5.,1,60,1,"","","","","","","","","","","","","","","","","","","","","","","","","","","","",18.4,1,12.3,1,"","","","","","","","","","","","","","","","","","","","","","","","","","",70,1,"","","","","","","","","","","","",14.7,1,1014.2,1,"","","","","","",3,1,0,1,2,1,0,1,0,1,"","","","","","","","","","","","","","","","","","","","","","","","",8000,1,"","",1,1,1,1,"","","","","","","","","","",2,1,0,1,"","","","","","","","","","","","","","","","","","","","","","","","","","","","","","","","","","","","","","","","","","","","","","","","","","","",""
"83069002","PORQUEROLLES",43.,6.226833,135,1981032715,"","","","",4.,1,80,1,"","","","","","","","","","","","","","","","","","","","","","","","","","","","",17.5,1,12.7,1,"","","","","","","","","","","","","","","","","","","","","","","","","","",75,1,"","","","","","","","","","","","",15.1,1,1012.7,1,"","","","","","",0,1,"","",0,1,0,1,0,1,"","","","","","","","","","","","","","","","","","","","","","","","",6000,1,"","",1,1,0,1,"","","","","","","","","","",2,1,0,1,"","","","","","","","","","","","","","","","","","","","","","","","","","","","","","","","","","","","","","","","","","","","","","","","","","","",""
"83069002","PORQUEROLLES",43.,6.226833,135,1981032718,"","","","",2.,1,80,1,"","","","","","","","","","","","","","","","","","","","","","","","","","","","",12.8,1,11.8,1,"","","","","","","","","","","","","","","","","","","","","","","","","","",96,1,"","","","","","","","","","","","",14.2,1,1012.9,1,"","","","","","",3,1,0,1,6,1,0,1,2,1,"","","","","","","","","","","","","","","","","","","","","","","","",5000,1,"","",3,1,0,1,"","","","","","","","","","",2,1,0,1,"","","","","","","","","","","","","","","","","","","","","","","","","","","","","","","","","","","","","","","","","","","","","","","","","","","",""
"83069002","PORQUEROLLES",43.,6.226833,135,1981032721,"","","","",0.,1,0,1,"","","","","","","","","","","","","","","","","","","","","","","","","","","","",11.5,1,11.5,1,"","","","","","","","","","","","","","","","","","","","","","","","","","",99,1,"","","","","","","","","","","","",13.4,1,1013.,1,"","","","","","",0,1,"","",0,1,0,1,0,1,"","","","","","","","","","","","","","","","","","","","","","","","",3000,1,"","",10,1,0,1,"","","","","","","","","","",2,1,0,1,"","","","","","","","","","","","","","","","","","","","","","","","","","","","","","","","","","","","","","","","","","","","","","","","","","","",""
"83069002","PORQUEROLLES",43.,6.226833,135,1981032800,"","","","",0.,1,0,1,"","","","","","","","","","","","","","","","","","","","","","","","","","","","",11.3,1,11.3,1,"","","","","","","","","","","","","","","","","","","","","","","","","","",99,1,"","","","","","","","","","","","",13.3,1,1012.7,1,"","","","","","","","","","","","","","","","","","","","","","","","","","","","","","","","","","","","","","","","","","","","","","","","","","","","","","","","","","","","","","","","","","","","","","","","","","","","","","","","","","","","","","","","","","","","","","","","","","","","","","","","","","","","","","","","","",""
"83069002","PORQUEROLLES",43.,6.226833,135,1981032803,"","","","",2.,1,40,1,"","","","","","","","","","","","","","","","","","","","","","","","","","","","",11.3,1,11.3,1,"","","","","","","","","","","","","","","","","","","","","","","","","","",100,1,"","","","","","","","","","","","",13.4,1,1012.3,1,"","","","","","",8,1,8,1,6,1,"","","","","","","","","","","","","","","","","","","","","","","","","","","","",3000,1,"","",10,1,"","","","","","","","","","","","",2,1,0,1,"","","","","","","","","","","","","","","","","","","","","","","","","","","","","","","","","","","","","","","","","","","","","","","","","","","",""
"83069002","PORQUEROLLES",43.,6.226833,135,1981032806,"","","","",4.,1,40,1,"","","","","","","","","","","","","","","","","","","","","","","","","","","","",10.9,1,10.9,1,"","","","","","","","","","","","","","","","","","","","","","","","","","",99,1,"","","","","","","","","","","","",12.9,1,1011.4,1,"","","","","","",8,1,8,1,6,1,"","","","","","","","","","","","","","","","","","","","","","","","","","","","",4000,1,"","",10,1,2,1,"","",0,1,"","","","","","",2,1,0,1,"","","","","","","","","","","","","","","","","","","","","","","","","","","","","","","","","","","","","","","","","","","","","","","","","","","",""
"83069002","PORQUEROLLES",43.,6.226833,135,1981032809,"","","","",5.,1,60,1,"","","","","","","","","","","","","","","","","","","","","","","","","","","","",11.8,1,11.8,1,"","","","","","","","","","","","","","","","","","","","","","","","","","",100,1,"","","","","","","","","","","","",13.8,1,1011.6,1,"","","","","","",8,1,8,1,6,1,"","","","","","","","","","","","","","","","","","","","","","","","","","","","",3000,1,"","",10,1,2,1,"","","","","","","","","","",2,1,90,1,"","","","","","","","","","","","","","","","","","","","","","","","","","","","","","","","","","","","","","","","","","","","","","","","","","","",""
"83069002","PORQUEROLLES",43.,6.226833,135,1981032812,"","","","",9.,1,40,1,"","","","","","","","","","","","","","","","","","","","","","","","","","","","",13.7,1,11.1,1,"","","","","","","","","","","","","","","","","","","","","","","","","","",85,1,"","","","","","","","","","","","",13.5,1,1010.3,1,"","","","","","",8,1,8,1,6,1,"","","","","","","","","","","","","","","","","","","","","","","","","","","","",5000,1,"","",2,1,2,1,"","","","","","","","","","",3,1,90,1,"","","","","","","","","","","","","","","","","","","","","","","","","","","","","","","","","","","","","","","","","","","","","","","","","","","",""
"83069002","PORQUEROLLES",43.,6.226833,135,1981032815,"","","","",4.,1,100,1,"","","","","","","","","","","","","","","","","","","","","","","","","","","","",12.5,1,9.2,1,"","","","","","","","","","","","","","","","","","","","","","","","","","",83,1,"","","","","","","","","","","","",11.9,1,1010.1,1,"","","","","","",8,1,8,1,7,1,"","","","","","","","","","","","","","","","","","","","","","","","","","","","",5000,1,"","",60,1,6,1,"","","","","","","","","","",3,1,90,1,"","","","","","","","","","","","","","","","","","","","","","","","","","","","","","","","","","","","","","","","","","","","","","","","","","","",""
"83069002","PORQUEROLLES",43.,6.226833,135,1981032818,"","","","",7.,1,60,1,"","","","","","","","","","","","","","","","","","","","","","","","","","","","",11.,1,9.8,1,"","","","","","","","","","","","","","","","","","","","","","","","","","",95,1,"","","","","","","","","","","","",12.4,1,1009.1,1,"","","","","","",8,1,6,1,7,1,7,1,"","","","","","","","","","","","","","","","","","","","","","","","","","",5000,1,"","",60,1,6,1,"","","","","","","","","","",2,1,90,1,"","","","","","","","","","","","","","","","","","","","","","","","","","","","","","","","","","","","","","","","","","","","","","","","","","","",""
"83069002","PORQUEROLLES",43.,6.226833,135,1981032821,"","","","",5.,1,80,1,"","","","","","","","","","","","","","","","","","","","","","","","","","","","",11.2,1,9.7,1,"","","","","","","","","","","","","","","","","","","","","","","","","","",92,1,"","","","","","","","","","","","",12.3,1,1009.5,1,"","","","","","",8,1,8,1,0,1,7,1,"","","","","","","","","","","","","","","","","","","","","","","","","","",10000,1,"","",2,1,6,1,"","","","","","","","","","",2,1,90,1,"","","","","","","","","","","","","","","","","","","","","","","","","","","","","","","","","","","","","","","","","","","","","","","","","","","",""
"83069002","PORQUEROLLES",43.,6.226833,135,1981032900,"","","","",5.,1,60,1,"","","","","","","","","","","","","","","","","","","","","","","","","","","","",11.9,1,11.1,1,"","","","","","","","","","","","","","","","","","","","","","","","","","",97,1,"","","","","","","","","","","","",13.5,1,1009.2,1,"","","","","","","","","","","","","","","","","","","","","","","","","","","","","","","","","","","","","","","","","","","","","","","","","","","","","","","","","","","","","","","","","","","","","","","","","","","","","","","","","","","","","","","","","","","","","","","","","","","","","","","","","","","","","","","","","",""
"83069002","PORQUEROLLES",43.,6.226833,135,1981032903,"","","","",8.,1,60,1,"","","","","","","","","","","","","","","","","","","","","","","","","","","","",11.7,1,10.7,1,"","","","","","","","","","","","","","","","","","","","","","","","","","",96,1,"","","","","","","","","","","","",13.2,1,1007.8,1,"","","","","","",8,1,8,1,6,1,"","","","","","","","","","","","","","","","","","","","","","","","","","","","",12000,1,"","",0,1,"","","","","","","","","","","","",3,1,90,1,"","","","","","","","","","","","","","","","","","","","","","","","","","","","","","","","","","","","","","","","","","","","","","","","","","","",""
"83069002","PORQUEROLLES",43.,6.226833,135,1981032906,"","","","",7.,1,60,1,"","","","","","","","","","","","","","","","","","","","","","","","","","","","",11.7,1,10.7,1,"","","","","","","","","","","","","","","","","","","","","","","","","","",96,1,"","","","","","","","","","","","",13.2,1,1007.4,1,"","","","","","",8,1,8,1,6,1,"","","","","","","","","","","","","","","","","","","","","","","","","","","","",6000,1,"","",2,1,2,1,"","","","","","","","","","",3,1,130,1,"","","","","","","","","","","","","","","","","","","","","","","","","","","","","","","","","","","","","","","","","","","","","","","","","","","",""
"83069002","PORQUEROLLES",43.,6.226833,135,1981032909,"","","","",14.,1,60,1,"","","","","","","","","","","","","","","","","","","","","","","","","","","","",11.8,1,11.8,1,"","","","","","","","","","","","","","","","","","","","","","","","","","",100,1,"","","","","","","","","","","","",13.8,1,1006.9,1,"","","","","","",8,1,6,1,7,1,2,1,"","","","","","","","","","","","","","","","","","","","","","","","","","",5000,1,"","",60,1,6,1,"","","","","","","","","","",4,1,90,1,"","","","","","","","","","","","","","","","","","","","","","","","","","","","","","","","","","","","","","","","","","","","","","","","","","","",""
"83069002","PORQUEROLLES",43.,6.226833,135,1981032912,"","","","",15.,1,60,1,"","","","","","","","","","","","","","","","","","","","","","","","","","","","",12.,1,12.,1,"","","","","","","","","","","","","","","","","","","","","","","","","","",100,1,"","","","","","","","","","","","",14.,1,1006.4,1,"","","","","","",8,1,8,1,7,1,"","","","","","","","","","","","","","","","","","","","","","","","","","","","",5000,1,"","",60,1,6,1,"","","","","","","","","","",4,1,90,1,"","","","","","","","","","","","","","","","","","","","","","","","","","","","","","","","","","","","","","","","","","","","","","","","","","","",""
"83069002","PORQUEROLLES",43.,6.226833,135,1981032915,"","","","",8.,1,160,1,"","","","","","","","","","","","","","","","","","","","","","","","","","","","",12.,1,12.,1,"","","","","","","","","","","","","","","","","","","","","","","","","","",100,1,"","","","","","","","","","","","",14.,1,1006.4,1,"","","","","","",8,1,8,1,7,1,"","","","","","","","","","","","","","","","","","","","","","","","","","","","",6000,1,"","",2,1,6,1,"","","","","","","","","","",4,1,90,1,"","","","","","","","","","","","","","","","","","","","","","","","","","","","","","","","","","","","","","","","","","","","","","","","","","","",""
"83069002","PORQUEROLLES",43.,6.226833,135,1981032918,"","","","",8.,1,160,1,"","","","","","","","","","","","","","","","","","","","","","","","","","","","",12.3,1,12.3,1,"","","","","","","","","","","","","","","","","","","","","","","","","","",100,1,"","","","","","","","","","","","",14.3,1,1006.4,1,"","","","","","",8,1,8,1,7,1,"","","","","","","","","","","","","","","","","","","","","","","","","","","","",5000,1,"","",60,1,6,1,"","","","","","","","","","",4,1,90,1,"","","","","","","","","","","","","","","","","","","","","","","","","","","","","","","","","","","","","","","","","","","","","","","","","","","",""
"83069002","PORQUEROLLES",43.,6.226833,135,1981032921,"","","","",13.,1,180,1,"","","","","","","","","","","","","","","","","","","","","","","","","","","","",12.8,1,12.8,1,"","","","","","","","","","","","","","","","","","","","","","","","","","",100,1,"","","","","","","","","","","","",14.8,1,1007.9,1,"","","","","","",8,1,8,1,7,1,"","","","","","","","","","","","","","","","","","","","","","","","","","","","",5000,1,"","",61,1,6,1,"","","","","","","","","","",4,1,90,1,"","","","","","","","","","","","","","","","","","","","","","","","","","","","","","","","","","","","","","","","","","","","","","","","","","","",""
"83069002","PORQUEROLLES",43.,6.226833,135,1981033000,"","","","",12.,1,180,1,"","","","","","","","","","","","","","","","","","","","","","","","","","","","",12.3,1,12.3,1,"","","","","","","","","","","","","","","","","","","","","","","","","","",100,1,"","","","","","","","","","","","",14.3,1,1008.,1,"","","","","","","","","","","","","","","","","","","","","","","","","","","","","","","","","","","","","","","","","","","","","","","","","","","","","","","","","","","","","","","","","","","","","","","","","","","","","","","","","","","","","","","","","","","","","","","","","","","","","","","","","","","","","","","","","",""
"83069002","PORQUEROLLES",43.,6.226833,135,1981033003,"","","","",9.,1,160,1,"","","","","","","","","","","","","","","","","","","","","","","","","","","","",12.,1,12.,1,"","","","","","","","","","","","","","","","","","","","","","","","","","",100,1,"","","","","","","","","","","","",14.,1,1008.,1,"","","","","","",8,1,5,1,6,1,2,1,"","","","","","","","","","","","","","","","","","","","","","","","","","",8000,1,"","",0,1,"","","","","","","","","","","","",3,1,90,1,"","","","","","","","","","","","","","","","","","","","","","","","","","","","","","","","","","","","","","","","","","","","","","","","","","","",""
"83069002","PORQUEROLLES",43.,6.226833,135,1981033006,"","","","",7.,1,160,1,"","","","","","","","","","","","","","","","","","","","","","","","","","","","",11.8,1,11.8,1,"","","","","","","","","","","","","","","","","","","","","","","","","","",100,1,"","","","","","","","","","","","",13.8,1,1008.9,1,"","","","","","",8,1,6,1,7,1,2,1,"","","","","","","","","","","","","","","","","","","","","","","","","","",8000,1,"","",2,1,6,1,"","",0,1,"","","","","","",3,1,90,1,"","","","","","","","","","","","","","","","","","","","","","","","","","","","","","","","","","","","","","","","","","","","","","","","","","","",""
"83069002","PORQUEROLLES",43.,6.226833,135,1981033009,"","","","",5.,1,120,1,"","","","","","","","","","","","","","","","","","","","","","","","","","","","",12.2,1,11.1,1,"","","","","","","","","","","","","","","","","","","","","","","","","","",95,1,"","","","","","","","","","","","",13.5,1,1009.5,1,"","","","","","",8,1,7,1,7,1,2,1,"","","","","","","","","","","","","","","","","","","","","","","","","","",12000,1,"","",2,1,2,1,"","","","","","","","","","",3,1,130,1,"","","","","","","","","","","","","","","","","","","","","","","","","","","","","","","","","","","","","","","","","","","","","","","","","","","",""
"83069002","PORQUEROLLES",43.,6.226833,135,1981033012,"","","","",4.,1,120,1,"","","","","","","","","","","","","","","","","","","","","","","","","","","","",14.,1,11.4,1,"","","","","","","","","","","","","","","","","","","","","","","","","","",86,1,"","","","","","","","","","","","",13.8,1,1009.3,1,"","","","","","",8,1,8,1,2,1,7,1,"","","","","","","","","","","","","","","","","","","","","","","","","","",20000,1,"","",2,1,2,1,"","","","","","","","","","",3,1,130,1,"","","","","","","","","","","","","","","","","","","","","","","","","","","","","","","","","","","","","","","","","","","","","","","","","","","",""
"83069002","PORQUEROLLES",43.,6.226833,135,1981033015,"","","","",5.,1,40,1,"","","","","","","","","","","","","","","","","","","","","","","","","","","","",15.6,1,12.3,1,"","","","","","","","","","","","","","","","","","","","","","","","","","",83,1,"","","","","","","","","","","","",14.7,1,1007.6,1,"","","","","","",7,1,7,1,2,1,7,1,"","","","","","","","","","","","","","","","","","","","","","","","","","",30000,1,"","",1,1,2,1,"","","","","","","","","","",3,1,130,1,"","","","","","","","","","","","","","","","","","","","","","","","","","","","","","","","","","","","","","","","","","","","","","","","","","","",""
"83069002","PORQUEROLLES",43.,6.226833,135,1981033018,"","","","",0.,1,0,1,"","","","","","","","","","","","","","","","","","","","","","","","","","","","",11.7,1,9.9,1,"","","","","","","","","","","","","","","","","","","","","","","","","","",91,1,"","","","","","","","","","","","",12.5,1,1007.9,1,"","","","","","",8,1,8,1,0,1,7,1,"","","","","","","","","","","","","","","","","","","","","","","","","","",20000,1,"","",60,1,6,1,"","","","","","","","","","",2,1,170,1,"","","","","","","","","","","","","","","","","","","","","","","","","","","","","","","","","","","","","","","","","","","","","","","","","","","",""
"83069002","PORQUEROLLES",43.,6.226833,135,1981033021,"","","","",0.,1,0,1,"","","","","","","","","","","","","","","","","","","","","","","","","","","","",11.,1,11.,1,"","","","","","","","","","","","","","","","","","","","","","","","","","",100,1,"","","","","","","","","","","","",13.1,1,1007.5,1,"","","","","","",8,1,8,1,7,1,"","","","","","","","","","","","","","","","","","","","","","","","","","","","",1000,1,"","",61,1,6,1,"","","","","","","","","","",2,1,"","","","","","","","","","","","","","","","","","","","","","","","","","","","","","","","","","","","","","","","","","","","","","","","","","","","","",""
"83069002","PORQUEROLLES",43.,6.226833,135,1981033100,"","","","",6.,1,300,1,"","","","","","","","","","","","","","","","","","","","","","","","","","","","",10.4,1,9.2,1,"","","","","","","","","","","","","","","","","","","","","","","","","","",98,1,"","","","","","","","","","","","",11.9,1,1006.3,1,"","","","","","","","","","","","","","","","","","","","","","","","","","","","","","","","","","","","","","","","","","","","","","","","","","","","","","","","","","","","","","","","","","","","","","","","","","","","","","","","","","","","","","","","","","","","","","","","","","","","","","","","","","","","","","","","","",""
"83069002","PORQUEROLLES",43.,6.226833,135,1981033103,"","","","",5.,1,60,1,"","","","","","","","","","","","","","","","","","","","","","","","","","","","",11.,1,10.3,1,"","","","","","","","","","","","","","","","","","","","","","","","","","",98,1,"","","","","","","","","","","","",12.8,1,1003.8,1,"","","","","","",8,1,8,1,7,1,"","","","","","","","","","","","","","","","","","","","","","","","","","","","",8000,1,"","",61,1,"","","","","","","","","","","","",2,1,90,1,"","","","","","","","","","","","","","","","","","","","","","","","","","","","","","","","","","","","","","","","","","","","","","","","","","","",""
"83069002","PORQUEROLLES",43.,6.226833,135,1981033106,"","","","",13.,1,40,1,"","","","","","","","","","","","","","","","","","","","","","","","","","","","",12.6,1,12.,1,"","","","","","","","","","","","","","","","","","","","","","","","","","",98,1,"","","","","","","","","","","","",14.4,1,1002.7,1,"","","","","","",8,1,8,1,7,1,"","","","","","","","","","","","","","","","","","","","","","","","","","","","",5000,1,"","",61,1,6,1,"","","","","","","","","","",3,1,90,1,"","","","","","","","","","","","","","","","","","","","","","","","","","","","","","","","","","","","","","","","","","","","","","","","","","","",""
"83069002","PORQUEROLLES",43.,6.226833,135,1981033109,"","","","",15.,1,40,1,"","","","","","","","","","","","","","","","","","","","","","","","","","","","",12.5,1,12.5,1,"","","","","","","","","","","","","","","","","","","","","","","","","","",100,1,"","","","","","","","","","","","",14.5,1,1002.7,1,"","","","","","",8,1,8,1,7,1,"","","","","","","","","","","","","","","","","","","","","","","","","","","","",5000,1,"","",61,1,6,1,"","","","","","","","","","",4,1,90,1,"","","","","","","","","","","","","","","","","","","","","","","","","","","","","","","","","","","","","","","","","","","","","","","","","","","",""
"83069002","PORQUEROLLES",43.,6.226833,135,1981033112,"","","","",10.,1,40,1,"","","","","","","","","","","","","","","","","","","","","","","","","","","","",12.8,1,12.8,1,"","","","","","","","","","","","","","","","","","","","","","","","","","",100,1,"","","","","","","","","","","","",14.8,1,1003.5,1,"","","","","","",8,1,8,1,7,1,"","","","","","","","","","","","","","","","","","","","","","","","","","","","",5000,1,"","",60,1,6,1,"","","","","","","","","","",4,1,90,1,"","","","","","","","","","","","","","","","","","","","","","","","","","","","","","","","","","","","","","","","","","","","","","","","","","","",""
"83069002","PORQUEROLLES",43.,6.226833,135,1981033115,"","","","",12.,1,40,1,"","","","","","","","","","","","","","","","","","","","","","","","","","","","",12.6,1,12.6,1,"","","","","","","","","","","","","","","","","","","","","","","","","","",100,1,"","","","","","","","","","","","",14.6,1,1002.7,1,"","","","","","",8,1,8,1,7,1,"","","","","","","","","","","","","","","","","","","","","","","","","","","","",6000,1,"","",60,1,6,1,"","","","","","","","","","",3,1,90,1,"","","","","","","","","","","","","","","","","","","","","","","","","","","","","","","","","","","","","","","","","","","","","","","","","","","",""
"83069002","PORQUEROLLES",43.,6.226833,135,1981033118,"","","","",20.,1,40,1,"","","","","","","","","","","","","","","","","","","","","","","","","","","","",14.3,1,10.6,1,"","","","","","","","","","","","","","","","","","","","","","","","","","",80,1,"","","","","","","","","","","","",13.1,1,1001.,1,"","","","","","",8,1,8,1,7,1,2,1,"","","","","","","","","","","","","","","","","","","","","","","","","","",8000,1,"","",2,1,6,1,"","","","","","","","","","",4,1,90,1,"","","","","","","","","","","","","","","","","","","","","","","","","","","","","","","","","","","","","","","","","","","","","","","","","","","",""
"83069002","PORQUEROLLES",43.,6.226833,135,1981033121,"","","","",15.,1,40,1,"","","","","","","","","","","","","","","","","","","","","","","","","","","","",13.5,1,11.2,1,"","","","","","","","","","","","","","","","","","","","","","","","","","",88,1,"","","","","","","","","","","","",13.6,1,1001.2,1,"","","","","","",8,1,8,1,7,1,"","","","","","","","","","","","","","","","","","","","","","","","","","","","",6000,1,"","",60,1,6,1,"","","","","","","","","","",4,1,"","","","","","","","","","","","","","","","","","","","","","","","","","","","","","","","","","","","","","","","","","","","","","","","","","","","","",""
"83069002","PORQUEROLLES",43.,6.226833,135,1981040100,"","","","",20.,1,40,1,"","","","","","","","","","","","","","","","","","","","","","","","","","","","",12.,1,11.1,1,"","","","","","","","","","","","","","","","","","","","","","","","","","",96,1,"","","","","","","","","","","","",13.5,1,1003.1,1,"","","","","","","","","","","","","","","","","","","","","","","","","","","","","","","","","","","","","","","","","","","","","","","","","","","","","","","","","","","","","","","","","","","","","","","","","","","","","","","","","","","","","","","","","","","","","","","","","","","","","","","","","","","","","","","","","",""
"83069002","PORQUEROLLES",43.,6.226833,135,1981040103,"","","","",22.,1,40,1,"","","","","","","","","","","","","","","","","","","","","","","","","","","","",12.5,1,11.2,1,"","","","","","","","","","","","","","","","","","","","","","","","","","",94,1,"","","","","","","","","","","","",13.6,1,1003.1,1,"","","","","","",8,1,8,1,7,1,"","","","","","","","","","","","","","","","","","","","","","","","","","","","",8000,1,"","",2,1,"","","","","","","","","","","","",4,1,"","","","","","","","","","","","","","","","","","","","","","","","","","","","","","","","","","","","","","","","","","","","","","","","","","","","","",""
"83069002","PORQUEROLLES",43.,6.226833,135,1981040106,"","","","",13.,1,60,1,"","","","","","","","","","","","","","","","","","","","","","","","","","","","",12.,1,10.7,1,"","","","","","","","","","","","","","","","","","","","","","","","","","",94,1,"","","","","","","","","","","","",13.2,1,1004.2,1,"","","","","","",6,1,5,1,5,1,7,1,0,1,"","","","","","","","","","","","","","","","","","","","","","","","",6000,1,"","",1,1,1,1,"","",0,1,"","","","","","",4,1,90,1,"","","","","","","","","","","","","","","","","","","","","","","","","","","","","","","","","","","","","","","","","","","","","","","","","","","",""
"83069002","PORQUEROLLES",43.,6.226833,135,1981040109,"","","","",17.,1,40,1,"","","","","","","","","","","","","","","","","","","","","","","","","","","","",15.5,1,11.1,1,"","","","","","","","","","","","","","","","","","","","","","","","","","",77,1,"","","","","","","","","","","","",13.5,1,1005.7,1,"","","","","","",3,1,0,1,2,1,0,1,0,1,"","","","","","","","","","","","","","","","","","","","","","","","",8000,1,"","",1,1,1,1,"","","","","","","","","","",4,1,90,1,"","","","","","","","","","","","","","","","","","","","","","","","","","","","","","","","","","","","","","","","","","","","","","","","","","","",""
"83069002","PORQUEROLLES",43.,6.226833,135,1981040112,"","","","",16.,1,40,1,"","","","","","","","","","","","","","","","","","","","","","","","","","","","",17.6,1,11.6,1,"","","","","","","","","","","","","","","","","","","","","","","","","","",70,1,"","","","","","","","","","","","",14.,1,1006.4,1,"","","","","","",5,1,5,1,0,1,7,1,0,1,"","","","","","","","","","","","","","","","","","","","","","","","",8000,1,"","",3,1,1,1,"","","","","","","","","","",4,1,90,1,"","","","","","","","","","","","","","","","","","","","","","","","","","","","","","","","","","","","","","","","","","","","","","","","","","","",""
"83069002","PORQUEROLLES",43.,6.226833,135,1981040115,"","","","",13.,1,40,1,"","","","","","","","","","","","","","","","","","","","","","","","","","","","",14.5,1,9.3,1,"","","","","","","","","","","","","","","","","","","","","","","","","","",73,1,"","","","","","","","","","","","",12.,1,1007.1,1,"","","","","","",8,1,8,1,0,1,7,1,"","","","","","","","","","","","","","","","","","","","","","","","","","",8000,1,"","",3,1,2,1,"","","","","","","","","","",4,1,90,1,"","","","","","","","","","","","","","","","","","","","","","","","","","","","","","","","","","","","","","","","","","","","","","","","","","","",""
"83069002","PORQUEROLLES",43.,6.226833,135,1981040118,"","","","",14.,1,40,1,"","","","","","","","","","","","","","","","","","","","","","","","","","","","",13.4,1,9.3,1,"","","","","","","","","","","","","","","","","","","","","","","","","","",78,1,"","","","","","","","","","","","",12.,1,1007.8,1,"","","","","","",8,1,8,1,0,1,7,1,"","","","","","","","","","","","","","","","","","","","","","","","","","",8000,1,"","",2,1,2,1,"","","","","","","","","","",3,1,90,1,"","","","","","","","","","","","","","","","","","","","","","","","","","","","","","","","","","","","","","","","","","","","","","","","","","","",""
"83069002","PORQUEROLLES",43.,6.226833,135,1981040121,"","","","",7.,1,20,1,"","","","","","","","","","","","","","","","","","","","","","","","","","","","",12.5,1,9.2,1,"","","","","","","","","","","","","","","","","","","","","","","","","","",82,1,"","","","","","","","","","","","",11.9,1,1008.8,1,"","","","","","",5,1,5,1,0,1,7,1,0,1,"","","","","","","","","","","","","","","","","","","","","","","","",12000,1,"","",1,1,2,1,"","","","","","","","","","",3,1,90,1,"","","","","","","","","","","","","","","","","","","","","","","","","","","","","","","","","","","","","","","","","","","","","","","","","","","",""
"83069002","PORQUEROLLES",43.,6.226833,135,1981040200,"","","","",7.,1,20,1,"","","","","","","","","","","","","","","","","","","","","","","","","","","","",11.3,1,8.7,1,"","","","","","","","","","","","","","","","","","","","","","","","","","",86,1,"","","","","","","","","","","","",11.5,1,1009.9,1,"","","","","","","","","","","","","","","","","","","","","","","","","","","","","","","","","","","","","","","","","","","","","","","","","","","","","","","","","","","","","","","","","","","","","","","","","","","","","","","","","","","","","","","","","","","","","","","","","","","","","","","","","","","","","","","","","",""
"83069002","PORQUEROLLES",43.,6.226833,135,1981040203,"","","","",8.,1,20,1,"","","","","","","","","","","","","","","","","","","","","","","","","","","","",11.7,1,9.3,1,"","","","","","","","","","","","","","","","","","","","","","","","","","",88,1,"","","","","","","","","","","","",12.,1,1009.9,1,"","","","","","",3,1,0,1,0,1,5,1,0,1,"","","","","","","","","","","","","","","","","","","","","","","","",12000,1,"","",0,1,"","","","","","","","","","","","",3,1,90,1,"","","","","","","","","","","","","","","","","","","","","","","","","","","","","","","","","","","","","","","","","","","","","","","","","","","",""
"83069002","PORQUEROLLES",43.,6.226833,135,1981040206,"","","","",11.,1,40,1,"","","","","","","","","","","","","","","","","","","","","","","","","","","","",11.7,1,10.1,1,"","","","","","","","","","","","","","","","","","","","","","","","","","",92,1,"","","","","","","","","","","","",12.6,1,1010.4,1,"","","","","","",8,1,8,1,7,1,"","","","","","","","","","","","","","","","","","","","","","","","","","","","",14000,1,"","",3,1,1,1,"","",0,1,"","","","","","",3,1,90,1,"","","","","","","","","","","","","","","","","","","","","","","","","","","","","","","","","","","","","","","","","","","","","","","","","","","",""
"83069002","PORQUEROLLES",43.,6.226833,135,1981040209,"","","","",11.,1,40,1,"","","","","","","","","","","","","","","","","","","","","","","","","","","","",15.5,1,10.9,1,"","","","","","","","","","","","","","","","","","","","","","","","","","",76,1,"","","","","","","","","","","","",13.4,1,1011.2,1,"","","","","","",2,1,0,1,2,1,0,1,2,1,"","","","","","","","","","","","","","","","","","","","","","","","",18000,1,"","",1,1,1,1,"","","","","","","","","","",3,1,90,1,"","","","","","","","","","","","","","","","","","","","","","","","","","","","","","","","","","","","","","","","","","","","","","","","","","","",""
"83069002","PORQUEROLLES",43.,6.226833,135,1981040212,"","","","",12.,1,60,1,"","","","","","","","","","","","","","","","","","","","","","","","","","","","",17.5,1,11.2,1,"","","","","","","","","","","","","","","","","","","","","","","","","","",68,1,"","","","","","","","","","","","",13.6,1,1011.6,1,"","","","","","",2,1,0,1,2,1,4,1,2,1,"","","","","","","","","","","","","","","","","","","","","","","","",15000,1,"","",2,1,1,1,"","","","","","","","","","",3,1,90,1,"","","","","","","","","","","","","","","","","","","","","","","","","","","","","","","","","","","","","","","","","","","","","","","","","","","",""
"83069002","PORQUEROLLES",43.,6.226833,135,1981040215,"","","","",10.,1,40,1,"","","","","","","","","","","","","","","","","","","","","","","","","","","","",17.3,1,10.3,1,"","","","","","","","","","","","","","","","","","","","","","","","","","",65,1,"","","","","","","","","","","","",12.8,1,1012.1,1,"","","","","","",6,1,0,1,2,1,3,1,2,1,"","","","","","","","","","","","","","","","","","","","","","","","",10000,1,"","",3,1,1,1,"","","","","","","","","","",3,1,90,1,"","","","","","","","","","","","","","","","","","","","","","","","","","","","","","","","","","","","","","","","","","","","","","","","","","","",""
"83069002","PORQUEROLLES",43.,6.226833,135,1981040218,"","","","",9.,1,40,1,"","","","","","","","","","","","","","","","","","","","","","","","","","","","",13.5,1,9.5,1,"","","","","","","","","","","","","","","","","","","","","","","","","","",78,1,"","","","","","","","","","","","",12.1,1,1013.7,1,"","","","","","",2,1,0,1,0,1,4,1,1,1,"","","","","","","","","","","","","","","","","","","","","","","","",15000,1,"","",1,1,1,1,"","","","","","","","","","",3,1,90,1,"","","","","","","","","","","","","","","","","","","","","","","","","","","","","","","","","","","","","","","","","","","","","","","","","","","",""
"83069002","PORQUEROLLES",43.,6.226833,135,1981040221,"","","","",5.,1,40,1,"","","","","","","","","","","","","","","","","","","","","","","","","","","","",12.3,1,8.6,1,"","","","","","","","","","","","","","","","","","","","","","","","","","",80,1,"","","","","","","","","","","","",11.4,1,1014.9,1,"","","","","","",0,1,"","",0,1,0,1,0,1,"","","","","","","","","","","","","","","","","","","","","","","","",18000,1,"","",1,1,0,1,"","","","","","","","","","",3,1,90,1,"","","","","","","","","","","","","","","","","","","","","","","","","","","","","","","","","","","","","","","","","","","","","","","","","","","",""
"83069002","PORQUEROLLES",43.,6.226833,135,1981040300,"","","","",7.,1,40,1,"","","","","","","","","","","","","","","","","","","","","","","","","","","","",11.4,1,8.7,1,"","","","","","","","","","","","","","","","","","","","","","","","","","",86,1,"","","","","","","","","","","","",11.5,1,1015.1,1,"","","","","","","","","","","","","","","","","","","","","","","","","","","","","","","","","","","","","","","","","","","","","","","","","","","","","","","","","","","","","","","","","","","","","","","","","","","","","","","","","","","","","","","","","","","","","","","","","","","","","","","","","","","","","","","","","",""
"83069002","PORQUEROLLES",43.,6.226833,135,1981040303,"","","","",6.,1,40,1,"","","","","","","","","","","","","","","","","","","","","","","","","","","","",10.7,1,9.,1,"","","","","","","","","","","","","","","","","","","","","","","","","","",91,1,"","","","","","","","","","","","",11.7,1,1015.3,1,"","","","","","",0,1,"","",0,1,0,1,0,1,"","","","","","","","","","","","","","","","","","","","","","","","",25000,1,"","",0,1,"","","","","","","","","","","","",3,1,90,1,"","","","","","","","","","","","","","","","","","","","","","","","","","","","","","","","","","","","","","","","","","","","","","","","","","","",""
"83069002","PORQUEROLLES",43.,6.226833,135,1981040306,"","","","",3.,1,40,1,"","","","","","","","","","","","","","","","","","","","","","","","","","","","",10.4,1,8.9,1,"","","","","","","","","","","","","","","","","","","","","","","","","","",92,1,"","","","","","","","","","","","",11.6,1,1016.2,1,"","","","","","",3,1,0,1,0,1,4,1,1,1,"","","","","","","","","","","","","","","","","","","","","","","","",20000,1,"","",3,1,0,1,"","",0,1,"","","","","","",2,1,90,1,"","","","","","","","","","","","","","","","","","","","","","","","","","","","","","","","","","","","","","","","","","","","","","","","","","","",""
"83069002","PORQUEROLLES",43.,6.226833,135,1981040309,"","","","",6.,1,40,1,"","","","","","","","","","","","","","","","","","","","","","","","","","","","",16.2,1,9.8,1,"","","","","","","","","","","","","","","","","","","","","","","","","","",68,1,"","","","","","","","","","","","",12.4,1,1016.8,1,"","","","","","",1,1,0,1,0,1,0,1,2,1,"","","","","","","","","","","","","","","","","","","","","","","","",25000,1,"","",1,1,0,1,"","","","","","","","","","",2,1,90,1,"","","","","","","","","","","","","","","","","","","","","","","","","","","","","","","","","","","","","","","","","","","","","","","","","","","",""
"83069002","PORQUEROLLES",43.,6.226833,135,1981040312,"","","","",7.,1,40,1,"","","","","","","","","","","","","","","","","","","","","","","","","","","","",19.,1,11.5,1,"","","","","","","","","","","","","","","","","","","","","","","","","","",63,1,"","","","","","","","","","","","",13.9,1,1015.9,1,"","","","","","",1,1,0,1,0,1,0,1,2,1,"","","","","","","","","","","","","","","","","","","","","","","","",20000,1,"","",2,1,0,1,"","","","","","","","","","",2,1,90,1,"","","","","","","","","","","","","","","","","","","","","","","","","","","","","","","","","","","","","","","","","","","","","","","","","","","",""
"83069002","PORQUEROLLES",43.,6.226833,135,1981040315,"","","","",6.,1,40,1,"","","","","","","","","","","","","","","","","","","","","","","","","","","","",18.5,1,12.3,1,"","","","","","","","","","","","","","","","","","","","","","","","","","",69,1,"","","","","","","","","","","","",14.7,1,1015.2,1,"","","","","","",2,1,0,1,0,1,0,1,2,1,"","","","","","","","","","","","","","","","","","","","","","","","",20000,1,"","",3,1,0,1,"","","","","","","","","","",2,1,90,1,"","","","","","","","","","","","","","","","","","","","","","","","","","","","","","","","","","","","","","","","","","","","","","","","","","","",""
"83069002","PORQUEROLLES",43.,6.226833,135,1981040318,"","","","",7.,1,40,1,"","","","","","","","","","","","","","","","","","","","","","","","","","","","",13.2,1,10.6,1,"","","","","","","","","","","","","","","","","","","","","","","","","","",87,1,"","","","","","","","","","","","",13.1,1,1016.,1,"","","","","","",2,1,0,1,0,1,0,1,2,1,"","","","","","","","","","","","","","","","","","","","","","","","",18000,1,"","",2,1,0,1,"","","","","","","","","","",2,1,90,1,"","","","","","","","","","","","","","","","","","","","","","","","","","","","","","","","","","","","","","","","","","","","","","","","","","","",""
"83069002","PORQUEROLLES",43.,6.226833,135,1981040321,"","","","",5.,1,40,1,"","","","","","","","","","","","","","","","","","","","","","","","","","","","",12.,1,9.7,1,"","","","","","","","","","","","","","","","","","","","","","","","","","",88,1,"","","","","","","","","","","","",12.3,1,1017.2,1,"","","","","","",0,1,"","",0,1,0,1,0,1,"","","","","","","","","","","","","","","","","","","","","","","","",20000,1,"","",1,1,0,1,"","","","","","","","","","",2,1,"","","","","","","","","","","","","","","","","","","","","","","","","","","","","","","","","","","","","","","","","","","","","","","","","","","","","",""
"83069002","PORQUEROLLES",43.,6.226833,135,1981040400,"","","","",10.,1,60,1,"","","","","","","","","","","","","","","","","","","","","","","","","","","","",12.5,1,11.1,1,"","","","","","","","","","","","","","","","","","","","","","","","","","",93,1,"","","","","","","","","","","","",13.5,1,1016.2,1,"","","","","","","","","","","","","","","","","","","","","","","","","","","","","","","","","","","","","","","","","","","","","","","","","","","","","","","","","","","","","","","","","","","","","","","","","","","","","","","","","","","","","","","","","","","","","","","","","","","","","","","","","","","","","","","","","",""
"83069002","PORQUEROLLES",43.,6.226833,135,1981040403,"","","","",7.,1,60,1,"","","","","","","","","","","","","","","","","","","","","","","","","","","","",12.4,1,7.7,1,"","","","","","","","","","","","","","","","","","","","","","","","","","",74,1,"","","","","","","","","","","","",10.7,1,1016.,1,"","","","","","",0,1,"","",0,1,0,1,0,1,"","","","","","","","","","","","","","","","","","","","","","","","",20000,1,"","",0,1,"","","","","","","","","","","","","","","","","","","","","","","","","","","","","","","","","","","","","","","","","","","","","","","","","","","","","","","","","","","","","","","","","","","",""
"83069002","PORQUEROLLES",43.,6.226833,135,1981040406,"","","","",8.,1,40,1,"","","","","","","","","","","","","","","","","","","","","","","","","","","","",11.5,1,10.1,1,"","","","","","","","","","","","","","","","","","","","","","","","","","",94,1,"","","","","","","","","","","","",12.6,1,1017.1,1,"","","","","","",3,1,0,1,0,1,0,1,2,1,"","","","","","","","","","","","","","","","","","","","","","","","",15000,1,"","",3,1,0,1,"","",0,1,"","","","","","",2,1,"","","","","","","","","","","","","","","","","","","","","","","","","","","","","","","","","","","","","","","","","","","","","","","","","","","","","",""
"83069002","PORQUEROLLES",43.,6.226833,135,1981040409,"","","","",7.,1,40,1,"","","","","","","","","","","","","","","","","","","","","","","","","","","","",15.7,1,10.4,1,"","","","","","","","","","","","","","","","","","","","","","","","","","",72,1,"","","","","","","","","","","","",12.9,1,1017.9,1,"","","","","","",3,1,0,1,0,1,0,1,2,1,"","","","","","","","","","","","","","","","","","","","","","","","",12000,1,"","",2,1,2,1,"","","","","","","","","","","","","","","","","","","","","","","","","","","","","","","","","","","","","","","","","","","","","","","","","","","","","","","","","","","","","","","","","",""
"83069002","PORQUEROLLES",43.,6.226833,135,1981040412,"","","","",2.,1,60,1,"","","","","","","","","","","","","","","","","","","","","","","","","","","","",18.5,1,11.9,1,"","","","","","","","","","","","","","","","","","","","","","","","","","",67,1,"","","","","","","","","","","","",14.3,1,1018.5,1,"","","","","","",0,1,"","",0,1,0,1,0,1,"","","","","","","","","","","","","","","","","","","","","","","","",15000,1,"","",1,1,0,1,"","","","","","","","","","",2,1,"","","","","","","","","","","","","","","","","","","","","","","","","","","","","","","","","","","","","","","","","","","","","","","","","","","","","",""
"83069002","PORQUEROLLES",43.,6.226833,135,1981040415,"","","","",4.,1,80,1,"","","","","","","","","","","","","","","","","","","","","","","","","","","","",16.7,1,10.7,1,"","","","","","","","","","","","","","","","","","","","","","","","","","",70,1,"","","","","","","","","","","","",13.2,1,1017.3,1,"","","","","","",5,1,5,1,0,1,5,1,0,1,"","","","","","","","","","","","","","","","","","","","","","","","",12000,1,"","",3,1,1,1,"","","","","","","","","","","","","","","","","","","","","","","","","","","","","","","","","","","","","","","","","","","","","","","","","","","","","","","","","","","","","","","","","",""
"83069002","PORQUEROLLES",43.,6.226833,135,1981040418,"","","","",0.,1,0,1,"","","","","","","","","","","","","","","","","","","","","","","","","","","","",13.6,1,10.3,1,"","","","","","","","","","","","","","","","","","","","","","","","","","",82,1,"","","","","","","","","","","","",12.8,1,1017.4,1,"","","","","","",6,1,6,1,0,1,5,1,0,1,"","","","","","","","","","","","","","","","","","","","","","","","",12000,1,"","",2,1,2,1,"","","","","","","","","","",2,1,"","","","","","","","","","","","","","","","","","","","","","","","","","","","","","","","","","","","","","","","","","","","","","","","","","","","","",""
"83069002","PORQUEROLLES",43.,6.226833,135,1981040421,"","","","",4.,1,240,1,"","","","","","","","","","","","","","","","","","","","","","","","","","","","",12.,1,11.3,1,"","","","","","","","","","","","","","","","","","","","","","","","","","",97,1,"","","","","","","","","","","","",13.7,1,1017.4,1,"","","","","","",3,1,0,1,0,1,4,1,0,1,"","","","","","","","","","","","","","","","","","","","","","","","",12000,1,"","",1,1,1,1,"","","","","","","","","","","","","","","","","","","","","","","","","","","","","","","","","","","","","","","","","","","","","","","","","","","","","","","","","","","","","","","","","",""
"83069002","PORQUEROLLES",43.,6.226833,135,1981040500,"","","","",7.,1,280,1,"","","","","","","","","","","","","","","","","","","","","","","","","","","","",11.8,1,10.6,1,"","","","","","","","","","","","","","","","","","","","","","","","","","",95,1,"","","","","","","","","","","","",13.1,1,1016.1,1,"","","","","","","","","","","","","","","","","","","","","","","","","","","","","","","","","","","","","","","","","","","","","","","","","","","","","","","","","","","","","","","","","","","","","","","","","","","","","","","","","","","","","","","","","","","","","","","","","","","","","","","","","","","","","","","","","",""
"83069002","PORQUEROLLES",43.,6.226833,135,1981040503,"","","","",8.,1,260,1,"","","","","","","","","","","","","","","","","","","","","","","","","","","","",12.6,1,10.5,1,"","","","","","","","","","","","","","","","","","","","","","","","","","",89,1,"","","","","","","","","","","","",13.,1,1014.1,1,"","","","","","",2,1,0,1,6,1,0,1,0,1,"","","","","","","","","","","","","","","","","","","","","","","","",8000,1,"","",0,1,"","","","","","","","","","","","",3,1,230,1,"","","","","","","","","","","","","","","","","","","","","","","","","","","","","","","","","","","","","","","","","","","","","","","","","","","",""
"83069002","PORQUEROLLES",43.,6.226833,135,1981040506,"","","","",7.,1,260,1,"","","","","","","","","","","","","","","","","","","","","","","","","","","","",12.1,1,11.2,1,"","","","","","","","","","","","","","","","","","","","","","","","","","",96,1,"","","","","","","","","","","","",13.6,1,1013.7,1,"","","","","","",3,1,0,1,6,1,0,1,0,1,"","","","","","","","","","","","","","","","","","","","","","","","",1500,1,"","",10,1,0,1,"","",0,1,"","","","","","",3,1,230,1,"","","","","","","","","","","","","","","","","","","","","","","","","","","","","","","","","","","","","","","","","","","","","","","","","","","",""
"83069002","PORQUEROLLES",43.,6.226833,135,1981040509,"","","","",3.,1,60,1,"","","","","","","","","","","","","","","","","","","","","","","","","","","","",16.,1,12.4,1,"","","","","","","","","","","","","","","","","","","","","","","","","","",81,1,"","","","","","","","","","","","",14.8,1,1014.1,1,"","","","","","",3,1,0,1,6,1,0,1,2,1,"","","","","","","","","","","","","","","","","","","","","","","","",2000,1,"","",10,1,0,1,"","","","","","","","","","",2,1,0,1,"","","","","","","","","","","","","","","","","","","","","","","","","","","","","","","","","","","","","","","","","","","","","","","","","","","",""
"83069002","PORQUEROLLES",43.,6.226833,135,1981040512,"","","","",6.,1,160,1,"","","","","","","","","","","","","","","","","","","","","","","","","","","","",16.2,1,11.8,1,"","","","","","","","","","","","","","","","","","","","","","","","","","",77,1,"","","","","","","","","","","","",14.2,1,1014.1,1,"","","","","","",1,1,0,1,0,1,0,1,2,1,"","","","","","","","","","","","","","","","","","","","","","","","",5000,1,"","",1,1,0,1,"","","","","","","","","","",2,1,170,1,"","","","","","","","","","","","","","","","","","","","","","","","","","","","","","","","","","","","","","","","","","","","","","","","","","","",""
"83069002","PORQUEROLLES",43.,6.226833,135,1981040515,"","","","",3.,1,100,1,"","","","","","","","","","","","","","","","","","","","","","","","","","","","",16.2,1,11.8,1,"","","","","","","","","","","","","","","","","","","","","","","","","","",77,1,"","","","","","","","","","","","",14.2,1,1013.7,1,"","","","","","",1,1,0,1,0,1,0,1,1,1,"","","","","","","","","","","","","","","","","","","","","","","","",6000,1,"","",1,1,0,1,"","","","","","","","","","",2,1,230,1,"","","","","","","","","","","","","","","","","","","","","","","","","","","","","","","","","","","","","","","","","","","","","","","","","","","",""
"83069002","PORQUEROLLES",43.,6.226833,135,1981040518,"","","","",2.,1,100,1,"","","","","","","","","","","","","","","","","","","","","","","","","","","","",14.,1,11.1,1,"","","","","","","","","","","","","","","","","","","","","","","","","","",84,1,"","","","","","","","","","","","",13.5,1,1013.8,1,"","","","","","",0,1,"","",0,1,0,1,0,1,"","","","","","","","","","","","","","","","","","","","","","","","",5000,1,"","",1,1,0,1,"","","","","","","","","","",2,1,170,1,"","","","","","","","","","","","","","","","","","","","","","","","","","","","","","","","","","","","","","","","","","","","","","","","","","","",""
"83069002","PORQUEROLLES",43.,6.226833,135,1981040521,"","","","",2.,1,100,1,"","","","","","","","","","","","","","","","","","","","","","","","","","","","",11.7,1,10.7,1,"","","","","","","","","","","","","","","","","","","","","","","","","","",96,1,"","","","","","","","","","","","",13.2,1,1015.6,1,"","","","","","",0,1,"","",0,1,0,1,0,1,"","","","","","","","","","","","","","","","","","","","","","","","",6000,1,"","",2,1,0,1,"","","","","","","","","","",2,1,0,1,"","","","","","","","","","","","","","","","","","","","","","","","","","","","","","","","","","","","","","","","","","","","","","","","","","","",""
"83069002","PORQUEROLLES",43.,6.226833,135,1981040600,"","","","",2.,1,100,1,"","","","","","","","","","","","","","","","","","","","","","","","","","","","",11.5,1,10.5,1,"","","","","","","","","","","","","","","","","","","","","","","","","","",96,1,"","","","","","","","","","","","",13.,1,1016.3,1,"","","","","","","","","","","","","","","","","","","","","","","","","","","","","","","","","","","","","","","","","","","","","","","","","","","","","","","","","","","","","","","","","","","","","","","","","","","","","","","","","","","","","","","","","","","","","","","","","","","","","","","","","","","","","","","","","",""
"83069002","PORQUEROLLES",43.,6.226833,135,1981040603,"","","","",2.,1,100,1,"","","","","","","","","","","","","","","","","","","","","","","","","","","","",11.5,1,10.5,1,"","","","","","","","","","","","","","","","","","","","","","","","","","",96,1,"","","","","","","","","","","","",13.,1,1016.3,1,"","","","","","",0,1,"","",0,1,0,1,0,1,"","","","","","","","","","","","","","","","","","","","","","","","",5000,1,"","",0,1,"","","","","","","","","","","","",2,1,90,1,"","","","","","","","","","","","","","","","","","","","","","","","","","","","","","","","","","","","","","","","","","","","","","","","","","","",""
"83069002","PORQUEROLLES",43.,6.226833,135,1981040606,"","","","",4.,1,60,1,"","","","","","","","","","","","","","","","","","","","","","","","","","","","",11.8,1,11.1,1,"","","","","","","","","","","","","","","","","","","","","","","","","","",98,1,"","","","","","","","","","","","",13.5,1,1016.9,1,"","","","","","",8,1,8,1,6,1,"","","","","","","","","","","","","","","","","","","","","","","","","","","","",2000,1,"","",10,1,1,1,"","",0,1,"","","","","","",2,1,0,1,"","","","","","","","","","","","","","","","","","","","","","","","","","","","","","","","","","","","","","","","","","","","","","","","","","","",""
"83069002","PORQUEROLLES",43.,6.226833,135,1981040609,"","","","",2.,1,60,1,"","","","","","","","","","","","","","","","","","","","","","","","","","","","",13.3,1,12.,1,"","","","","","","","","","","","","","","","","","","","","","","","","","",94,1,"","","","","","","","","","","","",14.4,1,1018.5,1,"","","","","","",8,1,8,1,6,1,"","","","","","","","","","","","","","","","","","","","","","","","","","","","",3000,1,"","",10,1,4,1,"","","","","","","","","","",2,1,0,1,"","","","","","","","","","","","","","","","","","","","","","","","","","","","","","","","","","","","","","","","","","","","","","","","","","","",""
"83069002","PORQUEROLLES",43.,6.226833,135,1981040612,"","","","",4.,1,60,1,"","","","","","","","","","","","","","","","","","","","","","","","","","","","",17.4,1,12.2,1,"","","","","","","","","","","","","","","","","","","","","","","","","","",73,1,"","","","","","","","","","","","",14.6,1,1019.1,1,"","","","","","",4,1,0,1,2,1,0,1,2,1,"","","","","","","","","","","","","","","","","","","","","","","","",3000,1,"","",10,1,4,1,"","","","","","","","","","",2,1,0,1,"","","","","","","","","","","","","","","","","","","","","","","","","","","","","","","","","","","","","","","","","","","","","","","","","","","",""
"83069002","PORQUEROLLES",43.,6.226833,135,1981040615,"","","","",4.,1,100,1,"","","","","","","","","","","","","","","","","","","","","","","","","","","","",17.6,1,13.6,1,"","","","","","","","","","","","","","","","","","","","","","","","","","",80,1,"","","","","","","","","","","","",16.,1,1018.9,1,"","","","","","",3,1,0,1,2,1,0,1,0,1,"","","","","","","","","","","","","","","","","","","","","","","","",4000,1,"","",10,1,4,1,"","","","","","","","","","",2,1,0,1,"","","","","","","","","","","","","","","","","","","","","","","","","","","","","","","","","","","","","","","","","","","","","","","","","","","",""
"83069002","PORQUEROLLES",43.,6.226833,135,1981040618,"","","","",3.,1,100,1,"","","","","","","","","","","","","","","","","","","","","","","","","","","","",13.5,1,11.8,1,"","","","","","","","","","","","","","","","","","","","","","","","","","",92,1,"","","","","","","","","","","","",14.2,1,1019.5,1,"","","","","","",4,1,0,1,0,1,4,1,4,1,"","","","","","","","","","","","","","","","","","","","","","","","",4000,1,"","",10,1,4,1,"","","","","","","","","","",2,1,0,1,"","","","","","","","","","","","","","","","","","","","","","","","","","","","","","","","","","","","","","","","","","","","","","","","","","","",""
"83069002","PORQUEROLLES",43.,6.226833,135,1981040621,"","","","",5.,1,60,1,"","","","","","","","","","","","","","","","","","","","","","","","","","","","",11.6,1,10.8,1,"","","","","","","","","","","","","","","","","","","","","","","","","","",97,1,"","","","","","","","","","","","",13.3,1,1020.6,1,"","","","","","",0,1,"","",0,1,0,1,0,1,"","","","","","","","","","","","","","","","","","","","","","","","",3000,1,"","",10,1,4,1,"","","","","","","","","","",2,1,0,1,"","","","","","","","","","","","","","","","","","","","","","","","","","","","","","","","","","","","","","","","","","","","","","","","","","","",""
"83069002","PORQUEROLLES",43.,6.226833,135,1981040700,"","","","",6.,1,80,1,"","","","","","","","","","","","","","","","","","","","","","","","","","","","",11.3,1,10.6,1,"","","","","","","","","","","","","","","","","","","","","","","","","","",98,1,"","","","","","","","","","","","",13.1,1,1020.6,1,"","","","","","","","","","","","","","","","","","","","","","","","","","","","","","","","","","","","","","","","","","","","","","","","","","","","","","","","","","","","","","","","","","","","","","","","","","","","","","","","","","","","","","","","","","","","","","","","","","","","","","","","","","","","","","","","","",""
"83069002","PORQUEROLLES",43.,6.226833,135,1981040703,"","","","",6.,1,80,1,"","","","","","","","","","","","","","","","","","","","","","","","","","","","",11.,1,11.,1,"","","","","","","","","","","","","","","","","","","","","","","","","","",99,1,"","","","","","","","","","","","",12.9,1,1020.6,1,"","","","","","",0,1,"","",0,1,0,1,0,1,"","","","","","","","","","","","","","","","","","","","","","","","",4000,1,"","",10,1,"","","","","","","","","","","","",2,1,0,1,"","","","","","","","","","","","","","","","","","","","","","","","","","","","","","","","","","","","","","","","","","","","","","","","","","","",""
"83069002","PORQUEROLLES",43.,6.226833,135,1981040706,"","","","",6.,1,60,1,"","","","","","","","","","","","","","","","","","","","","","","","","","","","",11.,1,11.,1,"","","","","","","","","","","","","","","","","","","","","","","","","","",99,1,"","","","","","","","","","","","",12.9,1,1020.9,1,"","","","","","",4,1,0,1,0,1,0,1,2,1,"","","","","","","","","","","","","","","","","","","","","","","","",4000,1,"","",10,1,4,1,"","",0,1,"","","","","","",2,1,0,1,"","","","","","","","","","","","","","","","","","","","","","","","","","","","","","","","","","","","","","","","","","","","","","","","","","","",""
"83069002","PORQUEROLLES",43.,6.226833,135,1981040709,"","","","",7.,1,60,1,"","","","","","","","","","","","","","","","","","","","","","","","","","","","",16.,1,11.6,1,"","","","","","","","","","","","","","","","","","","","","","","","","","",77,1,"","","","","","","","","","","","",14.,1,1022.7,1,"","","","","","",2,1,0,1,0,1,0,1,2,1,"","","","","","","","","","","","","","","","","","","","","","","","",4000,1,"","",10,1,4,1,"","","","","","","","","","",2,1,0,1,"","","","","","","","","","","","","","","","","","","","","","","","","","","","","","","","","","","","","","","","","","","","","","","","","","","",""
"83069002","PORQUEROLLES",43.,6.226833,135,1981040712,"","","","",5.,1,60,1,"","","","","","","","","","","","","","","","","","","","","","","","","","","","",18.,1,11.3,1,"","","","","","","","","","","","","","","","","","","","","","","","","","",67,1,"","","","","","","","","","","","",13.7,1,1022.7,1,"","","","","","",3,1,0,1,0,1,0,1,2,1,"","","","","","","","","","","","","","","","","","","","","","","","",4000,1,"","",10,1,4,1,"","","","","","","","","","",2,1,0,1,"","","","","","","","","","","","","","","","","","","","","","","","","","","","","","","","","","","","","","","","","","","","","","","","","","","",""
"83069002","PORQUEROLLES",43.,6.226833,135,1981040715,"","","","",7.,1,80,1,"","","","","","","","","","","","","","","","","","","","","","","","","","","","",17.,1,12.1,1,"","","","","","","","","","","","","","","","","","","","","","","","","","",75,1,"","","","","","","","","","","","",14.5,1,1021.4,1,"","","","","","",7,1,7,1,0,1,0,1,2,1,"","","","","","","","","","","","","","","","","","","","","","","","",4000,1,"","",10,1,4,1,"","","","","","","","","","",2,1,0,1,"","","","","","","","","","","","","","","","","","","","","","","","","","","","","","","","","","","","","","","","","","","","","","","","","","","",""
"83069002","PORQUEROLLES",43.,6.226833,135,1981040718,"","","","",8.,1,80,1,"","","","","","","","","","","","","","","","","","","","","","","","","","","","",13.4,1,11.7,1,"","","","","","","","","","","","","","","","","","","","","","","","","","",92,1,"","","","","","","","","","","","",14.1,1,1020.9,1,"","","","","","",6,1,6,1,0,1,4,1,4,1,"","","","","","","","","","","","","","","","","","","","","","","","",3000,1,"","",10,1,4,1,"","","","","","","","","","",2,1,0,1,"","","","","","","","","","","","","","","","","","","","","","","","","","","","","","","","","","","","","","","","","","","","","","","","","","","",""
"83069002","PORQUEROLLES",43.,6.226833,135,1981040721,"","","","",8.,1,80,1,"","","","","","","","","","","","","","","","","","","","","","","","","","","","",12.5,1,11.8,1,"","","","","","","","","","","","","","","","","","","","","","","","","","",98,1,"","","","","","","","","","","","",14.2,1,1021.7,1,"","","","","","",8,1,6,1,0,1,4,1,4,1,"","","","","","","","","","","","","","","","","","","","","","","","",3000,1,"","",10,1,4,1,"","","","","","","","","","",2,1,0,1,"","","","","","","","","","","","","","","","","","","","","","","","","","","","","","","","","","","","","","","","","","","","","","","","","","","",""
"83069002","PORQUEROLLES",43.,6.226833,135,1981040800,"","","","",7.,1,80,1,"","","","","","","","","","","","","","","","","","","","","","","","","","","","",11.,1,10.4,1,"","","","","","","","","","","","","","","","","","","","","","","","","","",98,1,"","","","","","","","","","","","",12.9,1,1021.1,1,"","","","","","","","","","","","","","","","","","","","","","","","","","","","","","","","","","","","","","","","","","","","","","","","","","","","","","","","","","","","","","","","","","","","","","","","","","","","","","","","","","","","","","","","","","","","","","","","","","","","","","","","","","","","","","","","","",""
"83069002","PORQUEROLLES",43.,6.226833,135,1981040803,"","","","",6.,1,80,1,"","","","","","","","","","","","","","","","","","","","","","","","","","","","",11.3,1,11.3,1,"","","","","","","","","","","","","","","","","","","","","","","","","","",100,1,"","","","","","","","","","","","",13.4,1,1021.1,1,"","","","","","",6,1,6,1,0,1,0,1,2,1,"","","","","","","","","","","","","","","","","","","","","","","","",3000,1,"","",10,1,"","","","","","","","","","","","",2,1,90,1,"","","","","","","","","","","","","","","","","","","","","","","","","","","","","","","","","","","","","","","","","","","","","","","","","","","",""
"83069002","PORQUEROLLES",43.,6.226833,135,1981040806,"","","","",7.,1,60,1,"","","","","","","","","","","","","","","","","","","","","","","","","","","","",12.,1,12.,1,"","","","","","","","","","","","","","","","","","","","","","","","","","",100,1,"","","","","","","","","","","","",14.,1,1021.,1,"","","","","","",8,1,8,1,0,1,0,1,7,1,"","","","","","","","","","","","","","","","","","","","","","","","",1000,1,"","",10,1,2,1,"","","","","","","","","","",2,1,90,1,"","","","","","","","","","","","","","","","","","","","","","","","","","","","","","","","","","","","","","","","","","","","","","","","","","","",""
"83069002","PORQUEROLLES",43.,6.226833,135,1981040809,"","","","",9.,1,60,1,"","","","","","","","","","","","","","","","","","","","","","","","","","","","",15.2,1,12.6,1,"","","","","","","","","","","","","","","","","","","","","","","","","","",87,1,"","","","","","","","","","","","",15.,1,1021.7,1,"","","","","","",8,1,8,1,0,1,1,1,"","","","","","","","","","","","","","","","","","","","","","","","","","",3000,1,"","",10,1,2,1,"","","","","","","","","","",3,1,90,1,"","","","","","","","","","","","","","","","","","","","","","","","","","","","","","","","","","","","","","","","","","","","","","","","","","","",""
"83069002","PORQUEROLLES",43.,6.226833,135,1981040812,"","","","",9.,1,40,1,"","","","","","","","","","","","","","","","","","","","","","","","","","","","",20.,1,12.6,1,"","","","","","","","","","","","","","","","","","","","","","","","","","",64,1,"","","","","","","","","","","","",15.,1,1021.7,1,"","","","","","",6,1,6,1,0,1,8,1,2,1,"","","","","","","","","","","","","","","","","","","","","","","","",8000,1,"","",1,1,2,1,"","","","","","","","","","",3,1,90,1,"","","","","","","","","","","","","","","","","","","","","","","","","","","","","","","","","","","","","","","","","","","","","","","","","","","",""
"83069002","PORQUEROLLES",43.,6.226833,135,1981040815,"","","","",9.,1,40,1,"","","","","","","","","","","","","","","","","","","","","","","","","","","","",18.5,1,10.8,1,"","","","","","","","","","","","","","","","","","","","","","","","","","",62,1,"","","","","","","","","","","","",13.3,1,1020.1,1,"","","","","","",7,1,7,1,0,1,0,1,2,1,"","","","","","","","","","","","","","","","","","","","","","","","",12000,1,"","",3,1,2,1,"","","","","","","","","","",3,1,90,1,"","","","","","","","","","","","","","","","","","","","","","","","","","","","","","","","","","","","","","","","","","","","","","","","","","","",""
"83069002","PORQUEROLLES",43.,6.226833,135,1981040818,"","","","",9.,1,40,1,"","","","","","","","","","","","","","","","","","","","","","","","","","","","",14.,1,11.4,1,"","","","","","","","","","","","","","","","","","","","","","","","","","",86,1,"","","","","","","","","","","","",13.8,1,1020.,1,"","","","","","",7,1,7,1,0,1,7,1,"","","","","","","","","","","","","","","","","","","","","","","","","","",8000,1,"","",2,1,2,1,"","","","","","","","","","",3,1,90,1,"","","","","","","","","","","","","","","","","","","","","","","","","","","","","","","","","","","","","","","","","","","","","","","","","","","",""
"83069002","PORQUEROLLES",43.,6.226833,135,1981040821,"","","","",9.,1,40,1,"","","","","","","","","","","","","","","","","","","","","","","","","","","","",13.2,1,10.9,1,"","","","","","","","","","","","","","","","","","","","","","","","","","",88,1,"","","","","","","","","","","","",13.4,1,1020.3,1,"","","","","","",2,1,0,1,0,1,4,1,0,1,"","","","","","","","","","","","","","","","","","","","","","","","",12000,1,"","",1,1,1,1,"","","","","","","","","","",3,1,90,1,"","","","","","","","","","","","","","","","","","","","","","","","","","","","","","","","","","","","","","","","","","","","","","","","","","","",""
"83069002","PORQUEROLLES",43.,6.226833,135,1981040900,"","","","",6.,1,40,1,"","","","","","","","","","","","","","","","","","","","","","","","","","","","",12.4,1,8.9,1,"","","","","","","","","","","","","","","","","","","","","","","","","","",81,1,"","","","","","","","","","","","",11.6,1,1020.9,1,"","","","","","","","","","","","","","","","","","","","","","","","","","","","","","","","","","","","","","","","","","","","","","","","","","","","","","","","","","","","","","","","","","","","","","","","","","","","","","","","","","","","","","","","","","","","","","","","","","","","","","","","","","","","","","","","","",""
"83069002","PORQUEROLLES",43.,6.226833,135,1981040903,"","","","",6.,1,40,1,"","","","","","","","","","","","","","","","","","","","","","","","","","","","",12.,1,9.3,1,"","","","","","","","","","","","","","","","","","","","","","","","","","",86,1,"","","","","","","","","","","","",12.,1,1020.9,1,"","","","","","",1,1,0,1,0,1,0,1,2,1,"","","","","","","","","","","","","","","","","","","","","","","","",12000,1,"","",0,1,"","","","","","","","","","","","",3,1,90,1,"","","","","","","","","","","","","","","","","","","","","","","","","","","","","","","","","","","","","","","","","","","","","","","","","","","",""
"83069002","PORQUEROLLES",43.,6.226833,135,1981040906,"","","","",5.,1,20,1,"","","","","","","","","","","","","","","","","","","","","","","","","","","","",11.8,1,8.7,1,"","","","","","","","","","","","","","","","","","","","","","","","","","",83,1,"","","","","","","","","","","","",11.5,1,1021.6,1,"","","","","","",1,1,0,1,0,1,0,1,2,1,"","","","","","","","","","","","","","","","","","","","","","","","",12000,1,"","",2,1,0,1,"","",0,1,"","","","","","",2,1,90,1,"","","","","","","","","","","","","","","","","","","","","","","","","","","","","","","","","","","","","","","","","","","","","","","","","","","",""
"83069002","PORQUEROLLES",43.,6.226833,135,1981040909,"","","","",5.,1,20,1,"","","","","","","","","","","","","","","","","","","","","","","","","","","","",17.7,1,10.2,1,"","","","","","","","","","","","","","","","","","","","","","","","","","",63,1,"","","","","","","","","","","","",12.7,1,1022.1,1,"","","","","","",2,1,0,1,2,1,0,1,0,1,"","","","","","","","","","","","","","","","","","","","","","","","",10000,1,"","",3,1,0,1,"","","","","","","","","","",2,1,0,1,"","","","","","","","","","","","","","","","","","","","","","","","","","","","","","","","","","","","","","","","","","","","","","","","","","","",""
"83069002","PORQUEROLLES",43.,6.226833,135,1981040912,"","","","",7.,1,40,1,"","","","","","","","","","","","","","","","","","","","","","","","","","","","",21.7,1,10.6,1,"","","","","","","","","","","","","","","","","","","","","","","","","","",51,1,"","","","","","","","","","","","",13.1,1,1021.6,1,"","","","","","",3,1,0,1,0,1,0,1,2,1,"","","","","","","","","","","","","","","","","","","","","","","","",18000,1,"","",1,1,0,1,"","","","","","","","","","",2,1,0,1,"","","","","","","","","","","","","","","","","","","","","","","","","","","","","","","","","","","","","","","","","","","","","","","","","","","",""
"83069002","PORQUEROLLES",43.,6.226833,135,1981040915,"","","","",9.,1,60,1,"","","","","","","","","","","","","","","","","","","","","","","","","","","","",21.7,1,10.6,1,"","","","","","","","","","","","","","","","","","","","","","","","","","",51,1,"","","","","","","","","","","","",13.1,1,1020.2,1,"","","","","","",5,1,5,1,0,1,0,1,4,1,"","","","","","","","","","","","","","","","","","","","","","","","",15000,1,"","",3,1,1,1,"","","","","","","","","","",2,1,90,1,"","","","","","","","","","","","","","","","","","","","","","","","","","","","","","","","","","","","","","","","","","","","","","","","","","","",""
"83069002","PORQUEROLLES",43.,6.226833,135,1981040918,"","","","",6.,1,60,1,"","","","","","","","","","","","","","","","","","","","","","","","","","","","",15.,1,9.6,1,"","","","","","","","","","","","","","","","","","","","","","","","","","",72,1,"","","","","","","","","","","","",12.2,1,1020.9,1,"","","","","","",6,1,6,1,0,1,8,1,0,1,"","","","","","","","","","","","","","","","","","","","","","","","",12000,1,"","",3,1,2,1,"","","","","","","","","","",2,1,90,1,"","","","","","","","","","","","","","","","","","","","","","","","","","","","","","","","","","","","","","","","","","","","","","","","","","","",""
"83069002","PORQUEROLLES",43.,6.226833,135,1981040921,"","","","",3.,1,40,1,"","","","","","","","","","","","","","","","","","","","","","","","","","","","",13.4,1,10.1,1,"","","","","","","","","","","","","","","","","","","","","","","","","","",82,1,"","","","","","","","","","","","",12.6,1,1021.3,1,"","","","","","",8,1,8,1,0,1,8,1,0,1,"","","","","","","","","","","","","","","","","","","","","","","","",15000,1,"","",3,1,2,1,"","","","","","","","","","",2,1,90,1,"","","","","","","","","","","","","","","","","","","","","","","","","","","","","","","","","","","","","","","","","","","","","","","","","","","",""
"83069002","PORQUEROLLES",43.,6.226833,135,1981041000,"","","","",4.,1,60,1,"","","","","","","","","","","","","","","","","","","","","","","","","","","","",12.9,1,9.9,1,"","","","","","","","","","","","","","","","","","","","","","","","","","",84,1,"","","","","","","","","","","","",12.5,1,1020.4,1,"","","","","","","","","","","","","","","","","","","","","","","","","","","","","","","","","","","","","","","","","","","","","","","","","","","","","","","","","","","","","","","","","","","","","","","","","","","","","","","","","","","","","","","","","","","","","","","","","","","","","","","","","","","","","","","","","",""
"83069002","PORQUEROLLES",43.,6.226833,135,1981041003,"","","","",5.,1,60,1,"","","","","","","","","","","","","","","","","","","","","","","","","","","","",12.9,1,9.9,1,"","","","","","","","","","","","","","","","","","","","","","","","","","",84,1,"","","","","","","","","","","","",12.5,1,1020.,1,"","","","","","",8,1,8,1,0,1,0,1,7,1,"","","","","","","","","","","","","","","","","","","","","","","","",12000,1,"","",0,1,"","","","","","","","","","","","",2,1,0,1,"","","","","","","","","","","","","","","","","","","","","","","","","","","","","","","","","","","","","","","","","","","","","","","","","","","",""
"83069002","PORQUEROLLES",43.,6.226833,135,1981041006,"","","","",7.,1,80,1,"","","","","","","","","","","","","","","","","","","","","","","","","","","","",12.1,1,12.1,1,"","","","","","","","","","","","","","","","","","","","","","","","","","",99,1,"","","","","","","","","","","","",13.9,1,1020.4,1,"","","","","","",6,1,0,1,6,1,8,1,1,1,"","","","","","","","","","","","","","","","","","","","","","","","",3000,1,"","",10,1,2,1,"","","","","","","","","","",2,1,0,1,"","","","","","","","","","","","","","","","","","","","","","","","","","","","","","","","","","","","","","","","","","","","","","","","","","","",""
"83069002","PORQUEROLLES",43.,6.226833,135,1981041009,"","","","",6.,1,80,1,"","","","","","","","","","","","","","","","","","","","","","","","","","","","",19.5,1,8.9,1,"","","","","","","","","","","","","","","","","","","","","","","","","","",56,1,"","","","","","","","","","","","",11.6,1,1020.,1,"","","","","","",6,1,0,1,6,1,8,1,1,1,"","","","","","","","","","","","","","","","","","","","","","","","",4000,1,"","",10,1,4,1,"","","","","","","","","","",2,1,0,1,"","","","","","","","","","","","","","","","","","","","","","","","","","","","","","","","","","","","","","","","","","","","","","","","","","","",""
"83069002","PORQUEROLLES",43.,6.226833,135,1981041012,"","","","",6.,1,80,1,"","","","","","","","","","","","","","","","","","","","","","","","","","","","",18.5,1,13.8,1,"","","","","","","","","","","","","","","","","","","","","","","","","","",76,1,"","","","","","","","","","","","",16.2,1,1020.,1,"","","","","","",7,1,7,1,0,1,7,1,"","","","","","","","","","","","","","","","","","","","","","","","","","",5000,1,"","",3,1,2,1,"","","","","","","","","","",2,1,0,1,"","","","","","","","","","","","","","","","","","","","","","","","","","","","","","","","","","","","","","","","","","","","","","","","","","","",""
"83069002","PORQUEROLLES",43.,6.226833,135,1981041015,"","","","",1.,1,100,1,"","","","","","","","","","","","","","","","","","","","","","","","","","","","",15.8,1,13.1,1,"","","","","","","","","","","","","","","","","","","","","","","","","","",86,1,"","","","","","","","","","","","",15.5,1,1019.5,1,"","","","","","",7,1,7,1,0,1,7,1,"","","","","","","","","","","","","","","","","","","","","","","","","","",6000,1,"","",2,1,2,1,"","","","","","","","","","",2,1,0,1,"","","","","","","","","","","","","","","","","","","","","","","","","","","","","","","","","","","","","","","","","","","","","","","","","","","",""
"83069002","PORQUEROLLES",43.,6.226833,135,1981041018,"","","","",4.,1,80,1,"","","","","","","","","","","","","","","","","","","","","","","","","","","","",13.6,1,11.1,1,"","","","","","","","","","","","","","","","","","","","","","","","","","",87,1,"","","","","","","","","","","","",13.5,1,1018.3,1,"","","","","","",8,1,8,1,0,1,7,1,"","","","","","","","","","","","","","","","","","","","","","","","","","",8000,1,"","",3,1,2,1,"","","","","","","","","","",2,1,0,1,"","","","","","","","","","","","","","","","","","","","","","","","","","","","","","","","","","","","","","","","","","","","","","","","","","","",""
"83069002","PORQUEROLLES",43.,6.226833,135,1981041021,"","","","",5.,1,80,1,"","","","","","","","","","","","","","","","","","","","","","","","","","","","",14.5,1,9.3,1,"","","","","","","","","","","","","","","","","","","","","","","","","","",73,1,"","","","","","","","","","","","",12.,1,1017.8,1,"","","","","","",8,1,8,1,0,1,7,1,"","","","","","","","","","","","","","","","","","","","","","","","","","",12000,1,"","",2,1,2,1,"","","","","","","","","","",2,1,0,1,"","","","","","","","","","","","","","","","","","","","","","","","","","","","","","","","","","","","","","","","","","","","","","","","","","","",""
"83069002","PORQUEROLLES",43.,6.226833,135,1981041100,"","","","",12.,1,80,1,"","","","","","","","","","","","","","","","","","","","","","","","","","","","",14.5,1,10.7,1,"","","","","","","","","","","","","","","","","","","","","","","","","","",80,1,"","","","","","","","","","","","",13.2,1,1016.9,1,"","","","","","","","","","","","","","","","","","","","","","","","","","","","","","","","","","","","","","","","","","","","","","","","","","","","","","","","","","","","","","","","","","","","","","","","","","","","","","","","","","","","","","","","","","","","","","","","","","","","","","","","","","","","","","","","","",""
"83069002","PORQUEROLLES",43.,6.226833,135,1981041103,"","","","",7.,1,80,1,"","","","","","","","","","","","","","","","","","","","","","","","","","","","",14.5,1,12.8,1,"","","","","","","","","","","","","","","","","","","","","","","","","","",92,1,"","","","","","","","","","","","",15.2,1,1016.4,1,"","","","","","",8,1,8,1,5,1,"","","","","","","","","","","","","","","","","","","","","","","","","","","","",10000,1,"","",0,1,"","","","","","","","","","","","",2,1,"","","","","","","","","","","","","","","","","","","","","","","","","","","","","","","","","","","","","","","","","","","","","","","","","","","","","",""
"83069002","PORQUEROLLES",43.,6.226833,135,1981041106,"","","","",4.,1,220,1,"","","","","","","","","","","","","","","","","","","","","","","","","","","","",14.2,1,10.6,1,"","","","","","","","","","","","","","","","","","","","","","","","","","",81,1,"","","","","","","","","","","","",13.1,1,1017.6,1,"","","","","","",8,1,8,1,0,1,7,1,"","","","","","","","","","","","","","","","","","","","","","","","","","",12000,1,"","",2,1,6,1,"","",0,1,"","","","","","",2,1,0,1,"","","","","","","","","","","","","","","","","","","","","","","","","","","","","","","","","","","","","","","","","","","","","","","","","","","",""
"83069002","PORQUEROLLES",43.,6.226833,135,1981041109,"","","","",5.,1,60,1,"","","","","","","","","","","","","","","","","","","","","","","","","","","","",13.,1,11.9,1,"","","","","","","","","","","","","","","","","","","","","","","","","","",96,1,"","","","","","","","","","","","",14.3,1,1017.3,1,"","","","","","",8,1,6,1,7,1,2,1,"","","","","","","","","","","","","","","","","","","","","","","","","","",5000,1,"","",61,1,6,1,"","","","","","","","","","",2,1,90,1,"","","","","","","","","","","","","","","","","","","","","","","","","","","","","","","","","","","","","","","","","","","","","","","","","","","",""
"83069002","PORQUEROLLES",43.,6.226833,135,1981041112,"","","","",4.,1,20,1,"","","","","","","","","","","","","","","","","","","","","","","","","","","","",16.,1,13.1,1,"","","","","","","","","","","","","","","","","","","","","","","","","","",85,1,"","","","","","","","","","","","",15.5,1,1015.3,1,"","","","","","",7,1,7,1,5,1,7,1,"","","","","","","","","","","","","","","","","","","","","","","","","","",15000,1,"","",60,1,6,1,"","","","","","","","","","",2,1,0,1,"","","","","","","","","","","","","","","","","","","","","","","","","","","","","","","","","","","","","","","","","","","","","","","","","","","",""
"83069002","PORQUEROLLES",43.,6.226833,135,1981041115,"","","","",3.,1,80,1,"","","","","","","","","","","","","","","","","","","","","","","","","","","","",18.3,1,11.6,1,"","","","","","","","","","","","","","","","","","","","","","","","","","",67,1,"","","","","","","","","","","","",14.,1,1014.6,1,"","","","","","",4,1,0,1,2,1,4,1,2,1,"","","","","","","","","","","","","","","","","","","","","","","","",20000,1,"","",1,1,6,1,"","","","","","","","","","",2,1,0,1,"","","","","","","","","","","","","","","","","","","","","","","","","","","","","","","","","","","","","","","","","","","","","","","","","","","",""
"83069002","PORQUEROLLES",43.,6.226833,135,1981041118,"","","","",0.,1,0,1,"","","","","","","","","","","","","","","","","","","","","","","","","","","","",18.,1,11.2,1,"","","","","","","","","","","","","","","","","","","","","","","","","","",66,1,"","","","","","","","","","","","",13.6,1,1014.2,1,"","","","","","",2,1,0,1,0,1,4,1,1,1,"","","","","","","","","","","","","","","","","","","","","","","","",25000,1,"","",1,1,6,1,"","","","","","","","","","",2,1,0,1,"","","","","","","","","","","","","","","","","","","","","","","","","","","","","","","","","","","","","","","","","","","","","","","","","","","",""
"83069002","PORQUEROLLES",43.,6.226833,135,1981041121,"","","","",5.,1,260,1,"","","","","","","","","","","","","","","","","","","","","","","","","","","","",14.4,1,12.2,1,"","","","","","","","","","","","","","","","","","","","","","","","","","",89,1,"","","","","","","","","","","","",14.6,1,1014.8,1,"","","","","","",2,1,0,1,0,1,4,1,0,1,"","","","","","","","","","","","","","","","","","","","","","","","",20000,1,"","",2,1,0,1,"","","","","","","","","","",2,1,0,1,"","","","","","","","","","","","","","","","","","","","","","","","","","","","","","","","","","","","","","","","","","","","","","","","","","","",""
"83069002","PORQUEROLLES",43.,6.226833,135,1981041200,"","","","",3.,1,360,1,"","","","","","","","","","","","","","","","","","","","","","","","","","","","",14.5,1,11.9,1,"","","","","","","","","","","","","","","","","","","","","","","","","","",87,1,"","","","","","","","","","","","",14.3,1,1014.7,1,"","","","","","","","","","","","","","","","","","","","","","","","","","","","","","","","","","","","","","","","","","","","","","","","","","","","","","","","","","","","","","","","","","","","","","","","","","","","","","","","","","","","","","","","","","","","","","","","","","","","","","","","","","","","","","","","","",""
"83069002","PORQUEROLLES",43.,6.226833,135,1981041203,"","","","",2.,1,360,1,"","","","","","","","","","","","","","","","","","","","","","","","","","","","",14.5,1,11.7,1,"","","","","","","","","","","","","","","","","","","","","","","","","","",86,1,"","","","","","","","","","","","",14.1,1,1015.3,1,"","","","","","",0,1,"","",0,1,0,1,0,1,"","","","","","","","","","","","","","","","","","","","","","","","",20000,1,"","",0,1,"","","","","","","","","","","","",2,1,0,1,"","","","","","","","","","","","","","","","","","","","","","","","","","","","","","","","","","","","","","","","","","","","","","","","","","","",""
"83069002","PORQUEROLLES",43.,6.226833,135,1981041206,"","","","",10.,1,40,1,"","","","","","","","","","","","","","","","","","","","","","","","","","","","",14.5,1,12.3,1,"","","","","","","","","","","","","","","","","","","","","","","","","","",89,1,"","","","","","","","","","","","",14.7,1,1016.2,1,"","","","","","",4,1,0,1,0,1,5,1,0,1,"","","","","","","","","","","","","","","","","","","","","","","","",15000,1,"","",3,1,0,1,"","",0,1,"","","","","","",2,1,90,1,"","","","","","","","","","","","","","","","","","","","","","","","","","","","","","","","","","","","","","","","","","","","","","","","","","","",""
"83069002","PORQUEROLLES",43.,6.226833,135,1981041209,"","","","",15.,1,40,1,"","","","","","","","","","","","","","","","","","","","","","","","","","","","",15.8,1,10.7,1,"","","","","","","","","","","","","","","","","","","","","","","","","","",74,1,"","","","","","","","","","","","",13.2,1,1017.5,1,"","","","","","",6,1,6,1,0,1,8,1,0,1,"","","","","","","","","","","","","","","","","","","","","","","","",10000,1,"","",3,1,1,1,"","","","","","","","","","",3,1,90,1,"","","","","","","","","","","","","","","","","","","","","","","","","","","","","","","","","","","","","","","","","","","","","","","","","","","",""
"83069002","PORQUEROLLES",43.,6.226833,135,1981041212,"","","","",13.,1,40,1,"","","","","","","","","","","","","","","","","","","","","","","","","","","","",19.,1,11.5,1,"","","","","","","","","","","","","","","","","","","","","","","","","","",63,1,"","","","","","","","","","","","",13.9,1,1017.8,1,"","","","","","",6,1,6,1,0,1,8,1,0,1,"","","","","","","","","","","","","","","","","","","","","","","","",8000,1,"","",2,1,2,1,"","","","","","","","","","",3,1,90,1,"","","","","","","","","","","","","","","","","","","","","","","","","","","","","","","","","","","","","","","","","","","","","","","","","","","",""
"83069002","PORQUEROLLES",43.,6.226833,135,1981041215,"","","","",11.,1,40,1,"","","","","","","","","","","","","","","","","","","","","","","","","","","","",18.,1,10.7,1,"","","","","","","","","","","","","","","","","","","","","","","","","","",64,1,"","","","","","","","","","","","",13.2,1,1017.3,1,"","","","","","",4,1,0,1,0,1,8,1,1,1,"","","","","","","","","","","","","","","","","","","","","","","","",5000,1,"","",1,1,1,1,"","","","","","","","","","",3,1,90,1,"","","","","","","","","","","","","","","","","","","","","","","","","","","","","","","","","","","","","","","","","","","","","","","","","","","",""
"83069002","PORQUEROLLES",43.,6.226833,135,1981041218,"","","","",8.,1,40,1,"","","","","","","","","","","","","","","","","","","","","","","","","","","","",15.2,1,9.9,1,"","","","","","","","","","","","","","","","","","","","","","","","","","",73,1,"","","","","","","","","","","","",12.5,1,1017.5,1,"","","","","","",3,1,0,1,0,1,8,1,2,1,"","","","","","","","","","","","","","","","","","","","","","","","",6000,1,"","",1,1,1,1,"","","","","","","","","","",3,1,90,1,"","","","","","","","","","","","","","","","","","","","","","","","","","","","","","","","","","","","","","","","","","","","","","","","","","","",""
"83069002","PORQUEROLLES",43.,6.226833,135,1981041221,"","","","",7.,1,40,1,"","","","","","","","","","","","","","","","","","","","","","","","","","","","",13.5,1,11.6,1,"","","","","","","","","","","","","","","","","","","","","","","","","","",91,1,"","","","","","","","","","","","",14.,1,1018.7,1,"","","","","","",3,1,0,1,0,1,0,1,2,1,"","","","","","","","","","","","","","","","","","","","","","","","",12000,1,"","",1,1,0,1,"","","","","","","","","","",3,1,90,1,"","","","","","","","","","","","","","","","","","","","","","","","","","","","","","","","","","","","","","","","","","","","","","","","","","","",""
"83069002","PORQUEROLLES",43.,6.226833,135,1981041300,"","","","",6.,1,40,1,"","","","","","","","","","","","","","","","","","","","","","","","","","","","",13.4,1,11.7,1,"","","","","","","","","","","","","","","","","","","","","","","","","","",92,1,"","","","","","","","","","","","",14.1,1,1019.9,1,"","","","","","","","","","","","","","","","","","","","","","","","","","","","","","","","","","","","","","","","","","","","","","","","","","","","","","","","","","","","","","","","","","","","","","","","","","","","","","","","","","","","","","","","","","","","","","","","","","","","","","","","","","","","","","","","","",""
"83069002","PORQUEROLLES",43.,6.226833,135,1981041303,"","","","",5.,1,40,1,"","","","","","","","","","","","","","","","","","","","","","","","","","","","",13.6,1,12.1,1,"","","","","","","","","","","","","","","","","","","","","","","","","","",93,1,"","","","","","","","","","","","",14.5,1,1020.7,1,"","","","","","",1,1,0,1,0,1,0,1,1,1,"","","","","","","","","","","","","","","","","","","","","","","","",12000,1,"","",0,1,"","","","","","","","","","","","",2,1,90,1,"","","","","","","","","","","","","","","","","","","","","","","","","","","","","","","","","","","","","","","","","","","","","","","","","","","",""
"83069002","PORQUEROLLES",43.,6.226833,135,1981041306,"","","","",3.,1,360,1,"","","","","","","","","","","","","","","","","","","","","","","","","","","","",13.9,1,10.3,1,"","","","","","","","","","","","","","","","","","","","","","","","","","",81,1,"","","","","","","","","","","","",12.8,1,1021.2,1,"","","","","","",3,1,0,1,0,1,0,1,4,1,"","","","","","","","","","","","","","","","","","","","","","","","",12000,1,"","",3,1,0,1,"","",0,1,"","","","","","",2,1,0,1,"","","","","","","","","","","","","","","","","","","","","","","","","","","","","","","","","","","","","","","","","","","","","","","","","","","",""
"83069002","PORQUEROLLES",43.,6.226833,135,1981041309,"","","","",4.,1,360,1,"","","","","","","","","","","","","","","","","","","","","","","","","","","","",18.,1,12.3,1,"","","","","","","","","","","","","","","","","","","","","","","","","","",71,1,"","","","","","","","","","","","",14.7,1,1021.9,1,"","","","","","",1,1,0,1,0,1,0,1,1,1,"","","","","","","","","","","","","","","","","","","","","","","","",8000,1,"","",1,1,0,1,"","","","","","","","","","",2,1,0,1,"","","","","","","","","","","","","","","","","","","","","","","","","","","","","","","","","","","","","","","","","","","","","","","","","","","",""
"83069002","PORQUEROLLES",43.,6.226833,135,1981041312,"","","","",7.,1,360,1,"","","","","","","","","","","","","","","","","","","","","","","","","","","","",18.8,1,8.,1,"","","","","","","","","","","","","","","","","","","","","","","","","","",50,1,"","","","","","","","","","","","",10.9,1,1021.3,1,"","","","","","",1,1,0,1,0,1,0,1,1,1,"","","","","","","","","","","","","","","","","","","","","","","","",6000,1,"","",2,1,2,1,"","","","","","","","","","",2,1,0,1,"","","","","","","","","","","","","","","","","","","","","","","","","","","","","","","","","","","","","","","","","","","","","","","","","","","",""
"83069002","PORQUEROLLES",43.,6.226833,135,1981041315,"","","","",7.,1,360,1,"","","","","","","","","","","","","","","","","","","","","","","","","","","","",18.5,1,10.8,1,"","","","","","","","","","","","","","","","","","","","","","","","","","",63,1,"","","","","","","","","","","","",13.3,1,1021.,1,"","","","","","",1,1,0,1,0,1,0,1,1,1,"","","","","","","","","","","","","","","","","","","","","","","","",12000,1,"","",2,1,0,1,"","","","","","","","","","",2,1,0,1,"","","","","","","","","","","","","","","","","","","","","","","","","","","","","","","","","","","","","","","","","","","","","","","","","","","",""
"83069002","PORQUEROLLES",43.,6.226833,135,1981041318,"","","","",0.,1,0,1,"","","","","","","","","","","","","","","","","","","","","","","","","","","","",15.5,1,10.5,1,"","","","","","","","","","","","","","","","","","","","","","","","","","",74,1,"","","","","","","","","","","","",13.,1,1021.2,1,"","","","","","",3,1,0,1,0,1,0,1,1,1,"","","","","","","","","","","","","","","","","","","","","","","","",11000,1,"","",3,1,0,1,"","","","","","","","","","",2,1,0,1,"","","","","","","","","","","","","","","","","","","","","","","","","","","","","","","","","","","","","","","","","","","","","","","","","","","",""
"83069002","PORQUEROLLES",43.,6.226833,135,1981041321,"","","","",2.,1,320,1,"","","","","","","","","","","","","","","","","","","","","","","","","","","","",14.3,1,8.3,1,"","","","","","","","","","","","","","","","","","","","","","","","","","",69,1,"","","","","","","","","","","","",11.2,1,1021.3,1,"","","","","","",2,1,0,1,0,1,0,1,1,1,"","","","","","","","","","","","","","","","","","","","","","","","",12000,1,"","",2,1,0,1,"","","","","","","","","","",2,1,0,1,"","","","","","","","","","","","","","","","","","","","","","","","","","","","","","","","","","","","","","","","","","","","","","","","","","","",""
"83069002","PORQUEROLLES",43.,6.226833,135,1981041400,"","","","",2.,1,280,1,"","","","","","","","","","","","","","","","","","","","","","","","","","","","",13.7,1,7.1,1,"","","","","","","","","","","","","","","","","","","","","","","","","","",65,1,"","","","","","","","","","","","",10.2,1,1021.4,1,"","","","","","","","","","","","","","","","","","","","","","","","","","","","","","","","","","","","","","","","","","","","","","","","","","","","","","","","","","","","","","","","","","","","","","","","","","","","","","","","","","","","","","","","","","","","","","","","","","","","","","","","","","","","","","","","","",""
"83069002","PORQUEROLLES",43.,6.226833,135,1981041403,"","","","",3.,1,280,1,"","","","","","","","","","","","","","","","","","","","","","","","","","","","",13.4,1,6.2,1,"","","","","","","","","","","","","","","","","","","","","","","","","","",62,1,"","","","","","","","","","","","",9.6,1,1020.7,1,"","","","","","",0,1,"","",0,1,0,1,0,1,"","","","","","","","","","","","","","","","","","","","","","","","",14000,1,"","",0,1,"","","","","","","","","","","","",2,1,0,1,"","","","","","","","","","","","","","","","","","","","","","","","","","","","","","","","","","","","","","","","","","","","","","","","","","","",""
"83069002","PORQUEROLLES",43.,6.226833,135,1981041406,"","","","",4.,1,40,1,"","","","","","","","","","","","","","","","","","","","","","","","","","","","",13.5,1,6.8,1,"","","","","","","","","","","","","","","","","","","","","","","","","","",65,1,"","","","","","","","","","","","",10.,1,1020.7,1,"","","","","","",5,1,5,1,0,1,0,1,4,1,"","","","","","","","","","","","","","","","","","","","","","","","",8000,1,"","",3,1,1,1,"","",0,1,"","","","","","",2,1,0,1,"","","","","","","","","","","","","","","","","","","","","","","","","","","","","","","","","","","","","","","","","","","","","","","","","","","",""
"83069002","PORQUEROLLES",43.,6.226833,135,1981041409,"","","","",5.,1,40,1,"","","","","","","","","","","","","","","","","","","","","","","","","","","","",17.,1,9.2,1,"","","","","","","","","","","","","","","","","","","","","","","","","","",61,1,"","","","","","","","","","","","",11.8,1,1021.6,1,"","","","","","",4,1,0,1,0,1,0,1,4,1,"","","","","","","","","","","","","","","","","","","","","","","","",10000,1,"","",1,1,1,1,"","","","","","","","","","",2,1,0,1,"","","","","","","","","","","","","","","","","","","","","","","","","","","","","","","","","","","","","","","","","","","","","","","","","","","",""
"83069002","PORQUEROLLES",43.,6.226833,135,1981041412,"","","","",4.,1,40,1,"","","","","","","","","","","","","","","","","","","","","","","","","","","","",19.,1,11.1,1,"","","","","","","","","","","","","","","","","","","","","","","","","","",61,1,"","","","","","","","","","","","",13.5,1,1021.1,1,"","","","","","",4,1,0,1,0,1,0,1,4,1,"","","","","","","","","","","","","","","","","","","","","","","","",12000,1,"","",2,1,0,1,"","","","","","","","","","",2,1,0,1,"","","","","","","","","","","","","","","","","","","","","","","","","","","","","","","","","","","","","","","","","","","","","","","","","","","",""
"83069002","PORQUEROLLES",43.,6.226833,135,1981041415,"","","","",2.,1,40,1,"","","","","","","","","","","","","","","","","","","","","","","","","","","","",18.5,1,14.7,1,"","","","","","","","","","","","","","","","","","","","","","","","","","",81,1,"","","","","","","","","","","","",17.2,1,1020.3,1,"","","","","","",3,1,0,1,0,1,0,1,4,1,"","","","","","","","","","","","","","","","","","","","","","","","",8000,1,"","",1,1,0,1,"","","","","","","","","","",2,1,0,1,"","","","","","","","","","","","","","","","","","","","","","","","","","","","","","","","","","","","","","","","","","","","","","","","","","","",""
"83069002","PORQUEROLLES",43.,6.226833,135,1981041418,"","","","",2.,1,40,1,"","","","","","","","","","","","","","","","","","","","","","","","","","","","",14.5,1,13.1,1,"","","","","","","","","","","","","","","","","","","","","","","","","","",97,1,"","","","","","","","","","","","",15.4,1,1019.6,1,"","","","","","",5,1,5,1,0,1,0,1,4,1,"","","","","","","","","","","","","","","","","","","","","","","","",2000,1,"","",10,1,4,1,"","","","","","","","","","",2,1,0,1,"","","","","","","","","","","","","","","","","","","","","","","","","","","","","","","","","","","","","","","","","","","","","","","","","","","",""
"83069002","PORQUEROLLES",43.,6.226833,135,1981041421,"","","","",3.,1,300,1,"","","","","","","","","","","","","","","","","","","","","","","","","","","","",12.5,1,12.5,1,"","","","","","","","","","","","","","","","","","","","","","","","","","",100,1,"","","","","","","","","","","","",14.5,1,1021.2,1,"","","","","","",0,1,"","",0,1,0,1,0,1,"","","","","","","","","","","","","","","","","","","","","","","","",10000,1,"","",1,1,4,1,"","","","","","","","","","",2,1,"","","","","","","","","","","","","","","","","","","","","","","","","","","","","","","","","","","","","","","","","","","","","","","","","","","","","",""
"83069002","PORQUEROLLES",43.,6.226833,135,1981041500,"","","","",3.,1,240,1,"","","","","","","","","","","","","","","","","","","","","","","","","","","","",12.5,1,11.9,1,"","","","","","","","","","","","","","","","","","","","","","","","","","",98,1,"","","","","","","","","","","","",14.2,1,1021.2,1,"","","","","","","","","","","","","","","","","","","","","","","","","","","","","","","","","","","","","","","","","","","","","","","","","","","","","","","","","","","","","","","","","","","","","","","","","","","","","","","","","","","","","","","","","","","","","","","","","","","","","","","","","","","","","","","","","",""
"83069002","PORQUEROLLES",43.,6.226833,135,1981041503,"","","","",4.,1,240,1,"","","","","","","","","","","","","","","","","","","","","","","","","","","","",11.5,1,11.5,1,"","","","","","","","","","","","","","","","","","","","","","","","","","",100,1,"","","","","","","","","","","","",13.6,1,1020.9,1,"","","","","","",3,1,0,1,0,1,0,1,9,1,"","","","","","","","","","","","","","","","","","","","","","","","",12000,1,"","",0,1,"","","","","","","","","","","","",2,1,"","","","","","","","","","","","","","","","","","","","","","","","","","","","","","","","","","","","","","","","","","","","","","","","","","","","","",""
"83069002","PORQUEROLLES",43.,6.226833,135,1981041506,"","","","",4.,1,240,1,"","","","","","","","","","","","","","","","","","","","","","","","","","","","",12.5,1,11.2,1,"","","","","","","","","","","","","","","","","","","","","","","","","","",94,1,"","","","","","","","","","","","",13.6,1,1020.8,1,"","","","","","",6,1,6,1,0,1,8,1,0,1,"","","","","","","","","","","","","","","","","","","","","","","","",5000,1,"","",3,1,1,1,"","",0,1,"","","","","","",2,1,0,1,"","","","","","","","","","","","","","","","","","","","","","","","","","","","","","","","","","","","","","","","","","","","","","","","","","","",""
"83069002","PORQUEROLLES",43.,6.226833,135,1981041509,"","","","",0.,1,0,1,"","","","","","","","","","","","","","","","","","","","","","","","","","","","",16.,1,10.1,1,"","","","","","","","","","","","","","","","","","","","","","","","","","",69,1,"","","","","","","","","","","","",12.6,1,1021.2,1,"","","","","","",2,1,0,1,0,1,8,1,0,1,"","","","","","","","","","","","","","","","","","","","","","","","",8000,1,"","",1,1,1,1,"","","","","","","","","","",2,1,0,1,"","","","","","","","","","","","","","","","","","","","","","","","","","","","","","","","","","","","","","","","","","","","","","","","","","","",""
"83069002","PORQUEROLLES",43.,6.226833,135,1981041512,"","","","",5.,1,240,1,"","","","","","","","","","","","","","","","","","","","","","","","","","","","",17.5,1,10.8,1,"","","","","","","","","","","","","","","","","","","","","","","","","","",66,1,"","","","","","","","","","","","",13.2,1,1020.3,1,"","","","","","",3,1,0,1,2,1,8,1,0,1,"","","","","","","","","","","","","","","","","","","","","","","","",10000,1,"","",3,1,0,1,"","","","","","","","","","",2,1,0,1,"","","","","","","","","","","","","","","","","","","","","","","","","","","","","","","","","","","","","","","","","","","","","","","","","","","",""
"83069002","PORQUEROLLES",43.,6.226833,135,1981041515,"","","","",4.,1,260,1,"","","","","","","","","","","","","","","","","","","","","","","","","","","","",17.,1,13.2,1,"","","","","","","","","","","","","","","","","","","","","","","","","","",80,1,"","","","","","","","","","","","",15.5,1,1018.9,1,"","","","","","",2,1,0,1,2,1,0,1,0,1,"","","","","","","","","","","","","","","","","","","","","","","","",10000,1,"","",1,1,0,1,"","","","","","","","","","",2,1,0,1,"","","","","","","","","","","","","","","","","","","","","","","","","","","","","","","","","","","","","","","","","","","","","","","","","","","",""
"83069002","PORQUEROLLES",43.,6.226833,135,1981041518,"","","","",4.,1,260,1,"","","","","","","","","","","","","","","","","","","","","","","","","","","","",14.1,1,13.3,1,"","","","","","","","","","","","","","","","","","","","","","","","","","",97,1,"","","","","","","","","","","","",15.7,1,1018.1,1,"","","","","","",2,1,0,1,0,1,0,1,2,1,"","","","","","","","","","","","","","","","","","","","","","","","",4000,1,"","",10,1,0,1,"","","","","","","","","","",2,1,0,1,"","","","","","","","","","","","","","","","","","","","","","","","","","","","","","","","","","","","","","","","","","","","","","","","","","","",""
"83069002","PORQUEROLLES",43.,6.226833,135,1981041521,"","","","",3.,1,260,1,"","","","","","","","","","","","","","","","","","","","","","","","","","","","",12.8,1,12.8,1,"","","","","","","","","","","","","","","","","","","","","","","","","","",100,1,"","","","","","","","","","","","",14.8,1,1017.7,1,"","","","","","",2,1,0,1,0,1,0,1,1,1,"","","","","","","","","","","","","","","","","","","","","","","","",3000,1,"","",10,1,4,1,"","","","","","","","","","",2,1,0,1,"","","","","","","","","","","","","","","","","","","","","","","","","","","","","","","","","","","","","","","","","","","","","","","","","","","",""
"83069002","PORQUEROLLES",43.,6.226833,135,1981041600,"","","","",4.,1,260,1,"","","","","","","","","","","","","","","","","","","","","","","","","","","","",12.4,1,12.4,1,"","","","","","","","","","","","","","","","","","","","","","","","","","",100,1,"","","","","","","","","","","","",14.4,1,1016.,1,"","","","","","","","","","","","","","","","","","","","","","","","","","","","","","","","","","","","","","","","","","","","","","","","","","","","","","","","","","","","","","","","","","","","","","","","","","","","","","","","","","","","","","","","","","","","","","","","","","","","","","","","","","","","","","","","","",""
"83069002","PORQUEROLLES",43.,6.226833,135,1981041603,"","","","",2.,1,280,1,"","","","","","","","","","","","","","","","","","","","","","","","","","","","",12.1,1,12.1,1,"","","","","","","","","","","","","","","","","","","","","","","","","","",100,1,"","","","","","","","","","","","",14.1,1,1013.8,1,"","","","","","",8,1,8,1,6,1,"","","","","","","","","","","","","","","","","","","","","","","","","","","","",2000,1,"","",10,1,"","","","","","","","","","","","",2,1,0,1,"","","","","","","","","","","","","","","","","","","","","","","","","","","","","","","","","","","","","","","","","","","","","","","","","","","",""
"83069002","PORQUEROLLES",43.,6.226833,135,1981041606,"","","","",0.,1,0,1,"","","","","","","","","","","","","","","","","","","","","","","","","","","","",11.6,1,11.6,1,"","","","","","","","","","","","","","","","","","","","","","","","","","",100,1,"","","","","","","","","","","","",13.6,1,1013.4,1,"","","","","","",8,1,8,1,6,1,"","","","","","","","","","","","","","","","","","","","","","","","","","","","",3000,1,"","",10,1,4,1,"","",0,1,"","","","","","",2,1,0,1,"","","","","","","","","","","","","","","","","","","","","","","","","","","","","","","","","","","","","","","","","","","","","","","","","","","",""
"83069002","PORQUEROLLES",43.,6.226833,135,1981041609,"","","","",2.,1,100,1,"","","","","","","","","","","","","","","","","","","","","","","","","","","","",14.5,1,11.4,1,"","","","","","","","","","","","","","","","","","","","","","","","","","",83,1,"","","","","","","","","","","","",13.8,1,1014.,1,"","","","","","",6,1,6,1,6,1,0,1,0,1,"","","","","","","","","","","","","","","","","","","","","","","","",6000,1,"","",1,1,2,1,"","","","","","","","","","",2,1,0,1,"","","","","","","","","","","","","","","","","","","","","","","","","","","","","","","","","","","","","","","","","","","","","","","","","","","",""
"83069002","PORQUEROLLES",43.,6.226833,135,1981041612,"","","","",0.,1,0,1,"","","","","","","","","","","","","","","","","","","","","","","","","","","","",17.,1,14.5,1,"","","","","","","","","","","","","","","","","","","","","","","","","","",88,1,"","","","","","","","","","","","",17.,1,1010.8,1,"","","","","","",6,1,6,1,6,1,0,1,0,1,"","","","","","","","","","","","","","","","","","","","","","","","",6000,1,"","",2,1,2,1,"","","","","","","","","","",2,1,0,1,"","","","","","","","","","","","","","","","","","","","","","","","","","","","","","","","","","","","","","","","","","","","","","","","","","","",""
"83069002","PORQUEROLLES",43.,6.226833,135,1981041615,"","","","",0.,1,0,1,"","","","","","","","","","","","","","","","","","","","","","","","","","","","",15.5,1,11.1,1,"","","","","","","","","","","","","","","","","","","","","","","","","","",77,1,"","","","","","","","","","","","",13.5,1,1008.6,1,"","","","","","",5,1,5,1,6,1,0,1,0,1,"","","","","","","","","","","","","","","","","","","","","","","","",6000,1,"","",2,1,2,1,"","","","","","","","","","",2,1,0,1,"","","","","","","","","","","","","","","","","","","","","","","","","","","","","","","","","","","","","","","","","","","","","","","","","","","",""
"83069002","PORQUEROLLES",43.,6.226833,135,1981041618,"","","","",0.,1,0,1,"","","","","","","","","","","","","","","","","","","","","","","","","","","","",13.8,1,11.6,1,"","","","","","","","","","","","","","","","","","","","","","","","","","",89,1,"","","","","","","","","","","","",14.,1,1007.8,1,"","","","","","",5,1,5,1,6,1,0,1,0,1,"","","","","","","","","","","","","","","","","","","","","","","","",6000,1,"","",2,1,2,1,"","","","","","","","","","",2,1,0,1,"","","","","","","","","","","","","","","","","","","","","","","","","","","","","","","","","","","","","","","","","","","","","","","","","","","",""
"83069002","PORQUEROLLES",43.,6.226833,135,1981041621,"","","","",0.,1,0,1,"","","","","","","","","","","","","","","","","","","","","","","","","","","","",12.7,1,11.4,1,"","","","","","","","","","","","","","","","","","","","","","","","","","",94,1,"","","","","","","","","","","","",13.8,1,1007.4,1,"","","","","","",6,1,6,1,6,1,0,1,0,1,"","","","","","","","","","","","","","","","","","","","","","","","",5000,1,"","",2,1,2,1,"","","","","","","","","","",2,1,0,1,"","","","","","","","","","","","","","","","","","","","","","","","","","","","","","","","","","","","","","","","","","","","","","","","","","","",""
"83069002","PORQUEROLLES",43.,6.226833,135,1981041700,"","","","",0.,1,0,1,"","","","","","","","","","","","","","","","","","","","","","","","","","","","",12.6,1,10.6,1,"","","","","","","","","","","","","","","","","","","","","","","","","","",90,1,"","","","","","","","","","","","",13.1,1,1006.7,1,"","","","","","","","","","","","","","","","","","","","","","","","","","","","","","","","","","","","","","","","","","","","","","","","","","","","","","","","","","","","","","","","","","","","","","","","","","","","","","","","","","","","","","","","","","","","","","","","","","","","","","","","","","","","","","","","","",""
"83069002","PORQUEROLLES",43.,6.226833,135,1981041703,"","","","",0.,1,0,1,"","","","","","","","","","","","","","","","","","","","","","","","","","","","",11.4,1,9.9,1,"","","","","","","","","","","","","","","","","","","","","","","","","","",92,1,"","","","","","","","","","","","",12.5,1,1004.3,1,"","","","","","",5,1,5,1,0,1,0,1,8,1,"","","","","","","","","","","","","","","","","","","","","","","","",8000,1,"","",0,1,"","","","","","","","","","","","",2,1,0,1,"","","","","","","","","","","","","","","","","","","","","","","","","","","","","","","","","","","","","","","","","","","","","","","","","","","",""
"83069002","PORQUEROLLES",43.,6.226833,135,1981041706,"","","","",2.,1,20,1,"","","","","","","","","","","","","","","","","","","","","","","","","","","","",11.8,1,9.1,1,"","","","","","","","","","","","","","","","","","","","","","","","","","",85,1,"","","","","","","","","","","","",11.8,1,1004.1,1,"","","","","","",5,1,5,1,0,1,0,1,8,1,"","","","","","","","","","","","","","","","","","","","","","","","",8000,1,"","",2,1,2,1,"","",0,1,"","","","","","",2,1,0,1,"","","","","","","","","","","","","","","","","","","","","","","","","","","","","","","","","","","","","","","","","","","","","","","","","","","",""
"83069002","PORQUEROLLES",43.,6.226833,135,1981041709,"","","","",0.,1,0,1,"","","","","","","","","","","","","","","","","","","","","","","","","","","","",15.5,1,11.4,1,"","","","","","","","","","","","","","","","","","","","","","","","","","",78,1,"","","","","","","","","","","","",13.8,1,1004.5,1,"","","","","","",2,1,0,1,0,1,0,1,8,1,"","","","","","","","","","","","","","","","","","","","","","","","",13000,1,"","",1,1,0,1,"","","","","","","","","","",2,1,0,1,"","","","","","","","","","","","","","","","","","","","","","","","","","","","","","","","","","","","","","","","","","","","","","","","","","","",""
"83069002","PORQUEROLLES",43.,6.226833,135,1981041712,"","","","",0.,1,0,1,"","","","","","","","","","","","","","","","","","","","","","","","","","","","",17.5,1,10.7,1,"","","","","","","","","","","","","","","","","","","","","","","","","","",66,1,"","","","","","","","","","","","",13.2,1,1004.6,1,"","","","","","",2,1,0,1,0,1,0,1,8,1,"","","","","","","","","","","","","","","","","","","","","","","","",8000,1,"","",1,1,0,1,"","","","","","","","","","",2,1,0,1,"","","","","","","","","","","","","","","","","","","","","","","","","","","","","","","","","","","","","","","","","","","","","","","","","","","",""
"83069002","PORQUEROLLES",43.,6.226833,135,1981041715,"","","","",2.,1,20,1,"","","","","","","","","","","","","","","","","","","","","","","","","","","","",17.6,1,10.6,1,"","","","","","","","","","","","","","","","","","","","","","","","","","",65,1,"","","","","","","","","","","","",13.1,1,1004.6,1,"","","","","","",5,1,0,1,0,1,4,1,8,1,"","","","","","","","","","","","","","","","","","","","","","","","",6000,1,"","",3,1,1,1,"","","","","","","","","","",2,1,0,1,"","","","","","","","","","","","","","","","","","","","","","","","","","","","","","","","","","","","","","","","","","","","","","","","","","","",""
"83069002","PORQUEROLLES",43.,6.226833,135,1981041718,"","","","",4.,1,80,1,"","","","","","","","","","","","","","","","","","","","","","","","","","","","",14.3,1,12.1,1,"","","","","","","","","","","","","","","","","","","","","","","","","","",89,1,"","","","","","","","","","","","",14.5,1,1005.6,1,"","","","","","",8,1,8,1,7,1,2,1,"","","","","","","","","","","","","","","","","","","","","","","","","","",5000,1,"","",60,1,6,1,"","","","","","","","","","",2,1,0,1,"","","","","","","","","","","","","","","","","","","","","","","","","","","","","","","","","","","","","","","","","","","","","","","","","","","",""
"83069002","PORQUEROLLES",43.,6.226833,135,1981041721,"","","","",5.,1,80,1,"","","","","","","","","","","","","","","","","","","","","","","","","","","","",11.,1,11.,1,"","","","","","","","","","","","","","","","","","","","","","","","","","",100,1,"","","","","","","","","","","","",13.1,1,1007.7,1,"","","","","","",8,1,8,1,6,1,0,1,0,1,"","","","","","","","","","","","","","","","","","","","","","","","",8000,1,"","",2,1,6,1,"","","","","","","","","","",2,1,0,1,"","","","","","","","","","","","","","","","","","","","","","","","","","","","","","","","","","","","","","","","","","","","","","","","","","","",""
"83069002","PORQUEROLLES",43.,6.226833,135,1981041800,"","","","","","",80,1,"","","","","","","","","","","","","","","","","","","","","","","","","","","","","","","","","","","","","","","","","","","","","","","","","","","","","","","","","","","","","","","","","","","","","","","","","","",1007.7,1,"","","","","","","","","","","","","","","","","","","","","","","","","","","","","","","","","","","","","","","","","","","","","","","","","","","","","","","","","","","","","","","","","","","","","","","","","","","","","","","","","","","","","","","","","","","","","","","","","","","","","","","","","","","","","","","","","",""
"83069002","PORQUEROLLES",43.,6.226833,135,1981041803,"","","","",1.,1,340,1,"","","","","","","","","","","","","","","","","","","","","","","","","","","","",10.9,1,10.9,1,"","","","","","","","","","","","","","","","","","","","","","","","","","",100,1,"","","","","","","","","","","","",13.,1,1007.7,1,"","","","","","",8,1,8,1,6,1,0,1,0,1,"","","","","","","","","","","","","","","","","","","","","","","","",12000,1,"","",0,1,"","","","","","","","","","","","",2,1,0,1,"","","","","","","","","","","","","","","","","","","","","","","","","","","","","","","","","","","","","","","","","","","","","","","","","","","",""
"83069002","PORQUEROLLES",43.,6.226833,135,1981041806,"","","","",0.,1,0,1,"","","","","","","","","","","","","","","","","","","","","","","","","","","","",11.,1,6.6,1,"","","","","","","","","","","","","","","","","","","","","","","","","","",75,1,"","","","","","","","","","","","",9.9,1,1007.7,1,"","","","","","",8,1,5,1,0,1,7,1,8,1,"","","","","","","","","","","","","","","","","","","","","","","","",14000,1,"","",2,1,2,1,"","",0,1,"","","","","","",3,1,90,1,"","","","","","","","","","","","","","","","","","","","","","","","","","","","","","","","","","","","","","","","","","","","","","","","","","","",""
"83069002","PORQUEROLLES",43.,6.226833,135,1981041809,"","","","",0.,1,0,1,"","","","","","","","","","","","","","","","","","","","","","","","","","","","",13.3,1,7.8,1,"","","","","","","","","","","","","","","","","","","","","","","","","","",71,1,"","","","","","","","","","","","",10.8,1,1008.7,1,"","","","","","",8,1,8,1,5,1,"","","","","","","","","","","","","","","","","","","","","","","","","","","","",10000,1,"","",3,1,2,1,"","","","","","","","","","",2,1,0,1,"","","","","","","","","","","","","","","","","","","","","","","","","","","","","","","","","","","","","","","","","","","","","","","","","","","",""
"83069002","PORQUEROLLES",43.,6.226833,135,1981041812,"","","","",2.,1,160,1,"","","","","","","","","","","","","","","","","","","","","","","","","","","","",10.1,1,9.3,1,"","","","","","","","","","","","","","","","","","","","","","","","","","",97,1,"","","","","","","","","","","","",12.,1,1009.4,1,"","","","","","",8,1,8,1,7,1,"","","","","","","","","","","","","","","","","","","","","","","","","","","","",8000,1,"","",61,1,6,1,"","","","","","","","","","",2,1,0,1,"","","","","","","","","","","","","","","","","","","","","","","","","","","","","","","","","","","","","","","","","","","","","","","","","","","",""
"83069002","PORQUEROLLES",43.,6.226833,135,1981041815,"","","","",2.,1,140,1,"","","","","","","","","","","","","","","","","","","","","","","","","","","","",13.,1,8.3,1,"","","","","","","","","","","","","","","","","","","","","","","","","","",76,1,"","","","","","","","","","","","",11.2,1,1008.6,1,"","","","","","",6,1,6,1,5,1,0,1,0,1,"","","","","","","","","","","","","","","","","","","","","","","","",8000,1,"","",1,1,6,1,"","","","","","","","","","",2,1,0,1,"","","","","","","","","","","","","","","","","","","","","","","","","","","","","","","","","","","","","","","","","","","","","","","","","","","",""
"83069002","PORQUEROLLES",43.,6.226833,135,1981041818,"","","","",0.,1,0,1,"","","","","","","","","","","","","","","","","","","","","","","","","","","","",12.8,1,7.7,1,"","","","","","","","","","","","","","","","","","","","","","","","","","",73,1,"","","","","","","","","","","","",10.7,1,1009.1,1,"","","","","","",3,1,0,1,2,1,0,1,0,1,"","","","","","","","","","","","","","","","","","","","","","","","",6000,1,"","",1,1,1,1,"","","","","","","","","","",2,1,0,1,"","","","","","","","","","","","","","","","","","","","","","","","","","","","","","","","","","","","","","","","","","","","","","","","","","","",""
"83069002","PORQUEROLLES",43.,6.226833,135,1981041821,"","","","",8.,1,40,1,"","","","","","","","","","","","","","","","","","","","","","","","","","","","",10.9,1,8.6,1,"","","","","","","","","","","","","","","","","","","","","","","","","","",87,1,"","","","","","","","","","","","",11.4,1,1010.8,1,"","","","","","",7,1,7,1,5,1,"","","","","","","","","","","","","","","","","","","","","","","","","","","","",15000,1,"","",3,1,1,1,"","","","","","","","","","",3,1,90,1,"","","","","","","","","","","","","","","","","","","","","","","","","","","","","","","","","","","","","","","","","","","","","","","","","","","",""
"83069002","PORQUEROLLES",43.,6.226833,135,1981041900,"","","","",2.,1,40,1,"","","","","","","","","","","","","","","","","","","","","","","","","","","","",9.7,1,7.3,1,"","","","","","","","","","","","","","","","","","","","","","","","","","",86,1,"","","","","","","","","","","","",10.4,1,1012.4,1,"","","","","","","","","","","","","","","","","","","","","","","","","","","","","","","","","","","","","","","","","","","","","","","","","","","","","","","","","","","","","","","","","","","","","","","","","","","","","","","","","","","","","","","","","","","","","","","","","","","","","","","","","","","","","","","","","",""
"83069002","PORQUEROLLES",43.,6.226833,135,1981041903,"","","","",1.,1,40,1,"","","","","","","","","","","","","","","","","","","","","","","","","","","","",9.,1,7.,1,"","","","","","","","","","","","","","","","","","","","","","","","","","",89,1,"","","","","","","","","","","","",10.2,1,1013.3,1,"","","","","","",7,1,7,1,5,1,"","","","","","","","","","","","","","","","","","","","","","","","","","","","",15000,1,"","",0,1,"","","","","","","","","","","","",2,1,0,1,"","","","","","","","","","","","","","","","","","","","","","","","","","","","","","","","","","","","","","","","","","","","","","","","","","","",""
"83069002","PORQUEROLLES",43.,6.226833,135,1981041906,"","","","",0.,1,0,1,"","","","","","","","","","","","","","","","","","","","","","","","","","","","",9.2,1,6.,1,"","","","","","","","","","","","","","","","","","","","","","","","","","",81,1,"","","","","","","","","","","","",9.5,1,1014.2,1,"","","","","","",2,1,0,1,0,1,4,1,0,1,"","","","","","","","","","","","","","","","","","","","","","","","",12000,1,"","",1,1,1,1,"","",0,1,"","","","","","",2,1,0,1,"","","","","","","","","","","","","","","","","","","","","","","","","","","","","","","","","","","","","","","","","","","","","","","","","","","",""
"83069002","PORQUEROLLES",43.,6.226833,135,1981041909,"","","","",2.,1,240,1,"","","","","","","","","","","","","","","","","","","","","","","","","","","","",13.,1,5.9,1,"","","","","","","","","","","","","","","","","","","","","","","","","","",63,1,"","","","","","","","","","","","",9.4,1,1013.9,1,"","","","","","",0,1,"","",0,1,0,1,0,1,"","","","","","","","","","","","","","","","","","","","","","","","",12000,1,"","",1,1,0,1,"","","","","","","","","","",2,1,0,1,"","","","","","","","","","","","","","","","","","","","","","","","","","","","","","","","","","","","","","","","","","","","","","","","","","","",""
"83069002","PORQUEROLLES",43.,6.226833,135,1981041912,"","","","",7.,1,240,1,"","","","","","","","","","","","","","","","","","","","","","","","","","","","",14.7,1,7.,1,"","","","","","","","","","","","","","","","","","","","","","","","","","",61,1,"","","","","","","","","","","","",10.2,1,1013.,1,"","","","","","",0,1,"","",0,1,0,1,0,1,"","","","","","","","","","","","","","","","","","","","","","","","",14000,1,"","",2,1,0,1,"","","","","","","","","","",2,1,0,1,"","","","","","","","","","","","","","","","","","","","","","","","","","","","","","","","","","","","","","","","","","","","","","","","","","","",""
"83069002","PORQUEROLLES",43.,6.226833,135,1981041915,"","","","",7.,1,220,1,"","","","","","","","","","","","","","","","","","","","","","","","","","","","",14.3,1,7.,1,"","","","","","","","","","","","","","","","","","","","","","","","","","",63,1,"","","","","","","","","","","","",10.2,1,1011.6,1,"","","","","","",0,1,"","",0,1,0,1,0,1,"","","","","","","","","","","","","","","","","","","","","","","","",12000,1,"","",2,1,0,1,"","","","","","","","","","",3,1,230,1,"","","","","","","","","","","","","","","","","","","","","","","","","","","","","","","","","","","","","","","","","","","","","","","","","","","",""
"83069002","PORQUEROLLES",43.,6.226833,135,1981041918,"","","","",4.,1,240,1,"","","","","","","","","","","","","","","","","","","","","","","","","","","","",12.3,1,4.5,1,"","","","","","","","","","","","","","","","","","","","","","","","","","",60,1,"","","","","","","","","","","","",8.5,1,1011.6,1,"","","","","","",2,1,0,1,0,1,0,1,1,1,"","","","","","","","","","","","","","","","","","","","","","","","",12000,1,"","",3,1,0,1,"","","","","","","","","","",3,1,230,1,"","","","","","","","","","","","","","","","","","","","","","","","","","","","","","","","","","","","","","","","","","","","","","","","","","","",""
"83069002","PORQUEROLLES",43.,6.226833,135,1981041921,"","","","",5.,1,240,1,"","","","","","","","","","","","","","","","","","","","","","","","","","","","",11.5,1,6.9,1,"","","","","","","","","","","","","","","","","","","","","","","","","","",75,1,"","","","","","","","","","","","",10.1,1,1012.2,1,"","","","","","",1,1,0,1,0,1,0,1,1,1,"","","","","","","","","","","","","","","","","","","","","","","","",12000,1,"","",2,1,0,1,"","","","","","","","","","",3,1,230,1,"","","","","","","","","","","","","","","","","","","","","","","","","","","","","","","","","","","","","","","","","","","","","","","","","","","",""
"83069002","PORQUEROLLES",43.,6.226833,135,1981042000,"","","","",4.,1,240,1,"","","","","","","","","","","","","","","","","","","","","","","","","","","","",11.4,1,8.7,1,"","","","","","","","","","","","","","","","","","","","","","","","","","",85,1,"","","","","","","","","","","","",11.5,1,1012.1,1,"","","","","","","","","","","","","","","","","","","","","","","","","","","","","","","","","","","","","","","","","","","","","","","","","","","","","","","","","","","","","","","","","","","","","","","","","","","","","","","","","","","","","","","","","","","","","","","","","","","","","","","","","","","","","","","","","",""
"83069002","PORQUEROLLES",43.,6.226833,135,1981042003,"","","","",0.,1,0,1,"","","","","","","","","","","","","","","","","","","","","","","","","","","","",11.7,1,6.4,1,"","","","","","","","","","","","","","","","","","","","","","","","","","",71,1,"","","","","","","","","","","","",9.8,1,1011.3,1,"","","","","","",0,1,"","",0,1,0,1,0,1,"","","","","","","","","","","","","","","","","","","","","","","","",14000,1,"","",0,1,"","","","","","","","","","","","",2,1,0,1,"","","","","","","","","","","","","","","","","","","","","","","","","","","","","","","","","","","","","","","","","","","","","","","","","","","",""
"83069002","PORQUEROLLES",43.,6.226833,135,1981042006,"","","","",1.,1,60,1,"","","","","","","","","","","","","","","","","","","","","","","","","","","","",10.7,1,7.8,1,"","","","","","","","","","","","","","","","","","","","","","","","","","",84,1,"","","","","","","","","","","","",10.8,1,1011.3,1,"","","","","","",6,1,6,1,0,1,5,1,0,1,"","","","","","","","","","","","","","","","","","","","","","","","",14000,1,"","",3,1,1,1,"","",0,1,"","","","","","",2,1,0,1,"","","","","","","","","","","","","","","","","","","","","","","","","","","","","","","","","","","","","","","","","","","","","","","","","","","",""
"83069002","PORQUEROLLES",43.,6.226833,135,1981042009,"","","","",6.,1,220,1,"","","","","","","","","","","","","","","","","","","","","","","","","","","","",12.5,1,6.7,1,"","","","","","","","","","","","","","","","","","","","","","","","","","",69,1,"","","","","","","","","","","","",10.,1,1013.2,1,"","","","","","",7,1,6,1,2,1,0,1,2,1,"","","","","","","","","","","","","","","","","","","","","","","","",15000,1,"","",3,1,2,1,"","","","","","","","","","",3,1,230,1,"","","","","","","","","","","","","","","","","","","","","","","","","","","","","","","","","","","","","","","","","","","","","","","","","","","",""
"83069002","PORQUEROLLES",43.,6.226833,135,1981042012,"","","","",4.,1,220,1,"","","","","","","","","","","","","","","","","","","","","","","","","","","","",13.5,1,6.,1,"","","","","","","","","","","","","","","","","","","","","","","","","","",61,1,"","","","","","","","","","","","",9.5,1,1013.5,1,"","","","","","",8,1,8,1,2,1,2,1,"","","","","","","","","","","","","","","","","","","","","","","","","","",18000,1,"","",3,1,2,1,"","","","","","","","","","",3,1,230,1,"","","","","","","","","","","","","","","","","","","","","","","","","","","","","","","","","","","","","","","","","","","","","","","","","","","",""
"83069002","PORQUEROLLES",43.,6.226833,135,1981042015,"","","","",3.,1,140,1,"","","","","","","","","","","","","","","","","","","","","","","","","","","","",14.5,1,8.5,1,"","","","","","","","","","","","","","","","","","","","","","","","","","",69,1,"","","","","","","","","","","","",11.3,1,1013.5,1,"","","","","","",6,1,5,1,2,1,7,1,3,1,"","","","","","","","","","","","","","","","","","","","","","","","",15000,1,"","",1,1,2,1,"","","","","","","","","","",3,1,230,1,"","","","","","","","","","","","","","","","","","","","","","","","","","","","","","","","","","","","","","","","","","","","","","","","","","","",""
"83069002","PORQUEROLLES",43.,6.226833,135,1981042018,"","","","",2.,1,60,1,"","","","","","","","","","","","","","","","","","","","","","","","","","","","",12.,1,8.9,1,"","","","","","","","","","","","","","","","","","","","","","","","","","",83,1,"","","","","","","","","","","","",11.6,1,1014.2,1,"","","","","","",8,1,8,1,2,1,7,1,"","","","","","","","","","","","","","","","","","","","","","","","","","",15000,1,"","",3,1,2,1,"","","","","","","","","","",2,1,90,1,"","","","","","","","","","","","","","","","","","","","","","","","","","","","","","","","","","","","","","","","","","","","","","","","","","","",""
"83069002","PORQUEROLLES",43.,6.226833,135,1981042021,"","","","",11.,1,40,1,"","","","","","","","","","","","","","","","","","","","","","","","","","","","",10.,1,10.,1,"","","","","","","","","","","","","","","","","","","","","","","","","","",100,1,"","","","","","","","","","","","",12.3,1,1015.4,1,"","","","","","",8,1,8,1,7,1,"","","","","","","","","","","","","","","","","","","","","","","","","","","","",10000,1,"","",63,1,6,1,"","","","","","","","","","",3,1,90,1,"","","","","","","","","","","","","","","","","","","","","","","","","","","","","","","","","","","","","","","","","","","","","","","","","","","",""
"83069002","PORQUEROLLES",43.,6.226833,135,1981042100,"","","","",12.,1,40,1,"","","","","","","","","","","","","","","","","","","","","","","","","","","","",10.,1,9.2,1,"","","","","","","","","","","","","","","","","","","","","","","","","","",97,1,"","","","","","","","","","","","",11.9,1,1015.6,1,"","","","","","","","","","","","","","","","","","","","","","","","","","","","","","","","","","","","","","","","","","","","","","","","","","","","","","","","","","","","","","","","","","","","","","","","","","","","","","","","","","","","","","","","","","","","","","","","","","","","","","","","","","","","","","","","","",""
"83069002","PORQUEROLLES",43.,6.226833,135,1981042103,"","","","",13.,1,40,1,"","","","","","","","","","","","","","","","","","","","","","","","","","","","",9.6,1,8.9,1,"","","","","","","","","","","","","","","","","","","","","","","","","","",98,1,"","","","","","","","","","","","",11.6,1,1015.4,1,"","","","","","",8,1,8,1,7,1,"","","","","","","","","","","","","","","","","","","","","","","","","","","","",15000,1,"","",0,1,"","","","","","","","","","","","",3,1,90,1,"","","","","","","","","","","","","","","","","","","","","","","","","","","","","","","","","","","","","","","","","","","","","","","","","","","",""
"83069002","PORQUEROLLES",43.,6.226833,135,1981042106,"","","","",10.,1,60,1,"","","","","","","","","","","","","","","","","","","","","","","","","","","","",10.,1,8.9,1,"","","","","","","","","","","","","","","","","","","","","","","","","","",95,1,"","","","","","","","","","","","",11.6,1,1015.8,1,"","","","","","",8,1,6,1,7,1,2,1,"","","","","","","","","","","","","","","","","","","","","","","","","","",12000,1,"","",62,1,6,1,"","",0,1,"","","","","","",3,1,90,1,"","","","","","","","","","","","","","","","","","","","","","","","","","","","","","","","","","","","","","","","","","","","","","","","","","","",""
"83069002","PORQUEROLLES",43.,6.226833,135,1981042109,"","","","",10.,1,60,1,"","","","","","","","","","","","","","","","","","","","","","","","","","","","",12.,1,10.2,1,"","","","","","","","","","","","","","","","","","","","","","","","","","",87,1,"","","","","","","","","","","","",12.7,1,1017.,1,"","","","","","",8,1,8,1,7,1,"","","","","","","","","","","","","","","","","","","","","","","","","","","","",12000,1,"","",3,1,2,1,"","","","","","","","","","",3,1,90,1,"","","","","","","","","","","","","","","","","","","","","","","","","","","","","","","","","","","","","","","","","","","","","","","","","","","",""
"83069002","PORQUEROLLES",43.,6.226833,135,1981042112,"","","","",12.,1,40,1,"","","","","","","","","","","","","","","","","","","","","","","","","","","","",11.9,1,8.3,1,"","","","","","","","","","","","","","","","","","","","","","","","","","",80,1,"","","","","","","","","","","","",11.2,1,1017.2,1,"","","","","","",8,1,8,1,7,1,"","","","","","","","","","","","","","","","","","","","","","","","","","","","",10000,1,"","",62,1,6,1,"","","","","","","","","","",3,1,90,1,"","","","","","","","","","","","","","","","","","","","","","","","","","","","","","","","","","","","","","","","","","","","","","","","","","","",""
"83069002","PORQUEROLLES",43.,6.226833,135,1981042115,"","","","",10.,1,40,1,"","","","","","","","","","","","","","","","","","","","","","","","","","","","",12.5,1,10.3,1,"","","","","","","","","","","","","","","","","","","","","","","","","","",89,1,"","","","","","","","","","","","",12.8,1,1016.5,1,"","","","","","",8,1,8,1,6,1,"","","","","","","","","","","","","","","","","","","","","","","","","","","","",8000,1,"","",2,1,2,1,"","","","","","","","","","",3,1,90,1,"","","","","","","","","","","","","","","","","","","","","","","","","","","","","","","","","","","","","","","","","","","","","","","","","","","",""
"83069002","PORQUEROLLES",43.,6.226833,135,1981042118,"","","","",6.,1,40,1,"","","","","","","","","","","","","","","","","","","","","","","","","","","","",12.,1,10.5,1,"","","","","","","","","","","","","","","","","","","","","","","","","","",93,1,"","","","","","","","","","","","",13.,1,1016.6,1,"","","","","","",8,1,8,1,6,1,"","","","","","","","","","","","","","","","","","","","","","","","","","","","",8000,1,"","",2,1,2,1,"","","","","","","","","","",3,1,90,1,"","","","","","","","","","","","","","","","","","","","","","","","","","","","","","","","","","","","","","","","","","","","","","","","","","","",""
"83069002","PORQUEROLLES",43.,6.226833,135,1981042121,"","","","",7.,1,20,1,"","","","","","","","","","","","","","","","","","","","","","","","","","","","",11.8,1,9.5,1,"","","","","","","","","","","","","","","","","","","","","","","","","","",88,1,"","","","","","","","","","","","",12.1,1,1017.2,1,"","","","","","",3,1,0,1,6,1,0,1,0,1,"","","","","","","","","","","","","","","","","","","","","","","","",15000,1,"","",1,1,1,1,"","","","","","","","","","",3,1,90,1,"","","","","","","","","","","","","","","","","","","","","","","","","","","","","","","","","","","","","","","","","","","","","","","","","","","",""
"83069002","PORQUEROLLES",43.,6.226833,135,1981042200,"","","","",6.,1,20,1,"","","","","","","","","","","","","","","","","","","","","","","","","","","","",12.4,1,10.,1,"","","","","","","","","","","","","","","","","","","","","","","","","","",87,1,"","","","","","","","","","","","",12.5,1,1016.9,1,"","","","","","","","","","","","","","","","","","","","","","","","","","","","","","","","","","","","","","","","","","","","","","","","","","","","","","","","","","","","","","","","","","","","","","","","","","","","","","","","","","","","","","","","","","","","","","","","","","","","","","","","","","","","","","","","","",""
"83069002","PORQUEROLLES",43.,6.226833,135,1981042203,"","","","",6.,1,20,1,"","","","","","","","","","","","","","","","","","","","","","","","","","","","",11.9,1,8.7,1,"","","","","","","","","","","","","","","","","","","","","","","","","","",82,1,"","","","","","","","","","","","",11.4,1,1014.8,1,"","","","","","",7,1,7,1,5,1,"","","","","","","","","","","","","","","","","","","","","","","","","","","","",15000,1,"","",0,1,"","","","","","","","","","","","",3,1,90,1,"","","","","","","","","","","","","","","","","","","","","","","","","","","","","","","","","","","","","","","","","","","","","","","","","","","",""
"83069002","PORQUEROLLES",43.,6.226833,135,1981042206,"","","","",5.,1,40,1,"","","","","","","","","","","","","","","","","","","","","","","","","","","","",11.7,1,8.4,1,"","","","","","","","","","","","","","","","","","","","","","","","","","",82,1,"","","","","","","","","","","","",11.2,1,1014.3,1,"","","","","","",3,1,0,1,0,1,4,1,0,1,"","","","","","","","","","","","","","","","","","","","","","","","",15000,1,"","",1,1,1,1,"","",0,1,"","","","","","",3,1,90,1,"","","","","","","","","","","","","","","","","","","","","","","","","","","","","","","","","","","","","","","","","","","","","","","","","","","",""
"83069002","PORQUEROLLES",43.,6.226833,135,1981042209,"","","","",8.,1,40,1,"","","","","","","","","","","","","","","","","","","","","","","","","","","","",14.,1,9.9,1,"","","","","","","","","","","","","","","","","","","","","","","","","","",78,1,"","","","","","","","","","","","",12.4,1,1013.2,1,"","","","","","",5,1,5,1,0,1,0,1,8,1,"","","","","","","","","","","","","","","","","","","","","","","","",15000,1,"","",3,1,0,1,"","","","","","","","","","",3,1,90,1,"","","","","","","","","","","","","","","","","","","","","","","","","","","","","","","","","","","","","","","","","","","","","","","","","","","",""
"83069002","PORQUEROLLES",43.,6.226833,135,1981042212,"","","","",6.,1,40,1,"","","","","","","","","","","","","","","","","","","","","","","","","","","","",17.3,1,11.,1,"","","","","","","","","","","","","","","","","","","","","","","","","","",68,1,"","","","","","","","","","","","",13.4,1,1011.6,1,"","","","","","",5,1,5,1,0,1,0,1,8,1,"","","","","","","","","","","","","","","","","","","","","","","","",12000,1,"","",2,1,1,1,"","","","","","","","","","",3,1,90,1,"","","","","","","","","","","","","","","","","","","","","","","","","","","","","","","","","","","","","","","","","","","","","","","","","","","",""
"83069002","PORQUEROLLES",43.,6.226833,135,1981042215,"","","","",5.,1,40,1,"","","","","","","","","","","","","","","","","","","","","","","","","","","","",13.6,1,10.4,1,"","","","","","","","","","","","","","","","","","","","","","","","","","",83,1,"","","","","","","","","","","","",12.9,1,1010.,1,"","","","","","",8,1,8,1,0,1,7,1,0,1,"","","","","","","","","","","","","","","","","","","","","","","","",10000,1,"","",3,1,6,1,"","","","","","","","","","",3,1,90,1,"","","","","","","","","","","","","","","","","","","","","","","","","","","","","","","","","","","","","","","","","","","","","","","","","","","",""
"83069002","PORQUEROLLES",43.,6.226833,135,1981042218,"","","","",4.,1,40,1,"","","","","","","","","","","","","","","","","","","","","","","","","","","","",12.6,1,10.8,1,"","","","","","","","","","","","","","","","","","","","","","","","","","",91,1,"","","","","","","","","","","","",13.2,1,1009.6,1,"","","","","","",8,1,8,1,0,1,7,1,"","","","","","","","","","","","","","","","","","","","","","","","","","",12000,1,"","",2,1,6,1,"","","","","","","","","","",3,1,90,1,"","","","","","","","","","","","","","","","","","","","","","","","","","","","","","","","","","","","","","","","","","","","","","","","","","","",""
"83069002","PORQUEROLLES",43.,6.226833,135,1981042221,"","","","",6.,1,40,1,"","","","","","","","","","","","","","","","","","","","","","","","","","","","",11.5,1,11.5,1,"","","","","","","","","","","","","","","","","","","","","","","","","","",100,1,"","","","","","","","","","","","",13.6,1,1010.6,1,"","","","","","",8,1,8,1,0,1,7,1,"","","","","","","","","","","","","","","","","","","","","","","","","","",12000,1,"","",60,1,6,1,"","","","","","","","","","",3,1,"","","","","","","","","","","","","","","","","","","","","","","","","","","","","","","","","","","","","","","","","","","","","","","","","","","","","",""
"83069002","PORQUEROLLES",43.,6.226833,135,1981042300,"","","","","","",40,1,"","","","","","","","","","","","","","","","","","","","","","","","","","","","",11.,1,11.,1,"","","","","","","","","","","","","","","","","","","","","","","","","","",100,1,"","","","","","","","","","","","",13.1,1,1008.1,1,"","","","","","","","","","","","","","","","","","","","","","","","","","","","","","","","","","","","","","","","","","","","","","","","","","","","","","","","","","","","","","","","","","","","","","","","","","","","","","","","","","","","","","","","","","","","","","","","","","","","","","","","","","","","","","","","","",""
"83069002","PORQUEROLLES",43.,6.226833,135,1981042303,"","","","",3.,1,40,1,"","","","","","","","","","","","","","","","","","","","","","","","","","","","",11.,1,11.,1,"","","","","","","","","","","","","","","","","","","","","","","","","","",100,1,"","","","","","","","","","","","",13.1,1,1008.,1,"","","","","","",8,1,8,1,0,1,7,1,"","","","","","","","","","","","","","","","","","","","","","","","","","",5000,1,"","",60,1,"","","","","","","","","","","","",3,1,"","","","","","","","","","","","","","","","","","","","","","","","","","","","","","","","","","","","","","","","","","","","","","","","","","","","","",""
"83069002","PORQUEROLLES",43.,6.226833,135,1981042306,"","","","",8.,1,40,1,"","","","","","","","","","","","","","","","","","","","","","","","","","","","",11.,1,11.,1,"","","","","","","","","","","","","","","","","","","","","","","","","","",100,1,"","","","","","","","","","","","",13.1,1,1006.9,1,"","","","","","",8,1,8,1,0,1,7,1,"","","","","","","","","","","","","","","","","","","","","","","","","","",12000,1,"","",2,1,6,1,"","",0,1,"","","","","","",3,1,90,1,"","","","","","","","","","","","","","","","","","","","","","","","","","","","","","","","","","","","","","","","","","","","","","","","","","","",""
"83069002","PORQUEROLLES",43.,6.226833,135,1981042309,"","","","",8.,1,40,1,"","","","","","","","","","","","","","","","","","","","","","","","","","","","",12.,1,12.,1,"","","","","","","","","","","","","","","","","","","","","","","","","","",100,1,"","","","","","","","","","","","",14.,1,1007.6,1,"","","","","","",8,1,6,1,7,1,2,1,"","","","","","","","","","","","","","","","","","","","","","","","","","",6000,1,"","",2,1,2,1,"","","","","","","","","","",3,1,90,1,"","","","","","","","","","","","","","","","","","","","","","","","","","","","","","","","","","","","","","","","","","","","","","","","","","","",""
"83069002","PORQUEROLLES",43.,6.226833,135,1981042312,"","","","",6.,1,40,1,"","","","","","","","","","","","","","","","","","","","","","","","","","","","",12.5,1,11.2,1,"","","","","","","","","","","","","","","","","","","","","","","","","","",94,1,"","","","","","","","","","","","",13.6,1,1006.9,1,"","","","","","",8,1,6,1,7,1,2,1,"","","","","","","","","","","","","","","","","","","","","","","","","","",6000,1,"","",2,1,2,1,"","","","","","","","","","",3,1,90,1,"","","","","","","","","","","","","","","","","","","","","","","","","","","","","","","","","","","","","","","","","","","","","","","","","","","",""
"83069002","PORQUEROLLES",43.,6.226833,135,1981042315,"","","","",5.,1,40,1,"","","","","","","","","","","","","","","","","","","","","","","","","","","","",15.3,1,11.6,1,"","","","","","","","","","","","","","","","","","","","","","","","","","",81,1,"","","","","","","","","","","","",14.,1,1005.5,1,"","","","","","",8,1,8,1,0,1,7,1,"","","","","","","","","","","","","","","","","","","","","","","","","","",8000,1,"","",2,1,2,1,"","","","","","","","","","",3,1,90,1,"","","","","","","","","","","","","","","","","","","","","","","","","","","","","","","","","","","","","","","","","","","","","","","","","","","",""
"83069002","PORQUEROLLES",43.,6.226833,135,1981042318,"","","","",4.,1,40,1,"","","","","","","","","","","","","","","","","","","","","","","","","","","","",12.6,1,11.7,1,"","","","","","","","","","","","","","","","","","","","","","","","","","",97,1,"","","","","","","","","","","","",14.1,1,1004.7,1,"","","","","","",8,1,8,1,0,1,7,1,"","","","","","","","","","","","","","","","","","","","","","","","","","",6000,1,"","",2,1,2,1,"","","","","","","","","","",3,1,90,1,"","","","","","","","","","","","","","","","","","","","","","","","","","","","","","","","","","","","","","","","","","","","","","","","","","","",""
"83069002","PORQUEROLLES",43.,6.226833,135,1981042321,"","","","",6.,1,20,1,"","","","","","","","","","","","","","","","","","","","","","","","","","","","",12.5,1,11.7,1,"","","","","","","","","","","","","","","","","","","","","","","","","","",97,1,"","","","","","","","","","","","",14.1,1,1004.,1,"","","","","","",8,1,8,1,0,1,7,1,"","","","","","","","","","","","","","","","","","","","","","","","","","",8000,1,"","",2,1,2,1,"","","","","","","","","","",3,1,90,1,"","","","","","","","","","","","","","","","","","","","","","","","","","","","","","","","","","","","","","","","","","","","","","","","","","","",""
"83069002","PORQUEROLLES",43.,6.226833,135,1981042400,"","","","",6.,1,40,1,"","","","","","","","","","","","","","","","","","","","","","","","","","","","",11.8,1,11.8,1,"","","","","","","","","","","","","","","","","","","","","","","","","","",100,1,"","","","","","","","","","","","",13.8,1,1003.8,1,"","","","","","","","","","","","","","","","","","","","","","","","","","","","","","","","","","","","","","","","","","","","","","","","","","","","","","","","","","","","","","","","","","","","","","","","","","","","","","","","","","","","","","","","","","","","","","","","","","","","","","","","","","","","","","","","","",""
"83069002","PORQUEROLLES",43.,6.226833,135,1981042403,"","","","",8.,1,40,1,"","","","","","","","","","","","","","","","","","","","","","","","","","","","",11.5,1,11.5,1,"","","","","","","","","","","","","","","","","","","","","","","","","","",100,1,"","","","","","","","","","","","",13.6,1,1002.,1,"","","","","","",8,1,8,1,"","","","","","","","","","","","","","","","","","","","","","","","","","","","","","",100,1,"","",61,1,"","","","","","","","","","","","","","","","","","","","","","","","","","","","","","","","","","","","","","","","","","","","","","","","","","","","","","","","","","","","","","","","","","","",""
"83069002","PORQUEROLLES",43.,6.226833,135,1981042406,"","","","",11.,1,40,1,"","","","","","","","","","","","","","","","","","","","","","","","","","","","",11.5,1,11.5,1,"","","","","","","","","","","","","","","","","","","","","","","","","","",100,1,"","","","","","","","","","","","",13.6,1,1001.,1,"","","","","","",8,1,8,1,"","","","","","","","","","","","","","","","","","","","","","","","","","","","","","",100,1,"","",61,1,6,1,"","",0,1,"","","","","","","","","","","","","","","","","","","","","","","","","","","","","","","","","","","","","","","","","","","","","","","","","","","","","","","","","","","","","",""
"83069002","PORQUEROLLES",43.,6.226833,135,1981042409,"","","","",9.,1,60,1,"","","","","","","","","","","","","","","","","","","","","","","","","","","","",11.6,1,11.6,1,"","","","","","","","","","","","","","","","","","","","","","","","","","",100,1,"","","","","","","","","","","","",13.6,1,1001.8,1,"","","","","","",8,1,8,1,7,1,"","","","","","","","","","","","","","","","","","","","","","","","","","","","",3000,1,"","",62,1,6,1,"","","","","","","","","","",3,1,90,1,"","","","","","","","","","","","","","","","","","","","","","","","","","","","","","","","","","","","","","","","","","","","","","","","","","","",""
"83069002","PORQUEROLLES",43.,6.226833,135,1981042412,"","","","",5.,1,180,1,"","","","","","","","","","","","","","","","","","","","","","","","","","","","",12.2,1,11.5,1,"","","","","","","","","","","","","","","","","","","","","","","","","","",97,1,"","","","","","","","","","","","",13.9,1,1002.4,1,"","","","","","",7,1,5,1,7,1,7,1,"","","","","","","","","","","","","","","","","","","","","","","","","","",8000,1,"","",15,1,6,1,"","","","","","","","","","",4,1,170,1,"","","","","","","","","","","","","","","","","","","","","","","","","","","","","","","","","","","","","","","","","","","","","","","","","","","",""
"83069002","PORQUEROLLES",43.,6.226833,135,1981042415,"","","","",5.,1,140,1,"","","","","","","","","","","","","","","","","","","","","","","","","","","","",13.5,1,11.1,1,"","","","","","","","","","","","","","","","","","","","","","","","","","",87,1,"","","","","","","","","","","","",13.5,1,1003.,1,"","","","","","",7,1,6,1,9,1,6,1,3,1,"","","","","","","","","","","","","","","","","","","","","","","","",12000,1,"","",2,1,2,1,"","","","","","","","","","",3,1,230,1,"","","","","","","","","","","","","","","","","","","","","","","","","","","","","","","","","","","","","","","","","","","","","","","","","","","",""
"83069002","PORQUEROLLES",43.,6.226833,135,1981042418,"","","","",0.,1,0,1,"","","","","","","","","","","","","","","","","","","","","","","","","","","","",12.6,1,10.7,1,"","","","","","","","","","","","","","","","","","","","","","","","","","",91,1,"","","","","","","","","","","","",13.2,1,1004.2,1,"","","","","","",7,1,5,1,5,1,6,1,3,1,"","","","","","","","","","","","","","","","","","","","","","","","",10000,1,"","",2,1,2,1,"","","","","","","","","","",3,1,230,1,"","","","","","","","","","","","","","","","","","","","","","","","","","","","","","","","","","","","","","","","","","","","","","","","","","","",""
"83069002","PORQUEROLLES",43.,6.226833,135,1981042421,"","","","",2.,1,280,1,"","","","","","","","","","","","","","","","","","","","","","","","","","","","",12.2,1,10.3,1,"","","","","","","","","","","","","","","","","","","","","","","","","","",91,1,"","","","","","","","","","","","",12.8,1,1007.8,1,"","","","","","",8,1,8,1,0,1,7,1,"","","","","","","","","","","","","","","","","","","","","","","","","","",15000,1,"","",3,1,2,1,"","","","","","","","","","",3,1,230,1,"","","","","","","","","","","","","","","","","","","","","","","","","","","","","","","","","","","","","","","","","","","","","","","","","","","",""
"83069002","PORQUEROLLES",43.,6.226833,135,1981042500,"","","","",4.,1,240,1,"","","","","","","","","","","","","","","","","","","","","","","","","","","","",12.,1,9.3,1,"","","","","","","","","","","","","","","","","","","","","","","","","","",86,1,"","","","","","","","","","","","",12.,1,1008.4,1,"","","","","","","","","","","","","","","","","","","","","","","","","","","","","","","","","","","","","","","","","","","","","","","","","","","","","","","","","","","","","","","","","","","","","","","","","","","","","","","","","","","","","","","","","","","","","","","","","","","","","","","","","","","","","","","","","",""
"83069002","PORQUEROLLES",43.,6.226833,135,1981042503,"","","","",3.,1,260,1,"","","","","","","","","","","","","","","","","","","","","","","","","","","","",11.6,1,8.9,1,"","","","","","","","","","","","","","","","","","","","","","","","","","",85,1,"","","","","","","","","","","","",11.6,1,1009.,1,"","","","","","",8,1,8,1,0,1,0,1,7,1,"","","","","","","","","","","","","","","","","","","","","","","","",15000,1,"","",0,1,"","","","","","","","","","","","",2,1,230,1,"","","","","","","","","","","","","","","","","","","","","","","","","","","","","","","","","","","","","","","","","","","","","","","","","","","",""
"83069002","PORQUEROLLES",43.,6.226833,135,1981042506,"","","","",3.,1,260,1,"","","","","","","","","","","","","","","","","","","","","","","","","","","","",11.6,1,8.9,1,"","","","","","","","","","","","","","","","","","","","","","","","","","",85,1,"","","","","","","","","","","","",11.6,1,1010.,1,"","","","","","",7,1,7,1,0,1,7,1,"","","","","","","","","","","","","","","","","","","","","","","","","","",8000,1,"","",1,1,2,1,"","",0,1,"","","","","","",2,1,230,1,"","","","","","","","","","","","","","","","","","","","","","","","","","","","","","","","","","","","","","","","","","","","","","","","","","","",""
"83069002","PORQUEROLLES",43.,6.226833,135,1981042509,"","","","",2.,1,260,1,"","","","","","","","","","","","","","","","","","","","","","","","","","","","",12.8,1,9.6,1,"","","","","","","","","","","","","","","","","","","","","","","","","","",83,1,"","","","","","","","","","","","",12.2,1,1011.3,1,"","","","","","",8,1,8,1,0,1,7,1,"","","","","","","","","","","","","","","","","","","","","","","","","","",12000,1,"","",2,1,2,1,"","","","","","","","","","",2,1,0,1,"","","","","","","","","","","","","","","","","","","","","","","","","","","","","","","","","","","","","","","","","","","","","","","","","","","",""
"83069002","PORQUEROLLES",43.,6.226833,135,1981042512,"","","","",4.,1,220,1,"","","","","","","","","","","","","","","","","","","","","","","","","","","","",14.8,1,9.7,1,"","","","","","","","","","","","","","","","","","","","","","","","","","",73,1,"","","","","","","","","","","","",12.3,1,1011.5,1,"","","","","","",5,1,5,1,0,1,7,1,0,1,"","","","","","","","","","","","","","","","","","","","","","","","",12000,1,"","",1,1,2,1,"","","","","","","","","","",2,1,0,1,"","","","","","","","","","","","","","","","","","","","","","","","","","","","","","","","","","","","","","","","","","","","","","","","","","","",""
"83069002","PORQUEROLLES",43.,6.226833,135,1981042515,"","","","",5.,1,220,1,"","","","","","","","","","","","","","","","","","","","","","","","","","","","",16.4,1,12.2,1,"","","","","","","","","","","","","","","","","","","","","","","","","","",78,1,"","","","","","","","","","","","",14.6,1,1010.7,1,"","","","","","",5,1,5,1,2,1,0,1,0,1,"","","","","","","","","","","","","","","","","","","","","","","","",8000,1,"","",2,1,2,1,"","","","","","","","","","",2,1,0,1,"","","","","","","","","","","","","","","","","","","","","","","","","","","","","","","","","","","","","","","","","","","","","","","","","","","",""
"83069002","PORQUEROLLES",43.,6.226833,135,1981042518,"","","","",2.,1,140,1,"","","","","","","","","","","","","","","","","","","","","","","","","","","","",13.5,1,12.2,1,"","","","","","","","","","","","","","","","","","","","","","","","","","",94,1,"","","","","","","","","","","","",14.6,1,1010.,1,"","","","","","",6,1,6,1,5,1,0,1,0,1,"","","","","","","","","","","","","","","","","","","","","","","","",8000,1,"","",2,1,2,1,"","","","","","","","","","",2,1,0,1,"","","","","","","","","","","","","","","","","","","","","","","","","","","","","","","","","","","","","","","","","","","","","","","","","","","",""
"83069002","PORQUEROLLES",43.,6.226833,135,1981042521,"","","","",4.,1,140,1,"","","","","","","","","","","","","","","","","","","","","","","","","","","","",13.,1,13.,1,"","","","","","","","","","","","","","","","","","","","","","","","","","",100,1,"","","","","","","","","","","","",15.,1,1010.4,1,"","","","","","",3,1,0,1,5,1,0,1,0,1,"","","","","","","","","","","","","","","","","","","","","","","","",12000,1,"","",1,1,1,1,"","","","","","","","","","",2,1,0,1,"","","","","","","","","","","","","","","","","","","","","","","","","","","","","","","","","","","","","","","","","","","","","","","","","","","",""
"83069002","PORQUEROLLES",43.,6.226833,135,1981042600,"","","","",6.,1,140,1,"","","","","","","","","","","","","","","","","","","","","","","","","","","","",13.5,1,13.5,1,"","","","","","","","","","","","","","","","","","","","","","","","","","",100,1,"","","","","","","","","","","","",15.5,1,1008.2,1,"","","","","","","","","","","","","","","","","","","","","","","","","","","","","","","","","","","","","","","","","","","","","","","","","","","","","","","","","","","","","","","","","","","","","","","","","","","","","","","","","","","","","","","","","","","","","","","","","","","","","","","","","","","","","","","","","",""
"83069002","PORQUEROLLES",43.,6.226833,135,1981042603,"","","","",4.,1,260,1,"","","","","","","","","","","","","","","","","","","","","","","","","","","","",10.,1,10.,1,"","","","","","","","","","","","","","","","","","","","","","","","","","",100,1,"","","","","","","","","","","","",12.3,1,1006.9,1,"","","","","","",8,1,8,1,7,1,"","","","","","","","","","","","","","","","","","","","","","","","","","","","",8000,1,"","",0,1,"","","","","","","","","","","","",2,1,0,1,"","","","","","","","","","","","","","","","","","","","","","","","","","","","","","","","","","","","","","","","","","","","","","","","","","","",""
"83069002","PORQUEROLLES",43.,6.226833,135,1981042606,"","","","",6.,1,260,1,"","","","","","","","","","","","","","","","","","","","","","","","","","","","",9.5,1,9.5,1,"","","","","","","","","","","","","","","","","","","","","","","","","","",100,1,"","","","","","","","","","","","",11.9,1,1006.1,1,"","","","","","",8,1,0,1,4,1,8,1,0,1,"","","","","","","","","","","","","","","","","","","","","","","","",12000,1,"","",1,1,2,1,"","",0,1,"","","","","","",2,1,0,1,"","","","","","","","","","","","","","","","","","","","","","","","","","","","","","","","","","","","","","","","","","","","","","","","","","","",""
"83069002","PORQUEROLLES",43.,6.226833,135,1981042609,"","","","",4.,1,260,1,"","","","","","","","","","","","","","","","","","","","","","","","","","","","",7.8,1,7.8,1,"","","","","","","","","","","","","","","","","","","","","","","","","","",100,1,"","","","","","","","","","","","",10.6,1,1006.1,1,"","","","","","",8,1,8,1,7,1,"","","","","","","","","","","","","","","","","","","","","","","","","","","","",8000,1,"","",60,1,6,1,"","","","","","","","","","",3,1,270,1,"","","","","","","","","","","","","","","","","","","","","","","","","","","","","","","","","","","","","","","","","","","","","","","","","","","",""
"83069002","PORQUEROLLES",43.,6.226833,135,1981042612,"","","","",3.,1,260,1,"","","","","","","","","","","","","","","","","","","","","","","","","","","","",12.,1,7.3,1,"","","","","","","","","","","","","","","","","","","","","","","","","","",74,1,"","","","","","","","","","","","",10.4,1,1005.9,1,"","","","","","",6,1,5,1,2,1,4,1,6,1,"","","","","","","","","","","","","","","","","","","","","","","","",40000,1,"","",1,1,6,1,"","","","","","","","","","",3,1,270,1,"","","","","","","","","","","","","","","","","","","","","","","","","","","","","","","","","","","","","","","","","","","","","","","","","","","",""
"83069002","PORQUEROLLES",43.,6.226833,135,1981042615,"","","","",12.,1,240,1,"","","","","","","","","","","","","","","","","","","","","","","","","","","","",11.8,1,5.1,1,"","","","","","","","","","","","","","","","","","","","","","","","","","",65,1,"","","","","","","","","","","","",8.9,1,1004.4,1,"","","","","","",3,1,0,1,2,1,0,1,0,1,"","","","","","","","","","","","","","","","","","","","","","","","",30000,1,"","",1,1,1,1,"","","","","","","","","","",4,1,270,1,"","","","","","","","","","","","","","","","","","","","","","","","","","","","","","","","","","","","","","","","","","","","","","","","","","","",""
"83069002","PORQUEROLLES",43.,6.226833,135,1981042618,"","","","",13.,1,240,1,"","","","","","","","","","","","","","","","","","","","","","","","","","","","",11.1,1,3.8,1,"","","","","","","","","","","","","","","","","","","","","","","","","","",62,1,"","","","","","","","","","","","",8.1,1,1005.3,1,"","","","","","",4,1,0,1,2,1,0,1,0,1,"","","","","","","","","","","","","","","","","","","","","","","","",20000,1,"","",2,1,0,1,"","","","","","","","","","",4,1,270,1,"","","","","","","","","","","","","","","","","","","","","","","","","","","","","","","","","","","","","","","","","","","","","","","","","","","",""
"83069002","PORQUEROLLES",43.,6.226833,135,1981042621,"","","","",10.,1,240,1,"","","","","","","","","","","","","","","","","","","","","","","","","","","","",9.5,1,3.4,1,"","","","","","","","","","","","","","","","","","","","","","","","","","",67,1,"","","","","","","","","","","","",7.9,1,1006.8,1,"","","","","","",2,1,0,1,2,1,0,1,0,1,"","","","","","","","","","","","","","","","","","","","","","","","",20000,1,"","",1,1,0,1,"","","","","","","","","","",4,1,270,1,"","","","","","","","","","","","","","","","","","","","","","","","","","","","","","","","","","","","","","","","","","","","","","","","","","","",""
"83069002","PORQUEROLLES",43.,6.226833,135,1981042700,"","","","",10.,1,220,1,"","","","","","","","","","","","","","","","","","","","","","","","","","","","",7.9,1,2.,1,"","","","","","","","","","","","","","","","","","","","","","","","","","",66,1,"","","","","","","","","","","","",7.1,1,1007.7,1,"","","","","","","","","","","","","","","","","","","","","","","","","","","","","","","","","","","","","","","","","","","","","","","","","","","","","","","","","","","","","","","","","","","","","","","","","","","","","","","","","","","","","","","","","","","","","","","","","","","","","","","","","","","","","","","","","",""
"83069002","PORQUEROLLES",43.,6.226833,135,1981042703,"","","","",9.,1,220,1,"","","","","","","","","","","","","","","","","","","","","","","","","","","","",6.2,1,2.6,1,"","","","","","","","","","","","","","","","","","","","","","","","","","",78,1,"","","","","","","","","","","","",7.4,1,1008.3,1,"","","","","","",0,1,"","",0,1,0,1,0,1,"","","","","","","","","","","","","","","","","","","","","","","","",30000,1,"","",0,1,"","","","","","","","","","","","",4,1,270,1,"","","","","","","","","","","","","","","","","","","","","","","","","","","","","","","","","","","","","","","","","","","","","","","","","","","",""
"83069002","PORQUEROLLES",43.,6.226833,135,1981042706,"","","","",9.,1,260,1,"","","","","","","","","","","","","","","","","","","","","","","","","","","","",6.6,1,1.2,1,"","","","","","","","","","","","","","","","","","","","","","","","","","",69,1,"","","","","","","","","","","","",6.7,1,1009.4,1,"","","","","","",2,1,0,1,2,1,0,1,0,1,"","","","","","","","","","","","","","","","","","","","","","","","",30000,1,"","",3,1,0,1,"","",0,1,"","","","","","",4,1,270,1,"","","","","","","","","","","","","","","","","","","","","","","","","","","","","","","","","","","","","","","","","","","","","","","","","","","",""
"83069002","PORQUEROLLES",43.,6.226833,135,1981042709,"","","","",7.,1,240,1,"","","","","","","","","","","","","","","","","","","","","","","","","","","","",9.8,1,2.,1,"","","","","","","","","","","","","","","","","","","","","","","","","","",58,1,"","","","","","","","","","","","",7.1,1,1010.2,1,"","","","","","",2,1,0,1,2,1,0,1,0,1,"","","","","","","","","","","","","","","","","","","","","","","","",30000,1,"","",2,1,0,1,"","","","","","","","","","",4,1,270,1,"","","","","","","","","","","","","","","","","","","","","","","","","","","","","","","","","","","","","","","","","","","","","","","","","","","",""
"83069002","PORQUEROLLES",43.,6.226833,135,1981042712,"","","","",9.,1,240,1,"","","","","","","","","","","","","","","","","","","","","","","","","","","","",12.,1,2.4,1,"","","","","","","","","","","","","","","","","","","","","","","","","","",52,1,"","","","","","","","","","","","",7.3,1,1011.5,1,"","","","","","",3,1,0,1,2,1,0,1,8,1,"","","","","","","","","","","","","","","","","","","","","","","","",30000,1,"","",3,1,0,1,"","","","","","","","","","",4,1,270,1,"","","","","","","","","","","","","","","","","","","","","","","","","","","","","","","","","","","","","","","","","","","","","","","","","","","",""
"83069002","PORQUEROLLES",43.,6.226833,135,1981042715,"","","","",10.,1,240,1,"","","","","","","","","","","","","","","","","","","","","","","","","","","","",12.5,1,2.2,1,"","","","","","","","","","","","","","","","","","","","","","","","","","",49,1,"","","","","","","","","","","","",7.2,1,1011.5,1,"","","","","","",3,1,0,1,2,1,0,1,0,1,"","","","","","","","","","","","","","","","","","","","","","","","",35000,1,"","",2,1,0,1,"","","","","","","","","","",4,1,270,1,"","","","","","","","","","","","","","","","","","","","","","","","","","","","","","","","","","","","","","","","","","","","","","","","","","","",""
"83069002","PORQUEROLLES",43.,6.226833,135,1981042718,"","","","",5.,1,240,1,"","","","","","","","","","","","","","","","","","","","","","","","","","","","",10.,1,3.1,1,"","","","","","","","","","","","","","","","","","","","","","","","","","",67,1,"","","","","","","","","","","","",7.7,1,1012.9,1,"","","","","","",3,1,0,1,2,1,0,1,0,1,"","","","","","","","","","","","","","","","","","","","","","","","",35000,1,"","",2,1,0,1,"","","","","","","","","","",4,1,270,1,"","","","","","","","","","","","","","","","","","","","","","","","","","","","","","","","","","","","","","","","","","","","","","","","","","","",""
"83069002","PORQUEROLLES",43.,6.226833,135,1981042721,"","","","",7.,1,240,1,"","","","","","","","","","","","","","","","","","","","","","","","","","","","",9.5,1,3.7,1,"","","","","","","","","","","","","","","","","","","","","","","","","","",68,1,"","","","","","","","","","","","",8.,1,1014.1,1,"","","","","","",0,1,"","",0,1,0,1,0,1,"","","","","","","","","","","","","","","","","","","","","","","","",30000,1,"","",1,1,0,1,"","","","","","","","","","",4,1,270,1,"","","","","","","","","","","","","","","","","","","","","","","","","","","","","","","","","","","","","","","","","","","","","","","","","","","",""
"83069002","PORQUEROLLES",43.,6.226833,135,1981042800,"","","","",10.,1,260,1,"","","","","","","","","","","","","","","","","","","","","","","","","","","","",9.3,1,4.3,1,"","","","","","","","","","","","","","","","","","","","","","","","","","",72,1,"","","","","","","","","","","","",8.4,1,1015.2,1,"","","","","","","","","","","","","","","","","","","","","","","","","","","","","","","","","","","","","","","","","","","","","","","","","","","","","","","","","","","","","","","","","","","","","","","","","","","","","","","","","","","","","","","","","","","","","","","","","","","","","","","","","","","","","","","","","",""
"83069002","PORQUEROLLES",43.,6.226833,135,1981042803,"","","","",5.,1,260,1,"","","","","","","","","","","","","","","","","","","","","","","","","","","","",9.3,1,5.1,1,"","","","","","","","","","","","","","","","","","","","","","","","","","",77,1,"","","","","","","","","","","","",8.9,1,1015.2,1,"","","","","","",0,1,"","",0,1,0,1,0,1,"","","","","","","","","","","","","","","","","","","","","","","","",30000,1,"","",0,1,"","","","","","","","","","","","",4,1,270,1,"","","","","","","","","","","","","","","","","","","","","","","","","","","","","","","","","","","","","","","","","","","","","","","","","","","",""
"83069002","PORQUEROLLES",43.,6.226833,135,1981042806,"","","","",5.,1,260,1,"","","","","","","","","","","","","","","","","","","","","","","","","","","","",9.,1,5.1,1,"","","","","","","","","","","","","","","","","","","","","","","","","","",78,1,"","","","","","","","","","","","",8.9,1,1016.3,1,"","","","","","",2,1,0,1,2,1,0,1,0,1,"","","","","","","","","","","","","","","","","","","","","","","","",35000,1,"","",3,1,0,1,"","","","","","","","","","",3,1,270,1,"","","","","","","","","","","","","","","","","","","","","","","","","","","","","","","","","","","","","","","","","","","","","","","","","","","",""
"83069002","PORQUEROLLES",43.,6.226833,135,1981042809,"","","","",7.,1,260,1,"","","","","","","","","","","","","","","","","","","","","","","","","","","","",12.5,1,4.8,1,"","","","","","","","","","","","","","","","","","","","","","","","","","",60,1,"","","","","","","","","","","","",8.7,1,1017.,1,"","","","","","",1,1,0,1,0,1,0,1,4,1,"","","","","","","","","","","","","","","","","","","","","","","","",35000,1,"","",1,1,0,1,"","","","","","","","","","",3,1,270,1,"","","","","","","","","","","","","","","","","","","","","","","","","","","","","","","","","","","","","","","","","","","","","","","","","","","",""
"83069002","PORQUEROLLES",43.,6.226833,135,1981042812,"","","","",12.,1,240,1,"","","","","","","","","","","","","","","","","","","","","","","","","","","","",15.5,1,3.4,1,"","","","","","","","","","","","","","","","","","","","","","","","","","",45,1,"","","","","","","","","","","","",7.9,1,1015.1,1,"","","","","","",1,1,0,1,0,1,0,1,4,1,"","","","","","","","","","","","","","","","","","","","","","","","",30000,1,"","",2,1,0,1,"","","","","","","","","","",3,1,270,1,"","","","","","","","","","","","","","","","","","","","","","","","","","","","","","","","","","","","","","","","","","","","","","","","","","","",""
"83069002","PORQUEROLLES",43.,6.226833,135,1981042815,"","","","",7.,1,240,1,"","","","","","","","","","","","","","","","","","","","","","","","","","","","",15.5,1,8.3,1,"","","","","","","","","","","","","","","","","","","","","","","","","","",64,1,"","","","","","","","","","","","",11.2,1,1014.3,1,"","","","","","",0,1,"","",0,1,0,1,0,1,"","","","","","","","","","","","","","","","","","","","","","","","",25000,1,"","",1,1,0,1,"","","","","","","","","","",3,1,270,1,"","","","","","","","","","","","","","","","","","","","","","","","","","","","","","","","","","","","","","","","","","","","","","","","","","","",""
"83069002","PORQUEROLLES",43.,6.226833,135,1981042818,"","","","",11.,1,240,1,"","","","","","","","","","","","","","","","","","","","","","","","","","","","",13.,1,7.4,1,"","","","","","","","","","","","","","","","","","","","","","","","","","",70,1,"","","","","","","","","","","","",10.5,1,1014.7,1,"","","","","","",0,1,"","",0,1,0,1,0,1,"","","","","","","","","","","","","","","","","","","","","","","","",22000,1,"","",2,1,0,1,"","","","","","","","","","",3,1,270,1,"","","","","","","","","","","","","","","","","","","","","","","","","","","","","","","","","","","","","","","","","","","","","","","","","","","",""
"83069002","PORQUEROLLES",43.,6.226833,135,1981042821,"","","","",9.,1,260,1,"","","","","","","","","","","","","","","","","","","","","","","","","","","","",12.3,1,7.3,1,"","","","","","","","","","","","","","","","","","","","","","","","","","",73,1,"","","","","","","","","","","","",10.4,1,1016.,1,"","","","","","",0,1,"","",0,1,0,1,0,1,"","","","","","","","","","","","","","","","","","","","","","","","",20000,1,"","",2,1,0,1,"","","","","","","","","","",3,1,270,1,"","","","","","","","","","","","","","","","","","","","","","","","","","","","","","","","","","","","","","","","","","","","","","","","","","","",""
"83069002","PORQUEROLLES",43.,6.226833,135,1981042900,"","","","",6.,1,260,1,"","","","","","","","","","","","","","","","","","","","","","","","","","","","",12.2,1,5.3,1,"","","","","","","","","","","","","","","","","","","","","","","","","","",66,1,"","","","","","","","","","","","",9.,1,1016.1,1,"","","","","","","","","","","","","","","","","","","","","","","","","","","","","","","","","","","","","","","","","","","","","","","","","","","","","","","","","","","","","","","","","","","","","","","","","","","","","","","","","","","","","","","","","","","","","","","","","","","","","","","","","","","","","","","","","",""
"83069002","PORQUEROLLES",43.,6.226833,135,1981042903,"","","","",0.,1,0,1,"","","","","","","","","","","","","","","","","","","","","","","","","","","","",10.,1,2.,1,"","","","","","","","","","","","","","","","","","","","","","","","","","",57,1,"","","","","","","","","","","","",7.1,1,1016.3,1,"","","","","","",0,1,"","",0,1,0,1,0,1,"","","","","","","","","","","","","","","","","","","","","","","","",20000,1,"","",0,1,"","","","","","","","","","","","",2,1,270,1,"","","","","","","","","","","","","","","","","","","","","","","","","","","","","","","","","","","","","","","","","","","","","","","","","","","",""
"83069002","PORQUEROLLES",43.,6.226833,135,1981042906,"","","","",2.,1,280,1,"","","","","","","","","","","","","","","","","","","","","","","","","","","","",10.,1,3.,1,"","","","","","","","","","","","","","","","","","","","","","","","","","",62,1,"","","","","","","","","","","","",7.6,1,1016.3,1,"","","","","","",1,1,0,1,0,1,4,1,0,1,"","","","","","","","","","","","","","","","","","","","","","","","",20000,1,"","",3,1,0,1,"","",0,1,"","","","","","",3,1,270,1,"","","","","","","","","","","","","","","","","","","","","","","","","","","","","","","","","","","","","","","","","","","","","","","","","","","",""
"83069002","PORQUEROLLES",43.,6.226833,135,1981042909,"","","","",7.,1,260,1,"","","","","","","","","","","","","","","","","","","","","","","","","","","","",13.,1,2.8,1,"","","","","","","","","","","","","","","","","","","","","","","","","","",50,1,"","","","","","","","","","","","",7.5,1,1015.2,1,"","","","","","",2,1,0,1,0,1,4,1,0,1,"","","","","","","","","","","","","","","","","","","","","","","","",15000,1,"","",3,1,0,1,"","","","","","","","","","",3,1,270,1,"","","","","","","","","","","","","","","","","","","","","","","","","","","","","","","","","","","","","","","","","","","","","","","","","","","",""
"83069002","PORQUEROLLES",43.,6.226833,135,1981042912,"","","","",8.,1,260,1,"","","","","","","","","","","","","","","","","","","","","","","","","","","","",15.5,1,6.1,1,"","","","","","","","","","","","","","","","","","","","","","","","","","",54,1,"","","","","","","","","","","","",9.5,1,1014.6,1,"","","","","","",3,1,0,1,0,1,4,1,0,1,"","","","","","","","","","","","","","","","","","","","","","","","",12000,1,"","",2,1,0,1,"","","","","","","","","","",3,1,270,1,"","","","","","","","","","","","","","","","","","","","","","","","","","","","","","","","","","","","","","","","","","","","","","","","","","","",""
"83069002","PORQUEROLLES",43.,6.226833,135,1981042915,"","","","",8.,1,240,1,"","","","","","","","","","","","","","","","","","","","","","","","","","","","",18.,1,5.8,1,"","","","","","","","","","","","","","","","","","","","","","","","","","",45,1,"","","","","","","","","","","","",9.3,1,1013.4,1,"","","","","","",0,1,"","",0,1,0,1,0,1,"","","","","","","","","","","","","","","","","","","","","","","","",15000,1,"","",1,1,0,1,"","","","","","","","","","",3,1,270,1,"","","","","","","","","","","","","","","","","","","","","","","","","","","","","","","","","","","","","","","","","","","","","","","","","","","",""
"83069002","PORQUEROLLES",43.,6.226833,135,1981042918,"","","","",3.,1,60,1,"","","","","","","","","","","","","","","","","","","","","","","","","","","","",15.2,1,8.5,1,"","","","","","","","","","","","","","","","","","","","","","","","","","",66,1,"","","","","","","","","","","","",11.3,1,1013.9,1,"","","","","","",0,1,"","",0,1,0,1,0,1,"","","","","","","","","","","","","","","","","","","","","","","","",15000,1,"","",2,1,0,1,"","","","","","","","","","",3,1,270,1,"","","","","","","","","","","","","","","","","","","","","","","","","","","","","","","","","","","","","","","","","","","","","","","","","","","",""
"83069002","PORQUEROLLES",43.,6.226833,135,1981042921,"","","","",6.,1,60,1,"","","","","","","","","","","","","","","","","","","","","","","","","","","","",11.,1,9.4,1,"","","","","","","","","","","","","","","","","","","","","","","","","","",91,1,"","","","","","","","","","","","",12.,1,1015.2,1,"","","","","","",0,1,"","",0,1,0,1,0,1,"","","","","","","","","","","","","","","","","","","","","","","","",15000,1,"","",2,1,0,1,"","","","","","","","","","",3,1,270,1,"","","","","","","","","","","","","","","","","","","","","","","","","","","","","","","","","","","","","","","","","","","","","","","","","","","",""
"83069002","PORQUEROLLES",43.,6.226833,135,1981043000,"","","","",3.,1,20,1,"","","","","","","","","","","","","","","","","","","","","","","","","","","","",10.3,1,9.7,1,"","","","","","","","","","","","","","","","","","","","","","","","","","",98,1,"","","","","","","","","","","","",12.3,1,1014.8,1,"","","","","","","","","","","","","","","","","","","","","","","","","","","","","","","","","","","","","","","","","","","","","","","","","","","","","","","","","","","","","","","","","","","","","","","","","","","","","","","","","","","","","","","","","","","","","","","","","","","","","","","","","","","","","","","","","",""
"83069002","PORQUEROLLES",43.,6.226833,135,1981043003,"","","","",1.,1,20,1,"","","","","","","","","","","","","","","","","","","","","","","","","","","","",10.,1,10.,1,"","","","","","","","","","","","","","","","","","","","","","","","","","",99,1,"","","","","","","","","","","","",12.1,1,1014.4,1,"","","","","","",0,1,"","",0,1,0,1,0,1,"","","","","","","","","","","","","","","","","","","","","","","","",12000,1,"","",0,1,"","","","","","","","","","","","",2,1,270,1,"","","","","","","","","","","","","","","","","","","","","","","","","","","","","","","","","","","","","","","","","","","","","","","","","","","",""
"83069002","PORQUEROLLES",43.,6.226833,135,1981043006,"","","","",1.,1,360,1,"","","","","","","","","","","","","","","","","","","","","","","","","","","","",9.9,1,9.9,1,"","","","","","","","","","","","","","","","","","","","","","","","","","",99,1,"","","","","","","","","","","","",12.,1,1014.1,1,"","","","","","",0,1,"","",0,1,0,1,0,1,"","","","","","","","","","","","","","","","","","","","","","","","",7000,1,"","",2,1,0,1,"","",0,1,"","","","","","",2,1,270,1,"","","","","","","","","","","","","","","","","","","","","","","","","","","","","","","","","","","","","","","","","","","","","","","","","","","",""
"83069002","PORQUEROLLES",43.,6.226833,135,1981043009,"","","","",4.,1,100,1,"","","","","","","","","","","","","","","","","","","","","","","","","","","","",16.,1,12.,1,"","","","","","","","","","","","","","","","","","","","","","","","","","",79,1,"","","","","","","","","","","","",14.4,1,1012.9,1,"","","","","","",5,1,5,1,2,1,0,1,0,1,"","","","","","","","","","","","","","","","","","","","","","","","",6000,1,"","",3,1,1,1,"","","","","","","","","","",2,1,0,1,"","","","","","","","","","","","","","","","","","","","","","","","","","","","","","","","","","","","","","","","","","","","","","","","","","","",""
"83069002","PORQUEROLLES",43.,6.226833,135,1981043012,"","","","",4.,1,80,1,"","","","","","","","","","","","","","","","","","","","","","","","","","","","",17.3,1,13.2,1,"","","","","","","","","","","","","","","","","","","","","","","","","","",79,1,"","","","","","","","","","","","",15.6,1,1012.7,1,"","","","","","",1,1,0,1,2,1,0,1,0,1,"","","","","","","","","","","","","","","","","","","","","","","","",6000,1,"","",1,1,1,1,"","","","","","","","","","",2,1,0,1,"","","","","","","","","","","","","","","","","","","","","","","","","","","","","","","","","","","","","","","","","","","","","","","","","","","",""
"83069002","PORQUEROLLES",43.,6.226833,135,1981043015,"","","","",2.,1,140,1,"","","","","","","","","","","","","","","","","","","","","","","","","","","","",17.,1,12.5,1,"","","","","","","","","","","","","","","","","","","","","","","","","","",77,1,"","","","","","","","","","","","",14.9,1,1011.2,1,"","","","","","",5,1,5,1,0,1,0,1,2,1,"","","","","","","","","","","","","","","","","","","","","","","","",6000,1,"","",3,1,1,1,"","","","","","","","","","",2,1,0,1,"","","","","","","","","","","","","","","","","","","","","","","","","","","","","","","","","","","","","","","","","","","","","","","","","","","",""
"83069002","PORQUEROLLES",43.,6.226833,135,1981043018,"","","","",2.,1,240,1,"","","","","","","","","","","","","","","","","","","","","","","","","","","","",13.2,1,11.1,1,"","","","","","","","","","","","","","","","","","","","","","","","","","",89,1,"","","","","","","","","","","","",13.5,1,1010.,1,"","","","","","",5,1,5,1,0,1,0,1,2,1,"","","","","","","","","","","","","","","","","","","","","","","","",6000,1,"","",2,1,2,1,"","","","","","","","","","",2,1,0,1,"","","","","","","","","","","","","","","","","","","","","","","","","","","","","","","","","","","","","","","","","","","","","","","","","","","",""
"83069002","PORQUEROLLES",43.,6.226833,135,1981043021,"","","","",3.,1,240,1,"","","","","","","","","","","","","","","","","","","","","","","","","","","","",11.8,1,11.1,1,"","","","","","","","","","","","","","","","","","","","","","","","","","",97,1,"","","","","","","","","","","","",13.5,1,1009.3,1,"","","","","","",1,1,0,1,0,1,0,1,2,1,"","","","","","","","","","","","","","","","","","","","","","","","",6000,1,"","",1,1,1,1,"","","","","","","","","","",2,1,0,1,"","","","","","","","","","","","","","","","","","","","","","","","","","","","","","","","","","","","","","","","","","","","","","","","","","","",""
"83069002","PORQUEROLLES",43.,6.226833,135,1981050100,"","","","",4.,1,240,1,"","","","","","","","","","","","","","","","","","","","","","","","","","","","",11.2,1,11.2,1,"","","","","","","","","","","","","","","","","","","","","","","","","","",100,1,"","","","","","","","","","","","",13.3,1,1008.5,1,"","","","","","","","","","","","","","","","","","","","","","","","","","","","","","","","","","","","","","","","","","","","","","","","","","","","","","","","","","","","","","","","","","","","","","","","","","","","","","","","","","","","","","","","","","","","","","","","","","","","","","","","","","","","","","","","","",""
"83069002","PORQUEROLLES",43.,6.226833,135,1981050103,"","","","",0.,1,0,1,"","","","","","","","","","","","","","","","","","","","","","","","","","","","",10.9,1,10.9,1,"","","","","","","","","","","","","","","","","","","","","","","","","","",100,1,"","","","","","","","","","","","",13.,1,1006.5,1,"","","","","","",2,1,0,1,6,1,0,1,0,1,"","","","","","","","","","","","","","","","","","","","","","","","",6000,1,"","",0,1,"","","","","","","","","","","","",2,1,0,1,"","","","","","","","","","","","","","","","","","","","","","","","","","","","","","","","","","","","","","","","","","","","","","","","","","","",""
"83069002","PORQUEROLLES",43.,6.226833,135,1981050106,"","","","",1.,1,40,1,"","","","","","","","","","","","","","","","","","","","","","","","","","","","",11.,1,11.,1,"","","","","","","","","","","","","","","","","","","","","","","","","","",100,1,"","","","","","","","","","","","",13.1,1,1006.1,1,"","","","","","",3,1,0,1,6,1,0,1,0,1,"","","","","","","","","","","","","","","","","","","","","","","","",4000,1,"","",10,1,0,1,"","",0,1,"","","","","","",2,1,0,1,"","","","","","","","","","","","","","","","","","","","","","","","","","","","","","","","","","","","","","","","","","","","","","","","","","","",""
"83069002","PORQUEROLLES",43.,6.226833,135,1981050109,"","","","",4.,1,100,1,"","","","","","","","","","","","","","","","","","","","","","","","","","","","",15.5,1,12.5,1,"","","","","","","","","","","","","","","","","","","","","","","","","","",84,1,"","","","","","","","","","","","",14.8,1,1006.1,1,"","","","","","",0,1,"","",0,1,0,1,0,1,"","","","","","","","","","","","","","","","","","","","","","","","",5000,1,"","",1,1,0,1,"","","","","","","","","","",2,1,90,1,"","","","","","","","","","","","","","","","","","","","","","","","","","","","","","","","","","","","","","","","","","","","","","","","","","","",""
"83069002","PORQUEROLLES",43.,6.226833,135,1981050112,"","","","",5.,1,100,1,"","","","","","","","","","","","","","","","","","","","","","","","","","","","",18.3,1,14.4,1,"","","","","","","","","","","","","","","","","","","","","","","","","","",80,1,"","","","","","","","","","","","",16.9,1,1005.6,1,"","","","","","",1,1,0,1,2,1,0,1,0,1,"","","","","","","","","","","","","","","","","","","","","","","","",8000,1,"","",3,1,0,1,"","","","","","","","","","",3,1,90,1,"","","","","","","","","","","","","","","","","","","","","","","","","","","","","","","","","","","","","","","","","","","","","","","","","","","",""
"83069002","PORQUEROLLES",43.,6.226833,135,1981050115,"","","","",2.,1,220,1,"","","","","","","","","","","","","","","","","","","","","","","","","","","","",17.2,1,13.,1,"","","","","","","","","","","","","","","","","","","","","","","","","","",78,1,"","","","","","","","","","","","",15.3,1,1004.8,1,"","","","","","",1,1,0,1,2,1,0,1,0,1,"","","","","","","","","","","","","","","","","","","","","","","","",12000,1,"","",2,1,0,1,"","","","","","","","","","",2,1,230,1,"","","","","","","","","","","","","","","","","","","","","","","","","","","","","","","","","","","","","","","","","","","","","","","","","","","",""
"83069002","PORQUEROLLES",43.,6.226833,135,1981050118,"","","","",5.,1,220,1,"","","","","","","","","","","","","","","","","","","","","","","","","","","","",14.,1,13.,1,"","","","","","","","","","","","","","","","","","","","","","","","","","",95,1,"","","","","","","","","","","","",15.3,1,1004.,1,"","","","","","",0,1,"","",0,1,0,1,0,1,"","","","","","","","","","","","","","","","","","","","","","","","",8000,1,"","",1,1,0,1,"","","","","","","","","","",2,1,230,1,"","","","","","","","","","","","","","","","","","","","","","","","","","","","","","","","","","","","","","","","","","","","","","","","","","","",""
"83069002","PORQUEROLLES",43.,6.226833,135,1981050121,"","","","",0.,1,0,1,"","","","","","","","","","","","","","","","","","","","","","","","","","","","",13.,1,13.,1,"","","","","","","","","","","","","","","","","","","","","","","","","","",100,1,"","","","","","","","","","","","",15.,1,1003.6,1,"","","","","","",0,1,"","",0,1,0,1,0,1,"","","","","","","","","","","","","","","","","","","","","","","","",8000,1,"","",2,1,0,1,"","","","","","","","","","",2,1,230,1,"","","","","","","","","","","","","","","","","","","","","","","","","","","","","","","","","","","","","","","","","","","","","","","","","","","",""
"83069002","PORQUEROLLES",43.,6.226833,135,1981050200,"","","","",3.,1,280,1,"","","","","","","","","","","","","","","","","","","","","","","","","","","","",13.7,1,13.,1,"","","","","","","","","","","","","","","","","","","","","","","","","","",98,1,"","","","","","","","","","","","",15.4,1,1003.,1,"","","","","","","","","","","","","","","","","","","","","","","","","","","","","","","","","","","","","","","","","","","","","","","","","","","","","","","","","","","","","","","","","","","","","","","","","","","","","","","","","","","","","","","","","","","","","","","","","","","","","","","","","","","","","","","","","",""
"83069002","PORQUEROLLES",43.,6.226833,135,1981050203,"","","","",5.,1,280,1,"","","","","","","","","","","","","","","","","","","","","","","","","","","","",12.,1,8.9,1,"","","","","","","","","","","","","","","","","","","","","","","","","","",83,1,"","","","","","","","","","","","",11.6,1,1002.4,1,"","","","","","",1,1,0,1,0,1,4,1,0,1,"","","","","","","","","","","","","","","","","","","","","","","","",30000,1,"","",0,1,"","","","","","","","","","","","",2,1,270,1,"","","","","","","","","","","","","","","","","","","","","","","","","","","","","","","","","","","","","","","","","","","","","","","","","","","",""
"83069002","PORQUEROLLES",43.,6.226833,135,1981050206,"","","","",5.,1,280,1,"","","","","","","","","","","","","","","","","","","","","","","","","","","","",12.5,1,8.2,1,"","","","","","","","","","","","","","","","","","","","","","","","","","",77,1,"","","","","","","","","","","","",11.1,1,1002.9,1,"","","","","","",2,1,0,1,0,1,4,1,0,1,"","","","","","","","","","","","","","","","","","","","","","","","",30000,1,"","",3,1,0,1,"","",0,1,"","","","","","",3,1,270,1,"","","","","","","","","","","","","","","","","","","","","","","","","","","","","","","","","","","","","","","","","","","","","","","","","","","",""
"83069002","PORQUEROLLES",43.,6.226833,135,1981050209,"","","","",8.,1,280,1,"","","","","","","","","","","","","","","","","","","","","","","","","","","","",17.,1,9.1,1,"","","","","","","","","","","","","","","","","","","","","","","","","","",61,1,"","","","","","","","","","","","",11.8,1,1002.5,1,"","","","","","",3,1,0,1,2,1,4,1,0,1,"","","","","","","","","","","","","","","","","","","","","","","","",30000,1,"","",3,1,0,1,"","","","","","","","","","",3,1,270,1,"","","","","","","","","","","","","","","","","","","","","","","","","","","","","","","","","","","","","","","","","","","","","","","","","","","",""
"83069002","PORQUEROLLES",43.,6.226833,135,1981050212,"","","","",13.,1,260,1,"","","","","","","","","","","","","","","","","","","","","","","","","","","","",18.8,1,9.8,1,"","","","","","","","","","","","","","","","","","","","","","","","","","",57,1,"","","","","","","","","","","","",12.4,1,1002.8,1,"","","","","","",2,1,0,1,2,1,0,1,0,1,"","","","","","","","","","","","","","","","","","","","","","","","",30000,1,"","",1,1,0,1,"","","","","","","","","","",3,1,270,1,"","","","","","","","","","","","","","","","","","","","","","","","","","","","","","","","","","","","","","","","","","","","","","","","","","","",""
"83069002","PORQUEROLLES",43.,6.226833,135,1981050215,"","","","",14.,1,260,1,"","","","","","","","","","","","","","","","","","","","","","","","","","","","",17.3,1,10.9,1,"","","","","","","","","","","","","","","","","","","","","","","","","","",68,1,"","","","","","","","","","","","",13.4,1,1001.9,1,"","","","","","",3,1,0,1,2,1,4,1,0,1,"","","","","","","","","","","","","","","","","","","","","","","","",20000,1,"","",3,1,0,1,"","","","","","","","","","",4,1,270,1,"","","","","","","","","","","","","","","","","","","","","","","","","","","","","","","","","","","","","","","","","","","","","","","","","","","",""
"83069002","PORQUEROLLES",43.,6.226833,135,1981050218,"","","","",13.,1,260,1,"","","","","","","","","","","","","","","","","","","","","","","","","","","","",14.4,1,11.5,1,"","","","","","","","","","","","","","","","","","","","","","","","","","",84,1,"","","","","","","","","","","","",13.9,1,1002.8,1,"","","","","","",5,1,0,1,2,1,4,1,0,1,"","","","","","","","","","","","","","","","","","","","","","","","",20000,1,"","",3,1,1,1,"","","","","","","","","","",3,1,270,1,"","","","","","","","","","","","","","","","","","","","","","","","","","","","","","","","","","","","","","","","","","","","","","","","","","","",""
"83069002","PORQUEROLLES",43.,6.226833,135,1981050221,"","","","",11.,1,280,1,"","","","","","","","","","","","","","","","","","","","","","","","","","","","",13.6,1,12.1,1,"","","","","","","","","","","","","","","","","","","","","","","","","","",93,1,"","","","","","","","","","","","",14.5,1,1003.8,1,"","","","","","",0,1,"","",0,1,0,1,0,1,"","","","","","","","","","","","","","","","","","","","","","","","",20000,1,"","",1,1,1,1,"","","","","","","","","","",3,1,270,1,"","","","","","","","","","","","","","","","","","","","","","","","","","","","","","","","","","","","","","","","","","","","","","","","","","","",""
"83069002","PORQUEROLLES",43.,6.226833,135,1981050300,"","","","",7.,1,260,1,"","","","","","","","","","","","","","","","","","","","","","","","","","","","",12.7,1,11.5,1,"","","","","","","","","","","","","","","","","","","","","","","","","","",95,1,"","","","","","","","","","","","",13.9,1,1004.,1,"","","","","","","","","","","","","","","","","","","","","","","","","","","","","","","","","","","","","","","","","","","","","","","","","","","","","","","","","","","","","","","","","","","","","","","","","","","","","","","","","","","","","","","","","","","","","","","","","","","","","","","","","","","","","","","","","",""
"83069002","PORQUEROLLES",43.,6.226833,135,1981050303,"","","","",8.,1,260,1,"","","","","","","","","","","","","","","","","","","","","","","","","","","","",11.9,1,10.1,1,"","","","","","","","","","","","","","","","","","","","","","","","","","",90,1,"","","","","","","","","","","","",12.6,1,1003.7,1,"","","","","","",2,1,0,1,0,1,0,1,2,1,"","","","","","","","","","","","","","","","","","","","","","","","",30000,1,"","",0,1,"","","","","","","","","","","","",3,1,270,1,"","","","","","","","","","","","","","","","","","","","","","","","","","","","","","","","","","","","","","","","","","","","","","","","","","","",""
"83069002","PORQUEROLLES",43.,6.226833,135,1981050306,"","","","",9.,1,260,1,"","","","","","","","","","","","","","","","","","","","","","","","","","","","",11.5,1,9.9,1,"","","","","","","","","","","","","","","","","","","","","","","","","","",92,1,"","","","","","","","","","","","",12.5,1,1003.7,1,"","","","","","",3,1,0,1,2,1,4,1,0,1,"","","","","","","","","","","","","","","","","","","","","","","","",40000,1,"","",3,1,0,1,"","",0,1,"","","","","","",4,1,270,1,"","","","","","","","","","","","","","","","","","","","","","","","","","","","","","","","","","","","","","","","","","","","","","","","","","","",""
"83069002","PORQUEROLLES",43.,6.226833,135,1981050309,"","","","",14.,1,260,1,"","","","","","","","","","","","","","","","","","","","","","","","","","","","",14.5,1,10.9,1,"","","","","","","","","","","","","","","","","","","","","","","","","","",81,1,"","","","","","","","","","","","",13.4,1,1003.5,1,"","","","","","",2,1,0,1,2,1,0,1,0,1,"","","","","","","","","","","","","","","","","","","","","","","","",38000,1,"","",2,1,0,1,"","","","","","","","","","",4,1,270,1,"","","","","","","","","","","","","","","","","","","","","","","","","","","","","","","","","","","","","","","","","","","","","","","","","","","",""
"83069002","PORQUEROLLES",43.,6.226833,135,1981050312,"","","","",15.,1,260,1,"","","","","","","","","","","","","","","","","","","","","","","","","","","","",16.8,1,8.9,1,"","","","","","","","","","","","","","","","","","","","","","","","","","",61,1,"","","","","","","","","","","","",11.6,1,1003.,1,"","","","","","",2,1,0,1,3,1,0,1,0,1,"","","","","","","","","","","","","","","","","","","","","","","","",35000,1,"","",2,1,0,1,"","","","","","","","","","",4,1,270,1,"","","","","","","","","","","","","","","","","","","","","","","","","","","","","","","","","","","","","","","","","","","","","","","","","","","",""
"83069002","PORQUEROLLES",43.,6.226833,135,1981050315,"","","","",14.,1,240,1,"","","","","","","","","","","","","","","","","","","","","","","","","","","","",16.8,1,6.3,1,"","","","","","","","","","","","","","","","","","","","","","","","","","",51,1,"","","","","","","","","","","","",9.7,1,1003.4,1,"","","","","","",1,1,0,1,2,1,0,1,0,1,"","","","","","","","","","","","","","","","","","","","","","","","",32000,1,"","",1,1,0,1,"","","","","","","","","","",4,1,270,1,"","","","","","","","","","","","","","","","","","","","","","","","","","","","","","","","","","","","","","","","","","","","","","","","","","","",""
"83069002","PORQUEROLLES",43.,6.226833,135,1981050318,"","","","",7.,1,260,1,"","","","","","","","","","","","","","","","","","","","","","","","","","","","",14.,1,6.4,1,"","","","","","","","","","","","","","","","","","","","","","","","","","",61,1,"","","","","","","","","","","","",9.8,1,1004.4,1,"","","","","","",0,1,"","",0,1,0,1,0,1,"","","","","","","","","","","","","","","","","","","","","","","","",28000,1,"","",1,1,0,1,"","","","","","","","","","",4,1,270,1,"","","","","","","","","","","","","","","","","","","","","","","","","","","","","","","","","","","","","","","","","","","","","","","","","","","",""
"83069002","PORQUEROLLES",43.,6.226833,135,1981050321,"","","","",8.,1,280,1,"","","","","","","","","","","","","","","","","","","","","","","","","","","","",12.3,1,2.4,1,"","","","","","","","","","","","","","","","","","","","","","","","","","",50,1,"","","","","","","","","","","","",7.3,1,1006.4,1,"","","","","","",0,1,"","",0,1,0,1,0,1,"","","","","","","","","","","","","","","","","","","","","","","","",25000,1,"","",2,1,0,1,"","","","","","","","","","",4,1,270,1,"","","","","","","","","","","","","","","","","","","","","","","","","","","","","","","","","","","","","","","","","","","","","","","","","","","",""
"83069002","PORQUEROLLES",43.,6.226833,135,1981050400,"","","","",10.,1,260,1,"","","","","","","","","","","","","","","","","","","","","","","","","","","","",10.6,1,1.2,1,"","","","","","","","","","","","","","","","","","","","","","","","","","",52,1,"","","","","","","","","","","","",6.7,1,1004.8,1,"","","","","","","","","","","","","","","","","","","","","","","","","","","","","","","","","","","","","","","","","","","","","","","","","","","","","","","","","","","","","","","","","","","","","","","","","","","","","","","","","","","","","","","","","","","","","","","","","","","","","","","","","","","","","","","","","",""
"83069002","PORQUEROLLES",43.,6.226833,135,1981050403,"","","","",15.,1,240,1,"","","","","","","","","","","","","","","","","","","","","","","","","","","","",10.2,1,2.7,1,"","","","","","","","","","","","","","","","","","","","","","","","","","",59,1,"","","","","","","","","","","","",7.5,1,1004.7,1,"","","","","","",0,1,"","",0,1,0,1,0,1,"","","","","","","","","","","","","","","","","","","","","","","","",28000,1,"","",0,1,"","","","","","","","","","","","",4,1,270,1,"","","","","","","","","","","","","","","","","","","","","","","","","","","","","","","","","","","","","","","","","","","","","","","","","","","",""
"83069002","PORQUEROLLES",43.,6.226833,135,1981050406,"","","","",16.,1,260,1,"","","","","","","","","","","","","","","","","","","","","","","","","","","","",9.1,1,3.8,1,"","","","","","","","","","","","","","","","","","","","","","","","","","",70,1,"","","","","","","","","","","","",8.1,1,1003.7,1,"","","","","","",5,1,5,1,0,1,7,1,0,1,"","","","","","","","","","","","","","","","","","","","","","","","",32000,1,"","",3,1,1,1,"","",0,1,"","","","","","",4,1,270,1,"","","","","","","","","","","","","","","","","","","","","","","","","","","","","","","","","","","","","","","","","","","","","","","","","","","",""
"83069002","PORQUEROLLES",43.,6.226833,135,1981050409,"","","","",13.,1,260,1,"","","","","","","","","","","","","","","","","","","","","","","","","","","","",11.4,1,6.2,1,"","","","","","","","","","","","","","","","","","","","","","","","","","",71,1,"","","","","","","","","","","","",9.6,1,1002.9,1,"","","","","","",8,1,6,1,7,1,7,1,7,1,"","","","","","","","","","","","","","","","","","","","","","","","",20000,1,"","",3,1,2,1,"","","","","","","","","","",4,1,270,1,"","","","","","","","","","","","","","","","","","","","","","","","","","","","","","","","","","","","","","","","","","","","","","","","","","","",""
"83069002","PORQUEROLLES",43.,6.226833,135,1981050412,"","","","",16.,1,260,1,"","","","","","","","","","","","","","","","","","","","","","","","","","","","",12.8,1,8.1,1,"","","","","","","","","","","","","","","","","","","","","","","","","","",75,1,"","","","","","","","","","","","",11.,1,1001.2,1,"","","","","","",7,1,5,1,7,1,7,1,3,1,"","","","","","","","","","","","","","","","","","","","","","","","",15000,1,"","",21,1,2,1,"","","","","","","","","","",4,1,270,1,"","","","","","","","","","","","","","","","","","","","","","","","","","","","","","","","","","","","","","","","","","","","","","","","","","","",""
"83069002","PORQUEROLLES",43.,6.226833,135,1981050415,"","","","",15.,1,240,1,"","","","","","","","","","","","","","","","","","","","","","","","","","","","",14.5,1,8.1,1,"","","","","","","","","","","","","","","","","","","","","","","","","","",67,1,"","","","","","","","","","","","",11.,1,999.5,1,"","","","","","",4,1,0,1,2,1,4,1,3,1,"","","","","","","","","","","","","","","","","","","","","","","","",20000,1,"","",1,1,1,1,"","","","","","","","","","",4,1,270,1,"","","","","","","","","","","","","","","","","","","","","","","","","","","","","","","","","","","","","","","","","","","","","","","","","","","",""
"83069002","PORQUEROLLES",43.,6.226833,135,1981050418,"","","","",18.,1,240,1,"","","","","","","","","","","","","","","","","","","","","","","","","","","","",12.4,1,6.7,1,"","","","","","","","","","","","","","","","","","","","","","","","","","",70,1,"","","","","","","","","","","","",10.,1,999.,1,"","","","","","",3,1,0,1,9,1,4,1,3,1,"","","","","","","","","","","","","","","","","","","","","","","","",20000,1,"","",1,1,1,1,"","","","","","","","","","",5,1,270,1,"","","","","","","","","","","","","","","","","","","","","","","","","","","","","","","","","","","","","","","","","","","","","","","","","","","",""
"83069002","PORQUEROLLES",43.,6.226833,135,1981050421,"","","","",13.,1,260,1,"","","","","","","","","","","","","","","","","","","","","","","","","","","","",12.2,1,3.6,1,"","","","","","","","","","","","","","","","","","","","","","","","","","",56,1,"","","","","","","","","","","","",8.,1,1000.6,1,"","","","","","",0,1,"","",0,1,0,1,0,1,"","","","","","","","","","","","","","","","","","","","","","","","",30000,1,"","",1,1,0,1,"","","","","","","","","","",5,1,270,1,"","","","","","","","","","","","","","","","","","","","","","","","","","","","","","","","","","","","","","","","","","","","","","","","","","","",""
"83069002","PORQUEROLLES",43.,6.226833,135,1981050500,"","","","",10.,1,260,1,"","","","","","","","","","","","","","","","","","","","","","","","","","","","",10.4,1,4.8,1,"","","","","","","","","","","","","","","","","","","","","","","","","","",69,1,"","","","","","","","","","","","",8.7,1,1001.9,1,"","","","","","","","","","","","","","","","","","","","","","","","","","","","","","","","","","","","","","","","","","","","","","","","","","","","","","","","","","","","","","","","","","","","","","","","","","","","","","","","","","","","","","","","","","","","","","","","","","","","","","","","","","","","","","","","","",""
"83069002","PORQUEROLLES",43.,6.226833,135,1981050503,"","","","",8.,1,260,1,"","","","","","","","","","","","","","","","","","","","","","","","","","","","",10.2,1,5.3,1,"","","","","","","","","","","","","","","","","","","","","","","","","","",72,1,"","","","","","","","","","","","",9.,1,1002.3,1,"","","","","","",1,1,0,1,0,1,4,1,0,1,"","","","","","","","","","","","","","","","","","","","","","","","",30000,1,"","",0,1,"","","","","","","","","","","","",4,1,270,1,"","","","","","","","","","","","","","","","","","","","","","","","","","","","","","","","","","","","","","","","","","","","","","","","","","","",""
"83069002","PORQUEROLLES",43.,6.226833,135,1981050506,"","","","",4.,1,260,1,"","","","","","","","","","","","","","","","","","","","","","","","","","","","",10.,1,4.9,1,"","","","","","","","","","","","","","","","","","","","","","","","","","",72,1,"","","","","","","","","","","","",8.8,1,1004.,1,"","","","","","",2,1,0,1,1,1,0,1,8,1,"","","","","","","","","","","","","","","","","","","","","","","","",40000,1,"","",3,1,0,1,"","",0,1,"","","","","","",4,1,270,1,"","","","","","","","","","","","","","","","","","","","","","","","","","","","","","","","","","","","","","","","","","","","","","","","","","","",""
"83069002","PORQUEROLLES",43.,6.226833,135,1981050509,"","","","",8.,1,260,1,"","","","","","","","","","","","","","","","","","","","","","","","","","","","",14.,1,6.6,1,"","","","","","","","","","","","","","","","","","","","","","","","","","",62,1,"","","","","","","","","","","","",9.9,1,1003.9,1,"","","","","","",5,1,5,1,1,1,0,1,6,1,"","","","","","","","","","","","","","","","","","","","","","","","",40000,1,"","",3,1,1,1,"","","","","","","","","","",4,1,270,1,"","","","","","","","","","","","","","","","","","","","","","","","","","","","","","","","","","","","","","","","","","","","","","","","","","","",""
"83069002","PORQUEROLLES",43.,6.226833,135,1981050512,"","","","",15.,1,260,1,"","","","","","","","","","","","","","","","","","","","","","","","","","","","",15.,1,8.9,1,"","","","","","","","","","","","","","","","","","","","","","","","","","",68,1,"","","","","","","","","","","","",11.6,1,1005.3,1,"","","","","","",2,1,0,1,1,1,0,1,0,1,"","","","","","","","","","","","","","","","","","","","","","","","",40000,1,"","",1,1,1,1,"","","","","","","","","","",4,1,270,1,"","","","","","","","","","","","","","","","","","","","","","","","","","","","","","","","","","","","","","","","","","","","","","","","","","","",""
"83069002","PORQUEROLLES",43.,6.226833,135,1981050515,"","","","",15.,1,260,1,"","","","","","","","","","","","","","","","","","","","","","","","","","","","",16.,1,9.,1,"","","","","","","","","","","","","","","","","","","","","","","","","","",65,1,"","","","","","","","","","","","",11.7,1,1006.,1,"","","","","","",2,1,0,1,1,1,0,1,0,1,"","","","","","","","","","","","","","","","","","","","","","","","",40000,1,"","",2,1,0,1,"","","","","","","","","","",4,1,270,1,"","","","","","","","","","","","","","","","","","","","","","","","","","","","","","","","","","","","","","","","","","","","","","","","","","","",""
"83069002","PORQUEROLLES",43.,6.226833,135,1981050518,"","","","",8.,1,240,1,"","","","","","","","","","","","","","","","","","","","","","","","","","","","",14.3,1,8.1,1,"","","","","","","","","","","","","","","","","","","","","","","","","","",68,1,"","","","","","","","","","","","",11.,1,1006.8,1,"","","","","","",2,1,0,1,1,1,0,1,0,1,"","","","","","","","","","","","","","","","","","","","","","","","",28000,1,"","",2,1,0,1,"","","","","","","","","","",4,1,270,1,"","","","","","","","","","","","","","","","","","","","","","","","","","","","","","","","","","","","","","","","","","","","","","","","","","","",""
"83069002","PORQUEROLLES",43.,6.226833,135,1981050521,"","","","",9.,1,240,1,"","","","","","","","","","","","","","","","","","","","","","","","","","","","",14.,1,5.4,1,"","","","","","","","","","","","","","","","","","","","","","","","","","",57,1,"","","","","","","","","","","","",9.1,1,1010.6,1,"","","","","","",0,1,"","",0,1,0,1,0,1,"","","","","","","","","","","","","","","","","","","","","","","","",28000,1,"","",1,1,0,1,"","","","","","","","","","",4,1,270,1,"","","","","","","","","","","","","","","","","","","","","","","","","","","","","","","","","","","","","","","","","","","","","","","","","","","",""
"83069002","PORQUEROLLES",43.,6.226833,135,1981050600,"","","","",9.,1,260,1,"","","","","","","","","","","","","","","","","","","","","","","","","","","","",13.,1,5.3,1,"","","","","","","","","","","","","","","","","","","","","","","","","","",60,1,"","","","","","","","","","","","",9.,1,1011.4,1,"","","","","","","","","","","","","","","","","","","","","","","","","","","","","","","","","","","","","","","","","","","","","","","","","","","","","","","","","","","","","","","","","","","","","","","","","","","","","","","","","","","","","","","","","","","","","","","","","","","","","","","","","","","","","","","","","",""
"83069002","PORQUEROLLES",43.,6.226833,135,1981050603,"","","","",10.,1,260,1,"","","","","","","","","","","","","","","","","","","","","","","","","","","","",12.,1,5.4,1,"","","","","","","","","","","","","","","","","","","","","","","","","","",63,1,"","","","","","","","","","","","",9.1,1,1012.,1,"","","","","","",0,1,"","",0,1,0,1,0,1,"","","","","","","","","","","","","","","","","","","","","","","","",28000,1,"","",0,1,"","","","","","","","","","","","",4,1,270,1,"","","","","","","","","","","","","","","","","","","","","","","","","","","","","","","","","","","","","","","","","","","","","","","","","","","",""
"83069002","PORQUEROLLES",43.,6.226833,135,1981050606,"","","","",6.,1,280,1,"","","","","","","","","","","","","","","","","","","","","","","","","","","","",12.,1,5.4,1,"","","","","","","","","","","","","","","","","","","","","","","","","","",63,1,"","","","","","","","","","","","",9.1,1,1014.3,1,"","","","","","",0,1,"","",0,1,0,1,0,1,"","","","","","","","","","","","","","","","","","","","","","","","",40000,1,"","",2,1,0,1,"","",0,1,"","","","","","",3,1,270,1,"","","","","","","","","","","","","","","","","","","","","","","","","","","","","","","","","","","","","","","","","","","","","","","","","","","",""
"83069002","PORQUEROLLES",43.,6.226833,135,1981050609,"","","","",0.,1,0,1,"","","","","","","","","","","","","","","","","","","","","","","","","","","","",18.5,1,7.6,1,"","","","","","","","","","","","","","","","","","","","","","","","","","",50,1,"","","","","","","","","","","","",10.6,1,1015.1,1,"","","","","","",2,1,0,1,0,1,0,1,1,1,"","","","","","","","","","","","","","","","","","","","","","","","",40000,1,"","",3,1,0,1,"","","","","","","","","","",2,1,270,1,"","","","","","","","","","","","","","","","","","","","","","","","","","","","","","","","","","","","","","","","","","","","","","","","","","","",""
"83069002","PORQUEROLLES",43.,6.226833,135,1981050612,"","","","",0.,1,0,1,"","","","","","","","","","","","","","","","","","","","","","","","","","","","",20.8,1,7.,1,"","","","","","","","","","","","","","","","","","","","","","","","","","",41,1,"","","","","","","","","","","","",10.2,1,1016.2,1,"","","","","","",2,1,0,1,0,1,0,1,4,1,"","","","","","","","","","","","","","","","","","","","","","","","",40000,1,"","",2,1,0,1,"","","","","","","","","","",2,1,0,1,"","","","","","","","","","","","","","","","","","","","","","","","","","","","","","","","","","","","","","","","","","","","","","","","","","","",""
"83069002","PORQUEROLLES",43.,6.226833,135,1981050615,"","","","",0.,1,0,1,"","","","","","","","","","","","","","","","","","","","","","","","","","","","",19.3,1,6.7,1,"","","","","","","","","","","","","","","","","","","","","","","","","","",45,1,"","","","","","","","","","","","",10.,1,1016.3,1,"","","","","","",0,1,"","",0,1,0,1,0,1,"","","","","","","","","","","","","","","","","","","","","","","","",40000,1,"","",1,1,0,1,"","","","","","","","","","",2,1,0,1,"","","","","","","","","","","","","","","","","","","","","","","","","","","","","","","","","","","","","","","","","","","","","","","","","","","",""
"83069002","PORQUEROLLES",43.,6.226833,135,1981050618,"","","","",2.,1,260,1,"","","","","","","","","","","","","","","","","","","","","","","","","","","","",16.1,1,10.5,1,"","","","","","","","","","","","","","","","","","","","","","","","","","",71,1,"","","","","","","","","","","","",13.,1,1016.5,1,"","","","","","",2,1,0,1,0,1,0,1,4,1,"","","","","","","","","","","","","","","","","","","","","","","","",40000,1,"","",3,1,0,1,"","","","","","","","","","",2,1,0,1,"","","","","","","","","","","","","","","","","","","","","","","","","","","","","","","","","","","","","","","","","","","","","","","","","","","",""
"83069002","PORQUEROLLES",43.,6.226833,135,1981050621,"","","","",1.,1,280,1,"","","","","","","","","","","","","","","","","","","","","","","","","","","","",13.5,1,10.2,1,"","","","","","","","","","","","","","","","","","","","","","","","","","",82,1,"","","","","","","","","","","","",12.7,1,1017.6,1,"","","","","","",0,1,"","",0,1,0,1,0,1,"","","","","","","","","","","","","","","","","","","","","","","","",30000,1,"","",1,1,0,1,"","","","","","","","","","",2,1,0,1,"","","","","","","","","","","","","","","","","","","","","","","","","","","","","","","","","","","","","","","","","","","","","","","","","","","",""
"83069002","PORQUEROLLES",43.,6.226833,135,1981050700,"","","","",1.,1,80,1,"","","","","","","","","","","","","","","","","","","","","","","","","","","","",11.3,1,9.2,1,"","","","","","","","","","","","","","","","","","","","","","","","","","",89,1,"","","","","","","","","","","","",11.9,1,1018.2,1,"","","","","","","","","","","","","","","","","","","","","","","","","","","","","","","","","","","","","","","","","","","","","","","","","","","","","","","","","","","","","","","","","","","","","","","","","","","","","","","","","","","","","","","","","","","","","","","","","","","","","","","","","","","","","","","","","",""
"83069002","PORQUEROLLES",43.,6.226833,135,1981050703,"","","","",4.,1,60,1,"","","","","","","","","","","","","","","","","","","","","","","","","","","","",11.,1,11.,1,"","","","","","","","","","","","","","","","","","","","","","","","","","",99,1,"","","","","","","","","","","","",13.,1,1017.1,1,"","","","","","",3,1,0,1,0,1,0,1,2,1,"","","","","","","","","","","","","","","","","","","","","","","","",30000,1,"","",0,1,"","","","","","","","","","","","",2,1,0,1,"","","","","","","","","","","","","","","","","","","","","","","","","","","","","","","","","","","","","","","","","","","","","","","","","","","",""
"83069002","PORQUEROLLES",43.,6.226833,135,1981050706,"","","","",4.,1,60,1,"","","","","","","","","","","","","","","","","","","","","","","","","","","","",11.1,1,11.1,1,"","","","","","","","","","","","","","","","","","","","","","","","","","",99,1,"","","","","","","","","","","","",13.,1,1017.2,1,"","","","","","",6,1,6,1,0,1,0,1,4,1,"","","","","","","","","","","","","","","","","","","","","","","","",15000,1,"","",3,1,1,1,"","",0,1,"","","","","","",2,1,0,1,"","","","","","","","","","","","","","","","","","","","","","","","","","","","","","","","","","","","","","","","","","","","","","","","","","","",""
"83069002","PORQUEROLLES",43.,6.226833,135,1981050709,"","","","",9.,1,60,1,"","","","","","","","","","","","","","","","","","","","","","","","","","","","",17.2,1,12.5,1,"","","","","","","","","","","","","","","","","","","","","","","","","","",76,1,"","","","","","","","","","","","",14.9,1,1017.3,1,"","","","","","",6,1,6,1,0,1,0,1,6,1,"","","","","","","","","","","","","","","","","","","","","","","","",18000,1,"","",2,1,2,1,"","","","","","","","","","",3,1,90,1,"","","","","","","","","","","","","","","","","","","","","","","","","","","","","","","","","","","","","","","","","","","","","","","","","","","",""
"83069002","PORQUEROLLES",43.,6.226833,135,1981050712,"","","","",8.,1,60,1,"","","","","","","","","","","","","","","","","","","","","","","","","","","","",19.5,1,12.6,1,"","","","","","","","","","","","","","","","","","","","","","","","","","",66,1,"","","","","","","","","","","","",15.,1,1015.7,1,"","","","","","",6,1,6,1,0,1,0,1,6,1,"","","","","","","","","","","","","","","","","","","","","","","","",22000,1,"","",2,1,2,1,"","","","","","","","","","",3,1,90,1,"","","","","","","","","","","","","","","","","","","","","","","","","","","","","","","","","","","","","","","","","","","","","","","","","","","",""
"83069002","PORQUEROLLES",43.,6.226833,135,1981050715,"","","","",7.,1,80,1,"","","","","","","","","","","","","","","","","","","","","","","","","","","","",17.7,1,11.2,1,"","","","","","","","","","","","","","","","","","","","","","","","","","",67,1,"","","","","","","","","","","","",13.6,1,1015.6,1,"","","","","","",6,1,6,1,0,1,0,1,6,1,"","","","","","","","","","","","","","","","","","","","","","","","",25000,1,"","",2,1,2,1,"","","","","","","","","","",3,1,90,1,"","","","","","","","","","","","","","","","","","","","","","","","","","","","","","","","","","","","","","","","","","","","","","","","","","","",""
"83069002","PORQUEROLLES",43.,6.226833,135,1981050718,"","","","",4.,1,60,1,"","","","","","","","","","","","","","","","","","","","","","","","","","","","",14.7,1,2.5,1,"","","","","","","","","","","","","","","","","","","","","","","","","","",47,1,"","","","","","","","","","","","",7.4,1,1014.9,1,"","","","","","",8,1,8,1,0,1,7,1,"","","","","","","","","","","","","","","","","","","","","","","","","","",28000,1,"","",3,1,2,1,"","","","","","","","","","",3,1,90,1,"","","","","","","","","","","","","","","","","","","","","","","","","","","","","","","","","","","","","","","","","","","","","","","","","","","",""
"83069002","PORQUEROLLES",43.,6.226833,135,1981050721,"","","","",3.,1,60,1,"","","","","","","","","","","","","","","","","","","","","","","","","","","","",13.,1,11.3,1,"","","","","","","","","","","","","","","","","","","","","","","","","","",91,1,"","","","","","","","","","","","",13.7,1,1014.8,1,"","","","","","",8,1,8,1,0,1,7,1,"","","","","","","","","","","","","","","","","","","","","","","","","","",22000,1,"","",2,1,2,1,"","","","","","","","","","",3,1,90,1,"","","","","","","","","","","","","","","","","","","","","","","","","","","","","","","","","","","","","","","","","","","","","","","","","","","",""
"83069002","PORQUEROLLES",43.,6.226833,135,1981050800,"","","","",5.,1,60,1,"","","","","","","","","","","","","","","","","","","","","","","","","","","","",13.3,1,7.6,1,"","","","","","","","","","","","","","","","","","","","","","","","","","",69,1,"","","","","","","","","","","","",10.6,1,1013.1,1,"","","","","","","","","","","","","","","","","","","","","","","","","","","","","","","","","","","","","","","","","","","","","","","","","","","","","","","","","","","","","","","","","","","","","","","","","","","","","","","","","","","","","","","","","","","","","","","","","","","","","","","","","","","","","","","","","",""
"83069002","PORQUEROLLES",43.,6.226833,135,1981050803,"","","","",7.,1,60,1,"","","","","","","","","","","","","","","","","","","","","","","","","","","","",13.5,1,9.3,1,"","","","","","","","","","","","","","","","","","","","","","","","","","",77,1,"","","","","","","","","","","","",12.,1,1011.6,1,"","","","","","",8,1,8,1,0,1,7,1,"","","","","","","","","","","","","","","","","","","","","","","","","","",22000,1,"","",0,1,"","","","","","","","","","","","",3,1,90,1,"","","","","","","","","","","","","","","","","","","","","","","","","","","","","","","","","","","","","","","","","","","","","","","","","","","",""
"83069002","PORQUEROLLES",43.,6.226833,135,1981050806,"","","","",6.,1,60,1,"","","","","","","","","","","","","","","","","","","","","","","","","","","","",14.1,1,9.8,1,"","","","","","","","","","","","","","","","","","","","","","","","","","",77,1,"","","","","","","","","","","","",12.4,1,1012.,1,"","","","","","",8,1,8,1,0,1,7,1,"","","","","","","","","","","","","","","","","","","","","","","","","","",18000,1,"","",2,1,2,1,"","",0,1,"","","","","","",3,1,90,1,"","","","","","","","","","","","","","","","","","","","","","","","","","","","","","","","","","","","","","","","","","","","","","","","","","","",""
"83069002","PORQUEROLLES",43.,6.226833,135,1981050809,"","","","",7.,1,80,1,"","","","","","","","","","","","","","","","","","","","","","","","","","","","",16.5,1,14.1,1,"","","","","","","","","","","","","","","","","","","","","","","","","","",89,1,"","","","","","","","","","","","",16.6,1,1011.7,1,"","","","","","",7,1,6,1,0,1,7,1,2,1,"","","","","","","","","","","","","","","","","","","","","","","","",18000,1,"","",1,1,2,1,"","","","","","","","","","",3,1,90,1,"","","","","","","","","","","","","","","","","","","","","","","","","","","","","","","","","","","","","","","","","","","","","","","","","","","",""
"83069002","PORQUEROLLES",43.,6.226833,135,1981050812,"","","","",9.,1,40,1,"","","","","","","","","","","","","","","","","","","","","","","","","","","","",21.,1,15.9,1,"","","","","","","","","","","","","","","","","","","","","","","","","","",75,1,"","","","","","","","","","","","",18.7,1,1010.8,1,"","","","","","",4,1,0,1,0,1,4,1,2,1,"","","","","","","","","","","","","","","","","","","","","","","","",20000,1,"","",1,1,1,1,"","","","","","","","","","",3,1,90,1,"","","","","","","","","","","","","","","","","","","","","","","","","","","","","","","","","","","","","","","","","","","","","","","","","","","",""
"83069002","PORQUEROLLES",43.,6.226833,135,1981050815,"","","","",4.,1,100,1,"","","","","","","","","","","","","","","","","","","","","","","","","","","","",19.,1,15.8,1,"","","","","","","","","","","","","","","","","","","","","","","","","","",84,1,"","","","","","","","","","","","",18.5,1,1010.6,1,"","","","","","",3,1,0,1,2,1,4,1,2,1,"","","","","","","","","","","","","","","","","","","","","","","","",18000,1,"","",1,1,0,1,"","","","","","","","","","",3,1,90,1,"","","","","","","","","","","","","","","","","","","","","","","","","","","","","","","","","","","","","","","","","","","","","","","","","","","",""
"83069002","PORQUEROLLES",43.,6.226833,135,1981050818,"","","","",3.,1,60,1,"","","","","","","","","","","","","","","","","","","","","","","","","","","","",16.,1,13.1,1,"","","","","","","","","","","","","","","","","","","","","","","","","","",85,1,"","","","","","","","","","","","",15.5,1,1010.7,1,"","","","","","",3,1,0,1,6,1,0,1,0,1,"","","","","","","","","","","","","","","","","","","","","","","","",12000,1,"","",3,1,0,1,"","","","","","","","","","",2,1,90,1,"","","","","","","","","","","","","","","","","","","","","","","","","","","","","","","","","","","","","","","","","","","","","","","","","","","",""
"83069002","PORQUEROLLES",43.,6.226833,135,1981050821,"","","","",5.,1,60,1,"","","","","","","","","","","","","","","","","","","","","","","","","","","","",14.2,1,12.3,1,"","","","","","","","","","","","","","","","","","","","","","","","","","",90,1,"","","","","","","","","","","","",14.7,1,1011.6,1,"","","","","","",7,1,7,1,6,1,"","","","","","","","","","","","","","","","","","","","","","","","","","","","",12000,1,"","",3,1,1,1,"","","","","","","","","","",2,1,90,1,"","","","","","","","","","","","","","","","","","","","","","","","","","","","","","","","","","","","","","","","","","","","","","","","","","","",""
"83069002","PORQUEROLLES",43.,6.226833,135,1981050900,"","","","",7.,1,60,1,"","","","","","","","","","","","","","","","","","","","","","","","","","","","",13.8,1,13.8,1,"","","","","","","","","","","","","","","","","","","","","","","","","","",100,1,"","","","","","","","","","","","",15.8,1,1011.9,1,"","","","","","","","","","","","","","","","","","","","","","","","","","","","","","","","","","","","","","","","","","","","","","","","","","","","","","","","","","","","","","","","","","","","","","","","","","","","","","","","","","","","","","","","","","","","","","","","","","","","","","","","","","","","","","","","","",""
"83069002","PORQUEROLLES",43.,6.226833,135,1981050903,"","","","",6.,1,80,1,"","","","","","","","","","","","","","","","","","","","","","","","","","","","",13.6,1,13.6,1,"","","","","","","","","","","","","","","","","","","","","","","","","","",100,1,"","","","","","","","","","","","",15.6,1,1010.7,1,"","","","","","",8,1,8,1,6,1,"","","","","","","","","","","","","","","","","","","","","","","","","","","","",12000,1,"","",53,1,"","","","","","","","","","","","",3,1,90,1,"","","","","","","","","","","","","","","","","","","","","","","","","","","","","","","","","","","","","","","","","","","","","","","","","","","",""
"83069002","PORQUEROLLES",43.,6.226833,135,1981050906,"","","","",6.,1,80,1,"","","","","","","","","","","","","","","","","","","","","","","","","","","","",13.6,1,12.8,1,"","","","","","","","","","","","","","","","","","","","","","","","","","",98,1,"","","","","","","","","","","","",15.2,1,1010.7,1,"","","","","","",7,1,5,1,6,1,7,1,"","","","","","","","","","","","","","","","","","","","","","","","","","",15000,1,"","",1,1,5,1,"","",0,1,"","","","","","",3,1,90,1,"","","","","","","","","","","","","","","","","","","","","","","","","","","","","","","","","","","","","","","","","","","","","","","","","","","",""
"83069002","PORQUEROLLES",43.,6.226833,135,1981050909,"","","","",12.,1,60,1,"","","","","","","","","","","","","","","","","","","","","","","","","","","","",17.,1,11.2,1,"","","","","","","","","","","","","","","","","","","","","","","","","","",70,1,"","","","","","","","","","","","",13.6,1,1009.9,1,"","","","","","",5,1,0,1,2,1,0,1,0,1,"","","","","","","","","","","","","","","","","","","","","","","","",20000,1,"","",1,1,1,1,"","","","","","","","","","",3,1,70,1,"","","","","","","","","","","","","","","","","","","","","","","","","","","","","","","","","","","","","","","","","","","","","","","","","","","",""
"83069002","PORQUEROLLES",43.,6.226833,135,1981050912,"","","","",14.,1,60,1,"","","","","","","","","","","","","","","","","","","","","","","","","","","","",22.,1,14.,1,"","","","","","","","","","","","","","","","","","","","","","","","","","",62,1,"","","","","","","","","","","","",16.5,1,1008.1,1,"","","","","","",4,1,0,1,2,1,8,1,0,1,"","","","","","","","","","","","","","","","","","","","","","","","",15000,1,"","",1,1,1,1,"","","","","","","","","","",3,1,70,1,"","","","","","","","","","","","","","","","","","","","","","","","","","","","","","","","","","","","","","","","","","","","","","","","","","","",""
"83069002","PORQUEROLLES",43.,6.226833,135,1981050915,"","","","",14.,1,60,1,"","","","","","","","","","","","","","","","","","","","","","","","","","","","",19.,1,15.2,1,"","","","","","","","","","","","","","","","","","","","","","","","","","",81,1,"","","","","","","","","","","","",17.8,1,1006.3,1,"","","","","","",6,1,6,1,0,1,0,1,8,1,"","","","","","","","","","","","","","","","","","","","","","","","",15000,1,"","",3,1,2,1,"","","","","","","","","","",3,1,70,1,"","","","","","","","","","","","","","","","","","","","","","","","","","","","","","","","","","","","","","","","","","","","","","","","","","","",""
"83069002","PORQUEROLLES",43.,6.226833,135,1981050918,"","","","",14.,1,60,1,"","","","","","","","","","","","","","","","","","","","","","","","","","","","",15.2,1,12.4,1,"","","","","","","","","","","","","","","","","","","","","","","","","","",86,1,"","","","","","","","","","","","",14.8,1,1003.9,1,"","","","","","",7,1,7,1,0,1,7,1,"","","","","","","","","","","","","","","","","","","","","","","","","","",20000,1,"","",3,1,2,1,"","","","","","","","","","",3,1,70,1,"","","","","","","","","","","","","","","","","","","","","","","","","","","","","","","","","","","","","","","","","","","","","","","","","","","",""
"83069002","PORQUEROLLES",43.,6.226833,135,1981050921,"","","","",15.,1,60,1,"","","","","","","","","","","","","","","","","","","","","","","","","","","","",15.5,1,11.5,1,"","","","","","","","","","","","","","","","","","","","","","","","","","",78,1,"","","","","","","","","","","","",13.9,1,1004.6,1,"","","","","","",7,1,7,1,0,1,7,1,"","","","","","","","","","","","","","","","","","","","","","","","","","",12000,1,"","",2,1,2,1,"","","","","","","","","","",3,1,70,1,"","","","","","","","","","","","","","","","","","","","","","","","","","","","","","","","","","","","","","","","","","","","","","","","","","","",""
"83069002","PORQUEROLLES",43.,6.226833,135,1981051000,"","","","",12.,1,60,1,"","","","","","","","","","","","","","","","","","","","","","","","","","","","",16.,1,14.8,1,"","","","","","","","","","","","","","","","","","","","","","","","","","",95,1,"","","","","","","","","","","","",17.3,1,1004.3,1,"","","","","","","","","","","","","","","","","","","","","","","","","","","","","","","","","","","","","","","","","","","","","","","","","","","","","","","","","","","","","","","","","","","","","","","","","","","","","","","","","","","","","","","","","","","","","","","","","","","","","","","","","","","","","","","","","",""
"83069002","PORQUEROLLES",43.,6.226833,135,1981051003,"","","","",11.,1,60,1,"","","","","","","","","","","","","","","","","","","","","","","","","","","","",16.,1,14.7,1,"","","","","","","","","","","","","","","","","","","","","","","","","","",94,1,"","","","","","","","","","","","",17.2,1,1003.8,1,"","","","","","",7,1,7,1,0,1,7,1,"","","","","","","","","","","","","","","","","","","","","","","","","","",12000,1,"","",0,1,"","","","","","","","","","","","",3,1,90,1,"","","","","","","","","","","","","","","","","","","","","","","","","","","","","","","","","","","","","","","","","","","","","","","","","","","",""
"83069002","PORQUEROLLES",43.,6.226833,135,1981051006,"","","","",9.,1,60,1,"","","","","","","","","","","","","","","","","","","","","","","","","","","","",14.,1,12.7,1,"","","","","","","","","","","","","","","","","","","","","","","","","","",94,1,"","","","","","","","","","","","",15.1,1,1003.6,1,"","","","","","",8,1,8,1,9,1,"","","","","","","","","","","","","","","","","","","","","","","","","","","","",5000,1,"","",29,1,6,1,"","",0,1,"","","","","","",3,1,90,1,"","","","","","","","","","","","","","","","","","","","","","","","","","","","","","","","","","","","","","","","","","","","","","","","","","","",""
"83069002","PORQUEROLLES",43.,6.226833,135,1981051009,"","","","",16.,1,60,1,"","","","","","","","","","","","","","","","","","","","","","","","","","","","",17.,1,12.7,1,"","","","","","","","","","","","","","","","","","","","","","","","","","",78,1,"","","","","","","","","","","","",15.1,1,1000.3,1,"","","","","","",7,1,7,1,0,1,7,1,"","","","","","","","","","","","","","","","","","","","","","","","","","",12000,1,"","",1,1,2,1,"","","","","","","","","","",3,1,90,1,"","","","","","","","","","","","","","","","","","","","","","","","","","","","","","","","","","","","","","","","","","","","","","","","","","","",""
"83069002","PORQUEROLLES",43.,6.226833,135,1981051012,"","","","",9.,1,100,1,"","","","","","","","","","","","","","","","","","","","","","","","","","","","",15.,1,13.7,1,"","","","","","","","","","","","","","","","","","","","","","","","","","",94,1,"","","","","","","","","","","","",16.1,1,1001.,1,"","","","","","",8,1,8,1,5,1,"","","","","","","","","","","","","","","","","","","","","","","","","","","","",6000,1,"","",3,1,2,1,"","","","","","","","","","",3,1,90,1,"","","","","","","","","","","","","","","","","","","","","","","","","","","","","","","","","","","","","","","","","","","","","","","","","","","",""
"83069002","PORQUEROLLES",43.,6.226833,135,1981051015,"","","","",4.,1,260,1,"","","","","","","","","","","","","","","","","","","","","","","","","","","","",9.8,1,9.8,1,"","","","","","","","","","","","","","","","","","","","","","","","","","",100,1,"","","","","","","","","","","","",12.1,1,1003.8,1,"","","","","","",7,1,7,1,7,1,"","","","","","","","","","","","","","","","","","","","","","","","","","","","",8000,1,"","",60,1,6,1,"","","","","","","","","","",3,1,90,1,"","","","","","","","","","","","","","","","","","","","","","","","","","","","","","","","","","","","","","","","","","","","","","","","","","","",""
"83069002","PORQUEROLLES",43.,6.226833,135,1981051018,"","","","",0.,1,0,1,"","","","","","","","","","","","","","","","","","","","","","","","","","","","",11.9,1,10.6,1,"","","","","","","","","","","","","","","","","","","","","","","","","","",94,1,"","","","","","","","","","","","",13.1,1,1005.3,1,"","","","","","",3,1,0,1,2,1,0,1,0,1,"","","","","","","","","","","","","","","","","","","","","","","","",30000,1,"","",1,1,6,1,"","","","","","","","","","",3,1,90,1,"","","","","","","","","","","","","","","","","","","","","","","","","","","","","","","","","","","","","","","","","","","","","","","","","","","",""
"83069002","PORQUEROLLES",43.,6.226833,135,1981051021,"","","","",2.,1,40,1,"","","","","","","","","","","","","","","","","","","","","","","","","","","","",11.2,1,10.5,1,"","","","","","","","","","","","","","","","","","","","","","","","","","",97,1,"","","","","","","","","","","","",13.,1,1005.3,1,"","","","","","",6,1,6,1,9,1,0,1,0,1,"","","","","","","","","","","","","","","","","","","","","","","","",12000,1,"","",29,1,9,1,"","","","","","","","","","",2,1,90,1,"","","","","","","","","","","","","","","","","","","","","","","","","","","","","","","","","","","","","","","","","","","","","","","","","","","",""
"83069002","PORQUEROLLES",43.,6.226833,135,1981051100,"","","","",5.,1,200,1,"","","","","","","","","","","","","","","","","","","","","","","","","","","","",12.6,1,12.6,1,"","","","","","","","","","","","","","","","","","","","","","","","","","",100,1,"","","","","","","","","","","","",14.6,1,1004.1,1,"","","","","","","","","","","","","","","","","","","","","","","","","","","","","","","","","","","","","","","","","","","","","","","","","","","","","","","","","","","","","","","","","","","","","","","","","","","","","","","","","","","","","","","","","","","","","","","","","","","","","","","","","","","","","","","","","",""
"83069002","PORQUEROLLES",43.,6.226833,135,1981051103,"","","","",4.,1,200,1,"","","","","","","","","","","","","","","","","","","","","","","","","","","","",12.4,1,12.4,1,"","","","","","","","","","","","","","","","","","","","","","","","","","",99,1,"","","","","","","","","","","","",14.2,1,1002.9,1,"","","","","","",3,1,0,1,9,1,0,1,0,1,"","","","","","","","","","","","","","","","","","","","","","","","",12000,1,"","",17,1,"","","","","","","","","","","","",2,1,0,1,"","","","","","","","","","","","","","","","","","","","","","","","","","","","","","","","","","","","","","","","","","","","","","","","","","","",""
"83069002","PORQUEROLLES",43.,6.226833,135,1981051106,"","","","",2.,1,280,1,"","","","","","","","","","","","","","","","","","","","","","","","","","","","",11.4,1,10.3,1,"","","","","","","","","","","","","","","","","","","","","","","","","","",95,1,"","","","","","","","","","","","",12.8,1,1003.3,1,"","","","","","",8,1,6,1,3,1,2,1,"","","","","","","","","","","","","","","","","","","","","","","","","","",12000,1,"","",1,1,9,1,"","",0,1,"","","","","","",2,1,0,1,"","","","","","","","","","","","","","","","","","","","","","","","","","","","","","","","","","","","","","","","","","","","","","","","","","","",""
"83069002","PORQUEROLLES",43.,6.226833,135,1981051109,"","","","",4.,1,260,1,"","","","","","","","","","","","","","","","","","","","","","","","","","","","",14.3,1,11.2,1,"","","","","","","","","","","","","","","","","","","","","","","","","","",83,1,"","","","","","","","","","","","",13.6,1,1004.3,1,"","","","","","",6,1,5,1,2,1,0,1,2,1,"","","","","","","","","","","","","","","","","","","","","","","","",38000,1,"","",1,1,2,1,"","","","","","","","","","",2,1,0,1,"","","","","","","","","","","","","","","","","","","","","","","","","","","","","","","","","","","","","","","","","","","","","","","","","","","",""
"83069002","PORQUEROLLES",43.,6.226833,135,1981051112,"","","","",7.,1,220,1,"","","","","","","","","","","","","","","","","","","","","","","","","","","","",16.3,1,11.6,1,"","","","","","","","","","","","","","","","","","","","","","","","","","",76,1,"","","","","","","","","","","","",14.,1,1004.7,1,"","","","","","",3,1,0,1,9,1,0,1,0,1,"","","","","","","","","","","","","","","","","","","","","","","","",40000,1,"","",1,1,1,1,"","","","","","","","","","",2,1,0,1,"","","","","","","","","","","","","","","","","","","","","","","","","","","","","","","","","","","","","","","","","","","","","","","","","","","",""
"83069002","PORQUEROLLES",43.,6.226833,135,1981051115,"","","","",4.,1,220,1,"","","","","","","","","","","","","","","","","","","","","","","","","","","","",17.,1,13.1,1,"","","","","","","","","","","","","","","","","","","","","","","","","","",80,1,"","","","","","","","","","","","",15.5,1,1005.1,1,"","","","","","",2,1,0,1,9,1,0,1,0,1,"","","","","","","","","","","","","","","","","","","","","","","","",40000,1,"","",2,1,0,1,"","","","","","","","","","",2,1,0,1,"","","","","","","","","","","","","","","","","","","","","","","","","","","","","","","","","","","","","","","","","","","","","","","","","","","",""
"83069002","PORQUEROLLES",43.,6.226833,135,1981051118,"","","","",5.,1,220,1,"","","","","","","","","","","","","","","","","","","","","","","","","","","","",14.3,1,12.6,1,"","","","","","","","","","","","","","","","","","","","","","","","","","",92,1,"","","","","","","","","","","","",15.,1,1006.5,1,"","","","","","",3,1,0,1,3,1,0,1,2,1,"","","","","","","","","","","","","","","","","","","","","","","","",40000,1,"","",2,1,0,1,"","","","","","","","","","",2,1,0,1,"","","","","","","","","","","","","","","","","","","","","","","","","","","","","","","","","","","","","","","","","","","","","","","","","","","",""
"83069002","PORQUEROLLES",43.,6.226833,135,1981051121,"","","","",0.,1,0,1,"","","","","","","","","","","","","","","","","","","","","","","","","","","","",12.5,1,10.8,1,"","","","","","","","","","","","","","","","","","","","","","","","","","",92,1,"","","","","","","","","","","","",13.3,1,1007.4,1,"","","","","","",3,1,0,1,0,1,0,1,2,1,"","","","","","","","","","","","","","","","","","","","","","","","",28000,1,"","",2,1,0,1,"","","","","","","","","","",2,1,0,1,"","","","","","","","","","","","","","","","","","","","","","","","","","","","","","","","","","","","","","","","","","","","","","","","","","","",""
"83069002","PORQUEROLLES",43.,6.226833,135,1981051200,"","","","",2.,1,340,1,"","","","","","","","","","","","","","","","","","","","","","","","","","","","",12.2,1,10.3,1,"","","","","","","","","","","","","","","","","","","","","","","","","","",90,1,"","","","","","","","","","","","",12.8,1,1006.8,1,"","","","","","","","","","","","","","","","","","","","","","","","","","","","","","","","","","","","","","","","","","","","","","","","","","","","","","","","","","","","","","","","","","","","","","","","","","","","","","","","","","","","","","","","","","","","","","","","","","","","","","","","","","","","","","","","","",""
"83069002","PORQUEROLLES",43.,6.226833,135,1981051203,"","","","",3.,1,360,1,"","","","","","","","","","","","","","","","","","","","","","","","","","","","",10.8,1,8.5,1,"","","","","","","","","","","","","","","","","","","","","","","","","","",87,1,"","","","","","","","","","","","",11.3,1,1006.4,1,"","","","","","",3,1,0,1,0,1,0,1,2,1,"","","","","","","","","","","","","","","","","","","","","","","","",18000,1,"","",0,1,"","","","","","","","","","","","",2,1,0,1,"","","","","","","","","","","","","","","","","","","","","","","","","","","","","","","","","","","","","","","","","","","","","","","","","","","",""
"83069002","PORQUEROLLES",43.,6.226833,135,1981051206,"","","","",1.,1,320,1,"","","","","","","","","","","","","","","","","","","","","","","","","","","","",11.7,1,9.,1,"","","","","","","","","","","","","","","","","","","","","","","","","","",85,1,"","","","","","","","","","","","",11.7,1,1007.3,1,"","","","","","",5,1,0,1,2,1,4,1,0,1,"","","","","","","","","","","","","","","","","","","","","","","","",22000,1,"","",3,1,1,1,"","",0,1,"","","","","","",2,1,0,1,"","","","","","","","","","","","","","","","","","","","","","","","","","","","","","","","","","","","","","","","","","","","","","","","","","","",""
"83069002","PORQUEROLLES",43.,6.226833,135,1981051209,"","","","",5.,1,260,1,"","","","","","","","","","","","","","","","","","","","","","","","","","","","",14.5,1,9.1,1,"","","","","","","","","","","","","","","","","","","","","","","","","","",71,1,"","","","","","","","","","","","",11.8,1,1008.1,1,"","","","","","",7,1,7,1,2,1,4,1,8,1,"","","","","","","","","","","","","","","","","","","","","","","","",20000,1,"","",3,1,2,1,"","","","","","","","","","",2,1,270,1,"","","","","","","","","","","","","","","","","","","","","","","","","","","","","","","","","","","","","","","","","","","","","","","","","","","",""
"83069002","PORQUEROLLES",43.,6.226833,135,1981051212,"","","","",10.,1,240,1,"","","","","","","","","","","","","","","","","","","","","","","","","","","","",17.,1,10.7,1,"","","","","","","","","","","","","","","","","","","","","","","","","","",68,1,"","","","","","","","","","","","",13.2,1,1008.1,1,"","","","","","",6,1,6,1,2,1,4,1,8,1,"","","","","","","","","","","","","","","","","","","","","","","","",40000,1,"","",1,1,2,1,"","","","","","","","","","",4,1,270,1,"","","","","","","","","","","","","","","","","","","","","","","","","","","","","","","","","","","","","","","","","","","","","","","","","","","",""
"83069002","PORQUEROLLES",43.,6.226833,135,1981051215,"","","","",13.,1,240,1,"","","","","","","","","","","","","","","","","","","","","","","","","","","","",15.,1,10.9,1,"","","","","","","","","","","","","","","","","","","","","","","","","","",79,1,"","","","","","","","","","","","",13.4,1,1008.3,1,"","","","","","",7,1,7,1,2,1,4,1,8,1,"","","","","","","","","","","","","","","","","","","","","","","","",30000,1,"","",3,1,2,1,"","","","","","","","","","",4,1,270,1,"","","","","","","","","","","","","","","","","","","","","","","","","","","","","","","","","","","","","","","","","","","","","","","","","","","",""
"83069002","PORQUEROLLES",43.,6.226833,135,1981051218,"","","","",11.,1,260,1,"","","","","","","","","","","","","","","","","","","","","","","","","","","","",13.5,1,10.9,1,"","","","","","","","","","","","","","","","","","","","","","","","","","",87,1,"","","","","","","","","","","","",13.4,1,1009.3,1,"","","","","","",8,1,5,1,2,1,4,1,6,1,"","","","","","","","","","","","","","","","","","","","","","","","",25000,1,"","",3,1,2,1,"","","","","","","","","","",4,1,270,1,"","","","","","","","","","","","","","","","","","","","","","","","","","","","","","","","","","","","","","","","","","","","","","","","","","","",""
"83069002","PORQUEROLLES",43.,6.226833,135,1981051221,"","","","",8.,1,240,1,"","","","","","","","","","","","","","","","","","","","","","","","","","","","",12.8,1,10.9,1,"","","","","","","","","","","","","","","","","","","","","","","","","","",91,1,"","","","","","","","","","","","",13.4,1,1010.1,1,"","","","","","",6,1,6,1,0,1,0,1,6,1,"","","","","","","","","","","","","","","","","","","","","","","","",25000,1,"","",1,1,2,1,"","","","","","","","","","",4,1,270,1,"","","","","","","","","","","","","","","","","","","","","","","","","","","","","","","","","","","","","","","","","","","","","","","","","","","",""
"83069002","PORQUEROLLES",43.,6.226833,135,1981051300,"","","","",10.,1,260,1,"","","","","","","","","","","","","","","","","","","","","","","","","","","","",13.,1,9.1,1,"","","","","","","","","","","","","","","","","","","","","","","","","","",79,1,"","","","","","","","","","","","",11.8,1,1009.5,1,"","","","","","","","","","","","","","","","","","","","","","","","","","","","","","","","","","","","","","","","","","","","","","","","","","","","","","","","","","","","","","","","","","","","","","","","","","","","","","","","","","","","","","","","","","","","","","","","","","","","","","","","","","","","","","","","","",""
"83069002","PORQUEROLLES",43.,6.226833,135,1981051303,"","","","",8.,1,260,1,"","","","","","","","","","","","","","","","","","","","","","","","","","","","",12.2,1,8.1,1,"","","","","","","","","","","","","","","","","","","","","","","","","","",78,1,"","","","","","","","","","","","",11.,1,1009.2,1,"","","","","","",7,1,7,1,0,1,7,1,"","","","","","","","","","","","","","","","","","","","","","","","","","",25000,1,"","",0,1,"","","","","","","","","","","","",4,1,270,1,"","","","","","","","","","","","","","","","","","","","","","","","","","","","","","","","","","","","","","","","","","","","","","","","","","","",""
"83069002","PORQUEROLLES",43.,6.226833,135,1981051306,"","","","",10.,1,260,1,"","","","","","","","","","","","","","","","","","","","","","","","","","","","",12.,1,7.7,1,"","","","","","","","","","","","","","","","","","","","","","","","","","",77,1,"","","","","","","","","","","","",10.7,1,1009.2,1,"","","","","","",7,1,6,1,0,1,7,1,"","","","","","","","","","","","","","","","","","","","","","","","","","",25000,1,"","",2,1,2,1,"","",0,1,"","","","","","",4,1,270,1,"","","","","","","","","","","","","","","","","","","","","","","","","","","","","","","","","","","","","","","","","","","","","","","","","","","",""
"83069002","PORQUEROLLES",43.,6.226833,135,1981051309,"","","","",12.,1,240,1,"","","","","","","","","","","","","","","","","","","","","","","","","","","","",14.,1,7.7,1,"","","","","","","","","","","","","","","","","","","","","","","","","","",67,1,"","","","","","","","","","","","",10.7,1,1008.4,1,"","","","","","",3,1,0,1,0,1,4,1,0,1,"","","","","","","","","","","","","","","","","","","","","","","","",30000,1,"","",1,1,1,1,"","","","","","","","","","",4,1,270,1,"","","","","","","","","","","","","","","","","","","","","","","","","","","","","","","","","","","","","","","","","","","","","","","","","","","",""
"83069002","PORQUEROLLES",43.,6.226833,135,1981051312,"","","","",15.,1,240,1,"","","","","","","","","","","","","","","","","","","","","","","","","","","","",15.5,1,9.5,1,"","","","","","","","","","","","","","","","","","","","","","","","","","",69,1,"","","","","","","","","","","","",12.1,1,1007.5,1,"","","","","","",1,1,0,1,2,1,0,1,1,1,"","","","","","","","","","","","","","","","","","","","","","","","",20000,1,"","",1,1,0,1,"","","","","","","","","","",4,1,270,1,"","","","","","","","","","","","","","","","","","","","","","","","","","","","","","","","","","","","","","","","","","","","","","","","","","","",""
"83069002","PORQUEROLLES",43.,6.226833,135,1981051315,"","","","",15.,1,240,1,"","","","","","","","","","","","","","","","","","","","","","","","","","","","",16.5,1,9.6,1,"","","","","","","","","","","","","","","","","","","","","","","","","","",65,1,"","","","","","","","","","","","",12.2,1,1007.5,1,"","","","","","",1,1,0,1,2,1,0,1,1,1,"","","","","","","","","","","","","","","","","","","","","","","","",20000,1,"","",2,1,0,1,"","","","","","","","","","",4,1,270,1,"","","","","","","","","","","","","","","","","","","","","","","","","","","","","","","","","","","","","","","","","","","","","","","","","","","",""
"83069002","PORQUEROLLES",43.,6.226833,135,1981051318,"","","","",14.,1,240,1,"","","","","","","","","","","","","","","","","","","","","","","","","","","","",14.5,1,10.7,1,"","","","","","","","","","","","","","","","","","","","","","","","","","",81,1,"","","","","","","","","","","","",13.2,1,1007.3,1,"","","","","","",1,1,0,1,1,1,0,1,0,1,"","","","","","","","","","","","","","","","","","","","","","","","",28000,1,"","",2,1,0,1,"","","","","","","","","","",4,1,270,1,"","","","","","","","","","","","","","","","","","","","","","","","","","","","","","","","","","","","","","","","","","","","","","","","","","","",""
"83069002","PORQUEROLLES",43.,6.226833,135,1981051321,"","","","",14.,1,240,1,"","","","","","","","","","","","","","","","","","","","","","","","","","","","",14.5,1,10.7,1,"","","","","","","","","","","","","","","","","","","","","","","","","","",81,1,"","","","","","","","","","","","",13.2,1,1009.6,1,"","","","","","",0,1,"","",0,1,0,1,0,1,"","","","","","","","","","","","","","","","","","","","","","","","",28000,1,"","",1,1,0,1,"","","","","","","","","","",4,1,270,1,"","","","","","","","","","","","","","","","","","","","","","","","","","","","","","","","","","","","","","","","","","","","","","","","","","","",""
"83069002","PORQUEROLLES",43.,6.226833,135,1981051400,"","","","",5.,1,260,1,"","","","","","","","","","","","","","","","","","","","","","","","","","","","",12.4,1,12.4,1,"","","","","","","","","","","","","","","","","","","","","","","","","","","","","","","","","","","","","","","","",14.4,1,1009.8,1,"","","","","","","","","","","","","","","","","","","","","","","","","","","","","","","","","","","","","","","","","","","","","","","","","","","","","","","","","","","","","","","","","","","","","","","","","","","","","","","","","","","","","","","","","","","","","","","","","","","","","","","","","","","","","","","","","",""
"83069002","PORQUEROLLES",43.,6.226833,135,1981051403,"","","","",4.,1,60,1,"","","","","","","","","","","","","","","","","","","","","","","","","","","","",12.,1,12.,1,"","","","","","","","","","","","","","","","","","","","","","","","","","",100,1,"","","","","","","","","","","","",14.,1,1010.3,1,"","","","","","",0,1,"","",0,1,0,1,0,1,"","","","","","","","","","","","","","","","","","","","","","","","",28000,1,"","",0,1,"","","","","","","","","","","","",4,1,270,1,"","","","","","","","","","","","","","","","","","","","","","","","","","","","","","","","","","","","","","","","","","","","","","","","","","","",""
"83069002","PORQUEROLLES",43.,6.226833,135,1981051406,"","","","",0.,1,0,1,"","","","","","","","","","","","","","","","","","","","","","","","","","","","",12.5,1,12.5,1,"","","","","","","","","","","","","","","","","","","","","","","","","","",100,1,"","","","","","","","","","","","",14.5,1,1011.7,1,"","","","","","",1,1,0,1,0,1,0,1,1,1,"","","","","","","","","","","","","","","","","","","","","","","","",15000,1,"","",2,1,0,1,"","",0,1,"","","","","","",2,1,0,1,"","","","","","","","","","","","","","","","","","","","","","","","","","","","","","","","","","","","","","","","","","","","","","","","","","","",""
"83069002","PORQUEROLLES",43.,6.226833,135,1981051409,"","","","",2.,1,80,1,"","","","","","","","","","","","","","","","","","","","","","","","","","","","",17.5,1,13.6,1,"","","","","","","","","","","","","","","","","","","","","","","","","","",80,1,"","","","","","","","","","","","",16.,1,1013.,1,"","","","","","",2,1,0,1,2,1,0,1,0,1,"","","","","","","","","","","","","","","","","","","","","","","","",15000,1,"","",1,1,0,1,"","","","","","","","","","",2,1,0,1,"","","","","","","","","","","","","","","","","","","","","","","","","","","","","","","","","","","","","","","","","","","","","","","","","","","",""
"83069002","PORQUEROLLES",43.,6.226833,135,1981051412,"","","","",1.,1,180,1,"","","","","","","","","","","","","","","","","","","","","","","","","","","","",17.8,1,13.9,1,"","","","","","","","","","","","","","","","","","","","","","","","","","",81,1,"","","","","","","","","","","","",16.3,1,1013.6,1,"","","","","","",3,1,0,1,3,1,0,1,0,1,"","","","","","","","","","","","","","","","","","","","","","","","",10000,1,"","",3,1,0,1,"","","","","","","","","","",2,1,0,1,"","","","","","","","","","","","","","","","","","","","","","","","","","","","","","","","","","","","","","","","","","","","","","","","","","","",""
"83069002","PORQUEROLLES",43.,6.226833,135,1981051415,"","","","",2.,1,240,1,"","","","","","","","","","","","","","","","","","","","","","","","","","","","",17.5,1,13.,1,"","","","","","","","","","","","","","","","","","","","","","","","","","",77,1,"","","","","","","","","","","","",15.4,1,1012.8,1,"","","","","","",3,1,0,1,3,1,0,1,0,1,"","","","","","","","","","","","","","","","","","","","","","","","",12000,1,"","",2,1,0,1,"","","","","","","","","","",2,1,0,1,"","","","","","","","","","","","","","","","","","","","","","","","","","","","","","","","","","","","","","","","","","","","","","","","","","","",""
"83069002","PORQUEROLLES",43.,6.226833,135,1981051418,"","","","",0.,1,0,1,"","","","","","","","","","","","","","","","","","","","","","","","","","","","",16.1,1,13.4,1,"","","","","","","","","","","","","","","","","","","","","","","","","","",86,1,"","","","","","","","","","","","",15.8,1,1014.1,1,"","","","","","",3,1,0,1,2,1,0,1,0,1,"","","","","","","","","","","","","","","","","","","","","","","","",10000,1,"","",1,1,0,1,"","","","","","","","","","",2,1,0,1,"","","","","","","","","","","","","","","","","","","","","","","","","","","","","","","","","","","","","","","","","","","","","","","","","","","",""
"83069002","PORQUEROLLES",43.,6.226833,135,1981051421,"","","","",3.,1,20,1,"","","","","","","","","","","","","","","","","","","","","","","","","","","","",13.4,1,12.2,1,"","","","","","","","","","","","","","","","","","","","","","","","","","",96,1,"","","","","","","","","","","","",14.6,1,1015.8,1,"","","","","","",5,1,5,1,2,1,0,1,0,1,"","","","","","","","","","","","","","","","","","","","","","","","",15000,1,"","",3,1,1,1,"","","","","","","","","","",2,1,0,1,"","","","","","","","","","","","","","","","","","","","","","","","","","","","","","","","","","","","","","","","","","","","","","","","","","","",""
"83069002","PORQUEROLLES",43.,6.226833,135,1981051500,"","","","",4.,1,20,1,"","","","","","","","","","","","","","","","","","","","","","","","","","","","",13.,1,12.3,1,"","","","","","","","","","","","","","","","","","","","","","","","","","",98,1,"","","","","","","","","","","","",14.7,1,1015.8,1,"","","","","","","","","","","","","","","","","","","","","","","","","","","","","","","","","","","","","","","","","","","","","","","","","","","","","","","","","","","","","","","","","","","","","","","","","","","","","","","","","","","","","","","","","","","","","","","","","","","","","","","","","","","","","","","","","",""
"83069002","PORQUEROLLES",43.,6.226833,135,1981051503,"","","","",4.,1,40,1,"","","","","","","","","","","","","","","","","","","","","","","","","","","","",12.8,1,12.,1,"","","","","","","","","","","","","","","","","","","","","","","","","","",97,1,"","","","","","","","","","","","",14.4,1,1015.9,1,"","","","","","",8,1,8,1,5,1,"","","","","","","","","","","","","","","","","","","","","","","","","","","","",15000,1,"","",0,1,"","","","","","","","","","","","",2,1,0,1,"","","","","","","","","","","","","","","","","","","","","","","","","","","","","","","","","","","","","","","","","","","","","","","","","","","",""
"83069002","PORQUEROLLES",43.,6.226833,135,1981051506,"","","","",6.,1,40,1,"","","","","","","","","","","","","","","","","","","","","","","","","","","","",13.1,1,12.,1,"","","","","","","","","","","","","","","","","","","","","","","","","","",95,1,"","","","","","","","","","","","",14.4,1,1016.5,1,"","","","","","",6,1,5,1,3,1,0,1,4,1,"","","","","","","","","","","","","","","","","","","","","","","","",12000,1,"","",3,1,2,1,"","",0,1,"","","","","","",2,1,0,1,"","","","","","","","","","","","","","","","","","","","","","","","","","","","","","","","","","","","","","","","","","","","","","","","","","","",""
"83069002","PORQUEROLLES",43.,6.226833,135,1981051509,"","","","",4.,1,100,1,"","","","","","","","","","","","","","","","","","","","","","","","","","","","",15.6,1,12.3,1,"","","","","","","","","","","","","","","","","","","","","","","","","","",83,1,"","","","","","","","","","","","",14.7,1,1017.2,1,"","","","","","",6,1,6,1,2,1,0,1,0,1,"","","","","","","","","","","","","","","","","","","","","","","","",12000,1,"","",2,1,2,1,"","","","","","","","","","",2,1,0,1,"","","","","","","","","","","","","","","","","","","","","","","","","","","","","","","","","","","","","","","","","","","","","","","","","","","",""
"83069002","PORQUEROLLES",43.,6.226833,135,1981051512,"","","","",4.,1,100,1,"","","","","","","","","","","","","","","","","","","","","","","","","","","","",18.5,1,13.9,1,"","","","","","","","","","","","","","","","","","","","","","","","","","",77,1,"","","","","","","","","","","","",16.4,1,1017.2,1,"","","","","","",2,1,0,1,3,1,0,1,0,1,"","","","","","","","","","","","","","","","","","","","","","","","",22000,1,"","",1,1,1,1,"","","","","","","","","","",2,1,0,1,"","","","","","","","","","","","","","","","","","","","","","","","","","","","","","","","","","","","","","","","","","","","","","","","","","","",""
"83069002","PORQUEROLLES",43.,6.226833,135,1981051515,"","","","",2.,1,160,1,"","","","","","","","","","","","","","","","","","","","","","","","","","","","",18.,1,14.1,1,"","","","","","","","","","","","","","","","","","","","","","","","","","",81,1,"","","","","","","","","","","","",16.6,1,1016.6,1,"","","","","","",2,1,0,1,9,1,0,1,0,1,"","","","","","","","","","","","","","","","","","","","","","","","",14000,1,"","",2,1,0,1,"","","","","","","","","","",2,1,0,1,"","","","","","","","","","","","","","","","","","","","","","","","","","","","","","","","","","","","","","","","","","","","","","","","","","","",""
"83069002","PORQUEROLLES",43.,6.226833,135,1981051518,"","","","",0.,1,0,1,"","","","","","","","","","","","","","","","","","","","","","","","","","","","",15.4,1,12.9,1,"","","","","","","","","","","","","","","","","","","","","","","","","","",87,1,"","","","","","","","","","","","",15.3,1,1016.8,1,"","","","","","",1,1,0,1,2,1,0,1,0,1,"","","","","","","","","","","","","","","","","","","","","","","","",12000,1,"","",2,1,0,1,"","","","","","","","","","",2,1,0,1,"","","","","","","","","","","","","","","","","","","","","","","","","","","","","","","","","","","","","","","","","","","","","","","","","","","",""
"83069002","PORQUEROLLES",43.,6.226833,135,1981051521,"","","","",0.,1,0,1,"","","","","","","","","","","","","","","","","","","","","","","","","","","","",12.7,1,11.7,1,"","","","","","","","","","","","","","","","","","","","","","","","","","",96,1,"","","","","","","","","","","","",14.1,1,1017.9,1,"","","","","","",0,1,"","",0,1,0,1,0,1,"","","","","","","","","","","","","","","","","","","","","","","","",14000,1,"","",1,1,0,1,"","","","","","","","","","",2,1,0,1,"","","","","","","","","","","","","","","","","","","","","","","","","","","","","","","","","","","","","","","","","","","","","","","","","","","",""
"83069002","PORQUEROLLES",43.,6.226833,135,1981051600,"","","","",0.,1,0,1,"","","","","","","","","","","","","","","","","","","","","","","","","","","","",12.1,1,11.4,1,"","","","","","","","","","","","","","","","","","","","","","","","","","",98,1,"","","","","","","","","","","","",13.8,1,1017.6,1,"","","","","","","","","","","","","","","","","","","","","","","","","","","","","","","","","","","","","","","","","","","","","","","","","","","","","","","","","","","","","","","","","","","","","","","","","","","","","","","","","","","","","","","","","","","","","","","","","","","","","","","","","","","","","","","","","",""
"83069002","PORQUEROLLES",43.,6.226833,135,1981051603,"","","","",0.,1,0,1,"","","","","","","","","","","","","","","","","","","","","","","","","","","","",12.3,1,10.9,1,"","","","","","","","","","","","","","","","","","","","","","","","","","",94,1,"","","","","","","","","","","","",13.4,1,1017.1,1,"","","","","","",2,1,0,1,0,1,0,1,1,1,"","","","","","","","","","","","","","","","","","","","","","","","",12000,1,"","",0,1,"","","","","","","","","","","","",2,1,0,1,"","","","","","","","","","","","","","","","","","","","","","","","","","","","","","","","","","","","","","","","","","","","","","","","","","","",""
"83069002","PORQUEROLLES",43.,6.226833,135,1981051606,"","","","",0.,1,0,1,"","","","","","","","","","","","","","","","","","","","","","","","","","","","",12.7,1,11.6,1,"","","","","","","","","","","","","","","","","","","","","","","","","","",96,1,"","","","","","","","","","","","",14.,1,1017.1,1,"","","","","","",5,1,5,1,0,1,4,1,0,1,"","","","","","","","","","","","","","","","","","","","","","","","",8000,1,"","",3,1,4,1,"","",0,1,"","","","","","",2,1,0,1,"","","","","","","","","","","","","","","","","","","","","","","","","","","","","","","","","","","","","","","","","","","","","","","","","","","",""
"83069002","PORQUEROLLES",43.,6.226833,135,1981051609,"","","","",5.,1,60,1,"","","","","","","","","","","","","","","","","","","","","","","","","","","","",16.5,1,13.1,1,"","","","","","","","","","","","","","","","","","","","","","","","","","",83,1,"","","","","","","","","","","","",15.5,1,1017.2,1,"","","","","","",7,1,6,1,1,1,3,1,6,1,"","","","","","","","","","","","","","","","","","","","","","","","",10000,1,"","",3,1,2,1,"","","","","","","","","","",2,1,90,1,"","","","","","","","","","","","","","","","","","","","","","","","","","","","","","","","","","","","","","","","","","","","","","","","","","","",""
"83069002","PORQUEROLLES",43.,6.226833,135,1981051612,"","","","",3.,1,140,1,"","","","","","","","","","","","","","","","","","","","","","","","","","","","",16.4,1,12.4,1,"","","","","","","","","","","","","","","","","","","","","","","","","","",79,1,"","","","","","","","","","","","",14.8,1,1017.4,1,"","","","","","",8,1,8,1,1,1,7,1,"","","","","","","","","","","","","","","","","","","","","","","","","","",20000,1,"","",3,1,2,1,"","","","","","","","","","",2,1,170,1,"","","","","","","","","","","","","","","","","","","","","","","","","","","","","","","","","","","","","","","","","","","","","","","","","","","",""
"83069002","PORQUEROLLES",43.,6.226833,135,1981051615,"","","","",4.,1,160,1,"","","","","","","","","","","","","","","","","","","","","","","","","","","","",15.6,1,13.8,1,"","","","","","","","","","","","","","","","","","","","","","","","","","",91,1,"","","","","","","","","","","","",16.2,1,1016.2,1,"","","","","","",8,1,6,1,6,1,7,1,"","","","","","","","","","","","","","","","","","","","","","","","","","",12000,1,"","",3,1,2,1,"","","","","","","","","","",2,1,170,1,"","","","","","","","","","","","","","","","","","","","","","","","","","","","","","","","","","","","","","","","","","","","","","","","","","","",""
"83069002","PORQUEROLLES",43.,6.226833,135,1981051618,"","","","",2.,1,140,1,"","","","","","","","","","","","","","","","","","","","","","","","","","","","",14.8,1,13.7,1,"","","","","","","","","","","","","","","","","","","","","","","","","","",95,1,"","","","","","","","","","","","",16.1,1,1015.4,1,"","","","","","",8,1,6,1,6,1,2,1,"","","","","","","","","","","","","","","","","","","","","","","","","","",10000,1,"","",2,1,2,1,"","","","","","","","","","",2,1,170,1,"","","","","","","","","","","","","","","","","","","","","","","","","","","","","","","","","","","","","","","","","","","","","","","","","","","",""
"83069002","PORQUEROLLES",43.,6.226833,135,1981051621,"","","","",3.,1,180,1,"","","","","","","","","","","","","","","","","","","","","","","","","","","","",14.5,1,13.2,1,"","","","","","","","","","","","","","","","","","","","","","","","","","",94,1,"","","","","","","","","","","","",15.6,1,1015.4,1,"","","","","","",8,1,8,1,6,1,2,1,"","","","","","","","","","","","","","","","","","","","","","","","","","",10000,1,"","",2,1,2,1,"","","","","","","","","","",2,1,170,1,"","","","","","","","","","","","","","","","","","","","","","","","","","","","","","","","","","","","","","","","","","","","","","","","","","","",""
"83069002","PORQUEROLLES",43.,6.226833,135,1981051700,"","","","",2.,1,220,1,"","","","","","","","","","","","","","","","","","","","","","","","","","","","",15.6,1,14.3,1,"","","","","","","","","","","","","","","","","","","","","","","","","","",95,1,"","","","","","","","","","","","",16.8,1,1015.4,1,"","","","","","","","","","","","","","","","","","","","","","","","","","","","","","","","","","","","","","","","","","","","","","","","","","","","","","","","","","","","","","","","","","","","","","","","","","","","","","","","","","","","","","","","","","","","","","","","","","","","","","","","","","","","","","","","","",""
"83069002","PORQUEROLLES",43.,6.226833,135,1981051703,"","","","",2.,1,240,1,"","","","","","","","","","","","","","","","","","","","","","","","","","","","",14.,1,13.2,1,"","","","","","","","","","","","","","","","","","","","","","","","","","",97,1,"","","","","","","","","","","","",15.6,1,1014.7,1,"","","","","","",9,1,"","","","","","","","","","","","","","","","","","","","","","","","","","","","","","","","",500,1,"","",47,1,"","","","","","","","","","","","",2,1,"","","","","","","","","","","","","","","","","","","","","","","","","","","","","","","","","","","","","","","","","","","","","","","","","","","","","",""
"83069002","PORQUEROLLES",43.,6.226833,135,1981051706,"","","","",0.,1,0,1,"","","","","","","","","","","","","","","","","","","","","","","","","","","","",13.6,1,10.6,1,"","","","","","","","","","","","","","","","","","","","","","","","","","",84,1,"","","","","","","","","","","","",13.1,1,1015.5,1,"","","","","","",1,1,0,1,6,1,0,1,0,1,"","","","","","","","","","","","","","","","","","","","","","","","",10000,1,"","",1,1,4,1,"","",0,1,"","","","","","",2,1,170,1,"","","","","","","","","","","","","","","","","","","","","","","","","","","","","","","","","","","","","","","","","","","","","","","","","","","",""
"83069002","PORQUEROLLES",43.,6.226833,135,1981051709,"","","","",4.,1,20,1,"","","","","","","","","","","","","","","","","","","","","","","","","","","","",17.,1,13.1,1,"","","","","","","","","","","","","","","","","","","","","","","","","","",80,1,"","","","","","","","","","","","",15.5,1,1016.,1,"","","","","","",3,1,0,1,6,1,0,1,0,1,"","","","","","","","","","","","","","","","","","","","","","","","",6000,1,"","",3,1,4,1,"","","","","","","","","","",2,1,0,1,"","","","","","","","","","","","","","","","","","","","","","","","","","","","","","","","","","","","","","","","","","","","","","","","","","","",""
"83069002","PORQUEROLLES",43.,6.226833,135,1981051712,"","","","",12.,1,240,1,"","","","","","","","","","","","","","","","","","","","","","","","","","","","",20.,1,12.6,1,"","","","","","","","","","","","","","","","","","","","","","","","","","",64,1,"","","","","","","","","","","","",15.,1,1015.8,1,"","","","","","",3,1,0,1,1,1,0,1,0,1,"","","","","","","","","","","","","","","","","","","","","","","","",10000,1,"","",2,1,0,1,"","","","","","","","","","",2,1,0,1,"","","","","","","","","","","","","","","","","","","","","","","","","","","","","","","","","","","","","","","","","","","","","","","","","","","",""
"83069002","PORQUEROLLES",43.,6.226833,135,1981051715,"","","","",12.,1,240,1,"","","","","","","","","","","","","","","","","","","","","","","","","","","","",20.,1,12.6,1,"","","","","","","","","","","","","","","","","","","","","","","","","","",64,1,"","","","","","","","","","","","",15.,1,1016.,1,"","","","","","",3,1,0,1,1,1,0,1,0,1,"","","","","","","","","","","","","","","","","","","","","","","","",10000,1,"","",2,1,0,1,"","","","","","","","","","",2,1,0,1,"","","","","","","","","","","","","","","","","","","","","","","","","","","","","","","","","","","","","","","","","","","","","","","","","","","",""
"83069002","PORQUEROLLES",43.,6.226833,135,1981051718,"","","","",6.,1,240,1,"","","","","","","","","","","","","","","","","","","","","","","","","","","","",15.5,1,11.1,1,"","","","","","","","","","","","","","","","","","","","","","","","","","",77,1,"","","","","","","","","","","","",13.5,1,1016.1,1,"","","","","","",8,1,8,1,0,1,7,1,"","","","","","","","","","","","","","","","","","","","","","","","","","",22000,1,"","",3,1,1,1,"","","","","","","","","","",2,1,0,1,"","","","","","","","","","","","","","","","","","","","","","","","","","","","","","","","","","","","","","","","","","","","","","","","","","","",""
"83069002","PORQUEROLLES",43.,6.226833,135,1981051721,"","","","",3.,1,240,1,"","","","","","","","","","","","","","","","","","","","","","","","","","","","",15.,1,9.9,1,"","","","","","","","","","","","","","","","","","","","","","","","","","",74,1,"","","","","","","","","","","","",12.5,1,1017.7,1,"","","","","","",8,1,8,1,0,1,7,1,"","","","","","","","","","","","","","","","","","","","","","","","","","",22000,1,"","",2,1,2,1,"","","","","","","","","","",2,1,0,1,"","","","","","","","","","","","","","","","","","","","","","","","","","","","","","","","","","","","","","","","","","","","","","","","","","","",""
"83069002","PORQUEROLLES",43.,6.226833,135,1981051800,"","","","",2.,1,240,1,"","","","","","","","","","","","","","","","","","","","","","","","","","","","",13.8,1,12.6,1,"","","","","","","","","","","","","","","","","","","","","","","","","","",95,1,"","","","","","","","","","","","",15.,1,1018.1,1,"","","","","","","","","","","","","","","","","","","","","","","","","","","","","","","","","","","","","","","","","","","","","","","","","","","","","","","","","","","","","","","","","","","","","","","","","","","","","","","","","","","","","","","","","","","","","","","","","","","","","","","","","","","","","","","","","",""
"83069002","PORQUEROLLES",43.,6.226833,135,1981051803,"","","","",0.,1,0,1,"","","","","","","","","","","","","","","","","","","","","","","","","","","","",13.,1,13.,1,"","","","","","","","","","","","","","","","","","","","","","","","","","",100,1,"","","","","","","","","","","","",15.,1,1018.1,1,"","","","","","",0,1,"","",0,1,0,1,0,1,"","","","","","","","","","","","","","","","","","","","","","","","",10000,1,"","",0,1,"","","","","","","","","","","","",2,1,0,1,"","","","","","","","","","","","","","","","","","","","","","","","","","","","","","","","","","","","","","","","","","","","","","","","","","","",""
"83069002","PORQUEROLLES",43.,6.226833,135,1981051806,"","","","",2.,1,140,1,"","","","","","","","","","","","","","","","","","","","","","","","","","","","",13.5,1,13.5,1,"","","","","","","","","","","","","","","","","","","","","","","","","","",100,1,"","","","","","","","","","","","",15.5,1,1019.6,1,"","","","","","",2,1,0,1,0,1,4,1,0,1,"","","","","","","","","","","","","","","","","","","","","","","","",4000,1,"","",10,1,0,1,"","",0,1,"","","","","","",2,1,0,1,"","","","","","","","","","","","","","","","","","","","","","","","","","","","","","","","","","","","","","","","","","","","","","","","","","","",""
"83069002","PORQUEROLLES",43.,6.226833,135,1981051809,"","","","",4.,1,40,1,"","","","","","","","","","","","","","","","","","","","","","","","","","","","",18.7,1,14.5,1,"","","","","","","","","","","","","","","","","","","","","","","","","","",79,1,"","","","","","","","","","","","",17.,1,1020.6,1,"","","","","","",2,1,0,1,6,1,0,1,0,1,"","","","","","","","","","","","","","","","","","","","","","","","",6000,1,"","",2,1,0,1,"","","","","","","","","","",2,1,0,1,"","","","","","","","","","","","","","","","","","","","","","","","","","","","","","","","","","","","","","","","","","","","","","","","","","","",""
"83069002","PORQUEROLLES",43.,6.226833,135,1981051812,"","","","",2.,1,60,1,"","","","","","","","","","","","","","","","","","","","","","","","","","","","",22.,1,17.,1,"","","","","","","","","","","","","","","","","","","","","","","","","","",76,1,"","","","","","","","","","","","",20.,1,1020.7,1,"","","","","","",6,1,6,1,2,1,0,1,0,1,"","","","","","","","","","","","","","","","","","","","","","","","",6000,1,"","",3,1,1,1,"","","","","","","","","","",2,1,0,1,"","","","","","","","","","","","","","","","","","","","","","","","","","","","","","","","","","","","","","","","","","","","","","","","","","","",""
"83069002","PORQUEROLLES",43.,6.226833,135,1981051815,"","","","",4.,1,100,1,"","","","","","","","","","","","","","","","","","","","","","","","","","","","",21.,1,17.3,1,"","","","","","","","","","","","","","","","","","","","","","","","","","",82,1,"","","","","","","","","","","","",20.4,1,1021.4,1,"","","","","","",3,1,0,1,2,1,0,1,0,1,"","","","","","","","","","","","","","","","","","","","","","","","",6000,1,"","",1,1,1,1,"","","","","","","","","","",2,1,0,1,"","","","","","","","","","","","","","","","","","","","","","","","","","","","","","","","","","","","","","","","","","","","","","","","","","","",""
"83069002","PORQUEROLLES",43.,6.226833,135,1981051818,"","","","",3.,1,80,1,"","","","","","","","","","","","","","","","","","","","","","","","","","","","",17.5,1,15.4,1,"","","","","","","","","","","","","","","","","","","","","","","","","","",90,1,"","","","","","","","","","","","",18.,1,1021.8,1,"","","","","","",2,1,0,1,1,1,0,1,1,1,"","","","","","","","","","","","","","","","","","","","","","","","",7000,1,"","",1,1,0,1,"","","","","","","","","","",2,1,0,1,"","","","","","","","","","","","","","","","","","","","","","","","","","","","","","","","","","","","","","","","","","","","","","","","","","","",""
"83069002","PORQUEROLLES",43.,6.226833,135,1981051821,"","","","",3.,1,60,1,"","","","","","","","","","","","","","","","","","","","","","","","","","","","",14.3,1,13.5,1,"","","","","","","","","","","","","","","","","","","","","","","","","","",98,1,"","","","","","","","","","","","",15.9,1,1023.3,1,"","","","","","",4,1,0,1,6,1,0,1,1,1,"","","","","","","","","","","","","","","","","","","","","","","","",5000,1,"","",3,1,0,1,"","","","","","","","","","",2,1,0,1,"","","","","","","","","","","","","","","","","","","","","","","","","","","","","","","","","","","","","","","","","","","","","","","","","","","",""
"83069002","PORQUEROLLES",43.,6.226833,135,1981051900,"","","","",5.,1,60,1,"","","","","","","","","","","","","","","","","","","","","","","","","","","","",13.7,1,13.3,1,"","","","","","","","","","","","","","","","","","","","","","","","","","",98,1,"","","","","","","","","","","","",15.7,1,1023.1,1,"","","","","","","","","","","","","","","","","","","","","","","","","","","","","","","","","","","","","","","","","","","","","","","","","","","","","","","","","","","","","","","","","","","","","","","","","","","","","","","","","","","","","","","","","","","","","","","","","","","","","","","","","","","","","","","","","",""
"83069002","PORQUEROLLES",43.,6.226833,135,1981051903,"","","","",2.,1,40,1,"","","","","","","","","","","","","","","","","","","","","","","","","","","","",13.1,1,13.1,1,"","","","","","","","","","","","","","","","","","","","","","","","","","",99,1,"","","","","","","","","","","","",14.9,1,1022.8,1,"","","","","","",2,1,0,1,0,1,0,1,1,1,"","","","","","","","","","","","","","","","","","","","","","","","",12000,1,"","",0,1,"","","","","","","","","","","","",2,1,0,1,"","","","","","","","","","","","","","","","","","","","","","","","","","","","","","","","","","","","","","","","","","","","","","","","","","","",""
"83069002","PORQUEROLLES",43.,6.226833,135,1981051906,"","","","",4.,1,40,1,"","","","","","","","","","","","","","","","","","","","","","","","","","","","",13.5,1,12.,1,"","","","","","","","","","","","","","","","","","","","","","","","","","",93,1,"","","","","","","","","","","","",14.4,1,1024.1,1,"","","","","","",3,1,0,1,0,1,0,1,1,1,"","","","","","","","","","","","","","","","","","","","","","","","",12000,1,"","",2,1,0,1,"","",0,1,"","","","","","",2,1,0,1,"","","","","","","","","","","","","","","","","","","","","","","","","","","","","","","","","","","","","","","","","","","","","","","","","","","",""
"83069002","PORQUEROLLES",43.,6.226833,135,1981051909,"","","","",6.,1,60,1,"","","","","","","","","","","","","","","","","","","","","","","","","","","","",19.,1,13.4,1,"","","","","","","","","","","","","","","","","","","","","","","","","","",72,1,"","","","","","","","","","","","",15.8,1,1024.5,1,"","","","","","",3,1,0,1,0,1,0,1,2,1,"","","","","","","","","","","","","","","","","","","","","","","","",10000,1,"","",2,1,0,1,"","","","","","","","","","",2,1,0,1,"","","","","","","","","","","","","","","","","","","","","","","","","","","","","","","","","","","","","","","","","","","","","","","","","","","",""
"83069002","PORQUEROLLES",43.,6.226833,135,1981051912,"","","","",6.,1,80,1,"","","","","","","","","","","","","","","","","","","","","","","","","","","","",22.,1,15.4,1,"","","","","","","","","","","","","","","","","","","","","","","","","","",68,1,"","","","","","","","","","","","",18.1,1,1023.9,1,"","","","","","",4,1,0,1,0,1,0,1,2,1,"","","","","","","","","","","","","","","","","","","","","","","","",10000,1,"","",2,1,0,1,"","","","","","","","","","",2,1,0,1,"","","","","","","","","","","","","","","","","","","","","","","","","","","","","","","","","","","","","","","","","","","","","","","","","","","",""
"83069002","PORQUEROLLES",43.,6.226833,135,1981051915,"","","","",4.,1,80,1,"","","","","","","","","","","","","","","","","","","","","","","","","","","","",23.,1,12.2,1,"","","","","","","","","","","","","","","","","","","","","","","","","","",52,1,"","","","","","","","","","","","",14.6,1,1023.8,1,"","","","","","",4,1,0,1,0,1,0,1,2,1,"","","","","","","","","","","","","","","","","","","","","","","","",10000,1,"","",2,1,0,1,"","","","","","","","","","",2,1,0,1,"","","","","","","","","","","","","","","","","","","","","","","","","","","","","","","","","","","","","","","","","","","","","","","","","","","",""
"83069002","PORQUEROLLES",43.,6.226833,135,1981051918,"","","","",1.,1,60,1,"","","","","","","","","","","","","","","","","","","","","","","","","","","","",18.4,1,11.8,1,"","","","","","","","","","","","","","","","","","","","","","","","","","",67,1,"","","","","","","","","","","","",14.2,1,1023.,1,"","","","","","",6,1,6,1,0,1,0,1,2,1,"","","","","","","","","","","","","","","","","","","","","","","","",18000,1,"","",3,1,1,1,"","","","","","","","","","",2,1,0,1,"","","","","","","","","","","","","","","","","","","","","","","","","","","","","","","","","","","","","","","","","","","","","","","","","","","",""
"83069002","PORQUEROLLES",43.,6.226833,135,1981051921,"","","","",2.,1,40,1,"","","","","","","","","","","","","","","","","","","","","","","","","","","","",15.2,1,14.,1,"","","","","","","","","","","","","","","","","","","","","","","","","","",96,1,"","","","","","","","","","","","",16.5,1,1023.2,1,"","","","","","",0,1,"","",0,1,0,1,0,1,"","","","","","","","","","","","","","","","","","","","","","","","",14000,1,"","",1,1,1,1,"","","","","","","","","","",2,1,0,1,"","","","","","","","","","","","","","","","","","","","","","","","","","","","","","","","","","","","","","","","","","","","","","","","","","","",""
"83069002","PORQUEROLLES",43.,6.226833,135,1981052000,"","","","",4.,1,40,1,"","","","","","","","","","","","","","","","","","","","","","","","","","","","",15.5,1,13.5,1,"","","","","","","","","","","","","","","","","","","","","","","","","","",90,1,"","","","","","","","","","","","",15.9,1,1023.1,1,"","","","","","","","","","","","","","","","","","","","","","","","","","","","","","","","","","","","","","","","","","","","","","","","","","","","","","","","","","","","","","","","","","","","","","","","","","","","","","","","","","","","","","","","","","","","","","","","","","","","","","","","","","","","","","","","","",""
"83069002","PORQUEROLLES",43.,6.226833,135,1981052003,"","","","",4.,1,40,1,"","","","","","","","","","","","","","","","","","","","","","","","","","","","",14.3,1,11.4,1,"","","","","","","","","","","","","","","","","","","","","","","","","","",84,1,"","","","","","","","","","","","",13.8,1,1022.2,1,"","","","","","",1,1,0,1,0,1,0,1,1,1,"","","","","","","","","","","","","","","","","","","","","","","","",18000,1,"","",0,1,"","","","","","","","","","","","",2,1,0,1,"","","","","","","","","","","","","","","","","","","","","","","","","","","","","","","","","","","","","","","","","","","","","","","","","","","",""
"83069002","PORQUEROLLES",43.,6.226833,135,1981052006,"","","","",8.,1,60,1,"","","","","","","","","","","","","","","","","","","","","","","","","","","","",14.6,1,9.7,1,"","","","","","","","","","","","","","","","","","","","","","","","","","",74,1,"","","","","","","","","","","","",12.3,1,1021.5,1,"","","","","","",6,1,6,1,0,1,0,1,6,1,"","","","","","","","","","","","","","","","","","","","","","","","",16000,1,"","",3,1,1,1,"","",0,1,"","","","","","",2,1,0,1,"","","","","","","","","","","","","","","","","","","","","","","","","","","","","","","","","","","","","","","","","","","","","","","","","","","",""
"83069002","PORQUEROLLES",43.,6.226833,135,1981052009,"","","","",7.,1,60,1,"","","","","","","","","","","","","","","","","","","","","","","","","","","","",19.,1,13.4,1,"","","","","","","","","","","","","","","","","","","","","","","","","","",72,1,"","","","","","","","","","","","",15.8,1,1022.5,1,"","","","","","","","",7,1,0,1,0,1,"","","","","","","","","","","","","","","","","","","","","","","","","","",15000,1,"","",3,1,2,1,"","","","","","","","","","",2,1,90,1,"","","","","","","","","","","","","","","","","","","","","","","","","","","","","","","","","","","","","","","","","","","","","","","","","","","",""
"83069002","PORQUEROLLES",43.,6.226833,135,1981052012,"","","","",6.,1,40,1,"","","","","","","","","","","","","","","","","","","","","","","","","","","","",24.7,1,12.5,1,"","","","","","","","","","","","","","","","","","","","","","","","","","",47,1,"","","","","","","","","","","","",14.9,1,1021.9,1,"","","","","","",7,1,7,1,0,1,0,1,6,1,"","","","","","","","","","","","","","","","","","","","","","","","",20000,1,"","",2,1,2,1,"","","","","","","","","","",2,1,90,1,"","","","","","","","","","","","","","","","","","","","","","","","","","","","","","","","","","","","","","","","","","","","","","","","","","","",""
"83069002","PORQUEROLLES",43.,6.226833,135,1981052015,"","","","",6.,1,80,1,"","","","","","","","","","","","","","","","","","","","","","","","","","","","",24.,1,11.4,1,"","","","","","","","","","","","","","","","","","","","","","","","","","",46,1,"","","","","","","","","","","","",13.8,1,1021.6,1,"","","","","","",7,1,7,1,0,1,0,1,6,1,"","","","","","","","","","","","","","","","","","","","","","","","",20000,1,"","",2,1,2,1,"","","","","","","","","","",2,1,90,1,"","","","","","","","","","","","","","","","","","","","","","","","","","","","","","","","","","","","","","","","","","","","","","","","","","","",""
"83069002","PORQUEROLLES",43.,6.226833,135,1981052018,"","","","",9.,1,60,1,"","","","","","","","","","","","","","","","","","","","","","","","","","","","",18.8,1,8.6,1,"","","","","","","","","","","","","","","","","","","","","","","","","","",53,1,"","","","","","","","","","","","",11.4,1,1019.8,1,"","","","","","",7,1,7,1,0,1,4,1,6,1,"","","","","","","","","","","","","","","","","","","","","","","","",20000,1,"","",2,1,2,1,"","","","","","","","","","",2,1,90,1,"","","","","","","","","","","","","","","","","","","","","","","","","","","","","","","","","","","","","","","","","","","","","","","","","","","",""
"83069002","PORQUEROLLES",43.,6.226833,135,1981052021,"","","","",9.,1,40,1,"","","","","","","","","","","","","","","","","","","","","","","","","","","","",16.,1,9.6,1,"","","","","","","","","","","","","","","","","","","","","","","","","","",67,1,"","","","","","","","","","","","",12.2,1,1020.3,1,"","","","","","","","",5,1,0,1,0,1,"","","","","","","","","","","","","","","","","","","","","","","","","","",20000,1,"","",1,1,2,1,"","","","","","","","","","",3,1,90,1,"","","","","","","","","","","","","","","","","","","","","","","","","","","","","","","","","","","","","","","","","","","","","","","","","","","",""
"83069002","PORQUEROLLES",43.,6.226833,135,1981052100,"","","","",10.,1,40,1,"","","","","","","","","","","","","","","","","","","","","","","","","","","","",16.,1,9.8,1,"","","","","","","","","","","","","","","","","","","","","","","","","","",68,1,"","","","","","","","","","","","",12.4,1,1019.6,1,"","","","","","","","","","","","","","","","","","","","","","","","","","","","","","","","","","","","","","","","","","","","","","","","","","","","","","","","","","","","","","","","","","","","","","","","","","","","","","","","","","","","","","","","","","","","","","","","","","","","","","","","","","","","","","","","","",""
"83069002","PORQUEROLLES",43.,6.226833,135,1981052103,"","","","",12.,1,40,1,"","","","","","","","","","","","","","","","","","","","","","","","","","","","",16.3,1,10.2,1,"","","","","","","","","","","","","","","","","","","","","","","","","","",68,1,"","","","","","","","","","","","",12.7,1,1017.6,1,"","","","","","",1,1,0,1,0,1,4,1,0,1,"","","","","","","","","","","","","","","","","","","","","","","","",25000,1,"","",0,1,"","","","","","","","","","","","",3,1,90,1,"","","","","","","","","","","","","","","","","","","","","","","","","","","","","","","","","","","","","","","","","","","","","","","","","","","",""
"83069002","PORQUEROLLES",43.,6.226833,135,1981052106,"","","","",12.,1,40,1,"","","","","","","","","","","","","","","","","","","","","","","","","","","","",16.5,1,12.3,1,"","","","","","","","","","","","","","","","","","","","","","","","","","",78,1,"","","","","","","","","","","","",14.7,1,1018.6,1,"","","","","","",5,1,5,1,0,1,4,1,6,1,"","","","","","","","","","","","","","","","","","","","","","","","",20000,1,"","",3,1,1,1,"","",0,1,"","","","","","",3,1,90,1,"","","","","","","","","","","","","","","","","","","","","","","","","","","","","","","","","","","","","","","","","","","","","","","","","","","",""
"83069002","PORQUEROLLES",43.,6.226833,135,1981052109,"","","","",12.,1,40,1,"","","","","","","","","","","","","","","","","","","","","","","","","","","","",20.5,1,15.2,1,"","","","","","","","","","","","","","","","","","","","","","","","","","",73,1,"","","","","","","","","","","","",17.8,1,1019.3,1,"","","","","","",7,1,5,1,0,1,7,1,6,1,"","","","","","","","","","","","","","","","","","","","","","","","",15000,1,"","",2,1,2,1,"","","","","","","","","","",3,1,90,1,"","","","","","","","","","","","","","","","","","","","","","","","","","","","","","","","","","","","","","","","","","","","","","","","","","","",""
"83069002","PORQUEROLLES",43.,6.226833,135,1981052112,"","","","",10.,1,40,1,"","","","","","","","","","","","","","","","","","","","","","","","","","","","",21.9,1,13.1,1,"","","","","","","","","","","","","","","","","","","","","","","","","","",59,1,"","","","","","","","","","","","",15.5,1,1018.5,1,"","","","","","",7,1,5,1,0,1,7,1,6,1,"","","","","","","","","","","","","","","","","","","","","","","","",20000,1,"","",2,1,6,1,"","","","","","","","","","",3,1,90,1,"","","","","","","","","","","","","","","","","","","","","","","","","","","","","","","","","","","","","","","","","","","","","","","","","","","",""
"83069002","PORQUEROLLES",43.,6.226833,135,1981052115,"","","","",3.,1,40,1,"","","","","","","","","","","","","","","","","","","","","","","","","","","","",19.,1,15.2,1,"","","","","","","","","","","","","","","","","","","","","","","","","","",81,1,"","","","","","","","","","","","",17.8,1,1018.7,1,"","","","","","",7,1,5,1,0,1,7,1,6,1,"","","","","","","","","","","","","","","","","","","","","","","","",20000,1,"","",2,1,2,1,"","","","","","","","","","",3,1,90,1,"","","","","","","","","","","","","","","","","","","","","","","","","","","","","","","","","","","","","","","","","","","","","","","","","","","",""
"83069002","PORQUEROLLES",43.,6.226833,135,1981052118,"","","","",3.,1,20,1,"","","","","","","","","","","","","","","","","","","","","","","","","","","","",17.,1,14.8,1,"","","","","","","","","","","","","","","","","","","","","","","","","","",90,1,"","","","","","","","","","","","",17.4,1,1017.2,1,"","","","","","",6,1,6,1,2,1,7,1,0,1,"","","","","","","","","","","","","","","","","","","","","","","","",15000,1,"","",3,1,2,1,"","","","","","","","","","",3,1,90,1,"","","","","","","","","","","","","","","","","","","","","","","","","","","","","","","","","","","","","","","","","","","","","","","","","","","",""
"83069002","PORQUEROLLES",43.,6.226833,135,1981052121,"","","","",3.,1,20,1,"","","","","","","","","","","","","","","","","","","","","","","","","","","","",17.,1,13.1,1,"","","","","","","","","","","","","","","","","","","","","","","","","","",80,1,"","","","","","","","","","","","",15.5,1,1019.2,1,"","","","","","",6,1,6,1,2,1,7,1,0,1,"","","","","","","","","","","","","","","","","","","","","","","","",15000,1,"","",2,1,2,1,"","","","","","","","","","",3,1,90,1,"","","","","","","","","","","","","","","","","","","","","","","","","","","","","","","","","","","","","","","","","","","","","","","","","","","",""
"83069002","PORQUEROLLES",43.,6.226833,135,1981052200,"","","","",3.,1,220,1,"","","","","","","","","","","","","","","","","","","","","","","","","","","","",16.,1,11.4,1,"","","","","","","","","","","","","","","","","","","","","","","","","","",76,1,"","","","","","","","","","","","",13.8,1,1018.5,1,"","","","","","","","","","","","","","","","","","","","","","","","","","","","","","","","","","","","","","","","","","","","","","","","","","","","","","","","","","","","","","","","","","","","","","","","","","","","","","","","","","","","","","","","","","","","","","","","","","","","","","","","","","","","","","","","","",""
"83069002","PORQUEROLLES",43.,6.226833,135,1981052203,"","","","",11.,1,240,1,"","","","","","","","","","","","","","","","","","","","","","","","","","","","",15.,1,15.,1,"","","","","","","","","","","","","","","","","","","","","","","","","","",100,1,"","","","","","","","","","","","",17.,1,1017.3,1,"","","","","","",6,1,0,1,2,1,4,1,0,1,"","","","","","","","","","","","","","","","","","","","","","","","",15000,1,"","",0,1,"","","","","","","","","","","","",3,1,270,1,"","","","","","","","","","","","","","","","","","","","","","","","","","","","","","","","","","","","","","","","","","","","","","","","","","","",""
"83069002","PORQUEROLLES",43.,6.226833,135,1981052206,"","","","",5.,1,240,1,"","","","","","","","","","","","","","","","","","","","","","","","","","","","",15.,1,15.,1,"","","","","","","","","","","","","","","","","","","","","","","","","","",100,1,"","","","","","","","","","","","",17.,1,1017.3,1,"","","","","","",7,1,7,1,9,1,0,1,0,1,"","","","","","","","","","","","","","","","","","","","","","","","",5000,1,"","",2,1,6,1,"","",0,1,"","","","","","",3,1,270,1,"","","","","","","","","","","","","","","","","","","","","","","","","","","","","","","","","","","","","","","","","","","","","","","","","","","",""
"83069002","PORQUEROLLES",43.,6.226833,135,1981052209,"","","","",2.,1,200,1,"","","","","","","","","","","","","","","","","","","","","","","","","","","","",18.,1,14.1,1,"","","","","","","","","","","","","","","","","","","","","","","","","","",81,1,"","","","","","","","","","","","",16.6,1,1017.8,1,"","","","","","",4,1,0,1,2,1,0,1,2,1,"","","","","","","","","","","","","","","","","","","","","","","","",12000,1,"","",1,1,1,1,"","","","","","","","","","",2,1,270,1,"","","","","","","","","","","","","","","","","","","","","","","","","","","","","","","","","","","","","","","","","","","","","","","","","","","",""
"83069002","PORQUEROLLES",43.,6.226833,135,1981052212,"","","","",7.,1,260,1,"","","","","","","","","","","","","","","","","","","","","","","","","","","","",20.5,1,15.,1,"","","","","","","","","","","","","","","","","","","","","","","","","","",73,1,"","","","","","","","","","","","",17.6,1,1017.3,1,"","","","","","",2,1,0,1,2,1,0,1,1,1,"","","","","","","","","","","","","","","","","","","","","","","","",20000,1,"","",1,1,0,1,"","","","","","","","","","",3,1,270,1,"","","","","","","","","","","","","","","","","","","","","","","","","","","","","","","","","","","","","","","","","","","","","","","","","","","",""
"83069002","PORQUEROLLES",43.,6.226833,135,1981052215,"","","","",10.,1,260,1,"","","","","","","","","","","","","","","","","","","","","","","","","","","","",20.,1,12.6,1,"","","","","","","","","","","","","","","","","","","","","","","","","","",64,1,"","","","","","","","","","","","",15.,1,1016.5,1,"","","","","","",3,1,0,1,2,1,0,1,4,1,"","","","","","","","","","","","","","","","","","","","","","","","",25000,1,"","",2,1,0,1,"","","","","","","","","","",4,1,270,1,"","","","","","","","","","","","","","","","","","","","","","","","","","","","","","","","","","","","","","","","","","","","","","","","","","","",""
"83069002","PORQUEROLLES",43.,6.226833,135,1981052218,"","","","",9.,1,260,1,"","","","","","","","","","","","","","","","","","","","","","","","","","","","",18.4,1,12.,1,"","","","","","","","","","","","","","","","","","","","","","","","","","",68,1,"","","","","","","","","","","","",14.4,1,1016.7,1,"","","","","","",3,1,0,1,0,1,0,1,1,1,"","","","","","","","","","","","","","","","","","","","","","","","",25000,1,"","",1,1,0,1,"","","","","","","","","","",3,1,270,1,"","","","","","","","","","","","","","","","","","","","","","","","","","","","","","","","","","","","","","","","","","","","","","","","","","","",""
"83069002","PORQUEROLLES",43.,6.226833,135,1981052221,"","","","",5.,1,260,1,"","","","","","","","","","","","","","","","","","","","","","","","","","","","",16.9,1,12.,1,"","","","","","","","","","","","","","","","","","","","","","","","","","",75,1,"","","","","","","","","","","","",14.4,1,1017.6,1,"","","","","","",0,1,"","",0,1,0,1,0,1,"","","","","","","","","","","","","","","","","","","","","","","","",20000,1,"","",1,1,0,1,"","","","","","","","","","",3,1,270,1,"","","","","","","","","","","","","","","","","","","","","","","","","","","","","","","","","","","","","","","","","","","","","","","","","","","",""
"83069002","PORQUEROLLES",43.,6.226833,135,1981052300,"","","","",3.,1,60,1,"","","","","","","","","","","","","","","","","","","","","","","","","","","","",15.,1,13.,1,"","","","","","","","","","","","","","","","","","","","","","","","","","",90,1,"","","","","","","","","","","","",15.4,1,1017.8,1,"","","","","","","","","","","","","","","","","","","","","","","","","","","","","","","","","","","","","","","","","","","","","","","","","","","","","","","","","","","","","","","","","","","","","","","","","","","","","","","","","","","","","","","","","","","","","","","","","","","","","","","","","","","","","","","","","",""
"83069002","PORQUEROLLES",43.,6.226833,135,1981052303,"","","","",1.,1,100,1,"","","","","","","","","","","","","","","","","","","","","","","","","","","","",13.8,1,13.8,1,"","","","","","","","","","","","","","","","","","","","","","","","","","",100,1,"","","","","","","","","","","","",15.8,1,1017.8,1,"","","","","","",3,1,0,1,6,1,0,1,0,1,"","","","","","","","","","","","","","","","","","","","","","","","",5000,1,"","",0,1,"","","","","","","","","","","","",3,1,270,1,"","","","","","","","","","","","","","","","","","","","","","","","","","","","","","","","","","","","","","","","","","","","","","","","","","","",""
"83069002","PORQUEROLLES",43.,6.226833,135,1981052306,"","","","",0.,1,0,1,"","","","","","","","","","","","","","","","","","","","","","","","","","","","",14.5,1,14.5,1,"","","","","","","","","","","","","","","","","","","","","","","","","","",100,1,"","","","","","","","","","","","",16.5,1,1018.3,1,"","","","","","",5,1,5,1,6,1,0,1,0,1,"","","","","","","","","","","","","","","","","","","","","","","","",3000,1,"","",10,1,1,1,"","",0,1,"","","","","","",2,1,0,1,"","","","","","","","","","","","","","","","","","","","","","","","","","","","","","","","","","","","","","","","","","","","","","","","","","","",""
"83069002","PORQUEROLLES",43.,6.226833,135,1981052309,"","","","",3.,1,240,1,"","","","","","","","","","","","","","","","","","","","","","","","","","","","",17.8,1,14.2,1,"","","","","","","","","","","","","","","","","","","","","","","","","","",82,1,"","","","","","","","","","","","",16.7,1,1018.3,1,"","","","","","",3,1,0,1,6,1,0,1,0,1,"","","","","","","","","","","","","","","","","","","","","","","","",5000,1,"","",1,1,1,1,"","","","","","","","","","",2,1,0,1,"","","","","","","","","","","","","","","","","","","","","","","","","","","","","","","","","","","","","","","","","","","","","","","","","","","",""
"83069002","PORQUEROLLES",43.,6.226833,135,1981052312,"","","","",9.,1,240,1,"","","","","","","","","","","","","","","","","","","","","","","","","","","","",19.4,1,13.5,1,"","","","","","","","","","","","","","","","","","","","","","","","","","",71,1,"","","","","","","","","","","","",15.9,1,1017.9,1,"","","","","","",6,1,5,1,1,1,0,1,4,1,"","","","","","","","","","","","","","","","","","","","","","","","",8000,1,"","",3,1,1,1,"","","","","","","","","","",3,1,270,1,"","","","","","","","","","","","","","","","","","","","","","","","","","","","","","","","","","","","","","","","","","","","","","","","","","","",""
"83069002","PORQUEROLLES",43.,6.226833,135,1981052315,"","","","",9.,1,240,1,"","","","","","","","","","","","","","","","","","","","","","","","","","","","",19.5,1,16.2,1,"","","","","","","","","","","","","","","","","","","","","","","","","","",84,1,"","","","","","","","","","","","",19.,1,1017.,1,"","","","","","",7,1,7,1,1,1,0,1,6,1,"","","","","","","","","","","","","","","","","","","","","","","","",16000,1,"","",2,1,2,1,"","","","","","","","","","",3,1,270,1,"","","","","","","","","","","","","","","","","","","","","","","","","","","","","","","","","","","","","","","","","","","","","","","","","","","",""
"83069002","PORQUEROLLES",43.,6.226833,135,1981052318,"","","","",8.,1,240,1,"","","","","","","","","","","","","","","","","","","","","","","","","","","","",16.7,1,12.9,1,"","","","","","","","","","","","","","","","","","","","","","","","","","",81,1,"","","","","","","","","","","","",15.3,1,1016.8,1,"","","","","","",2,1,0,1,0,1,0,1,2,1,"","","","","","","","","","","","","","","","","","","","","","","","",18000,1,"","",1,1,1,1,"","","","","","","","","","",3,1,270,1,"","","","","","","","","","","","","","","","","","","","","","","","","","","","","","","","","","","","","","","","","","","","","","","","","","","",""
"83069002","PORQUEROLLES",43.,6.226833,135,1981052321,"","","","",4.,1,240,1,"","","","","","","","","","","","","","","","","","","","","","","","","","","","",14.7,1,13.9,1,"","","","","","","","","","","","","","","","","","","","","","","","","","",98,1,"","","","","","","","","","","","",16.3,1,1017.4,1,"","","","","","",0,1,"","",0,1,0,1,0,1,"","","","","","","","","","","","","","","","","","","","","","","","",14000,1,"","",1,1,0,1,"","","","","","","","","","",3,1,270,1,"","","","","","","","","","","","","","","","","","","","","","","","","","","","","","","","","","","","","","","","","","","","","","","","","","","",""
"83069002","PORQUEROLLES",43.,6.226833,135,1981052400,"","","","",2.,1,240,1,"","","","","","","","","","","","","","","","","","","","","","","","","","","","",14.8,1,14.8,1,"","","","","","","","","","","","","","","","","","","","","","","","","","",100,1,"","","","","","","","","","","","",16.8,1,1016.4,1,"","","","","","","","","","","","","","","","","","","","","","","","","","","","","","","","","","","","","","","","","","","","","","","","","","","","","","","","","","","","","","","","","","","","","","","","","","","","","","","","","","","","","","","","","","","","","","","","","","","","","","","","","","","","","","","","","",""
"83069002","PORQUEROLLES",43.,6.226833,135,1981052403,"","","","",2.,1,220,1,"","","","","","","","","","","","","","","","","","","","","","","","","","","","",15.3,1,15.3,1,"","","","","","","","","","","","","","","","","","","","","","","","","","",100,1,"","","","","","","","","","","","",17.4,1,1015.9,1,"","","","","","",9,1,"","","","","","","","","","","","","","","","","","","","","","","","","","","","","","","","",80,1,"","",47,1,"","","","","","","","","","","","","","","","","","","","","","","","","","","","","","","","","","","","","","","","","","","","","","","","","","","","","","","","","","","","","","","","","","","",""
"83069002","PORQUEROLLES",43.,6.226833,135,1981052406,"","","","",0.,1,0,1,"","","","","","","","","","","","","","","","","","","","","","","","","","","","",15.3,1,14.6,1,"","","","","","","","","","","","","","","","","","","","","","","","","","",98,1,"","","","","","","","","","","","",17.1,1,1016.2,1,"","","","","","",5,1,5,1,6,1,0,1,0,1,"","","","","","","","","","","","","","","","","","","","","","","","",5000,1,"","",1,1,4,1,"","",0,1,"","","","","","",2,1,0,1,"","","","","","","","","","","","","","","","","","","","","","","","","","","","","","","","","","","","","","","","","","","","","","","","","","","",""
"83069002","PORQUEROLLES",43.,6.226833,135,1981052409,"","","","",0.,1,0,1,"","","","","","","","","","","","","","","","","","","","","","","","","","","","",18.3,1,15.3,1,"","","","","","","","","","","","","","","","","","","","","","","","","","",91,1,"","","","","","","","","","","","",17.9,1,1015.8,1,"","","","","","",7,1,7,1,6,1,"","","","","","","","","","","","","","","","","","","","","","","","","","","","",5000,1,"","",3,1,2,1,"","","","","","","","","","",2,1,230,1,"","","","","","","","","","","","","","","","","","","","","","","","","","","","","","","","","","","","","","","","","","","","","","","","","","","",""
"83069002","PORQUEROLLES",43.,6.226833,135,1981052412,"","","","",4.,1,200,1,"","","","","","","","","","","","","","","","","","","","","","","","","","","","",18.6,1,15.8,1,"","","","","","","","","","","","","","","","","","","","","","","","","","",86,1,"","","","","","","","","","","","",18.6,1,1015.8,1,"","","","","","",7,1,6,1,6,1,0,1,4,1,"","","","","","","","","","","","","","","","","","","","","","","","",6000,1,"","",2,1,2,1,"","","","","","","","","","",2,1,230,1,"","","","","","","","","","","","","","","","","","","","","","","","","","","","","","","","","","","","","","","","","","","","","","","","","","","",""
"83069002","PORQUEROLLES",43.,6.226833,135,1981052415,"","","","",7.,1,240,1,"","","","","","","","","","","","","","","","","","","","","","","","","","","","",19.,1,16.2,1,"","","","","","","","","","","","","","","","","","","","","","","","","","",86,1,"","","","","","","","","","","","",19.,1,1015.1,1,"","","","","","",6,1,6,1,6,1,0,1,2,1,"","","","","","","","","","","","","","","","","","","","","","","","",8000,1,"","",1,1,2,1,"","","","","","","","","","",3,1,230,1,"","","","","","","","","","","","","","","","","","","","","","","","","","","","","","","","","","","","","","","","","","","","","","","","","","","",""
"83069002","PORQUEROLLES",43.,6.226833,135,1981052418,"","","","",5.,1,220,1,"","","","","","","","","","","","","","","","","","","","","","","","","","","","",16.6,1,15.8,1,"","","","","","","","","","","","","","","","","","","","","","","","","","",98,1,"","","","","","","","","","","","",18.6,1,1015.2,1,"","","","","","",7,1,5,1,6,1,0,1,2,1,"","","","","","","","","","","","","","","","","","","","","","","","",8000,1,"","",3,1,2,1,"","","","","","","","","","",2,1,230,1,"","","","","","","","","","","","","","","","","","","","","","","","","","","","","","","","","","","","","","","","","","","","","","","","","","","",""
"83069002","PORQUEROLLES",43.,6.226833,135,1981052421,"","","","",2.,1,200,1,"","","","","","","","","","","","","","","","","","","","","","","","","","","","",14.5,1,13.7,1,"","","","","","","","","","","","","","","","","","","","","","","","","","",98,1,"","","","","","","","","","","","",16.1,1,1015.6,1,"","","","","","",0,1,"","",0,1,0,1,0,1,"","","","","","","","","","","","","","","","","","","","","","","","",12000,1,"","",1,1,1,1,"","","","","","","","","","",2,1,230,1,"","","","","","","","","","","","","","","","","","","","","","","","","","","","","","","","","","","","","","","","","","","","","","","","","","","",""
"83069002","PORQUEROLLES",43.,6.226833,135,1981052500,"","","","",0.,1,0,1,"","","","","","","","","","","","","","","","","","","","","","","","","","","","",14.8,1,13.9,1,"","","","","","","","","","","","","","","","","","","","","","","","","","",97,1,"","","","","","","","","","","","",16.3,1,1014.9,1,"","","","","","","","","","","","","","","","","","","","","","","","","","","","","","","","","","","","","","","","","","","","","","","","","","","","","","","","","","","","","","","","","","","","","","","","","","","","","","","","","","","","","","","","","","","","","","","","","","","","","","","","","","","","","","","","","",""
"83069002","PORQUEROLLES",43.,6.226833,135,1981052503,"","","","",4.,1,80,1,"","","","","","","","","","","","","","","","","","","","","","","","","","","","",15.4,1,14.5,1,"","","","","","","","","","","","","","","","","","","","","","","","","","",98,1,"","","","","","","","","","","","",17.,1,1013.3,1,"","","","","","",8,1,8,1,6,1,"","","","","","","","","","","","","","","","","","","","","","","","","","","","",10000,1,"","",0,1,"","","","","","","","","","","","",2,1,90,1,"","","","","","","","","","","","","","","","","","","","","","","","","","","","","","","","","","","","","","","","","","","","","","","","","","","",""
"83069002","PORQUEROLLES",43.,6.226833,135,1981052506,"","","","",6.,1,60,1,"","","","","","","","","","","","","","","","","","","","","","","","","","","","",15.5,1,14.5,1,"","","","","","","","","","","","","","","","","","","","","","","","","","",97,1,"","","","","","","","","","","","",17.,1,1012.9,1,"","","","","","",7,1,6,1,6,1,7,1,2,1,"","","","","","","","","","","","","","","","","","","","","","","","",10000,1,"","",1,1,2,1,"","",0,1,"","","","","","",2,1,90,1,"","","","","","","","","","","","","","","","","","","","","","","","","","","","","","","","","","","","","","","","","","","","","","","","","","","",""
"83069002","PORQUEROLLES",43.,6.226833,135,1981052509,"","","","",7.,1,40,1,"","","","","","","","","","","","","","","","","","","","","","","","","","","","",18.5,1,15.5,1,"","","","","","","","","","","","","","","","","","","","","","","","","","",85,1,"","","","","","","","","","","","",18.2,1,1012.3,1,"","","","","","",7,1,7,1,2,1,7,1,"","","","","","","","","","","","","","","","","","","","","","","","","","",12000,1,"","",1,1,2,1,"","","","","","","","","","",3,1,90,1,"","","","","","","","","","","","","","","","","","","","","","","","","","","","","","","","","","","","","","","","","","","","","","","","","","","",""
"83069002","PORQUEROLLES",43.,6.226833,135,1981052512,"","","","",10.,1,60,1,"","","","","","","","","","","","","","","","","","","","","","","","","","","","",20.2,1,16.6,1,"","","","","","","","","","","","","","","","","","","","","","","","","","",82,1,"","","","","","","","","","","","",19.6,1,1011.1,1,"","","","","","",6,1,0,1,2,1,7,1,0,1,"","","","","","","","","","","","","","","","","","","","","","","","",10000,1,"","",2,1,2,1,"","","","","","","","","","",3,1,90,1,"","","","","","","","","","","","","","","","","","","","","","","","","","","","","","","","","","","","","","","","","","","","","","","","","","","",""
"83069002","PORQUEROLLES",43.,6.226833,135,1981052515,"","","","",5.,1,60,1,"","","","","","","","","","","","","","","","","","","","","","","","","","","","",18.4,1,15.2,1,"","","","","","","","","","","","","","","","","","","","","","","","","","",84,1,"","","","","","","","","","","","",17.8,1,1010.2,1,"","","","","","",8,1,6,1,5,1,7,1,"","","","","","","","","","","","","","","","","","","","","","","","","","",15000,1,"","",3,1,3,1,"","","","","","","","","","",3,1,90,1,"","","","","","","","","","","","","","","","","","","","","","","","","","","","","","","","","","","","","","","","","","","","","","","","","","","",""
"83069002","PORQUEROLLES",43.,6.226833,135,1981052518,"","","","",11.,1,60,1,"","","","","","","","","","","","","","","","","","","","","","","","","","","","",16.4,1,16.4,1,"","","","","","","","","","","","","","","","","","","","","","","","","","",99,1,"","","","","","","","","","","","",18.4,1,1007.6,1,"","","","","","",8,1,6,1,5,1,7,1,"","","","","","","","","","","","","","","","","","","","","","","","","","",8000,1,"","",2,1,2,1,"","","","","","","","","","",3,1,90,1,"","","","","","","","","","","","","","","","","","","","","","","","","","","","","","","","","","","","","","","","","","","","","","","","","","","",""
"83069002","PORQUEROLLES",43.,6.226833,135,1981052521,"","","","",4.,1,40,1,"","","","","","","","","","","","","","","","","","","","","","","","","","","","",15.,1,12.1,1,"","","","","","","","","","","","","","","","","","","","","","","","","","",85,1,"","","","","","","","","","","","",14.5,1,1008.4,1,"","","","","","",8,1,6,1,5,1,7,1,"","","","","","","","","","","","","","","","","","","","","","","","","","",12000,1,"","",2,1,2,1,"","","","","","","","","","",3,1,90,1,"","","","","","","","","","","","","","","","","","","","","","","","","","","","","","","","","","","","","","","","","","","","","","","","","","","",""
"83069002","PORQUEROLLES",43.,6.226833,135,1981052600,"","","","",10.,1,60,1,"","","","","","","","","","","","","","","","","","","","","","","","","","","","",15.3,1,14.5,1,"","","","","","","","","","","","","","","","","","","","","","","","","","",98,1,"","","","","","","","","","","","",17.,1,1006.6,1,"","","","","","","","","","","","","","","","","","","","","","","","","","","","","","","","","","","","","","","","","","","","","","","","","","","","","","","","","","","","","","","","","","","","","","","","","","","","","","","","","","","","","","","","","","","","","","","","","","","","","","","","","","","","","","","","","",""
"83069002","PORQUEROLLES",43.,6.226833,135,1981052603,"","","","",3.,1,60,1,"","","","","","","","","","","","","","","","","","","","","","","","","","","","",15.9,1,14.8,1,"","","","","","","","","","","","","","","","","","","","","","","","","","",96,1,"","","","","","","","","","","","",17.3,1,1005.6,1,"","","","","","",8,1,8,1,5,1,"","","","","","","","","","","","","","","","","","","","","","","","","","","","",10000,1,"","",0,1,"","","","","","","","","","","","",2,1,0,1,"","","","","","","","","","","","","","","","","","","","","","","","","","","","","","","","","","","","","","","","","","","","","","","","","","","",""
"83069002","PORQUEROLLES",43.,6.226833,135,1981052606,"","","","",2.,1,180,1,"","","","","","","","","","","","","","","","","","","","","","","","","","","","",16.,1,16.,1,"","","","","","","","","","","","","","","","","","","","","","","","","","",100,1,"","","","","","","","","","","","",18.2,1,1005.3,1,"","","","","","",9,1,"","","","","","","","","","","","","","","","","","","","","","","","","","","","","","","","",100,1,"","",45,1,4,1,"","",0,1,"","","","","","","","","","","","","","","","","","","","","","","","","","","","","","","","","","","","","","","","","","","","","","","","","","","","","","","","","","","","","",""
"83069002","PORQUEROLLES",43.,6.226833,135,1981052609,"","","","",0.,1,0,1,"","","","","","","","","","","","","","","","","","","","","","","","","","","","",14.,1,14.,1,"","","","","","","","","","","","","","","","","","","","","","","","","","",100,1,"","","","","","","","","","","","",16.,1,1006.2,1,"","","","","","",8,1,8,1,7,1,"","","","","","","","","","","","","","","","","","","","","","","","","","","","",2000,1,"","",60,1,4,1,"","","","","","","","","","",2,1,0,1,"","","","","","","","","","","","","","","","","","","","","","","","","","","","","","","","","","","","","","","","","","","","","","","","","","","",""
"83069002","PORQUEROLLES",43.,6.226833,135,1981052612,"","","","",9.,1,240,1,"","","","","","","","","","","","","","","","","","","","","","","","","","","","",14.,1,12.7,1,"","","","","","","","","","","","","","","","","","","","","","","","","","",94,1,"","","","","","","","","","","","",15.1,1,1006.2,1,"","","","","","",8,1,8,1,7,1,"","","","","","","","","","","","","","","","","","","","","","","","","","","","",4000,1,"","",60,1,6,1,"","","","","","","","","","",3,1,270,1,"","","","","","","","","","","","","","","","","","","","","","","","","","","","","","","","","","","","","","","","","","","","","","","","","","","",""
"83069002","PORQUEROLLES",43.,6.226833,135,1981052615,"","","","",12.,1,240,1,"","","","","","","","","","","","","","","","","","","","","","","","","","","","",14.,1,12.7,1,"","","","","","","","","","","","","","","","","","","","","","","","","","",94,1,"","","","","","","","","","","","",15.1,1,1005.2,1,"","","","","","",8,1,8,1,0,1,7,1,"","","","","","","","","","","","","","","","","","","","","","","","","","",6000,1,"","",2,1,2,1,"","","","","","","","","","",3,1,270,1,"","","","","","","","","","","","","","","","","","","","","","","","","","","","","","","","","","","","","","","","","","","","","","","","","","","",""
"83069002","PORQUEROLLES",43.,6.226833,135,1981052618,"","","","",11.,1,260,1,"","","","","","","","","","","","","","","","","","","","","","","","","","","","",14.7,1,12.3,1,"","","","","","","","","","","","","","","","","","","","","","","","","","",88,1,"","","","","","","","","","","","",14.7,1,1005.5,1,"","","","","","",8,1,8,1,0,1,7,1,"","","","","","","","","","","","","","","","","","","","","","","","","","",22000,1,"","",2,1,2,1,"","","","","","","","","","",3,1,270,1,"","","","","","","","","","","","","","","","","","","","","","","","","","","","","","","","","","","","","","","","","","","","","","","","","","","",""
"83069002","PORQUEROLLES",43.,6.226833,135,1981052621,"","","","",11.,1,260,1,"","","","","","","","","","","","","","","","","","","","","","","","","","","","",14.,1,11.8,1,"","","","","","","","","","","","","","","","","","","","","","","","","","",89,1,"","","","","","","","","","","","",14.2,1,1007.2,1,"","","","","","",8,1,8,1,0,1,7,1,"","","","","","","","","","","","","","","","","","","","","","","","","","",22000,1,"","",2,1,2,1,"","","","","","","","","","",3,1,270,1,"","","","","","","","","","","","","","","","","","","","","","","","","","","","","","","","","","","","","","","","","","","","","","","","","","","",""
"83069002","PORQUEROLLES",43.,6.226833,135,1981052700,"","","","",14.,1,260,1,"","","","","","","","","","","","","","","","","","","","","","","","","","","","",13.2,1,10.4,1,"","","","","","","","","","","","","","","","","","","","","","","","","","",85,1,"","","","","","","","","","","","",12.9,1,1009.2,1,"","","","","","","","","","","","","","","","","","","","","","","","","","","","","","","","","","","","","","","","","","","","","","","","","","","","","","","","","","","","","","","","","","","","","","","","","","","","","","","","","","","","","","","","","","","","","","","","","","","","","","","","","","","","","","","","","",""
"83069002","PORQUEROLLES",43.,6.226833,135,1981052703,"","","","",13.,1,260,1,"","","","","","","","","","","","","","","","","","","","","","","","","","","","",12.5,1,9.2,1,"","","","","","","","","","","","","","","","","","","","","","","","","","",83,1,"","","","","","","","","","","","",11.9,1,1010.2,1,"","","","","","",0,1,"","",0,1,0,1,0,1,"","","","","","","","","","","","","","","","","","","","","","","","",20000,1,"","",0,1,"","","","","","","","","","","","",3,1,270,1,"","","","","","","","","","","","","","","","","","","","","","","","","","","","","","","","","","","","","","","","","","","","","","","","","","","",""
"83069002","PORQUEROLLES",43.,6.226833,135,1981052706,"","","","",10.,1,260,1,"","","","","","","","","","","","","","","","","","","","","","","","","","","","",11.7,1,9.,1,"","","","","","","","","","","","","","","","","","","","","","","","","","",85,1,"","","","","","","","","","","","",11.7,1,1012.1,1,"","","","","","",1,1,0,1,2,1,0,1,0,1,"","","","","","","","","","","","","","","","","","","","","","","","",25000,1,"","",2,1,0,1,"","",0,1,"","","","","","",3,1,270,1,"","","","","","","","","","","","","","","","","","","","","","","","","","","","","","","","","","","","","","","","","","","","","","","","","","","",""
"83069002","PORQUEROLLES",43.,6.226833,135,1981052709,"","","","",7.,1,260,1,"","","","","","","","","","","","","","","","","","","","","","","","","","","","",13.8,1,9.7,1,"","","","","","","","","","","","","","","","","","","","","","","","","","",78,1,"","","","","","","","","","","","",12.3,1,1013.3,1,"","","","","","",8,1,8,1,0,1,7,1,"","","","","","","","","","","","","","","","","","","","","","","","","","",22000,1,"","",3,1,"","","","","","","","","","","","",3,1,270,1,"","","","","","","","","","","","","","","","","","","","","","","","","","","","","","","","","","","","","","","","","","","","","","","","","","","",""
"83069002","PORQUEROLLES",43.,6.226833,135,1981052712,"","","","",11.,1,240,1,"","","","","","","","","","","","","","","","","","","","","","","","","","","","",14.9,1,12.,1,"","","","","","","","","","","","","","","","","","","","","","","","","","",84,1,"","","","","","","","","","","","",14.4,1,1015.2,1,"","","","","","",6,1,6,1,2,1,7,1,0,1,"","","","","","","","","","","","","","","","","","","","","","","","",20000,1,"","",2,1,2,1,"","","","","","","","","","",3,1,270,1,"","","","","","","","","","","","","","","","","","","","","","","","","","","","","","","","","","","","","","","","","","","","","","","","","","","",""
"83069002","PORQUEROLLES",43.,6.226833,135,1981052715,"","","","",10.,1,240,1,"","","","","","","","","","","","","","","","","","","","","","","","","","","","",16.6,1,11.2,1,"","","","","","","","","","","","","","","","","","","","","","","","","","",72,1,"","","","","","","","","","","","",13.6,1,1014.9,1,"","","","","","",3,1,0,1,2,1,0,1,2,1,"","","","","","","","","","","","","","","","","","","","","","","","",35000,1,"","",1,1,1,1,"","","","","","","","","","",3,1,270,1,"","","","","","","","","","","","","","","","","","","","","","","","","","","","","","","","","","","","","","","","","","","","","","","","","","","",""
"83069002","PORQUEROLLES",43.,6.226833,135,1981052718,"","","","",7.,1,240,1,"","","","","","","","","","","","","","","","","","","","","","","","","","","","",15.6,1,11.1,1,"","","","","","","","","","","","","","","","","","","","","","","","","","",76,1,"","","","","","","","","","","","",13.5,1,1014.9,1,"","","","","","",2,1,0,1,9,1,0,1,0,1,"","","","","","","","","","","","","","","","","","","","","","","","",28000,1,"","",1,1,0,1,"","","","","","","","","","",3,1,270,1,"","","","","","","","","","","","","","","","","","","","","","","","","","","","","","","","","","","","","","","","","","","","","","","","","","","",""
"83069002","PORQUEROLLES",43.,6.226833,135,1981052721,"","","","",7.,1,240,1,"","","","","","","","","","","","","","","","","","","","","","","","","","","","",14.5,1,11.9,1,"","","","","","","","","","","","","","","","","","","","","","","","","","",87,1,"","","","","","","","","","","","",14.3,1,1017.,1,"","","","","","",0,1,"","",0,1,0,1,0,1,"","","","","","","","","","","","","","","","","","","","","","","","",22000,1,"","",1,1,0,1,"","","","","","","","","","",3,1,270,1,"","","","","","","","","","","","","","","","","","","","","","","","","","","","","","","","","","","","","","","","","","","","","","","","","","","",""
"83069002","PORQUEROLLES",43.,6.226833,135,1981052800,"","","","",5.,1,260,1,"","","","","","","","","","","","","","","","","","","","","","","","","","","","",13.2,1,11.,1,"","","","","","","","","","","","","","","","","","","","","","","","","","",88,1,"","","","","","","","","","","","",13.4,1,1017.4,1,"","","","","","","","","","","","","","","","","","","","","","","","","","","","","","","","","","","","","","","","","","","","","","","","","","","","","","","","","","","","","","","","","","","","","","","","","","","","","","","","","","","","","","","","","","","","","","","","","","","","","","","","","","","","","","","","","",""
"83069002","PORQUEROLLES",43.,6.226833,135,1981052803,"","","","",4.,1,240,1,"","","","","","","","","","","","","","","","","","","","","","","","","","","","",13.,1,11.,1,"","","","","","","","","","","","","","","","","","","","","","","","","","",90,1,"","","","","","","","","","","","",13.4,1,1017.4,1,"","","","","","",1,1,0,1,0,1,4,1,0,1,"","","","","","","","","","","","","","","","","","","","","","","","",22000,1,"","",0,1,"","","","","","","","","","","","",3,1,270,1,"","","","","","","","","","","","","","","","","","","","","","","","","","","","","","","","","","","","","","","","","","","","","","","","","","","",""
"83069002","PORQUEROLLES",43.,6.226833,135,1981052806,"","","","",7.,1,240,1,"","","","","","","","","","","","","","","","","","","","","","","","","","","","",13.5,1,10.3,1,"","","","","","","","","","","","","","","","","","","","","","","","","","",83,1,"","","","","","","","","","","","",12.8,1,1018.5,1,"","","","","","",6,1,6,1,0,1,0,1,6,1,"","","","","","","","","","","","","","","","","","","","","","","","",22000,1,"","",3,1,1,1,"","",0,1,"","","","","","",3,1,270,1,"","","","","","","","","","","","","","","","","","","","","","","","","","","","","","","","","","","","","","","","","","","","","","","","","","","",""
"83069002","PORQUEROLLES",43.,6.226833,135,1981052809,"","","","",10.,1,240,1,"","","","","","","","","","","","","","","","","","","","","","","","","","","","",16.5,1,11.6,1,"","","","","","","","","","","","","","","","","","","","","","","","","","",75,1,"","","","","","","","","","","","",14.,1,1019.4,1,"","","","","","",6,1,6,1,0,1,0,1,6,1,"","","","","","","","","","","","","","","","","","","","","","","","",25000,1,"","",2,1,2,1,"","","","","","","","","","",3,1,270,1,"","","","","","","","","","","","","","","","","","","","","","","","","","","","","","","","","","","","","","","","","","","","","","","","","","","",""
"83069002","PORQUEROLLES",43.,6.226833,135,1981052812,"","","","",7.,1,240,1,"","","","","","","","","","","","","","","","","","","","","","","","","","","","",19.7,1,13.,1,"","","","","","","","","","","","","","","","","","","","","","","","","","",67,1,"","","","","","","","","","","","",15.3,1,1020.5,1,"","","","","","",4,1,0,1,1,1,0,1,6,1,"","","","","","","","","","","","","","","","","","","","","","","","",30000,1,"","",1,1,1,1,"","","","","","","","","","",3,1,270,1,"","","","","","","","","","","","","","","","","","","","","","","","","","","","","","","","","","","","","","","","","","","","","","","","","","","",""
"83069002","PORQUEROLLES",43.,6.226833,135,1981052815,"","","","",7.,1,240,1,"","","","","","","","","","","","","","","","","","","","","","","","","","","","",18.2,1,14.,1,"","","","","","","","","","","","","","","","","","","","","","","","","","",78,1,"","","","","","","","","","","","",16.4,1,1020.5,1,"","","","","","",4,1,0,1,1,1,0,1,6,1,"","","","","","","","","","","","","","","","","","","","","","","","",30000,1,"","",2,1,0,1,"","","","","","","","","","",3,1,270,1,"","","","","","","","","","","","","","","","","","","","","","","","","","","","","","","","","","","","","","","","","","","","","","","","","","","",""
"83069002","PORQUEROLLES",43.,6.226833,135,1981052818,"","","","",5.,1,240,1,"","","","","","","","","","","","","","","","","","","","","","","","","","","","",16.5,1,14.4,1,"","","","","","","","","","","","","","","","","","","","","","","","","","",90,1,"","","","","","","","","","","","",16.8,1,1020.7,1,"","","","","","",4,1,0,1,1,1,0,1,2,1,"","","","","","","","","","","","","","","","","","","","","","","","",30000,1,"","",2,1,0,1,"","","","","","","","","","",2,1,0,1,"","","","","","","","","","","","","","","","","","","","","","","","","","","","","","","","","","","","","","","","","","","","","","","","","","","",""
"83069002","PORQUEROLLES",43.,6.226833,135,1981052821,"","","","",3.,1,240,1,"","","","","","","","","","","","","","","","","","","","","","","","","","","","",14.5,1,13.5,1,"","","","","","","","","","","","","","","","","","","","","","","","","","",97,1,"","","","","","","","","","","","",15.9,1,1021.4,1,"","","","","","",6,1,5,1,1,1,0,1,6,1,"","","","","","","","","","","","","","","","","","","","","","","","",30000,1,"","",3,1,1,1,"","","","","","","","","","",2,1,0,1,"","","","","","","","","","","","","","","","","","","","","","","","","","","","","","","","","","","","","","","","","","","","","","","","","","","",""
"83069002","PORQUEROLLES",43.,6.226833,135,1981052900,"","","","",4.,1,240,1,"","","","","","","","","","","","","","","","","","","","","","","","","","","","",14.2,1,13.,1,"","","","","","","","","","","","","","","","","","","","","","","","","","",95,1,"","","","","","","","","","","","",15.4,1,1020.3,1,"","","","","","","","","","","","","","","","","","","","","","","","","","","","","","","","","","","","","","","","","","","","","","","","","","","","","","","","","","","","","","","","","","","","","","","","","","","","","","","","","","","","","","","","","","","","","","","","","","","","","","","","","","","","","","","","","",""
"83069002","PORQUEROLLES",43.,6.226833,135,1981052903,"","","","",4.,1,240,1,"","","","","","","","","","","","","","","","","","","","","","","","","","","","",13.7,1,12.9,1,"","","","","","","","","","","","","","","","","","","","","","","","","","",97,1,"","","","","","","","","","","","",15.3,1,1019.6,1,"","","","","","",6,1,6,1,0,1,0,1,6,1,"","","","","","","","","","","","","","","","","","","","","","","","",22000,1,"","",0,1,"","","","","","","","","","","","",2,1,0,1,"","","","","","","","","","","","","","","","","","","","","","","","","","","","","","","","","","","","","","","","","","","","","","","","","","","",""
"83069002","PORQUEROLLES",43.,6.226833,135,1981052906,"","","","",5.,1,240,1,"","","","","","","","","","","","","","","","","","","","","","","","","","","","",14.5,1,14.5,1,"","","","","","","","","","","","","","","","","","","","","","","","","","",99,1,"","","","","","","","","","","","",16.3,1,1020.,1,"","","","","","",3,1,0,1,1,1,0,1,2,1,"","","","","","","","","","","","","","","","","","","","","","","","",22000,1,"","",1,1,1,1,"","",0,1,"","","","","","",2,1,0,1,"","","","","","","","","","","","","","","","","","","","","","","","","","","","","","","","","","","","","","","","","","","","","","","","","","","",""
"83069002","PORQUEROLLES",43.,6.226833,135,1981052909,"","","","",4.,1,220,1,"","","","","","","","","","","","","","","","","","","","","","","","","","","","",16.7,1,14.8,1,"","","","","","","","","","","","","","","","","","","","","","","","","","",91,1,"","","","","","","","","","","","",17.3,1,1019.8,1,"","","","","","",5,1,5,1,0,1,0,1,2,1,"","","","","","","","","","","","","","","","","","","","","","","","",25000,1,"","",3,1,1,1,"","","","","","","","","","",2,1,0,1,"","","","","","","","","","","","","","","","","","","","","","","","","","","","","","","","","","","","","","","","","","","","","","","","","","","",""
"83069002","PORQUEROLLES",43.,6.226833,135,1981052912,"","","","",4.,1,220,1,"","","","","","","","","","","","","","","","","","","","","","","","","","","","",19.5,1,16.3,1,"","","","","","","","","","","","","","","","","","","","","","","","","","",85,1,"","","","","","","","","","","","",19.2,1,1020.2,1,"","","","","","",5,1,5,1,2,1,0,1,2,1,"","","","","","","","","","","","","","","","","","","","","","","","",30000,1,"","",3,1,2,1,"","","","","","","","","","",2,1,0,1,"","","","","","","","","","","","","","","","","","","","","","","","","","","","","","","","","","","","","","","","","","","","","","","","","","","",""
"83069002","PORQUEROLLES",43.,6.226833,135,1981052915,"","","","",2.,1,220,1,"","","","","","","","","","","","","","","","","","","","","","","","","","","","",19.5,1,16.5,1,"","","","","","","","","","","","","","","","","","","","","","","","","","",86,1,"","","","","","","","","","","","",19.4,1,1019.4,1,"","","","","","",3,1,0,1,2,1,0,1,2,1,"","","","","","","","","","","","","","","","","","","","","","","","",20000,1,"","",1,1,1,1,"","","","","","","","","","",2,1,0,1,"","","","","","","","","","","","","","","","","","","","","","","","","","","","","","","","","","","","","","","","","","","","","","","","","","","",""
"83069002","PORQUEROLLES",43.,6.226833,135,1981052918,"","","","",0.,1,0,1,"","","","","","","","","","","","","","","","","","","","","","","","","","","","",17.5,1,15.8,1,"","","","","","","","","","","","","","","","","","","","","","","","","","",92,1,"","","","","","","","","","","","",18.6,1,1018.6,1,"","","","","","",6,1,5,1,2,1,0,1,2,1,"","","","","","","","","","","","","","","","","","","","","","","","",15000,1,"","",3,1,1,1,"","","","","","","","","","",2,1,0,1,"","","","","","","","","","","","","","","","","","","","","","","","","","","","","","","","","","","","","","","","","","","","","","","","","","","",""
"83069002","PORQUEROLLES",43.,6.226833,135,1981052921,"","","","",3.,1,60,1,"","","","","","","","","","","","","","","","","","","","","","","","","","","","",14.5,1,13.2,1,"","","","","","","","","","","","","","","","","","","","","","","","","","",94,1,"","","","","","","","","","","","",15.6,1,1019.4,1,"","","","","","",7,1,5,1,2,1,0,1,2,1,"","","","","","","","","","","","","","","","","","","","","","","","",15000,1,"","",2,1,2,1,"","","","","","","","","","",2,1,0,1,"","","","","","","","","","","","","","","","","","","","","","","","","","","","","","","","","","","","","","","","","","","","","","","","","","","",""
"83069002","PORQUEROLLES",43.,6.226833,135,1981053000,"","","","",5.,1,60,1,"","","","","","","","","","","","","","","","","","","","","","","","","","","","",14.8,1,13.9,1,"","","","","","","","","","","","","","","","","","","","","","","","","","",97,1,"","","","","","","","","","","","",16.3,1,1018.9,1,"","","","","","","","","","","","","","","","","","","","","","","","","","","","","","","","","","","","","","","","","","","","","","","","","","","","","","","","","","","","","","","","","","","","","","","","","","","","","","","","","","","","","","","","","","","","","","","","","","","","","","","","","","","","","","","","","",""
"83069002","PORQUEROLLES",43.,6.226833,135,1981053003,"","","","",6.,1,60,1,"","","","","","","","","","","","","","","","","","","","","","","","","","","","",14.7,1,13.9,1,"","","","","","","","","","","","","","","","","","","","","","","","","","",97,1,"","","","","","","","","","","","",16.3,1,1017.9,1,"","","","","","",8,1,8,1,5,1,"","","","","","","","","","","","","","","","","","","","","","","","","","","","",12000,1,"","",0,1,"","","","","","","","","","","","",2,1,0,1,"","","","","","","","","","","","","","","","","","","","","","","","","","","","","","","","","","","","","","","","","","","","","","","","","","","",""
"83069002","PORQUEROLLES",43.,6.226833,135,1981053006,"","","","",5.,1,40,1,"","","","","","","","","","","","","","","","","","","","","","","","","","","","",15.,1,14.1,1,"","","","","","","","","","","","","","","","","","","","","","","","","","",97,1,"","","","","","","","","","","","",16.6,1,1018.5,1,"","","","","","",8,1,7,1,5,1,7,1,"","","","","","","","","","","","","","","","","","","","","","","","","","",12000,1,"","",1,1,2,1,"","",0,1,"","","","","","",2,1,0,1,"","","","","","","","","","","","","","","","","","","","","","","","","","","","","","","","","","","","","","","","","","","","","","","","","","","",""
"83069002","PORQUEROLLES",43.,6.226833,135,1981053009,"","","","",8.,1,60,1,"","","","","","","","","","","","","","","","","","","","","","","","","","","","",18.7,1,15.,1,"","","","","","","","","","","","","","","","","","","","","","","","","","",81,1,"","","","","","","","","","","","",17.6,1,1018.6,1,"","","","","","",5,1,5,1,0,1,3,1,0,1,"","","","","","","","","","","","","","","","","","","","","","","","",25000,1,"","",1,1,2,1,"","","","","","","","","","",3,1,90,1,"","","","","","","","","","","","","","","","","","","","","","","","","","","","","","","","","","","","","","","","","","","","","","","","","","","",""
"83069002","PORQUEROLLES",43.,6.226833,135,1981053012,"","","","",10.,1,40,1,"","","","","","","","","","","","","","","","","","","","","","","","","","","","",23.,1,9.,1,"","","","","","","","","","","","","","","","","","","","","","","","","","",42,1,"","","","","","","","","","","","",11.7,1,1018.4,1,"","","","","","",5,1,5,1,0,1,3,1,0,1,"","","","","","","","","","","","","","","","","","","","","","","","",28000,1,"","",2,1,2,1,"","","","","","","","","","",3,1,90,1,"","","","","","","","","","","","","","","","","","","","","","","","","","","","","","","","","","","","","","","","","","","","","","","","","","","",""
"83069002","PORQUEROLLES",43.,6.226833,135,1981053015,"","","","",8.,1,40,1,"","","","","","","","","","","","","","","","","","","","","","","","","","","","",22.5,1,11.4,1,"","","","","","","","","","","","","","","","","","","","","","","","","","",51,1,"","","","","","","","","","","","",13.8,1,1017.8,1,"","","","","","",5,1,5,1,0,1,3,1,0,1,"","","","","","","","","","","","","","","","","","","","","","","","",38000,1,"","",2,1,2,1,"","","","","","","","","","",3,1,90,1,"","","","","","","","","","","","","","","","","","","","","","","","","","","","","","","","","","","","","","","","","","","","","","","","","","","",""
"83069002","PORQUEROLLES",43.,6.226833,135,1981053018,"","","","",7.,1,40,1,"","","","","","","","","","","","","","","","","","","","","","","","","","","","",20.2,1,9.8,1,"","","","","","","","","","","","","","","","","","","","","","","","","","",52,1,"","","","","","","","","","","","",12.4,1,1017.,1,"","","","","","",2,1,0,1,0,1,4,1,0,1,"","","","","","","","","","","","","","","","","","","","","","","","",38000,1,"","",1,1,1,1,"","","","","","","","","","",3,1,90,1,"","","","","","","","","","","","","","","","","","","","","","","","","","","","","","","","","","","","","","","","","","","","","","","","","","","",""
"83069002","PORQUEROLLES",43.,6.226833,135,1981053021,"","","","",9.,1,40,1,"","","","","","","","","","","","","","","","","","","","","","","","","","","","",16.3,1,7.6,1,"","","","","","","","","","","","","","","","","","","","","","","","","","",58,1,"","","","","","","","","","","","",10.6,1,1017.6,1,"","","","","","",0,1,"","",0,1,0,1,0,1,"","","","","","","","","","","","","","","","","","","","","","","","",25000,1,"","",1,1,1,1,"","","","","","","","","","",3,1,90,1,"","","","","","","","","","","","","","","","","","","","","","","","","","","","","","","","","","","","","","","","","","","","","","","","","","","",""
"83069002","PORQUEROLLES",43.,6.226833,135,1981053100,"","","","",9.,1,40,1,"","","","","","","","","","","","","","","","","","","","","","","","","","","","",16.1,1,8.1,1,"","","","","","","","","","","","","","","","","","","","","","","","","","",60,1,"","","","","","","","","","","","",11.,1,1016.8,1,"","","","","","","","","","","","","","","","","","","","","","","","","","","","","","","","","","","","","","","","","","","","","","","","","","","","","","","","","","","","","","","","","","","","","","","","","","","","","","","","","","","","","","","","","","","","","","","","","","","","","","","","","","","","","","","","","",""
"83069002","PORQUEROLLES",43.,6.226833,135,1981053103,"","","","",8.,1,20,1,"","","","","","","","","","","","","","","","","","","","","","","","","","","","",16.,1,9.,1,"","","","","","","","","","","","","","","","","","","","","","","","","","",64,1,"","","","","","","","","","","","",11.7,1,1016.2,1,"","","","","","",0,1,"","",0,1,0,1,0,1,"","","","","","","","","","","","","","","","","","","","","","","","",18000,1,"","",0,1,"","","","","","","","","","","","",3,1,90,1,"","","","","","","","","","","","","","","","","","","","","","","","","","","","","","","","","","","","","","","","","","","","","","","","","","","",""
"83069002","PORQUEROLLES",43.,6.226833,135,1981053106,"","","","",11.,1,40,1,"","","","","","","","","","","","","","","","","","","","","","","","","","","","",17.5,1,10.3,1,"","","","","","","","","","","","","","","","","","","","","","","","","","",64,1,"","","","","","","","","","","","",12.8,1,1016.4,1,"","","","","","",0,1,"","",0,1,0,1,0,1,"","","","","","","","","","","","","","","","","","","","","","","","",28000,1,"","",2,1,0,1,"","",0,1,"","","","","","",3,1,90,1,"","","","","","","","","","","","","","","","","","","","","","","","","","","","","","","","","","","","","","","","","","","","","","","","","","","",""
"83069002","PORQUEROLLES",43.,6.226833,135,1981053109,"","","","",16.,1,40,1,"","","","","","","","","","","","","","","","","","","","","","","","","","","","",22.,1,10.8,1,"","","","","","","","","","","","","","","","","","","","","","","","","","",50,1,"","","","","","","","","","","","",13.2,1,1016.4,1,"","","","","","",0,1,"","",0,1,0,1,0,1,"","","","","","","","","","","","","","","","","","","","","","","","",28000,1,"","",2,1,0,1,"","","","","","","","","","",3,1,90,1,"","","","","","","","","","","","","","","","","","","","","","","","","","","","","","","","","","","","","","","","","","","","","","","","","","","",""
"83069002","PORQUEROLLES",43.,6.226833,135,1981053112,"","","","",17.,1,40,1,"","","","","","","","","","","","","","","","","","","","","","","","","","","","",25.1,1,13.3,1,"","","","","","","","","","","","","","","","","","","","","","","","","","",49,1,"","","","","","","","","","","","",15.7,1,1016.2,1,"","","","","","",4,1,0,1,1,1,0,1,1,1,"","","","","","","","","","","","","","","","","","","","","","","","",20000,1,"","",3,1,0,1,"","","","","","","","","","",3,1,90,1,"","","","","","","","","","","","","","","","","","","","","","","","","","","","","","","","","","","","","","","","","","","","","","","","","","","",""
"83069002","PORQUEROLLES",43.,6.226833,135,1981053115,"","","","",14.,1,40,1,"","","","","","","","","","","","","","","","","","","","","","","","","","","","",25.5,1,14.7,1,"","","","","","","","","","","","","","","","","","","","","","","","","","",53,1,"","","","","","","","","","","","",17.2,1,1015.5,1,"","","","","","",3,1,0,1,1,1,0,1,1,1,"","","","","","","","","","","","","","","","","","","","","","","","",20000,1,"","",2,1,0,1,"","","","","","","","","","",3,1,90,1,"","","","","","","","","","","","","","","","","","","","","","","","","","","","","","","","","","","","","","","","","","","","","","","","","","","",""
"83069002","PORQUEROLLES",43.,6.226833,135,1981053118,"","","","",7.,1,20,1,"","","","","","","","","","","","","","","","","","","","","","","","","","","","",21.8,1,13.1,1,"","","","","","","","","","","","","","","","","","","","","","","","","","",59,1,"","","","","","","","","","","","",15.4,1,1015.9,1,"","","","","","",5,1,5,1,0,1,5,1,0,1,"","","","","","","","","","","","","","","","","","","","","","","","",22000,1,"","",3,1,1,1,"","","","","","","","","","",3,1,90,1,"","","","","","","","","","","","","","","","","","","","","","","","","","","","","","","","","","","","","","","","","","","","","","","","","","","",""
"83069002","PORQUEROLLES",43.,6.226833,135,1981053121,"","","","",7.,1,40,1,"","","","","","","","","","","","","","","","","","","","","","","","","","","","",20.2,1,10.9,1,"","","","","","","","","","","","","","","","","","","","","","","","","","",56,1,"","","","","","","","","","","","",13.3,1,1017.2,1,"","","","","","",5,1,5,1,0,1,3,1,0,1,"","","","","","","","","","","","","","","","","","","","","","","","",22000,1,"","",2,1,2,1,"","","","","","","","","","",3,1,90,1,"","","","","","","","","","","","","","","","","","","","","","","","","","","","","","","","","","","","","","","","","","","","","","","","","","","",""
"83069002","PORQUEROLLES",43.,6.226833,135,1981060100,"","","","",7.,1,20,1,"","","","","","","","","","","","","","","","","","","","","","","","","","","","",18.2,1,12.2,1,"","","","","","","","","","","","","","","","","","","","","","","","","","",70,1,"","","","","","","","","","","","",14.6,1,1016.6,1,"","","","","","","","","","","","","","","","","","","","","","","","","","","","","","","","","","","","","","","","","","","","","","","","","","","","","","","","","","","","","","","","","","","","","","","","","","","","","","","","","","","","","","","","","","","","","","","","","","","","","","","","","","","","","","","","","",""
"83069002","PORQUEROLLES",43.,6.226833,135,1981060103,"","","","",8.,1,40,1,"","","","","","","","","","","","","","","","","","","","","","","","","","","","",17.5,1,12.7,1,"","","","","","","","","","","","","","","","","","","","","","","","","","",75,1,"","","","","","","","","","","","",15.1,1,1016.2,1,"","","","","","",0,1,"","",0,1,0,1,0,1,"","","","","","","","","","","","","","","","","","","","","","","","",20000,1,"","",0,1,"","","","","","","","","","","","",3,1,90,1,"","","","","","","","","","","","","","","","","","","","","","","","","","","","","","","","","","","","","","","","","","","","","","","","","","","",""
"83069002","PORQUEROLLES",43.,6.226833,135,1981060106,"","","","",7.,1,60,1,"","","","","","","","","","","","","","","","","","","","","","","","","","","","",18.5,1,12.8,1,"","","","","","","","","","","","","","","","","","","","","","","","","","",72,1,"","","","","","","","","","","","",15.2,1,1016.6,1,"","","","","","",0,1,"","",0,1,0,1,0,1,"","","","","","","","","","","","","","","","","","","","","","","","",28000,1,"","",2,1,0,1,"","",0,1,"","","","","","",3,1,90,1,"","","","","","","","","","","","","","","","","","","","","","","","","","","","","","","","","","","","","","","","","","","","","","","","","","","",""
"83069002","PORQUEROLLES",43.,6.226833,135,1981060109,"","","","",9.,1,40,1,"","","","","","","","","","","","","","","","","","","","","","","","","","","","",22.8,1,15.4,1,"","","","","","","","","","","","","","","","","","","","","","","","","","",65,1,"","","","","","","","","","","","",18.1,1,1016.1,1,"","","","","","",1,1,0,1,0,1,0,1,1,1,"","","","","","","","","","","","","","","","","","","","","","","","",15000,1,"","",3,1,0,1,"","","","","","","","","","",3,1,90,1,"","","","","","","","","","","","","","","","","","","","","","","","","","","","","","","","","","","","","","","","","","","","","","","","","","","",""
"83069002","PORQUEROLLES",43.,6.226833,135,1981060112,"","","","",10.,1,40,1,"","","","","","","","","","","","","","","","","","","","","","","","","","","","",25.4,1,15.2,1,"","","","","","","","","","","","","","","","","","","","","","","","","","",55,1,"","","","","","","","","","","","",17.8,1,1015.9,1,"","","","","","",1,1,0,1,0,1,0,1,1,1,"","","","","","","","","","","","","","","","","","","","","","","","",15000,1,"","",2,1,0,1,"","","","","","","","","","",3,1,90,1,"","","","","","","","","","","","","","","","","","","","","","","","","","","","","","","","","","","","","","","","","","","","","","","","","","","",""
"83069002","PORQUEROLLES",43.,6.226833,135,1981060115,"","","","",11.,1,60,1,"","","","","","","","","","","","","","","","","","","","","","","","","","","","",23.3,1,15.4,1,"","","","","","","","","","","","","","","","","","","","","","","","","","",63,1,"","","","","","","","","","","","",18.1,1,1016.,1,"","","","","","",0,1,"","",0,1,0,1,0,1,"","","","","","","","","","","","","","","","","","","","","","","","",12000,1,"","",1,1,0,1,"","","","","","","","","","",4,1,90,1,"","","","","","","","","","","","","","","","","","","","","","","","","","","","","","","","","","","","","","","","","","","","","","","","","","","",""
"83069002","PORQUEROLLES",43.,6.226833,135,1981060118,"","","","",10.,1,60,1,"","","","","","","","","","","","","","","","","","","","","","","","","","","","",21.6,1,14.4,1,"","","","","","","","","","","","","","","","","","","","","","","","","","",66,1,"","","","","","","","","","","","",16.9,1,1015.9,1,"","","","","","",0,1,"","",0,1,0,1,0,1,"","","","","","","","","","","","","","","","","","","","","","","","",12000,1,"","",2,1,0,1,"","","","","","","","","","",3,1,90,1,"","","","","","","","","","","","","","","","","","","","","","","","","","","","","","","","","","","","","","","","","","","","","","","","","","","",""
"83069002","PORQUEROLLES",43.,6.226833,135,1981060121,"","","","",6.,1,40,1,"","","","","","","","","","","","","","","","","","","","","","","","","","","","",17.8,1,14.2,1,"","","","","","","","","","","","","","","","","","","","","","","","","","",82,1,"","","","","","","","","","","","",16.7,1,1017.2,1,"","","","","","",0,1,"","",0,1,0,1,0,1,"","","","","","","","","","","","","","","","","","","","","","","","",15000,1,"","",2,1,0,1,"","","","","","","","","","",3,1,90,1,"","","","","","","","","","","","","","","","","","","","","","","","","","","","","","","","","","","","","","","","","","","","","","","","","","","",""
"83069002","PORQUEROLLES",43.,6.226833,135,1981060200,"","","","",8.,1,40,1,"","","","","","","","","","","","","","","","","","","","","","","","","","","","",18.6,1,13.9,1,"","","","","","","","","","","","","","","","","","","","","","","","","","",76,1,"","","","","","","","","","","","",16.3,1,1017.2,1,"","","","","","","","","","","","","","","","","","","","","","","","","","","","","","","","","","","","","","","","","","","","","","","","","","","","","","","","","","","","","","","","","","","","","","","","","","","","","","","","","","","","","","","","","","","","","","","","","","","","","","","","","","","","","","","","","",""
"83069002","PORQUEROLLES",43.,6.226833,135,1981060203,"","","","",6.,1,40,1,"","","","","","","","","","","","","","","","","","","","","","","","","","","","",17.,1,13.8,1,"","","","","","","","","","","","","","","","","","","","","","","","","","",84,1,"","","","","","","","","","","","",16.2,1,1016.7,1,"","","","","","",6,1,6,1,0,1,0,1,1,1,"","","","","","","","","","","","","","","","","","","","","","","","",12000,1,"","",0,1,"","","","","","","","","","","","",2,1,90,1,"","","","","","","","","","","","","","","","","","","","","","","","","","","","","","","","","","","","","","","","","","","","","","","","","","","",""
"83069002","PORQUEROLLES",43.,6.226833,135,1981060206,"","","","",5.,1,40,1,"","","","","","","","","","","","","","","","","","","","","","","","","","","","",18.8,1,15.3,1,"","","","","","","","","","","","","","","","","","","","","","","","","","",83,1,"","","","","","","","","","","","",17.9,1,1016.8,1,"","","","","","",0,1,"","",0,1,0,1,0,1,"","","","","","","","","","","","","","","","","","","","","","","","",10000,1,"","",1,1,1,1,"","",0,1,"","","","","","",2,1,90,1,"","","","","","","","","","","","","","","","","","","","","","","","","","","","","","","","","","","","","","","","","","","","","","","","","","","",""
"83069002","PORQUEROLLES",43.,6.226833,135,1981060209,"","","","",8.,1,40,1,"","","","","","","","","","","","","","","","","","","","","","","","","","","","",24.5,1,15.1,1,"","","","","","","","","","","","","","","","","","","","","","","","","","",57,1,"","","","","","","","","","","","",17.6,1,1016.5,1,"","","","","","",0,1,"","",0,1,0,1,0,1,"","","","","","","","","","","","","","","","","","","","","","","","",12000,1,"","",2,1,0,1,"","","","","","","","","","",2,1,0,1,"","","","","","","","","","","","","","","","","","","","","","","","","","","","","","","","","","","","","","","","","","","","","","","","","","","",""
"83069002","PORQUEROLLES",43.,6.226833,135,1981060212,"","","","",5.,1,80,1,"","","","","","","","","","","","","","","","","","","","","","","","","","","","",25.7,1,17.4,1,"","","","","","","","","","","","","","","","","","","","","","","","","","",62,1,"","","","","","","","","","","","",20.5,1,1016.9,1,"","","","","","",0,1,"","",0,1,0,1,0,1,"","","","","","","","","","","","","","","","","","","","","","","","",10000,1,"","",2,1,0,1,"","","","","","","","","","",2,1,0,1,"","","","","","","","","","","","","","","","","","","","","","","","","","","","","","","","","","","","","","","","","","","","","","","","","","","",""
"83069002","PORQUEROLLES",43.,6.226833,135,1981060215,"","","","",3.,1,100,1,"","","","","","","","","","","","","","","","","","","","","","","","","","","","",23.,1,16.1,1,"","","","","","","","","","","","","","","","","","","","","","","","","","",67,1,"","","","","","","","","","","","",18.8,1,1017.4,1,"","","","","","",0,1,"","",0,1,0,1,0,1,"","","","","","","","","","","","","","","","","","","","","","","","",10000,1,"","",2,1,0,1,"","","","","","","","","","",2,1,0,1,"","","","","","","","","","","","","","","","","","","","","","","","","","","","","","","","","","","","","","","","","","","","","","","","","","","",""
"83069002","PORQUEROLLES",43.,6.226833,135,1981060218,"","","","",6.,1,80,1,"","","","","","","","","","","","","","","","","","","","","","","","","","","","",20.5,1,16.9,1,"","","","","","","","","","","","","","","","","","","","","","","","","","",83,1,"","","","","","","","","","","","",19.9,1,1016.,1,"","","","","","",0,1,"","",0,1,0,1,0,1,"","","","","","","","","","","","","","","","","","","","","","","","",12000,1,"","",2,1,0,1,"","","","","","","","","","",2,1,0,1,"","","","","","","","","","","","","","","","","","","","","","","","","","","","","","","","","","","","","","","","","","","","","","","","","","","",""
"83069002","PORQUEROLLES",43.,6.226833,135,1981060221,"","","","",2.,1,80,1,"","","","","","","","","","","","","","","","","","","","","","","","","","","","",17.6,1,15.8,1,"","","","","","","","","","","","","","","","","","","","","","","","","","",92,1,"","","","","","","","","","","","",18.5,1,1017.3,1,"","","","","","",0,1,"","",0,1,0,1,0,1,"","","","","","","","","","","","","","","","","","","","","","","","",18000,1,"","",2,1,0,1,"","","","","","","","","","",2,1,0,1,"","","","","","","","","","","","","","","","","","","","","","","","","","","","","","","","","","","","","","","","","","","","","","","","","","","",""
"83069002","PORQUEROLLES",43.,6.226833,135,1981060300,"","","","",0.,1,0,1,"","","","","","","","","","","","","","","","","","","","","","","","","","","","",17.4,1,16.2,1,"","","","","","","","","","","","","","","","","","","","","","","","","","","","","","","","","","","","","","","","",19.,1,1016.7,1,"","","","","","","","","","","","","","","","","","","","","","","","","","","","","","","","","","","","","","","","","","","","","","","","","","","","","","","","","","","","","","","","","","","","","","","","","","","","","","","","","","","","","","","","","","","","","","","","","","","","","","","","","","","","","","","","","",""
"83069002","PORQUEROLLES",43.,6.226833,135,1981060303,"","","","",0.,1,0,1,"","","","","","","","","","","","","","","","","","","","","","","","","","","","",17.3,1,16.3,1,"","","","","","","","","","","","","","","","","","","","","","","","","","",97,1,"","","","","","","","","","","","",19.1,1,1016.1,1,"","","","","","",4,1,0,1,1,1,0,1,0,1,"","","","","","","","","","","","","","","","","","","","","","","","",20000,1,"","",0,1,"","","","","","","","","","","","",2,1,0,1,"","","","","","","","","","","","","","","","","","","","","","","","","","","","","","","","","","","","","","","","","","","","","","","","","","","",""
"83069002","PORQUEROLLES",43.,6.226833,135,1981060306,"","","","",2.,1,260,1,"","","","","","","","","","","","","","","","","","","","","","","","","","","","",16.4,1,14.9,1,"","","","","","","","","","","","","","","","","","","","","","","","","","",94,1,"","","","","","","","","","","","",17.5,1,1016.2,1,"","","","","","",6,1,0,1,9,1,2,1,1,1,"","","","","","","","","","","","","","","","","","","","","","","","",12000,1,"","",3,1,2,1,"","",0,1,"","","","","","",2,1,0,1,"","","","","","","","","","","","","","","","","","","","","","","","","","","","","","","","","","","","","","","","","","","","","","","","","","","",""
"83069002","PORQUEROLLES",43.,6.226833,135,1981060309,"","","","",0.,1,0,1,"","","","","","","","","","","","","","","","","","","","","","","","","","","","",21.6,1,16.6,1,"","","","","","","","","","","","","","","","","","","","","","","","","","",81,1,"","","","","","","","","","","","",19.6,1,1014.6,1,"","","","","","",4,1,0,1,0,1,0,1,8,1,"","","","","","","","","","","","","","","","","","","","","","","","",12000,1,"","",1,1,2,1,"","","","","","","","","","",2,1,0,1,"","","","","","","","","","","","","","","","","","","","","","","","","","","","","","","","","","","","","","","","","","","","","","","","","","","",""
"83069002","PORQUEROLLES",43.,6.226833,135,1981060312,"","","","",4.,1,220,1,"","","","","","","","","","","","","","","","","","","","","","","","","","","","",22.,1,16.6,1,"","","","","","","","","","","","","","","","","","","","","","","","","","",74,1,"","","","","","","","","","","","",19.6,1,1014.6,1,"","","","","","",4,1,0,1,0,1,0,1,2,1,"","","","","","","","","","","","","","","","","","","","","","","","",12000,1,"","",2,1,0,1,"","","","","","","","","","",2,1,0,1,"","","","","","","","","","","","","","","","","","","","","","","","","","","","","","","","","","","","","","","","","","","","","","","","","","","",""
"83069002","PORQUEROLLES",43.,6.226833,135,1981060315,"","","","",6.,1,240,1,"","","","","","","","","","","","","","","","","","","","","","","","","","","","",20.,1,17.9,1,"","","","","","","","","","","","","","","","","","","","","","","","","","",91,1,"","","","","","","","","","","","",21.3,1,1014.1,1,"","","","","","",8,1,8,1,0,1,1,1,0,1,"","","","","","","","","","","","","","","","","","","","","","","","",10000,1,"","",3,1,0,1,"","","","","","","","","","",2,1,0,1,"","","","","","","","","","","","","","","","","","","","","","","","","","","","","","","","","","","","","","","","","","","","","","","","","","","",""
"83069002","PORQUEROLLES",43.,6.226833,135,1981060318,"","","","",7.,1,220,1,"","","","","","","","","","","","","","","","","","","","","","","","","","","","",18.3,1,17.1,1,"","","","","","","","","","","","","","","","","","","","","","","","","","",93,1,"","","","","","","","","","","","",20.2,1,1013.8,1,"","","","","","",6,1,6,1,6,1,7,1,0,1,"","","","","","","","","","","","","","","","","","","","","","","","",5000,1,"","",3,1,2,1,"","","","","","","","","","",2,1,230,1,"","","","","","","","","","","","","","","","","","","","","","","","","","","","","","","","","","","","","","","","","","","","","","","","","","","",""
"83069002","PORQUEROLLES",43.,6.226833,135,1981060321,"","","","",7.,1,240,1,"","","","","","","","","","","","","","","","","","","","","","","","","","","","",17.5,1,16.3,1,"","","","","","","","","","","","","","","","","","","","","","","","","","",96,1,"","","","","","","","","","","","",19.2,1,1014.8,1,"","","","","","",6,1,6,1,6,1,7,1,0,1,"","","","","","","","","","","","","","","","","","","","","","","","",5000,1,"","",2,1,2,1,"","","","","","","","","","",2,1,230,1,"","","","","","","","","","","","","","","","","","","","","","","","","","","","","","","","","","","","","","","","","","","","","","","","","","","",""
"83069002","PORQUEROLLES",43.,6.226833,135,1981060400,"","","","",10.,1,260,1,"","","","","","","","","","","","","","","","","","","","","","","","","","","","",16.8,1,13.9,1,"","","","","","","","","","","","","","","","","","","","","","","","","","",85,1,"","","","","","","","","","","","",16.3,1,1014.3,1,"","","","","","","","","","","","","","","","","","","","","","","","","","","","","","","","","","","","","","","","","","","","","","","","","","","","","","","","","","","","","","","","","","","","","","","","","","","","","","","","","","","","","","","","","","","","","","","","","","","","","","","","","","","","","","","","","",""
"83069002","PORQUEROLLES",43.,6.226833,135,1981060403,"","","","",10.,1,240,1,"","","","","","","","","","","","","","","","","","","","","","","","","","","","",15.,1,12.8,1,"","","","","","","","","","","","","","","","","","","","","","","","","","",89,1,"","","","","","","","","","","","",15.2,1,1014.4,1,"","","","","","",2,1,0,1,0,1,8,1,0,1,"","","","","","","","","","","","","","","","","","","","","","","","",12000,1,"","",0,1,"","","","","","","","","","","","",3,1,270,1,"","","","","","","","","","","","","","","","","","","","","","","","","","","","","","","","","","","","","","","","","","","","","","","","","","","",""
"83069002","PORQUEROLLES",43.,6.226833,135,1981060406,"","","","",13.,1,240,1,"","","","","","","","","","","","","","","","","","","","","","","","","","","","",15.,1,12.8,1,"","","","","","","","","","","","","","","","","","","","","","","","","","",89,1,"","","","","","","","","","","","",15.2,1,1014.6,1,"","","","","","",2,1,0,1,0,1,0,1,2,1,"","","","","","","","","","","","","","","","","","","","","","","","",25000,1,"","",2,1,0,1,"","","","","","","","","","",3,1,270,1,"","","","","","","","","","","","","","","","","","","","","","","","","","","","","","","","","","","","","","","","","","","","","","","","","","","",""
"83069002","PORQUEROLLES",43.,6.226833,135,1981060409,"","","","",14.,1,260,1,"","","","","","","","","","","","","","","","","","","","","","","","","","","","",18.4,1,12.7,1,"","","","","","","","","","","","","","","","","","","","","","","","","","",71,1,"","","","","","","","","","","","",15.1,1,1014.1,1,"","","","","","",1,1,0,1,2,1,0,1,0,1,"","","","","","","","","","","","","","","","","","","","","","","","",25000,1,"","",1,1,0,1,"","","","","","","","","","",4,1,270,1,"","","","","","","","","","","","","","","","","","","","","","","","","","","","","","","","","","","","","","","","","","","","","","","","","","","",""
"83069002","PORQUEROLLES",43.,6.226833,135,1981060412,"","","","",15.,1,260,1,"","","","","","","","","","","","","","","","","","","","","","","","","","","","",20.6,1,12.2,1,"","","","","","","","","","","","","","","","","","","","","","","","","","",60,1,"","","","","","","","","","","","",14.6,1,1013.2,1,"","","","","","",1,1,0,1,9,1,0,1,0,1,"","","","","","","","","","","","","","","","","","","","","","","","",25000,1,"","",3,1,0,1,"","","","","","","","","","",4,1,270,1,"","","","","","","","","","","","","","","","","","","","","","","","","","","","","","","","","","","","","","","","","","","","","","","","","","","",""
"83069002","PORQUEROLLES",43.,6.226833,135,1981060415,"","","","",17.,1,240,1,"","","","","","","","","","","","","","","","","","","","","","","","","","","","",20.8,1,11.6,1,"","","","","","","","","","","","","","","","","","","","","","","","","","",57,1,"","","","","","","","","","","","",14.,1,1012.7,1,"","","","","","",1,1,0,1,2,1,0,1,3,1,"","","","","","","","","","","","","","","","","","","","","","","","",22000,1,"","",2,1,0,1,"","","","","","","","","","",4,1,270,1,"","","","","","","","","","","","","","","","","","","","","","","","","","","","","","","","","","","","","","","","","","","","","","","","","","","",""
"83069002","PORQUEROLLES",43.,6.226833,135,1981060418,"","","","",9.,1,240,1,"","","","","","","","","","","","","","","","","","","","","","","","","","","","",20.2,1,10.4,1,"","","","","","","","","","","","","","","","","","","","","","","","","","",55,1,"","","","","","","","","","","","",12.9,1,1013.9,1,"","","","","","",2,1,0,1,2,1,6,1,0,1,"","","","","","","","","","","","","","","","","","","","","","","","",35000,1,"","",3,1,0,1,"","","","","","","","","","",4,1,270,1,"","","","","","","","","","","","","","","","","","","","","","","","","","","","","","","","","","","","","","","","","","","","","","","","","","","",""
"83069002","PORQUEROLLES",43.,6.226833,135,1981060421,"","","","",4.,1,280,1,"","","","","","","","","","","","","","","","","","","","","","","","","","","","",17.3,1,9.5,1,"","","","","","","","","","","","","","","","","","","","","","","","","","",61,1,"","","","","","","","","","","","",12.1,1,1015.9,1,"","","","","","",0,1,"","",0,1,0,1,0,1,"","","","","","","","","","","","","","","","","","","","","","","","",35000,1,"","",1,1,0,1,"","","","","","","","","","",3,1,270,1,"","","","","","","","","","","","","","","","","","","","","","","","","","","","","","","","","","","","","","","","","","","","","","","","","","","",""
"83069002","PORQUEROLLES",43.,6.226833,135,1981060500,"","","","",2.,1,340,1,"","","","","","","","","","","","","","","","","","","","","","","","","","","","",16.4,1,9.8,1,"","","","","","","","","","","","","","","","","","","","","","","","","","",66,1,"","","","","","","","","","","","",12.3,1,1015.9,1,"","","","","","","","","","","","","","","","","","","","","","","","","","","","","","","","","","","","","","","","","","","","","","","","","","","","","","","","","","","","","","","","","","","","","","","","","","","","","","","","","","","","","","","","","","","","","","","","","","","","","","","","","","","","","","","","","",""
"83069002","PORQUEROLLES",43.,6.226833,135,1981060503,"","","","",4.,1,360,1,"","","","","","","","","","","","","","","","","","","","","","","","","","","","",15.,1,8.5,1,"","","","","","","","","","","","","","","","","","","","","","","","","","",66,1,"","","","","","","","","","","","",11.3,1,1015.8,1,"","","","","","",1,1,0,1,0,1,4,1,0,1,"","","","","","","","","","","","","","","","","","","","","","","","",35000,1,"","",0,1,"","","","","","","","","","","","",2,1,270,1,"","","","","","","","","","","","","","","","","","","","","","","","","","","","","","","","","","","","","","","","","","","","","","","","","","","",""
"83069002","PORQUEROLLES",43.,6.226833,135,1981060506,"","","","",4.,1,320,1,"","","","","","","","","","","","","","","","","","","","","","","","","","","","",15.5,1,9.3,1,"","","","","","","","","","","","","","","","","","","","","","","","","","",68,1,"","","","","","","","","","","","",11.9,1,1015.9,1,"","","","","","",0,1,"","",0,1,0,1,0,1,"","","","","","","","","","","","","","","","","","","","","","","","",40000,1,"","",1,1,0,1,"","",0,1,"","","","","","",3,1,270,1,"","","","","","","","","","","","","","","","","","","","","","","","","","","","","","","","","","","","","","","","","","","","","","","","","","","",""
"83069002","PORQUEROLLES",43.,6.226833,135,1981060509,"","","","",1.,1,120,1,"","","","","","","","","","","","","","","","","","","","","","","","","","","","",20.6,1,13.3,1,"","","","","","","","","","","","","","","","","","","","","","","","","","",65,1,"","","","","","","","","","","","",15.7,1,1016.3,1,"","","","","","",0,1,"","",0,1,0,1,0,1,"","","","","","","","","","","","","","","","","","","","","","","","",30000,1,"","",2,1,0,1,"","","","","","","","","","",2,1,0,1,"","","","","","","","","","","","","","","","","","","","","","","","","","","","","","","","","","","","","","","","","","","","","","","","","","","",""
"83069002","PORQUEROLLES",43.,6.226833,135,1981060512,"","","","",3.,1,160,1,"","","","","","","","","","","","","","","","","","","","","","","","","","","","",22.,1,13.4,1,"","","","","","","","","","","","","","","","","","","","","","","","","","",60,1,"","","","","","","","","","","","",15.8,1,1017.,1,"","","","","","",1,1,0,1,1,1,0,1,0,1,"","","","","","","","","","","","","","","","","","","","","","","","",20000,1,"","",3,1,0,1,"","","","","","","","","","",2,1,0,1,"","","","","","","","","","","","","","","","","","","","","","","","","","","","","","","","","","","","","","","","","","","","","","","","","","","",""
"83069002","PORQUEROLLES",43.,6.226833,135,1981060515,"","","","",3.,1,220,1,"","","","","","","","","","","","","","","","","","","","","","","","","","","","",23.5,1,13.9,1,"","","","","","","","","","","","","","","","","","","","","","","","","","",56,1,"","","","","","","","","","","","",16.3,1,1017.4,1,"","","","","","",1,1,0,1,1,1,0,1,0,1,"","","","","","","","","","","","","","","","","","","","","","","","",25000,1,"","",2,1,0,1,"","","","","","","","","","",2,1,0,1,"","","","","","","","","","","","","","","","","","","","","","","","","","","","","","","","","","","","","","","","","","","","","","","","","","","",""
"83069002","PORQUEROLLES",43.,6.226833,135,1981060518,"","","","",4.,1,260,1,"","","","","","","","","","","","","","","","","","","","","","","","","","","","",19.5,1,13.4,1,"","","","","","","","","","","","","","","","","","","","","","","","","","",70,1,"","","","","","","","","","","","",15.8,1,1016.,1,"","","","","","",0,1,"","",0,1,0,1,0,1,"","","","","","","","","","","","","","","","","","","","","","","","",25000,1,"","",1,1,0,1,"","","","","","","","","","",2,1,0,1,"","","","","","","","","","","","","","","","","","","","","","","","","","","","","","","","","","","","","","","","","","","","","","","","","","","",""
"83069002","PORQUEROLLES",43.,6.226833,135,1981060521,"","","","",5.,1,280,1,"","","","","","","","","","","","","","","","","","","","","","","","","","","","",16.7,1,13.7,1,"","","","","","","","","","","","","","","","","","","","","","","","","","",84,1,"","","","","","","","","","","","",16.1,1,1016.1,1,"","","","","","",1,1,0,1,4,1,0,1,0,1,"","","","","","","","","","","","","","","","","","","","","","","","",20000,1,"","",3,1,0,1,"","","","","","","","","","",2,1,0,1,"","","","","","","","","","","","","","","","","","","","","","","","","","","","","","","","","","","","","","","","","","","","","","","","","","","",""
"83069002","PORQUEROLLES",43.,6.226833,135,1981060600,"","","","",5.,1,280,1,"","","","","","","","","","","","","","","","","","","","","","","","","","","","",17.3,1,14.8,1,"","","","","","","","","","","","","","","","","","","","","","","","","","","","","","","","","","","","","","","","",17.3,1,1015.5,1,"","","","","","","","","","","","","","","","","","","","","","","","","","","","","","","","","","","","","","","","","","","","","","","","","","","","","","","","","","","","","","","","","","","","","","","","","","","","","","","","","","","","","","","","","","","","","","","","","","","","","","","","","","","","","","","","","",""
"83069002","PORQUEROLLES",43.,6.226833,135,1981060603,"","","","",2.,1,340,1,"","","","","","","","","","","","","","","","","","","","","","","","","","","","",15.4,1,14.3,1,"","","","","","","","","","","","","","","","","","","","","","","","","","",96,1,"","","","","","","","","","","","",16.7,1,1014.6,1,"","","","","","",4,1,0,1,1,1,4,1,1,1,"","","","","","","","","","","","","","","","","","","","","","","","",20000,1,"","",0,1,"","","","","","","","","","","","",2,1,0,1,"","","","","","","","","","","","","","","","","","","","","","","","","","","","","","","","","","","","","","","","","","","","","","","","","","","",""
"83069002","PORQUEROLLES",43.,6.226833,135,1981060606,"","","","",3.,1,60,1,"","","","","","","","","","","","","","","","","","","","","","","","","","","","",17.9,1,14.3,1,"","","","","","","","","","","","","","","","","","","","","","","","","","",82,1,"","","","","","","","","","","","",16.7,1,1014.6,1,"","","","","","",3,1,0,1,0,1,0,1,1,1,"","","","","","","","","","","","","","","","","","","","","","","","",15000,1,"","",1,1,0,1,"","",0,1,"","","","","","",2,1,0,1,"","","","","","","","","","","","","","","","","","","","","","","","","","","","","","","","","","","","","","","","","","","","","","","","","","","",""
"83069002","PORQUEROLLES",43.,6.226833,135,1981060609,"","","","",3.,1,120,1,"","","","","","","","","","","","","","","","","","","","","","","","","","","","",20.6,1,17.8,1,"","","","","","","","","","","","","","","","","","","","","","","","","","",87,1,"","","","","","","","","","","","",21.1,1,1015.3,1,"","","","","","",3,1,0,1,0,1,0,1,1,1,"","","","","","","","","","","","","","","","","","","","","","","","",15000,1,"","",2,1,0,1,"","","","","","","","","","",2,1,0,1,"","","","","","","","","","","","","","","","","","","","","","","","","","","","","","","","","","","","","","","","","","","","","","","","","","","",""
"83069002","PORQUEROLLES",43.,6.226833,135,1981060612,"","","","",3.,1,120,1,"","","","","","","","","","","","","","","","","","","","","","","","","","","","",23.5,1,19.1,1,"","","","","","","","","","","","","","","","","","","","","","","","","","",79,1,"","","","","","","","","","","","",22.9,1,1015.1,1,"","","","","","",3,1,0,1,0,1,0,1,1,1,"","","","","","","","","","","","","","","","","","","","","","","","",15000,1,"","",2,1,0,1,"","","","","","","","","","",2,1,0,1,"","","","","","","","","","","","","","","","","","","","","","","","","","","","","","","","","","","","","","","","","","","","","","","","","","","",""
"83069002","PORQUEROLLES",43.,6.226833,135,1981060615,"","","","",3.,1,120,1,"","","","","","","","","","","","","","","","","","","","","","","","","","","","",25.,1,18.3,1,"","","","","","","","","","","","","","","","","","","","","","","","","","",69,1,"","","","","","","","","","","","",21.7,1,1015.,1,"","","","","","",3,1,0,1,0,1,0,1,1,1,"","","","","","","","","","","","","","","","","","","","","","","","",15000,1,"","",2,1,0,1,"","","","","","","","","","",2,1,0,1,"","","","","","","","","","","","","","","","","","","","","","","","","","","","","","","","","","","","","","","","","","","","","","","","","","","",""
"83069002","PORQUEROLLES",43.,6.226833,135,1981060618,"","","","",3.,1,120,1,"","","","","","","","","","","","","","","","","","","","","","","","","","","","",20.5,1,17.8,1,"","","","","","","","","","","","","","","","","","","","","","","","","","",87,1,"","","","","","","","","","","","",21.,1,1015.2,1,"","","","","","",2,1,0,1,3,1,0,1,0,1,"","","","","","","","","","","","","","","","","","","","","","","","",15000,1,"","",3,1,0,1,"","","","","","","","","","",2,1,0,1,"","","","","","","","","","","","","","","","","","","","","","","","","","","","","","","","","","","","","","","","","","","","","","","","","","","",""
"83069002","PORQUEROLLES",43.,6.226833,135,1981060621,"","","","",3.,1,120,1,"","","","","","","","","","","","","","","","","","","","","","","","","","","","",18.,1,17.2,1,"","","","","","","","","","","","","","","","","","","","","","","","","","",98,1,"","","","","","","","","","","","",20.2,1,1016.4,1,"","","","","","",1,1,0,1,0,1,0,1,1,1,"","","","","","","","","","","","","","","","","","","","","","","","",5000,1,"","",1,1,0,1,"","","","","","","","","","",2,1,0,1,"","","","","","","","","","","","","","","","","","","","","","","","","","","","","","","","","","","","","","","","","","","","","","","","","","","",""
"83069002","PORQUEROLLES",43.,6.226833,135,1981060700,"","","","",2.,1,60,1,"","","","","","","","","","","","","","","","","","","","","","","","","","","","",18.,1,18.,1,"","","","","","","","","","","","","","","","","","","","","","","","","","",100,1,"","","","","","","","","","","","",20.7,1,1016.,1,"","","","","","","","","","","","","","","","","","","","","","","","","","","","","","","","","","","","","","","","","","","","","","","","","","","","","","","","","","","","","","","","","","","","","","","","","","","","","","","","","","","","","","","","","","","","","","","","","","","","","","","","","","","","","","","","","",""
"83069002","PORQUEROLLES",43.,6.226833,135,1981060703,"","","","",3.,1,80,1,"","","","","","","","","","","","","","","","","","","","","","","","","","","","",16.5,1,16.5,1,"","","","","","","","","","","","","","","","","","","","","","","","","","",100,1,"","","","","","","","","","","","",18.8,1,1015.9,1,"","","","","","",3,1,0,1,0,1,0,1,1,1,"","","","","","","","","","","","","","","","","","","","","","","","",5000,1,"","",0,1,"","","","","","","","","","","","",2,1,90,1,"","","","","","","","","","","","","","","","","","","","","","","","","","","","","","","","","","","","","","","","","","","","","","","","","","","",""
"83069002","PORQUEROLLES",43.,6.226833,135,1981060706,"","","","",4.,1,80,1,"","","","","","","","","","","","","","","","","","","","","","","","","","","","",17.,1,17.,1,"","","","","","","","","","","","","","","","","","","","","","","","","","",100,1,"","","","","","","","","","","","",19.4,1,1016.2,1,"","","","","","",4,1,0,1,2,1,0,1,0,1,"","","","","","","","","","","","","","","","","","","","","","","","",10000,1,"","",3,1,0,1,"","","","","","","","","","",2,1,90,1,"","","","","","","","","","","","","","","","","","","","","","","","","","","","","","","","","","","","","","","","","","","","","","","","","","","",""
"83069002","PORQUEROLLES",43.,6.226833,135,1981060709,"","","","",4.,1,120,1,"","","","","","","","","","","","","","","","","","","","","","","","","","","","",21.2,1,17.1,1,"","","","","","","","","","","","","","","","","","","","","","","","","","",80,1,"","","","","","","","","","","","",20.2,1,1016.4,1,"","","","","","",0,1,"","",0,1,0,1,0,1,"","","","","","","","","","","","","","","","","","","","","","","","",6000,1,"","",1,1,0,1,"","","","","","","","","","",2,1,90,1,"","","","","","","","","","","","","","","","","","","","","","","","","","","","","","","","","","","","","","","","","","","","","","","","","","","",""
"83069002","PORQUEROLLES",43.,6.226833,135,1981060712,"","","","",5.,1,120,1,"","","","","","","","","","","","","","","","","","","","","","","","","","","","",22.7,1,18.5,1,"","","","","","","","","","","","","","","","","","","","","","","","","","",80,1,"","","","","","","","","","","","",22.1,1,1016.6,1,"","","","","","",1,1,0,1,3,1,0,1,2,1,"","","","","","","","","","","","","","","","","","","","","","","","",6000,1,"","",3,1,0,1,"","","","","","","","","","",2,1,90,1,"","","","","","","","","","","","","","","","","","","","","","","","","","","","","","","","","","","","","","","","","","","","","","","","","","","",""
"83069002","PORQUEROLLES",43.,6.226833,135,1981060715,"","","","",4.,1,120,1,"","","","","","","","","","","","","","","","","","","","","","","","","","","","",22.7,1,19.5,1,"","","","","","","","","","","","","","","","","","","","","","","","","","",85,1,"","","","","","","","","","","","",23.5,1,1016.6,1,"","","","","","",6,1,6,1,0,1,0,1,6,1,"","","","","","","","","","","","","","","","","","","","","","","","",6000,1,"","",3,1,1,1,"","","","","","","","","","",2,1,90,1,"","","","","","","","","","","","","","","","","","","","","","","","","","","","","","","","","","","","","","","","","","","","","","","","","","","",""
"83069002","PORQUEROLLES",43.,6.226833,135,1981060718,"","","","",2.,1,120,1,"","","","","","","","","","","","","","","","","","","","","","","","","","","","",18.7,1,17.9,1,"","","","","","","","","","","","","","","","","","","","","","","","","","",98,1,"","","","","","","","","","","","",21.2,1,1016.5,1,"","","","","","",7,1,7,1,0,1,0,1,6,1,"","","","","","","","","","","","","","","","","","","","","","","","",6000,1,"","",3,1,1,1,"","","","","","","","","","",2,1,90,1,"","","","","","","","","","","","","","","","","","","","","","","","","","","","","","","","","","","","","","","","","","","","","","","","","","","",""
"83069002","PORQUEROLLES",43.,6.226833,135,1981060721,"","","","",2.,1,80,1,"","","","","","","","","","","","","","","","","","","","","","","","","","","","",17.4,1,15.8,1,"","","","","","","","","","","","","","","","","","","","","","","","","","",94,1,"","","","","","","","","","","","",18.6,1,1017.1,1,"","","","","","",2,1,0,1,0,1,0,1,2,1,"","","","","","","","","","","","","","","","","","","","","","","","",8000,1,"","",1,1,1,1,"","","","","","","","","","",2,1,90,1,"","","","","","","","","","","","","","","","","","","","","","","","","","","","","","","","","","","","","","","","","","","","","","","","","","","",""
"83069002","PORQUEROLLES",43.,6.226833,135,1981060800,"","","","",2.,1,80,1,"","","","","","","","","","","","","","","","","","","","","","","","","","","","",17.,1,16.2,1,"","","","","","","","","","","","","","","","","","","","","","","","","","",98,1,"","","","","","","","","","","","",19.,1,1017.3,1,"","","","","","","","","","","","","","","","","","","","","","","","","","","","","","","","","","","","","","","","","","","","","","","","","","","","","","","","","","","","","","","","","","","","","","","","","","","","","","","","","","","","","","","","","","","","","","","","","","","","","","","","","","","","","","","","","",""
"83069002","PORQUEROLLES",43.,6.226833,135,1981060803,"","","","",4.,1,80,1,"","","","","","","","","","","","","","","","","","","","","","","","","","","","",16.3,1,15.2,1,"","","","","","","","","","","","","","","","","","","","","","","","","","",98,1,"","","","","","","","","","","","",17.8,1,1017.5,1,"","","","","","",4,1,0,1,6,1,0,1,2,1,"","","","","","","","","","","","","","","","","","","","","","","","",5000,1,"","",0,1,"","","","","","","","","","","","",2,1,90,1,"","","","","","","","","","","","","","","","","","","","","","","","","","","","","","","","","","","","","","","","","","","","","","","","","","","",""
"83069002","PORQUEROLLES",43.,6.226833,135,1981060806,"","","","",4.,1,80,1,"","","","","","","","","","","","","","","","","","","","","","","","","","","","",17.3,1,15.9,1,"","","","","","","","","","","","","","","","","","","","","","","","","","",95,1,"","","","","","","","","","","","",18.7,1,1017.6,1,"","","","","","",6,1,5,1,6,1,0,1,2,1,"","","","","","","","","","","","","","","","","","","","","","","","",3000,1,"","",10,1,2,1,"","",0,1,"","","","","","",2,1,130,1,"","","","","","","","","","","","","","","","","","","","","","","","","","","","","","","","","","","","","","","","","","","","","","","","","","","",""
"83069002","PORQUEROLLES",43.,6.226833,135,1981060809,"","","","",3.,1,120,1,"","","","","","","","","","","","","","","","","","","","","","","","","","","","",21.5,1,16.8,1,"","","","","","","","","","","","","","","","","","","","","","","","","","",77,1,"","","","","","","","","","","","",19.8,1,1018.2,1,"","","","","","",5,1,5,1,6,1,0,1,2,1,"","","","","","","","","","","","","","","","","","","","","","","","",4000,1,"","",10,1,2,1,"","","","","","","","","","",2,1,0,1,"","","","","","","","","","","","","","","","","","","","","","","","","","","","","","","","","","","","","","","","","","","","","","","","","","","",""
"83069002","PORQUEROLLES",43.,6.226833,135,1981060812,"","","","",4.,1,120,1,"","","","","","","","","","","","","","","","","","","","","","","","","","","","",22.8,1,17.9,1,"","","","","","","","","","","","","","","","","","","","","","","","","","",76,1,"","","","","","","","","","","","",21.2,1,1018.1,1,"","","","","","",5,1,5,1,6,1,0,1,2,1,"","","","","","","","","","","","","","","","","","","","","","","","",3000,1,"","",10,1,2,1,"","","","","","","","","","",2,1,0,1,"","","","","","","","","","","","","","","","","","","","","","","","","","","","","","","","","","","","","","","","","","","","","","","","","","","",""
"83069002","PORQUEROLLES",43.,6.226833,135,1981060815,"","","","",3.,1,180,1,"","","","","","","","","","","","","","","","","","","","","","","","","","","","",22.1,1,17.4,1,"","","","","","","","","","","","","","","","","","","","","","","","","","",78,1,"","","","","","","","","","","","",20.6,1,1017.2,1,"","","","","","",4,1,0,1,6,1,0,1,2,1,"","","","","","","","","","","","","","","","","","","","","","","","",8000,1,"","",1,1,4,1,"","","","","","","","","","",2,1,0,1,"","","","","","","","","","","","","","","","","","","","","","","","","","","","","","","","","","","","","","","","","","","","","","","","","","","",""
"83069002","PORQUEROLLES",43.,6.226833,135,1981060818,"","","","",2.,1,220,1,"","","","","","","","","","","","","","","","","","","","","","","","","","","","",23.1,1,12.5,1,"","","","","","","","","","","","","","","","","","","","","","","","","","",53,1,"","","","","","","","","","","","",14.9,1,1016.5,1,"","","","","","",3,1,0,1,6,1,0,1,2,1,"","","","","","","","","","","","","","","","","","","","","","","","",8000,1,"","",1,1,1,1,"","","","","","","","","","",2,1,0,1,"","","","","","","","","","","","","","","","","","","","","","","","","","","","","","","","","","","","","","","","","","","","","","","","","","","",""
"83069002","PORQUEROLLES",43.,6.226833,135,1981060821,"","","","",1.,1,220,1,"","","","","","","","","","","","","","","","","","","","","","","","","","","","",21.2,1,10.6,1,"","","","","","","","","","","","","","","","","","","","","","","","","","",52,1,"","","","","","","","","","","","",13.1,1,1017.,1,"","","","","","",1,1,0,1,0,1,0,1,2,1,"","","","","","","","","","","","","","","","","","","","","","","","",25000,1,"","",1,1,0,1,"","","","","","","","","","",2,1,0,1,"","","","","","","","","","","","","","","","","","","","","","","","","","","","","","","","","","","","","","","","","","","","","","","","","","","",""
"83069002","PORQUEROLLES",43.,6.226833,135,1981060900,"","","","",3.,1,60,1,"","","","","","","","","","","","","","","","","","","","","","","","","","","","",17.3,1,11.8,1,"","","","","","","","","","","","","","","","","","","","","","","","","","",72,1,"","","","","","","","","","","","",14.2,1,1017.,1,"","","","","","","","","","","","","","","","","","","","","","","","","","","","","","","","","","","","","","","","","","","","","","","","","","","","","","","","","","","","","","","","","","","","","","","","","","","","","","","","","","","","","","","","","","","","","","","","","","","","","","","","","","","","","","","","","",""
"83069002","PORQUEROLLES",43.,6.226833,135,1981060903,"","","","",3.,1,60,1,"","","","","","","","","","","","","","","","","","","","","","","","","","","","",17.8,1,17.8,1,"","","","","","","","","","","","","","","","","","","","","","","","","","",100,1,"","","","","","","","","","","","",20.4,1,1016.4,1,"","","","","","",9,1,"","","","","","","","","","","","","","","","","","","","","","","","","","","","","","","","",600,1,"","",45,1,"","","","","","","","","","","","","","","","","","","","","","","","","","","","","","","","","","","","","","","","","","","","","","","","","","","","","","","","","","","","","","","","","","","",""
"83069002","PORQUEROLLES",43.,6.226833,135,1981060906,"","","","",6.,1,60,1,"","","","","","","","","","","","","","","","","","","","","","","","","","","","",18.1,1,18.1,1,"","","","","","","","","","","","","","","","","","","","","","","","","","",100,1,"","","","","","","","","","","","",20.8,1,1016.8,1,"","","","","","",9,1,"","","","","","","","","","","","","","","","","","","","","","","","","","","","","","","","",500,1,"","",45,1,4,1,"","",0,1,"","","","","","","","","","","","","","","","","","","","","","","","","","","","","","","","","","","","","","","","","","","","","","","","","","","","","","","","","","","","","",""
"83069002","PORQUEROLLES",43.,6.226833,135,1981060909,"","","","",6.,1,60,1,"","","","","","","","","","","","","","","","","","","","","","","","","","","","",22.5,1,17.3,1,"","","","","","","","","","","","","","","","","","","","","","","","","","","","","","","","","","","","","","","","",20.4,1,1016.6,1,"","","","","","",9,1,"","","","","","","","","","","","","","","","","","","","","","","","","","","","","","","","",100,1,"","",43,1,4,1,"","","","","","","","","","","","","","","","","","","","","","","","","","","","","","","","","","","","","","","","","","","","","","","","","","","","","","","","","","","","","","","","","",""
"83069002","PORQUEROLLES",43.,6.226833,135,1981060912,"","","","",5.,1,120,1,"","","","","","","","","","","","","","","","","","","","","","","","","","","","",25.5,1,18.,1,"","","","","","","","","","","","","","","","","","","","","","","","","","",66,1,"","","","","","","","","","","","",21.4,1,1016.9,1,"","","","","","",0,1,"","",0,1,0,1,0,1,"","","","","","","","","","","","","","","","","","","","","","","","",12000,1,"","",1,1,4,1,"","","","","","","","","","",2,1,0,1,"","","","","","","","","","","","","","","","","","","","","","","","","","","","","","","","","","","","","","","","","","","","","","","","","","","",""
"83069002","PORQUEROLLES",43.,6.226833,135,1981060915,"","","","",3.,1,160,1,"","","","","","","","","","","","","","","","","","","","","","","","","","","","",22.5,1,20.1,1,"","","","","","","","","","","","","","","","","","","","","","","","","","",90,1,"","","","","","","","","","","","",24.4,1,1015.7,1,"","","","","","",0,1,"","",0,1,0,1,0,1,"","","","","","","","","","","","","","","","","","","","","","","","",14000,1,"","",2,1,0,1,"","","","","","","","","","",2,1,0,1,"","","","","","","","","","","","","","","","","","","","","","","","","","","","","","","","","","","","","","","","","","","","","","","","","","","",""
"83069002","PORQUEROLLES",43.,6.226833,135,1981060918,"","","","",1.,1,220,1,"","","","","","","","","","","","","","","","","","","","","","","","","","","","",21.7,1,12.9,1,"","","","","","","","","","","","","","","","","","","","","","","","","","",59,1,"","","","","","","","","","","","",15.3,1,1016.1,1,"","","","","","",6,1,6,1,0,1,7,1,0,1,"","","","","","","","","","","","","","","","","","","","","","","","",22000,1,"","",3,1,1,1,"","","","","","","","","","",2,1,0,1,"","","","","","","","","","","","","","","","","","","","","","","","","","","","","","","","","","","","","","","","","","","","","","","","","","","",""
"83069002","PORQUEROLLES",43.,6.226833,135,1981060921,"","","","",4.,1,280,1,"","","","","","","","","","","","","","","","","","","","","","","","","","","","",20.,1,16.1,1,"","","","","","","","","","","","","","","","","","","","","","","","","","",81,1,"","","","","","","","","","","","",18.9,1,1017.,1,"","","","","","",5,1,5,1,0,1,7,1,0,1,"","","","","","","","","","","","","","","","","","","","","","","","",22000,1,"","",1,1,2,1,"","","","","","","","","","",2,1,0,1,"","","","","","","","","","","","","","","","","","","","","","","","","","","","","","","","","","","","","","","","","","","","","","","","","","","",""
"83069002","PORQUEROLLES",43.,6.226833,135,1981061000,"","","","",3.,1,280,1,"","","","","","","","","","","","","","","","","","","","","","","","","","","","",19.2,1,11.4,1,"","","","","","","","","","","","","","","","","","","","","","","","","","",62,1,"","","","","","","","","","","","",13.8,1,1016.9,1,"","","","","","","","","","","","","","","","","","","","","","","","","","","","","","","","","","","","","","","","","","","","","","","","","","","","","","","","","","","","","","","","","","","","","","","","","","","","","","","","","","","","","","","","","","","","","","","","","","","","","","","","","","","","","","","","","",""
"83069002","PORQUEROLLES",43.,6.226833,135,1981061003,"","","","",4.,1,280,1,"","","","","","","","","","","","","","","","","","","","","","","","","","","","",19.4,1,14.6,1,"","","","","","","","","","","","","","","","","","","","","","","","","","",76,1,"","","","","","","","","","","","",17.1,1,1016.4,1,"","","","","","",3,1,0,1,0,1,4,1,0,1,"","","","","","","","","","","","","","","","","","","","","","","","",12000,1,"","",0,1,"","","","","","","","","","","","",2,1,0,1,"","","","","","","","","","","","","","","","","","","","","","","","","","","","","","","","","","","","","","","","","","","","","","","","","","","",""
"83069002","PORQUEROLLES",43.,6.226833,135,1981061006,"","","","",3.,1,320,1,"","","","","","","","","","","","","","","","","","","","","","","","","","","","",21.,1,11.4,1,"","","","","","","","","","","","","","","","","","","","","","","","","","",56,1,"","","","","","","","","","","","",13.8,1,1016.6,1,"","","","","","",7,1,6,1,0,1,5,1,0,1,"","","","","","","","","","","","","","","","","","","","","","","","",14000,1,"","",3,1,1,1,"","",0,1,"","","","","","",2,1,0,1,"","","","","","","","","","","","","","","","","","","","","","","","","","","","","","","","","","","","","","","","","","","","","","","","","","","",""
"83069002","PORQUEROLLES",43.,6.226833,135,1981061009,"","","","",3.,1,320,1,"","","","","","","","","","","","","","","","","","","","","","","","","","","","",25.5,1,15.3,1,"","","","","","","","","","","","","","","","","","","","","","","","","","",55,1,"","","","","","","","","","","","",17.9,1,1017.1,1,"","","","","","",6,1,6,1,0,1,5,1,0,1,"","","","","","","","","","","","","","","","","","","","","","","","",14000,1,"","",2,1,2,1,"","","","","","","","","","",2,1,0,1,"","","","","","","","","","","","","","","","","","","","","","","","","","","","","","","","","","","","","","","","","","","","","","","","","","","",""
"83069002","PORQUEROLLES",43.,6.226833,135,1981061012,"","","","",3.,1,160,1,"","","","","","","","","","","","","","","","","","","","","","","","","","","","",26.6,1,20.4,1,"","","","","","","","","","","","","","","","","","","","","","","","","","",73,1,"","","","","","","","","","","","",25.,1,1017.3,1,"","","","","","",3,1,0,1,2,1,0,1,0,1,"","","","","","","","","","","","","","","","","","","","","","","","",15000,1,"","",1,1,1,1,"","","","","","","","","","",2,1,0,1,"","","","","","","","","","","","","","","","","","","","","","","","","","","","","","","","","","","","","","","","","","","","","","","","","","","",""
"83069002","PORQUEROLLES",43.,6.226833,135,1981061015,"","","","",3.,1,240,1,"","","","","","","","","","","","","","","","","","","","","","","","","","","","",26.6,1,19.,1,"","","","","","","","","","","","","","","","","","","","","","","","","","",65,1,"","","","","","","","","","","","",22.8,1,1017.2,1,"","","","","","",1,1,0,1,2,1,0,1,0,1,"","","","","","","","","","","","","","","","","","","","","","","","",15000,1,"","",2,1,0,1,"","","","","","","","","","",2,1,0,1,"","","","","","","","","","","","","","","","","","","","","","","","","","","","","","","","","","","","","","","","","","","","","","","","","","","",""
"83069002","PORQUEROLLES",43.,6.226833,135,1981061018,"","","","",5.,1,280,1,"","","","","","","","","","","","","","","","","","","","","","","","","","","","",26.,1,17.3,1,"","","","","","","","","","","","","","","","","","","","","","","","","","",61,1,"","","","","","","","","","","","",20.5,1,1017.,1,"","","","","","",1,1,0,1,2,1,0,1,0,1,"","","","","","","","","","","","","","","","","","","","","","","","",15000,1,"","",2,1,0,1,"","","","","","","","","","",2,1,0,1,"","","","","","","","","","","","","","","","","","","","","","","","","","","","","","","","","","","","","","","","","","","","","","","","","","","",""
"83069002","PORQUEROLLES",43.,6.226833,135,1981061021,"","","","",3.,1,340,1,"","","","","","","","","","","","","","","","","","","","","","","","","","","","",22.5,1,18.1,1,"","","","","","","","","","","","","","","","","","","","","","","","","","",79,1,"","","","","","","","","","","","",21.5,1,1018.2,1,"","","","","","",1,1,0,1,2,1,0,1,0,1,"","","","","","","","","","","","","","","","","","","","","","","","",15000,1,"","",2,1,0,1,"","","","","","","","","","",2,1,0,1,"","","","","","","","","","","","","","","","","","","","","","","","","","","","","","","","","","","","","","","","","","","","","","","","","","","",""
"83069002","PORQUEROLLES",43.,6.226833,135,1981061100,"","","","",5.,1,80,1,"","","","","","","","","","","","","","","","","","","","","","","","","","","","",20.,1,18.6,1,"","","","","","","","","","","","","","","","","","","","","","","","","","",95,1,"","","","","","","","","","","","",22.1,1,1018.3,1,"","","","","","","","","","","","","","","","","","","","","","","","","","","","","","","","","","","","","","","","","","","","","","","","","","","","","","","","","","","","","","","","","","","","","","","","","","","","","","","","","","","","","","","","","","","","","","","","","","","","","","","","","","","","","","","","","",""
"83069002","PORQUEROLLES",43.,6.226833,135,1981061103,"","","","",6.,1,80,1,"","","","","","","","","","","","","","","","","","","","","","","","","","","","",18.5,1,17.7,1,"","","","","","","","","","","","","","","","","","","","","","","","","","",98,1,"","","","","","","","","","","","",20.9,1,1018.5,1,"","","","","","",4,1,0,1,2,1,0,1,0,1,"","","","","","","","","","","","","","","","","","","","","","","","",4000,1,"","",10,1,0,1,"","","","","","","","","","",2,1,0,1,"","","","","","","","","","","","","","","","","","","","","","","","","","","","","","","","","","","","","","","","","","","","","","","","","","","",""
"83069002","PORQUEROLLES",43.,6.226833,135,1981061106,"","","","",2.,1,80,1,"","","","","","","","","","","","","","","","","","","","","","","","","","","","",19.5,1,18.2,1,"","","","","","","","","","","","","","","","","","","","","","","","","","",95,1,"","","","","","","","","","","","",21.6,1,1019.8,1,"","","","","","",0,1,"","",0,1,0,1,0,1,"","","","","","","","","","","","","","","","","","","","","","","","",4000,1,"","",10,1,0,1,"","","","","","","","","","",2,1,0,1,"","","","","","","","","","","","","","","","","","","","","","","","","","","","","","","","","","","","","","","","","","","","","","","","","","","",""
"83069002","PORQUEROLLES",43.,6.226833,135,1981061109,"","","","",3.,1,100,1,"","","","","","","","","","","","","","","","","","","","","","","","","","","","",25.8,1,18.8,1,"","","","","","","","","","","","","","","","","","","","","","","","","","",68,1,"","","","","","","","","","","","",22.5,1,1020.,1,"","","","","","",0,1,"","",0,1,0,1,0,1,"","","","","","","","","","","","","","","","","","","","","","","","",15000,1,"","",2,1,0,1,"","","","","","","","","","",2,1,0,1,"","","","","","","","","","","","","","","","","","","","","","","","","","","","","","","","","","","","","","","","","","","","","","","","","","","",""
"83069002","PORQUEROLLES",43.,6.226833,135,1981061112,"","","","",3.,1,180,1,"","","","","","","","","","","","","","","","","","","","","","","","","","","","",25.8,1,18.8,1,"","","","","","","","","","","","","","","","","","","","","","","","","","",68,1,"","","","","","","","","","","","",22.5,1,1020.,1,"","","","","","",0,1,"","",0,1,0,1,0,1,"","","","","","","","","","","","","","","","","","","","","","","","",8000,1,"","",2,1,0,1,"","","","","","","","","","",2,1,0,1,"","","","","","","","","","","","","","","","","","","","","","","","","","","","","","","","","","","","","","","","","","","","","","","","","","","",""
"83069002","PORQUEROLLES",43.,6.226833,135,1981061115,"","","","",3.,1,280,1,"","","","","","","","","","","","","","","","","","","","","","","","","","","","",25.6,1,18.6,1,"","","","","","","","","","","","","","","","","","","","","","","","","","",67,1,"","","","","","","","","","","","",22.1,1,1020.,1,"","","","","","",0,1,"","",0,1,0,1,0,1,"","","","","","","","","","","","","","","","","","","","","","","","",6000,1,"","",2,1,0,1,"","","","","","","","","","",2,1,0,1,"","","","","","","","","","","","","","","","","","","","","","","","","","","","","","","","","","","","","","","","","","","","","","","","","","","",""
"83069002","PORQUEROLLES",43.,6.226833,135,1981061118,"","","","",5.,1,280,1,"","","","","","","","","","","","","","","","","","","","","","","","","","","","",23.,1,19.,1,"","","","","","","","","","","","","","","","","","","","","","","","","","",81,1,"","","","","","","","","","","","",22.8,1,1019.4,1,"","","","","","",1,1,0,1,0,1,0,1,1,1,"","","","","","","","","","","","","","","","","","","","","","","","",5000,1,"","",3,1,0,1,"","","","","","","","","","",2,1,0,1,"","","","","","","","","","","","","","","","","","","","","","","","","","","","","","","","","","","","","","","","","","","","","","","","","","","",""
"83069002","PORQUEROLLES",43.,6.226833,135,1981061121,"","","","",5.,1,280,1,"","","","","","","","","","","","","","","","","","","","","","","","","","","","",20.,1,15.9,1,"","","","","","","","","","","","","","","","","","","","","","","","","","",80,1,"","","","","","","","","","","","",18.6,1,1019.4,1,"","","","","","",1,1,0,1,0,1,0,1,2,1,"","","","","","","","","","","","","","","","","","","","","","","","",10000,1,"","",2,1,0,1,"","","","","","","","","","",2,1,270,1,"","","","","","","","","","","","","","","","","","","","","","","","","","","","","","","","","","","","","","","","","","","","","","","","","","","",""
"83069002","PORQUEROLLES",43.,6.226833,135,1981061200,"","","","",5.,1,300,1,"","","","","","","","","","","","","","","","","","","","","","","","","","","","",22.,1,17.6,1,"","","","","","","","","","","","","","","","","","","","","","","","","","",79,1,"","","","","","","","","","","","",20.9,1,1019.3,1,"","","","","","","","","","","","","","","","","","","","","","","","","","","","","","","","","","","","","","","","","","","","","","","","","","","","","","","","","","","","","","","","","","","","","","","","","","","","","","","","","","","","","","","","","","","","","","","","","","","","","","","","","","","","","","","","","",""
"83069002","PORQUEROLLES",43.,6.226833,135,1981061203,"","","","",2.,1,300,1,"","","","","","","","","","","","","","","","","","","","","","","","","","","","",21.7,1,14.7,1,"","","","","","","","","","","","","","","","","","","","","","","","","","",66,1,"","","","","","","","","","","","",17.2,1,1018.5,1,"","","","","","",1,1,0,1,0,1,0,1,1,1,"","","","","","","","","","","","","","","","","","","","","","","","",15000,1,"","",0,1,"","","","","","","","","","","","",2,1,0,1,"","","","","","","","","","","","","","","","","","","","","","","","","","","","","","","","","","","","","","","","","","","","","","","","","","","",""
"83069002","PORQUEROLLES",43.,6.226833,135,1981061206,"","","","",0.,1,0,1,"","","","","","","","","","","","","","","","","","","","","","","","","","","","",23.,1,14.5,1,"","","","","","","","","","","","","","","","","","","","","","","","","","",61,1,"","","","","","","","","","","","",17.,1,1018.5,1,"","","","","","",0,1,"","",0,1,0,1,0,1,"","","","","","","","","","","","","","","","","","","","","","","","",10000,1,"","",1,1,0,1,"","",0,1,"","","","","","",2,1,230,1,"","","","","","","","","","","","","","","","","","","","","","","","","","","","","","","","","","","","","","","","","","","","","","","","","","","",""
"83069002","PORQUEROLLES",43.,6.226833,135,1981061209,"","","","",3.,1,120,1,"","","","","","","","","","","","","","","","","","","","","","","","","","","","",28.,1,16.4,1,"","","","","","","","","","","","","","","","","","","","","","","","","","",51,1,"","","","","","","","","","","","",19.3,1,1018.9,1,"","","","","","",0,1,"","",0,1,0,1,0,1,"","","","","","","","","","","","","","","","","","","","","","","","",12000,1,"","",2,1,0,1,"","","","","","","","","","",2,1,0,1,"","","","","","","","","","","","","","","","","","","","","","","","","","","","","","","","","","","","","","","","","","","","","","","","","","","",""
"83069002","PORQUEROLLES",43.,6.226833,135,1981061212,"","","","",2.,1,180,1,"","","","","","","","","","","","","","","","","","","","","","","","","","","","",29.1,1,16.3,1,"","","","","","","","","","","","","","","","","","","","","","","","","","",47,1,"","","","","","","","","","","","",19.2,1,1018.8,1,"","","","","","",0,1,"","",0,1,0,1,0,1,"","","","","","","","","","","","","","","","","","","","","","","","",12000,1,"","",2,1,0,1,"","","","","","","","","","",2,1,0,1,"","","","","","","","","","","","","","","","","","","","","","","","","","","","","","","","","","","","","","","","","","","","","","","","","","","",""
"83069002","PORQUEROLLES",43.,6.226833,135,1981061215,"","","","",3.,1,160,1,"","","","","","","","","","","","","","","","","","","","","","","","","","","","",28.5,1,15.9,1,"","","","","","","","","","","","","","","","","","","","","","","","","","",48,1,"","","","","","","","","","","","",18.7,1,1017.5,1,"","","","","","",0,1,"","",0,1,0,1,0,1,"","","","","","","","","","","","","","","","","","","","","","","","",12000,1,"","",2,1,0,1,"","","","","","","","","","",2,1,0,1,"","","","","","","","","","","","","","","","","","","","","","","","","","","","","","","","","","","","","","","","","","","","","","","","","","","",""
"83069002","PORQUEROLLES",43.,6.226833,135,1981061218,"","","","",3.,1,120,1,"","","","","","","","","","","","","","","","","","","","","","","","","","","","",26.5,1,15.6,1,"","","","","","","","","","","","","","","","","","","","","","","","","","",53,1,"","","","","","","","","","","","",18.3,1,1017.3,1,"","","","","","",0,1,"","",0,1,0,1,0,1,"","","","","","","","","","","","","","","","","","","","","","","","",8000,1,"","",2,1,0,1,"","","","","","","","","","",2,1,0,1,"","","","","","","","","","","","","","","","","","","","","","","","","","","","","","","","","","","","","","","","","","","","","","","","","","","",""
"83069002","PORQUEROLLES",43.,6.226833,135,1981061221,"","","","",0.,1,0,1,"","","","","","","","","","","","","","","","","","","","","","","","","","","","",24.2,1,16.6,1,"","","","","","","","","","","","","","","","","","","","","","","","","","",65,1,"","","","","","","","","","","","",19.6,1,1017.7,1,"","","","","","",0,1,"","",0,1,0,1,0,1,"","","","","","","","","","","","","","","","","","","","","","","","",15000,1,"","",2,1,0,1,"","","","","","","","","","",2,1,0,1,"","","","","","","","","","","","","","","","","","","","","","","","","","","","","","","","","","","","","","","","","","","","","","","","","","","",""
"83069002","PORQUEROLLES",43.,6.226833,135,1981061300,"","","","",0.,1,0,1,"","","","","","","","","","","","","","","","","","","","","","","","","","","","",24.,1,14.,1,"","","","","","","","","","","","","","","","","","","","","","","","","","",55,1,"","","","","","","","","","","","",16.5,1,1016.9,1,"","","","","","","","","","","","","","","","","","","","","","","","","","","","","","","","","","","","","","","","","","","","","","","","","","","","","","","","","","","","","","","","","","","","","","","","","","","","","","","","","","","","","","","","","","","","","","","","","","","","","","","","","","","","","","","","","",""
"83069002","PORQUEROLLES",43.,6.226833,135,1981061303,"","","","",5.,1,40,1,"","","","","","","","","","","","","","","","","","","","","","","","","","","","",24.,1,14.,1,"","","","","","","","","","","","","","","","","","","","","","","","","","",55,1,"","","","","","","","","","","","",16.5,1,1016.,1,"","","","","","",2,1,0,1,0,1,0,1,2,1,"","","","","","","","","","","","","","","","","","","","","","","","",15000,1,"","",0,1,"","","","","","","","","","","","",2,1,0,1,"","","","","","","","","","","","","","","","","","","","","","","","","","","","","","","","","","","","","","","","","","","","","","","","","","","",""
"83069002","PORQUEROLLES",43.,6.226833,135,1981061306,"","","","",1.,1,40,1,"","","","","","","","","","","","","","","","","","","","","","","","","","","","",24.,1,15.,1,"","","","","","","","","","","","","","","","","","","","","","","","","","",59,1,"","","","","","","","","","","","",17.6,1,1016.4,1,"","","","","","",6,1,6,1,0,1,0,1,2,1,"","","","","","","","","","","","","","","","","","","","","","","","",8000,1,"","",3,1,1,1,"","","","","","","","","","",2,1,0,1,"","","","","","","","","","","","","","","","","","","","","","","","","","","","","","","","","","","","","","","","","","","","","","","","","","","",""
"83069002","PORQUEROLLES",43.,6.226833,135,1981061309,"","","","",3.,1,80,1,"","","","","","","","","","","","","","","","","","","","","","","","","","","","",28.1,1,19.1,1,"","","","","","","","","","","","","","","","","","","","","","","","","","",60,1,"","","","","","","","","","","","",22.9,1,1016.1,1,"","","","","","",5,1,5,1,0,1,0,1,2,1,"","","","","","","","","","","","","","","","","","","","","","","","",8000,1,"","",2,1,2,1,"","","","","","","","","","",2,1,0,1,"","","","","","","","","","","","","","","","","","","","","","","","","","","","","","","","","","","","","","","","","","","","","","","","","","","",""
"83069002","PORQUEROLLES",43.,6.226833,135,1981061312,"","","","",4.,1,120,1,"","","","","","","","","","","","","","","","","","","","","","","","","","","","",31.,1,20.4,1,"","","","","","","","","","","","","","","","","","","","","","","","","","",55,1,"","","","","","","","","","","","",24.9,1,1016.6,1,"","","","","","",1,1,0,1,0,1,0,1,2,1,"","","","","","","","","","","","","","","","","","","","","","","","",8000,1,"","",1,1,"","","","","","","","","","","","",2,1,0,1,"","","","","","","","","","","","","","","","","","","","","","","","","","","","","","","","","","","","","","","","","","","","","","","","","","","",""
"83069002","PORQUEROLLES",43.,6.226833,135,1981061315,"","","","",0.,1,0,1,"","","","","","","","","","","","","","","","","","","","","","","","","","","","",31.5,1,19.3,1,"","","","","","","","","","","","","","","","","","","","","","","","","","",51,1,"","","","","","","","","","","","",23.3,1,1016.7,1,"","","","","","",1,1,0,1,0,1,0,1,2,1,"","","","","","","","","","","","","","","","","","","","","","","","",6000,1,"","",2,1,0,1,"","","","","","","","","","",2,1,0,1,"","","","","","","","","","","","","","","","","","","","","","","","","","","","","","","","","","","","","","","","","","","","","","","","","","","",""
"83069002","PORQUEROLLES",43.,6.226833,135,1981061318,"","","","",0.,1,0,1,"","","","","","","","","","","","","","","","","","","","","","","","","","","","",27.3,1,18.2,1,"","","","","","","","","","","","","","","","","","","","","","","","","","",60,1,"","","","","","","","","","","","",21.7,1,1017.9,1,"","","","","","",1,1,0,1,0,1,0,1,2,1,"","","","","","","","","","","","","","","","","","","","","","","","",6000,1,"","",2,1,0,1,"","","","","","","","","","",2,1,0,1,"","","","","","","","","","","","","","","","","","","","","","","","","","","","","","","","","","","","","","","","","","","","","","","","","","","",""
"83069002","PORQUEROLLES",43.,6.226833,135,1981061321,"","","","",0.,1,0,1,"","","","","","","","","","","","","","","","","","","","","","","","","","","","",26.,1,18.2,1,"","","","","","","","","","","","","","","","","","","","","","","","","","",65,1,"","","","","","","","","","","","",21.7,1,1018.5,1,"","","","","","",0,1,"","",0,1,0,1,0,1,"","","","","","","","","","","","","","","","","","","","","","","","",6000,1,"","",1,1,0,1,"","","","","","","","","","",2,1,0,1,"","","","","","","","","","","","","","","","","","","","","","","","","","","","","","","","","","","","","","","","","","","","","","","","","","","",""
"83069002","PORQUEROLLES",43.,6.226833,135,1981061400,"","","","",2.,1,40,1,"","","","","","","","","","","","","","","","","","","","","","","","","","","","",24.1,1,17.3,1,"","","","","","","","","","","","","","","","","","","","","","","","","","",66,1,"","","","","","","","","","","","",20.4,1,1018.9,1,"","","","","","",0,1,"","",0,1,0,1,0,1,"","","","","","","","","","","","","","","","","","","","","","","","","","","","","","","","","","","","","","","","","","","","","","","","","","","","","","","","","","","","","","","","","","","","","","","","","","","","","","","","","","","","","","","","","","","","","","","","","",""
"83069002","PORQUEROLLES",43.,6.226833,135,1981061403,"","","","",0.,1,0,1,"","","","","","","","","","","","","","","","","","","","","","","","","","","","",24.5,1,18.5,1,"","","","","","","","","","","","","","","","","","","","","","","","","","",72,1,"","","","","","","","","","","","",22.1,1,1018.9,1,"","","","","","",0,1,"","",0,1,0,1,0,1,"","","","","","","","","","","","","","","","","","","","","","","","",3000,1,"","",10,1,"","","","","","","","","","","","",2,1,0,1,"","","","","","","","","","","","","","","","","","","","","","","","","","","","","","","","","","","","","","","","","","","","","","","","","","","",""
"83069002","PORQUEROLLES",43.,6.226833,135,1981061406,"","","","",3.,1,60,1,"","","","","","","","","","","","","","","","","","","","","","","","","","","","",25.2,1,19.3,1,"","","","","","","","","","","","","","","","","","","","","","","","","","",72,1,"","","","","","","","","","","","",23.2,1,1019.5,1,"","","","","","",0,1,"","",0,1,0,1,0,1,"","","","","","","","","","","","","","","","","","","","","","","","",2000,1,"","",10,1,0,1,"","",0,1,"","","","","","",2,1,0,1,"","","","","","","","","","","","","","","","","","","","","","","","","","","","","","","","","","","","","","","","","","","","","","","","","","","",""
"83069002","PORQUEROLLES",43.,6.226833,135,1981061409,"","","","",4.,1,60,1,"","","","","","","","","","","","","","","","","","","","","","","","","","","","",32.,1,20.,1,"","","","","","","","","","","","","","","","","","","","","","","","","","",51,1,"","","","","","","","","","","","",24.3,1,1020.2,1,"","","","","","",0,1,"","",0,1,0,1,0,1,"","","","","","","","","","","","","","","","","","","","","","","","",3000,1,"","",10,1,0,1,"","","","","","","","","","",2,1,0,1,"","","","","","","","","","","","","","","","","","","","","","","","","","","","","","","","","","","","","","","","","","","","","","","","","","","",""
"83069002","PORQUEROLLES",43.,6.226833,135,1981061412,"","","","",0.,1,0,1,"","","","","","","","","","","","","","","","","","","","","","","","","","","","",30.,1,22.1,1,"","","","","","","","","","","","","","","","","","","","","","","","","","",65,1,"","","","","","","","","","","","",27.7,1,1020.8,1,"","","","","","",0,1,"","",0,1,0,1,0,1,"","","","","","","","","","","","","","","","","","","","","","","","",3000,1,"","",10,1,0,1,"","","","","","","","","","",2,1,0,1,"","","","","","","","","","","","","","","","","","","","","","","","","","","","","","","","","","","","","","","","","","","","","","","","","","","",""
"83069002","PORQUEROLLES",43.,6.226833,135,1981061415,"","","","",2.,1,220,1,"","","","","","","","","","","","","","","","","","","","","","","","","","","","",29.,1,19.4,1,"","","","","","","","","","","","","","","","","","","","","","","","","","",59,1,"","","","","","","","","","","","",23.4,1,1020.3,1,"","","","","","",4,1,0,1,0,1,0,1,1,1,"","","","","","","","","","","","","","","","","","","","","","","","",4000,1,"","",10,1,0,1,"","","","","","","","","","",2,1,0,1,"","","","","","","","","","","","","","","","","","","","","","","","","","","","","","","","","","","","","","","","","","","","","","","","","","","",""
"83069002","PORQUEROLLES",43.,6.226833,135,1981061418,"","","","",3.,1,240,1,"","","","","","","","","","","","","","","","","","","","","","","","","","","","",27.,1,19.,1,"","","","","","","","","","","","","","","","","","","","","","","","","","",64,1,"","","","","","","","","","","","",22.8,1,1018.9,1,"","","","","","",3,1,0,1,0,1,0,1,2,1,"","","","","","","","","","","","","","","","","","","","","","","","",2000,1,"","",10,1,0,1,"","","","","","","","","","",2,1,0,1,"","","","","","","","","","","","","","","","","","","","","","","","","","","","","","","","","","","","","","","","","","","","","","","","","","","",""
"83069002","PORQUEROLLES",43.,6.226833,135,1981061421,"","","","",4.,1,240,1,"","","","","","","","","","","","","","","","","","","","","","","","","","","","",23.5,1,17.4,1,"","","","","","","","","","","","","","","","","","","","","","","","","","",71,1,"","","","","","","","","","","","",20.6,1,1019.1,1,"","","","","","",3,1,0,1,0,1,0,1,2,1,"","","","","","","","","","","","","","","","","","","","","","","","",2000,1,"","",10,1,0,1,"","","","","","","","","","",2,1,0,1,"","","","","","","","","","","","","","","","","","","","","","","","","","","","","","","","","","","","","","","","","","","","","","","","","","","",""
"83069002","PORQUEROLLES",43.,6.226833,135,1981061500,"","","","",6.,1,240,1,"","","","","","","","","","","","","","","","","","","","","","","","","","","","",22.3,1,19.1,1,"","","","","","","","","","","","","","","","","","","","","","","","","","","","","","","","","","","","","","","","",22.9,1,1016.9,1,"","","","","","","","","","","","","","","","","","","","","","","","","","","","","","","","","","","","","","","","","","","","","","","","","","","","","","","","","","","","","","","","","","","","","","","","","","","","","","","","","","","","","","","","","","","","","","","","","","","","","","","","","","","","","","","","","",""
"83069002","PORQUEROLLES",43.,6.226833,135,1981061503,"","","","",5.,1,240,1,"","","","","","","","","","","","","","","","","","","","","","","","","","","","",21.2,1,20.2,1,"","","","","","","","","","","","","","","","","","","","","","","","","","",98,1,"","","","","","","","","","","","",24.6,1,1016.5,1,"","","","","","",0,1,"","",0,1,0,1,0,1,"","","","","","","","","","","","","","","","","","","","","","","","",2000,1,"","",10,1,"","","","","","","","","","","","",2,1,0,1,"","","","","","","","","","","","","","","","","","","","","","","","","","","","","","","","","","","","","","","","","","","","","","","","","","","",""
"83069002","PORQUEROLLES",43.,6.226833,135,1981061506,"","","","",0.,1,0,1,"","","","","","","","","","","","","","","","","","","","","","","","","","","","",21.,1,19.6,1,"","","","","","","","","","","","","","","","","","","","","","","","","","",95,1,"","","","","","","","","","","","",23.7,1,1017.1,1,"","","","","","",1,1,0,1,0,1,0,1,1,1,"","","","","","","","","","","","","","","","","","","","","","","","",4000,1,"","",10,1,0,1,"","",0,1,"","","","","","",2,1,0,1,"","","","","","","","","","","","","","","","","","","","","","","","","","","","","","","","","","","","","","","","","","","","","","","","","","","",""
"83069002","PORQUEROLLES",43.,6.226833,135,1981061509,"","","","",2.,1,280,1,"","","","","","","","","","","","","","","","","","","","","","","","","","","","",24.8,1,20.5,1,"","","","","","","","","","","","","","","","","","","","","","","","","","",80,1,"","","","","","","","","","","","",25.1,1,1017.,1,"","","","","","",3,1,0,1,0,1,0,1,1,1,"","","","","","","","","","","","","","","","","","","","","","","","",6000,1,"","",3,1,0,1,"","","","","","","","","","",2,1,0,1,"","","","","","","","","","","","","","","","","","","","","","","","","","","","","","","","","","","","","","","","","","","","","","","","","","","",""
"83069002","PORQUEROLLES",43.,6.226833,135,1981061512,"","","","",7.,1,280,1,"","","","","","","","","","","","","","","","","","","","","","","","","","","","",26.9,1,19.5,1,"","","","","","","","","","","","","","","","","","","","","","","","","","",66,1,"","","","","","","","","","","","",23.5,1,1017.3,1,"","","","","","",2,1,0,1,0,1,0,1,1,1,"","","","","","","","","","","","","","","","","","","","","","","","",10000,1,"","",1,1,0,1,"","","","","","","","","","",3,1,270,1,"","","","","","","","","","","","","","","","","","","","","","","","","","","","","","","","","","","","","","","","","","","","","","","","","","","",""
"83069002","PORQUEROLLES",43.,6.226833,135,1981061515,"","","","",9.,1,280,1,"","","","","","","","","","","","","","","","","","","","","","","","","","","","",26.2,1,16.9,1,"","","","","","","","","","","","","","","","","","","","","","","","","","",59,1,"","","","","","","","","","","","",19.9,1,1015.1,1,"","","","","","",1,1,0,1,0,1,0,1,1,1,"","","","","","","","","","","","","","","","","","","","","","","","",10000,1,"","",1,1,0,1,"","","","","","","","","","",3,1,270,1,"","","","","","","","","","","","","","","","","","","","","","","","","","","","","","","","","","","","","","","","","","","","","","","","","","","",""
"83069002","PORQUEROLLES",43.,6.226833,135,1981061518,"","","","",9.,1,280,1,"","","","","","","","","","","","","","","","","","","","","","","","","","","","",22.7,1,16.9,1,"","","","","","","","","","","","","","","","","","","","","","","","","","",72,1,"","","","","","","","","","","","",19.9,1,1014.7,1,"","","","","","",4,1,0,1,0,1,0,1,1,1,"","","","","","","","","","","","","","","","","","","","","","","","",12000,1,"","",3,1,0,1,"","","","","","","","","","",3,1,270,1,"","","","","","","","","","","","","","","","","","","","","","","","","","","","","","","","","","","","","","","","","","","","","","","","","","","",""
"83069002","PORQUEROLLES",43.,6.226833,135,1981061521,"","","","",8.,1,280,1,"","","","","","","","","","","","","","","","","","","","","","","","","","","","",21.8,1,15.4,1,"","","","","","","","","","","","","","","","","","","","","","","","","","",69,1,"","","","","","","","","","","","",18.1,1,1015.4,1,"","","","","","",0,1,"","",0,1,0,1,0,1,"","","","","","","","","","","","","","","","","","","","","","","","",12000,1,"","",1,1,0,1,"","","","","","","","","","",3,1,270,1,"","","","","","","","","","","","","","","","","","","","","","","","","","","","","","","","","","","","","","","","","","","","","","","","","","","",""
"83069002","PORQUEROLLES",43.,6.226833,135,1981061600,"","","","",5.,1,280,1,"","","","","","","","","","","","","","","","","","","","","","","","","","","","",20.4,1,15.8,1,"","","","","","","","","","","","","","","","","","","","","","","","","","",78,1,"","","","","","","","","","","","",18.6,1,1015.1,1,"","","","","","","","","","","","","","","","","","","","","","","","","","","","","","","","","","","","","","","","","","","","","","","","","","","","","","","","","","","","","","","","","","","","","","","","","","","","","","","","","","","","","","","","","","","","","","","","","","","","","","","","","","","","","","","","","",""
"83069002","PORQUEROLLES",43.,6.226833,135,1981061603,"","","","",0.,1,0,1,"","","","","","","","","","","","","","","","","","","","","","","","","","","","",20.,1,17.9,1,"","","","","","","","","","","","","","","","","","","","","","","","","","",90,1,"","","","","","","","","","","","",21.2,1,1013.5,1,"","","","","","",0,1,"","",0,1,0,1,0,1,"","","","","","","","","","","","","","","","","","","","","","","","",10000,1,"","",0,1,"","","","","","","","","","","","",2,1,0,1,"","","","","","","","","","","","","","","","","","","","","","","","","","","","","","","","","","","","","","","","","","","","","","","","","","","",""
"83069002","PORQUEROLLES",43.,6.226833,135,1981061606,"","","","",4.,1,80,1,"","","","","","","","","","","","","","","","","","","","","","","","","","","","",21.2,1,19.1,1,"","","","","","","","","","","","","","","","","","","","","","","","","","",91,1,"","","","","","","","","","","","",22.9,1,1013.6,1,"","","","","","",7,1,7,1,6,1,"","","","","","","","","","","","","","","","","","","","","","","","","","","","",2000,1,"","",10,1,1,1,"","",0,1,"","","","","","",2,1,0,1,"","","","","","","","","","","","","","","","","","","","","","","","","","","","","","","","","","","","","","","","","","","","","","","","","","","",""
"83069002","PORQUEROLLES",43.,6.226833,135,1981061609,"","","","",4.,1,80,1,"","","","","","","","","","","","","","","","","","","","","","","","","","","","",26.8,1,19.4,1,"","","","","","","","","","","","","","","","","","","","","","","","","","",66,1,"","","","","","","","","","","","",23.4,1,1013.3,1,"","","","","","",1,1,0,1,6,1,0,1,0,1,"","","","","","","","","","","","","","","","","","","","","","","","",2500,1,"","",10,1,1,1,"","","","","","","","","","",2,1,0,1,"","","","","","","","","","","","","","","","","","","","","","","","","","","","","","","","","","","","","","","","","","","","","","","","","","","",""
"83069002","PORQUEROLLES",43.,6.226833,135,1981061612,"","","","",4.,1,80,1,"","","","","","","","","","","","","","","","","","","","","","","","","","","","",26.5,1,19.9,1,"","","","","","","","","","","","","","","","","","","","","","","","","","",70,1,"","","","","","","","","","","","",24.1,1,1012.5,1,"","","","","","",0,1,"","",0,1,0,1,0,1,"","","","","","","","","","","","","","","","","","","","","","","","",2000,1,"","",10,1,0,1,"","","","","","","","","","",2,1,0,1,"","","","","","","","","","","","","","","","","","","","","","","","","","","","","","","","","","","","","","","","","","","","","","","","","","","",""
"83069002","PORQUEROLLES",43.,6.226833,135,1981061615,"","","","",6.,1,260,1,"","","","","","","","","","","","","","","","","","","","","","","","","","","","",25.7,1,18.4,1,"","","","","","","","","","","","","","","","","","","","","","","","","","",67,1,"","","","","","","","","","","","",21.9,1,1010.2,1,"","","","","","",0,1,"","",0,1,0,1,0,1,"","","","","","","","","","","","","","","","","","","","","","","","",4000,1,"","",10,1,0,1,"","","","","","","","","","",2,1,0,1,"","","","","","","","","","","","","","","","","","","","","","","","","","","","","","","","","","","","","","","","","","","","","","","","","","","",""
"83069002","PORQUEROLLES",43.,6.226833,135,1981061618,"","","","",8.,1,280,1,"","","","","","","","","","","","","","","","","","","","","","","","","","","","",26.4,1,18.,1,"","","","","","","","","","","","","","","","","","","","","","","","","","",62,1,"","","","","","","","","","","","",21.4,1,1007.5,1,"","","","","","",0,1,"","",0,1,0,1,0,1,"","","","","","","","","","","","","","","","","","","","","","","","",18000,1,"","",2,1,0,1,"","","","","","","","","","",3,1,270,1,"","","","","","","","","","","","","","","","","","","","","","","","","","","","","","","","","","","","","","","","","","","","","","","","","","","",""
"83069002","PORQUEROLLES",43.,6.226833,135,1981061621,"","","","",6.,1,320,1,"","","","","","","","","","","","","","","","","","","","","","","","","","","","",26.4,1,14.4,1,"","","","","","","","","","","","","","","","","","","","","","","","","","",49,1,"","","","","","","","","","","","",16.9,1,1009.3,1,"","","","","","",3,1,0,1,0,1,0,1,1,1,"","","","","","","","","","","","","","","","","","","","","","","","",22000,1,"","",3,1,0,1,"","","","","","","","","","",3,1,270,1,"","","","","","","","","","","","","","","","","","","","","","","","","","","","","","","","","","","","","","","","","","","","","","","","","","","",""
"83069002","PORQUEROLLES",43.,6.226833,135,1981061700,"","","","",8.,1,280,1,"","","","","","","","","","","","","","","","","","","","","","","","","","","","",23.6,1,13.6,1,"","","","","","","","","","","","","","","","","","","","","","","","","","",55,1,"","","","","","","","","","","","",16.,1,1009.8,1,"","","","","","","","","","","","","","","","","","","","","","","","","","","","","","","","","","","","","","","","","","","","","","","","","","","","","","","","","","","","","","","","","","","","","","","","","","","","","","","","","","","","","","","","","","","","","","","","","","","","","","","","","","","","","","","","","",""
"83069002","PORQUEROLLES",43.,6.226833,135,1981061703,"","","","",7.,1,300,1,"","","","","","","","","","","","","","","","","","","","","","","","","","","","",21.5,1,13.4,1,"","","","","","","","","","","","","","","","","","","","","","","","","","",61,1,"","","","","","","","","","","","",15.8,1,1009.4,1,"","","","","","",5,1,5,1,0,1,7,1,0,1,"","","","","","","","","","","","","","","","","","","","","","","","",18000,1,"","",0,1,"","","","","","","","","","","","",3,1,270,1,"","","","","","","","","","","","","","","","","","","","","","","","","","","","","","","","","","","","","","","","","","","","","","","","","","","",""
"83069002","PORQUEROLLES",43.,6.226833,135,1981061706,"","","","",6.,1,320,1,"","","","","","","","","","","","","","","","","","","","","","","","","","","","",20.,1,13.6,1,"","","","","","","","","","","","","","","","","","","","","","","","","","",68,1,"","","","","","","","","","","","",16.,1,1009.7,1,"","","","","","",6,1,6,1,0,1,0,1,5,1,"","","","","","","","","","","","","","","","","","","","","","","","",22000,1,"","",3,1,2,1,"","",0,1,"","","","","","",3,1,270,1,"","","","","","","","","","","","","","","","","","","","","","","","","","","","","","","","","","","","","","","","","","","","","","","","","","","",""
"83069002","PORQUEROLLES",43.,6.226833,135,1981061709,"","","","",3.,1,320,1,"","","","","","","","","","","","","","","","","","","","","","","","","","","","",25.1,1,12.6,1,"","","","","","","","","","","","","","","","","","","","","","","","","","",47,1,"","","","","","","","","","","","",15.,1,1009.9,1,"","","","","","",6,1,6,1,0,1,0,1,5,1,"","","","","","","","","","","","","","","","","","","","","","","","",22000,1,"","",2,1,2,1,"","","","","","","","","","",3,1,270,1,"","","","","","","","","","","","","","","","","","","","","","","","","","","","","","","","","","","","","","","","","","","","","","","","","","","",""
"83069002","PORQUEROLLES",43.,6.226833,135,1981061712,"","","","",3.,1,300,1,"","","","","","","","","","","","","","","","","","","","","","","","","","","","",27.5,1,11.7,1,"","","","","","","","","","","","","","","","","","","","","","","","","","",38,1,"","","","","","","","","","","","",14.1,1,1008.9,1,"","","","","","",7,1,7,1,0,1,4,1,2,1,"","","","","","","","","","","","","","","","","","","","","","","","",25000,1,"","",3,1,2,1,"","","","","","","","","","",3,1,270,1,"","","","","","","","","","","","","","","","","","","","","","","","","","","","","","","","","","","","","","","","","","","","","","","","","","","",""
"83069002","PORQUEROLLES",43.,6.226833,135,1981061715,"","","","",8.,1,300,1,"","","","","","","","","","","","","","","","","","","","","","","","","","","","",27.5,1,8.2,1,"","","","","","","","","","","","","","","","","","","","","","","","","","",30,1,"","","","","","","","","","","","",11.1,1,1007.,1,"","","","","","",5,1,5,1,0,1,0,1,2,1,"","","","","","","","","","","","","","","","","","","","","","","","",25000,1,"","",2,1,2,1,"","","","","","","","","","",3,1,270,1,"","","","","","","","","","","","","","","","","","","","","","","","","","","","","","","","","","","","","","","","","","","","","","","","","","","",""
"83069002","PORQUEROLLES",43.,6.226833,135,1981061718,"","","","",15.,1,300,1,"","","","","","","","","","","","","","","","","","","","","","","","","","","","",24.8,1,7.,1,"","","","","","","","","","","","","","","","","","","","","","","","","","",33,1,"","","","","","","","","","","","",10.2,1,1005.9,1,"","","","","","",5,1,5,1,0,1,0,1,2,1,"","","","","","","","","","","","","","","","","","","","","","","","",25000,1,"","",2,1,2,1,"","","","","","","","","","",4,1,270,1,"","","","","","","","","","","","","","","","","","","","","","","","","","","","","","","","","","","","","","","","","","","","","","","","","","","",""
"83069002","PORQUEROLLES",43.,6.226833,135,1981061721,"","","","",15.,1,320,1,"","","","","","","","","","","","","","","","","","","","","","","","","","","","",22.5,1,-0.9,1,"","","","","","","","","","","","","","","","","","","","","","","","","","",21,1,"","","","","","","","","","","","",5.7,1,1006.9,1,"","","","","","",3,1,0,1,0,1,0,1,2,1,"","","","","","","","","","","","","","","","","","","","","","","","",25000,1,"","",1,1,2,1,"","","","","","","","","","",4,1,270,1,"","","","","","","","","","","","","","","","","","","","","","","","","","","","","","","","","","","","","","","","","","","","","","","","","","","",""
"83069002","PORQUEROLLES",43.,6.226833,135,1981061800,"","","","",9.,1,300,1,"","","","","","","","","","","","","","","","","","","","","","","","","","","","",18.6,1,4.5,1,"","","","","","","","","","","","","","","","","","","","","","","","","","",40,1,"","","","","","","","","","","","",8.5,1,1007.7,1,"","","","","","","","","","","","","","","","","","","","","","","","","","","","","","","","","","","","","","","","","","","","","","","","","","","","","","","","","","","","","","","","","","","","","","","","","","","","","","","","","","","","","","","","","","","","","","","","","","","","","","","","","","","","","","","","","",""
"83069002","PORQUEROLLES",43.,6.226833,135,1981061803,"","","","",14.,1,320,1,"","","","","","","","","","","","","","","","","","","","","","","","","","","","",17.5,1,4.9,1,"","","","","","","","","","","","","","","","","","","","","","","","","","",44,1,"","","","","","","","","","","","",8.8,1,1006.7,1,"","","","","","",0,1,"","",0,1,0,1,0,1,"","","","","","","","","","","","","","","","","","","","","","","","",20000,1,"","",0,1,"","","","","","","","","","","","",4,1,270,1,"","","","","","","","","","","","","","","","","","","","","","","","","","","","","","","","","","","","","","","","","","","","","","","","","","","",""
"83069002","PORQUEROLLES",43.,6.226833,135,1981061806,"","","","",9.,1,360,1,"","","","","","","","","","","","","","","","","","","","","","","","","","","","",17.,1,6.6,1,"","","","","","","","","","","","","","","","","","","","","","","","","","",47,1,"","","","","","","","","","","","",9.9,1,1009.7,1,"","","","","","",1,1,0,1,0,1,0,1,2,1,"","","","","","","","","","","","","","","","","","","","","","","","",20000,1,"","",3,1,0,1,"","",0,1,"","","","","","",4,1,270,1,"","","","","","","","","","","","","","","","","","","","","","","","","","","","","","","","","","","","","","","","","","","","","","","","","","","",""
"83069002","PORQUEROLLES",43.,6.226833,135,1981061809,"","","","",5.,1,20,1,"","","","","","","","","","","","","","","","","","","","","","","","","","","","",22.,1,8.7,1,"","","","","","","","","","","","","","","","","","","","","","","","","","",43,1,"","","","","","","","","","","","",11.5,1,1010.5,1,"","","","","","",0,1,"","",0,1,0,1,0,1,"","","","","","","","","","","","","","","","","","","","","","","","",30000,1,"","",1,1,0,1,"","","","","","","","","","",3,1,270,1,"","","","","","","","","","","","","","","","","","","","","","","","","","","","","","","","","","","","","","","","","","","","","","","","","","","",""
"83069002","PORQUEROLLES",43.,6.226833,135,1981061812,"","","","",4.,1,260,1,"","","","","","","","","","","","","","","","","","","","","","","","","","","","",24.5,1,8.7,1,"","","","","","","","","","","","","","","","","","","","","","","","","","",37,1,"","","","","","","","","","","","",11.5,1,1010.9,1,"","","","","","",1,1,0,1,1,1,0,1,0,1,"","","","","","","","","","","","","","","","","","","","","","","","",25000,1,"","",3,1,0,1,"","","","","","","","","","",3,1,270,1,"","","","","","","","","","","","","","","","","","","","","","","","","","","","","","","","","","","","","","","","","","","","","","","","","","","",""
"83069002","PORQUEROLLES",43.,6.226833,135,1981061815,"","","","",9.,1,280,1,"","","","","","","","","","","","","","","","","","","","","","","","","","","","",23.,1,8.7,1,"","","","","","","","","","","","","","","","","","","","","","","","","","",41,1,"","","","","","","","","","","","",11.5,1,1010.5,1,"","","","","","",1,1,0,1,2,1,0,1,0,1,"","","","","","","","","","","","","","","","","","","","","","","","",20000,1,"","",2,1,0,1,"","","","","","","","","","",4,1,270,1,"","","","","","","","","","","","","","","","","","","","","","","","","","","","","","","","","","","","","","","","","","","","","","","","","","","",""
"83069002","PORQUEROLLES",43.,6.226833,135,1981061818,"","","","",8.,1,280,1,"","","","","","","","","","","","","","","","","","","","","","","","","","","","",20.6,1,9.6,1,"","","","","","","","","","","","","","","","","","","","","","","","","","",50,1,"","","","","","","","","","","","",12.2,1,1010.1,1,"","","","","","",0,1,"","",0,1,0,1,0,1,"","","","","","","","","","","","","","","","","","","","","","","","",25000,1,"","",1,1,0,1,"","","","","","","","","","",4,1,270,1,"","","","","","","","","","","","","","","","","","","","","","","","","","","","","","","","","","","","","","","","","","","","","","","","","","","",""
"83069002","PORQUEROLLES",43.,6.226833,135,1981061821,"","","","",4.,1,320,1,"","","","","","","","","","","","","","","","","","","","","","","","","","","","",17.8,1,11.3,1,"","","","","","","","","","","","","","","","","","","","","","","","","","",67,1,"","","","","","","","","","","","",13.7,1,1011.7,1,"","","","","","",0,1,"","",0,1,0,1,0,1,"","","","","","","","","","","","","","","","","","","","","","","","",25000,1,"","",2,1,0,1,"","","","","","","","","","",3,1,270,1,"","","","","","","","","","","","","","","","","","","","","","","","","","","","","","","","","","","","","","","","","","","","","","","","","","","",""
"83069002","PORQUEROLLES",43.,6.226833,135,1981061900,"","","","",5.,1,280,1,"","","","","","","","","","","","","","","","","","","","","","","","","","","","",16.,1,8.2,1,"","","","","","","","","","","","","","","","","","","","","","","","","","",61,1,"","","","","","","","","","","","",11.1,1,1012.3,1,"","","","","","","","","","","","","","","","","","","","","","","","","","","","","","","","","","","","","","","","","","","","","","","","","","","","","","","","","","","","","","","","","","","","","","","","","","","","","","","","","","","","","","","","","","","","","","","","","","","","","","","","","","","","","","","","","",""
"83069002","PORQUEROLLES",43.,6.226833,135,1981061903,"","","","",5.,1,40,1,"","","","","","","","","","","","","","","","","","","","","","","","","","","","",15.7,1,11.2,1,"","","","","","","","","","","","","","","","","","","","","","","","","","",76,1,"","","","","","","","","","","","",13.6,1,1012.3,1,"","","","","","",2,1,0,1,0,1,4,1,2,1,"","","","","","","","","","","","","","","","","","","","","","","","",15000,1,"","",0,1,"","","","","","","","","","","","",3,1,270,1,"","","","","","","","","","","","","","","","","","","","","","","","","","","","","","","","","","","","","","","","","","","","","","","","","","","",""
"83069002","PORQUEROLLES",43.,6.226833,135,1981061906,"","","","",3.,1,60,1,"","","","","","","","","","","","","","","","","","","","","","","","","","","","",16.3,1,12.7,1,"","","","","","","","","","","","","","","","","","","","","","","","","","",81,1,"","","","","","","","","","","","",15.1,1,1013.,1,"","","","","","",2,1,0,1,1,1,4,1,2,1,"","","","","","","","","","","","","","","","","","","","","","","","",12000,1,"","",2,1,0,1,"","",0,1,"","","","","","",2,1,270,1,"","","","","","","","","","","","","","","","","","","","","","","","","","","","","","","","","","","","","","","","","","","","","","","","","","","",""
"83069002","PORQUEROLLES",43.,6.226833,135,1981061909,"","","","",9.,1,80,1,"","","","","","","","","","","","","","","","","","","","","","","","","","","","",21.8,1,14.7,1,"","","","","","","","","","","","","","","","","","","","","","","","","","",66,1,"","","","","","","","","","","","",17.2,1,1013.1,1,"","","","","","",2,1,0,1,1,1,0,1,0,1,"","","","","","","","","","","","","","","","","","","","","","","","",18000,1,"","",2,1,0,1,"","","","","","","","","","",3,1,90,1,"","","","","","","","","","","","","","","","","","","","","","","","","","","","","","","","","","","","","","","","","","","","","","","","","","","",""
"83069002","PORQUEROLLES",43.,6.226833,135,1981061912,"","","","",7.,1,80,1,"","","","","","","","","","","","","","","","","","","","","","","","","","","","",22.5,1,15.1,1,"","","","","","","","","","","","","","","","","","","","","","","","","","",65,1,"","","","","","","","","","","","",17.7,1,1013.7,1,"","","","","","",6,1,6,1,0,1,0,1,6,1,"","","","","","","","","","","","","","","","","","","","","","","","",12000,1,"","",3,1,1,1,"","","","","","","","","","",3,1,90,1,"","","","","","","","","","","","","","","","","","","","","","","","","","","","","","","","","","","","","","","","","","","","","","","","","","","",""
"83069002","PORQUEROLLES",43.,6.226833,135,1981061915,"","","","",0.,1,0,1,"","","","","","","","","","","","","","","","","","","","","","","","","","","","",21.3,1,14.1,1,"","","","","","","","","","","","","","","","","","","","","","","","","","",66,1,"","","","","","","","","","","","",16.6,1,1013.9,1,"","","","","","",6,1,6,1,0,1,0,1,6,1,"","","","","","","","","","","","","","","","","","","","","","","","",12000,1,"","",2,1,2,1,"","","","","","","","","","",3,1,90,1,"","","","","","","","","","","","","","","","","","","","","","","","","","","","","","","","","","","","","","","","","","","","","","","","","","","",""
"83069002","PORQUEROLLES",43.,6.226833,135,1981061918,"","","","",3.,1,80,1,"","","","","","","","","","","","","","","","","","","","","","","","","","","","",20.3,1,13.4,1,"","","","","","","","","","","","","","","","","","","","","","","","","","",66,1,"","","","","","","","","","","","",15.8,1,1013.4,1,"","","","","","",6,1,6,1,0,1,0,1,6,1,"","","","","","","","","","","","","","","","","","","","","","","","",10000,1,"","",2,1,2,1,"","","","","","","","","","",2,1,90,1,"","","","","","","","","","","","","","","","","","","","","","","","","","","","","","","","","","","","","","","","","","","","","","","","","","","",""
"83069002","PORQUEROLLES",43.,6.226833,135,1981061921,"","","","",4.,1,80,1,"","","","","","","","","","","","","","","","","","","","","","","","","","","","",15.7,1,12.9,1,"","","","","","","","","","","","","","","","","","","","","","","","","","",86,1,"","","","","","","","","","","","",15.3,1,1014.7,1,"","","","","","",2,1,0,1,0,1,0,1,1,1,"","","","","","","","","","","","","","","","","","","","","","","","",14000,1,"","",1,1,1,1,"","","","","","","","","","",2,1,0,1,"","","","","","","","","","","","","","","","","","","","","","","","","","","","","","","","","","","","","","","","","","","","","","","","","","","",""
"83069002","PORQUEROLLES",43.,6.226833,135,1981062000,"","","","",0.,1,0,1,"","","","","","","","","","","","","","","","","","","","","","","","","","","","",16.,1,13.2,1,"","","","","","","","","","","","","","","","","","","","","","","","","","",85,1,"","","","","","","","","","","","",15.5,1,1014.7,1,"","","","","","","","","","","","","","","","","","","","","","","","","","","","","","","","","","","","","","","","","","","","","","","","","","","","","","","","","","","","","","","","","","","","","","","","","","","","","","","","","","","","","","","","","","","","","","","","","","","","","","","","","","","","","","","","","",""
"83069002","PORQUEROLLES",43.,6.226833,135,1981062003,"","","","",0.,1,0,1,"","","","","","","","","","","","","","","","","","","","","","","","","","","","",16.,1,12.8,1,"","","","","","","","","","","","","","","","","","","","","","","","","","",83,1,"","","","","","","","","","","","",15.1,1,1014.7,1,"","","","","","",2,1,0,1,0,1,0,1,1,1,"","","","","","","","","","","","","","","","","","","","","","","","",12000,1,"","",0,1,"","","","","","","","","","","","",2,1,0,1,"","","","","","","","","","","","","","","","","","","","","","","","","","","","","","","","","","","","","","","","","","","","","","","","","","","",""
"83069002","PORQUEROLLES",43.,6.226833,135,1981062006,"","","","",0.,1,0,1,"","","","","","","","","","","","","","","","","","","","","","","","","","","","",15.8,1,12.8,1,"","","","","","","","","","","","","","","","","","","","","","","","","","",84,1,"","","","","","","","","","","","",15.1,1,1015.5,1,"","","","","","",0,1,"","",0,1,0,1,0,1,"","","","","","","","","","","","","","","","","","","","","","","","",12000,1,"","",1,1,0,1,"","",0,1,"","","","","","",2,1,0,1,"","","","","","","","","","","","","","","","","","","","","","","","","","","","","","","","","","","","","","","","","","","","","","","","","","","",""
"83069002","PORQUEROLLES",43.,6.226833,135,1981062009,"","","","",0.,1,0,1,"","","","","","","","","","","","","","","","","","","","","","","","","","","","",20.,1,14.5,1,"","","","","","","","","","","","","","","","","","","","","","","","","","",73,1,"","","","","","","","","","","","",17.,1,1016.3,1,"","","","","","",1,1,0,1,1,1,0,1,0,1,"","","","","","","","","","","","","","","","","","","","","","","","",12000,1,"","",2,1,0,1,"","","","","","","","","","",2,1,0,1,"","","","","","","","","","","","","","","","","","","","","","","","","","","","","","","","","","","","","","","","","","","","","","","","","","","",""
"83069002","PORQUEROLLES",43.,6.226833,135,1981062012,"","","","",3.,1,280,1,"","","","","","","","","","","","","","","","","","","","","","","","","","","","",22.5,1,14.6,1,"","","","","","","","","","","","","","","","","","","","","","","","","","",63,1,"","","","","","","","","","","","",17.1,1,1016.4,1,"","","","","","",2,1,0,1,3,1,0,1,0,1,"","","","","","","","","","","","","","","","","","","","","","","","",10000,1,"","",3,1,0,1,"","","","","","","","","","",2,1,0,1,"","","","","","","","","","","","","","","","","","","","","","","","","","","","","","","","","","","","","","","","","","","","","","","","","","","",""
"83069002","PORQUEROLLES",43.,6.226833,135,1981062015,"","","","",3.,1,280,1,"","","","","","","","","","","","","","","","","","","","","","","","","","","","",21.,1,11.9,1,"","","","","","","","","","","","","","","","","","","","","","","","","","",57,1,"","","","","","","","","","","","",14.2,1,1016.5,1,"","","","","","",2,1,0,1,3,1,0,1,0,1,"","","","","","","","","","","","","","","","","","","","","","","","",10000,1,"","",2,1,0,1,"","","","","","","","","","",2,1,0,1,"","","","","","","","","","","","","","","","","","","","","","","","","","","","","","","","","","","","","","","","","","","","","","","","","","","",""
"83069002","PORQUEROLLES",43.,6.226833,135,1981062018,"","","","",2.,1,300,1,"","","","","","","","","","","","","","","","","","","","","","","","","","","","",20.3,1,12.7,1,"","","","","","","","","","","","","","","","","","","","","","","","","","",63,1,"","","","","","","","","","","","",15.,1,1015.9,1,"","","","","","",2,1,0,1,2,1,0,1,0,1,"","","","","","","","","","","","","","","","","","","","","","","","",12000,1,"","",2,1,0,1,"","","","","","","","","","",2,1,0,1,"","","","","","","","","","","","","","","","","","","","","","","","","","","","","","","","","","","","","","","","","","","","","","","","","","","",""
"83069002","PORQUEROLLES",43.,6.226833,135,1981062021,"","","","",2.,1,300,1,"","","","","","","","","","","","","","","","","","","","","","","","","","","","",17.,1,13.2,1,"","","","","","","","","","","","","","","","","","","","","","","","","","",80,1,"","","","","","","","","","","","",15.5,1,1016.2,1,"","","","","","",2,1,0,1,2,1,0,1,0,1,"","","","","","","","","","","","","","","","","","","","","","","","",12000,1,"","",2,1,0,1,"","","","","","","","","","",2,1,0,1,"","","","","","","","","","","","","","","","","","","","","","","","","","","","","","","","","","","","","","","","","","","","","","","","","","","",""
"83069002","PORQUEROLLES",43.,6.226833,135,1981062100,"","","","",4.,1,300,1,"","","","","","","","","","","","","","","","","","","","","","","","","","","","",16.2,1,13.3,1,"","","","","","","","","","","","","","","","","","","","","","","","","","",85,1,"","","","","","","","","","","","",15.7,1,1016.1,1,"","","","","","","","","","","","","","","","","","","","","","","","","","","","","","","","","","","","","","","","","","","","","","","","","","","","","","","","","","","","","","","","","","","","","","","","","","","","","","","","","","","","","","","","","","","","","","","","","","","","","","","","","","","","","","","","","",""
"83069002","PORQUEROLLES",43.,6.226833,135,1981062103,"","","","",2.,1,300,1,"","","","","","","","","","","","","","","","","","","","","","","","","","","","",15.5,1,13.9,1,"","","","","","","","","","","","","","","","","","","","","","","","","","",93,1,"","","","","","","","","","","","",16.3,1,1015.5,1,"","","","","","",3,1,0,1,2,1,0,1,0,1,"","","","","","","","","","","","","","","","","","","","","","","","",10000,1,"","",0,1,"","","","","","","","","","","","",2,1,0,1,"","","","","","","","","","","","","","","","","","","","","","","","","","","","","","","","","","","","","","","","","","","","","","","","","","","",""
"83069002","PORQUEROLLES",43.,6.226833,135,1981062106,"","","","",0.,1,0,1,"","","","","","","","","","","","","","","","","","","","","","","","","","","","",15.7,1,9.3,1,"","","","","","","","","","","","","","","","","","","","","","","","","","",67,1,"","","","","","","","","","","","",12.,1,1015.2,1,"","","","","","",0,1,"","",0,1,0,1,0,1,"","","","","","","","","","","","","","","","","","","","","","","","",15000,1,"","",1,1,0,1,"","",0,1,"","","","","","",2,1,0,1,"","","","","","","","","","","","","","","","","","","","","","","","","","","","","","","","","","","","","","","","","","","","","","","","","","","",""
"83069002","PORQUEROLLES",43.,6.226833,135,1981062109,"","","","",3.,1,280,1,"","","","","","","","","","","","","","","","","","","","","","","","","","","","",20.2,1,11.7,1,"","","","","","","","","","","","","","","","","","","","","","","","","","",60,1,"","","","","","","","","","","","",14.1,1,1015.1,1,"","","","","","",1,1,0,1,1,1,0,1,2,1,"","","","","","","","","","","","","","","","","","","","","","","","",15000,1,"","",3,1,0,1,"","","","","","","","","","",2,1,270,1,"","","","","","","","","","","","","","","","","","","","","","","","","","","","","","","","","","","","","","","","","","","","","","","","","","","",""
"83069002","PORQUEROLLES",43.,6.226833,135,1981062112,"","","","",9.,1,260,1,"","","","","","","","","","","","","","","","","","","","","","","","","","","","",23.6,1,11.7,1,"","","","","","","","","","","","","","","","","","","","","","","","","","",48,1,"","","","","","","","","","","","",14.1,1,1013.,1,"","","","","","",3,1,0,1,2,1,0,1,2,1,"","","","","","","","","","","","","","","","","","","","","","","","",10000,1,"","",3,1,0,1,"","","","","","","","","","",3,1,270,1,"","","","","","","","","","","","","","","","","","","","","","","","","","","","","","","","","","","","","","","","","","","","","","","","","","","",""
"83069002","PORQUEROLLES",43.,6.226833,135,1981062115,"","","","",14.,1,300,1,"","","","","","","","","","","","","","","","","","","","","","","","","","","","",20.4,1,12.3,1,"","","","","","","","","","","","","","","","","","","","","","","","","","",61,1,"","","","","","","","","","","","",14.7,1,1010.6,1,"","","","","","",1,1,0,1,0,1,0,1,2,1,"","","","","","","","","","","","","","","","","","","","","","","","",12000,1,"","",1,1,0,1,"","","","","","","","","","",4,1,270,1,"","","","","","","","","","","","","","","","","","","","","","","","","","","","","","","","","","","","","","","","","","","","","","","","","","","",""
"83069002","PORQUEROLLES",43.,6.226833,135,1981062118,"","","","",10.,1,280,1,"","","","","","","","","","","","","","","","","","","","","","","","","","","","",20.2,1,13.3,1,"","","","","","","","","","","","","","","","","","","","","","","","","","",66,1,"","","","","","","","","","","","",15.7,1,1008.9,1,"","","","","","",3,1,0,1,0,1,0,1,4,1,"","","","","","","","","","","","","","","","","","","","","","","","",15000,1,"","",3,1,0,1,"","","","","","","","","","",4,1,270,1,"","","","","","","","","","","","","","","","","","","","","","","","","","","","","","","","","","","","","","","","","","","","","","","","","","","",""
"83069002","PORQUEROLLES",43.,6.226833,135,1981062121,"","","","",4.,1,40,1,"","","","","","","","","","","","","","","","","","","","","","","","","","","","",19.3,1,15.5,1,"","","","","","","","","","","","","","","","","","","","","","","","","","",81,1,"","","","","","","","","","","","",18.2,1,1010.,1,"","","","","","",0,1,"","",0,1,0,1,0,1,"","","","","","","","","","","","","","","","","","","","","","","","",12000,1,"","",1,1,0,1,"","","","","","","","","","",2,1,270,1,"","","","","","","","","","","","","","","","","","","","","","","","","","","","","","","","","","","","","","","","","","","","","","","","","","","",""
"83069002","PORQUEROLLES",43.,6.226833,135,1981062200,"","","","",4.,1,20,1,"","","","","","","","","","","","","","","","","","","","","","","","","","","","",17.8,1,15.5,1,"","","","","","","","","","","","","","","","","","","","","","","","","","",89,1,"","","","","","","","","","","","",18.2,1,1010.2,1,"","","","","","","","","","","","","","","","","","","","","","","","","","","","","","","","","","","","","","","","","","","","","","","","","","","","","","","","","","","","","","","","","","","","","","","","","","","","","","","","","","","","","","","","","","","","","","","","","","","","","","","","","","","","","","","","","",""
"83069002","PORQUEROLLES",43.,6.226833,135,1981062203,"","","","",5.,1,20,1,"","","","","","","","","","","","","","","","","","","","","","","","","","","","",16.,1,10.1,1,"","","","","","","","","","","","","","","","","","","","","","","","","","",69,1,"","","","","","","","","","","","",12.6,1,1009.5,1,"","","","","","",7,1,7,1,6,1,"","","","","","","","","","","","","","","","","","","","","","","","","","","","",15000,1,"","",0,1,"","","","","","","","","","","","",2,1,350,1,"","","","","","","","","","","","","","","","","","","","","","","","","","","","","","","","","","","","","","","","","","","","","","","","","","","",""
"83069002","PORQUEROLLES",43.,6.226833,135,1981062206,"","","","",11.,1,80,1,"","","","","","","","","","","","","","","","","","","","","","","","","","","","",18.4,1,13.1,1,"","","","","","","","","","","","","","","","","","","","","","","","","","",73,1,"","","","","","","","","","","","",15.5,1,1009.7,1,"","","","","","",7,1,5,1,7,1,7,1,"","","","","","","","","","","","","","","","","","","","","","","","","","",15000,1,"","",3,1,2,1,"","",0,1,"","","","","","",3,1,90,1,"","","","","","","","","","","","","","","","","","","","","","","","","","","","","","","","","","","","","","","","","","","","","","","","","","","",""
"83069002","PORQUEROLLES",43.,6.226833,135,1981062209,"","","","",6.,1,80,1,"","","","","","","","","","","","","","","","","","","","","","","","","","","","",21.4,1,14.9,1,"","","","","","","","","","","","","","","","","","","","","","","","","","",69,1,"","","","","","","","","","","","",17.5,1,1010.5,1,"","","","","","",8,1,8,1,5,1,"","","","","","","","","","","","","","","","","","","","","","","","","","","","",12000,1,"","",2,1,2,1,"","","","","","","","","","",3,1,90,1,"","","","","","","","","","","","","","","","","","","","","","","","","","","","","","","","","","","","","","","","","","","","","","","","","","","",""
"83069002","PORQUEROLLES",43.,6.226833,135,1981062212,"","","","",4.,1,100,1,"","","","","","","","","","","","","","","","","","","","","","","","","","","","",24.8,1,11.2,1,"","","","","","","","","","","","","","","","","","","","","","","","","","",43,1,"","","","","","","","","","","","",13.6,1,1010.8,1,"","","","","","",8,1,8,1,5,1,"","","","","","","","","","","","","","","","","","","","","","","","","","","","",25000,1,"","",2,1,2,1,"","","","","","","","","","",3,1,90,1,"","","","","","","","","","","","","","","","","","","","","","","","","","","","","","","","","","","","","","","","","","","","","","","","","","","",""
"83069002","PORQUEROLLES",43.,6.226833,135,1981062215,"","","","",3.,1,280,1,"","","","","","","","","","","","","","","","","","","","","","","","","","","","",19.8,1,9.2,1,"","","","","","","","","","","","","","","","","","","","","","","","","","",52,1,"","","","","","","","","","","","",11.9,1,1010.4,1,"","","","","","",8,1,8,1,5,1,"","","","","","","","","","","","","","","","","","","","","","","","","","","","",12000,1,"","",2,1,2,1,"","","","","","","","","","",3,1,90,1,"","","","","","","","","","","","","","","","","","","","","","","","","","","","","","","","","","","","","","","","","","","","","","","","","","","",""
"83069002","PORQUEROLLES",43.,6.226833,135,1981062218,"","","","",4.,1,100,1,"","","","","","","","","","","","","","","","","","","","","","","","","","","","",19.3,1,12.8,1,"","","","","","","","","","","","","","","","","","","","","","","","","","",68,1,"","","","","","","","","","","","",15.2,1,1009.7,1,"","","","","","",8,1,8,1,9,1,7,1,"","","","","","","","","","","","","","","","","","","","","","","","","","",12000,1,"","",2,1,2,1,"","","","","","","","","","",3,1,90,1,"","","","","","","","","","","","","","","","","","","","","","","","","","","","","","","","","","","","","","","","","","","","","","","","","","","",""
"83069002","PORQUEROLLES",43.,6.226833,135,1981062221,"","","","",2.,1,40,1,"","","","","","","","","","","","","","","","","","","","","","","","","","","","",16.7,1,12.,1,"","","","","","","","","","","","","","","","","","","","","","","","","","",76,1,"","","","","","","","","","","","",14.4,1,1009.9,1,"","","","","","",2,1,0,1,0,1,4,1,0,1,"","","","","","","","","","","","","","","","","","","","","","","","",14000,1,"","",1,1,1,1,"","","","","","","","","","",2,1,90,1,"","","","","","","","","","","","","","","","","","","","","","","","","","","","","","","","","","","","","","","","","","","","","","","","","","","",""
"83069002","PORQUEROLLES",43.,6.226833,135,1981062300,"","","","",4.,1,20,1,"","","","","","","","","","","","","","","","","","","","","","","","","","","","",15.8,1,10.1,1,"","","","","","","","","","","","","","","","","","","","","","","","","","",70,1,"","","","","","","","","","","","",12.6,1,1009.7,1,"","","","","","","","","","","","","","","","","","","","","","","","","","","","","","","","","","","","","","","","","","","","","","","","","","","","","","","","","","","","","","","","","","","","","","","","","","","","","","","","","","","","","","","","","","","","","","","","","","","","","","","","","","","","","","","","","",""
"83069002","PORQUEROLLES",43.,6.226833,135,1981062303,"","","","",0.,1,0,1,"","","","","","","","","","","","","","","","","","","","","","","","","","","","",15.4,1,8.5,1,"","","","","","","","","","","","","","","","","","","","","","","","","","",65,1,"","","","","","","","","","","","",11.3,1,1009.4,1,"","","","","","",3,1,0,1,0,1,5,1,0,1,"","","","","","","","","","","","","","","","","","","","","","","","",12000,1,"","",0,1,"","","","","","","","","","","","",2,1,0,1,"","","","","","","","","","","","","","","","","","","","","","","","","","","","","","","","","","","","","","","","","","","","","","","","","","","",""
"83069002","PORQUEROLLES",43.,6.226833,135,1981062306,"","","","",3.,1,40,1,"","","","","","","","","","","","","","","","","","","","","","","","","","","","",15.3,1,8.6,1,"","","","","","","","","","","","","","","","","","","","","","","","","","",66,1,"","","","","","","","","","","","",11.4,1,1009.7,1,"","","","","","",8,1,6,1,2,1,7,1,"","","","","","","","","","","","","","","","","","","","","","","","","","",12000,1,"","",3,1,"","","","",0,1,"","","","","","",2,1,0,1,"","","","","","","","","","","","","","","","","","","","","","","","","","","","","","","","","","","","","","","","","","","","","","","","","","","",""
"83069002","PORQUEROLLES",43.,6.226833,135,1981062309,"","","","",0.,1,0,1,"","","","","","","","","","","","","","","","","","","","","","","","","","","","",15.,1,10.9,1,"","","","","","","","","","","","","","","","","","","","","","","","","","",78,1,"","","","","","","","","","","","",13.4,1,1010.4,1,"","","","","","",8,1,5,1,7,1,2,1,"","","","","","","","","","","","","","","","","","","","","","","","","","",15000,1,"","",21,1,6,1,"","","","","","","","","","",2,1,0,1,"","","","","","","","","","","","","","","","","","","","","","","","","","","","","","","","","","","","","","","","","","","","","","","","","","","",""
"83069002","PORQUEROLLES",43.,6.226833,135,1981062312,"","","","",0.,1,0,1,"","","","","","","","","","","","","","","","","","","","","","","","","","","","",16.,1,12.,1,"","","","","","","","","","","","","","","","","","","","","","","","","","",79,1,"","","","","","","","","","","","",14.4,1,1011.5,1,"","","","","","",8,1,5,1,7,1,2,1,"","","","","","","","","","","","","","","","","","","","","","","","","","",15000,1,"","",21,1,6,1,"","","","","","","","","","",2,1,0,1,"","","","","","","","","","","","","","","","","","","","","","","","","","","","","","","","","","","","","","","","","","","","","","","","","","","",""
"83069002","PORQUEROLLES",43.,6.226833,135,1981062315,"","","","",3.,1,320,1,"","","","","","","","","","","","","","","","","","","","","","","","","","","","",15.,1,10.9,1,"","","","","","","","","","","","","","","","","","","","","","","","","","",78,1,"","","","","","","","","","","","",13.4,1,1012.3,1,"","","","","","",8,1,6,1,7,1,2,1,"","","","","","","","","","","","","","","","","","","","","","","","","","",15000,1,"","",21,1,6,1,"","","","","","","","","","",2,1,0,1,"","","","","","","","","","","","","","","","","","","","","","","","","","","","","","","","","","","","","","","","","","","","","","","","","","","",""
"83069002","PORQUEROLLES",43.,6.226833,135,1981062318,"","","","",3.,1,280,1,"","","","","","","","","","","","","","","","","","","","","","","","","","","","",16.5,1,9.6,1,"","","","","","","","","","","","","","","","","","","","","","","","","","",65,1,"","","","","","","","","","","","",12.2,1,1011.8,1,"","","","","","",8,1,8,1,0,1,7,1,"","","","","","","","","","","","","","","","","","","","","","","","","","",16000,1,"","",2,1,6,1,"","","","","","","","","","",2,1,0,1,"","","","","","","","","","","","","","","","","","","","","","","","","","","","","","","","","","","","","","","","","","","","","","","","","","","",""
"83069002","PORQUEROLLES",43.,6.226833,135,1981062321,"","","","",4.,1,320,1,"","","","","","","","","","","","","","","","","","","","","","","","","","","","",15.5,1,12.4,1,"","","","","","","","","","","","","","","","","","","","","","","","","","",84,1,"","","","","","","","","","","","",14.8,1,1012.4,1,"","","","","","",8,1,8,1,0,1,7,1,"","","","","","","","","","","","","","","","","","","","","","","","","","",16000,1,"","",2,1,2,1,"","","","","","","","","","",2,1,0,1,"","","","","","","","","","","","","","","","","","","","","","","","","","","","","","","","","","","","","","","","","","","","","","","","","","","",""
"83069002","PORQUEROLLES",43.,6.226833,135,1981062400,"","","","",1.,1,300,1,"","","","","","","","","","","","","","","","","","","","","","","","","","","","",15.6,1,10.8,1,"","","","","","","","","","","","","","","","","","","","","","","","","","",75,1,"","","","","","","","","","","","",13.3,1,1012.7,1,"","","","","","","","","","","","","","","","","","","","","","","","","","","","","","","","","","","","","","","","","","","","","","","","","","","","","","","","","","","","","","","","","","","","","","","","","","","","","","","","","","","","","","","","","","","","","","","","","","","","","","","","","","","","","","","","","",""
"83069002","PORQUEROLLES",43.,6.226833,135,1981062403,"","","","",2.,1,300,1,"","","","","","","","","","","","","","","","","","","","","","","","","","","","",15.7,1,10.3,1,"","","","","","","","","","","","","","","","","","","","","","","","","","",72,1,"","","","","","","","","","","","",12.8,1,1011.7,1,"","","","","","",4,1,0,1,0,1,0,1,2,1,"","","","","","","","","","","","","","","","","","","","","","","","",16000,1,"","",0,1,"","","","","","","","","","","","",2,1,0,1,"","","","","","","","","","","","","","","","","","","","","","","","","","","","","","","","","","","","","","","","","","","","","","","","","","","",""
"83069002","PORQUEROLLES",43.,6.226833,135,1981062406,"","","","",0.,1,0,1,"","","","","","","","","","","","","","","","","","","","","","","","","","","","",17.6,1,9.,1,"","","","","","","","","","","","","","","","","","","","","","","","","","",58,1,"","","","","","","","","","","","",11.7,1,1011.5,1,"","","","","","",0,1,"","",0,1,0,1,0,1,"","","","","","","","","","","","","","","","","","","","","","","","",16000,1,"","",1,1,0,1,"","",0,1,"","","","","","",2,1,0,1,"","","","","","","","","","","","","","","","","","","","","","","","","","","","","","","","","","","","","","","","","","","","","","","","","","","",""
"83069002","PORQUEROLLES",43.,6.226833,135,1981062409,"","","","",4.,1,260,1,"","","","","","","","","","","","","","","","","","","","","","","","","","","","",20.,1,13.6,1,"","","","","","","","","","","","","","","","","","","","","","","","","","",68,1,"","","","","","","","","","","","",16.,1,1011.6,1,"","","","","","",0,1,"","",0,1,0,1,0,1,"","","","","","","","","","","","","","","","","","","","","","","","",16000,1,"","",2,1,0,1,"","","","","","","","","","",2,1,0,1,"","","","","","","","","","","","","","","","","","","","","","","","","","","","","","","","","","","","","","","","","","","","","","","","","","","",""
"83069002","PORQUEROLLES",43.,6.226833,135,1981062412,"","","","",5.,1,260,1,"","","","","","","","","","","","","","","","","","","","","","","","","","","","",21.5,1,14.5,1,"","","","","","","","","","","","","","","","","","","","","","","","","","",67,1,"","","","","","","","","","","","",17.,1,1012.,1,"","","","","","",0,1,"","",0,1,0,1,0,1,"","","","","","","","","","","","","","","","","","","","","","","","",3000,1,"","",10,1,0,1,"","","","","","","","","","",2,1,270,1,"","","","","","","","","","","","","","","","","","","","","","","","","","","","","","","","","","","","","","","","","","","","","","","","","","","",""
"83069002","PORQUEROLLES",43.,6.226833,135,1981062415,"","","","",8.,1,260,1,"","","","","","","","","","","","","","","","","","","","","","","","","","","","",22.,1,13.9,1,"","","","","","","","","","","","","","","","","","","","","","","","","","",62,1,"","","","","","","","","","","","",16.4,1,1011.8,1,"","","","","","",1,1,0,1,9,1,0,1,0,1,"","","","","","","","","","","","","","","","","","","","","","","","",6000,1,"","",3,1,0,1,"","","","","","","","","","",2,1,270,1,"","","","","","","","","","","","","","","","","","","","","","","","","","","","","","","","","","","","","","","","","","","","","","","","","","","",""
"83069002","PORQUEROLLES",43.,6.226833,135,1981062418,"","","","",7.,1,280,1,"","","","","","","","","","","","","","","","","","","","","","","","","","","","",20.4,1,13.9,1,"","","","","","","","","","","","","","","","","","","","","","","","","","",68,1,"","","","","","","","","","","","",16.3,1,1011.1,1,"","","","","","",1,1,0,1,2,1,0,1,0,1,"","","","","","","","","","","","","","","","","","","","","","","","",6000,1,"","",2,1,0,1,"","","","","","","","","","",2,1,270,1,"","","","","","","","","","","","","","","","","","","","","","","","","","","","","","","","","","","","","","","","","","","","","","","","","","","",""
"83069002","PORQUEROLLES",43.,6.226833,135,1981062421,"","","","",5.,1,280,1,"","","","","","","","","","","","","","","","","","","","","","","","","","","","",18.,1,15.8,1,"","","","","","","","","","","","","","","","","","","","","","","","","","",90,1,"","","","","","","","","","","","",18.5,1,1011.8,1,"","","","","","",0,1,"","",0,1,0,1,0,1,"","","","","","","","","","","","","","","","","","","","","","","","",8000,1,"","",1,1,0,1,"","","","","","","","","","",2,1,270,1,"","","","","","","","","","","","","","","","","","","","","","","","","","","","","","","","","","","","","","","","","","","","","","","","","","","",""
"83069002","PORQUEROLLES",43.,6.226833,135,1981062500,"","","","",6.,1,100,1,"","","","","","","","","","","","","","","","","","","","","","","","","","","","",17.2,1,15.7,1,"","","","","","","","","","","","","","","","","","","","","","","","","","",94,1,"","","","","","","","","","","","",18.4,1,1011.7,1,"","","","","","","","","","","","","","","","","","","","","","","","","","","","","","","","","","","","","","","","","","","","","","","","","","","","","","","","","","","","","","","","","","","","","","","","","","","","","","","","","","","","","","","","","","","","","","","","","","","","","","","","","","","","","","","","","",""
"83069002","PORQUEROLLES",43.,6.226833,135,1981062503,"","","","",9.,1,80,1,"","","","","","","","","","","","","","","","","","","","","","","","","","","","",17.,1,15.8,1,"","","","","","","","","","","","","","","","","","","","","","","","","","",95,1,"","","","","","","","","","","","",18.5,1,1011.7,1,"","","","","","",3,1,0,1,6,1,0,1,0,1,"","","","","","","","","","","","","","","","","","","","","","","","",3000,1,"","",10,1,"","","","","","","","","","","","",2,1,90,1,"","","","","","","","","","","","","","","","","","","","","","","","","","","","","","","","","","","","","","","","","","","","","","","","","","","",""
"83069002","PORQUEROLLES",43.,6.226833,135,1981062506,"","","","",10.,1,80,1,"","","","","","","","","","","","","","","","","","","","","","","","","","","","",17.,1,15.8,1,"","","","","","","","","","","","","","","","","","","","","","","","","","",95,1,"","","","","","","","","","","","",18.5,1,1012.4,1,"","","","","","",2,1,0,1,6,1,0,1,0,1,"","","","","","","","","","","","","","","","","","","","","","","","",4000,1,"","",10,1,0,1,"","",0,1,"","","","","","",3,1,90,1,"","","","","","","","","","","","","","","","","","","","","","","","","","","","","","","","","","","","","","","","","","","","","","","","","","","",""
"83069002","PORQUEROLLES",43.,6.226833,135,1981062509,"","","","",10.,1,80,1,"","","","","","","","","","","","","","","","","","","","","","","","","","","","",22.3,1,16.5,1,"","","","","","","","","","","","","","","","","","","","","","","","","","",72,1,"","","","","","","","","","","","",19.4,1,1013.1,1,"","","","","","",2,1,0,1,6,1,0,1,0,1,"","","","","","","","","","","","","","","","","","","","","","","","",3000,1,"","",10,1,0,1,"","","","","","","","","","",3,1,90,1,"","","","","","","","","","","","","","","","","","","","","","","","","","","","","","","","","","","","","","","","","","","","","","","","","","","",""
"83069002","PORQUEROLLES",43.,6.226833,135,1981062512,"","","","",11.,1,100,1,"","","","","","","","","","","","","","","","","","","","","","","","","","","","",21.3,1,15.4,1,"","","","","","","","","","","","","","","","","","","","","","","","","","",71,1,"","","","","","","","","","","","",18.,1,1012.8,1,"","","","","","",5,1,5,1,6,1,0,1,0,1,"","","","","","","","","","","","","","","","","","","","","","","","",3000,1,"","",10,1,"","","","","","","","","","","","",3,1,90,1,"","","","","","","","","","","","","","","","","","","","","","","","","","","","","","","","","","","","","","","","","","","","","","","","","","","",""
"83069002","PORQUEROLLES",43.,6.226833,135,1981062515,"","","","",9.,1,40,1,"","","","","","","","","","","","","","","","","","","","","","","","","","","","",22.5,1,16.9,1,"","","","","","","","","","","","","","","","","","","","","","","","","","",73,1,"","","","","","","","","","","","",19.9,1,1012.3,1,"","","","","","",5,1,5,1,6,1,0,1,0,1,"","","","","","","","","","","","","","","","","","","","","","","","",3000,1,"","",10,1,2,1,"","","","","","","","","","",3,1,90,1,"","","","","","","","","","","","","","","","","","","","","","","","","","","","","","","","","","","","","","","","","","","","","","","","","","","",""
"83069002","PORQUEROLLES",43.,6.226833,135,1981062518,"","","","",7.,1,40,1,"","","","","","","","","","","","","","","","","","","","","","","","","","","","",20.,1,16.2,1,"","","","","","","","","","","","","","","","","","","","","","","","","","",81,1,"","","","","","","","","","","","",19.,1,1012.3,1,"","","","","","",6,1,6,1,6,1,0,1,0,1,"","","","","","","","","","","","","","","","","","","","","","","","",3000,1,"","",10,1,2,1,"","","","","","","","","","",3,1,90,1,"","","","","","","","","","","","","","","","","","","","","","","","","","","","","","","","","","","","","","","","","","","","","","","","","","","",""
"83069002","PORQUEROLLES",43.,6.226833,135,1981062521,"","","","",3.,1,60,1,"","","","","","","","","","","","","","","","","","","","","","","","","","","","",17.,1,14.9,1,"","","","","","","","","","","","","","","","","","","","","","","","","","",90,1,"","","","","","","","","","","","",17.4,1,1013.7,1,"","","","","","",3,1,0,1,6,1,0,1,0,1,"","","","","","","","","","","","","","","","","","","","","","","","",3000,1,"","",10,1,1,1,"","","","","","","","","","",3,1,90,1,"","","","","","","","","","","","","","","","","","","","","","","","","","","","","","","","","","","","","","","","","","","","","","","","","","","",""
"83069002","PORQUEROLLES",43.,6.226833,135,1981062600,"","","","",4.,1,300,1,"","","","","","","","","","","","","","","","","","","","","","","","","","","","",16.3,1,13.9,1,"","","","","","","","","","","","","","","","","","","","","","","","","","",88,1,"","","","","","","","","","","","",16.3,1,1012.4,1,"","","","","","","","","","","","","","","","","","","","","","","","","","","","","","","","","","","","","","","","","","","","","","","","","","","","","","","","","","","","","","","","","","","","","","","","","","","","","","","","","","","","","","","","","","","","","","","","","","","","","","","","","","","","","","","","","",""
"83069002","PORQUEROLLES",43.,6.226833,135,1981062603,"","","","",2.,1,320,1,"","","","","","","","","","","","","","","","","","","","","","","","","","","","",16.,1,14.7,1,"","","","","","","","","","","","","","","","","","","","","","","","","","",94,1,"","","","","","","","","","","","",17.2,1,1011.6,1,"","","","","","",8,1,8,1,6,1,"","","","","","","","","","","","","","","","","","","","","","","","","","","","",3000,1,"","",10,1,"","","","","","","","","","","","",2,1,0,1,"","","","","","","","","","","","","","","","","","","","","","","","","","","","","","","","","","","","","","","","","","","","","","","","","","","",""
"83069002","PORQUEROLLES",43.,6.226833,135,1981062606,"","","","",1.,1,340,1,"","","","","","","","","","","","","","","","","","","","","","","","","","","","",16.3,1,14.1,1,"","","","","","","","","","","","","","","","","","","","","","","","","","",90,1,"","","","","","","","","","","","",16.6,1,1011.4,1,"","","","","","",5,1,5,1,6,1,0,1,0,1,"","","","","","","","","","","","","","","","","","","","","","","","",3000,1,"","",10,1,2,1,"","",0,1,"","","","","","",2,1,0,1,"","","","","","","","","","","","","","","","","","","","","","","","","","","","","","","","","","","","","","","","","","","","","","","","","","","",""
"83069002","PORQUEROLLES",43.,6.226833,135,1981062609,"","","","",7.,1,340,1,"","","","","","","","","","","","","","","","","","","","","","","","","","","","",19.,1,15.2,1,"","","","","","","","","","","","","","","","","","","","","","","","","","",81,1,"","","","","","","","","","","","",17.8,1,1011.2,1,"","","","","","",2,1,0,1,6,1,4,1,0,1,"","","","","","","","","","","","","","","","","","","","","","","","",8000,1,"","",1,1,1,1,"","","","","","","","","","",2,1,0,1,"","","","","","","","","","","","","","","","","","","","","","","","","","","","","","","","","","","","","","","","","","","","","","","","","","","",""
"83069002","PORQUEROLLES",43.,6.226833,135,1981062612,"","","","",10.,1,260,1,"","","","","","","","","","","","","","","","","","","","","","","","","","","","",21.5,1,14.3,1,"","","","","","","","","","","","","","","","","","","","","","","","","","",66,1,"","","","","","","","","","","","",16.8,1,1011.1,1,"","","","","","",2,1,0,1,6,1,0,1,0,1,"","","","","","","","","","","","","","","","","","","","","","","","",8000,1,"","",2,1,0,1,"","","","","","","","","","",2,1,0,1,"","","","","","","","","","","","","","","","","","","","","","","","","","","","","","","","","","","","","","","","","","","","","","","","","","","",""
"83069002","PORQUEROLLES",43.,6.226833,135,1981062615,"","","","",11.,1,260,1,"","","","","","","","","","","","","","","","","","","","","","","","","","","","",23.,1,12.6,1,"","","","","","","","","","","","","","","","","","","","","","","","","","",54,1,"","","","","","","","","","","","",15.,1,1011.4,1,"","","","","","",2,1,0,1,6,1,0,1,0,1,"","","","","","","","","","","","","","","","","","","","","","","","",8000,1,"","",2,1,0,1,"","","","","","","","","","",2,1,0,1,"","","","","","","","","","","","","","","","","","","","","","","","","","","","","","","","","","","","","","","","","","","","","","","","","","","",""
"83069002","PORQUEROLLES",43.,6.226833,135,1981062618,"","","","",7.,1,280,1,"","","","","","","","","","","","","","","","","","","","","","","","","","","","",19.5,1,12.6,1,"","","","","","","","","","","","","","","","","","","","","","","","","","",66,1,"","","","","","","","","","","","",15.,1,1012.2,1,"","","","","","",0,1,"","",0,1,0,1,0,1,"","","","","","","","","","","","","","","","","","","","","","","","",8000,1,"","",1,1,0,1,"","","","","","","","","","",3,1,270,1,"","","","","","","","","","","","","","","","","","","","","","","","","","","","","","","","","","","","","","","","","","","","","","","","","","","",""
"83069002","PORQUEROLLES",43.,6.226833,135,1981062621,"","","","",6.,1,280,1,"","","","","","","","","","","","","","","","","","","","","","","","","","","","",17.,1,13.1,1,"","","","","","","","","","","","","","","","","","","","","","","","","","",79,1,"","","","","","","","","","","","",15.5,1,1013.9,1,"","","","","","",0,1,"","",0,1,0,1,0,1,"","","","","","","","","","","","","","","","","","","","","","","","",8000,1,"","",1,1,0,1,"","","","","","","","","","",3,1,270,1,"","","","","","","","","","","","","","","","","","","","","","","","","","","","","","","","","","","","","","","","","","","","","","","","","","","",""
"83069002","PORQUEROLLES",43.,6.226833,135,1981062700,"","","","",2.,1,280,1,"","","","","","","","","","","","","","","","","","","","","","","","","","","","",16.6,1,13.3,1,"","","","","","","","","","","","","","","","","","","","","","","","","","",83,1,"","","","","","","","","","","","",15.7,1,1013.4,1,"","","","","","","","","","","","","","","","","","","","","","","","","","","","","","","","","","","","","","","","","","","","","","","","","","","","","","","","","","","","","","","","","","","","","","","","","","","","","","","","","","","","","","","","","","","","","","","","","","","","","","","","","","","","","","","","","",""
"83069002","PORQUEROLLES",43.,6.226833,135,1981062703,"","","","",3.,1,100,1,"","","","","","","","","","","","","","","","","","","","","","","","","","","","",16.5,1,13.6,1,"","","","","","","","","","","","","","","","","","","","","","","","","","",86,1,"","","","","","","","","","","","",16.,1,1013.4,1,"","","","","","",0,1,"","",0,1,0,1,0,1,"","","","","","","","","","","","","","","","","","","","","","","","",5000,1,"","",0,1,"","","","","","","","","","","","",2,1,0,1,"","","","","","","","","","","","","","","","","","","","","","","","","","","","","","","","","","","","","","","","","","","","","","","","","","","",""
"83069002","PORQUEROLLES",43.,6.226833,135,1981062706,"","","","",6.,1,100,1,"","","","","","","","","","","","","","","","","","","","","","","","","","","","",18.,1,15.8,1,"","","","","","","","","","","","","","","","","","","","","","","","","","",90,1,"","","","","","","","","","","","",18.6,1,1013.7,1,"","","","","","",4,1,0,1,5,1,0,1,0,1,"","","","","","","","","","","","","","","","","","","","","","","","",6000,1,"","",3,1,0,1,"","",0,1,"","","","","","",2,1,0,1,"","","","","","","","","","","","","","","","","","","","","","","","","","","","","","","","","","","","","","","","","","","","","","","","","","","",""
"83069002","PORQUEROLLES",43.,6.226833,135,1981062709,"","","","",7.,1,100,1,"","","","","","","","","","","","","","","","","","","","","","","","","","","","",20.6,1,16.2,1,"","","","","","","","","","","","","","","","","","","","","","","","","","",79,1,"","","","","","","","","","","","",19.,1,1015.1,1,"","","","","","",7,1,5,1,6,1,0,1,2,1,"","","","","","","","","","","","","","","","","","","","","","","","",6000,1,"","",3,1,1,1,"","","","","","","","","","",3,1,90,1,"","","","","","","","","","","","","","","","","","","","","","","","","","","","","","","","","","","","","","","","","","","","","","","","","","","",""
"83069002","PORQUEROLLES",43.,6.226833,135,1981062712,"","","","",10.,1,100,1,"","","","","","","","","","","","","","","","","","","","","","","","","","","","",22.,1,15.6,1,"","","","","","","","","","","","","","","","","","","","","","","","","","",69,1,"","","","","","","","","","","","",18.3,1,1015.6,1,"","","","","","",7,1,7,1,6,1,7,1,"","","","","","","","","","","","","","","","","","","","","","","","","","",8000,1,"","",2,1,1,1,"","","","","","","","","","",3,1,90,1,"","","","","","","","","","","","","","","","","","","","","","","","","","","","","","","","","","","","","","","","","","","","","","","","","","","",""
"83069002","PORQUEROLLES",43.,6.226833,135,1981062715,"","","","",11.,1,80,1,"","","","","","","","","","","","","","","","","","","","","","","","","","","","",21.2,1,16.5,1,"","","","","","","","","","","","","","","","","","","","","","","","","","",77,1,"","","","","","","","","","","","",19.4,1,1015.1,1,"","","","","","",8,1,8,1,0,1,7,1,"","","","","","","","","","","","","","","","","","","","","","","","","","",8000,1,"","",3,1,2,1,"","","","","","","","","","",3,1,90,1,"","","","","","","","","","","","","","","","","","","","","","","","","","","","","","","","","","","","","","","","","","","","","","","","","","","",""
"83069002","PORQUEROLLES",43.,6.226833,135,1981062718,"","","","",13.,1,80,1,"","","","","","","","","","","","","","","","","","","","","","","","","","","","",20.5,1,16.9,1,"","","","","","","","","","","","","","","","","","","","","","","","","","",83,1,"","","","","","","","","","","","",19.9,1,1013.5,1,"","","","","","",5,1,5,1,6,1,0,1,6,1,"","","","","","","","","","","","","","","","","","","","","","","","",8000,1,"","",1,1,2,1,"","","","","","","","","","",4,1,90,1,"","","","","","","","","","","","","","","","","","","","","","","","","","","","","","","","","","","","","","","","","","","","","","","","","","","",""
"83069002","PORQUEROLLES",43.,6.226833,135,1981062721,"","","","",13.,1,100,1,"","","","","","","","","","","","","","","","","","","","","","","","","","","","",18.7,1,15.7,1,"","","","","","","","","","","","","","","","","","","","","","","","","","",85,1,"","","","","","","","","","","","",18.4,1,1013.6,1,"","","","","","",3,1,0,1,0,1,0,1,2,1,"","","","","","","","","","","","","","","","","","","","","","","","",10000,1,"","",1,1,1,1,"","","","","","","","","","",4,1,90,1,"","","","","","","","","","","","","","","","","","","","","","","","","","","","","","","","","","","","","","","","","","","","","","","","","","","",""
"83069002","PORQUEROLLES",43.,6.226833,135,1981062800,"","","","",12.,1,80,1,"","","","","","","","","","","","","","","","","","","","","","","","","","","","",18.6,1,14.6,1,"","","","","","","","","","","","","","","","","","","","","","","","","","",80,1,"","","","","","","","","","","","",17.1,1,1012.5,1,"","","","","","","","","","","","","","","","","","","","","","","","","","","","","","","","","","","","","","","","","","","","","","","","","","","","","","","","","","","","","","","","","","","","","","","","","","","","","","","","","","","","","","","","","","","","","","","","","","","","","","","","","","","","","","","","","",""
"83069002","PORQUEROLLES",43.,6.226833,135,1981062803,"","","","",15.,1,80,1,"","","","","","","","","","","","","","","","","","","","","","","","","","","","",19.,1,15.6,1,"","","","","","","","","","","","","","","","","","","","","","","","","","",83,1,"","","","","","","","","","","","",18.2,1,1011.5,1,"","","","","","",8,1,8,1,9,1,"","","","","","","","","","","","","","","","","","","","","","","","","","","","",12000,1,"","",13,1,"","","","","","","","","","","","",4,1,90,1,"","","","","","","","","","","","","","","","","","","","","","","","","","","","","","","","","","","","","","","","","","","","","","","","","","","",""
"83069002","PORQUEROLLES",43.,6.226833,135,1981062806,"","","","",22.,1,80,1,"","","","","","","","","","","","","","","","","","","","","","","","","","","","",18.,1,15.6,1,"","","","","","","","","","","","","","","","","","","","","","","","","","",88,1,"","","","","","","","","","","","",18.2,1,1009.7,1,"","","","","","",8,1,5,1,7,1,2,1,"","","","","","","","","","","","","","","","","","","","","","","","","","",6000,1,"","",61,1,9,1,"","",0,1,"","","","","","",4,1,90,1,"","","","","","","","","","","","","","","","","","","","","","","","","","","","","","","","","","","","","","","","","","","","","","","","","","","",""
"83069002","PORQUEROLLES",43.,6.226833,135,1981062809,"","","","",24.,1,80,1,"","","","","","","","","","","","","","","","","","","","","","","","","","","","",17.,1,16.2,1,"","","","","","","","","","","","","","","","","","","","","","","","","","",98,1,"","","","","","","","","","","","",19.,1,1008.6,1,"","","","","","",8,1,6,1,9,1,2,1,"","","","","","","","","","","","","","","","","","","","","","","","","","",6000,1,"","",62,1,9,1,"","","","","","","","","","",5,1,90,1,"","","","","","","","","","","","","","","","","","","","","","","","","","","","","","","","","","","","","","","","","","","","","","","","","","","",""
"83069002","PORQUEROLLES",43.,6.226833,135,1981062812,"","","","",18.,1,80,1,"","","","","","","","","","","","","","","","","","","","","","","","","","","","",17.5,1,17.5,1,"","","","","","","","","","","","","","","","","","","","","","","","","","",100,1,"","","","","","","","","","","","",20.,1,1009.,1,"","","","","","",8,1,6,1,9,1,2,1,"","","","","","","","","","","","","","","","","","","","","","","","","","",6000,1,"","",62,1,9,1,"","","","","","","","","","",5,1,90,1,"","","","","","","","","","","","","","","","","","","","","","","","","","","","","","","","","","","","","","","","","","","","","","","","","","","",""
"83069002","PORQUEROLLES",43.,6.226833,135,1981062815,"","","","",7.,1,280,1,"","","","","","","","","","","","","","","","","","","","","","","","","","","","",17.5,1,17.5,1,"","","","","","","","","","","","","","","","","","","","","","","","","","",100,1,"","","","","","","","","","","","",20.,1,1010.3,1,"","","","","","",3,1,0,1,6,1,0,1,0,1,"","","","","","","","","","","","","","","","","","","","","","","","",8000,1,"","",21,1,4,1,"","","","","","","","","","",4,1,90,1,"","","","","","","","","","","","","","","","","","","","","","","","","","","","","","","","","","","","","","","","","","","","","","","","","","","",""
"83069002","PORQUEROLLES",43.,6.226833,135,1981062818,"","","","",10.,1,280,1,"","","","","","","","","","","","","","","","","","","","","","","","","","","","",17.,1,11.6,1,"","","","","","","","","","","","","","","","","","","","","","","","","","",72,1,"","","","","","","","","","","","",14.,1,1013.,1,"","","","","","",2,1,0,1,3,1,0,1,0,1,"","","","","","","","","","","","","","","","","","","","","","","","",22000,1,"","",2,1,6,1,"","","","","","","","","","",4,1,90,1,"","","","","","","","","","","","","","","","","","","","","","","","","","","","","","","","","","","","","","","","","","","","","","","","","","","",""
"83069002","PORQUEROLLES",43.,6.226833,135,1981062821,"","","","",5.,1,300,1,"","","","","","","","","","","","","","","","","","","","","","","","","","","","",16.,1,12.1,1,"","","","","","","","","","","","","","","","","","","","","","","","","","",79,1,"","","","","","","","","","","","",14.4,1,1015.5,1,"","","","","","",0,1,"","",0,1,0,1,0,1,"","","","","","","","","","","","","","","","","","","","","","","","",22000,1,"","",1,1,0,1,"","","","","","","","","","",3,1,90,1,"","","","","","","","","","","","","","","","","","","","","","","","","","","","","","","","","","","","","","","","","","","","","","","","","","","",""
"83069002","PORQUEROLLES",43.,6.226833,135,1981062900,"","","","",9.,1,300,1,"","","","","","","","","","","","","","","","","","","","","","","","","","","","",15.7,1,9.8,1,"","","","","","","","","","","","","","","","","","","","","","","","","","",70,1,"","","","","","","","","","","","",12.4,1,1015.4,1,"","","","","","","","","","","","","","","","","","","","","","","","","","","","","","","","","","","","","","","","","","","","","","","","","","","","","","","","","","","","","","","","","","","","","","","","","","","","","","","","","","","","","","","","","","","","","","","","","","","","","","","","","","","","","","","","","",""
"83069002","PORQUEROLLES",43.,6.226833,135,1981062903,"","","","",8.,1,280,1,"","","","","","","","","","","","","","","","","","","","","","","","","","","","",14.5,1,9.9,1,"","","","","","","","","","","","","","","","","","","","","","","","","","",76,1,"","","","","","","","","","","","",12.5,1,1017.2,1,"","","","","","",0,1,"","",0,1,0,1,0,1,"","","","","","","","","","","","","","","","","","","","","","","","",22000,1,"","",0,1,"","","","","","","","","","","","",3,1,270,1,"","","","","","","","","","","","","","","","","","","","","","","","","","","","","","","","","","","","","","","","","","","","","","","","","","","",""
"83069002","PORQUEROLLES",43.,6.226833,135,1981062906,"","","","",7.,1,280,1,"","","","","","","","","","","","","","","","","","","","","","","","","","","","",15.,1,10.3,1,"","","","","","","","","","","","","","","","","","","","","","","","","","",75,1,"","","","","","","","","","","","",12.8,1,1018.1,1,"","","","","","",0,1,"","",0,1,0,1,0,1,"","","","","","","","","","","","","","","","","","","","","","","","",38000,1,"","",2,1,0,1,"","",0,1,"","","","","","",3,1,270,1,"","","","","","","","","","","","","","","","","","","","","","","","","","","","","","","","","","","","","","","","","","","","","","","","","","","",""
"83069002","PORQUEROLLES",43.,6.226833,135,1981062909,"","","","",12.,1,280,1,"","","","","","","","","","","","","","","","","","","","","","","","","","","","",18.,1,12.3,1,"","","","","","","","","","","","","","","","","","","","","","","","","","",71,1,"","","","","","","","","","","","",14.7,1,1018.9,1,"","","","","","",0,1,"","",0,1,0,1,0,1,"","","","","","","","","","","","","","","","","","","","","","","","",38000,1,"","",2,1,0,1,"","","","","","","","","","",3,1,270,1,"","","","","","","","","","","","","","","","","","","","","","","","","","","","","","","","","","","","","","","","","","","","","","","","","","","",""
"83069002","PORQUEROLLES",43.,6.226833,135,1981062912,"","","","",15.,1,280,1,"","","","","","","","","","","","","","","","","","","","","","","","","","","","",19.5,1,11.1,1,"","","","","","","","","","","","","","","","","","","","","","","","","","",60,1,"","","","","","","","","","","","",13.5,1,1018.6,1,"","","","","","",0,1,"","",0,1,0,1,0,1,"","","","","","","","","","","","","","","","","","","","","","","","",38000,1,"","",2,1,0,1,"","","","","","","","","","",5,1,270,1,"","","","","","","","","","","","","","","","","","","","","","","","","","","","","","","","","","","","","","","","","","","","","","","","","","","",""
"83069002","PORQUEROLLES",43.,6.226833,135,1981062915,"","","","",15.,1,280,1,"","","","","","","","","","","","","","","","","","","","","","","","","","","","",19.5,1,11.1,1,"","","","","","","","","","","","","","","","","","","","","","","","","","",60,1,"","","","","","","","","","","","",13.5,1,1017.9,1,"","","","","","",0,1,"","",0,1,0,1,0,1,"","","","","","","","","","","","","","","","","","","","","","","","",38000,1,"","",2,1,0,1,"","","","","","","","","","",5,1,270,1,"","","","","","","","","","","","","","","","","","","","","","","","","","","","","","","","","","","","","","","","","","","","","","","","","","","",""
"83069002","PORQUEROLLES",43.,6.226833,135,1981062918,"","","","",16.,1,280,1,"","","","","","","","","","","","","","","","","","","","","","","","","","","","",18.8,1,11.4,1,"","","","","","","","","","","","","","","","","","","","","","","","","","",64,1,"","","","","","","","","","","","",13.8,1,1017.2,1,"","","","","","",0,1,"","",0,1,0,1,0,1,"","","","","","","","","","","","","","","","","","","","","","","","",35000,1,"","",2,1,0,1,"","","","","","","","","","",5,1,270,1,"","","","","","","","","","","","","","","","","","","","","","","","","","","","","","","","","","","","","","","","","","","","","","","","","","","",""
"83069002","PORQUEROLLES",43.,6.226833,135,1981062921,"","","","",16.,1,280,1,"","","","","","","","","","","","","","","","","","","","","","","","","","","","",18.,1,12.3,1,"","","","","","","","","","","","","","","","","","","","","","","","","","",71,1,"","","","","","","","","","","","",14.7,1,1018.4,1,"","","","","","",0,1,"","",0,1,0,1,0,1,"","","","","","","","","","","","","","","","","","","","","","","","",35000,1,"","",2,1,0,1,"","","","","","","","","","",5,1,270,1,"","","","","","","","","","","","","","","","","","","","","","","","","","","","","","","","","","","","","","","","","","","","","","","","","","","",""
"83069002","PORQUEROLLES",43.,6.226833,135,1981063000,"","","","",8.,1,280,1,"","","","","","","","","","","","","","","","","","","","","","","","","","","","",16.5,1,11.5,1,"","","","","","","","","","","","","","","","","","","","","","","","","","",75,1,"","","","","","","","","","","","",13.9,1,1018.7,1,"","","","","","","","","","","","","","","","","","","","","","","","","","","","","","","","","","","","","","","","","","","","","","","","","","","","","","","","","","","","","","","","","","","","","","","","","","","","","","","","","","","","","","","","","","","","","","","","","","","","","","","","","","","","","","","","","",""
"83069002","PORQUEROLLES",43.,6.226833,135,1981063003,"","","","",11.,1,280,1,"","","","","","","","","","","","","","","","","","","","","","","","","","","","",15.,1,10.9,1,"","","","","","","","","","","","","","","","","","","","","","","","","","",79,1,"","","","","","","","","","","","",13.4,1,1017.7,1,"","","","","","",0,1,"","",0,1,0,1,0,1,"","","","","","","","","","","","","","","","","","","","","","","","",22000,1,"","",0,1,"","","","","","","","","","","","",5,1,270,1,"","","","","","","","","","","","","","","","","","","","","","","","","","","","","","","","","","","","","","","","","","","","","","","","","","","",""
"83069002","PORQUEROLLES",43.,6.226833,135,1981063006,"","","","",6.,1,280,1,"","","","","","","","","","","","","","","","","","","","","","","","","","","","",14.,1,11.8,1,"","","","","","","","","","","","","","","","","","","","","","","","","","",89,1,"","","","","","","","","","","","",14.2,1,1017.3,1,"","","","","","",0,1,"","",0,1,0,1,0,1,"","","","","","","","","","","","","","","","","","","","","","","","",35000,1,"","",2,1,0,1,"","","","","","","","","","",5,1,270,1,"","","","","","","","","","","","","","","","","","","","","","","","","","","","","","","","","","","","","","","","","","","","","","","","","","","",""
"83069002","PORQUEROLLES",43.,6.226833,135,1981063009,"","","","",11.,1,280,1,"","","","","","","","","","","","","","","","","","","","","","","","","","","","",17.,1,12.9,1,"","","","","","","","","","","","","","","","","","","","","","","","","","",79,1,"","","","","","","","","","","","",15.3,1,1018.6,1,"","","","","","",0,1,"","",0,1,0,1,0,1,"","","","","","","","","","","","","","","","","","","","","","","","",18000,1,"","",2,1,0,1,"","","","","","","","","","",4,1,270,1,"","","","","","","","","","","","","","","","","","","","","","","","","","","","","","","","","","","","","","","","","","","","","","","","","","","",""
"83069002","PORQUEROLLES",43.,6.226833,135,1981063012,"","","","",13.,1,280,1,"","","","","","","","","","","","","","","","","","","","","","","","","","","","",20.,1,9.8,1,"","","","","","","","","","","","","","","","","","","","","","","","","","",53,1,"","","","","","","","","","","","",12.4,1,1016.9,1,"","","","","","",0,1,"","",0,1,0,1,0,1,"","","","","","","","","","","","","","","","","","","","","","","","",20000,1,"","",2,1,0,1,"","","","","","","","","","",4,1,270,1,"","","","","","","","","","","","","","","","","","","","","","","","","","","","","","","","","","","","","","","","","","","","","","","","","","","",""
"83069002","PORQUEROLLES",43.,6.226833,135,1981063015,"","","","",10.,1,280,1,"","","","","","","","","","","","","","","","","","","","","","","","","","","","",22.3,1,10.4,1,"","","","","","","","","","","","","","","","","","","","","","","","","","",44,1,"","","","","","","","","","","","",12.9,1,1015.7,1,"","","","","","",1,1,0,1,0,1,0,1,2,1,"","","","","","","","","","","","","","","","","","","","","","","","",20000,1,"","",3,1,0,1,"","","","","","","","","","",4,1,270,1,"","","","","","","","","","","","","","","","","","","","","","","","","","","","","","","","","","","","","","","","","","","","","","","","","","","",""
"83069002","PORQUEROLLES",43.,6.226833,135,1981063018,"","","","",8.,1,280,1,"","","","","","","","","","","","","","","","","","","","","","","","","","","","",21.7,1,9.5,1,"","","","","","","","","","","","","","","","","","","","","","","","","","",47,1,"","","","","","","","","","","","",12.1,1,1014.8,1,"","","","","","",1,1,0,1,0,1,0,1,2,1,"","","","","","","","","","","","","","","","","","","","","","","","",25000,1,"","",2,1,0,1,"","","","","","","","","","",4,1,270,1,"","","","","","","","","","","","","","","","","","","","","","","","","","","","","","","","","","","","","","","","","","","","","","","","","","","",""
"83069002","PORQUEROLLES",43.,6.226833,135,1981063021,"","","","",6.,1,300,1,"","","","","","","","","","","","","","","","","","","","","","","","","","","","",19.,1,8.9,1,"","","","","","","","","","","","","","","","","","","","","","","","","","",53,1,"","","","","","","","","","","","",11.6,1,1015.9,1,"","","","","","",1,1,0,1,0,1,0,1,2,1,"","","","","","","","","","","","","","","","","","","","","","","","",25000,1,"","",2,1,0,1,"","","","","","","","","","",3,1,270,1,"","","","","","","","","","","","","","","","","","","","","","","","","","","","","","","","","","","","","","","","","","","","","","","","","","","",""
"83069002","PORQUEROLLES",43.,6.226833,135,1981070100,"","","","",2.,1,40,1,"","","","","","","","","","","","","","","","","","","","","","","","","","","","",17.4,1,9.8,1,"","","","","","","","","","","","","","","","","","","","","","","","","","",62,1,"","","","","","","","","","","","",12.4,1,1015.9,1,"","","","","","","","","","","","","","","","","","","","","","","","","","","","","","","","","","","","","","","","","","","","","","","","","","","","","","","","","","","","","","","","","","","","","","","","","","","","","","","","","","","","","","","","","","","","","","","","","","","","","","","","","","","","","","","","","",""
"83069002","PORQUEROLLES",43.,6.226833,135,1981070103,"","","","",0.,1,0,1,"","","","","","","","","","","","","","","","","","","","","","","","","","","","",16.2,1,12.2,1,"","","","","","","","","","","","","","","","","","","","","","","","","","",79,1,"","","","","","","","","","","","",14.6,1,1015.6,1,"","","","","","",1,1,0,1,0,1,0,1,1,1,"","","","","","","","","","","","","","","","","","","","","","","","",18000,1,"","",0,1,"","","","","","","","","","","","",2,1,270,1,"","","","","","","","","","","","","","","","","","","","","","","","","","","","","","","","","","","","","","","","","","","","","","","","","","","",""
"83069002","PORQUEROLLES",43.,6.226833,135,1981070106,"","","","",4.,1,40,1,"","","","","","","","","","","","","","","","","","","","","","","","","","","","",16.5,1,10.8,1,"","","","","","","","","","","","","","","","","","","","","","","","","","",71,1,"","","","","","","","","","","","",13.3,1,1015.7,1,"","","","","","",0,1,"","",0,1,0,1,0,1,"","","","","","","","","","","","","","","","","","","","","","","","",15000,1,"","",1,1,0,1,"","",0,1,"","","","","","",2,1,270,1,"","","","","","","","","","","","","","","","","","","","","","","","","","","","","","","","","","","","","","","","","","","","","","","","","","","",""
"83069002","PORQUEROLLES",43.,6.226833,135,1981070109,"","","","",1.,1,200,1,"","","","","","","","","","","","","","","","","","","","","","","","","","","","",19.5,1,12.6,1,"","","","","","","","","","","","","","","","","","","","","","","","","","",66,1,"","","","","","","","","","","","",15.,1,1016.3,1,"","","","","","",0,1,"","",0,1,0,1,0,1,"","","","","","","","","","","","","","","","","","","","","","","","",14000,1,"","",2,1,0,1,"","","","","","","","","","",2,1,0,1,"","","","","","","","","","","","","","","","","","","","","","","","","","","","","","","","","","","","","","","","","","","","","","","","","","","",""
"83069002","PORQUEROLLES",43.,6.226833,135,1981070112,"","","","",3.,1,240,1,"","","","","","","","","","","","","","","","","","","","","","","","","","","","",21.,1,15.6,1,"","","","","","","","","","","","","","","","","","","","","","","","","","",74,1,"","","","","","","","","","","","",18.3,1,1017.4,1,"","","","","","",0,1,"","",0,1,0,1,0,1,"","","","","","","","","","","","","","","","","","","","","","","","",12000,1,"","",2,1,0,1,"","","","","","","","","","",2,1,0,1,"","","","","","","","","","","","","","","","","","","","","","","","","","","","","","","","","","","","","","","","","","","","","","","","","","","",""
"83069002","PORQUEROLLES",43.,6.226833,135,1981070115,"","","","",2.,1,180,1,"","","","","","","","","","","","","","","","","","","","","","","","","","","","",22.5,1,13.9,1,"","","","","","","","","","","","","","","","","","","","","","","","","","",60,1,"","","","","","","","","","","","",16.3,1,1015.8,1,"","","","","","",0,1,"","",0,1,0,1,0,1,"","","","","","","","","","","","","","","","","","","","","","","","",12000,1,"","",2,1,0,1,"","","","","","","","","","",2,1,0,1,"","","","","","","","","","","","","","","","","","","","","","","","","","","","","","","","","","","","","","","","","","","","","","","","","","","",""
"83069002","PORQUEROLLES",43.,6.226833,135,1981070118,"","","","",0.,1,0,1,"","","","","","","","","","","","","","","","","","","","","","","","","","","","",21.1,1,14.8,1,"","","","","","","","","","","","","","","","","","","","","","","","","","",69,1,"","","","","","","","","","","","",17.4,1,1014.6,1,"","","","","","",2,1,0,1,0,1,0,1,2,1,"","","","","","","","","","","","","","","","","","","","","","","","",12000,1,"","",3,1,0,1,"","","","","","","","","","",2,1,0,1,"","","","","","","","","","","","","","","","","","","","","","","","","","","","","","","","","","","","","","","","","","","","","","","","","","","",""
"83069002","PORQUEROLLES",43.,6.226833,135,1981070121,"","","","",1.,1,60,1,"","","","","","","","","","","","","","","","","","","","","","","","","","","","",17.4,1,14.5,1,"","","","","","","","","","","","","","","","","","","","","","","","","","",86,1,"","","","","","","","","","","","",17.,1,1015.,1,"","","","","","",0,1,"","",0,1,0,1,0,1,"","","","","","","","","","","","","","","","","","","","","","","","",8000,1,"","",1,1,0,1,"","","","","","","","","","",2,1,0,1,"","","","","","","","","","","","","","","","","","","","","","","","","","","","","","","","","","","","","","","","","","","","","","","","","","","",""
"83069002","PORQUEROLLES",43.,6.226833,135,1981070200,"","","","",5.,1,80,1,"","","","","","","","","","","","","","","","","","","","","","","","","","","","",16.6,1,15.1,1,"","","","","","","","","","","","","","","","","","","","","","","","","","","","","","","","","","","","","","","","",17.7,1,1014.6,1,"","","","","","","","","","","","","","","","","","","","","","","","","","","","","","","","","","","","","","","","","","","","","","","","","","","","","","","","","","","","","","","","","","","","","","","","","","","","","","","","","","","","","","","","","","","","","","","","","","","","","","","","","","","","","","","","","",""
"83069002","PORQUEROLLES",43.,6.226833,135,1981070203,"","","","",4.,1,80,1,"","","","","","","","","","","","","","","","","","","","","","","","","","","","",16.1,1,14.9,1,"","","","","","","","","","","","","","","","","","","","","","","","","","",96,1,"","","","","","","","","","","","",17.5,1,1014.1,1,"","","","","","",0,1,"","",0,1,0,1,0,1,"","","","","","","","","","","","","","","","","","","","","","","","",6000,1,"","",0,1,"","","","","","","","","","","","",2,1,0,1,"","","","","","","","","","","","","","","","","","","","","","","","","","","","","","","","","","","","","","","","","","","","","","","","","","","",""
"83069002","PORQUEROLLES",43.,6.226833,135,1981070206,"","","","",9.,1,80,1,"","","","","","","","","","","","","","","","","","","","","","","","","","","","",17.,1,15.8,1,"","","","","","","","","","","","","","","","","","","","","","","","","","",96,1,"","","","","","","","","","","","",18.5,1,1012.9,1,"","","","","","",0,1,"","",0,1,0,1,0,1,"","","","","","","","","","","","","","","","","","","","","","","","",6000,1,"","",2,1,0,1,"","",0,1,"","","","","","",3,1,90,1,"","","","","","","","","","","","","","","","","","","","","","","","","","","","","","","","","","","","","","","","","","","","","","","","","","","",""
"83069002","PORQUEROLLES",43.,6.226833,135,1981070209,"","","","",10.,1,80,1,"","","","","","","","","","","","","","","","","","","","","","","","","","","","",22.,1,16.6,1,"","","","","","","","","","","","","","","","","","","","","","","","","","",74,1,"","","","","","","","","","","","",19.6,1,1013.3,1,"","","","","","",0,1,"","",0,1,0,1,0,1,"","","","","","","","","","","","","","","","","","","","","","","","",8000,1,"","",2,1,0,1,"","","","","","","","","","",3,1,90,1,"","","","","","","","","","","","","","","","","","","","","","","","","","","","","","","","","","","","","","","","","","","","","","","","","","","",""
"83069002","PORQUEROLLES",43.,6.226833,135,1981070212,"","","","",13.,1,140,1,"","","","","","","","","","","","","","","","","","","","","","","","","","","","",23.,1,16.9,1,"","","","","","","","","","","","","","","","","","","","","","","","","","",71,1,"","","","","","","","","","","","",19.9,1,1012.1,1,"","","","","","",5,1,5,1,6,1,0,1,0,1,"","","","","","","","","","","","","","","","","","","","","","","","",8000,1,"","",3,1,1,1,"","","","","","","","","","",4,1,130,1,"","","","","","","","","","","","","","","","","","","","","","","","","","","","","","","","","","","","","","","","","","","","","","","","","","","",""
"83069002","PORQUEROLLES",43.,6.226833,135,1981070215,"","","","",14.,1,80,1,"","","","","","","","","","","","","","","","","","","","","","","","","","","","",22.7,1,15.4,1,"","","","","","","","","","","","","","","","","","","","","","","","","","",65,1,"","","","","","","","","","","","",18.,1,1010.9,1,"","","","","","",7,1,7,1,6,1,0,1,0,1,"","","","","","","","","","","","","","","","","","","","","","","","",8000,1,"","",2,1,2,1,"","","","","","","","","","",4,1,90,1,"","","","","","","","","","","","","","","","","","","","","","","","","","","","","","","","","","","","","","","","","","","","","","","","","","","",""
"83069002","PORQUEROLLES",43.,6.226833,135,1981070218,"","","","",17.,1,80,1,"","","","","","","","","","","","","","","","","","","","","","","","","","","","",20.,1,15.4,1,"","","","","","","","","","","","","","","","","","","","","","","","","","",77,1,"","","","","","","","","","","","",18.,1,1008.7,1,"","","","","","",8,1,8,1,7,1,0,1,0,1,"","","","","","","","","","","","","","","","","","","","","","","","",8000,1,"","",60,1,2,1,"","","","","","","","","","",4,1,90,1,"","","","","","","","","","","","","","","","","","","","","","","","","","","","","","","","","","","","","","","","","","","","","","","","","","","",""
"83069002","PORQUEROLLES",43.,6.226833,135,1981070221,"","","","",25.,1,80,1,"","","","","","","","","","","","","","","","","","","","","","","","","","","","",20.,1,15.4,1,"","","","","","","","","","","","","","","","","","","","","","","","","","",77,1,"","","","","","","","","","","","",18.,1,1007.,1,"","","","","","",8,1,8,1,0,1,7,1,"","","","","","","","","","","","","","","","","","","","","","","","","","",8000,1,"","",2,1,2,1,"","","","","","","","","","",5,1,90,1,"","","","","","","","","","","","","","","","","","","","","","","","","","","","","","","","","","","","","","","","","","","","","","","","","","","",""
"83069002","PORQUEROLLES",43.,6.226833,135,1981070300,"","","","",5.,1,80,1,"","","","","","","","","","","","","","","","","","","","","","","","","","","","",19.5,1,16.,1,"","","","","","","","","","","","","","","","","","","","","","","","","","",83,1,"","","","","","","","","","","","",18.8,1,1011.,1,"","","","","","","","","","","","","","","","","","","","","","","","","","","","","","","","","","","","","","","","","","","","","","","","","","","","","","","","","","","","","","","","","","","","","","","","","","","","","","","","","","","","","","","","","","","","","","","","","","","","","","","","","","","","","","","","","",""
"83069002","PORQUEROLLES",43.,6.226833,135,1981070303,"","","","",13.,1,80,1,"","","","","","","","","","","","","","","","","","","","","","","","","","","","",20.,1,16.2,1,"","","","","","","","","","","","","","","","","","","","","","","","","","",81,1,"","","","","","","","","","","","",19.,1,1009.,1,"","","","","","",8,1,8,1,0,1,7,1,0,1,"","","","","","","","","","","","","","","","","","","","","","","","",6000,1,"","",0,1,"","","","","","","","","","","","","","","","","","","","","","","","","","","","","","","","","","","","","","","","","","","","","","","","","","","","","","","","","","","","","","","","","","","",""
"83069002","PORQUEROLLES",43.,6.226833,135,1981070306,"","","","",3.,1,80,1,"","","","","","","","","","","","","","","","","","","","","","","","","","","","",19.6,1,17.9,1,"","","","","","","","","","","","","","","","","","","","","","","","","","",93,1,"","","","","","","","","","","","",21.3,1,1009.7,1,"","","","","","",8,1,8,1,0,1,7,1,0,1,"","","","","","","","","","","","","","","","","","","","","","","","",6000,1,"","",2,1,2,1,"","","","","","","","","","",3,1,"","","","","","","","","","","","","","","","","","","","","","","","","","","","","","","","","","","","","","","","","","","","","","","","","","","","","",""
"83069002","PORQUEROLLES",43.,6.226833,135,1981070309,"","","","",5.,1,260,1,"","","","","","","","","","","","","","","","","","","","","","","","","","","","",22.,1,17.9,1,"","","","","","","","","","","","","","","","","","","","","","","","","","",81,1,"","","","","","","","","","","","",21.3,1,1011.2,1,"","","","","","",2,1,0,1,6,1,0,1,0,1,"","","","","","","","","","","","","","","","","","","","","","","","",6000,1,"","",1,1,1,1,"","","","","","","","","","","","","","","","","","","","","","","","","","","","","","","","","","","","","","","","","","","","","","","","","","","","","","","","","","","","","","","","","",""
"83069002","PORQUEROLLES",43.,6.226833,135,1981070312,"","","","",9.,1,260,1,"","","","","","","","","","","","","","","","","","","","","","","","","","","","",20.5,1,16.8,1,"","","","","","","","","","","","","","","","","","","","","","","","","","",82,1,"","","","","","","","","","","","",19.8,1,1011.9,1,"","","","","","",7,1,7,1,3,1,0,1,2,1,"","","","","","","","","","","","","","","","","","","","","","","","",8000,1,"","",3,1,1,1,"","","","","","","","","","",3,1,"","","","","","","","","","","","","","","","","","","","","","","","","","","","","","","","","","","","","","","","","","","","","","","","","","","","","",""
"83069002","PORQUEROLLES",43.,6.226833,135,1981070315,"","","","",12.,1,260,1,"","","","","","","","","","","","","","","","","","","","","","","","","","","","",23.6,1,14.8,1,"","","","","","","","","","","","","","","","","","","","","","","","","","",59,1,"","","","","","","","","","","","",17.3,1,1011.9,1,"","","","","","",4,1,0,1,2,1,4,1,3,1,"","","","","","","","","","","","","","","","","","","","","","","","",8000,1,"","",1,1,1,1,"","","","","","","","","","","","","","","","","","","","","","","","","","","","","","","","","","","","","","","","","","","","","","","","","","","","","","","","","","","","","","","","","",""
"83069002","PORQUEROLLES",43.,6.226833,135,1981070318,"","","","",13.,1,280,1,"","","","","","","","","","","","","","","","","","","","","","","","","","","","",21.5,1,12.4,1,"","","","","","","","","","","","","","","","","","","","","","","","","","",58,1,"","","","","","","","","","","","",14.8,1,1013.2,1,"","","","","","",1,1,0,1,2,1,0,1,0,1,"","","","","","","","","","","","","","","","","","","","","","","","",25000,1,"","",1,1,1,1,"","","","","","","","","","",4,1,"","","","","","","","","","","","","","","","","","","","","","","","","","","","","","","","","","","","","","","","","","","","","","","","","","","","","",""
"83069002","PORQUEROLLES",43.,6.226833,135,1981070321,"","","","",14.,1,280,1,"","","","","","","","","","","","","","","","","","","","","","","","","","","","",18.7,1,10.7,1,"","","","","","","","","","","","","","","","","","","","","","","","","","",61,1,"","","","","","","","","","","","",13.2,1,1014.9,1,"","","","","","",0,1,"","",0,1,0,1,0,1,"","","","","","","","","","","","","","","","","","","","","","","","",30000,1,"","",1,1,0,1,"","","","","","","","","","","","","","","","","","","","","","","","","","","","","","","","","","","","","","","","","","","","","","","","","","","","","","","","","","","","","","","","","",""
"83069002","PORQUEROLLES",43.,6.226833,135,1981070400,"","","","",12.,1,280,1,"","","","","","","","","","","","","","","","","","","","","","","","","","","","",18.,1,10.9,1,"","","","","","","","","","","","","","","","","","","","","","","","","","",65,1,"","","","","","","","","","","","",13.4,1,1015.9,1,"","","","","","","","","","","","","","","","","","","","","","","","","","","","","","","","","","","","","","","","","","","","","","","","","","","","","","","","","","","","","","","","","","","","","","","","","","","","","","","","","","","","","","","","","","","","","","","","","","","","","","","","","","","","","","","","","",""
"83069002","PORQUEROLLES",43.,6.226833,135,1981070403,"","","","",13.,1,280,1,"","","","","","","","","","","","","","","","","","","","","","","","","","","","",17.,1,10.7,1,"","","","","","","","","","","","","","","","","","","","","","","","","","",68,1,"","","","","","","","","","","","",13.2,1,1016.,1,"","","","","","",0,1,"","",0,1,0,1,0,1,"","","","","","","","","","","","","","","","","","","","","","","","",30000,1,"","",0,1,"","","","","","","","","","","","",4,1,270,1,"","","","","","","","","","","","","","","","","","","","","","","","","","","","","","","","","","","","","","","","","","","","","","","","","","","",""
"83069002","PORQUEROLLES",43.,6.226833,135,1981070406,"","","","",6.,1,280,1,"","","","","","","","","","","","","","","","","","","","","","","","","","","","",17.,1,10.2,1,"","","","","","","","","","","","","","","","","","","","","","","","","","",66,1,"","","","","","","","","","","","",12.7,1,1017.7,1,"","","","","","",0,1,"","",0,1,0,1,0,1,"","","","","","","","","","","","","","","","","","","","","","","","",35000,1,"","",2,1,0,1,"","",0,1,"","","","","","",4,1,270,1,"","","","","","","","","","","","","","","","","","","","","","","","","","","","","","","","","","","","","","","","","","","","","","","","","","","",""
"83069002","PORQUEROLLES",43.,6.226833,135,1981070409,"","","","",7.,1,280,1,"","","","","","","","","","","","","","","","","","","","","","","","","","","","",20.2,1,12.1,1,"","","","","","","","","","","","","","","","","","","","","","","","","","",61,1,"","","","","","","","","","","","",14.5,1,1018.,1,"","","","","","",0,1,"","",0,1,0,1,0,1,"","","","","","","","","","","","","","","","","","","","","","","","",38000,1,"","",2,1,0,1,"","","","","","","","","","",4,1,270,1,"","","","","","","","","","","","","","","","","","","","","","","","","","","","","","","","","","","","","","","","","","","","","","","","","","","",""
"83069002","PORQUEROLLES",43.,6.226833,135,1981070412,"","","","",10.,1,280,1,"","","","","","","","","","","","","","","","","","","","","","","","","","","","",23.,1,13.1,1,"","","","","","","","","","","","","","","","","","","","","","","","","","",55,1,"","","","","","","","","","","","",15.5,1,1017.4,1,"","","","","","",0,1,"","",0,1,0,1,0,1,"","","","","","","","","","","","","","","","","","","","","","","","",38000,1,"","",2,1,0,1,"","","","","","","","","","",4,1,270,1,"","","","","","","","","","","","","","","","","","","","","","","","","","","","","","","","","","","","","","","","","","","","","","","","","","","",""
"83069002","PORQUEROLLES",43.,6.226833,135,1981070415,"","","","",10.,1,240,1,"","","","","","","","","","","","","","","","","","","","","","","","","","","","",25.,1,13.1,1,"","","","","","","","","","","","","","","","","","","","","","","","","","",49,1,"","","","","","","","","","","","",15.5,1,1016.2,1,"","","","","","",0,1,"","",0,1,0,1,0,1,"","","","","","","","","","","","","","","","","","","","","","","","",35000,1,"","",2,1,0,1,"","","","","","","","","","",4,1,270,1,"","","","","","","","","","","","","","","","","","","","","","","","","","","","","","","","","","","","","","","","","","","","","","","","","","","",""
"83069002","PORQUEROLLES",43.,6.226833,135,1981070418,"","","","",8.,1,280,1,"","","","","","","","","","","","","","","","","","","","","","","","","","","","",21.8,1,15.8,1,"","","","","","","","","","","","","","","","","","","","","","","","","","",71,1,"","","","","","","","","","","","",18.5,1,1016.4,1,"","","","","","",0,1,"","",0,1,0,1,0,1,"","","","","","","","","","","","","","","","","","","","","","","","",25000,1,"","",2,1,0,1,"","","","","","","","","","",4,1,270,1,"","","","","","","","","","","","","","","","","","","","","","","","","","","","","","","","","","","","","","","","","","","","","","","","","","","",""
"83069002","PORQUEROLLES",43.,6.226833,135,1981070421,"","","","",7.,1,60,1,"","","","","","","","","","","","","","","","","","","","","","","","","","","","",18.4,1,16.3,1,"","","","","","","","","","","","","","","","","","","","","","","","","","",90,1,"","","","","","","","","","","","",19.1,1,1017.9,1,"","","","","","",0,1,"","",0,1,0,1,0,1,"","","","","","","","","","","","","","","","","","","","","","","","",25000,1,"","",2,1,0,1,"","","","","","","","","","",3,1,270,1,"","","","","","","","","","","","","","","","","","","","","","","","","","","","","","","","","","","","","","","","","","","","","","","","","","","",""
"83069002","PORQUEROLLES",43.,6.226833,135,1981070500,"","","","",7.,1,80,1,"","","","","","","","","","","","","","","","","","","","","","","","","","","","",17.8,1,14.2,1,"","","","","","","","","","","","","","","","","","","","","","","","","","",82,1,"","","","","","","","","","","","",16.7,1,1018.4,1,"","","","","","","","","","","","","","","","","","","","","","","","","","","","","","","","","","","","","","","","","","","","","","","","","","","","","","","","","","","","","","","","","","","","","","","","","","","","","","","","","","","","","","","","","","","","","","","","","","","","","","","","","","","","","","","","","",""
"83069002","PORQUEROLLES",43.,6.226833,135,1981070503,"","","","",7.,1,80,1,"","","","","","","","","","","","","","","","","","","","","","","","","","","","",17.,1,15.5,1,"","","","","","","","","","","","","","","","","","","","","","","","","","",94,1,"","","","","","","","","","","","",18.2,1,1018.5,1,"","","","","","",0,1,"","",0,1,0,1,0,1,"","","","","","","","","","","","","","","","","","","","","","","","",12000,1,"","",0,1,"","","","","","","","","","","","",3,1,90,1,"","","","","","","","","","","","","","","","","","","","","","","","","","","","","","","","","","","","","","","","","","","","","","","","","","","",""
"83069002","PORQUEROLLES",43.,6.226833,135,1981070506,"","","","",4.,1,60,1,"","","","","","","","","","","","","","","","","","","","","","","","","","","","",18.4,1,15.,1,"","","","","","","","","","","","","","","","","","","","","","","","","","",83,1,"","","","","","","","","","","","",17.6,1,1019.6,1,"","","","","","",3,1,0,1,0,1,8,1,0,1,"","","","","","","","","","","","","","","","","","","","","","","","",12000,1,"","",3,1,0,1,"","",0,1,"","","","","","",3,1,90,1,"","","","","","","","","","","","","","","","","","","","","","","","","","","","","","","","","","","","","","","","","","","","","","","","","","","",""
"83069002","PORQUEROLLES",43.,6.226833,135,1981070509,"","","","",7.,1,60,1,"","","","","","","","","","","","","","","","","","","","","","","","","","","","",23.,1,16.,1,"","","","","","","","","","","","","","","","","","","","","","","","","","",67,1,"","","","","","","","","","","","",18.8,1,1020.3,1,"","","","","","",3,1,0,1,0,1,8,1,0,1,"","","","","","","","","","","","","","","","","","","","","","","","",12000,1,"","",2,1,0,1,"","","","","","","","","","",3,1,90,1,"","","","","","","","","","","","","","","","","","","","","","","","","","","","","","","","","","","","","","","","","","","","","","","","","","","",""
"83069002","PORQUEROLLES",43.,6.226833,135,1981070512,"","","","",5.,1,120,1,"","","","","","","","","","","","","","","","","","","","","","","","","","","","",26.1,1,18.8,1,"","","","","","","","","","","","","","","","","","","","","","","","","","",66,1,"","","","","","","","","","","","",22.5,1,1020.,1,"","","","","","",3,1,0,1,0,1,8,1,0,1,"","","","","","","","","","","","","","","","","","","","","","","","",12000,1,"","",2,1,0,1,"","","","","","","","","","",2,1,90,1,"","","","","","","","","","","","","","","","","","","","","","","","","","","","","","","","","","","","","","","","","","","","","","","","","","","",""
"83069002","PORQUEROLLES",43.,6.226833,135,1981070515,"","","","",7.,1,120,1,"","","","","","","","","","","","","","","","","","","","","","","","","","","","",25.,1,18.2,1,"","","","","","","","","","","","","","","","","","","","","","","","","","",68,1,"","","","","","","","","","","","",21.7,1,1020.1,1,"","","","","","",3,1,0,1,0,1,8,1,4,1,"","","","","","","","","","","","","","","","","","","","","","","","",12000,1,"","",2,1,0,1,"","","","","","","","","","",2,1,90,1,"","","","","","","","","","","","","","","","","","","","","","","","","","","","","","","","","","","","","","","","","","","","","","","","","","","",""
"83069002","PORQUEROLLES",43.,6.226833,135,1981070518,"","","","",4.,1,260,1,"","","","","","","","","","","","","","","","","","","","","","","","","","","","",21.5,1,16.1,1,"","","","","","","","","","","","","","","","","","","","","","","","","","",74,1,"","","","","","","","","","","","",18.9,1,1021.1,1,"","","","","","",4,1,0,1,0,1,0,1,4,1,"","","","","","","","","","","","","","","","","","","","","","","","",12000,1,"","",3,1,0,1,"","","","","","","","","","",2,1,90,1,"","","","","","","","","","","","","","","","","","","","","","","","","","","","","","","","","","","","","","","","","","","","","","","","","","","",""
"83069002","PORQUEROLLES",43.,6.226833,135,1981070521,"","","","",7.,1,280,1,"","","","","","","","","","","","","","","","","","","","","","","","","","","","",19.5,1,13.,1,"","","","","","","","","","","","","","","","","","","","","","","","","","",68,1,"","","","","","","","","","","","",15.4,1,1021.1,1,"","","","","","",4,1,0,1,0,1,0,1,4,1,"","","","","","","","","","","","","","","","","","","","","","","","",12000,1,"","",2,1,0,1,"","","","","","","","","","",2,1,90,1,"","","","","","","","","","","","","","","","","","","","","","","","","","","","","","","","","","","","","","","","","","","","","","","","","","","",""
"83069002","PORQUEROLLES",43.,6.226833,135,1981070600,"","","","",2.,1,240,1,"","","","","","","","","","","","","","","","","","","","","","","","","","","","",19.1,1,15.5,1,"","","","","","","","","","","","","","","","","","","","","","","","","","",82,1,"","","","","","","","","","","","",18.2,1,1020.6,1,"","","","","","","","","","","","","","","","","","","","","","","","","","","","","","","","","","","","","","","","","","","","","","","","","","","","","","","","","","","","","","","","","","","","","","","","","","","","","","","","","","","","","","","","","","","","","","","","","","","","","","","","","","","","","","","","","",""
"83069002","PORQUEROLLES",43.,6.226833,135,1981070603,"","","","",5.,1,280,1,"","","","","","","","","","","","","","","","","","","","","","","","","","","","",18.5,1,17.1,1,"","","","","","","","","","","","","","","","","","","","","","","","","","",95,1,"","","","","","","","","","","","",20.2,1,1019.7,1,"","","","","","",3,1,0,1,0,1,0,1,4,1,"","","","","","","","","","","","","","","","","","","","","","","","",12000,1,"","",0,1,"","","","","","","","","","","","",2,1,90,1,"","","","","","","","","","","","","","","","","","","","","","","","","","","","","","","","","","","","","","","","","","","","","","","","","","","",""
"83069002","PORQUEROLLES",43.,6.226833,135,1981070606,"","","","",2.,1,320,1,"","","","","","","","","","","","","","","","","","","","","","","","","","","","",19.6,1,15.6,1,"","","","","","","","","","","","","","","","","","","","","","","","","","",80,1,"","","","","","","","","","","","",18.3,1,1020.,1,"","","","","","",0,1,"","",0,1,0,1,0,1,"","","","","","","","","","","","","","","","","","","","","","","","",25000,1,"","",1,1,0,1,"","",0,1,"","","","","","",2,1,90,1,"","","","","","","","","","","","","","","","","","","","","","","","","","","","","","","","","","","","","","","","","","","","","","","","","","","",""
"83069002","PORQUEROLLES",43.,6.226833,135,1981070609,"","","","",3.,1,20,1,"","","","","","","","","","","","","","","","","","","","","","","","","","","","",27.,1,17.,1,"","","","","","","","","","","","","","","","","","","","","","","","","","",56,1,"","","","","","","","","","","","",20.1,1,1020.7,1,"","","","","","",0,1,"","",0,1,0,1,0,1,"","","","","","","","","","","","","","","","","","","","","","","","",25000,1,"","",2,1,0,1,"","","","","","","","","","",2,1,90,1,"","","","","","","","","","","","","","","","","","","","","","","","","","","","","","","","","","","","","","","","","","","","","","","","","","","",""
"83069002","PORQUEROLLES",43.,6.226833,135,1981070612,"","","","",3.,1,140,1,"","","","","","","","","","","","","","","","","","","","","","","","","","","","",25.,1,18.9,1,"","","","","","","","","","","","","","","","","","","","","","","","","","",71,1,"","","","","","","","","","","","",22.7,1,1020.8,1,"","","","","","",1,1,0,1,2,1,0,1,0,1,"","","","","","","","","","","","","","","","","","","","","","","","",20000,1,"","",3,1,0,1,"","","","","","","","","","",2,1,230,1,"","","","","","","","","","","","","","","","","","","","","","","","","","","","","","","","","","","","","","","","","","","","","","","","","","","",""
"83069002","PORQUEROLLES",43.,6.226833,135,1981070615,"","","","",2.,1,160,1,"","","","","","","","","","","","","","","","","","","","","","","","","","","","",25.2,1,16.7,1,"","","","","","","","","","","","","","","","","","","","","","","","","","",62,1,"","","","","","","","","","","","",19.7,1,1020.6,1,"","","","","","",1,1,0,1,9,1,0,1,0,1,"","","","","","","","","","","","","","","","","","","","","","","","",20000,1,"","",2,1,0,1,"","","","","","","","","","",2,1,230,1,"","","","","","","","","","","","","","","","","","","","","","","","","","","","","","","","","","","","","","","","","","","","","","","","","","","",""
"83069002","PORQUEROLLES",43.,6.226833,135,1981070618,"","","","",0.,1,0,1,"","","","","","","","","","","","","","","","","","","","","","","","","","","","",23.2,1,16.3,1,"","","","","","","","","","","","","","","","","","","","","","","","","","",67,1,"","","","","","","","","","","","",19.1,1,1019.7,1,"","","","","","",5,1,5,1,0,1,0,1,4,1,"","","","","","","","","","","","","","","","","","","","","","","","",15000,1,"","",3,1,1,1,"","","","","","","","","","",2,1,230,1,"","","","","","","","","","","","","","","","","","","","","","","","","","","","","","","","","","","","","","","","","","","","","","","","","","","",""
"83069002","PORQUEROLLES",43.,6.226833,135,1981070621,"","","","",2.,1,220,1,"","","","","","","","","","","","","","","","","","","","","","","","","","","","",20.2,1,17.4,1,"","","","","","","","","","","","","","","","","","","","","","","","","","",87,1,"","","","","","","","","","","","",20.6,1,1020.3,1,"","","","","","",0,1,"","",0,1,0,1,0,1,"","","","","","","","","","","","","","","","","","","","","","","","",15000,1,"","",1,1,1,1,"","","","","","","","","","",2,1,230,1,"","","","","","","","","","","","","","","","","","","","","","","","","","","","","","","","","","","","","","","","","","","","","","","","","","","",""
"83069002","PORQUEROLLES",43.,6.226833,135,1981070700,"","","","",1.,1,220,1,"","","","","","","","","","","","","","","","","","","","","","","","","","","","",20.,1,18.9,1,"","","","","","","","","","","","","","","","","","","","","","","","","","","","","","","","","","","","","","","","",22.7,1,1020.5,1,"","","","","","","","","","","","","","","","","","","","","","","","","","","","","","","","","","","","","","","","","","","","","","","","","","","","","","","","","","","","","","","","","","","","","","","","","","","","","","","","","","","","","","","","","","","","","","","","","","","","","","","","","","","","","","","","","",""
"83069002","PORQUEROLLES",43.,6.226833,135,1981070703,"","","","",3.,1,40,1,"","","","","","","","","","","","","","","","","","","","","","","","","","","","",18.8,1,16.6,1,"","","","","","","","","","","","","","","","","","","","","","","","","","",91,1,"","","","","","","","","","","","",19.6,1,1019.8,1,"","","","","","",0,1,"","",0,1,0,1,0,1,"","","","","","","","","","","","","","","","","","","","","","","","",15000,1,"","",0,1,"","","","","","","","","","","","",2,1,0,1,"","","","","","","","","","","","","","","","","","","","","","","","","","","","","","","","","","","","","","","","","","","","","","","","","","","",""
"83069002","PORQUEROLLES",43.,6.226833,135,1981070706,"","","","",5.,1,80,1,"","","","","","","","","","","","","","","","","","","","","","","","","","","","",18.5,1,17.4,1,"","","","","","","","","","","","","","","","","","","","","","","","","","",97,1,"","","","","","","","","","","","",20.6,1,1020.4,1,"","","","","","",0,1,"","",0,1,0,1,0,1,"","","","","","","","","","","","","","","","","","","","","","","","",15000,1,"","",2,1,0,1,"","",0,1,"","","","","","",2,1,0,1,"","","","","","","","","","","","","","","","","","","","","","","","","","","","","","","","","","","","","","","","","","","","","","","","","","","",""
"83069002","PORQUEROLLES",43.,6.226833,135,1981070709,"","","","",5.,1,100,1,"","","","","","","","","","","","","","","","","","","","","","","","","","","","",24.5,1,19.3,1,"","","","","","","","","","","","","","","","","","","","","","","","","","",75,1,"","","","","","","","","","","","",23.3,1,1020.6,1,"","","","","","",0,1,"","",0,1,0,1,0,1,"","","","","","","","","","","","","","","","","","","","","","","","",20000,1,"","",2,1,0,1,"","","","","","","","","","",2,1,0,1,"","","","","","","","","","","","","","","","","","","","","","","","","","","","","","","","","","","","","","","","","","","","","","","","","","","",""
"83069002","PORQUEROLLES",43.,6.226833,135,1981070712,"","","","",6.,1,120,1,"","","","","","","","","","","","","","","","","","","","","","","","","","","","",27.5,1,20.9,1,"","","","","","","","","","","","","","","","","","","","","","","","","","",70,1,"","","","","","","","","","","","",25.8,1,1021.5,1,"","","","","","",0,1,"","",0,1,0,1,0,1,"","","","","","","","","","","","","","","","","","","","","","","","",15000,1,"","",2,1,0,1,"","","","","","","","","","",2,1,0,1,"","","","","","","","","","","","","","","","","","","","","","","","","","","","","","","","","","","","","","","","","","","","","","","","","","","",""
"83069002","PORQUEROLLES",43.,6.226833,135,1981070715,"","","","",4.,1,120,1,"","","","","","","","","","","","","","","","","","","","","","","","","","","","",24.5,1,20.1,1,"","","","","","","","","","","","","","","","","","","","","","","","","","",80,1,"","","","","","","","","","","","",24.5,1,1019.8,1,"","","","","","",2,1,0,1,0,1,0,1,2,1,"","","","","","","","","","","","","","","","","","","","","","","","",8000,1,"","",3,1,0,1,"","","","","","","","","","",2,1,0,1,"","","","","","","","","","","","","","","","","","","","","","","","","","","","","","","","","","","","","","","","","","","","","","","","","","","",""
"83069002","PORQUEROLLES",43.,6.226833,135,1981070718,"","","","",2.,1,120,1,"","","","","","","","","","","","","","","","","","","","","","","","","","","","",21.7,1,19.2,1,"","","","","","","","","","","","","","","","","","","","","","","","","","",89,1,"","","","","","","","","","","","",23.1,1,1018.9,1,"","","","","","",2,1,0,1,0,1,0,1,2,1,"","","","","","","","","","","","","","","","","","","","","","","","",8000,1,"","",2,1,0,1,"","","","","","","","","","",2,1,0,1,"","","","","","","","","","","","","","","","","","","","","","","","","","","","","","","","","","","","","","","","","","","","","","","","","","","",""
"83069002","PORQUEROLLES",43.,6.226833,135,1981070721,"","","","",0.,1,0,1,"","","","","","","","","","","","","","","","","","","","","","","","","","","","",19.4,1,18.1,1,"","","","","","","","","","","","","","","","","","","","","","","","","","",96,1,"","","","","","","","","","","","",21.6,1,1019.,1,"","","","","","",0,1,"","",0,1,0,1,0,1,"","","","","","","","","","","","","","","","","","","","","","","","",8000,1,"","",1,1,0,1,"","","","","","","","","","",2,1,0,1,"","","","","","","","","","","","","","","","","","","","","","","","","","","","","","","","","","","","","","","","","","","","","","","","","","","",""
"83069002","PORQUEROLLES",43.,6.226833,135,1981070800,"","","","",3.,1,100,1,"","","","","","","","","","","","","","","","","","","","","","","","","","","","",18.8,1,18.8,1,"","","","","","","","","","","","","","","","","","","","","","","","","","",100,1,"","","","","","","","","","","","",21.7,1,1019.,1,"","","","","","","","","","","","","","","","","","","","","","","","","","","","","","","","","","","","","","","","","","","","","","","","","","","","","","","","","","","","","","","","","","","","","","","","","","","","","","","","","","","","","","","","","","","","","","","","","","","","","","","","","","","","","","","","","",""
"83069002","PORQUEROLLES",43.,6.226833,135,1981070803,"","","","",4.,1,80,1,"","","","","","","","","","","","","","","","","","","","","","","","","","","","",19.,1,19.,1,"","","","","","","","","","","","","","","","","","","","","","","","","","",100,1,"","","","","","","","","","","","",22.,1,1018.2,1,"","","","","","",9,1,"","","","","","","","","","","","","","","","","","","","","","","","","","","","","","","","",100,1,"","",43,1,"","","","","","","","","","","","","","","","","","","","","","","","","","","","","","","","","","","","","","","","","","","","","","","","","","","","","","","","","","","","","","","","","","","",""
"83069002","PORQUEROLLES",43.,6.226833,135,1981070806,"","","","",4.,1,60,1,"","","","","","","","","","","","","","","","","","","","","","","","","","","","",19.2,1,18.3,1,"","","","","","","","","","","","","","","","","","","","","","","","","","",98,1,"","","","","","","","","","","","",21.8,1,1018.2,1,"","","","","","",0,1,"","",0,1,0,1,0,1,"","","","","","","","","","","","","","","","","","","","","","","","",8000,1,"","",1,1,4,1,"","",0,1,"","","","","","",2,1,0,1,"","","","","","","","","","","","","","","","","","","","","","","","","","","","","","","","","","","","","","","","","","","","","","","","","","","",""
"83069002","PORQUEROLLES",43.,6.226833,135,1981070809,"","","","",7.,1,60,1,"","","","","","","","","","","","","","","","","","","","","","","","","","","","",24.5,1,17.7,1,"","","","","","","","","","","","","","","","","","","","","","","","","","",68,1,"","","","","","","","","","","","",20.9,1,1017.8,1,"","","","","","",0,1,"","",0,1,0,1,0,1,"","","","","","","","","","","","","","","","","","","","","","","","",10000,1,"","",2,1,0,1,"","","","","","","","","","",2,1,0,1,"","","","","","","","","","","","","","","","","","","","","","","","","","","","","","","","","","","","","","","","","","","","","","","","","","","",""
"83069002","PORQUEROLLES",43.,6.226833,135,1981070812,"","","","",7.,1,120,1,"","","","","","","","","","","","","","","","","","","","","","","","","","","","",28.4,1,18.9,1,"","","","","","","","","","","","","","","","","","","","","","","","","","",58,1,"","","","","","","","","","","","",22.6,1,1017.5,1,"","","","","","",0,1,"","",0,1,0,1,0,1,"","","","","","","","","","","","","","","","","","","","","","","","",12000,1,"","",2,1,0,1,"","","","","","","","","","",2,1,0,1,"","","","","","","","","","","","","","","","","","","","","","","","","","","","","","","","","","","","","","","","","","","","","","","","","","","",""
"83069002","PORQUEROLLES",43.,6.226833,135,1981070815,"","","","",5.,1,100,1,"","","","","","","","","","","","","","","","","","","","","","","","","","","","",27.,1,19.1,1,"","","","","","","","","","","","","","","","","","","","","","","","","","",64,1,"","","","","","","","","","","","",22.9,1,1016.2,1,"","","","","","",2,1,0,1,0,1,8,1,0,1,"","","","","","","","","","","","","","","","","","","","","","","","",18000,1,"","",3,1,0,1,"","","","","","","","","","",2,1,0,1,"","","","","","","","","","","","","","","","","","","","","","","","","","","","","","","","","","","","","","","","","","","","","","","","","","","",""
"83069002","PORQUEROLLES",43.,6.226833,135,1981070818,"","","","",5.,1,60,1,"","","","","","","","","","","","","","","","","","","","","","","","","","","","",23.9,1,19.,1,"","","","","","","","","","","","","","","","","","","","","","","","","","",77,1,"","","","","","","","","","","","",22.8,1,1016.2,1,"","","","","","",5,1,5,1,0,1,8,1,0,1,"","","","","","","","","","","","","","","","","","","","","","","","",18000,1,"","",3,1,0,1,"","","","","","","","","","",2,1,0,1,"","","","","","","","","","","","","","","","","","","","","","","","","","","","","","","","","","","","","","","","","","","","","","","","","","","",""
"83069002","PORQUEROLLES",43.,6.226833,135,1981070821,"","","","",4.,1,80,1,"","","","","","","","","","","","","","","","","","","","","","","","","","","","",21.,1,15.7,1,"","","","","","","","","","","","","","","","","","","","","","","","","","",74,1,"","","","","","","","","","","","",18.3,1,1016.,1,"","","","","","",0,1,"","",0,1,0,1,0,1,"","","","","","","","","","","","","","","","","","","","","","","","",20000,1,"","",1,1,0,1,"","","","","","","","","","",2,1,0,1,"","","","","","","","","","","","","","","","","","","","","","","","","","","","","","","","","","","","","","","","","","","","","","","","","","","",""
"83069002","PORQUEROLLES",43.,6.226833,135,1981070900,"","","","",2.,1,60,1,"","","","","","","","","","","","","","","","","","","","","","","","","","","","",21.8,1,20.4,1,"","","","","","","","","","","","","","","","","","","","","","","","","","",95,1,"","","","","","","","","","","","",24.9,1,1015.6,1,"","","","","","","","","","","","","","","","","","","","","","","","","","","","","","","","","","","","","","","","","","","","","","","","","","","","","","","","","","","","","","","","","","","","","","","","","","","","","","","","","","","","","","","","","","","","","","","","","","","","","","","","","","","","","","","","","",""
"83069002","PORQUEROLLES",43.,6.226833,135,1981070903,"","","","",5.,1,60,1,"","","","","","","","","","","","","","","","","","","","","","","","","","","","",19.,1,17.6,1,"","","","","","","","","","","","","","","","","","","","","","","","","","",95,1,"","","","","","","","","","","","",20.9,1,1015.1,1,"","","","","","",0,1,"","",0,1,0,1,0,1,"","","","","","","","","","","","","","","","","","","","","","","","",10000,1,"","",0,1,"","","","","","","","","","","","",2,1,"","","","","","","","","","","","","","","","","","","","","","","","","","","","","","","","","","","","","","","","","","","","","","","","","","","","","",""
"83069002","PORQUEROLLES",43.,6.226833,135,1981070906,"","","","",6.,1,60,1,"","","","","","","","","","","","","","","","","","","","","","","","","","","","",19.,1,16.,1,"","","","","","","","","","","","","","","","","","","","","","","","","","",85,1,"","","","","","","","","","","","",18.8,1,1014.8,1,"","","","","","",5,1,5,1,0,1,8,1,0,1,"","","","","","","","","","","","","","","","","","","","","","","","",12000,1,"","",3,1,0,1,"","",0,1,"","","","","","",2,1,"","","","","","","","","","","","","","","","","","","","","","","","","","","","","","","","","","","","","","","","","","","","","","","","","","","","","",""
"83069002","PORQUEROLLES",43.,6.226833,135,1981070909,"","","","",8.,1,80,1,"","","","","","","","","","","","","","","","","","","","","","","","","","","","",26.,1,16.3,1,"","","","","","","","","","","","","","","","","","","","","","","","","","",57,1,"","","","","","","","","","","","",19.1,1,1014.4,1,"","","","","","",7,1,7,1,0,1,8,1,4,1,"","","","","","","","","","","","","","","","","","","","","","","","",15000,1,"","",3,1,2,1,"","","","","","","","","","",2,1,90,1,"","","","","","","","","","","","","","","","","","","","","","","","","","","","","","","","","","","","","","","","","","","","","","","","","","","",""
"83069002","PORQUEROLLES",43.,6.226833,135,1981070912,"","","","",6.,1,80,1,"","","","","","","","","","","","","","","","","","","","","","","","","","","","",30.4,1,14.,1,"","","","","","","","","","","","","","","","","","","","","","","","","","",38,1,"","","","","","","","","","","","",16.5,1,1013.4,1,"","","","","","",2,1,0,1,9,1,8,1,1,1,"","","","","","","","","","","","","","","","","","","","","","","","",20000,1,"","",1,1,1,1,"","","","","","","","","","",3,1,90,1,"","","","","","","","","","","","","","","","","","","","","","","","","","","","","","","","","","","","","","","","","","","","","","","","","","","",""
"83069002","PORQUEROLLES",43.,6.226833,135,1981070915,"","","","",5.,1,80,1,"","","","","","","","","","","","","","","","","","","","","","","","","","","","",29.6,1,14.8,1,"","","","","","","","","","","","","","","","","","","","","","","","","","",42,1,"","","","","","","","","","","","",17.4,1,1012.,1,"","","","","","",1,1,0,1,9,1,0,1,1,1,"","","","","","","","","","","","","","","","","","","","","","","","",15000,1,"","",1,1,0,1,"","","","","","","","","","",3,1,90,1,"","","","","","","","","","","","","","","","","","","","","","","","","","","","","","","","","","","","","","","","","","","","","","","","","","","",""
"83069002","PORQUEROLLES",43.,6.226833,135,1981070918,"","","","",6.,1,80,1,"","","","","","","","","","","","","","","","","","","","","","","","","","","","",25.3,1,18.6,1,"","","","","","","","","","","","","","","","","","","","","","","","","","",69,1,"","","","","","","","","","","","",22.2,1,1011.8,1,"","","","","","",1,1,0,1,0,1,0,1,3,1,"","","","","","","","","","","","","","","","","","","","","","","","",10000,1,"","",2,1,0,1,"","","","","","","","","","",2,1,90,1,"","","","","","","","","","","","","","","","","","","","","","","","","","","","","","","","","","","","","","","","","","","","","","","","","","","",""
"83069002","PORQUEROLLES",43.,6.226833,135,1981070921,"","","","",4.,1,60,1,"","","","","","","","","","","","","","","","","","","","","","","","","","","","",21.4,1,14.8,1,"","","","","","","","","","","","","","","","","","","","","","","","","","",68,1,"","","","","","","","","","","","",17.3,1,1012.8,1,"","","","","","",0,1,"","",0,1,0,1,0,1,"","","","","","","","","","","","","","","","","","","","","","","","",15000,1,"","",1,1,0,1,"","","","","","","","","","",2,1,90,1,"","","","","","","","","","","","","","","","","","","","","","","","","","","","","","","","","","","","","","","","","","","","","","","","","","","",""
"83069002","PORQUEROLLES",43.,6.226833,135,1981071000,"","","","",2.,1,20,1,"","","","","","","","","","","","","","","","","","","","","","","","","","","","",21.8,1,15.6,1,"","","","","","","","","","","","","","","","","","","","","","","","","","",70,1,"","","","","","","","","","","","",18.3,1,1012.6,1,"","","","","","","","","","","","","","","","","","","","","","","","","","","","","","","","","","","","","","","","","","","","","","","","","","","","","","","","","","","","","","","","","","","","","","","","","","","","","","","","","","","","","","","","","","","","","","","","","","","","","","","","","","","","","","","","","",""
"83069002","PORQUEROLLES",43.,6.226833,135,1981071003,"","","","",2.,1,320,1,"","","","","","","","","","","","","","","","","","","","","","","","","","","","",21.5,1,12.4,1,"","","","","","","","","","","","","","","","","","","","","","","","","","",58,1,"","","","","","","","","","","","",14.8,1,1011.6,1,"","","","","","",0,1,"","",0,1,0,1,0,1,"","","","","","","","","","","","","","","","","","","","","","","","",15000,1,"","",0,1,"","","","","","","","","","","","",2,1,0,1,"","","","","","","","","","","","","","","","","","","","","","","","","","","","","","","","","","","","","","","","","","","","","","","","","","","",""
"83069002","PORQUEROLLES",43.,6.226833,135,1981071006,"","","","",1.,1,20,1,"","","","","","","","","","","","","","","","","","","","","","","","","","","","",23.,1,13.7,1,"","","","","","","","","","","","","","","","","","","","","","","","","","",57,1,"","","","","","","","","","","","",16.1,1,1011.6,1,"","","","","","",6,1,6,1,0,1,0,1,4,1,"","","","","","","","","","","","","","","","","","","","","","","","",15000,1,"","",3,1,1,1,"","",0,1,"","","","","","",2,1,170,1,"","","","","","","","","","","","","","","","","","","","","","","","","","","","","","","","","","","","","","","","","","","","","","","","","","","",""
"83069002","PORQUEROLLES",43.,6.226833,135,1981071009,"","","","",4.,1,40,1,"","","","","","","","","","","","","","","","","","","","","","","","","","","","",27.,1,15.2,1,"","","","","","","","","","","","","","","","","","","","","","","","","","",50,1,"","","","","","","","","","","","",17.8,1,1012.,1,"","","","","","",5,1,5,1,0,1,0,1,4,1,"","","","","","","","","","","","","","","","","","","","","","","","",8000,1,"","",2,1,2,1,"","","","","","","","","","",2,1,0,1,"","","","","","","","","","","","","","","","","","","","","","","","","","","","","","","","","","","","","","","","","","","","","","","","","","","",""
"83069002","PORQUEROLLES",43.,6.226833,135,1981071012,"","","","",11.,1,60,1,"","","","","","","","","","","","","","","","","","","","","","","","","","","","",29.9,1,17.8,1,"","","","","","","","","","","","","","","","","","","","","","","","","","",50,1,"","","","","","","","","","","","",21.1,1,1011.6,1,"","","","","","",5,1,5,1,0,1,0,1,4,1,"","","","","","","","","","","","","","","","","","","","","","","","",8000,1,"","",2,1,2,1,"","","","","","","","","","",3,1,90,1,"","","","","","","","","","","","","","","","","","","","","","","","","","","","","","","","","","","","","","","","","","","","","","","","","","","",""
"83069002","PORQUEROLLES",43.,6.226833,135,1981071015,"","","","",3.,1,300,1,"","","","","","","","","","","","","","","","","","","","","","","","","","","","",26.4,1,18.1,1,"","","","","","","","","","","","","","","","","","","","","","","","","","",63,1,"","","","","","","","","","","","",21.6,1,1012.2,1,"","","","","","",3,1,0,1,0,1,1,1,0,1,"","","","","","","","","","","","","","","","","","","","","","","","",6000,1,"","",1,1,1,1,"","","","","","","","","","",2,1,90,1,"","","","","","","","","","","","","","","","","","","","","","","","","","","","","","","","","","","","","","","","","","","","","","","","","","","",""
"83069002","PORQUEROLLES",43.,6.226833,135,1981071018,"","","","",1.,1,280,1,"","","","","","","","","","","","","","","","","","","","","","","","","","","","",24.,1,18.3,1,"","","","","","","","","","","","","","","","","","","","","","","","","","",73,1,"","","","","","","","","","","","",21.8,1,1011.8,1,"","","","","","",1,1,0,1,9,1,0,1,0,1,"","","","","","","","","","","","","","","","","","","","","","","","",8000,1,"","",1,1,0,1,"","","","","","","","","","",2,1,0,1,"","","","","","","","","","","","","","","","","","","","","","","","","","","","","","","","","","","","","","","","","","","","","","","","","","","",""
"83069002","PORQUEROLLES",43.,6.226833,135,1981071021,"","","","",2.,1,100,1,"","","","","","","","","","","","","","","","","","","","","","","","","","","","",21.4,1,19.3,1,"","","","","","","","","","","","","","","","","","","","","","","","","","",91,1,"","","","","","","","","","","","",23.2,1,1012.5,1,"","","","","","",1,1,0,1,1,1,0,1,0,1,"","","","","","","","","","","","","","","","","","","","","","","","",8000,1,"","",2,1,0,1,"","","","","","","","","","",2,1,0,1,"","","","","","","","","","","","","","","","","","","","","","","","","","","","","","","","","","","","","","","","","","","","","","","","","","","",""
"83069002","PORQUEROLLES",43.,6.226833,135,1981071100,"","","","",3.,1,80,1,"","","","","","","","","","","","","","","","","","","","","","","","","","","","",21.2,1,19.4,1,"","","","","","","","","","","","","","","","","","","","","","","","","","",93,1,"","","","","","","","","","","","",23.4,1,1012.5,1,"","","","","","","","","","","","","","","","","","","","","","","","","","","","","","","","","","","","","","","","","","","","","","","","","","","","","","","","","","","","","","","","","","","","","","","","","","","","","","","","","","","","","","","","","","","","","","","","","","","","","","","","","","","","","","","","","",""
"83069002","PORQUEROLLES",43.,6.226833,135,1981071103,"","","","",2.,1,20,1,"","","","","","","","","","","","","","","","","","","","","","","","","","","","",19.,1,17.7,1,"","","","","","","","","","","","","","","","","","","","","","","","","","",96,1,"","","","","","","","","","","","",21.,1,1012.7,1,"","","","","","",2,1,0,1,6,1,0,1,0,1,"","","","","","","","","","","","","","","","","","","","","","","","",6000,1,"","",0,1,"","","","","","","","","","","","",2,1,0,1,"","","","","","","","","","","","","","","","","","","","","","","","","","","","","","","","","","","","","","","","","","","","","","","","","","","",""
"83069002","PORQUEROLLES",43.,6.226833,135,1981071106,"","","","",0.,1,0,1,"","","","","","","","","","","","","","","","","","","","","","","","","","","","",19.7,1,18.,1,"","","","","","","","","","","","","","","","","","","","","","","","","","",93,1,"","","","","","","","","","","","",21.4,1,1012.7,1,"","","","","","",0,1,"","",0,1,0,1,0,1,"","","","","","","","","","","","","","","","","","","","","","","","",6000,1,"","",1,1,"","","","",0,1,"","","","","","",2,1,0,1,"","","","","","","","","","","","","","","","","","","","","","","","","","","","","","","","","","","","","","","","","","","","","","","","","","","",""
"83069002","PORQUEROLLES",43.,6.226833,135,1981071109,"","","","",0.,1,0,1,"","","","","","","","","","","","","","","","","","","","","","","","","","","","",24.6,1,16.8,1,"","","","","","","","","","","","","","","","","","","","","","","","","","",64,1,"","","","","","","","","","","","",19.8,1,1012.8,1,"","","","","","",5,1,5,1,0,1,8,1,6,1,"","","","","","","","","","","","","","","","","","","","","","","","",15000,1,"","",3,1,1,1,"","","","","","","","","","",3,1,270,1,"","","","","","","","","","","","","","","","","","","","","","","","","","","","","","","","","","","","","","","","","","","","","","","","","","","",""
"83069002","PORQUEROLLES",43.,6.226833,135,1981071112,"","","","",2.,1,120,1,"","","","","","","","","","","","","","","","","","","","","","","","","","","","",28.4,1,15.4,1,"","","","","","","","","","","","","","","","","","","","","","","","","","",47,1,"","","","","","","","","","","","",18.1,1,1013.1,1,"","","","","","",1,1,0,1,0,1,8,1,0,1,"","","","","","","","","","","","","","","","","","","","","","","","",15000,1,"","",1,1,1,1,"","","","","","","","","","",3,1,270,1,"","","","","","","","","","","","","","","","","","","","","","","","","","","","","","","","","","","","","","","","","","","","","","","","","","","",""
"83069002","PORQUEROLLES",43.,6.226833,135,1981071115,"","","","",4.,1,220,1,"","","","","","","","","","","","","","","","","","","","","","","","","","","","",27.3,1,15.6,1,"","","","","","","","","","","","","","","","","","","","","","","","","","",50,1,"","","","","","","","","","","","",18.3,1,1013.1,1,"","","","","","",7,1,7,1,0,1,0,1,6,1,"","","","","","","","","","","","","","","","","","","","","","","","",12000,1,"","",3,1,1,1,"","","","","","","","","","",3,1,270,1,"","","","","","","","","","","","","","","","","","","","","","","","","","","","","","","","","","","","","","","","","","","","","","","","","","","",""
"83069002","PORQUEROLLES",43.,6.226833,135,1981071118,"","","","",2.,1,300,1,"","","","","","","","","","","","","","","","","","","","","","","","","","","","",24.6,1,17.6,1,"","","","","","","","","","","","","","","","","","","","","","","","","","",68,1,"","","","","","","","","","","","",20.9,1,1013.2,1,"","","","","","",7,1,7,1,0,1,7,1,"","","","","","","","","","","","","","","","","","","","","","","","","","",12000,1,"","",2,1,1,1,"","","","","","","","","","",3,1,270,1,"","","","","","","","","","","","","","","","","","","","","","","","","","","","","","","","","","","","","","","","","","","","","","","","","","","",""
"83069002","PORQUEROLLES",43.,6.226833,135,1981071121,"","","","",5.,1,340,1,"","","","","","","","","","","","","","","","","","","","","","","","","","","","",22.4,1,15.5,1,"","","","","","","","","","","","","","","","","","","","","","","","","","",67,1,"","","","","","","","","","","","",18.2,1,1013.9,1,"","","","","","",1,1,0,1,0,1,4,1,0,1,"","","","","","","","","","","","","","","","","","","","","","","","",20000,1,"","",1,1,1,1,"","","","","","","","","","",3,1,270,1,"","","","","","","","","","","","","","","","","","","","","","","","","","","","","","","","","","","","","","","","","","","","","","","","","","","",""
"83069002","PORQUEROLLES",43.,6.226833,135,1981071200,"","","","",5.,1,300,1,"","","","","","","","","","","","","","","","","","","","","","","","","","","","",22.2,1,17.9,1,"","","","","","","","","","","","","","","","","","","","","","","","","","",79,1,"","","","","","","","","","","","",21.2,1,1014.3,1,"","","","","","","","","","","","","","","","","","","","","","","","","","","","","","","","","","","","","","","","","","","","","","","","","","","","","","","","","","","","","","","","","","","","","","","","","","","","","","","","","","","","","","","","","","","","","","","","","","","","","","","","","","","","","","","","","",""
"83069002","PORQUEROLLES",43.,6.226833,135,1981071203,"","","","",3.,1,360,1,"","","","","","","","","","","","","","","","","","","","","","","","","","","","",20.8,1,15.3,1,"","","","","","","","","","","","","","","","","","","","","","","","","","",73,1,"","","","","","","","","","","","",17.9,1,1014.1,1,"","","","","","",0,1,"","",0,1,0,1,0,1,"","","","","","","","","","","","","","","","","","","","","","","","",20000,1,"","",0,1,"","","","","","","","","","","","",2,1,270,1,"","","","","","","","","","","","","","","","","","","","","","","","","","","","","","","","","","","","","","","","","","","","","","","","","","","",""
"83069002","PORQUEROLLES",43.,6.226833,135,1981071206,"","","","",1.,1,20,1,"","","","","","","","","","","","","","","","","","","","","","","","","","","","",20.8,1,16.6,1,"","","","","","","","","","","","","","","","","","","","","","","","","","",79,1,"","","","","","","","","","","","",19.5,1,1014.6,1,"","","","","","",0,1,"","",0,1,0,1,0,1,"","","","","","","","","","","","","","","","","","","","","","","","",15000,1,"","",2,1,0,1,"","",0,1,"","","","","","",2,1,270,1,"","","","","","","","","","","","","","","","","","","","","","","","","","","","","","","","","","","","","","","","","","","","","","","","","","","",""
"83069002","PORQUEROLLES",43.,6.226833,135,1981071209,"","","","",2.,1,220,1,"","","","","","","","","","","","","","","","","","","","","","","","","","","","",25.,1,17.3,1,"","","","","","","","","","","","","","","","","","","","","","","","","","",65,1,"","","","","","","","","","","","",20.5,1,1015.,1,"","","","","","",0,1,"","",0,1,0,1,0,1,"","","","","","","","","","","","","","","","","","","","","","","","",15000,1,"","",2,1,0,1,"","","","","","","","","","",2,1,270,1,"","","","","","","","","","","","","","","","","","","","","","","","","","","","","","","","","","","","","","","","","","","","","","","","","","","",""
"83069002","PORQUEROLLES",43.,6.226833,135,1981071212,"","","","",5.,1,260,1,"","","","","","","","","","","","","","","","","","","","","","","","","","","","",26.8,1,18.,1,"","","","","","","","","","","","","","","","","","","","","","","","","","",61,1,"","","","","","","","","","","","",21.4,1,1014.8,1,"","","","","","",3,1,0,1,2,1,0,1,1,1,"","","","","","","","","","","","","","","","","","","","","","","","",15000,1,"","",3,1,0,1,"","","","","","","","","","",2,1,270,1,"","","","","","","","","","","","","","","","","","","","","","","","","","","","","","","","","","","","","","","","","","","","","","","","","","","",""
"83069002","PORQUEROLLES",43.,6.226833,135,1981071215,"","","","",7.,1,280,1,"","","","","","","","","","","","","","","","","","","","","","","","","","","","",29.,1,16.7,1,"","","","","","","","","","","","","","","","","","","","","","","","","","",51,1,"","","","","","","","","","","","",19.7,1,1015.3,1,"","","","","","",4,1,0,1,2,1,0,1,1,1,"","","","","","","","","","","","","","","","","","","","","","","","",15000,1,"","",3,1,0,1,"","","","","","","","","","",2,1,270,1,"","","","","","","","","","","","","","","","","","","","","","","","","","","","","","","","","","","","","","","","","","","","","","","","","","","",""
"83069002","PORQUEROLLES",43.,6.226833,135,1981071218,"","","","",6.,1,260,1,"","","","","","","","","","","","","","","","","","","","","","","","","","","","",26.5,1,18.,1,"","","","","","","","","","","","","","","","","","","","","","","","","","",61,1,"","","","","","","","","","","","",21.4,1,1013.,1,"","","","","","",2,1,0,1,0,1,0,1,1,1,"","","","","","","","","","","","","","","","","","","","","","","","",18000,1,"","",1,1,0,1,"","","","","","","","","","",2,1,270,1,"","","","","","","","","","","","","","","","","","","","","","","","","","","","","","","","","","","","","","","","","","","","","","","","","","","",""
"83069002","PORQUEROLLES",43.,6.226833,135,1981071221,"","","","",6.,1,280,1,"","","","","","","","","","","","","","","","","","","","","","","","","","","","",24.3,1,17.,1,"","","","","","","","","","","","","","","","","","","","","","","","","","",66,1,"","","","","","","","","","","","",20.,1,1014.3,1,"","","","","","",0,1,"","",0,1,0,1,0,1,"","","","","","","","","","","","","","","","","","","","","","","","",20000,1,"","",1,1,0,1,"","","","","","","","","","",2,1,270,1,"","","","","","","","","","","","","","","","","","","","","","","","","","","","","","","","","","","","","","","","","","","","","","","","","","","",""
"83069002","PORQUEROLLES",43.,6.226833,135,1981071300,"","","","",6.,1,340,1,"","","","","","","","","","","","","","","","","","","","","","","","","","","","",22.7,1,16.3,1,"","","","","","","","","","","","","","","","","","","","","","","","","","",70,1,"","","","","","","","","","","","",19.2,1,1014.7,1,"","","","","","","","","","","","","","","","","","","","","","","","","","","","","","","","","","","","","","","","","","","","","","","","","","","","","","","","","","","","","","","","","","","","","","","","","","","","","","","","","","","","","","","","","","","","","","","","","","","","","","","","","","","","","","","","","",""
"83069002","PORQUEROLLES",43.,6.226833,135,1981071303,"","","","",4.,1,340,1,"","","","","","","","","","","","","","","","","","","","","","","","","","","","",22.1,1,15.6,1,"","","","","","","","","","","","","","","","","","","","","","","","","","",68,1,"","","","","","","","","","","","",18.3,1,1014.3,1,"","","","","","",0,1,"","",0,1,0,1,0,1,"","","","","","","","","","","","","","","","","","","","","","","","",20000,1,"","",0,1,"","","","","","","","","","","","",2,1,0,1,"","","","","","","","","","","","","","","","","","","","","","","","","","","","","","","","","","","","","","","","","","","","","","","","","","","",""
"83069002","PORQUEROLLES",43.,6.226833,135,1981071306,"","","","",3.,1,360,1,"","","","","","","","","","","","","","","","","","","","","","","","","","","","",21.5,1,17.8,1,"","","","","","","","","","","","","","","","","","","","","","","","","","",82,1,"","","","","","","","","","","","",21.1,1,1015.8,1,"","","","","","",1,1,0,1,0,1,0,1,1,1,"","","","","","","","","","","","","","","","","","","","","","","","",20000,1,"","",3,1,0,1,"","",0,1,"","","","","","",2,1,0,1,"","","","","","","","","","","","","","","","","","","","","","","","","","","","","","","","","","","","","","","","","","","","","","","","","","","",""
"83069002","PORQUEROLLES",43.,6.226833,135,1981071309,"","","","",3.,1,360,1,"","","","","","","","","","","","","","","","","","","","","","","","","","","","",26.,1,17.4,1,"","","","","","","","","","","","","","","","","","","","","","","","","","",61,1,"","","","","","","","","","","","",20.6,1,1015.4,1,"","","","","","",3,1,0,1,0,1,4,1,0,1,"","","","","","","","","","","","","","","","","","","","","","","","",20000,1,"","",3,1,0,1,"","","","","","","","","","",2,1,0,1,"","","","","","","","","","","","","","","","","","","","","","","","","","","","","","","","","","","","","","","","","","","","","","","","","","","",""
"83069002","PORQUEROLLES",43.,6.226833,135,1981071312,"","","","",6.,1,220,1,"","","","","","","","","","","","","","","","","","","","","","","","","","","","",28.5,1,17.9,1,"","","","","","","","","","","","","","","","","","","","","","","","","","",55,1,"","","","","","","","","","","","",21.3,1,1015.1,1,"","","","","","",2,1,0,1,2,1,0,1,0,1,"","","","","","","","","","","","","","","","","","","","","","","","",12000,1,"","",1,1,0,1,"","","","","","","","","","",2,1,270,1,"","","","","","","","","","","","","","","","","","","","","","","","","","","","","","","","","","","","","","","","","","","","","","","","","","","",""
"83069002","PORQUEROLLES",43.,6.226833,135,1981071315,"","","","",10.,1,260,1,"","","","","","","","","","","","","","","","","","","","","","","","","","","","",26.5,1,19.2,1,"","","","","","","","","","","","","","","","","","","","","","","","","","",67,1,"","","","","","","","","","","","",23.1,1,1013.3,1,"","","","","","",2,1,0,1,2,1,0,1,0,1,"","","","","","","","","","","","","","","","","","","","","","","","",18000,1,"","",2,1,0,1,"","","","","","","","","","",3,1,270,1,"","","","","","","","","","","","","","","","","","","","","","","","","","","","","","","","","","","","","","","","","","","","","","","","","","","",""
"83069002","PORQUEROLLES",43.,6.226833,135,1981071318,"","","","",12.,1,280,1,"","","","","","","","","","","","","","","","","","","","","","","","","","","","",24.5,1,17.9,1,"","","","","","","","","","","","","","","","","","","","","","","","","","",69,1,"","","","","","","","","","","","",21.2,1,1011.7,1,"","","","","","",2,1,0,1,9,1,0,1,0,1,"","","","","","","","","","","","","","","","","","","","","","","","",18000,1,"","",2,1,0,1,"","","","","","","","","","",4,1,270,1,"","","","","","","","","","","","","","","","","","","","","","","","","","","","","","","","","","","","","","","","","","","","","","","","","","","",""
"83069002","PORQUEROLLES",43.,6.226833,135,1981071321,"","","","",5.,1,260,1,"","","","","","","","","","","","","","","","","","","","","","","","","","","","",24.5,1,13.1,1,"","","","","","","","","","","","","","","","","","","","","","","","","","",50,1,"","","","","","","","","","","","",15.5,1,1012.2,1,"","","","","","",0,1,"","",0,1,0,1,0,1,"","","","","","","","","","","","","","","","","","","","","","","","",22000,1,"","",2,1,0,1,"","","","","","","","","","",3,1,270,1,"","","","","","","","","","","","","","","","","","","","","","","","","","","","","","","","","","","","","","","","","","","","","","","","","","","",""
"83069002","PORQUEROLLES",43.,6.226833,135,1981071400,"","","","",9.,1,360,1,"","","","","","","","","","","","","","","","","","","","","","","","","","","","",22.6,1,13.3,1,"","","","","","","","","","","","","","","","","","","","","","","","","","",57,1,"","","","","","","","","","","","",15.7,1,1012.6,1,"","","","","","","","","","","","","","","","","","","","","","","","","","","","","","","","","","","","","","","","","","","","","","","","","","","","","","","","","","","","","","","","","","","","","","","","","","","","","","","","","","","","","","","","","","","","","","","","","","","","","","","","","","","","","","","","","",""
"83069002","PORQUEROLLES",43.,6.226833,135,1981071403,"","","","",8.,1,360,1,"","","","","","","","","","","","","","","","","","","","","","","","","","","","",21.,1,13.4,1,"","","","","","","","","","","","","","","","","","","","","","","","","","",63,1,"","","","","","","","","","","","",15.8,1,1013.5,1,"","","","","","",1,1,0,1,0,1,4,1,0,1,"","","","","","","","","","","","","","","","","","","","","","","","",25000,1,"","",0,1,"","","","","","","","","","","","",3,1,270,1,"","","","","","","","","","","","","","","","","","","","","","","","","","","","","","","","","","","","","","","","","","","","","","","","","","","",""
"83069002","PORQUEROLLES",43.,6.226833,135,1981071406,"","","","",4.,1,320,1,"","","","","","","","","","","","","","","","","","","","","","","","","","","","",21.2,1,14.4,1,"","","","","","","","","","","","","","","","","","","","","","","","","","",67,1,"","","","","","","","","","","","",16.9,1,1013.8,1,"","","","","","",0,1,"","",0,1,0,1,0,1,"","","","","","","","","","","","","","","","","","","","","","","","",25000,1,"","",1,1,0,1,"","",0,1,"","","","","","",3,1,270,1,"","","","","","","","","","","","","","","","","","","","","","","","","","","","","","","","","","","","","","","","","","","","","","","","","","","",""
"83069002","PORQUEROLLES",43.,6.226833,135,1981071409,"","","","",2.,1,280,1,"","","","","","","","","","","","","","","","","","","","","","","","","","","","",26.,1,14.9,1,"","","","","","","","","","","","","","","","","","","","","","","","","","",52,1,"","","","","","","","","","","","",17.5,1,1015.6,1,"","","","","","",0,1,"","",0,1,0,1,0,1,"","","","","","","","","","","","","","","","","","","","","","","","",25000,1,"","",2,1,0,1,"","","","","","","","","","",3,1,270,1,"","","","","","","","","","","","","","","","","","","","","","","","","","","","","","","","","","","","","","","","","","","","","","","","","","","",""
"83069002","PORQUEROLLES",43.,6.226833,135,1981071412,"","","","",5.,1,280,1,"","","","","","","","","","","","","","","","","","","","","","","","","","","","",27.9,1,16.3,1,"","","","","","","","","","","","","","","","","","","","","","","","","","",51,1,"","","","","","","","","","","","",19.1,1,1015.5,1,"","","","","","",1,1,0,1,2,1,0,1,0,1,"","","","","","","","","","","","","","","","","","","","","","","","",25000,1,"","",3,1,0,1,"","","","","","","","","","",3,1,270,1,"","","","","","","","","","","","","","","","","","","","","","","","","","","","","","","","","","","","","","","","","","","","","","","","","","","",""
"83069002","PORQUEROLLES",43.,6.226833,135,1981071415,"","","","",7.,1,240,1,"","","","","","","","","","","","","","","","","","","","","","","","","","","","",27.5,1,16.3,1,"","","","","","","","","","","","","","","","","","","","","","","","","","",54,1,"","","","","","","","","","","","",19.2,1,1015.5,1,"","","","","","",1,1,0,1,2,1,0,1,0,1,"","","","","","","","","","","","","","","","","","","","","","","","",25000,1,"","",2,1,0,1,"","","","","","","","","","",3,1,270,1,"","","","","","","","","","","","","","","","","","","","","","","","","","","","","","","","","","","","","","","","","","","","","","","","","","","",""
"83069002","PORQUEROLLES",43.,6.226833,135,1981071418,"","","","",6.,1,200,1,"","","","","","","","","","","","","","","","","","","","","","","","","","","","",24.5,1,19.3,1,"","","","","","","","","","","","","","","","","","","","","","","","","","",75,1,"","","","","","","","","","","","",23.2,1,1014.6,1,"","","","","","",0,1,"","",0,1,0,1,0,1,"","","","","","","","","","","","","","","","","","","","","","","","",25000,1,"","",1,1,0,1,"","","","","","","","","","",3,1,270,1,"","","","","","","","","","","","","","","","","","","","","","","","","","","","","","","","","","","","","","","","","","","","","","","","","","","",""
"83069002","PORQUEROLLES",43.,6.226833,135,1981071421,"","","","",5.,1,120,1,"","","","","","","","","","","","","","","","","","","","","","","","","","","","",21.5,1,18.5,1,"","","","","","","","","","","","","","","","","","","","","","","","","","",86,1,"","","","","","","","","","","","",22.1,1,1016.,1,"","","","","","",0,1,"","",0,1,0,1,0,1,"","","","","","","","","","","","","","","","","","","","","","","","",25000,1,"","",2,1,0,1,"","","","","","","","","","",3,1,270,1,"","","","","","","","","","","","","","","","","","","","","","","","","","","","","","","","","","","","","","","","","","","","","","","","","","","",""
"83069002","PORQUEROLLES",43.,6.226833,135,1981071500,"","","","",3.,1,80,1,"","","","","","","","","","","","","","","","","","","","","","","","","","","","",20.,1,16.5,1,"","","","","","","","","","","","","","","","","","","","","","","","","","",88,1,"","","","","","","","","","","","",19.4,1,1016.,1,"","","","","","","","","","","","","","","","","","","","","","","","","","","","","","","","","","","","","","","","","","","","","","","","","","","","","","","","","","","","","","","","","","","","","","","","","","","","","","","","","","","","","","","","","","","","","","","","","","","","","","","","","","","","","","","","","",""
"83069002","PORQUEROLLES",43.,6.226833,135,1981071503,"","","","",3.,1,20,1,"","","","","","","","","","","","","","","","","","","","","","","","","","","","",19.5,1,17.3,1,"","","","","","","","","","","","","","","","","","","","","","","","","","",90,1,"","","","","","","","","","","","",20.5,1,1016.,1,"","","","","","",0,1,"","",0,1,0,1,0,1,"","","","","","","","","","","","","","","","","","","","","","","","",25000,1,"","",0,1,"","","","","","","","","","","","",2,1,0,1,"","","","","","","","","","","","","","","","","","","","","","","","","","","","","","","","","","","","","","","","","","","","","","","","","","","",""
"83069002","PORQUEROLLES",43.,6.226833,135,1981071506,"","","","",4.,1,40,1,"","","","","","","","","","","","","","","","","","","","","","","","","","","","",21.2,1,17.,1,"","","","","","","","","","","","","","","","","","","","","","","","","","",79,1,"","","","","","","","","","","","",20.,1,1016.7,1,"","","","","","",0,1,"","",0,1,0,1,0,1,"","","","","","","","","","","","","","","","","","","","","","","","",25000,1,"","",2,1,0,1,"","",0,1,"","","","","","",2,1,0,1,"","","","","","","","","","","","","","","","","","","","","","","","","","","","","","","","","","","","","","","","","","","","","","","","","","","",""
"83069002","PORQUEROLLES",43.,6.226833,135,1981071509,"","","","",2.,1,120,1,"","","","","","","","","","","","","","","","","","","","","","","","","","","","",25.3,1,19.1,1,"","","","","","","","","","","","","","","","","","","","","","","","","","",71,1,"","","","","","","","","","","","",22.9,1,1017.3,1,"","","","","","",0,1,"","",0,1,0,1,0,1,"","","","","","","","","","","","","","","","","","","","","","","","",25000,1,"","",2,1,0,1,"","","","","","","","","","",2,1,0,1,"","","","","","","","","","","","","","","","","","","","","","","","","","","","","","","","","","","","","","","","","","","","","","","","","","","",""
"83069002","PORQUEROLLES",43.,6.226833,135,1981071512,"","","","",3.,1,160,1,"","","","","","","","","","","","","","","","","","","","","","","","","","","","",26.1,1,20.6,1,"","","","","","","","","","","","","","","","","","","","","","","","","","",74,1,"","","","","","","","","","","","",25.2,1,1017.3,1,"","","","","","",0,1,"","",0,1,0,1,0,1,"","","","","","","","","","","","","","","","","","","","","","","","",20000,1,"","",2,1,0,1,"","","","","","","","","","",2,1,0,1,"","","","","","","","","","","","","","","","","","","","","","","","","","","","","","","","","","","","","","","","","","","","","","","","","","","",""
"83069002","PORQUEROLLES",43.,6.226833,135,1981071515,"","","","",4.,1,220,1,"","","","","","","","","","","","","","","","","","","","","","","","","","","","",28.1,1,19.2,1,"","","","","","","","","","","","","","","","","","","","","","","","","","",61,1,"","","","","","","","","","","","",23.1,1,1016.6,1,"","","","","","",1,1,0,1,1,1,0,1,0,1,"","","","","","","","","","","","","","","","","","","","","","","","",20000,1,"","",3,1,0,1,"","","","","","","","","","",2,1,0,1,"","","","","","","","","","","","","","","","","","","","","","","","","","","","","","","","","","","","","","","","","","","","","","","","","","","",""
"83069002","PORQUEROLLES",43.,6.226833,135,1981071518,"","","","",5.,1,220,1,"","","","","","","","","","","","","","","","","","","","","","","","","","","","",23.7,1,19.1,1,"","","","","","","","","","","","","","","","","","","","","","","","","","",78,1,"","","","","","","","","","","","",23.,1,1015.8,1,"","","","","","",0,1,"","",0,1,0,1,0,1,"","","","","","","","","","","","","","","","","","","","","","","","",15000,1,"","",1,1,0,1,"","","","","","","","","","",2,1,0,1,"","","","","","","","","","","","","","","","","","","","","","","","","","","","","","","","","","","","","","","","","","","","","","","","","","","",""
"83069002","PORQUEROLLES",43.,6.226833,135,1981071521,"","","","",2.,1,160,1,"","","","","","","","","","","","","","","","","","","","","","","","","","","","",21.5,1,19.8,1,"","","","","","","","","","","","","","","","","","","","","","","","","","",93,1,"","","","","","","","","","","","",24.,1,1016.6,1,"","","","","","",0,1,"","",0,1,0,1,0,1,"","","","","","","","","","","","","","","","","","","","","","","","",15000,1,"","",2,1,0,1,"","","","","","","","","","",2,1,0,1,"","","","","","","","","","","","","","","","","","","","","","","","","","","","","","","","","","","","","","","","","","","","","","","","","","","",""
"83069002","PORQUEROLLES",43.,6.226833,135,1981071600,"","","","",4.,1,60,1,"","","","","","","","","","","","","","","","","","","","","","","","","","","","",20.4,1,19.3,1,"","","","","","","","","","","","","","","","","","","","","","","","","","",97,1,"","","","","","","","","","","","",23.2,1,1016.7,1,"","","","","","","","","","","","","","","","","","","","","","","","","","","","","","","","","","","","","","","","","","","","","","","","","","","","","","","","","","","","","","","","","","","","","","","","","","","","","","","","","","","","","","","","","","","","","","","","","","","","","","","","","","","","","","","","","",""
"83069002","PORQUEROLLES",43.,6.226833,135,1981071603,"","","","",5.,1,60,1,"","","","","","","","","","","","","","","","","","","","","","","","","","","","",20.5,1,19.6,1,"","","","","","","","","","","","","","","","","","","","","","","","","","",98,1,"","","","","","","","","","","","",23.7,1,1016.3,1,"","","","","","",8,1,8,1,6,1,"","","","","","","","","","","","","","","","","","","","","","","","","","","","",15000,1,"","",0,1,"","","","","","","","","","","","",2,1,0,1,"","","","","","","","","","","","","","","","","","","","","","","","","","","","","","","","","","","","","","","","","","","","","","","","","","","",""
"83069002","PORQUEROLLES",43.,6.226833,135,1981071606,"","","","",2.,1,40,1,"","","","","","","","","","","","","","","","","","","","","","","","","","","","",20.6,1,19.1,1,"","","","","","","","","","","","","","","","","","","","","","","","","","",95,1,"","","","","","","","","","","","",22.9,1,1016.7,1,"","","","","","",5,1,5,1,5,1,0,1,0,1,"","","","","","","","","","","","","","","","","","","","","","","","",10000,1,"","",1,1,1,1,"","",0,1,"","","","","","",2,1,0,1,"","","","","","","","","","","","","","","","","","","","","","","","","","","","","","","","","","","","","","","","","","","","","","","","","","","",""
"83069002","PORQUEROLLES",43.,6.226833,135,1981071609,"","","","",3.,1,60,1,"","","","","","","","","","","","","","","","","","","","","","","","","","","","",25.8,1,20.6,1,"","","","","","","","","","","","","","","","","","","","","","","","","","",76,1,"","","","","","","","","","","","",25.3,1,1016.5,1,"","","","","","",0,1,"","",0,1,0,1,0,1,"","","","","","","","","","","","","","","","","","","","","","","","",12000,1,"","",1,1,0,1,"","","","","","","","","","",2,1,0,1,"","","","","","","","","","","","","","","","","","","","","","","","","","","","","","","","","","","","","","","","","","","","","","","","","","","",""
"83069002","PORQUEROLLES",43.,6.226833,135,1981071612,"","","","",3.,1,160,1,"","","","","","","","","","","","","","","","","","","","","","","","","","","","",26.4,1,21.4,1,"","","","","","","","","","","","","","","","","","","","","","","","","","",77,1,"","","","","","","","","","","","",26.5,1,1016.5,1,"","","","","","",1,1,0,1,3,1,0,1,0,1,"","","","","","","","","","","","","","","","","","","","","","","","",8000,1,"","",3,1,0,1,"","","","","","","","","","",2,1,0,1,"","","","","","","","","","","","","","","","","","","","","","","","","","","","","","","","","","","","","","","","","","","","","","","","","","","",""
"83069002","PORQUEROLLES",43.,6.226833,135,1981071615,"","","","",3.,1,200,1,"","","","","","","","","","","","","","","","","","","","","","","","","","","","",26.5,1,20.6,1,"","","","","","","","","","","","","","","","","","","","","","","","","","",73,1,"","","","","","","","","","","","",25.2,1,1015.6,1,"","","","","","",0,1,"","",0,1,0,1,0,1,"","","","","","","","","","","","","","","","","","","","","","","","",8000,1,"","",1,1,0,1,"","","","","","","","","","",2,1,0,1,"","","","","","","","","","","","","","","","","","","","","","","","","","","","","","","","","","","","","","","","","","","","","","","","","","","",""
"83069002","PORQUEROLLES",43.,6.226833,135,1981071618,"","","","",4.,1,240,1,"","","","","","","","","","","","","","","","","","","","","","","","","","","","",23.7,1,18.,1,"","","","","","","","","","","","","","","","","","","","","","","","","","",73,1,"","","","","","","","","","","","",21.4,1,1014.8,1,"","","","","","",0,1,"","",0,1,0,1,0,1,"","","","","","","","","","","","","","","","","","","","","","","","",14000,1,"","",2,1,0,1,"","","","","","","","","","",2,1,0,1,"","","","","","","","","","","","","","","","","","","","","","","","","","","","","","","","","","","","","","","","","","","","","","","","","","","",""
"83069002","PORQUEROLLES",43.,6.226833,135,1981071621,"","","","",4.,1,280,1,"","","","","","","","","","","","","","","","","","","","","","","","","","","","",21.7,1,18.4,1,"","","","","","","","","","","","","","","","","","","","","","","","","","",85,1,"","","","","","","","","","","","",22.,1,1015.2,1,"","","","","","",0,1,"","",0,1,0,1,0,1,"","","","","","","","","","","","","","","","","","","","","","","","",14000,1,"","",2,1,0,1,"","","","","","","","","","",2,1,0,1,"","","","","","","","","","","","","","","","","","","","","","","","","","","","","","","","","","","","","","","","","","","","","","","","","","","",""
"83069002","PORQUEROLLES",43.,6.226833,135,1981071700,"","","","",6.,1,280,1,"","","","","","","","","","","","","","","","","","","","","","","","","","","","",20.4,1,18.6,1,"","","","","","","","","","","","","","","","","","","","","","","","","","",93,1,"","","","","","","","","","","","",22.2,1,1015.,1,"","","","","","","","","","","","","","","","","","","","","","","","","","","","","","","","","","","","","","","","","","","","","","","","","","","","","","","","","","","","","","","","","","","","","","","","","","","","","","","","","","","","","","","","","","","","","","","","","","","","","","","","","","","","","","","","","",""
"83069002","PORQUEROLLES",43.,6.226833,135,1981071703,"","","","",4.,1,280,1,"","","","","","","","","","","","","","","","","","","","","","","","","","","","",19.6,1,18.5,1,"","","","","","","","","","","","","","","","","","","","","","","","","","",97,1,"","","","","","","","","","","","",22.1,1,1014.2,1,"","","","","","",0,1,"","",0,1,0,1,0,1,"","","","","","","","","","","","","","","","","","","","","","","","",8000,1,"","",0,1,"","","","","","","","","","","","",2,1,0,1,"","","","","","","","","","","","","","","","","","","","","","","","","","","","","","","","","","","","","","","","","","","","","","","","","","","",""
"83069002","PORQUEROLLES",43.,6.226833,135,1981071706,"","","","",2.,1,60,1,"","","","","","","","","","","","","","","","","","","","","","","","","","","","",20.7,1,19.3,1,"","","","","","","","","","","","","","","","","","","","","","","","","","",95,1,"","","","","","","","","","","","",23.3,1,1014.2,1,"","","","","","",0,1,"","",0,1,0,1,0,1,"","","","","","","","","","","","","","","","","","","","","","","","",6000,1,"","",2,1,0,1,"","",0,1,"","","","","","",2,1,0,1,"","","","","","","","","","","","","","","","","","","","","","","","","","","","","","","","","","","","","","","","","","","","","","","","","","","",""
"83069002","PORQUEROLLES",43.,6.226833,135,1981071709,"","","","",3.,1,120,1,"","","","","","","","","","","","","","","","","","","","","","","","","","","","",24.7,1,19.5,1,"","","","","","","","","","","","","","","","","","","","","","","","","","",76,1,"","","","","","","","","","","","",23.6,1,1014.3,1,"","","","","","",0,1,"","",0,1,0,1,0,1,"","","","","","","","","","","","","","","","","","","","","","","","",6000,1,"","",2,1,0,1,"","","","","","","","","","",2,1,0,1,"","","","","","","","","","","","","","","","","","","","","","","","","","","","","","","","","","","","","","","","","","","","","","","","","","","",""
"83069002","PORQUEROLLES",43.,6.226833,135,1981071712,"","","","",6.,1,200,1,"","","","","","","","","","","","","","","","","","","","","","","","","","","","",24.7,1,19.5,1,"","","","","","","","","","","","","","","","","","","","","","","","","","",76,1,"","","","","","","","","","","","",23.6,1,1013.9,1,"","","","","","",4,1,0,1,2,1,0,1,0,1,"","","","","","","","","","","","","","","","","","","","","","","","",6000,1,"","",3,1,0,1,"","","","","","","","","","",2,1,0,1,"","","","","","","","","","","","","","","","","","","","","","","","","","","","","","","","","","","","","","","","","","","","","","","","","","","",""
"83069002","PORQUEROLLES",43.,6.226833,135,1981071715,"","","","",6.,1,260,1,"","","","","","","","","","","","","","","","","","","","","","","","","","","","",24.,1,20.4,1,"","","","","","","","","","","","","","","","","","","","","","","","","","",84,1,"","","","","","","","","","","","",24.9,1,1012.2,1,"","","","","","",4,1,0,1,2,1,0,1,0,1,"","","","","","","","","","","","","","","","","","","","","","","","",6000,1,"","",2,1,0,1,"","","","","","","","","","",2,1,0,1,"","","","","","","","","","","","","","","","","","","","","","","","","","","","","","","","","","","","","","","","","","","","","","","","","","","",""
"83069002","PORQUEROLLES",43.,6.226833,135,1981071718,"","","","",7.,1,240,1,"","","","","","","","","","","","","","","","","","","","","","","","","","","","",22.5,1,17.3,1,"","","","","","","","","","","","","","","","","","","","","","","","","","",75,1,"","","","","","","","","","","","",20.5,1,1010.2,1,"","","","","","",2,1,0,1,4,1,4,1,4,1,"","","","","","","","","","","","","","","","","","","","","","","","",15000,1,"","",3,1,0,1,"","","","","","","","","","",2,1,0,1,"","","","","","","","","","","","","","","","","","","","","","","","","","","","","","","","","","","","","","","","","","","","","","","","","","","",""
"83069002","PORQUEROLLES",43.,6.226833,135,1981071721,"","","","",5.,1,280,1,"","","","","","","","","","","","","","","","","","","","","","","","","","","","",21.,1,17.3,1,"","","","","","","","","","","","","","","","","","","","","","","","","","",82,1,"","","","","","","","","","","","",20.4,1,1011.8,1,"","","","","","",2,1,0,1,4,1,4,1,4,1,"","","","","","","","","","","","","","","","","","","","","","","","",10000,1,"","",2,1,0,1,"","","","","","","","","","",2,1,0,1,"","","","","","","","","","","","","","","","","","","","","","","","","","","","","","","","","","","","","","","","","","","","","","","","","","","",""
"83069002","PORQUEROLLES",43.,6.226833,135,1981071800,"","","","",5.,1,260,1,"","","","","","","","","","","","","","","","","","","","","","","","","","","","",19.,1,19.,1,"","","","","","","","","","","","","","","","","","","","","","","","","","",100,1,"","","","","","","","","","","","",22.,1,1011.,1,"","","","","","","","","","","","","","","","","","","","","","","","","","","","","","","","","","","","","","","","","","","","","","","","","","","","","","","","","","","","","","","","","","","","","","","","","","","","","","","","","","","","","","","","","","","","","","","","","","","","","","","","","","","","","","","","","",""
"83069002","PORQUEROLLES",43.,6.226833,135,1981071803,"","","","",9.,1,260,1,"","","","","","","","","","","","","","","","","","","","","","","","","","","","",17.,1,17.,1,"","","","","","","","","","","","","","","","","","","","","","","","","","",100,1,"","","","","","","","","","","","",19.3,1,1010.,1,"","","","","","",8,1,5,1,5,1,2,1,0,1,"","","","","","","","","","","","","","","","","","","","","","","","",4000,1,"","",63,1,6,1,"","","","","","","","","","",4,1,270,1,"","","","","","","","","","","","","","","","","","","","","","","","","","","","","","","","","","","","","","","","","","","","","","","","","","","",""
"83069002","PORQUEROLLES",43.,6.226833,135,1981071806,"","","","",9.,1,280,1,"","","","","","","","","","","","","","","","","","","","","","","","","","","","",16.6,1,15.,1,"","","","","","","","","","","","","","","","","","","","","","","","","","",94,1,"","","","","","","","","","","","",17.6,1,1009.3,1,"","","","","","",8,1,5,1,5,1,2,1,0,1,"","","","","","","","","","","","","","","","","","","","","","","","",4000,1,"","",63,1,6,1,"","",0,1,"","","","","","",4,1,270,1,"","","","","","","","","","","","","","","","","","","","","","","","","","","","","","","","","","","","","","","","","","","","","","","","","","","",""
"83069002","PORQUEROLLES",43.,6.226833,135,1981071809,"","","","",4.,1,300,1,"","","","","","","","","","","","","","","","","","","","","","","","","","","","",14.4,1,14.4,1,"","","","","","","","","","","","","","","","","","","","","","","","","","",100,1,"","","","","","","","","","","","",16.4,1,1010.6,1,"","","","","","",8,1,8,1,5,1,"","","","","","","","","","","","","","","","","","","","","","","","","","","","",5000,1,"","",61,1,6,1,"","","","","","","","","","",3,1,270,1,"","","","","","","","","","","","","","","","","","","","","","","","","","","","","","","","","","","","","","","","","","","","","","","","","","","",""
"83069002","PORQUEROLLES",43.,6.226833,135,1981071812,"","","","",8.,1,260,1,"","","","","","","","","","","","","","","","","","","","","","","","","","","","",15.,1,13.1,1,"","","","","","","","","","","","","","","","","","","","","","","","","","",91,1,"","","","","","","","","","","","",15.5,1,1009.3,1,"","","","","","",6,1,0,1,2,1,4,1,0,1,"","","","","","","","","","","","","","","","","","","","","","","","",10000,1,"","",1,1,6,1,"","","","","","","","","","",3,1,270,1,"","","","","","","","","","","","","","","","","","","","","","","","","","","","","","","","","","","","","","","","","","","","","","","","","","","",""
"83069002","PORQUEROLLES",43.,6.226833,135,1981071815,"","","","",18.,1,260,1,"","","","","","","","","","","","","","","","","","","","","","","","","","","","",19.5,1,12.,1,"","","","","","","","","","","","","","","","","","","","","","","","","","",64,1,"","","","","","","","","","","","",14.4,1,1007.4,1,"","","","","","",2,1,0,1,2,1,0,1,0,1,"","","","","","","","","","","","","","","","","","","","","","","","",30000,1,"","",1,1,1,1,"","","","","","","","","","",4,1,270,1,"","","","","","","","","","","","","","","","","","","","","","","","","","","","","","","","","","","","","","","","","","","","","","","","","","","",""
"83069002","PORQUEROLLES",43.,6.226833,135,1981071818,"","","","",15.,1,260,1,"","","","","","","","","","","","","","","","","","","","","","","","","","","","",19.2,1,10.5,1,"","","","","","","","","","","","","","","","","","","","","","","","","","",59,1,"","","","","","","","","","","","",13.,1,1006.3,1,"","","","","","",2,1,0,1,2,1,0,1,0,1,"","","","","","","","","","","","","","","","","","","","","","","","",30000,1,"","",2,1,0,1,"","","","","","","","","","",5,1,270,1,"","","","","","","","","","","","","","","","","","","","","","","","","","","","","","","","","","","","","","","","","","","","","","","","","","","",""
"83069002","PORQUEROLLES",43.,6.226833,135,1981071821,"","","","",20.,1,280,1,"","","","","","","","","","","","","","","","","","","","","","","","","","","","",15.4,1,11.6,1,"","","","","","","","","","","","","","","","","","","","","","","","","","",80,1,"","","","","","","","","","","","",14.,1,1006.2,1,"","","","","","",2,1,0,1,2,1,0,1,0,1,"","","","","","","","","","","","","","","","","","","","","","","","",30000,1,"","",2,1,0,1,"","","","","","","","","","",5,1,270,1,"","","","","","","","","","","","","","","","","","","","","","","","","","","","","","","","","","","","","","","","","","","","","","","","","","","",""
"83069002","PORQUEROLLES",43.,6.226833,135,1981071900,"","","","",20.,1,280,1,"","","","","","","","","","","","","","","","","","","","","","","","","","","","",15.4,1,12.1,1,"","","","","","","","","","","","","","","","","","","","","","","","","","",83,1,"","","","","","","","","","","","",14.5,1,1005.6,1,"","","","","","","","","","","","","","","","","","","","","","","","","","","","","","","","","","","","","","","","","","","","","","","","","","","","","","","","","","","","","","","","","","","","","","","","","","","","","","","","","","","","","","","","","","","","","","","","","","","","","","","","","","","","","","","","","",""
"83069002","PORQUEROLLES",43.,6.226833,135,1981071903,"","","","",18.,1,280,1,"","","","","","","","","","","","","","","","","","","","","","","","","","","","",15.4,1,11.5,1,"","","","","","","","","","","","","","","","","","","","","","","","","","",79,1,"","","","","","","","","","","","",13.9,1,1004.4,1,"","","","","","",6,1,6,1,0,1,7,1,0,1,"","","","","","","","","","","","","","","","","","","","","","","","",25000,1,"","",0,1,"","","","","","","","","","","","",5,1,270,1,"","","","","","","","","","","","","","","","","","","","","","","","","","","","","","","","","","","","","","","","","","","","","","","","","","","",""
"83069002","PORQUEROLLES",43.,6.226833,135,1981071906,"","","","",19.,1,300,1,"","","","","","","","","","","","","","","","","","","","","","","","","","","","",16.3,1,11.7,1,"","","","","","","","","","","","","","","","","","","","","","","","","","",77,1,"","","","","","","","","","","","",14.1,1,1006.8,1,"","","","","","",6,1,6,1,2,1,7,1,0,1,"","","","","","","","","","","","","","","","","","","","","","","","",15000,1,"","",3,1,2,1,"","",0,1,"","","","","","",6,1,270,1,"","","","","","","","","","","","","","","","","","","","","","","","","","","","","","","","","","","","","","","","","","","","","","","","","","","",""
"83069002","PORQUEROLLES",43.,6.226833,135,1981071909,"","","","",12.,1,280,1,"","","","","","","","","","","","","","","","","","","","","","","","","","","","",17.8,1,11.3,1,"","","","","","","","","","","","","","","","","","","","","","","","","","",67,1,"","","","","","","","","","","","",13.7,1,1008.4,1,"","","","","","",1,1,0,1,9,1,0,1,0,1,"","","","","","","","","","","","","","","","","","","","","","","","",18000,1,"","",1,1,1,1,"","","","","","","","","","",5,1,270,1,"","","","","","","","","","","","","","","","","","","","","","","","","","","","","","","","","","","","","","","","","","","","","","","","","","","",""
"83069002","PORQUEROLLES",43.,6.226833,135,1981071912,"","","","",9.,1,300,1,"","","","","","","","","","","","","","","","","","","","","","","","","","","","",22.,1,8.7,1,"","","","","","","","","","","","","","","","","","","","","","","","","","",43,1,"","","","","","","","","","","","",11.5,1,1009.,1,"","","","","","",1,1,0,1,0,1,6,1,0,1,"","","","","","","","","","","","","","","","","","","","","","","","",22000,1,"","",2,1,0,1,"","","","","","","","","","",5,1,270,1,"","","","","","","","","","","","","","","","","","","","","","","","","","","","","","","","","","","","","","","","","","","","","","","","","","","",""
"83069002","PORQUEROLLES",43.,6.226833,135,1981071915,"","","","",14.,1,220,1,"","","","","","","","","","","","","","","","","","","","","","","","","","","","",23.,1,8.2,1,"","","","","","","","","","","","","","","","","","","","","","","","","","",40,1,"","","","","","","","","","","","",11.1,1,1009.1,1,"","","","","","",0,1,"","",0,1,0,1,0,1,"","","","","","","","","","","","","","","","","","","","","","","","",28000,1,"","",1,1,0,1,"","","","","","","","","","",5,1,270,1,"","","","","","","","","","","","","","","","","","","","","","","","","","","","","","","","","","","","","","","","","","","","","","","","","","","",""
"83069002","PORQUEROLLES",43.,6.226833,135,1981071918,"","","","",12.,1,340,1,"","","","","","","","","","","","","","","","","","","","","","","","","","","","",21.3,1,7.8,1,"","","","","","","","","","","","","","","","","","","","","","","","","","",43,1,"","","","","","","","","","","","",10.8,1,1010.6,1,"","","","","","",0,1,"","",0,1,0,1,0,1,"","","","","","","","","","","","","","","","","","","","","","","","",28000,1,"","",2,1,0,1,"","","","","","","","","","",5,1,270,1,"","","","","","","","","","","","","","","","","","","","","","","","","","","","","","","","","","","","","","","","","","","","","","","","","","","",""
"83069002","PORQUEROLLES",43.,6.226833,135,1981071921,"","","","",8.,1,300,1,"","","","","","","","","","","","","","","","","","","","","","","","","","","","",18.,1,8.9,1,"","","","","","","","","","","","","","","","","","","","","","","","","","",56,1,"","","","","","","","","","","","",11.6,1,1013.3,1,"","","","","","",0,1,"","",0,1,0,1,0,1,"","","","","","","","","","","","","","","","","","","","","","","","",25000,1,"","",2,1,0,1,"","","","","","","","","","",4,1,270,1,"","","","","","","","","","","","","","","","","","","","","","","","","","","","","","","","","","","","","","","","","","","","","","","","","","","",""
"83069002","PORQUEROLLES",43.,6.226833,135,1981072000,"","","","",7.,1,340,1,"","","","","","","","","","","","","","","","","","","","","","","","","","","","",17.9,1,8.5,1,"","","","","","","","","","","","","","","","","","","","","","","","","","",52,1,"","","","","","","","","","","","",11.3,1,1014.2,1,"","","","","","","","","","","","","","","","","","","","","","","","","","","","","","","","","","","","","","","","","","","","","","","","","","","","","","","","","","","","","","","","","","","","","","","","","","","","","","","","","","","","","","","","","","","","","","","","","","","","","","","","","","","","","","","","","",""
"83069002","PORQUEROLLES",43.,6.226833,135,1981072003,"","","","",8.,1,340,1,"","","","","","","","","","","","","","","","","","","","","","","","","","","","",16.6,1,8.,1,"","","","","","","","","","","","","","","","","","","","","","","","","","",58,1,"","","","","","","","","","","","",10.9,1,1013.8,1,"","","","","","",0,1,"","",0,1,0,1,0,1,"","","","","","","","","","","","","","","","","","","","","","","","",25000,1,"","",0,1,"","","","","","","","","","","","",4,1,270,1,"","","","","","","","","","","","","","","","","","","","","","","","","","","","","","","","","","","","","","","","","","","","","","","","","","","",""
"83069002","PORQUEROLLES",43.,6.226833,135,1981072006,"","","","",5.,1,340,1,"","","","","","","","","","","","","","","","","","","","","","","","","","","","",18.,1,9.,1,"","","","","","","","","","","","","","","","","","","","","","","","","","",57,1,"","","","","","","","","","","","",11.7,1,1014.2,1,"","","","","","",5,1,5,1,0,1,5,1,0,1,"","","","","","","","","","","","","","","","","","","","","","","","",28000,1,"","",3,1,1,1,"","",0,1,"","","","","","",3,1,270,1,"","","","","","","","","","","","","","","","","","","","","","","","","","","","","","","","","","","","","","","","","","","","","","","","","","","",""
"83069002","PORQUEROLLES",43.,6.226833,135,1981072009,"","","","",7.,1,340,1,"","","","","","","","","","","","","","","","","","","","","","","","","","","","",22.,1,9.9,1,"","","","","","","","","","","","","","","","","","","","","","","","","","",47,1,"","","","","","","","","","","","",12.5,1,1014.4,1,"","","","","","",1,1,0,1,0,1,5,1,0,1,"","","","","","","","","","","","","","","","","","","","","","","","",28000,1,"","",1,1,0,1,"","","","","","","","","","",3,1,270,1,"","","","","","","","","","","","","","","","","","","","","","","","","","","","","","","","","","","","","","","","","","","","","","","","","","","",""
"83069002","PORQUEROLLES",43.,6.226833,135,1981072012,"","","","",5.,1,300,1,"","","","","","","","","","","","","","","","","","","","","","","","","","","","",24.5,1,10.9,1,"","","","","","","","","","","","","","","","","","","","","","","","","","",44,1,"","","","","","","","","","","","",13.4,1,1014.9,1,"","","","","","",1,1,0,1,0,1,0,1,1,1,"","","","","","","","","","","","","","","","","","","","","","","","",30000,1,"","",2,1,0,1,"","","","","","","","","","",4,1,270,1,"","","","","","","","","","","","","","","","","","","","","","","","","","","","","","","","","","","","","","","","","","","","","","","","","","","",""
"83069002","PORQUEROLLES",43.,6.226833,135,1981072015,"","","","",7.,1,240,1,"","","","","","","","","","","","","","","","","","","","","","","","","","","","",25.5,1,18.9,1,"","","","","","","","","","","","","","","","","","","","","","","","","","",69,1,"","","","","","","","","","","","",22.6,1,1013.1,1,"","","","","","",1,1,0,1,0,1,0,1,1,1,"","","","","","","","","","","","","","","","","","","","","","","","",30000,1,"","",2,1,0,1,"","","","","","","","","","",4,1,270,1,"","","","","","","","","","","","","","","","","","","","","","","","","","","","","","","","","","","","","","","","","","","","","","","","","","","",""
"83069002","PORQUEROLLES",43.,6.226833,135,1981072018,"","","","",3.,1,280,1,"","","","","","","","","","","","","","","","","","","","","","","","","","","","",24.5,1,13.7,1,"","","","","","","","","","","","","","","","","","","","","","","","","","",52,1,"","","","","","","","","","","","",16.1,1,1012.7,1,"","","","","","",0,1,"","",0,1,0,1,0,1,"","","","","","","","","","","","","","","","","","","","","","","","",35000,1,"","",1,1,0,1,"","","","","","","","","","",3,1,270,1,"","","","","","","","","","","","","","","","","","","","","","","","","","","","","","","","","","","","","","","","","","","","","","","","","","","",""
"83069002","PORQUEROLLES",43.,6.226833,135,1981072021,"","","","",4.,1,320,1,"","","","","","","","","","","","","","","","","","","","","","","","","","","","",20.6,1,12.5,1,"","","","","","","","","","","","","","","","","","","","","","","","","","",62,1,"","","","","","","","","","","","",14.9,1,1015.3,1,"","","","","","",0,1,"","",0,1,0,1,0,1,"","","","","","","","","","","","","","","","","","","","","","","","",30000,1,"","",2,1,0,1,"","","","","","","","","","",3,1,270,1,"","","","","","","","","","","","","","","","","","","","","","","","","","","","","","","","","","","","","","","","","","","","","","","","","","","",""
"83069002","PORQUEROLLES",43.,6.226833,135,1981072100,"","","","",7.,1,300,1,"","","","","","","","","","","","","","","","","","","","","","","","","","","","",18.5,1,14.3,1,"","","","","","","","","","","","","","","","","","","","","","","","","","","","","","","","","","","","","","","","",16.8,1,1013.7,1,"","","","","","","","","","","","","","","","","","","","","","","","","","","","","","","","","","","","","","","","","","","","","","","","","","","","","","","","","","","","","","","","","","","","","","","","","","","","","","","","","","","","","","","","","","","","","","","","","","","","","","","","","","","","","","","","","",""
"83069002","PORQUEROLLES",43.,6.226833,135,1981072103,"","","","",7.,1,20,1,"","","","","","","","","","","","","","","","","","","","","","","","","","","","",19.,1,11.1,1,"","","","","","","","","","","","","","","","","","","","","","","","","","",61,1,"","","","","","","","","","","","",13.5,1,1013.2,1,"","","","","","",0,1,"","",0,1,0,1,0,1,"","","","","","","","","","","","","","","","","","","","","","","","",25000,1,"","",0,1,"","","","","","","","","","","","",3,1,270,1,"","","","","","","","","","","","","","","","","","","","","","","","","","","","","","","","","","","","","","","","","","","","","","","","","","","",""
"83069002","PORQUEROLLES",43.,6.226833,135,1981072106,"","","","",6.,1,360,1,"","","","","","","","","","","","","","","","","","","","","","","","","","","","",19.,1,12.4,1,"","","","","","","","","","","","","","","","","","","","","","","","","","",68,1,"","","","","","","","","","","","",14.8,1,1013.8,1,"","","","","","",0,1,"","",0,1,0,1,0,1,"","","","","","","","","","","","","","","","","","","","","","","","",30000,1,"","",2,1,0,1,"","",0,1,"","","","","","",3,1,270,1,"","","","","","","","","","","","","","","","","","","","","","","","","","","","","","","","","","","","","","","","","","","","","","","","","","","",""
"83069002","PORQUEROLLES",43.,6.226833,135,1981072109,"","","","",2.,1,100,1,"","","","","","","","","","","","","","","","","","","","","","","","","","","","",23.2,1,13.5,1,"","","","","","","","","","","","","","","","","","","","","","","","","","",54,1,"","","","","","","","","","","","",15.9,1,1014.5,1,"","","","","","",1,1,0,1,0,1,4,1,0,1,"","","","","","","","","","","","","","","","","","","","","","","","",25000,1,"","",3,1,0,1,"","","","","","","","","","",3,1,270,1,"","","","","","","","","","","","","","","","","","","","","","","","","","","","","","","","","","","","","","","","","","","","","","","","","","","",""
"83069002","PORQUEROLLES",43.,6.226833,135,1981072112,"","","","",2.,1,120,1,"","","","","","","","","","","","","","","","","","","","","","","","","","","","",25.2,1,18.1,1,"","","","","","","","","","","","","","","","","","","","","","","","","","",67,1,"","","","","","","","","","","","",21.6,1,1015.,1,"","","","","","",1,1,0,1,1,1,0,1,0,1,"","","","","","","","","","","","","","","","","","","","","","","","",18000,1,"","",1,1,0,1,"","","","","","","","","","",3,1,270,1,"","","","","","","","","","","","","","","","","","","","","","","","","","","","","","","","","","","","","","","","","","","","","","","","","","","",""
"83069002","PORQUEROLLES",43.,6.226833,135,1981072115,"","","","",2.,1,140,1,"","","","","","","","","","","","","","","","","","","","","","","","","","","","",24.,1,18.,1,"","","","","","","","","","","","","","","","","","","","","","","","","","",71,1,"","","","","","","","","","","","",21.4,1,1015.1,1,"","","","","","",1,1,0,1,2,1,0,1,0,1,"","","","","","","","","","","","","","","","","","","","","","","","",15000,1,"","",2,1,0,1,"","","","","","","","","","",2,1,0,1,"","","","","","","","","","","","","","","","","","","","","","","","","","","","","","","","","","","","","","","","","","","","","","","","","","","",""
"83069002","PORQUEROLLES",43.,6.226833,135,1981072118,"","","","",0.,1,0,1,"","","","","","","","","","","","","","","","","","","","","","","","","","","","",22.5,1,16.6,1,"","","","","","","","","","","","","","","","","","","","","","","","","","",72,1,"","","","","","","","","","","","",19.6,1,1014.5,1,"","","","","","",0,1,"","",0,1,0,1,0,1,"","","","","","","","","","","","","","","","","","","","","","","","",15000,1,"","",1,1,0,1,"","","","","","","","","","",2,1,0,1,"","","","","","","","","","","","","","","","","","","","","","","","","","","","","","","","","","","","","","","","","","","","","","","","","","","",""
"83069002","PORQUEROLLES",43.,6.226833,135,1981072121,"","","","",2.,1,200,1,"","","","","","","","","","","","","","","","","","","","","","","","","","","","",18.9,1,16.4,1,"","","","","","","","","","","","","","","","","","","","","","","","","","",88,1,"","","","","","","","","","","","",19.3,1,1015.1,1,"","","","","","",0,1,"","",0,1,0,1,0,1,"","","","","","","","","","","","","","","","","","","","","","","","",15000,1,"","",2,1,0,1,"","","","","","","","","","",2,1,0,1,"","","","","","","","","","","","","","","","","","","","","","","","","","","","","","","","","","","","","","","","","","","","","","","","","","","",""
"83069002","PORQUEROLLES",43.,6.226833,135,1981072200,"","","","",3.,1,100,1,"","","","","","","","","","","","","","","","","","","","","","","","","","","","",17.6,1,16.8,1,"","","","","","","","","","","","","","","","","","","","","","","","","","","","","","","","","","","","","","","","",19.7,1,1015.1,1,"","","","","","","","","","","","","","","","","","","","","","","","","","","","","","","","","","","","","","","","","","","","","","","","","","","","","","","","","","","","","","","","","","","","","","","","","","","","","","","","","","","","","","","","","","","","","","","","","","","","","","","","","","","","","","","","","",""
"83069002","PORQUEROLLES",43.,6.226833,135,1981072203,"","","","",4.,1,100,1,"","","","","","","","","","","","","","","","","","","","","","","","","","","","",16.,1,15.2,1,"","","","","","","","","","","","","","","","","","","","","","","","","","",98,1,"","","","","","","","","","","","",17.8,1,1013.3,1,"","","","","","",2,1,0,1,0,1,0,1,1,1,"","","","","","","","","","","","","","","","","","","","","","","","",5000,1,"","",0,1,"","","","","","","","","","","","",3,1,270,1,"","","","","","","","","","","","","","","","","","","","","","","","","","","","","","","","","","","","","","","","","","","","","","","","","","","",""
"83069002","PORQUEROLLES",43.,6.226833,135,1981072206,"","","","",4.,1,80,1,"","","","","","","","","","","","","","","","","","","","","","","","","","","","",17.5,1,16.5,1,"","","","","","","","","","","","","","","","","","","","","","","","","","",96,1,"","","","","","","","","","","","",19.4,1,1014.6,1,"","","","","","",6,1,6,1,5,1,0,1,0,1,"","","","","","","","","","","","","","","","","","","","","","","","",6000,1,"","",3,1,1,1,"","",0,1,"","","","","","",2,1,0,1,"","","","","","","","","","","","","","","","","","","","","","","","","","","","","","","","","","","","","","","","","","","","","","","","","","","",""
"83069002","PORQUEROLLES",43.,6.226833,135,1981072209,"","","","",6.,1,100,1,"","","","","","","","","","","","","","","","","","","","","","","","","","","","",21.,1,17.3,1,"","","","","","","","","","","","","","","","","","","","","","","","","","",82,1,"","","","","","","","","","","","",20.4,1,1014.8,1,"","","","","","",6,1,5,1,2,1,0,1,4,1,"","","","","","","","","","","","","","","","","","","","","","","","",6000,1,"","",2,1,2,1,"","","","","","","","","","",2,1,0,1,"","","","","","","","","","","","","","","","","","","","","","","","","","","","","","","","","","","","","","","","","","","","","","","","","","","",""
"83069002","PORQUEROLLES",43.,6.226833,135,1981072212,"","","","",6.,1,120,1,"","","","","","","","","","","","","","","","","","","","","","","","","","","","",22.,1,17.5,1,"","","","","","","","","","","","","","","","","","","","","","","","","","",78,1,"","","","","","","","","","","","",20.6,1,1015.1,1,"","","","","","",6,1,5,1,2,1,0,1,4,1,"","","","","","","","","","","","","","","","","","","","","","","","",6000,1,"","",2,1,2,1,"","","","","","","","","","",2,1,0,1,"","","","","","","","","","","","","","","","","","","","","","","","","","","","","","","","","","","","","","","","","","","","","","","","","","","",""
"83069002","PORQUEROLLES",43.,6.226833,135,1981072215,"","","","",8.,1,120,1,"","","","","","","","","","","","","","","","","","","","","","","","","","","","",25.7,1,19.6,1,"","","","","","","","","","","","","","","","","","","","","","","","","","",72,1,"","","","","","","","","","","","",23.7,1,1014.1,1,"","","","","","",6,1,5,1,2,1,0,1,4,1,"","","","","","","","","","","","","","","","","","","","","","","","",6000,1,"","",2,1,2,1,"","","","","","","","","","",2,1,0,1,"","","","","","","","","","","","","","","","","","","","","","","","","","","","","","","","","","","","","","","","","","","","","","","","","","","",""
"83069002","PORQUEROLLES",43.,6.226833,135,1981072218,"","","","",8.,1,120,1,"","","","","","","","","","","","","","","","","","","","","","","","","","","","",20.5,1,16.8,1,"","","","","","","","","","","","","","","","","","","","","","","","","","",82,1,"","","","","","","","","","","","",19.7,1,1014.,1,"","","","","","",3,1,0,1,2,1,0,1,4,1,"","","","","","","","","","","","","","","","","","","","","","","","",6000,1,"","",1,1,1,1,"","","","","","","","","","",2,1,0,1,"","","","","","","","","","","","","","","","","","","","","","","","","","","","","","","","","","","","","","","","","","","","","","","","","","","",""
"83069002","PORQUEROLLES",43.,6.226833,135,1981072221,"","","","",6.,1,120,1,"","","","","","","","","","","","","","","","","","","","","","","","","","","","",18.,1,16.7,1,"","","","","","","","","","","","","","","","","","","","","","","","","","",95,1,"","","","","","","","","","","","",19.6,1,1014.6,1,"","","","","","",3,1,0,1,2,1,0,1,4,1,"","","","","","","","","","","","","","","","","","","","","","","","",6000,1,"","",2,1,1,1,"","","","","","","","","","",2,1,0,1,"","","","","","","","","","","","","","","","","","","","","","","","","","","","","","","","","","","","","","","","","","","","","","","","","","","",""
"83069002","PORQUEROLLES",43.,6.226833,135,1981072300,"","","","",5.,1,120,1,"","","","","","","","","","","","","","","","","","","","","","","","","","","","",18.2,1,16.6,1,"","","","","","","","","","","","","","","","","","","","","","","","","","",93,1,"","","","","","","","","","","","",19.5,1,1014.3,1,"","","","","","","","","","","","","","","","","","","","","","","","","","","","","","","","","","","","","","","","","","","","","","","","","","","","","","","","","","","","","","","","","","","","","","","","","","","","","","","","","","","","","","","","","","","","","","","","","","","","","","","","","","","","","","","","","",""
"83069002","PORQUEROLLES",43.,6.226833,135,1981072303,"","","","",6.,1,140,1,"","","","","","","","","","","","","","","","","","","","","","","","","","","","",18.5,1,16.4,1,"","","","","","","","","","","","","","","","","","","","","","","","","","",90,1,"","","","","","","","","","","","",19.2,1,1013.1,1,"","","","","","",8,1,6,1,2,1,0,1,4,1,"","","","","","","","","","","","","","","","","","","","","","","","",6000,1,"","",0,1,"","","","","","","","","","","","",2,1,0,1,"","","","","","","","","","","","","","","","","","","","","","","","","","","","","","","","","","","","","","","","","","","","","","","","","","","",""
"83069002","PORQUEROLLES",43.,6.226833,135,1981072306,"","","","",5.,1,120,1,"","","","","","","","","","","","","","","","","","","","","","","","","","","","",18.7,1,16.4,1,"","","","","","","","","","","","","","","","","","","","","","","","","","",89,1,"","","","","","","","","","","","",19.2,1,1013.1,1,"","","","","","",8,1,6,1,7,1,2,1,0,1,"","","","","","","","","","","","","","","","","","","","","","","","",6000,1,"","",2,1,3,1,"","",0,1,"","","","","","",2,1,0,1,"","","","","","","","","","","","","","","","","","","","","","","","","","","","","","","","","","","","","","","","","","","","","","","","","","","",""
"83069002","PORQUEROLLES",43.,6.226833,135,1981072309,"","","","",3.,1,40,1,"","","","","","","","","","","","","","","","","","","","","","","","","","","","",19.5,1,17.4,1,"","","","","","","","","","","","","","","","","","","","","","","","","","",90,1,"","","","","","","","","","","","",20.5,1,1014.2,1,"","","","","","",8,1,6,1,7,1,2,1,0,1,"","","","","","","","","","","","","","","","","","","","","","","","",6000,1,"","",60,1,6,1,"","","","","","","","","","",2,1,0,1,"","","","","","","","","","","","","","","","","","","","","","","","","","","","","","","","","","","","","","","","","","","","","","","","","","","",""
"83069002","PORQUEROLLES",43.,6.226833,135,1981072312,"","","","",6.,1,100,1,"","","","","","","","","","","","","","","","","","","","","","","","","","","","",20.5,1,15.9,1,"","","","","","","","","","","","","","","","","","","","","","","","","","",77,1,"","","","","","","","","","","","",18.6,1,1013.3,1,"","","","","","",8,1,7,1,7,1,2,1,0,1,"","","","","","","","","","","","","","","","","","","","","","","","",12000,1,"","",2,1,6,1,"","","","","","","","","","",3,1,90,1,"","","","","","","","","","","","","","","","","","","","","","","","","","","","","","","","","","","","","","","","","","","","","","","","","","","",""
"83069002","PORQUEROLLES",43.,6.226833,135,1981072315,"","","","",4.,1,100,1,"","","","","","","","","","","","","","","","","","","","","","","","","","","","",22.4,1,17.,1,"","","","","","","","","","","","","","","","","","","","","","","","","","",74,1,"","","","","","","","","","","","",20.,1,1013.6,1,"","","","","","",6,1,6,1,3,1,8,1,0,1,"","","","","","","","","","","","","","","","","","","","","","","","",10000,1,"","",1,1,2,1,"","","","","","","","","","",3,1,90,1,"","","","","","","","","","","","","","","","","","","","","","","","","","","","","","","","","","","","","","","","","","","","","","","","","","","",""
"83069002","PORQUEROLLES",43.,6.226833,135,1981072318,"","","","",1.,1,220,1,"","","","","","","","","","","","","","","","","","","","","","","","","","","","",19.7,1,16.8,1,"","","","","","","","","","","","","","","","","","","","","","","","","","",86,1,"","","","","","","","","","","","",19.7,1,1013.8,1,"","","","","","",2,1,0,1,1,1,0,1,0,1,"","","","","","","","","","","","","","","","","","","","","","","","",8000,1,"","",1,1,1,1,"","","","","","","","","","",2,1,90,1,"","","","","","","","","","","","","","","","","","","","","","","","","","","","","","","","","","","","","","","","","","","","","","","","","","","",""
"83069002","PORQUEROLLES",43.,6.226833,135,1981072321,"","","","",5.,1,280,1,"","","","","","","","","","","","","","","","","","","","","","","","","","","","",18.5,1,18.5,1,"","","","","","","","","","","","","","","","","","","","","","","","","","",100,1,"","","","","","","","","","","","",21.3,1,1014.6,1,"","","","","","",2,1,0,1,6,1,0,1,0,1,"","","","","","","","","","","","","","","","","","","","","","","","",6000,1,"","",2,1,0,1,"","","","","","","","","","",2,1,0,1,"","","","","","","","","","","","","","","","","","","","","","","","","","","","","","","","","","","","","","","","","","","","","","","","","","","",""
"83069002","PORQUEROLLES",43.,6.226833,135,1981072400,"","","","",4.,1,340,1,"","","","","","","","","","","","","","","","","","","","","","","","","","","","",17.5,1,16.5,1,"","","","","","","","","","","","","","","","","","","","","","","","","","",97,1,"","","","","","","","","","","","",19.4,1,1014.1,1,"","","","","","","","","","","","","","","","","","","","","","","","","","","","","","","","","","","","","","","","","","","","","","","","","","","","","","","","","","","","","","","","","","","","","","","","","","","","","","","","","","","","","","","","","","","","","","","","","","","","","","","","","","","","","","","","","",""
"83069002","PORQUEROLLES",43.,6.226833,135,1981072403,"","","","",3.,1,360,1,"","","","","","","","","","","","","","","","","","","","","","","","","","","","",16.8,1,14.9,1,"","","","","","","","","","","","","","","","","","","","","","","","","","",91,1,"","","","","","","","","","","","",17.5,1,1013.7,1,"","","","","","",5,1,5,1,0,1,5,1,0,1,"","","","","","","","","","","","","","","","","","","","","","","","",8000,1,"","",0,1,"","","","","","","","","","","","",2,1,0,1,"","","","","","","","","","","","","","","","","","","","","","","","","","","","","","","","","","","","","","","","","","","","","","","","","","","",""
"83069002","PORQUEROLLES",43.,6.226833,135,1981072406,"","","","",4.,1,340,1,"","","","","","","","","","","","","","","","","","","","","","","","","","","","",17.,1,14.8,1,"","","","","","","","","","","","","","","","","","","","","","","","","","",90,1,"","","","","","","","","","","","",17.4,1,1013.9,1,"","","","","","",5,1,5,1,0,1,5,1,0,1,"","","","","","","","","","","","","","","","","","","","","","","","",6000,1,"","",2,1,2,1,"","",0,1,"","","","","","",2,1,0,1,"","","","","","","","","","","","","","","","","","","","","","","","","","","","","","","","","","","","","","","","","","","","","","","","","","","",""
"83069002","PORQUEROLLES",43.,6.226833,135,1981072409,"","","","",9.,1,280,1,"","","","","","","","","","","","","","","","","","","","","","","","","","","","",16.5,1,14.3,1,"","","","","","","","","","","","","","","","","","","","","","","","","","",90,1,"","","","","","","","","","","","",16.8,1,1016.1,1,"","","","","","",8,1,8,1,7,1,2,1,"","","","","","","","","","","","","","","","","","","","","","","","","","",5000,1,"","",60,1,6,1,"","","","","","","","","","",2,1,0,1,"","","","","","","","","","","","","","","","","","","","","","","","","","","","","","","","","","","","","","","","","","","","","","","","","","","",""
"83069002","PORQUEROLLES",43.,6.226833,135,1981072412,"","","","",4.,1,300,1,"","","","","","","","","","","","","","","","","","","","","","","","","","","","",15.9,1,14.8,1,"","","","","","","","","","","","","","","","","","","","","","","","","","",96,1,"","","","","","","","","","","","",17.3,1,1016.1,1,"","","","","","",8,1,8,1,7,1,2,1,"","","","","","","","","","","","","","","","","","","","","","","","","","",6000,1,"","",60,1,9,1,"","","","","","","","","","",2,1,270,1,"","","","","","","","","","","","","","","","","","","","","","","","","","","","","","","","","","","","","","","","","","","","","","","","","","","",""
"83069002","PORQUEROLLES",43.,6.226833,135,1981072415,"","","","",10.,1,280,1,"","","","","","","","","","","","","","","","","","","","","","","","","","","","",16.5,1,13.5,1,"","","","","","","","","","","","","","","","","","","","","","","","","","",85,1,"","","","","","","","","","","","",15.9,1,1015.2,1,"","","","","","",6,1,6,1,2,1,0,1,0,1,"","","","","","","","","","","","","","","","","","","","","","","","",15000,1,"","",1,1,6,1,"","","","","","","","","","",3,1,270,1,"","","","","","","","","","","","","","","","","","","","","","","","","","","","","","","","","","","","","","","","","","","","","","","","","","","",""
"83069002","PORQUEROLLES",43.,6.226833,135,1981072418,"","","","",10.,1,260,1,"","","","","","","","","","","","","","","","","","","","","","","","","","","","",18.,1,12.7,1,"","","","","","","","","","","","","","","","","","","","","","","","","","",73,1,"","","","","","","","","","","","",15.1,1,1014.7,1,"","","","","","",2,1,0,1,3,1,0,1,0,1,"","","","","","","","","","","","","","","","","","","","","","","","",30000,1,"","",3,1,1,1,"","","","","","","","","","",3,1,270,1,"","","","","","","","","","","","","","","","","","","","","","","","","","","","","","","","","","","","","","","","","","","","","","","","","","","",""
"83069002","PORQUEROLLES",43.,6.226833,135,1981072421,"","","","",8.,1,280,1,"","","","","","","","","","","","","","","","","","","","","","","","","","","","",17.1,1,13.,1,"","","","","","","","","","","","","","","","","","","","","","","","","","",79,1,"","","","","","","","","","","","",15.4,1,1015.5,1,"","","","","","",0,1,"","",0,1,0,1,0,1,"","","","","","","","","","","","","","","","","","","","","","","","",20000,1,"","",1,1,0,1,"","","","","","","","","","",3,1,270,1,"","","","","","","","","","","","","","","","","","","","","","","","","","","","","","","","","","","","","","","","","","","","","","","","","","","",""
"83069002","PORQUEROLLES",43.,6.226833,135,1981072500,"","","","",13.,1,260,1,"","","","","","","","","","","","","","","","","","","","","","","","","","","","",16.6,1,11.3,1,"","","","","","","","","","","","","","","","","","","","","","","","","","",73,1,"","","","","","","","","","","","",13.7,1,1015.8,1,"","","","","","","","","","","","","","","","","","","","","","","","","","","","","","","","","","","","","","","","","","","","","","","","","","","","","","","","","","","","","","","","","","","","","","","","","","","","","","","","","","","","","","","","","","","","","","","","","","","","","","","","","","","","","","","","","",""
"83069002","PORQUEROLLES",43.,6.226833,135,1981072503,"","","","",9.,1,280,1,"","","","","","","","","","","","","","","","","","","","","","","","","","","","",16.4,1,12.,1,"","","","","","","","","","","","","","","","","","","","","","","","","","",77,1,"","","","","","","","","","","","",14.3,1,1016.6,1,"","","","","","",0,1,"","",0,1,0,1,0,1,"","","","","","","","","","","","","","","","","","","","","","","","",30000,1,"","",0,1,"","","","","","","","","","","","",3,1,270,1,"","","","","","","","","","","","","","","","","","","","","","","","","","","","","","","","","","","","","","","","","","","","","","","","","","","",""
"83069002","PORQUEROLLES",43.,6.226833,135,1981072506,"","","","",13.,1,280,1,"","","","","","","","","","","","","","","","","","","","","","","","","","","","",16.,1,10.1,1,"","","","","","","","","","","","","","","","","","","","","","","","","","",69,1,"","","","","","","","","","","","",12.6,1,1017.6,1,"","","","","","",0,1,"","",0,1,0,1,0,1,"","","","","","","","","","","","","","","","","","","","","","","","",35000,1,"","",2,1,0,1,"","",0,1,"","","","","","",3,1,270,1,"","","","","","","","","","","","","","","","","","","","","","","","","","","","","","","","","","","","","","","","","","","","","","","","","","","",""
"83069002","PORQUEROLLES",43.,6.226833,135,1981072509,"","","","",13.,1,280,1,"","","","","","","","","","","","","","","","","","","","","","","","","","","","",19.5,1,10.,1,"","","","","","","","","","","","","","","","","","","","","","","","","","",55,1,"","","","","","","","","","","","",12.5,1,1018.2,1,"","","","","","",0,1,"","",0,1,0,1,0,1,"","","","","","","","","","","","","","","","","","","","","","","","",35000,1,"","",2,1,0,1,"","","","","","","","","","",3,1,270,1,"","","","","","","","","","","","","","","","","","","","","","","","","","","","","","","","","","","","","","","","","","","","","","","","","","","",""
"83069002","PORQUEROLLES",43.,6.226833,135,1981072512,"","","","",16.,1,280,1,"","","","","","","","","","","","","","","","","","","","","","","","","","","","",20.9,1,10.9,1,"","","","","","","","","","","","","","","","","","","","","","","","","","",54,1,"","","","","","","","","","","","",13.3,1,1018.1,1,"","","","","","",4,1,0,1,0,1,4,1,0,1,"","","","","","","","","","","","","","","","","","","","","","","","",30000,1,"","",3,1,0,1,"","","","","","","","","","",4,1,270,1,"","","","","","","","","","","","","","","","","","","","","","","","","","","","","","","","","","","","","","","","","","","","","","","","","","","",""
"83069002","PORQUEROLLES",43.,6.226833,135,1981072515,"","","","",17.,1,260,1,"","","","","","","","","","","","","","","","","","","","","","","","","","","","",20.8,1,11.4,1,"","","","","","","","","","","","","","","","","","","","","","","","","","",56,1,"","","","","","","","","","","","",13.8,1,1018.1,1,"","","","","","",4,1,0,1,0,1,4,1,0,1,"","","","","","","","","","","","","","","","","","","","","","","","",20000,1,"","",3,1,0,1,"","","","","","","","","","",5,1,270,1,"","","","","","","","","","","","","","","","","","","","","","","","","","","","","","","","","","","","","","","","","","","","","","","","","","","",""
"83069002","PORQUEROLLES",43.,6.226833,135,1981072518,"","","","",11.,1,280,1,"","","","","","","","","","","","","","","","","","","","","","","","","","","","",19.,1,10.4,1,"","","","","","","","","","","","","","","","","","","","","","","","","","",59,1,"","","","","","","","","","","","",12.9,1,1017.6,1,"","","","","","",6,1,6,1,0,1,0,1,6,1,"","","","","","","","","","","","","","","","","","","","","","","","",25000,1,"","",3,1,1,1,"","","","","","","","","","",4,1,270,1,"","","","","","","","","","","","","","","","","","","","","","","","","","","","","","","","","","","","","","","","","","","","","","","","","","","",""
"83069002","PORQUEROLLES",43.,6.226833,135,1981072521,"","","","",13.,1,280,1,"","","","","","","","","","","","","","","","","","","","","","","","","","","","",18.5,1,12.,1,"","","","","","","","","","","","","","","","","","","","","","","","","","",67,1,"","","","","","","","","","","","",14.3,1,1019.7,1,"","","","","","",2,1,0,1,0,1,4,1,0,1,"","","","","","","","","","","","","","","","","","","","","","","","",25000,1,"","",1,1,1,1,"","","","","","","","","","",4,1,270,1,"","","","","","","","","","","","","","","","","","","","","","","","","","","","","","","","","","","","","","","","","","","","","","","","","","","",""
"83069002","PORQUEROLLES",43.,6.226833,135,1981072600,"","","","",10.,1,300,1,"","","","","","","","","","","","","","","","","","","","","","","","","","","","",16.8,1,9.8,1,"","","","","","","","","","","","","","","","","","","","","","","","","","",65,1,"","","","","","","","","","","","",12.4,1,1018.1,1,"","","","","","","","","","","","","","","","","","","","","","","","","","","","","","","","","","","","","","","","","","","","","","","","","","","","","","","","","","","","","","","","","","","","","","","","","","","","","","","","","","","","","","","","","","","","","","","","","","","","","","","","","","","","","","","","","",""
"83069002","PORQUEROLLES",43.,6.226833,135,1981072603,"","","","",7.,1,280,1,"","","","","","","","","","","","","","","","","","","","","","","","","","","","",15.,1,7.8,1,"","","","","","","","","","","","","","","","","","","","","","","","","","",63,1,"","","","","","","","","","","","",10.8,1,1018.8,1,"","","","","","",0,1,"","",0,1,0,1,0,1,"","","","","","","","","","","","","","","","","","","","","","","","",25000,1,"","",0,1,"","","","","","","","","","","","",2,1,"","","","","","","","","","","","","","","","","","","","","","","","","","","","","","","","","","","","","","","","","","","","","","","","","","","","","",""
"83069002","PORQUEROLLES",43.,6.226833,135,1981072606,"","","","",5.,1,320,1,"","","","","","","","","","","","","","","","","","","","","","","","","","","","",15.5,1,7.3,1,"","","","","","","","","","","","","","","","","","","","","","","","","","",59,1,"","","","","","","","","","","","",10.4,1,1019.8,1,"","","","","","",3,1,0,1,0,1,4,1,0,1,"","","","","","","","","","","","","","","","","","","","","","","","",30000,1,"","",3,1,0,1,"","",0,1,"","","","","","",2,1,270,1,"","","","","","","","","","","","","","","","","","","","","","","","","","","","","","","","","","","","","","","","","","","","","","","","","","","",""
"83069002","PORQUEROLLES",43.,6.226833,135,1981072609,"","","","",5.,1,300,1,"","","","","","","","","","","","","","","","","","","","","","","","","","","","",19.,1,9.6,1,"","","","","","","","","","","","","","","","","","","","","","","","","","",55,1,"","","","","","","","","","","","",12.2,1,1020.3,1,"","","","","","",0,1,"","",0,1,0,1,0,1,"","","","","","","","","","","","","","","","","","","","","","","","",35000,1,"","",1,1,0,1,"","","","","","","","","","",3,1,270,1,"","","","","","","","","","","","","","","","","","","","","","","","","","","","","","","","","","","","","","","","","","","","","","","","","","","",""
"83069002","PORQUEROLLES",43.,6.226833,135,1981072612,"","","","",4.,1,280,1,"","","","","","","","","","","","","","","","","","","","","","","","","","","","",23.5,1,9.3,1,"","","","","","","","","","","","","","","","","","","","","","","","","","",41,1,"","","","","","","","","","","","",12.,1,1020.,1,"","","","","","",5,1,5,1,0,1,0,1,6,1,"","","","","","","","","","","","","","","","","","","","","","","","",38000,1,"","",3,1,1,1,"","","","","","","","","","",3,1,270,1,"","","","","","","","","","","","","","","","","","","","","","","","","","","","","","","","","","","","","","","","","","","","","","","","","","","",""
"83069002","PORQUEROLLES",43.,6.226833,135,1981072615,"","","","",7.,1,260,1,"","","","","","","","","","","","","","","","","","","","","","","","","","","","",24.5,1,9.8,1,"","","","","","","","","","","","","","","","","","","","","","","","","","",40,1,"","","","","","","","","","","","",12.4,1,1020.,1,"","","","","","",2,1,0,1,3,1,0,1,0,1,"","","","","","","","","","","","","","","","","","","","","","","","",38000,1,"","",1,1,1,1,"","","","","","","","","","",3,1,270,1,"","","","","","","","","","","","","","","","","","","","","","","","","","","","","","","","","","","","","","","","","","","","","","","","","","","",""
"83069002","PORQUEROLLES",43.,6.226833,135,1981072618,"","","","",6.,1,240,1,"","","","","","","","","","","","","","","","","","","","","","","","","","","","",22.,1,10.4,1,"","","","","","","","","","","","","","","","","","","","","","","","","","",49,1,"","","","","","","","","","","","",12.9,1,1019.4,1,"","","","","","",0,1,"","",0,1,0,1,0,1,"","","","","","","","","","","","","","","","","","","","","","","","",38000,1,"","",1,1,0,1,"","","","","","","","","","",3,1,270,1,"","","","","","","","","","","","","","","","","","","","","","","","","","","","","","","","","","","","","","","","","","","","","","","","","","","",""
"83069002","PORQUEROLLES",43.,6.226833,135,1981072621,"","","","",6.,1,340,1,"","","","","","","","","","","","","","","","","","","","","","","","","","","","",19.5,1,10.4,1,"","","","","","","","","","","","","","","","","","","","","","","","","","",57,1,"","","","","","","","","","","","",12.9,1,1020.1,1,"","","","","","",0,1,"","",0,1,0,1,0,1,"","","","","","","","","","","","","","","","","","","","","","","","",38000,1,"","",2,1,0,1,"","","","","","","","","","",3,1,270,1,"","","","","","","","","","","","","","","","","","","","","","","","","","","","","","","","","","","","","","","","","","","","","","","","","","","",""
"83069002","PORQUEROLLES",43.,6.226833,135,1981072700,"","","","",5.,1,360,1,"","","","","","","","","","","","","","","","","","","","","","","","","","","","",17.6,1,9.3,1,"","","","","","","","","","","","","","","","","","","","","","","","","","",59,1,"","","","","","","","","","","","",11.9,1,1020.7,1,"","","","","","","","","","","","","","","","","","","","","","","","","","","","","","","","","","","","","","","","","","","","","","","","","","","","","","","","","","","","","","","","","","","","","","","","","","","","","","","","","","","","","","","","","","","","","","","","","","","","","","","","","","","","","","","","","",""
"83069002","PORQUEROLLES",43.,6.226833,135,1981072703,"","","","",6.,1,360,1,"","","","","","","","","","","","","","","","","","","","","","","","","","","","",16.5,1,8.5,1,"","","","","","","","","","","","","","","","","","","","","","","","","","",60,1,"","","","","","","","","","","","",11.3,1,1020.3,1,"","","","","","",0,1,"","",0,1,0,1,0,1,"","","","","","","","","","","","","","","","","","","","","","","","",22000,1,"","",0,1,"","","","","","","","","","","","",2,1,0,1,"","","","","","","","","","","","","","","","","","","","","","","","","","","","","","","","","","","","","","","","","","","","","","","","","","","",""
"83069002","PORQUEROLLES",43.,6.226833,135,1981072706,"","","","",4.,1,360,1,"","","","","","","","","","","","","","","","","","","","","","","","","","","","",17.,1,9.6,1,"","","","","","","","","","","","","","","","","","","","","","","","","","",63,1,"","","","","","","","","","","","",12.2,1,1020.3,1,"","","","","","",0,1,"","",0,1,0,1,0,1,"","","","","","","","","","","","","","","","","","","","","","","","",25000,1,"","",0,1,0,1,"","",0,1,"","","","","","",2,1,0,1,"","","","","","","","","","","","","","","","","","","","","","","","","","","","","","","","","","","","","","","","","","","","","","","","","","","",""
"83069002","PORQUEROLLES",43.,6.226833,135,1981072709,"","","","",2.,1,300,1,"","","","","","","","","","","","","","","","","","","","","","","","","","","","",21.9,1,10.,1,"","","","","","","","","","","","","","","","","","","","","","","","","","",48,1,"","","","","","","","","","","","",12.5,1,1020.,1,"","","","","","",0,1,"","",0,1,0,1,0,1,"","","","","","","","","","","","","","","","","","","","","","","","",30000,1,"","",2,1,0,1,"","","","","","","","","","",2,1,0,1,"","","","","","","","","","","","","","","","","","","","","","","","","","","","","","","","","","","","","","","","","","","","","","","","","","","",""
"83069002","PORQUEROLLES",43.,6.226833,135,1981072712,"","","","",6.,1,260,1,"","","","","","","","","","","","","","","","","","","","","","","","","","","","",22.9,1,10.2,1,"","","","","","","","","","","","","","","","","","","","","","","","","","",45,1,"","","","","","","","","","","","",12.7,1,1018.8,1,"","","","","","",0,1,"","",0,1,0,1,0,1,"","","","","","","","","","","","","","","","","","","","","","","","",30000,1,"","",2,1,0,1,"","","","","","","","","","",2,1,0,1,"","","","","","","","","","","","","","","","","","","","","","","","","","","","","","","","","","","","","","","","","","","","","","","","","","","",""
"83069002","PORQUEROLLES",43.,6.226833,135,1981072715,"","","","",5.,1,220,1,"","","","","","","","","","","","","","","","","","","","","","","","","","","","",23.4,1,16.,1,"","","","","","","","","","","","","","","","","","","","","","","","","","",65,1,"","","","","","","","","","","","",18.7,1,1016.5,1,"","","","","","",3,1,0,1,1,1,4,1,4,1,"","","","","","","","","","","","","","","","","","","","","","","","",30000,1,"","",3,1,0,1,"","","","","","","","","","",2,1,0,1,"","","","","","","","","","","","","","","","","","","","","","","","","","","","","","","","","","","","","","","","","","","","","","","","","","","",""
"83069002","PORQUEROLLES",43.,6.226833,135,1981072718,"","","","",4.,1,280,1,"","","","","","","","","","","","","","","","","","","","","","","","","","","","",24.,1,15.4,1,"","","","","","","","","","","","","","","","","","","","","","","","","","",61,1,"","","","","","","","","","","","",18.,1,1014.4,1,"","","","","","",0,1,"","",0,1,0,1,0,1,"","","","","","","","","","","","","","","","","","","","","","","","",28000,1,"","",1,1,0,1,"","","","","","","","","","",3,1,270,1,"","","","","","","","","","","","","","","","","","","","","","","","","","","","","","","","","","","","","","","","","","","","","","","","","","","",""
"83069002","PORQUEROLLES",43.,6.226833,135,1981072721,"","","","",5.,1,80,1,"","","","","","","","","","","","","","","","","","","","","","","","","","","","",18.9,1,15.7,1,"","","","","","","","","","","","","","","","","","","","","","","","","","",84,1,"","","","","","","","","","","","",18.3,1,1015.3,1,"","","","","","",0,1,"","",0,1,0,1,0,1,"","","","","","","","","","","","","","","","","","","","","","","","",25000,1,"","",2,1,0,1,"","","","","","","","","","",2,1,0,1,"","","","","","","","","","","","","","","","","","","","","","","","","","","","","","","","","","","","","","","","","","","","","","","","","","","",""
"83069002","PORQUEROLLES",43.,6.226833,135,1981072800,"","","","",3.,1,60,1,"","","","","","","","","","","","","","","","","","","","","","","","","","","","",18.3,1,16.1,1,"","","","","","","","","","","","","","","","","","","","","","","","","","","","","","","","","","","","","","","","",18.9,1,1015.3,1,"","","","","","","","","","","","","","","","","","","","","","","","","","","","","","","","","","","","","","","","","","","","","","","","","","","","","","","","","","","","","","","","","","","","","","","","","","","","","","","","","","","","","","","","","","","","","","","","","","","","","","","","","","","","","","","","","",""
"83069002","PORQUEROLLES",43.,6.226833,135,1981072803,"","","","",2.,1,20,1,"","","","","","","","","","","","","","","","","","","","","","","","","","","","",18.1,1,13.2,1,"","","","","","","","","","","","","","","","","","","","","","","","","","",75,1,"","","","","","","","","","","","",15.6,1,1015.3,1,"","","","","","",1,1,0,1,0,1,4,1,0,1,"","","","","","","","","","","","","","","","","","","","","","","","",30000,1,"","",0,1,"","","","","","","","","","","","",2,1,0,1,"","","","","","","","","","","","","","","","","","","","","","","","","","","","","","","","","","","","","","","","","","","","","","","","","","","",""
"83069002","PORQUEROLLES",43.,6.226833,135,1981072806,"","","","",1.,1,100,1,"","","","","","","","","","","","","","","","","","","","","","","","","","","","",18.5,1,15.2,1,"","","","","","","","","","","","","","","","","","","","","","","","","","",84,1,"","","","","","","","","","","","",17.8,1,1015.8,1,"","","","","","",4,1,0,1,0,1,0,1,4,1,"","","","","","","","","","","","","","","","","","","","","","","","",18000,1,"","",3,1,1,1,"","",0,1,"","","","","","",2,1,0,1,"","","","","","","","","","","","","","","","","","","","","","","","","","","","","","","","","","","","","","","","","","","","","","","","","","","",""
"83069002","PORQUEROLLES",43.,6.226833,135,1981072809,"","","","",3.,1,120,1,"","","","","","","","","","","","","","","","","","","","","","","","","","","","",22.,1,16.8,1,"","","","","","","","","","","","","","","","","","","","","","","","","","",75,1,"","","","","","","","","","","","",19.8,1,1016.,1,"","","","","","",0,1,"","",0,1,0,1,0,1,"","","","","","","","","","","","","","","","","","","","","","","","",18000,1,"","",1,1,0,1,"","","","","","","","","","",2,1,0,1,"","","","","","","","","","","","","","","","","","","","","","","","","","","","","","","","","","","","","","","","","","","","","","","","","","","",""
"83069002","PORQUEROLLES",43.,6.226833,135,1981072812,"","","","",4.,1,200,1,"","","","","","","","","","","","","","","","","","","","","","","","","","","","",22.5,1,15.1,1,"","","","","","","","","","","","","","","","","","","","","","","","","","",65,1,"","","","","","","","","","","","",17.7,1,1015.9,1,"","","","","","",0,1,"","",0,1,0,1,0,1,"","","","","","","","","","","","","","","","","","","","","","","","",15000,1,"","",2,1,0,1,"","","","","","","","","","",2,1,0,1,"","","","","","","","","","","","","","","","","","","","","","","","","","","","","","","","","","","","","","","","","","","","","","","","","","","",""
"83069002","PORQUEROLLES",43.,6.226833,135,1981072815,"","","","",5.,1,220,1,"","","","","","","","","","","","","","","","","","","","","","","","","","","","",24.3,1,14.6,1,"","","","","","","","","","","","","","","","","","","","","","","","","","",56,1,"","","","","","","","","","","","",17.1,1,1015.6,1,"","","","","","",0,1,"","",0,1,0,1,0,1,"","","","","","","","","","","","","","","","","","","","","","","","",15000,1,"","",2,1,0,1,"","","","","","","","","","",2,1,0,1,"","","","","","","","","","","","","","","","","","","","","","","","","","","","","","","","","","","","","","","","","","","","","","","","","","","",""
"83069002","PORQUEROLLES",43.,6.226833,135,1981072818,"","","","",3.,1,220,1,"","","","","","","","","","","","","","","","","","","","","","","","","","","","",22.4,1,14.,1,"","","","","","","","","","","","","","","","","","","","","","","","","","",61,1,"","","","","","","","","","","","",16.5,1,1015.3,1,"","","","","","",0,1,"","",0,1,0,1,0,1,"","","","","","","","","","","","","","","","","","","","","","","","",28000,1,"","",2,1,0,1,"","","","","","","","","","",2,1,0,1,"","","","","","","","","","","","","","","","","","","","","","","","","","","","","","","","","","","","","","","","","","","","","","","","","","","",""
"83069002","PORQUEROLLES",43.,6.226833,135,1981072821,"","","","",5.,1,260,1,"","","","","","","","","","","","","","","","","","","","","","","","","","","","",18.5,1,16.,1,"","","","","","","","","","","","","","","","","","","","","","","","","","",88,1,"","","","","","","","","","","","",18.8,1,1016.,1,"","","","","","",0,1,"","",0,1,0,1,0,1,"","","","","","","","","","","","","","","","","","","","","","","","",25000,1,"","",2,1,0,1,"","","","","","","","","","",2,1,0,1,"","","","","","","","","","","","","","","","","","","","","","","","","","","","","","","","","","","","","","","","","","","","","","","","","","","",""
"83069002","PORQUEROLLES",43.,6.226833,135,1981072900,"","","","",2.,1,160,1,"","","","","","","","","","","","","","","","","","","","","","","","","","","","",18.1,1,16.1,1,"","","","","","","","","","","","","","","","","","","","","","","","","","",91,1,"","","","","","","","","","","","",18.9,1,1015.2,1,"","","","","","","","","","","","","","","","","","","","","","","","","","","","","","","","","","","","","","","","","","","","","","","","","","","","","","","","","","","","","","","","","","","","","","","","","","","","","","","","","","","","","","","","","","","","","","","","","","","","","","","","","","","","","","","","","",""
"83069002","PORQUEROLLES",43.,6.226833,135,1981072903,"","","","",2.,1,220,1,"","","","","","","","","","","","","","","","","","","","","","","","","","","","",18.1,1,17.,1,"","","","","","","","","","","","","","","","","","","","","","","","","","",97,1,"","","","","","","","","","","","",20.1,1,1015.6,1,"","","","","","",0,1,"","",0,1,0,1,0,1,"","","","","","","","","","","","","","","","","","","","","","","","",25000,1,"","",0,1,"","","","","","","","","","","","",2,1,0,1,"","","","","","","","","","","","","","","","","","","","","","","","","","","","","","","","","","","","","","","","","","","","","","","","","","","",""
"83069002","PORQUEROLLES",43.,6.226833,135,1981072906,"","","","",2.,1,120,1,"","","","","","","","","","","","","","","","","","","","","","","","","","","","",18.1,1,16.6,1,"","","","","","","","","","","","","","","","","","","","","","","","","","",96,1,"","","","","","","","","","","","",19.5,1,1016.5,1,"","","","","","",0,1,"","",0,1,0,1,0,1,"","","","","","","","","","","","","","","","","","","","","","","","",10000,1,"","",2,1,0,1,"","",0,1,"","","","","","",2,1,0,1,"","","","","","","","","","","","","","","","","","","","","","","","","","","","","","","","","","","","","","","","","","","","","","","","","","","",""
"83069002","PORQUEROLLES",43.,6.226833,135,1981072909,"","","","",3.,1,160,1,"","","","","","","","","","","","","","","","","","","","","","","","","","","","",21.,1,17.3,1,"","","","","","","","","","","","","","","","","","","","","","","","","","",82,1,"","","","","","","","","","","","",20.4,1,1018.,1,"","","","","","",0,1,"","",0,1,0,1,0,1,"","","","","","","","","","","","","","","","","","","","","","","","",10000,1,"","",2,1,0,1,"","","","","","","","","","",2,1,0,1,"","","","","","","","","","","","","","","","","","","","","","","","","","","","","","","","","","","","","","","","","","","","","","","","","","","",""
"83069002","PORQUEROLLES",43.,6.226833,135,1981072912,"","","","",4.,1,160,1,"","","","","","","","","","","","","","","","","","","","","","","","","","","","",24.,1,18.8,1,"","","","","","","","","","","","","","","","","","","","","","","","","","",75,1,"","","","","","","","","","","","",22.5,1,1017.7,1,"","","","","","",0,1,"","",0,1,0,1,0,1,"","","","","","","","","","","","","","","","","","","","","","","","",10000,1,"","",2,1,0,1,"","","","","","","","","","",2,1,0,1,"","","","","","","","","","","","","","","","","","","","","","","","","","","","","","","","","","","","","","","","","","","","","","","","","","","",""
"83069002","PORQUEROLLES",43.,6.226833,135,1981072915,"","","","",3.,1,200,1,"","","","","","","","","","","","","","","","","","","","","","","","","","","","",23.,1,16.9,1,"","","","","","","","","","","","","","","","","","","","","","","","","","",70,1,"","","","","","","","","","","","",19.9,1,1017.8,1,"","","","","","",0,1,"","",0,1,0,1,0,1,"","","","","","","","","","","","","","","","","","","","","","","","",10000,1,"","",2,1,0,1,"","","","","","","","","","",2,1,0,1,"","","","","","","","","","","","","","","","","","","","","","","","","","","","","","","","","","","","","","","","","","","","","","","","","","","",""
"83069002","PORQUEROLLES",43.,6.226833,135,1981072918,"","","","",4.,1,220,1,"","","","","","","","","","","","","","","","","","","","","","","","","","","","",20.,1,17.9,1,"","","","","","","","","","","","","","","","","","","","","","","","","","",90,1,"","","","","","","","","","","","",21.2,1,1018.,1,"","","","","","",6,1,6,1,5,1,0,1,0,1,"","","","","","","","","","","","","","","","","","","","","","","","",6000,1,"","",3,1,1,1,"","","","","","","","","","",2,1,0,1,"","","","","","","","","","","","","","","","","","","","","","","","","","","","","","","","","","","","","","","","","","","","","","","","","","","",""
"83069002","PORQUEROLLES",43.,6.226833,135,1981072921,"","","","",3.,1,220,1,"","","","","","","","","","","","","","","","","","","","","","","","","","","","",18.,1,15.8,1,"","","","","","","","","","","","","","","","","","","","","","","","","","",90,1,"","","","","","","","","","","","",18.6,1,1019.4,1,"","","","","","",6,1,6,1,5,1,0,1,0,1,"","","","","","","","","","","","","","","","","","","","","","","","",6000,1,"","",2,1,1,1,"","","","","","","","","","",2,1,0,1,"","","","","","","","","","","","","","","","","","","","","","","","","","","","","","","","","","","","","","","","","","","","","","","","","","","",""
"83069002","PORQUEROLLES",43.,6.226833,135,1981073000,"","","","",3.,1,280,1,"","","","","","","","","","","","","","","","","","","","","","","","","","","","",18.5,1,17.2,1,"","","","","","","","","","","","","","","","","","","","","","","","","","",95,1,"","","","","","","","","","","","",20.2,1,1019.6,1,"","","","","","","","","","","","","","","","","","","","","","","","","","","","","","","","","","","","","","","","","","","","","","","","","","","","","","","","","","","","","","","","","","","","","","","","","","","","","","","","","","","","","","","","","","","","","","","","","","","","","","","","","","","","","","","","","",""
"83069002","PORQUEROLLES",43.,6.226833,135,1981073003,"","","","",2.,1,240,1,"","","","","","","","","","","","","","","","","","","","","","","","","","","","",18.,1,15.9,1,"","","","","","","","","","","","","","","","","","","","","","","","","","",90,1,"","","","","","","","","","","","",18.6,1,1019.6,1,"","","","","","",0,1,"","",0,1,0,1,0,1,"","","","","","","","","","","","","","","","","","","","","","","","",6000,1,"","",0,1,"","","","","","","","","","","","",2,1,0,1,"","","","","","","","","","","","","","","","","","","","","","","","","","","","","","","","","","","","","","","","","","","","","","","","","","","",""
"83069002","PORQUEROLLES",43.,6.226833,135,1981073006,"","","","",2.,1,180,1,"","","","","","","","","","","","","","","","","","","","","","","","","","","","",18.,1,16.7,1,"","","","","","","","","","","","","","","","","","","","","","","","","","",95,1,"","","","","","","","","","","","",19.6,1,1020.3,1,"","","","","","",0,1,"","",0,1,0,1,0,1,"","","","","","","","","","","","","","","","","","","","","","","","",4000,1,"","",10,1,4,1,"","",0,1,"","","","","","",2,1,0,1,"","","","","","","","","","","","","","","","","","","","","","","","","","","","","","","","","","","","","","","","","","","","","","","","","","","",""
"83069002","PORQUEROLLES",43.,6.226833,135,1981073009,"","","","",2.,1,120,1,"","","","","","","","","","","","","","","","","","","","","","","","","","","","",21.9,1,17.6,1,"","","","","","","","","","","","","","","","","","","","","","","","","","",79,1,"","","","","","","","","","","","",20.8,1,1021.2,1,"","","","","","",3,1,0,1,1,1,0,1,0,1,"","","","","","","","","","","","","","","","","","","","","","","","",5000,1,"","",3,1,0,1,"","","","","","","","","","",2,1,0,1,"","","","","","","","","","","","","","","","","","","","","","","","","","","","","","","","","","","","","","","","","","","","","","","","","","","",""
"83069002","PORQUEROLLES",43.,6.226833,135,1981073012,"","","","",4.,1,160,1,"","","","","","","","","","","","","","","","","","","","","","","","","","","","",23.1,1,18.6,1,"","","","","","","","","","","","","","","","","","","","","","","","","","",78,1,"","","","","","","","","","","","",22.1,1,1021.,1,"","","","","","",2,1,0,1,1,1,0,1,0,1,"","","","","","","","","","","","","","","","","","","","","","","","",10000,1,"","",2,1,0,1,"","","","","","","","","","",2,1,0,1,"","","","","","","","","","","","","","","","","","","","","","","","","","","","","","","","","","","","","","","","","","","","","","","","","","","",""
"83069002","PORQUEROLLES",43.,6.226833,135,1981073015,"","","","",6.,1,220,1,"","","","","","","","","","","","","","","","","","","","","","","","","","","","",23.,1,20.9,1,"","","","","","","","","","","","","","","","","","","","","","","","","","",93,1,"","","","","","","","","","","","",25.7,1,1020.8,1,"","","","","","",0,1,"","",0,1,0,1,0,1,"","","","","","","","","","","","","","","","","","","","","","","","",10000,1,"","",2,1,0,1,"","","","","","","","","","",2,1,0,1,"","","","","","","","","","","","","","","","","","","","","","","","","","","","","","","","","","","","","","","","","","","","","","","","","","","",""
"83069002","PORQUEROLLES",43.,6.226833,135,1981073018,"","","","",5.,1,240,1,"","","","","","","","","","","","","","","","","","","","","","","","","","","","",20.8,1,18.7,1,"","","","","","","","","","","","","","","","","","","","","","","","","","",91,1,"","","","","","","","","","","","",22.3,1,1020.,1,"","","","","","",0,1,"","",0,1,0,1,0,1,"","","","","","","","","","","","","","","","","","","","","","","","",6000,1,"","",2,1,0,1,"","","","","","","","","","",2,1,0,1,"","","","","","","","","","","","","","","","","","","","","","","","","","","","","","","","","","","","","","","","","","","","","","","","","","","",""
"83069002","PORQUEROLLES",43.,6.226833,135,1981073021,"","","","",4.,1,260,1,"","","","","","","","","","","","","","","","","","","","","","","","","","","","",19.1,1,19.1,1,"","","","","","","","","","","","","","","","","","","","","","","","","","",100,1,"","","","","","","","","","","","",22.1,1,1021.1,1,"","","","","","",0,1,"","",0,1,0,1,0,1,"","","","","","","","","","","","","","","","","","","","","","","","",3000,1,"","",10,1,0,1,"","","","","","","","","","",2,1,0,1,"","","","","","","","","","","","","","","","","","","","","","","","","","","","","","","","","","","","","","","","","","","","","","","","","","","",""
"83069002","PORQUEROLLES",43.,6.226833,135,1981073100,"","","","",3.,1,220,1,"","","","","","","","","","","","","","","","","","","","","","","","","","","","",18.9,1,18.9,1,"","","","","","","","","","","","","","","","","","","","","","","","","","",100,1,"","","","","","","","","","","","",21.9,1,1020.4,1,"","","","","","","","","","","","","","","","","","","","","","","","","","","","","","","","","","","","","","","","","","","","","","","","","","","","","","","","","","","","","","","","","","","","","","","","","","","","","","","","","","","","","","","","","","","","","","","","","","","","","","","","","","","","","","","","","",""
"83069002","PORQUEROLLES",43.,6.226833,135,1981073103,"","","","",2.,1,60,1,"","","","","","","","","","","","","","","","","","","","","","","","","","","","",18.5,1,18.5,1,"","","","","","","","","","","","","","","","","","","","","","","","","","",100,1,"","","","","","","","","","","","",21.3,1,1019.4,1,"","","","","","",8,1,8,1,6,1,"","","","","","","","","","","","","","","","","","","","","","","","","","","","",5000,1,"","",0,1,"","","","","","","","","","","","",2,1,0,1,"","","","","","","","","","","","","","","","","","","","","","","","","","","","","","","","","","","","","","","","","","","","","","","","","","","",""
"83069002","PORQUEROLLES",43.,6.226833,135,1981073106,"","","","",5.,1,80,1,"","","","","","","","","","","","","","","","","","","","","","","","","","","","",18.8,1,18.8,1,"","","","","","","","","","","","","","","","","","","","","","","","","","",100,1,"","","","","","","","","","","","",21.7,1,1019.6,1,"","","","","","",8,1,8,1,6,1,"","","","","","","","","","","","","","","","","","","","","","","","","","","","",6000,1,"","",2,1,2,1,"","",0,1,"","","","","","",2,1,0,1,"","","","","","","","","","","","","","","","","","","","","","","","","","","","","","","","","","","","","","","","","","","","","","","","","","","",""
"83069002","PORQUEROLLES",43.,6.226833,135,1981073109,"","","","",6.,1,100,1,"","","","","","","","","","","","","","","","","","","","","","","","","","","","",23.,1,19.3,1,"","","","","","","","","","","","","","","","","","","","","","","","","","",83,1,"","","","","","","","","","","","",23.3,1,1019.5,1,"","","","","","",5,1,5,1,6,1,0,1,0,1,"","","","","","","","","","","","","","","","","","","","","","","","",6000,1,"","",1,1,2,1,"","","","","","","","","","",2,1,0,1,"","","","","","","","","","","","","","","","","","","","","","","","","","","","","","","","","","","","","","","","","","","","","","","","","","","",""
"83069002","PORQUEROLLES",43.,6.226833,135,1981073112,"","","","",7.,1,120,1,"","","","","","","","","","","","","","","","","","","","","","","","","","","","",25.9,1,19.9,1,"","","","","","","","","","","","","","","","","","","","","","","","","","",72,1,"","","","","","","","","","","","",24.1,1,1019.3,1,"","","","","","",1,1,0,1,6,1,0,1,0,1,"","","","","","","","","","","","","","","","","","","","","","","","",6000,1,"","",1,1,1,1,"","","","","","","","","","",2,1,0,1,"","","","","","","","","","","","","","","","","","","","","","","","","","","","","","","","","","","","","","","","","","","","","","","","","","","",""
"83069002","PORQUEROLLES",43.,6.226833,135,1981073115,"","","","",5.,1,120,1,"","","","","","","","","","","","","","","","","","","","","","","","","","","","",24.7,1,19.9,1,"","","","","","","","","","","","","","","","","","","","","","","","","","",77,1,"","","","","","","","","","","","",24.1,1,1017.9,1,"","","","","","",0,1,"","",0,1,0,1,0,1,"","","","","","","","","","","","","","","","","","","","","","","","",12000,1,"","",1,1,0,1,"","","","","","","","","","",2,1,0,1,"","","","","","","","","","","","","","","","","","","","","","","","","","","","","","","","","","","","","","","","","","","","","","","","","","","",""
"83069002","PORQUEROLLES",43.,6.226833,135,1981073118,"","","","",3.,1,120,1,"","","","","","","","","","","","","","","","","","","","","","","","","","","","",21.8,1,19.1,1,"","","","","","","","","","","","","","","","","","","","","","","","","","",87,1,"","","","","","","","","","","","",22.9,1,1017.2,1,"","","","","","",0,1,"","",0,1,0,1,0,1,"","","","","","","","","","","","","","","","","","","","","","","","",12000,1,"","",2,1,0,1,"","","","","","","","","","",2,1,0,1,"","","","","","","","","","","","","","","","","","","","","","","","","","","","","","","","","","","","","","","","","","","","","","","","","","","",""
"83069002","PORQUEROLLES",43.,6.226833,135,1981073121,"","","","",7.,1,80,1,"","","","","","","","","","","","","","","","","","","","","","","","","","","","",19.3,1,17.9,1,"","","","","","","","","","","","","","","","","","","","","","","","","","",95,1,"","","","","","","","","","","","",21.3,1,1017.3,1,"","","","","","",0,1,"","",0,1,0,1,0,1,"","","","","","","","","","","","","","","","","","","","","","","","",12000,1,"","",2,1,0,1,"","","","","","","","","","",2,1,0,1,"","","","","","","","","","","","","","","","","","","","","","","","","","","","","","","","","","","","","","","","","","","","","","","","","","","",""
"83069002","PORQUEROLLES",43.,6.226833,135,1981080100,"","","","",7.,1,60,1,"","","","","","","","","","","","","","","","","","","","","","","","","","","","",18.6,1,17.5,1,"","","","","","","","","","","","","","","","","","","","","","","","","","",97,1,"","","","","","","","","","","","",20.7,1,1016.8,1,"","","","","","","","","","","","","","","","","","","","","","","","","","","","","","","","","","","","","","","","","","","","","","","","","","","","","","","","","","","","","","","","","","","","","","","","","","","","","","","","","","","","","","","","","","","","","","","","","","","","","","","","","","","","","","","","","",""
"83069002","PORQUEROLLES",43.,6.226833,135,1981080103,"","","","",9.,1,60,1,"","","","","","","","","","","","","","","","","","","","","","","","","","","","",18.7,1,17.8,1,"","","","","","","","","","","","","","","","","","","","","","","","","","",98,1,"","","","","","","","","","","","",21.1,1,1015.8,1,"","","","","","",2,1,0,1,6,1,0,1,0,1,"","","","","","","","","","","","","","","","","","","","","","","","",6000,1,"","",0,1,"","","","","","","","","","","","",3,1,90,1,"","","","","","","","","","","","","","","","","","","","","","","","","","","","","","","","","","","","","","","","","","","","","","","","","","","",""
"83069002","PORQUEROLLES",43.,6.226833,135,1981080106,"","","","",9.,1,60,1,"","","","","","","","","","","","","","","","","","","","","","","","","","","","",19.3,1,18.2,1,"","","","","","","","","","","","","","","","","","","","","","","","","","",97,1,"","","","","","","","","","","","",21.7,1,1015.7,1,"","","","","","",1,1,0,1,0,1,5,1,0,1,"","","","","","","","","","","","","","","","","","","","","","","","",4000,1,"","",10,1,0,1,"","",0,1,"","","","","","",3,1,90,1,"","","","","","","","","","","","","","","","","","","","","","","","","","","","","","","","","","","","","","","","","","","","","","","","","","","",""
"83069002","PORQUEROLLES",43.,6.226833,135,1981080109,"","","","",11.,1,60,1,"","","","","","","","","","","","","","","","","","","","","","","","","","","","",24.,1,20.3,1,"","","","","","","","","","","","","","","","","","","","","","","","","","",83,1,"","","","","","","","","","","","",24.8,1,1015.8,1,"","","","","","",0,1,"","",0,1,0,1,0,1,"","","","","","","","","","","","","","","","","","","","","","","","",4000,1,"","",10,1,0,1,"","","","","","","","","","",3,1,90,1,"","","","","","","","","","","","","","","","","","","","","","","","","","","","","","","","","","","","","","","","","","","","","","","","","","","",""
"83069002","PORQUEROLLES",43.,6.226833,135,1981080112,"","","","",14.,1,80,1,"","","","","","","","","","","","","","","","","","","","","","","","","","","","",27.,1,20.4,1,"","","","","","","","","","","","","","","","","","","","","","","","","","",70,1,"","","","","","","","","","","","",25.,1,1014.7,1,"","","","","","",0,1,"","",0,1,0,1,0,1,"","","","","","","","","","","","","","","","","","","","","","","","",4000,1,"","",10,1,0,1,"","","","","","","","","","",3,1,90,1,"","","","","","","","","","","","","","","","","","","","","","","","","","","","","","","","","","","","","","","","","","","","","","","","","","","",""
"83069002","PORQUEROLLES",43.,6.226833,135,1981080115,"","","","",14.,1,80,1,"","","","","","","","","","","","","","","","","","","","","","","","","","","","",26.,1,20.9,1,"","","","","","","","","","","","","","","","","","","","","","","","","","",76,1,"","","","","","","","","","","","",25.7,1,1014.,1,"","","","","","",0,1,"","",0,1,0,1,0,1,"","","","","","","","","","","","","","","","","","","","","","","","",6000,1,"","",2,1,0,1,"","","","","","","","","","",3,1,90,1,"","","","","","","","","","","","","","","","","","","","","","","","","","","","","","","","","","","","","","","","","","","","","","","","","","","",""
"83069002","PORQUEROLLES",43.,6.226833,135,1981080118,"","","","",14.,1,80,1,"","","","","","","","","","","","","","","","","","","","","","","","","","","","",23.,1,19.3,1,"","","","","","","","","","","","","","","","","","","","","","","","","","",82,1,"","","","","","","","","","","","",23.3,1,1014.2,1,"","","","","","",3,1,0,1,0,1,0,1,1,1,"","","","","","","","","","","","","","","","","","","","","","","","",6000,1,"","",3,1,0,1,"","","","","","","","","","",3,1,90,1,"","","","","","","","","","","","","","","","","","","","","","","","","","","","","","","","","","","","","","","","","","","","","","","","","","","",""
"83069002","PORQUEROLLES",43.,6.226833,135,1981080121,"","","","",11.,1,60,1,"","","","","","","","","","","","","","","","","","","","","","","","","","","","",20.5,1,18.4,1,"","","","","","","","","","","","","","","","","","","","","","","","","","",90,1,"","","","","","","","","","","","",21.9,1,1015.3,1,"","","","","","",3,1,0,1,0,1,0,1,1,1,"","","","","","","","","","","","","","","","","","","","","","","","",6000,1,"","",2,1,0,1,"","","","","","","","","","",3,1,90,1,"","","","","","","","","","","","","","","","","","","","","","","","","","","","","","","","","","","","","","","","","","","","","","","","","","","",""
"83069002","PORQUEROLLES",43.,6.226833,135,1981080200,"","","","",10.,1,60,1,"","","","","","","","","","","","","","","","","","","","","","","","","","","","",21.5,1,15.1,1,"","","","","","","","","","","","","","","","","","","","","","","","","","",69,1,"","","","","","","","","","","","",17.7,1,1015.4,1,"","","","","","","","","","","","","","","","","","","","","","","","","","","","","","","","","","","","","","","","","","","","","","","","","","","","","","","","","","","","","","","","","","","","","","","","","","","","","","","","","","","","","","","","","","","","","","","","","","","","","","","","","","","","","","","","","",""
"83069002","PORQUEROLLES",43.,6.226833,135,1981080203,"","","","",8.,1,80,1,"","","","","","","","","","","","","","","","","","","","","","","","","","","","",21.,1,15.5,1,"","","","","","","","","","","","","","","","","","","","","","","","","","",74,1,"","","","","","","","","","","","",18.2,1,1015.4,1,"","","","","","",0,1,"","",0,1,0,1,0,1,"","","","","","","","","","","","","","","","","","","","","","","","",6000,1,"","",0,1,"","","","","","","","","","","","",3,1,90,1,"","","","","","","","","","","","","","","","","","","","","","","","","","","","","","","","","","","","","","","","","","","","","","","","","","","",""
"83069002","PORQUEROLLES",43.,6.226833,135,1981080206,"","","","",13.,1,60,1,"","","","","","","","","","","","","","","","","","","","","","","","","","","","",21.5,1,17.5,1,"","","","","","","","","","","","","","","","","","","","","","","","","","",81,1,"","","","","","","","","","","","",20.7,1,1015.7,1,"","","","","","",5,1,5,1,0,1,0,1,8,1,"","","","","","","","","","","","","","","","","","","","","","","","",10000,1,"","",3,1,1,1,"","",0,1,"","","","","","",3,1,90,1,"","","","","","","","","","","","","","","","","","","","","","","","","","","","","","","","","","","","","","","","","","","","","","","","","","","",""
"83069002","PORQUEROLLES",43.,6.226833,135,1981080209,"","","","",12.,1,80,1,"","","","","","","","","","","","","","","","","","","","","","","","","","","","",22.4,1,18.7,1,"","","","","","","","","","","","","","","","","","","","","","","","","","",83,1,"","","","","","","","","","","","",22.4,1,1017.,1,"","","","","","",8,1,8,1,5,1,"","","","","","","","","","","","","","","","","","","","","","","","","","","","",10000,1,"","",3,1,8,1,"","","","","","","","","","",3,1,90,1,"","","","","","","","","","","","","","","","","","","","","","","","","","","","","","","","","","","","","","","","","","","","","","","","","","","",""
"83069002","PORQUEROLLES",43.,6.226833,135,1981080212,"","","","",15.,1,60,1,"","","","","","","","","","","","","","","","","","","","","","","","","","","","",22.5,1,19.6,1,"","","","","","","","","","","","","","","","","","","","","","","","","","",87,1,"","","","","","","","","","","","",23.7,1,1016.9,1,"","","","","","",7,1,7,1,5,1,2,1,0,1,"","","","","","","","","","","","","","","","","","","","","","","","",10000,1,"","",25,1,8,1,"","","","","","","","","","",4,1,90,1,"","","","","","","","","","","","","","","","","","","","","","","","","","","","","","","","","","","","","","","","","","","","","","","","","","","",""
"83069002","PORQUEROLLES",43.,6.226833,135,1981080215,"","","","",14.,1,60,1,"","","","","","","","","","","","","","","","","","","","","","","","","","","","",26.7,1,19.7,1,"","","","","","","","","","","","","","","","","","","","","","","","","","",68,1,"","","","","","","","","","","","",23.9,1,1017.8,1,"","","","","","",4,1,0,1,0,1,7,1,0,1,"","","","","","","","","","","","","","","","","","","","","","","","",15000,1,"","",1,1,2,1,"","","","","","","","","","",4,1,90,1,"","","","","","","","","","","","","","","","","","","","","","","","","","","","","","","","","","","","","","","","","","","","","","","","","","","",""
"83069002","PORQUEROLLES",43.,6.226833,135,1981080218,"","","","",8.,1,80,1,"","","","","","","","","","","","","","","","","","","","","","","","","","","","",23.,1,20.1,1,"","","","","","","","","","","","","","","","","","","","","","","","","","",87,1,"","","","","","","","","","","","",24.5,1,1019.9,1,"","","","","","",5,1,5,1,0,1,8,1,0,1,"","","","","","","","","","","","","","","","","","","","","","","","",15000,1,"","",2,1,2,1,"","","","","","","","","","",3,1,90,1,"","","","","","","","","","","","","","","","","","","","","","","","","","","","","","","","","","","","","","","","","","","","","","","","","","","",""
"83069002","PORQUEROLLES",43.,6.226833,135,1981080221,"","","","",11.,1,80,1,"","","","","","","","","","","","","","","","","","","","","","","","","","","","",21.2,1,18.7,1,"","","","","","","","","","","","","","","","","","","","","","","","","","",89,1,"","","","","","","","","","","","",22.4,1,1019.6,1,"","","","","","",3,1,0,1,0,1,0,1,2,1,"","","","","","","","","","","","","","","","","","","","","","","","",15000,1,"","",1,1,1,1,"","","","","","","","","","",3,1,90,1,"","","","","","","","","","","","","","","","","","","","","","","","","","","","","","","","","","","","","","","","","","","","","","","","","","","",""
"83069002","PORQUEROLLES",43.,6.226833,135,1981080300,"","","","",6.,1,80,1,"","","","","","","","","","","","","","","","","","","","","","","","","","","","",20.8,1,18.1,1,"","","","","","","","","","","","","","","","","","","","","","","","","","",88,1,"","","","","","","","","","","","",21.6,1,1021.6,1,"","","","","","","","","","","","","","","","","","","","","","","","","","","","","","","","","","","","","","","","","","","","","","","","","","","","","","","","","","","","","","","","","","","","","","","","","","","","","","","","","","","","","","","","","","","","","","","","","","","","","","","","","","","","","","","","","",""
"83069002","PORQUEROLLES",43.,6.226833,135,1981080303,"","","","",6.,1,80,1,"","","","","","","","","","","","","","","","","","","","","","","","","","","","",20.,1,16.,1,"","","","","","","","","","","","","","","","","","","","","","","","","","",81,1,"","","","","","","","","","","","",18.8,1,1022.,1,"","","","","","",0,1,"","",0,1,0,1,0,1,"","","","","","","","","","","","","","","","","","","","","","","","",20000,1,"","",0,1,"","","","","","","","","","","","",3,1,90,1,"","","","","","","","","","","","","","","","","","","","","","","","","","","","","","","","","","","","","","","","","","","","","","","","","","","",""
"83069002","PORQUEROLLES",43.,6.226833,135,1981080306,"","","","",4.,1,60,1,"","","","","","","","","","","","","","","","","","","","","","","","","","","","",21.4,1,16.2,1,"","","","","","","","","","","","","","","","","","","","","","","","","","",75,1,"","","","","","","","","","","","",19.,1,1023.5,1,"","","","","","",2,1,0,1,0,1,0,1,1,1,"","","","","","","","","","","","","","","","","","","","","","","","",15000,1,"","",3,1,0,1,"","",0,1,"","","","","","",2,1,0,1,"","","","","","","","","","","","","","","","","","","","","","","","","","","","","","","","","","","","","","","","","","","","","","","","","","","",""
"83069002","PORQUEROLLES",43.,6.226833,135,1981080309,"","","","",4.,1,80,1,"","","","","","","","","","","","","","","","","","","","","","","","","","","","",27.4,1,17.4,1,"","","","","","","","","","","","","","","","","","","","","","","","","","",56,1,"","","","","","","","","","","","",20.6,1,1024.3,1,"","","","","","",0,1,"","",0,1,0,1,0,1,"","","","","","","","","","","","","","","","","","","","","","","","",6000,1,"","",1,1,0,1,"","","","","","","","","","",2,1,0,1,"","","","","","","","","","","","","","","","","","","","","","","","","","","","","","","","","","","","","","","","","","","","","","","","","","","",""
"83069002","PORQUEROLLES",43.,6.226833,135,1981080312,"","","","",3.,1,140,1,"","","","","","","","","","","","","","","","","","","","","","","","","","","","",28.8,1,18.5,1,"","","","","","","","","","","","","","","","","","","","","","","","","","",56,1,"","","","","","","","","","","","",22.1,1,1024.3,1,"","","","","","",0,1,"","",0,1,0,1,0,1,"","","","","","","","","","","","","","","","","","","","","","","","",6000,1,"","",2,1,0,1,"","","","","","","","","","",2,1,0,1,"","","","","","","","","","","","","","","","","","","","","","","","","","","","","","","","","","","","","","","","","","","","","","","","","","","",""
"83069002","PORQUEROLLES",43.,6.226833,135,1981080315,"","","","",4.,1,260,1,"","","","","","","","","","","","","","","","","","","","","","","","","","","","",28.,1,18.4,1,"","","","","","","","","","","","","","","","","","","","","","","","","","",58,1,"","","","","","","","","","","","",21.9,1,1024.3,1,"","","","","","",2,1,0,1,0,1,0,1,1,1,"","","","","","","","","","","","","","","","","","","","","","","","",6000,1,"","",3,1,0,1,"","","","","","","","","","",2,1,0,1,"","","","","","","","","","","","","","","","","","","","","","","","","","","","","","","","","","","","","","","","","","","","","","","","","","","",""
"83069002","PORQUEROLLES",43.,6.226833,135,1981080318,"","","","",4.,1,280,1,"","","","","","","","","","","","","","","","","","","","","","","","","","","","",25.9,1,15.5,1,"","","","","","","","","","","","","","","","","","","","","","","","","","",54,1,"","","","","","","","","","","","",18.2,1,1023.1,1,"","","","","","",2,1,0,1,0,1,0,1,1,1,"","","","","","","","","","","","","","","","","","","","","","","","",12000,1,"","",2,1,0,1,"","","","","","","","","","",2,1,0,1,"","","","","","","","","","","","","","","","","","","","","","","","","","","","","","","","","","","","","","","","","","","","","","","","","","","",""
"83069002","PORQUEROLLES",43.,6.226833,135,1981080321,"","","","",3.,1,300,1,"","","","","","","","","","","","","","","","","","","","","","","","","","","","",25.7,1,13.2,1,"","","","","","","","","","","","","","","","","","","","","","","","","","",47,1,"","","","","","","","","","","","",15.6,1,1023.8,1,"","","","","","",0,1,"","",0,1,0,1,0,1,"","","","","","","","","","","","","","","","","","","","","","","","",16000,1,"","",1,1,0,1,"","","","","","","","","","",2,1,0,1,"","","","","","","","","","","","","","","","","","","","","","","","","","","","","","","","","","","","","","","","","","","","","","","","","","","",""
"83069002","PORQUEROLLES",43.,6.226833,135,1981080400,"","","","",4.,1,300,1,"","","","","","","","","","","","","","","","","","","","","","","","","","","","",25.8,1,12.2,1,"","","","","","","","","","","","","","","","","","","","","","","","","","",44,1,"","","","","","","","","","","","",14.6,1,1023.1,1,"","","","","","","","","","","","","","","","","","","","","","","","","","","","","","","","","","","","","","","","","","","","","","","","","","","","","","","","","","","","","","","","","","","","","","","","","","","","","","","","","","","","","","","","","","","","","","","","","","","","","","","","","","","","","","","","","",""
"83069002","PORQUEROLLES",43.,6.226833,135,1981080403,"","","","",3.,1,360,1,"","","","","","","","","","","","","","","","","","","","","","","","","","","","",25.6,1,14.8,1,"","","","","","","","","","","","","","","","","","","","","","","","","","",52,1,"","","","","","","","","","","","",17.3,1,1021.9,1,"","","","","","",0,1,"","",0,1,0,1,0,1,"","","","","","","","","","","","","","","","","","","","","","","","",12000,1,"","",0,1,"","","","","","","","","","","","",2,1,0,1,"","","","","","","","","","","","","","","","","","","","","","","","","","","","","","","","","","","","","","","","","","","","","","","","","","","",""
"83069002","PORQUEROLLES",43.,6.226833,135,1981080406,"","","","",2.,1,20,1,"","","","","","","","","","","","","","","","","","","","","","","","","","","","",26.4,1,15.8,1,"","","","","","","","","","","","","","","","","","","","","","","","","","",54,1,"","","","","","","","","","","","",18.5,1,1021.9,1,"","","","","","",0,1,"","",0,1,0,1,0,1,"","","","","","","","","","","","","","","","","","","","","","","","",12000,1,"","",2,1,0,1,"","",0,1,"","","","","","",2,1,0,1,"","","","","","","","","","","","","","","","","","","","","","","","","","","","","","","","","","","","","","","","","","","","","","","","","","","",""
"83069002","PORQUEROLLES",43.,6.226833,135,1981080409,"","","","",1.,1,160,1,"","","","","","","","","","","","","","","","","","","","","","","","","","","","",29.5,1,19.9,1,"","","","","","","","","","","","","","","","","","","","","","","","","","",59,1,"","","","","","","","","","","","",24.2,1,1021.5,1,"","","","","","",0,1,"","",0,1,0,1,0,1,"","","","","","","","","","","","","","","","","","","","","","","","",12000,1,"","",2,1,0,1,"","","","","","","","","","",2,1,0,1,"","","","","","","","","","","","","","","","","","","","","","","","","","","","","","","","","","","","","","","","","","","","","","","","","","","",""
"83069002","PORQUEROLLES",43.,6.226833,135,1981080412,"","","","",2.,1,180,1,"","","","","","","","","","","","","","","","","","","","","","","","","","","","",31.,1,16.5,1,"","","","","","","","","","","","","","","","","","","","","","","","","","",43,1,"","","","","","","","","","","","",19.4,1,1021.8,1,"","","","","","",0,1,"","",0,1,0,1,0,1,"","","","","","","","","","","","","","","","","","","","","","","","",12000,1,"","",2,1,0,1,"","","","","","","","","","",2,1,0,1,"","","","","","","","","","","","","","","","","","","","","","","","","","","","","","","","","","","","","","","","","","","","","","","","","","","",""
"83069002","PORQUEROLLES",43.,6.226833,135,1981080415,"","","","",2.,1,180,1,"","","","","","","","","","","","","","","","","","","","","","","","","","","","",31.,1,20.,1,"","","","","","","","","","","","","","","","","","","","","","","","","","",54,1,"","","","","","","","","","","","",24.3,1,1022.,1,"","","","","","",1,1,0,1,1,1,0,1,0,1,"","","","","","","","","","","","","","","","","","","","","","","","",12000,1,"","",3,1,0,1,"","","","","","","","","","",2,1,0,1,"","","","","","","","","","","","","","","","","","","","","","","","","","","","","","","","","","","","","","","","","","","","","","","","","","","",""
"83069002","PORQUEROLLES",43.,6.226833,135,1981080418,"","","","",0.,1,0,1,"","","","","","","","","","","","","","","","","","","","","","","","","","","","",28.5,1,21.2,1,"","","","","","","","","","","","","","","","","","","","","","","","","","",68,1,"","","","","","","","","","","","",26.3,1,1019.9,1,"","","","","","",0,1,"","",0,1,0,1,0,1,"","","","","","","","","","","","","","","","","","","","","","","","",5000,1,"","",1,1,0,1,"","","","","","","","","","",1,1,0,1,"","","","","","","","","","","","","","","","","","","","","","","","","","","","","","","","","","","","","","","","","","","","","","","","","","","",""
"83069002","PORQUEROLLES",43.,6.226833,135,1981080421,"","","","",1.,1,40,1,"","","","","","","","","","","","","","","","","","","","","","","","","","","","",24.7,1,19.4,1,"","","","","","","","","","","","","","","","","","","","","","","","","","",75,1,"","","","","","","","","","","","",23.4,1,1020.2,1,"","","","","","",0,1,"","",0,1,0,1,0,1,"","","","","","","","","","","","","","","","","","","","","","","","",5000,1,"","",2,1,0,1,"","","","","","","","","","",2,1,0,1,"","","","","","","","","","","","","","","","","","","","","","","","","","","","","","","","","","","","","","","","","","","","","","","","","","","",""
"83069002","PORQUEROLLES",43.,6.226833,135,1981080500,"","","","",0.,1,0,1,"","","","","","","","","","","","","","","","","","","","","","","","","","","","",23.6,1,18.5,1,"","","","","","","","","","","","","","","","","","","","","","","","","","",76,1,"","","","","","","","","","","","",22.1,1,1019.1,1,"","","","","","","","","","","","","","","","","","","","","","","","","","","","","","","","","","","","","","","","","","","","","","","","","","","","","","","","","","","","","","","","","","","","","","","","","","","","","","","","","","","","","","","","","","","","","","","","","","","","","","","","","","","","","","","","","",""
"83069002","PORQUEROLLES",43.,6.226833,135,1981080503,"","","","",3.,1,80,1,"","","","","","","","","","","","","","","","","","","","","","","","","","","","",23.,1,18.5,1,"","","","","","","","","","","","","","","","","","","","","","","","","","",79,1,"","","","","","","","","","","","",22.1,1,1018.5,1,"","","","","","",0,1,"","",0,1,0,1,0,1,"","","","","","","","","","","","","","","","","","","","","","","","",10000,1,"","",0,1,"","","","","","","","","","","","",2,1,0,1,"","","","","","","","","","","","","","","","","","","","","","","","","","","","","","","","","","","","","","","","","","","","","","","","","","","",""
"83069002","PORQUEROLLES",43.,6.226833,135,1981080506,"","","","",3.,1,60,1,"","","","","","","","","","","","","","","","","","","","","","","","","","","","",23.5,1,17.4,1,"","","","","","","","","","","","","","","","","","","","","","","","","","",71,1,"","","","","","","","","","","","",20.6,1,1018.4,1,"","","","","","",0,1,"","",0,1,0,1,0,1,"","","","","","","","","","","","","","","","","","","","","","","","",10000,1,"","",2,1,0,1,"","",0,1,"","","","","","",2,1,0,1,"","","","","","","","","","","","","","","","","","","","","","","","","","","","","","","","","","","","","","","","","","","","","","","","","","","",""
"83069002","PORQUEROLLES",43.,6.226833,135,1981080509,"","","","",1.,1,220,1,"","","","","","","","","","","","","","","","","","","","","","","","","","","","",30.5,1,17.6,1,"","","","","","","","","","","","","","","","","","","","","","","","","","",48,1,"","","","","","","","","","","","",20.9,1,1018.3,1,"","","","","","",0,1,"","",0,1,0,1,0,1,"","","","","","","","","","","","","","","","","","","","","","","","",10000,1,"","",2,1,0,1,"","","","","","","","","","",2,1,0,1,"","","","","","","","","","","","","","","","","","","","","","","","","","","","","","","","","","","","","","","","","","","","","","","","","","","",""
"83069002","PORQUEROLLES",43.,6.226833,135,1981080512,"","","","",2.,1,220,1,"","","","","","","","","","","","","","","","","","","","","","","","","","","","",32.4,1,16.6,1,"","","","","","","","","","","","","","","","","","","","","","","","","","",40,1,"","","","","","","","","","","","",19.5,1,1017.7,1,"","","","","","",0,1,"","",0,1,0,1,0,1,"","","","","","","","","","","","","","","","","","","","","","","","",10000,1,"","",2,1,0,1,"","","","","","","","","","",1,1,0,1,"","","","","","","","","","","","","","","","","","","","","","","","","","","","","","","","","","","","","","","","","","","","","","","","","","","",""
"83069002","PORQUEROLLES",43.,6.226833,135,1981080515,"","","","",4.,1,240,1,"","","","","","","","","","","","","","","","","","","","","","","","","","","","",31.5,1,17.9,1,"","","","","","","","","","","","","","","","","","","","","","","","","","",46,1,"","","","","","","","","","","","",21.3,1,1016.5,1,"","","","","","",0,1,"","",0,1,0,1,0,1,"","","","","","","","","","","","","","","","","","","","","","","","",10000,1,"","",2,1,0,1,"","","","","","","","","","",1,1,0,1,"","","","","","","","","","","","","","","","","","","","","","","","","","","","","","","","","","","","","","","","","","","","","","","","","","","",""
"83069002","PORQUEROLLES",43.,6.226833,135,1981080518,"","","","",4.,1,260,1,"","","","","","","","","","","","","","","","","","","","","","","","","","","","",27.4,1,15.4,1,"","","","","","","","","","","","","","","","","","","","","","","","","","",50,1,"","","","","","","","","","","","",18.1,1,1015.9,1,"","","","","","",0,1,"","",0,1,0,1,0,1,"","","","","","","","","","","","","","","","","","","","","","","","",8000,1,"","",2,1,0,1,"","","","","","","","","","",1,1,0,1,"","","","","","","","","","","","","","","","","","","","","","","","","","","","","","","","","","","","","","","","","","","","","","","","","","","",""
"83069002","PORQUEROLLES",43.,6.226833,135,1981080521,"","","","",5.,1,280,1,"","","","","","","","","","","","","","","","","","","","","","","","","","","","",25.9,1,17.7,1,"","","","","","","","","","","","","","","","","","","","","","","","","","",63,1,"","","","","","","","","","","","",21.,1,1016.,1,"","","","","","",0,1,"","",0,1,0,1,0,1,"","","","","","","","","","","","","","","","","","","","","","","","",12000,1,"","",2,1,0,1,"","","","","","","","","","",1,1,0,1,"","","","","","","","","","","","","","","","","","","","","","","","","","","","","","","","","","","","","","","","","","","","","","","","","","","",""
"83069002","PORQUEROLLES",43.,6.226833,135,1981080600,"","","","",3.,1,320,1,"","","","","","","","","","","","","","","","","","","","","","","","","","","","",24.,1,17.7,1,"","","","","","","","","","","","","","","","","","","","","","","","","","",70,1,"","","","","","","","","","","","",20.9,1,1015.5,1,"","","","","","","","","","","","","","","","","","","","","","","","","","","","","","","","","","","","","","","","","","","","","","","","","","","","","","","","","","","","","","","","","","","","","","","","","","","","","","","","","","","","","","","","","","","","","","","","","","","","","","","","","","","","","","","","","",""
"83069002","PORQUEROLLES",43.,6.226833,135,1981080603,"","","","",3.,1,360,1,"","","","","","","","","","","","","","","","","","","","","","","","","","","","",23.4,1,17.5,1,"","","","","","","","","","","","","","","","","","","","","","","","","","",72,1,"","","","","","","","","","","","",20.7,1,1014.5,1,"","","","","","",0,1,"","",0,1,0,1,0,1,"","","","","","","","","","","","","","","","","","","","","","","","",15000,1,"","",0,1,"","","","","","","","","","","","",1,1,0,1,"","","","","","","","","","","","","","","","","","","","","","","","","","","","","","","","","","","","","","","","","","","","","","","","","","","",""
"83069002","PORQUEROLLES",43.,6.226833,135,1981080606,"","","","",3.,1,80,1,"","","","","","","","","","","","","","","","","","","","","","","","","","","","",23.9,1,18.1,1,"","","","","","","","","","","","","","","","","","","","","","","","","","",72,1,"","","","","","","","","","","","",21.4,1,1014.8,1,"","","","","","",0,1,"","",0,1,0,1,0,1,"","","","","","","","","","","","","","","","","","","","","","","","",10000,1,"","",2,1,0,1,"","",0,1,"","","","","","",1,1,0,1,"","","","","","","","","","","","","","","","","","","","","","","","","","","","","","","","","","","","","","","","","","","","","","","","","","","",""
"83069002","PORQUEROLLES",43.,6.226833,135,1981080609,"","","","",2.,1,120,1,"","","","","","","","","","","","","","","","","","","","","","","","","","","","",28.4,1,23.3,1,"","","","","","","","","","","","","","","","","","","","","","","","","","",77,1,"","","","","","","","","","","","",29.9,1,1014.7,1,"","","","","","",0,1,"","",0,1,0,1,0,1,"","","","","","","","","","","","","","","","","","","","","","","","",3000,1,"","",10,1,0,1,"","","","","","","","","","",2,1,0,1,"","","","","","","","","","","","","","","","","","","","","","","","","","","","","","","","","","","","","","","","","","","","","","","","","","","",""
"83069002","PORQUEROLLES",43.,6.226833,135,1981080612,"","","","",1.,1,140,1,"","","","","","","","","","","","","","","","","","","","","","","","","","","","",31.,1,20.9,1,"","","","","","","","","","","","","","","","","","","","","","","","","","",57,1,"","","","","","","","","","","","",25.7,1,1014.3,1,"","","","","","",0,1,"","",0,1,0,1,0,1,"","","","","","","","","","","","","","","","","","","","","","","","",3000,1,"","",10,1,0,1,"","","","","","","","","","",2,1,0,1,"","","","","","","","","","","","","","","","","","","","","","","","","","","","","","","","","","","","","","","","","","","","","","","","","","","",""
"83069002","PORQUEROLLES",43.,6.226833,135,1981080615,"","","","",3.,1,240,1,"","","","","","","","","","","","","","","","","","","","","","","","","","","","",30.3,1,21.1,1,"","","","","","","","","","","","","","","","","","","","","","","","","","",61,1,"","","","","","","","","","","","",26.,1,1012.9,1,"","","","","","",0,1,"","",0,1,0,1,0,1,"","","","","","","","","","","","","","","","","","","","","","","","",3000,1,"","",10,1,0,1,"","","","","","","","","","",2,1,0,1,"","","","","","","","","","","","","","","","","","","","","","","","","","","","","","","","","","","","","","","","","","","","","","","","","","","",""
"83069002","PORQUEROLLES",43.,6.226833,135,1981080618,"","","","",3.,1,280,1,"","","","","","","","","","","","","","","","","","","","","","","","","","","","",26.3,1,19.9,1,"","","","","","","","","","","","","","","","","","","","","","","","","","",71,1,"","","","","","","","","","","","",24.1,1,1012.6,1,"","","","","","",2,1,0,1,0,1,5,1,0,1,"","","","","","","","","","","","","","","","","","","","","","","","",3000,1,"","",10,1,0,1,"","","","","","","","","","",2,1,0,1,"","","","","","","","","","","","","","","","","","","","","","","","","","","","","","","","","","","","","","","","","","","","","","","","","","","",""
"83069002","PORQUEROLLES",43.,6.226833,135,1981080621,"","","","",5.,1,300,1,"","","","","","","","","","","","","","","","","","","","","","","","","","","","",25.3,1,17.,1,"","","","","","","","","","","","","","","","","","","","","","","","","","",62,1,"","","","","","","","","","","","",20.,1,1012.7,1,"","","","","","",0,1,"","",0,1,0,1,0,1,"","","","","","","","","","","","","","","","","","","","","","","","",2000,1,"","",10,1,0,1,"","","","","","","","","","",2,1,0,1,"","","","","","","","","","","","","","","","","","","","","","","","","","","","","","","","","","","","","","","","","","","","","","","","","","","",""
"83069002","PORQUEROLLES",43.,6.226833,135,1981080700,"","","","",4.,1,60,1,"","","","","","","","","","","","","","","","","","","","","","","","","","","","",21.7,1,20.3,1,"","","","","","","","","","","","","","","","","","","","","","","","","","","","","","","","","","","","","","","","",24.7,1,1013.9,1,"","","","","","","","","","","","","","","","","","","","","","","","","","","","","","","","","","","","","","","","","","","","","","","","","","","","","","","","","","","","","","","","","","","","","","","","","","","","","","","","","","","","","","","","","","","","","","","","","","","","","","","","","","","","","","","","","",""
"83069002","PORQUEROLLES",43.,6.226833,135,1981080703,"","","","",8.,1,80,1,"","","","","","","","","","","","","","","","","","","","","","","","","","","","",22.,1,22.,1,"","","","","","","","","","","","","","","","","","","","","","","","","","",100,1,"","","","","","","","","","","","",26.5,1,1013.5,1,"","","","","","",0,1,"","",0,1,0,1,0,1,"","","","","","","","","","","","","","","","","","","","","","","","",5000,1,"","",0,1,"","","","","","","","","","","","",2,1,0,1,"","","","","","","","","","","","","","","","","","","","","","","","","","","","","","","","","","","","","","","","","","","","","","","","","","","",""
"83069002","PORQUEROLLES",43.,6.226833,135,1981080706,"","","","",6.,1,60,1,"","","","","","","","","","","","","","","","","","","","","","","","","","","","",22.5,1,20.6,1,"","","","","","","","","","","","","","","","","","","","","","","","","","",92,1,"","","","","","","","","","","","",25.1,1,1014.2,1,"","","","","","",2,1,0,1,0,1,5,1,0,1,"","","","","","","","","","","","","","","","","","","","","","","","",6000,1,"","",3,1,0,1,"","",0,1,"","","","","","",2,1,0,1,"","","","","","","","","","","","","","","","","","","","","","","","","","","","","","","","","","","","","","","","","","","","","","","","","","","",""
"83069002","PORQUEROLLES",43.,6.226833,135,1981080709,"","","","",8.,1,80,1,"","","","","","","","","","","","","","","","","","","","","","","","","","","","",28.5,1,20.5,1,"","","","","","","","","","","","","","","","","","","","","","","","","","",64,1,"","","","","","","","","","","","",25.,1,1014.2,1,"","","","","","",0,1,"","",0,1,0,1,0,1,"","","","","","","","","","","","","","","","","","","","","","","","",10000,1,"","",1,1,0,1,"","","","","","","","","","",2,1,0,1,"","","","","","","","","","","","","","","","","","","","","","","","","","","","","","","","","","","","","","","","","","","","","","","","","","","",""
"83069002","PORQUEROLLES",43.,6.226833,135,1981080712,"","","","",8.,1,100,1,"","","","","","","","","","","","","","","","","","","","","","","","","","","","",30.5,1,21.1,1,"","","","","","","","","","","","","","","","","","","","","","","","","","",59,1,"","","","","","","","","","","","",26.,1,1014.5,1,"","","","","","",0,1,"","",0,1,0,1,0,1,"","","","","","","","","","","","","","","","","","","","","","","","",10000,1,"","",2,1,0,1,"","","","","","","","","","",2,1,0,1,"","","","","","","","","","","","","","","","","","","","","","","","","","","","","","","","","","","","","","","","","","","","","","","","","","","",""
"83069002","PORQUEROLLES",43.,6.226833,135,1981080715,"","","","",6.,1,120,1,"","","","","","","","","","","","","","","","","","","","","","","","","","","","",29.5,1,23.1,1,"","","","","","","","","","","","","","","","","","","","","","","","","","",72,1,"","","","","","","","","","","","",29.5,1,1013.6,1,"","","","","","",1,1,0,1,1,1,0,1,0,1,"","","","","","","","","","","","","","","","","","","","","","","","",10000,1,"","",3,1,0,1,"","","","","","","","","","",2,1,0,1,"","","","","","","","","","","","","","","","","","","","","","","","","","","","","","","","","","","","","","","","","","","","","","","","","","","",""
"83069002","PORQUEROLLES",43.,6.226833,135,1981080718,"","","","",4.,1,60,1,"","","","","","","","","","","","","","","","","","","","","","","","","","","","",26.2,1,21.5,1,"","","","","","","","","","","","","","","","","","","","","","","","","","",78,1,"","","","","","","","","","","","",26.6,1,1013.8,1,"","","","","","",3,1,0,1,0,1,0,1,2,1,"","","","","","","","","","","","","","","","","","","","","","","","",5000,1,"","",3,1,0,1,"","","","","","","","","","",2,1,0,1,"","","","","","","","","","","","","","","","","","","","","","","","","","","","","","","","","","","","","","","","","","","","","","","","","","","",""
"83069002","PORQUEROLLES",43.,6.226833,135,1981080721,"","","","",3.,1,20,1,"","","","","","","","","","","","","","","","","","","","","","","","","","","","",24.,1,19.6,1,"","","","","","","","","","","","","","","","","","","","","","","","","","",79,1,"","","","","","","","","","","","",23.7,1,1015.,1,"","","","","","",4,1,0,1,0,1,0,1,2,1,"","","","","","","","","","","","","","","","","","","","","","","","",5000,1,"","",3,1,0,1,"","","","","","","","","","",2,1,0,1,"","","","","","","","","","","","","","","","","","","","","","","","","","","","","","","","","","","","","","","","","","","","","","","","","","","",""
"83069002","PORQUEROLLES",43.,6.226833,135,1981080800,"","","","",3.,1,360,1,"","","","","","","","","","","","","","","","","","","","","","","","","","","","",24.5,1,18.,1,"","","","","","","","","","","","","","","","","","","","","","","","","","",66,1,"","","","","","","","","","","","",21.4,1,1015.4,1,"","","","","","","","","","","","","","","","","","","","","","","","","","","","","","","","","","","","","","","","","","","","","","","","","","","","","","","","","","","","","","","","","","","","","","","","","","","","","","","","","","","","","","","","","","","","","","","","","","","","","","","","","","","","","","","","","",""
"83069002","PORQUEROLLES",43.,6.226833,135,1981080803,"","","","",3.,1,80,1,"","","","","","","","","","","","","","","","","","","","","","","","","","","","",24.5,1,17.6,1,"","","","","","","","","","","","","","","","","","","","","","","","","","",68,1,"","","","","","","","","","","","",20.9,1,1014.5,1,"","","","","","",0,1,"","",0,1,0,1,0,1,"","","","","","","","","","","","","","","","","","","","","","","","",6000,1,"","",0,1,"","","","","","","","","","","","",2,1,0,1,"","","","","","","","","","","","","","","","","","","","","","","","","","","","","","","","","","","","","","","","","","","","","","","","","","","",""
"83069002","PORQUEROLLES",43.,6.226833,135,1981080806,"","","","",0.,1,0,1,"","","","","","","","","","","","","","","","","","","","","","","","","","","","",23.2,1,17.5,1,"","","","","","","","","","","","","","","","","","","","","","","","","","",72,1,"","","","","","","","","","","","",20.7,1,1014.6,1,"","","","","","",0,1,"","",0,1,0,1,0,1,"","","","","","","","","","","","","","","","","","","","","","","","",6000,1,"","",2,1,0,1,"","",0,1,"","","","","","",2,1,0,1,"","","","","","","","","","","","","","","","","","","","","","","","","","","","","","","","","","","","","","","","","","","","","","","","","","","",""
"83069002","PORQUEROLLES",43.,6.226833,135,1981080809,"","","","",5.,1,40,1,"","","","","","","","","","","","","","","","","","","","","","","","","","","","",28.,1,19.9,1,"","","","","","","","","","","","","","","","","","","","","","","","","","",64,1,"","","","","","","","","","","","",24.1,1,1014.7,1,"","","","","","",1,1,0,1,0,1,8,1,0,1,"","","","","","","","","","","","","","","","","","","","","","","","",6000,1,"","",3,1,0,1,"","","","","","","","","","",2,1,0,1,"","","","","","","","","","","","","","","","","","","","","","","","","","","","","","","","","","","","","","","","","","","","","","","","","","","",""
"83069002","PORQUEROLLES",43.,6.226833,135,1981080812,"","","","",5.,1,120,1,"","","","","","","","","","","","","","","","","","","","","","","","","","","","",31.5,1,22.2,1,"","","","","","","","","","","","","","","","","","","","","","","","","","",60,1,"","","","","","","","","","","","",27.9,1,1014.1,1,"","","","","","",1,1,0,1,0,1,8,1,0,1,"","","","","","","","","","","","","","","","","","","","","","","","",8000,1,"","",2,1,0,1,"","","","","","","","","","",2,1,0,1,"","","","","","","","","","","","","","","","","","","","","","","","","","","","","","","","","","","","","","","","","","","","","","","","","","","",""
"83069002","PORQUEROLLES",43.,6.226833,135,1981080815,"","","","",3.,1,280,1,"","","","","","","","","","","","","","","","","","","","","","","","","","","","",29.6,1,22.1,1,"","","","","","","","","","","","","","","","","","","","","","","","","","",67,1,"","","","","","","","","","","","",27.8,1,1014.1,1,"","","","","","",1,1,0,1,0,1,4,1,0,1,"","","","","","","","","","","","","","","","","","","","","","","","",8000,1,"","",2,1,0,1,"","","","","","","","","","",2,1,0,1,"","","","","","","","","","","","","","","","","","","","","","","","","","","","","","","","","","","","","","","","","","","","","","","","","","","",""
"83069002","PORQUEROLLES",43.,6.226833,135,1981080818,"","","","",6.,1,280,1,"","","","","","","","","","","","","","","","","","","","","","","","","","","","",24.8,1,19.9,1,"","","","","","","","","","","","","","","","","","","","","","","","","","",78,1,"","","","","","","","","","","","",24.2,1,1014.4,1,"","","","","","",5,1,5,1,0,1,0,1,2,1,"","","","","","","","","","","","","","","","","","","","","","","","",5000,1,"","",3,1,1,1,"","","","","","","","","","",2,1,0,1,"","","","","","","","","","","","","","","","","","","","","","","","","","","","","","","","","","","","","","","","","","","","","","","","","","","",""
"83069002","PORQUEROLLES",43.,6.226833,135,1981080821,"","","","",0.,1,0,1,"","","","","","","","","","","","","","","","","","","","","","","","","","","","",24.8,1,19.9,1,"","","","","","","","","","","","","","","","","","","","","","","","","","",78,1,"","","","","","","","","","","","",24.2,1,1014.,1,"","","","","","",0,1,"","",0,1,0,1,0,1,"","","","","","","","","","","","","","","","","","","","","","","","",5000,1,"","",1,1,0,1,"","","","","","","","","","",2,1,0,1,"","","","","","","","","","","","","","","","","","","","","","","","","","","","","","","","","","","","","","","","","","","","","","","","","","","",""
"83069002","PORQUEROLLES",43.,6.226833,135,1981080900,"","","","",2.,1,260,1,"","","","","","","","","","","","","","","","","","","","","","","","","","","","",22.8,1,20.6,1,"","","","","","","","","","","","","","","","","","","","","","","","","","","","","","","","","","","","","","","","",25.3,1,1014.5,1,"","","","","","","","","","","","","","","","","","","","","","","","","","","","","","","","","","","","","","","","","","","","","","","","","","","","","","","","","","","","","","","","","","","","","","","","","","","","","","","","","","","","","","","","","","","","","","","","","","","","","","","","","","","","","","","","","",""
"83069002","PORQUEROLLES",43.,6.226833,135,1981080903,"","","","",3.,1,300,1,"","","","","","","","","","","","","","","","","","","","","","","","","","","","",22.,1,22.,1,"","","","","","","","","","","","","","","","","","","","","","","","","","",100,1,"","","","","","","","","","","","",26.5,1,1013.8,1,"","","","","","",0,1,"","",0,1,0,1,0,1,"","","","","","","","","","","","","","","","","","","","","","","","",8000,1,"","",0,1,"","","","","","","","","","","","",2,1,0,1,"","","","","","","","","","","","","","","","","","","","","","","","","","","","","","","","","","","","","","","","","","","","","","","","","","","",""
"83069002","PORQUEROLLES",43.,6.226833,135,1981080906,"","","","",5.,1,280,1,"","","","","","","","","","","","","","","","","","","","","","","","","","","","",22.5,1,18.,1,"","","","","","","","","","","","","","","","","","","","","","","","","","",79,1,"","","","","","","","","","","","",21.4,1,1014.2,1,"","","","","","",0,1,"","",0,1,0,1,0,1,"","","","","","","","","","","","","","","","","","","","","","","","",8000,1,"","",2,1,0,1,"","",0,1,"","","","","","",2,1,0,1,"","","","","","","","","","","","","","","","","","","","","","","","","","","","","","","","","","","","","","","","","","","","","","","","","","","",""
"83069002","PORQUEROLLES",43.,6.226833,135,1981080909,"","","","",10.,1,240,1,"","","","","","","","","","","","","","","","","","","","","","","","","","","","",24.4,1,19.2,1,"","","","","","","","","","","","","","","","","","","","","","","","","","",75,1,"","","","","","","","","","","","",23.1,1,1014.3,1,"","","","","","",0,1,"","",0,1,0,1,0,1,"","","","","","","","","","","","","","","","","","","","","","","","",18000,1,"","",2,1,0,1,"","","","","","","","","","",2,1,0,1,"","","","","","","","","","","","","","","","","","","","","","","","","","","","","","","","","","","","","","","","","","","","","","","","","","","",""
"83069002","PORQUEROLLES",43.,6.226833,135,1981080912,"","","","",12.,1,260,1,"","","","","","","","","","","","","","","","","","","","","","","","","","","","",26.2,1,19.2,1,"","","","","","","","","","","","","","","","","","","","","","","","","","",68,1,"","","","","","","","","","","","",23.1,1,1013.6,1,"","","","","","",2,1,0,1,2,1,4,1,0,1,"","","","","","","","","","","","","","","","","","","","","","","","",25000,1,"","",3,1,0,1,"","","","","","","","","","",3,1,270,1,"","","","","","","","","","","","","","","","","","","","","","","","","","","","","","","","","","","","","","","","","","","","","","","","","","","",""
"83069002","PORQUEROLLES",43.,6.226833,135,1981080915,"","","","",13.,1,260,1,"","","","","","","","","","","","","","","","","","","","","","","","","","","","",25.3,1,18.9,1,"","","","","","","","","","","","","","","","","","","","","","","","","","",70,1,"","","","","","","","","","","","",22.7,1,1012.6,1,"","","","","","",3,1,0,1,2,1,4,1,0,1,"","","","","","","","","","","","","","","","","","","","","","","","",15000,1,"","",2,1,0,1,"","","","","","","","","","",4,1,270,1,"","","","","","","","","","","","","","","","","","","","","","","","","","","","","","","","","","","","","","","","","","","","","","","","","","","",""
"83069002","PORQUEROLLES",43.,6.226833,135,1981080918,"","","","",13.,1,260,1,"","","","","","","","","","","","","","","","","","","","","","","","","","","","",23.6,1,20.,1,"","","","","","","","","","","","","","","","","","","","","","","","","","",83,1,"","","","","","","","","","","","",24.3,1,1012.4,1,"","","","","","",5,1,0,1,2,1,4,1,0,1,"","","","","","","","","","","","","","","","","","","","","","","","",5000,1,"","",3,1,1,1,"","","","","","","","","","",4,1,270,1,"","","","","","","","","","","","","","","","","","","","","","","","","","","","","","","","","","","","","","","","","","","","","","","","","","","",""
"83069002","PORQUEROLLES",43.,6.226833,135,1981080921,"","","","",8.,1,280,1,"","","","","","","","","","","","","","","","","","","","","","","","","","","","",23.1,1,15.,1,"","","","","","","","","","","","","","","","","","","","","","","","","","",62,1,"","","","","","","","","","","","",17.6,1,1013.6,1,"","","","","","",0,1,"","",0,1,0,1,0,1,"","","","","","","","","","","","","","","","","","","","","","","","",20000,1,"","",1,1,1,1,"","","","","","","","","","",3,1,270,1,"","","","","","","","","","","","","","","","","","","","","","","","","","","","","","","","","","","","","","","","","","","","","","","","","","","",""
"83069002","PORQUEROLLES",43.,6.226833,135,1981081000,"","","","",8.,1,260,1,"","","","","","","","","","","","","","","","","","","","","","","","","","","","",21.,1,15.9,1,"","","","","","","","","","","","","","","","","","","","","","","","","","",75,1,"","","","","","","","","","","","",18.6,1,1013.3,1,"","","","","","","","","","","","","","","","","","","","","","","","","","","","","","","","","","","","","","","","","","","","","","","","","","","","","","","","","","","","","","","","","","","","","","","","","","","","","","","","","","","","","","","","","","","","","","","","","","","","","","","","","","","","","","","","","",""
"83069002","PORQUEROLLES",43.,6.226833,135,1981081003,"","","","",7.,1,280,1,"","","","","","","","","","","","","","","","","","","","","","","","","","","","",19.,1,16.7,1,"","","","","","","","","","","","","","","","","","","","","","","","","","",89,1,"","","","","","","","","","","","",19.6,1,1012.9,1,"","","","","","",0,1,"","",0,1,0,1,0,1,"","","","","","","","","","","","","","","","","","","","","","","","",25000,1,"","",0,1,"","","","","","","","","","","","",3,1,270,1,"","","","","","","","","","","","","","","","","","","","","","","","","","","","","","","","","","","","","","","","","","","","","","","","","","","",""
"83069002","PORQUEROLLES",43.,6.226833,135,1981081006,"","","","",5.,1,260,1,"","","","","","","","","","","","","","","","","","","","","","","","","","","","",18.1,1,16.6,1,"","","","","","","","","","","","","","","","","","","","","","","","","","",94,1,"","","","","","","","","","","","",19.5,1,1013.2,1,"","","","","","",0,1,"","",0,1,0,1,0,1,"","","","","","","","","","","","","","","","","","","","","","","","",10000,1,"","",2,1,0,1,"","","","","","","","","","",3,1,270,1,"","","","","","","","","","","","","","","","","","","","","","","","","","","","","","","","","","","","","","","","","","","","","","","","","","","",""
"83069002","PORQUEROLLES",43.,6.226833,135,1981081009,"","","","",10.,1,260,1,"","","","","","","","","","","","","","","","","","","","","","","","","","","","",21.5,1,19.6,1,"","","","","","","","","","","","","","","","","","","","","","","","","","",92,1,"","","","","","","","","","","","",23.7,1,1013.1,1,"","","","","","",5,1,0,1,0,1,4,1,4,1,"","","","","","","","","","","","","","","","","","","","","","","","",10000,1,"","",3,1,0,1,"","","","","","","","","","",3,1,270,1,"","","","","","","","","","","","","","","","","","","","","","","","","","","","","","","","","","","","","","","","","","","","","","","","","","","",""
"83069002","PORQUEROLLES",43.,6.226833,135,1981081012,"","","","",10.,1,260,1,"","","","","","","","","","","","","","","","","","","","","","","","","","","","",25.4,1,18.7,1,"","","","","","","","","","","","","","","","","","","","","","","","","","",69,1,"","","","","","","","","","","","",22.3,1,1012.4,1,"","","","","","",3,1,0,1,0,1,0,1,2,1,"","","","","","","","","","","","","","","","","","","","","","","","",9000,1,"","",1,1,1,1,"","","","","","","","","","",3,1,270,1,"","","","","","","","","","","","","","","","","","","","","","","","","","","","","","","","","","","","","","","","","","","","","","","","","","","",""
"83069002","PORQUEROLLES",43.,6.226833,135,1981081015,"","","","",13.,1,260,1,"","","","","","","","","","","","","","","","","","","","","","","","","","","","",25.6,1,17.9,1,"","","","","","","","","","","","","","","","","","","","","","","","","","",64,1,"","","","","","","","","","","","",21.2,1,1011.3,1,"","","","","","",2,1,0,1,0,1,0,1,2,1,"","","","","","","","","","","","","","","","","","","","","","","","",12000,1,"","",1,1,0,1,"","","","","","","","","","",4,1,270,1,"","","","","","","","","","","","","","","","","","","","","","","","","","","","","","","","","","","","","","","","","","","","","","","","","","","",""
"83069002","PORQUEROLLES",43.,6.226833,135,1981081018,"","","","",11.,1,260,1,"","","","","","","","","","","","","","","","","","","","","","","","","","","","",24.6,1,16.8,1,"","","","","","","","","","","","","","","","","","","","","","","","","","",64,1,"","","","","","","","","","","","",19.7,1,1010.7,1,"","","","","","",4,1,0,1,0,1,0,1,4,1,"","","","","","","","","","","","","","","","","","","","","","","","",16000,1,"","",3,1,0,1,"","","","","","","","","","",3,1,270,1,"","","","","","","","","","","","","","","","","","","","","","","","","","","","","","","","","","","","","","","","","","","","","","","","","","","",""
"83069002","PORQUEROLLES",43.,6.226833,135,1981081021,"","","","",6.,1,280,1,"","","","","","","","","","","","","","","","","","","","","","","","","","","","",22.,1,16.1,1,"","","","","","","","","","","","","","","","","","","","","","","","","","",71,1,"","","","","","","","","","","","",18.8,1,1012.,1,"","","","","","",3,1,0,1,0,1,0,1,1,1,"","","","","","","","","","","","","","","","","","","","","","","","",25000,1,"","",1,1,0,1,"","","","","","","","","","",2,1,"","","","","","","","","","","","","","","","","","","","","","","","","","","","","","","","","","","","","","","","","","","","","","","","","","","","","",""
"83069002","PORQUEROLLES",43.,6.226833,135,1981081100,"","","","",7.,1,260,1,"","","","","","","","","","","","","","","","","","","","","","","","","","","","",21.2,1,14.7,1,"","","","","","","","","","","","","","","","","","","","","","","","","","",68,1,"","","","","","","","","","","","",17.2,1,1013.9,1,"","","","","","","","","","","","","","","","","","","","","","","","","","","","","","","","","","","","","","","","","","","","","","","","","","","","","","","","","","","","","","","","","","","","","","","","","","","","","","","","","","","","","","","","","","","","","","","","","","","","","","","","","","","","","","","","","",""
"83069002","PORQUEROLLES",43.,6.226833,135,1981081103,"","","","",7.,1,260,1,"","","","","","","","","","","","","","","","","","","","","","","","","","","","",18.4,1,16.6,1,"","","","","","","","","","","","","","","","","","","","","","","","","","",91,1,"","","","","","","","","","","","",19.5,1,1013.6,1,"","","","","","",0,1,"","",0,1,0,1,0,1,"","","","","","","","","","","","","","","","","","","","","","","","",30000,1,"","",0,1,"","","","","","","","","","","","",3,1,"","","","","","","","","","","","","","","","","","","","","","","","","","","","","","","","","","","","","","","","","","","","","","","","","","","","","",""
"83069002","PORQUEROLLES",43.,6.226833,135,1981081106,"","","","",8.,1,280,1,"","","","","","","","","","","","","","","","","","","","","","","","","","","","",18.,1,14.9,1,"","","","","","","","","","","","","","","","","","","","","","","","","","",84,1,"","","","","","","","","","","","",17.4,1,1011.3,1,"","","","","","",4,1,0,1,0,1,3,1,1,1,"","","","","","","","","","","","","","","","","","","","","","","","",16000,1,"","",3,1,0,1,"","",0,1,"","","","","","",3,1,270,1,"","","","","","","","","","","","","","","","","","","","","","","","","","","","","","","","","","","","","","","","","","","","","","","","","","","",""
"83069002","PORQUEROLLES",43.,6.226833,135,1981081109,"","","","",7.,1,280,1,"","","","","","","","","","","","","","","","","","","","","","","","","","","","",19.8,1,16.1,1,"","","","","","","","","","","","","","","","","","","","","","","","","","",81,1,"","","","","","","","","","","","",18.8,1,1011.,1,"","","","","","",6,1,6,1,0,1,0,1,6,1,"","","","","","","","","","","","","","","","","","","","","","","","",7000,1,"","",3,1,1,1,"","","","","","","","","","",3,1,270,1,"","","","","","","","","","","","","","","","","","","","","","","","","","","","","","","","","","","","","","","","","","","","","","","","","","","",""
"83069002","PORQUEROLLES",43.,6.226833,135,1981081112,"","","","",15.,1,280,1,"","","","","","","","","","","","","","","","","","","","","","","","","","","","",23.,1,16.9,1,"","","","","","","","","","","","","","","","","","","","","","","","","","",71,1,"","","","","","","","","","","","",19.9,1,1009.7,1,"","","","","","",6,1,6,1,0,1,0,1,6,1,"","","","","","","","","","","","","","","","","","","","","","","","",7000,1,"","",2,1,1,1,"","","","","","","","","","",3,1,270,1,"","","","","","","","","","","","","","","","","","","","","","","","","","","","","","","","","","","","","","","","","","","","","","","","","","","",""
"83069002","PORQUEROLLES",43.,6.226833,135,1981081115,"","","","",15.,1,260,1,"","","","","","","","","","","","","","","","","","","","","","","","","","","","",24.5,1,16.9,1,"","","","","","","","","","","","","","","","","","","","","","","","","","",64,1,"","","","","","","","","","","","",19.8,1,1009.6,1,"","","","","","",3,1,0,1,2,1,0,1,0,1,"","","","","","","","","","","","","","","","","","","","","","","","",10000,1,"","",1,1,0,1,"","","","","","","","","","",4,1,270,1,"","","","","","","","","","","","","","","","","","","","","","","","","","","","","","","","","","","","","","","","","","","","","","","","","","","",""
"83069002","PORQUEROLLES",43.,6.226833,135,1981081118,"","","","",5.,1,100,1,"","","","","","","","","","","","","","","","","","","","","","","","","","","","",21.,1,17.3,1,"","","","","","","","","","","","","","","","","","","","","","","","","","",82,1,"","","","","","","","","","","","",20.4,1,1011.5,1,"","","","","","",5,1,5,1,0,1,0,1,2,1,"","","","","","","","","","","","","","","","","","","","","","","","",25000,1,"","",3,1,1,1,"","","","","","","","","","",3,1,"","","","","","","","","","","","","","","","","","","","","","","","","","","","","","","","","","","","","","","","","","","","","","","","","","","","","",""
"83069002","PORQUEROLLES",43.,6.226833,135,1981081121,"","","","",8.,1,100,1,"","","","","","","","","","","","","","","","","","","","","","","","","","","","",18.5,1,16.4,1,"","","","","","","","","","","","","","","","","","","","","","","","","","",90,1,"","","","","","","","","","","","",19.2,1,1012.1,1,"","","","","","",5,1,5,1,0,1,0,1,2,1,"","","","","","","","","","","","","","","","","","","","","","","","",25000,1,"","",2,1,1,1,"","","","","","","","","","",3,1,"","","","","","","","","","","","","","","","","","","","","","","","","","","","","","","","","","","","","","","","","","","","","","","","","","","","","",""
"83069002","PORQUEROLLES",43.,6.226833,135,1981081200,"","","","",2.,1,20,1,"","","","","","","","","","","","","","","","","","","","","","","","","","","","",18.,1,15.8,1,"","","","","","","","","","","","","","","","","","","","","","","","","","",90,1,"","","","","","","","","","","","",18.5,1,1012.4,1,"","","","","","","","","","","","","","","","","","","","","","","","","","","","","","","","","","","","","","","","","","","","","","","","","","","","","","","","","","","","","","","","","","","","","","","","","","","","","","","","","","","","","","","","","","","","","","","","","","","","","","","","","","","","","","","","","",""
"83069002","PORQUEROLLES",43.,6.226833,135,1981081203,"","","","",2.,1,80,1,"","","","","","","","","","","","","","","","","","","","","","","","","","","","",18.,1,15.8,1,"","","","","","","","","","","","","","","","","","","","","","","","","","",90,1,"","","","","","","","","","","","",18.5,1,1012.,1,"","","","","","",4,1,0,1,2,1,0,1,0,1,"","","","","","","","","","","","","","","","","","","","","","","","",6000,1,"","",0,1,"","","","","","","","","","","","",2,1,0,1,"","","","","","","","","","","","","","","","","","","","","","","","","","","","","","","","","","","","","","","","","","","","","","","","","","","",""
"83069002","PORQUEROLLES",43.,6.226833,135,1981081206,"","","","",1.,1,300,1,"","","","","","","","","","","","","","","","","","","","","","","","","","","","",18.,1,15.8,1,"","","","","","","","","","","","","","","","","","","","","","","","","","",90,1,"","","","","","","","","","","","",18.5,1,1012.,1,"","","","","","",6,1,6,1,2,1,0,1,0,1,"","","","","","","","","","","","","","","","","","","","","","","","",10000,1,"","",3,1,1,1,"","",0,1,"","","","","","",2,1,0,1,"","","","","","","","","","","","","","","","","","","","","","","","","","","","","","","","","","","","","","","","","","","","","","","","","","","",""
"83069002","PORQUEROLLES",43.,6.226833,135,1981081209,"","","","",5.,1,80,1,"","","","","","","","","","","","","","","","","","","","","","","","","","","","",25.,1,19.1,1,"","","","","","","","","","","","","","","","","","","","","","","","","","",72,1,"","","","","","","","","","","","",22.9,1,1012.7,1,"","","","","","",6,1,6,1,2,1,0,1,0,1,"","","","","","","","","","","","","","","","","","","","","","","","",15000,1,"","",2,1,2,1,"","","","","","","","","","",2,1,0,1,"","","","","","","","","","","","","","","","","","","","","","","","","","","","","","","","","","","","","","","","","","","","","","","","","","","",""
"83069002","PORQUEROLLES",43.,6.226833,135,1981081212,"","","","",4.,1,120,1,"","","","","","","","","","","","","","","","","","","","","","","","","","","","",26.5,1,20.6,1,"","","","","","","","","","","","","","","","","","","","","","","","","","",73,1,"","","","","","","","","","","","",25.3,1,1012.8,1,"","","","","","",5,1,0,1,3,1,0,1,4,1,"","","","","","","","","","","","","","","","","","","","","","","","",18000,1,"","",3,1,2,1,"","","","","","","","","","",2,1,0,1,"","","","","","","","","","","","","","","","","","","","","","","","","","","","","","","","","","","","","","","","","","","","","","","","","","","",""
"83069002","PORQUEROLLES",43.,6.226833,135,1981081215,"","","","",1.,1,160,1,"","","","","","","","","","","","","","","","","","","","","","","","","","","","",25.5,1,20.4,1,"","","","","","","","","","","","","","","","","","","","","","","","","","",76,1,"","","","","","","","","","","","",24.9,1,1013.,1,"","","","","","",5,1,0,1,3,1,0,1,4,1,"","","","","","","","","","","","","","","","","","","","","","","","",18000,1,"","",2,1,2,1,"","","","","","","","","","",2,1,0,1,"","","","","","","","","","","","","","","","","","","","","","","","","","","","","","","","","","","","","","","","","","","","","","","","","","","",""
"83069002","PORQUEROLLES",43.,6.226833,135,1981081218,"","","","",0.,1,0,1,"","","","","","","","","","","","","","","","","","","","","","","","","","","","",22.6,1,19.5,1,"","","","","","","","","","","","","","","","","","","","","","","","","","",86,1,"","","","","","","","","","","","",23.6,1,1013.,1,"","","","","","",6,1,5,1,0,1,7,1,2,1,"","","","","","","","","","","","","","","","","","","","","","","","",18000,1,"","",3,1,2,1,"","","","","","","","","","",2,1,0,1,"","","","","","","","","","","","","","","","","","","","","","","","","","","","","","","","","","","","","","","","","","","","","","","","","","","",""
"83069002","PORQUEROLLES",43.,6.226833,135,1981081221,"","","","",3.,1,280,1,"","","","","","","","","","","","","","","","","","","","","","","","","","","","",20.7,1,16.8,1,"","","","","","","","","","","","","","","","","","","","","","","","","","",81,1,"","","","","","","","","","","","",19.8,1,1014.2,1,"","","","","","",3,1,0,1,0,1,0,1,2,1,"","","","","","","","","","","","","","","","","","","","","","","","",18000,1,"","",1,1,1,1,"","","","","","","","","","",2,1,0,1,"","","","","","","","","","","","","","","","","","","","","","","","","","","","","","","","","","","","","","","","","","","","","","","","","","","",""
"83069002","PORQUEROLLES",43.,6.226833,135,1981081300,"","","","",4.,1,280,1,"","","","","","","","","","","","","","","","","","","","","","","","","","","","",20.,1,16.5,1,"","","","","","","","","","","","","","","","","","","","","","","","","","",83,1,"","","","","","","","","","","","",19.4,1,1013.9,1,"","","","","","","","","","","","","","","","","","","","","","","","","","","","","","","","","","","","","","","","","","","","","","","","","","","","","","","","","","","","","","","","","","","","","","","","","","","","","","","","","","","","","","","","","","","","","","","","","","","","","","","","","","","","","","","","","",""
"83069002","PORQUEROLLES",43.,6.226833,135,1981081303,"","","","",3.,1,60,1,"","","","","","","","","","","","","","","","","","","","","","","","","","","","",19.5,1,17.3,1,"","","","","","","","","","","","","","","","","","","","","","","","","","",90,1,"","","","","","","","","","","","",20.5,1,1013.6,1,"","","","","","",0,1,"","",0,1,0,1,0,1,"","","","","","","","","","","","","","","","","","","","","","","","",20000,1,"","",0,1,"","","","","","","","","","","","",2,1,0,1,"","","","","","","","","","","","","","","","","","","","","","","","","","","","","","","","","","","","","","","","","","","","","","","","","","","",""
"83069002","PORQUEROLLES",43.,6.226833,135,1981081306,"","","","",4.,1,120,1,"","","","","","","","","","","","","","","","","","","","","","","","","","","","",20.5,1,18.8,1,"","","","","","","","","","","","","","","","","","","","","","","","","","",93,1,"","","","","","","","","","","","",22.5,1,1014.1,1,"","","","","","",2,1,0,1,1,1,0,1,0,1,"","","","","","","","","","","","","","","","","","","","","","","","",12000,1,"","",3,1,0,1,"","",0,1,"","","","","","",2,1,0,1,"","","","","","","","","","","","","","","","","","","","","","","","","","","","","","","","","","","","","","","","","","","","","","","","","","","",""
"83069002","PORQUEROLLES",43.,6.226833,135,1981081309,"","","","",4.,1,60,1,"","","","","","","","","","","","","","","","","","","","","","","","","","","","",25.4,1,12.8,1,"","","","","","","","","","","","","","","","","","","","","","","","","","",47,1,"","","","","","","","","","","","",15.2,1,1014.7,1,"","","","","","",0,1,"","",0,1,0,1,0,1,"","","","","","","","","","","","","","","","","","","","","","","","",12000,1,"","",2,1,0,1,"","","","","","","","","","",2,1,0,1,"","","","","","","","","","","","","","","","","","","","","","","","","","","","","","","","","","","","","","","","","","","","","","","","","","","",""
"83069002","PORQUEROLLES",43.,6.226833,135,1981081312,"","","","",2.,1,120,1,"","","","","","","","","","","","","","","","","","","","","","","","","","","","",28.,1,16.1,1,"","","","","","","","","","","","","","","","","","","","","","","","","","",50,1,"","","","","","","","","","","","",18.9,1,1014.9,1,"","","","","","",2,1,0,1,2,1,0,1,0,1,"","","","","","","","","","","","","","","","","","","","","","","","",14000,1,"","",3,1,0,1,"","","","","","","","","","",2,1,0,1,"","","","","","","","","","","","","","","","","","","","","","","","","","","","","","","","","","","","","","","","","","","","","","","","","","","",""
"83069002","PORQUEROLLES",43.,6.226833,135,1981081315,"","","","",3.,1,240,1,"","","","","","","","","","","","","","","","","","","","","","","","","","","","",27.,1,16.3,1,"","","","","","","","","","","","","","","","","","","","","","","","","","",54,1,"","","","","","","","","","","","",19.2,1,1014.4,1,"","","","","","",4,1,0,1,2,1,3,1,0,1,"","","","","","","","","","","","","","","","","","","","","","","","",15000,1,"","",3,1,0,1,"","","","","","","","","","",2,1,0,1,"","","","","","","","","","","","","","","","","","","","","","","","","","","","","","","","","","","","","","","","","","","","","","","","","","","",""
"83069002","PORQUEROLLES",43.,6.226833,135,1981081318,"","","","",3.,1,280,1,"","","","","","","","","","","","","","","","","","","","","","","","","","","","",22.8,1,17.1,1,"","","","","","","","","","","","","","","","","","","","","","","","","","",73,1,"","","","","","","","","","","","",20.2,1,1014.4,1,"","","","","","",5,1,0,1,2,1,6,1,0,1,"","","","","","","","","","","","","","","","","","","","","","","","",22000,1,"","",3,1,1,1,"","","","","","","","","","",2,1,0,1,"","","","","","","","","","","","","","","","","","","","","","","","","","","","","","","","","","","","","","","","","","","","","","","","","","","",""
"83069002","PORQUEROLLES",43.,6.226833,135,1981081321,"","","","",2.,1,300,1,"","","","","","","","","","","","","","","","","","","","","","","","","","","","",22.,1,14.6,1,"","","","","","","","","","","","","","","","","","","","","","","","","","",65,1,"","","","","","","","","","","","",17.1,1,1015.2,1,"","","","","","",3,1,0,1,0,1,3,1,0,1,"","","","","","","","","","","","","","","","","","","","","","","","",25000,1,"","",1,1,1,1,"","","","","","","","","","",2,1,0,1,"","","","","","","","","","","","","","","","","","","","","","","","","","","","","","","","","","","","","","","","","","","","","","","","","","","",""
"83069002","PORQUEROLLES",43.,6.226833,135,1981081400,"","","","",4.,1,300,1,"","","","","","","","","","","","","","","","","","","","","","","","","","","","",21.6,1,13.1,1,"","","","","","","","","","","","","","","","","","","","","","","","","","",60,1,"","","","","","","","","","","","",15.5,1,1015.4,1,"","","","","","","","","","","","","","","","","","","","","","","","","","","","","","","","","","","","","","","","","","","","","","","","","","","","","","","","","","","","","","","","","","","","","","","","","","","","","","","","","","","","","","","","","","","","","","","","","","","","","","","","","","","","","","","","","",""
"83069002","PORQUEROLLES",43.,6.226833,135,1981081403,"","","","",2.,1,320,1,"","","","","","","","","","","","","","","","","","","","","","","","","","","","",21.,1,14.5,1,"","","","","","","","","","","","","","","","","","","","","","","","","","",69,1,"","","","","","","","","","","","",17.,1,1015.4,1,"","","","","","",0,1,"","",0,1,0,1,0,1,"","","","","","","","","","","","","","","","","","","","","","","","",25000,1,"","",0,1,"","","","","","","","","","","","",2,1,0,1,"","","","","","","","","","","","","","","","","","","","","","","","","","","","","","","","","","","","","","","","","","","","","","","","","","","",""
"83069002","PORQUEROLLES",43.,6.226833,135,1981081406,"","","","",2.,1,40,1,"","","","","","","","","","","","","","","","","","","","","","","","","","","","",21.8,1,13.6,1,"","","","","","","","","","","","","","","","","","","","","","","","","","",61,1,"","","","","","","","","","","","",16.,1,1015.6,1,"","","","","","",0,1,"","",0,1,0,1,0,1,"","","","","","","","","","","","","","","","","","","","","","","","",14000,1,"","",2,1,0,1,"","",0,1,"","","","","","",2,1,0,1,"","","","","","","","","","","","","","","","","","","","","","","","","","","","","","","","","","","","","","","","","","","","","","","","","","","",""
"83069002","PORQUEROLLES",43.,6.226833,135,1981081409,"","","","",6.,1,80,1,"","","","","","","","","","","","","","","","","","","","","","","","","","","","",27.,1,17.9,1,"","","","","","","","","","","","","","","","","","","","","","","","","","",60,1,"","","","","","","","","","","","",21.3,1,1016.,1,"","","","","","",1,1,0,1,0,1,0,1,2,1,"","","","","","","","","","","","","","","","","","","","","","","","",14000,1,"","",3,1,0,1,"","","","","","","","","","",2,1,0,1,"","","","","","","","","","","","","","","","","","","","","","","","","","","","","","","","","","","","","","","","","","","","","","","","","","","",""
"83069002","PORQUEROLLES",43.,6.226833,135,1981081412,"","","","",4.,1,120,1,"","","","","","","","","","","","","","","","","","","","","","","","","","","","",28.,1,19.1,1,"","","","","","","","","","","","","","","","","","","","","","","","","","",60,1,"","","","","","","","","","","","",22.9,1,1016.5,1,"","","","","","",0,1,"","",0,1,0,1,0,1,"","","","","","","","","","","","","","","","","","","","","","","","",14000,1,"","",1,1,0,1,"","","","","","","","","","",2,1,0,1,"","","","","","","","","","","","","","","","","","","","","","","","","","","","","","","","","","","","","","","","","","","","","","","","","","","",""
"83069002","PORQUEROLLES",43.,6.226833,135,1981081415,"","","","",4.,1,220,1,"","","","","","","","","","","","","","","","","","","","","","","","","","","","",27.,1,17.9,1,"","","","","","","","","","","","","","","","","","","","","","","","","","",60,1,"","","","","","","","","","","","",21.3,1,1016.5,1,"","","","","","",0,1,"","",0,1,0,1,0,1,"","","","","","","","","","","","","","","","","","","","","","","","",14000,1,"","",2,1,0,1,"","","","","","","","","","",2,1,0,1,"","","","","","","","","","","","","","","","","","","","","","","","","","","","","","","","","","","","","","","","","","","","","","","","","","","",""
"83069002","PORQUEROLLES",43.,6.226833,135,1981081418,"","","","",2.,1,280,1,"","","","","","","","","","","","","","","","","","","","","","","","","","","","",24.,1,19.6,1,"","","","","","","","","","","","","","","","","","","","","","","","","","",79,1,"","","","","","","","","","","","",23.7,1,1016.7,1,"","","","","","",0,1,"","",0,1,0,1,0,1,"","","","","","","","","","","","","","","","","","","","","","","","",8000,1,"","",2,1,0,1,"","","","","","","","","","",2,1,0,1,"","","","","","","","","","","","","","","","","","","","","","","","","","","","","","","","","","","","","","","","","","","","","","","","","","","",""
"83069002","PORQUEROLLES",43.,6.226833,135,1981081421,"","","","",4.,1,300,1,"","","","","","","","","","","","","","","","","","","","","","","","","","","","",22.,1,19.8,1,"","","","","","","","","","","","","","","","","","","","","","","","","","",91,1,"","","","","","","","","","","","",24.,1,1016.7,1,"","","","","","",0,1,"","",0,1,0,1,0,1,"","","","","","","","","","","","","","","","","","","","","","","","",8000,1,"","",2,1,0,1,"","","","","","","","","","",2,1,0,1,"","","","","","","","","","","","","","","","","","","","","","","","","","","","","","","","","","","","","","","","","","","","","","","","","","","",""
"83069002","PORQUEROLLES",43.,6.226833,135,1981081500,"","","","",2.,1,300,1,"","","","","","","","","","","","","","","","","","","","","","","","","","","","",22.,1,15.8,1,"","","","","","","","","","","","","","","","","","","","","","","","","","",70,1,"","","","","","","","","","","","",18.5,1,1016.9,1,"","","","","","","","","","","","","","","","","","","","","","","","","","","","","","","","","","","","","","","","","","","","","","","","","","","","","","","","","","","","","","","","","","","","","","","","","","","","","","","","","","","","","","","","","","","","","","","","","","","","","","","","","","","","","","","","","",""
"83069002","PORQUEROLLES",43.,6.226833,135,1981081503,"","","","",0.,1,0,1,"","","","","","","","","","","","","","","","","","","","","","","","","","","","",22.,1,15.8,1,"","","","","","","","","","","","","","","","","","","","","","","","","","",70,1,"","","","","","","","","","","","",18.5,1,1016.9,1,"","","","","","",5,1,5,1,0,1,0,1,2,1,"","","","","","","","","","","","","","","","","","","","","","","","",6000,1,"","",0,1,"","","","","","","","","","","","",2,1,0,1,"","","","","","","","","","","","","","","","","","","","","","","","","","","","","","","","","","","","","","","","","","","","","","","","","","","",""
"83069002","PORQUEROLLES",43.,6.226833,135,1981081506,"","","","",4.,1,80,1,"","","","","","","","","","","","","","","","","","","","","","","","","","","","",21.,1,17.3,1,"","","","","","","","","","","","","","","","","","","","","","","","","","",82,1,"","","","","","","","","","","","",20.4,1,1017.9,1,"","","","","","",0,1,"","",0,1,0,1,0,1,"","","","","","","","","","","","","","","","","","","","","","","","",8000,1,"","",1,1,0,1,"","",0,1,"","","","","","",2,1,0,1,"","","","","","","","","","","","","","","","","","","","","","","","","","","","","","","","","","","","","","","","","","","","","","","","","","","",""
"83069002","PORQUEROLLES",43.,6.226833,135,1981081509,"","","","",5.,1,80,1,"","","","","","","","","","","","","","","","","","","","","","","","","","","","",27.5,1,17.6,1,"","","","","","","","","","","","","","","","","","","","","","","","","","",57,1,"","","","","","","","","","","","",20.9,1,1018.2,1,"","","","","","",0,1,"","",0,1,0,1,0,1,"","","","","","","","","","","","","","","","","","","","","","","","",10000,1,"","",2,1,0,1,"","","","","","","","","","",2,1,0,1,"","","","","","","","","","","","","","","","","","","","","","","","","","","","","","","","","","","","","","","","","","","","","","","","","","","",""
"83069002","PORQUEROLLES",43.,6.226833,135,1981081512,"","","","",2.,1,160,1,"","","","","","","","","","","","","","","","","","","","","","","","","","","","",26.9,1,21.7,1,"","","","","","","","","","","","","","","","","","","","","","","","","","",76,1,"","","","","","","","","","","","",27.,1,1018.1,1,"","","","","","",2,1,0,1,2,1,0,1,0,1,"","","","","","","","","","","","","","","","","","","","","","","","",8000,1,"","",3,1,0,1,"","","","","","","","","","",2,1,0,1,"","","","","","","","","","","","","","","","","","","","","","","","","","","","","","","","","","","","","","","","","","","","","","","","","","","",""
"83069002","PORQUEROLLES",43.,6.226833,135,1981081515,"","","","",3.,1,220,1,"","","","","","","","","","","","","","","","","","","","","","","","","","","","",28.8,1,21.1,1,"","","","","","","","","","","","","","","","","","","","","","","","","","",68,1,"","","","","","","","","","","","",26.,1,1017.2,1,"","","","","","",0,1,"","",0,1,0,1,0,1,"","","","","","","","","","","","","","","","","","","","","","","","",8000,1,"","",1,1,0,1,"","","","","","","","","","",2,1,0,1,"","","","","","","","","","","","","","","","","","","","","","","","","","","","","","","","","","","","","","","","","","","","","","","","","","","",""
"83069002","PORQUEROLLES",43.,6.226833,135,1981081518,"","","","",3.,1,260,1,"","","","","","","","","","","","","","","","","","","","","","","","","","","","",24.4,1,19.9,1,"","","","","","","","","","","","","","","","","","","","","","","","","","",79,1,"","","","","","","","","","","","",24.1,1,1016.8,1,"","","","","","",0,1,"","",0,1,0,1,0,1,"","","","","","","","","","","","","","","","","","","","","","","","",5000,1,"","",2,1,0,1,"","","","","","","","","","",2,1,0,1,"","","","","","","","","","","","","","","","","","","","","","","","","","","","","","","","","","","","","","","","","","","","","","","","","","","",""
"83069002","PORQUEROLLES",43.,6.226833,135,1981081521,"","","","",5.,1,280,1,"","","","","","","","","","","","","","","","","","","","","","","","","","","","",22.,1,20.6,1,"","","","","","","","","","","","","","","","","","","","","","","","","","",95,1,"","","","","","","","","","","","",25.2,1,1016.9,1,"","","","","","",0,1,"","",0,1,0,1,0,1,"","","","","","","","","","","","","","","","","","","","","","","","",5000,1,"","",2,1,0,1,"","","","","","","","","","",2,1,0,1,"","","","","","","","","","","","","","","","","","","","","","","","","","","","","","","","","","","","","","","","","","","","","","","","","","","",""
"83069002","PORQUEROLLES",43.,6.226833,135,1981081600,"","","","",4.,1,280,1,"","","","","","","","","","","","","","","","","","","","","","","","","","","","",21.5,1,20.1,1,"","","","","","","","","","","","","","","","","","","","","","","","","","",96,1,"","","","","","","","","","","","",24.5,1,1017.,1,"","","","","","","","","","","","","","","","","","","","","","","","","","","","","","","","","","","","","","","","","","","","","","","","","","","","","","","","","","","","","","","","","","","","","","","","","","","","","","","","","","","","","","","","","","","","","","","","","","","","","","","","","","","","","","","","","",""
"83069002","PORQUEROLLES",43.,6.226833,135,1981081603,"","","","",4.,1,280,1,"","","","","","","","","","","","","","","","","","","","","","","","","","","","",21.5,1,15.4,1,"","","","","","","","","","","","","","","","","","","","","","","","","","",70,1,"","","","","","","","","","","","",18.,1,1016.2,1,"","","","","","",0,1,"","",0,1,0,1,0,1,"","","","","","","","","","","","","","","","","","","","","","","","",4000,1,"","",10,1,"","","","","","","","","","","","",2,1,0,1,"","","","","","","","","","","","","","","","","","","","","","","","","","","","","","","","","","","","","","","","","","","","","","","","","","","",""
"83069002","PORQUEROLLES",43.,6.226833,135,1981081606,"","","","",4.,1,280,1,"","","","","","","","","","","","","","","","","","","","","","","","","","","","",21.2,1,19.5,1,"","","","","","","","","","","","","","","","","","","","","","","","","","",93,1,"","","","","","","","","","","","",23.6,1,1016.2,1,"","","","","","",0,1,"","",0,1,0,1,0,1,"","","","","","","","","","","","","","","","","","","","","","","","",10000,1,"","",2,1,0,1,"","",0,1,"","","","","","",2,1,0,1,"","","","","","","","","","","","","","","","","","","","","","","","","","","","","","","","","","","","","","","","","","","","","","","","","","","",""
"83069002","PORQUEROLLES",43.,6.226833,135,1981081609,"","","","",4.,1,280,1,"","","","","","","","","","","","","","","","","","","","","","","","","","","","",25.,1,19.9,1,"","","","","","","","","","","","","","","","","","","","","","","","","","",76,1,"","","","","","","","","","","","",24.1,1,1016.4,1,"","","","","","",0,1,"","",0,1,0,1,0,1,"","","","","","","","","","","","","","","","","","","","","","","","",10000,1,"","",2,1,0,1,"","","","","","","","","","",2,1,0,1,"","","","","","","","","","","","","","","","","","","","","","","","","","","","","","","","","","","","","","","","","","","","","","","","","","","",""
"83069002","PORQUEROLLES",43.,6.226833,135,1981081612,"","","","",8.,1,260,1,"","","","","","","","","","","","","","","","","","","","","","","","","","","","",27.8,1,20.,1,"","","","","","","","","","","","","","","","","","","","","","","","","","",65,1,"","","","","","","","","","","","",24.3,1,1015.9,1,"","","","","","",0,1,"","",0,1,0,1,0,1,"","","","","","","","","","","","","","","","","","","","","","","","",15000,1,"","",2,1,0,1,"","","","","","","","","","",3,1,270,1,"","","","","","","","","","","","","","","","","","","","","","","","","","","","","","","","","","","","","","","","","","","","","","","","","","","",""
"83069002","PORQUEROLLES",43.,6.226833,135,1981081615,"","","","",11.,1,260,1,"","","","","","","","","","","","","","","","","","","","","","","","","","","","",27.4,1,20.6,1,"","","","","","","","","","","","","","","","","","","","","","","","","","",69,1,"","","","","","","","","","","","",25.2,1,1015.1,1,"","","","","","",0,1,"","",0,1,0,1,0,1,"","","","","","","","","","","","","","","","","","","","","","","","",12000,1,"","",2,1,0,1,"","","","","","","","","","",3,1,270,1,"","","","","","","","","","","","","","","","","","","","","","","","","","","","","","","","","","","","","","","","","","","","","","","","","","","",""
"83069002","PORQUEROLLES",43.,6.226833,135,1981081618,"","","","",7.,1,260,1,"","","","","","","","","","","","","","","","","","","","","","","","","","","","",23.6,1,22.,1,"","","","","","","","","","","","","","","","","","","","","","","","","","",94,1,"","","","","","","","","","","","",27.6,1,1014.6,1,"","","","","","",0,1,"","",0,1,0,1,0,1,"","","","","","","","","","","","","","","","","","","","","","","","",9000,1,"","",2,1,0,1,"","","","","","","","","","",3,1,270,1,"","","","","","","","","","","","","","","","","","","","","","","","","","","","","","","","","","","","","","","","","","","","","","","","","","","",""
"83069002","PORQUEROLLES",43.,6.226833,135,1981081621,"","","","",7.,1,260,1,"","","","","","","","","","","","","","","","","","","","","","","","","","","","",21.8,1,20.2,1,"","","","","","","","","","","","","","","","","","","","","","","","","","",95,1,"","","","","","","","","","","","",24.7,1,1014.2,1,"","","","","","",0,1,"","",0,1,0,1,0,1,"","","","","","","","","","","","","","","","","","","","","","","","",6000,1,"","",2,1,0,1,"","","","","","","","","","",3,1,270,1,"","","","","","","","","","","","","","","","","","","","","","","","","","","","","","","","","","","","","","","","","","","","","","","","","","","",""
"83069002","PORQUEROLLES",43.,6.226833,135,1981081700,"","","","",5.,1,260,1,"","","","","","","","","","","","","","","","","","","","","","","","","","","","",21.,1,19.6,1,"","","","","","","","","","","","","","","","","","","","","","","","","","",95,1,"","","","","","","","","","","","",23.7,1,1012.9,1,"","","","","","",4,1,0,1,2,1,0,1,0,1,"","","","","","","","","","","","","","","","","","","","","","","","",4000,1,"","",10,1,0,1,"","","","","","","","","","",3,1,"","","","","","","","","","","","","","","","","","","","","","","","","","","","","","","","","","","","","","","","","","","","","","","","","","","","","",""
"83069002","PORQUEROLLES",43.,6.226833,135,1981081703,"","","","",7.,1,260,1,"","","","","","","","","","","","","","","","","","","","","","","","","","","","",21.,1,19.6,1,"","","","","","","","","","","","","","","","","","","","","","","","","","",95,1,"","","","","","","","","","","","",23.7,1,1011.8,1,"","","","","","",4,1,0,1,0,1,0,1,2,1,"","","","","","","","","","","","","","","","","","","","","","","","",4000,1,"","",10,1,4,1,"","","","","","","","","","",2,1,"","","","","","","","","","","","","","","","","","","","","","","","","","","","","","","","","","","","","","","","","","","","","","","","","","","","","",""
"83069002","PORQUEROLLES",43.,6.226833,135,1981081706,"","","","",2.,1,360,1,"","","","","","","","","","","","","","","","","","","","","","","","","","","","",20.4,1,18.5,1,"","","","","","","","","","","","","","","","","","","","","","","","","","",92,1,"","","","","","","","","","","","",22.1,1,1012.2,1,"","","","","","",5,1,5,1,0,1,0,1,6,1,"","","","","","","","","","","","","","","","","","","","","","","","",5000,1,"","",3,1,4,1,"","",0,1,"","","","","","",2,1,0,1,"","","","","","","","","","","","","","","","","","","","","","","","","","","","","","","","","","","","","","","","","","","","","","","","","","","",""
"83069002","PORQUEROLLES",43.,6.226833,135,1981081709,"","","","",2.,1,80,1,"","","","","","","","","","","","","","","","","","","","","","","","","","","","",25.5,1,20.1,1,"","","","","","","","","","","","","","","","","","","","","","","","","","",73,1,"","","","","","","","","","","","",24.5,1,1012.6,1,"","","","","","",5,1,5,1,0,1,0,1,6,1,"","","","","","","","","","","","","","","","","","","","","","","","",8000,1,"","",2,1,4,1,"","","","","","","","","","",2,1,0,1,"","","","","","","","","","","","","","","","","","","","","","","","","","","","","","","","","","","","","","","","","","","","","","","","","","","",""
"83069002","PORQUEROLLES",43.,6.226833,135,1981081712,"","","","",3.,1,140,1,"","","","","","","","","","","","","","","","","","","","","","","","","","","","",26.5,1,20.7,1,"","","","","","","","","","","","","","","","","","","","","","","","","","",73,1,"","","","","","","","","","","","",25.4,1,1012.5,1,"","","","","","",5,1,5,1,0,1,0,1,6,1,"","","","","","","","","","","","","","","","","","","","","","","","",8000,1,"","",2,1,4,1,"","","","","","","","","","",2,1,0,1,"","","","","","","","","","","","","","","","","","","","","","","","","","","","","","","","","","","","","","","","","","","","","","","","","","","",""
"83069002","PORQUEROLLES",43.,6.226833,135,1981081715,"","","","",6.,1,120,1,"","","","","","","","","","","","","","","","","","","","","","","","","","","","",26.5,1,20.7,1,"","","","","","","","","","","","","","","","","","","","","","","","","","",73,1,"","","","","","","","","","","","",25.4,1,1011.8,1,"","","","","","",3,1,0,1,0,1,0,1,6,1,"","","","","","","","","","","","","","","","","","","","","","","","",8000,1,"","",1,1,4,1,"","","","","","","","","","",2,1,0,1,"","","","","","","","","","","","","","","","","","","","","","","","","","","","","","","","","","","","","","","","","","","","","","","","","","","",""
"83069002","PORQUEROLLES",43.,6.226833,135,1981081718,"","","","",1.,1,120,1,"","","","","","","","","","","","","","","","","","","","","","","","","","","","",24.,1,20.1,1,"","","","","","","","","","","","","","","","","","","","","","","","","","",82,1,"","","","","","","","","","","","",24.4,1,1012.4,1,"","","","","","",3,1,0,1,0,1,0,1,4,1,"","","","","","","","","","","","","","","","","","","","","","","","",5000,1,"","",2,1,0,1,"","","","","","","","","","",1,1,0,1,"","","","","","","","","","","","","","","","","","","","","","","","","","","","","","","","","","","","","","","","","","","","","","","","","","","",""
"83069002","PORQUEROLLES",43.,6.226833,135,1981081721,"","","","",3.,1,60,1,"","","","","","","","","","","","","","","","","","","","","","","","","","","","",21.,1,19.6,1,"","","","","","","","","","","","","","","","","","","","","","","","","","",95,1,"","","","","","","","","","","","",23.7,1,1013.3,1,"","","","","","",3,1,0,1,0,1,0,1,4,1,"","","","","","","","","","","","","","","","","","","","","","","","",5000,1,"","",2,1,0,1,"","","","","","","","","","",1,1,0,1,"","","","","","","","","","","","","","","","","","","","","","","","","","","","","","","","","","","","","","","","","","","","","","","","","","","",""
"83069002","PORQUEROLLES",43.,6.226833,135,1981081800,"","","","",6.,1,60,1,"","","","","","","","","","","","","","","","","","","","","","","","","","","","",21.8,1,19.5,1,"","","","","","","","","","","","","","","","","","","","","","","","","","",90,1,"","","","","","","","","","","","",23.5,1,1017.,1,"","","","","","","","","","","","","","","","","","","","","","","","","","","","","","","","","","","","","","","","","","","","","","","","","","","","","","","","","","","","","","","","","","","","","","","","","","","","","","","","","","","","","","","","","","","","","","","","","","","","","","","","","","","","","","","","","",""
"83069002","PORQUEROLLES",43.,6.226833,135,1981081803,"","","","",7.,1,60,1,"","","","","","","","","","","","","","","","","","","","","","","","","","","","",21.5,1,20.1,1,"","","","","","","","","","","","","","","","","","","","","","","","","","",95,1,"","","","","","","","","","","","",24.5,1,1015.4,1,"","","","","","",5,1,5,1,0,1,0,1,4,1,"","","","","","","","","","","","","","","","","","","","","","","","",5000,1,"","",0,1,4,1,"","","","","","","","","","",1,1,0,1,"","","","","","","","","","","","","","","","","","","","","","","","","","","","","","","","","","","","","","","","","","","","","","","","","","","",""
"83069002","PORQUEROLLES",43.,6.226833,135,1981081806,"","","","",7.,1,80,1,"","","","","","","","","","","","","","","","","","","","","","","","","","","","",22.,1,17.5,1,"","","","","","","","","","","","","","","","","","","","","","","","","","",78,1,"","","","","","","","","","","","",20.7,1,1016.6,1,"","","","","","",5,1,5,1,0,1,7,1,0,1,"","","","","","","","","","","","","","","","","","","","","","","","",10000,1,"","",2,1,0,1,"","",0,1,"","","","","","",2,1,0,1,"","","","","","","","","","","","","","","","","","","","","","","","","","","","","","","","","","","","","","","","","","","","","","","","","","","",""
"83069002","PORQUEROLLES",43.,6.226833,135,1981081809,"","","","",2.,1,60,1,"","","","","","","","","","","","","","","","","","","","","","","","","","","","",25.5,1,17.3,1,"","","","","","","","","","","","","","","","","","","","","","","","","","",63,1,"","","","","","","","","","","","",20.5,1,1018.3,1,"","","","","","",3,1,0,1,0,1,7,1,0,1,"","","","","","","","","","","","","","","","","","","","","","","","",10000,1,"","",1,1,0,1,"","","","","","","","","","",2,1,0,1,"","","","","","","","","","","","","","","","","","","","","","","","","","","","","","","","","","","","","","","","","","","","","","","","","","","",""
"83069002","PORQUEROLLES",43.,6.226833,135,1981081812,"","","","",7.,1,60,1,"","","","","","","","","","","","","","","","","","","","","","","","","","","","",28.5,1,17.9,1,"","","","","","","","","","","","","","","","","","","","","","","","","","",55,1,"","","","","","","","","","","","",21.3,1,1018.6,1,"","","","","","",0,1,"","",0,1,0,1,0,1,"","","","","","","","","","","","","","","","","","","","","","","","",10000,1,"","",1,1,0,1,"","","","","","","","","","",2,1,0,1,"","","","","","","","","","","","","","","","","","","","","","","","","","","","","","","","","","","","","","","","","","","","","","","","","","","",""
"83069002","PORQUEROLLES",43.,6.226833,135,1981081815,"","","","",5.,1,100,1,"","","","","","","","","","","","","","","","","","","","","","","","","","","","",28.5,1,17.9,1,"","","","","","","","","","","","","","","","","","","","","","","","","","",55,1,"","","","","","","","","","","","",21.3,1,1018.2,1,"","","","","","",0,1,"","",0,1,0,1,0,1,"","","","","","","","","","","","","","","","","","","","","","","","",10000,1,"","",2,1,0,1,"","","","","","","","","","",2,1,0,1,"","","","","","","","","","","","","","","","","","","","","","","","","","","","","","","","","","","","","","","","","","","","","","","","","","","",""
"83069002","PORQUEROLLES",43.,6.226833,135,1981081818,"","","","",1.,1,120,1,"","","","","","","","","","","","","","","","","","","","","","","","","","","","",23.,1,19.,1,"","","","","","","","","","","","","","","","","","","","","","","","","","",81,1,"","","","","","","","","","","","",22.8,1,1018.8,1,"","","","","","",0,1,"","",0,1,0,1,0,1,"","","","","","","","","","","","","","","","","","","","","","","","",10000,1,"","",2,1,0,1,"","","","","","","","","","",2,1,0,1,"","","","","","","","","","","","","","","","","","","","","","","","","","","","","","","","","","","","","","","","","","","","","","","","","","","",""
"83069002","PORQUEROLLES",43.,6.226833,135,1981081821,"","","","",1.,1,280,1,"","","","","","","","","","","","","","","","","","","","","","","","","","","","",21.2,1,18.7,1,"","","","","","","","","","","","","","","","","","","","","","","","","","",89,1,"","","","","","","","","","","","",22.4,1,1019.6,1,"","","","","","",0,1,"","",0,1,0,1,0,1,"","","","","","","","","","","","","","","","","","","","","","","","",10000,1,"","",2,1,0,1,"","","","","","","","","","",2,1,0,1,"","","","","","","","","","","","","","","","","","","","","","","","","","","","","","","","","","","","","","","","","","","","","","","","","","","",""
"83069002","PORQUEROLLES",43.,6.226833,135,1981081900,"","","","",2.,1,260,1,"","","","","","","","","","","","","","","","","","","","","","","","","","","","",20.8,1,18.5,1,"","","","","","","","","","","","","","","","","","","","","","","","","","",90,1,"","","","","","","","","","","","",22.1,1,1019.7,1,"","","","","","","","","","","","","","","","","","","","","","","","","","","","","","","","","","","","","","","","","","","","","","","","","","","","","","","","","","","","","","","","","","","","","","","","","","","","","","","","","","","","","","","","","","","","","","","","","","","","","","","","","","","","","","","","","",""
"83069002","PORQUEROLLES",43.,6.226833,135,1981081903,"","","","",1.,1,320,1,"","","","","","","","","","","","","","","","","","","","","","","","","","","","",20.6,1,18.3,1,"","","","","","","","","","","","","","","","","","","","","","","","","","",90,1,"","","","","","","","","","","","",21.8,1,1019.,1,"","","","","","",0,1,"","",0,1,0,1,0,1,"","","","","","","","","","","","","","","","","","","","","","","","",15000,1,"","",0,1,"","","","","","","","","","","","",2,1,0,1,"","","","","","","","","","","","","","","","","","","","","","","","","","","","","","","","","","","","","","","","","","","","","","","","","","","",""
"83069002","PORQUEROLLES",43.,6.226833,135,1981081906,"","","","",2.,1,280,1,"","","","","","","","","","","","","","","","","","","","","","","","","","","","",20.4,1,18.2,1,"","","","","","","","","","","","","","","","","","","","","","","","","","",90,1,"","","","","","","","","","","","",21.7,1,1019.,1,"","","","","","",0,1,"","",0,1,0,1,0,1,"","","","","","","","","","","","","","","","","","","","","","","","",8000,1,"","",2,1,0,1,"","",0,1,"","","","","","",2,1,0,1,"","","","","","","","","","","","","","","","","","","","","","","","","","","","","","","","","","","","","","","","","","","","","","","","","","","",""
"83069002","PORQUEROLLES",43.,6.226833,135,1981081909,"","","","",1.,1,280,1,"","","","","","","","","","","","","","","","","","","","","","","","","","","","",24.4,1,16.2,1,"","","","","","","","","","","","","","","","","","","","","","","","","","",62,1,"","","","","","","","","","","","",19.,1,1018.9,1,"","","","","","",0,1,"","",0,1,0,1,0,1,"","","","","","","","","","","","","","","","","","","","","","","","",7000,1,"","",2,1,0,1,"","","","","","","","","","",2,1,0,1,"","","","","","","","","","","","","","","","","","","","","","","","","","","","","","","","","","","","","","","","","","","","","","","","","","","",""
"83069002","PORQUEROLLES",43.,6.226833,135,1981081912,"","","","",6.,1,260,1,"","","","","","","","","","","","","","","","","","","","","","","","","","","","",26.6,1,16.3,1,"","","","","","","","","","","","","","","","","","","","","","","","","","",55,1,"","","","","","","","","","","","",19.1,1,1017.8,1,"","","","","","",0,1,"","",0,1,0,1,0,1,"","","","","","","","","","","","","","","","","","","","","","","","",9000,1,"","",2,1,0,1,"","","","","","","","","","",3,1,270,1,"","","","","","","","","","","","","","","","","","","","","","","","","","","","","","","","","","","","","","","","","","","","","","","","","","","",""
"83069002","PORQUEROLLES",43.,6.226833,135,1981081915,"","","","",8.,1,240,1,"","","","","","","","","","","","","","","","","","","","","","","","","","","","",25.,1,18.6,1,"","","","","","","","","","","","","","","","","","","","","","","","","","",70,1,"","","","","","","","","","","","",22.2,1,1016.2,1,"","","","","","",3,1,0,1,0,1,0,1,4,1,"","","","","","","","","","","","","","","","","","","","","","","","",10000,1,"","",3,1,0,1,"","","","","","","","","","",3,1,270,1,"","","","","","","","","","","","","","","","","","","","","","","","","","","","","","","","","","","","","","","","","","","","","","","","","","","",""
"83069002","PORQUEROLLES",43.,6.226833,135,1981081918,"","","","",8.,1,260,1,"","","","","","","","","","","","","","","","","","","","","","","","","","","","",22.4,1,18.,1,"","","","","","","","","","","","","","","","","","","","","","","","","","",79,1,"","","","","","","","","","","","",21.4,1,1015.,1,"","","","","","",5,1,5,1,0,1,0,1,6,1,"","","","","","","","","","","","","","","","","","","","","","","","",12000,1,"","",3,1,1,1,"","","","","","","","","","",3,1,270,1,"","","","","","","","","","","","","","","","","","","","","","","","","","","","","","","","","","","","","","","","","","","","","","","","","","","",""
"83069002","PORQUEROLLES",43.,6.226833,135,1981081921,"","","","",7.,1,260,1,"","","","","","","","","","","","","","","","","","","","","","","","","","","","",21.,1,19.1,1,"","","","","","","","","","","","","","","","","","","","","","","","","","",92,1,"","","","","","","","","","","","",23.,1,1014.9,1,"","","","","","",1,1,0,1,0,1,0,1,2,1,"","","","","","","","","","","","","","","","","","","","","","","","",14000,1,"","",1,1,1,1,"","","","","","","","","","",3,1,270,1,"","","","","","","","","","","","","","","","","","","","","","","","","","","","","","","","","","","","","","","","","","","","","","","","","","","",""
"83069002","PORQUEROLLES",43.,6.226833,135,1981082000,"","","","",5.,1,260,1,"","","","","","","","","","","","","","","","","","","","","","","","","","","","",19.6,1,17.4,1,"","","","","","","","","","","","","","","","","","","","","","","","","","",90,1,"","","","","","","","","","","","",20.5,1,1013.6,1,"","","","","","","","","","","","","","","","","","","","","","","","","","","","","","","","","","","","","","","","","","","","","","","","","","","","","","","","","","","","","","","","","","","","","","","","","","","","","","","","","","","","","","","","","","","","","","","","","","","","","","","","","","","","","","","","","",""
"83069002","PORQUEROLLES",43.,6.226833,135,1981082003,"","","","",5.,1,260,1,"","","","","","","","","","","","","","","","","","","","","","","","","","","","",20.,1,18.2,1,"","","","","","","","","","","","","","","","","","","","","","","","","","",92,1,"","","","","","","","","","","","",21.6,1,1012.5,1,"","","","","","",3,1,0,1,2,1,0,1,0,1,"","","","","","","","","","","","","","","","","","","","","","","","",11000,1,"","",0,1,"","","","","","","","","","","","",2,1,"","","","","","","","","","","","","","","","","","","","","","","","","","","","","","","","","","","","","","","","","","","","","","","","","","","","","",""
"83069002","PORQUEROLLES",43.,6.226833,135,1981082006,"","","","",5.,1,260,1,"","","","","","","","","","","","","","","","","","","","","","","","","","","","",20.,1,18.6,1,"","","","","","","","","","","","","","","","","","","","","","","","","","",95,1,"","","","","","","","","","","","",22.1,1,1012.2,1,"","","","","","",4,1,0,1,1,1,4,1,0,1,"","","","","","","","","","","","","","","","","","","","","","","","",4000,1,"","",10,1,4,1,"","",0,1,"","","","","","",2,1,0,1,"","","","","","","","","","","","","","","","","","","","","","","","","","","","","","","","","","","","","","","","","","","","","","","","","","","",""
"83069002","PORQUEROLLES",43.,6.226833,135,1981082009,"","","","",6.,1,240,1,"","","","","","","","","","","","","","","","","","","","","","","","","","","","",23.,1,17.8,1,"","","","","","","","","","","","","","","","","","","","","","","","","","",75,1,"","","","","","","","","","","","",21.,1,1012.7,1,"","","","","","",0,1,"","",0,1,0,1,0,1,"","","","","","","","","","","","","","","","","","","","","","","","",4000,1,"","",10,1,4,1,"","","","","","","","","","",2,1,0,1,"","","","","","","","","","","","","","","","","","","","","","","","","","","","","","","","","","","","","","","","","","","","","","","","","","","",""
"83069002","PORQUEROLLES",43.,6.226833,135,1981082012,"","","","",7.,1,240,1,"","","","","","","","","","","","","","","","","","","","","","","","","","","","",24.4,1,19.5,1,"","","","","","","","","","","","","","","","","","","","","","","","","","",77,1,"","","","","","","","","","","","",23.5,1,1010.1,1,"","","","","","",2,1,0,1,0,1,4,1,0,1,"","","","","","","","","","","","","","","","","","","","","","","","",4000,1,"","",10,1,4,1,"","","","","","","","","","",2,1,0,1,"","","","","","","","","","","","","","","","","","","","","","","","","","","","","","","","","","","","","","","","","","","","","","","","","","","",""
"83069002","PORQUEROLLES",43.,6.226833,135,1981082015,"","","","",11.,1,240,1,"","","","","","","","","","","","","","","","","","","","","","","","","","","","",25.5,1,18.8,1,"","","","","","","","","","","","","","","","","","","","","","","","","","",69,1,"","","","","","","","","","","","",22.5,1,1008.2,1,"","","","","","",0,1,"","",0,1,0,1,0,1,"","","","","","","","","","","","","","","","","","","","","","","","",4000,1,"","",10,1,4,1,"","","","","","","","","","",3,1,0,1,"","","","","","","","","","","","","","","","","","","","","","","","","","","","","","","","","","","","","","","","","","","","","","","","","","","",""
"83069002","PORQUEROLLES",43.,6.226833,135,1981082018,"","","","",12.,1,260,1,"","","","","","","","","","","","","","","","","","","","","","","","","","","","",23.5,1,17.5,1,"","","","","","","","","","","","","","","","","","","","","","","","","","",71,1,"","","","","","","","","","","","",20.6,1,1007.3,1,"","","","","","",2,1,0,1,0,1,0,1,2,1,"","","","","","","","","","","","","","","","","","","","","","","","",15000,1,"","",3,1,4,1,"","","","","","","","","","",4,1,270,1,"","","","","","","","","","","","","","","","","","","","","","","","","","","","","","","","","","","","","","","","","","","","","","","","","","","",""
"83069002","PORQUEROLLES",43.,6.226833,135,1981082021,"","","","",9.,1,280,1,"","","","","","","","","","","","","","","","","","","","","","","","","","","","",23.,1,16.9,1,"","","","","","","","","","","","","","","","","","","","","","","","","","",71,1,"","","","","","","","","","","","",19.9,1,1006.8,1,"","","","","","",2,1,0,1,0,1,0,1,2,1,"","","","","","","","","","","","","","","","","","","","","","","","",15000,1,"","",2,1,0,1,"","","","","","","","","","",4,1,270,1,"","","","","","","","","","","","","","","","","","","","","","","","","","","","","","","","","","","","","","","","","","","","","","","","","","","",""
"83069002","PORQUEROLLES",43.,6.226833,135,1981082100,"","","","",13.,1,260,1,"","","","","","","","","","","","","","","","","","","","","","","","","","","","",21.5,1,14.8,1,"","","","","","","","","","","","","","","","","","","","","","","","","","",68,1,"","","","","","","","","","","","",17.4,1,1006.1,1,"","","","","","","","","","","","","","","","","","","","","","","","","","","","","","","","","","","","","","","","","","","","","","","","","","","","","","","","","","","","","","","","","","","","","","","","","","","","","","","","","","","","","","","","","","","","","","","","","","","","","","","","","","","","","","","","","",""
"83069002","PORQUEROLLES",43.,6.226833,135,1981082103,"","","","",16.,1,280,1,"","","","","","","","","","","","","","","","","","","","","","","","","","","","",21.5,1,11.7,1,"","","","","","","","","","","","","","","","","","","","","","","","","","",57,1,"","","","","","","","","","","","",14.1,1,1005.9,1,"","","","","","",0,1,"","",0,1,0,1,0,1,"","","","","","","","","","","","","","","","","","","","","","","","",15000,1,"","",0,1,"","","","","","","","","","","","",4,1,270,1,"","","","","","","","","","","","","","","","","","","","","","","","","","","","","","","","","","","","","","","","","","","","","","","","","","","",""
"83069002","PORQUEROLLES",43.,6.226833,135,1981082106,"","","","",12.,1,260,1,"","","","","","","","","","","","","","","","","","","","","","","","","","","","",19.5,1,11.3,1,"","","","","","","","","","","","","","","","","","","","","","","","","","",60,1,"","","","","","","","","","","","",13.7,1,1006.,1,"","","","","","",3,1,0,1,0,1,0,1,2,1,"","","","","","","","","","","","","","","","","","","","","","","","",15000,1,"","",3,1,0,1,"","",0,1,"","","","","","",4,1,270,1,"","","","","","","","","","","","","","","","","","","","","","","","","","","","","","","","","","","","","","","","","","","","","","","","","","","",""
"83069002","PORQUEROLLES",43.,6.226833,135,1981082109,"","","","",13.,1,260,1,"","","","","","","","","","","","","","","","","","","","","","","","","","","","",23.,1,12.3,1,"","","","","","","","","","","","","","","","","","","","","","","","","","",52,1,"","","","","","","","","","","","",14.7,1,1005.9,1,"","","","","","",4,1,0,1,0,1,4,1,2,1,"","","","","","","","","","","","","","","","","","","","","","","","",30000,1,"","",3,1,0,1,"","","","","","","","","","",4,1,270,1,"","","","","","","","","","","","","","","","","","","","","","","","","","","","","","","","","","","","","","","","","","","","","","","","","","","",""
"83069002","PORQUEROLLES",43.,6.226833,135,1981082112,"","","","",13.,1,260,1,"","","","","","","","","","","","","","","","","","","","","","","","","","","","",26.,1,10.8,1,"","","","","","","","","","","","","","","","","","","","","","","","","","",40,1,"","","","","","","","","","","","",13.3,1,1005.7,1,"","","","","","",4,1,0,1,0,1,4,1,2,1,"","","","","","","","","","","","","","","","","","","","","","","","",30000,1,"","",2,1,0,1,"","","","","","","","","","",4,1,270,1,"","","","","","","","","","","","","","","","","","","","","","","","","","","","","","","","","","","","","","","","","","","","","","","","","","","",""
"83069002","PORQUEROLLES",43.,6.226833,135,1981082115,"","","","",15.,1,260,1,"","","","","","","","","","","","","","","","","","","","","","","","","","","","",25.3,1,9.8,1,"","","","","","","","","","","","","","","","","","","","","","","","","","",39,1,"","","","","","","","","","","","",12.4,1,1006.1,1,"","","","","","",4,1,0,1,0,1,4,1,2,1,"","","","","","","","","","","","","","","","","","","","","","","","",30000,1,"","",2,1,1,1,"","","","","","","","","","",4,1,270,1,"","","","","","","","","","","","","","","","","","","","","","","","","","","","","","","","","","","","","","","","","","","","","","","","","","","",""
"83069002","PORQUEROLLES",43.,6.226833,135,1981082118,"","","","",10.,1,280,1,"","","","","","","","","","","","","","","","","","","","","","","","","","","","",23.,1,13.1,1,"","","","","","","","","","","","","","","","","","","","","","","","","","",55,1,"","","","","","","","","","","","",15.5,1,1007.2,1,"","","","","","",6,1,6,1,0,1,0,1,2,1,"","","","","","","","","","","","","","","","","","","","","","","","",30000,1,"","",3,1,1,1,"","","","","","","","","","",4,1,270,1,"","","","","","","","","","","","","","","","","","","","","","","","","","","","","","","","","","","","","","","","","","","","","","","","","","","",""
"83069002","PORQUEROLLES",43.,6.226833,135,1981082121,"","","","",6.,1,300,1,"","","","","","","","","","","","","","","","","","","","","","","","","","","","",20.4,1,12.1,1,"","","","","","","","","","","","","","","","","","","","","","","","","","",60,1,"","","","","","","","","","","","",14.5,1,1008.6,1,"","","","","","",2,1,0,1,0,1,0,1,2,1,"","","","","","","","","","","","","","","","","","","","","","","","",25000,1,"","",1,1,1,1,"","","","","","","","","","",4,1,270,1,"","","","","","","","","","","","","","","","","","","","","","","","","","","","","","","","","","","","","","","","","","","","","","","","","","","",""
"83069002","PORQUEROLLES",43.,6.226833,135,1981082200,"","","","",4.,1,340,1,"","","","","","","","","","","","","","","","","","","","","","","","","","","","",19.2,1,12.7,1,"","","","","","","","","","","","","","","","","","","","","","","","","","",70,1,"","","","","","","","","","","","",15.1,1,1009.8,1,"","","","","","","","","","","","","","","","","","","","","","","","","","","","","","","","","","","","","","","","","","","","","","","","","","","","","","","","","","","","","","","","","","","","","","","","","","","","","","","","","","","","","","","","","","","","","","","","","","","","","","","","","","","","","","","","","",""
"83069002","PORQUEROLLES",43.,6.226833,135,1981082203,"","","","",4.,1,360,1,"","","","","","","","","","","","","","","","","","","","","","","","","","","","",19.,1,12.2,1,"","","","","","","","","","","","","","","","","","","","","","","","","","",67,1,"","","","","","","","","","","","",14.6,1,1010.9,1,"","","","","","",2,1,0,1,0,1,0,1,2,1,"","","","","","","","","","","","","","","","","","","","","","","","",25000,1,"","",0,1,"","","","","","","","","","","","",3,1,270,1,"","","","","","","","","","","","","","","","","","","","","","","","","","","","","","","","","","","","","","","","","","","","","","","","","","","",""
"83069002","PORQUEROLLES",43.,6.226833,135,1981082206,"","","","",3.,1,360,1,"","","","","","","","","","","","","","","","","","","","","","","","","","","","",19.,1,13.6,1,"","","","","","","","","","","","","","","","","","","","","","","","","","",73,1,"","","","","","","","","","","","",16.,1,1012.8,1,"","","","","","",5,1,5,1,0,1,0,1,2,1,"","","","","","","","","","","","","","","","","","","","","","","","",18000,1,"","",3,1,1,1,"","",0,1,"","","","","","",3,1,270,1,"","","","","","","","","","","","","","","","","","","","","","","","","","","","","","","","","","","","","","","","","","","","","","","","","","","",""
"83069002","PORQUEROLLES",43.,6.226833,135,1981082209,"","","","",11.,1,80,1,"","","","","","","","","","","","","","","","","","","","","","","","","","","","",25.,1,18.5,1,"","","","","","","","","","","","","","","","","","","","","","","","","","",70,1,"","","","","","","","","","","","",22.1,1,1013.9,1,"","","","","","",5,1,5,1,0,1,0,1,2,1,"","","","","","","","","","","","","","","","","","","","","","","","",10000,1,"","",2,1,1,1,"","","","","","","","","","",3,1,270,1,"","","","","","","","","","","","","","","","","","","","","","","","","","","","","","","","","","","","","","","","","","","","","","","","","","","",""
"83069002","PORQUEROLLES",43.,6.226833,135,1981082212,"","","","",7.,1,80,1,"","","","","","","","","","","","","","","","","","","","","","","","","","","","",27.8,1,19.4,1,"","","","","","","","","","","","","","","","","","","","","","","","","","",63,1,"","","","","","","","","","","","",23.4,1,1015.,1,"","","","","","",4,1,0,1,3,1,0,1,1,1,"","","","","","","","","","","","","","","","","","","","","","","","",13000,1,"","",3,1,1,1,"","","","","","","","","","",3,1,90,1,"","","","","","","","","","","","","","","","","","","","","","","","","","","","","","","","","","","","","","","","","","","","","","","","","","","",""
"83069002","PORQUEROLLES",43.,6.226833,135,1981082215,"","","","",4.,1,120,1,"","","","","","","","","","","","","","","","","","","","","","","","","","","","",27.,1,19.5,1,"","","","","","","","","","","","","","","","","","","","","","","","","","",66,1,"","","","","","","","","","","","",23.5,1,1015.,1,"","","","","","",3,1,0,1,0,1,0,1,2,1,"","","","","","","","","","","","","","","","","","","","","","","","",11000,1,"","",1,1,0,1,"","","","","","","","","","",3,1,90,1,"","","","","","","","","","","","","","","","","","","","","","","","","","","","","","","","","","","","","","","","","","","","","","","","","","","",""
"83069002","PORQUEROLLES",43.,6.226833,135,1981082218,"","","","",3.,1,40,1,"","","","","","","","","","","","","","","","","","","","","","","","","","","","",22.4,1,18.7,1,"","","","","","","","","","","","","","","","","","","","","","","","","","",83,1,"","","","","","","","","","","","",22.4,1,1015.4,1,"","","","","","",7,1,5,1,0,1,7,1,1,1,"","","","","","","","","","","","","","","","","","","","","","","","",9000,1,"","",3,1,1,1,"","","","","","","","","","",2,1,0,1,"","","","","","","","","","","","","","","","","","","","","","","","","","","","","","","","","","","","","","","","","","","","","","","","","","","",""
"83069002","PORQUEROLLES",43.,6.226833,135,1981082221,"","","","",1.,1,240,1,"","","","","","","","","","","","","","","","","","","","","","","","","","","","",20.,1,18.1,1,"","","","","","","","","","","","","","","","","","","","","","","","","","",92,1,"","","","","","","","","","","","",21.5,1,1016.5,1,"","","","","","",3,1,0,1,0,1,0,1,2,1,"","","","","","","","","","","","","","","","","","","","","","","","",15000,1,"","",1,1,1,1,"","","","","","","","","","",2,1,0,1,"","","","","","","","","","","","","","","","","","","","","","","","","","","","","","","","","","","","","","","","","","","","","","","","","","","",""
"83069002","PORQUEROLLES",43.,6.226833,135,1981082300,"","","","",2.,1,300,1,"","","","","","","","","","","","","","","","","","","","","","","","","","","","",19.,1,17.6,1,"","","","","","","","","","","","","","","","","","","","","","","","","","",95,1,"","","","","","","","","","","","",20.9,1,1015.6,1,"","","","","","","","","","","","","","","","","","","","","","","","","","","","","","","","","","","","","","","","","","","","","","","","","","","","","","","","","","","","","","","","","","","","","","","","","","","","","","","","","","","","","","","","","","","","","","","","","","","","","","","","","","","","","","","","","",""
"83069002","PORQUEROLLES",43.,6.226833,135,1981082303,"","","","",1.,1,360,1,"","","","","","","","","","","","","","","","","","","","","","","","","","","","",18.2,1,17.3,1,"","","","","","","","","","","","","","","","","","","","","","","","","","",98,1,"","","","","","","","","","","","",20.5,1,1015.,1,"","","","","","",3,1,0,1,0,1,0,1,6,1,"","","","","","","","","","","","","","","","","","","","","","","","",15000,1,"","",0,1,"","","","","","","","","","","","",2,1,0,1,"","","","","","","","","","","","","","","","","","","","","","","","","","","","","","","","","","","","","","","","","","","","","","","","","","","",""
"83069002","PORQUEROLLES",43.,6.226833,135,1981082306,"","","","",1.,1,40,1,"","","","","","","","","","","","","","","","","","","","","","","","","","","","",18.2,1,16.6,1,"","","","","","","","","","","","","","","","","","","","","","","","","","",94,1,"","","","","","","","","","","","",19.6,1,1014.6,1,"","","","","","",7,1,7,1,5,1,0,1,8,1,"","","","","","","","","","","","","","","","","","","","","","","","",12000,1,"","",3,1,1,1,"","",0,1,"","","","","","",2,1,0,1,"","","","","","","","","","","","","","","","","","","","","","","","","","","","","","","","","","","","","","","","","","","","","","","","","","","",""
"83069002","PORQUEROLLES",43.,6.226833,135,1981082309,"","","","",2.,1,120,1,"","","","","","","","","","","","","","","","","","","","","","","","","","","","",23.5,1,18.2,1,"","","","","","","","","","","","","","","","","","","","","","","","","","",75,1,"","","","","","","","","","","","",21.7,1,1014.6,1,"","","","","","",5,1,5,1,5,1,0,1,8,1,"","","","","","","","","","","","","","","","","","","","","","","","",12000,1,"","",1,1,1,1,"","","","","","","","","","",2,1,0,1,"","","","","","","","","","","","","","","","","","","","","","","","","","","","","","","","","","","","","","","","","","","","","","","","","","","",""
"83069002","PORQUEROLLES",43.,6.226833,135,1981082312,"","","","",3.,1,140,1,"","","","","","","","","","","","","","","","","","","","","","","","","","","","",24.5,1,17.3,1,"","","","","","","","","","","","","","","","","","","","","","","","","","",67,1,"","","","","","","","","","","","",20.5,1,1013.9,1,"","","","","","",6,1,0,1,1,1,0,1,1,1,"","","","","","","","","","","","","","","","","","","","","","","","",10000,1,"","",3,1,1,1,"","","","","","","","","","",2,1,0,1,"","","","","","","","","","","","","","","","","","","","","","","","","","","","","","","","","","","","","","","","","","","","","","","","","","","",""
"83069002","PORQUEROLLES",43.,6.226833,135,1981082315,"","","","",3.,1,200,1,"","","","","","","","","","","","","","","","","","","","","","","","","","","","",25.5,1,17.,1,"","","","","","","","","","","","","","","","","","","","","","","","","","",61,1,"","","","","","","","","","","","",20.1,1,1012.9,1,"","","","","","",2,1,0,1,0,1,0,1,1,1,"","","","","","","","","","","","","","","","","","","","","","","","",12000,1,"","",1,1,0,1,"","","","","","","","","","",2,1,0,1,"","","","","","","","","","","","","","","","","","","","","","","","","","","","","","","","","","","","","","","","","","","","","","","","","","","",""
"83069002","PORQUEROLLES",43.,6.226833,135,1981082318,"","","","",5.,1,120,1,"","","","","","","","","","","","","","","","","","","","","","","","","","","","",22.2,1,17.9,1,"","","","","","","","","","","","","","","","","","","","","","","","","","",79,1,"","","","","","","","","","","","",21.2,1,1011.7,1,"","","","","","",2,1,0,1,0,1,0,1,2,1,"","","","","","","","","","","","","","","","","","","","","","","","",15000,1,"","",2,1,0,1,"","","","","","","","","","",2,1,0,1,"","","","","","","","","","","","","","","","","","","","","","","","","","","","","","","","","","","","","","","","","","","","","","","","","","","",""
"83069002","PORQUEROLLES",43.,6.226833,135,1981082321,"","","","",5.,1,80,1,"","","","","","","","","","","","","","","","","","","","","","","","","","","","",19.5,1,17.3,1,"","","","","","","","","","","","","","","","","","","","","","","","","","",90,1,"","","","","","","","","","","","",20.5,1,1013.2,1,"","","","","","",2,1,0,1,0,1,0,1,2,1,"","","","","","","","","","","","","","","","","","","","","","","","",6000,1,"","",2,1,0,1,"","","","","","","","","","",2,1,0,1,"","","","","","","","","","","","","","","","","","","","","","","","","","","","","","","","","","","","","","","","","","","","","","","","","","","",""
"83069002","PORQUEROLLES",43.,6.226833,135,1981082400,"","","","",4.,1,40,1,"","","","","","","","","","","","","","","","","","","","","","","","","","","","",18.5,1,16.3,1,"","","","","","","","","","","","","","","","","","","","","","","","","","",90,1,"","","","","","","","","","","","",19.2,1,1014.,1,"","","","","","","","","","","","","","","","","","","","","","","","","","","","","","","","","","","","","","","","","","","","","","","","","","","","","","","","","","","","","","","","","","","","","","","","","","","","","","","","","","","","","","","","","","","","","","","","","","","","","","","","","","","","","","","","","",""
"83069002","PORQUEROLLES",43.,6.226833,135,1981082403,"","","","",2.,1,360,1,"","","","","","","","","","","","","","","","","","","","","","","","","","","","",18.5,1,16.3,1,"","","","","","","","","","","","","","","","","","","","","","","","","","",90,1,"","","","","","","","","","","","",19.2,1,1014.,1,"","","","","","",0,1,"","",0,1,0,1,0,1,"","","","","","","","","","","","","","","","","","","","","","","","",15000,1,"","",0,1,"","","","","","","","","","","","",2,1,0,1,"","","","","","","","","","","","","","","","","","","","","","","","","","","","","","","","","","","","","","","","","","","","","","","","","","","",""
"83069002","PORQUEROLLES",43.,6.226833,135,1981082406,"","","","",3.,1,360,1,"","","","","","","","","","","","","","","","","","","","","","","","","","","","",19.,1,16.8,1,"","","","","","","","","","","","","","","","","","","","","","","","","","",91,1,"","","","","","","","","","","","",19.8,1,1014.5,1,"","","","","","",3,1,0,1,0,1,0,1,2,1,"","","","","","","","","","","","","","","","","","","","","","","","",15000,1,"","",3,1,0,1,"","",0,1,"","","","","","",2,1,0,1,"","","","","","","","","","","","","","","","","","","","","","","","","","","","","","","","","","","","","","","","","","","","","","","","","","","",""
"83069002","PORQUEROLLES",43.,6.226833,135,1981082409,"","","","",5.,1,60,1,"","","","","","","","","","","","","","","","","","","","","","","","","","","","",25.4,1,15.8,1,"","","","","","","","","","","","","","","","","","","","","","","","","","",57,1,"","","","","","","","","","","","",18.5,1,1016.3,1,"","","","","","",3,1,0,1,1,1,0,1,0,1,"","","","","","","","","","","","","","","","","","","","","","","","",15000,1,"","",3,1,0,1,"","","","","","","","","","",2,1,0,1,"","","","","","","","","","","","","","","","","","","","","","","","","","","","","","","","","","","","","","","","","","","","","","","","","","","",""
"83069002","PORQUEROLLES",43.,6.226833,135,1981082412,"","","","",8.,1,100,1,"","","","","","","","","","","","","","","","","","","","","","","","","","","","",26.1,1,17.4,1,"","","","","","","","","","","","","","","","","","","","","","","","","","",61,1,"","","","","","","","","","","","",20.6,1,1017.6,1,"","","","","","",3,1,0,1,2,1,0,1,4,1,"","","","","","","","","","","","","","","","","","","","","","","","",15000,1,"","",3,1,0,1,"","","","","","","","","","",2,1,0,1,"","","","","","","","","","","","","","","","","","","","","","","","","","","","","","","","","","","","","","","","","","","","","","","","","","","",""
"83069002","PORQUEROLLES",43.,6.226833,135,1981082415,"","","","",6.,1,80,1,"","","","","","","","","","","","","","","","","","","","","","","","","","","","",25.5,1,16.2,1,"","","","","","","","","","","","","","","","","","","","","","","","","","",58,1,"","","","","","","","","","","","",19.,1,1018.1,1,"","","","","","",3,1,0,1,0,1,0,1,4,1,"","","","","","","","","","","","","","","","","","","","","","","","",15000,1,"","",2,1,0,1,"","","","","","","","","","",2,1,0,1,"","","","","","","","","","","","","","","","","","","","","","","","","","","","","","","","","","","","","","","","","","","","","","","","","","","",""
"83069002","PORQUEROLLES",43.,6.226833,135,1981082418,"","","","",0.,1,0,1,"","","","","","","","","","","","","","","","","","","","","","","","","","","","",22.6,1,14.5,1,"","","","","","","","","","","","","","","","","","","","","","","","","","",62,1,"","","","","","","","","","","","",17.,1,1018.9,1,"","","","","","",6,1,5,1,1,1,0,1,2,1,"","","","","","","","","","","","","","","","","","","","","","","","",18000,1,"","",3,1,1,1,"","","","","","","","","","",2,1,0,1,"","","","","","","","","","","","","","","","","","","","","","","","","","","","","","","","","","","","","","","","","","","","","","","","","","","",""
"83069002","PORQUEROLLES",43.,6.226833,135,1981082421,"","","","",0.,1,0,1,"","","","","","","","","","","","","","","","","","","","","","","","","","","","",21.2,1,13.7,1,"","","","","","","","","","","","","","","","","","","","","","","","","","",64,1,"","","","","","","","","","","","",16.1,1,1019.9,1,"","","","","","",6,1,5,1,1,1,0,1,2,1,"","","","","","","","","","","","","","","","","","","","","","","","",18000,1,"","",2,1,2,1,"","","","","","","","","","",2,1,0,1,"","","","","","","","","","","","","","","","","","","","","","","","","","","","","","","","","","","","","","","","","","","","","","","","","","","",""
"83069002","PORQUEROLLES",43.,6.226833,135,1981082500,"","","","",0.,1,0,1,"","","","","","","","","","","","","","","","","","","","","","","","","","","","",20.,1,16.6,1,"","","","","","","","","","","","","","","","","","","","","","","","","","",84,1,"","","","","","","","","","","","",19.6,1,1020.,1,"","","","","","","","","","","","","","","","","","","","","","","","","","","","","","","","","","","","","","","","","","","","","","","","","","","","","","","","","","","","","","","","","","","","","","","","","","","","","","","","","","","","","","","","","","","","","","","","","","","","","","","","","","","","","","","","","",""
"83069002","PORQUEROLLES",43.,6.226833,135,1981082503,"","","","",2.,1,40,1,"","","","","","","","","","","","","","","","","","","","","","","","","","","","",19.4,1,14.9,1,"","","","","","","","","","","","","","","","","","","","","","","","","","",78,1,"","","","","","","","","","","","",17.5,1,1019.7,1,"","","","","","",3,1,0,1,0,1,0,1,2,1,"","","","","","","","","","","","","","","","","","","","","","","","",18000,1,"","",0,1,"","","","","","","","","","","","",2,1,0,1,"","","","","","","","","","","","","","","","","","","","","","","","","","","","","","","","","","","","","","","","","","","","","","","","","","","",""
"83069002","PORQUEROLLES",43.,6.226833,135,1981082506,"","","","",3.,1,40,1,"","","","","","","","","","","","","","","","","","","","","","","","","","","","",18.5,1,13.9,1,"","","","","","","","","","","","","","","","","","","","","","","","","","",77,1,"","","","","","","","","","","","",16.4,1,1020.7,1,"","","","","","",6,1,5,1,1,1,0,1,9,1,"","","","","","","","","","","","","","","","","","","","","","","","",30000,1,"","",3,1,1,1,"","",0,1,"","","","","","",2,1,0,1,"","","","","","","","","","","","","","","","","","","","","","","","","","","","","","","","","","","","","","","","","","","","","","","","","","","",""
"83069002","PORQUEROLLES",43.,6.226833,135,1981082509,"","","","",7.,1,60,1,"","","","","","","","","","","","","","","","","","","","","","","","","","","","",25.2,1,17.,1,"","","","","","","","","","","","","","","","","","","","","","","","","","",63,1,"","","","","","","","","","","","",20.1,1,1021.5,1,"","","","","","",4,1,0,1,2,1,0,1,8,1,"","","","","","","","","","","","","","","","","","","","","","","","",30000,1,"","",1,1,1,1,"","","","","","","","","","",3,1,90,1,"","","","","","","","","","","","","","","","","","","","","","","","","","","","","","","","","","","","","","","","","","","","","","","","","","","",""
"83069002","PORQUEROLLES",43.,6.226833,135,1981082512,"","","","",7.,1,60,1,"","","","","","","","","","","","","","","","","","","","","","","","","","","","",28.2,1,16.3,1,"","","","","","","","","","","","","","","","","","","","","","","","","","",50,1,"","","","","","","","","","","","",19.1,1,1022.,1,"","","","","","",3,1,0,1,3,1,0,1,2,1,"","","","","","","","","","","","","","","","","","","","","","","","",30000,1,"","",1,1,0,1,"","","","","","","","","","",3,1,90,1,"","","","","","","","","","","","","","","","","","","","","","","","","","","","","","","","","","","","","","","","","","","","","","","","","","","",""
"83069002","PORQUEROLLES",43.,6.226833,135,1981082515,"","","","",6.,1,120,1,"","","","","","","","","","","","","","","","","","","","","","","","","","","","",25.,1,14.7,1,"","","","","","","","","","","","","","","","","","","","","","","","","","",55,1,"","","","","","","","","","","","",17.2,1,1022.1,1,"","","","","","",3,1,0,1,0,1,0,1,9,1,"","","","","","","","","","","","","","","","","","","","","","","","",30000,1,"","",2,1,0,1,"","","","","","","","","","",3,1,90,1,"","","","","","","","","","","","","","","","","","","","","","","","","","","","","","","","","","","","","","","","","","","","","","","","","","","",""
"83069002","PORQUEROLLES",43.,6.226833,135,1981082518,"","","","",1.,1,180,1,"","","","","","","","","","","","","","","","","","","","","","","","","","","","",21.6,1,16.9,1,"","","","","","","","","","","","","","","","","","","","","","","","","","",77,1,"","","","","","","","","","","","",19.9,1,1023.,1,"","","","","","",3,1,0,1,0,1,0,1,2,1,"","","","","","","","","","","","","","","","","","","","","","","","",30000,1,"","",1,1,0,1,"","","","","","","","","","",2,1,0,1,"","","","","","","","","","","","","","","","","","","","","","","","","","","","","","","","","","","","","","","","","","","","","","","","","","","",""
"83069002","PORQUEROLLES",43.,6.226833,135,1981082521,"","","","",1.,1,260,1,"","","","","","","","","","","","","","","","","","","","","","","","","","","","",19.6,1,17.2,1,"","","","","","","","","","","","","","","","","","","","","","","","","","",89,1,"","","","","","","","","","","","",20.3,1,1024.3,1,"","","","","","",0,1,"","",0,1,0,1,0,1,"","","","","","","","","","","","","","","","","","","","","","","","",25000,1,"","",2,1,0,1,"","","","","","","","","","",2,1,0,1,"","","","","","","","","","","","","","","","","","","","","","","","","","","","","","","","","","","","","","","","","","","","","","","","","","","",""
"83069002","PORQUEROLLES",43.,6.226833,135,1981082600,"","","","",0.,1,0,1,"","","","","","","","","","","","","","","","","","","","","","","","","","","","",18.8,1,17.7,1,"","","","","","","","","","","","","","","","","","","","","","","","","","",97,1,"","","","","","","","","","","","",21.,1,1024.2,1,"","","","","","","","","","","","","","","","","","","","","","","","","","","","","","","","","","","","","","","","","","","","","","","","","","","","","","","","","","","","","","","","","","","","","","","","","","","","","","","","","","","","","","","","","","","","","","","","","","","","","","","","","","","","","","","","","",""
"83069002","PORQUEROLLES",43.,6.226833,135,1981082603,"","","","",0.,1,0,1,"","","","","","","","","","","","","","","","","","","","","","","","","","","","",18.,1,16.2,1,"","","","","","","","","","","","","","","","","","","","","","","","","","",92,1,"","","","","","","","","","","","",19.,1,1024.2,1,"","","","","","",0,1,"","",0,1,0,1,0,1,"","","","","","","","","","","","","","","","","","","","","","","","",25000,1,"","",0,1,"","","","","","","","","","","","",2,1,0,1,"","","","","","","","","","","","","","","","","","","","","","","","","","","","","","","","","","","","","","","","","","","","","","","","","","","",""
"83069002","PORQUEROLLES",43.,6.226833,135,1981082606,"","","","",3.,1,80,1,"","","","","","","","","","","","","","","","","","","","","","","","","","","","",18.4,1,16.3,1,"","","","","","","","","","","","","","","","","","","","","","","","","","",90,1,"","","","","","","","","","","","",19.1,1,1024.9,1,"","","","","","",0,1,"","",0,1,0,1,0,1,"","","","","","","","","","","","","","","","","","","","","","","","",22000,1,"","",2,1,0,1,"","",0,1,"","","","","","",2,1,0,1,"","","","","","","","","","","","","","","","","","","","","","","","","","","","","","","","","","","","","","","","","","","","","","","","","","","",""
"83069002","PORQUEROLLES",43.,6.226833,135,1981082609,"","","","",4.,1,120,1,"","","","","","","","","","","","","","","","","","","","","","","","","","","","",23.5,1,18.2,1,"","","","","","","","","","","","","","","","","","","","","","","","","","",75,1,"","","","","","","","","","","","",21.7,1,1024.7,1,"","","","","","",3,1,0,1,0,1,0,1,2,1,"","","","","","","","","","","","","","","","","","","","","","","","",22000,1,"","",3,1,0,1,"","","","","","","","","","",2,1,0,1,"","","","","","","","","","","","","","","","","","","","","","","","","","","","","","","","","","","","","","","","","","","","","","","","","","","",""
"83069002","PORQUEROLLES",43.,6.226833,135,1981082612,"","","","",4.,1,220,1,"","","","","","","","","","","","","","","","","","","","","","","","","","","","",24.,1,17.1,1,"","","","","","","","","","","","","","","","","","","","","","","","","","",68,1,"","","","","","","","","","","","",20.2,1,1025.5,1,"","","","","","",3,1,0,1,1,1,0,1,0,1,"","","","","","","","","","","","","","","","","","","","","","","","",22000,1,"","",2,1,0,1,"","","","","","","","","","",2,1,0,1,"","","","","","","","","","","","","","","","","","","","","","","","","","","","","","","","","","","","","","","","","","","","","","","","","","","",""
"83069002","PORQUEROLLES",43.,6.226833,135,1981082615,"","","","",6.,1,220,1,"","","","","","","","","","","","","","","","","","","","","","","","","","","","",25.,1,15.6,1,"","","","","","","","","","","","","","","","","","","","","","","","","","",58,1,"","","","","","","","","","","","",18.3,1,1023.9,1,"","","","","","",0,1,"","",0,1,0,1,0,1,"","","","","","","","","","","","","","","","","","","","","","","","",18000,1,"","",1,1,0,1,"","","","","","","","","","",2,1,0,1,"","","","","","","","","","","","","","","","","","","","","","","","","","","","","","","","","","","","","","","","","","","","","","","","","","","",""
"83069002","PORQUEROLLES",43.,6.226833,135,1981082618,"","","","",7.,1,260,1,"","","","","","","","","","","","","","","","","","","","","","","","","","","","",20.6,1,15.5,1,"","","","","","","","","","","","","","","","","","","","","","","","","","",75,1,"","","","","","","","","","","","",18.2,1,1022.4,1,"","","","","","",3,1,0,1,0,1,0,1,1,1,"","","","","","","","","","","","","","","","","","","","","","","","",3000,1,"","",10,1,0,1,"","","","","","","","","","",3,1,0,1,"","","","","","","","","","","","","","","","","","","","","","","","","","","","","","","","","","","","","","","","","","","","","","","","","","","",""
"83069002","PORQUEROLLES",43.,6.226833,135,1981082621,"","","","",9.,1,260,1,"","","","","","","","","","","","","","","","","","","","","","","","","","","","",20.6,1,10.1,1,"","","","","","","","","","","","","","","","","","","","","","","","","","",52,1,"","","","","","","","","","","","",12.6,1,1022.4,1,"","","","","","",0,1,"","",0,1,0,1,0,1,"","","","","","","","","","","","","","","","","","","","","","","","",15000,1,"","",1,1,0,1,"","","","","","","","","","",3,1,0,1,"","","","","","","","","","","","","","","","","","","","","","","","","","","","","","","","","","","","","","","","","","","","","","","","","","","",""
"83069002","PORQUEROLLES",43.,6.226833,135,1981082700,"","","","",4.,1,280,1,"","","","","","","","","","","","","","","","","","","","","","","","","","","","",19.5,1,16.,1,"","","","","","","","","","","","","","","","","","","","","","","","","","",83,1,"","","","","","","","","","","","",18.8,1,"","","","","","","","","","","","","","","","","","","","","","","","","","","","","","","","","","","","","","","","","","","","","","","","","","","","","","","","","","","","","","","","","","","","","","","","","","","","","","","","","","","","","","","","","","","","","","","","","","","","","","","","","","","","","","","","","","","",""
"83069002","PORQUEROLLES",43.,6.226833,135,1981082703,"","","","",6.,1,80,1,"","","","","","","","","","","","","","","","","","","","","","","","","","","","",18.,1,15.8,1,"","","","","","","","","","","","","","","","","","","","","","","","","","",90,1,"","","","","","","","","","","","",18.5,1,1020.8,1,"","","","","","",0,1,"","",0,1,0,1,0,1,"","","","","","","","","","","","","","","","","","","","","","","","",15000,1,"","",0,1,"","","","","","","","","","","","",2,1,0,1,"","","","","","","","","","","","","","","","","","","","","","","","","","","","","","","","","","","","","","","","","","","","","","","","","","","",""
"83069002","PORQUEROLLES",43.,6.226833,135,1981082706,"","","","",6.,1,40,1,"","","","","","","","","","","","","","","","","","","","","","","","","","","","",19.,1,16.8,1,"","","","","","","","","","","","","","","","","","","","","","","","","","",90,1,"","","","","","","","","","","","",19.8,1,1020.8,1,"","","","","","",3,1,0,1,2,1,0,1,0,1,"","","","","","","","","","","","","","","","","","","","","","","","",10000,1,"","",3,1,0,1,"","",0,1,"","","","","","",2,1,0,1,"","","","","","","","","","","","","","","","","","","","","","","","","","","","","","","","","","","","","","","","","","","","","","","","","","","",""
"83069002","PORQUEROLLES",43.,6.226833,135,1981082709,"","","","",6.,1,60,1,"","","","","","","","","","","","","","","","","","","","","","","","","","","","",25.1,1,17.3,1,"","","","","","","","","","","","","","","","","","","","","","","","","","",64,1,"","","","","","","","","","","","",20.5,1,1021.,1,"","","","","","",3,1,0,1,2,1,0,1,0,1,"","","","","","","","","","","","","","","","","","","","","","","","",10000,1,"","",2,1,1,1,"","","","","","","","","","",2,1,0,1,"","","","","","","","","","","","","","","","","","","","","","","","","","","","","","","","","","","","","","","","","","","","","","","","","","","",""
"83069002","PORQUEROLLES",43.,6.226833,135,1981082712,"","","","",8.,1,60,1,"","","","","","","","","","","","","","","","","","","","","","","","","","","","",27.,1,17.,1,"","","","","","","","","","","","","","","","","","","","","","","","","","",56,1,"","","","","","","","","","","","",20.1,1,1020.4,1,"","","","","","",2,1,0,1,2,1,0,1,0,1,"","","","","","","","","","","","","","","","","","","","","","","","",18000,1,"","",2,1,0,1,"","","","","","","","","","",2,1,0,1,"","","","","","","","","","","","","","","","","","","","","","","","","","","","","","","","","","","","","","","","","","","","","","","","","","","",""
"83069002","PORQUEROLLES",43.,6.226833,135,1981082715,"","","","",2.,1,120,1,"","","","","","","","","","","","","","","","","","","","","","","","","","","","",25.1,1,17.6,1,"","","","","","","","","","","","","","","","","","","","","","","","","","",66,1,"","","","","","","","","","","","",20.9,1,1019.7,1,"","","","","","",2,1,0,1,2,1,0,1,0,1,"","","","","","","","","","","","","","","","","","","","","","","","",18000,1,"","",2,1,0,1,"","","","","","","","","","",2,1,0,1,"","","","","","","","","","","","","","","","","","","","","","","","","","","","","","","","","","","","","","","","","","","","","","","","","","","",""
"83069002","PORQUEROLLES",43.,6.226833,135,1981082718,"","","","",2.,1,260,1,"","","","","","","","","","","","","","","","","","","","","","","","","","","","",21.9,1,16.9,1,"","","","","","","","","","","","","","","","","","","","","","","","","","",76,1,"","","","","","","","","","","","",19.9,1,1019.6,1,"","","","","","",0,1,"","",0,1,0,1,0,1,"","","","","","","","","","","","","","","","","","","","","","","","",10000,1,"","",1,1,0,1,"","","","","","","","","","",2,1,0,1,"","","","","","","","","","","","","","","","","","","","","","","","","","","","","","","","","","","","","","","","","","","","","","","","","","","",""
"83069002","PORQUEROLLES",43.,6.226833,135,1981082721,"","","","",4.,1,240,1,"","","","","","","","","","","","","","","","","","","","","","","","","","","","",20.1,1,17.1,1,"","","","","","","","","","","","","","","","","","","","","","","","","","",83,1,"","","","","","","","","","","","",20.2,1,1019.6,1,"","","","","","",0,1,"","",0,1,0,1,0,1,"","","","","","","","","","","","","","","","","","","","","","","","",15000,1,"","",2,1,0,1,"","","","","","","","","","",2,1,0,1,"","","","","","","","","","","","","","","","","","","","","","","","","","","","","","","","","","","","","","","","","","","","","","","","","","","",""
"83069002","PORQUEROLLES",43.,6.226833,135,1981082800,"","","","",0.,1,0,1,"","","","","","","","","","","","","","","","","","","","","","","","","","","","",19.8,1,18.4,1,"","","","","","","","","","","","","","","","","","","","","","","","","","",95,1,"","","","","","","","","","","","",22.,1,1018.,1,"","","","","","","","","","","","","","","","","","","","","","","","","","","","","","","","","","","","","","","","","","","","","","","","","","","","","","","","","","","","","","","","","","","","","","","","","","","","","","","","","","","","","","","","","","","","","","","","","","","","","","","","","","","","","","","","","",""
"83069002","PORQUEROLLES",43.,6.226833,135,1981082803,"","","","",5.,1,60,1,"","","","","","","","","","","","","","","","","","","","","","","","","","","","",18.8,1,17.7,1,"","","","","","","","","","","","","","","","","","","","","","","","","","",97,1,"","","","","","","","","","","","",21.,1,1016.5,1,"","","","","","",0,1,"","",0,1,0,1,0,1,"","","","","","","","","","","","","","","","","","","","","","","","",10000,1,"","",0,1,"","","","","","","","","","","","",2,1,0,1,"","","","","","","","","","","","","","","","","","","","","","","","","","","","","","","","","","","","","","","","","","","","","","","","","","","",""
"83069002","PORQUEROLLES",43.,6.226833,135,1981082806,"","","","",3.,1,20,1,"","","","","","","","","","","","","","","","","","","","","","","","","","","","",18.7,1,17.5,1,"","","","","","","","","","","","","","","","","","","","","","","","","","",96,1,"","","","","","","","","","","","",20.7,1,1016.3,1,"","","","","","",6,1,6,1,1,1,0,1,0,1,"","","","","","","","","","","","","","","","","","","","","","","","",6000,1,"","",3,1,1,1,"","",0,1,"","","","","","",2,1,0,1,"","","","","","","","","","","","","","","","","","","","","","","","","","","","","","","","","","","","","","","","","","","","","","","","","","","",""
"83069002","PORQUEROLLES",43.,6.226833,135,1981082809,"","","","",4.,1,80,1,"","","","","","","","","","","","","","","","","","","","","","","","","","","","",23.8,1,17.9,1,"","","","","","","","","","","","","","","","","","","","","","","","","","",72,1,"","","","","","","","","","","","",21.3,1,1016.2,1,"","","","","","",5,1,5,1,8,1,0,1,0,1,"","","","","","","","","","","","","","","","","","","","","","","","",6000,1,"","",2,1,2,1,"","","","","","","","","","",2,1,0,1,"","","","","","","","","","","","","","","","","","","","","","","","","","","","","","","","","","","","","","","","","","","","","","","","","","","",""
"83069002","PORQUEROLLES",43.,6.226833,135,1981082812,"","","","",2.,1,200,1,"","","","","","","","","","","","","","","","","","","","","","","","","","","","",24.4,1,18.2,1,"","","","","","","","","","","","","","","","","","","","","","","","","","",71,1,"","","","","","","","","","","","",21.7,1,1015.1,1,"","","","","","",2,1,0,1,2,1,0,1,0,1,"","","","","","","","","","","","","","","","","","","","","","","","",5000,1,"","",1,1,1,1,"","","","","","","","","","",2,1,0,1,"","","","","","","","","","","","","","","","","","","","","","","","","","","","","","","","","","","","","","","","","","","","","","","","","","","",""
"83069002","PORQUEROLLES",43.,6.226833,135,1981082815,"","","","",5.,1,240,1,"","","","","","","","","","","","","","","","","","","","","","","","","","","","",24.6,1,18.1,1,"","","","","","","","","","","","","","","","","","","","","","","","","","",70,1,"","","","","","","","","","","","",21.6,1,1013.3,1,"","","","","","",0,1,"","",0,1,0,1,0,1,"","","","","","","","","","","","","","","","","","","","","","","","",5000,1,"","",2,1,0,1,"","","","","","","","","","",2,1,0,1,"","","","","","","","","","","","","","","","","","","","","","","","","","","","","","","","","","","","","","","","","","","","","","","","","","","",""
"83069002","PORQUEROLLES",43.,6.226833,135,1981082818,"","","","",6.,1,260,1,"","","","","","","","","","","","","","","","","","","","","","","","","","","","",21.6,1,16.6,1,"","","","","","","","","","","","","","","","","","","","","","","","","","",76,1,"","","","","","","","","","","","",19.5,1,1012.2,1,"","","","","","",0,1,"","",0,1,0,1,0,1,"","","","","","","","","","","","","","","","","","","","","","","","",7000,1,"","",2,1,0,1,"","","","","","","","","","",3,1,270,1,"","","","","","","","","","","","","","","","","","","","","","","","","","","","","","","","","","","","","","","","","","","","","","","","","","","",""
"83069002","PORQUEROLLES",43.,6.226833,135,1981082821,"","","","",8.,1,280,1,"","","","","","","","","","","","","","","","","","","","","","","","","","","","",20.4,1,17.9,1,"","","","","","","","","","","","","","","","","","","","","","","","","","",89,1,"","","","","","","","","","","","",21.3,1,1012.4,1,"","","","","","",0,1,"","",0,1,0,1,0,1,"","","","","","","","","","","","","","","","","","","","","","","","",15000,1,"","",2,1,0,1,"","","","","","","","","","",3,1,270,1,"","","","","","","","","","","","","","","","","","","","","","","","","","","","","","","","","","","","","","","","","","","","","","","","","","","",""
"83069002","PORQUEROLLES",43.,6.226833,135,1981082900,"","","","",1.,1,320,1,"","","","","","","","","","","","","","","","","","","","","","","","","","","","",19.6,1,18.2,1,"","","","","","","","","","","","","","","","","","","","","","","","","","",95,1,"","","","","","","","","","","","",21.6,1,1012.5,1,"","","","","","","","","","","","","","","","","","","","","","","","","","","","","","","","","","","","","","","","","","","","","","","","","","","","","","","","","","","","","","","","","","","","","","","","","","","","","","","","","","","","","","","","","","","","","","","","","","","","","","","","","","","","","","","","","",""
"83069002","PORQUEROLLES",43.,6.226833,135,1981082903,"","","","",4.,1,80,1,"","","","","","","","","","","","","","","","","","","","","","","","","","","","",18.4,1,17.5,1,"","","","","","","","","","","","","","","","","","","","","","","","","","",98,1,"","","","","","","","","","","","",20.7,1,1011.9,1,"","","","","","",0,1,"","",0,1,0,1,0,1,"","","","","","","","","","","","","","","","","","","","","","","","",11000,1,"","",0,1,"","","","","","","","","","","","",2,1,0,1,"","","","","","","","","","","","","","","","","","","","","","","","","","","","","","","","","","","","","","","","","","","","","","","","","","","",""
"83069002","PORQUEROLLES",43.,6.226833,135,1981082906,"","","","",3.,1,40,1,"","","","","","","","","","","","","","","","","","","","","","","","","","","","",18.8,1,17.7,1,"","","","","","","","","","","","","","","","","","","","","","","","","","",96,1,"","","","","","","","","","","","",20.9,1,1012.4,1,"","","","","","",0,1,"","",0,1,0,1,0,1,"","","","","","","","","","","","","","","","","","","","","","","","",6000,1,"","",2,1,0,1,"","",0,1,"","","","","","",2,1,0,1,"","","","","","","","","","","","","","","","","","","","","","","","","","","","","","","","","","","","","","","","","","","","","","","","","","","",""
"83069002","PORQUEROLLES",43.,6.226833,135,1981082909,"","","","",5.,1,80,1,"","","","","","","","","","","","","","","","","","","","","","","","","","","","",25.,1,19.1,1,"","","","","","","","","","","","","","","","","","","","","","","","","","",72,1,"","","","","","","","","","","","",22.9,1,1012.7,1,"","","","","","",3,1,0,1,2,1,0,1,0,1,"","","","","","","","","","","","","","","","","","","","","","","","",5000,1,"","",3,1,0,1,"","","","","","","","","","",2,1,0,1,"","","","","","","","","","","","","","","","","","","","","","","","","","","","","","","","","","","","","","","","","","","","","","","","","","","",""
"83069002","PORQUEROLLES",43.,6.226833,135,1981082912,"","","","",7.,1,120,1,"","","","","","","","","","","","","","","","","","","","","","","","","","","","",27.5,1,19.4,1,"","","","","","","","","","","","","","","","","","","","","","","","","","",63,1,"","","","","","","","","","","","",23.3,1,1012.4,1,"","","","","","",0,1,"","",0,1,0,1,0,1,"","","","","","","","","","","","","","","","","","","","","","","","",10000,1,"","",1,1,0,1,"","","","","","","","","","",2,1,0,1,"","","","","","","","","","","","","","","","","","","","","","","","","","","","","","","","","","","","","","","","","","","","","","","","","","","",""
"83069002","PORQUEROLLES",43.,6.226833,135,1981082915,"","","","",3.,1,120,1,"","","","","","","","","","","","","","","","","","","","","","","","","","","","",25.5,1,19.6,1,"","","","","","","","","","","","","","","","","","","","","","","","","","",73,1,"","","","","","","","","","","","",23.7,1,1012.3,1,"","","","","","",0,1,"","",0,1,0,1,0,1,"","","","","","","","","","","","","","","","","","","","","","","","",10000,1,"","",2,1,0,1,"","","","","","","","","","",2,1,0,1,"","","","","","","","","","","","","","","","","","","","","","","","","","","","","","","","","","","","","","","","","","","","","","","","","","","",""
"83069002","PORQUEROLLES",43.,6.226833,135,1981082918,"","","","",2.,1,180,1,"","","","","","","","","","","","","","","","","","","","","","","","","","","","",21.6,1,19.,1,"","","","","","","","","","","","","","","","","","","","","","","","","","",88,1,"","","","","","","","","","","","",22.8,1,1012.2,1,"","","","","","",0,1,"","",0,1,0,1,0,1,"","","","","","","","","","","","","","","","","","","","","","","","",5000,1,"","",2,1,0,1,"","","","","","","","","","",2,1,0,1,"","","","","","","","","","","","","","","","","","","","","","","","","","","","","","","","","","","","","","","","","","","","","","","","","","","",""
"83069002","PORQUEROLLES",43.,6.226833,135,1981082921,"","","","",3.,1,100,1,"","","","","","","","","","","","","","","","","","","","","","","","","","","","",20.,1,18.6,1,"","","","","","","","","","","","","","","","","","","","","","","","","","",95,1,"","","","","","","","","","","","",22.2,1,1013.,1,"","","","","","",0,1,"","",0,1,0,1,0,1,"","","","","","","","","","","","","","","","","","","","","","","","",8000,1,"","",2,1,0,1,"","","","","","","","","","",2,1,0,1,"","","","","","","","","","","","","","","","","","","","","","","","","","","","","","","","","","","","","","","","","","","","","","","","","","","",""
"83069002","PORQUEROLLES",43.,6.226833,135,1981083000,"","","","",2.,1,80,1,"","","","","","","","","","","","","","","","","","","","","","","","","","","","",19.4,1,18.3,1,"","","","","","","","","","","","","","","","","","","","","","","","","","",97,1,"","","","","","","","","","","","",21.8,1,1013.5,1,"","","","","","","","","","","","","","","","","","","","","","","","","","","","","","","","","","","","","","","","","","","","","","","","","","","","","","","","","","","","","","","","","","","","","","","","","","","","","","","","","","","","","","","","","","","","","","","","","","","","","","","","","","","","","","","","","",""
"83069002","PORQUEROLLES",43.,6.226833,135,1981083003,"","","","",3.,1,20,1,"","","","","","","","","","","","","","","","","","","","","","","","","","","","",19.,1,19.,1,"","","","","","","","","","","","","","","","","","","","","","","","","","",100,1,"","","","","","","","","","","","",22.,1,1013.3,1,"","","","","","",0,1,"","",0,1,0,1,0,1,"","","","","","","","","","","","","","","","","","","","","","","","",11000,1,"","",0,1,"","","","","","","","","","","","",2,1,0,1,"","","","","","","","","","","","","","","","","","","","","","","","","","","","","","","","","","","","","","","","","","","","","","","","","","","",""
"83069002","PORQUEROLLES",43.,6.226833,135,1981083006,"","","","",3.,1,20,1,"","","","","","","","","","","","","","","","","","","","","","","","","","","","",19.,1,17.7,1,"","","","","","","","","","","","","","","","","","","","","","","","","","",95,1,"","","","","","","","","","","","",20.9,1,1013.6,1,"","","","","","",2,1,0,1,2,1,0,1,0,1,"","","","","","","","","","","","","","","","","","","","","","","","",5000,1,"","",3,1,0,1,"","",0,1,"","","","","","",2,1,0,1,"","","","","","","","","","","","","","","","","","","","","","","","","","","","","","","","","","","","","","","","","","","","","","","","","","","",""
"83069002","PORQUEROLLES",43.,6.226833,135,1981083009,"","","","",1.,1,140,1,"","","","","","","","","","","","","","","","","","","","","","","","","","","","",23.2,1,19.,1,"","","","","","","","","","","","","","","","","","","","","","","","","","",80,1,"","","","","","","","","","","","",22.7,1,1014.3,1,"","","","","","",4,1,0,1,6,1,0,1,0,1,"","","","","","","","","","","","","","","","","","","","","","","","",6000,1,"","",3,1,0,1,"","","","","","","","","","",2,1,0,1,"","","","","","","","","","","","","","","","","","","","","","","","","","","","","","","","","","","","","","","","","","","","","","","","","","","",""
"83069002","PORQUEROLLES",43.,6.226833,135,1981083012,"","","","",3.,1,160,1,"","","","","","","","","","","","","","","","","","","","","","","","","","","","",25.8,1,19.4,1,"","","","","","","","","","","","","","","","","","","","","","","","","","",70,1,"","","","","","","","","","","","",23.4,1,1014.2,1,"","","","","","",4,1,0,1,2,1,0,1,4,1,"","","","","","","","","","","","","","","","","","","","","","","","",7000,1,"","",3,1,0,1,"","","","","","","","","","",2,1,0,1,"","","","","","","","","","","","","","","","","","","","","","","","","","","","","","","","","","","","","","","","","","","","","","","","","","","",""
"83069002","PORQUEROLLES",43.,6.226833,135,1981083015,"","","","",3.,1,240,1,"","","","","","","","","","","","","","","","","","","","","","","","","","","","",24.2,1,18.8,1,"","","","","","","","","","","","","","","","","","","","","","","","","","",74,1,"","","","","","","","","","","","",22.4,1,1013.8,1,"","","","","","",2,1,0,1,0,1,0,1,1,1,"","","","","","","","","","","","","","","","","","","","","","","","",7000,1,"","",1,1,0,1,"","","","","","","","","","",2,1,0,1,"","","","","","","","","","","","","","","","","","","","","","","","","","","","","","","","","","","","","","","","","","","","","","","","","","","",""
"83069002","PORQUEROLLES",43.,6.226833,135,1981083018,"","","","",1.,1,220,1,"","","","","","","","","","","","","","","","","","","","","","","","","","","","",21.6,1,18.8,1,"","","","","","","","","","","","","","","","","","","","","","","","","","",87,1,"","","","","","","","","","","","",22.5,1,1014.,1,"","","","","","",1,1,0,1,4,1,0,1,0,1,"","","","","","","","","","","","","","","","","","","","","","","","",7000,1,"","",2,1,0,1,"","","","","","","","","","",2,1,0,1,"","","","","","","","","","","","","","","","","","","","","","","","","","","","","","","","","","","","","","","","","","","","","","","","","","","",""
"83069002","PORQUEROLLES",43.,6.226833,135,1981083021,"","","","",1.,1,80,1,"","","","","","","","","","","","","","","","","","","","","","","","","","","","",20.4,1,18.6,1,"","","","","","","","","","","","","","","","","","","","","","","","","","",92,1,"","","","","","","","","","","","",22.1,1,1015.4,1,"","","","","","",0,1,"","",0,1,0,1,0,1,"","","","","","","","","","","","","","","","","","","","","","","","",11000,1,"","",2,1,0,1,"","","","","","","","","","",2,1,0,1,"","","","","","","","","","","","","","","","","","","","","","","","","","","","","","","","","","","","","","","","","","","","","","","","","","","",""
"83069002","PORQUEROLLES",43.,6.226833,135,1981083100,"","","","",3.,1,60,1,"","","","","","","","","","","","","","","","","","","","","","","","","","","","",19.2,1,18.1,1,"","","","","","","","","","","","","","","","","","","","","","","","","","",97,1,"","","","","","","","","","","","",21.6,1,1015.7,1,"","","","","","","","","","","","","","","","","","","","","","","","","","","","","","","","","","","","","","","","","","","","","","","","","","","","","","","","","","","","","","","","","","","","","","","","","","","","","","","","","","","","","","","","","","","","","","","","","","","","","","","","","","","","","","","","","",""
"83069002","PORQUEROLLES",43.,6.226833,135,1981083103,"","","","",3.,1,80,1,"","","","","","","","","","","","","","","","","","","","","","","","","","","","",19.2,1,18.3,1,"","","","","","","","","","","","","","","","","","","","","","","","","","",98,1,"","","","","","","","","","","","",21.8,1,1015.7,1,"","","","","","",2,1,0,1,2,1,0,1,0,1,"","","","","","","","","","","","","","","","","","","","","","","","",10000,1,"","",0,1,"","","","","","","","","","","","",2,1,"","","","","","","","","","","","","","","","","","","","","","","","","","","","","","","","","","","","","","","","","","","","","","","","","","","","","",""
"83069002","PORQUEROLLES",43.,6.226833,135,1981083106,"","","","",4.,1,60,1,"","","","","","","","","","","","","","","","","","","","","","","","","","","","",19.4,1,18.5,1,"","","","","","","","","","","","","","","","","","","","","","","","","","",98,1,"","","","","","","","","","","","",22.1,1,1016.2,1,"","","","","","",7,1,7,1,5,1,"","","","","","","","","","","","","","","","","","","","","","","","","","","","",5000,1,"","",3,1,1,1,"","",0,1,"","","","","","",2,1,0,1,"","","","","","","","","","","","","","","","","","","","","","","","","","","","","","","","","","","","","","","","","","","","","","","","","","","",""
"83069002","PORQUEROLLES",43.,6.226833,135,1981083109,"","","","",5.,1,60,1,"","","","","","","","","","","","","","","","","","","","","","","","","","","","",22.9,1,19.4,1,"","","","","","","","","","","","","","","","","","","","","","","","","","",84,1,"","","","","","","","","","","","",23.4,1,1016.4,1,"","","","","","",6,1,6,1,2,1,0,1,0,1,"","","","","","","","","","","","","","","","","","","","","","","","",5000,1,"","",1,1,2,1,"","","","","","","","","","",2,1,0,1,"","","","","","","","","","","","","","","","","","","","","","","","","","","","","","","","","","","","","","","","","","","","","","","","","","","",""
"83069002","PORQUEROLLES",43.,6.226833,135,1981083112,"","","","",4.,1,120,1,"","","","","","","","","","","","","","","","","","","","","","","","","","","","",27.,1,20.4,1,"","","","","","","","","","","","","","","","","","","","","","","","","","",70,1,"","","","","","","","","","","","",24.9,1,1016.5,1,"","","","","","",7,1,7,1,2,1,0,1,6,1,"","","","","","","","","","","","","","","","","","","","","","","","",5000,1,"","",3,1,2,1,"","","","","","","","","","",2,1,0,1,"","","","","","","","","","","","","","","","","","","","","","","","","","","","","","","","","","","","","","","","","","","","","","","","","","","",""
"83069002","PORQUEROLLES",43.,6.226833,135,1981083115,"","","","",3.,1,120,1,"","","","","","","","","","","","","","","","","","","","","","","","","","","","",23.9,1,19.8,1,"","","","","","","","","","","","","","","","","","","","","","","","","","",81,1,"","","","","","","","","","","","",24.,1,1015.5,1,"","","","","","",7,1,7,1,0,1,0,1,2,1,"","","","","","","","","","","","","","","","","","","","","","","","",6000,1,"","",1,1,2,1,"","","","","","","","","","",2,1,0,1,"","","","","","","","","","","","","","","","","","","","","","","","","","","","","","","","","","","","","","","","","","","","","","","","","","","",""
"83069002","PORQUEROLLES",43.,6.226833,135,1981083118,"","","","",3.,1,240,1,"","","","","","","","","","","","","","","","","","","","","","","","","","","","",21.1,1,19.3,1,"","","","","","","","","","","","","","","","","","","","","","","","","","",93,1,"","","","","","","","","","","","",23.2,1,1015.3,1,"","","","","","",5,1,5,1,0,1,0,1,2,1,"","","","","","","","","","","","","","","","","","","","","","","","",5000,1,"","",1,1,2,1,"","","","","","","","","","",2,1,0,1,"","","","","","","","","","","","","","","","","","","","","","","","","","","","","","","","","","","","","","","","","","","","","","","","","","","",""
"83069002","PORQUEROLLES",43.,6.226833,135,1981083121,"","","","",2.,1,260,1,"","","","","","","","","","","","","","","","","","","","","","","","","","","","",20.4,1,19.2,1,"","","","","","","","","","","","","","","","","","","","","","","","","","",96,1,"","","","","","","","","","","","",23.1,1,1016.4,1,"","","","","","",3,1,0,1,0,1,0,1,2,1,"","","","","","","","","","","","","","","","","","","","","","","","",5000,1,"","",1,1,1,1,"","","","","","","","","","",2,1,0,1,"","","","","","","","","","","","","","","","","","","","","","","","","","","","","","","","","","","","","","","","","","","","","","","","","","","",""
"83069002","PORQUEROLLES",43.,6.226833,135,1981090100,"","","","",4.,1,280,1,"","","","","","","","","","","","","","","","","","","","","","","","","","","","",19.6,1,18.2,1,"","","","","","","","","","","","","","","","","","","","","","","","","","",95,1,"","","","","","","","","","","","",21.7,1,1016.1,1,"","","","","","","","","","","","","","","","","","","","","","","","","","","","","","","","","","","","","","","","","","","","","","","","","","","","","","","","","","","","","","","","","","","","","","","","","","","","","","","","","","","","","","","","","","","","","","","","","","","","","","","","","","","","","","","","","",""
"83069002","PORQUEROLLES",43.,6.226833,135,1981090103,"","","","",3.,1,280,1,"","","","","","","","","","","","","","","","","","","","","","","","","","","","",19.2,1,18.3,1,"","","","","","","","","","","","","","","","","","","","","","","","","","",98,1,"","","","","","","","","","","","",21.8,1,1015.6,1,"","","","","","",0,1,"","",0,1,0,1,0,1,"","","","","","","","","","","","","","","","","","","","","","","","",10000,1,"","",0,1,"","","","","","","","","","","","",2,1,0,1,"","","","","","","","","","","","","","","","","","","","","","","","","","","","","","","","","","","","","","","","","","","","","","","","","","","",""
"83069002","PORQUEROLLES",43.,6.226833,135,1981090106,"","","","",4.,1,280,1,"","","","","","","","","","","","","","","","","","","","","","","","","","","","",18.8,1,17.7,1,"","","","","","","","","","","","","","","","","","","","","","","","","","",97,1,"","","","","","","","","","","","",21.,1,1015.7,1,"","","","","","",6,1,0,1,0,1,8,1,1,1,"","","","","","","","","","","","","","","","","","","","","","","","",5000,1,"","",3,1,1,1,"","",0,1,"","","","","","",2,1,0,1,"","","","","","","","","","","","","","","","","","","","","","","","","","","","","","","","","","","","","","","","","","","","","","","","","","","",""
"83069002","PORQUEROLLES",43.,6.226833,135,1981090109,"","","","",4.,1,260,1,"","","","","","","","","","","","","","","","","","","","","","","","","","","","",23.5,1,15.7,1,"","","","","","","","","","","","","","","","","","","","","","","","","","",64,1,"","","","","","","","","","","","",18.4,1,1016.8,1,"","","","","","",3,1,0,1,0,1,0,1,1,1,"","","","","","","","","","","","","","","","","","","","","","","","",5000,1,"","",1,1,0,1,"","","","","","","","","","",2,1,0,1,"","","","","","","","","","","","","","","","","","","","","","","","","","","","","","","","","","","","","","","","","","","","","","","","","","","",""
"83069002","PORQUEROLLES",43.,6.226833,135,1981090112,"","","","",10.,1,260,1,"","","","","","","","","","","","","","","","","","","","","","","","","","","","",24.5,1,18.6,1,"","","","","","","","","","","","","","","","","","","","","","","","","","",72,1,"","","","","","","","","","","","",22.3,1,1014.7,1,"","","","","","",3,1,0,1,2,1,0,1,0,1,"","","","","","","","","","","","","","","","","","","","","","","","",8000,1,"","",2,1,0,1,"","","","","","","","","","",2,1,0,1,"","","","","","","","","","","","","","","","","","","","","","","","","","","","","","","","","","","","","","","","","","","","","","","","","","","",""
"83069002","PORQUEROLLES",43.,6.226833,135,1981090115,"","","","",8.,1,240,1,"","","","","","","","","","","","","","","","","","","","","","","","","","","","",25.,1,19.1,1,"","","","","","","","","","","","","","","","","","","","","","","","","","",72,1,"","","","","","","","","","","","",22.9,1,1013.6,1,"","","","","","",2,1,0,1,2,1,0,1,1,1,"","","","","","","","","","","","","","","","","","","","","","","","",8000,1,"","",1,1,0,1,"","","","","","","","","","",2,1,0,1,"","","","","","","","","","","","","","","","","","","","","","","","","","","","","","","","","","","","","","","","","","","","","","","","","","","",""
"83069002","PORQUEROLLES",43.,6.226833,135,1981090118,"","","","",11.,1,260,1,"","","","","","","","","","","","","","","","","","","","","","","","","","","","",23.,1,18.1,1,"","","","","","","","","","","","","","","","","","","","","","","","","","",76,1,"","","","","","","","","","","","",21.5,1,1013.,1,"","","","","","",2,1,0,1,2,1,0,1,2,1,"","","","","","","","","","","","","","","","","","","","","","","","",12000,1,"","",2,1,0,1,"","","","","","","","","","",3,1,270,1,"","","","","","","","","","","","","","","","","","","","","","","","","","","","","","","","","","","","","","","","","","","","","","","","","","","",""
"83069002","PORQUEROLLES",43.,6.226833,135,1981090121,"","","","",7.,1,260,1,"","","","","","","","","","","","","","","","","","","","","","","","","","","","",22.5,1,17.2,1,"","","","","","","","","","","","","","","","","","","","","","","","","","",74,1,"","","","","","","","","","","","",20.3,1,1014.1,1,"","","","","","",2,1,0,1,2,1,0,1,2,1,"","","","","","","","","","","","","","","","","","","","","","","","",12000,1,"","",2,1,0,1,"","","","","","","","","","",2,1,270,1,"","","","","","","","","","","","","","","","","","","","","","","","","","","","","","","","","","","","","","","","","","","","","","","","","","","",""
"83069002","PORQUEROLLES",43.,6.226833,135,1981090200,"","","","",0.,1,0,1,"","","","","","","","","","","","","","","","","","","","","","","","","","","","",20.8,1,14.2,1,"","","","","","","","","","","","","","","","","","","","","","","","","","",68,1,"","","","","","","","","","","","",16.7,1,1017.,1,"","","","","","","","","","","","","","","","","","","","","","","","","","","","","","","","","","","","","","","","","","","","","","","","","","","","","","","","","","","","","","","","","","","","","","","","","","","","","","","","","","","","","","","","","","","","","","","","","","","","","","","","","","","","","","","","","",""
"83069002","PORQUEROLLES",43.,6.226833,135,1981090203,"","","","",3.,1,120,1,"","","","","","","","","","","","","","","","","","","","","","","","","","","","",20.5,1,19.1,1,"","","","","","","","","","","","","","","","","","","","","","","","","","",95,1,"","","","","","","","","","","","",23.,1,1015.5,1,"","","","","","",0,1,"","",0,1,0,1,0,1,"","","","","","","","","","","","","","","","","","","","","","","","",10000,1,"","",0,1,"","","","","","","","","","","","",2,1,0,1,"","","","","","","","","","","","","","","","","","","","","","","","","","","","","","","","","","","","","","","","","","","","","","","","","","","",""
"83069002","PORQUEROLLES",43.,6.226833,135,1981090206,"","","","",0.,1,0,1,"","","","","","","","","","","","","","","","","","","","","","","","","","","","",19.5,1,16.6,1,"","","","","","","","","","","","","","","","","","","","","","","","","","",86,1,"","","","","","","","","","","","",19.5,1,1016.1,1,"","","","","","",0,1,"","",0,1,0,1,0,1,"","","","","","","","","","","","","","","","","","","","","","","","",12000,1,"","",2,1,0,1,"","",0,1,"","","","","","",2,1,0,1,"","","","","","","","","","","","","","","","","","","","","","","","","","","","","","","","","","","","","","","","","","","","","","","","","","","",""
"83069002","PORQUEROLLES",43.,6.226833,135,1981090209,"","","","",0.,1,0,1,"","","","","","","","","","","","","","","","","","","","","","","","","","","","",22.4,1,17.,1,"","","","","","","","","","","","","","","","","","","","","","","","","","",74,1,"","","","","","","","","","","","",20.1,1,1016.9,1,"","","","","","",1,1,0,1,1,1,0,1,0,1,"","","","","","","","","","","","","","","","","","","","","","","","",11000,1,"","",2,1,0,1,"","","","","","","","","","",2,1,0,1,"","","","","","","","","","","","","","","","","","","","","","","","","","","","","","","","","","","","","","","","","","","","","","","","","","","",""
"83069002","PORQUEROLLES",43.,6.226833,135,1981090212,"","","","",4.,1,280,1,"","","","","","","","","","","","","","","","","","","","","","","","","","","","",25.4,1,15.5,1,"","","","","","","","","","","","","","","","","","","","","","","","","","",56,1,"","","","","","","","","","","","",18.2,1,1016.7,1,"","","","","","",2,1,0,1,0,1,0,1,1,1,"","","","","","","","","","","","","","","","","","","","","","","","",8000,1,"","",3,1,0,1,"","","","","","","","","","",2,1,0,1,"","","","","","","","","","","","","","","","","","","","","","","","","","","","","","","","","","","","","","","","","","","","","","","","","","","",""
"83069002","PORQUEROLLES",43.,6.226833,135,1981090215,"","","","",1.,1,120,1,"","","","","","","","","","","","","","","","","","","","","","","","","","","","",26.6,1,16.3,1,"","","","","","","","","","","","","","","","","","","","","","","","","","",55,1,"","","","","","","","","","","","",19.1,1,1016.7,1,"","","","","","",3,1,0,1,0,1,0,1,1,1,"","","","","","","","","","","","","","","","","","","","","","","","",8000,1,"","",2,1,0,1,"","","","","","","","","","",2,1,0,1,"","","","","","","","","","","","","","","","","","","","","","","","","","","","","","","","","","","","","","","","","","","","","","","","","","","",""
"83069002","PORQUEROLLES",43.,6.226833,135,1981090218,"","","","",2.,1,260,1,"","","","","","","","","","","","","","","","","","","","","","","","","","","","",23.,1,17.,1,"","","","","","","","","","","","","","","","","","","","","","","","","","",72,1,"","","","","","","","","","","","",20.1,1,1016.7,1,"","","","","","",2,1,0,1,0,1,0,1,1,1,"","","","","","","","","","","","","","","","","","","","","","","","",9000,1,"","",2,1,0,1,"","","","","","","","","","",2,1,0,1,"","","","","","","","","","","","","","","","","","","","","","","","","","","","","","","","","","","","","","","","","","","","","","","","","","","",""
"83069002","PORQUEROLLES",43.,6.226833,135,1981090221,"","","","",5.,1,80,1,"","","","","","","","","","","","","","","","","","","","","","","","","","","","",21.2,1,17.4,1,"","","","","","","","","","","","","","","","","","","","","","","","","","",82,1,"","","","","","","","","","","","",20.6,1,1016.9,1,"","","","","","",0,1,"","",0,1,0,1,0,1,"","","","","","","","","","","","","","","","","","","","","","","","",15000,1,"","",2,1,0,1,"","","","","","","","","","",2,1,0,1,"","","","","","","","","","","","","","","","","","","","","","","","","","","","","","","","","","","","","","","","","","","","","","","","","","","",""
"83069002","PORQUEROLLES",43.,6.226833,135,1981090300,"","","","",3.,1,60,1,"","","","","","","","","","","","","","","","","","","","","","","","","","","","",21.4,1,20.2,1,"","","","","","","","","","","","","","","","","","","","","","","","","","",97,1,"","","","","","","","","","","","",24.7,1,1017.,1,"","","","","","","","","","","","","","","","","","","","","","","","","","","","","","","","","","","","","","","","","","","","","","","","","","","","","","","","","","","","","","","","","","","","","","","","","","","","","","","","","","","","","","","","","","","","","","","","","","","","","","","","","","","","","","","","","",""
"83069002","PORQUEROLLES",43.,6.226833,135,1981090303,"","","","",1.,1,360,1,"","","","","","","","","","","","","","","","","","","","","","","","","","","","",19.,1,17.1,1,"","","","","","","","","","","","","","","","","","","","","","","","","","",92,1,"","","","","","","","","","","","",20.2,1,1017.,1,"","","","","","",0,1,"","",0,1,0,1,0,1,"","","","","","","","","","","","","","","","","","","","","","","","",15000,1,"","",0,1,"","","","","","","","","","","","",2,1,"","","","","","","","","","","","","","","","","","","","","","","","","","","","","","","","","","","","","","","","","","","","","","","","","","","","","",""
"83069002","PORQUEROLLES",43.,6.226833,135,1981090306,"","","","",2.,1,360,1,"","","","","","","","","","","","","","","","","","","","","","","","","","","","",19.,1,15.8,1,"","","","","","","","","","","","","","","","","","","","","","","","","","",85,1,"","","","","","","","","","","","",18.6,1,1016.8,1,"","","","","","",0,1,"","",0,1,0,1,0,1,"","","","","","","","","","","","","","","","","","","","","","","","",10000,1,"","",2,1,0,1,"","",0,1,"","","","","","",2,1,0,1,"","","","","","","","","","","","","","","","","","","","","","","","","","","","","","","","","","","","","","","","","","","","","","","","","","","",""
"83069002","PORQUEROLLES",43.,6.226833,135,1981090309,"","","","",1.,1,320,1,"","","","","","","","","","","","","","","","","","","","","","","","","","","","",21.9,1,14.,1,"","","","","","","","","","","","","","","","","","","","","","","","","","",63,1,"","","","","","","","","","","","",16.5,1,1017.,1,"","","","","","",5,1,5,1,1,1,0,1,0,1,"","","","","","","","","","","","","","","","","","","","","","","","",12000,1,"","",3,1,1,1,"","","","","","","","","","",2,1,0,1,"","","","","","","","","","","","","","","","","","","","","","","","","","","","","","","","","","","","","","","","","","","","","","","","","","","",""
"83069002","PORQUEROLLES",43.,6.226833,135,1981090312,"","","","",4.,1,240,1,"","","","","","","","","","","","","","","","","","","","","","","","","","","","",26.5,1,15.5,1,"","","","","","","","","","","","","","","","","","","","","","","","","","",52,1,"","","","","","","","","","","","",18.2,1,1015.6,1,"","","","","","",5,1,5,1,1,1,0,1,0,1,"","","","","","","","","","","","","","","","","","","","","","","","",12000,1,"","",2,1,1,1,"","","","","","","","","","",2,1,0,1,"","","","","","","","","","","","","","","","","","","","","","","","","","","","","","","","","","","","","","","","","","","","","","","","","","","",""
"83069002","PORQUEROLLES",43.,6.226833,135,1981090315,"","","","",13.,1,80,1,"","","","","","","","","","","","","","","","","","","","","","","","","","","","",20.3,1,17.5,1,"","","","","","","","","","","","","","","","","","","","","","","","","","",87,1,"","","","","","","","","","","","",20.7,1,1015.9,1,"","","","","","",8,1,8,1,3,1,"","","","","","","","","","","","","","","","","","","","","","","","","","","","",8000,1,"","",3,1,2,1,"","","","","","","","","","",3,1,90,1,"","","","","","","","","","","","","","","","","","","","","","","","","","","","","","","","","","","","","","","","","","","","","","","","","","","",""
"83069002","PORQUEROLLES",43.,6.226833,135,1981090318,"","","","",2.,1,340,1,"","","","","","","","","","","","","","","","","","","","","","","","","","","","",16.8,1,14.8,1,"","","","","","","","","","","","","","","","","","","","","","","","","","",91,1,"","","","","","","","","","","","",17.3,1,1017.5,1,"","","","","","",6,1,6,1,7,1,0,1,0,1,"","","","","","","","","","","","","","","","","","","","","","","","",15000,1,"","",1,1,9,1,"","","","","","","","","","",3,1,90,1,"","","","","","","","","","","","","","","","","","","","","","","","","","","","","","","","","","","","","","","","","","","","","","","","","","","",""
"83069002","PORQUEROLLES",43.,6.226833,135,1981090321,"","","","",0.,1,0,1,"","","","","","","","","","","","","","","","","","","","","","","","","","","","",17.4,1,13.7,1,"","","","","","","","","","","","","","","","","","","","","","","","","","",81,1,"","","","","","","","","","","","",16.1,1,1017.8,1,"","","","","","",4,1,0,1,6,1,0,1,0,1,"","","","","","","","","","","","","","","","","","","","","","","","",25000,1,"","",1,1,1,1,"","","","","","","","","","",2,1,0,1,"","","","","","","","","","","","","","","","","","","","","","","","","","","","","","","","","","","","","","","","","","","","","","","","","","","",""
"83069002","PORQUEROLLES",43.,6.226833,135,1981090400,"","","","",0.,1,0,1,"","","","","","","","","","","","","","","","","","","","","","","","","","","","",16.8,1,14.1,1,"","","","","","","","","","","","","","","","","","","","","","","","","","",87,1,"","","","","","","","","","","","",16.6,1,1017.1,1,"","","","","","","","","","","","","","","","","","","","","","","","","","","","","","","","","","","","","","","","","","","","","","","","","","","","","","","","","","","","","","","","","","","","","","","","","","","","","","","","","","","","","","","","","","","","","","","","","","","","","","","","","","","","","","","","","",""
"83069002","PORQUEROLLES",43.,6.226833,135,1981090403,"","","","",1.,1,280,1,"","","","","","","","","","","","","","","","","","","","","","","","","","","","",17.2,1,15.5,1,"","","","","","","","","","","","","","","","","","","","","","","","","","",93,1,"","","","","","","","","","","","",18.2,1,1016.4,1,"","","","","","",7,1,7,1,6,1,"","","","","","","","","","","","","","","","","","","","","","","","","","","","",30000,1,"","",0,1,"","","","","","","","","","","","",2,1,0,1,"","","","","","","","","","","","","","","","","","","","","","","","","","","","","","","","","","","","","","","","","","","","","","","","","","","",""
"83069002","PORQUEROLLES",43.,6.226833,135,1981090406,"","","","",1.,1,360,1,"","","","","","","","","","","","","","","","","","","","","","","","","","","","",17.,1,14.8,1,"","","","","","","","","","","","","","","","","","","","","","","","","","",90,1,"","","","","","","","","","","","",17.4,1,1016.2,1,"","","","","","",3,1,0,1,2,1,4,1,0,1,"","","","","","","","","","","","","","","","","","","","","","","","",15000,1,"","",1,1,1,1,"","","","","","","","","","",2,1,0,1,"","","","","","","","","","","","","","","","","","","","","","","","","","","","","","","","","","","","","","","","","","","","","","","","","","","",""
"83069002","PORQUEROLLES",43.,6.226833,135,1981090409,"","","","",0.,1,0,1,"","","","","","","","","","","","","","","","","","","","","","","","","","","","",21.,1,15.6,1,"","","","","","","","","","","","","","","","","","","","","","","","","","",74,1,"","","","","","","","","","","","",18.3,1,1016.,1,"","","","","","",3,1,0,1,2,1,0,1,0,1,"","","","","","","","","","","","","","","","","","","","","","","","",10000,1,"","",2,1,0,1,"","","","","","","","","","",2,1,0,1,"","","","","","","","","","","","","","","","","","","","","","","","","","","","","","","","","","","","","","","","","","","","","","","","","","","",""
"83069002","PORQUEROLLES",43.,6.226833,135,1981090412,"","","","",7.,1,120,1,"","","","","","","","","","","","","","","","","","","","","","","","","","","","",20.,1,14.5,1,"","","","","","","","","","","","","","","","","","","","","","","","","","",74,1,"","","","","","","","","","","","",17.,1,1016.5,1,"","","","","","",6,1,6,1,8,1,0,1,0,1,"","","","","","","","","","","","","","","","","","","","","","","","",10000,1,"","",3,1,1,1,"","","","","","","","","","",2,1,0,1,"","","","","","","","","","","","","","","","","","","","","","","","","","","","","","","","","","","","","","","","","","","","","","","","","","","",""
"83069002","PORQUEROLLES",43.,6.226833,135,1981090415,"","","","",5.,1,120,1,"","","","","","","","","","","","","","","","","","","","","","","","","","","","",21.,1,15.6,1,"","","","","","","","","","","","","","","","","","","","","","","","","","",74,1,"","","","","","","","","","","","",18.3,1,1016.5,1,"","","","","","",6,1,6,1,8,1,0,1,0,1,"","","","","","","","","","","","","","","","","","","","","","","","",25000,1,"","",2,1,1,1,"","","","","","","","","","",2,1,0,1,"","","","","","","","","","","","","","","","","","","","","","","","","","","","","","","","","","","","","","","","","","","","","","","","","","","",""
"83069002","PORQUEROLLES",43.,6.226833,135,1981090418,"","","","",5.,1,280,1,"","","","","","","","","","","","","","","","","","","","","","","","","","","","",17.,1,15.5,1,"","","","","","","","","","","","","","","","","","","","","","","","","","",94,1,"","","","","","","","","","","","",18.2,1,1018.,1,"","","","","","",6,1,6,1,0,1,5,1,0,1,"","","","","","","","","","","","","","","","","","","","","","","","",20000,1,"","",2,1,6,1,"","","","","","","","","","",2,1,0,1,"","","","","","","","","","","","","","","","","","","","","","","","","","","","","","","","","","","","","","","","","","","","","","","","","","","",""
"83069002","PORQUEROLLES",43.,6.226833,135,1981090421,"","","","",3.,1,300,1,"","","","","","","","","","","","","","","","","","","","","","","","","","","","",17.6,1,16.1,1,"","","","","","","","","","","","","","","","","","","","","","","","","","",94,1,"","","","","","","","","","","","",18.9,1,1018.6,1,"","","","","","",3,1,0,1,0,1,0,1,2,1,"","","","","","","","","","","","","","","","","","","","","","","","",20000,1,"","",1,1,1,1,"","","","","","","","","","",2,1,0,1,"","","","","","","","","","","","","","","","","","","","","","","","","","","","","","","","","","","","","","","","","","","","","","","","","","","",""
"83069002","PORQUEROLLES",43.,6.226833,135,1981090500,"","","","",2.,1,360,1,"","","","","","","","","","","","","","","","","","","","","","","","","","","","",17.4,1,15.8,1,"","","","","","","","","","","","","","","","","","","","","","","","","","",94,1,"","","","","","","","","","","","",18.6,1,1019.3,1,"","","","","","","","","","","","","","","","","","","","","","","","","","","","","","","","","","","","","","","","","","","","","","","","","","","","","","","","","","","","","","","","","","","","","","","","","","","","","","","","","","","","","","","","","","","","","","","","","","","","","","","","","","","","","","","","","",""
"83069002","PORQUEROLLES",43.,6.226833,135,1981090503,"","","","",2.,1,360,1,"","","","","","","","","","","","","","","","","","","","","","","","","","","","",17.2,1,15.5,1,"","","","","","","","","","","","","","","","","","","","","","","","","","",93,1,"","","","","","","","","","","","",18.2,1,1019.3,1,"","","","","","",0,1,"","",0,1,0,1,0,1,"","","","","","","","","","","","","","","","","","","","","","","","",18000,1,"","",0,1,"","","","","","","","","","","","",2,1,"","","","","","","","","","","","","","","","","","","","","","","","","","","","","","","","","","","","","","","","","","","","","","","","","","","","","",""
"83069002","PORQUEROLLES",43.,6.226833,135,1981090506,"","","","",0.,1,0,1,"","","","","","","","","","","","","","","","","","","","","","","","","","","","",17.2,1,15.5,1,"","","","","","","","","","","","","","","","","","","","","","","","","","",93,1,"","","","","","","","","","","","",18.2,1,1020.,1,"","","","","","",1,1,0,1,0,1,0,1,1,1,"","","","","","","","","","","","","","","","","","","","","","","","",8000,1,"","",2,1,0,1,"","",0,1,"","","","","","",2,1,0,1,"","","","","","","","","","","","","","","","","","","","","","","","","","","","","","","","","","","","","","","","","","","","","","","","","","","",""
"83069002","PORQUEROLLES",43.,6.226833,135,1981090509,"","","","",3.,1,140,1,"","","","","","","","","","","","","","","","","","","","","","","","","","","","",22.5,1,15.4,1,"","","","","","","","","","","","","","","","","","","","","","","","","","",67,1,"","","","","","","","","","","","",18.1,1,1020.5,1,"","","","","","",1,1,0,1,0,1,0,1,1,1,"","","","","","","","","","","","","","","","","","","","","","","","",8000,1,"","",2,1,0,1,"","","","","","","","","","",2,1,0,1,"","","","","","","","","","","","","","","","","","","","","","","","","","","","","","","","","","","","","","","","","","","","","","","","","","","",""
"83069002","PORQUEROLLES",43.,6.226833,135,1981090512,"","","","",3.,1,140,1,"","","","","","","","","","","","","","","","","","","","","","","","","","","","",24.,1,16.3,1,"","","","","","","","","","","","","","","","","","","","","","","","","","",62,1,"","","","","","","","","","","","",19.1,1,1020.1,1,"","","","","","",1,1,0,1,1,1,0,1,0,1,"","","","","","","","","","","","","","","","","","","","","","","","",14000,1,"","",2,1,0,1,"","","","","","","","","","",2,1,0,1,"","","","","","","","","","","","","","","","","","","","","","","","","","","","","","","","","","","","","","","","","","","","","","","","","","","",""
"83069002","PORQUEROLLES",43.,6.226833,135,1981090515,"","","","",5.,1,220,1,"","","","","","","","","","","","","","","","","","","","","","","","","","","","",23.,1,15.1,1,"","","","","","","","","","","","","","","","","","","","","","","","","","",63,1,"","","","","","","","","","","","",17.7,1,1020.1,1,"","","","","","",1,1,0,1,1,1,0,1,0,1,"","","","","","","","","","","","","","","","","","","","","","","","",14000,1,"","",2,1,0,1,"","","","","","","","","","",2,1,0,1,"","","","","","","","","","","","","","","","","","","","","","","","","","","","","","","","","","","","","","","","","","","","","","","","","","","",""
"83069002","PORQUEROLLES",43.,6.226833,135,1981090518,"","","","",0.,1,0,1,"","","","","","","","","","","","","","","","","","","","","","","","","","","","",19.8,1,14.7,1,"","","","","","","","","","","","","","","","","","","","","","","","","","",74,1,"","","","","","","","","","","","",17.2,1,1020.1,1,"","","","","","",3,1,0,1,0,1,0,1,1,1,"","","","","","","","","","","","","","","","","","","","","","","","",10000,1,"","",1,1,0,1,"","","","","","","","","","",2,1,0,1,"","","","","","","","","","","","","","","","","","","","","","","","","","","","","","","","","","","","","","","","","","","","","","","","","","","",""
"83069002","PORQUEROLLES",43.,6.226833,135,1981090521,"","","","",3.,1,260,1,"","","","","","","","","","","","","","","","","","","","","","","","","","","","",18.6,1,15.4,1,"","","","","","","","","","","","","","","","","","","","","","","","","","",84,1,"","","","","","","","","","","","",18.1,1,1020.7,1,"","","","","","",2,1,0,1,0,1,0,1,1,1,"","","","","","","","","","","","","","","","","","","","","","","","",10000,1,"","",3,1,0,1,"","","","","","","","","","",2,1,0,1,"","","","","","","","","","","","","","","","","","","","","","","","","","","","","","","","","","","","","","","","","","","","","","","","","","","",""
"83069002","PORQUEROLLES",43.,6.226833,135,1981090600,"","","","",3.,1,280,1,"","","","","","","","","","","","","","","","","","","","","","","","","","","","",18.4,1,15.8,1,"","","","","","","","","","","","","","","","","","","","","","","","","","",88,1,"","","","","","","","","","","","",18.6,1,1020.7,1,"","","","","","","","","","","","","","","","","","","","","","","","","","","","","","","","","","","","","","","","","","","","","","","","","","","","","","","","","","","","","","","","","","","","","","","","","","","","","","","","","","","","","","","","","","","","","","","","","","","","","","","","","","","","","","","","","",""
"83069002","PORQUEROLLES",43.,6.226833,135,1981090603,"","","","",2.,1,220,1,"","","","","","","","","","","","","","","","","","","","","","","","","","","","",17.5,1,13.6,1,"","","","","","","","","","","","","","","","","","","","","","","","","","",80,1,"","","","","","","","","","","","",16.,1,1020.4,1,"","","","","","",0,1,"","",0,1,0,1,0,1,"","","","","","","","","","","","","","","","","","","","","","","","",10000,1,"","",0,1,"","","","","","","","","","","","",2,1,"","","","","","","","","","","","","","","","","","","","","","","","","","","","","","","","","","","","","","","","","","","","","","","","","","","","","",""
"83069002","PORQUEROLLES",43.,6.226833,135,1981090606,"","","","",1.,1,340,1,"","","","","","","","","","","","","","","","","","","","","","","","","","","","",18.,1,14.5,1,"","","","","","","","","","","","","","","","","","","","","","","","","","",82,1,"","","","","","","","","","","","",17.,1,1020.6,1,"","","","","","",0,1,"","",0,1,0,1,0,1,"","","","","","","","","","","","","","","","","","","","","","","","",8000,1,"","",2,1,0,1,"","",0,1,"","","","","","",2,1,0,1,"","","","","","","","","","","","","","","","","","","","","","","","","","","","","","","","","","","","","","","","","","","","","","","","","","","",""
"83069002","PORQUEROLLES",43.,6.226833,135,1981090609,"","","","",2.,1,60,1,"","","","","","","","","","","","","","","","","","","","","","","","","","","","",22.,1,16.,1,"","","","","","","","","","","","","","","","","","","","","","","","","","",71,1,"","","","","","","","","","","","",18.8,1,1021.,1,"","","","","","",0,1,"","",0,1,0,1,0,1,"","","","","","","","","","","","","","","","","","","","","","","","",9000,1,"","",2,1,0,1,"","","","","","","","","","",2,1,0,1,"","","","","","","","","","","","","","","","","","","","","","","","","","","","","","","","","","","","","","","","","","","","","","","","","","","",""
"83069002","PORQUEROLLES",43.,6.226833,135,1981090612,"","","","",2.,1,140,1,"","","","","","","","","","","","","","","","","","","","","","","","","","","","",23.6,1,18.,1,"","","","","","","","","","","","","","","","","","","","","","","","","","",74,1,"","","","","","","","","","","","",21.4,1,1021.,1,"","","","","","",0,1,"","",0,1,0,1,0,1,"","","","","","","","","","","","","","","","","","","","","","","","",9000,1,"","",2,1,0,1,"","","","","","","","","","",2,1,0,1,"","","","","","","","","","","","","","","","","","","","","","","","","","","","","","","","","","","","","","","","","","","","","","","","","","","",""
"83069002","PORQUEROLLES",43.,6.226833,135,1981090615,"","","","",2.,1,160,1,"","","","","","","","","","","","","","","","","","","","","","","","","","","","",23.8,1,17.3,1,"","","","","","","","","","","","","","","","","","","","","","","","","","",69,1,"","","","","","","","","","","","",20.4,1,1021.,1,"","","","","","",0,1,"","",0,1,0,1,0,1,"","","","","","","","","","","","","","","","","","","","","","","","",7000,1,"","",2,1,0,1,"","","","","","","","","","",2,1,0,1,"","","","","","","","","","","","","","","","","","","","","","","","","","","","","","","","","","","","","","","","","","","","","","","","","","","",""
"83069002","PORQUEROLLES",43.,6.226833,135,1981090618,"","","","",1.,1,220,1,"","","","","","","","","","","","","","","","","","","","","","","","","","","","",21.,1,15.9,1,"","","","","","","","","","","","","","","","","","","","","","","","","","",75,1,"","","","","","","","","","","","",18.7,1,1021.2,1,"","","","","","",1,1,0,1,0,1,0,1,1,1,"","","","","","","","","","","","","","","","","","","","","","","","",6000,1,"","",3,1,0,1,"","","","","","","","","","",2,1,0,1,"","","","","","","","","","","","","","","","","","","","","","","","","","","","","","","","","","","","","","","","","","","","","","","","","","","",""
"83069002","PORQUEROLLES",43.,6.226833,135,1981090621,"","","","",0.,1,0,1,"","","","","","","","","","","","","","","","","","","","","","","","","","","","",19.8,1,15.4,1,"","","","","","","","","","","","","","","","","","","","","","","","","","",78,1,"","","","","","","","","","","","",18.,1,1021.8,1,"","","","","","",0,1,"","",0,1,0,1,0,1,"","","","","","","","","","","","","","","","","","","","","","","","",18000,1,"","",2,1,0,1,"","","","","","","","","","",2,1,0,1,"","","","","","","","","","","","","","","","","","","","","","","","","","","","","","","","","","","","","","","","","","","","","","","","","","","",""
"83069002","PORQUEROLLES",43.,6.226833,135,1981090700,"","","","",2.,1,360,1,"","","","","","","","","","","","","","","","","","","","","","","","","","","","",19.2,1,17.9,1,"","","","","","","","","","","","","","","","","","","","","","","","","","",96,1,"","","","","","","","","","","","",21.3,1,1022.1,1,"","","","","","","","","","","","","","","","","","","","","","","","","","","","","","","","","","","","","","","","","","","","","","","","","","","","","","","","","","","","","","","","","","","","","","","","","","","","","","","","","","","","","","","","","","","","","","","","","","","","","","","","","","","","","","","","","",""
"83069002","PORQUEROLLES",43.,6.226833,135,1981090703,"","","","",3.,1,300,1,"","","","","","","","","","","","","","","","","","","","","","","","","","","","",19.,1,15.5,1,"","","","","","","","","","","","","","","","","","","","","","","","","","",83,1,"","","","","","","","","","","","",18.2,1,1022.1,1,"","","","","","",0,1,"","",0,1,0,1,0,1,"","","","","","","","","","","","","","","","","","","","","","","","",11000,1,"","",0,1,"","","","","","","","","","","","",2,1,0,1,"","","","","","","","","","","","","","","","","","","","","","","","","","","","","","","","","","","","","","","","","","","","","","","","","","","",""
"83069002","PORQUEROLLES",43.,6.226833,135,1981090706,"","","","",1.,1,40,1,"","","","","","","","","","","","","","","","","","","","","","","","","","","","",20.2,1,12.5,1,"","","","","","","","","","","","","","","","","","","","","","","","","","",63,1,"","","","","","","","","","","","",14.9,1,1021.9,1,"","","","","","",5,1,5,1,0,1,0,1,9,1,"","","","","","","","","","","","","","","","","","","","","","","","",9000,1,"","",3,1,1,1,"","",0,1,"","","","","","",2,1,0,1,"","","","","","","","","","","","","","","","","","","","","","","","","","","","","","","","","","","","","","","","","","","","","","","","","","","",""
"83069002","PORQUEROLLES",43.,6.226833,135,1981090709,"","","","",4.,1,120,1,"","","","","","","","","","","","","","","","","","","","","","","","","","","","",24.,1,17.1,1,"","","","","","","","","","","","","","","","","","","","","","","","","","",66,1,"","","","","","","","","","","","",20.2,1,1023.,1,"","","","","","",3,1,0,1,0,1,0,1,2,1,"","","","","","","","","","","","","","","","","","","","","","","","",9000,1,"","",1,1,0,1,"","","","","","","","","","",2,1,0,1,"","","","","","","","","","","","","","","","","","","","","","","","","","","","","","","","","","","","","","","","","","","","","","","","","","","",""
"83069002","PORQUEROLLES",43.,6.226833,135,1981090712,"","","","",5.,1,220,1,"","","","","","","","","","","","","","","","","","","","","","","","","","","","",24.4,1,16.,1,"","","","","","","","","","","","","","","","","","","","","","","","","","",61,1,"","","","","","","","","","","","",18.8,1,1023.,1,"","","","","","",4,1,0,1,0,1,0,1,9,1,"","","","","","","","","","","","","","","","","","","","","","","","",12000,1,"","",3,1,0,1,"","","","","","","","","","",2,1,0,1,"","","","","","","","","","","","","","","","","","","","","","","","","","","","","","","","","","","","","","","","","","","","","","","","","","","",""
"83069002","PORQUEROLLES",43.,6.226833,135,1981090715,"","","","",7.,1,240,1,"","","","","","","","","","","","","","","","","","","","","","","","","","","","",24.5,1,16.8,1,"","","","","","","","","","","","","","","","","","","","","","","","","","",64,1,"","","","","","","","","","","","",19.8,1,1022.6,1,"","","","","","",3,1,0,1,0,1,0,1,9,1,"","","","","","","","","","","","","","","","","","","","","","","","",12000,1,"","",2,1,0,1,"","","","","","","","","","",2,1,0,1,"","","","","","","","","","","","","","","","","","","","","","","","","","","","","","","","","","","","","","","","","","","","","","","","","","","",""
"83069002","PORQUEROLLES",43.,6.226833,135,1981090718,"","","","",5.,1,260,1,"","","","","","","","","","","","","","","","","","","","","","","","","","","","",21.,1,18.1,1,"","","","","","","","","","","","","","","","","","","","","","","","","","",86,1,"","","","","","","","","","","","",21.5,1,1022.,1,"","","","","","",4,1,0,1,0,1,8,1,1,1,"","","","","","","","","","","","","","","","","","","","","","","","",5000,1,"","",3,1,0,1,"","","","","","","","","","",2,1,0,1,"","","","","","","","","","","","","","","","","","","","","","","","","","","","","","","","","","","","","","","","","","","","","","","","","","","",""
"83069002","PORQUEROLLES",43.,6.226833,135,1981090721,"","","","",5.,1,260,1,"","","","","","","","","","","","","","","","","","","","","","","","","","","","",20.,1,19.1,1,"","","","","","","","","","","","","","","","","","","","","","","","","","",98,1,"","","","","","","","","","","","",22.9,1,1023.2,1,"","","","","","",1,1,0,1,0,1,0,1,1,1,"","","","","","","","","","","","","","","","","","","","","","","","",8000,1,"","",1,1,0,1,"","","","","","","","","","",2,1,0,1,"","","","","","","","","","","","","","","","","","","","","","","","","","","","","","","","","","","","","","","","","","","","","","","","","","","",""
"83069002","PORQUEROLLES",43.,6.226833,135,1981090800,"","","","",4.,1,280,1,"","","","","","","","","","","","","","","","","","","","","","","","","","","","",19.8,1,17.7,1,"","","","","","","","","","","","","","","","","","","","","","","","","","",91,1,"","","","","","","","","","","","",21.,1,1023.3,1,"","","","","","","","","","","","","","","","","","","","","","","","","","","","","","","","","","","","","","","","","","","","","","","","","","","","","","","","","","","","","","","","","","","","","","","","","","","","","","","","","","","","","","","","","","","","","","","","","","","","","","","","","","","","","","","","","",""
"83069002","PORQUEROLLES",43.,6.226833,135,1981090803,"","","","",4.,1,280,1,"","","","","","","","","","","","","","","","","","","","","","","","","","","","",19.5,1,16.2,1,"","","","","","","","","","","","","","","","","","","","","","","","","","",84,1,"","","","","","","","","","","","",19.,1,1023.3,1,"","","","","","",0,1,"","",0,1,0,1,0,1,"","","","","","","","","","","","","","","","","","","","","","","","",12000,1,"","",0,1,"","","","","","","","","","","","",2,1,0,1,"","","","","","","","","","","","","","","","","","","","","","","","","","","","","","","","","","","","","","","","","","","","","","","","","","","",""
"83069002","PORQUEROLLES",43.,6.226833,135,1981090806,"","","","",4.,1,280,1,"","","","","","","","","","","","","","","","","","","","","","","","","","","","",19.8,1,16.8,1,"","","","","","","","","","","","","","","","","","","","","","","","","","",86,1,"","","","","","","","","","","","",19.8,1,1023.1,1,"","","","","","",7,1,7,1,0,1,7,1,"","","","","","","","","","","","","","","","","","","","","","","","","","",10000,1,"","",3,1,1,1,"","",0,1,"","","","","","",2,1,0,1,"","","","","","","","","","","","","","","","","","","","","","","","","","","","","","","","","","","","","","","","","","","","","","","","","","","",""
"83069002","PORQUEROLLES",43.,6.226833,135,1981090809,"","","","",4.,1,260,1,"","","","","","","","","","","","","","","","","","","","","","","","","","","","",22.,1,16.6,1,"","","","","","","","","","","","","","","","","","","","","","","","","","",74,1,"","","","","","","","","","","","",19.6,1,1024.,1,"","","","","","",7,1,7,1,0,1,8,1,"","","","","","","","","","","","","","","","","","","","","","","","","","",10000,1,"","",2,1,1,1,"","","","","","","","","","",2,1,0,1,"","","","","","","","","","","","","","","","","","","","","","","","","","","","","","","","","","","","","","","","","","","","","","","","","","","",""
"83069002","PORQUEROLLES",43.,6.226833,135,1981090812,"","","","",7.,1,220,1,"","","","","","","","","","","","","","","","","","","","","","","","","","","","",24.,1,17.1,1,"","","","","","","","","","","","","","","","","","","","","","","","","","",66,1,"","","","","","","","","","","","",20.2,1,1023.9,1,"","","","","","",2,1,0,1,0,1,0,1,2,1,"","","","","","","","","","","","","","","","","","","","","","","","",10000,1,"","",1,1,0,1,"","","","","","","","","","",2,1,0,1,"","","","","","","","","","","","","","","","","","","","","","","","","","","","","","","","","","","","","","","","","","","","","","","","","","","",""
"83069002","PORQUEROLLES",43.,6.226833,135,1981090815,"","","","",7.,1,240,1,"","","","","","","","","","","","","","","","","","","","","","","","","","","","",24.,1,18.8,1,"","","","","","","","","","","","","","","","","","","","","","","","","","",76,1,"","","","","","","","","","","","",22.5,1,1023.,1,"","","","","","",3,1,0,1,0,1,0,1,2,1,"","","","","","","","","","","","","","","","","","","","","","","","",10000,1,"","",2,1,0,1,"","","","","","","","","","",3,1,230,1,"","","","","","","","","","","","","","","","","","","","","","","","","","","","","","","","","","","","","","","","","","","","","","","","","","","",""
"83069002","PORQUEROLLES",43.,6.226833,135,1981090818,"","","","",6.,1,240,1,"","","","","","","","","","","","","","","","","","","","","","","","","","","","",21.,1,17.9,1,"","","","","","","","","","","","","","","","","","","","","","","","","","",85,1,"","","","","","","","","","","","",21.2,1,1022.7,1,"","","","","","",4,1,0,1,0,1,0,1,2,1,"","","","","","","","","","","","","","","","","","","","","","","","",8000,1,"","",2,1,0,1,"","","","","","","","","","",2,1,0,1,"","","","","","","","","","","","","","","","","","","","","","","","","","","","","","","","","","","","","","","","","","","","","","","","","","","",""
"83069002","PORQUEROLLES",43.,6.226833,135,1981090821,"","","","",5.,1,260,1,"","","","","","","","","","","","","","","","","","","","","","","","","","","","",20.2,1,19.,1,"","","","","","","","","","","","","","","","","","","","","","","","","","",96,1,"","","","","","","","","","","","",22.8,1,1023.,1,"","","","","","",1,1,0,1,0,1,0,1,2,1,"","","","","","","","","","","","","","","","","","","","","","","","",8000,1,"","",1,1,0,1,"","","","","","","","","","",2,1,"","","","","","","","","","","","","","","","","","","","","","","","","","","","","","","","","","","","","","","","","","","","","","","","","","","","","",""
"83069002","PORQUEROLLES",43.,6.226833,135,1981090900,"","","","",6.,1,260,1,"","","","","","","","","","","","","","","","","","","","","","","","","","","","",18.5,1,16.5,1,"","","","","","","","","","","","","","","","","","","","","","","","","","",91,1,"","","","","","","","","","","","",19.4,1,1022.8,1,"","","","","","","","","","","","","","","","","","","","","","","","","","","","","","","","","","","","","","","","","","","","","","","","","","","","","","","","","","","","","","","","","","","","","","","","","","","","","","","","","","","","","","","","","","","","","","","","","","","","","","","","","","","","","","","","","",""
"83069002","PORQUEROLLES",43.,6.226833,135,1981090903,"","","","",6.,1,260,1,"","","","","","","","","","","","","","","","","","","","","","","","","","","","",19.6,1,19.6,1,"","","","","","","","","","","","","","","","","","","","","","","","","","",100,1,"","","","","","","","","","","","",22.8,1,1021.9,1,"","","","","","",3,1,0,1,6,1,0,1,0,1,"","","","","","","","","","","","","","","","","","","","","","","","",6000,1,"","",0,1,"","","","","","","","","","","","",2,1,"","","","","","","","","","","","","","","","","","","","","","","","","","","","","","","","","","","","","","","","","","","","","","","","","","","","","",""
"83069002","PORQUEROLLES",43.,6.226833,135,1981090906,"","","","",5.,1,260,1,"","","","","","","","","","","","","","","","","","","","","","","","","","","","",19.8,1,17.3,1,"","","","","","","","","","","","","","","","","","","","","","","","","","",89,1,"","","","","","","","","","","","",20.5,1,1021.5,1,"","","","","","",6,1,5,1,6,1,8,1,0,1,"","","","","","","","","","","","","","","","","","","","","","","","",8000,1,"","",3,1,1,1,"","",0,1,"","","","","","",2,1,0,1,"","","","","","","","","","","","","","","","","","","","","","","","","","","","","","","","","","","","","","","","","","","","","","","","","","","",""
"83069002","PORQUEROLLES",43.,6.226833,135,1981090909,"","","","",7.,1,240,1,"","","","","","","","","","","","","","","","","","","","","","","","","","","","",22.4,1,18.,1,"","","","","","","","","","","","","","","","","","","","","","","","","","",79,1,"","","","","","","","","","","","",21.4,1,1021.7,1,"","","","","","",4,1,0,1,0,1,8,1,0,1,"","","","","","","","","","","","","","","","","","","","","","","","",7000,1,"","",1,1,1,1,"","","","","","","","","","",2,1,270,1,"","","","","","","","","","","","","","","","","","","","","","","","","","","","","","","","","","","","","","","","","","","","","","","","","","","",""
"83069002","PORQUEROLLES",43.,6.226833,135,1981090912,"","","","",8.,1,240,1,"","","","","","","","","","","","","","","","","","","","","","","","","","","","",24.,1,19.4,1,"","","","","","","","","","","","","","","","","","","","","","","","","","",78,1,"","","","","","","","","","","","",23.4,1,1020.7,1,"","","","","","",5,1,5,1,0,1,0,1,6,1,"","","","","","","","","","","","","","","","","","","","","","","","",8000,1,"","",3,1,1,1,"","","","","","","","","","",3,1,270,1,"","","","","","","","","","","","","","","","","","","","","","","","","","","","","","","","","","","","","","","","","","","","","","","","","","","",""
"83069002","PORQUEROLLES",43.,6.226833,135,1981090915,"","","","",6.,1,240,1,"","","","","","","","","","","","","","","","","","","","","","","","","","","","",20.8,1,19.6,1,"","","","","","","","","","","","","","","","","","","","","","","","","","",96,1,"","","","","","","","","","","","",23.7,1,1019.9,1,"","","","","","",8,1,8,1,8,1,"","","","","","","","","","","","","","","","","","","","","","","","","","","","",11000,1,"","",29,1,2,1,"","","","","","","","","","",3,1,270,1,"","","","","","","","","","","","","","","","","","","","","","","","","","","","","","","","","","","","","","","","","","","","","","","","","","","",""
"83069002","PORQUEROLLES",43.,6.226833,135,1981090918,"","","","",7.,1,240,1,"","","","","","","","","","","","","","","","","","","","","","","","","","","","",20.8,1,19.3,1,"","","","","","","","","","","","","","","","","","","","","","","","","","",95,1,"","","","","","","","","","","","",23.2,1,1019.3,1,"","","","","","",8,1,8,1,7,1,"","","","","","","","","","","","","","","","","","","","","","","","","","","","",6000,1,"","",60,1,9,1,"","","","","","","","","","",3,1,270,1,"","","","","","","","","","","","","","","","","","","","","","","","","","","","","","","","","","","","","","","","","","","","","","","","","","","",""
"83069002","PORQUEROLLES",43.,6.226833,135,1981090921,"","","","",4.,1,260,1,"","","","","","","","","","","","","","","","","","","","","","","","","","","","",21.,1,19.5,1,"","","","","","","","","","","","","","","","","","","","","","","","","","",95,1,"","","","","","","","","","","","",23.5,1,1018.9,1,"","","","","","",6,1,6,1,5,1,0,1,0,1,"","","","","","","","","","","","","","","","","","","","","","","","",12000,1,"","",1,1,6,1,"","","","","","","","","","",2,1,0,1,"","","","","","","","","","","","","","","","","","","","","","","","","","","","","","","","","","","","","","","","","","","","","","","","","","","",""
"83069002","PORQUEROLLES",43.,6.226833,135,1981091000,"","","","",3.,1,20,1,"","","","","","","","","","","","","","","","","","","","","","","","","","","","",19.8,1,17.1,1,"","","","","","","","","","","","","","","","","","","","","","","","","","",88,1,"","","","","","","","","","","","",20.2,1,1018.2,1,"","","","","","","","","","","","","","","","","","","","","","","","","","","","","","","","","","","","","","","","","","","","","","","","","","","","","","","","","","","","","","","","","","","","","","","","","","","","","","","","","","","","","","","","","","","","","","","","","","","","","","","","","","","","","","","","","",""
"83069002","PORQUEROLLES",43.,6.226833,135,1981091003,"","","","",6.,1,260,1,"","","","","","","","","","","","","","","","","","","","","","","","","","","","",20.2,1,20.2,1,"","","","","","","","","","","","","","","","","","","","","","","","","","",100,1,"","","","","","","","","","","","",23.7,1,1017.2,1,"","","","","","",4,1,0,1,5,1,0,1,0,1,"","","","","","","","","","","","","","","","","","","","","","","","",12000,1,"","",0,1,"","","","","","","","","","","","",2,1,0,1,"","","","","","","","","","","","","","","","","","","","","","","","","","","","","","","","","","","","","","","","","","","","","","","","","","","",""
"83069002","PORQUEROLLES",43.,6.226833,135,1981091006,"","","","",5.,1,240,1,"","","","","","","","","","","","","","","","","","","","","","","","","","","","",19.6,1,18.1,1,"","","","","","","","","","","","","","","","","","","","","","","","","","",95,1,"","","","","","","","","","","","",21.6,1,1016.4,1,"","","","","","",7,1,7,1,8,1,"","","","","","","","","","","","","","","","","","","","","","","","","","","","",8000,1,"","",3,1,1,1,"","",0,1,"","","","","","",2,1,0,1,"","","","","","","","","","","","","","","","","","","","","","","","","","","","","","","","","","","","","","","","","","","","","","","","","","","",""
"83069002","PORQUEROLLES",43.,6.226833,135,1981091009,"","","","",3.,1,360,1,"","","","","","","","","","","","","","","","","","","","","","","","","","","","",21.,1,18.8,1,"","","","","","","","","","","","","","","","","","","","","","","","","","",91,1,"","","","","","","","","","","","",22.5,1,1015.1,1,"","","","","","",8,1,8,1,5,1,"","","","","","","","","","","","","","","","","","","","","","","","","","","","",8000,1,"","",2,1,6,1,"","","","","","","","","","",2,1,0,1,"","","","","","","","","","","","","","","","","","","","","","","","","","","","","","","","","","","","","","","","","","","","","","","","","","","",""
"83069002","PORQUEROLLES",43.,6.226833,135,1981091012,"","","","",2.,1,220,1,"","","","","","","","","","","","","","","","","","","","","","","","","","","","",24.,1,18.8,1,"","","","","","","","","","","","","","","","","","","","","","","","","","",75,1,"","","","","","","","","","","","",22.5,1,1015.,1,"","","","","","",5,1,0,1,9,1,0,1,2,1,"","","","","","","","","","","","","","","","","","","","","","","","",10000,1,"","",97,1,6,1,"","","","","","","","","","",2,1,170,1,"","","","","","","","","","","","","","","","","","","","","","","","","","","","","","","","","","","","","","","","","","","","","","","","","","","",""
"83069002","PORQUEROLLES",43.,6.226833,135,1981091015,"","","","",2.,1,80,1,"","","","","","","","","","","","","","","","","","","","","","","","","","","","",24.,1,17.9,1,"","","","","","","","","","","","","","","","","","","","","","","","","","",71,1,"","","","","","","","","","","","",21.3,1,1013.8,1,"","","","","","",6,1,0,1,3,1,6,1,0,1,"","","","","","","","","","","","","","","","","","","","","","","","",10000,1,"","",3,1,2,1,"","","","","","","","","","",2,1,170,1,"","","","","","","","","","","","","","","","","","","","","","","","","","","","","","","","","","","","","","","","","","","","","","","","","","","",""
"83069002","PORQUEROLLES",43.,6.226833,135,1981091018,"","","","",2.,1,220,1,"","","","","","","","","","","","","","","","","","","","","","","","","","","","",20.8,1,17.7,1,"","","","","","","","","","","","","","","","","","","","","","","","","","",85,1,"","","","","","","","","","","","",21.,1,1013.8,1,"","","","","","",1,1,0,1,2,1,0,1,0,1,"","","","","","","","","","","","","","","","","","","","","","","","",12000,1,"","",1,1,1,1,"","","","","","","","","","",2,1,170,1,"","","","","","","","","","","","","","","","","","","","","","","","","","","","","","","","","","","","","","","","","","","","","","","","","","","",""
"83069002","PORQUEROLLES",43.,6.226833,135,1981091021,"","","","",4.,1,280,1,"","","","","","","","","","","","","","","","","","","","","","","","","","","","",19.6,1,18.1,1,"","","","","","","","","","","","","","","","","","","","","","","","","","",94,1,"","","","","","","","","","","","",21.5,1,1014.,1,"","","","","","",0,1,"","",0,1,0,1,0,1,"","","","","","","","","","","","","","","","","","","","","","","","",10000,1,"","",1,1,0,1,"","","","","","","","","","",2,1,0,1,"","","","","","","","","","","","","","","","","","","","","","","","","","","","","","","","","","","","","","","","","","","","","","","","","","","",""
"83069002","PORQUEROLLES",43.,6.226833,135,1981091100,"","","","",6.,1,260,1,"","","","","","","","","","","","","","","","","","","","","","","","","","","","",19.5,1,17.,1,"","","","","","","","","","","","","","","","","","","","","","","","","","",88,1,"","","","","","","","","","","","",20.,1,1013.3,1,"","","","","","","","","","","","","","","","","","","","","","","","","","","","","","","","","","","","","","","","","","","","","","","","","","","","","","","","","","","","","","","","","","","","","","","","","","","","","","","","","","","","","","","","","","","","","","","","","","","","","","","","","","","","","","","","","",""
"83069002","PORQUEROLLES",43.,6.226833,135,1981091103,"","","","",4.,1,280,1,"","","","","","","","","","","","","","","","","","","","","","","","","","","","",19.5,1,16.6,1,"","","","","","","","","","","","","","","","","","","","","","","","","","",86,1,"","","","","","","","","","","","",19.5,1,1013.3,1,"","","","","","",0,1,"","",0,1,0,1,0,1,"","","","","","","","","","","","","","","","","","","","","","","","",10000,1,"","",0,1,"","","","","","","","","","","","",2,1,0,1,"","","","","","","","","","","","","","","","","","","","","","","","","","","","","","","","","","","","","","","","","","","","","","","","","","","",""
"83069002","PORQUEROLLES",43.,6.226833,135,1981091106,"","","","",5.,1,280,1,"","","","","","","","","","","","","","","","","","","","","","","","","","","","",19.,1,15.9,1,"","","","","","","","","","","","","","","","","","","","","","","","","","",86,1,"","","","","","","","","","","","",18.7,1,1013.4,1,"","","","","","",1,1,0,1,0,1,4,1,0,1,"","","","","","","","","","","","","","","","","","","","","","","","",10000,1,"","",3,1,0,1,"","",0,1,"","","","","","",2,1,0,1,"","","","","","","","","","","","","","","","","","","","","","","","","","","","","","","","","","","","","","","","","","","","","","","","","","","",""
"83069002","PORQUEROLLES",43.,6.226833,135,1981091109,"","","","",6.,1,260,1,"","","","","","","","","","","","","","","","","","","","","","","","","","","","",23.,1,18.1,1,"","","","","","","","","","","","","","","","","","","","","","","","","","",76,1,"","","","","","","","","","","","",21.5,1,1014.2,1,"","","","","","",2,1,0,1,0,1,0,1,1,1,"","","","","","","","","","","","","","","","","","","","","","","","",8000,1,"","",1,1,0,1,"","","","","","","","","","",3,1,270,1,"","","","","","","","","","","","","","","","","","","","","","","","","","","","","","","","","","","","","","","","","","","","","","","","","","","",""
"83069002","PORQUEROLLES",43.,6.226833,135,1981091112,"","","","",10.,1,240,1,"","","","","","","","","","","","","","","","","","","","","","","","","","","","",26.,1,17.6,1,"","","","","","","","","","","","","","","","","","","","","","","","","","",62,1,"","","","","","","","","","","","",20.9,1,1013.7,1,"","","","","","",2,1,0,1,0,1,0,1,1,1,"","","","","","","","","","","","","","","","","","","","","","","","",8000,1,"","",2,1,0,1,"","","","","","","","","","",3,1,270,1,"","","","","","","","","","","","","","","","","","","","","","","","","","","","","","","","","","","","","","","","","","","","","","","","","","","",""
"83069002","PORQUEROLLES",43.,6.226833,135,1981091115,"","","","",10.,1,260,1,"","","","","","","","","","","","","","","","","","","","","","","","","","","","",24.5,1,19.,1,"","","","","","","","","","","","","","","","","","","","","","","","","","",74,1,"","","","","","","","","","","","",22.8,1,1012.6,1,"","","","","","",3,1,0,1,0,1,0,1,1,1,"","","","","","","","","","","","","","","","","","","","","","","","",8000,1,"","",2,1,0,1,"","","","","","","","","","",3,1,270,1,"","","","","","","","","","","","","","","","","","","","","","","","","","","","","","","","","","","","","","","","","","","","","","","","","","","",""
"83069002","PORQUEROLLES",43.,6.226833,135,1981091118,"","","","",11.,1,260,1,"","","","","","","","","","","","","","","","","","","","","","","","","","","","",21.2,1,19.8,1,"","","","","","","","","","","","","","","","","","","","","","","","","","",95,1,"","","","","","","","","","","","",24.,1,1013.7,1,"","","","","","",3,1,0,1,0,1,0,1,2,1,"","","","","","","","","","","","","","","","","","","","","","","","",5000,1,"","",2,1,0,1,"","","","","","","","","","",3,1,270,1,"","","","","","","","","","","","","","","","","","","","","","","","","","","","","","","","","","","","","","","","","","","","","","","","","","","",""
"83069002","PORQUEROLLES",43.,6.226833,135,1981091121,"","","","",6.,1,280,1,"","","","","","","","","","","","","","","","","","","","","","","","","","","","",21.,1,18.9,1,"","","","","","","","","","","","","","","","","","","","","","","","","","",91,1,"","","","","","","","","","","","",22.6,1,1014.9,1,"","","","","","",2,1,0,1,0,1,0,1,2,1,"","","","","","","","","","","","","","","","","","","","","","","","",10000,1,"","",2,1,0,1,"","","","","","","","","","",3,1,270,1,"","","","","","","","","","","","","","","","","","","","","","","","","","","","","","","","","","","","","","","","","","","","","","","","","","","",""
"83069002","PORQUEROLLES",43.,6.226833,135,1981091200,"","","","",3.,1,120,1,"","","","","","","","","","","","","","","","","","","","","","","","","","","","",19.7,1,19.7,1,"","","","","","","","","","","","","","","","","","","","","","","","","","",99,1,"","","","","","","","","","","","",22.6,1,1014.8,1,"","","","","","","","","","","","","","","","","","","","","","","","","","","","","","","","","","","","","","","","","","","","","","","","","","","","","","","","","","","","","","","","","","","","","","","","","","","","","","","","","","","","","","","","","","","","","","","","","","","","","","","","","","","","","","","","","",""
"83069002","PORQUEROLLES",43.,6.226833,135,1981091203,"","","","",4.,1,80,1,"","","","","","","","","","","","","","","","","","","","","","","","","","","","",19.4,1,19.4,1,"","","","","","","","","","","","","","","","","","","","","","","","","","",100,1,"","","","","","","","","","","","",22.5,1,1014.7,1,"","","","","","",0,1,"","",0,1,0,1,0,1,"","","","","","","","","","","","","","","","","","","","","","","","",10000,1,"","",0,1,"","","","","","","","","","","","",3,1,270,1,"","","","","","","","","","","","","","","","","","","","","","","","","","","","","","","","","","","","","","","","","","","","","","","","","","","",""
"83069002","PORQUEROLLES",43.,6.226833,135,1981091206,"","","","",5.,1,80,1,"","","","","","","","","","","","","","","","","","","","","","","","","","","","",19.5,1,19.5,1,"","","","","","","","","","","","","","","","","","","","","","","","","","",99,1,"","","","","","","","","","","","",22.4,1,1015.5,1,"","","","","","",8,1,8,1,5,1,"","","","","","","","","","","","","","","","","","","","","","","","","","","","",6000,1,"","",3,1,1,1,"","",0,1,"","","","","","",2,1,0,1,"","","","","","","","","","","","","","","","","","","","","","","","","","","","","","","","","","","","","","","","","","","","","","","","","","","",""
"83069002","PORQUEROLLES",43.,6.226833,135,1981091209,"","","","",6.,1,60,1,"","","","","","","","","","","","","","","","","","","","","","","","","","","","",22.,1,19.1,1,"","","","","","","","","","","","","","","","","","","","","","","","","","",87,1,"","","","","","","","","","","","",22.9,1,1016.6,1,"","","","","","",8,1,8,1,5,1,"","","","","","","","","","","","","","","","","","","","","","","","","","","","",6000,1,"","",2,1,2,1,"","","","","","","","","","",2,1,0,1,"","","","","","","","","","","","","","","","","","","","","","","","","","","","","","","","","","","","","","","","","","","","","","","","","","","",""
"83069002","PORQUEROLLES",43.,6.226833,135,1981091212,"","","","",5.,1,80,1,"","","","","","","","","","","","","","","","","","","","","","","","","","","","",26.,1,20.1,1,"","","","","","","","","","","","","","","","","","","","","","","","","","",72,1,"","","","","","","","","","","","",24.5,1,1016.3,1,"","","","","","",7,1,7,1,8,1,"","","","","","","","","","","","","","","","","","","","","","","","","","","","",6000,1,"","",2,1,2,1,"","","","","","","","","","",2,1,0,1,"","","","","","","","","","","","","","","","","","","","","","","","","","","","","","","","","","","","","","","","","","","","","","","","","","","",""
"83069002","PORQUEROLLES",43.,6.226833,135,1981091215,"","","","",6.,1,100,1,"","","","","","","","","","","","","","","","","","","","","","","","","","","","",24.4,1,20.2,1,"","","","","","","","","","","","","","","","","","","","","","","","","","",81,1,"","","","","","","","","","","","",24.6,1,1015.4,1,"","","","","","",3,1,0,1,0,1,0,1,2,1,"","","","","","","","","","","","","","","","","","","","","","","","",3000,1,"","",10,1,1,1,"","","","","","","","","","",2,1,0,1,"","","","","","","","","","","","","","","","","","","","","","","","","","","","","","","","","","","","","","","","","","","","","","","","","","","",""
"83069002","PORQUEROLLES",43.,6.226833,135,1981091218,"","","","",2.,1,180,1,"","","","","","","","","","","","","","","","","","","","","","","","","","","","",21.4,1,19.5,1,"","","","","","","","","","","","","","","","","","","","","","","","","","",93,1,"","","","","","","","","","","","",23.6,1,1016.1,1,"","","","","","",4,1,0,1,2,1,0,1,2,1,"","","","","","","","","","","","","","","","","","","","","","","","",3000,1,"","",10,1,1,1,"","","","","","","","","","",2,1,0,1,"","","","","","","","","","","","","","","","","","","","","","","","","","","","","","","","","","","","","","","","","","","","","","","","","","","",""
"83069002","PORQUEROLLES",43.,6.226833,135,1981091221,"","","","",2.,1,280,1,"","","","","","","","","","","","","","","","","","","","","","","","","","","","",20.4,1,20.4,1,"","","","","","","","","","","","","","","","","","","","","","","","","","",100,1,"","","","","","","","","","","","",24.,1,1017.5,1,"","","","","","",3,1,0,1,2,1,0,1,2,1,"","","","","","","","","","","","","","","","","","","","","","","","",3000,1,"","",10,1,1,1,"","","","","","","","","","",2,1,"","","","","","","","","","","","","","","","","","","","","","","","","","","","","","","","","","","","","","","","","","","","","","","","","","","","","",""
"83069002","PORQUEROLLES",43.,6.226833,135,1981091300,"","","","",3.,1,240,1,"","","","","","","","","","","","","","","","","","","","","","","","","","","","",20.,1,20.,1,"","","","","","","","","","","","","","","","","","","","","","","","","","",100,1,"","","","","","","","","","","","",23.4,1,1017.4,1,"","","","","","","","","","","","","","","","","","","","","","","","","","","","","","","","","","","","","","","","","","","","","","","","","","","","","","","","","","","","","","","","","","","","","","","","","","","","","","","","","","","","","","","","","","","","","","","","","","","","","","","","","","","","","","","","","",""
"83069002","PORQUEROLLES",43.,6.226833,135,1981091303,"","","","",4.,1,280,1,"","","","","","","","","","","","","","","","","","","","","","","","","","","","",20.,1,20.,1,"","","","","","","","","","","","","","","","","","","","","","","","","","",100,1,"","","","","","","","","","","","",23.4,1,1017.1,1,"","","","","","",6,1,0,1,6,1,8,1,0,1,"","","","","","","","","","","","","","","","","","","","","","","","",3000,1,"","",10,1,"","","","","","","","","","","","",2,1,"","","","","","","","","","","","","","","","","","","","","","","","","","","","","","","","","","","","","","","","","","","","","","","","","","","","","",""
"83069002","PORQUEROLLES",43.,6.226833,135,1981091306,"","","","",1.,1,280,1,"","","","","","","","","","","","","","","","","","","","","","","","","","","","",19.2,1,19.2,1,"","","","","","","","","","","","","","","","","","","","","","","","","","",100,1,"","","","","","","","","","","","",22.2,1,1017.5,1,"","","","","","",4,1,0,1,6,1,0,1,0,1,"","","","","","","","","","","","","","","","","","","","","","","","",2500,1,"","",10,1,1,1,"","",0,1,"","","","","","",2,1,0,1,"","","","","","","","","","","","","","","","","","","","","","","","","","","","","","","","","","","","","","","","","","","","","","","","","","","",""
"83069002","PORQUEROLLES",43.,6.226833,135,1981091309,"","","","",1.,1,260,1,"","","","","","","","","","","","","","","","","","","","","","","","","","","","",22.,1,19.8,1,"","","","","","","","","","","","","","","","","","","","","","","","","","",91,1,"","","","","","","","","","","","",24.,1,1018.,1,"","","","","","",7,1,7,1,6,1,0,1,0,1,"","","","","","","","","","","","","","","","","","","","","","","","",6000,1,"","",3,1,2,1,"","","","","","","","","","",2,1,0,1,"","","","","","","","","","","","","","","","","","","","","","","","","","","","","","","","","","","","","","","","","","","","","","","","","","","",""
"83069002","PORQUEROLLES",43.,6.226833,135,1981091312,"","","","",7.,1,260,1,"","","","","","","","","","","","","","","","","","","","","","","","","","","","",25.,1,18.2,1,"","","","","","","","","","","","","","","","","","","","","","","","","","",68,1,"","","","","","","","","","","","",21.7,1,1017.9,1,"","","","","","",5,1,0,1,2,1,0,1,4,1,"","","","","","","","","","","","","","","","","","","","","","","","",8000,1,"","",1,1,2,1,"","","","","","","","","","",2,1,0,1,"","","","","","","","","","","","","","","","","","","","","","","","","","","","","","","","","","","","","","","","","","","","","","","","","","","",""
"83069002","PORQUEROLLES",43.,6.226833,135,1981091315,"","","","",10.,1,260,1,"","","","","","","","","","","","","","","","","","","","","","","","","","","","",25.,1,16.6,1,"","","","","","","","","","","","","","","","","","","","","","","","","","",61,1,"","","","","","","","","","","","",19.5,1,1016.7,1,"","","","","","",5,1,5,1,0,1,0,1,4,1,"","","","","","","","","","","","","","","","","","","","","","","","",15000,1,"","",2,1,2,1,"","","","","","","","","","",3,1,270,1,"","","","","","","","","","","","","","","","","","","","","","","","","","","","","","","","","","","","","","","","","","","","","","","","","","","",""
"83069002","PORQUEROLLES",43.,6.226833,135,1981091318,"","","","",9.,1,260,1,"","","","","","","","","","","","","","","","","","","","","","","","","","","","",23.,1,14.2,1,"","","","","","","","","","","","","","","","","","","","","","","","","","",60,1,"","","","","","","","","","","","",16.7,1,1016.8,1,"","","","","","",4,1,0,1,0,1,4,1,2,1,"","","","","","","","","","","","","","","","","","","","","","","","",20000,1,"","",1,1,1,1,"","","","","","","","","","",3,1,270,1,"","","","","","","","","","","","","","","","","","","","","","","","","","","","","","","","","","","","","","","","","","","","","","","","","","","",""
"83069002","PORQUEROLLES",43.,6.226833,135,1981091321,"","","","",10.,1,260,1,"","","","","","","","","","","","","","","","","","","","","","","","","","","","",21.,1,16.4,1,"","","","","","","","","","","","","","","","","","","","","","","","","","",77,1,"","","","","","","","","","","","",19.3,1,1018.2,1,"","","","","","",4,1,0,1,0,1,4,1,2,1,"","","","","","","","","","","","","","","","","","","","","","","","",10000,1,"","",2,1,1,1,"","","","","","","","","","",3,1,270,1,"","","","","","","","","","","","","","","","","","","","","","","","","","","","","","","","","","","","","","","","","","","","","","","","","","","",""
"83069002","PORQUEROLLES",43.,6.226833,135,1981091400,"","","","",10.,1,260,1,"","","","","","","","","","","","","","","","","","","","","","","","","","","","",20.5,1,10.8,1,"","","","","","","","","","","","","","","","","","","","","","","","","","",55,1,"","","","","","","","","","","","",13.3,1,1018.5,1,"","","","","","","","","","","","","","","","","","","","","","","","","","","","","","","","","","","","","","","","","","","","","","","","","","","","","","","","","","","","","","","","","","","","","","","","","","","","","","","","","","","","","","","","","","","","","","","","","","","","","","","","","","","","","","","","","",""
"83069002","PORQUEROLLES",43.,6.226833,135,1981091403,"","","","",11.,1,260,1,"","","","","","","","","","","","","","","","","","","","","","","","","","","","",19.5,1,11.6,1,"","","","","","","","","","","","","","","","","","","","","","","","","","",62,1,"","","","","","","","","","","","",14.,1,1016.4,1,"","","","","","",6,1,6,1,0,1,0,1,6,1,"","","","","","","","","","","","","","","","","","","","","","","","",30000,1,"","",0,1,"","","","","","","","","","","","",3,1,270,1,"","","","","","","","","","","","","","","","","","","","","","","","","","","","","","","","","","","","","","","","","","","","","","","","","","","",""
"83069002","PORQUEROLLES",43.,6.226833,135,1981091406,"","","","",10.,1,260,1,"","","","","","","","","","","","","","","","","","","","","","","","","","","","",18.7,1,11.7,1,"","","","","","","","","","","","","","","","","","","","","","","","","","",65,1,"","","","","","","","","","","","",14.1,1,1016.6,1,"","","","","","",7,1,5,1,0,1,7,1,2,1,"","","","","","","","","","","","","","","","","","","","","","","","",30000,1,"","",3,1,2,1,"","",0,1,"","","","","","",4,1,270,1,"","","","","","","","","","","","","","","","","","","","","","","","","","","","","","","","","","","","","","","","","","","","","","","","","","","",""
"83069002","PORQUEROLLES",43.,6.226833,135,1981091409,"","","","",12.,1,260,1,"","","","","","","","","","","","","","","","","","","","","","","","","","","","",19.8,1,11.4,1,"","","","","","","","","","","","","","","","","","","","","","","","","","",60,1,"","","","","","","","","","","","",13.8,1,1017.2,1,"","","","","","",7,1,6,1,0,1,7,1,2,1,"","","","","","","","","","","","","","","","","","","","","","","","",35000,1,"","",2,1,2,1,"","","","","","","","","","",4,1,270,1,"","","","","","","","","","","","","","","","","","","","","","","","","","","","","","","","","","","","","","","","","","","","","","","","","","","",""
"83069002","PORQUEROLLES",43.,6.226833,135,1981091412,"","","","",15.,1,260,1,"","","","","","","","","","","","","","","","","","","","","","","","","","","","",21.5,1,12.4,1,"","","","","","","","","","","","","","","","","","","","","","","","","","",57,1,"","","","","","","","","","","","",14.8,1,1016.2,1,"","","","","","",7,1,5,1,0,1,4,1,6,1,"","","","","","","","","","","","","","","","","","","","","","","","",35000,1,"","",2,1,2,1,"","","","","","","","","","",4,1,270,1,"","","","","","","","","","","","","","","","","","","","","","","","","","","","","","","","","","","","","","","","","","","","","","","","","","","",""
"83069002","PORQUEROLLES",43.,6.226833,135,1981091415,"","","","",15.,1,260,1,"","","","","","","","","","","","","","","","","","","","","","","","","","","","",24.,1,11.4,1,"","","","","","","","","","","","","","","","","","","","","","","","","","",46,1,"","","","","","","","","","","","",13.8,1,1015.,1,"","","","","","",5,1,0,1,0,1,4,1,6,1,"","","","","","","","","","","","","","","","","","","","","","","","",35000,1,"","",1,1,2,1,"","","","","","","","","","",4,1,270,1,"","","","","","","","","","","","","","","","","","","","","","","","","","","","","","","","","","","","","","","","","","","","","","","","","","","",""
"83069002","PORQUEROLLES",43.,6.226833,135,1981091418,"","","","",7.,1,280,1,"","","","","","","","","","","","","","","","","","","","","","","","","","","","",22.6,1,10.4,1,"","","","","","","","","","","","","","","","","","","","","","","","","","",47,1,"","","","","","","","","","","","",12.9,1,1015.1,1,"","","","","","",4,1,0,1,0,1,4,1,2,1,"","","","","","","","","","","","","","","","","","","","","","","","",30000,1,"","",1,1,1,1,"","","","","","","","","","",4,1,270,1,"","","","","","","","","","","","","","","","","","","","","","","","","","","","","","","","","","","","","","","","","","","","","","","","","","","",""
"83069002","PORQUEROLLES",43.,6.226833,135,1981091421,"","","","",8.,1,360,1,"","","","","","","","","","","","","","","","","","","","","","","","","","","","",22.,1,8.7,1,"","","","","","","","","","","","","","","","","","","","","","","","","","",43,1,"","","","","","","","","","","","",11.5,1,1016.3,1,"","","","","","",5,1,0,1,0,1,4,1,2,1,"","","","","","","","","","","","","","","","","","","","","","","","",30000,1,"","",2,1,1,1,"","","","","","","","","","",4,1,270,1,"","","","","","","","","","","","","","","","","","","","","","","","","","","","","","","","","","","","","","","","","","","","","","","","","","","",""
"83069002","PORQUEROLLES",43.,6.226833,135,1981091500,"","","","",6.,1,320,1,"","","","","","","","","","","","","","","","","","","","","","","","","","","","",20.,1,10.4,1,"","","","","","","","","","","","","","","","","","","","","","","","","","",55,1,"","","","","","","","","","","","",12.9,1,1017.,1,"","","","","","","","","","","","","","","","","","","","","","","","","","","","","","","","","","","","","","","","","","","","","","","","","","","","","","","","","","","","","","","","","","","","","","","","","","","","","","","","","","","","","","","","","","","","","","","","","","","","","","","","","","","","","","","","","",""
"83069002","PORQUEROLLES",43.,6.226833,135,1981091503,"","","","",3.,1,340,1,"","","","","","","","","","","","","","","","","","","","","","","","","","","","",19.,1,10.8,1,"","","","","","","","","","","","","","","","","","","","","","","","","","",61,1,"","","","","","","","","","","","",13.3,1,1017.,1,"","","","","","",2,1,0,1,0,1,4,1,0,1,"","","","","","","","","","","","","","","","","","","","","","","","",35000,1,"","",0,1,"","","","","","","","","","","","",3,1,270,1,"","","","","","","","","","","","","","","","","","","","","","","","","","","","","","","","","","","","","","","","","","","","","","","","","","","",""
"83069002","PORQUEROLLES",43.,6.226833,135,1981091506,"","","","",5.,1,360,1,"","","","","","","","","","","","","","","","","","","","","","","","","","","","",17.8,1,10.8,1,"","","","","","","","","","","","","","","","","","","","","","","","","","",65,1,"","","","","","","","","","","","",13.3,1,1017.5,1,"","","","","","",0,1,"","",0,1,0,1,0,1,"","","","","","","","","","","","","","","","","","","","","","","","",30000,1,"","",1,1,0,1,"","","","","","","","","","",2,1,0,1,"","","","","","","","","","","","","","","","","","","","","","","","","","","","","","","","","","","","","","","","","","","","","","","","","","","",""
"83069002","PORQUEROLLES",43.,6.226833,135,1981091509,"","","","",2.,1,20,1,"","","","","","","","","","","","","","","","","","","","","","","","","","","","",22.8,1,12.,1,"","","","","","","","","","","","","","","","","","","","","","","","","","",52,1,"","","","","","","","","","","","",14.4,1,1018.1,1,"","","","","","",0,1,"","",0,1,0,1,0,1,"","","","","","","","","","","","","","","","","","","","","","","","",18000,1,"","",2,1,0,1,"","","","","","","","","","",2,1,0,1,"","","","","","","","","","","","","","","","","","","","","","","","","","","","","","","","","","","","","","","","","","","","","","","","","","","",""
"83069002","PORQUEROLLES",43.,6.226833,135,1981091512,"","","","",3.,1,160,1,"","","","","","","","","","","","","","","","","","","","","","","","","","","","",26.6,1,14.4,1,"","","","","","","","","","","","","","","","","","","","","","","","","","",48,1,"","","","","","","","","","","","",16.9,1,1018.,1,"","","","","","",0,1,"","",0,1,0,1,0,1,"","","","","","","","","","","","","","","","","","","","","","","","",25000,1,"","",2,1,0,1,"","","","","","","","","","",2,1,0,1,"","","","","","","","","","","","","","","","","","","","","","","","","","","","","","","","","","","","","","","","","","","","","","","","","","","",""
"83069002","PORQUEROLLES",43.,6.226833,135,1981091515,"","","","",4.,1,200,1,"","","","","","","","","","","","","","","","","","","","","","","","","","","","",24.,1,15.4,1,"","","","","","","","","","","","","","","","","","","","","","","","","","",60,1,"","","","","","","","","","","","",18.,1,1018.2,1,"","","","","","",0,1,"","",0,1,0,1,0,1,"","","","","","","","","","","","","","","","","","","","","","","","",18000,1,"","",2,1,0,1,"","","","","","","","","","",2,1,0,1,"","","","","","","","","","","","","","","","","","","","","","","","","","","","","","","","","","","","","","","","","","","","","","","","","","","",""
"83069002","PORQUEROLLES",43.,6.226833,135,1981091518,"","","","",3.,1,160,1,"","","","","","","","","","","","","","","","","","","","","","","","","","","","",20.4,1,15.9,1,"","","","","","","","","","","","","","","","","","","","","","","","","","",78,1,"","","","","","","","","","","","",18.7,1,1017.9,1,"","","","","","",0,1,"","",0,1,0,1,0,1,"","","","","","","","","","","","","","","","","","","","","","","","",15000,1,"","",2,1,0,1,"","","","","","","","","","",2,1,0,1,"","","","","","","","","","","","","","","","","","","","","","","","","","","","","","","","","","","","","","","","","","","","","","","","","","","",""
"83069002","PORQUEROLLES",43.,6.226833,135,1981091521,"","","","",3.,1,160,1,"","","","","","","","","","","","","","","","","","","","","","","","","","","","",19.6,1,15.1,1,"","","","","","","","","","","","","","","","","","","","","","","","","","",78,1,"","","","","","","","","","","","",17.7,1,1018.6,1,"","","","","","",0,1,"","",0,1,0,1,0,1,"","","","","","","","","","","","","","","","","","","","","","","","",18000,1,"","",2,1,0,1,"","","","","","","","","","",2,1,"","","","","","","","","","","","","","","","","","","","","","","","","","","","","","","","","","","","","","","","","","","","","","","","","","","","","",""
"83069002","PORQUEROLLES",43.,6.226833,135,1981091600,"","","","",5.,1,60,1,"","","","","","","","","","","","","","","","","","","","","","","","","","","","",19.,1,17.3,1,"","","","","","","","","","","","","","","","","","","","","","","","","","",93,1,"","","","","","","","","","","","",20.4,1,1018.4,1,"","","","","","","","","","","","","","","","","","","","","","","","","","","","","","","","","","","","","","","","","","","","","","","","","","","","","","","","","","","","","","","","","","","","","","","","","","","","","","","","","","","","","","","","","","","","","","","","","","","","","","","","","","","","","","","","","",""
"83069002","PORQUEROLLES",43.,6.226833,135,1981091603,"","","","",4.,1,60,1,"","","","","","","","","","","","","","","","","","","","","","","","","","","","",18.,1,16.9,1,"","","","","","","","","","","","","","","","","","","","","","","","","","",96,1,"","","","","","","","","","","","",19.8,1,1017.6,1,"","","","","","",3,1,0,1,6,1,0,1,0,1,"","","","","","","","","","","","","","","","","","","","","","","","",12000,1,"","",0,1,"","","","","","","","","","","","",2,1,"","","","","","","","","","","","","","","","","","","","","","","","","","","","","","","","","","","","","","","","","","","","","","","","","","","","","",""
"83069002","PORQUEROLLES",43.,6.226833,135,1981091606,"","","","",3.,1,20,1,"","","","","","","","","","","","","","","","","","","","","","","","","","","","",17.,1,15.6,1,"","","","","","","","","","","","","","","","","","","","","","","","","","",94,1,"","","","","","","","","","","","",18.2,1,1018.1,1,"","","","","","",3,1,0,1,6,1,0,1,0,1,"","","","","","","","","","","","","","","","","","","","","","","","",10000,1,"","",2,1,0,1,"","",0,1,"","","","","","",2,1,0,1,"","","","","","","","","","","","","","","","","","","","","","","","","","","","","","","","","","","","","","","","","","","","","","","","","","","",""
"83069002","PORQUEROLLES",43.,6.226833,135,1981091609,"","","","",5.,1,60,1,"","","","","","","","","","","","","","","","","","","","","","","","","","","","",22.,1,17.5,1,"","","","","","","","","","","","","","","","","","","","","","","","","","",78,1,"","","","","","","","","","","","",20.7,1,1018.4,1,"","","","","","",3,1,0,1,6,1,0,1,0,1,"","","","","","","","","","","","","","","","","","","","","","","","",10000,1,"","",2,1,0,1,"","","","","","","","","","",2,1,0,1,"","","","","","","","","","","","","","","","","","","","","","","","","","","","","","","","","","","","","","","","","","","","","","","","","","","",""
"83069002","PORQUEROLLES",43.,6.226833,135,1981091612,"","","","",5.,1,200,1,"","","","","","","","","","","","","","","","","","","","","","","","","","","","",23.,1,17.8,1,"","","","","","","","","","","","","","","","","","","","","","","","","","",75,1,"","","","","","","","","","","","",21.,1,1018.1,1,"","","","","","",5,1,0,1,2,1,0,1,4,1,"","","","","","","","","","","","","","","","","","","","","","","","",8000,1,"","",3,1,1,1,"","","","","","","","","","",2,1,0,1,"","","","","","","","","","","","","","","","","","","","","","","","","","","","","","","","","","","","","","","","","","","","","","","","","","","",""
"83069002","PORQUEROLLES",43.,6.226833,135,1981091615,"","","","",5.,1,260,1,"","","","","","","","","","","","","","","","","","","","","","","","","","","","",24.,1,16.3,1,"","","","","","","","","","","","","","","","","","","","","","","","","","",64,1,"","","","","","","","","","","","",19.1,1,1017.6,1,"","","","","","",4,1,0,1,2,1,0,1,4,1,"","","","","","","","","","","","","","","","","","","","","","","","",10000,1,"","",1,1,0,1,"","","","","","","","","","",2,1,270,1,"","","","","","","","","","","","","","","","","","","","","","","","","","","","","","","","","","","","","","","","","","","","","","","","","","","",""
"83069002","PORQUEROLLES",43.,6.226833,135,1981091618,"","","","",7.,1,280,1,"","","","","","","","","","","","","","","","","","","","","","","","","","","","",21.2,1,17.2,1,"","","","","","","","","","","","","","","","","","","","","","","","","","",80,1,"","","","","","","","","","","","",20.2,1,1016.3,1,"","","","","","",1,1,0,1,0,1,0,1,2,1,"","","","","","","","","","","","","","","","","","","","","","","","",15000,1,"","",1,1,0,1,"","","","","","","","","","",2,1,270,1,"","","","","","","","","","","","","","","","","","","","","","","","","","","","","","","","","","","","","","","","","","","","","","","","","","","",""
"83069002","PORQUEROLLES",43.,6.226833,135,1981091621,"","","","",2.,1,60,1,"","","","","","","","","","","","","","","","","","","","","","","","","","","","",19.5,1,17.4,1,"","","","","","","","","","","","","","","","","","","","","","","","","","",90,1,"","","","","","","","","","","","",20.5,1,1017.1,1,"","","","","","",0,1,"","",0,1,0,1,0,1,"","","","","","","","","","","","","","","","","","","","","","","","",15000,1,"","",1,1,0,1,"","","","","","","","","","",2,1,270,1,"","","","","","","","","","","","","","","","","","","","","","","","","","","","","","","","","","","","","","","","","","","","","","","","","","","",""
"83069002","PORQUEROLLES",43.,6.226833,135,1981091700,"","","","",5.,1,100,1,"","","","","","","","","","","","","","","","","","","","","","","","","","","","",18.,1,17.,1,"","","","","","","","","","","","","","","","","","","","","","","","","","",97,1,"","","","","","","","","","","","",20.,1,1019.4,1,"","","","","","","","","","","","","","","","","","","","","","","","","","","","","","","","","","","","","","","","","","","","","","","","","","","","","","","","","","","","","","","","","","","","","","","","","","","","","","","","","","","","","","","","","","","","","","","","","","","","","","","","","","","","","","","","","",""
"83069002","PORQUEROLLES",43.,6.226833,135,1981091703,"","","","",5.,1,60,1,"","","","","","","","","","","","","","","","","","","","","","","","","","","","",18.,1,18.,1,"","","","","","","","","","","","","","","","","","","","","","","","","","",100,1,"","","","","","","","","","","","",20.6,1,1018.6,1,"","","","","","",0,1,"","",0,1,0,1,0,1,"","","","","","","","","","","","","","","","","","","","","","","","",10000,1,"","",0,1,"","","","","","","","","","","","",2,1,90,1,"","","","","","","","","","","","","","","","","","","","","","","","","","","","","","","","","","","","","","","","","","","","","","","","","","","",""
"83069002","PORQUEROLLES",43.,6.226833,135,1981091706,"","","","",4.,1,20,1,"","","","","","","","","","","","","","","","","","","","","","","","","","","","",17.2,1,16.3,1,"","","","","","","","","","","","","","","","","","","","","","","","","","",98,1,"","","","","","","","","","","","",19.2,1,1017.,1,"","","","","","",1,1,0,1,0,1,0,1,1,1,"","","","","","","","","","","","","","","","","","","","","","","","",5000,1,"","",3,1,0,1,"","","","","","","","","","",2,1,90,1,"","","","","","","","","","","","","","","","","","","","","","","","","","","","","","","","","","","","","","","","","","","","","","","","","","","",""
"83069002","PORQUEROLLES",43.,6.226833,135,1981091709,"","","","",2.,1,20,1,"","","","","","","","","","","","","","","","","","","","","","","","","","","","",21.1,1,17.,1,"","","","","","","","","","","","","","","","","","","","","","","","","","",80,1,"","","","","","","","","","","","",20.1,1,1017.7,1,"","","","","","",3,1,0,1,2,1,0,1,0,1,"","","","","","","","","","","","","","","","","","","","","","","","",8000,1,"","",3,1,0,1,"","","","","","","","","","",2,1,0,1,"","","","","","","","","","","","","","","","","","","","","","","","","","","","","","","","","","","","","","","","","","","","","","","","","","","",""
"83069002","PORQUEROLLES",43.,6.226833,135,1981091712,"","","","",4.,1,140,1,"","","","","","","","","","","","","","","","","","","","","","","","","","","","",24.9,1,18.1,1,"","","","","","","","","","","","","","","","","","","","","","","","","","",68,1,"","","","","","","","","","","","",21.6,1,1016.7,1,"","","","","","",3,1,0,1,2,1,0,1,0,1,"","","","","","","","","","","","","","","","","","","","","","","","",8000,1,"","",2,1,0,1,"","","","","","","","","","",2,1,0,1,"","","","","","","","","","","","","","","","","","","","","","","","","","","","","","","","","","","","","","","","","","","","","","","","","","","",""
"83069002","PORQUEROLLES",43.,6.226833,135,1981091715,"","","","",2.,1,160,1,"","","","","","","","","","","","","","","","","","","","","","","","","","","","",24.5,1,17.7,1,"","","","","","","","","","","","","","","","","","","","","","","","","","",68,1,"","","","","","","","","","","","",21.,1,1016.1,1,"","","","","","",6,1,6,1,2,1,0,1,0,1,"","","","","","","","","","","","","","","","","","","","","","","","",8000,1,"","",3,1,1,1,"","","","","","","","","","",2,1,0,1,"","","","","","","","","","","","","","","","","","","","","","","","","","","","","","","","","","","","","","","","","","","","","","","","","","","",""
"83069002","PORQUEROLLES",43.,6.226833,135,1981091718,"","","","",2.,1,240,1,"","","","","","","","","","","","","","","","","","","","","","","","","","","","",19.5,1,16.9,1,"","","","","","","","","","","","","","","","","","","","","","","","","","",89,1,"","","","","","","","","","","","",19.9,1,1016.3,1,"","","","","","",5,1,5,1,2,1,0,1,0,1,"","","","","","","","","","","","","","","","","","","","","","","","",8000,1,"","",2,1,2,1,"","","","","","","","","","",2,1,0,1,"","","","","","","","","","","","","","","","","","","","","","","","","","","","","","","","","","","","","","","","","","","","","","","","","","","",""
"83069002","PORQUEROLLES",43.,6.226833,135,1981091721,"","","","",3.,1,340,1,"","","","","","","","","","","","","","","","","","","","","","","","","","","","",18.9,1,17.2,1,"","","","","","","","","","","","","","","","","","","","","","","","","","",93,1,"","","","","","","","","","","","",20.3,1,1016.9,1,"","","","","","",0,1,"","",0,1,0,1,0,1,"","","","","","","","","","","","","","","","","","","","","","","","",8000,1,"","",1,1,1,1,"","","","","","","","","","",2,1,0,1,"","","","","","","","","","","","","","","","","","","","","","","","","","","","","","","","","","","","","","","","","","","","","","","","","","","",""
"83069002","PORQUEROLLES",43.,6.226833,135,1981091800,"","","","",3.,1,60,1,"","","","","","","","","","","","","","","","","","","","","","","","","","","","",18.4,1,17.3,1,"","","","","","","","","","","","","","","","","","","","","","","","","","",97,1,"","","","","","","","","","","","",20.5,1,1016.7,1,"","","","","","","","","","","","","","","","","","","","","","","","","","","","","","","","","","","","","","","","","","","","","","","","","","","","","","","","","","","","","","","","","","","","","","","","","","","","","","","","","","","","","","","","","","","","","","","","","","","","","","","","","","","","","","","","","",""
"83069002","PORQUEROLLES",43.,6.226833,135,1981091803,"","","","",3.,1,80,1,"","","","","","","","","","","","","","","","","","","","","","","","","","","","",18.7,1,17.7,1,"","","","","","","","","","","","","","","","","","","","","","","","","","",98,1,"","","","","","","","","","","","",21.,1,1016.1,1,"","","","","","",3,1,0,1,2,1,0,1,0,1,"","","","","","","","","","","","","","","","","","","","","","","","",8000,1,"","",0,1,"","","","","","","","","","","","",2,1,"","","","","","","","","","","","","","","","","","","","","","","","","","","","","","","","","","","","","","","","","","","","","","","","","","","","","",""
"83069002","PORQUEROLLES",43.,6.226833,135,1981091806,"","","","",5.,1,80,1,"","","","","","","","","","","","","","","","","","","","","","","","","","","","",18.,1,18.,1,"","","","","","","","","","","","","","","","","","","","","","","","","","",99,1,"","","","","","","","","","","","",20.4,1,1016.1,1,"","","","","","",6,1,6,1,2,1,0,1,0,1,"","","","","","","","","","","","","","","","","","","","","","","","",5000,1,"","",3,1,1,1,"","","","","","","","","","",2,1,0,1,"","","","","","","","","","","","","","","","","","","","","","","","","","","","","","","","","","","","","","","","","","","","","","","","","","","",""
"83069002","PORQUEROLLES",43.,6.226833,135,1981091809,"","","","",5.,1,60,1,"","","","","","","","","","","","","","","","","","","","","","","","","","","","",22.8,1,18.1,1,"","","","","","","","","","","","","","","","","","","","","","","","","","",78,1,"","","","","","","","","","","","",21.6,1,1016.8,1,"","","","","","",6,1,6,1,8,1,0,1,0,1,"","","","","","","","","","","","","","","","","","","","","","","","",8000,1,"","",2,1,1,1,"","","","","","","","","","",2,1,0,1,"","","","","","","","","","","","","","","","","","","","","","","","","","","","","","","","","","","","","","","","","","","","","","","","","","","",""
"83069002","PORQUEROLLES",43.,6.226833,135,1981091812,"","","","",5.,1,120,1,"","","","","","","","","","","","","","","","","","","","","","","","","","","","",25.5,1,18.8,1,"","","","","","","","","","","","","","","","","","","","","","","","","","",69,1,"","","","","","","","","","","","",22.5,1,1015.8,1,"","","","","","",5,1,0,1,8,1,8,1,0,1,"","","","","","","","","","","","","","","","","","","","","","","","",8000,1,"","",2,1,1,1,"","","","","","","","","","",2,1,0,1,"","","","","","","","","","","","","","","","","","","","","","","","","","","","","","","","","","","","","","","","","","","","","","","","","","","",""
"83069002","PORQUEROLLES",43.,6.226833,135,1981091815,"","","","",3.,1,120,1,"","","","","","","","","","","","","","","","","","","","","","","","","","","","",22.2,1,18.8,1,"","","","","","","","","","","","","","","","","","","","","","","","","","",84,1,"","","","","","","","","","","","",22.5,1,1015.,1,"","","","","","",7,1,7,1,0,1,8,1,"","","","","","","","","","","","","","","","","","","","","","","","","","",8000,1,"","",3,1,2,1,"","","","","","","","","","",2,1,0,1,"","","","","","","","","","","","","","","","","","","","","","","","","","","","","","","","","","","","","","","","","","","","","","","","","","","",""
"83069002","PORQUEROLLES",43.,6.226833,135,1981091818,"","","","",4.,1,120,1,"","","","","","","","","","","","","","","","","","","","","","","","","","","","",20.2,1,16.7,1,"","","","","","","","","","","","","","","","","","","","","","","","","","",83,1,"","","","","","","","","","","","",19.7,1,1014.6,1,"","","","","","",3,1,0,1,0,1,0,1,2,1,"","","","","","","","","","","","","","","","","","","","","","","","",10000,1,"","",1,1,1,1,"","","","","","","","","","",2,1,0,1,"","","","","","","","","","","","","","","","","","","","","","","","","","","","","","","","","","","","","","","","","","","","","","","","","","","",""
"83069002","PORQUEROLLES",43.,6.226833,135,1981091821,"","","","",0.,1,0,1,"","","","","","","","","","","","","","","","","","","","","","","","","","","","",19.6,1,18.1,1,"","","","","","","","","","","","","","","","","","","","","","","","","","",94,1,"","","","","","","","","","","","",21.5,1,1016.,1,"","","","","","",5,1,5,1,0,1,0,1,2,1,"","","","","","","","","","","","","","","","","","","","","","","","",8000,1,"","",3,1,1,1,"","","","","","","","","","",2,1,"","","","","","","","","","","","","","","","","","","","","","","","","","","","","","","","","","","","","","","","","","","","","","","","","","","","","",""
"83069002","PORQUEROLLES",43.,6.226833,135,1981091900,"","","","",4.,1,80,1,"","","","","","","","","","","","","","","","","","","","","","","","","","","","",20.,1,18.5,1,"","","","","","","","","","","","","","","","","","","","","","","","","","",94,1,"","","","","","","","","","","","",22.,1,1015.3,1,"","","","","","","","","","","","","","","","","","","","","","","","","","","","","","","","","","","","","","","","","","","","","","","","","","","","","","","","","","","","","","","","","","","","","","","","","","","","","","","","","","","","","","","","","","","","","","","","","","","","","","","","","","","","","","","","","",""
"83069002","PORQUEROLLES",43.,6.226833,135,1981091903,"","","","",5.,1,80,1,"","","","","","","","","","","","","","","","","","","","","","","","","","","","",19.,1,17.8,1,"","","","","","","","","","","","","","","","","","","","","","","","","","",96,1,"","","","","","","","","","","","",21.1,1,1015.4,1,"","","","","","",8,1,8,1,8,1,"","","","","","","","","","","","","","","","","","","","","","","","","","","","",10000,1,"","",0,1,"","","","","","","","","","","","",2,1,"","","","","","","","","","","","","","","","","","","","","","","","","","","","","","","","","","","","","","","","","","","","","","","","","","","","","",""
"83069002","PORQUEROLLES",43.,6.226833,135,1981091906,"","","","",4.,1,160,1,"","","","","","","","","","","","","","","","","","","","","","","","","","","","",19.4,1,18.2,1,"","","","","","","","","","","","","","","","","","","","","","","","","","",96,1,"","","","","","","","","","","","",21.6,1,1014.9,1,"","","","","","",8,1,8,1,5,1,"","","","","","","","","","","","","","","","","","","","","","","","","","","","",6000,1,"","",60,1,6,1,"","",0,1,"","","","","","",2,1,0,1,"","","","","","","","","","","","","","","","","","","","","","","","","","","","","","","","","","","","","","","","","","","","","","","","","","","",""
"83069002","PORQUEROLLES",43.,6.226833,135,1981091909,"","","","",5.,1,240,1,"","","","","","","","","","","","","","","","","","","","","","","","","","","","",22.5,1,18.8,1,"","","","","","","","","","","","","","","","","","","","","","","","","","",85,1,"","","","","","","","","","","","",22.5,1,1015.,1,"","","","","","",7,1,7,1,5,1,"","","","","","","","","","","","","","","","","","","","","","","","","","","","",6000,1,"","",2,1,6,1,"","","","","","","","","","",2,1,0,1,"","","","","","","","","","","","","","","","","","","","","","","","","","","","","","","","","","","","","","","","","","","","","","","","","","","",""
"83069002","PORQUEROLLES",43.,6.226833,135,1981091912,"","","","",6.,1,220,1,"","","","","","","","","","","","","","","","","","","","","","","","","","","","",21.5,1,19.4,1,"","","","","","","","","","","","","","","","","","","","","","","","","","",91,1,"","","","","","","","","","","","",23.3,1,1015.1,1,"","","","","","",8,1,5,1,7,1,7,1,"","","","","","","","","","","","","","","","","","","","","","","","","","",10000,1,"","",60,1,6,1,"","","","","","","","","","",2,1,0,1,"","","","","","","","","","","","","","","","","","","","","","","","","","","","","","","","","","","","","","","","","","","","","","","","","","","",""
"83069002","PORQUEROLLES",43.,6.226833,135,1981091915,"","","","",5.,1,220,1,"","","","","","","","","","","","","","","","","","","","","","","","","","","","",22.5,1,20.7,1,"","","","","","","","","","","","","","","","","","","","","","","","","","",91,1,"","","","","","","","","","","","",25.3,1,1014.,1,"","","","","","",7,1,5,1,7,1,7,1,"","","","","","","","","","","","","","","","","","","","","","","","","","",6000,1,"","",2,1,2,1,"","","","","","","","","","",2,1,0,1,"","","","","","","","","","","","","","","","","","","","","","","","","","","","","","","","","","","","","","","","","","","","","","","","","","","",""
"83069002","PORQUEROLLES",43.,6.226833,135,1981091918,"","","","",5.,1,220,1,"","","","","","","","","","","","","","","","","","","","","","","","","","","","",21.,1,20.1,1,"","","","","","","","","","","","","","","","","","","","","","","","","","",98,1,"","","","","","","","","","","","",24.4,1,1013.8,1,"","","","","","",8,1,8,1,6,1,"","","","","","","","","","","","","","","","","","","","","","","","","","","","",6000,1,"","",3,1,2,1,"","","","","","","","","","",2,1,0,1,"","","","","","","","","","","","","","","","","","","","","","","","","","","","","","","","","","","","","","","","","","","","","","","","","","","",""
"83069002","PORQUEROLLES",43.,6.226833,135,1981091921,"","","","",4.,1,240,1,"","","","","","","","","","","","","","","","","","","","","","","","","","","","",20.4,1,20.4,1,"","","","","","","","","","","","","","","","","","","","","","","","","","",100,1,"","","","","","","","","","","","",24.,1,1015.,1,"","","","","","",8,1,8,1,6,1,"","","","","","","","","","","","","","","","","","","","","","","","","","","","",8000,1,"","",2,1,2,1,"","","","","","","","","","",2,1,0,1,"","","","","","","","","","","","","","","","","","","","","","","","","","","","","","","","","","","","","","","","","","","","","","","","","","","",""
"83069002","PORQUEROLLES",43.,6.226833,135,1981092000,"","","","",3.,1,280,1,"","","","","","","","","","","","","","","","","","","","","","","","","","","","",20.,1,18.6,1,"","","","","","","","","","","","","","","","","","","","","","","","","","",95,1,"","","","","","","","","","","","",22.2,1,1014.6,1,"","","","","","","","","","","","","","","","","","","","","","","","","","","","","","","","","","","","","","","","","","","","","","","","","","","","","","","","","","","","","","","","","","","","","","","","","","","","","","","","","","","","","","","","","","","","","","","","","","","","","","","","","","","","","","","","","",""
"83069002","PORQUEROLLES",43.,6.226833,135,1981092003,"","","","",2.,1,80,1,"","","","","","","","","","","","","","","","","","","","","","","","","","","","",19.5,1,19.5,1,"","","","","","","","","","","","","","","","","","","","","","","","","","",100,1,"","","","","","","","","","","","",22.7,1,1014.4,1,"","","","","","",0,1,"","",0,1,0,1,0,1,"","","","","","","","","","","","","","","","","","","","","","","","",8000,1,"","",2,1,"","","","","","","","","","","","",2,1,"","","","","","","","","","","","","","","","","","","","","","","","","","","","","","","","","","","","","","","","","","","","","","","","","","","","","",""
"83069002","PORQUEROLLES",43.,6.226833,135,1981092006,"","","","",3.,1,40,1,"","","","","","","","","","","","","","","","","","","","","","","","","","","","",19.5,1,18.1,1,"","","","","","","","","","","","","","","","","","","","","","","","","","",95,1,"","","","","","","","","","","","",21.6,1,1015.,1,"","","","","","",5,1,5,1,0,1,7,1,0,1,"","","","","","","","","","","","","","","","","","","","","","","","",5000,1,"","",3,1,1,1,"","","","","","","","","","",2,1,0,1,"","","","","","","","","","","","","","","","","","","","","","","","","","","","","","","","","","","","","","","","","","","","","","","","","","","",""
"83069002","PORQUEROLLES",43.,6.226833,135,1981092009,"","","","",4.,1,120,1,"","","","","","","","","","","","","","","","","","","","","","","","","","","","",22.,1,20.,1,"","","","","","","","","","","","","","","","","","","","","","","","","","",92,1,"","","","","","","","","","","","",24.3,1,1015.5,1,"","","","","","",6,1,6,1,5,1,0,1,0,1,"","","","","","","","","","","","","","","","","","","","","","","","",5000,1,"","",3,1,2,1,"","","","","","","","","","",2,1,0,1,"","","","","","","","","","","","","","","","","","","","","","","","","","","","","","","","","","","","","","","","","","","","","","","","","","","",""
"83069002","PORQUEROLLES",43.,6.226833,135,1981092012,"","","","",6.,1,140,1,"","","","","","","","","","","","","","","","","","","","","","","","","","","","",23.8,1,20.4,1,"","","","","","","","","","","","","","","","","","","","","","","","","","",85,1,"","","","","","","","","","","","",25.,1,1015.4,1,"","","","","","",5,1,5,1,5,1,0,1,0,1,"","","","","","","","","","","","","","","","","","","","","","","","",5000,1,"","",2,1,2,1,"","","","","","","","","","",2,1,0,1,"","","","","","","","","","","","","","","","","","","","","","","","","","","","","","","","","","","","","","","","","","","","","","","","","","","",""
"83069002","PORQUEROLLES",43.,6.226833,135,1981092015,"","","","",5.,1,140,1,"","","","","","","","","","","","","","","","","","","","","","","","","","","","",23.,1,20.6,1,"","","","","","","","","","","","","","","","","","","","","","","","","","",90,1,"","","","","","","","","","","","",25.2,1,1015.3,1,"","","","","","",6,1,6,1,5,1,0,1,0,1,"","","","","","","","","","","","","","","","","","","","","","","","",5000,1,"","",2,1,2,1,"","","","","","","","","","",2,1,0,1,"","","","","","","","","","","","","","","","","","","","","","","","","","","","","","","","","","","","","","","","","","","","","","","","","","","",""
"83069002","PORQUEROLLES",43.,6.226833,135,1981092018,"","","","",6.,1,120,1,"","","","","","","","","","","","","","","","","","","","","","","","","","","","",21.,1,20.1,1,"","","","","","","","","","","","","","","","","","","","","","","","","","",98,1,"","","","","","","","","","","","",24.4,1,1014.6,1,"","","","","","",3,1,0,1,6,1,0,1,0,1,"","","","","","","","","","","","","","","","","","","","","","","","",4000,1,"","",10,1,1,1,"","","","","","","","","","",2,1,0,1,"","","","","","","","","","","","","","","","","","","","","","","","","","","","","","","","","","","","","","","","","","","","","","","","","","","",""
"83069002","PORQUEROLLES",43.,6.226833,135,1981092021,"","","","",7.,1,80,1,"","","","","","","","","","","","","","","","","","","","","","","","","","","","",20.6,1,20.6,1,"","","","","","","","","","","","","","","","","","","","","","","","","","",99,1,"","","","","","","","","","","","",24.,1,1015.2,1,"","","","","","",3,1,0,1,6,1,0,1,0,1,"","","","","","","","","","","","","","","","","","","","","","","","",6000,1,"","",2,1,4,1,"","","","","","","","","","",2,1,0,1,"","","","","","","","","","","","","","","","","","","","","","","","","","","","","","","","","","","","","","","","","","","","","","","","","","","",""
"83069002","PORQUEROLLES",43.,6.226833,135,1981092100,"","","","",9.,1,80,1,"","","","","","","","","","","","","","","","","","","","","","","","","","","","",20.2,1,19.3,1,"","","","","","","","","","","","","","","","","","","","","","","","","","",98,1,"","","","","","","","","","","","",23.2,1,1015.2,1,"","","","","","","","","","","","","","","","","","","","","","","","","","","","","","","","","","","","","","","","","","","","","","","","","","","","","","","","","","","","","","","","","","","","","","","","","","","","","","","","","","","","","","","","","","","","","","","","","","","","","","","","","","","","","","","","","",""
"83069002","PORQUEROLLES",43.,6.226833,135,1981092103,"","","","",9.,1,60,1,"","","","","","","","","","","","","","","","","","","","","","","","","","","","",19.4,1,18.2,1,"","","","","","","","","","","","","","","","","","","","","","","","","","",96,1,"","","","","","","","","","","","",21.7,1,1014.1,1,"","","","","","",3,1,0,1,6,1,0,1,0,1,"","","","","","","","","","","","","","","","","","","","","","","","",8000,1,"","",0,1,"","","","","","","","","","","","",3,1,"","","","","","","","","","","","","","","","","","","","","","","","","","","","","","","","","","","","","","","","","","","","","","","","","","","","","",""
"83069002","PORQUEROLLES",43.,6.226833,135,1981092106,"","","","",12.,1,80,1,"","","","","","","","","","","","","","","","","","","","","","","","","","","","",19.8,1,18.9,1,"","","","","","","","","","","","","","","","","","","","","","","","","","",98,1,"","","","","","","","","","","","",22.6,1,1014.1,1,"","","","","","",3,1,0,1,6,1,0,1,0,1,"","","","","","","","","","","","","","","","","","","","","","","","",5000,1,"","",2,1,0,1,"","","","","","","","","","",3,1,90,1,"","","","","","","","","","","","","","","","","","","","","","","","","","","","","","","","","","","","","","","","","","","","","","","","","","","",""
"83069002","PORQUEROLLES",43.,6.226833,135,1981092109,"","","","",14.,1,80,1,"","","","","","","","","","","","","","","","","","","","","","","","","","","","",23.6,1,20.6,1,"","","","","","","","","","","","","","","","","","","","","","","","","","",86,1,"","","","","","","","","","","","",25.2,1,1014.6,1,"","","","","","",4,1,0,1,6,1,0,1,0,1,"","","","","","","","","","","","","","","","","","","","","","","","",8000,1,"","",2,1,0,1,"","","","","","","","","","",3,1,90,1,"","","","","","","","","","","","","","","","","","","","","","","","","","","","","","","","","","","","","","","","","","","","","","","","","","","",""
"83069002","PORQUEROLLES",43.,6.226833,135,1981092112,"","","","",14.,1,60,1,"","","","","","","","","","","","","","","","","","","","","","","","","","","","",29.,1,21.,1,"","","","","","","","","","","","","","","","","","","","","","","","","","",65,1,"","","","","","","","","","","","",25.9,1,1014.2,1,"","","","","","",2,1,0,1,2,1,0,1,0,1,"","","","","","","","","","","","","","","","","","","","","","","","",8000,1,"","",1,1,0,1,"","","","","","","","","","",3,1,90,1,"","","","","","","","","","","","","","","","","","","","","","","","","","","","","","","","","","","","","","","","","","","","","","","","","","","",""
"83069002","PORQUEROLLES",43.,6.226833,135,1981092115,"","","","",12.,1,80,1,"","","","","","","","","","","","","","","","","","","","","","","","","","","","",26.2,1,20.5,1,"","","","","","","","","","","","","","","","","","","","","","","","","","",74,1,"","","","","","","","","","","","",25.1,1,1013.,1,"","","","","","",0,1,"","",0,1,0,1,0,1,"","","","","","","","","","","","","","","","","","","","","","","","",10000,1,"","",1,1,0,1,"","","","","","","","","","",3,1,90,1,"","","","","","","","","","","","","","","","","","","","","","","","","","","","","","","","","","","","","","","","","","","","","","","","","","","",""
"83069002","PORQUEROLLES",43.,6.226833,135,1981092118,"","","","",15.,1,80,1,"","","","","","","","","","","","","","","","","","","","","","","","","","","","",22.,1,20.8,1,"","","","","","","","","","","","","","","","","","","","","","","","","","",96,1,"","","","","","","","","","","","",25.5,1,1012.9,1,"","","","","","",3,1,0,1,6,1,0,1,0,1,"","","","","","","","","","","","","","","","","","","","","","","","",5000,1,"","",3,1,0,1,"","","","","","","","","","",4,1,90,1,"","","","","","","","","","","","","","","","","","","","","","","","","","","","","","","","","","","","","","","","","","","","","","","","","","","",""
"83069002","PORQUEROLLES",43.,6.226833,135,1981092121,"","","","",15.,1,80,1,"","","","","","","","","","","","","","","","","","","","","","","","","","","","",21.6,1,20.4,1,"","","","","","","","","","","","","","","","","","","","","","","","","","",96,1,"","","","","","","","","","","","",24.9,1,1014.3,1,"","","","","","",0,1,"","",0,1,0,1,0,1,"","","","","","","","","","","","","","","","","","","","","","","","",12000,1,"","",1,1,0,1,"","","","","","","","","","",4,1,"","","","","","","","","","","","","","","","","","","","","","","","","","","","","","","","","","","","","","","","","","","","","","","","","","","","","",""
"83069002","PORQUEROLLES",43.,6.226833,135,1981092200,"","","","",12.,1,80,1,"","","","","","","","","","","","","","","","","","","","","","","","","","","","",21.4,1,20.3,1,"","","","","","","","","","","","","","","","","","","","","","","","","","",97,1,"","","","","","","","","","","","",24.7,1,"","","","","","","","","","","","","","","","","","","","","","","","","","","","","","","","","","","","","","","","","","","","","","","","","","","","","","","","","","","","","","","","","","","","","","","","","","","","","","","","","","","","","","","","","","","","","","","","","","","","","","","","","","","","","","","","","","","",""
"83069002","PORQUEROLLES",43.,6.226833,135,1981092203,"","","","",12.,1,80,1,"","","","","","","","","","","","","","","","","","","","","","","","","","","","",21.6,1,20.1,1,"","","","","","","","","","","","","","","","","","","","","","","","","","",94,1,"","","","","","","","","","","","",24.4,1,1014.3,1,"","","","","","",6,1,6,1,5,1,0,1,0,1,"","","","","","","","","","","","","","","","","","","","","","","","",12000,1,"","",0,1,"","","","","","","","","","","","",4,1,"","","","","","","","","","","","","","","","","","","","","","","","","","","","","","","","","","","","","","","","","","","","","","","","","","","","","",""
"83069002","PORQUEROLLES",43.,6.226833,135,1981092206,"","","","",12.,1,80,1,"","","","","","","","","","","","","","","","","","","","","","","","","","","","",21.4,1,21.4,1,"","","","","","","","","","","","","","","","","","","","","","","","","","",100,1,"","","","","","","","","","","","",25.5,1,1014.3,1,"","","","","","",7,1,7,1,5,1,"","","","","","","","","","","","","","","","","","","","","","","","","","","","",3000,1,"","",10,1,2,1,"","",0,1,"","","","","","",4,1,110,1,"","","","","","","","","","","","","","","","","","","","","","","","","","","","","","","","","","","","","","","","","","","","","","","","","","","",""
"83069002","PORQUEROLLES",43.,6.226833,135,1981092209,"","","","",16.,1,80,1,"","","","","","","","","","","","","","","","","","","","","","","","","","","","",21.5,1,20.6,1,"","","","","","","","","","","","","","","","","","","","","","","","","","",98,1,"","","","","","","","","","","","",25.2,1,1013.5,1,"","","","","","",7,1,7,1,5,1,"","","","","","","","","","","","","","","","","","","","","","","","","","","","",5000,1,"","",2,1,2,1,"","","","","","","","","","",4,1,110,1,"","","","","","","","","","","","","","","","","","","","","","","","","","","","","","","","","","","","","","","","","","","","","","","","","","","",""
"83069002","PORQUEROLLES",43.,6.226833,135,1981092212,"","","","",13.,1,80,1,"","","","","","","","","","","","","","","","","","","","","","","","","","","","",27.,1,21.2,1,"","","","","","","","","","","","","","","","","","","","","","","","","","",74,1,"","","","","","","","","","","","",26.2,1,1014.2,1,"","","","","","",4,1,0,1,0,1,0,1,2,1,"","","","","","","","","","","","","","","","","","","","","","","","",10000,1,"","",1,1,1,1,"","","","","","","","","","",4,1,110,1,"","","","","","","","","","","","","","","","","","","","","","","","","","","","","","","","","","","","","","","","","","","","","","","","","","","",""
"83069002","PORQUEROLLES",43.,6.226833,135,1981092215,"","","","",13.,1,120,1,"","","","","","","","","","","","","","","","","","","","","","","","","","","","",23.5,1,19.1,1,"","","","","","","","","","","","","","","","","","","","","","","","","","",79,1,"","","","","","","","","","","","",22.9,1,1013.4,1,"","","","","","",8,1,8,1,5,1,"","","","","","","","","","","","","","","","","","","","","","","","","","","","",12000,1,"","",3,1,1,1,"","","","","","","","","","",4,1,130,1,"","","","","","","","","","","","","","","","","","","","","","","","","","","","","","","","","","","","","","","","","","","","","","","","","","","",""
"83069002","PORQUEROLLES",43.,6.226833,135,1981092218,"","","","",8.,1,120,1,"","","","","","","","","","","","","","","","","","","","","","","","","","","","",21.8,1,21.8,1,"","","","","","","","","","","","","","","","","","","","","","","","","","",100,1,"","","","","","","","","","","","",26.1,1,1013.4,1,"","","","","","",8,1,8,1,7,1,"","","","","","","","","","","","","","","","","","","","","","","","","","","","",6000,1,"","",21,1,2,1,"","","","","","","","","","",4,1,130,1,"","","","","","","","","","","","","","","","","","","","","","","","","","","","","","","","","","","","","","","","","","","","","","","","","","","",""
"83069002","PORQUEROLLES",43.,6.226833,135,1981092221,"","","","",6.,1,200,1,"","","","","","","","","","","","","","","","","","","","","","","","","","","","",21.5,1,21.5,1,"","","","","","","","","","","","","","","","","","","","","","","","","","",100,1,"","","","","","","","","","","","",25.6,1,1014.6,1,"","","","","","",9,1,"","","","","","","","","","","","","","","","","","","","","","","","","","","","","","","","",500,1,"","",45,1,4,1,"","","","","","","","","","",3,1,170,1,"","","","","","","","","","","","","","","","","","","","","","","","","","","","","","","","","","","","","","","","","","","","","","","","","","","",""
"83069002","PORQUEROLLES",43.,6.226833,135,1981092300,"","","","",5.,1,260,1,"","","","","","","","","","","","","","","","","","","","","","","","","","","","",21.,1,21.,1,"","","","","","","","","","","","","","","","","","","","","","","","","","",100,1,"","","","","","","","","","","","",24.9,1,1015.8,1,"","","","","","","","","","","","","","","","","","","","","","","","","","","","","","","","","","","","","","","","","","","","","","","","","","","","","","","","","","","","","","","","","","","","","","","","","","","","","","","","","","","","","","","","","","","","","","","","","","","","","","","","","","","","","","","","","",""
"83069002","PORQUEROLLES",43.,6.226833,135,1981092303,"","","","",3.,1,340,1,"","","","","","","","","","","","","","","","","","","","","","","","","","","","",20.,1,20.,1,"","","","","","","","","","","","","","","","","","","","","","","","","","",100,1,"","","","","","","","","","","","",23.4,1,1015.4,1,"","","","","","",4,1,0,1,6,1,0,1,0,1,"","","","","","","","","","","","","","","","","","","","","","","","",4000,1,"","",10,1,"","","","","","","","","","","","",2,1,0,1,"","","","","","","","","","","","","","","","","","","","","","","","","","","","","","","","","","","","","","","","","","","","","","","","","","","",""
"83069002","PORQUEROLLES",43.,6.226833,135,1981092306,"","","","",5.,1,280,1,"","","","","","","","","","","","","","","","","","","","","","","","","","","","",20.,1,20.,1,"","","","","","","","","","","","","","","","","","","","","","","","","","",100,1,"","","","","","","","","","","","",23.4,1,1016.2,1,"","","","","","",9,1,"","","","","","","","","","","","","","","","","","","","","","","","","","","","","","","","",500,1,"","",47,1,4,1,"","",0,1,"","","","","","",2,1,130,1,"","","","","","","","","","","","","","","","","","","","","","","","","","","","","","","","","","","","","","","","","","","","","","","","","","","",""
"83069002","PORQUEROLLES",43.,6.226833,135,1981092309,"","","","",3.,1,240,1,"","","","","","","","","","","","","","","","","","","","","","","","","","","","",20.1,1,20.1,1,"","","","","","","","","","","","","","","","","","","","","","","","","","",99,1,"","","","","","","","","","","","",23.3,1,1017.3,1,"","","","","","",5,1,5,1,5,1,0,1,0,1,"","","","","","","","","","","","","","","","","","","","","","","","",10000,1,"","",1,1,6,1,"","","","","","","","","","",3,1,230,1,"","","","","","","","","","","","","","","","","","","","","","","","","","","","","","","","","","","","","","","","","","","","","","","","","","","",""
"83069002","PORQUEROLLES",43.,6.226833,135,1981092312,"","","","",6.,1,260,1,"","","","","","","","","","","","","","","","","","","","","","","","","","","","",23.5,1,17.9,1,"","","","","","","","","","","","","","","","","","","","","","","","","","",74,1,"","","","","","","","","","","","",21.3,1,1016.4,1,"","","","","","",6,1,6,1,2,1,3,1,0,1,"","","","","","","","","","","","","","","","","","","","","","","","",25000,1,"","",3,1,2,1,"","","","","","","","","","",3,1,230,1,"","","","","","","","","","","","","","","","","","","","","","","","","","","","","","","","","","","","","","","","","","","","","","","","","","","",""
"83069002","PORQUEROLLES",43.,6.226833,135,1981092315,"","","","",7.,1,260,1,"","","","","","","","","","","","","","","","","","","","","","","","","","","","",20.,1,17.9,1,"","","","","","","","","","","","","","","","","","","","","","","","","","",91,1,"","","","","","","","","","","","",21.3,1,1015.3,1,"","","","","","",6,1,5,1,2,1,3,1,0,1,"","","","","","","","","","","","","","","","","","","","","","","","",25000,1,"","",2,1,2,1,"","","","","","","","","","",3,1,270,1,"","","","","","","","","","","","","","","","","","","","","","","","","","","","","","","","","","","","","","","","","","","","","","","","","","","",""
"83069002","PORQUEROLLES",43.,6.226833,135,1981092318,"","","","",3.,1,240,1,"","","","","","","","","","","","","","","","","","","","","","","","","","","","",19.5,1,16.4,1,"","","","","","","","","","","","","","","","","","","","","","","","","","",85,1,"","","","","","","","","","","","",19.3,1,1014.8,1,"","","","","","",7,1,7,1,5,1,5,1,"","","","","","","","","","","","","","","","","","","","","","","","","","",10000,1,"","",3,1,2,1,"","","","","","","","","","",3,1,270,1,"","","","","","","","","","","","","","","","","","","","","","","","","","","","","","","","","","","","","","","","","","","","","","","","","","","",""
"83069002","PORQUEROLLES",43.,6.226833,135,1981092321,"","","","",5.,1,260,1,"","","","","","","","","","","","","","","","","","","","","","","","","","","","",19.5,1,16.4,1,"","","","","","","","","","","","","","","","","","","","","","","","","","",85,1,"","","","","","","","","","","","",19.3,1,1014.8,1,"","","","","","",3,1,0,1,5,1,0,1,0,1,"","","","","","","","","","","","","","","","","","","","","","","","",18000,1,"","",1,1,1,1,"","","","","","","","","","",3,1,270,1,"","","","","","","","","","","","","","","","","","","","","","","","","","","","","","","","","","","","","","","","","","","","","","","","","","","",""
"83069002","PORQUEROLLES",43.,6.226833,135,1981092400,"","","","",2.,1,280,1,"","","","","","","","","","","","","","","","","","","","","","","","","","","","",19.,1,16.6,1,"","","","","","","","","","","","","","","","","","","","","","","","","","",89,1,"","","","","","","","","","","","",19.6,1,1014.1,1,"","","","","","","","","","","","","","","","","","","","","","","","","","","","","","","","","","","","","","","","","","","","","","","","","","","","","","","","","","","","","","","","","","","","","","","","","","","","","","","","","","","","","","","","","","","","","","","","","","","","","","","","","","","","","","","","","",""
"83069002","PORQUEROLLES",43.,6.226833,135,1981092403,"","","","",3.,1,260,1,"","","","","","","","","","","","","","","","","","","","","","","","","","","","",17.1,1,15.6,1,"","","","","","","","","","","","","","","","","","","","","","","","","","",94,1,"","","","","","","","","","","","",18.3,1,1012.5,1,"","","","","","",8,1,8,1,7,1,"","","","","","","","","","","","","","","","","","","","","","","","","","","","",15000,1,"","",0,1,"","","","","","","","","","","","",3,1,270,1,"","","","","","","","","","","","","","","","","","","","","","","","","","","","","","","","","","","","","","","","","","","","","","","","","","","",""
"83069002","PORQUEROLLES",43.,6.226833,135,1981092406,"","","","",3.,1,240,1,"","","","","","","","","","","","","","","","","","","","","","","","","","","","",18.,1,16.2,1,"","","","","","","","","","","","","","","","","","","","","","","","","","",92,1,"","","","","","","","","","","","",19.,1,1012.,1,"","","","","","",6,1,6,1,2,1,7,1,0,1,"","","","","","","","","","","","","","","","","","","","","","","","",15000,1,"","",1,1,2,1,"","","","","","","","","","",2,1,0,1,"","","","","","","","","","","","","","","","","","","","","","","","","","","","","","","","","","","","","","","","","","","","","","","","","","","",""
"83069002","PORQUEROLLES",43.,6.226833,135,1981092409,"","","","",4.,1,300,1,"","","","","","","","","","","","","","","","","","","","","","","","","","","","",19.,1,17.6,1,"","","","","","","","","","","","","","","","","","","","","","","","","","",95,1,"","","","","","","","","","","","",20.9,1,1012.1,1,"","","","","","",6,1,6,1,2,1,8,1,0,1,"","","","","","","","","","","","","","","","","","","","","","","","",10000,1,"","",21,1,6,1,"","","","","","","","","","",2,1,0,1,"","","","","","","","","","","","","","","","","","","","","","","","","","","","","","","","","","","","","","","","","","","","","","","","","","","",""
"83069002","PORQUEROLLES",43.,6.226833,135,1981092412,"","","","",14.,1,280,1,"","","","","","","","","","","","","","","","","","","","","","","","","","","","",21.,1,13.8,1,"","","","","","","","","","","","","","","","","","","","","","","","","","",65,1,"","","","","","","","","","","","",16.2,1,1011.3,1,"","","","","","",4,1,0,1,2,1,8,1,0,1,"","","","","","","","","","","","","","","","","","","","","","","","",25000,1,"","",1,1,6,1,"","","","","","","","","","",4,1,270,1,"","","","","","","","","","","","","","","","","","","","","","","","","","","","","","","","","","","","","","","","","","","","","","","","","","","",""
"83069002","PORQUEROLLES",43.,6.226833,135,1981092415,"","","","",14.,1,280,1,"","","","","","","","","","","","","","","","","","","","","","","","","","","","",21.4,1,14.2,1,"","","","","","","","","","","","","","","","","","","","","","","","","","",66,1,"","","","","","","","","","","","",16.7,1,1010.3,1,"","","","","","",1,1,0,1,2,1,0,1,0,1,"","","","","","","","","","","","","","","","","","","","","","","","",30000,1,"","",1,1,0,1,"","","","","","","","","","",4,1,270,1,"","","","","","","","","","","","","","","","","","","","","","","","","","","","","","","","","","","","","","","","","","","","","","","","","","","",""
"83069002","PORQUEROLLES",43.,6.226833,135,1981092418,"","","","",13.,1,280,1,"","","","","","","","","","","","","","","","","","","","","","","","","","","","",18.4,1,14.5,1,"","","","","","","","","","","","","","","","","","","","","","","","","","",81,1,"","","","","","","","","","","","",17.,1,1009.3,1,"","","","","","",2,1,0,1,1,1,4,1,0,1,"","","","","","","","","","","","","","","","","","","","","","","","",30000,1,"","",2,1,0,1,"","","","","","","","","","",4,1,270,1,"","","","","","","","","","","","","","","","","","","","","","","","","","","","","","","","","","","","","","","","","","","","","","","","","","","",""
"83069002","PORQUEROLLES",43.,6.226833,135,1981092421,"","","","",9.,1,280,1,"","","","","","","","","","","","","","","","","","","","","","","","","","","","",18.4,1,14.5,1,"","","","","","","","","","","","","","","","","","","","","","","","","","",81,1,"","","","","","","","","","","","",17.,1,1010.1,1,"","","","","","",0,1,"","",0,1,0,1,0,1,"","","","","","","","","","","","","","","","","","","","","","","","",30000,1,"","",1,1,0,1,"","","","","","","","","","",3,1,"","","","","","","","","","","","","","","","","","","","","","","","","","","","","","","","","","","","","","","","","","","","","","","","","","","","","",""
"83069002","PORQUEROLLES",43.,6.226833,135,1981092500,"","","","",7.,1,280,1,"","","","","","","","","","","","","","","","","","","","","","","","","","","","",17.5,1,12.9,1,"","","","","","","","","","","","","","","","","","","","","","","","","","",76,1,"","","","","","","","","","","","",15.2,1,1009.9,1,"","","","","","","","","","","","","","","","","","","","","","","","","","","","","","","","","","","","","","","","","","","","","","","","","","","","","","","","","","","","","","","","","","","","","","","","","","","","","","","","","","","","","","","","","","","","","","","","","","","","","","","","","","","","","","","","","",""
"83069002","PORQUEROLLES",43.,6.226833,135,1981092503,"","","","",11.,1,280,1,"","","","","","","","","","","","","","","","","","","","","","","","","","","","",17.4,1,12.1,1,"","","","","","","","","","","","","","","","","","","","","","","","","","",72,1,"","","","","","","","","","","","",14.4,1,1009.7,1,"","","","","","",0,1,"","",0,1,0,1,0,1,"","","","","","","","","","","","","","","","","","","","","","","","",30000,1,"","",0,1,"","","","","","","","","","","","",3,1,"","","","","","","","","","","","","","","","","","","","","","","","","","","","","","","","","","","","","","","","","","","","","","","","","","","","","",""
"83069002","PORQUEROLLES",43.,6.226833,135,1981092506,"","","","",4.,1,360,1,"","","","","","","","","","","","","","","","","","","","","","","","","","","","",16.6,1,11.2,1,"","","","","","","","","","","","","","","","","","","","","","","","","","",72,1,"","","","","","","","","","","","",13.6,1,1009.7,1,"","","","","","",1,1,0,1,0,1,0,1,2,1,"","","","","","","","","","","","","","","","","","","","","","","","",30000,1,"","",2,1,0,1,"","",0,1,"","","","","","",3,1,270,1,"","","","","","","","","","","","","","","","","","","","","","","","","","","","","","","","","","","","","","","","","","","","","","","","","","","",""
"83069002","PORQUEROLLES",43.,6.226833,135,1981092509,"","","","",2.,1,140,1,"","","","","","","","","","","","","","","","","","","","","","","","","","","","",21.5,1,13.4,1,"","","","","","","","","","","","","","","","","","","","","","","","","","",62,1,"","","","","","","","","","","","",15.8,1,1010.1,1,"","","","","","",4,1,0,1,8,1,0,1,4,1,"","","","","","","","","","","","","","","","","","","","","","","","",30000,1,"","",3,1,0,1,"","","","","","","","","","",2,1,270,1,"","","","","","","","","","","","","","","","","","","","","","","","","","","","","","","","","","","","","","","","","","","","","","","","","","","",""
"83069002","PORQUEROLLES",43.,6.226833,135,1981092512,"","","","",7.,1,220,1,"","","","","","","","","","","","","","","","","","","","","","","","","","","","",21.5,1,17.,1,"","","","","","","","","","","","","","","","","","","","","","","","","","",78,1,"","","","","","","","","","","","",20.,1,1010.,1,"","","","","","",7,1,7,1,5,1,"","","","","","","","","","","","","","","","","","","","","","","","","","","","",25000,1,"","",3,1,1,1,"","","","","","","","","","",3,1,270,1,"","","","","","","","","","","","","","","","","","","","","","","","","","","","","","","","","","","","","","","","","","","","","","","","","","","",""
"83069002","PORQUEROLLES",43.,6.226833,135,1981092515,"","","","",11.,1,160,1,"","","","","","","","","","","","","","","","","","","","","","","","","","","","",21.3,1,17.6,1,"","","","","","","","","","","","","","","","","","","","","","","","","","",82,1,"","","","","","","","","","","","",20.8,1,1009.3,1,"","","","","","",7,1,5,1,5,1,7,1,"","","","","","","","","","","","","","","","","","","","","","","","","","",18000,1,"","",2,1,2,1,"","","","","","","","","","",3,1,170,1,"","","","","","","","","","","","","","","","","","","","","","","","","","","","","","","","","","","","","","","","","","","","","","","","","","","",""
"83069002","PORQUEROLLES",43.,6.226833,135,1981092518,"","","","",7.,1,160,1,"","","","","","","","","","","","","","","","","","","","","","","","","","","","",20.7,1,19.,1,"","","","","","","","","","","","","","","","","","","","","","","","","","",94,1,"","","","","","","","","","","","",22.8,1,1009.3,1,"","","","","","",4,1,0,1,9,1,0,1,2,1,"","","","","","","","","","","","","","","","","","","","","","","","",15000,1,"","",1,1,1,1,"","","","","","","","","","",3,1,170,1,"","","","","","","","","","","","","","","","","","","","","","","","","","","","","","","","","","","","","","","","","","","","","","","","","","","",""
"83069002","PORQUEROLLES",43.,6.226833,135,1981092521,"","","","",7.,1,180,1,"","","","","","","","","","","","","","","","","","","","","","","","","","","","",21.,1,19.3,1,"","","","","","","","","","","","","","","","","","","","","","","","","","",94,1,"","","","","","","","","","","","",23.2,1,1009.3,1,"","","","","","",1,1,0,1,9,1,0,1,0,1,"","","","","","","","","","","","","","","","","","","","","","","","",15000,1,"","",1,1,0,1,"","","","","","","","","","",3,1,170,1,"","","","","","","","","","","","","","","","","","","","","","","","","","","","","","","","","","","","","","","","","","","","","","","","","","","",""
"83069002","PORQUEROLLES",43.,6.226833,135,1981092600,"","","","",10.,1,180,1,"","","","","","","","","","","","","","","","","","","","","","","","","","","","",21.,1,18.8,1,"","","","","","","","","","","","","","","","","","","","","","","","","","",90,1,"","","","","","","","","","","","",22.5,1,1009.4,1,"","","","","","","","","","","","","","","","","","","","","","","","","","","","","","","","","","","","","","","","","","","","","","","","","","","","","","","","","","","","","","","","","","","","","","","","","","","","","","","","","","","","","","","","","","","","","","","","","","","","","","","","","","","","","","","","","",""
"83069002","PORQUEROLLES",43.,6.226833,135,1981092603,"","","","",11.,1,180,1,"","","","","","","","","","","","","","","","","","","","","","","","","","","","",21.,1,18.8,1,"","","","","","","","","","","","","","","","","","","","","","","","","","",90,1,"","","","","","","","","","","","",22.5,1,1009.4,1,"","","","","","",0,1,"","",0,1,0,1,0,1,"","","","","","","","","","","","","","","","","","","","","","","","",15000,1,"","",0,1,"","","","","","","","","","","","",4,1,170,1,"","","","","","","","","","","","","","","","","","","","","","","","","","","","","","","","","","","","","","","","","","","","","","","","","","","",""
"83069002","PORQUEROLLES",43.,6.226833,135,1981092606,"","","","",10.,1,140,1,"","","","","","","","","","","","","","","","","","","","","","","","","","","","",20.5,1,19.1,1,"","","","","","","","","","","","","","","","","","","","","","","","","","",95,1,"","","","","","","","","","","","",23.,1,1009.5,1,"","","","","","",8,1,8,1,5,1,"","","","","","","","","","","","","","","","","","","","","","","","","","","","",15000,1,"","",3,1,1,1,"","",0,1,"","","","","","",4,1,150,1,"","","","","","","","","","","","","","","","","","","","","","","","","","","","","","","","","","","","","","","","","","","","","","","","","","","",""
"83069002","PORQUEROLLES",43.,6.226833,135,1981092609,"","","","",9.,1,140,1,"","","","","","","","","","","","","","","","","","","","","","","","","","","","",21.5,1,19.1,1,"","","","","","","","","","","","","","","","","","","","","","","","","","",89,1,"","","","","","","","","","","","",22.9,1,1009.2,1,"","","","","","",8,1,8,1,2,1,7,1,"","","","","","","","","","","","","","","","","","","","","","","","","","",12000,1,"","",2,1,2,1,"","","","","","","","","","",4,1,150,1,"","","","","","","","","","","","","","","","","","","","","","","","","","","","","","","","","","","","","","","","","","","","","","","","","","","",""
"83069002","PORQUEROLLES",43.,6.226833,135,1981092612,"","","","",10.,1,120,1,"","","","","","","","","","","","","","","","","","","","","","","","","","","","",21.3,1,19.9,1,"","","","","","","","","","","","","","","","","","","","","","","","","","",95,1,"","","","","","","","","","","","",24.2,1,1008.7,1,"","","","","","",8,1,8,1,5,1,"","","","","","","","","","","","","","","","","","","","","","","","","","","","",5000,1,"","",3,1,2,1,"","","","","","","","","","",4,1,150,1,"","","","","","","","","","","","","","","","","","","","","","","","","","","","","","","","","","","","","","","","","","","","","","","","","","","",""
"83069002","PORQUEROLLES",43.,6.226833,135,1981092615,"","","","",15.,1,140,1,"","","","","","","","","","","","","","","","","","","","","","","","","","","","",21.,1,19.3,1,"","","","","","","","","","","","","","","","","","","","","","","","","","",94,1,"","","","","","","","","","","","",23.3,1,1007.5,1,"","","","","","",8,1,8,1,5,1,"","","","","","","","","","","","","","","","","","","","","","","","","","","","",5000,1,"","",4,1,2,1,"","","","","","","","","","",4,1,150,1,"","","","","","","","","","","","","","","","","","","","","","","","","","","","","","","","","","","","","","","","","","","","","","","","","","","",""
"83069002","PORQUEROLLES",43.,6.226833,135,1981092618,"","","","",9.,1,160,1,"","","","","","","","","","","","","","","","","","","","","","","","","","","","",21.,1,21.,1,"","","","","","","","","","","","","","","","","","","","","","","","","","",100,1,"","","","","","","","","","","","",24.9,1,1007.5,1,"","","","","","",8,1,8,1,8,1,"","","","","","","","","","","","","","","","","","","","","","","","","","","","",5000,1,"","",2,1,2,1,"","","","","","","","","","",4,1,150,1,"","","","","","","","","","","","","","","","","","","","","","","","","","","","","","","","","","","","","","","","","","","","","","","","","","","",""
"83069002","PORQUEROLLES",43.,6.226833,135,1981092621,"","","","",13.,1,160,1,"","","","","","","","","","","","","","","","","","","","","","","","","","","","",21.,1,21.,1,"","","","","","","","","","","","","","","","","","","","","","","","","","",100,1,"","","","","","","","","","","","",24.9,1,1006.1,1,"","","","","","",8,1,8,1,3,1,"","","","","","","","","","","","","","","","","","","","","","","","","","","","",6000,1,"","",29,1,9,1,"","","","","","","","","","",4,1,150,1,"","","","","","","","","","","","","","","","","","","","","","","","","","","","","","","","","","","","","","","","","","","","","","","","","","","",""
"83069002","PORQUEROLLES",43.,6.226833,135,1981092700,"","","","",7.,1,260,1,"","","","","","","","","","","","","","","","","","","","","","","","","","","","",17.,1,13.9,1,"","","","","","","","","","","","","","","","","","","","","","","","","","","","","","","","","","","","","","","","",16.3,1,1007.,1,"","","","","","","","","","","","","","","","","","","","","","","","","","","","","","","","","","","","","","","","","","","","","","","","","","","","","","","","","","","","","","","","","","","","","","","","","","","","","","","","","","","","","","","","","","","","","","","","","","","","","","","","","","","","","","","","","",""
"83069002","PORQUEROLLES",43.,6.226833,135,1981092703,"","","","",8.,1,240,1,"","","","","","","","","","","","","","","","","","","","","","","","","","","","",17.,1,12.7,1,"","","","","","","","","","","","","","","","","","","","","","","","","","",77,1,"","","","","","","","","","","","",15.1,1,1007.6,1,"","","","","","",2,1,0,1,2,1,0,1,0,1,"","","","","","","","","","","","","","","","","","","","","","","","",20000,1,"","",0,1,"","","","","","","","","","","","",4,1,150,1,"","","","","","","","","","","","","","","","","","","","","","","","","","","","","","","","","","","","","","","","","","","","","","","","","","","",""
"83069002","PORQUEROLLES",43.,6.226833,135,1981092706,"","","","",4.,1,240,1,"","","","","","","","","","","","","","","","","","","","","","","","","","","","",16.8,1,11.7,1,"","","","","","","","","","","","","","","","","","","","","","","","","","",74,1,"","","","","","","","","","","","",14.1,1,1008.1,1,"","","","","","",2,1,0,1,2,1,0,1,0,1,"","","","","","","","","","","","","","","","","","","","","","","","",40000,1,"","",2,1,0,1,"","","","","","","","","","",4,1,230,1,"","","","","","","","","","","","","","","","","","","","","","","","","","","","","","","","","","","","","","","","","","","","","","","","","","","",""
"83069002","PORQUEROLLES",43.,6.226833,135,1981092709,"","","","",8.,1,240,1,"","","","","","","","","","","","","","","","","","","","","","","","","","","","",19.2,1,11.3,1,"","","","","","","","","","","","","","","","","","","","","","","","","","",62,1,"","","","","","","","","","","","",13.7,1,1009.3,1,"","","","","","",5,1,5,1,2,1,0,1,0,1,"","","","","","","","","","","","","","","","","","","","","","","","",30000,1,"","",3,1,1,1,"","","","","","","","","","",4,1,230,1,"","","","","","","","","","","","","","","","","","","","","","","","","","","","","","","","","","","","","","","","","","","","","","","","","","","",""
"83069002","PORQUEROLLES",43.,6.226833,135,1981092712,"","","","",9.,1,240,1,"","","","","","","","","","","","","","","","","","","","","","","","","","","","",20.8,1,12.8,1,"","","","","","","","","","","","","","","","","","","","","","","","","","",62,1,"","","","","","","","","","","","",15.2,1,1009.1,1,"","","","","","",2,1,0,1,2,1,0,1,0,1,"","","","","","","","","","","","","","","","","","","","","","","","",35000,1,"","",1,1,1,1,"","","","","","","","","","",4,1,230,1,"","","","","","","","","","","","","","","","","","","","","","","","","","","","","","","","","","","","","","","","","","","","","","","","","","","",""
"83069002","PORQUEROLLES",43.,6.226833,135,1981092715,"","","","",4.,1,240,1,"","","","","","","","","","","","","","","","","","","","","","","","","","","","",19.,1,10.5,1,"","","","","","","","","","","","","","","","","","","","","","","","","","",59,1,"","","","","","","","","","","","",13.,1,1008.6,1,"","","","","","",6,1,0,1,2,1,4,1,0,1,"","","","","","","","","","","","","","","","","","","","","","","","",35000,1,"","",3,1,1,1,"","","","","","","","","","",4,1,230,1,"","","","","","","","","","","","","","","","","","","","","","","","","","","","","","","","","","","","","","","","","","","","","","","","","","","",""
"83069002","PORQUEROLLES",43.,6.226833,135,1981092718,"","","","",2.,1,160,1,"","","","","","","","","","","","","","","","","","","","","","","","","","","","",17.,1,8.5,1,"","","","","","","","","","","","","","","","","","","","","","","","","","",58,1,"","","","","","","","","","","","",11.3,1,1007.8,1,"","","","","","",6,1,6,1,0,1,5,1,0,1,"","","","","","","","","","","","","","","","","","","","","","","","",22000,1,"","",2,1,1,1,"","","","","","","","","","",3,1,230,1,"","","","","","","","","","","","","","","","","","","","","","","","","","","","","","","","","","","","","","","","","","","","","","","","","","","",""
"83069002","PORQUEROLLES",43.,6.226833,135,1981092721,"","","","",2.,1,20,1,"","","","","","","","","","","","","","","","","","","","","","","","","","","","",16.,1,12.,1,"","","","","","","","","","","","","","","","","","","","","","","","","","",79,1,"","","","","","","","","","","","",14.4,1,1007.6,1,"","","","","","",3,1,0,1,9,1,0,1,0,1,"","","","","","","","","","","","","","","","","","","","","","","","",20000,1,"","",13,1,1,1,"","","","","","","","","","",3,1,"","","","","","","","","","","","","","","","","","","","","","","","","","","","","","","","","","","","","","","","","","","","","","","","","","","","","",""
"83069002","PORQUEROLLES",43.,6.226833,135,1981092800,"","","","",3.,1,120,1,"","","","","","","","","","","","","","","","","","","","","","","","","","","","",15.8,1,14.1,1,"","","","","","","","","","","","","","","","","","","","","","","","","","",92,1,"","","","","","","","","","","","",16.5,1,1006.5,1,"","","","","","","","","","","","","","","","","","","","","","","","","","","","","","","","","","","","","","","","","","","","","","","","","","","","","","","","","","","","","","","","","","","","","","","","","","","","","","","","","","","","","","","","","","","","","","","","","","","","","","","","","","","","","","","","","",""
"83069002","PORQUEROLLES",43.,6.226833,135,1981092803,"","","","",7.,1,320,1,"","","","","","","","","","","","","","","","","","","","","","","","","","","","",13.,1,13.,1,"","","","","","","","","","","","","","","","","","","","","","","","","","",100,1,"","","","","","","","","","","","",15.,1,1005.6,1,"","","","","","",8,1,8,1,5,1,"","","","","","","","","","","","","","","","","","","","","","","","","","","","",8000,1,"","",60,1,"","","","","","","","","","","","",3,1,"","","","","","","","","","","","","","","","","","","","","","","","","","","","","","","","","","","","","","","","","","","","","","","","","","","","","",""
"83069002","PORQUEROLLES",43.,6.226833,135,1981092806,"","","","",4.,1,320,1,"","","","","","","","","","","","","","","","","","","","","","","","","","","","",14.,1,10.9,1,"","","","","","","","","","","","","","","","","","","","","","","","","","",83,1,"","","","","","","","","","","","",13.3,1,1005.8,1,"","","","","","",8,1,5,1,0,1,7,1,"","","","","","","","","","","","","","","","","","","","","","","","","","",25000,1,"","",2,1,6,1,"","","","","","","","","","",3,1,270,1,"","","","","","","","","","","","","","","","","","","","","","","","","","","","","","","","","","","","","","","","","","","","","","","","","","","",""
"83069002","PORQUEROLLES",43.,6.226833,135,1981092809,"","","","",9.,1,280,1,"","","","","","","","","","","","","","","","","","","","","","","","","","","","",14.5,1,11.4,1,"","","","","","","","","","","","","","","","","","","","","","","","","","",83,1,"","","","","","","","","","","","",13.8,1,1006.1,1,"","","","","","",4,1,0,1,2,1,4,1,2,1,"","","","","","","","","","","","","","","","","","","","","","","","",25000,1,"","",1,1,0,1,"","","","","","","","","","",4,1,270,1,"","","","","","","","","","","","","","","","","","","","","","","","","","","","","","","","","","","","","","","","","","","","","","","","","","","",""
"83069002","PORQUEROLLES",43.,6.226833,135,1981092812,"","","","",15.,1,280,1,"","","","","","","","","","","","","","","","","","","","","","","","","","","","",18.,1,9.8,1,"","","","","","","","","","","","","","","","","","","","","","","","","","",60,1,"","","","","","","","","","","","",12.3,1,1005.2,1,"","","","","","",3,1,0,1,2,1,0,1,2,1,"","","","","","","","","","","","","","","","","","","","","","","","",40000,1,"","",1,1,0,1,"","","","","","","","","","",4,1,270,1,"","","","","","","","","","","","","","","","","","","","","","","","","","","","","","","","","","","","","","","","","","","","","","","","","","","",""
"83069002","PORQUEROLLES",43.,6.226833,135,1981092815,"","","","",20.,1,280,1,"","","","","","","","","","","","","","","","","","","","","","","","","","","","",19.5,1,7.7,1,"","","","","","","","","","","","","","","","","","","","","","","","","","",47,1,"","","","","","","","","","","","",10.7,1,1005.5,1,"","","","","","",3,1,0,1,9,1,0,1,2,1,"","","","","","","","","","","","","","","","","","","","","","","","",40000,1,"","",2,1,0,1,"","","","","","","","","","",5,1,270,1,"","","","","","","","","","","","","","","","","","","","","","","","","","","","","","","","","","","","","","","","","","","","","","","","","","","",""
"83069002","PORQUEROLLES",43.,6.226833,135,1981092818,"","","","",11.,1,280,1,"","","","","","","","","","","","","","","","","","","","","","","","","","","","",16.7,1,7.2,1,"","","","","","","","","","","","","","","","","","","","","","","","","","",54,1,"","","","","","","","","","","","",10.3,1,1005.5,1,"","","","","","",2,1,0,1,2,1,0,1,1,1,"","","","","","","","","","","","","","","","","","","","","","","","",40000,1,"","",1,1,0,1,"","","","","","","","","","",4,1,270,1,"","","","","","","","","","","","","","","","","","","","","","","","","","","","","","","","","","","","","","","","","","","","","","","","","","","",""
"83069002","PORQUEROLLES",43.,6.226833,135,1981092821,"","","","",12.,1,320,1,"","","","","","","","","","","","","","","","","","","","","","","","","","","","",16.,1,6.4,1,"","","","","","","","","","","","","","","","","","","","","","","","","","",53,1,"","","","","","","","","","","","",9.7,1,1006.1,1,"","","","","","",0,1,"","",0,1,0,1,0,1,"","","","","","","","","","","","","","","","","","","","","","","","",30000,1,"","",1,1,0,1,"","","","","","","","","","",4,1,270,1,"","","","","","","","","","","","","","","","","","","","","","","","","","","","","","","","","","","","","","","","","","","","","","","","","","","",""
"83069002","PORQUEROLLES",43.,6.226833,135,1981092900,"","","","",10.,1,340,1,"","","","","","","","","","","","","","","","","","","","","","","","","","","","",15.5,1,6.6,1,"","","","","","","","","","","","","","","","","","","","","","","","","","",56,1,"","","","","","","","","","","","",9.9,1,1008.,1,"","","","","","","","","","","","","","","","","","","","","","","","","","","","","","","","","","","","","","","","","","","","","","","","","","","","","","","","","","","","","","","","","","","","","","","","","","","","","","","","","","","","","","","","","","","","","","","","","","","","","","","","","","","","","","","","","",""
"83069002","PORQUEROLLES",43.,6.226833,135,1981092903,"","","","",10.,1,300,1,"","","","","","","","","","","","","","","","","","","","","","","","","","","","",15.5,1,5.5,1,"","","","","","","","","","","","","","","","","","","","","","","","","","",54,1,"","","","","","","","","","","","",9.1,1,1007.8,1,"","","","","","",0,1,"","",0,1,0,1,0,1,"","","","","","","","","","","","","","","","","","","","","","","","",25000,1,"","",0,1,"","","","","","","","","","","","",4,1,"","","","","","","","","","","","","","","","","","","","","","","","","","","","","","","","","","","","","","","","","","","","","","","","","","","","","",""
"83069002","PORQUEROLLES",43.,6.226833,135,1981092906,"","","","",8.,1,340,1,"","","","","","","","","","","","","","","","","","","","","","","","","","","","",15.5,1,5.5,1,"","","","","","","","","","","","","","","","","","","","","","","","","","",54,1,"","","","","","","","","","","","",9.1,1,1009.1,1,"","","","","","",2,1,0,1,2,1,0,1,0,1,"","","","","","","","","","","","","","","","","","","","","","","","",25000,1,"","",3,1,0,1,"","",0,1,"","","","","","",4,1,270,1,"","","","","","","","","","","","","","","","","","","","","","","","","","","","","","","","","","","","","","","","","","","","","","","","","","","",""
"83069002","PORQUEROLLES",43.,6.226833,135,1981092909,"","","","",7.,1,300,1,"","","","","","","","","","","","","","","","","","","","","","","","","","","","",19.,1,7.1,1,"","","","","","","","","","","","","","","","","","","","","","","","","","",47,1,"","","","","","","","","","","","",10.2,1,1011.2,1,"","","","","","",1,1,0,1,1,1,0,1,0,1,"","","","","","","","","","","","","","","","","","","","","","","","",30000,1,"","",1,1,0,1,"","","","","","","","","","",4,1,270,1,"","","","","","","","","","","","","","","","","","","","","","","","","","","","","","","","","","","","","","","","","","","","","","","","","","","",""
"83069002","PORQUEROLLES",43.,6.226833,135,1981092912,"","","","",5.,1,280,1,"","","","","","","","","","","","","","","","","","","","","","","","","","","","",22.5,1,10.6,1,"","","","","","","","","","","","","","","","","","","","","","","","","","",48,1,"","","","","","","","","","","","",13.,1,1010.9,1,"","","","","","",0,1,"","",0,1,0,1,0,1,"","","","","","","","","","","","","","","","","","","","","","","","",40000,1,"","",1,1,0,1,"","","","","","","","","","",4,1,270,1,"","","","","","","","","","","","","","","","","","","","","","","","","","","","","","","","","","","","","","","","","","","","","","","","","","","",""
"83069002","PORQUEROLLES",43.,6.226833,135,1981092915,"","","","",8.,1,260,1,"","","","","","","","","","","","","","","","","","","","","","","","","","","","",22.5,1,10.6,1,"","","","","","","","","","","","","","","","","","","","","","","","","","",48,1,"","","","","","","","","","","","",13.,1,1011.2,1,"","","","","","",0,1,"","",0,1,0,1,0,1,"","","","","","","","","","","","","","","","","","","","","","","","",30000,1,"","",2,1,0,1,"","","","","","","","","","",4,1,270,1,"","","","","","","","","","","","","","","","","","","","","","","","","","","","","","","","","","","","","","","","","","","","","","","","","","","",""
"83069002","PORQUEROLLES",43.,6.226833,135,1981092918,"","","","",3.,1,280,1,"","","","","","","","","","","","","","","","","","","","","","","","","","","","",19.3,1,12.3,1,"","","","","","","","","","","","","","","","","","","","","","","","","","",65,1,"","","","","","","","","","","","",14.6,1,1012.2,1,"","","","","","",2,1,0,1,0,1,0,1,2,1,"","","","","","","","","","","","","","","","","","","","","","","","",30000,1,"","",3,1,0,1,"","","","","","","","","","",4,1,270,1,"","","","","","","","","","","","","","","","","","","","","","","","","","","","","","","","","","","","","","","","","","","","","","","","","","","",""
"83069002","PORQUEROLLES",43.,6.226833,135,1981092921,"","","","",5.,1,360,1,"","","","","","","","","","","","","","","","","","","","","","","","","","","","",17.7,1,7.7,1,"","","","","","","","","","","","","","","","","","","","","","","","","","",53,1,"","","","","","","","","","","","",10.7,1,1013.6,1,"","","","","","",0,1,"","",0,1,0,1,0,1,"","","","","","","","","","","","","","","","","","","","","","","","",30000,1,"","",1,1,0,1,"","","","","","","","","","",3,1,270,1,"","","","","","","","","","","","","","","","","","","","","","","","","","","","","","","","","","","","","","","","","","","","","","","","","","","",""
"83069002","PORQUEROLLES",43.,6.226833,135,1981093000,"","","","",6.,1,360,1,"","","","","","","","","","","","","","","","","","","","","","","","","","","","",15.3,1,8.5,1,"","","","","","","","","","","","","","","","","","","","","","","","","","",65,1,"","","","","","","","","","","","",11.3,1,1013.9,1,"","","","","","","","","","","","","","","","","","","","","","","","","","","","","","","","","","","","","","","","","","","","","","","","","","","","","","","","","","","","","","","","","","","","","","","","","","","","","","","","","","","","","","","","","","","","","","","","","","","","","","","","","","","","","","","","","",""
"83069002","PORQUEROLLES",43.,6.226833,135,1981093003,"","","","",4.,1,360,1,"","","","","","","","","","","","","","","","","","","","","","","","","","","","",15.2,1,9.3,1,"","","","","","","","","","","","","","","","","","","","","","","","","","",69,1,"","","","","","","","","","","","",12.,1,1014.1,1,"","","","","","",0,1,"","",0,1,0,1,0,1,"","","","","","","","","","","","","","","","","","","","","","","","",30000,1,"","",0,1,"","","","","","","","","","","","",3,1,270,1,"","","","","","","","","","","","","","","","","","","","","","","","","","","","","","","","","","","","","","","","","","","","","","","","","","","",""
"83069002","PORQUEROLLES",43.,6.226833,135,1981093006,"","","","",4.,1,360,1,"","","","","","","","","","","","","","","","","","","","","","","","","","","","",15.4,1,10.6,1,"","","","","","","","","","","","","","","","","","","","","","","","","","",74,1,"","","","","","","","","","","","",13.1,1,1014.1,1,"","","","","","",2,1,0,1,0,1,4,1,0,1,"","","","","","","","","","","","","","","","","","","","","","","","",30000,1,"","",3,1,0,1,"","","","","","","","","","",3,1,270,1,"","","","","","","","","","","","","","","","","","","","","","","","","","","","","","","","","","","","","","","","","","","","","","","","","","","",""
"83069002","PORQUEROLLES",43.,6.226833,135,1981093009,"","","","",7.,1,60,1,"","","","","","","","","","","","","","","","","","","","","","","","","","","","",21.,1,14.7,1,"","","","","","","","","","","","","","","","","","","","","","","","","","",69,1,"","","","","","","","","","","","",17.2,1,1014.9,1,"","","","","","",4,1,0,1,2,1,0,1,0,1,"","","","","","","","","","","","","","","","","","","","","","","","",18000,1,"","",3,1,0,1,"","","","","","","","","","",3,1,90,1,"","","","","","","","","","","","","","","","","","","","","","","","","","","","","","","","","","","","","","","","","","","","","","","","","","","",""
"83069002","PORQUEROLLES",43.,6.226833,135,1981093012,"","","","",7.,1,60,1,"","","","","","","","","","","","","","","","","","","","","","","","","","","","",23.6,1,16.6,1,"","","","","","","","","","","","","","","","","","","","","","","","","","",67,1,"","","","","","","","","","","","",19.6,1,1014.7,1,"","","","","","",4,1,0,1,2,1,0,1,0,1,"","","","","","","","","","","","","","","","","","","","","","","","",18000,1,"","",2,1,0,1,"","","","","","","","","","",3,1,90,1,"","","","","","","","","","","","","","","","","","","","","","","","","","","","","","","","","","","","","","","","","","","","","","","","","","","",""
"83069002","PORQUEROLLES",43.,6.226833,135,1981093015,"","","","",4.,1,100,1,"","","","","","","","","","","","","","","","","","","","","","","","","","","","",22.7,1,16.2,1,"","","","","","","","","","","","","","","","","","","","","","","","","","",69,1,"","","","","","","","","","","","",19.,1,1014.1,1,"","","","","","",2,1,0,1,2,1,0,1,1,1,"","","","","","","","","","","","","","","","","","","","","","","","",16000,1,"","",1,1,0,1,"","","","","","","","","","",3,1,90,1,"","","","","","","","","","","","","","","","","","","","","","","","","","","","","","","","","","","","","","","","","","","","","","","","","","","",""
"83069002","PORQUEROLLES",43.,6.226833,135,1981093018,"","","","",5.,1,80,1,"","","","","","","","","","","","","","","","","","","","","","","","","","","","",17.5,1,14.4,1,"","","","","","","","","","","","","","","","","","","","","","","","","","",85,1,"","","","","","","","","","","","",16.9,1,1013.7,1,"","","","","","",1,1,0,1,0,1,0,1,1,1,"","","","","","","","","","","","","","","","","","","","","","","","",16000,1,"","",1,1,0,1,"","","","","","","","","","",3,1,"","","","","","","","","","","","","","","","","","","","","","","","","","","","","","","","","","","","","","","","","","","","","","","","","","","","","",""
"83069002","PORQUEROLLES",43.,6.226833,135,1981093021,"","","","",4.,1,80,1,"","","","","","","","","","","","","","","","","","","","","","","","","","","","",16.4,1,14.6,1,"","","","","","","","","","","","","","","","","","","","","","","","","","",91,1,"","","","","","","","","","","","",17.1,1,1015.,1,"","","","","","",0,1,"","",0,1,0,1,0,1,"","","","","","","","","","","","","","","","","","","","","","","","",16000,1,"","",2,1,0,1,"","","","","","","","","","",3,1,"","","","","","","","","","","","","","","","","","","","","","","","","","","","","","","","","","","","","","","","","","","","","","","","","","","","","",""
"83069002","PORQUEROLLES",43.,6.226833,135,1981100100,"","","","",8.,1,100,1,"","","","","","","","","","","","","","","","","","","","","","","","","","","","",17.2,1,14.9,1,"","","","","","","","","","","","","","","","","","","","","","","","","","",89,1,"","","","","","","","","","","","",17.5,1,1014.3,1,"","","","","","","","","","","","","","","","","","","","","","","","","","","","","","","","","","","","","","","","","","","","","","","","","","","","","","","","","","","","","","","","","","","","","","","","","","","","","","","","","","","","","","","","","","","","","","","","","","","","","","","","","","","","","","","","","",""
"83069002","PORQUEROLLES",43.,6.226833,135,1981100103,"","","","",7.,1,100,1,"","","","","","","","","","","","","","","","","","","","","","","","","","","","",17.,1,13.9,1,"","","","","","","","","","","","","","","","","","","","","","","","","","",85,1,"","","","","","","","","","","","",16.4,1,1013.6,1,"","","","","","",2,1,0,1,0,1,0,1,2,1,"","","","","","","","","","","","","","","","","","","","","","","","",18000,1,"","",0,1,"","","","","","","","","","","","",3,1,"","","","","","","","","","","","","","","","","","","","","","","","","","","","","","","","","","","","","","","","","","","","","","","","","","","","","",""
"83069002","PORQUEROLLES",43.,6.226833,135,1981100106,"","","","",8.,1,80,1,"","","","","","","","","","","","","","","","","","","","","","","","","","","","",17.,1,13.1,1,"","","","","","","","","","","","","","","","","","","","","","","","","","",80,1,"","","","","","","","","","","","",15.5,1,1013.6,1,"","","","","","",6,1,6,1,8,1,0,1,0,1,"","","","","","","","","","","","","","","","","","","","","","","","",12000,1,"","",3,1,1,1,"","",0,1,"","","","","","",3,1,110,1,"","","","","","","","","","","","","","","","","","","","","","","","","","","","","","","","","","","","","","","","","","","","","","","","","","","",""
"83069002","PORQUEROLLES",43.,6.226833,135,1981100109,"","","","",9.,1,120,1,"","","","","","","","","","","","","","","","","","","","","","","","","","","","",19.,1,14.3,1,"","","","","","","","","","","","","","","","","","","","","","","","","","",76,1,"","","","","","","","","","","","",16.8,1,1012.6,1,"","","","","","",6,1,6,1,8,1,0,1,0,1,"","","","","","","","","","","","","","","","","","","","","","","","",12000,1,"","",2,1,1,1,"","","","","","","","","","",3,1,90,1,"","","","","","","","","","","","","","","","","","","","","","","","","","","","","","","","","","","","","","","","","","","","","","","","","","","",""
"83069002","PORQUEROLLES",43.,6.226833,135,1981100112,"","","","",9.,1,120,1,"","","","","","","","","","","","","","","","","","","","","","","","","","","","",20.7,1,14.5,1,"","","","","","","","","","","","","","","","","","","","","","","","","","",70,1,"","","","","","","","","","","","",17.,1,1011.7,1,"","","","","","",7,1,6,1,8,1,3,1,0,1,"","","","","","","","","","","","","","","","","","","","","","","","",15000,1,"","",3,1,2,1,"","","","","","","","","","",3,1,90,1,"","","","","","","","","","","","","","","","","","","","","","","","","","","","","","","","","","","","","","","","","","","","","","","","","","","",""
"83069002","PORQUEROLLES",43.,6.226833,135,1981100115,"","","","",10.,1,120,1,"","","","","","","","","","","","","","","","","","","","","","","","","","","","",18.,1,15.8,1,"","","","","","","","","","","","","","","","","","","","","","","","","","",90,1,"","","","","","","","","","","","",18.6,1,1010.6,1,"","","","","","",8,1,8,1,7,1,7,1,"","","","","","","","","","","","","","","","","","","","","","","","","","",15000,1,"","",3,1,2,1,"","","","","","","","","","",3,1,90,1,"","","","","","","","","","","","","","","","","","","","","","","","","","","","","","","","","","","","","","","","","","","","","","","","","","","",""
"83069002","PORQUEROLLES",43.,6.226833,135,1981100118,"","","","",9.,1,80,1,"","","","","","","","","","","","","","","","","","","","","","","","","","","","",17.8,1,12.1,1,"","","","","","","","","","","","","","","","","","","","","","","","","","",71,1,"","","","","","","","","","","","",14.5,1,1009.3,1,"","","","","","",8,1,6,1,5,1,7,1,"","","","","","","","","","","","","","","","","","","","","","","","","","","","","","",4,1,2,1,"","","","","","","","","","",3,1,90,1,"","","","","","","","","","","","","","","","","","","","","","","","","","","","","","","","","","","","","","","","","","","","","","","","","","","",""
"83069002","PORQUEROLLES",43.,6.226833,135,1981100121,"","","","",13.,1,100,1,"","","","","","","","","","","","","","","","","","","","","","","","","","","","",18.2,1,14.8,1,"","","","","","","","","","","","","","","","","","","","","","","","","","",83,1,"","","","","","","","","","","","",17.4,1,1007.5,1,"","","","","","",8,1,8,1,0,1,7,1,"","","","","","","","","","","","","","","","","","","","","","","","","","",18000,1,"","",2,1,2,1,"","","","","","","","","","",4,1,90,1,"","","","","","","","","","","","","","","","","","","","","","","","","","","","","","","","","","","","","","","","","","","","","","","","","","","",""
"83069002","PORQUEROLLES",43.,6.226833,135,1981100200,"","","","",12.,1,100,1,"","","","","","","","","","","","","","","","","","","","","","","","","","","","",16.,1,15.2,1,"","","","","","","","","","","","","","","","","","","","","","","","","","",98,1,"","","","","","","","","","","","",17.8,1,1003.3,1,"","","","","","","","","","","","","","","","","","","","","","","","","","","","","","","","","","","","","","","","","","","","","","","","","","","","","","","","","","","","","","","","","","","","","","","","","","","","","","","","","","","","","","","","","","","","","","","","","","","","","","","","","","","","","","","","","",""
"83069002","PORQUEROLLES",43.,6.226833,135,1981100203,"","","","",15.,1,80,1,"","","","","","","","","","","","","","","","","","","","","","","","","","","","",14.,1,14.,1,"","","","","","","","","","","","","","","","","","","","","","","","","","",100,1,"","","","","","","","","","","","",16.,1,1000.4,1,"","","","","","",8,1,8,1,7,1,"","","","","","","","","","","","","","","","","","","","","","","","","","","","",10000,1,"","",60,1,"","","","","","","","","","","","",4,1,270,1,"","","","","","","","","","","","","","","","","","","","","","","","","","","","","","","","","","","","","","","","","","","","","","","","","","","",""
"83069002","PORQUEROLLES",43.,6.226833,135,1981100206,"","","","",7.,1,280,1,"","","","","","","","","","","","","","","","","","","","","","","","","","","","",16.,1,13.9,1,"","","","","","","","","","","","","","","","","","","","","","","","","","",90,1,"","","","","","","","","","","","",16.3,1,1001.3,1,"","","","","","",7,1,5,1,9,1,7,1,"","","","","","","","","","","","","","","","","","","","","","","","","","",20000,1,"","",1,1,6,1,"","",0,1,"","","","","","",3,1,270,1,"","","","","","","","","","","","","","","","","","","","","","","","","","","","","","","","","","","","","","","","","","","","","","","","","","","",""
"83069002","PORQUEROLLES",43.,6.226833,135,1981100209,"","","","",10.,1,280,1,"","","","","","","","","","","","","","","","","","","","","","","","","","","","",15.4,1,14.6,1,"","","","","","","","","","","","","","","","","","","","","","","","","","",98,1,"","","","","","","","","","","","",17.1,1,1001.3,1,"","","","","","",5,1,0,1,6,1,0,1,2,1,"","","","","","","","","","","","","","","","","","","","","","","","",25000,1,"","",1,1,2,1,"","","","","","","","","","",3,1,270,1,"","","","","","","","","","","","","","","","","","","","","","","","","","","","","","","","","","","","","","","","","","","","","","","","","","","",""
"83069002","PORQUEROLLES",43.,6.226833,135,1981100212,"","","","",9.,1,280,1,"","","","","","","","","","","","","","","","","","","","","","","","","","","","",18.8,1,13.6,1,"","","","","","","","","","","","","","","","","","","","","","","","","","",74,1,"","","","","","","","","","","","",16.,1,1001.9,1,"","","","","","",4,1,0,1,2,1,0,1,2,1,"","","","","","","","","","","","","","","","","","","","","","","","",20000,1,"","",1,1,1,1,"","","","","","","","","","",3,1,270,1,"","","","","","","","","","","","","","","","","","","","","","","","","","","","","","","","","","","","","","","","","","","","","","","","","","","",""
"83069002","PORQUEROLLES",43.,6.226833,135,1981100215,"","","","",11.,1,280,1,"","","","","","","","","","","","","","","","","","","","","","","","","","","","",19.5,1,13.,1,"","","","","","","","","","","","","","","","","","","","","","","","","","",68,1,"","","","","","","","","","","","",15.4,1,1001.9,1,"","","","","","",3,1,0,1,2,1,0,1,2,1,"","","","","","","","","","","","","","","","","","","","","","","","",20000,1,"","",1,1,0,1,"","","","","","","","","","",4,1,270,1,"","","","","","","","","","","","","","","","","","","","","","","","","","","","","","","","","","","","","","","","","","","","","","","","","","","",""
"83069002","PORQUEROLLES",43.,6.226833,135,1981100218,"","","","",8.,1,340,1,"","","","","","","","","","","","","","","","","","","","","","","","","","","","",17.6,1,11.6,1,"","","","","","","","","","","","","","","","","","","","","","","","","","",70,1,"","","","","","","","","","","","",14.,1,1003.9,1,"","","","","","",2,1,0,1,2,1,0,1,0,1,"","","","","","","","","","","","","","","","","","","","","","","","",30000,1,"","",1,1,0,1,"","","","","","","","","","",3,1,270,1,"","","","","","","","","","","","","","","","","","","","","","","","","","","","","","","","","","","","","","","","","","","","","","","","","","","",""
"83069002","PORQUEROLLES",43.,6.226833,135,1981100221,"","","","",12.,1,320,1,"","","","","","","","","","","","","","","","","","","","","","","","","","","","",16.6,1,12.3,1,"","","","","","","","","","","","","","","","","","","","","","","","","","",78,1,"","","","","","","","","","","","",14.7,1,1005.5,1,"","","","","","",0,1,"","",0,1,0,1,0,1,"","","","","","","","","","","","","","","","","","","","","","","","",30000,1,"","",1,1,0,1,"","","","","","","","","","",4,1,270,1,"","","","","","","","","","","","","","","","","","","","","","","","","","","","","","","","","","","","","","","","","","","","","","","","","","","",""
"83069002","PORQUEROLLES",43.,6.226833,135,1981100300,"","","","",7.,1,300,1,"","","","","","","","","","","","","","","","","","","","","","","","","","","","",15.4,1,8.1,1,"","","","","","","","","","","","","","","","","","","","","","","","","","",63,1,"","","","","","","","","","","","",11.,1,1005.5,1,"","","","","","","","","","","","","","","","","","","","","","","","","","","","","","","","","","","","","","","","","","","","","","","","","","","","","","","","","","","","","","","","","","","","","","","","","","","","","","","","","","","","","","","","","","","","","","","","","","","","","","","","","","","","","","","","","",""
"83069002","PORQUEROLLES",43.,6.226833,135,1981100303,"","","","",8.,1,300,1,"","","","","","","","","","","","","","","","","","","","","","","","","","","","",15.,1,9.6,1,"","","","","","","","","","","","","","","","","","","","","","","","","","",72,1,"","","","","","","","","","","","",12.2,1,1005.6,1,"","","","","","",3,1,0,1,0,1,0,1,2,1,"","","","","","","","","","","","","","","","","","","","","","","","",30000,1,"","",0,1,"","","","","","","","","","","","",4,1,270,1,"","","","","","","","","","","","","","","","","","","","","","","","","","","","","","","","","","","","","","","","","","","","","","","","","","","",""
"83069002","PORQUEROLLES",43.,6.226833,135,1981100306,"","","","",3.,1,280,1,"","","","","","","","","","","","","","","","","","","","","","","","","","","","",14.4,1,9.2,1,"","","","","","","","","","","","","","","","","","","","","","","","","","",73,1,"","","","","","","","","","","","",11.9,1,1005.6,1,"","","","","","",6,1,6,1,0,1,7,1,0,1,"","","","","","","","","","","","","","","","","","","","","","","","",30000,1,"","",3,1,1,1,"","",0,1,"","","","","","",3,1,270,1,"","","","","","","","","","","","","","","","","","","","","","","","","","","","","","","","","","","","","","","","","","","","","","","","","","","",""
"83069002","PORQUEROLLES",43.,6.226833,135,1981100309,"","","","",2.,1,180,1,"","","","","","","","","","","","","","","","","","","","","","","","","","","","",18.,1,13.2,1,"","","","","","","","","","","","","","","","","","","","","","","","","","",76,1,"","","","","","","","","","","","",15.6,1,1005.4,1,"","","","","","",7,1,5,1,0,1,7,1,2,1,"","","","","","","","","","","","","","","","","","","","","","","","",30000,1,"","",3,1,2,1,"","","","","","","","","","",3,1,270,1,"","","","","","","","","","","","","","","","","","","","","","","","","","","","","","","","","","","","","","","","","","","","","","","","","","","",""
"83069002","PORQUEROLLES",43.,6.226833,135,1981100312,"","","","",10.,1,160,1,"","","","","","","","","","","","","","","","","","","","","","","","","","","","",21.5,1,17.8,1,"","","","","","","","","","","","","","","","","","","","","","","","","","",82,1,"","","","","","","","","","","","",21.1,1,1003.7,1,"","","","","","",3,1,0,1,2,1,4,1,2,1,"","","","","","","","","","","","","","","","","","","","","","","","",20000,1,"","",1,1,1,1,"","","","","","","","","","",3,1,270,1,"","","","","","","","","","","","","","","","","","","","","","","","","","","","","","","","","","","","","","","","","","","","","","","","","","","",""
"83069002","PORQUEROLLES",43.,6.226833,135,1981100315,"","","","",7.,1,220,1,"","","","","","","","","","","","","","","","","","","","","","","","","","","","",20.5,1,15.8,1,"","","","","","","","","","","","","","","","","","","","","","","","","","",77,1,"","","","","","","","","","","","",18.6,1,1002.3,1,"","","","","","",8,1,8,1,5,1,"","","","","","","","","","","","","","","","","","","","","","","","","","","","",15000,1,"","",3,1,1,1,"","","","","","","","","","",4,1,170,1,"","","","","","","","","","","","","","","","","","","","","","","","","","","","","","","","","","","","","","","","","","","","","","","","","","","",""
"83069002","PORQUEROLLES",43.,6.226833,135,1981100318,"","","","",10.,1,280,1,"","","","","","","","","","","","","","","","","","","","","","","","","","","","",18.7,1,16.2,1,"","","","","","","","","","","","","","","","","","","","","","","","","","",88,1,"","","","","","","","","","","","",19.,1,1001.6,1,"","","","","","",6,1,6,1,5,1,7,1,0,1,"","","","","","","","","","","","","","","","","","","","","","","","",10000,1,"","",21,1,6,1,"","","","","","","","","","",4,1,230,1,"","","","","","","","","","","","","","","","","","","","","","","","","","","","","","","","","","","","","","","","","","","","","","","","","","","",""
"83069002","PORQUEROLLES",43.,6.226833,135,1981100321,"","","","",12.,1,300,1,"","","","","","","","","","","","","","","","","","","","","","","","","","","","",18.2,1,12.9,1,"","","","","","","","","","","","","","","","","","","","","","","","","","",73,1,"","","","","","","","","","","","",15.3,1,1005.6,1,"","","","","","",2,1,0,1,0,1,0,1,2,1,"","","","","","","","","","","","","","","","","","","","","","","","",15000,1,"","",1,1,1,1,"","","","","","","","","","",4,1,"","","","","","","","","","","","","","","","","","","","","","","","","","","","","","","","","","","","","","","","","","","","","","","","","","","","","",""
"83069002","PORQUEROLLES",43.,6.226833,135,1981100400,"","","","",5.,1,320,1,"","","","","","","","","","","","","","","","","","","","","","","","","","","","",16.4,1,5.7,1,"","","","","","","","","","","","","","","","","","","","","","","","","","",50,1,"","","","","","","","","","","","",9.3,1,1007.2,1,"","","","","","","","","","","","","","","","","","","","","","","","","","","","","","","","","","","","","","","","","","","","","","","","","","","","","","","","","","","","","","","","","","","","","","","","","","","","","","","","","","","","","","","","","","","","","","","","","","","","","","","","","","","","","","","","","",""
"83069002","PORQUEROLLES",43.,6.226833,135,1981100403,"","","","",5.,1,340,1,"","","","","","","","","","","","","","","","","","","","","","","","","","","","",17.,1,7.7,1,"","","","","","","","","","","","","","","","","","","","","","","","","","",55,1,"","","","","","","","","","","","",10.7,1,1008.4,1,"","","","","","",1,1,0,1,0,1,0,1,1,1,"","","","","","","","","","","","","","","","","","","","","","","","",25000,1,"","",0,1,"","","","","","","","","","","","",4,1,"","","","","","","","","","","","","","","","","","","","","","","","","","","","","","","","","","","","","","","","","","","","","","","","","","","","","",""
"83069002","PORQUEROLLES",43.,6.226833,135,1981100406,"","","","",5.,1,300,1,"","","","","","","","","","","","","","","","","","","","","","","","","","","","",17.,1,10.7,1,"","","","","","","","","","","","","","","","","","","","","","","","","","",68,1,"","","","","","","","","","","","",13.2,1,1010.2,1,"","","","","","",3,1,0,1,0,1,0,1,2,1,"","","","","","","","","","","","","","","","","","","","","","","","",35000,1,"","",3,1,0,1,"","",0,1,"","","","","","",3,1,210,1,"","","","","","","","","","","","","","","","","","","","","","","","","","","","","","","","","","","","","","","","","","","","","","","","","","","",""
"83069002","PORQUEROLLES",43.,6.226833,135,1981100409,"","","","",5.,1,280,1,"","","","","","","","","","","","","","","","","","","","","","","","","","","","",18.5,1,12.9,1,"","","","","","","","","","","","","","","","","","","","","","","","","","",72,1,"","","","","","","","","","","","",15.3,1,1012.6,1,"","","","","","",7,1,7,1,5,1,"","","","","","","","","","","","","","","","","","","","","","","","","","","","",35000,1,"","",3,1,2,1,"","","","","","","","","","",3,1,230,1,"","","","","","","","","","","","","","","","","","","","","","","","","","","","","","","","","","","","","","","","","","","","","","","","","","","",""
"83069002","PORQUEROLLES",43.,6.226833,135,1981100412,"","","","",0.,1,0,1,"","","","","","","","","","","","","","","","","","","","","","","","","","","","",19.7,1,13.3,1,"","","","","","","","","","","","","","","","","","","","","","","","","","",68,1,"","","","","","","","","","","","",15.7,1,1012.9,1,"","","","","","",8,1,8,1,0,1,7,1,"","","","","","","","","","","","","","","","","","","","","","","","","","",40000,1,"","",3,1,2,1,"","","","","","","","","","",3,1,230,1,"","","","","","","","","","","","","","","","","","","","","","","","","","","","","","","","","","","","","","","","","","","","","","","","","","","",""
"83069002","PORQUEROLLES",43.,6.226833,135,1981100415,"","","","",0.,1,0,1,"","","","","","","","","","","","","","","","","","","","","","","","","","","","",19.5,1,13.9,1,"","","","","","","","","","","","","","","","","","","","","","","","","","",72,1,"","","","","","","","","","","","",16.4,1,1012.5,1,"","","","","","",8,1,8,1,5,1,"","","","","","","","","","","","","","","","","","","","","","","","","","","","",40000,1,"","",2,1,2,1,"","","","","","","","","","",2,1,230,1,"","","","","","","","","","","","","","","","","","","","","","","","","","","","","","","","","","","","","","","","","","","","","","","","","","","",""
"83069002","PORQUEROLLES",43.,6.226833,135,1981100418,"","","","",4.,1,120,1,"","","","","","","","","","","","","","","","","","","","","","","","","","","","",18.5,1,15.5,1,"","","","","","","","","","","","","","","","","","","","","","","","","","",85,1,"","","","","","","","","","","","",18.2,1,1012.8,1,"","","","","","",8,1,8,1,5,1,"","","","","","","","","","","","","","","","","","","","","","","","","","","","",30000,1,"","",2,1,2,1,"","","","","","","","","","",2,1,230,1,"","","","","","","","","","","","","","","","","","","","","","","","","","","","","","","","","","","","","","","","","","","","","","","","","","","",""
"83069002","PORQUEROLLES",43.,6.226833,135,1981100421,"","","","",4.,1,120,1,"","","","","","","","","","","","","","","","","","","","","","","","","","","","",19.,1,17.5,1,"","","","","","","","","","","","","","","","","","","","","","","","","","",94,1,"","","","","","","","","","","","",20.7,1,1013.6,1,"","","","","","",8,1,8,1,5,1,"","","","","","","","","","","","","","","","","","","","","","","","","","","","",20000,1,"","",2,1,2,1,"","","","","","","","","","",2,1,230,1,"","","","","","","","","","","","","","","","","","","","","","","","","","","","","","","","","","","","","","","","","","","","","","","","","","","",""
"83069002","PORQUEROLLES",43.,6.226833,135,1981100500,"","","","",5.,1,160,1,"","","","","","","","","","","","","","","","","","","","","","","","","","","","",19.,1,19.,1,"","","","","","","","","","","","","","","","","","","","","","","","","","",100,1,"","","","","","","","","","","","",22.,1,1015.1,1,"","","","","","","","","","","","","","","","","","","","","","","","","","","","","","","","","","","","","","","","","","","","","","","","","","","","","","","","","","","","","","","","","","","","","","","","","","","","","","","","","","","","","","","","","","","","","","","","","","","","","","","","","","","","","","","","","",""
"83069002","PORQUEROLLES",43.,6.226833,135,1981100503,"","","","",4.,1,60,1,"","","","","","","","","","","","","","","","","","","","","","","","","","","","",19.5,1,19.5,1,"","","","","","","","","","","","","","","","","","","","","","","","","","",100,1,"","","","","","","","","","","","",22.6,1,1014.,1,"","","","","","",8,1,8,1,5,1,"","","","","","","","","","","","","","","","","","","","","","","","","","","","",15000,1,"","",0,1,"","","","","","","","","","","","",2,1,"","","","","","","","","","","","","","","","","","","","","","","","","","","","","","","","","","","","","","","","","","","","","","","","","","","","","",""
"83069002","PORQUEROLLES",43.,6.226833,135,1981100506,"","","","",3.,1,120,1,"","","","","","","","","","","","","","","","","","","","","","","","","","","","",19.,1,19.,1,"","","","","","","","","","","","","","","","","","","","","","","","","","",100,1,"","","","","","","","","","","","",22.,1,1014.7,1,"","","","","","",8,1,8,1,6,1,"","","","","","","","","","","","","","","","","","","","","","","","","","","","",5000,1,"","",2,1,2,1,"","",0,1,"","","","","","",2,1,150,1,"","","","","","","","","","","","","","","","","","","","","","","","","","","","","","","","","","","","","","","","","","","","","","","","","","","",""
"83069002","PORQUEROLLES",43.,6.226833,135,1981100509,"","","","",3.,1,120,1,"","","","","","","","","","","","","","","","","","","","","","","","","","","","",20.1,1,18.7,1,"","","","","","","","","","","","","","","","","","","","","","","","","","",95,1,"","","","","","","","","","","","",22.4,1,1015.9,1,"","","","","","",6,1,6,1,2,1,0,1,2,1,"","","","","","","","","","","","","","","","","","","","","","","","",15000,1,"","",1,1,2,1,"","","","","","","","","","",2,1,0,1,"","","","","","","","","","","","","","","","","","","","","","","","","","","","","","","","","","","","","","","","","","","","","","","","","","","",""
"83069002","PORQUEROLLES",43.,6.226833,135,1981100512,"","","","",6.,1,120,1,"","","","","","","","","","","","","","","","","","","","","","","","","","","","",20.7,1,18.3,1,"","","","","","","","","","","","","","","","","","","","","","","","","","",89,1,"","","","","","","","","","","","",21.8,1,1015.9,1,"","","","","","",7,1,6,1,3,1,0,1,2,1,"","","","","","","","","","","","","","","","","","","","","","","","",8000,1,"","",3,1,2,1,"","","","","","","","","","",2,1,0,1,"","","","","","","","","","","","","","","","","","","","","","","","","","","","","","","","","","","","","","","","","","","","","","","","","","","",""
"83069002","PORQUEROLLES",43.,6.226833,135,1981100515,"","","","",6.,1,140,1,"","","","","","","","","","","","","","","","","","","","","","","","","","","","",21.,1,19.3,1,"","","","","","","","","","","","","","","","","","","","","","","","","","",93,1,"","","","","","","","","","","","",23.2,1,1015.1,1,"","","","","","",7,1,6,1,2,1,0,1,2,1,"","","","","","","","","","","","","","","","","","","","","","","","",8000,1,"","",1,1,2,1,"","","","","","","","","","",2,1,0,1,"","","","","","","","","","","","","","","","","","","","","","","","","","","","","","","","","","","","","","","","","","","","","","","","","","","",""
"83069002","PORQUEROLLES",43.,6.226833,135,1981100518,"","","","",10.,1,100,1,"","","","","","","","","","","","","","","","","","","","","","","","","","","","",18.7,1,17.2,1,"","","","","","","","","","","","","","","","","","","","","","","","","","",94,1,"","","","","","","","","","","","",20.3,1,1014.8,1,"","","","","","",6,1,6,1,6,1,0,1,2,1,"","","","","","","","","","","","","","","","","","","","","","","","",12000,1,"","",3,1,2,1,"","","","","","","","","","",3,1,110,1,"","","","","","","","","","","","","","","","","","","","","","","","","","","","","","","","","","","","","","","","","","","","","","","","","","","",""
"83069002","PORQUEROLLES",43.,6.226833,135,1981100521,"","","","",14.,1,100,1,"","","","","","","","","","","","","","","","","","","","","","","","","","","","",18.9,1,17.6,1,"","","","","","","","","","","","","","","","","","","","","","","","","","",95,1,"","","","","","","","","","","","",20.8,1,1014.4,1,"","","","","","",5,1,0,1,6,1,0,1,2,1,"","","","","","","","","","","","","","","","","","","","","","","","",12000,1,"","",2,1,2,1,"","","","","","","","","","",3,1,110,1,"","","","","","","","","","","","","","","","","","","","","","","","","","","","","","","","","","","","","","","","","","","","","","","","","","","",""
"83069002","PORQUEROLLES",43.,6.226833,135,1981100600,"","","","",17.,1,120,1,"","","","","","","","","","","","","","","","","","","","","","","","","","","","",20.,1,18.7,1,"","","","","","","","","","","","","","","","","","","","","","","","","","",95,1,"","","","","","","","","","","","",22.4,1,1014.1,1,"","","","","","","","","","","","","","","","","","","","","","","","","","","","","","","","","","","","","","","","","","","","","","","","","","","","","","","","","","","","","","","","","","","","","","","","","","","","","","","","","","","","","","","","","","","","","","","","","","","","","","","","","","","","","","","","","",""
"83069002","PORQUEROLLES",43.,6.226833,135,1981100603,"","","","",22.,1,120,1,"","","","","","","","","","","","","","","","","","","","","","","","","","","","",19.5,1,17.3,1,"","","","","","","","","","","","","","","","","","","","","","","","","","",91,1,"","","","","","","","","","","","",20.5,1,1010.5,1,"","","","","","",8,1,8,1,6,1,"","","","","","","","","","","","","","","","","","","","","","","","","","","","",12000,1,"","",0,1,"","","","","","","","","","","","",4,1,110,1,"","","","","","","","","","","","","","","","","","","","","","","","","","","","","","","","","","","","","","","","","","","","","","","","","","","",""
"83069002","PORQUEROLLES",43.,6.226833,135,1981100606,"","","","",17.,1,100,1,"","","","","","","","","","","","","","","","","","","","","","","","","","","","",19.5,1,17.9,1,"","","","","","","","","","","","","","","","","","","","","","","","","","",94,1,"","","","","","","","","","","","",21.3,1,1013.2,1,"","","","","","",8,1,8,1,6,1,"","","","","","","","","","","","","","","","","","","","","","","","","","","","",4000,1,"","",10,1,2,1,"","","","","","","","","","",4,1,110,1,"","","","","","","","","","","","","","","","","","","","","","","","","","","","","","","","","","","","","","","","","","","","","","","","","","","",""
"83069002","PORQUEROLLES",43.,6.226833,135,1981100609,"","","","",17.,1,100,1,"","","","","","","","","","","","","","","","","","","","","","","","","","","","",21.,1,18.2,1,"","","","","","","","","","","","","","","","","","","","","","","","","","",87,1,"","","","","","","","","","","","",21.7,1,1014.7,1,"","","","","","",7,1,7,1,6,1,"","","","","","","","","","","","","","","","","","","","","","","","","","","","",4000,1,"","",10,1,2,1,"","","","","","","","","","",4,1,110,1,"","","","","","","","","","","","","","","","","","","","","","","","","","","","","","","","","","","","","","","","","","","","","","","","","","","",""
"83069002","PORQUEROLLES",43.,6.226833,135,1981100612,"","","","",18.,1,100,1,"","","","","","","","","","","","","","","","","","","","","","","","","","","","",23.8,1,19.2,1,"","","","","","","","","","","","","","","","","","","","","","","","","","",78,1,"","","","","","","","","","","","",23.1,1,1014.8,1,"","","","","","",6,1,6,1,6,1,0,1,0,1,"","","","","","","","","","","","","","","","","","","","","","","","",4000,1,"","",10,1,2,1,"","","","","","","","","","",4,1,110,1,"","","","","","","","","","","","","","","","","","","","","","","","","","","","","","","","","","","","","","","","","","","","","","","","","","","",""
"83069002","PORQUEROLLES",43.,6.226833,135,1981100615,"","","","",14.,1,120,1,"","","","","","","","","","","","","","","","","","","","","","","","","","","","",23.4,1,18.8,1,"","","","","","","","","","","","","","","","","","","","","","","","","","",78,1,"","","","","","","","","","","","",22.5,1,1015.2,1,"","","","","","",7,1,7,1,6,1,"","","","","","","","","","","","","","","","","","","","","","","","","","","","",4000,1,"","",10,1,2,1,"","","","","","","","","","",4,1,110,1,"","","","","","","","","","","","","","","","","","","","","","","","","","","","","","","","","","","","","","","","","","","","","","","","","","","",""
"83069002","PORQUEROLLES",43.,6.226833,135,1981100618,"","","","",10.,1,120,1,"","","","","","","","","","","","","","","","","","","","","","","","","","","","",19.,1,18.1,1,"","","","","","","","","","","","","","","","","","","","","","","","","","",98,1,"","","","","","","","","","","","",21.6,1,1017.2,1,"","","","","","",6,1,6,1,6,1,0,1,0,1,"","","","","","","","","","","","","","","","","","","","","","","","",4000,1,"","",10,1,2,1,"","","","","","","","","","",4,1,110,1,"","","","","","","","","","","","","","","","","","","","","","","","","","","","","","","","","","","","","","","","","","","","","","","","","","","",""
"83069002","PORQUEROLLES",43.,6.226833,135,1981100621,"","","","",8.,1,140,1,"","","","","","","","","","","","","","","","","","","","","","","","","","","","",18.2,1,17.3,1,"","","","","","","","","","","","","","","","","","","","","","","","","","",98,1,"","","","","","","","","","","","",20.5,1,1018.6,1,"","","","","","",6,1,6,1,6,1,0,1,0,1,"","","","","","","","","","","","","","","","","","","","","","","","",4000,1,"","",10,1,2,1,"","","","","","","","","","",3,1,"","","","","","","","","","","","","","","","","","","","","","","","","","","","","","","","","","","","","","","","","","","","","","","","","","","","","",""
"83069002","PORQUEROLLES",43.,6.226833,135,1981100700,"","","","",1.,1,120,1,"","","","","","","","","","","","","","","","","","","","","","","","","","","","",19.1,1,18.2,1,"","","","","","","","","","","","","","","","","","","","","","","","","","",98,1,"","","","","","","","","","","","",21.7,1,1018.8,1,"","","","","","","","","","","","","","","","","","","","","","","","","","","","","","","","","","","","","","","","","","","","","","","","","","","","","","","","","","","","","","","","","","","","","","","","","","","","","","","","","","","","","","","","","","","","","","","","","","","","","","","","","","","","","","","","","",""
"83069002","PORQUEROLLES",43.,6.226833,135,1981100703,"","","","",0.,1,0,1,"","","","","","","","","","","","","","","","","","","","","","","","","","","","",18.7,1,18.7,1,"","","","","","","","","","","","","","","","","","","","","","","","","","",100,1,"","","","","","","","","","","","",21.6,1,1018.8,1,"","","","","","",8,1,8,1,6,1,"","","","","","","","","","","","","","","","","","","","","","","","","","","","",2000,1,"","",10,1,"","","","","","","","","","","","",3,1,"","","","","","","","","","","","","","","","","","","","","","","","","","","","","","","","","","","","","","","","","","","","","","","","","","","","","",""
"83069002","PORQUEROLLES",43.,6.226833,135,1981100706,"","","","",3.,1,300,1,"","","","","","","","","","","","","","","","","","","","","","","","","","","","",18.,1,17.1,1,"","","","","","","","","","","","","","","","","","","","","","","","","","",98,1,"","","","","","","","","","","","",20.2,1,1019.6,1,"","","","","","",7,1,7,1,6,1,"","","","","","","","","","","","","","","","","","","","","","","","","","","","",4000,1,"","",10,1,2,1,"","",0,1,"","","","","","",3,1,130,1,"","","","","","","","","","","","","","","","","","","","","","","","","","","","","","","","","","","","","","","","","","","","","","","","","","","",""
"83069002","PORQUEROLLES",43.,6.226833,135,1981100709,"","","","",5.,1,300,1,"","","","","","","","","","","","","","","","","","","","","","","","","","","","",20.5,1,16.7,1,"","","","","","","","","","","","","","","","","","","","","","","","","","",82,1,"","","","","","","","","","","","",19.7,1,1021.2,1,"","","","","","",2,1,0,1,0,1,0,1,4,1,"","","","","","","","","","","","","","","","","","","","","","","","",6000,1,"","",1,1,1,1,"","","","","","","","","","",3,1,230,1,"","","","","","","","","","","","","","","","","","","","","","","","","","","","","","","","","","","","","","","","","","","","","","","","","","","",""
"83069002","PORQUEROLLES",43.,6.226833,135,1981100712,"","","","",5.,1,260,1,"","","","","","","","","","","","","","","","","","","","","","","","","","","","",24.4,1,15.8,1,"","","","","","","","","","","","","","","","","","","","","","","","","","",61,1,"","","","","","","","","","","","",18.5,1,1020.9,1,"","","","","","",1,1,0,1,0,1,0,1,1,1,"","","","","","","","","","","","","","","","","","","","","","","","",15000,1,"","",1,1,1,1,"","","","","","","","","","",3,1,270,1,"","","","","","","","","","","","","","","","","","","","","","","","","","","","","","","","","","","","","","","","","","","","","","","","","","","",""
"83069002","PORQUEROLLES",43.,6.226833,135,1981100715,"","","","",8.,1,260,1,"","","","","","","","","","","","","","","","","","","","","","","","","","","","",24.4,1,13.9,1,"","","","","","","","","","","","","","","","","","","","","","","","","","",54,1,"","","","","","","","","","","","",16.4,1,1020.9,1,"","","","","","",1,1,0,1,0,1,0,1,1,1,"","","","","","","","","","","","","","","","","","","","","","","","",20000,1,"","",2,1,0,1,"","","","","","","","","","",3,1,270,1,"","","","","","","","","","","","","","","","","","","","","","","","","","","","","","","","","","","","","","","","","","","","","","","","","","","",""
"83069002","PORQUEROLLES",43.,6.226833,135,1981100718,"","","","",8.,1,280,1,"","","","","","","","","","","","","","","","","","","","","","","","","","","","",21.,1,11.8,1,"","","","","","","","","","","","","","","","","","","","","","","","","","",57,1,"","","","","","","","","","","","",14.2,1,1021.9,1,"","","","","","",1,1,0,1,0,1,4,1,0,1,"","","","","","","","","","","","","","","","","","","","","","","","",20000,1,"","",2,1,0,1,"","","","","","","","","","",3,1,270,1,"","","","","","","","","","","","","","","","","","","","","","","","","","","","","","","","","","","","","","","","","","","","","","","","","","","",""
"83069002","PORQUEROLLES",43.,6.226833,135,1981100721,"","","","",7.,1,280,1,"","","","","","","","","","","","","","","","","","","","","","","","","","","","",20.,1,12.,1,"","","","","","","","","","","","","","","","","","","","","","","","","","",62,1,"","","","","","","","","","","","",14.4,1,1022.6,1,"","","","","","",0,1,"","",0,1,0,1,0,1,"","","","","","","","","","","","","","","","","","","","","","","","",30000,1,"","",1,1,0,1,"","","","","","","","","","",3,1,270,1,"","","","","","","","","","","","","","","","","","","","","","","","","","","","","","","","","","","","","","","","","","","","","","","","","","","",""
"83069002","PORQUEROLLES",43.,6.226833,135,1981100800,"","","","",4.,1,340,1,"","","","","","","","","","","","","","","","","","","","","","","","","","","","",18.4,1,11.3,1,"","","","","","","","","","","","","","","","","","","","","","","","","","",65,1,"","","","","","","","","","","","",13.7,1,1022.6,1,"","","","","","","","","","","","","","","","","","","","","","","","","","","","","","","","","","","","","","","","","","","","","","","","","","","","","","","","","","","","","","","","","","","","","","","","","","","","","","","","","","","","","","","","","","","","","","","","","","","","","","","","","","","","","","","","","",""
"83069002","PORQUEROLLES",43.,6.226833,135,1981100803,"","","","",1.,1,360,1,"","","","","","","","","","","","","","","","","","","","","","","","","","","","",17.,1,12.2,1,"","","","","","","","","","","","","","","","","","","","","","","","","","",75,1,"","","","","","","","","","","","",14.5,1,1022.7,1,"","","","","","",0,1,"","",0,1,0,1,0,1,"","","","","","","","","","","","","","","","","","","","","","","","",30000,1,"","",0,1,"","","","","","","","","","","","",2,1,"","","","","","","","","","","","","","","","","","","","","","","","","","","","","","","","","","","","","","","","","","","","","","","","","","","","","",""
"83069002","PORQUEROLLES",43.,6.226833,135,1981100806,"","","","",1.,1,40,1,"","","","","","","","","","","","","","","","","","","","","","","","","","","","",16.2,1,9.9,1,"","","","","","","","","","","","","","","","","","","","","","","","","","",68,1,"","","","","","","","","","","","",12.4,1,1023.,1,"","","","","","",1,1,0,1,0,1,0,1,1,1,"","","","","","","","","","","","","","","","","","","","","","","","",30000,1,"","",3,1,0,1,"","",0,1,"","","","","","",2,1,0,1,"","","","","","","","","","","","","","","","","","","","","","","","","","","","","","","","","","","","","","","","","","","","","","","","","","","",""
"83069002","PORQUEROLLES",43.,6.226833,135,1981100809,"","","","",1.,1,40,1,"","","","","","","","","","","","","","","","","","","","","","","","","","","","",19.,1,10.4,1,"","","","","","","","","","","","","","","","","","","","","","","","","","",59,1,"","","","","","","","","","","","",12.9,1,1024.5,1,"","","","","","",2,1,0,1,1,1,4,1,0,1,"","","","","","","","","","","","","","","","","","","","","","","","",20000,1,"","",3,1,0,1,"","","","","","","","","","",2,1,0,1,"","","","","","","","","","","","","","","","","","","","","","","","","","","","","","","","","","","","","","","","","","","","","","","","","","","",""
"83069002","PORQUEROLLES",43.,6.226833,135,1981100812,"","","","",4.,1,140,1,"","","","","","","","","","","","","","","","","","","","","","","","","","","","",22.5,1,15.7,1,"","","","","","","","","","","","","","","","","","","","","","","","","","",67,1,"","","","","","","","","","","","",18.3,1,1023.5,1,"","","","","","",1,1,0,1,0,1,0,1,1,1,"","","","","","","","","","","","","","","","","","","","","","","","",25000,1,"","",1,1,0,1,"","","","","","","","","","",2,1,0,1,"","","","","","","","","","","","","","","","","","","","","","","","","","","","","","","","","","","","","","","","","","","","","","","","","","","",""
"83069002","PORQUEROLLES",43.,6.226833,135,1981100815,"","","","",2.,1,220,1,"","","","","","","","","","","","","","","","","","","","","","","","","","","","",22.,1,14.8,1,"","","","","","","","","","","","","","","","","","","","","","","","","","",65,1,"","","","","","","","","","","","",17.3,1,1022.9,1,"","","","","","",1,1,0,1,0,1,0,1,1,1,"","","","","","","","","","","","","","","","","","","","","","","","",20000,1,"","",2,1,0,1,"","","","","","","","","","",2,1,0,1,"","","","","","","","","","","","","","","","","","","","","","","","","","","","","","","","","","","","","","","","","","","","","","","","","","","",""
"83069002","PORQUEROLLES",43.,6.226833,135,1981100818,"","","","",1.,1,140,1,"","","","","","","","","","","","","","","","","","","","","","","","","","","","",18.,1,14.5,1,"","","","","","","","","","","","","","","","","","","","","","","","","","",83,1,"","","","","","","","","","","","",17.,1,1022.9,1,"","","","","","",2,1,0,1,0,1,0,1,4,1,"","","","","","","","","","","","","","","","","","","","","","","","",18000,1,"","",3,1,0,1,"","","","","","","","","","",2,1,0,1,"","","","","","","","","","","","","","","","","","","","","","","","","","","","","","","","","","","","","","","","","","","","","","","","","","","",""
"83069002","PORQUEROLLES",43.,6.226833,135,1981100821,"","","","",0.,1,0,1,"","","","","","","","","","","","","","","","","","","","","","","","","","","","",17.4,1,14.4,1,"","","","","","","","","","","","","","","","","","","","","","","","","","",85,1,"","","","","","","","","","","","",16.8,1,1023.6,1,"","","","","","",2,1,0,1,0,1,0,1,1,1,"","","","","","","","","","","","","","","","","","","","","","","","",18000,1,"","",1,1,0,1,"","","","","","","","","","",2,1,0,1,"","","","","","","","","","","","","","","","","","","","","","","","","","","","","","","","","","","","","","","","","","","","","","","","","","","",""
"83069002","PORQUEROLLES",43.,6.226833,135,1981100900,"","","","",0.,1,0,1,"","","","","","","","","","","","","","","","","","","","","","","","","","","","",17.,1,16.2,1,"","","","","","","","","","","","","","","","","","","","","","","","","","","","","","","","","","","","","","","","",19.,1,1022.9,1,"","","","","","","","","","","","","","","","","","","","","","","","","","","","","","","","","","","","","","","","","","","","","","","","","","","","","","","","","","","","","","","","","","","","","","","","","","","","","","","","","","","","","","","","","","","","","","","","","","","","","","","","","","","","","","","","","",""
"83069002","PORQUEROLLES",43.,6.226833,135,1981100903,"","","","",0.,1,0,1,"","","","","","","","","","","","","","","","","","","","","","","","","","","","",17.,1,16.1,1,"","","","","","","","","","","","","","","","","","","","","","","","","","",97,1,"","","","","","","","","","","","",18.8,1,1021.1,1,"","","","","","",3,1,0,1,0,1,0,1,1,1,"","","","","","","","","","","","","","","","","","","","","","","","",15000,1,"","",0,1,"","","","","","","","","","","","",2,1,0,1,"","","","","","","","","","","","","","","","","","","","","","","","","","","","","","","","","","","","","","","","","","","","","","","","","","","",""
"83069002","PORQUEROLLES",43.,6.226833,135,1981100906,"","","","",2.,1,100,1,"","","","","","","","","","","","","","","","","","","","","","","","","","","","",16.,1,15.2,1,"","","","","","","","","","","","","","","","","","","","","","","","","","",98,1,"","","","","","","","","","","","",17.8,1,1020.9,1,"","","","","","",4,1,0,1,0,1,8,1,0,1,"","","","","","","","","","","","","","","","","","","","","","","","",12000,1,"","",3,1,0,1,"","",0,1,"","","","","","",2,1,0,1,"","","","","","","","","","","","","","","","","","","","","","","","","","","","","","","","","","","","","","","","","","","","","","","","","","","",""
"83069002","PORQUEROLLES",43.,6.226833,135,1981100909,"","","","",5.,1,120,1,"","","","","","","","","","","","","","","","","","","","","","","","","","","","",18.5,1,16.4,1,"","","","","","","","","","","","","","","","","","","","","","","","","","",90,1,"","","","","","","","","","","","",19.2,1,1021.2,1,"","","","","","",7,1,0,1,8,1,8,1,"","","","","","","","","","","","","","","","","","","","","","","","","","",10000,1,"","",3,1,1,1,"","","","","","","","","","",2,1,0,1,"","","","","","","","","","","","","","","","","","","","","","","","","","","","","","","","","","","","","","","","","","","","","","","","","","","",""
"83069002","PORQUEROLLES",43.,6.226833,135,1981100912,"","","","",2.,1,120,1,"","","","","","","","","","","","","","","","","","","","","","","","","","","","",20.5,1,16.8,1,"","","","","","","","","","","","","","","","","","","","","","","","","","",82,1,"","","","","","","","","","","","",19.7,1,1021.1,1,"","","","","","",7,1,7,1,8,1,"","","","","","","","","","","","","","","","","","","","","","","","","","","","",10000,1,"","",2,1,1,1,"","","","","","","","","","",2,1,0,1,"","","","","","","","","","","","","","","","","","","","","","","","","","","","","","","","","","","","","","","","","","","","","","","","","","","",""
"83069002","PORQUEROLLES",43.,6.226833,135,1981100915,"","","","",2.,1,160,1,"","","","","","","","","","","","","","","","","","","","","","","","","","","","",20.3,1,16.9,1,"","","","","","","","","","","","","","","","","","","","","","","","","","",83,1,"","","","","","","","","","","","",19.9,1,1020.1,1,"","","","","","",6,1,6,1,8,1,0,1,0,1,"","","","","","","","","","","","","","","","","","","","","","","","",10000,1,"","",2,1,2,1,"","","","","","","","","","",2,1,0,1,"","","","","","","","","","","","","","","","","","","","","","","","","","","","","","","","","","","","","","","","","","","","","","","","","","","",""
"83069002","PORQUEROLLES",43.,6.226833,135,1981100918,"","","","",0.,1,0,1,"","","","","","","","","","","","","","","","","","","","","","","","","","","","",17.8,1,15.7,1,"","","","","","","","","","","","","","","","","","","","","","","","","","",90,1,"","","","","","","","","","","","",18.3,1,1019.3,1,"","","","","","",3,1,0,1,8,1,0,1,0,1,"","","","","","","","","","","","","","","","","","","","","","","","",10000,1,"","",1,1,1,1,"","","","","","","","","","",2,1,0,1,"","","","","","","","","","","","","","","","","","","","","","","","","","","","","","","","","","","","","","","","","","","","","","","","","","","",""
"83069002","PORQUEROLLES",43.,6.226833,135,1981100921,"","","","",1.,1,300,1,"","","","","","","","","","","","","","","","","","","","","","","","","","","","",17.2,1,16.4,1,"","","","","","","","","","","","","","","","","","","","","","","","","","",98,1,"","","","","","","","","","","","",19.2,1,1019.3,1,"","","","","","",2,1,0,1,0,1,0,1,2,1,"","","","","","","","","","","","","","","","","","","","","","","","",14000,1,"","",1,1,0,1,"","","","","","","","","","",2,1,"","","","","","","","","","","","","","","","","","","","","","","","","","","","","","","","","","","","","","","","","","","","","","","","","","","","","",""
"83069002","PORQUEROLLES",43.,6.226833,135,1981101000,"","","","",3.,1,280,1,"","","","","","","","","","","","","","","","","","","","","","","","","","","","",17.6,1,16.6,1,"","","","","","","","","","","","","","","","","","","","","","","","","","",98,1,"","","","","","","","","","","","",19.6,1,1018.4,1,"","","","","","","","","","","","","","","","","","","","","","","","","","","","","","","","","","","","","","","","","","","","","","","","","","","","","","","","","","","","","","","","","","","","","","","","","","","","","","","","","","","","","","","","","","","","","","","","","","","","","","","","","","","","","","","","","",""
"83069002","PORQUEROLLES",43.,6.226833,135,1981101003,"","","","",5.,1,280,1,"","","","","","","","","","","","","","","","","","","","","","","","","","","","",17.,1,13.9,1,"","","","","","","","","","","","","","","","","","","","","","","","","","",85,1,"","","","","","","","","","","","",16.4,1,1017.9,1,"","","","","","",1,1,0,1,0,1,0,1,2,1,"","","","","","","","","","","","","","","","","","","","","","","","",15000,1,"","",0,1,"","","","","","","","","","","","",3,1,"","","","","","","","","","","","","","","","","","","","","","","","","","","","","","","","","","","","","","","","","","","","","","","","","","","","","",""
"83069002","PORQUEROLLES",43.,6.226833,135,1981101006,"","","","",7.,1,300,1,"","","","","","","","","","","","","","","","","","","","","","","","","","","","",18.,1,14.1,1,"","","","","","","","","","","","","","","","","","","","","","","","","","",80,1,"","","","","","","","","","","","",16.6,1,1017.4,1,"","","","","","",6,1,6,1,0,1,8,1,0,1,"","","","","","","","","","","","","","","","","","","","","","","","",18000,1,"","",3,1,1,1,"","","","","","","","","","",3,1,270,1,"","","","","","","","","","","","","","","","","","","","","","","","","","","","","","","","","","","","","","","","","","","","","","","","","","","",""
"83069002","PORQUEROLLES",43.,6.226833,135,1981101009,"","","","",8.,1,280,1,"","","","","","","","","","","","","","","","","","","","","","","","","","","","",19.8,1,12.8,1,"","","","","","","","","","","","","","","","","","","","","","","","","","",67,1,"","","","","","","","","","","","",15.2,1,1017.7,1,"","","","","","",7,1,7,1,0,1,0,1,6,1,"","","","","","","","","","","","","","","","","","","","","","","","",18000,1,"","",3,1,2,1,"","","","","","","","","","",4,1,270,1,"","","","","","","","","","","","","","","","","","","","","","","","","","","","","","","","","","","","","","","","","","","","","","","","","","","",""
"83069002","PORQUEROLLES",43.,6.226833,135,1981101012,"","","","",9.,1,280,1,"","","","","","","","","","","","","","","","","","","","","","","","","","","","",20.2,1,9.6,1,"","","","","","","","","","","","","","","","","","","","","","","","","","",52,1,"","","","","","","","","","","","",12.2,1,1016.2,1,"","","","","","",8,1,8,1,0,1,5,1,"","","","","","","","","","","","","","","","","","","","","","","","","","",25000,1,"","",3,1,2,1,"","","","","","","","","","",4,1,270,1,"","","","","","","","","","","","","","","","","","","","","","","","","","","","","","","","","","","","","","","","","","","","","","","","","","","",""
"83069002","PORQUEROLLES",43.,6.226833,135,1981101015,"","","","",10.,1,280,1,"","","","","","","","","","","","","","","","","","","","","","","","","","","","",19.7,1,9.8,1,"","","","","","","","","","","","","","","","","","","","","","","","","","",54,1,"","","","","","","","","","","","",12.4,1,1015.5,1,"","","","","","",7,1,7,1,0,1,4,1,8,1,"","","","","","","","","","","","","","","","","","","","","","","","",25000,1,"","",1,1,2,1,"","","","","","","","","","",4,1,270,1,"","","","","","","","","","","","","","","","","","","","","","","","","","","","","","","","","","","","","","","","","","","","","","","","","","","",""
"83069002","PORQUEROLLES",43.,6.226833,135,1981101018,"","","","",13.,1,280,1,"","","","","","","","","","","","","","","","","","","","","","","","","","","","",18.,1,12.3,1,"","","","","","","","","","","","","","","","","","","","","","","","","","",71,1,"","","","","","","","","","","","",14.7,1,1015.8,1,"","","","","","",8,1,8,1,0,1,4,1,7,1,"","","","","","","","","","","","","","","","","","","","","","","","",20000,1,"","",3,1,2,1,"","","","","","","","","","",4,1,270,1,"","","","","","","","","","","","","","","","","","","","","","","","","","","","","","","","","","","","","","","","","","","","","","","","","","","",""
"83069002","PORQUEROLLES",43.,6.226833,135,1981101021,"","","","",14.,1,280,1,"","","","","","","","","","","","","","","","","","","","","","","","","","","","",18.6,1,14.5,1,"","","","","","","","","","","","","","","","","","","","","","","","","","",80,1,"","","","","","","","","","","","",17.,1,1015.8,1,"","","","","","",7,1,7,1,0,1,5,1,"","","","","","","","","","","","","","","","","","","","","","","","","","",20000,1,"","",1,1,2,1,"","","","","","","","","","",4,1,270,1,"","","","","","","","","","","","","","","","","","","","","","","","","","","","","","","","","","","","","","","","","","","","","","","","","","","",""
"83069002","PORQUEROLLES",43.,6.226833,135,1981101100,"","","","",9.,1,280,1,"","","","","","","","","","","","","","","","","","","","","","","","","","","","",18.5,1,13.4,1,"","","","","","","","","","","","","","","","","","","","","","","","","","",74,1,"","","","","","","","","","","","",15.8,1,1016.1,1,"","","","","","","","","","","","","","","","","","","","","","","","","","","","","","","","","","","","","","","","","","","","","","","","","","","","","","","","","","","","","","","","","","","","","","","","","","","","","","","","","","","","","","","","","","","","","","","","","","","","","","","","","","","","","","","","","",""
"83069002","PORQUEROLLES",43.,6.226833,135,1981101103,"","","","",11.,1,280,1,"","","","","","","","","","","","","","","","","","","","","","","","","","","","",18.6,1,14.2,1,"","","","","","","","","","","","","","","","","","","","","","","","","","",78,1,"","","","","","","","","","","","",16.7,1,1012.7,1,"","","","","","",8,1,8,1,0,1,7,1,"","","","","","","","","","","","","","","","","","","","","","","","","","",20000,1,"","",0,1,"","","","","","","","","","","","",4,1,270,1,"","","","","","","","","","","","","","","","","","","","","","","","","","","","","","","","","","","","","","","","","","","","","","","","","","","",""
"83069002","PORQUEROLLES",43.,6.226833,135,1981101106,"","","","",13.,1,260,1,"","","","","","","","","","","","","","","","","","","","","","","","","","","","",18.3,1,14.4,1,"","","","","","","","","","","","","","","","","","","","","","","","","","",80,1,"","","","","","","","","","","","",16.9,1,1011.6,1,"","","","","","",7,1,7,1,5,1,7,1,6,1,"","","","","","","","","","","","","","","","","","","","","","","","",15000,1,"","",1,1,2,1,"","",0,1,"","","","","","",4,1,270,1,"","","","","","","","","","","","","","","","","","","","","","","","","","","","","","","","","","","","","","","","","","","","","","","","","","","",""
"83069002","PORQUEROLLES",43.,6.226833,135,1981101109,"","","","",20.,1,260,1,"","","","","","","","","","","","","","","","","","","","","","","","","","","","",19.5,1,15.7,1,"","","","","","","","","","","","","","","","","","","","","","","","","","",81,1,"","","","","","","","","","","","",18.4,1,1010.7,1,"","","","","","",6,1,6,1,2,1,4,1,6,1,"","","","","","","","","","","","","","","","","","","","","","","","",15000,1,"","",1,1,2,1,"","","","","","","","","","",4,1,270,1,"","","","","","","","","","","","","","","","","","","","","","","","","","","","","","","","","","","","","","","","","","","","","","","","","","","",""
"83069002","PORQUEROLLES",43.,6.226833,135,1981101112,"","","","",19.,1,280,1,"","","","","","","","","","","","","","","","","","","","","","","","","","","","",20.5,1,15.4,1,"","","","","","","","","","","","","","","","","","","","","","","","","","",77,1,"","","","","","","","","","","","",18.1,1,1008.7,1,"","","","","","",3,1,0,1,2,1,0,1,2,1,"","","","","","","","","","","","","","","","","","","","","","","","",15000,1,"","",1,1,1,1,"","","","","","","","","","",4,1,270,1,"","","","","","","","","","","","","","","","","","","","","","","","","","","","","","","","","","","","","","","","","","","","","","","","","","","",""
"83069002","PORQUEROLLES",43.,6.226833,135,1981101115,"","","","",21.,1,280,1,"","","","","","","","","","","","","","","","","","","","","","","","","","","","",20.5,1,16.7,1,"","","","","","","","","","","","","","","","","","","","","","","","","","",82,1,"","","","","","","","","","","","",19.7,1,1007.3,1,"","","","","","",3,1,0,1,2,1,0,1,2,1,"","","","","","","","","","","","","","","","","","","","","","","","",15000,1,"","",2,1,1,1,"","","","","","","","","","",4,1,270,1,"","","","","","","","","","","","","","","","","","","","","","","","","","","","","","","","","","","","","","","","","","","","","","","","","","","",""
"83069002","PORQUEROLLES",43.,6.226833,135,1981101118,"","","","",13.,1,300,1,"","","","","","","","","","","","","","","","","","","","","","","","","","","","",20.7,1,11.7,1,"","","","","","","","","","","","","","","","","","","","","","","","","","",58,1,"","","","","","","","","","","","",14.1,1,1008.8,1,"","","","","","",6,1,5,1,2,1,0,1,5,1,"","","","","","","","","","","","","","","","","","","","","","","","",35000,1,"","",1,1,1,1,"","","","","","","","","","",5,1,270,1,"","","","","","","","","","","","","","","","","","","","","","","","","","","","","","","","","","","","","","","","","","","","","","","","","","","",""
"83069002","PORQUEROLLES",43.,6.226833,135,1981101121,"","","","",14.,1,300,1,"","","","","","","","","","","","","","","","","","","","","","","","","","","","",19.5,1,10.6,1,"","","","","","","","","","","","","","","","","","","","","","","","","","",58,1,"","","","","","","","","","","","",13.1,1,1009.8,1,"","","","","","",6,1,5,1,2,1,0,1,5,1,"","","","","","","","","","","","","","","","","","","","","","","","",30000,1,"","",2,1,2,1,"","","","","","","","","","",4,1,270,1,"","","","","","","","","","","","","","","","","","","","","","","","","","","","","","","","","","","","","","","","","","","","","","","","","","","",""
"83069002","PORQUEROLLES",43.,6.226833,135,1981101200,"","","","",10.,1,280,1,"","","","","","","","","","","","","","","","","","","","","","","","","","","","",17.,1,7.6,1,"","","","","","","","","","","","","","","","","","","","","","","","","","",55,1,"","","","","","","","","","","","",10.6,1,1010.,1,"","","","","","","","","","","","","","","","","","","","","","","","","","","","","","","","","","","","","","","","","","","","","","","","","","","","","","","","","","","","","","","","","","","","","","","","","","","","","","","","","","","","","","","","","","","","","","","","","","","","","","","","","","","","","","","","","",""
"83069002","PORQUEROLLES",43.,6.226833,135,1981101203,"","","","",8.,1,280,1,"","","","","","","","","","","","","","","","","","","","","","","","","","","","",16.5,1,6.2,1,"","","","","","","","","","","","","","","","","","","","","","","","","","",51,1,"","","","","","","","","","","","",9.6,1,1009.4,1,"","","","","","",3,1,0,1,0,1,0,1,1,1,"","","","","","","","","","","","","","","","","","","","","","","","",40000,1,"","",0,1,"","","","","","","","","","","","",4,1,270,1,"","","","","","","","","","","","","","","","","","","","","","","","","","","","","","","","","","","","","","","","","","","","","","","","","","","",""
"83069002","PORQUEROLLES",43.,6.226833,135,1981101206,"","","","",10.,1,280,1,"","","","","","","","","","","","","","","","","","","","","","","","","","","","",16.1,1,7.8,1,"","","","","","","","","","","","","","","","","","","","","","","","","","",59,1,"","","","","","","","","","","","",10.8,1,1009.4,1,"","","","","","",6,1,5,1,0,1,4,1,1,1,"","","","","","","","","","","","","","","","","","","","","","","","",40000,1,"","",3,1,1,1,"","",0,1,"","","","","","",4,1,270,1,"","","","","","","","","","","","","","","","","","","","","","","","","","","","","","","","","","","","","","","","","","","","","","","","","","","",""
"83069002","PORQUEROLLES",43.,6.226833,135,1981101209,"","","","",8.,1,280,1,"","","","","","","","","","","","","","","","","","","","","","","","","","","","",16.6,1,11.5,1,"","","","","","","","","","","","","","","","","","","","","","","","","","",74,1,"","","","","","","","","","","","",13.9,1,1009.7,1,"","","","","","",8,1,8,1,5,1,"","","","","","","","","","","","","","","","","","","","","","","","","","","","",30000,1,"","",3,1,2,1,"","","","","","","","","","",4,1,270,1,"","","","","","","","","","","","","","","","","","","","","","","","","","","","","","","","","","","","","","","","","","","","","","","","","","","",""
"83069002","PORQUEROLLES",43.,6.226833,135,1981101212,"","","","",15.,1,280,1,"","","","","","","","","","","","","","","","","","","","","","","","","","","","",19.5,1,17.,1,"","","","","","","","","","","","","","","","","","","","","","","","","","",89,1,"","","","","","","","","","","","",20.1,1,1006.9,1,"","","","","","",7,1,0,1,5,1,0,1,2,1,"","","","","","","","","","","","","","","","","","","","","","","","",30000,1,"","",2,1,2,1,"","","","","","","","","","",4,1,270,1,"","","","","","","","","","","","","","","","","","","","","","","","","","","","","","","","","","","","","","","","","","","","","","","","","","","",""
"83069002","PORQUEROLLES",43.,6.226833,135,1981101215,"","","","",15.,1,280,1,"","","","","","","","","","","","","","","","","","","","","","","","","","","","",20.,1,18.6,1,"","","","","","","","","","","","","","","","","","","","","","","","","","",95,1,"","","","","","","","","","","","",22.2,1,1005.5,1,"","","","","","",7,1,0,1,5,1,0,1,2,1,"","","","","","","","","","","","","","","","","","","","","","","","",15000,1,"","",2,1,2,1,"","","","","","","","","","",4,1,270,1,"","","","","","","","","","","","","","","","","","","","","","","","","","","","","","","","","","","","","","","","","","","","","","","","","","","",""
"83069002","PORQUEROLLES",43.,6.226833,135,1981101218,"","","","",17.,1,280,1,"","","","","","","","","","","","","","","","","","","","","","","","","","","","",19.5,1,18.1,1,"","","","","","","","","","","","","","","","","","","","","","","","","","",95,1,"","","","","","","","","","","","",21.6,1,1005.5,1,"","","","","","",7,1,0,1,5,1,0,1,2,1,"","","","","","","","","","","","","","","","","","","","","","","","",15000,1,"","",2,1,2,1,"","","","","","","","","","",4,1,270,1,"","","","","","","","","","","","","","","","","","","","","","","","","","","","","","","","","","","","","","","","","","","","","","","","","","","",""
"83069002","PORQUEROLLES",43.,6.226833,135,1981101221,"","","","",13.,1,280,1,"","","","","","","","","","","","","","","","","","","","","","","","","","","","",18.5,1,16.3,1,"","","","","","","","","","","","","","","","","","","","","","","","","","",90,1,"","","","","","","","","","","","",19.2,1,1006.4,1,"","","","","","",4,1,0,1,0,1,0,1,2,1,"","","","","","","","","","","","","","","","","","","","","","","","",30000,1,"","",1,1,1,1,"","","","","","","","","","",4,1,270,1,"","","","","","","","","","","","","","","","","","","","","","","","","","","","","","","","","","","","","","","","","","","","","","","","","","","",""
"83069002","PORQUEROLLES",43.,6.226833,135,1981101300,"","","","",13.,1,280,1,"","","","","","","","","","","","","","","","","","","","","","","","","","","","",18.5,1,14.5,1,"","","","","","","","","","","","","","","","","","","","","","","","","","",80,1,"","","","","","","","","","","","",17.,1,1006.8,1,"","","","","","","","","","","","","","","","","","","","","","","","","","","","","","","","","","","","","","","","","","","","","","","","","","","","","","","","","","","","","","","","","","","","","","","","","","","","","","","","","","","","","","","","","","","","","","","","","","","","","","","","","","","","","","","","","",""
"83069002","PORQUEROLLES",43.,6.226833,135,1981101303,"","","","",10.,1,280,1,"","","","","","","","","","","","","","","","","","","","","","","","","","","","",16.8,1,8.,1,"","","","","","","","","","","","","","","","","","","","","","","","","","",57,1,"","","","","","","","","","","","",10.9,1,1007.6,1,"","","","","","",3,1,0,1,0,1,0,1,2,1,"","","","","","","","","","","","","","","","","","","","","","","","",40000,1,"","",0,1,"","","","","","","","","","","","",4,1,270,1,"","","","","","","","","","","","","","","","","","","","","","","","","","","","","","","","","","","","","","","","","","","","","","","","","","","",""
"83069002","PORQUEROLLES",43.,6.226833,135,1981101306,"","","","",13.,1,300,1,"","","","","","","","","","","","","","","","","","","","","","","","","","","","",16.,1,7.4,1,"","","","","","","","","","","","","","","","","","","","","","","","","","",58,1,"","","","","","","","","","","","",10.5,1,1008.6,1,"","","","","","",3,1,0,1,0,1,4,1,2,1,"","","","","","","","","","","","","","","","","","","","","","","","",40000,1,"","",2,1,0,1,"","",0,1,"","","","","","",4,1,270,1,"","","","","","","","","","","","","","","","","","","","","","","","","","","","","","","","","","","","","","","","","","","","","","","","","","","",""
"83069002","PORQUEROLLES",43.,6.226833,135,1981101309,"","","","",11.,1,340,1,"","","","","","","","","","","","","","","","","","","","","","","","","","","","",18.,1,6.9,1,"","","","","","","","","","","","","","","","","","","","","","","","","","",49,1,"","","","","","","","","","","","",10.1,1,1010.7,1,"","","","","","",3,1,0,1,0,1,4,1,2,1,"","","","","","","","","","","","","","","","","","","","","","","","",40000,1,"","",2,1,0,1,"","","","","","","","","","",4,1,270,1,"","","","","","","","","","","","","","","","","","","","","","","","","","","","","","","","","","","","","","","","","","","","","","","","","","","",""
"83069002","PORQUEROLLES",43.,6.226833,135,1981101312,"","","","",8.,1,260,1,"","","","","","","","","","","","","","","","","","","","","","","","","","","","",20.6,1,7.3,1,"","","","","","","","","","","","","","","","","","","","","","","","","","",43,1,"","","","","","","","","","","","",10.4,1,1010.3,1,"","","","","","",7,1,7,1,0,1,4,1,6,1,"","","","","","","","","","","","","","","","","","","","","","","","",40000,1,"","",3,1,1,1,"","","","","","","","","","",4,1,270,1,"","","","","","","","","","","","","","","","","","","","","","","","","","","","","","","","","","","","","","","","","","","","","","","","","","","",""
"83069002","PORQUEROLLES",43.,6.226833,135,1981101315,"","","","",12.,1,280,1,"","","","","","","","","","","","","","","","","","","","","","","","","","","","",18.8,1,4.6,1,"","","","","","","","","","","","","","","","","","","","","","","","","","",40,1,"","","","","","","","","","","","",8.6,1,1009.5,1,"","","","","","",7,1,7,1,0,1,4,1,6,1,"","","","","","","","","","","","","","","","","","","","","","","","",40000,1,"","",2,1,2,1,"","","","","","","","","","",4,1,270,1,"","","","","","","","","","","","","","","","","","","","","","","","","","","","","","","","","","","","","","","","","","","","","","","","","","","",""
"83069002","PORQUEROLLES",43.,6.226833,135,1981101318,"","","","",14.,1,280,1,"","","","","","","","","","","","","","","","","","","","","","","","","","","","",16.5,1,4.8,1,"","","","","","","","","","","","","","","","","","","","","","","","","","",47,1,"","","","","","","","","","","","",8.7,1,1011.,1,"","","","","","",3,1,0,1,0,1,4,1,2,1,"","","","","","","","","","","","","","","","","","","","","","","","",30000,1,"","",1,1,1,1,"","","","","","","","","","",4,1,270,1,"","","","","","","","","","","","","","","","","","","","","","","","","","","","","","","","","","","","","","","","","","","","","","","","","","","",""
"83069002","PORQUEROLLES",43.,6.226833,135,1981101321,"","","","",12.,1,280,1,"","","","","","","","","","","","","","","","","","","","","","","","","","","","",16.,1,4.9,1,"","","","","","","","","","","","","","","","","","","","","","","","","","",49,1,"","","","","","","","","","","","",8.8,1,1012.5,1,"","","","","","",4,1,0,1,0,1,4,1,2,1,"","","","","","","","","","","","","","","","","","","","","","","","",30000,1,"","",3,1,0,1,"","","","","","","","","","",4,1,270,1,"","","","","","","","","","","","","","","","","","","","","","","","","","","","","","","","","","","","","","","","","","","","","","","","","","","",""
"83069002","PORQUEROLLES",43.,6.226833,135,1981101400,"","","","",9.,1,280,1,"","","","","","","","","","","","","","","","","","","","","","","","","","","","",15.,1,2.4,1,"","","","","","","","","","","","","","","","","","","","","","","","","","",43,1,"","","","","","","","","","","","",7.3,1,1012.8,1,"","","","","","","","","","","","","","","","","","","","","","","","","","","","","","","","","","","","","","","","","","","","","","","","","","","","","","","","","","","","","","","","","","","","","","","","","","","","","","","","","","","","","","","","","","","","","","","","","","","","","","","","","","","","","","","","","",""
"83069002","PORQUEROLLES",43.,6.226833,135,1981101403,"","","","",10.,1,280,1,"","","","","","","","","","","","","","","","","","","","","","","","","","","","",13.5,1,1.8,1,"","","","","","","","","","","","","","","","","","","","","","","","","","",45,1,"","","","","","","","","","","","",7.,1,1013.2,1,"","","","","","",3,1,0,1,0,1,0,1,2,1,"","","","","","","","","","","","","","","","","","","","","","","","",40000,1,"","",0,1,"","","","","","","","","","","","",4,1,270,1,"","","","","","","","","","","","","","","","","","","","","","","","","","","","","","","","","","","","","","","","","","","","","","","","","","","",""
"83069002","PORQUEROLLES",43.,6.226833,135,1981101406,"","","","",8.,1,300,1,"","","","","","","","","","","","","","","","","","","","","","","","","","","","",14.,1,2.2,1,"","","","","","","","","","","","","","","","","","","","","","","","","","",45,1,"","","","","","","","","","","","",7.2,1,1014.,1,"","","","","","",2,1,0,1,0,1,4,1,2,1,"","","","","","","","","","","","","","","","","","","","","","","","",40000,1,"","",1,1,0,1,"","",0,1,"","","","","","",4,1,270,1,"","","","","","","","","","","","","","","","","","","","","","","","","","","","","","","","","","","","","","","","","","","","","","","","","","","",""
"83069002","PORQUEROLLES",43.,6.226833,135,1981101409,"","","","",11.,1,260,1,"","","","","","","","","","","","","","","","","","","","","","","","","","","","",16.5,1,6.2,1,"","","","","","","","","","","","","","","","","","","","","","","","","","",51,1,"","","","","","","","","","","","",9.6,1,1015.9,1,"","","","","","",6,1,6,1,0,1,7,1,0,1,"","","","","","","","","","","","","","","","","","","","","","","","",35000,1,"","",3,1,0,1,"","","","","","","","","","",4,1,270,1,"","","","","","","","","","","","","","","","","","","","","","","","","","","","","","","","","","","","","","","","","","","","","","","","","","","",""
"83069002","PORQUEROLLES",43.,6.226833,135,1981101412,"","","","",13.,1,260,1,"","","","","","","","","","","","","","","","","","","","","","","","","","","","",16.9,1,9.3,1,"","","","","","","","","","","","","","","","","","","","","","","","","","",62,1,"","","","","","","","","","","","",11.9,1,1016.,1,"","","","","","",4,1,0,1,2,1,4,1,1,1,"","","","","","","","","","","","","","","","","","","","","","","","",40000,1,"","",1,1,1,1,"","","","","","","","","","",4,1,270,1,"","","","","","","","","","","","","","","","","","","","","","","","","","","","","","","","","","","","","","","","","","","","","","","","","","","",""
"83069002","PORQUEROLLES",43.,6.226833,135,1981101415,"","","","",11.,1,280,1,"","","","","","","","","","","","","","","","","","","","","","","","","","","","",17.,1,13.2,1,"","","","","","","","","","","","","","","","","","","","","","","","","","",80,1,"","","","","","","","","","","","",15.5,1,1015.5,1,"","","","","","",4,1,0,1,2,1,4,1,1,1,"","","","","","","","","","","","","","","","","","","","","","","","",40000,1,"","",2,1,1,1,"","","","","","","","","","",4,1,270,1,"","","","","","","","","","","","","","","","","","","","","","","","","","","","","","","","","","","","","","","","","","","","","","","","","","","",""
"83069002","PORQUEROLLES",43.,6.226833,135,1981101418,"","","","",10.,1,280,1,"","","","","","","","","","","","","","","","","","","","","","","","","","","","",16.,1,14.7,1,"","","","","","","","","","","","","","","","","","","","","","","","","","",94,1,"","","","","","","","","","","","",17.2,1,1015.6,1,"","","","","","",4,1,0,1,2,1,4,1,1,1,"","","","","","","","","","","","","","","","","","","","","","","","",35000,1,"","",2,1,1,1,"","","","","","","","","","",4,1,270,1,"","","","","","","","","","","","","","","","","","","","","","","","","","","","","","","","","","","","","","","","","","","","","","","","","","","",""
"83069002","PORQUEROLLES",43.,6.226833,135,1981101421,"","","","",4.,1,300,1,"","","","","","","","","","","","","","","","","","","","","","","","","","","","",16.,1,16.,1,"","","","","","","","","","","","","","","","","","","","","","","","","","",100,1,"","","","","","","","","","","","",18.2,1,1016.1,1,"","","","","","",2,1,0,1,0,1,0,1,1,1,"","","","","","","","","","","","","","","","","","","","","","","","",30000,1,"","",1,1,0,1,"","","","","","","","","","",3,1,"","","","","","","","","","","","","","","","","","","","","","","","","","","","","","","","","","","","","","","","","","","","","","","","","","","","","",""
"83069002","PORQUEROLLES",43.,6.226833,135,1981101500,"","","","",5.,1,280,1,"","","","","","","","","","","","","","","","","","","","","","","","","","","","",16.2,1,16.2,1,"","","","","","","","","","","","","","","","","","","","","","","","","","",100,1,"","","","","","","","","","","","",18.4,1,1014.9,1,"","","","","","","","","","","","","","","","","","","","","","","","","","","","","","","","","","","","","","","","","","","","","","","","","","","","","","","","","","","","","","","","","","","","","","","","","","","","","","","","","","","","","","","","","","","","","","","","","","","","","","","","","","","","","","","","","",""
"83069002","PORQUEROLLES",43.,6.226833,135,1981101503,"","","","",4.,1,280,1,"","","","","","","","","","","","","","","","","","","","","","","","","","","","",16.,1,16.,1,"","","","","","","","","","","","","","","","","","","","","","","","","","",100,1,"","","","","","","","","","","","",18.2,1,1013.8,1,"","","","","","",0,1,"","",0,1,0,1,0,1,"","","","","","","","","","","","","","","","","","","","","","","","",8000,1,"","",0,1,"","","","","","","","","","","","",3,1,"","","","","","","","","","","","","","","","","","","","","","","","","","","","","","","","","","","","","","","","","","","","","","","","","","","","","",""
"83069002","PORQUEROLLES",43.,6.226833,135,1981101506,"","","","",5.,1,280,1,"","","","","","","","","","","","","","","","","","","","","","","","","","","","",15.5,1,14.1,1,"","","","","","","","","","","","","","","","","","","","","","","","","","",94,1,"","","","","","","","","","","","",16.6,1,1013.4,1,"","","","","","",0,1,"","",0,1,0,1,0,1,"","","","","","","","","","","","","","","","","","","","","","","","",10000,1,"","",2,1,0,1,"","",0,1,"","","","","","",3,1,270,1,"","","","","","","","","","","","","","","","","","","","","","","","","","","","","","","","","","","","","","","","","","","","","","","","","","","",""
"83069002","PORQUEROLLES",43.,6.226833,135,1981101509,"","","","",6.,1,260,1,"","","","","","","","","","","","","","","","","","","","","","","","","","","","",18.8,1,13.9,1,"","","","","","","","","","","","","","","","","","","","","","","","","","",76,1,"","","","","","","","","","","","",16.4,1,1013.9,1,"","","","","","",1,1,0,1,0,1,0,1,2,1,"","","","","","","","","","","","","","","","","","","","","","","","",12000,1,"","",2,1,0,1,"","","","","","","","","","",3,1,270,1,"","","","","","","","","","","","","","","","","","","","","","","","","","","","","","","","","","","","","","","","","","","","","","","","","","","",""
"83069002","PORQUEROLLES",43.,6.226833,135,1981101512,"","","","",9.,1,260,1,"","","","","","","","","","","","","","","","","","","","","","","","","","","","",20.,1,15.2,1,"","","","","","","","","","","","","","","","","","","","","","","","","","",76,1,"","","","","","","","","","","","",17.8,1,1014.1,1,"","","","","","",0,1,"","",0,1,0,1,0,1,"","","","","","","","","","","","","","","","","","","","","","","","",15000,1,"","",2,1,0,1,"","","","","","","","","","",3,1,270,1,"","","","","","","","","","","","","","","","","","","","","","","","","","","","","","","","","","","","","","","","","","","","","","","","","","","",""
"83069002","PORQUEROLLES",43.,6.226833,135,1981101515,"","","","",5.,1,260,1,"","","","","","","","","","","","","","","","","","","","","","","","","","","","",21.,1,15.6,1,"","","","","","","","","","","","","","","","","","","","","","","","","","",74,1,"","","","","","","","","","","","",18.3,1,1013.1,1,"","","","","","",0,1,"","",0,1,0,1,0,1,"","","","","","","","","","","","","","","","","","","","","","","","",15000,1,"","",2,1,0,1,"","","","","","","","","","",2,1,270,1,"","","","","","","","","","","","","","","","","","","","","","","","","","","","","","","","","","","","","","","","","","","","","","","","","","","",""
"83069002","PORQUEROLLES",43.,6.226833,135,1981101518,"","","","",7.,1,280,1,"","","","","","","","","","","","","","","","","","","","","","","","","","","","",16.9,1,15.5,1,"","","","","","","","","","","","","","","","","","","","","","","","","","",95,1,"","","","","","","","","","","","",18.2,1,1013.3,1,"","","","","","",0,1,"","",0,1,0,1,0,1,"","","","","","","","","","","","","","","","","","","","","","","","",15000,1,"","",2,1,0,1,"","","","","","","","","","",2,1,0,1,"","","","","","","","","","","","","","","","","","","","","","","","","","","","","","","","","","","","","","","","","","","","","","","","","","","",""
"83069002","PORQUEROLLES",43.,6.226833,135,1981101521,"","","","",7.,1,280,1,"","","","","","","","","","","","","","","","","","","","","","","","","","","","",16.7,1,15.,1,"","","","","","","","","","","","","","","","","","","","","","","","","","",93,1,"","","","","","","","","","","","",17.6,1,1014.1,1,"","","","","","",0,1,"","",0,1,0,1,0,1,"","","","","","","","","","","","","","","","","","","","","","","","",15000,1,"","",2,1,0,1,"","","","","","","","","","",2,1,0,1,"","","","","","","","","","","","","","","","","","","","","","","","","","","","","","","","","","","","","","","","","","","","","","","","","","","",""
"83069002","PORQUEROLLES",43.,6.226833,135,1981101600,"","","","",6.,1,280,1,"","","","","","","","","","","","","","","","","","","","","","","","","","","","",16.7,1,14.8,1,"","","","","","","","","","","","","","","","","","","","","","","","","","",91,1,"","","","","","","","","","","","",17.3,1,1014.3,1,"","","","","","","","","","","","","","","","","","","","","","","","","","","","","","","","","","","","","","","","","","","","","","","","","","","","","","","","","","","","","","","","","","","","","","","","","","","","","","","","","","","","","","","","","","","","","","","","","","","","","","","","","","","","","","","","","",""
"83069002","PORQUEROLLES",43.,6.226833,135,1981101603,"","","","",4.,1,280,1,"","","","","","","","","","","","","","","","","","","","","","","","","","","","",16.7,1,13.7,1,"","","","","","","","","","","","","","","","","","","","","","","","","","",85,1,"","","","","","","","","","","","",16.1,1,1014.7,1,"","","","","","",0,1,"","",0,1,0,1,0,1,"","","","","","","","","","","","","","","","","","","","","","","","",25000,1,"","",0,1,"","","","","","","","","","","","",2,1,0,1,"","","","","","","","","","","","","","","","","","","","","","","","","","","","","","","","","","","","","","","","","","","","","","","","","","","",""
"83069002","PORQUEROLLES",43.,6.226833,135,1981101606,"","","","",6.,1,280,1,"","","","","","","","","","","","","","","","","","","","","","","","","","","","",16.3,1,13.6,1,"","","","","","","","","","","","","","","","","","","","","","","","","","",86,1,"","","","","","","","","","","","",16.,1,1015.6,1,"","","","","","",1,1,0,1,0,1,4,1,0,1,"","","","","","","","","","","","","","","","","","","","","","","","",20000,1,"","",3,1,0,1,"","",0,1,"","","","","","",2,1,0,1,"","","","","","","","","","","","","","","","","","","","","","","","","","","","","","","","","","","","","","","","","","","","","","","","","","","",""
"83069002","PORQUEROLLES",43.,6.226833,135,1981101609,"","","","",5.,1,280,1,"","","","","","","","","","","","","","","","","","","","","","","","","","","","",20.3,1,12.9,1,"","","","","","","","","","","","","","","","","","","","","","","","","","",65,1,"","","","","","","","","","","","",15.3,1,1017.,1,"","","","","","",1,1,0,1,0,1,0,1,1,1,"","","","","","","","","","","","","","","","","","","","","","","","",30000,1,"","",2,1,0,1,"","","","","","","","","","",3,1,270,1,"","","","","","","","","","","","","","","","","","","","","","","","","","","","","","","","","","","","","","","","","","","","","","","","","","","",""
"83069002","PORQUEROLLES",43.,6.226833,135,1981101612,"","","","",7.,1,260,1,"","","","","","","","","","","","","","","","","","","","","","","","","","","","",22.7,1,12.1,1,"","","","","","","","","","","","","","","","","","","","","","","","","","",53,1,"","","","","","","","","","","","",14.5,1,1017.4,1,"","","","","","",0,1,"","",0,1,0,1,0,1,"","","","","","","","","","","","","","","","","","","","","","","","",30000,1,"","",1,1,0,1,"","","","","","","","","","",3,1,270,1,"","","","","","","","","","","","","","","","","","","","","","","","","","","","","","","","","","","","","","","","","","","","","","","","","","","",""
"83069002","PORQUEROLLES",43.,6.226833,135,1981101615,"","","","",6.,1,260,1,"","","","","","","","","","","","","","","","","","","","","","","","","","","","",21.8,1,11.8,1,"","","","","","","","","","","","","","","","","","","","","","","","","","",54,1,"","","","","","","","","","","","",14.2,1,1017.1,1,"","","","","","",0,1,"","",0,1,0,1,0,1,"","","","","","","","","","","","","","","","","","","","","","","","",20000,1,"","",2,1,0,1,"","","","","","","","","","",3,1,270,1,"","","","","","","","","","","","","","","","","","","","","","","","","","","","","","","","","","","","","","","","","","","","","","","","","","","",""
"83069002","PORQUEROLLES",43.,6.226833,135,1981101618,"","","","",5.,1,300,1,"","","","","","","","","","","","","","","","","","","","","","","","","","","","",18.,1,11.3,1,"","","","","","","","","","","","","","","","","","","","","","","","","","",67,1,"","","","","","","","","","","","",13.7,1,1018.1,1,"","","","","","",0,1,"","",0,1,0,1,0,1,"","","","","","","","","","","","","","","","","","","","","","","","",25000,1,"","",2,1,0,1,"","","","","","","","","","",2,1,270,1,"","","","","","","","","","","","","","","","","","","","","","","","","","","","","","","","","","","","","","","","","","","","","","","","","","","",""
"83069002","PORQUEROLLES",43.,6.226833,135,1981101621,"","","","",3.,1,300,1,"","","","","","","","","","","","","","","","","","","","","","","","","","","","",18.6,1,9.3,1,"","","","","","","","","","","","","","","","","","","","","","","","","","",56,1,"","","","","","","","","","","","",12.,1,1019.2,1,"","","","","","",0,1,"","",0,1,0,1,0,1,"","","","","","","","","","","","","","","","","","","","","","","","",25000,1,"","",2,1,0,1,"","","","","","","","","","",2,1,270,1,"","","","","","","","","","","","","","","","","","","","","","","","","","","","","","","","","","","","","","","","","","","","","","","","","","","",""
"83069002","PORQUEROLLES",43.,6.226833,135,1981101700,"","","","",0.,1,0,1,"","","","","","","","","","","","","","","","","","","","","","","","","","","","",19.,1,14.7,1,"","","","","","","","","","","","","","","","","","","","","","","","","","",79,1,"","","","","","","","","","","","",17.2,1,1019.7,1,"","","","","","","","","","","","","","","","","","","","","","","","","","","","","","","","","","","","","","","","","","","","","","","","","","","","","","","","","","","","","","","","","","","","","","","","","","","","","","","","","","","","","","","","","","","","","","","","","","","","","","","","","","","","","","","","","",""
"83069002","PORQUEROLLES",43.,6.226833,135,1981101703,"","","","",8.,1,80,1,"","","","","","","","","","","","","","","","","","","","","","","","","","","","",16.6,1,15.7,1,"","","","","","","","","","","","","","","","","","","","","","","","","","",98,1,"","","","","","","","","","","","",18.3,1,1020.1,1,"","","","","","",1,1,0,1,6,1,0,1,0,1,"","","","","","","","","","","","","","","","","","","","","","","","",10000,1,"","",0,1,"","","","","","","","","","","","",2,1,90,1,"","","","","","","","","","","","","","","","","","","","","","","","","","","","","","","","","","","","","","","","","","","","","","","","","","","",""
"83069002","PORQUEROLLES",43.,6.226833,135,1981101706,"","","","",9.,1,100,1,"","","","","","","","","","","","","","","","","","","","","","","","","","","","",16.2,1,16.2,1,"","","","","","","","","","","","","","","","","","","","","","","","","","",100,1,"","","","","","","","","","","","",18.3,1,1020.5,1,"","","","","","",5,1,5,1,6,1,0,1,0,1,"","","","","","","","","","","","","","","","","","","","","","","","",6000,1,"","",3,1,1,1,"","",0,1,"","","","","","",2,1,90,1,"","","","","","","","","","","","","","","","","","","","","","","","","","","","","","","","","","","","","","","","","","","","","","","","","","","",""
"83069002","PORQUEROLLES",43.,6.226833,135,1981101709,"","","","",10.,1,100,1,"","","","","","","","","","","","","","","","","","","","","","","","","","","","",18.8,1,16.7,1,"","","","","","","","","","","","","","","","","","","","","","","","","","",92,1,"","","","","","","","","","","","",19.6,1,1021.8,1,"","","","","","",1,1,0,1,0,1,0,1,1,1,"","","","","","","","","","","","","","","","","","","","","","","","",10000,1,"","",1,1,1,1,"","","","","","","","","","",3,1,90,1,"","","","","","","","","","","","","","","","","","","","","","","","","","","","","","","","","","","","","","","","","","","","","","","","","","","",""
"83069002","PORQUEROLLES",43.,6.226833,135,1981101712,"","","","",10.,1,100,1,"","","","","","","","","","","","","","","","","","","","","","","","","","","","",23.5,1,18.,1,"","","","","","","","","","","","","","","","","","","","","","","","","","",72,1,"","","","","","","","","","","","",21.3,1,1021.2,1,"","","","","","",0,1,"","",0,1,0,1,0,1,"","","","","","","","","","","","","","","","","","","","","","","","",12000,1,"","",1,1,0,1,"","","","","","","","","","",3,1,90,1,"","","","","","","","","","","","","","","","","","","","","","","","","","","","","","","","","","","","","","","","","","","","","","","","","","","",""
"83069002","PORQUEROLLES",43.,6.226833,135,1981101715,"","","","",14.,1,100,1,"","","","","","","","","","","","","","","","","","","","","","","","","","","","",22.5,1,18.8,1,"","","","","","","","","","","","","","","","","","","","","","","","","","",83,1,"","","","","","","","","","","","",22.5,1,1019.6,1,"","","","","","",5,1,5,1,2,1,0,1,0,1,"","","","","","","","","","","","","","","","","","","","","","","","",8000,1,"","",3,1,1,1,"","","","","","","","","","",3,1,90,1,"","","","","","","","","","","","","","","","","","","","","","","","","","","","","","","","","","","","","","","","","","","","","","","","","","","",""
"83069002","PORQUEROLLES",43.,6.226833,135,1981101718,"","","","",14.,1,100,1,"","","","","","","","","","","","","","","","","","","","","","","","","","","","",18.,1,18.,1,"","","","","","","","","","","","","","","","","","","","","","","","","","",100,1,"","","","","","","","","","","","",20.6,1,1019.9,1,"","","","","","",5,1,5,1,2,1,0,1,0,1,"","","","","","","","","","","","","","","","","","","","","","","","",8000,1,"","",2,1,1,1,"","","","","","","","","","",3,1,90,1,"","","","","","","","","","","","","","","","","","","","","","","","","","","","","","","","","","","","","","","","","","","","","","","","","","","",""
"83069002","PORQUEROLLES",43.,6.226833,135,1981101721,"","","","",11.,1,100,1,"","","","","","","","","","","","","","","","","","","","","","","","","","","","",17.5,1,17.5,1,"","","","","","","","","","","","","","","","","","","","","","","","","","",100,1,"","","","","","","","","","","","",20.,1,1021.7,1,"","","","","","",0,1,"","",0,1,0,1,0,1,"","","","","","","","","","","","","","","","","","","","","","","","",10000,1,"","",1,1,1,1,"","","","","","","","","","",3,1,90,1,"","","","","","","","","","","","","","","","","","","","","","","","","","","","","","","","","","","","","","","","","","","","","","","","","","","",""
"83069002","PORQUEROLLES",43.,6.226833,135,1981101800,"","","","",12.,1,120,1,"","","","","","","","","","","","","","","","","","","","","","","","","","","","",17.5,1,16.5,1,"","","","","","","","","","","","","","","","","","","","","","","","","","",98,1,"","","","","","","","","","","","",19.4,1,1021.9,1,"","","","","","","","","","","","","","","","","","","","","","","","","","","","","","","","","","","","","","","","","","","","","","","","","","","","","","","","","","","","","","","","","","","","","","","","","","","","","","","","","","","","","","","","","","","","","","","","","","","","","","","","","","","","","","","","","",""
"83069002","PORQUEROLLES",43.,6.226833,135,1981101803,"","","","",12.,1,120,1,"","","","","","","","","","","","","","","","","","","","","","","","","","","","",17.5,1,16.5,1,"","","","","","","","","","","","","","","","","","","","","","","","","","",98,1,"","","","","","","","","","","","",19.4,1,1020.6,1,"","","","","","",0,1,"","",0,1,0,1,0,1,"","","","","","","","","","","","","","","","","","","","","","","","",12000,1,"","",0,1,"","","","","","","","","","","","",4,1,90,1,"","","","","","","","","","","","","","","","","","","","","","","","","","","","","","","","","","","","","","","","","","","","","","","","","","","",""
"83069002","PORQUEROLLES",43.,6.226833,135,1981101806,"","","","",10.,1,120,1,"","","","","","","","","","","","","","","","","","","","","","","","","","","","",17.5,1,16.5,1,"","","","","","","","","","","","","","","","","","","","","","","","","","",98,1,"","","","","","","","","","","","",19.4,1,1021.2,1,"","","","","","",7,1,7,1,6,1,"","","","","","","","","","","","","","","","","","","","","","","","","","","","",5000,1,"","",3,1,1,1,"","",0,1,"","","","","","",4,1,90,1,"","","","","","","","","","","","","","","","","","","","","","","","","","","","","","","","","","","","","","","","","","","","","","","","","","","",""
"83069002","PORQUEROLLES",43.,6.226833,135,1981101809,"","","","",12.,1,120,1,"","","","","","","","","","","","","","","","","","","","","","","","","","","","",18.4,1,16.9,1,"","","","","","","","","","","","","","","","","","","","","","","","","","",94,1,"","","","","","","","","","","","",19.9,1,1021.6,1,"","","","","","",8,1,8,1,6,1,"","","","","","","","","","","","","","","","","","","","","","","","","","","","",5000,1,"","",3,1,2,1,"","","","","","","","","","",4,1,90,1,"","","","","","","","","","","","","","","","","","","","","","","","","","","","","","","","","","","","","","","","","","","","","","","","","","","",""
"83069002","PORQUEROLLES",43.,6.226833,135,1981101812,"","","","",9.,1,120,1,"","","","","","","","","","","","","","","","","","","","","","","","","","","","",20.2,1,17.7,1,"","","","","","","","","","","","","","","","","","","","","","","","","","",89,1,"","","","","","","","","","","","",21.,1,1021.5,1,"","","","","","",8,1,8,1,6,1,"","","","","","","","","","","","","","","","","","","","","","","","","","","","",5000,1,"","",2,1,2,1,"","","","","","","","","","",4,1,90,1,"","","","","","","","","","","","","","","","","","","","","","","","","","","","","","","","","","","","","","","","","","","","","","","","","","","",""
"83069002","PORQUEROLLES",43.,6.226833,135,1981101815,"","","","",7.,1,100,1,"","","","","","","","","","","","","","","","","","","","","","","","","","","","",20.,1,17.9,1,"","","","","","","","","","","","","","","","","","","","","","","","","","",90,1,"","","","","","","","","","","","",21.2,1,1021.,1,"","","","","","",8,1,8,1,6,1,"","","","","","","","","","","","","","","","","","","","","","","","","","","","",5000,1,"","",2,1,2,1,"","","","","","","","","","",3,1,90,1,"","","","","","","","","","","","","","","","","","","","","","","","","","","","","","","","","","","","","","","","","","","","","","","","","","","",""
"83069002","PORQUEROLLES",43.,6.226833,135,1981101818,"","","","",5.,1,100,1,"","","","","","","","","","","","","","","","","","","","","","","","","","","","",17.5,1,17.5,1,"","","","","","","","","","","","","","","","","","","","","","","","","","",100,1,"","","","","","","","","","","","",20.,1,1019.3,1,"","","","","","",8,1,8,1,6,1,"","","","","","","","","","","","","","","","","","","","","","","","","","","","",5000,1,"","",2,1,2,1,"","","","","","","","","","",3,1,"","","","","","","","","","","","","","","","","","","","","","","","","","","","","","","","","","","","","","","","","","","","","","","","","","","","","",""
"83069002","PORQUEROLLES",43.,6.226833,135,1981101821,"","","","",0.,1,0,1,"","","","","","","","","","","","","","","","","","","","","","","","","","","","",17.3,1,17.3,1,"","","","","","","","","","","","","","","","","","","","","","","","","","",100,1,"","","","","","","","","","","","",19.7,1,1019.9,1,"","","","","","",6,1,6,1,6,1,0,1,0,1,"","","","","","","","","","","","","","","","","","","","","","","","",8000,1,"","",1,1,2,1,"","","","","","","","","","",3,1,"","","","","","","","","","","","","","","","","","","","","","","","","","","","","","","","","","","","","","","","","","","","","","","","","","","","","",""
"83069002","PORQUEROLLES",43.,6.226833,135,1981101900,"","","","",3.,1,280,1,"","","","","","","","","","","","","","","","","","","","","","","","","","","","",17.,1,16.2,1,"","","","","","","","","","","","","","","","","","","","","","","","","","",98,1,"","","","","","","","","","","","",19.,1,1019.3,1,"","","","","","","","","","","","","","","","","","","","","","","","","","","","","","","","","","","","","","","","","","","","","","","","","","","","","","","","","","","","","","","","","","","","","","","","","","","","","","","","","","","","","","","","","","","","","","","","","","","","","","","","","","","","","","","","","",""
"83069002","PORQUEROLLES",43.,6.226833,135,1981101903,"","","","",4.,1,280,1,"","","","","","","","","","","","","","","","","","","","","","","","","","","","",17.6,1,17.6,1,"","","","","","","","","","","","","","","","","","","","","","","","","","",100,1,"","","","","","","","","","","","",20.1,1,1018.2,1,"","","","","","",8,1,6,1,6,1,"","","","","","","","","","","","","","","","","","","","","","","","","","","","",2000,1,"","",10,1,"","","","","","","","","","","","",2,1,"","","","","","","","","","","","","","","","","","","","","","","","","","","","","","","","","","","","","","","","","","","","","","","","","","","","","",""
"83069002","PORQUEROLLES",43.,6.226833,135,1981101906,"","","","",5.,1,320,1,"","","","","","","","","","","","","","","","","","","","","","","","","","","","",16.3,1,16.3,1,"","","","","","","","","","","","","","","","","","","","","","","","","","",100,1,"","","","","","","","","","","","",18.5,1,1017.9,1,"","","","","","",2,1,0,1,0,1,8,1,0,1,"","","","","","","","","","","","","","","","","","","","","","","","",5000,1,"","",1,1,1,1,"","",0,1,"","","","","","",3,1,230,1,"","","","","","","","","","","","","","","","","","","","","","","","","","","","","","","","","","","","","","","","","","","","","","","","","","","",""
"83069002","PORQUEROLLES",43.,6.226833,135,1981101909,"","","","",7.,1,280,1,"","","","","","","","","","","","","","","","","","","","","","","","","","","","",18.4,1,13.5,1,"","","","","","","","","","","","","","","","","","","","","","","","","","",75,1,"","","","","","","","","","","","",15.9,1,1018.3,1,"","","","","","",1,1,0,1,0,1,0,1,1,1,"","","","","","","","","","","","","","","","","","","","","","","","",12000,1,"","",2,1,0,1,"","","","","","","","","","",3,1,230,1,"","","","","","","","","","","","","","","","","","","","","","","","","","","","","","","","","","","","","","","","","","","","","","","","","","","",""
"83069002","PORQUEROLLES",43.,6.226833,135,1981101912,"","","","",7.,1,280,1,"","","","","","","","","","","","","","","","","","","","","","","","","","","","",20.4,1,11.1,1,"","","","","","","","","","","","","","","","","","","","","","","","","","",57,1,"","","","","","","","","","","","",13.5,1,1017.4,1,"","","","","","",2,1,0,1,0,1,0,1,1,1,"","","","","","","","","","","","","","","","","","","","","","","","",30000,1,"","",2,1,0,1,"","","","","","","","","","",4,1,230,1,"","","","","","","","","","","","","","","","","","","","","","","","","","","","","","","","","","","","","","","","","","","","","","","","","","","",""
"83069002","PORQUEROLLES",43.,6.226833,135,1981101915,"","","","",9.,1,280,1,"","","","","","","","","","","","","","","","","","","","","","","","","","","","",19.8,1,9.5,1,"","","","","","","","","","","","","","","","","","","","","","","","","","",53,1,"","","","","","","","","","","","",12.1,1,1016.6,1,"","","","","","",1,1,0,1,0,1,0,1,1,1,"","","","","","","","","","","","","","","","","","","","","","","","",30000,1,"","",1,1,0,1,"","","","","","","","","","",4,1,230,1,"","","","","","","","","","","","","","","","","","","","","","","","","","","","","","","","","","","","","","","","","","","","","","","","","","","",""
"83069002","PORQUEROLLES",43.,6.226833,135,1981101918,"","","","",8.,1,300,1,"","","","","","","","","","","","","","","","","","","","","","","","","","","","",17.,1,9.1,1,"","","","","","","","","","","","","","","","","","","","","","","","","","",61,1,"","","","","","","","","","","","",11.8,1,1017.,1,"","","","","","",0,1,"","",0,1,0,1,0,1,"","","","","","","","","","","","","","","","","","","","","","","","",30000,1,"","",2,1,0,1,"","","","","","","","","","",4,1,230,1,"","","","","","","","","","","","","","","","","","","","","","","","","","","","","","","","","","","","","","","","","","","","","","","","","","","",""
"83069002","PORQUEROLLES",43.,6.226833,135,1981101921,"","","","",5.,1,300,1,"","","","","","","","","","","","","","","","","","","","","","","","","","","","",15.2,1,9.6,1,"","","","","","","","","","","","","","","","","","","","","","","","","","",71,1,"","","","","","","","","","","","",12.2,1,1017.6,1,"","","","","","",0,1,"","",0,1,0,1,0,1,"","","","","","","","","","","","","","","","","","","","","","","","",25000,1,"","",2,1,0,1,"","","","","","","","","","",3,1,230,1,"","","","","","","","","","","","","","","","","","","","","","","","","","","","","","","","","","","","","","","","","","","","","","","","","","","",""
"83069002","PORQUEROLLES",43.,6.226833,135,1981102000,"","","","",3.,1,40,1,"","","","","","","","","","","","","","","","","","","","","","","","","","","","",14.,1,10.4,1,"","","","","","","","","","","","","","","","","","","","","","","","","","",82,1,"","","","","","","","","","","","",12.9,1,1017.3,1,"","","","","","","","","","","","","","","","","","","","","","","","","","","","","","","","","","","","","","","","","","","","","","","","","","","","","","","","","","","","","","","","","","","","","","","","","","","","","","","","","","","","","","","","","","","","","","","","","","","","","","","","","","","","","","","","","",""
"83069002","PORQUEROLLES",43.,6.226833,135,1981102003,"","","","",2.,1,340,1,"","","","","","","","","","","","","","","","","","","","","","","","","","","","",14.4,1,11.8,1,"","","","","","","","","","","","","","","","","","","","","","","","","","",87,1,"","","","","","","","","","","","",14.2,1,1016.6,1,"","","","","","",4,1,0,1,0,1,0,1,8,1,"","","","","","","","","","","","","","","","","","","","","","","","",20000,1,"","",0,1,"","","","","","","","","","","","",2,1,0,1,"","","","","","","","","","","","","","","","","","","","","","","","","","","","","","","","","","","","","","","","","","","","","","","","","","","",""
"83069002","PORQUEROLLES",43.,6.226833,135,1981102006,"","","","",1.,1,280,1,"","","","","","","","","","","","","","","","","","","","","","","","","","","","",14.4,1,11.8,1,"","","","","","","","","","","","","","","","","","","","","","","","","","",87,1,"","","","","","","","","","","","",14.2,1,1015.9,1,"","","","","","",7,1,7,1,0,1,7,1,"","","","","","","","","","","","","","","","","","","","","","","","","","",14000,1,"","",3,1,1,1,"","",0,1,"","","","","","",2,1,0,1,"","","","","","","","","","","","","","","","","","","","","","","","","","","","","","","","","","","","","","","","","","","","","","","","","","","",""
"83069002","PORQUEROLLES",43.,6.226833,135,1981102009,"","","","",1.,1,280,1,"","","","","","","","","","","","","","","","","","","","","","","","","","","","",16.,1,13.1,1,"","","","","","","","","","","","","","","","","","","","","","","","","","",85,1,"","","","","","","","","","","","",15.5,1,1016.,1,"","","","","","",4,1,0,1,5,1,0,1,0,1,"","","","","","","","","","","","","","","","","","","","","","","","",11000,1,"","",1,1,1,1,"","","","","","","","","","",2,1,0,1,"","","","","","","","","","","","","","","","","","","","","","","","","","","","","","","","","","","","","","","","","","","","","","","","","","","",""
"83069002","PORQUEROLLES",43.,6.226833,135,1981102012,"","","","",3.,1,260,1,"","","","","","","","","","","","","","","","","","","","","","","","","","","","",18.6,1,14.8,1,"","","","","","","","","","","","","","","","","","","","","","","","","","",81,1,"","","","","","","","","","","","",17.3,1,1014.1,1,"","","","","","",3,1,0,1,0,1,0,1,1,1,"","","","","","","","","","","","","","","","","","","","","","","","",14000,1,"","",1,1,1,1,"","","","","","","","","","",2,1,0,1,"","","","","","","","","","","","","","","","","","","","","","","","","","","","","","","","","","","","","","","","","","","","","","","","","","","",""
"83069002","PORQUEROLLES",43.,6.226833,135,1981102015,"","","","",6.,1,260,1,"","","","","","","","","","","","","","","","","","","","","","","","","","","","",17.,1,13.1,1,"","","","","","","","","","","","","","","","","","","","","","","","","","",80,1,"","","","","","","","","","","","",15.5,1,1012.3,1,"","","","","","",3,1,0,1,0,1,0,1,1,1,"","","","","","","","","","","","","","","","","","","","","","","","",14000,1,"","",2,1,1,1,"","","","","","","","","","",2,1,0,1,"","","","","","","","","","","","","","","","","","","","","","","","","","","","","","","","","","","","","","","","","","","","","","","","","","","",""
"83069002","PORQUEROLLES",43.,6.226833,135,1981102018,"","","","",6.,1,260,1,"","","","","","","","","","","","","","","","","","","","","","","","","","","","",15.,1,12.8,1,"","","","","","","","","","","","","","","","","","","","","","","","","","",89,1,"","","","","","","","","","","","",15.2,1,1011.8,1,"","","","","","",3,1,0,1,0,1,0,1,1,1,"","","","","","","","","","","","","","","","","","","","","","","","",14000,1,"","",2,1,1,1,"","","","","","","","","","",2,1,0,1,"","","","","","","","","","","","","","","","","","","","","","","","","","","","","","","","","","","","","","","","","","","","","","","","","","","",""
"83069002","PORQUEROLLES",43.,6.226833,135,1981102021,"","","","",6.,1,280,1,"","","","","","","","","","","","","","","","","","","","","","","","","","","","",15.,1,12.8,1,"","","","","","","","","","","","","","","","","","","","","","","","","","",89,1,"","","","","","","","","","","","",15.2,1,1011.8,1,"","","","","","",0,1,"","",0,1,0,1,0,1,"","","","","","","","","","","","","","","","","","","","","","","","",14000,1,"","",1,1,0,1,"","","","","","","","","","",2,1,0,1,"","","","","","","","","","","","","","","","","","","","","","","","","","","","","","","","","","","","","","","","","","","","","","","","","","","",""
"83069002","PORQUEROLLES",43.,6.226833,135,1981102100,"","","","",3.,1,280,1,"","","","","","","","","","","","","","","","","","","","","","","","","","","","",15.,1,12.8,1,"","","","","","","","","","","","","","","","","","","","","","","","","","",89,1,"","","","","","","","","","","","",15.2,1,1009.8,1,"","","","","","","","","","","","","","","","","","","","","","","","","","","","","","","","","","","","","","","","","","","","","","","","","","","","","","","","","","","","","","","","","","","","","","","","","","","","","","","","","","","","","","","","","","","","","","","","","","","","","","","","","","","","","","","","","",""
"83069002","PORQUEROLLES",43.,6.226833,135,1981102103,"","","","",3.,1,280,1,"","","","","","","","","","","","","","","","","","","","","","","","","","","","",15.,1,12.8,1,"","","","","","","","","","","","","","","","","","","","","","","","","","",89,1,"","","","","","","","","","","","",15.2,1,1009.8,1,"","","","","","",0,1,"","",0,1,0,1,0,1,"","","","","","","","","","","","","","","","","","","","","","","","",11000,1,"","",0,1,"","","","","","","","","","","","",2,1,0,1,"","","","","","","","","","","","","","","","","","","","","","","","","","","","","","","","","","","","","","","","","","","","","","","","","","","",""
"83069002","PORQUEROLLES",43.,6.226833,135,1981102106,"","","","",6.,1,280,1,"","","","","","","","","","","","","","","","","","","","","","","","","","","","",14.,1,12.7,1,"","","","","","","","","","","","","","","","","","","","","","","","","","",94,1,"","","","","","","","","","","","",15.1,1,1009.9,1,"","","","","","",6,1,6,1,5,1,2,1,"","","","","","","","","","","","","","","","","","","","","","","","","","",14000,1,"","",3,1,1,1,"","",0,1,"","","","","","",2,1,0,1,"","","","","","","","","","","","","","","","","","","","","","","","","","","","","","","","","","","","","","","","","","","","","","","","","","","",""
"83069002","PORQUEROLLES",43.,6.226833,135,1981102109,"","","","",6.,1,280,1,"","","","","","","","","","","","","","","","","","","","","","","","","","","","",13.6,1,12.4,1,"","","","","","","","","","","","","","","","","","","","","","","","","","",95,1,"","","","","","","","","","","","",14.8,1,1009.,1,"","","","","","",8,1,8,1,0,1,7,1,"","","","","","","","","","","","","","","","","","","","","","","","","","",8000,1,"","",1,1,6,1,"","","","","","","","","","",3,1,270,1,"","","","","","","","","","","","","","","","","","","","","","","","","","","","","","","","","","","","","","","","","","","","","","","","","","","",""
"83069002","PORQUEROLLES",43.,6.226833,135,1981102112,"","","","",8.,1,280,1,"","","","","","","","","","","","","","","","","","","","","","","","","","","","",15.8,1,11.3,1,"","","","","","","","","","","","","","","","","","","","","","","","","","",76,1,"","","","","","","","","","","","",13.7,1,1007.8,1,"","","","","","",5,1,0,1,2,1,4,1,2,1,"","","","","","","","","","","","","","","","","","","","","","","","",25000,1,"","",1,1,6,1,"","","","","","","","","","",3,1,270,1,"","","","","","","","","","","","","","","","","","","","","","","","","","","","","","","","","","","","","","","","","","","","","","","","","","","",""
"83069002","PORQUEROLLES",43.,6.226833,135,1981102115,"","","","",7.,1,280,1,"","","","","","","","","","","","","","","","","","","","","","","","","","","","",15.8,1,12.2,1,"","","","","","","","","","","","","","","","","","","","","","","","","","",81,1,"","","","","","","","","","","","",14.6,1,1007.1,1,"","","","","","",5,1,0,1,2,1,4,1,0,1,"","","","","","","","","","","","","","","","","","","","","","","","",25000,1,"","",2,1,2,1,"","","","","","","","","","",3,1,270,1,"","","","","","","","","","","","","","","","","","","","","","","","","","","","","","","","","","","","","","","","","","","","","","","","","","","",""
"83069002","PORQUEROLLES",43.,6.226833,135,1981102118,"","","","",9.,1,280,1,"","","","","","","","","","","","","","","","","","","","","","","","","","","","",14.,1,5.4,1,"","","","","","","","","","","","","","","","","","","","","","","","","","",57,1,"","","","","","","","","","","","",9.1,1,1008.,1,"","","","","","",8,1,8,1,0,1,7,1,"","","","","","","","","","","","","","","","","","","","","","","","","","",25000,1,"","",3,1,2,1,"","","","","","","","","","",4,1,270,1,"","","","","","","","","","","","","","","","","","","","","","","","","","","","","","","","","","","","","","","","","","","","","","","","","","","",""
"83069002","PORQUEROLLES",43.,6.226833,135,1981102121,"","","","",7.,1,300,1,"","","","","","","","","","","","","","","","","","","","","","","","","","","","",13.9,1,2.5,1,"","","","","","","","","","","","","","","","","","","","","","","","","","",47,1,"","","","","","","","","","","","",7.4,1,1008.5,1,"","","","","","",8,1,8,1,0,1,7,1,"","","","","","","","","","","","","","","","","","","","","","","","","","",20000,1,"","",2,1,2,1,"","","","","","","","","","",4,1,270,1,"","","","","","","","","","","","","","","","","","","","","","","","","","","","","","","","","","","","","","","","","","","","","","","","","","","",""
"83069002","PORQUEROLLES",43.,6.226833,135,1981102200,"","","","",8.,1,300,1,"","","","","","","","","","","","","","","","","","","","","","","","","","","","",11.6,1,-1.3,1,"","","","","","","","","","","","","","","","","","","","","","","","","","",40,1,"","","","","","","","","","","","",5.5,1,1008.,1,"","","","","","","","","","","","","","","","","","","","","","","","","","","","","","","","","","","","","","","","","","","","","","","","","","","","","","","","","","","","","","","","","","","","","","","","","","","","","","","","","","","","","","","","","","","","","","","","","","","","","","","","","","","","","","","","","",""
"83069002","PORQUEROLLES",43.,6.226833,135,1981102203,"","","","",8.,1,300,1,"","","","","","","","","","","","","","","","","","","","","","","","","","","","",10.6,1,1.6,1,"","","","","","","","","","","","","","","","","","","","","","","","","","",54,1,"","","","","","","","","","","","",6.9,1,1006.3,1,"","","","","","",0,1,"","",0,1,0,1,0,1,"","","","","","","","","","","","","","","","","","","","","","","","",30000,1,"","",0,1,"","","","","","","","","","","","",4,1,270,1,"","","","","","","","","","","","","","","","","","","","","","","","","","","","","","","","","","","","","","","","","","","","","","","","","","","",""
"83069002","PORQUEROLLES",43.,6.226833,135,1981102206,"","","","",12.,1,300,1,"","","","","","","","","","","","","","","","","","","","","","","","","","","","",9.8,1,1.6,1,"","","","","","","","","","","","","","","","","","","","","","","","","","",57,1,"","","","","","","","","","","","",6.9,1,1006.6,1,"","","","","","",2,1,0,1,2,1,0,1,0,1,"","","","","","","","","","","","","","","","","","","","","","","","",30000,1,"","",3,1,0,1,"","",0,1,"","","","","","",4,1,270,1,"","","","","","","","","","","","","","","","","","","","","","","","","","","","","","","","","","","","","","","","","","","","","","","","","","","",""
"83069002","PORQUEROLLES",43.,6.226833,135,1981102209,"","","","",13.,1,300,1,"","","","","","","","","","","","","","","","","","","","","","","","","","","","",11.2,1,2.4,1,"","","","","","","","","","","","","","","","","","","","","","","","","","",55,1,"","","","","","","","","","","","",7.3,1,1008.4,1,"","","","","","",1,1,0,1,1,1,0,1,0,1,"","","","","","","","","","","","","","","","","","","","","","","","",35000,1,"","",1,1,0,1,"","","","","","","","","","",4,1,270,1,"","","","","","","","","","","","","","","","","","","","","","","","","","","","","","","","","","","","","","","","","","","","","","","","","","","",""
"83069002","PORQUEROLLES",43.,6.226833,135,1981102212,"","","","",15.,1,280,1,"","","","","","","","","","","","","","","","","","","","","","","","","","","","",13.5,1,1.2,1,"","","","","","","","","","","","","","","","","","","","","","","","","","",43,1,"","","","","","","","","","","","",6.7,1,1009.,1,"","","","","","",1,1,0,1,1,1,0,1,1,1,"","","","","","","","","","","","","","","","","","","","","","","","",40000,1,"","",2,1,0,1,"","","","","","","","","","",4,1,270,1,"","","","","","","","","","","","","","","","","","","","","","","","","","","","","","","","","","","","","","","","","","","","","","","","","","","",""
"83069002","PORQUEROLLES",43.,6.226833,135,1981102215,"","","","",10.,1,300,1,"","","","","","","","","","","","","","","","","","","","","","","","","","","","",14.,1,1.4,1,"","","","","","","","","","","","","","","","","","","","","","","","","","",42,1,"","","","","","","","","","","","",6.8,1,1009.3,1,"","","","","","",2,1,0,1,1,1,0,1,2,1,"","","","","","","","","","","","","","","","","","","","","","","","",40000,1,"","",2,1,0,1,"","","","","","","","","","",4,1,270,1,"","","","","","","","","","","","","","","","","","","","","","","","","","","","","","","","","","","","","","","","","","","","","","","","","","","",""
"83069002","PORQUEROLLES",43.,6.226833,135,1981102218,"","","","",15.,1,320,1,"","","","","","","","","","","","","","","","","","","","","","","","","","","","",12.,1,1.4,1,"","","","","","","","","","","","","","","","","","","","","","","","","","",49,1,"","","","","","","","","","","","",6.8,1,1011.2,1,"","","","","","",0,1,"","",0,1,0,1,0,1,"","","","","","","","","","","","","","","","","","","","","","","","",35000,1,"","",2,1,0,1,"","","","","","","","","","",4,1,270,1,"","","","","","","","","","","","","","","","","","","","","","","","","","","","","","","","","","","","","","","","","","","","","","","","","","","",""
"83069002","PORQUEROLLES",43.,6.226833,135,1981102221,"","","","",7.,1,320,1,"","","","","","","","","","","","","","","","","","","","","","","","","","","","",11.2,1,1.2,1,"","","","","","","","","","","","","","","","","","","","","","","","","","",50,1,"","","","","","","","","","","","",6.7,1,1013.2,1,"","","","","","",0,1,"","",0,1,0,1,0,1,"","","","","","","","","","","","","","","","","","","","","","","","",35000,1,"","",2,1,0,1,"","","","","","","","","","",4,1,270,1,"","","","","","","","","","","","","","","","","","","","","","","","","","","","","","","","","","","","","","","","","","","","","","","","","","","",""
"83069002","PORQUEROLLES",43.,6.226833,135,1981102300,"","","","",4.,1,320,1,"","","","","","","","","","","","","","","","","","","","","","","","","","","","",10.4,1,2.9,1,"","","","","","","","","","","","","","","","","","","","","","","","","","",60,1,"","","","","","","","","","","","",7.6,1,1013.3,1,"","","","","","","","","","","","","","","","","","","","","","","","","","","","","","","","","","","","","","","","","","","","","","","","","","","","","","","","","","","","","","","","","","","","","","","","","","","","","","","","","","","","","","","","","","","","","","","","","","","","","","","","","","","","","","","","","",""
"83069002","PORQUEROLLES",43.,6.226833,135,1981102303,"","","","",3.,1,300,1,"","","","","","","","","","","","","","","","","","","","","","","","","","","","",10.2,1,1.6,1,"","","","","","","","","","","","","","","","","","","","","","","","","","",55,1,"","","","","","","","","","","","",6.9,1,1013.3,1,"","","","","","",4,1,0,1,0,1,0,1,2,1,"","","","","","","","","","","","","","","","","","","","","","","","",30000,1,"","",0,1,"","","","","","","","","","","","",3,1,270,1,"","","","","","","","","","","","","","","","","","","","","","","","","","","","","","","","","","","","","","","","","","","","","","","","","","","",""
"83069002","PORQUEROLLES",43.,6.226833,135,1981102306,"","","","",5.,1,280,1,"","","","","","","","","","","","","","","","","","","","","","","","","","","","",9.4,1,1.2,1,"","","","","","","","","","","","","","","","","","","","","","","","","","",56,1,"","","","","","","","","","","","",6.7,1,1013.7,1,"","","","","","",4,1,0,1,0,1,8,1,0,1,"","","","","","","","","","","","","","","","","","","","","","","","",30000,1,"","",2,1,0,1,"","",0,1,"","","","","","",3,1,270,1,"","","","","","","","","","","","","","","","","","","","","","","","","","","","","","","","","","","","","","","","","","","","","","","","","","","",""
"83069002","PORQUEROLLES",43.,6.226833,135,1981102309,"","","","",7.,1,300,1,"","","","","","","","","","","","","","","","","","","","","","","","","","","","",12.,1,2.9,1,"","","","","","","","","","","","","","","","","","","","","","","","","","",54,1,"","","","","","","","","","","","",7.6,1,1013.9,1,"","","","","","",4,1,0,1,0,1,0,1,2,1,"","","","","","","","","","","","","","","","","","","","","","","","",30000,1,"","",2,1,0,1,"","","","","","","","","","",3,1,270,1,"","","","","","","","","","","","","","","","","","","","","","","","","","","","","","","","","","","","","","","","","","","","","","","","","","","",""
"83069002","PORQUEROLLES",43.,6.226833,135,1981102312,"","","","",8.,1,280,1,"","","","","","","","","","","","","","","","","","","","","","","","","","","","",14.4,1,5.4,1,"","","","","","","","","","","","","","","","","","","","","","","","","","",56,1,"","","","","","","","","","","","",9.1,1,1013.,1,"","","","","","",2,1,0,1,3,1,0,1,0,1,"","","","","","","","","","","","","","","","","","","","","","","","",35000,1,"","",1,1,0,1,"","","","","","","","","","",4,1,270,1,"","","","","","","","","","","","","","","","","","","","","","","","","","","","","","","","","","","","","","","","","","","","","","","","","","","",""
"83069002","PORQUEROLLES",43.,6.226833,135,1981102315,"","","","",7.,1,280,1,"","","","","","","","","","","","","","","","","","","","","","","","","","","","",14.,1,4.5,1,"","","","","","","","","","","","","","","","","","","","","","","","","","",53,1,"","","","","","","","","","","","",8.5,1,1012.5,1,"","","","","","",2,1,0,1,3,1,0,1,0,1,"","","","","","","","","","","","","","","","","","","","","","","","",35000,1,"","",2,1,0,1,"","","","","","","","","","",4,1,270,1,"","","","","","","","","","","","","","","","","","","","","","","","","","","","","","","","","","","","","","","","","","","","","","","","","","","",""
"83069002","PORQUEROLLES",43.,6.226833,135,1981102318,"","","","",6.,1,300,1,"","","","","","","","","","","","","","","","","","","","","","","","","","","","",11.,1,2.7,1,"","","","","","","","","","","","","","","","","","","","","","","","","","",57,1,"","","","","","","","","","","","",7.5,1,1014.7,1,"","","","","","",0,1,"","",0,1,0,1,0,1,"","","","","","","","","","","","","","","","","","","","","","","","",30000,1,"","",2,1,0,1,"","","","","","","","","","",3,1,270,1,"","","","","","","","","","","","","","","","","","","","","","","","","","","","","","","","","","","","","","","","","","","","","","","","","","","",""
"83069002","PORQUEROLLES",43.,6.226833,135,1981102321,"","","","",10.,1,320,1,"","","","","","","","","","","","","","","","","","","","","","","","","","","","",10.,1,1.8,1,"","","","","","","","","","","","","","","","","","","","","","","","","","",57,1,"","","","","","","","","","","","",7.,1,1015.3,1,"","","","","","",0,1,"","",0,1,0,1,0,1,"","","","","","","","","","","","","","","","","","","","","","","","",30000,1,"","",2,1,0,1,"","","","","","","","","","",4,1,270,1,"","","","","","","","","","","","","","","","","","","","","","","","","","","","","","","","","","","","","","","","","","","","","","","","","","","",""
"83069002","PORQUEROLLES",43.,6.226833,135,1981102400,"","","","",5.,1,340,1,"","","","","","","","","","","","","","","","","","","","","","","","","","","","",8.8,1,-0.9,1,"","","","","","","","","","","","","","","","","","","","","","","","","","",50,1,"","","","","","","","","","","","",5.7,1,1016.,1,"","","","","","","","","","","","","","","","","","","","","","","","","","","","","","","","","","","","","","","","","","","","","","","","","","","","","","","","","","","","","","","","","","","","","","","","","","","","","","","","","","","","","","","","","","","","","","","","","","","","","","","","","","","","","","","","","",""
"83069002","PORQUEROLLES",43.,6.226833,135,1981102403,"","","","",5.,1,340,1,"","","","","","","","","","","","","","","","","","","","","","","","","","","","",8.2,1,1.4,1,"","","","","","","","","","","","","","","","","","","","","","","","","","",62,1,"","","","","","","","","","","","",6.8,1,1016.5,1,"","","","","","",0,1,"","",0,1,0,1,0,1,"","","","","","","","","","","","","","","","","","","","","","","","",30000,1,"","",0,1,"","","","","","","","","","","","",3,1,"","","","","","","","","","","","","","","","","","","","","","","","","","","","","","","","","","","","","","","","","","","","","","","","","","","","","",""
"83069002","PORQUEROLLES",43.,6.226833,135,1981102406,"","","","",4.,1,360,1,"","","","","","","","","","","","","","","","","","","","","","","","","","","","",8.2,1,1.4,1,"","","","","","","","","","","","","","","","","","","","","","","","","","",62,1,"","","","","","","","","","","","",6.8,1,1017.,1,"","","","","","",0,1,"","",0,1,0,1,0,1,"","","","","","","","","","","","","","","","","","","","","","","","","","","","",4,1,0,1,"","",0,1,"","","","","","",3,1,310,1,"","","","","","","","","","","","","","","","","","","","","","","","","","","","","","","","","","","","","","","","","","","","","","","","","","","",""
"83069002","PORQUEROLLES",43.,6.226833,135,1981102409,"","","","",2.,1,360,1,"","","","","","","","","","","","","","","","","","","","","","","","","","","","",10.8,1,1.8,1,"","","","","","","","","","","","","","","","","","","","","","","","","","",54,1,"","","","","","","","","","","","",7.,1,1018.3,1,"","","","","","",0,1,"","",0,1,0,1,0,1,"","","","","","","","","","","","","","","","","","","","","","","","",35000,1,"","",2,1,0,1,"","","","","","","","","","",3,1,"","","","","","","","","","","","","","","","","","","","","","","","","","","","","","","","","","","","","","","","","","","","","","","","","","","","","",""
"83069002","PORQUEROLLES",43.,6.226833,135,1981102412,"","","","",2.,1,280,1,"","","","","","","","","","","","","","","","","","","","","","","","","","","","",15.,1,4.7,1,"","","","","","","","","","","","","","","","","","","","","","","","","","",51,1,"","","","","","","","","","","","",8.6,1,1017.,1,"","","","","","",0,1,"","",0,1,0,1,0,1,"","","","","","","","","","","","","","","","","","","","","","","","",35000,1,"","",2,1,0,1,"","","","","","","","","","",2,1,"","","","","","","","","","","","","","","","","","","","","","","","","","","","","","","","","","","","","","","","","","","","","","","","","","","","","",""
"83069002","PORQUEROLLES",43.,6.226833,135,1981102415,"","","","",2.,1,20,1,"","","","","","","","","","","","","","","","","","","","","","","","","","","","",15.5,1,3.8,1,"","","","","","","","","","","","","","","","","","","","","","","","","","",46,1,"","","","","","","","","","","","",8.1,1,1016.8,1,"","","","","","",0,1,"","",0,1,0,1,0,1,"","","","","","","","","","","","","","","","","","","","","","","","",35000,1,"","",2,1,0,1,"","","","","","","","","","",2,1,"","","","","","","","","","","","","","","","","","","","","","","","","","","","","","","","","","","","","","","","","","","","","","","","","","","","","",""
"83069002","PORQUEROLLES",43.,6.226833,135,1981102418,"","","","",1.,1,100,1,"","","","","","","","","","","","","","","","","","","","","","","","","","","","",12.,1,6.6,1,"","","","","","","","","","","","","","","","","","","","","","","","","","",70,1,"","","","","","","","","","","","",9.9,1,1017.1,1,"","","","","","",0,1,"","",0,1,0,1,0,1,"","","","","","","","","","","","","","","","","","","","","","","","",30000,1,"","",2,1,0,1,"","","","","","","","","","",2,1,"","","","","","","","","","","","","","","","","","","","","","","","","","","","","","","","","","","","","","","","","","","","","","","","","","","","","",""
"83069002","PORQUEROLLES",43.,6.226833,135,1981102421,"","","","",4.,1,20,1,"","","","","","","","","","","","","","","","","","","","","","","","","","","","",10.5,1,6.1,1,"","","","","","","","","","","","","","","","","","","","","","","","","","",75,1,"","","","","","","","","","","","",9.5,1,1018.4,1,"","","","","","",0,1,"","",0,1,0,1,0,1,"","","","","","","","","","","","","","","","","","","","","","","","",25000,1,"","",2,1,0,1,"","","","","","","","","","",2,1,"","","","","","","","","","","","","","","","","","","","","","","","","","","","","","","","","","","","","","","","","","","","","","","","","","","","","",""
"83069002","PORQUEROLLES",43.,6.226833,135,1981102500,"","","","",1.,1,280,1,"","","","","","","","","","","","","","","","","","","","","","","","","","","","",11.2,1,7.3,1,"","","","","","","","","","","","","","","","","","","","","","","","","","",78,1,"","","","","","","","","","","","",10.4,1,1018.2,1,"","","","","","","","","","","","","","","","","","","","","","","","","","","","","","","","","","","","","","","","","","","","","","","","","","","","","","","","","","","","","","","","","","","","","","","","","","","","","","","","","","","","","","","","","","","","","","","","","","","","","","","","","","","","","","","","","",""
"83069002","PORQUEROLLES",43.,6.226833,135,1981102503,"","","","",3.,1,360,1,"","","","","","","","","","","","","","","","","","","","","","","","","","","","",8.5,1,6.2,1,"","","","","","","","","","","","","","","","","","","","","","","","","","",86,1,"","","","","","","","","","","","",9.6,1,1017.3,1,"","","","","","",0,1,"","",0,1,0,1,0,1,"","","","","","","","","","","","","","","","","","","","","","","","",25000,1,"","",0,1,"","","","","","","","","","","","",2,1,0,1,"","","","","","","","","","","","","","","","","","","","","","","","","","","","","","","","","","","","","","","","","","","","","","","","","","","",""
"83069002","PORQUEROLLES",43.,6.226833,135,1981102506,"","","","",5.,1,360,1,"","","","","","","","","","","","","","","","","","","","","","","","","","","","",8.5,1,3.8,1,"","","","","","","","","","","","","","","","","","","","","","","","","","",73,1,"","","","","","","","","","","","",8.1,1,1016.9,1,"","","","","","",0,1,"","",0,1,0,1,0,1,"","","","","","","","","","","","","","","","","","","","","","","","",20000,1,"","",2,1,0,1,"","",0,1,"","","","","","",2,1,"","","","","","","","","","","","","","","","","","","","","","","","","","","","","","","","","","","","","","","","","","","","","","","","","","","","","",""
"83069002","PORQUEROLLES",43.,6.226833,135,1981102509,"","","","",4.,1,340,1,"","","","","","","","","","","","","","","","","","","","","","","","","","","","",11.5,1,5.1,1,"","","","","","","","","","","","","","","","","","","","","","","","","","",66,1,"","","","","","","","","","","","",8.9,1,1018.2,1,"","","","","","",3,1,0,1,0,1,4,1,1,1,"","","","","","","","","","","","","","","","","","","","","","","","",25000,1,"","",3,1,0,1,"","","","","","","","","","",3,1,270,1,"","","","","","","","","","","","","","","","","","","","","","","","","","","","","","","","","","","","","","","","","","","","","","","","","","","",""
"83069002","PORQUEROLLES",43.,6.226833,135,1981102512,"","","","",12.,1,280,1,"","","","","","","","","","","","","","","","","","","","","","","","","","","","",15.8,1,8.1,1,"","","","","","","","","","","","","","","","","","","","","","","","","","",61,1,"","","","","","","","","","","","",11.,1,1016.2,1,"","","","","","",4,1,0,1,0,1,4,1,2,1,"","","","","","","","","","","","","","","","","","","","","","","","",30000,1,"","",2,1,0,1,"","","","","","","","","","",3,1,270,1,"","","","","","","","","","","","","","","","","","","","","","","","","","","","","","","","","","","","","","","","","","","","","","","","","","","",""
"83069002","PORQUEROLLES",43.,6.226833,135,1981102515,"","","","",7.,1,280,1,"","","","","","","","","","","","","","","","","","","","","","","","","","","","",13.,1,10.5,1,"","","","","","","","","","","","","","","","","","","","","","","","","","",87,1,"","","","","","","","","","","","",13.,1,1015.6,1,"","","","","","",6,1,5,1,2,1,0,1,2,1,"","","","","","","","","","","","","","","","","","","","","","","","",20000,1,"","",3,1,1,1,"","","","","","","","","","",3,1,270,1,"","","","","","","","","","","","","","","","","","","","","","","","","","","","","","","","","","","","","","","","","","","","","","","","","","","",""
"83069002","PORQUEROLLES",43.,6.226833,135,1981102518,"","","","",5.,1,300,1,"","","","","","","","","","","","","","","","","","","","","","","","","","","","",12.8,1,11.3,1,"","","","","","","","","","","","","","","","","","","","","","","","","","",93,1,"","","","","","","","","","","","",13.7,1,1014.8,1,"","","","","","",6,1,5,1,2,1,0,1,2,1,"","","","","","","","","","","","","","","","","","","","","","","","",15000,1,"","",3,1,2,1,"","","","","","","","","","",3,1,270,1,"","","","","","","","","","","","","","","","","","","","","","","","","","","","","","","","","","","","","","","","","","","","","","","","","","","",""
"83069002","PORQUEROLLES",43.,6.226833,135,1981102521,"","","","",4.,1,260,1,"","","","","","","","","","","","","","","","","","","","","","","","","","","","",13.2,1,10.6,1,"","","","","","","","","","","","","","","","","","","","","","","","","","",85,1,"","","","","","","","","","","","",13.1,1,1013.3,1,"","","","","","",6,1,5,1,2,1,0,1,2,1,"","","","","","","","","","","","","","","","","","","","","","","","",15000,1,"","",2,1,2,1,"","","","","","","","","","",3,1,270,1,"","","","","","","","","","","","","","","","","","","","","","","","","","","","","","","","","","","","","","","","","","","","","","","","","","","",""
"83069002","PORQUEROLLES",43.,6.226833,135,1981102600,"","","","",4.,1,160,1,"","","","","","","","","","","","","","","","","","","","","","","","","","","","",11.,1,11.,1,"","","","","","","","","","","","","","","","","","","","","","","","","","",100,1,"","","","","","","","","","","","",13.1,1,1009.8,1,"","","","","","","","","","","","","","","","","","","","","","","","","","","","","","","","","","","","","","","","","","","","","","","","","","","","","","","","","","","","","","","","","","","","","","","","","","","","","","","","","","","","","","","","","","","","","","","","","","","","","","","","","","","","","","","","","",""
"83069002","PORQUEROLLES",43.,6.226833,135,1981102603,"","","","",10.,1,20,1,"","","","","","","","","","","","","","","","","","","","","","","","","","","","",10.,1,10.,1,"","","","","","","","","","","","","","","","","","","","","","","","","","",100,1,"","","","","","","","","","","","",12.3,1,1006.2,1,"","","","","","",8,1,8,1,7,1,"","","","","","","","","","","","","","","","","","","","","","","","","","","","",5000,1,"","",63,1,"","","","","","","","","","","","",3,1,270,1,"","","","","","","","","","","","","","","","","","","","","","","","","","","","","","","","","","","","","","","","","","","","","","","","","","","",""
"83069002","PORQUEROLLES",43.,6.226833,135,1981102606,"","","","",4.,1,320,1,"","","","","","","","","","","","","","","","","","","","","","","","","","","","",8.1,1,8.1,1,"","","","","","","","","","","","","","","","","","","","","","","","","","",100,1,"","","","","","","","","","","","",10.8,1,1006.3,1,"","","","","","",8,1,8,1,5,1,"","","","","","","","","","","","","","","","","","","","","","","","","","","","",30000,1,"","",1,1,6,1,"","",0,1,"","","","","","",3,1,270,1,"","","","","","","","","","","","","","","","","","","","","","","","","","","","","","","","","","","","","","","","","","","","","","","","","","","",""
"83069002","PORQUEROLLES",43.,6.226833,135,1981102609,"","","","",5.,1,320,1,"","","","","","","","","","","","","","","","","","","","","","","","","","","","",9.5,1,7.6,1,"","","","","","","","","","","","","","","","","","","","","","","","","","",89,1,"","","","","","","","","","","","",10.6,1,1006.7,1,"","","","","","",7,1,7,1,1,1,7,1,"","","","","","","","","","","","","","","","","","","","","","","","","","",30000,1,"","",2,1,2,1,"","","","","","","","","","",3,1,270,1,"","","","","","","","","","","","","","","","","","","","","","","","","","","","","","","","","","","","","","","","","","","","","","","","","","","",""
"83069002","PORQUEROLLES",43.,6.226833,135,1981102612,"","","","",13.,1,300,1,"","","","","","","","","","","","","","","","","","","","","","","","","","","","",10.8,1,4.,1,"","","","","","","","","","","","","","","","","","","","","","","","","","",63,1,"","","","","","","","","","","","",8.2,1,1005.6,1,"","","","","","",6,1,6,1,1,1,7,1,0,1,"","","","","","","","","","","","","","","","","","","","","","","","",35000,1,"","",2,1,2,1,"","","","","","","","","","",4,1,270,1,"","","","","","","","","","","","","","","","","","","","","","","","","","","","","","","","","","","","","","","","","","","","","","","","","","","",""
"83069002","PORQUEROLLES",43.,6.226833,135,1981102615,"","","","",12.,1,320,1,"","","","","","","","","","","","","","","","","","","","","","","","","","","","",12.,1,4.1,1,"","","","","","","","","","","","","","","","","","","","","","","","","","",59,1,"","","","","","","","","","","","",8.3,1,1004.5,1,"","","","","","",3,1,0,1,1,1,4,1,2,1,"","","","","","","","","","","","","","","","","","","","","","","","",35000,1,"","",1,1,1,1,"","","","","","","","","","",4,1,270,1,"","","","","","","","","","","","","","","","","","","","","","","","","","","","","","","","","","","","","","","","","","","","","","","","","","","",""
"83069002","PORQUEROLLES",43.,6.226833,135,1981102618,"","","","",12.,1,340,1,"","","","","","","","","","","","","","","","","","","","","","","","","","","","",10.5,1,3.6,1,"","","","","","","","","","","","","","","","","","","","","","","","","","",63,1,"","","","","","","","","","","","",8.,1,1005.,1,"","","","","","",3,1,0,1,1,1,4,1,0,1,"","","","","","","","","","","","","","","","","","","","","","","","",35000,1,"","",2,1,1,1,"","","","","","","","","","",4,1,270,1,"","","","","","","","","","","","","","","","","","","","","","","","","","","","","","","","","","","","","","","","","","","","","","","","","","","",""
"83069002","PORQUEROLLES",43.,6.226833,135,1981102621,"","","","",13.,1,320,1,"","","","","","","","","","","","","","","","","","","","","","","","","","","","",9.4,1,4.8,1,"","","","","","","","","","","","","","","","","","","","","","","","","","",74,1,"","","","","","","","","","","","",8.7,1,1005.7,1,"","","","","","",0,1,"","",0,1,0,1,0,1,"","","","","","","","","","","","","","","","","","","","","","","","",35000,1,"","",1,1,0,1,"","","","","","","","","","",4,1,270,1,"","","","","","","","","","","","","","","","","","","","","","","","","","","","","","","","","","","","","","","","","","","","","","","","","","","",""
"83069002","PORQUEROLLES",43.,6.226833,135,1981102700,"","","","",13.,1,320,1,"","","","","","","","","","","","","","","","","","","","","","","","","","","","",9.,1,2.8,1,"","","","","","","","","","","","","","","","","","","","","","","","","","",65,1,"","","","","","","","","","","","",7.5,1,1004.3,1,"","","","","","","","","","","","","","","","","","","","","","","","","","","","","","","","","","","","","","","","","","","","","","","","","","","","","","","","","","","","","","","","","","","","","","","","","","","","","","","","","","","","","","","","","","","","","","","","","","","","","","","","","","","","","","","","","",""
"83069002","PORQUEROLLES",43.,6.226833,135,1981102703,"","","","",14.,1,320,1,"","","","","","","","","","","","","","","","","","","","","","","","","","","","",8.5,1,2.6,1,"","","","","","","","","","","","","","","","","","","","","","","","","","",66,1,"","","","","","","","","","","","",7.4,1,1003.8,1,"","","","","","",0,1,"","",0,1,0,1,0,1,"","","","","","","","","","","","","","","","","","","","","","","","",30000,1,"","",0,1,"","","","","","","","","","","","",4,1,270,1,"","","","","","","","","","","","","","","","","","","","","","","","","","","","","","","","","","","","","","","","","","","","","","","","","","","",""
"83069002","PORQUEROLLES",43.,6.226833,135,1981102706,"","","","",13.,1,320,1,"","","","","","","","","","","","","","","","","","","","","","","","","","","","",8.,1,3.3,1,"","","","","","","","","","","","","","","","","","","","","","","","","","",72,1,"","","","","","","","","","","","",7.8,1,1002.7,1,"","","","","","",3,1,0,1,1,1,4,1,2,1,"","","","","","","","","","","","","","","","","","","","","","","","",35000,1,"","",3,1,0,1,"","",0,1,"","","","","","",5,1,270,1,"","","","","","","","","","","","","","","","","","","","","","","","","","","","","","","","","","","","","","","","","","","","","","","","","","","",""
"83069002","PORQUEROLLES",43.,6.226833,135,1981102709,"","","","",15.,1,320,1,"","","","","","","","","","","","","","","","","","","","","","","","","","","","",10.5,1,3.7,1,"","","","","","","","","","","","","","","","","","","","","","","","","","",63,1,"","","","","","","","","","","","",8.,1,1002.5,1,"","","","","","",3,1,0,1,1,1,4,1,2,1,"","","","","","","","","","","","","","","","","","","","","","","","",35000,1,"","",2,1,0,1,"","","","","","","","","","",5,1,270,1,"","","","","","","","","","","","","","","","","","","","","","","","","","","","","","","","","","","","","","","","","","","","","","","","","","","",""
"83069002","PORQUEROLLES",43.,6.226833,135,1981102712,"","","","",10.,1,360,1,"","","","","","","","","","","","","","","","","","","","","","","","","","","","",13.5,1,4.,1,"","","","","","","","","","","","","","","","","","","","","","","","","","",56,1,"","","","","","","","","","","","",8.2,1,1004.7,1,"","","","","","",2,1,0,1,1,1,4,1,0,1,"","","","","","","","","","","","","","","","","","","","","","","","",35000,1,"","",1,1,0,1,"","","","","","","","","","",5,1,270,1,"","","","","","","","","","","","","","","","","","","","","","","","","","","","","","","","","","","","","","","","","","","","","","","","","","","",""
"83069002","PORQUEROLLES",43.,6.226833,135,1981102715,"","","","",7.,1,320,1,"","","","","","","","","","","","","","","","","","","","","","","","","","","","",14.5,1,6.1,1,"","","","","","","","","","","","","","","","","","","","","","","","","","",58,1,"","","","","","","","","","","","",9.5,1,1007.8,1,"","","","","","",2,1,0,1,1,1,4,1,0,1,"","","","","","","","","","","","","","","","","","","","","","","","",35000,1,"","",2,1,0,1,"","","","","","","","","","",4,1,270,1,"","","","","","","","","","","","","","","","","","","","","","","","","","","","","","","","","","","","","","","","","","","","","","","","","","","",""
"83069002","PORQUEROLLES",43.,6.226833,135,1981102718,"","","","",8.,1,360,1,"","","","","","","","","","","","","","","","","","","","","","","","","","","","",12.5,1,3.5,1,"","","","","","","","","","","","","","","","","","","","","","","","","","",55,1,"","","","","","","","","","","","",7.9,1,1010.9,1,"","","","","","",0,1,"","",0,1,0,1,0,1,"","","","","","","","","","","","","","","","","","","","","","","","",30000,1,"","",1,1,0,1,"","","","","","","","","","",3,1,270,1,"","","","","","","","","","","","","","","","","","","","","","","","","","","","","","","","","","","","","","","","","","","","","","","","","","","",""
"83069002","PORQUEROLLES",43.,6.226833,135,1981102721,"","","","",16.,1,300,1,"","","","","","","","","","","","","","","","","","","","","","","","","","","","",12.5,1,5.5,1,"","","","","","","","","","","","","","","","","","","","","","","","","","",63,1,"","","","","","","","","","","","",9.1,1,1013.1,1,"","","","","","",0,1,"","",0,1,0,1,0,1,"","","","","","","","","","","","","","","","","","","","","","","","",30000,1,"","",2,1,0,1,"","","","","","","","","","",3,1,270,1,"","","","","","","","","","","","","","","","","","","","","","","","","","","","","","","","","","","","","","","","","","","","","","","","","","","",""
"83069002","PORQUEROLLES",43.,6.226833,135,1981102800,"","","","",10.,1,300,1,"","","","","","","","","","","","","","","","","","","","","","","","","","","","",11.,1,8.,1,"","","","","","","","","","","","","","","","","","","","","","","","","","","","","","","","","","","","","","","","",10.9,1,1013.6,1,"","","","","","","","","","","","","","","","","","","","","","","","","","","","","","","","","","","","","","","","","","","","","","","","","","","","","","","","","","","","","","","","","","","","","","","","","","","","","","","","","","","","","","","","","","","","","","","","","","","","","","","","","","","","","","","","","",""
"83069002","PORQUEROLLES",43.,6.226833,135,1981102803,"","","","",10.,1,280,1,"","","","","","","","","","","","","","","","","","","","","","","","","","","","",10.5,1,7.7,1,"","","","","","","","","","","","","","","","","","","","","","","","","","",84,1,"","","","","","","","","","","","",10.7,1,1016.6,1,"","","","","","",0,1,"","",0,1,0,1,0,1,"","","","","","","","","","","","","","","","","","","","","","","","",25000,1,"","",0,1,"","","","","","","","","","","","",3,1,270,1,"","","","","","","","","","","","","","","","","","","","","","","","","","","","","","","","","","","","","","","","","","","","","","","","","","","",""
"83069002","PORQUEROLLES",43.,6.226833,135,1981102806,"","","","",12.,1,300,1,"","","","","","","","","","","","","","","","","","","","","","","","","","","","",11.,1,6.6,1,"","","","","","","","","","","","","","","","","","","","","","","","","","",75,1,"","","","","","","","","","","","",9.9,1,1018.9,1,"","","","","","",2,1,0,1,1,1,4,1,0,1,"","","","","","","","","","","","","","","","","","","","","","","","",30000,1,"","",3,1,0,1,"","",0,1,"","","","","","",3,1,270,1,"","","","","","","","","","","","","","","","","","","","","","","","","","","","","","","","","","","","","","","","","","","","","","","","","","","",""
"83069002","PORQUEROLLES",43.,6.226833,135,1981102809,"","","","",11.,1,280,1,"","","","","","","","","","","","","","","","","","","","","","","","","","","","",13.4,1,7.3,1,"","","","","","","","","","","","","","","","","","","","","","","","","","",68,1,"","","","","","","","","","","","",10.4,1,1020.,1,"","","","","","",0,1,"","",0,1,0,1,0,1,"","","","","","","","","","","","","","","","","","","","","","","","",30000,1,"","",1,1,0,1,"","","","","","","","","","",4,1,270,1,"","","","","","","","","","","","","","","","","","","","","","","","","","","","","","","","","","","","","","","","","","","","","","","","","","","",""
"83069002","PORQUEROLLES",43.,6.226833,135,1981102812,"","","","",10.,1,280,1,"","","","","","","","","","","","","","","","","","","","","","","","","","","","",15.2,1,7.8,1,"","","","","","","","","","","","","","","","","","","","","","","","","","",63,1,"","","","","","","","","","","","",10.8,1,1020.6,1,"","","","","","",2,1,0,1,0,1,0,1,1,1,"","","","","","","","","","","","","","","","","","","","","","","","",30000,1,"","",3,1,0,1,"","","","","","","","","","",4,1,270,1,"","","","","","","","","","","","","","","","","","","","","","","","","","","","","","","","","","","","","","","","","","","","","","","","","","","",""
"83069002","PORQUEROLLES",43.,6.226833,135,1981102815,"","","","",13.,1,280,1,"","","","","","","","","","","","","","","","","","","","","","","","","","","","",15.1,1,8.9,1,"","","","","","","","","","","","","","","","","","","","","","","","","","",67,1,"","","","","","","","","","","","",11.6,1,1020.9,1,"","","","","","",2,1,0,1,0,1,0,1,1,1,"","","","","","","","","","","","","","","","","","","","","","","","",30000,1,"","",2,1,0,1,"","","","","","","","","","",4,1,270,1,"","","","","","","","","","","","","","","","","","","","","","","","","","","","","","","","","","","","","","","","","","","","","","","","","","","",""
"83069002","PORQUEROLLES",43.,6.226833,135,1981102818,"","","","",6.,1,300,1,"","","","","","","","","","","","","","","","","","","","","","","","","","","","",13.7,1,7.,1,"","","","","","","","","","","","","","","","","","","","","","","","","","",65,1,"","","","","","","","","","","","",10.2,1,1022.9,1,"","","","","","",2,1,0,1,0,1,0,1,1,1,"","","","","","","","","","","","","","","","","","","","","","","","",30000,1,"","",2,1,0,1,"","","","","","","","","","",3,1,270,1,"","","","","","","","","","","","","","","","","","","","","","","","","","","","","","","","","","","","","","","","","","","","","","","","","","","",""
"83069002","PORQUEROLLES",43.,6.226833,135,1981102821,"","","","",4.,1,280,1,"","","","","","","","","","","","","","","","","","","","","","","","","","","","",12.8,1,8.,1,"","","","","","","","","","","","","","","","","","","","","","","","","","",74,1,"","","","","","","","","","","","",10.9,1,1024.6,1,"","","","","","",0,1,"","",0,1,0,1,0,1,"","","","","","","","","","","","","","","","","","","","","","","","",30000,1,"","",1,1,0,1,"","","","","","","","","","",3,1,270,1,"","","","","","","","","","","","","","","","","","","","","","","","","","","","","","","","","","","","","","","","","","","","","","","","","","","",""
"83069002","PORQUEROLLES",43.,6.226833,135,1981102900,"","","","",3.,1,40,1,"","","","","","","","","","","","","","","","","","","","","","","","","","","","",12.,1,9.1,1,"","","","","","","","","","","","","","","","","","","","","","","","","","",84,1,"","","","","","","","","","","","",11.8,1,1025.,1,"","","","","","","","","","","","","","","","","","","","","","","","","","","","","","","","","","","","","","","","","","","","","","","","","","","","","","","","","","","","","","","","","","","","","","","","","","","","","","","","","","","","","","","","","","","","","","","","","","","","","","","","","","","","","","","","","",""
"83069002","PORQUEROLLES",43.,6.226833,135,1981102903,"","","","",2.,1,340,1,"","","","","","","","","","","","","","","","","","","","","","","","","","","","",10.7,1,4.8,1,"","","","","","","","","","","","","","","","","","","","","","","","","","",68,1,"","","","","","","","","","","","",8.7,1,1025.4,1,"","","","","","",0,1,"","",0,1,0,1,0,1,"","","","","","","","","","","","","","","","","","","","","","","","",30000,1,"","",0,1,"","","","","","","","","","","","",3,1,270,1,"","","","","","","","","","","","","","","","","","","","","","","","","","","","","","","","","","","","","","","","","","","","","","","","","","","",""
"83069002","PORQUEROLLES",43.,6.226833,135,1981102906,"","","","",2.,1,340,1,"","","","","","","","","","","","","","","","","","","","","","","","","","","","",10.,1,7.,1,"","","","","","","","","","","","","","","","","","","","","","","","","","",87,1,"","","","","","","","","","","","",10.2,1,1025.4,1,"","","","","","",3,1,0,1,2,1,0,1,1,1,"","","","","","","","","","","","","","","","","","","","","","","","",30000,1,"","",3,1,0,1,"","",0,1,"","","","","","",2,1,270,1,"","","","","","","","","","","","","","","","","","","","","","","","","","","","","","","","","","","","","","","","","","","","","","","","","","","",""
"83069002","PORQUEROLLES",43.,6.226833,135,1981102909,"","","","",1.,1,280,1,"","","","","","","","","","","","","","","","","","","","","","","","","","","","",13.2,1,8.6,1,"","","","","","","","","","","","","","","","","","","","","","","","","","",75,1,"","","","","","","","","","","","",11.4,1,1026.8,1,"","","","","","",4,1,0,1,0,1,0,1,1,1,"","","","","","","","","","","","","","","","","","","","","","","","",30000,1,"","",2,1,0,1,"","","","","","","","","","",2,1,270,1,"","","","","","","","","","","","","","","","","","","","","","","","","","","","","","","","","","","","","","","","","","","","","","","","","","","",""
"83069002","PORQUEROLLES",43.,6.226833,135,1981102912,"","","","",3.,1,220,1,"","","","","","","","","","","","","","","","","","","","","","","","","","","","",17.4,1,9.6,1,"","","","","","","","","","","","","","","","","","","","","","","","","","",61,1,"","","","","","","","","","","","",12.2,1,1026.1,1,"","","","","","",3,1,0,1,0,1,0,1,1,1,"","","","","","","","","","","","","","","","","","","","","","","","",35000,1,"","",2,1,0,1,"","","","","","","","","","",2,1,270,1,"","","","","","","","","","","","","","","","","","","","","","","","","","","","","","","","","","","","","","","","","","","","","","","","","","","",""
"83069002","PORQUEROLLES",43.,6.226833,135,1981102915,"","","","",3.,1,240,1,"","","","","","","","","","","","","","","","","","","","","","","","","","","","",17.,1,10.8,1,"","","","","","","","","","","","","","","","","","","","","","","","","","",69,1,"","","","","","","","","","","","",13.3,1,1025.1,1,"","","","","","",6,1,6,1,0,1,8,1,0,1,"","","","","","","","","","","","","","","","","","","","","","","","",30000,1,"","",3,1,1,1,"","","","","","","","","","",2,1,270,1,"","","","","","","","","","","","","","","","","","","","","","","","","","","","","","","","","","","","","","","","","","","","","","","","","","","",""
"83069002","PORQUEROLLES",43.,6.226833,135,1981102918,"","","","",2.,1,240,1,"","","","","","","","","","","","","","","","","","","","","","","","","","","","",13.6,1,12.5,1,"","","","","","","","","","","","","","","","","","","","","","","","","","",96,1,"","","","","","","","","","","","",14.9,1,1025.1,1,"","","","","","",4,1,0,1,0,1,8,1,1,1,"","","","","","","","","","","","","","","","","","","","","","","","",30000,1,"","",1,1,1,1,"","","","","","","","","","",2,1,270,1,"","","","","","","","","","","","","","","","","","","","","","","","","","","","","","","","","","","","","","","","","","","","","","","","","","","",""
"83069002","PORQUEROLLES",43.,6.226833,135,1981102921,"","","","",0.,1,0,1,"","","","","","","","","","","","","","","","","","","","","","","","","","","","",13.,1,12.2,1,"","","","","","","","","","","","","","","","","","","","","","","","","","",98,1,"","","","","","","","","","","","",14.6,1,1025.1,1,"","","","","","",2,1,0,1,0,1,0,1,2,1,"","","","","","","","","","","","","","","","","","","","","","","","",30000,1,"","",1,1,0,1,"","","","","","","","","","",2,1,"","","","","","","","","","","","","","","","","","","","","","","","","","","","","","","","","","","","","","","","","","","","","","","","","","","","","",""
"83069002","PORQUEROLLES",43.,6.226833,135,1981103000,"","","","",0.,1,0,1,"","","","","","","","","","","","","","","","","","","","","","","","","","","","",12.7,1,11.8,1,"","","","","","","","","","","","","","","","","","","","","","","","","","",97,1,"","","","","","","","","","","","",14.2,1,1024.3,1,"","","","","","","","","","","","","","","","","","","","","","","","","","","","","","","","","","","","","","","","","","","","","","","","","","","","","","","","","","","","","","","","","","","","","","","","","","","","","","","","","","","","","","","","","","","","","","","","","","","","","","","","","","","","","","","","","",""
"83069002","PORQUEROLLES",43.,6.226833,135,1981103003,"","","","",0.,1,0,1,"","","","","","","","","","","","","","","","","","","","","","","","","","","","",13.,1,13.,1,"","","","","","","","","","","","","","","","","","","","","","","","","","",100,1,"","","","","","","","","","","","",15.,1,1022.7,1,"","","","","","",3,1,0,1,2,1,0,1,2,1,"","","","","","","","","","","","","","","","","","","","","","","","",18000,1,"","",0,1,"","","","","","","","","","","","",2,1,"","","","","","","","","","","","","","","","","","","","","","","","","","","","","","","","","","","","","","","","","","","","","","","","","","","","","",""
"83069002","PORQUEROLLES",43.,6.226833,135,1981103006,"","","","",2.,1,240,1,"","","","","","","","","","","","","","","","","","","","","","","","","","","","",13.,1,13.,1,"","","","","","","","","","","","","","","","","","","","","","","","","","",100,1,"","","","","","","","","","","","",15.,1,1022.4,1,"","","","","","",1,1,0,1,0,1,0,1,2,1,"","","","","","","","","","","","","","","","","","","","","","","","",16000,1,"","",1,1,0,1,"","",0,1,"","","","","","",2,1,0,1,"","","","","","","","","","","","","","","","","","","","","","","","","","","","","","","","","","","","","","","","","","","","","","","","","","","",""
"83069002","PORQUEROLLES",43.,6.226833,135,1981103009,"","","","",0.,1,0,1,"","","","","","","","","","","","","","","","","","","","","","","","","","","","",14.5,1,14.5,1,"","","","","","","","","","","","","","","","","","","","","","","","","","",100,1,"","","","","","","","","","","","",16.5,1,1022.,1,"","","","","","",3,1,0,1,2,1,0,1,2,1,"","","","","","","","","","","","","","","","","","","","","","","","",16000,1,"","",3,1,0,1,"","","","","","","","","","",2,1,0,1,"","","","","","","","","","","","","","","","","","","","","","","","","","","","","","","","","","","","","","","","","","","","","","","","","","","",""
"83069002","PORQUEROLLES",43.,6.226833,135,1981103012,"","","","",6.,1,300,1,"","","","","","","","","","","","","","","","","","","","","","","","","","","","",17.,1,14.8,1,"","","","","","","","","","","","","","","","","","","","","","","","","","",90,1,"","","","","","","","","","","","",17.4,1,1021.2,1,"","","","","","",5,1,0,1,2,1,4,1,2,1,"","","","","","","","","","","","","","","","","","","","","","","","",18000,1,"","",3,1,1,1,"","","","","","","","","","",2,1,0,1,"","","","","","","","","","","","","","","","","","","","","","","","","","","","","","","","","","","","","","","","","","","","","","","","","","","",""
"83069002","PORQUEROLLES",43.,6.226833,135,1981103015,"","","","",6.,1,260,1,"","","","","","","","","","","","","","","","","","","","","","","","","","","","",15.,1,15.,1,"","","","","","","","","","","","","","","","","","","","","","","","","","",100,1,"","","","","","","","","","","","",17.,1,1020.,1,"","","","","","",8,1,8,1,0,1,7,1,"","","","","","","","","","","","","","","","","","","","","","","","","","",8000,1,"","",3,1,2,1,"","","","","","","","","","",2,1,0,1,"","","","","","","","","","","","","","","","","","","","","","","","","","","","","","","","","","","","","","","","","","","","","","","","","","","",""
"83069002","PORQUEROLLES",43.,6.226833,135,1981103018,"","","","",9.,1,280,1,"","","","","","","","","","","","","","","","","","","","","","","","","","","","",14.5,1,14.5,1,"","","","","","","","","","","","","","","","","","","","","","","","","","",100,1,"","","","","","","","","","","","",16.5,1,1019.5,1,"","","","","","",3,1,0,1,2,1,4,1,0,1,"","","","","","","","","","","","","","","","","","","","","","","","",10000,1,"","",1,1,0,1,"","","","","","","","","","",2,1,0,1,"","","","","","","","","","","","","","","","","","","","","","","","","","","","","","","","","","","","","","","","","","","","","","","","","","","",""
"83069002","PORQUEROLLES",43.,6.226833,135,1981103021,"","","","",10.,1,280,1,"","","","","","","","","","","","","","","","","","","","","","","","","","","","",13.5,1,13.5,1,"","","","","","","","","","","","","","","","","","","","","","","","","","",100,1,"","","","","","","","","","","","",15.5,1,1019.5,1,"","","","","","",0,1,"","",0,1,0,1,0,1,"","","","","","","","","","","","","","","","","","","","","","","","",10000,1,"","",1,1,0,1,"","","","","","","","","","",2,1,0,1,"","","","","","","","","","","","","","","","","","","","","","","","","","","","","","","","","","","","","","","","","","","","","","","","","","","",""
"83069002","PORQUEROLLES",43.,6.226833,135,1981103100,"","","","",10.,1,280,1,"","","","","","","","","","","","","","","","","","","","","","","","","","","","",13.5,1,12.5,1,"","","","","","","","","","","","","","","","","","","","","","","","","","",96,1,"","","","","","","","","","","","",14.9,1,1019.4,1,"","","","","","","","","","","","","","","","","","","","","","","","","","","","","","","","","","","","","","","","","","","","","","","","","","","","","","","","","","","","","","","","","","","","","","","","","","","","","","","","","","","","","","","","","","","","","","","","","","","","","","","","","","","","","","","","","",""
"83069002","PORQUEROLLES",43.,6.226833,135,1981103103,"","","","",7.,1,280,1,"","","","","","","","","","","","","","","","","","","","","","","","","","","","",14.,1,12.7,1,"","","","","","","","","","","","","","","","","","","","","","","","","","",95,1,"","","","","","","","","","","","",15.1,1,1019.2,1,"","","","","","",0,1,"","",0,1,0,1,0,1,"","","","","","","","","","","","","","","","","","","","","","","","",18000,1,"","",0,1,"","","","","","","","","","","","",2,1,"","","","","","","","","","","","","","","","","","","","","","","","","","","","","","","","","","","","","","","","","","","","","","","","","","","","","",""
"83069002","PORQUEROLLES",43.,6.226833,135,1981103106,"","","","",14.,1,280,1,"","","","","","","","","","","","","","","","","","","","","","","","","","","","",14.5,1,13.2,1,"","","","","","","","","","","","","","","","","","","","","","","","","","",95,1,"","","","","","","","","","","","",15.6,1,1018.9,1,"","","","","","",5,1,0,1,2,1,4,1,0,1,"","","","","","","","","","","","","","","","","","","","","","","","",18000,1,"","",3,1,1,1,"","",0,1,"","","","","","",2,1,0,1,"","","","","","","","","","","","","","","","","","","","","","","","","","","","","","","","","","","","","","","","","","","","","","","","","","","",""
"83069002","PORQUEROLLES",43.,6.226833,135,1981103109,"","","","",9.,1,280,1,"","","","","","","","","","","","","","","","","","","","","","","","","","","","",15.8,1,14.1,1,"","","","","","","","","","","","","","","","","","","","","","","","","","",93,1,"","","","","","","","","","","","",16.6,1,1020.,1,"","","","","","",3,1,0,1,0,1,4,1,4,1,"","","","","","","","","","","","","","","","","","","","","","","","",18000,1,"","",1,1,1,1,"","","","","","","","","","",3,1,270,1,"","","","","","","","","","","","","","","","","","","","","","","","","","","","","","","","","","","","","","","","","","","","","","","","","","","",""
"83069002","PORQUEROLLES",43.,6.226833,135,1981103112,"","","","",5.,1,280,1,"","","","","","","","","","","","","","","","","","","","","","","","","","","","",19.9,1,16.3,1,"","","","","","","","","","","","","","","","","","","","","","","","","","",82,1,"","","","","","","","","","","","",19.1,1,1020.3,1,"","","","","","",3,1,0,1,2,1,4,1,1,1,"","","","","","","","","","","","","","","","","","","","","","","","",15000,1,"","",3,1,0,1,"","","","","","","","","","",3,1,270,1,"","","","","","","","","","","","","","","","","","","","","","","","","","","","","","","","","","","","","","","","","","","","","","","","","","","",""
"83069002","PORQUEROLLES",43.,6.226833,135,1981103115,"","","","",5.,1,120,1,"","","","","","","","","","","","","","","","","","","","","","","","","","","","",18.,1,15.5,1,"","","","","","","","","","","","","","","","","","","","","","","","","","",88,1,"","","","","","","","","","","","",18.2,1,1020.4,1,"","","","","","",3,1,0,1,2,1,4,1,1,1,"","","","","","","","","","","","","","","","","","","","","","","","",10000,1,"","",2,1,0,1,"","","","","","","","","","",3,1,270,1,"","","","","","","","","","","","","","","","","","","","","","","","","","","","","","","","","","","","","","","","","","","","","","","","","","","",""
"83069002","PORQUEROLLES",43.,6.226833,135,1981103118,"","","","",4.,1,120,1,"","","","","","","","","","","","","","","","","","","","","","","","","","","","",14.8,1,13.7,1,"","","","","","","","","","","","","","","","","","","","","","","","","","",95,1,"","","","","","","","","","","","",16.1,1,1021.5,1,"","","","","","",2,1,0,1,0,1,0,1,1,1,"","","","","","","","","","","","","","","","","","","","","","","","",8000,1,"","",1,1,0,1,"","","","","","","","","","",2,1,0,1,"","","","","","","","","","","","","","","","","","","","","","","","","","","","","","","","","","","","","","","","","","","","","","","","","","","",""
"83069002","PORQUEROLLES",43.,6.226833,135,1981103121,"","","","",3.,1,120,1,"","","","","","","","","","","","","","","","","","","","","","","","","","","","",14.,1,14.,1,"","","","","","","","","","","","","","","","","","","","","","","","","","",99,1,"","","","","","","","","","","","",15.8,1,1022.8,1,"","","","","","",0,1,"","",0,1,0,1,0,1,"","","","","","","","","","","","","","","","","","","","","","","","",10000,1,"","",1,1,0,1,"","","","","","","","","","",2,1,0,1,"","","","","","","","","","","","","","","","","","","","","","","","","","","","","","","","","","","","","","","","","","","","","","","","","","","",""
"83069002","PORQUEROLLES",43.,6.226833,135,1981110100,"","","","",2.,1,60,1,"","","","","","","","","","","","","","","","","","","","","","","","","","","","",13.3,1,13.3,1,"","","","","","","","","","","","","","","","","","","","","","","","","","",99,1,"","","","","","","","","","","","",15.1,1,1023.6,1,"","","","","","","","","","","","","","","","","","","","","","","","","","","","","","","","","","","","","","","","","","","","","","","","","","","","","","","","","","","","","","","","","","","","","","","","","","","","","","","","","","","","","","","","","","","","","","","","","","","","","","","","","","","","","","","","","",""
"83069002","PORQUEROLLES",43.,6.226833,135,1981110103,"","","","",1.,1,60,1,"","","","","","","","","","","","","","","","","","","","","","","","","","","","",12.6,1,12.6,1,"","","","","","","","","","","","","","","","","","","","","","","","","","",99,1,"","","","","","","","","","","","",14.2,1,1024.2,1,"","","","","","",0,1,"","",0,1,0,1,0,1,"","","","","","","","","","","","","","","","","","","","","","","","",8000,1,"","",0,1,"","","","","","","","","","","","",2,1,0,1,"","","","","","","","","","","","","","","","","","","","","","","","","","","","","","","","","","","","","","","","","","","","","","","","","","","",""
"83069002","PORQUEROLLES",43.,6.226833,135,1981110106,"","","","",1.,1,40,1,"","","","","","","","","","","","","","","","","","","","","","","","","","","","",12.,1,12.,1,"","","","","","","","","","","","","","","","","","","","","","","","","","",100,1,"","","","","","","","","","","","",14.,1,1024.8,1,"","","","","","",3,1,0,1,6,1,0,1,0,1,"","","","","","","","","","","","","","","","","","","","","","","","",5000,1,"","",3,1,0,1,"","",0,1,"","","","","","",2,1,0,1,"","","","","","","","","","","","","","","","","","","","","","","","","","","","","","","","","","","","","","","","","","","","","","","","","","","",""
"83069002","PORQUEROLLES",43.,6.226833,135,1981110109,"","","","",1.,1,80,1,"","","","","","","","","","","","","","","","","","","","","","","","","","","","",13.6,1,12.4,1,"","","","","","","","","","","","","","","","","","","","","","","","","","",96,1,"","","","","","","","","","","","",14.8,1,1026.5,1,"","","","","","",8,1,8,1,6,1,"","","","","","","","","","","","","","","","","","","","","","","","","","","","",5000,1,"","",3,1,1,1,"","","","","","","","","","",2,1,0,1,"","","","","","","","","","","","","","","","","","","","","","","","","","","","","","","","","","","","","","","","","","","","","","","","","","","",""
"83069002","PORQUEROLLES",43.,6.226833,135,1981110112,"","","","",1.,1,80,1,"","","","","","","","","","","","","","","","","","","","","","","","","","","","",16.,1,13.9,1,"","","","","","","","","","","","","","","","","","","","","","","","","","",90,1,"","","","","","","","","","","","",16.3,1,1026.5,1,"","","","","","",6,1,6,1,6,1,0,1,0,1,"","","","","","","","","","","","","","","","","","","","","","","","",5000,1,"","",1,1,1,1,"","","","","","","","","","",2,1,0,1,"","","","","","","","","","","","","","","","","","","","","","","","","","","","","","","","","","","","","","","","","","","","","","","","","","","",""
"83069002","PORQUEROLLES",43.,6.226833,135,1981110115,"","","","",1.,1,120,1,"","","","","","","","","","","","","","","","","","","","","","","","","","","","",17.5,1,14.5,1,"","","","","","","","","","","","","","","","","","","","","","","","","","",85,1,"","","","","","","","","","","","",17.,1,1026.7,1,"","","","","","",1,1,0,1,6,1,0,1,0,1,"","","","","","","","","","","","","","","","","","","","","","","","",8000,1,"","",1,1,1,1,"","","","","","","","","","",2,1,0,1,"","","","","","","","","","","","","","","","","","","","","","","","","","","","","","","","","","","","","","","","","","","","","","","","","","","",""
"83069002","PORQUEROLLES",43.,6.226833,135,1981110118,"","","","",0.,1,0,1,"","","","","","","","","","","","","","","","","","","","","","","","","","","","",14.,1,14.,1,"","","","","","","","","","","","","","","","","","","","","","","","","","",100,1,"","","","","","","","","","","","",16.,1,1027.7,1,"","","","","","",1,1,0,1,6,1,0,1,0,1,"","","","","","","","","","","","","","","","","","","","","","","","",8000,1,"","",2,1,1,1,"","","","","","","","","","",2,1,0,1,"","","","","","","","","","","","","","","","","","","","","","","","","","","","","","","","","","","","","","","","","","","","","","","","","","","",""
"83069002","PORQUEROLLES",43.,6.226833,135,1981110121,"","","","",0.,1,0,1,"","","","","","","","","","","","","","","","","","","","","","","","","","","","",13.8,1,13.8,1,"","","","","","","","","","","","","","","","","","","","","","","","","","",100,1,"","","","","","","","","","","","",15.8,1,1028.5,1,"","","","","","",1,1,0,1,6,1,0,1,0,1,"","","","","","","","","","","","","","","","","","","","","","","","",8000,1,"","",2,1,0,1,"","","","","","","","","","",2,1,"","","","","","","","","","","","","","","","","","","","","","","","","","","","","","","","","","","","","","","","","","","","","","","","","","","","","",""
"83069002","PORQUEROLLES",43.,6.226833,135,1981110200,"","","","",0.,1,0,1,"","","","","","","","","","","","","","","","","","","","","","","","","","","","",12.8,1,12.8,1,"","","","","","","","","","","","","","","","","","","","","","","","","","",100,1,"","","","","","","","","","","","",14.8,1,1027.9,1,"","","","","","","","","","","","","","","","","","","","","","","","","","","","","","","","","","","","","","","","","","","","","","","","","","","","","","","","","","","","","","","","","","","","","","","","","","","","","","","","","","","","","","","","","","","","","","","","","","","","","","","","","","","","","","","","","",""
"83069002","PORQUEROLLES",43.,6.226833,135,1981110203,"","","","",0.,1,0,1,"","","","","","","","","","","","","","","","","","","","","","","","","","","","",13.,1,13.,1,"","","","","","","","","","","","","","","","","","","","","","","","","","",100,1,"","","","","","","","","","","","",15.,1,1027.9,1,"","","","","","",6,1,6,1,6,1,0,1,0,1,"","","","","","","","","","","","","","","","","","","","","","","","",500,1,"","",44,1,"","","","","","","","","","","","",2,1,"","","","","","","","","","","","","","","","","","","","","","","","","","","","","","","","","","","","","","","","","","","","","","","","","","","","","",""
"83069002","PORQUEROLLES",43.,6.226833,135,1981110206,"","","","",0.,1,0,1,"","","","","","","","","","","","","","","","","","","","","","","","","","","","",13.,1,13.,1,"","","","","","","","","","","","","","","","","","","","","","","","","","",100,1,"","","","","","","","","","","","",15.,1,1027.9,1,"","","","","","",9,1,"","","","","","","","","","","","","","","","","","","","","","","","","","","","","","","","",100,1,"","",47,1,4,1,"","",0,1,"","","","","","",2,1,"","","","","","","","","","","","","","","","","","","","","","","","","","","","","","","","","","","","","","","","","","","","","","","","","","","","","",""
"83069002","PORQUEROLLES",43.,6.226833,135,1981110209,"","","","",0.,1,0,1,"","","","","","","","","","","","","","","","","","","","","","","","","","","","",14.5,1,14.5,1,"","","","","","","","","","","","","","","","","","","","","","","","","","",100,1,"","","","","","","","","","","","",16.5,1,1029.3,1,"","","","","","",9,1,"","","","","","","","","","","","","","","","","","","","","","","","","","","","","","","","",100,1,"","",45,1,4,1,"","","","","","","","","","",2,1,"","","","","","","","","","","","","","","","","","","","","","","","","","","","","","","","","","","","","","","","","","","","","","","","","","","","","",""
"83069002","PORQUEROLLES",43.,6.226833,135,1981110212,"","","","",0.,1,0,1,"","","","","","","","","","","","","","","","","","","","","","","","","","","","",15.5,1,14.3,1,"","","","","","","","","","","","","","","","","","","","","","","","","","",96,1,"","","","","","","","","","","","",16.8,1,1029.2,1,"","","","","","",8,1,8,1,6,1,"","","","","","","","","","","","","","","","","","","","","","","","","","","","",6000,1,"","",2,1,4,1,"","","","","","","","","","",1,1,"","","","","","","","","","","","","","","","","","","","","","","","","","","","","","","","","","","","","","","","","","","","","","","","","","","","","",""
"83069002","PORQUEROLLES",43.,6.226833,135,1981110215,"","","","",0.,1,0,1,"","","","","","","","","","","","","","","","","","","","","","","","","","","","",15.5,1,14.3,1,"","","","","","","","","","","","","","","","","","","","","","","","","","",96,1,"","","","","","","","","","","","",16.8,1,1028.8,1,"","","","","","",8,1,8,1,6,1,"","","","","","","","","","","","","","","","","","","","","","","","","","","","",6000,1,"","",2,1,4,1,"","","","","","","","","","",1,1,"","","","","","","","","","","","","","","","","","","","","","","","","","","","","","","","","","","","","","","","","","","","","","","","","","","","","",""
"83069002","PORQUEROLLES",43.,6.226833,135,1981110218,"","","","",0.,1,0,1,"","","","","","","","","","","","","","","","","","","","","","","","","","","","",14.5,1,12.3,1,"","","","","","","","","","","","","","","","","","","","","","","","","","",89,1,"","","","","","","","","","","","",14.7,1,1027.9,1,"","","","","","",8,1,8,1,6,1,"","","","","","","","","","","","","","","","","","","","","","","","","","","","",6000,1,"","",2,1,3,1,"","","","","","","","","","",1,1,"","","","","","","","","","","","","","","","","","","","","","","","","","","","","","","","","","","","","","","","","","","","","","","","","","","","","",""
"83069002","PORQUEROLLES",43.,6.226833,135,1981110221,"","","","",0.,1,0,1,"","","","","","","","","","","","","","","","","","","","","","","","","","","","",14.5,1,12.3,1,"","","","","","","","","","","","","","","","","","","","","","","","","","",89,1,"","","","","","","","","","","","",14.7,1,1027.9,1,"","","","","","",8,1,8,1,6,1,"","","","","","","","","","","","","","","","","","","","","","","","","","","","",6000,1,"","",2,1,3,1,"","","","","","","","","","",1,1,"","","","","","","","","","","","","","","","","","","","","","","","","","","","","","","","","","","","","","","","","","","","","","","","","","","","","",""
"83069002","PORQUEROLLES",43.,6.226833,135,1981110300,"","","","",0.,1,0,1,"","","","","","","","","","","","","","","","","","","","","","","","","","","","",14.,1,12.,1,"","","","","","","","","","","","","","","","","","","","","","","","","","",90,1,"","","","","","","","","","","","",14.4,1,1027.9,1,"","","","","","","","","","","","","","","","","","","","","","","","","","","","","","","","","","","","","","","","","","","","","","","","","","","","","","","","","","","","","","","","","","","","","","","","","","","","","","","","","","","","","","","","","","","","","","","","","","","","","","","","","","","","","","","","","",""
"83069002","PORQUEROLLES",43.,6.226833,135,1981110303,"","","","",2.,1,40,1,"","","","","","","","","","","","","","","","","","","","","","","","","","","","",14.,1,12.7,1,"","","","","","","","","","","","","","","","","","","","","","","","","","",94,1,"","","","","","","","","","","","",15.1,1,1026.4,1,"","","","","","",8,1,8,1,6,1,"","","","","","","","","","","","","","","","","","","","","","","","","","","","",4000,1,"","",10,1,"","","","","","","","","","","","",1,1,"","","","","","","","","","","","","","","","","","","","","","","","","","","","","","","","","","","","","","","","","","","","","","","","","","","","","",""
"83069002","PORQUEROLLES",43.,6.226833,135,1981110306,"","","","",3.,1,40,1,"","","","","","","","","","","","","","","","","","","","","","","","","","","","",13.5,1,12.2,1,"","","","","","","","","","","","","","","","","","","","","","","","","","",94,1,"","","","","","","","","","","","",14.6,1,1026.4,1,"","","","","","",8,1,8,1,6,1,"","","","","","","","","","","","","","","","","","","","","","","","","","","","",6000,1,"","",2,1,2,1,"","",0,1,"","","","","","",1,1,"","","","","","","","","","","","","","","","","","","","","","","","","","","","","","","","","","","","","","","","","","","","","","","","","","","","","",""
"83069002","PORQUEROLLES",43.,6.226833,135,1981110309,"","","","",2.,1,40,1,"","","","","","","","","","","","","","","","","","","","","","","","","","","","",13.9,1,12.6,1,"","","","","","","","","","","","","","","","","","","","","","","","","","",94,1,"","","","","","","","","","","","",15.,1,1027.2,1,"","","","","","",8,1,8,1,5,1,"","","","","","","","","","","","","","","","","","","","","","","","","","","","",6000,1,"","",2,1,2,1,"","","","","","","","","","",1,1,0,1,"","","","","","","","","","","","","","","","","","","","","","","","","","","","","","","","","","","","","","","","","","","","","","","","","","","",""
"83069002","PORQUEROLLES",43.,6.226833,135,1981110312,"","","","",1.,1,60,1,"","","","","","","","","","","","","","","","","","","","","","","","","","","","",14.9,1,12.9,1,"","","","","","","","","","","","","","","","","","","","","","","","","","",90,1,"","","","","","","","","","","","",15.3,1,1027.1,1,"","","","","","",8,1,8,1,5,1,"","","","","","","","","","","","","","","","","","","","","","","","","","","","",6000,1,"","",2,1,2,1,"","","","","","","","","","",1,1,0,1,"","","","","","","","","","","","","","","","","","","","","","","","","","","","","","","","","","","","","","","","","","","","","","","","","","","",""
"83069002","PORQUEROLLES",43.,6.226833,135,1981110315,"","","","",0.,1,0,1,"","","","","","","","","","","","","","","","","","","","","","","","","","","","",14.9,1,12.9,1,"","","","","","","","","","","","","","","","","","","","","","","","","","",90,1,"","","","","","","","","","","","",15.3,1,1026.1,1,"","","","","","",8,1,8,1,5,1,"","","","","","","","","","","","","","","","","","","","","","","","","","","","",8000,1,"","",2,1,2,1,"","","","","","","","","","",1,1,0,1,"","","","","","","","","","","","","","","","","","","","","","","","","","","","","","","","","","","","","","","","","","","","","","","","","","","",""
"83069002","PORQUEROLLES",43.,6.226833,135,1981110318,"","","","",2.,1,120,1,"","","","","","","","","","","","","","","","","","","","","","","","","","","","",14.1,1,12.4,1,"","","","","","","","","","","","","","","","","","","","","","","","","","",92,1,"","","","","","","","","","","","",14.8,1,1026.2,1,"","","","","","",8,1,8,1,5,1,"","","","","","","","","","","","","","","","","","","","","","","","","","","","",8000,1,"","",2,1,2,1,"","","","","","","","","","",1,1,0,1,"","","","","","","","","","","","","","","","","","","","","","","","","","","","","","","","","","","","","","","","","","","","","","","","","","","",""
"83069002","PORQUEROLLES",43.,6.226833,135,1981110321,"","","","",1.,1,40,1,"","","","","","","","","","","","","","","","","","","","","","","","","","","","",14.1,1,12.4,1,"","","","","","","","","","","","","","","","","","","","","","","","","","",92,1,"","","","","","","","","","","","",14.8,1,1026.7,1,"","","","","","",8,1,8,1,5,1,"","","","","","","","","","","","","","","","","","","","","","","","","","","","",10000,1,"","",2,1,2,1,"","","","","","","","","","",1,1,0,1,"","","","","","","","","","","","","","","","","","","","","","","","","","","","","","","","","","","","","","","","","","","","","","","","","","","",""
"83069002","PORQUEROLLES",43.,6.226833,135,1981110400,"","","","",1.,1,20,1,"","","","","","","","","","","","","","","","","","","","","","","","","","","","",14.,1,13.2,1,"","","","","","","","","","","","","","","","","","","","","","","","","","","","","","","","","","","","","","","","",15.5,1,1026.4,1,"","","","","","","","","","","","","","","","","","","","","","","","","","","","","","","","","","","","","","","","","","","","","","","","","","","","","","","","","","","","","","","","","","","","","","","","","","","","","","","","","","","","","","","","","","","","","","","","","","","","","","","","","","","","","","","","","",""
"83069002","PORQUEROLLES",43.,6.226833,135,1981110403,"","","","",0.,1,0,1,"","","","","","","","","","","","","","","","","","","","","","","","","","","","",13.9,1,12.8,1,"","","","","","","","","","","","","","","","","","","","","","","","","","",96,1,"","","","","","","","","","","","",15.1,1,1026.1,1,"","","","","","",8,1,8,1,6,1,"","","","","","","","","","","","","","","","","","","","","","","","","","","","",12000,1,"","",0,1,"","","","","","","","","","","","",2,1,0,1,"","","","","","","","","","","","","","","","","","","","","","","","","","","","","","","","","","","","","","","","","","","","","","","","","","","",""
"83069002","PORQUEROLLES",43.,6.226833,135,1981110406,"","","","",1.,1,120,1,"","","","","","","","","","","","","","","","","","","","","","","","","","","","",13.9,1,12.8,1,"","","","","","","","","","","","","","","","","","","","","","","","","","",96,1,"","","","","","","","","","","","",15.1,1,1026.1,1,"","","","","","",8,1,8,1,6,1,"","","","","","","","","","","","","","","","","","","","","","","","","","","","",6000,1,"","",2,1,2,1,"","",0,1,"","","","","","",2,1,0,1,"","","","","","","","","","","","","","","","","","","","","","","","","","","","","","","","","","","","","","","","","","","","","","","","","","","",""
"83069002","PORQUEROLLES",43.,6.226833,135,1981110409,"","","","",1.,1,60,1,"","","","","","","","","","","","","","","","","","","","","","","","","","","","",14.9,1,13.,1,"","","","","","","","","","","","","","","","","","","","","","","","","","",90,1,"","","","","","","","","","","","",15.3,1,1026.,1,"","","","","","",8,1,8,1,6,1,"","","","","","","","","","","","","","","","","","","","","","","","","","","","",8000,1,"","",2,1,2,1,"","","","","","","","","","",2,1,0,1,"","","","","","","","","","","","","","","","","","","","","","","","","","","","","","","","","","","","","","","","","","","","","","","","","","","",""
"83069002","PORQUEROLLES",43.,6.226833,135,1981110412,"","","","",0.,1,0,1,"","","","","","","","","","","","","","","","","","","","","","","","","","","","",16.8,1,14.2,1,"","","","","","","","","","","","","","","","","","","","","","","","","","",87,1,"","","","","","","","","","","","",16.6,1,1026.6,1,"","","","","","",8,1,8,1,6,1,"","","","","","","","","","","","","","","","","","","","","","","","","","","","",8000,1,"","",2,1,2,1,"","","","","","","","","","",2,1,0,1,"","","","","","","","","","","","","","","","","","","","","","","","","","","","","","","","","","","","","","","","","","","","","","","","","","","",""
"83069002","PORQUEROLLES",43.,6.226833,135,1981110415,"","","","",2.,1,220,1,"","","","","","","","","","","","","","","","","","","","","","","","","","","","",16.,1,13.8,1,"","","","","","","","","","","","","","","","","","","","","","","","","","",89,1,"","","","","","","","","","","","",16.2,1,1025.5,1,"","","","","","",8,1,8,1,6,1,"","","","","","","","","","","","","","","","","","","","","","","","","","","","",8000,1,"","",2,1,2,1,"","","","","","","","","","",2,1,0,1,"","","","","","","","","","","","","","","","","","","","","","","","","","","","","","","","","","","","","","","","","","","","","","","","","","","",""
"83069002","PORQUEROLLES",43.,6.226833,135,1981110418,"","","","",1.,1,260,1,"","","","","","","","","","","","","","","","","","","","","","","","","","","","",14.,1,14.,1,"","","","","","","","","","","","","","","","","","","","","","","","","","",100,1,"","","","","","","","","","","","",16.,1,1025.,1,"","","","","","",8,1,8,1,6,1,"","","","","","","","","","","","","","","","","","","","","","","","","","","","",8000,1,"","",2,1,2,1,"","","","","","","","","","",2,1,0,1,"","","","","","","","","","","","","","","","","","","","","","","","","","","","","","","","","","","","","","","","","","","","","","","","","","","",""
"83069002","PORQUEROLLES",43.,6.226833,135,1981110421,"","","","",0.,1,0,1,"","","","","","","","","","","","","","","","","","","","","","","","","","","","",14.5,1,13.2,1,"","","","","","","","","","","","","","","","","","","","","","","","","","",94,1,"","","","","","","","","","","","",15.6,1,1025.8,1,"","","","","","",8,1,8,1,6,1,"","","","","","","","","","","","","","","","","","","","","","","","","","","","",8000,1,"","",2,1,2,1,"","","","","","","","","","",2,1,0,1,"","","","","","","","","","","","","","","","","","","","","","","","","","","","","","","","","","","","","","","","","","","","","","","","","","","",""
"83069002","PORQUEROLLES",43.,6.226833,135,1981110500,"","","","",0.,1,0,1,"","","","","","","","","","","","","","","","","","","","","","","","","","","","",14.5,1,13.6,1,"","","","","","","","","","","","","","","","","","","","","","","","","","",97,1,"","","","","","","","","","","","",16.,1,1026.7,1,"","","","","","","","","","","","","","","","","","","","","","","","","","","","","","","","","","","","","","","","","","","","","","","","","","","","","","","","","","","","","","","","","","","","","","","","","","","","","","","","","","","","","","","","","","","","","","","","","","","","","","","","","","","","","","","","","",""
"83069002","PORQUEROLLES",43.,6.226833,135,1981110503,"","","","",2.,1,340,1,"","","","","","","","","","","","","","","","","","","","","","","","","","","","",14.,1,14.,1,"","","","","","","","","","","","","","","","","","","","","","","","","","",100,1,"","","","","","","","","","","","",16.,1,1025.9,1,"","","","","","",8,1,8,1,6,1,"","","","","","","","","","","","","","","","","","","","","","","","","","","","",8000,1,"","",0,1,"","","","","","","","","","","","",2,1,0,1,"","","","","","","","","","","","","","","","","","","","","","","","","","","","","","","","","","","","","","","","","","","","","","","","","","","",""
"83069002","PORQUEROLLES",43.,6.226833,135,1981110506,"","","","",0.,1,0,1,"","","","","","","","","","","","","","","","","","","","","","","","","","","","",14.,1,12.7,1,"","","","","","","","","","","","","","","","","","","","","","","","","","",95,1,"","","","","","","","","","","","",15.1,1,1025.8,1,"","","","","","",8,1,8,1,6,1,"","","","","","","","","","","","","","","","","","","","","","","","","","","","",8000,1,"","",2,1,2,1,"","",0,1,"","","","","","",2,1,0,1,"","","","","","","","","","","","","","","","","","","","","","","","","","","","","","","","","","","","","","","","","","","","","","","","","","","",""
"83069002","PORQUEROLLES",43.,6.226833,135,1981110509,"","","","",2.,1,260,1,"","","","","","","","","","","","","","","","","","","","","","","","","","","","",15.,1,13.9,1,"","","","","","","","","","","","","","","","","","","","","","","","","","",96,1,"","","","","","","","","","","","",16.3,1,1024.1,1,"","","","","","",8,1,8,1,6,1,"","","","","","","","","","","","","","","","","","","","","","","","","","","","",6000,1,"","",2,1,2,1,"","","","","","","","","","",2,1,0,1,"","","","","","","","","","","","","","","","","","","","","","","","","","","","","","","","","","","","","","","","","","","","","","","","","","","",""
"83069002","PORQUEROLLES",43.,6.226833,135,1981110512,"","","","",2.,1,260,1,"","","","","","","","","","","","","","","","","","","","","","","","","","","","",15.6,1,14.4,1,"","","","","","","","","","","","","","","","","","","","","","","","","","",96,1,"","","","","","","","","","","","",16.9,1,1023.1,1,"","","","","","",8,1,8,1,6,1,"","","","","","","","","","","","","","","","","","","","","","","","","","","","",5000,1,"","",2,1,2,1,"","","","","","","","","","",2,1,0,1,"","","","","","","","","","","","","","","","","","","","","","","","","","","","","","","","","","","","","","","","","","","","","","","","","","","",""
"83069002","PORQUEROLLES",43.,6.226833,135,1981110515,"","","","",3.,1,280,1,"","","","","","","","","","","","","","","","","","","","","","","","","","","","",14.4,1,14.4,1,"","","","","","","","","","","","","","","","","","","","","","","","","","",100,1,"","","","","","","","","","","","",16.,1,1021.4,1,"","","","","","",8,1,8,1,6,1,"","","","","","","","","","","","","","","","","","","","","","","","","","","","",5000,1,"","",2,1,2,1,"","","","","","","","","","",2,1,0,1,"","","","","","","","","","","","","","","","","","","","","","","","","","","","","","","","","","","","","","","","","","","","","","","","","","","",""
"83069002","PORQUEROLLES",43.,6.226833,135,1981110518,"","","","",2.,1,260,1,"","","","","","","","","","","","","","","","","","","","","","","","","","","","",12.8,1,11.8,1,"","","","","","","","","","","","","","","","","","","","","","","","","","",96,1,"","","","","","","","","","","","",14.2,1,1020.8,1,"","","","","","",8,1,8,1,6,1,"","","","","","","","","","","","","","","","","","","","","","","","","","","","",5000,1,"","",2,1,2,1,"","","","","","","","","","",2,1,0,1,"","","","","","","","","","","","","","","","","","","","","","","","","","","","","","","","","","","","","","","","","","","","","","","","","","","",""
"83069002","PORQUEROLLES",43.,6.226833,135,1981110521,"","","","",1.,1,360,1,"","","","","","","","","","","","","","","","","","","","","","","","","","","","",13.,1,12.2,1,"","","","","","","","","","","","","","","","","","","","","","","","","","",97,1,"","","","","","","","","","","","",14.6,1,1020.3,1,"","","","","","",8,1,8,1,6,1,"","","","","","","","","","","","","","","","","","","","","","","","","","","","",5000,1,"","",2,1,2,1,"","","","","","","","","","",2,1,0,1,"","","","","","","","","","","","","","","","","","","","","","","","","","","","","","","","","","","","","","","","","","","","","","","","","","","",""
"83069002","PORQUEROLLES",43.,6.226833,135,1981110600,"","","","",1.,1,40,1,"","","","","","","","","","","","","","","","","","","","","","","","","","","","",12.8,1,12.8,1,"","","","","","","","","","","","","","","","","","","","","","","","","","",100,1,"","","","","","","","","","","","",14.8,1,1018.6,1,"","","","","","","","","","","","","","","","","","","","","","","","","","","","","","","","","","","","","","","","","","","","","","","","","","","","","","","","","","","","","","","","","","","","","","","","","","","","","","","","","","","","","","","","","","","","","","","","","","","","","","","","","","","","","","","","","",""
"83069002","PORQUEROLLES",43.,6.226833,135,1981110603,"","","","",2.,1,360,1,"","","","","","","","","","","","","","","","","","","","","","","","","","","","",12.5,1,11.7,1,"","","","","","","","","","","","","","","","","","","","","","","","","","",97,1,"","","","","","","","","","","","",14.1,1,1018.3,1,"","","","","","",6,1,6,1,6,1,0,1,0,1,"","","","","","","","","","","","","","","","","","","","","","","","",8000,1,"","",0,1,"","","","","","","","","","","","",2,1,0,1,"","","","","","","","","","","","","","","","","","","","","","","","","","","","","","","","","","","","","","","","","","","","","","","","","","","",""
"83069002","PORQUEROLLES",43.,6.226833,135,1981110606,"","","","",3.,1,20,1,"","","","","","","","","","","","","","","","","","","","","","","","","","","","",13.,1,11.7,1,"","","","","","","","","","","","","","","","","","","","","","","","","","",94,1,"","","","","","","","","","","","",14.1,1,1017.8,1,"","","","","","",8,1,8,1,8,1,"","","","","","","","","","","","","","","","","","","","","","","","","","","","",6000,1,"","",3,1,2,1,"","",0,1,"","","","","","",2,1,0,1,"","","","","","","","","","","","","","","","","","","","","","","","","","","","","","","","","","","","","","","","","","","","","","","","","","","",""
"83069002","PORQUEROLLES",43.,6.226833,135,1981110609,"","","","",3.,1,60,1,"","","","","","","","","","","","","","","","","","","","","","","","","","","","",14.5,1,12.3,1,"","","","","","","","","","","","","","","","","","","","","","","","","","",89,1,"","","","","","","","","","","","",14.7,1,1018.7,1,"","","","","","",7,1,7,1,8,1,"","","","","","","","","","","","","","","","","","","","","","","","","","","","",10000,1,"","",2,1,2,1,"","","","","","","","","","",2,1,0,1,"","","","","","","","","","","","","","","","","","","","","","","","","","","","","","","","","","","","","","","","","","","","","","","","","","","",""
"83069002","PORQUEROLLES",43.,6.226833,135,1981110612,"","","","",1.,1,80,1,"","","","","","","","","","","","","","","","","","","","","","","","","","","","",16.,1,12.9,1,"","","","","","","","","","","","","","","","","","","","","","","","","","",84,1,"","","","","","","","","","","","",15.3,1,1018.4,1,"","","","","","",7,1,7,1,8,1,"","","","","","","","","","","","","","","","","","","","","","","","","","","","",10000,1,"","",2,1,2,1,"","","","","","","","","","",2,1,0,1,"","","","","","","","","","","","","","","","","","","","","","","","","","","","","","","","","","","","","","","","","","","","","","","","","","","",""
"83069002","PORQUEROLLES",43.,6.226833,135,1981110615,"","","","",7.,1,120,1,"","","","","","","","","","","","","","","","","","","","","","","","","","","","",18.,1,15.,1,"","","","","","","","","","","","","","","","","","","","","","","","","","",85,1,"","","","","","","","","","","","",17.6,1,1017.3,1,"","","","","","",3,1,0,1,8,1,0,1,0,1,"","","","","","","","","","","","","","","","","","","","","","","","",10000,1,"","",1,1,1,1,"","","","","","","","","","",2,1,0,1,"","","","","","","","","","","","","","","","","","","","","","","","","","","","","","","","","","","","","","","","","","","","","","","","","","","",""
"83069002","PORQUEROLLES",43.,6.226833,135,1981110618,"","","","",5.,1,120,1,"","","","","","","","","","","","","","","","","","","","","","","","","","","","",13.5,1,12.2,1,"","","","","","","","","","","","","","","","","","","","","","","","","","",94,1,"","","","","","","","","","","","",14.6,1,1018.8,1,"","","","","","",8,1,8,1,8,1,"","","","","","","","","","","","","","","","","","","","","","","","","","","","",10000,1,"","",3,1,2,1,"","","","","","","","","","",2,1,0,1,"","","","","","","","","","","","","","","","","","","","","","","","","","","","","","","","","","","","","","","","","","","","","","","","","","","",""
"83069002","PORQUEROLLES",43.,6.226833,135,1981110621,"","","","",3.,1,80,1,"","","","","","","","","","","","","","","","","","","","","","","","","","","","",13.5,1,12.2,1,"","","","","","","","","","","","","","","","","","","","","","","","","","",94,1,"","","","","","","","","","","","",14.6,1,1019.6,1,"","","","","","",8,1,8,1,8,1,"","","","","","","","","","","","","","","","","","","","","","","","","","","","",10000,1,"","",2,1,2,1,"","","","","","","","","","",2,1,0,1,"","","","","","","","","","","","","","","","","","","","","","","","","","","","","","","","","","","","","","","","","","","","","","","","","","","",""
"83069002","PORQUEROLLES",43.,6.226833,135,1981110700,"","","","",7.,1,120,1,"","","","","","","","","","","","","","","","","","","","","","","","","","","","",13.5,1,12.2,1,"","","","","","","","","","","","","","","","","","","","","","","","","","",94,1,"","","","","","","","","","","","",14.6,1,1018.2,1,"","","","","","","","","","","","","","","","","","","","","","","","","","","","","","","","","","","","","","","","","","","","","","","","","","","","","","","","","","","","","","","","","","","","","","","","","","","","","","","","","","","","","","","","","","","","","","","","","","","","","","","","","","","","","","","","","",""
"83069002","PORQUEROLLES",43.,6.226833,135,1981110703,"","","","",2.,1,80,1,"","","","","","","","","","","","","","","","","","","","","","","","","","","","",13.5,1,13.5,1,"","","","","","","","","","","","","","","","","","","","","","","","","","",100,1,"","","","","","","","","","","","",15.5,1,1018.7,1,"","","","","","",8,1,8,1,8,1,"","","","","","","","","","","","","","","","","","","","","","","","","","","","",8000,1,"","",0,1,"","","","","","","","","","","","",2,1,0,1,"","","","","","","","","","","","","","","","","","","","","","","","","","","","","","","","","","","","","","","","","","","","","","","","","","","",""
"83069002","PORQUEROLLES",43.,6.226833,135,1981110706,"","","","",3.,1,40,1,"","","","","","","","","","","","","","","","","","","","","","","","","","","","",12.,1,12.,1,"","","","","","","","","","","","","","","","","","","","","","","","","","",100,1,"","","","","","","","","","","","",14.,1,1018.,1,"","","","","","",5,1,5,1,8,1,0,1,0,1,"","","","","","","","","","","","","","","","","","","","","","","","",8000,1,"","",1,1,2,1,"","",0,1,"","","","","","",2,1,0,1,"","","","","","","","","","","","","","","","","","","","","","","","","","","","","","","","","","","","","","","","","","","","","","","","","","","",""
"83069002","PORQUEROLLES",43.,6.226833,135,1981110709,"","","","",2.,1,40,1,"","","","","","","","","","","","","","","","","","","","","","","","","","","","",13.2,1,10.2,1,"","","","","","","","","","","","","","","","","","","","","","","","","","",84,1,"","","","","","","","","","","","",12.7,1,1017.7,1,"","","","","","",2,1,0,1,0,1,0,1,1,1,"","","","","","","","","","","","","","","","","","","","","","","","",10000,1,"","",1,1,1,1,"","","","","","","","","","",2,1,0,1,"","","","","","","","","","","","","","","","","","","","","","","","","","","","","","","","","","","","","","","","","","","","","","","","","","","",""
"83069002","PORQUEROLLES",43.,6.226833,135,1981110712,"","","","",4.,1,260,1,"","","","","","","","","","","","","","","","","","","","","","","","","","","","",16.7,1,14.,1,"","","","","","","","","","","","","","","","","","","","","","","","","","",87,1,"","","","","","","","","","","","",16.5,1,1016.5,1,"","","","","","",2,1,0,1,0,1,0,1,1,1,"","","","","","","","","","","","","","","","","","","","","","","","",10000,1,"","",2,1,0,1,"","","","","","","","","","",2,1,0,1,"","","","","","","","","","","","","","","","","","","","","","","","","","","","","","","","","","","","","","","","","","","","","","","","","","","",""
"83069002","PORQUEROLLES",43.,6.226833,135,1981110715,"","","","",3.,1,260,1,"","","","","","","","","","","","","","","","","","","","","","","","","","","","",16.5,1,12.5,1,"","","","","","","","","","","","","","","","","","","","","","","","","","",79,1,"","","","","","","","","","","","",14.9,1,1013.,1,"","","","","","",2,1,0,1,0,1,0,1,1,1,"","","","","","","","","","","","","","","","","","","","","","","","",12000,1,"","",2,1,0,1,"","","","","","","","","","",2,1,0,1,"","","","","","","","","","","","","","","","","","","","","","","","","","","","","","","","","","","","","","","","","","","","","","","","","","","",""
"83069002","PORQUEROLLES",43.,6.226833,135,1981110718,"","","","",1.,1,120,1,"","","","","","","","","","","","","","","","","","","","","","","","","","","","",12.,1,11.3,1,"","","","","","","","","","","","","","","","","","","","","","","","","","",97,1,"","","","","","","","","","","","",13.7,1,1012.7,1,"","","","","","",0,1,"","",0,1,0,1,0,1,"","","","","","","","","","","","","","","","","","","","","","","","",10000,1,"","",1,1,0,1,"","","","","","","","","","",2,1,0,1,"","","","","","","","","","","","","","","","","","","","","","","","","","","","","","","","","","","","","","","","","","","","","","","","","","","",""
"83069002","PORQUEROLLES",43.,6.226833,135,1981110721,"","","","",3.,1,120,1,"","","","","","","","","","","","","","","","","","","","","","","","","","","","",12.7,1,11.8,1,"","","","","","","","","","","","","","","","","","","","","","","","","","",96,1,"","","","","","","","","","","","",14.2,1,1014.8,1,"","","","","","",6,1,6,1,5,1,0,1,0,1,"","","","","","","","","","","","","","","","","","","","","","","","",12000,1,"","",3,1,1,1,"","","","","","","","","","",2,1,0,1,"","","","","","","","","","","","","","","","","","","","","","","","","","","","","","","","","","","","","","","","","","","","","","","","","","","",""
"83069002","PORQUEROLLES",43.,6.226833,135,1981110800,"","","","",17.,1,120,1,"","","","","","","","","","","","","","","","","","","","","","","","","","","","",12.5,1,5.9,1,"","","","","","","","","","","","","","","","","","","","","","","","","","",65,1,"","","","","","","","","","","","",9.4,1,1015.4,1,"","","","","","","","","","","","","","","","","","","","","","","","","","","","","","","","","","","","","","","","","","","","","","","","","","","","","","","","","","","","","","","","","","","","","","","","","","","","","","","","","","","","","","","","","","","","","","","","","","","","","","","","","","","","","","","","","",""
"83069002","PORQUEROLLES",43.,6.226833,135,1981110803,"","","","",15.,1,120,1,"","","","","","","","","","","","","","","","","","","","","","","","","","","","",11.5,1,7.2,1,"","","","","","","","","","","","","","","","","","","","","","","","","","",76,1,"","","","","","","","","","","","",10.3,1,1016.5,1,"","","","","","",3,1,0,1,5,1,0,1,0,1,"","","","","","","","","","","","","","","","","","","","","","","","",15000,1,"","",0,1,"","","","","","","","","","","","",3,1,"","","","","","","","","","","","","","","","","","","","","","","","","","","","","","","","","","","","","","","","","","","","","","","","","","","","","",""
"83069002","PORQUEROLLES",43.,6.226833,135,1981110806,"","","","",13.,1,120,1,"","","","","","","","","","","","","","","","","","","","","","","","","","","","",10.5,1,6.,1,"","","","","","","","","","","","","","","","","","","","","","","","","","",75,1,"","","","","","","","","","","","",9.5,1,1017.4,1,"","","","","","",5,1,5,1,5,1,0,1,0,1,"","","","","","","","","","","","","","","","","","","","","","","","",15000,1,"","",3,1,1,1,"","",0,1,"","","","","","",3,1,90,1,"","","","","","","","","","","","","","","","","","","","","","","","","","","","","","","","","","","","","","","","","","","","","","","","","","","",""
"83069002","PORQUEROLLES",43.,6.226833,135,1981110809,"","","","",10.,1,120,1,"","","","","","","","","","","","","","","","","","","","","","","","","","","","",12.,1,6.6,1,"","","","","","","","","","","","","","","","","","","","","","","","","","",70,1,"","","","","","","","","","","","",9.9,1,1019.6,1,"","","","","","",6,1,6,1,1,1,0,1,0,1,"","","","","","","","","","","","","","","","","","","","","","","","",15000,1,"","",3,1,2,1,"","","","","","","","","","",4,1,90,1,"","","","","","","","","","","","","","","","","","","","","","","","","","","","","","","","","","","","","","","","","","","","","","","","","","","",""
"83069002","PORQUEROLLES",43.,6.226833,135,1981110812,"","","","",6.,1,120,1,"","","","","","","","","","","","","","","","","","","","","","","","","","","","",13.,1,7.4,1,"","","","","","","","","","","","","","","","","","","","","","","","","","",71,1,"","","","","","","","","","","","",10.5,1,1019.8,1,"","","","","","",6,1,6,1,2,1,0,1,0,1,"","","","","","","","","","","","","","","","","","","","","","","","",20000,1,"","",2,1,2,1,"","","","","","","","","","",3,1,90,1,"","","","","","","","","","","","","","","","","","","","","","","","","","","","","","","","","","","","","","","","","","","","","","","","","","","",""
"83069002","PORQUEROLLES",43.,6.226833,135,1981110815,"","","","",2.,1,120,1,"","","","","","","","","","","","","","","","","","","","","","","","","","","","",11.,1,6.6,1,"","","","","","","","","","","","","","","","","","","","","","","","","","",75,1,"","","","","","","","","","","","",9.9,1,1019.5,1,"","","","","","",7,1,7,1,2,1,"","","","","","","","","","","","","","","","","","","","","","","","","","","","",15000,1,"","",3,1,2,1,"","","","","","","","","","",3,1,90,1,"","","","","","","","","","","","","","","","","","","","","","","","","","","","","","","","","","","","","","","","","","","","","","","","","","","",""
"83069002","PORQUEROLLES",43.,6.226833,135,1981110818,"","","","",2.,1,120,1,"","","","","","","","","","","","","","","","","","","","","","","","","","","","",10.,1,6.6,1,"","","","","","","","","","","","","","","","","","","","","","","","","","",80,1,"","","","","","","","","","","","",9.9,1,1019.9,1,"","","","","","",7,1,7,1,2,1,"","","","","","","","","","","","","","","","","","","","","","","","","","","","",15000,1,"","",2,1,2,1,"","","","","","","","","","",3,1,90,1,"","","","","","","","","","","","","","","","","","","","","","","","","","","","","","","","","","","","","","","","","","","","","","","","","","","",""
"83069002","PORQUEROLLES",43.,6.226833,135,1981110821,"","","","",2.,1,140,1,"","","","","","","","","","","","","","","","","","","","","","","","","","","","",10.,1,6.6,1,"","","","","","","","","","","","","","","","","","","","","","","","","","",80,1,"","","","","","","","","","","","",9.9,1,1020.5,1,"","","","","","",8,1,8,1,2,1,"","","","","","","","","","","","","","","","","","","","","","","","","","","","",15000,1,"","",3,1,2,1,"","","","","","","","","","",2,1,"","","","","","","","","","","","","","","","","","","","","","","","","","","","","","","","","","","","","","","","","","","","","","","","","","","","","",""
"83069002","PORQUEROLLES",43.,6.226833,135,1981110900,"","","","",2.,1,120,1,"","","","","","","","","","","","","","","","","","","","","","","","","","","","",11.5,1,9.9,1,"","","","","","","","","","","","","","","","","","","","","","","","","","","","","","","","","","","","","","","","",12.4,1,1020.4,1,"","","","","","","","","","","","","","","","","","","","","","","","","","","","","","","","","","","","","","","","","","","","","","","","","","","","","","","","","","","","","","","","","","","","","","","","","","","","","","","","","","","","","","","","","","","","","","","","","","","","","","","","","","","","","","","","","",""
"83069002","PORQUEROLLES",43.,6.226833,135,1981110903,"","","","",2.,1,120,1,"","","","","","","","","","","","","","","","","","","","","","","","","","","","",10.,1,6.6,1,"","","","","","","","","","","","","","","","","","","","","","","","","","",80,1,"","","","","","","","","","","","",9.9,1,1020.,1,"","","","","","",8,1,8,1,2,1,0,1,0,1,"","","","","","","","","","","","","","","","","","","","","","","","",15000,1,"","",0,1,"","","","","","","","","","","","",2,1,"","","","","","","","","","","","","","","","","","","","","","","","","","","","","","","","","","","","","","","","","","","","","","","","","","","","","",""
"83069002","PORQUEROLLES",43.,6.226833,135,1981110906,"","","","",4.,1,120,1,"","","","","","","","","","","","","","","","","","","","","","","","","","","","",9.5,1,7.2,1,"","","","","","","","","","","","","","","","","","","","","","","","","","",86,1,"","","","","","","","","","","","",10.3,1,1019.6,1,"","","","","","",5,1,5,1,5,1,0,1,0,1,"","","","","","","","","","","","","","","","","","","","","","","","",15000,1,"","",1,1,1,1,"","",0,1,"","","","","","",2,1,"","","","","","","","","","","","","","","","","","","","","","","","","","","","","","","","","","","","","","","","","","","","","","","","","","","","","",""
"83069002","PORQUEROLLES",43.,6.226833,135,1981110909,"","","","",1.,1,120,1,"","","","","","","","","","","","","","","","","","","","","","","","","","","","",11.5,1,7.2,1,"","","","","","","","","","","","","","","","","","","","","","","","","","",78,1,"","","","","","","","","","","","",10.3,1,1020.7,1,"","","","","","",5,1,5,1,5,1,"","","","","","","","","","","","","","","","","","","","","","","","","","","","",20000,1,"","",2,1,2,1,"","","","","","","","","","",2,1,90,1,"","","","","","","","","","","","","","","","","","","","","","","","","","","","","","","","","","","","","","","","","","","","","","","","","","","",""
"83069002","PORQUEROLLES",43.,6.226833,135,1981110912,"","","","",1.,1,160,1,"","","","","","","","","","","","","","","","","","","","","","","","","","","","",12.4,1,7.3,1,"","","","","","","","","","","","","","","","","","","","","","","","","","",72,1,"","","","","","","","","","","","",10.4,1,1020.3,1,"","","","","","",7,1,7,1,5,1,"","","","","","","","","","","","","","","","","","","","","","","","","","","","",30000,1,"","",3,1,2,1,"","","","","","","","","","",2,1,90,1,"","","","","","","","","","","","","","","","","","","","","","","","","","","","","","","","","","","","","","","","","","","","","","","","","","","",""
"83069002","PORQUEROLLES",43.,6.226833,135,1981110915,"","","","",0.,1,0,1,"","","","","","","","","","","","","","","","","","","","","","","","","","","","",12.5,1,7.6,1,"","","","","","","","","","","","","","","","","","","","","","","","","","",74,1,"","","","","","","","","","","","",10.6,1,1019.6,1,"","","","","","",7,1,7,1,5,1,"","","","","","","","","","","","","","","","","","","","","","","","","","","","",30000,1,"","",2,1,2,1,"","","","","","","","","","",2,1,0,1,"","","","","","","","","","","","","","","","","","","","","","","","","","","","","","","","","","","","","","","","","","","","","","","","","","","",""
"83069002","PORQUEROLLES",43.,6.226833,135,1981110918,"","","","",3.,1,220,1,"","","","","","","","","","","","","","","","","","","","","","","","","","","","",11.2,1,7.5,1,"","","","","","","","","","","","","","","","","","","","","","","","","","",79,1,"","","","","","","","","","","","",10.5,1,1020.,1,"","","","","","",8,1,8,1,5,1,"","","","","","","","","","","","","","","","","","","","","","","","","","","","",30000,1,"","",3,1,2,1,"","","","","","","","","","",2,1,0,1,"","","","","","","","","","","","","","","","","","","","","","","","","","","","","","","","","","","","","","","","","","","","","","","","","","","",""
"83069002","PORQUEROLLES",43.,6.226833,135,1981110921,"","","","",1.,1,40,1,"","","","","","","","","","","","","","","","","","","","","","","","","","","","",10.7,1,9.,1,"","","","","","","","","","","","","","","","","","","","","","","","","","",91,1,"","","","","","","","","","","","",11.7,1,1020.9,1,"","","","","","",8,1,8,1,5,1,"","","","","","","","","","","","","","","","","","","","","","","","","","","","",18000,1,"","",2,1,2,1,"","","","","","","","","","",2,1,0,1,"","","","","","","","","","","","","","","","","","","","","","","","","","","","","","","","","","","","","","","","","","","","","","","","","","","",""
"83069002","PORQUEROLLES",43.,6.226833,135,1981111000,"","","","",2.,1,120,1,"","","","","","","","","","","","","","","","","","","","","","","","","","","","",10.5,1,7.2,1,"","","","","","","","","","","","","","","","","","","","","","","","","","",81,1,"","","","","","","","","","","","",10.3,1,1021.2,1,"","","","","","","","","","","","","","","","","","","","","","","","","","","","","","","","","","","","","","","","","","","","","","","","","","","","","","","","","","","","","","","","","","","","","","","","","","","","","","","","","","","","","","","","","","","","","","","","","","","","","","","","","","","","","","","","","",""
"83069002","PORQUEROLLES",43.,6.226833,135,1981111003,"","","","",7.,1,120,1,"","","","","","","","","","","","","","","","","","","","","","","","","","","","",10.5,1,7.2,1,"","","","","","","","","","","","","","","","","","","","","","","","","","",81,1,"","","","","","","","","","","","",10.3,1,1022.2,1,"","","","","","",8,1,8,1,5,1,"","","","","","","","","","","","","","","","","","","","","","","","","","","","",15000,1,"","",0,1,"","","","","","","","","","","","",2,1,0,1,"","","","","","","","","","","","","","","","","","","","","","","","","","","","","","","","","","","","","","","","","","","","","","","","","","","",""
"83069002","PORQUEROLLES",43.,6.226833,135,1981111006,"","","","",10.,1,120,1,"","","","","","","","","","","","","","","","","","","","","","","","","","","","",10.,1,7.8,1,"","","","","","","","","","","","","","","","","","","","","","","","","","",87,1,"","","","","","","","","","","","",10.8,1,1022.6,1,"","","","","","",8,1,8,1,5,1,"","","","","","","","","","","","","","","","","","","","","","","","","","","","",15000,1,"","",2,1,2,1,"","",0,1,"","","","","","",3,1,0,1,"","","","","","","","","","","","","","","","","","","","","","","","","","","","","","","","","","","","","","","","","","","","","","","","","","","",""
"83069002","PORQUEROLLES",43.,6.226833,135,1981111009,"","","","",12.,1,120,1,"","","","","","","","","","","","","","","","","","","","","","","","","","","","",9.8,1,6.6,1,"","","","","","","","","","","","","","","","","","","","","","","","","","",82,1,"","","","","","","","","","","","",9.9,1,1024.6,1,"","","","","","",8,1,8,1,8,1,"","","","","","","","","","","","","","","","","","","","","","","","","","","","",18000,1,"","",2,1,2,1,"","","","","","","","","","",4,1,130,1,"","","","","","","","","","","","","","","","","","","","","","","","","","","","","","","","","","","","","","","","","","","","","","","","","","","",""
"83069002","PORQUEROLLES",43.,6.226833,135,1981111012,"","","","",8.,1,120,1,"","","","","","","","","","","","","","","","","","","","","","","","","","","","",10.8,1,6.9,1,"","","","","","","","","","","","","","","","","","","","","","","","","","",78,1,"","","","","","","","","","","","",10.1,1,1025.2,1,"","","","","","",7,1,7,1,8,1,"","","","","","","","","","","","","","","","","","","","","","","","","","","","",20000,1,"","",2,1,2,1,"","","","","","","","","","",3,1,130,1,"","","","","","","","","","","","","","","","","","","","","","","","","","","","","","","","","","","","","","","","","","","","","","","","","","","",""
"83069002","PORQUEROLLES",43.,6.226833,135,1981111015,"","","","",10.,1,100,1,"","","","","","","","","","","","","","","","","","","","","","","","","","","","",9.2,1,6.4,1,"","","","","","","","","","","","","","","","","","","","","","","","","","",84,1,"","","","","","","","","","","","",9.8,1,1025.1,1,"","","","","","",7,1,7,1,8,1,"","","","","","","","","","","","","","","","","","","","","","","","","","","","",25000,1,"","",2,1,2,1,"","","","","","","","","","",3,1,130,1,"","","","","","","","","","","","","","","","","","","","","","","","","","","","","","","","","","","","","","","","","","","","","","","","","","","",""
"83069002","PORQUEROLLES",43.,6.226833,135,1981111018,"","","","",6.,1,120,1,"","","","","","","","","","","","","","","","","","","","","","","","","","","","",9.5,1,4.9,1,"","","","","","","","","","","","","","","","","","","","","","","","","","",74,1,"","","","","","","","","","","","",8.8,1,1027.5,1,"","","","","","",7,1,7,1,8,1,"","","","","","","","","","","","","","","","","","","","","","","","","","","","",20000,1,"","",2,1,2,1,"","","","","","","","","","",3,1,"","","","","","","","","","","","","","","","","","","","","","","","","","","","","","","","","","","","","","","","","","","","","","","","","","","","","",""
"83069002","PORQUEROLLES",43.,6.226833,135,1981111021,"","","","",5.,1,120,1,"","","","","","","","","","","","","","","","","","","","","","","","","","","","",7.7,1,4.6,1,"","","","","","","","","","","","","","","","","","","","","","","","","","",82,1,"","","","","","","","","","","","",8.6,1,1028.6,1,"","","","","","",5,1,5,1,8,1,0,1,0,1,"","","","","","","","","","","","","","","","","","","","","","","","",20000,1,"","",1,1,2,1,"","","","","","","","","","",3,1,"","","","","","","","","","","","","","","","","","","","","","","","","","","","","","","","","","","","","","","","","","","","","","","","","","","","","",""
"83069002","PORQUEROLLES",43.,6.226833,135,1981111100,"","","","",3.,1,100,1,"","","","","","","","","","","","","","","","","","","","","","","","","","","","",9.5,1,6.,1,"","","","","","","","","","","","","","","","","","","","","","","","","","",80,1,"","","","","","","","","","","","",9.5,1,1028.2,1,"","","","","","","","","","","","","","","","","","","","","","","","","","","","","","","","","","","","","","","","","","","","","","","","","","","","","","","","","","","","","","","","","","","","","","","","","","","","","","","","","","","","","","","","","","","","","","","","","","","","","","","","","","","","","","","","","",""
"83069002","PORQUEROLLES",43.,6.226833,135,1981111103,"","","","",0.,1,0,1,"","","","","","","","","","","","","","","","","","","","","","","","","","","","",8.,1,8.,1,"","","","","","","","","","","","","","","","","","","","","","","","","","",100,1,"","","","","","","","","","","","",10.2,1,1028.4,1,"","","","","","",0,1,"","",0,1,0,1,0,1,"","","","","","","","","","","","","","","","","","","","","","","","",15000,1,"","",0,1,"","","","","","","","","","","","",2,1,"","","","","","","","","","","","","","","","","","","","","","","","","","","","","","","","","","","","","","","","","","","","","","","","","","","","","",""
"83069002","PORQUEROLLES",43.,6.226833,135,1981111106,"","","","",0.,1,0,1,"","","","","","","","","","","","","","","","","","","","","","","","","","","","",8.,1,5.6,1,"","","","","","","","","","","","","","","","","","","","","","","","","","",85,1,"","","","","","","","","","","","",9.2,1,1028.5,1,"","","","","","",2,1,0,1,2,1,0,1,0,1,"","","","","","","","","","","","","","","","","","","","","","","","",15000,1,"","",3,1,0,1,"","",0,1,"","","","","","",2,1,"","","","","","","","","","","","","","","","","","","","","","","","","","","","","","","","","","","","","","","","","","","","","","","","","","","","","",""
"83069002","PORQUEROLLES",43.,6.226833,135,1981111109,"","","","",0.,1,0,1,"","","","","","","","","","","","","","","","","","","","","","","","","","","","",9.5,1,6.4,1,"","","","","","","","","","","","","","","","","","","","","","","","","","",83,1,"","","","","","","","","","","","",9.8,1,1028.5,1,"","","","","","",6,1,6,1,2,1,7,1,0,1,"","","","","","","","","","","","","","","","","","","","","","","","",12000,1,"","",3,1,1,1,"","","","","","","","","","",2,1,0,1,"","","","","","","","","","","","","","","","","","","","","","","","","","","","","","","","","","","","","","","","","","","","","","","","","","","",""
"83069002","PORQUEROLLES",43.,6.226833,135,1981111112,"","","","",4.,1,240,1,"","","","","","","","","","","","","","","","","","","","","","","","","","","","",13.,1,7.7,1,"","","","","","","","","","","","","","","","","","","","","","","","","","",72,1,"","","","","","","","","","","","",10.7,1,1027.2,1,"","","","","","",6,1,5,1,2,1,7,1,0,1,"","","","","","","","","","","","","","","","","","","","","","","","",12000,1,"","",2,1,2,1,"","","","","","","","","","",2,1,0,1,"","","","","","","","","","","","","","","","","","","","","","","","","","","","","","","","","","","","","","","","","","","","","","","","","","","",""
"83069002","PORQUEROLLES",43.,6.226833,135,1981111115,"","","","",4.,1,260,1,"","","","","","","","","","","","","","","","","","","","","","","","","","","","",10.8,1,7.7,1,"","","","","","","","","","","","","","","","","","","","","","","","","","",82,1,"","","","","","","","","","","","",10.7,1,1025.1,1,"","","","","","",7,1,6,1,2,1,7,1,"","","","","","","","","","","","","","","","","","","","","","","","","","",10000,1,"","",2,1,2,1,"","","","","","","","","","",2,1,0,1,"","","","","","","","","","","","","","","","","","","","","","","","","","","","","","","","","","","","","","","","","","","","","","","","","","","",""
"83069002","PORQUEROLLES",43.,6.226833,135,1981111118,"","","","",6.,1,280,1,"","","","","","","","","","","","","","","","","","","","","","","","","","","","",10.5,1,7.2,1,"","","","","","","","","","","","","","","","","","","","","","","","","","",81,1,"","","","","","","","","","","","",10.3,1,1023.4,1,"","","","","","",7,1,7,1,2,1,7,1,"","","","","","","","","","","","","","","","","","","","","","","","","","",10000,1,"","",2,1,2,1,"","","","","","","","","","",2,1,270,1,"","","","","","","","","","","","","","","","","","","","","","","","","","","","","","","","","","","","","","","","","","","","","","","","","","","",""
"83069002","PORQUEROLLES",43.,6.226833,135,1981111121,"","","","",11.,1,280,1,"","","","","","","","","","","","","","","","","","","","","","","","","","","","",10.,1,8.7,1,"","","","","","","","","","","","","","","","","","","","","","","","","","",94,1,"","","","","","","","","","","","",11.5,1,1021.7,1,"","","","","","",5,1,5,1,2,1,7,1,0,1,"","","","","","","","","","","","","","","","","","","","","","","","",10000,1,"","",1,1,2,1,"","","","","","","","","","",2,1,270,1,"","","","","","","","","","","","","","","","","","","","","","","","","","","","","","","","","","","","","","","","","","","","","","","","","","","",""
"83069002","PORQUEROLLES",43.,6.226833,135,1981111200,"","","","",13.,1,280,1,"","","","","","","","","","","","","","","","","","","","","","","","","","","","",10.,1,2.9,1,"","","","","","","","","","","","","","","","","","","","","","","","","","",62,1,"","","","","","","","","","","","",7.6,1,1020.8,1,"","","","","","","","","","","","","","","","","","","","","","","","","","","","","","","","","","","","","","","","","","","","","","","","","","","","","","","","","","","","","","","","","","","","","","","","","","","","","","","","","","","","","","","","","","","","","","","","","","","","","","","","","","","","","","","","","",""
"83069002","PORQUEROLLES",43.,6.226833,135,1981111203,"","","","",10.,1,280,1,"","","","","","","","","","","","","","","","","","","","","","","","","","","","",10.,1,5.4,1,"","","","","","","","","","","","","","","","","","","","","","","","","","",74,1,"","","","","","","","","","","","",9.1,1,1019.3,1,"","","","","","",0,1,"","",0,1,0,1,0,1,"","","","","","","","","","","","","","","","","","","","","","","","",15000,1,"","",0,1,"","","","","","","","","","","","",3,1,"","","","","","","","","","","","","","","","","","","","","","","","","","","","","","","","","","","","","","","","","","","","","","","","","","","","","",""
"83069002","PORQUEROLLES",43.,6.226833,135,1981111206,"","","","",10.,1,280,1,"","","","","","","","","","","","","","","","","","","","","","","","","","","","",11.5,1,3.6,1,"","","","","","","","","","","","","","","","","","","","","","","","","","",58,1,"","","","","","","","","","","","",8.,1,1017.4,1,"","","","","","",0,1,"","",0,1,0,1,0,1,"","","","","","","","","","","","","","","","","","","","","","","","",20000,1,"","",2,1,0,1,"","",0,1,"","","","","","",3,1,"","","","","","","","","","","","","","","","","","","","","","","","","","","","","","","","","","","","","","","","","","","","","","","","","","","","","",""
"83069002","PORQUEROLLES",43.,6.226833,135,1981111209,"","","","",10.,1,300,1,"","","","","","","","","","","","","","","","","","","","","","","","","","","","",12.6,1,3.6,1,"","","","","","","","","","","","","","","","","","","","","","","","","","",55,1,"","","","","","","","","","","","",8.,1,1016.9,1,"","","","","","",1,1,0,1,0,1,0,1,1,1,"","","","","","","","","","","","","","","","","","","","","","","","",30000,1,"","",3,1,0,1,"","","","","","","","","","",4,1,270,1,"","","","","","","","","","","","","","","","","","","","","","","","","","","","","","","","","","","","","","","","","","","","","","","","","","","",""
"83069002","PORQUEROLLES",43.,6.226833,135,1981111212,"","","","",1.,1,40,1,"","","","","","","","","","","","","","","","","","","","","","","","","","","","",13.6,1,5.9,1,"","","","","","","","","","","","","","","","","","","","","","","","","","",60,1,"","","","","","","","","","","","",9.4,1,1018.5,1,"","","","","","",1,1,0,1,0,1,0,1,2,1,"","","","","","","","","","","","","","","","","","","","","","","","",25000,1,"","",2,1,0,1,"","","","","","","","","","",3,1,270,1,"","","","","","","","","","","","","","","","","","","","","","","","","","","","","","","","","","","","","","","","","","","","","","","","","","","",""
"83069002","PORQUEROLLES",43.,6.226833,135,1981111215,"","","","",3.,1,240,1,"","","","","","","","","","","","","","","","","","","","","","","","","","","","",14.5,1,8.3,1,"","","","","","","","","","","","","","","","","","","","","","","","","","",68,1,"","","","","","","","","","","","",11.2,1,1018.9,1,"","","","","","",2,1,0,1,0,1,0,1,2,1,"","","","","","","","","","","","","","","","","","","","","","","","",20000,1,"","",3,1,0,1,"","","","","","","","","","",3,1,270,1,"","","","","","","","","","","","","","","","","","","","","","","","","","","","","","","","","","","","","","","","","","","","","","","","","","","",""
"83069002","PORQUEROLLES",43.,6.226833,135,1981111218,"","","","",3.,1,120,1,"","","","","","","","","","","","","","","","","","","","","","","","","","","","",11.7,1,6.9,1,"","","","","","","","","","","","","","","","","","","","","","","","","","",74,1,"","","","","","","","","","","","",10.1,1,1020.1,1,"","","","","","",1,1,0,1,0,1,0,1,1,1,"","","","","","","","","","","","","","","","","","","","","","","","",25000,1,"","",1,1,0,1,"","","","","","","","","","",2,1,270,1,"","","","","","","","","","","","","","","","","","","","","","","","","","","","","","","","","","","","","","","","","","","","","","","","","","","",""
"83069002","PORQUEROLLES",43.,6.226833,135,1981111221,"","","","",4.,1,120,1,"","","","","","","","","","","","","","","","","","","","","","","","","","","","",10.7,1,8.3,1,"","","","","","","","","","","","","","","","","","","","","","","","","","",87,1,"","","","","","","","","","","","",11.2,1,1020.9,1,"","","","","","",0,1,"","",0,1,0,1,0,1,"","","","","","","","","","","","","","","","","","","","","","","","",12000,1,"","",1,1,0,1,"","","","","","","","","","",2,1,90,1,"","","","","","","","","","","","","","","","","","","","","","","","","","","","","","","","","","","","","","","","","","","","","","","","","","","",""
"83069002","PORQUEROLLES",43.,6.226833,135,1981111300,"","","","",2.,1,120,1,"","","","","","","","","","","","","","","","","","","","","","","","","","","","",11.,1,9.3,1,"","","","","","","","","","","","","","","","","","","","","","","","","","","","","","","","","","","","","","","","",12.,1,1022.5,1,"","","","","","","","","","","","","","","","","","","","","","","","","","","","","","","","","","","","","","","","","","","","","","","","","","","","","","","","","","","","","","","","","","","","","","","","","","","","","","","","","","","","","","","","","","","","","","","","","","","","","","","","","","","","","","","","","",""
"83069002","PORQUEROLLES",43.,6.226833,135,1981111303,"","","","",3.,1,40,1,"","","","","","","","","","","","","","","","","","","","","","","","","","","","",10.5,1,10.5,1,"","","","","","","","","","","","","","","","","","","","","","","","","","",100,1,"","","","","","","","","","","","",12.7,1,1022.1,1,"","","","","","",0,1,"","",0,1,0,1,0,1,"","","","","","","","","","","","","","","","","","","","","","","","",12000,1,"","",0,1,"","","","","","","","","","","","",2,1,"","","","","","","","","","","","","","","","","","","","","","","","","","","","","","","","","","","","","","","","","","","","","","","","","","","","","",""
"83069002","PORQUEROLLES",43.,6.226833,135,1981111306,"","","","",2.,1,40,1,"","","","","","","","","","","","","","","","","","","","","","","","","","","","",10.5,1,8.2,1,"","","","","","","","","","","","","","","","","","","","","","","","","","",88,1,"","","","","","","","","","","","",11.1,1,1022.5,1,"","","","","","",8,1,8,1,5,1,"","","","","","","","","","","","","","","","","","","","","","","","","","","","",12000,1,"","",3,1,1,1,"","",0,1,"","","","","","",2,1,"","","","","","","","","","","","","","","","","","","","","","","","","","","","","","","","","","","","","","","","","","","","","","","","","","","","","",""
"83069002","PORQUEROLLES",43.,6.226833,135,1981111309,"","","","",1.,1,40,1,"","","","","","","","","","","","","","","","","","","","","","","","","","","","",11.5,1,8.2,1,"","","","","","","","","","","","","","","","","","","","","","","","","","",82,1,"","","","","","","","","","","","",11.1,1,1024.2,1,"","","","","","",4,1,0,1,2,1,0,1,2,1,"","","","","","","","","","","","","","","","","","","","","","","","",12000,1,"","",1,1,1,1,"","","","","","","","","","",2,1,0,1,"","","","","","","","","","","","","","","","","","","","","","","","","","","","","","","","","","","","","","","","","","","","","","","","","","","",""
"83069002","PORQUEROLLES",43.,6.226833,135,1981111312,"","","","",1.,1,120,1,"","","","","","","","","","","","","","","","","","","","","","","","","","","","",15.7,1,10.3,1,"","","","","","","","","","","","","","","","","","","","","","","","","","",72,1,"","","","","","","","","","","","",12.8,1,1024.,1,"","","","","","",3,1,0,1,2,1,0,1,2,1,"","","","","","","","","","","","","","","","","","","","","","","","",14000,1,"","",1,1,1,1,"","","","","","","","","","",2,1,0,1,"","","","","","","","","","","","","","","","","","","","","","","","","","","","","","","","","","","","","","","","","","","","","","","","","","","",""
"83069002","PORQUEROLLES",43.,6.226833,135,1981111315,"","","","",1.,1,220,1,"","","","","","","","","","","","","","","","","","","","","","","","","","","","",14.6,1,11.3,1,"","","","","","","","","","","","","","","","","","","","","","","","","","",83,1,"","","","","","","","","","","","",13.7,1,1023.4,1,"","","","","","",3,1,0,1,2,1,0,1,2,1,"","","","","","","","","","","","","","","","","","","","","","","","",14000,1,"","",2,1,1,1,"","","","","","","","","","",2,1,0,1,"","","","","","","","","","","","","","","","","","","","","","","","","","","","","","","","","","","","","","","","","","","","","","","","","","","",""
"83069002","PORQUEROLLES",43.,6.226833,135,1981111318,"","","","",1.,1,280,1,"","","","","","","","","","","","","","","","","","","","","","","","","","","","",11.8,1,9.9,1,"","","","","","","","","","","","","","","","","","","","","","","","","","",90,1,"","","","","","","","","","","","",12.5,1,1023.8,1,"","","","","","",3,1,0,1,2,1,0,1,2,1,"","","","","","","","","","","","","","","","","","","","","","","","",14000,1,"","",2,1,1,1,"","","","","","","","","","",2,1,0,1,"","","","","","","","","","","","","","","","","","","","","","","","","","","","","","","","","","","","","","","","","","","","","","","","","","","",""
"83069002","PORQUEROLLES",43.,6.226833,135,1981111321,"","","","",2.,1,40,1,"","","","","","","","","","","","","","","","","","","","","","","","","","","","",11.5,1,9.8,1,"","","","","","","","","","","","","","","","","","","","","","","","","","",91,1,"","","","","","","","","","","","",12.4,1,1025.1,1,"","","","","","",0,1,"","",0,1,0,1,0,1,"","","","","","","","","","","","","","","","","","","","","","","","",12000,1,"","",1,1,0,1,"","","","","","","","","","",2,1,"","","","","","","","","","","","","","","","","","","","","","","","","","","","","","","","","","","","","","","","","","","","","","","","","","","","","",""
"83069002","PORQUEROLLES",43.,6.226833,135,1981111400,"","","","",4.,1,360,1,"","","","","","","","","","","","","","","","","","","","","","","","","","","","",10.,1,6.2,1,"","","","","","","","","","","","","","","","","","","","","","","","","","",78,1,"","","","","","","","","","","","",9.6,1,1024.6,1,"","","","","","","","","","","","","","","","","","","","","","","","","","","","","","","","","","","","","","","","","","","","","","","","","","","","","","","","","","","","","","","","","","","","","","","","","","","","","","","","","","","","","","","","","","","","","","","","","","","","","","","","","","","","","","","","","",""
"83069002","PORQUEROLLES",43.,6.226833,135,1981111403,"","","","",2.,1,360,1,"","","","","","","","","","","","","","","","","","","","","","","","","","","","",10.,1,6.6,1,"","","","","","","","","","","","","","","","","","","","","","","","","","",80,1,"","","","","","","","","","","","",9.9,1,1022.8,1,"","","","","","",1,1,0,1,0,1,0,1,2,1,"","","","","","","","","","","","","","","","","","","","","","","","",18000,1,"","",0,1,"","","","","","","","","","","","",2,1,"","","","","","","","","","","","","","","","","","","","","","","","","","","","","","","","","","","","","","","","","","","","","","","","","","","","","",""
"83069002","PORQUEROLLES",43.,6.226833,135,1981111406,"","","","",4.,1,280,1,"","","","","","","","","","","","","","","","","","","","","","","","","","","","",9.,1,7.3,1,"","","","","","","","","","","","","","","","","","","","","","","","","","",90,1,"","","","","","","","","","","","",10.4,1,1020.3,1,"","","","","","",3,1,0,1,0,1,0,1,2,1,"","","","","","","","","","","","","","","","","","","","","","","","",18000,1,"","",3,1,0,1,"","",0,1,"","","","","","",2,1,0,1,"","","","","","","","","","","","","","","","","","","","","","","","","","","","","","","","","","","","","","","","","","","","","","","","","","","",""
"83069002","PORQUEROLLES",43.,6.226833,135,1981111409,"","","","",8.,1,320,1,"","","","","","","","","","","","","","","","","","","","","","","","","","","","",12.8,1,4.1,1,"","","","","","","","","","","","","","","","","","","","","","","","","","",56,1,"","","","","","","","","","","","",8.3,1,1018.5,1,"","","","","","",3,1,0,1,0,1,0,1,2,1,"","","","","","","","","","","","","","","","","","","","","","","","",18000,1,"","",2,1,0,1,"","","","","","","","","","",3,1,270,1,"","","","","","","","","","","","","","","","","","","","","","","","","","","","","","","","","","","","","","","","","","","","","","","","","","","",""
"83069002","PORQUEROLLES",43.,6.226833,135,1981111412,"","","","",7.,1,320,1,"","","","","","","","","","","","","","","","","","","","","","","","","","","","",15.1,1,6.7,1,"","","","","","","","","","","","","","","","","","","","","","","","","","",59,1,"","","","","","","","","","","","",10.,1,1019.,1,"","","","","","",2,1,0,1,0,1,0,1,1,1,"","","","","","","","","","","","","","","","","","","","","","","","",15000,1,"","",1,1,0,1,"","","","","","","","","","",4,1,270,1,"","","","","","","","","","","","","","","","","","","","","","","","","","","","","","","","","","","","","","","","","","","","","","","","","","","",""
"83069002","PORQUEROLLES",43.,6.226833,135,1981111415,"","","","",7.,1,40,1,"","","","","","","","","","","","","","","","","","","","","","","","","","","","",16.5,1,6.9,1,"","","","","","","","","","","","","","","","","","","","","","","","","","",54,1,"","","","","","","","","","","","",10.1,1,1019.9,1,"","","","","","",1,1,0,1,0,1,0,1,1,1,"","","","","","","","","","","","","","","","","","","","","","","","",18000,1,"","",2,1,0,1,"","","","","","","","","","",4,1,270,1,"","","","","","","","","","","","","","","","","","","","","","","","","","","","","","","","","","","","","","","","","","","","","","","","","","","",""
"83069002","PORQUEROLLES",43.,6.226833,135,1981111418,"","","","",2.,1,20,1,"","","","","","","","","","","","","","","","","","","","","","","","","","","","",12.,1,5.1,1,"","","","","","","","","","","","","","","","","","","","","","","","","","",64,1,"","","","","","","","","","","","",8.9,1,1021.8,1,"","","","","","",1,1,0,1,0,1,0,1,1,1,"","","","","","","","","","","","","","","","","","","","","","","","",15000,1,"","",2,1,0,1,"","","","","","","","","","",3,1,270,1,"","","","","","","","","","","","","","","","","","","","","","","","","","","","","","","","","","","","","","","","","","","","","","","","","","","",""
"83069002","PORQUEROLLES",43.,6.226833,135,1981111421,"","","","",4.,1,40,1,"","","","","","","","","","","","","","","","","","","","","","","","","","","","",10.,1,4.5,1,"","","","","","","","","","","","","","","","","","","","","","","","","","",70,1,"","","","","","","","","","","","",8.5,1,1023.3,1,"","","","","","",0,1,"","",0,1,0,1,0,1,"","","","","","","","","","","","","","","","","","","","","","","","",15000,1,"","",1,1,0,1,"","","","","","","","","","",3,1,270,1,"","","","","","","","","","","","","","","","","","","","","","","","","","","","","","","","","","","","","","","","","","","","","","","","","","","",""
"83069002","PORQUEROLLES",43.,6.226833,135,1981111500,"","","","",6.,1,40,1,"","","","","","","","","","","","","","","","","","","","","","","","","","","","",10.,1,4.,1,"","","","","","","","","","","","","","","","","","","","","","","","","","",67,1,"","","","","","","","","","","","",8.2,1,1023.4,1,"","","","","","","","","","","","","","","","","","","","","","","","","","","","","","","","","","","","","","","","","","","","","","","","","","","","","","","","","","","","","","","","","","","","","","","","","","","","","","","","","","","","","","","","","","","","","","","","","","","","","","","","","","","","","","","","","",""
"83069002","PORQUEROLLES",43.,6.226833,135,1981111503,"","","","",2.,1,40,1,"","","","","","","","","","","","","","","","","","","","","","","","","","","","",8.4,1,3.6,1,"","","","","","","","","","","","","","","","","","","","","","","","","","",73,1,"","","","","","","","","","","","",8.,1,1023.5,1,"","","","","","",0,1,"","",0,1,0,1,0,1,"","","","","","","","","","","","","","","","","","","","","","","","",25000,1,"","",0,1,"","","","","","","","","","","","",2,1,270,1,"","","","","","","","","","","","","","","","","","","","","","","","","","","","","","","","","","","","","","","","","","","","","","","","","","","",""
"83069002","PORQUEROLLES",43.,6.226833,135,1981111506,"","","","",1.,1,20,1,"","","","","","","","","","","","","","","","","","","","","","","","","","","","",8.4,1,4.1,1,"","","","","","","","","","","","","","","","","","","","","","","","","","",75,1,"","","","","","","","","","","","",8.3,1,1022.3,1,"","","","","","",0,1,"","",0,1,0,1,0,1,"","","","","","","","","","","","","","","","","","","","","","","","",25000,1,"","",2,1,0,1,"","",0,1,"","","","","","",2,1,270,1,"","","","","","","","","","","","","","","","","","","","","","","","","","","","","","","","","","","","","","","","","","","","","","","","","","","",""
"83069002","PORQUEROLLES",43.,6.226833,135,1981111509,"","","","",2.,1,120,1,"","","","","","","","","","","","","","","","","","","","","","","","","","","","",10.8,1,6.7,1,"","","","","","","","","","","","","","","","","","","","","","","","","","",77,1,"","","","","","","","","","","","",10.,1,1021.8,1,"","","","","","",6,1,6,1,0,1,5,1,0,1,"","","","","","","","","","","","","","","","","","","","","","","","",40000,1,"","",3,1,1,1,"","","","","","","","","","",2,1,90,1,"","","","","","","","","","","","","","","","","","","","","","","","","","","","","","","","","","","","","","","","","","","","","","","","","","","",""
"83069002","PORQUEROLLES",43.,6.226833,135,1981111512,"","","","",4.,1,120,1,"","","","","","","","","","","","","","","","","","","","","","","","","","","","",12.8,1,6.9,1,"","","","","","","","","","","","","","","","","","","","","","","","","","",72,1,"","","","","","","","","","","","",10.1,1,1021.1,1,"","","","","","",7,1,7,1,0,1,7,1,"","","","","","","","","","","","","","","","","","","","","","","","","","",40000,1,"","",3,1,1,1,"","","","","","","","","","",3,1,90,1,"","","","","","","","","","","","","","","","","","","","","","","","","","","","","","","","","","","","","","","","","","","","","","","","","","","",""
"83069002","PORQUEROLLES",43.,6.226833,135,1981111515,"","","","",3.,1,120,1,"","","","","","","","","","","","","","","","","","","","","","","","","","","","",13.,1,6.6,1,"","","","","","","","","","","","","","","","","","","","","","","","","","",66,1,"","","","","","","","","","","","",9.9,1,1020.1,1,"","","","","","",5,1,5,1,0,1,4,1,0,1,"","","","","","","","","","","","","","","","","","","","","","","","",40000,1,"","",1,1,2,1,"","","","","","","","","","",3,1,90,1,"","","","","","","","","","","","","","","","","","","","","","","","","","","","","","","","","","","","","","","","","","","","","","","","","","","",""
"83069002","PORQUEROLLES",43.,6.226833,135,1981111518,"","","","",2.,1,100,1,"","","","","","","","","","","","","","","","","","","","","","","","","","","","",10.6,1,6.2,1,"","","","","","","","","","","","","","","","","","","","","","","","","","",75,1,"","","","","","","","","","","","",9.6,1,1020.1,1,"","","","","","",0,1,"","",0,1,0,1,0,1,"","","","","","","","","","","","","","","","","","","","","","","","",30000,1,"","",1,1,1,1,"","","","","","","","","","",2,1,90,1,"","","","","","","","","","","","","","","","","","","","","","","","","","","","","","","","","","","","","","","","","","","","","","","","","","","",""
"83069002","PORQUEROLLES",43.,6.226833,135,1981111521,"","","","",1.,1,60,1,"","","","","","","","","","","","","","","","","","","","","","","","","","","","",9.8,1,7.4,1,"","","","","","","","","","","","","","","","","","","","","","","","","","",87,1,"","","","","","","","","","","","",10.5,1,1020.7,1,"","","","","","",3,1,0,1,0,1,4,1,0,1,"","","","","","","","","","","","","","","","","","","","","","","","",30000,1,"","",3,1,0,1,"","","","","","","","","","",2,1,90,1,"","","","","","","","","","","","","","","","","","","","","","","","","","","","","","","","","","","","","","","","","","","","","","","","","","","",""
"83069002","PORQUEROLLES",43.,6.226833,135,1981111600,"","","","",2.,1,40,1,"","","","","","","","","","","","","","","","","","","","","","","","","","","","",9.,1,7.8,1,"","","","","","","","","","","","","","","","","","","","","","","","","","",94,1,"","","","","","","","","","","","",10.8,1,1020.8,1,"","","","","","","","","","","","","","","","","","","","","","","","","","","","","","","","","","","","","","","","","","","","","","","","","","","","","","","","","","","","","","","","","","","","","","","","","","","","","","","","","","","","","","","","","","","","","","","","","","","","","","","","","","","","","","","","","",""
"83069002","PORQUEROLLES",43.,6.226833,135,1981111603,"","","","",2.,1,60,1,"","","","","","","","","","","","","","","","","","","","","","","","","","","","",8.8,1,6.9,1,"","","","","","","","","","","","","","","","","","","","","","","","","","",89,1,"","","","","","","","","","","","",10.1,1,1020.8,1,"","","","","","",5,1,5,1,0,1,3,1,0,1,"","","","","","","","","","","","","","","","","","","","","","","","",30000,1,"","",0,1,"","","","","","","","","","","","",2,1,50,1,"","","","","","","","","","","","","","","","","","","","","","","","","","","","","","","","","","","","","","","","","","","","","","","","","","","",""
"83069002","PORQUEROLLES",43.,6.226833,135,1981111606,"","","","",2.,1,60,1,"","","","","","","","","","","","","","","","","","","","","","","","","","","","",9.,1,7.3,1,"","","","","","","","","","","","","","","","","","","","","","","","","","",90,1,"","","","","","","","","","","","",10.4,1,1020.8,1,"","","","","","",5,1,5,1,2,1,0,1,0,1,"","","","","","","","","","","","","","","","","","","","","","","","",30000,1,"","",2,1,2,1,"","",0,1,"","","","","","",2,1,50,1,"","","","","","","","","","","","","","","","","","","","","","","","","","","","","","","","","","","","","","","","","","","","","","","","","","","",""
"83069002","PORQUEROLLES",43.,6.226833,135,1981111609,"","","","",1.,1,80,1,"","","","","","","","","","","","","","","","","","","","","","","","","","","","",11.2,1,8.5,1,"","","","","","","","","","","","","","","","","","","","","","","","","","",85,1,"","","","","","","","","","","","",11.3,1,1022.,1,"","","","","","",5,1,5,1,2,1,0,1,0,1,"","","","","","","","","","","","","","","","","","","","","","","","",26000,1,"","",2,1,2,1,"","","","","","","","","","",2,1,130,1,"","","","","","","","","","","","","","","","","","","","","","","","","","","","","","","","","","","","","","","","","","","","","","","","","","","",""
"83069002","PORQUEROLLES",43.,6.226833,135,1981111612,"","","","",3.,1,120,1,"","","","","","","","","","","","","","","","","","","","","","","","","","","","",15.3,1,9.5,1,"","","","","","","","","","","","","","","","","","","","","","","","","","",70,1,"","","","","","","","","","","","",12.1,1,1021.9,1,"","","","","","",5,1,5,1,2,1,0,1,0,1,"","","","","","","","","","","","","","","","","","","","","","","","",25000,1,"","",2,1,2,1,"","","","","","","","","","",2,1,130,1,"","","","","","","","","","","","","","","","","","","","","","","","","","","","","","","","","","","","","","","","","","","","","","","","","","","",""
"83069002","PORQUEROLLES",43.,6.226833,135,1981111615,"","","","",3.,1,120,1,"","","","","","","","","","","","","","","","","","","","","","","","","","","","",13.,1,8.7,1,"","","","","","","","","","","","","","","","","","","","","","","","","","",77,1,"","","","","","","","","","","","",11.5,1,1021.5,1,"","","","","","",5,1,5,1,2,1,0,1,0,1,"","","","","","","","","","","","","","","","","","","","","","","","",25000,1,"","",2,1,2,1,"","","","","","","","","","",2,1,"","","","","","","","","","","","","","","","","","","","","","","","","","","","","","","","","","","","","","","","","","","","","","","","","","","","","",""
"83069002","PORQUEROLLES",43.,6.226833,135,1981111618,"","","","",1.,1,180,1,"","","","","","","","","","","","","","","","","","","","","","","","","","","","",11.,1,6.4,1,"","","","","","","","","","","","","","","","","","","","","","","","","","",75,1,"","","","","","","","","","","","",9.8,1,1022.,1,"","","","","","",5,1,5,1,2,1,0,1,0,1,"","","","","","","","","","","","","","","","","","","","","","","","",25000,1,"","",2,1,2,1,"","","","","","","","","","",2,1,"","","","","","","","","","","","","","","","","","","","","","","","","","","","","","","","","","","","","","","","","","","","","","","","","","","","","",""
"83069002","PORQUEROLLES",43.,6.226833,135,1981111621,"","","","",0.,1,0,1,"","","","","","","","","","","","","","","","","","","","","","","","","","","","",10.4,1,6.9,1,"","","","","","","","","","","","","","","","","","","","","","","","","","",80,1,"","","","","","","","","","","","",10.1,1,1024.2,1,"","","","","","",0,1,"","",0,1,0,1,0,1,"","","","","","","","","","","","","","","","","","","","","","","","",25000,1,"","",1,1,1,1,"","","","","","","","","","",2,1,"","","","","","","","","","","","","","","","","","","","","","","","","","","","","","","","","","","","","","","","","","","","","","","","","","","","","",""
"83069002","PORQUEROLLES",43.,6.226833,135,1981111700,"","","","",2.,1,120,1,"","","","","","","","","","","","","","","","","","","","","","","","","","","","",11.,1,9.6,1,"","","","","","","","","","","","","","","","","","","","","","","","","","",93,1,"","","","","","","","","","","","",12.2,1,1024.3,1,"","","","","","","","","","","","","","","","","","","","","","","","","","","","","","","","","","","","","","","","","","","","","","","","","","","","","","","","","","","","","","","","","","","","","","","","","","","","","","","","","","","","","","","","","","","","","","","","","","","","","","","","","","","","","","","","","",""
"83069002","PORQUEROLLES",43.,6.226833,135,1981111703,"","","","",2.,1,80,1,"","","","","","","","","","","","","","","","","","","","","","","","","","","","",9.5,1,9.5,1,"","","","","","","","","","","","","","","","","","","","","","","","","","",100,1,"","","","","","","","","","","","",11.9,1,1024.6,1,"","","","","","",5,1,5,1,2,1,0,1,0,1,"","","","","","","","","","","","","","","","","","","","","","","","",20000,1,"","",0,1,"","","","","","","","","","","","",2,1,"","","","","","","","","","","","","","","","","","","","","","","","","","","","","","","","","","","","","","","","","","","","","","","","","","","","","",""
"83069002","PORQUEROLLES",43.,6.226833,135,1981111706,"","","","",2.,1,60,1,"","","","","","","","","","","","","","","","","","","","","","","","","","","","",9.,1,9.,1,"","","","","","","","","","","","","","","","","","","","","","","","","","",100,1,"","","","","","","","","","","","",11.5,1,1025.1,1,"","","","","","",5,1,5,1,2,1,0,1,0,1,"","","","","","","","","","","","","","","","","","","","","","","","",20000,1,"","",2,1,2,1,"","",0,1,"","","","","","",2,1,"","","","","","","","","","","","","","","","","","","","","","","","","","","","","","","","","","","","","","","","","","","","","","","","","","","","","",""
"83069002","PORQUEROLLES",43.,6.226833,135,1981111709,"","","","",1.,1,120,1,"","","","","","","","","","","","","","","","","","","","","","","","","","","","",10.4,1,9.3,1,"","","","","","","","","","","","","","","","","","","","","","","","","","",95,1,"","","","","","","","","","","","",12.,1,1026.5,1,"","","","","","",3,1,0,1,2,1,0,1,0,1,"","","","","","","","","","","","","","","","","","","","","","","","",20000,1,"","",1,1,1,1,"","","","","","","","","","",2,1,"","","","","","","","","","","","","","","","","","","","","","","","","","","","","","","","","","","","","","","","","","","","","","","","","","","","","",""
"83069002","PORQUEROLLES",43.,6.226833,135,1981111712,"","","","",2.,1,160,1,"","","","","","","","","","","","","","","","","","","","","","","","","","","","",13.5,1,9.1,1,"","","","","","","","","","","","","","","","","","","","","","","","","","",76,1,"","","","","","","","","","","","",11.8,1,1026.3,1,"","","","","","",5,1,5,1,2,1,0,1,0,1,"","","","","","","","","","","","","","","","","","","","","","","","",25000,1,"","",3,1,1,1,"","","","","","","","","","",2,1,"","","","","","","","","","","","","","","","","","","","","","","","","","","","","","","","","","","","","","","","","","","","","","","","","","","","","",""
"83069002","PORQUEROLLES",43.,6.226833,135,1981111715,"","","","",2.,1,220,1,"","","","","","","","","","","","","","","","","","","","","","","","","","","","",14.3,1,8.7,1,"","","","","","","","","","","","","","","","","","","","","","","","","","",71,1,"","","","","","","","","","","","",11.5,1,1025.9,1,"","","","","","",2,1,0,1,2,1,0,1,0,1,"","","","","","","","","","","","","","","","","","","","","","","","",30000,1,"","",1,1,1,1,"","","","","","","","","","",2,1,"","","","","","","","","","","","","","","","","","","","","","","","","","","","","","","","","","","","","","","","","","","","","","","","","","","","","",""
"83069002","PORQUEROLLES",43.,6.226833,135,1981111718,"","","","",4.,1,240,1,"","","","","","","","","","","","","","","","","","","","","","","","","","","","",11.1,1,8.6,1,"","","","","","","","","","","","","","","","","","","","","","","","","","",86,1,"","","","","","","","","","","","",11.4,1,1026.1,1,"","","","","","",2,1,0,1,2,1,0,1,0,1,"","","","","","","","","","","","","","","","","","","","","","","","",25000,1,"","",2,1,0,1,"","","","","","","","","","",2,1,"","","","","","","","","","","","","","","","","","","","","","","","","","","","","","","","","","","","","","","","","","","","","","","","","","","","","",""
"83069002","PORQUEROLLES",43.,6.226833,135,1981111721,"","","","",3.,1,260,1,"","","","","","","","","","","","","","","","","","","","","","","","","","","","",11.1,1,8.6,1,"","","","","","","","","","","","","","","","","","","","","","","","","","",86,1,"","","","","","","","","","","","",11.4,1,1026.4,1,"","","","","","",2,1,0,1,2,1,0,1,0,1,"","","","","","","","","","","","","","","","","","","","","","","","",25000,1,"","",2,1,0,1,"","","","","","","","","","",2,1,"","","","","","","","","","","","","","","","","","","","","","","","","","","","","","","","","","","","","","","","","","","","","","","","","","","","","",""
"83069002","PORQUEROLLES",43.,6.226833,135,1981111800,"","","","",0.,1,0,1,"","","","","","","","","","","","","","","","","","","","","","","","","","","","",9.,1,8.2,1,"","","","","","","","","","","","","","","","","","","","","","","","","","",97,1,"","","","","","","","","","","","",11.1,1,1026.1,1,"","","","","","","","","","","","","","","","","","","","","","","","","","","","","","","","","","","","","","","","","","","","","","","","","","","","","","","","","","","","","","","","","","","","","","","","","","","","","","","","","","","","","","","","","","","","","","","","","","","","","","","","","","","","","","","","","",""
"83069002","PORQUEROLLES",43.,6.226833,135,1981111803,"","","","",1.,1,40,1,"","","","","","","","","","","","","","","","","","","","","","","","","","","","",9.,1,9.,1,"","","","","","","","","","","","","","","","","","","","","","","","","","",100,1,"","","","","","","","","","","","",11.5,1,1026.1,1,"","","","","","",0,1,"","",0,1,0,1,0,1,"","","","","","","","","","","","","","","","","","","","","","","","",25000,1,"","",0,1,"","","","","","","","","","","","",2,1,0,1,"","","","","","","","","","","","","","","","","","","","","","","","","","","","","","","","","","","","","","","","","","","","","","","","","","","",""
"83069002","PORQUEROLLES",43.,6.226833,135,1981111806,"","","","",2.,1,60,1,"","","","","","","","","","","","","","","","","","","","","","","","","","","","",9.,1,9.,1,"","","","","","","","","","","","","","","","","","","","","","","","","","",100,1,"","","","","","","","","","","","",11.5,1,1026.1,1,"","","","","","",3,1,0,1,2,1,0,1,0,1,"","","","","","","","","","","","","","","","","","","","","","","","",25000,1,"","",3,1,0,1,"","",0,1,"","","","","","",2,1,0,1,"","","","","","","","","","","","","","","","","","","","","","","","","","","","","","","","","","","","","","","","","","","","","","","","","","","",""
"83069002","PORQUEROLLES",43.,6.226833,135,1981111809,"","","","",0.,1,0,1,"","","","","","","","","","","","","","","","","","","","","","","","","","","","",10.6,1,9.8,1,"","","","","","","","","","","","","","","","","","","","","","","","","","",98,1,"","","","","","","","","","","","",12.4,1,1026.9,1,"","","","","","",4,1,0,1,5,1,0,1,0,1,"","","","","","","","","","","","","","","","","","","","","","","","",12000,1,"","",3,1,0,1,"","","","","","","","","","",2,1,0,1,"","","","","","","","","","","","","","","","","","","","","","","","","","","","","","","","","","","","","","","","","","","","","","","","","","","",""
"83069002","PORQUEROLLES",43.,6.226833,135,1981111812,"","","","",0.,1,0,1,"","","","","","","","","","","","","","","","","","","","","","","","","","","","",14.4,1,12.2,1,"","","","","","","","","","","","","","","","","","","","","","","","","","",89,1,"","","","","","","","","","","","",14.6,1,1026.2,1,"","","","","","",4,1,0,1,2,1,0,1,0,1,"","","","","","","","","","","","","","","","","","","","","","","","",15000,1,"","",2,1,0,1,"","","","","","","","","","",2,1,0,1,"","","","","","","","","","","","","","","","","","","","","","","","","","","","","","","","","","","","","","","","","","","","","","","","","","","",""
"83069002","PORQUEROLLES",43.,6.226833,135,1981111815,"","","","",0.,1,0,1,"","","","","","","","","","","","","","","","","","","","","","","","","","","","",13.2,1,12.1,1,"","","","","","","","","","","","","","","","","","","","","","","","","","",96,1,"","","","","","","","","","","","",14.5,1,1025.4,1,"","","","","","",6,1,6,1,5,1,0,1,0,1,"","","","","","","","","","","","","","","","","","","","","","","","",15000,1,"","",3,1,1,1,"","","","","","","","","","",2,1,0,1,"","","","","","","","","","","","","","","","","","","","","","","","","","","","","","","","","","","","","","","","","","","","","","","","","","","",""
"83069002","PORQUEROLLES",43.,6.226833,135,1981111818,"","","","",0.,1,0,1,"","","","","","","","","","","","","","","","","","","","","","","","","","","","",12.4,1,11.3,1,"","","","","","","","","","","","","","","","","","","","","","","","","","",95,1,"","","","","","","","","","","","",13.7,1,1025.9,1,"","","","","","",0,1,"","",0,1,0,1,0,1,"","","","","","","","","","","","","","","","","","","","","","","","",15000,1,"","",1,1,1,1,"","","","","","","","","","",1,1,0,1,"","","","","","","","","","","","","","","","","","","","","","","","","","","","","","","","","","","","","","","","","","","","","","","","","","","",""
"83069002","PORQUEROLLES",43.,6.226833,135,1981111821,"","","","",0.,1,0,1,"","","","","","","","","","","","","","","","","","","","","","","","","","","","",12.2,1,11.4,1,"","","","","","","","","","","","","","","","","","","","","","","","","","",98,1,"","","","","","","","","","","","",13.8,1,1026.6,1,"","","","","","",8,1,8,1,5,1,"","","","","","","","","","","","","","","","","","","","","","","","","","","","",15000,1,"","",3,1,1,1,"","","","","","","","","","",1,1,0,1,"","","","","","","","","","","","","","","","","","","","","","","","","","","","","","","","","","","","","","","","","","","","","","","","","","","",""
"83069002","PORQUEROLLES",43.,6.226833,135,1981111900,"","","","",0.,1,0,1,"","","","","","","","","","","","","","","","","","","","","","","","","","","","",13.,1,11.3,1,"","","","","","","","","","","","","","","","","","","","","","","","","","",92,1,"","","","","","","","","","","","",13.7,1,1026.8,1,"","","","","","","","","","","","","","","","","","","","","","","","","","","","","","","","","","","","","","","","","","","","","","","","","","","","","","","","","","",0,1,"","","","","","","","","","","","","","","","","","","","","","","","","","","","","","","","","","","","","","","","","","","","","","","","","","","","","",""
"83069002","PORQUEROLLES",43.,6.226833,135,1981111903,"","","","",0.,1,0,1,"","","","","","","","","","","","","","","","","","","","","","","","","","","","",12.5,1,10.3,1,"","","","","","","","","","","","","","","","","","","","","","","","","","",88,1,"","","","","","","","","","","","",12.8,1,1026.1,1,"","","","","","",0,1,"","",0,1,0,1,0,1,"","","","","","","","","","","","","","","","","","","","","","","","",15000,1,"","",0,1,"","","","","","","","","","","","",2,1,"","","","","","","","","","","","","","","","","","","","","","","","","","","","","","","","","","","","","","","","","","","","","","","","","","","","","",""
"83069002","PORQUEROLLES",43.,6.226833,135,1981111906,"","","","",0.,1,0,1,"","","","","","","","","","","","","","","","","","","","","","","","","","","","",12.,1,12.,1,"","","","","","","","","","","","","","","","","","","","","","","","","","",100,1,"","","","","","","","","","","","",14.,1,1026.3,1,"","","","","","",0,1,"","",0,1,0,1,0,1,"","","","","","","","","","","","","","","","","","","","","","","","",15000,1,"","",2,1,0,1,"","",0,1,"","","","","","",2,1,"","","","","","","","","","","","","","","","","","","","","","","","","","","","","","","","","","","","","","","","","","","","","","","","","","","","","",""
"83069002","PORQUEROLLES",43.,6.226833,135,1981111909,"","","","",2.,1,220,1,"","","","","","","","","","","","","","","","","","","","","","","","","","","","",13.4,1,11.2,1,"","","","","","","","","","","","","","","","","","","","","","","","","","",88,1,"","","","","","","","","","","","",13.6,1,1027.7,1,"","","","","","",8,1,8,1,5,1,"","","","","","","","","","","","","","","","","","","","","","","","","","","","",8000,1,"","",3,1,1,1,"","","","","","","","","","",2,1,0,1,"","","","","","","","","","","","","","","","","","","","","","","","","","","","","","","","","","","","","","","","","","","","","","","","","","","",""
"83069002","PORQUEROLLES",43.,6.226833,135,1981111912,"","","","",2.,1,280,1,"","","","","","","","","","","","","","","","","","","","","","","","","","","","",15.,1,12.,1,"","","","","","","","","","","","","","","","","","","","","","","","","","",84,1,"","","","","","","","","","","","",14.3,1,1027.2,1,"","","","","","",8,1,7,1,5,1,"","","","","","","","","","","","","","","","","","","","","","","","","","","","",8000,1,"","",2,1,1,1,"","","","","","","","","","",2,1,0,1,"","","","","","","","","","","","","","","","","","","","","","","","","","","","","","","","","","","","","","","","","","","","","","","","","","","",""
"83069002","PORQUEROLLES",43.,6.226833,135,1981111915,"","","","",2.,1,280,1,"","","","","","","","","","","","","","","","","","","","","","","","","","","","",15.,1,12.,1,"","","","","","","","","","","","","","","","","","","","","","","","","","",84,1,"","","","","","","","","","","","",14.3,1,1026.7,1,"","","","","","",8,1,7,1,5,1,"","","","","","","","","","","","","","","","","","","","","","","","","","","","",8000,1,"","",2,1,1,1,"","","","","","","","","","",2,1,0,1,"","","","","","","","","","","","","","","","","","","","","","","","","","","","","","","","","","","","","","","","","","","","","","","","","","","",""
"83069002","PORQUEROLLES",43.,6.226833,135,1981111918,"","","","",2.,1,260,1,"","","","","","","","","","","","","","","","","","","","","","","","","","","","",13.5,1,12.3,1,"","","","","","","","","","","","","","","","","","","","","","","","","","",94,1,"","","","","","","","","","","","",14.6,1,1027.7,1,"","","","","","",8,1,7,1,5,1,"","","","","","","","","","","","","","","","","","","","","","","","","","","","",8000,1,"","",2,1,1,1,"","","","","","","","","","",2,1,0,1,"","","","","","","","","","","","","","","","","","","","","","","","","","","","","","","","","","","","","","","","","","","","","","","","","","","",""
"83069002","PORQUEROLLES",43.,6.226833,135,1981111921,"","","","",1.,1,260,1,"","","","","","","","","","","","","","","","","","","","","","","","","","","","",13.5,1,13.5,1,"","","","","","","","","","","","","","","","","","","","","","","","","","",100,1,"","","","","","","","","","","","",15.5,1,1029.2,1,"","","","","","",8,1,8,1,5,1,"","","","","","","","","","","","","","","","","","","","","","","","","","","","",6000,1,"","",2,1,2,1,"","","","","","","","","","",2,1,"","","","","","","","","","","","","","","","","","","","","","","","","","","","","","","","","","","","","","","","","","","","","","","","","","","","","",""
"83069002","PORQUEROLLES",43.,6.226833,135,1981112000,"","","","",2.,1,320,1,"","","","","","","","","","","","","","","","","","","","","","","","","","","","",13.,1,12.3,1,"","","","","","","","","","","","","","","","","","","","","","","","","","",98,1,"","","","","","","","","","","","",14.7,1,1028.7,1,"","","","","","","","","","","","","","","","","","","","","","","","","","","","","","","","","","","","","","","","","","","","","","","","","","","","","","","","","","","","","","","","","","","","","","","","","","","","","","","","","","","","","","","","","","","","","","","","","","","","","","","","","","","","","","","","","",""
"83069002","PORQUEROLLES",43.,6.226833,135,1981112003,"","","","",2.,1,260,1,"","","","","","","","","","","","","","","","","","","","","","","","","","","","",13.,1,12.2,1,"","","","","","","","","","","","","","","","","","","","","","","","","","",97,1,"","","","","","","","","","","","",14.6,1,1029.2,1,"","","","","","",0,1,"","",0,1,0,1,0,1,"","","","","","","","","","","","","","","","","","","","","","","","",6000,1,"","",0,1,"","","","","","","","","","","","",2,1,0,1,"","","","","","","","","","","","","","","","","","","","","","","","","","","","","","","","","","","","","","","","","","","","","","","","","","","",""
"83069002","PORQUEROLLES",43.,6.226833,135,1981112006,"","","","",0.,1,0,1,"","","","","","","","","","","","","","","","","","","","","","","","","","","","",12.3,1,11.1,1,"","","","","","","","","","","","","","","","","","","","","","","","","","",94,1,"","","","","","","","","","","","",13.5,1,1030.,1,"","","","","","",0,1,"","",0,1,0,1,0,1,"","","","","","","","","","","","","","","","","","","","","","","","",6000,1,"","",2,1,0,1,"","",0,1,"","","","","","",2,1,0,1,"","","","","","","","","","","","","","","","","","","","","","","","","","","","","","","","","","","","","","","","","","","","","","","","","","","",""
"83069002","PORQUEROLLES",43.,6.226833,135,1981112009,"","","","",0.,1,0,1,"","","","","","","","","","","","","","","","","","","","","","","","","","","","",13.5,1,11.3,1,"","","","","","","","","","","","","","","","","","","","","","","","","","",88,1,"","","","","","","","","","","","",13.7,1,1031.7,1,"","","","","","",4,1,0,1,6,1,0,1,1,1,"","","","","","","","","","","","","","","","","","","","","","","","",4000,1,"","",10,1,0,1,"","","","","","","","","","",2,1,0,1,"","","","","","","","","","","","","","","","","","","","","","","","","","","","","","","","","","","","","","","","","","","","","","","","","","","",""
"83069002","PORQUEROLLES",43.,6.226833,135,1981112012,"","","","",2.,1,220,1,"","","","","","","","","","","","","","","","","","","","","","","","","","","","",17.9,1,12.3,1,"","","","","","","","","","","","","","","","","","","","","","","","","","",72,1,"","","","","","","","","","","","",14.7,1,1031.4,1,"","","","","","",3,1,0,1,2,1,0,1,1,1,"","","","","","","","","","","","","","","","","","","","","","","","",8000,1,"","",1,1,0,1,"","","","","","","","","","",2,1,0,1,"","","","","","","","","","","","","","","","","","","","","","","","","","","","","","","","","","","","","","","","","","","","","","","","","","","",""
"83069002","PORQUEROLLES",43.,6.226833,135,1981112015,"","","","",2.,1,260,1,"","","","","","","","","","","","","","","","","","","","","","","","","","","","",15.8,1,11.8,1,"","","","","","","","","","","","","","","","","","","","","","","","","","",79,1,"","","","","","","","","","","","",14.2,1,1031.,1,"","","","","","",3,1,0,1,2,1,0,1,1,1,"","","","","","","","","","","","","","","","","","","","","","","","",8000,1,"","",2,1,0,1,"","","","","","","","","","",2,1,0,1,"","","","","","","","","","","","","","","","","","","","","","","","","","","","","","","","","","","","","","","","","","","","","","","","","","","",""
"83069002","PORQUEROLLES",43.,6.226833,135,1981112018,"","","","",2.,1,200,1,"","","","","","","","","","","","","","","","","","","","","","","","","","","","",13.2,1,11.7,1,"","","","","","","","","","","","","","","","","","","","","","","","","","",93,1,"","","","","","","","","","","","",14.1,1,1031.7,1,"","","","","","",3,1,0,1,6,1,0,1,0,1,"","","","","","","","","","","","","","","","","","","","","","","","",8000,1,"","",3,1,0,1,"","","","","","","","","","",2,1,0,1,"","","","","","","","","","","","","","","","","","","","","","","","","","","","","","","","","","","","","","","","","","","","","","","","","","","",""
"83069002","PORQUEROLLES",43.,6.226833,135,1981112021,"","","","",0.,1,0,1,"","","","","","","","","","","","","","","","","","","","","","","","","","","","",13.2,1,12.1,1,"","","","","","","","","","","","","","","","","","","","","","","","","","",96,1,"","","","","","","","","","","","",14.5,1,1032.4,1,"","","","","","",3,1,0,1,6,1,0,1,0,1,"","","","","","","","","","","","","","","","","","","","","","","","",6000,1,"","",2,1,0,1,"","","","","","","","","","",2,1,0,1,"","","","","","","","","","","","","","","","","","","","","","","","","","","","","","","","","","","","","","","","","","","","","","","","","","","",""
"83069002","PORQUEROLLES",43.,6.226833,135,1981112100,"","","","",2.,1,260,1,"","","","","","","","","","","","","","","","","","","","","","","","","","","","",13.,1,13.,1,"","","","","","","","","","","","","","","","","","","","","","","","","","",100,1,"","","","","","","","","","","","",15.,1,1032.2,1,"","","","","","","","","","","","","","","","","","","","","","","","","","","","","","","","","","","","","","","","","","","","","","","","","","","","","","","","","","","","","","","","","","","","","","","","","","","","","","","","","","","","","","","","","","","","","","","","","","","","","","","","","","","","","","","","","",""
"83069002","PORQUEROLLES",43.,6.226833,135,1981112103,"","","","",2.,1,300,1,"","","","","","","","","","","","","","","","","","","","","","","","","","","","",12.4,1,12.4,1,"","","","","","","","","","","","","","","","","","","","","","","","","","",100,1,"","","","","","","","","","","","",14.4,1,1032.3,1,"","","","","","",0,1,"","",0,1,0,1,0,1,"","","","","","","","","","","","","","","","","","","","","","","","",8000,1,"","",0,1,"","","","","","","","","","","","",2,1,0,1,"","","","","","","","","","","","","","","","","","","","","","","","","","","","","","","","","","","","","","","","","","","","","","","","","","","",""
"83069002","PORQUEROLLES",43.,6.226833,135,1981112106,"","","","",2.,1,280,1,"","","","","","","","","","","","","","","","","","","","","","","","","","","","",12.1,1,12.1,1,"","","","","","","","","","","","","","","","","","","","","","","","","","",100,1,"","","","","","","","","","","","",14.1,1,1032.3,1,"","","","","","",3,1,0,1,2,1,0,1,0,1,"","","","","","","","","","","","","","","","","","","","","","","","",8000,1,"","",3,1,0,1,"","",0,1,"","","","","","",2,1,0,1,"","","","","","","","","","","","","","","","","","","","","","","","","","","","","","","","","","","","","","","","","","","","","","","","","","","",""
"83069002","PORQUEROLLES",43.,6.226833,135,1981112109,"","","","",6.,1,280,1,"","","","","","","","","","","","","","","","","","","","","","","","","","","","",13.6,1,12.8,1,"","","","","","","","","","","","","","","","","","","","","","","","","","",98,1,"","","","","","","","","","","","",15.2,1,1032.2,1,"","","","","","",1,1,0,1,6,1,0,1,0,1,"","","","","","","","","","","","","","","","","","","","","","","","",6000,1,"","",1,1,0,1,"","","","","","","","","","",2,1,270,1,"","","","","","","","","","","","","","","","","","","","","","","","","","","","","","","","","","","","","","","","","","","","","","","","","","","",""
"83069002","PORQUEROLLES",43.,6.226833,135,1981112112,"","","","",6.,1,280,1,"","","","","","","","","","","","","","","","","","","","","","","","","","","","",16.4,1,12.4,1,"","","","","","","","","","","","","","","","","","","","","","","","","","",79,1,"","","","","","","","","","","","",14.8,1,1031.1,1,"","","","","","",2,1,0,1,2,1,0,1,0,1,"","","","","","","","","","","","","","","","","","","","","","","","",10000,1,"","",3,1,0,1,"","","","","","","","","","",2,1,270,1,"","","","","","","","","","","","","","","","","","","","","","","","","","","","","","","","","","","","","","","","","","","","","","","","","","","",""
"83069002","PORQUEROLLES",43.,6.226833,135,1981112115,"","","","",8.,1,260,1,"","","","","","","","","","","","","","","","","","","","","","","","","","","","",15.5,1,12.4,1,"","","","","","","","","","","","","","","","","","","","","","","","","","",84,1,"","","","","","","","","","","","",14.8,1,1030.1,1,"","","","","","",0,1,"","",0,1,0,1,0,1,"","","","","","","","","","","","","","","","","","","","","","","","",10000,1,"","",1,1,0,1,"","","","","","","","","","",3,1,270,1,"","","","","","","","","","","","","","","","","","","","","","","","","","","","","","","","","","","","","","","","","","","","","","","","","","","",""
"83069002","PORQUEROLLES",43.,6.226833,135,1981112118,"","","","",6.,1,280,1,"","","","","","","","","","","","","","","","","","","","","","","","","","","","",13.6,1,12.5,1,"","","","","","","","","","","","","","","","","","","","","","","","","","",96,1,"","","","","","","","","","","","",14.9,1,1030.5,1,"","","","","","",0,1,"","",0,1,0,1,0,1,"","","","","","","","","","","","","","","","","","","","","","","","",12000,1,"","",2,1,0,1,"","","","","","","","","","",3,1,270,1,"","","","","","","","","","","","","","","","","","","","","","","","","","","","","","","","","","","","","","","","","","","","","","","","","","","",""
"83069002","PORQUEROLLES",43.,6.226833,135,1981112121,"","","","",3.,1,280,1,"","","","","","","","","","","","","","","","","","","","","","","","","","","","",13.,1,11.5,1,"","","","","","","","","","","","","","","","","","","","","","","","","","",93,1,"","","","","","","","","","","","",13.9,1,1031.,1,"","","","","","",0,1,"","",0,1,0,1,0,1,"","","","","","","","","","","","","","","","","","","","","","","","",12000,1,"","",2,1,0,1,"","","","","","","","","","",2,1,270,1,"","","","","","","","","","","","","","","","","","","","","","","","","","","","","","","","","","","","","","","","","","","","","","","","","","","",""
"83069002","PORQUEROLLES",43.,6.226833,135,1981112200,"","","","",2.,1,320,1,"","","","","","","","","","","","","","","","","","","","","","","","","","","","",13.,1,13.,1,"","","","","","","","","","","","","","","","","","","","","","","","","","",100,1,"","","","","","","","","","","","",15.,1,1031.,1,"","","","","","","","","","","","","","","","","","","","","","","","","","","","","","","","","","","","","","","","","","","","","","","","","","","","","","","","","","","","","","","","","","","","","","","","","","","","","","","","","","","","","","","","","","","","","","","","","","","","","","","","","","","","","","","","","",""
"83069002","PORQUEROLLES",43.,6.226833,135,1981112203,"","","","",2.,1,340,1,"","","","","","","","","","","","","","","","","","","","","","","","","","","","",12.,1,10.6,1,"","","","","","","","","","","","","","","","","","","","","","","","","","",94,1,"","","","","","","","","","","","",13.1,1,1030.7,1,"","","","","","",8,1,8,1,6,1,"","","","","","","","","","","","","","","","","","","","","","","","","","","","",10000,1,"","",0,1,"","","","","","","","","","","","",2,1,0,1,"","","","","","","","","","","","","","","","","","","","","","","","","","","","","","","","","","","","","","","","","","","","","","","","","","","",""
"83069002","PORQUEROLLES",43.,6.226833,135,1981112206,"","","","",0.,1,0,1,"","","","","","","","","","","","","","","","","","","","","","","","","","","","",12.6,1,10.7,1,"","","","","","","","","","","","","","","","","","","","","","","","","","",91,1,"","","","","","","","","","","","",13.2,1,1030.7,1,"","","","","","",8,1,8,1,6,1,"","","","","","","","","","","","","","","","","","","","","","","","","","","","",8000,1,"","",2,1,2,1,"","",0,1,"","","","","","",2,1,0,1,"","","","","","","","","","","","","","","","","","","","","","","","","","","","","","","","","","","","","","","","","","","","","","","","","","","",""
"83069002","PORQUEROLLES",43.,6.226833,135,1981112209,"","","","",0.,1,0,1,"","","","","","","","","","","","","","","","","","","","","","","","","","","","",13.4,1,11.2,1,"","","","","","","","","","","","","","","","","","","","","","","","","","",88,1,"","","","","","","","","","","","",13.6,1,1031.4,1,"","","","","","",8,1,8,1,6,1,"","","","","","","","","","","","","","","","","","","","","","","","","","","","",6000,1,"","",2,1,2,1,"","","","","","","","","","",2,1,0,1,"","","","","","","","","","","","","","","","","","","","","","","","","","","","","","","","","","","","","","","","","","","","","","","","","","","",""
"83069002","PORQUEROLLES",43.,6.226833,135,1981112212,"","","","",0.,1,0,1,"","","","","","","","","","","","","","","","","","","","","","","","","","","","",14.2,1,11.6,1,"","","","","","","","","","","","","","","","","","","","","","","","","","",87,1,"","","","","","","","","","","","",14.,1,1031.,1,"","","","","","",8,1,8,1,6,1,"","","","","","","","","","","","","","","","","","","","","","","","","","","","",8000,1,"","",2,1,2,1,"","","","","","","","","","",2,1,0,1,"","","","","","","","","","","","","","","","","","","","","","","","","","","","","","","","","","","","","","","","","","","","","","","","","","","",""
"83069002","PORQUEROLLES",43.,6.226833,135,1981112215,"","","","",0.,1,0,1,"","","","","","","","","","","","","","","","","","","","","","","","","","","","",13.5,1,10.7,1,"","","","","","","","","","","","","","","","","","","","","","","","","","",85,1,"","","","","","","","","","","","",13.2,1,1029.8,1,"","","","","","",8,1,8,1,5,1,"","","","","","","","","","","","","","","","","","","","","","","","","","","","",8000,1,"","",2,1,2,1,"","","","","","","","","","",1,1,0,1,"","","","","","","","","","","","","","","","","","","","","","","","","","","","","","","","","","","","","","","","","","","","","","","","","","","",""
"83069002","PORQUEROLLES",43.,6.226833,135,1981112218,"","","","",1.,1,300,1,"","","","","","","","","","","","","","","","","","","","","","","","","","","","",13.,1,10.7,1,"","","","","","","","","","","","","","","","","","","","","","","","","","",88,1,"","","","","","","","","","","","",13.2,1,1029.8,1,"","","","","","",8,1,8,1,5,1,"","","","","","","","","","","","","","","","","","","","","","","","","","","","",10000,1,"","",2,1,2,1,"","","","","","","","","","",1,1,0,1,"","","","","","","","","","","","","","","","","","","","","","","","","","","","","","","","","","","","","","","","","","","","","","","","","","","",""
"83069002","PORQUEROLLES",43.,6.226833,135,1981112221,"","","","",0.,1,0,1,"","","","","","","","","","","","","","","","","","","","","","","","","","","","",12.8,1,10.9,1,"","","","","","","","","","","","","","","","","","","","","","","","","","",91,1,"","","","","","","","","","","","",13.4,1,1029.8,1,"","","","","","",8,1,8,1,5,1,"","","","","","","","","","","","","","","","","","","","","","","","","","","","",10000,1,"","",2,1,2,1,"","","","","","","","","","",1,1,0,1,"","","","","","","","","","","","","","","","","","","","","","","","","","","","","","","","","","","","","","","","","","","","","","","","","","","",""
"83069002","PORQUEROLLES",43.,6.226833,135,1981112300,"","","","",0.,1,0,1,"","","","","","","","","","","","","","","","","","","","","","","","","","","","",12.6,1,11.4,1,"","","","","","","","","","","","","","","","","","","","","","","","","","",95,1,"","","","","","","","","","","","",13.8,1,1029.6,1,"","","","","","","","","","","","","","","","","","","","","","","","","","","","","","","","","","","","","","","","","","","","","","","","","","","","","","","","","","","","","","","","","","","","","","","","","","","","","","","","","","","","","","","","","","","","","","","","","","","","","","","","","","","","","","","","","",""
"83069002","PORQUEROLLES",43.,6.226833,135,1981112303,"","","","",0.,1,0,1,"","","","","","","","","","","","","","","","","","","","","","","","","","","","",12.8,1,11.3,1,"","","","","","","","","","","","","","","","","","","","","","","","","","",93,1,"","","","","","","","","","","","",13.7,1,1029.3,1,"","","","","","",3,1,0,1,2,1,0,1,0,1,"","","","","","","","","","","","","","","","","","","","","","","","",15000,1,"","",0,1,"","","","","","","","","","","","",1,1,0,1,"","","","","","","","","","","","","","","","","","","","","","","","","","","","","","","","","","","","","","","","","","","","","","","","","","","",""
"83069002","PORQUEROLLES",43.,6.226833,135,1981112306,"","","","",1.,1,200,1,"","","","","","","","","","","","","","","","","","","","","","","","","","","","",12.4,1,10.9,1,"","","","","","","","","","","","","","","","","","","","","","","","","","",93,1,"","","","","","","","","","","","",13.4,1,1028.9,1,"","","","","","",3,1,0,1,2,1,0,1,0,1,"","","","","","","","","","","","","","","","","","","","","","","","",15000,1,"","",2,1,0,1,"","",0,1,"","","","","","",1,1,0,1,"","","","","","","","","","","","","","","","","","","","","","","","","","","","","","","","","","","","","","","","","","","","","","","","","","","",""
"83069002","PORQUEROLLES",43.,6.226833,135,1981112309,"","","","",0.,1,0,1,"","","","","","","","","","","","","","","","","","","","","","","","","","","","",13.,1,11.5,1,"","","","","","","","","","","","","","","","","","","","","","","","","","",93,1,"","","","","","","","","","","","",13.9,1,1029.,1,"","","","","","",4,1,0,1,2,1,0,1,0,1,"","","","","","","","","","","","","","","","","","","","","","","","",8000,1,"","",3,1,0,1,"","","","","","","","","","",2,1,0,1,"","","","","","","","","","","","","","","","","","","","","","","","","","","","","","","","","","","","","","","","","","","","","","","","","","","",""
"83069002","PORQUEROLLES",43.,6.226833,135,1981112312,"","","","",3.,1,280,1,"","","","","","","","","","","","","","","","","","","","","","","","","","","","",17.5,1,12.7,1,"","","","","","","","","","","","","","","","","","","","","","","","","","",75,1,"","","","","","","","","","","","",15.1,1,1027.7,1,"","","","","","",5,1,5,1,2,1,0,1,0,1,"","","","","","","","","","","","","","","","","","","","","","","","",8000,1,"","",2,1,1,1,"","","","","","","","","","",2,1,0,1,"","","","","","","","","","","","","","","","","","","","","","","","","","","","","","","","","","","","","","","","","","","","","","","","","","","",""
"83069002","PORQUEROLLES",43.,6.226833,135,1981112315,"","","","",5.,1,240,1,"","","","","","","","","","","","","","","","","","","","","","","","","","","","",15.9,1,13.,1,"","","","","","","","","","","","","","","","","","","","","","","","","","",86,1,"","","","","","","","","","","","",15.4,1,1026.8,1,"","","","","","",3,1,0,1,2,1,0,1,0,1,"","","","","","","","","","","","","","","","","","","","","","","","",8000,1,"","",1,1,1,1,"","","","","","","","","","",2,1,0,1,"","","","","","","","","","","","","","","","","","","","","","","","","","","","","","","","","","","","","","","","","","","","","","","","","","","",""
"83069002","PORQUEROLLES",43.,6.226833,135,1981112318,"","","","",4.,1,260,1,"","","","","","","","","","","","","","","","","","","","","","","","","","","","",13.8,1,12.3,1,"","","","","","","","","","","","","","","","","","","","","","","","","","",93,1,"","","","","","","","","","","","",14.7,1,1026.9,1,"","","","","","",3,1,0,1,2,1,0,1,0,1,"","","","","","","","","","","","","","","","","","","","","","","","",10000,1,"","",2,1,0,1,"","","","","","","","","","",2,1,0,1,"","","","","","","","","","","","","","","","","","","","","","","","","","","","","","","","","","","","","","","","","","","","","","","","","","","",""
"83069002","PORQUEROLLES",43.,6.226833,135,1981112321,"","","","",7.,1,260,1,"","","","","","","","","","","","","","","","","","","","","","","","","","","","",14.,1,12.5,1,"","","","","","","","","","","","","","","","","","","","","","","","","","",93,1,"","","","","","","","","","","","",14.9,1,1026.7,1,"","","","","","",5,1,0,1,2,1,0,1,1,1,"","","","","","","","","","","","","","","","","","","","","","","","",10000,1,"","",3,1,1,1,"","","","","","","","","","",2,1,0,1,"","","","","","","","","","","","","","","","","","","","","","","","","","","","","","","","","","","","","","","","","","","","","","","","","","","",""
"83069002","PORQUEROLLES",43.,6.226833,135,1981112400,"","","","",5.,1,260,1,"","","","","","","","","","","","","","","","","","","","","","","","","","","","",13.9,1,12.7,1,"","","","","","","","","","","","","","","","","","","","","","","","","","",95,1,"","","","","","","","","","","","",15.1,1,1025.7,1,"","","","","","","","","","","","","","","","","","","","","","","","","","","","","","","","","","","","","","","","","","","","","","","","","","","","","","","","","","","","","","","","","","","","","","","","","","","","","","","","","","","","","","","","","","","","","","","","","","","","","","","","","","","","","","","","","",""
"83069002","PORQUEROLLES",43.,6.226833,135,1981112403,"","","","",4.,1,280,1,"","","","","","","","","","","","","","","","","","","","","","","","","","","","",13.7,1,13.7,1,"","","","","","","","","","","","","","","","","","","","","","","","","","",100,1,"","","","","","","","","","","","",15.7,1,1024.2,1,"","","","","","",8,1,8,1,6,1,"","","","","","","","","","","","","","","","","","","","","","","","","","","","",8000,1,"","",0,1,"","","","","","","","","","","","",2,1,0,1,"","","","","","","","","","","","","","","","","","","","","","","","","","","","","","","","","","","","","","","","","","","","","","","","","","","",""
"83069002","PORQUEROLLES",43.,6.226833,135,1981112406,"","","","",5.,1,280,1,"","","","","","","","","","","","","","","","","","","","","","","","","","","","",12.7,1,11.7,1,"","","","","","","","","","","","","","","","","","","","","","","","","","",96,1,"","","","","","","","","","","","",14.1,1,1023.3,1,"","","","","","",5,1,0,1,2,1,4,1,1,1,"","","","","","","","","","","","","","","","","","","","","","","","",8000,1,"","",1,1,2,1,"","",0,1,"","","","","","",2,1,0,1,"","","","","","","","","","","","","","","","","","","","","","","","","","","","","","","","","","","","","","","","","","","","","","","","","","","",""
"83069002","PORQUEROLLES",43.,6.226833,135,1981112409,"","","","",8.,1,260,1,"","","","","","","","","","","","","","","","","","","","","","","","","","","","",13.,1,10.7,1,"","","","","","","","","","","","","","","","","","","","","","","","","","",88,1,"","","","","","","","","","","","",13.2,1,1023.3,1,"","","","","","",7,1,7,1,0,1,4,1,6,1,"","","","","","","","","","","","","","","","","","","","","","","","",5000,1,"","",3,1,2,1,"","","","","","","","","","",3,1,270,1,"","","","","","","","","","","","","","","","","","","","","","","","","","","","","","","","","","","","","","","","","","","","","","","","","","","",""
"83069002","PORQUEROLLES",43.,6.226833,135,1981112412,"","","","",9.,1,280,1,"","","","","","","","","","","","","","","","","","","","","","","","","","","","",14.5,1,10.9,1,"","","","","","","","","","","","","","","","","","","","","","","","","","",82,1,"","","","","","","","","","","","",13.4,1,1021.4,1,"","","","","","",7,1,7,1,0,1,4,1,6,1,"","","","","","","","","","","","","","","","","","","","","","","","",8000,1,"","",2,1,2,1,"","","","","","","","","","",3,1,270,1,"","","","","","","","","","","","","","","","","","","","","","","","","","","","","","","","","","","","","","","","","","","","","","","","","","","",""
"83069002","PORQUEROLLES",43.,6.226833,135,1981112415,"","","","",13.,1,280,1,"","","","","","","","","","","","","","","","","","","","","","","","","","","","",14.5,1,10.9,1,"","","","","","","","","","","","","","","","","","","","","","","","","","",82,1,"","","","","","","","","","","","",13.4,1,1019.6,1,"","","","","","",7,1,7,1,0,1,4,1,6,1,"","","","","","","","","","","","","","","","","","","","","","","","",8000,1,"","",2,1,2,1,"","","","","","","","","","",3,1,270,1,"","","","","","","","","","","","","","","","","","","","","","","","","","","","","","","","","","","","","","","","","","","","","","","","","","","",""
"83069002","PORQUEROLLES",43.,6.226833,135,1981112418,"","","","",13.,1,280,1,"","","","","","","","","","","","","","","","","","","","","","","","","","","","",14.6,1,10.3,1,"","","","","","","","","","","","","","","","","","","","","","","","","","",78,1,"","","","","","","","","","","","",12.8,1,1018.9,1,"","","","","","",2,1,0,1,0,1,4,1,2,1,"","","","","","","","","","","","","","","","","","","","","","","","",10000,1,"","",1,1,1,1,"","","","","","","","","","",4,1,270,1,"","","","","","","","","","","","","","","","","","","","","","","","","","","","","","","","","","","","","","","","","","","","","","","","","","","",""
"83069002","PORQUEROLLES",43.,6.226833,135,1981112421,"","","","",9.,1,280,1,"","","","","","","","","","","","","","","","","","","","","","","","","","","","",14.3,1,10.2,1,"","","","","","","","","","","","","","","","","","","","","","","","","","",78,1,"","","","","","","","","","","","",12.7,1,1018.9,1,"","","","","","",2,1,0,1,0,1,0,1,2,1,"","","","","","","","","","","","","","","","","","","","","","","","",20000,1,"","",2,1,0,1,"","","","","","","","","","",3,1,270,1,"","","","","","","","","","","","","","","","","","","","","","","","","","","","","","","","","","","","","","","","","","","","","","","","","","","",""
"83069002","PORQUEROLLES",43.,6.226833,135,1981112500,"","","","",10.,1,300,1,"","","","","","","","","","","","","","","","","","","","","","","","","","","","",13.2,1,6.4,1,"","","","","","","","","","","","","","","","","","","","","","","","","","",65,1,"","","","","","","","","","","","",9.8,1,1019.2,1,"","","","","","","","","","","","","","","","","","","","","","","","","","","","","","","","","","","","","","","","","","","","","","","","","","","","","","","","","","","","","","","","","","","","","","","","","","","","","","","","","","","","","","","","","","","","","","","","","","","","","","","","","","","","","","","","","",""
"83069002","PORQUEROLLES",43.,6.226833,135,1981112503,"","","","",15.,1,300,1,"","","","","","","","","","","","","","","","","","","","","","","","","","","","",12.6,1,3.6,1,"","","","","","","","","","","","","","","","","","","","","","","","","","",55,1,"","","","","","","","","","","","",8.,1,1017.2,1,"","","","","","",2,1,0,1,0,1,4,1,0,1,"","","","","","","","","","","","","","","","","","","","","","","","",25000,1,"","",0,1,"","","","","","","","","","","","",4,1,270,1,"","","","","","","","","","","","","","","","","","","","","","","","","","","","","","","","","","","","","","","","","","","","","","","","","","","",""
"83069002","PORQUEROLLES",43.,6.226833,135,1981112506,"","","","",8.,1,300,1,"","","","","","","","","","","","","","","","","","","","","","","","","","","","",10.2,1,1.6,1,"","","","","","","","","","","","","","","","","","","","","","","","","","",55,1,"","","","","","","","","","","","",6.9,1,1016.9,1,"","","","","","",4,1,0,1,0,1,4,1,2,1,"","","","","","","","","","","","","","","","","","","","","","","","",30000,1,"","",3,1,0,1,"","",0,1,"","","","","","",4,1,270,1,"","","","","","","","","","","","","","","","","","","","","","","","","","","","","","","","","","","","","","","","","","","","","","","","","","","",""
"83069002","PORQUEROLLES",43.,6.226833,135,1981112509,"","","","",5.,1,20,1,"","","","","","","","","","","","","","","","","","","","","","","","","","","","",12.4,1,-0.6,1,"","","","","","","","","","","","","","","","","","","","","","","","","","",40,1,"","","","","","","","","","","","",5.8,1,1018.5,1,"","","","","","",1,1,0,1,0,1,0,1,2,1,"","","","","","","","","","","","","","","","","","","","","","","","",30000,1,"","",1,1,0,1,"","","","","","","","","","",4,1,270,1,"","","","","","","","","","","","","","","","","","","","","","","","","","","","","","","","","","","","","","","","","","","","","","","","","","","",""
"83069002","PORQUEROLLES",43.,6.226833,135,1981112512,"","","","",4.,1,20,1,"","","","","","","","","","","","","","","","","","","","","","","","","","","","",15.5,1,2.,1,"","","","","","","","","","","","","","","","","","","","","","","","","","",41,1,"","","","","","","","","","","","",7.1,1,1019.1,1,"","","","","","",0,1,"","",0,1,0,1,0,1,"","","","","","","","","","","","","","","","","","","","","","","","",30000,1,"","",1,1,0,1,"","","","","","","","","","",3,1,270,1,"","","","","","","","","","","","","","","","","","","","","","","","","","","","","","","","","","","","","","","","","","","","","","","","","","","",""
"83069002","PORQUEROLLES",43.,6.226833,135,1981112515,"","","","",5.,1,280,1,"","","","","","","","","","","","","","","","","","","","","","","","","","","","",15.5,1,4.3,1,"","","","","","","","","","","","","","","","","","","","","","","","","","",48,1,"","","","","","","","","","","","",8.4,1,1018.1,1,"","","","","","",0,1,"","",0,1,0,1,0,1,"","","","","","","","","","","","","","","","","","","","","","","","",30000,1,"","",2,1,0,1,"","","","","","","","","","",3,1,270,1,"","","","","","","","","","","","","","","","","","","","","","","","","","","","","","","","","","","","","","","","","","","","","","","","","","","",""
"83069002","PORQUEROLLES",43.,6.226833,135,1981112518,"","","","",9.,1,300,1,"","","","","","","","","","","","","","","","","","","","","","","","","","","","",11.5,1,2.2,1,"","","","","","","","","","","","","","","","","","","","","","","","","","",53,1,"","","","","","","","","","","","",7.2,1,1017.9,1,"","","","","","",0,1,"","",0,1,0,1,0,1,"","","","","","","","","","","","","","","","","","","","","","","","",25000,1,"","",2,1,0,1,"","","","","","","","","","",3,1,270,1,"","","","","","","","","","","","","","","","","","","","","","","","","","","","","","","","","","","","","","","","","","","","","","","","","","","",""
"83069002","PORQUEROLLES",43.,6.226833,135,1981112521,"","","","",5.,1,300,1,"","","","","","","","","","","","","","","","","","","","","","","","","","","","",11.,1,0.4,1,"","","","","","","","","","","","","","","","","","","","","","","","","","",48,1,"","","","","","","","","","","","",6.3,1,1017.9,1,"","","","","","",3,1,0,1,0,1,4,1,0,1,"","","","","","","","","","","","","","","","","","","","","","","","",25000,1,"","",3,1,0,1,"","","","","","","","","","",3,1,"","","","","","","","","","","","","","","","","","","","","","","","","","","","","","","","","","","","","","","","","","","","","","","","","","","","","",""
"83069002","PORQUEROLLES",43.,6.226833,135,1981112600,"","","","",7.,1,20,1,"","","","","","","","","","","","","","","","","","","","","","","","","","","","",9.5,1,-2.6,1,"","","","","","","","","","","","","","","","","","","","","","","","","","",42,1,"","","","","","","","","","","","",5.,1,1018.2,1,"","","","","","","","","","","","","","","","","","","","","","","","","","","","","","","","","","","","","","","","","","","","","","","","","","","","","","","","","","","","","","","","","","","","","","","","","","","","","","","","","","","","","","","","","","","","","","","","","","","","","","","","","","","","","","","","","",""
"83069002","PORQUEROLLES",43.,6.226833,135,1981112603,"","","","",7.,1,20,1,"","","","","","","","","","","","","","","","","","","","","","","","","","","","",8.2,1,-1.6,1,"","","","","","","","","","","","","","","","","","","","","","","","","","",49,1,"","","","","","","","","","","","",5.4,1,1019.4,1,"","","","","","",0,1,"","",0,1,0,1,0,1,"","","","","","","","","","","","","","","","","","","","","","","","",30000,1,"","",0,1,"","","","","","","","","","","","",4,1,270,1,"","","","","","","","","","","","","","","","","","","","","","","","","","","","","","","","","","","","","","","","","","","","","","","","","","","",""
"83069002","PORQUEROLLES",43.,6.226833,135,1981112606,"","","","",6.,1,20,1,"","","","","","","","","","","","","","","","","","","","","","","","","","","","",8.,1,-0.6,1,"","","","","","","","","","","","","","","","","","","","","","","","","","",54,1,"","","","","","","","","","","","",5.8,1,1022.4,1,"","","","","","",0,1,"","",0,1,0,1,0,1,"","","","","","","","","","","","","","","","","","","","","","","","",30000,1,"","",2,1,0,1,"","",0,1,"","","","","","",3,1,270,1,"","","","","","","","","","","","","","","","","","","","","","","","","","","","","","","","","","","","","","","","","","","","","","","","","","","",""
"83069002","PORQUEROLLES",43.,6.226833,135,1981112609,"","","","",4.,1,60,1,"","","","","","","","","","","","","","","","","","","","","","","","","","","","",10.5,1,0.8,1,"","","","","","","","","","","","","","","","","","","","","","","","","","",51,1,"","","","","","","","","","","","",6.5,1,1025.7,1,"","","","","","",0,1,"","",0,1,0,1,0,1,"","","","","","","","","","","","","","","","","","","","","","","","",30000,1,"","",2,1,0,1,"","","","","","","","","","",3,1,270,1,"","","","","","","","","","","","","","","","","","","","","","","","","","","","","","","","","","","","","","","","","","","","","","","","","","","",""
"83069002","PORQUEROLLES",43.,6.226833,135,1981112612,"","","","",4.,1,260,1,"","","","","","","","","","","","","","","","","","","","","","","","","","","","",14.,1,7.,1,"","","","","","","","","","","","","","","","","","","","","","","","","","",64,1,"","","","","","","","","","","","",10.2,1,1026.7,1,"","","","","","",3,1,0,1,2,1,0,1,0,1,"","","","","","","","","","","","","","","","","","","","","","","","",12000,1,"","",3,1,0,1,"","","","","","","","","","",3,1,270,1,"","","","","","","","","","","","","","","","","","","","","","","","","","","","","","","","","","","","","","","","","","","","","","","","","","","",""
"83069002","PORQUEROLLES",43.,6.226833,135,1981112615,"","","","",5.,1,280,1,"","","","","","","","","","","","","","","","","","","","","","","","","","","","",12.,1,6.6,1,"","","","","","","","","","","","","","","","","","","","","","","","","","",70,1,"","","","","","","","","","","","",9.9,1,1026.8,1,"","","","","","",0,1,"","",0,1,0,1,0,1,"","","","","","","","","","","","","","","","","","","","","","","","",12000,1,"","",1,1,0,1,"","","","","","","","","","",3,1,270,1,"","","","","","","","","","","","","","","","","","","","","","","","","","","","","","","","","","","","","","","","","","","","","","","","","","","",""
"83069002","PORQUEROLLES",43.,6.226833,135,1981112618,"","","","",4.,1,280,1,"","","","","","","","","","","","","","","","","","","","","","","","","","","","",9.4,1,5.1,1,"","","","","","","","","","","","","","","","","","","","","","","","","","",75,1,"","","","","","","","","","","","",8.9,1,1027.5,1,"","","","","","",0,1,"","",0,1,0,1,0,1,"","","","","","","","","","","","","","","","","","","","","","","","",12000,1,"","",2,1,0,1,"","","","","","","","","","",3,1,270,1,"","","","","","","","","","","","","","","","","","","","","","","","","","","","","","","","","","","","","","","","","","","","","","","","","","","",""
"83069002","PORQUEROLLES",43.,6.226833,135,1981112621,"","","","",5.,1,280,1,"","","","","","","","","","","","","","","","","","","","","","","","","","","","",9.9,1,4.5,1,"","","","","","","","","","","","","","","","","","","","","","","","","","",70,1,"","","","","","","","","","","","",8.5,1,1027.4,1,"","","","","","",0,1,"","",0,1,0,1,0,1,"","","","","","","","","","","","","","","","","","","","","","","","",12000,1,"","",2,1,0,1,"","","","","","","","","","",3,1,270,1,"","","","","","","","","","","","","","","","","","","","","","","","","","","","","","","","","","","","","","","","","","","","","","","","","","","",""
"83069002","PORQUEROLLES",43.,6.226833,135,1981112700,"","","","",4.,1,280,1,"","","","","","","","","","","","","","","","","","","","","","","","","","","","",9.5,1,1.6,1,"","","","","","","","","","","","","","","","","","","","","","","","","","",58,1,"","","","","","","","","","","","",6.9,1,1025.8,1,"","","","","","","","","","","","","","","","","","","","","","","","","","","","","","","","","","","","","","","","","","","","","","","","","","","","","","","","","","","","","","","","","","","","","","","","","","","","","","","","","","","","","","","","","","","","","","","","","","","","","","","","","","","","","","","","","",""
"83069002","PORQUEROLLES",43.,6.226833,135,1981112703,"","","","",8.,1,280,1,"","","","","","","","","","","","","","","","","","","","","","","","","","","","",9.4,1,4.8,1,"","","","","","","","","","","","","","","","","","","","","","","","","","",74,1,"","","","","","","","","","","","",8.7,1,1024.2,1,"","","","","","",0,1,"","",0,1,0,1,0,1,"","","","","","","","","","","","","","","","","","","","","","","","",25000,1,"","",0,1,"","","","","","","","","","","","",3,1,270,1,"","","","","","","","","","","","","","","","","","","","","","","","","","","","","","","","","","","","","","","","","","","","","","","","","","","",""
"83069002","PORQUEROLLES",43.,6.226833,135,1981112706,"","","","",12.,1,280,1,"","","","","","","","","","","","","","","","","","","","","","","","","","","","",9.,1,2.4,1,"","","","","","","","","","","","","","","","","","","","","","","","","","",63,1,"","","","","","","","","","","","",7.3,1,1022.8,1,"","","","","","",0,1,"","",0,1,0,1,0,1,"","","","","","","","","","","","","","","","","","","","","","","","",30000,1,"","",2,1,0,1,"","",0,1,"","","","","","",3,1,270,1,"","","","","","","","","","","","","","","","","","","","","","","","","","","","","","","","","","","","","","","","","","","","","","","","","","","",""
"83069002","PORQUEROLLES",43.,6.226833,135,1981112709,"","","","",9.,1,280,1,"","","","","","","","","","","","","","","","","","","","","","","","","","","","",9.6,1,-0.4,1,"","","","","","","","","","","","","","","","","","","","","","","","","","",50,1,"","","","","","","","","","","","",5.9,1,1023.2,1,"","","","","","",1,1,0,1,0,1,0,1,1,1,"","","","","","","","","","","","","","","","","","","","","","","","",35000,1,"","",3,1,0,1,"","","","","","","","","","",4,1,270,1,"","","","","","","","","","","","","","","","","","","","","","","","","","","","","","","","","","","","","","","","","","","","","","","","","","","",""
"83069002","PORQUEROLLES",43.,6.226833,135,1981112712,"","","","",0.,1,0,1,"","","","","","","","","","","","","","","","","","","","","","","","","","","","",14.5,1,0.4,1,"","","","","","","","","","","","","","","","","","","","","","","","","","",38,1,"","","","","","","","","","","","",6.3,1,1023.1,1,"","","","","","",0,1,"","",0,1,0,1,0,1,"","","","","","","","","","","","","","","","","","","","","","","","",35000,1,"","",1,1,0,1,"","","","","","","","","","",3,1,270,1,"","","","","","","","","","","","","","","","","","","","","","","","","","","","","","","","","","","","","","","","","","","","","","","","","","","",""
"83069002","PORQUEROLLES",43.,6.226833,135,1981112715,"","","","",0.,1,0,1,"","","","","","","","","","","","","","","","","","","","","","","","","","","","",15.,1,3.6,1,"","","","","","","","","","","","","","","","","","","","","","","","","","",47,1,"","","","","","","","","","","","",8.,1,1021.2,1,"","","","","","",2,1,0,1,0,1,0,1,1,1,"","","","","","","","","","","","","","","","","","","","","","","","",30000,1,"","",3,1,0,1,"","","","","","","","","","",3,1,270,1,"","","","","","","","","","","","","","","","","","","","","","","","","","","","","","","","","","","","","","","","","","","","","","","","","","","",""
"83069002","PORQUEROLLES",43.,6.226833,135,1981112718,"","","","",6.,1,300,1,"","","","","","","","","","","","","","","","","","","","","","","","","","","","",13.5,1,4.,1,"","","","","","","","","","","","","","","","","","","","","","","","","","",53,1,"","","","","","","","","","","","",8.2,1,1020.4,1,"","","","","","",2,1,0,1,0,1,0,1,1,1,"","","","","","","","","","","","","","","","","","","","","","","","",25000,1,"","",2,1,0,1,"","","","","","","","","","",3,1,270,1,"","","","","","","","","","","","","","","","","","","","","","","","","","","","","","","","","","","","","","","","","","","","","","","","","","","",""
"83069002","PORQUEROLLES",43.,6.226833,135,1981112721,"","","","",9.,1,280,1,"","","","","","","","","","","","","","","","","","","","","","","","","","","","",14.4,1,4.9,1,"","","","","","","","","","","","","","","","","","","","","","","","","","",54,1,"","","","","","","","","","","","",8.8,1,1018.5,1,"","","","","","",8,1,8,1,0,1,0,1,7,1,"","","","","","","","","","","","","","","","","","","","","","","","",25000,1,"","",3,1,1,1,"","","","","","","","","","",3,1,270,1,"","","","","","","","","","","","","","","","","","","","","","","","","","","","","","","","","","","","","","","","","","","","","","","","","","","",""
"83069002","PORQUEROLLES",43.,6.226833,135,1981112800,"","","","",10.,1,280,1,"","","","","","","","","","","","","","","","","","","","","","","","","","","","",14.,1,10.3,1,"","","","","","","","","","","","","","","","","","","","","","","","","","",80,1,"","","","","","","","","","","","",12.8,1,1017.5,1,"","","","","","","","","","","","","","","","","","","","","","","","","","","","","","","","","","","","","","","","","","","","","","","","","","","","","","","","","","","","","","","","","","","","","","","","","","","","","","","","","","","","","","","","","","","","","","","","","","","","","","","","","","","","","","","","","",""
"83069002","PORQUEROLLES",43.,6.226833,135,1981112803,"","","","",11.,1,300,1,"","","","","","","","","","","","","","","","","","","","","","","","","","","","",12.4,1,5.5,1,"","","","","","","","","","","","","","","","","","","","","","","","","","",63,1,"","","","","","","","","","","","",9.1,1,1013.3,1,"","","","","","",1,1,0,1,0,1,4,1,1,1,"","","","","","","","","","","","","","","","","","","","","","","","",30000,1,"","",0,1,"","","","","","","","","","","","",4,1,270,1,"","","","","","","","","","","","","","","","","","","","","","","","","","","","","","","","","","","","","","","","","","","","","","","","","","","",""
"83069002","PORQUEROLLES",43.,6.226833,135,1981112806,"","","","",10.,1,300,1,"","","","","","","","","","","","","","","","","","","","","","","","","","","","",11.5,1,0.6,1,"","","","","","","","","","","","","","","","","","","","","","","","","","",48,1,"","","","","","","","","","","","",6.4,1,1013.3,1,"","","","","","",5,1,5,1,0,1,4,1,6,1,"","","","","","","","","","","","","","","","","","","","","","","","",30000,1,"","",3,1,1,1,"","",0,1,"","","","","","",4,1,270,1,"","","","","","","","","","","","","","","","","","","","","","","","","","","","","","","","","","","","","","","","","","","","","","","","","","","",""
"83069002","PORQUEROLLES",43.,6.226833,135,1981112809,"","","","",7.,1,300,1,"","","","","","","","","","","","","","","","","","","","","","","","","","","","",11.,1,1.6,1,"","","","","","","","","","","","","","","","","","","","","","","","","","",52,1,"","","","","","","","","","","","",6.9,1,1014.,1,"","","","","","",5,1,5,1,0,1,4,1,6,1,"","","","","","","","","","","","","","","","","","","","","","","","",30000,1,"","",2,1,2,1,"","","","","","","","","","",4,1,270,1,"","","","","","","","","","","","","","","","","","","","","","","","","","","","","","","","","","","","","","","","","","","","","","","","","","","",""
"83069002","PORQUEROLLES",43.,6.226833,135,1981112812,"","","","",12.,1,320,1,"","","","","","","","","","","","","","","","","","","","","","","","","","","","",14.,1,2.8,1,"","","","","","","","","","","","","","","","","","","","","","","","","","",47,1,"","","","","","","","","","","","",7.5,1,1012.9,1,"","","","","","",3,1,0,1,0,1,4,1,2,1,"","","","","","","","","","","","","","","","","","","","","","","","",30000,1,"","",1,1,1,1,"","","","","","","","","","",4,1,270,1,"","","","","","","","","","","","","","","","","","","","","","","","","","","","","","","","","","","","","","","","","","","","","","","","","","","",""
"83069002","PORQUEROLLES",43.,6.226833,135,1981112815,"","","","",13.,1,320,1,"","","","","","","","","","","","","","","","","","","","","","","","","","","","",12.8,1,1.,1,"","","","","","","","","","","","","","","","","","","","","","","","","","",45,1,"","","","","","","","","","","","",6.6,1,1011.8,1,"","","","","","",3,1,0,1,2,1,0,1,2,1,"","","","","","","","","","","","","","","","","","","","","","","","",35000,1,"","",2,1,0,1,"","","","","","","","","","",4,1,270,1,"","","","","","","","","","","","","","","","","","","","","","","","","","","","","","","","","","","","","","","","","","","","","","","","","","","",""
"83069002","PORQUEROLLES",43.,6.226833,135,1981112818,"","","","",13.,1,320,1,"","","","","","","","","","","","","","","","","","","","","","","","","","","","",10.8,1,0.6,1,"","","","","","","","","","","","","","","","","","","","","","","","","","",50,1,"","","","","","","","","","","","",6.4,1,1011.5,1,"","","","","","",2,1,0,1,0,1,0,1,2,1,"","","","","","","","","","","","","","","","","","","","","","","","",35000,1,"","",2,1,0,1,"","","","","","","","","","",4,1,270,1,"","","","","","","","","","","","","","","","","","","","","","","","","","","","","","","","","","","","","","","","","","","","","","","","","","","",""
"83069002","PORQUEROLLES",43.,6.226833,135,1981112821,"","","","",13.,1,320,1,"","","","","","","","","","","","","","","","","","","","","","","","","","","","",9.8,1,3.3,1,"","","","","","","","","","","","","","","","","","","","","","","","","","",64,1,"","","","","","","","","","","","",7.8,1,1010.8,1,"","","","","","",0,1,"","",0,1,0,1,0,1,"","","","","","","","","","","","","","","","","","","","","","","","",35000,1,"","",2,1,0,1,"","","","","","","","","","",4,1,270,1,"","","","","","","","","","","","","","","","","","","","","","","","","","","","","","","","","","","","","","","","","","","","","","","","","","","",""
"83069002","PORQUEROLLES",43.,6.226833,135,1981112900,"","","","",14.,1,320,1,"","","","","","","","","","","","","","","","","","","","","","","","","","","","",9.,1,-0.6,1,"","","","","","","","","","","","","","","","","","","","","","","","","","",50,1,"","","","","","","","","","","","",5.8,1,1009.4,1,"","","","","","","","","","","","","","","","","","","","","","","","","","","","","","","","","","","","","","","","","","","","","","","","","","","","","","","","","","","","","","","","","","","","","","","","","","","","","","","","","","","","","","","","","","","","","","","","","","","","","","","","","","","","","","","","","",""
"83069002","PORQUEROLLES",43.,6.226833,135,1981112903,"","","","",15.,1,320,1,"","","","","","","","","","","","","","","","","","","","","","","","","","","","",8.,1,-0.9,1,"","","","","","","","","","","","","","","","","","","","","","","","","","",53,1,"","","","","","","","","","","","",5.7,1,1008.8,1,"","","","","","",1,1,0,1,0,1,0,1,1,1,"","","","","","","","","","","","","","","","","","","","","","","","",40000,1,"","",0,1,"","","","","","","","","","","","",5,1,270,1,"","","","","","","","","","","","","","","","","","","","","","","","","","","","","","","","","","","","","","","","","","","","","","","","","","","",""
"83069002","PORQUEROLLES",43.,6.226833,135,1981112906,"","","","",12.,1,340,1,"","","","","","","","","","","","","","","","","","","","","","","","","","","","",7.,1,-1.3,1,"","","","","","","","","","","","","","","","","","","","","","","","","","",55,1,"","","","","","","","","","","","",5.5,1,1009.8,1,"","","","","","",1,1,0,1,2,1,0,1,0,1,"","","","","","","","","","","","","","","","","","","","","","","","",40000,1,"","",2,1,0,1,"","",0,1,"","","","","","",5,1,270,1,"","","","","","","","","","","","","","","","","","","","","","","","","","","","","","","","","","","","","","","","","","","","","","","","","","","",""
"83069002","PORQUEROLLES",43.,6.226833,135,1981112909,"","","","",8.,1,340,1,"","","","","","","","","","","","","","","","","","","","","","","","","","","","",8.,1,0.6,1,"","","","","","","","","","","","","","","","","","","","","","","","","","",59,1,"","","","","","","","","","","","",6.4,1,1011.,1,"","","","","","",1,1,0,1,2,1,0,1,0,1,"","","","","","","","","","","","","","","","","","","","","","","","",40000,1,"","",2,1,0,1,"","","","","","","","","","",5,1,270,1,"","","","","","","","","","","","","","","","","","","","","","","","","","","","","","","","","","","","","","","","","","","","","","","","","","","",""
"83069002","PORQUEROLLES",43.,6.226833,135,1981112912,"","","","",10.,1,300,1,"","","","","","","","","","","","","","","","","","","","","","","","","","","","",12.,1,1.4,1,"","","","","","","","","","","","","","","","","","","","","","","","","","",49,1,"","","","","","","","","","","","",6.8,1,1010.6,1,"","","","","","",2,1,0,1,2,1,0,1,0,1,"","","","","","","","","","","","","","","","","","","","","","","","",40000,1,"","",2,1,0,1,"","","","","","","","","","",5,1,270,1,"","","","","","","","","","","","","","","","","","","","","","","","","","","","","","","","","","","","","","","","","","","","","","","","","","","",""
"83069002","PORQUEROLLES",43.,6.226833,135,1981112915,"","","","",10.,1,340,1,"","","","","","","","","","","","","","","","","","","","","","","","","","","","",11.2,1,0.,1,"","","","","","","","","","","","","","","","","","","","","","","","","","",46,1,"","","","","","","","","","","","",6.1,1,1009.7,1,"","","","","","",1,1,0,1,2,1,0,1,0,1,"","","","","","","","","","","","","","","","","","","","","","","","",40000,1,"","",2,1,0,1,"","","","","","","","","","",5,1,270,1,"","","","","","","","","","","","","","","","","","","","","","","","","","","","","","","","","","","","","","","","","","","","","","","","","","","",""
"83069002","PORQUEROLLES",43.,6.226833,135,1981112918,"","","","",9.,1,340,1,"","","","","","","","","","","","","","","","","","","","","","","","","","","","",8.4,1,-0.2,1,"","","","","","","","","","","","","","","","","","","","","","","","","","",55,1,"","","","","","","","","","","","",6.,1,1011.3,1,"","","","","","",0,1,"","",0,1,0,1,0,1,"","","","","","","","","","","","","","","","","","","","","","","","",30000,1,"","",1,1,0,1,"","","","","","","","","","",5,1,270,1,"","","","","","","","","","","","","","","","","","","","","","","","","","","","","","","","","","","","","","","","","","","","","","","","","","","",""
"83069002","PORQUEROLLES",43.,6.226833,135,1981112921,"","","","",14.,1,40,1,"","","","","","","","","","","","","","","","","","","","","","","","","","","","",7.4,1,-1.6,1,"","","","","","","","","","","","","","","","","","","","","","","","","","",53,1,"","","","","","","","","","","","",5.4,1,1012.7,1,"","","","","","",0,1,"","",0,1,0,1,0,1,"","","","","","","","","","","","","","","","","","","","","","","","",30000,1,"","",2,1,0,1,"","","","","","","","","","",5,1,270,1,"","","","","","","","","","","","","","","","","","","","","","","","","","","","","","","","","","","","","","","","","","","","","","","","","","","",""
"83069002","PORQUEROLLES",43.,6.226833,135,1981113000,"","","","",8.,1,360,1,"","","","","","","","","","","","","","","","","","","","","","","","","","","","",6.9,1,-2.1,1,"","","","","","","","","","","","","","","","","","","","","","","","","","",52,1,"","","","","","","","","","","","",5.2,1,1014.4,1,"","","","","","","","","","","","","","","","","","","","","","","","","","","","","","","","","","","","","","","","","","","","","","","","","","","","","","","","","","","","","","","","","","","","","","","","","","","","","","","","","","","","","","","","","","","","","","","","","","","","","","","","","","","","","","","","","",""
"83069002","PORQUEROLLES",43.,6.226833,135,1981113003,"","","","",8.,1,360,1,"","","","","","","","","","","","","","","","","","","","","","","","","","","","",6.4,1,0.1,1,"","","","","","","","","","","","","","","","","","","","","","","","","","",64,1,"","","","","","","","","","","","",6.2,1,1014.8,1,"","","","","","",0,1,"","",0,1,0,1,0,1,"","","","","","","","","","","","","","","","","","","","","","","","",30000,1,"","",0,1,"","","","","","","","","","","","",5,1,270,1,"","","","","","","","","","","","","","","","","","","","","","","","","","","","","","","","","","","","","","","","","","","","","","","","","","","",""
"83069002","PORQUEROLLES",43.,6.226833,135,1981113006,"","","","",8.,1,360,1,"","","","","","","","","","","","","","","","","","","","","","","","","","","","",6.1,1,-1.8,1,"","","","","","","","","","","","","","","","","","","","","","","","","","",56,1,"","","","","","","","","","","","",5.3,1,1015.1,1,"","","","","","",0,1,"","",0,1,0,1,0,1,"","","","","","","","","","","","","","","","","","","","","","","","",30000,1,"","",2,1,0,1,"","",0,1,"","","","","","",5,1,270,1,"","","","","","","","","","","","","","","","","","","","","","","","","","","","","","","","","","","","","","","","","","","","","","","","","","","",""
"83069002","PORQUEROLLES",43.,6.226833,135,1981113009,"","","","",10.,1,340,1,"","","","","","","","","","","","","","","","","","","","","","","","","","","","",7.5,1,-1.6,1,"","","","","","","","","","","","","","","","","","","","","","","","","","",52,1,"","","","","","","","","","","","",5.4,1,1015.6,1,"","","","","","",0,1,"","",0,1,0,1,0,1,"","","","","","","","","","","","","","","","","","","","","","","","",40000,1,"","",2,1,0,1,"","","","","","","","","","",4,1,270,1,"","","","","","","","","","","","","","","","","","","","","","","","","","","","","","","","","","","","","","","","","","","","","","","","","","","",""
"83069002","PORQUEROLLES",43.,6.226833,135,1981113012,"","","","",8.,1,300,1,"","","","","","","","","","","","","","","","","","","","","","","","","","","","",13.2,1,3.1,1,"","","","","","","","","","","","","","","","","","","","","","","","","","",51,1,"","","","","","","","","","","","",7.7,1,1014.3,1,"","","","","","",1,1,0,1,0,1,4,1,1,1,"","","","","","","","","","","","","","","","","","","","","","","","",30000,1,"","",3,1,0,1,"","","","","","","","","","",4,1,270,1,"","","","","","","","","","","","","","","","","","","","","","","","","","","","","","","","","","","","","","","","","","","","","","","","","","","",""
"83069002","PORQUEROLLES",43.,6.226833,135,1981113015,"","","","",14.,1,300,1,"","","","","","","","","","","","","","","","","","","","","","","","","","","","",12.,1,2.9,1,"","","","","","","","","","","","","","","","","","","","","","","","","","",54,1,"","","","","","","","","","","","",7.6,1,1013.,1,"","","","","","",3,1,0,1,0,1,4,1,2,1,"","","","","","","","","","","","","","","","","","","","","","","","",30000,1,"","",3,1,0,1,"","","","","","","","","","",4,1,270,1,"","","","","","","","","","","","","","","","","","","","","","","","","","","","","","","","","","","","","","","","","","","","","","","","","","","",""
"83069002","PORQUEROLLES",43.,6.226833,135,1981113018,"","","","",13.,1,300,1,"","","","","","","","","","","","","","","","","","","","","","","","","","","","",11.,1,5.6,1,"","","","","","","","","","","","","","","","","","","","","","","","","","",70,1,"","","","","","","","","","","","",9.2,1,1013.6,1,"","","","","","",4,1,0,1,0,1,4,1,2,1,"","","","","","","","","","","","","","","","","","","","","","","","",30000,1,"","",3,1,0,1,"","","","","","","","","","",5,1,270,1,"","","","","","","","","","","","","","","","","","","","","","","","","","","","","","","","","","","","","","","","","","","","","","","","","","","",""
"83069002","PORQUEROLLES",43.,6.226833,135,1981113021,"","","","",13.,1,300,1,"","","","","","","","","","","","","","","","","","","","","","","","","","","","",10.8,1,3.1,1,"","","","","","","","","","","","","","","","","","","","","","","","","","",60,1,"","","","","","","","","","","","",7.7,1,1013.2,1,"","","","","","",0,1,"","",0,1,0,1,0,1,"","","","","","","","","","","","","","","","","","","","","","","","",30000,1,"","",1,1,0,1,"","","","","","","","","","",5,1,270,1,"","","","","","","","","","","","","","","","","","","","","","","","","","","","","","","","","","","","","","","","","","","","","","","","","","","",""
"83069002","PORQUEROLLES",43.,6.226833,135,1981120100,"","","","",15.,1,300,1,"","","","","","","","","","","","","","","","","","","","","","","","","","","","",10.,1,3.3,1,"","","","","","","","","","","","","","","","","","","","","","","","","","",64,1,"","","","","","","","","","","","",7.8,1,1012.7,1,"","","","","","","","","","","","","","","","","","","","","","","","","","","","","","","","","","","","","","","","","","","","","","","","","","","","","","","","","","","","","","","","","","","","","","","","","","","","","","","","","","","","","","","","","","","","","","","","","","","","","","","","","","","","","","","","","",""
"83069002","PORQUEROLLES",43.,6.226833,135,1981120103,"","","","",20.,1,300,1,"","","","","","","","","","","","","","","","","","","","","","","","","","","","",12.,1,7.5,1,"","","","","","","","","","","","","","","","","","","","","","","","","","",75,1,"","","","","","","","","","","","",10.5,1,1007.6,1,"","","","","","",0,1,"","",0,1,0,1,0,1,"","","","","","","","","","","","","","","","","","","","","","","","",30000,1,"","",0,1,"","","","","","","","","","","","",5,1,270,1,"","","","","","","","","","","","","","","","","","","","","","","","","","","","","","","","","","","","","","","","","","","","","","","","","","","",""
"83069002","PORQUEROLLES",43.,6.226833,135,1981120106,"","","","",25.,1,300,1,"","","","","","","","","","","","","","","","","","","","","","","","","","","","",14.,1,5.5,1,"","","","","","","","","","","","","","","","","","","","","","","","","","",57,1,"","","","","","","","","","","","",9.1,1,1002.8,1,"","","","","","",0,1,"","",0,1,0,1,0,1,"","","","","","","","","","","","","","","","","","","","","","","","",30000,1,"","",2,1,0,1,"","",0,1,"","","","","","",5,1,270,1,"","","","","","","","","","","","","","","","","","","","","","","","","","","","","","","","","","","","","","","","","","","","","","","","","","","",""
"83069002","PORQUEROLLES",43.,6.226833,135,1981120109,"","","","",12.,1,280,1,"","","","","","","","","","","","","","","","","","","","","","","","","","","","",13.5,1,6.1,1,"","","","","","","","","","","","","","","","","","","","","","","","","","",61,1,"","","","","","","","","","","","",9.5,1,1006.,1,"","","","","","",4,1,0,1,2,1,4,1,0,1,"","","","","","","","","","","","","","","","","","","","","","","","",18000,1,"","",3,1,0,1,"","","","","","","","","","",5,1,270,1,"","","","","","","","","","","","","","","","","","","","","","","","","","","","","","","","","","","","","","","","","","","","","","","","","","","",""
"83069002","PORQUEROLLES",43.,6.226833,135,1981120112,"","","","",15.,1,300,1,"","","","","","","","","","","","","","","","","","","","","","","","","","","","",12.,1,-2.1,1,"","","","","","","","","","","","","","","","","","","","","","","","","","",37,1,"","","","","","","","","","","","",5.2,1,1005.7,1,"","","","","","",4,1,0,1,2,1,4,1,0,1,"","","","","","","","","","","","","","","","","","","","","","","","",30000,1,"","",2,1,0,1,"","","","","","","","","","",5,1,270,1,"","","","","","","","","","","","","","","","","","","","","","","","","","","","","","","","","","","","","","","","","","","","","","","","","","","",""
"83069002","PORQUEROLLES",43.,6.226833,135,1981120115,"","","","",15.,1,20,1,"","","","","","","","","","","","","","","","","","","","","","","","","","","","",12.5,1,-7.2,1,"","","","","","","","","","","","","","","","","","","","","","","","","","",24,1,"","","","","","","","","","","","",3.5,1,1008.,1,"","","","","","",2,1,0,1,2,1,0,1,0,1,"","","","","","","","","","","","","","","","","","","","","","","","",30000,1,"","",1,1,0,1,"","","","","","","","","","",4,1,270,1,"","","","","","","","","","","","","","","","","","","","","","","","","","","","","","","","","","","","","","","","","","","","","","","","","","","",""
"83069002","PORQUEROLLES",43.,6.226833,135,1981120118,"","","","",8.,1,360,1,"","","","","","","","","","","","","","","","","","","","","","","","","","","","",9.,1,-9.6,1,"","","","","","","","","","","","","","","","","","","","","","","","","","",25,1,"","","","","","","","","","","","",2.9,1,1012.6,1,"","","","","","",0,1,"","",0,1,0,1,0,1,"","","","","","","","","","","","","","","","","","","","","","","","",30000,1,"","",1,1,0,1,"","","","","","","","","","",4,1,270,1,"","","","","","","","","","","","","","","","","","","","","","","","","","","","","","","","","","","","","","","","","","","","","","","","","","","",""
"83069002","PORQUEROLLES",43.,6.226833,135,1981120121,"","","","",7.,1,360,1,"","","","","","","","","","","","","","","","","","","","","","","","","","","","",7.4,1,-8.,1,"","","","","","","","","","","","","","","","","","","","","","","","","","",32,1,"","","","","","","","","","","","",3.3,1,1018.,1,"","","","","","",0,1,"","",0,1,0,1,0,1,"","","","","","","","","","","","","","","","","","","","","","","","",30000,1,"","",2,1,0,1,"","","","","","","","","","",4,1,"","","","","","","","","","","","","","","","","","","","","","","","","","","","","","","","","","","","","","","","","","","","","","","","","","","","","",""
"83069002","PORQUEROLLES",43.,6.226833,135,1981120200,"","","","",7.,1,20,1,"","","","","","","","","","","","","","","","","","","","","","","","","","","","",7.5,1,-3.1,1,"","","","","","","","","","","","","","","","","","","","","","","","","","",46,1,"","","","","","","","","","","","",4.8,1,1015.5,1,"","","","","","","","","","","","","","","","","","","","","","","","","","","","","","","","","","","","","","","","","","","","","","","","","","","","","","","","","","","","","","","","","","","","","","","","","","","","","","","","","","","","","","","","","","","","","","","","","","","","","","","","","","","","","","","","","",""
"83069002","PORQUEROLLES",43.,6.226833,135,1981120203,"","","","",8.,1,40,1,"","","","","","","","","","","","","","","","","","","","","","","","","","","","",6.5,1,-4.9,1,"","","","","","","","","","","","","","","","","","","","","","","","","","",41,1,"","","","","","","","","","","","",4.2,1,1015.3,1,"","","","","","",0,1,"","",0,1,0,1,0,1,"","","","","","","","","","","","","","","","","","","","","","","","",30000,1,"","",0,1,"","","","","","","","","","","","",3,1,"","","","","","","","","","","","","","","","","","","","","","","","","","","","","","","","","","","","","","","","","","","","","","","","","","","","","",""
"83069002","PORQUEROLLES",43.,6.226833,135,1981120206,"","","","",7.,1,40,1,"","","","","","","","","","","","","","","","","","","","","","","","","","","","",5.,1,-3.4,1,"","","","","","","","","","","","","","","","","","","","","","","","","","",54,1,"","","","","","","","","","","","",4.7,1,1016.,1,"","","","","","",0,1,"","",0,1,0,1,0,1,"","","","","","","","","","","","","","","","","","","","","","","","",30000,1,"","",2,1,0,1,"","",0,1,"","","","","","",3,1,270,1,"","","","","","","","","","","","","","","","","","","","","","","","","","","","","","","","","","","","","","","","","","","","","","","","","","","",""
"83069002","PORQUEROLLES",43.,6.226833,135,1981120209,"","","","",7.,1,40,1,"","","","","","","","","","","","","","","","","","","","","","","","","","","","",6.3,1,-2.3,1,"","","","","","","","","","","","","","","","","","","","","","","","","","",53,1,"","","","","","","","","","","","",5.1,1,1017.9,1,"","","","","","",5,1,0,1,2,1,4,1,4,1,"","","","","","","","","","","","","","","","","","","","","","","","",30000,1,"","",3,1,1,1,"","","","","","","","","","",3,1,270,1,"","","","","","","","","","","","","","","","","","","","","","","","","","","","","","","","","","","","","","","","","","","","","","","","","","","",""
"83069002","PORQUEROLLES",43.,6.226833,135,1981120212,"","","","",3.,1,360,1,"","","","","","","","","","","","","","","","","","","","","","","","","","","","",10.,1,0.1,1,"","","","","","","","","","","","","","","","","","","","","","","","","","",50,1,"","","","","","","","","","","","",6.2,1,1018.,1,"","","","","","",7,1,7,1,2,1,"","","","","","","","","","","","","","","","","","","","","","","","","","","","",30000,1,"","",3,1,2,1,"","","","","","","","","","",3,1,270,1,"","","","","","","","","","","","","","","","","","","","","","","","","","","","","","","","","","","","","","","","","","","","","","","","","","","",""
"83069002","PORQUEROLLES",43.,6.226833,135,1981120215,"","","","",3.,1,60,1,"","","","","","","","","","","","","","","","","","","","","","","","","","","","",11.,1,2.7,1,"","","","","","","","","","","","","","","","","","","","","","","","","","",58,1,"","","","","","","","","","","","",7.5,1,1017.9,1,"","","","","","",5,1,5,1,2,1,0,1,0,1,"","","","","","","","","","","","","","","","","","","","","","","","",30000,1,"","",1,1,2,1,"","","","","","","","","","",2,1,0,1,"","","","","","","","","","","","","","","","","","","","","","","","","","","","","","","","","","","","","","","","","","","","","","","","","","","",""
"83069002","PORQUEROLLES",43.,6.226833,135,1981120218,"","","","",4.,1,20,1,"","","","","","","","","","","","","","","","","","","","","","","","","","","","",8.5,1,-1.8,1,"","","","","","","","","","","","","","","","","","","","","","","","","","",47,1,"","","","","","","","","","","","",5.3,1,1019.2,1,"","","","","","",5,1,5,1,2,1,0,1,0,1,"","","","","","","","","","","","","","","","","","","","","","","","",30000,1,"","",2,1,2,1,"","","","","","","","","","",2,1,0,1,"","","","","","","","","","","","","","","","","","","","","","","","","","","","","","","","","","","","","","","","","","","","","","","","","","","",""
"83069002","PORQUEROLLES",43.,6.226833,135,1981120221,"","","","",5.,1,40,1,"","","","","","","","","","","","","","","","","","","","","","","","","","","","",7.,1,1.4,1,"","","","","","","","","","","","","","","","","","","","","","","","","","",68,1,"","","","","","","","","","","","",6.8,1,1020.3,1,"","","","","","",0,1,"","",0,1,0,1,0,1,"","","","","","","","","","","","","","","","","","","","","","","","",30000,1,"","",1,1,1,1,"","","","","","","","","","",2,1,0,1,"","","","","","","","","","","","","","","","","","","","","","","","","","","","","","","","","","","","","","","","","","","","","","","","","","","",""
"83069002","PORQUEROLLES",43.,6.226833,135,1981120300,"","","","",6.,1,20,1,"","","","","","","","","","","","","","","","","","","","","","","","","","","","",6.,1,0.4,1,"","","","","","","","","","","","","","","","","","","","","","","","","","",67,1,"","","","","","","","","","","","",6.3,1,1020.7,1,"","","","","","","","","","","","","","","","","","","","","","","","","","","","","","","","","","","","","","","","","","","","","","","","","","","","","","","","","","","","","","","","","","","","","","","","","","","","","","","","","","","","","","","","","","","","","","","","","","","","","","","","","","","","","","","","","",""
"83069002","PORQUEROLLES",43.,6.226833,135,1981120303,"","","","",6.,1,20,1,"","","","","","","","","","","","","","","","","","","","","","","","","","","","",6.,1,1.,1,"","","","","","","","","","","","","","","","","","","","","","","","","","",70,1,"","","","","","","","","","","","",6.6,1,1021.7,1,"","","","","","",0,1,"","",0,1,0,1,0,1,"","","","","","","","","","","","","","","","","","","","","","","","",30000,1,"","",0,1,"","","","","","","","","","","","",2,1,"","","","","","","","","","","","","","","","","","","","","","","","","","","","","","","","","","","","","","","","","","","","","","","","","","","","","",""
"83069002","PORQUEROLLES",43.,6.226833,135,1981120306,"","","","",5.,1,20,1,"","","","","","","","","","","","","","","","","","","","","","","","","","","","",6.,1,1.,1,"","","","","","","","","","","","","","","","","","","","","","","","","","",70,1,"","","","","","","","","","","","",6.6,1,1022.,1,"","","","","","",0,1,"","",0,1,0,1,0,1,"","","","","","","","","","","","","","","","","","","","","","","","",30000,1,"","",2,1,0,1,"","",0,1,"","","","","","",2,1,"","","","","","","","","","","","","","","","","","","","","","","","","","","","","","","","","","","","","","","","","","","","","","","","","","","","","",""
"83069002","PORQUEROLLES",43.,6.226833,135,1981120309,"","","","",5.,1,40,1,"","","","","","","","","","","","","","","","","","","","","","","","","","","","",7.,1,0.4,1,"","","","","","","","","","","","","","","","","","","","","","","","","","",63,1,"","","","","","","","","","","","",6.3,1,1024.2,1,"","","","","","",2,1,0,1,2,1,0,1,0,1,"","","","","","","","","","","","","","","","","","","","","","","","",25000,1,"","",3,1,0,1,"","","","","","","","","","",2,1,90,1,"","","","","","","","","","","","","","","","","","","","","","","","","","","","","","","","","","","","","","","","","","","","","","","","","","","",""
"83069002","PORQUEROLLES",43.,6.226833,135,1981120312,"","","","",6.,1,120,1,"","","","","","","","","","","","","","","","","","","","","","","","","","","","",13.4,1,0.,1,"","","","","","","","","","","","","","","","","","","","","","","","","","",40,1,"","","","","","","","","","","","",6.1,1,1023.6,1,"","","","","","",1,1,0,1,1,1,0,1,0,1,"","","","","","","","","","","","","","","","","","","","","","","","",30000,1,"","",1,1,0,1,"","","","","","","","","","",3,1,90,1,"","","","","","","","","","","","","","","","","","","","","","","","","","","","","","","","","","","","","","","","","","","","","","","","","","","",""
"83069002","PORQUEROLLES",43.,6.226833,135,1981120315,"","","","",8.,1,120,1,"","","","","","","","","","","","","","","","","","","","","","","","","","","","",12.2,1,2.2,1,"","","","","","","","","","","","","","","","","","","","","","","","","","",51,1,"","","","","","","","","","","","",7.2,1,1023.3,1,"","","","","","",2,1,0,1,2,1,0,1,0,1,"","","","","","","","","","","","","","","","","","","","","","","","",30000,1,"","",3,1,0,1,"","","","","","","","","","",3,1,90,1,"","","","","","","","","","","","","","","","","","","","","","","","","","","","","","","","","","","","","","","","","","","","","","","","","","","",""
"83069002","PORQUEROLLES",43.,6.226833,135,1981120318,"","","","",4.,1,120,1,"","","","","","","","","","","","","","","","","","","","","","","","","","","","",7.5,1,-0.2,1,"","","","","","","","","","","","","","","","","","","","","","","","","","",58,1,"","","","","","","","","","","","",6.,1,1025.1,1,"","","","","","",2,1,0,1,0,1,4,1,0,1,"","","","","","","","","","","","","","","","","","","","","","","","",30000,1,"","",2,1,0,1,"","","","","","","","","","",2,1,90,1,"","","","","","","","","","","","","","","","","","","","","","","","","","","","","","","","","","","","","","","","","","","","","","","","","","","",""
"83069002","PORQUEROLLES",43.,6.226833,135,1981120321,"","","","",4.,1,40,1,"","","","","","","","","","","","","","","","","","","","","","","","","","","","",6.8,1,-0.5,1,"","","","","","","","","","","","","","","","","","","","","","","","","","",60,1,"","","","","","","","","","","","",5.9,1,1025.6,1,"","","","","","",1,1,0,1,0,1,0,1,1,1,"","","","","","","","","","","","","","","","","","","","","","","","",30000,1,"","",1,1,0,1,"","","","","","","","","","",2,1,90,1,"","","","","","","","","","","","","","","","","","","","","","","","","","","","","","","","","","","","","","","","","","","","","","","","","","","",""
"83069002","PORQUEROLLES",43.,6.226833,135,1981120400,"","","","",5.,1,20,1,"","","","","","","","","","","","","","","","","","","","","","","","","","","","",7.,1,0.8,1,"","","","","","","","","","","","","","","","","","","","","","","","","","",65,1,"","","","","","","","","","","","",6.5,1,1025.,1,"","","","","","","","","","","","","","","","","","","","","","","","","","","","","","","","","","","","","","","","","","","","","","","","","","","","","","","","","","","","","","","","","","","","","","","","","","","","","","","","","","","","","","","","","","","","","","","","","","","","","","","","","","","","","","","","","",""
"83069002","PORQUEROLLES",43.,6.226833,135,1981120403,"","","","",7.,1,40,1,"","","","","","","","","","","","","","","","","","","","","","","","","","","","",5.,1,-5.5,1,"","","","","","","","","","","","","","","","","","","","","","","","","","",46,1,"","","","","","","","","","","","",4.,1,1024.,1,"","","","","","",0,1,"","",0,1,0,1,0,1,"","","","","","","","","","","","","","","","","","","","","","","","",25000,1,"","",0,1,"","","","","","","","","","","","",2,1,"","","","","","","","","","","","","","","","","","","","","","","","","","","","","","","","","","","","","","","","","","","","","","","","","","","","","",""
"83069002","PORQUEROLLES",43.,6.226833,135,1981120406,"","","","",5.,1,20,1,"","","","","","","","","","","","","","","","","","","","","","","","","","","","",5.,1,-3.4,1,"","","","","","","","","","","","","","","","","","","","","","","","","","",56,1,"","","","","","","","","","","","",4.7,1,1022.3,1,"","","","","","",0,1,"","",0,1,0,1,0,1,"","","","","","","","","","","","","","","","","","","","","","","","",25000,1,"","",2,1,0,1,"","",0,1,"","","","","","",2,1,"","","","","","","","","","","","","","","","","","","","","","","","","","","","","","","","","","","","","","","","","","","","","","","","","","","","","",""
"83069002","PORQUEROLLES",43.,6.226833,135,1981120409,"","","","",2.,1,340,1,"","","","","","","","","","","","","","","","","","","","","","","","","","","","",5.6,1,-1.8,1,"","","","","","","","","","","","","","","","","","","","","","","","","","",58,1,"","","","","","","","","","","","",5.3,1,1020.,1,"","","","","","",1,1,0,1,0,1,0,1,2,1,"","","","","","","","","","","","","","","","","","","","","","","","",25000,1,"","",2,1,0,1,"","","","","","","","","","",3,1,90,1,"","","","","","","","","","","","","","","","","","","","","","","","","","","","","","","","","","","","","","","","","","","","","","","","","","","",""
"83069002","PORQUEROLLES",43.,6.226833,135,1981120412,"","","","",4.,1,340,1,"","","","","","","","","","","","","","","","","","","","","","","","","","","","",9.8,1,-3.7,1,"","","","","","","","","","","","","","","","","","","","","","","","","","",38,1,"","","","","","","","","","","","",4.6,1,1016.6,1,"","","","","","",3,1,0,1,0,1,0,1,2,1,"","","","","","","","","","","","","","","","","","","","","","","","",20000,1,"","",3,1,0,1,"","","","","","","","","","",3,1,310,1,"","","","","","","","","","","","","","","","","","","","","","","","","","","","","","","","","","","","","","","","","","","","","","","","","","","",""
"83069002","PORQUEROLLES",43.,6.226833,135,1981120415,"","","","",4.,1,300,1,"","","","","","","","","","","","","","","","","","","","","","","","","","","","",10.5,1,-0.6,1,"","","","","","","","","","","","","","","","","","","","","","","","","","",46,1,"","","","","","","","","","","","",5.8,1,1012.8,1,"","","","","","",3,1,0,1,0,1,0,1,2,1,"","","","","","","","","","","","","","","","","","","","","","","","",20000,1,"","",2,1,0,1,"","","","","","","","","","",3,1,290,1,"","","","","","","","","","","","","","","","","","","","","","","","","","","","","","","","","","","","","","","","","","","","","","","","","","","",""
"83069002","PORQUEROLLES",43.,6.226833,135,1981120418,"","","","",8.,1,320,1,"","","","","","","","","","","","","","","","","","","","","","","","","","","","",11.2,1,-0.2,1,"","","","","","","","","","","","","","","","","","","","","","","","","","",45,1,"","","","","","","","","","","","",6.,1,1009.7,1,"","","","","","",3,1,0,1,0,1,0,1,2,1,"","","","","","","","","","","","","","","","","","","","","","","","",18000,1,"","",2,1,0,1,"","","","","","","","","","",3,1,310,1,"","","","","","","","","","","","","","","","","","","","","","","","","","","","","","","","","","","","","","","","","","","","","","","","","","","",""
"83069002","PORQUEROLLES",43.,6.226833,135,1981120421,"","","","",15.,1,280,1,"","","","","","","","","","","","","","","","","","","","","","","","","","","","",11.,1,1.,1,"","","","","","","","","","","","","","","","","","","","","","","","","","",50,1,"","","","","","","","","","","","",6.6,1,1009.1,1,"","","","","","",5,1,5,1,0,1,4,1,0,1,"","","","","","","","","","","","","","","","","","","","","","","","",18000,1,"","",3,1,1,1,"","","","","","","","","","",3,1,310,1,"","","","","","","","","","","","","","","","","","","","","","","","","","","","","","","","","","","","","","","","","","","","","","","","","","","",""
"83069002","PORQUEROLLES",43.,6.226833,135,1981120500,"","","","",18.,1,300,1,"","","","","","","","","","","","","","","","","","","","","","","","","","","","",10.5,1,2.9,1,"","","","","","","","","","","","","","","","","","","","","","","","","","",60,1,"","","","","","","","","","","","",7.6,1,1005.6,1,"","","","","","","","","","","","","","","","","","","","","","","","","","","","","","","","","","","","","","","","","","","","","","","","","","","","","","","","","","","","","","","","","","","","","","","","","","","","","","","","","","","","","","","","","","","","","","","","","","","","","","","","","","","","","","","","","",""
"83069002","PORQUEROLLES",43.,6.226833,135,1981120503,"","","","",12.,1,360,1,"","","","","","","","","","","","","","","","","","","","","","","","","","","","",10.7,1,0.6,1,"","","","","","","","","","","","","","","","","","","","","","","","","","",50,1,"","","","","","","","","","","","",6.4,1,1006.6,1,"","","","","","",0,1,"","",0,1,0,1,0,1,"","","","","","","","","","","","","","","","","","","","","","","","",30000,1,"","",0,1,"","","","","","","","","","","","",4,1,270,1,"","","","","","","","","","","","","","","","","","","","","","","","","","","","","","","","","","","","","","","","","","","","","","","","","","","",""
"83069002","PORQUEROLLES",43.,6.226833,135,1981120506,"","","","",8.,1,360,1,"","","","","","","","","","","","","","","","","","","","","","","","","","","","",9.5,1,-0.4,1,"","","","","","","","","","","","","","","","","","","","","","","","","","",49,1,"","","","","","","","","","","","",5.9,1,1006.1,1,"","","","","","",3,1,0,1,0,1,0,1,2,1,"","","","","","","","","","","","","","","","","","","","","","","","",30000,1,"","",3,1,0,1,"","",0,1,"","","","","","",4,1,270,1,"","","","","","","","","","","","","","","","","","","","","","","","","","","","","","","","","","","","","","","","","","","","","","","","","","","",""
"83069002","PORQUEROLLES",43.,6.226833,135,1981120509,"","","","",4.,1,360,1,"","","","","","","","","","","","","","","","","","","","","","","","","","","","",9.5,1,-0.4,1,"","","","","","","","","","","","","","","","","","","","","","","","","","",49,1,"","","","","","","","","","","","",5.9,1,1007.5,1,"","","","","","",2,1,0,1,0,1,0,1,2,1,"","","","","","","","","","","","","","","","","","","","","","","","",35000,1,"","",2,1,0,1,"","","","","","","","","","",4,1,270,1,"","","","","","","","","","","","","","","","","","","","","","","","","","","","","","","","","","","","","","","","","","","","","","","","","","","",""
"83069002","PORQUEROLLES",43.,6.226833,135,1981120512,"","","","",9.,1,20,1,"","","","","","","","","","","","","","","","","","","","","","","","","","","","",13.5,1,-1.1,1,"","","","","","","","","","","","","","","","","","","","","","","","","","",36,1,"","","","","","","","","","","","",5.6,1,1006.1,1,"","","","","","",2,1,0,1,0,1,0,1,2,1,"","","","","","","","","","","","","","","","","","","","","","","","",40000,1,"","",2,1,0,1,"","","","","","","","","","",4,1,270,1,"","","","","","","","","","","","","","","","","","","","","","","","","","","","","","","","","","","","","","","","","","","","","","","","","","","",""
"83069002","PORQUEROLLES",43.,6.226833,135,1981120515,"","","","",7.,1,360,1,"","","","","","","","","","","","","","","","","","","","","","","","","","","","",11.5,1,-2.6,1,"","","","","","","","","","","","","","","","","","","","","","","","","","",37,1,"","","","","","","","","","","","",5.,1,1005.9,1,"","","","","","",2,1,0,1,0,1,0,1,2,1,"","","","","","","","","","","","","","","","","","","","","","","","",40000,1,"","",2,1,0,1,"","","","","","","","","","",4,1,270,1,"","","","","","","","","","","","","","","","","","","","","","","","","","","","","","","","","","","","","","","","","","","","","","","","","","","",""
"83069002","PORQUEROLLES",43.,6.226833,135,1981120518,"","","","",7.,1,360,1,"","","","","","","","","","","","","","","","","","","","","","","","","","","","",7.4,1,-4.3,1,"","","","","","","","","","","","","","","","","","","","","","","","","","",43,1,"","","","","","","","","","","","",4.4,1,1007.7,1,"","","","","","",2,1,0,1,0,1,0,1,2,1,"","","","","","","","","","","","","","","","","","","","","","","","",30000,1,"","",2,1,0,1,"","","","","","","","","","",4,1,270,1,"","","","","","","","","","","","","","","","","","","","","","","","","","","","","","","","","","","","","","","","","","","","","","","","","","","",""
"83069002","PORQUEROLLES",43.,6.226833,135,1981120521,"","","","",6.,1,360,1,"","","","","","","","","","","","","","","","","","","","","","","","","","","","",6.4,1,0.1,1,"","","","","","","","","","","","","","","","","","","","","","","","","","",65,1,"","","","","","","","","","","","",6.2,1,1008.7,1,"","","","","","",0,1,"","",0,1,0,1,0,1,"","","","","","","","","","","","","","","","","","","","","","","","",30000,1,"","",1,1,0,1,"","","","","","","","","","",4,1,270,1,"","","","","","","","","","","","","","","","","","","","","","","","","","","","","","","","","","","","","","","","","","","","","","","","","","","",""
"83069002","PORQUEROLLES",43.,6.226833,135,1981120600,"","","","",4.,1,360,1,"","","","","","","","","","","","","","","","","","","","","","","","","","","","",5.3,1,-2.9,1,"","","","","","","","","","","","","","","","","","","","","","","","","","",55,1,"","","","","","","","","","","","",4.9,1,1008.7,1,"","","","","","","","","","","","","","","","","","","","","","","","","","","","","","","","","","","","","","","","","","","","","","","","","","","","","","","","","","","","","","","","","","","","","","","","","","","","","","","","","","","","","","","","","","","","","","","","","","","","","","","","","","","","","","","","","",""
"83069002","PORQUEROLLES",43.,6.226833,135,1981120603,"","","","",4.,1,20,1,"","","","","","","","","","","","","","","","","","","","","","","","","","","","",6.5,1,0.6,1,"","","","","","","","","","","","","","","","","","","","","","","","","","",66,1,"","","","","","","","","","","","",6.4,1,1008.3,1,"","","","","","",0,1,"","",0,1,0,1,0,1,"","","","","","","","","","","","","","","","","","","","","","","","",30000,1,"","",0,1,"","","","","","","","","","","","",3,1,270,1,"","","","","","","","","","","","","","","","","","","","","","","","","","","","","","","","","","","","","","","","","","","","","","","","","","","",""
"83069002","PORQUEROLLES",43.,6.226833,135,1981120606,"","","","",4.,1,20,1,"","","","","","","","","","","","","","","","","","","","","","","","","","","","",7.,1,1.6,1,"","","","","","","","","","","","","","","","","","","","","","","","","","",68,1,"","","","","","","","","","","","",6.9,1,1007.6,1,"","","","","","",3,1,0,1,2,1,0,1,0,1,"","","","","","","","","","","","","","","","","","","","","","","","",30000,1,"","",3,1,0,1,"","",0,1,"","","","","","",3,1,270,1,"","","","","","","","","","","","","","","","","","","","","","","","","","","","","","","","","","","","","","","","","","","","","","","","","","","",""
"83069002","PORQUEROLLES",43.,6.226833,135,1981120609,"","","","",4.,1,300,1,"","","","","","","","","","","","","","","","","","","","","","","","","","","","",8.4,1,1.6,1,"","","","","","","","","","","","","","","","","","","","","","","","","","",62,1,"","","","","","","","","","","","",6.9,1,1008.,1,"","","","","","",8,1,8,1,5,1,"","","","","","","","","","","","","","","","","","","","","","","","","","","","",30000,1,"","",3,1,1,1,"","","","","","","","","","",3,1,270,1,"","","","","","","","","","","","","","","","","","","","","","","","","","","","","","","","","","","","","","","","","","","","","","","","","","","",""
"83069002","PORQUEROLLES",43.,6.226833,135,1981120612,"","","","",3.,1,340,1,"","","","","","","","","","","","","","","","","","","","","","","","","","","","",11.4,1,2.5,1,"","","","","","","","","","","","","","","","","","","","","","","","","","",55,1,"","","","","","","","","","","","",7.4,1,1007.1,1,"","","","","","",7,1,7,1,0,1,0,1,6,1,"","","","","","","","","","","","","","","","","","","","","","","","",15000,1,"","",2,1,1,1,"","","","","","","","","","",3,1,270,1,"","","","","","","","","","","","","","","","","","","","","","","","","","","","","","","","","","","","","","","","","","","","","","","","","","","",""
"83069002","PORQUEROLLES",43.,6.226833,135,1981120615,"","","","",8.,1,280,1,"","","","","","","","","","","","","","","","","","","","","","","","","","","","",9.4,1,0.6,1,"","","","","","","","","","","","","","","","","","","","","","","","","","",54,1,"","","","","","","","","","","","",6.4,1,1006.3,1,"","","","","","",7,1,7,1,0,1,4,1,6,1,"","","","","","","","","","","","","","","","","","","","","","","","",20000,1,"","",3,1,2,1,"","","","","","","","","","",3,1,270,1,"","","","","","","","","","","","","","","","","","","","","","","","","","","","","","","","","","","","","","","","","","","","","","","","","","","",""
"83069002","PORQUEROLLES",43.,6.226833,135,1981120618,"","","","",8.,1,280,1,"","","","","","","","","","","","","","","","","","","","","","","","","","","","",8.2,1,-1.3,1,"","","","","","","","","","","","","","","","","","","","","","","","","","",51,1,"","","","","","","","","","","","",5.5,1,1006.3,1,"","","","","","",7,1,7,1,0,1,0,1,6,1,"","","","","","","","","","","","","","","","","","","","","","","","",20000,1,"","",2,1,2,1,"","","","","","","","","","",3,1,270,1,"","","","","","","","","","","","","","","","","","","","","","","","","","","","","","","","","","","","","","","","","","","","","","","","","","","",""
"83069002","PORQUEROLLES",43.,6.226833,135,1981120621,"","","","",6.,1,280,1,"","","","","","","","","","","","","","","","","","","","","","","","","","","","",7.3,1,2.4,1,"","","","","","","","","","","","","","","","","","","","","","","","","","",71,1,"","","","","","","","","","","","",7.3,1,1006.4,1,"","","","","","",7,1,7,1,0,1,0,1,6,1,"","","","","","","","","","","","","","","","","","","","","","","","",20000,1,"","",2,1,2,1,"","","","","","","","","","",3,1,270,1,"","","","","","","","","","","","","","","","","","","","","","","","","","","","","","","","","","","","","","","","","","","","","","","","","","","",""
"83069002","PORQUEROLLES",43.,6.226833,135,1981120700,"","","","",12.,1,260,1,"","","","","","","","","","","","","","","","","","","","","","","","","","","","",8.8,1,4.5,1,"","","","","","","","","","","","","","","","","","","","","","","","","","",75,1,"","","","","","","","","","","","",8.5,1,1005.8,1,"","","","","","","","","","","","","","","","","","","","","","","","","","","","","","","","","","","","","","","","","","","","","","","","","","","","","","","","","","","","","","","","","","","","","","","","","","","","","","","","","","","","","","","","","","","","","","","","","","","","","","","","","","","","","","","","","",""
"83069002","PORQUEROLLES",43.,6.226833,135,1981120703,"","","","",13.,1,280,1,"","","","","","","","","","","","","","","","","","","","","","","","","","","","",10.5,1,7.6,1,"","","","","","","","","","","","","","","","","","","","","","","","","","",83,1,"","","","","","","","","","","","",10.6,1,1003.1,1,"","","","","","",8,1,8,1,7,1,"","","","","","","","","","","","","","","","","","","","","","","","","","","","",20000,1,"","",60,1,"","","","","","","","","","","","",4,1,270,1,"","","","","","","","","","","","","","","","","","","","","","","","","","","","","","","","","","","","","","","","","","","","","","","","","","","",""
"83069002","PORQUEROLLES",43.,6.226833,135,1981120706,"","","","",14.,1,280,1,"","","","","","","","","","","","","","","","","","","","","","","","","","","","",8.8,1,3.3,1,"","","","","","","","","","","","","","","","","","","","","","","","","","",69,1,"","","","","","","","","","","","",7.8,1,1001.6,1,"","","","","","",8,1,8,1,0,1,7,1,"","","","","","","","","","","","","","","","","","","","","","","","","","",20000,1,"","",2,1,6,1,"","",0,1,"","","","","","",4,1,270,1,"","","","","","","","","","","","","","","","","","","","","","","","","","","","","","","","","","","","","","","","","","","","","","","","","","","",""
"83069002","PORQUEROLLES",43.,6.226833,135,1981120709,"","","","",14.,1,300,1,"","","","","","","","","","","","","","","","","","","","","","","","","","","","",8.5,1,1.2,1,"","","","","","","","","","","","","","","","","","","","","","","","","","",60,1,"","","","","","","","","","","","",6.7,1,1003.6,1,"","","","","","",5,1,0,1,2,1,4,1,0,1,"","","","","","","","","","","","","","","","","","","","","","","","",20000,1,"","",1,1,2,1,"","","","","","","","","","",4,1,270,1,"","","","","","","","","","","","","","","","","","","","","","","","","","","","","","","","","","","","","","","","","","","","","","","","","","","",""
"83069002","PORQUEROLLES",43.,6.226833,135,1981120712,"","","","",12.,1,300,1,"","","","","","","","","","","","","","","","","","","","","","","","","","","","",11.3,1,2.6,1,"","","","","","","","","","","","","","","","","","","","","","","","","","",55,1,"","","","","","","","","","","","",7.4,1,1003.5,1,"","","","","","",6,1,6,1,2,1,4,1,2,1,"","","","","","","","","","","","","","","","","","","","","","","","",35000,1,"","",3,1,2,1,"","","","","","","","","","",4,1,270,1,"","","","","","","","","","","","","","","","","","","","","","","","","","","","","","","","","","","","","","","","","","","","","","","","","","","",""
"83069002","PORQUEROLLES",43.,6.226833,135,1981120715,"","","","",12.,1,280,1,"","","","","","","","","","","","","","","","","","","","","","","","","","","","",11.,1,4.3,1,"","","","","","","","","","","","","","","","","","","","","","","","","","",64,1,"","","","","","","","","","","","",8.4,1,1003.3,1,"","","","","","",6,1,6,1,2,1,4,1,2,1,"","","","","","","","","","","","","","","","","","","","","","","","",35000,1,"","",2,1,2,1,"","","","","","","","","","",4,1,270,1,"","","","","","","","","","","","","","","","","","","","","","","","","","","","","","","","","","","","","","","","","","","","","","","","","","","",""
"83069002","PORQUEROLLES",43.,6.226833,135,1981120718,"","","","",16.,1,300,1,"","","","","","","","","","","","","","","","","","","","","","","","","","","","",11.,1,7.7,1,"","","","","","","","","","","","","","","","","","","","","","","","","","",81,1,"","","","","","","","","","","","",10.7,1,1004.,1,"","","","","","",8,1,8,1,7,1,"","","","","","","","","","","","","","","","","","","","","","","","","","","","",30000,1,"","",3,1,6,1,"","","","","","","","","","",4,1,270,1,"","","","","","","","","","","","","","","","","","","","","","","","","","","","","","","","","","","","","","","","","","","","","","","","","","","",""
"83069002","PORQUEROLLES",43.,6.226833,135,1981120721,"","","","",20.,1,280,1,"","","","","","","","","","","","","","","","","","","","","","","","","","","","",11.5,1,8.3,1,"","","","","","","","","","","","","","","","","","","","","","","","","","",82,1,"","","","","","","","","","","","",11.1,1,1004.4,1,"","","","","","",5,1,5,1,0,1,7,1,0,1,"","","","","","","","","","","","","","","","","","","","","","","","",30000,1,"","",1,1,2,1,"","","","","","","","","","",4,1,270,1,"","","","","","","","","","","","","","","","","","","","","","","","","","","","","","","","","","","","","","","","","","","","","","","","","","","",""
"83069002","PORQUEROLLES",43.,6.226833,135,1981120800,"","","","",11.,1,280,1,"","","","","","","","","","","","","","","","","","","","","","","","","","","","",11.5,1,10.9,1,"","","","","","","","","","","","","","","","","","","","","","","","","","",98,1,"","","","","","","","","","","","",13.3,1,1005.,1,"","","","","","","","","","","","","","","","","","","","","","","","","","","","","","","","","","","","","","","","","","","","","","","","","","","","","","","","","","","","","","","","","","","","","","","","","","","","","","","","","","","","","","","","","","","","","","","","","","","","","","","","","","","","","","","","","",""
"83069002","PORQUEROLLES",43.,6.226833,135,1981120803,"","","","",12.,1,260,1,"","","","","","","","","","","","","","","","","","","","","","","","","","","","",11.5,1,8.3,1,"","","","","","","","","","","","","","","","","","","","","","","","","","",82,1,"","","","","","","","","","","","",11.1,1,1003.8,1,"","","","","","",3,1,0,1,2,1,0,1,0,1,"","","","","","","","","","","","","","","","","","","","","","","","",30000,1,"","",0,1,"","","","","","","","","","","","",4,1,270,1,"","","","","","","","","","","","","","","","","","","","","","","","","","","","","","","","","","","","","","","","","","","","","","","","","","","",""
"83069002","PORQUEROLLES",43.,6.226833,135,1981120806,"","","","",10.,1,260,1,"","","","","","","","","","","","","","","","","","","","","","","","","","","","",10.,1,8.8,1,"","","","","","","","","","","","","","","","","","","","","","","","","","",94,1,"","","","","","","","","","","","",11.5,1,1003.3,1,"","","","","","",3,1,0,1,2,1,0,1,0,1,"","","","","","","","","","","","","","","","","","","","","","","","",30000,1,"","",2,1,0,1,"","",0,1,"","","","","","",4,1,270,1,"","","","","","","","","","","","","","","","","","","","","","","","","","","","","","","","","","","","","","","","","","","","","","","","","","","",""
"83069002","PORQUEROLLES",43.,6.226833,135,1981120809,"","","","",10.,1,280,1,"","","","","","","","","","","","","","","","","","","","","","","","","","","","",11.6,1,8.4,1,"","","","","","","","","","","","","","","","","","","","","","","","","","",85,1,"","","","","","","","","","","","",11.2,1,1004.2,1,"","","","","","",5,1,0,1,2,1,0,1,2,1,"","","","","","","","","","","","","","","","","","","","","","","","",30000,1,"","",3,1,1,1,"","","","","","","","","","",4,1,270,1,"","","","","","","","","","","","","","","","","","","","","","","","","","","","","","","","","","","","","","","","","","","","","","","","","","","",""
"83069002","PORQUEROLLES",43.,6.226833,135,1981120812,"","","","",12.,1,280,1,"","","","","","","","","","","","","","","","","","","","","","","","","","","","",13.5,1,9.4,1,"","","","","","","","","","","","","","","","","","","","","","","","","","",77,1,"","","","","","","","","","","","",12.,1,1003.,1,"","","","","","",3,1,0,1,2,1,0,1,0,1,"","","","","","","","","","","","","","","","","","","","","","","","",25000,1,"","",1,1,1,1,"","","","","","","","","","",4,1,270,1,"","","","","","","","","","","","","","","","","","","","","","","","","","","","","","","","","","","","","","","","","","","","","","","","","","","",""
"83069002","PORQUEROLLES",43.,6.226833,135,1981120815,"","","","",13.,1,260,1,"","","","","","","","","","","","","","","","","","","","","","","","","","","","",12.5,1,9.3,1,"","","","","","","","","","","","","","","","","","","","","","","","","","",82,1,"","","","","","","","","","","","",11.9,1,1003.,1,"","","","","","",6,1,6,1,5,1,0,1,0,1,"","","","","","","","","","","","","","","","","","","","","","","","",18000,1,"","",3,1,1,1,"","","","","","","","","","",4,1,270,1,"","","","","","","","","","","","","","","","","","","","","","","","","","","","","","","","","","","","","","","","","","","","","","","","","","","",""
"83069002","PORQUEROLLES",43.,6.226833,135,1981120818,"","","","",13.,1,260,1,"","","","","","","","","","","","","","","","","","","","","","","","","","","","",11.2,1,10.1,1,"","","","","","","","","","","","","","","","","","","","","","","","","","",95,1,"","","","","","","","","","","","",12.6,1,1002.8,1,"","","","","","",3,1,0,1,5,1,0,1,0,1,"","","","","","","","","","","","","","","","","","","","","","","","",12000,1,"","",1,1,1,1,"","","","","","","","","","",5,1,270,1,"","","","","","","","","","","","","","","","","","","","","","","","","","","","","","","","","","","","","","","","","","","","","","","","","","","",""
"83069002","PORQUEROLLES",43.,6.226833,135,1981120821,"","","","",12.,1,260,1,"","","","","","","","","","","","","","","","","","","","","","","","","","","","",12.5,1,9.3,1,"","","","","","","","","","","","","","","","","","","","","","","","","","",82,1,"","","","","","","","","","","","",11.9,1,1001.6,1,"","","","","","",5,1,5,1,5,1,0,1,0,1,"","","","","","","","","","","","","","","","","","","","","","","","",12000,1,"","",3,1,1,1,"","","","","","","","","","",5,1,270,1,"","","","","","","","","","","","","","","","","","","","","","","","","","","","","","","","","","","","","","","","","","","","","","","","","","","",""
"83069002","PORQUEROLLES",43.,6.226833,135,1981120900,"","","","",15.,1,260,1,"","","","","","","","","","","","","","","","","","","","","","","","","","","","",12.8,1,8.,1,"","","","","","","","","","","","","","","","","","","","","","","","","","","","","","","","","","","","","","","","",10.9,1,1001.1,1,"","","","","","","","","","","","","","","","","","","","","","","","","","","","","","","","","","","","","","","","","","","","","","","","","","","","","","","","","","","","","","","","","","","","","","","","","","","","","","","","","","","","","","","","","","","","","","","","","","","","","","","","","","","","","","","","","",""
"83069002","PORQUEROLLES",43.,6.226833,135,1981120903,"","","","",16.,1,260,1,"","","","","","","","","","","","","","","","","","","","","","","","","","","","",13.,1,9.8,1,"","","","","","","","","","","","","","","","","","","","","","","","","","",82,1,"","","","","","","","","","","","",12.4,1,1000.6,1,"","","","","","",6,1,5,1,2,1,0,1,2,1,"","","","","","","","","","","","","","","","","","","","","","","","",20000,1,"","",0,1,"","","","","","","","","","","","",5,1,270,1,"","","","","","","","","","","","","","","","","","","","","","","","","","","","","","","","","","","","","","","","","","","","","","","","","","","",""
"83069002","PORQUEROLLES",43.,6.226833,135,1981120906,"","","","",12.,1,280,1,"","","","","","","","","","","","","","","","","","","","","","","","","","","","",12.6,1,10.2,1,"","","","","","","","","","","","","","","","","","","","","","","","","","",87,1,"","","","","","","","","","","","",12.7,1,1001.1,1,"","","","","","",6,1,5,1,5,1,0,1,2,1,"","","","","","","","","","","","","","","","","","","","","","","","",20000,1,"","",3,1,2,1,"","",0,1,"","","","","","",5,1,270,1,"","","","","","","","","","","","","","","","","","","","","","","","","","","","","","","","","","","","","","","","","","","","","","","","","","","",""
"83069002","PORQUEROLLES",43.,6.226833,135,1981120909,"","","","",15.,1,280,1,"","","","","","","","","","","","","","","","","","","","","","","","","","","","",13.5,1,9.3,1,"","","","","","","","","","","","","","","","","","","","","","","","","","",77,1,"","","","","","","","","","","","",12.,1,1002.6,1,"","","","","","",6,1,5,1,5,1,0,1,2,1,"","","","","","","","","","","","","","","","","","","","","","","","",20000,1,"","",2,1,2,1,"","","","","","","","","","",5,1,270,1,"","","","","","","","","","","","","","","","","","","","","","","","","","","","","","","","","","","","","","","","","","","","","","","","","","","",""
"83069002","PORQUEROLLES",43.,6.226833,135,1981120912,"","","","",15.,1,280,1,"","","","","","","","","","","","","","","","","","","","","","","","","","","","",13.5,1,9.3,1,"","","","","","","","","","","","","","","","","","","","","","","","","","",77,1,"","","","","","","","","","","","",12.,1,1003.5,1,"","","","","","",6,1,5,1,5,1,0,1,2,1,"","","","","","","","","","","","","","","","","","","","","","","","",20000,1,"","",2,1,2,1,"","","","","","","","","","",5,1,270,1,"","","","","","","","","","","","","","","","","","","","","","","","","","","","","","","","","","","","","","","","","","","","","","","","","","","",""
"83069002","PORQUEROLLES",43.,6.226833,135,1981120915,"","","","",17.,1,280,1,"","","","","","","","","","","","","","","","","","","","","","","","","","","","",13.,1,6.6,1,"","","","","","","","","","","","","","","","","","","","","","","","","","",66,1,"","","","","","","","","","","","",9.9,1,1003.7,1,"","","","","","",6,1,5,1,5,1,0,1,2,1,"","","","","","","","","","","","","","","","","","","","","","","","",25000,1,"","",2,1,2,1,"","","","","","","","","","",5,1,270,1,"","","","","","","","","","","","","","","","","","","","","","","","","","","","","","","","","","","","","","","","","","","","","","","","","","","",""
"83069002","PORQUEROLLES",43.,6.226833,135,1981120918,"","","","",10.,1,300,1,"","","","","","","","","","","","","","","","","","","","","","","","","","","","",12.,1,2.9,1,"","","","","","","","","","","","","","","","","","","","","","","","","","",54,1,"","","","","","","","","","","","",7.6,1,1004.8,1,"","","","","","",6,1,5,1,5,1,0,1,2,1,"","","","","","","","","","","","","","","","","","","","","","","","",20000,1,"","",2,1,2,1,"","","","","","","","","","",5,1,270,1,"","","","","","","","","","","","","","","","","","","","","","","","","","","","","","","","","","","","","","","","","","","","","","","","","","","",""
"83069002","PORQUEROLLES",43.,6.226833,135,1981120921,"","","","",10.,1,300,1,"","","","","","","","","","","","","","","","","","","","","","","","","","","","",12.,1,2.9,1,"","","","","","","","","","","","","","","","","","","","","","","","","","",54,1,"","","","","","","","","","","","",7.6,1,1005.5,1,"","","","","","",6,1,0,1,5,1,0,1,2,1,"","","","","","","","","","","","","","","","","","","","","","","","",20000,1,"","",2,1,2,1,"","","","","","","","","","",5,1,270,1,"","","","","","","","","","","","","","","","","","","","","","","","","","","","","","","","","","","","","","","","","","","","","","","","","","","",""
"83069002","PORQUEROLLES",43.,6.226833,135,1981121000,"","","","",10.,1,280,1,"","","","","","","","","","","","","","","","","","","","","","","","","","","","",11.5,1,7.4,1,"","","","","","","","","","","","","","","","","","","","","","","","","","",77,1,"","","","","","","","","","","","",10.5,1,1006.8,1,"","","","","","","","","","","","","","","","","","","","","","","","","","","","","","","","","","","","","","","","","","","","","","","","","","","","","","","","","","","","","","","","","","","","","","","","","","","","","","","","","","","","","","","","","","","","","","","","","","","","","","","","","","","","","","","","","",""
"83069002","PORQUEROLLES",43.,6.226833,135,1981121003,"","","","",8.,1,280,1,"","","","","","","","","","","","","","","","","","","","","","","","","","","","",11.,1,6.6,1,"","","","","","","","","","","","","","","","","","","","","","","","","","",75,1,"","","","","","","","","","","","",9.9,1,1007.8,1,"","","","","","",0,1,"","",0,1,0,1,0,1,"","","","","","","","","","","","","","","","","","","","","","","","",20000,1,"","",0,1,"","","","","","","","","","","","",5,1,270,1,"","","","","","","","","","","","","","","","","","","","","","","","","","","","","","","","","","","","","","","","","","","","","","","","","","","",""
"83069002","PORQUEROLLES",43.,6.226833,135,1981121006,"","","","",11.,1,280,1,"","","","","","","","","","","","","","","","","","","","","","","","","","","","",11.,1,8.7,1,"","","","","","","","","","","","","","","","","","","","","","","","","","",87,1,"","","","","","","","","","","","",11.5,1,1007.8,1,"","","","","","",4,1,0,1,2,1,0,1,4,1,"","","","","","","","","","","","","","","","","","","","","","","","",20000,1,"","",3,1,0,1,"","",0,1,"","","","","","",5,1,270,1,"","","","","","","","","","","","","","","","","","","","","","","","","","","","","","","","","","","","","","","","","","","","","","","","","","","",""
"83069002","PORQUEROLLES",43.,6.226833,135,1981121009,"","","","",12.,1,280,1,"","","","","","","","","","","","","","","","","","","","","","","","","","","","",11.5,1,10.1,1,"","","","","","","","","","","","","","","","","","","","","","","","","","",91,1,"","","","","","","","","","","","",12.6,1,1008.8,1,"","","","","","",4,1,0,1,2,1,0,1,4,1,"","","","","","","","","","","","","","","","","","","","","","","","",25000,1,"","",2,1,0,1,"","","","","","","","","","",4,1,270,1,"","","","","","","","","","","","","","","","","","","","","","","","","","","","","","","","","","","","","","","","","","","","","","","","","","","",""
"83069002","PORQUEROLLES",43.,6.226833,135,1981121012,"","","","",10.,1,280,1,"","","","","","","","","","","","","","","","","","","","","","","","","","","","",14.2,1,11.6,1,"","","","","","","","","","","","","","","","","","","","","","","","","","",87,1,"","","","","","","","","","","","",14.,1,1006.9,1,"","","","","","",4,1,0,1,2,1,0,1,2,1,"","","","","","","","","","","","","","","","","","","","","","","","",20000,1,"","",2,1,0,1,"","","","","","","","","","",4,1,270,1,"","","","","","","","","","","","","","","","","","","","","","","","","","","","","","","","","","","","","","","","","","","","","","","","","","","",""
"83069002","PORQUEROLLES",43.,6.226833,135,1981121015,"","","","",10.,1,260,1,"","","","","","","","","","","","","","","","","","","","","","","","","","","","",12.4,1,10.5,1,"","","","","","","","","","","","","","","","","","","","","","","","","","",91,1,"","","","","","","","","","","","",13.,1,1006.5,1,"","","","","","",7,1,6,1,4,1,7,1,2,1,"","","","","","","","","","","","","","","","","","","","","","","","",15000,1,"","",3,1,1,1,"","","","","","","","","","",3,1,270,1,"","","","","","","","","","","","","","","","","","","","","","","","","","","","","","","","","","","","","","","","","","","","","","","","","","","",""
"83069002","PORQUEROLLES",43.,6.226833,135,1981121018,"","","","",6.,1,280,1,"","","","","","","","","","","","","","","","","","","","","","","","","","","","",11.5,1,10.5,1,"","","","","","","","","","","","","","","","","","","","","","","","","","",96,1,"","","","","","","","","","","","",13.,1,1006.9,1,"","","","","","",8,1,8,1,0,1,7,1,"","","","","","","","","","","","","","","","","","","","","","","","","","",12000,1,"","",3,1,1,1,"","","","","","","","","","",3,1,270,1,"","","","","","","","","","","","","","","","","","","","","","","","","","","","","","","","","","","","","","","","","","","","","","","","","","","",""
"83069002","PORQUEROLLES",43.,6.226833,135,1981121021,"","","","",3.,1,260,1,"","","","","","","","","","","","","","","","","","","","","","","","","","","","",11.3,1,9.8,1,"","","","","","","","","","","","","","","","","","","","","","","","","","",92,1,"","","","","","","","","","","","",12.4,1,1006.9,1,"","","","","","",7,1,7,1,0,1,7,1,"","","","","","","","","","","","","","","","","","","","","","","","","","",15000,1,"","",1,1,2,1,"","","","","","","","","","",3,1,270,1,"","","","","","","","","","","","","","","","","","","","","","","","","","","","","","","","","","","","","","","","","","","","","","","","","","","",""
"83069002","PORQUEROLLES",43.,6.226833,135,1981121100,"","","","",8.,1,280,1,"","","","","","","","","","","","","","","","","","","","","","","","","","","","",11.4,1,9.9,1,"","","","","","","","","","","","","","","","","","","","","","","","","","",93,1,"","","","","","","","","","","","",12.5,1,1006.5,1,"","","","","","","","","","","","","","","","","","","","","","","","","","","","","","","","","","","","","","","","","","","","","","","","","","","","","","","","","","","","","","","","","","","","","","","","","","","","","","","","","","","","","","","","","","","","","","","","","","","","","","","","","","","","","","","","","",""
"83069002","PORQUEROLLES",43.,6.226833,135,1981121103,"","","","",9.,1,280,1,"","","","","","","","","","","","","","","","","","","","","","","","","","","","",10.8,1,8.2,1,"","","","","","","","","","","","","","","","","","","","","","","","","","",86,1,"","","","","","","","","","","","",11.1,1,1005.7,1,"","","","","","",6,1,6,1,0,1,4,1,6,1,"","","","","","","","","","","","","","","","","","","","","","","","",20000,1,"","",0,1,"","","","","","","","","","","","",3,1,270,1,"","","","","","","","","","","","","","","","","","","","","","","","","","","","","","","","","","","","","","","","","","","","","","","","","","","",""
"83069002","PORQUEROLLES",43.,6.226833,135,1981121106,"","","","",5.,1,280,1,"","","","","","","","","","","","","","","","","","","","","","","","","","","","",11.,1,10.3,1,"","","","","","","","","","","","","","","","","","","","","","","","","","",97,1,"","","","","","","","","","","","",12.8,1,1005.7,1,"","","","","","",8,1,8,1,0,1,7,1,"","","","","","","","","","","","","","","","","","","","","","","","","","",15000,1,"","",3,1,2,1,"","",0,1,"","","","","","",3,1,270,1,"","","","","","","","","","","","","","","","","","","","","","","","","","","","","","","","","","","","","","","","","","","","","","","","","","","",""
"83069002","PORQUEROLLES",43.,6.226833,135,1981121109,"","","","",9.,1,260,1,"","","","","","","","","","","","","","","","","","","","","","","","","","","","",12.5,1,11.2,1,"","","","","","","","","","","","","","","","","","","","","","","","","","",95,1,"","","","","","","","","","","","",13.6,1,1005.5,1,"","","","","","",6,1,6,1,0,1,7,1,0,1,"","","","","","","","","","","","","","","","","","","","","","","","",15000,1,"","",1,1,2,1,"","","","","","","","","","",3,1,270,1,"","","","","","","","","","","","","","","","","","","","","","","","","","","","","","","","","","","","","","","","","","","","","","","","","","","",""
"83069002","PORQUEROLLES",43.,6.226833,135,1981121112,"","","","",8.,1,260,1,"","","","","","","","","","","","","","","","","","","","","","","","","","","","",14.,1,12.1,1,"","","","","","","","","","","","","","","","","","","","","","","","","","",91,1,"","","","","","","","","","","","",14.5,1,1004.,1,"","","","","","",7,1,5,1,6,1,7,1,2,1,"","","","","","","","","","","","","","","","","","","","","","","","",12000,1,"","",3,1,2,1,"","","","","","","","","","",3,1,210,1,"","","","","","","","","","","","","","","","","","","","","","","","","","","","","","","","","","","","","","","","","","","","","","","","","","","",""
"83069002","PORQUEROLLES",43.,6.226833,135,1981121115,"","","","",15.,1,260,1,"","","","","","","","","","","","","","","","","","","","","","","","","","","","",14.5,1,10.4,1,"","","","","","","","","","","","","","","","","","","","","","","","","","",78,1,"","","","","","","","","","","","",12.9,1,1001.9,1,"","","","","","",7,1,5,1,6,1,7,1,2,1,"","","","","","","","","","","","","","","","","","","","","","","","",20000,1,"","",2,1,2,1,"","","","","","","","","","",3,1,210,1,"","","","","","","","","","","","","","","","","","","","","","","","","","","","","","","","","","","","","","","","","","","","","","","","","","","",""
"83069002","PORQUEROLLES",43.,6.226833,135,1981121118,"","","","",11.,1,260,1,"","","","","","","","","","","","","","","","","","","","","","","","","","","","",14.5,1,10.4,1,"","","","","","","","","","","","","","","","","","","","","","","","","","",78,1,"","","","","","","","","","","","",12.9,1,1000.9,1,"","","","","","",6,1,6,1,0,1,7,1,0,1,"","","","","","","","","","","","","","","","","","","","","","","","",20000,1,"","",1,1,2,1,"","","","","","","","","","",3,1,210,1,"","","","","","","","","","","","","","","","","","","","","","","","","","","","","","","","","","","","","","","","","","","","","","","","","","","",""
"83069002","PORQUEROLLES",43.,6.226833,135,1981121121,"","","","",10.,1,260,1,"","","","","","","","","","","","","","","","","","","","","","","","","","","","",13.,1,12.2,1,"","","","","","","","","","","","","","","","","","","","","","","","","","",98,1,"","","","","","","","","","","","",14.6,1,999.6,1,"","","","","","",5,1,5,1,0,1,7,1,0,1,"","","","","","","","","","","","","","","","","","","","","","","","",15000,1,"","",1,1,2,1,"","","","","","","","","","",3,1,270,1,"","","","","","","","","","","","","","","","","","","","","","","","","","","","","","","","","","","","","","","","","","","","","","","","","","","",""
"83069002","PORQUEROLLES",43.,6.226833,135,1981121200,"","","","",25.,1,260,1,"","","","","","","","","","","","","","","","","","","","","","","","","","","","",11.5,1,11.5,1,"","","","","","","","","","","","","","","","","","","","","","","","","","",100,1,"","","","","","","","","","","","",13.6,1,1000.9,1,"","","","","","","","","","","","","","","","","","","","","","","","","","","","","","","","","","","","","","","","","","","","","","","","","","","","","","","","","","","","","","","","","","","","","","","","","","","","","","","","","","","","","","","","","","","","","","","","","","","","","","","","","","","","","","","","","",""
"83069002","PORQUEROLLES",43.,6.226833,135,1981121203,"","","","",11.,1,280,1,"","","","","","","","","","","","","","","","","","","","","","","","","","","","",11.5,1,10.2,1,"","","","","","","","","","","","","","","","","","","","","","","","","","",94,1,"","","","","","","","","","","","",12.7,1,999.4,1,"","","","","","",6,1,6,1,5,1,0,1,0,1,"","","","","","","","","","","","","","","","","","","","","","","","",15000,1,"","",0,1,"","","","","","","","","","","","",3,1,270,1,"","","","","","","","","","","","","","","","","","","","","","","","","","","","","","","","","","","","","","","","","","","","","","","","","","","",""
"83069002","PORQUEROLLES",43.,6.226833,135,1981121206,"","","","",12.,1,280,1,"","","","","","","","","","","","","","","","","","","","","","","","","","","","",12.,1,10.7,1,"","","","","","","","","","","","","","","","","","","","","","","","","","",94,1,"","","","","","","","","","","","",13.2,1,999.1,1,"","","","","","",6,1,6,1,5,1,0,1,0,1,"","","","","","","","","","","","","","","","","","","","","","","","",15000,1,"","",2,1,6,1,"","",0,1,"","","","","","",3,1,270,1,"","","","","","","","","","","","","","","","","","","","","","","","","","","","","","","","","","","","","","","","","","","","","","","","","","","",""
"83069002","PORQUEROLLES",43.,6.226833,135,1981121209,"","","","",13.,1,280,1,"","","","","","","","","","","","","","","","","","","","","","","","","","","","",13.,1,10.7,1,"","","","","","","","","","","","","","","","","","","","","","","","","","",88,1,"","","","","","","","","","","","",13.2,1,1001.2,1,"","","","","","",5,1,5,1,2,1,0,1,0,1,"","","","","","","","","","","","","","","","","","","","","","","","",12000,1,"","",1,1,2,1,"","","","","","","","","","",3,1,270,1,"","","","","","","","","","","","","","","","","","","","","","","","","","","","","","","","","","","","","","","","","","","","","","","","","","","",""
"83069002","PORQUEROLLES",43.,6.226833,135,1981121212,"","","","",17.,1,280,1,"","","","","","","","","","","","","","","","","","","","","","","","","","","","",13.6,1,10.4,1,"","","","","","","","","","","","","","","","","","","","","","","","","","",83,1,"","","","","","","","","","","","",12.9,1,999.8,1,"","","","","","",5,1,5,1,2,1,5,1,0,1,"","","","","","","","","","","","","","","","","","","","","","","","",18000,1,"","",1,1,2,1,"","","","","","","","","","",4,1,270,1,"","","","","","","","","","","","","","","","","","","","","","","","","","","","","","","","","","","","","","","","","","","","","","","","","","","",""
"83069002","PORQUEROLLES",43.,6.226833,135,1981121215,"","","","",10.,1,280,1,"","","","","","","","","","","","","","","","","","","","","","","","","","","","",11.3,1,9.6,1,"","","","","","","","","","","","","","","","","","","","","","","","","","",91,1,"","","","","","","","","","","","",12.2,1,998.5,1,"","","","","","",7,1,5,1,0,1,4,1,8,1,"","","","","","","","","","","","","","","","","","","","","","","","",15000,1,"","",3,1,2,1,"","","","","","","","","","",4,1,270,1,"","","","","","","","","","","","","","","","","","","","","","","","","","","","","","","","","","","","","","","","","","","","","","","","","","","",""
"83069002","PORQUEROLLES",43.,6.226833,135,1981121218,"","","","",9.,1,260,1,"","","","","","","","","","","","","","","","","","","","","","","","","","","","",10.5,1,10.5,1,"","","","","","","","","","","","","","","","","","","","","","","","","","",100,1,"","","","","","","","","","","","",12.7,1,997.8,1,"","","","","","",8,1,8,1,7,1,"","","","","","","","","","","","","","","","","","","","","","","","","","","","",15000,1,"","",61,1,6,1,"","","","","","","","","","",4,1,270,1,"","","","","","","","","","","","","","","","","","","","","","","","","","","","","","","","","","","","","","","","","","","","","","","","","","","",""
"83069002","PORQUEROLLES",43.,6.226833,135,1981121221,"","","","",12.,1,260,1,"","","","","","","","","","","","","","","","","","","","","","","","","","","","",13.,1,11.7,1,"","","","","","","","","","","","","","","","","","","","","","","","","","",94,1,"","","","","","","","","","","","",14.1,1,993.,1,"","","","","","",8,1,8,1,7,1,"","","","","","","","","","","","","","","","","","","","","","","","","","","","",12000,1,"","",2,1,6,1,"","","","","","","","","","",4,1,270,1,"","","","","","","","","","","","","","","","","","","","","","","","","","","","","","","","","","","","","","","","","","","","","","","","","","","",""
"83069002","PORQUEROLLES",43.,6.226833,135,1981121300,"","","","",17.,1,280,1,"","","","","","","","","","","","","","","","","","","","","","","","","","","","",12.5,1,10.9,1,"","","","","","","","","","","","","","","","","","","","","","","","","","",96,1,"","","","","","","","","","","","",13.4,1,993.7,1,"","","","","","","","","","","","","","","","","","","","","","","","","","","","","","","","","","","","","","","","","","","","","","","","","","","","","","","","","","","","","","","","","","","","","","","","","","","","","","","","","","","","","","","","","","","","","","","","","","","","","","","","","","","","","","","","","",""
"83069002","PORQUEROLLES",43.,6.226833,135,1981121303,"","","","",12.,1,280,1,"","","","","","","","","","","","","","","","","","","","","","","","","","","","",8.4,1,6.,1,"","","","","","","","","","","","","","","","","","","","","","","","","","",86,1,"","","","","","","","","","","","",9.5,1,996.5,1,"","","","","","",0,1,"","",0,1,0,1,0,1,"","","","","","","","","","","","","","","","","","","","","","","","",30000,1,"","",0,1,"","","","","","","","","","","","",4,1,270,1,"","","","","","","","","","","","","","","","","","","","","","","","","","","","","","","","","","","","","","","","","","","","","","","","","","","",""
"83069002","PORQUEROLLES",43.,6.226833,135,1981121306,"","","","",13.,1,280,1,"","","","","","","","","","","","","","","","","","","","","","","","","","","","",9.5,1,-1.6,1,"","","","","","","","","","","","","","","","","","","","","","","","","","",46,1,"","","","","","","","","","","","",5.4,1,998.6,1,"","","","","","",0,1,"","",0,1,0,1,0,1,"","","","","","","","","","","","","","","","","","","","","","","","",30000,1,"","",2,1,"","","","",0,1,"","","","","","",4,1,270,1,"","","","","","","","","","","","","","","","","","","","","","","","","","","","","","","","","","","","","","","","","","","","","","","","","","","",""
"83069002","PORQUEROLLES",43.,6.226833,135,1981121309,"","","","",14.,1,40,1,"","","","","","","","","","","","","","","","","","","","","","","","","","","","",8.,1,-2.6,1,"","","","","","","","","","","","","","","","","","","","","","","","","","",46,1,"","","","","","","","","","","","",5.,1,1001.6,1,"","","","","","",3,1,0,1,0,1,0,1,4,1,"","","","","","","","","","","","","","","","","","","","","","","","",30000,1,"","",3,1,0,1,"","","","","","","","","","",4,1,50,1,"","","","","","","","","","","","","","","","","","","","","","","","","","","","","","","","","","","","","","","","","","","","","","","","","","","",""
"83069002","PORQUEROLLES",43.,6.226833,135,1981121312,"","","","",3.,1,80,1,"","","","","","","","","","","","","","","","","","","","","","","","","","","","",9.,1,1.8,1,"","","","","","","","","","","","","","","","","","","","","","","","","","",61,1,"","","","","","","","","","","","",7.,1,1004.3,1,"","","","","","",7,1,7,1,0,1,7,1,"","","","","","","","","","","","","","","","","","","","","","","","","","",30000,1,"","",3,1,1,1,"","","","","","","","","","",3,1,90,1,"","","","","","","","","","","","","","","","","","","","","","","","","","","","","","","","","","","","","","","","","","","","","","","","","","","",""
"83069002","PORQUEROLLES",43.,6.226833,135,1981121315,"","","","",12.,1,120,1,"","","","","","","","","","","","","","","","","","","","","","","","","","","","",10.,1,0.1,1,"","","","","","","","","","","","","","","","","","","","","","","","","","",51,1,"","","","","","","","","","","","",6.2,1,1007.2,1,"","","","","","",8,1,8,1,0,1,7,1,"","","","","","","","","","","","","","","","","","","","","","","","","","",20000,1,"","",3,1,2,1,"","","","","","","","","","",4,1,110,1,"","","","","","","","","","","","","","","","","","","","","","","","","","","","","","","","","","","","","","","","","","","","","","","","","","","",""
"83069002","PORQUEROLLES",43.,6.226833,135,1981121318,"","","","",10.,1,120,1,"","","","","","","","","","","","","","","","","","","","","","","","","","","","",5.5,1,4.1,1,"","","","","","","","","","","","","","","","","","","","","","","","","","",92,1,"","","","","","","","","","","","",8.3,1,1007.2,1,"","","","","","",8,1,8,1,0,1,7,1,"","","","","","","","","","","","","","","","","","","","","","","","","","",12000,1,"","",61,1,6,1,"","","","","","","","","","",4,1,110,1,"","","","","","","","","","","","","","","","","","","","","","","","","","","","","","","","","","","","","","","","","","","","","","","","","","","",""
"83069002","PORQUEROLLES",43.,6.226833,135,1981121321,"","","","",13.,1,120,1,"","","","","","","","","","","","","","","","","","","","","","","","","","","","",5.,1,5.,1,"","","","","","","","","","","","","","","","","","","","","","","","","","",100,1,"","","","","","","","","","","","",8.7,1,1005.7,1,"","","","","","",8,1,8,1,0,1,7,1,"","","","","","","","","","","","","","","","","","","","","","","","","","",12000,1,"","",61,1,6,1,"","","","","","","","","","",4,1,110,1,"","","","","","","","","","","","","","","","","","","","","","","","","","","","","","","","","","","","","","","","","","","","","","","","","","","",""
"83069002","PORQUEROLLES",43.,6.226833,135,1981121400,"","","","",15.,1,100,1,"","","","","","","","","","","","","","","","","","","","","","","","","","","","",4.,1,4.,1,"","","","","","","","","","","","","","","","","","","","","","","","","","",100,1,"","","","","","","","","","","","",8.1,1,1002.,1,"","","","","","","","","","","","","","","","","","","","","","","","","","","","","","","","","","","","","","","","","","","","","","","","","","","","","","","","","","","","","","","","","","","","","","","","","","","","","","","","","","","","","","","","","","","","","","","","","","","","","","","","","","","","","","","","","",""
"83069002","PORQUEROLLES",43.,6.226833,135,1981121403,"","","","",10.,1,80,1,"","","","","","","","","","","","","","","","","","","","","","","","","","","","",5.,1,5.,1,"","","","","","","","","","","","","","","","","","","","","","","","","","",100,1,"","","","","","","","","","","","",8.7,1,1003.4,1,"","","","","","",8,1,8,1,0,1,7,1,"","","","","","","","","","","","","","","","","","","","","","","","","","",10000,1,"","",60,1,6,1,"","","","","","","","","","",4,1,90,1,"","","","","","","","","","","","","","","","","","","","","","","","","","","","","","","","","","","","","","","","","","","","","","","","","","","",""
"83069002","PORQUEROLLES",43.,6.226833,135,1981121406,"","","","",4.,1,60,1,"","","","","","","","","","","","","","","","","","","","","","","","","","","","",5.,1,5.,1,"","","","","","","","","","","","","","","","","","","","","","","","","","",100,1,"","","","","","","","","","","","",8.7,1,1003.8,1,"","","","","","",8,1,8,1,0,1,7,1,"","","","","","","","","","","","","","","","","","","","","","","","","","",10000,1,"","",2,1,6,1,"","",0,1,"","","","","","",4,1,70,1,"","","","","","","","","","","","","","","","","","","","","","","","","","","","","","","","","","","","","","","","","","","","","","","","","","","",""
"83069002","PORQUEROLLES",43.,6.226833,135,1981121409,"","","","",2.,1,280,1,"","","","","","","","","","","","","","","","","","","","","","","","","","","","",6.,1,6.,1,"","","","","","","","","","","","","","","","","","","","","","","","","","",100,1,"","","","","","","","","","","","",9.3,1,1004.6,1,"","","","","","",7,1,5,1,7,1,7,1,"","","","","","","","","","","","","","","","","","","","","","","","","","",35000,1,"","",1,1,2,1,"","","","","","","","","","",3,1,90,1,"","","","","","","","","","","","","","","","","","","","","","","","","","","","","","","","","","","","","","","","","","","","","","","","","","","",""
"83069002","PORQUEROLLES",43.,6.226833,135,1981121412,"","","","",6.,1,280,1,"","","","","","","","","","","","","","","","","","","","","","","","","","","","",10.8,1,8.9,1,"","","","","","","","","","","","","","","","","","","","","","","","","","",90,1,"","","","","","","","","","","","",11.6,1,1003.2,1,"","","","","","",5,1,5,1,2,1,7,1,0,1,"","","","","","","","","","","","","","","","","","","","","","","","",20000,1,"","",1,1,2,1,"","","","","","","","","","",3,1,210,1,"","","","","","","","","","","","","","","","","","","","","","","","","","","","","","","","","","","","","","","","","","","","","","","","","","","",""
"83069002","PORQUEROLLES",43.,6.226833,135,1981121415,"","","","",13.,1,280,1,"","","","","","","","","","","","","","","","","","","","","","","","","","","","",9.4,1,7.,1,"","","","","","","","","","","","","","","","","","","","","","","","","","",87,1,"","","","","","","","","","","","",10.2,1,1000.6,1,"","","","","","",7,1,5,1,2,1,7,1,0,1,"","","","","","","","","","","","","","","","","","","","","","","","",20000,1,"","",25,1,2,1,"","","","","","","","","","",4,1,270,1,"","","","","","","","","","","","","","","","","","","","","","","","","","","","","","","","","","","","","","","","","","","","","","","","","","","",""
"83069002","PORQUEROLLES",43.,6.226833,135,1981121418,"","","","",13.,1,300,1,"","","","","","","","","","","","","","","","","","","","","","","","","","","","",9.6,1,6.9,1,"","","","","","","","","","","","","","","","","","","","","","","","","","",85,1,"","","","","","","","","","","","",10.1,1,1002.9,1,"","","","","","",4,1,0,1,0,1,4,1,0,1,"","","","","","","","","","","","","","","","","","","","","","","","",25000,1,"","",1,1,8,1,"","","","","","","","","","",4,1,270,1,"","","","","","","","","","","","","","","","","","","","","","","","","","","","","","","","","","","","","","","","","","","","","","","","","","","",""
"83069002","PORQUEROLLES",43.,6.226833,135,1981121421,"","","","",17.,1,300,1,"","","","","","","","","","","","","","","","","","","","","","","","","","","","",10.,1,5.4,1,"","","","","","","","","","","","","","","","","","","","","","","","","","",75,1,"","","","","","","","","","","","",9.1,1,1004.8,1,"","","","","","",1,1,0,1,0,1,0,1,2,1,"","","","","","","","","","","","","","","","","","","","","","","","",30000,1,"","",1,1,1,1,"","","","","","","","","","",5,1,270,1,"","","","","","","","","","","","","","","","","","","","","","","","","","","","","","","","","","","","","","","","","","","","","","","","","","","",""
"83069002","PORQUEROLLES",43.,6.226833,135,1981121500,"","","","",13.,1,280,1,"","","","","","","","","","","","","","","","","","","","","","","","","","","","",9.,1,4.5,1,"","","","","","","","","","","","","","","","","","","","","","","","","","","","","","","","","","","","","","","","",8.5,1,1007.,1,"","","","","","","","","","","","","","","","","","","","","","","","","","","","","","","","","","","","","","","","","","","","","","","","","","","","","","","","","","","","","","","","","","","","","","","","","","","","","","","","","","","","","","","","","","","","","","","","","","","","","","","","","","","","","","","","","",""
"83069002","PORQUEROLLES",43.,6.226833,135,1981121503,"","","","",12.,1,280,1,"","","","","","","","","","","","","","","","","","","","","","","","","","","","",9.6,1,5.5,1,"","","","","","","","","","","","","","","","","","","","","","","","","","",77,1,"","","","","","","","","","","","",9.1,1,1008.,1,"","","","","","",7,1,7,1,0,1,7,1,"","","","","","","","","","","","","","","","","","","","","","","","","","",30000,1,"","",0,1,"","","","","","","","","","","","",4,1,270,1,"","","","","","","","","","","","","","","","","","","","","","","","","","","","","","","","","","","","","","","","","","","","","","","","","","","",""
"83069002","PORQUEROLLES",43.,6.226833,135,1981121506,"","","","",8.,1,300,1,"","","","","","","","","","","","","","","","","","","","","","","","","","","","",9.2,1,5.3,1,"","","","","","","","","","","","","","","","","","","","","","","","","","",78,1,"","","","","","","","","","","","",9.,1,1008.4,1,"","","","","","",5,1,0,1,0,1,4,1,2,1,"","","","","","","","","","","","","","","","","","","","","","","","",30000,1,"","",1,1,2,1,"","",0,1,"","","","","","",4,1,270,1,"","","","","","","","","","","","","","","","","","","","","","","","","","","","","","","","","","","","","","","","","","","","","","","","","","","",""
"83069002","PORQUEROLLES",43.,6.226833,135,1981121509,"","","","",6.,1,280,1,"","","","","","","","","","","","","","","","","","","","","","","","","","","","",10.5,1,7.7,1,"","","","","","","","","","","","","","","","","","","","","","","","","","",84,1,"","","","","","","","","","","","",10.7,1,1008.8,1,"","","","","","",5,1,0,1,0,1,4,1,2,1,"","","","","","","","","","","","","","","","","","","","","","","","",30000,1,"","",2,1,2,1,"","","","","","","","","","",4,1,270,1,"","","","","","","","","","","","","","","","","","","","","","","","","","","","","","","","","","","","","","","","","","","","","","","","","","","",""
"83069002","PORQUEROLLES",43.,6.226833,135,1981121512,"","","","",12.,1,280,1,"","","","","","","","","","","","","","","","","","","","","","","","","","","","",12.5,1,8.9,1,"","","","","","","","","","","","","","","","","","","","","","","","","","",80,1,"","","","","","","","","","","","",11.6,1,1005.7,1,"","","","","","",7,1,5,1,7,1,7,1,2,1,"","","","","","","","","","","","","","","","","","","","","","","","",18000,1,"","",3,1,2,1,"","","","","","","","","","",4,1,270,1,"","","","","","","","","","","","","","","","","","","","","","","","","","","","","","","","","","","","","","","","","","","","","","","","","","","",""
"83069002","PORQUEROLLES",43.,6.226833,135,1981121515,"","","","",9.,1,300,1,"","","","","","","","","","","","","","","","","","","","","","","","","","","","",12.,1,7.7,1,"","","","","","","","","","","","","","","","","","","","","","","","","","",77,1,"","","","","","","","","","","","",10.7,1,1003.2,1,"","","","","","",7,1,7,1,0,1,7,1,"","","","","","","","","","","","","","","","","","","","","","","","","","",18000,1,"","",2,1,2,1,"","","","","","","","","","",4,1,270,1,"","","","","","","","","","","","","","","","","","","","","","","","","","","","","","","","","","","","","","","","","","","","","","","","","","","",""
"83069002","PORQUEROLLES",43.,6.226833,135,1981121518,"","","","",11.,1,260,1,"","","","","","","","","","","","","","","","","","","","","","","","","","","","",12.,1,9.8,1,"","","","","","","","","","","","","","","","","","","","","","","","","","",88,1,"","","","","","","","","","","","",12.3,1,1002.2,1,"","","","","","",7,1,7,1,0,1,7,1,"","","","","","","","","","","","","","","","","","","","","","","","","","",18000,1,"","",2,1,2,1,"","","","","","","","","","",4,1,270,1,"","","","","","","","","","","","","","","","","","","","","","","","","","","","","","","","","","","","","","","","","","","","","","","","","","","",""
"83069002","PORQUEROLLES",43.,6.226833,135,1981121521,"","","","",9.,1,280,1,"","","","","","","","","","","","","","","","","","","","","","","","","","","","",11.,1,8.8,1,"","","","","","","","","","","","","","","","","","","","","","","","","","",88,1,"","","","","","","","","","","","",11.5,1,1000.8,1,"","","","","","",8,1,8,1,0,1,7,1,"","","","","","","","","","","","","","","","","","","","","","","","","","",18000,1,"","",3,1,2,1,"","","","","","","","","","",4,1,270,1,"","","","","","","","","","","","","","","","","","","","","","","","","","","","","","","","","","","","","","","","","","","","","","","","","","","",""
"83069002","PORQUEROLLES",43.,6.226833,135,1981121600,"","","","",20.,1,280,1,"","","","","","","","","","","","","","","","","","","","","","","","","","","","",14.5,1,12.5,1,"","","","","","","","","","","","","","","","","","","","","","","","","","",90,1,"","","","","","","","","","","","",14.9,1,999.5,1,"","","","","","","","","","","","","","","","","","","","","","","","","","","","","","","","","","","","","","","","","","","","","","","","","","","","","","","","","","","","","","","","","","","","","","","","","","","","","","","","","","","","","","","","","","","","","","","","","","","","","","","","","","","","","","","","","",""
"83069002","PORQUEROLLES",43.,6.226833,135,1981121603,"","","","",18.,1,280,1,"","","","","","","","","","","","","","","","","","","","","","","","","","","","",14.,1,12.7,1,"","","","","","","","","","","","","","","","","","","","","","","","","","",94,1,"","","","","","","","","","","","",15.1,1,996.,1,"","","","","","",8,1,8,1,5,1,"","","","","","","","","","","","","","","","","","","","","","","","","","","","",18000,1,"","",0,1,"","","","","","","","","","","","",4,1,270,1,"","","","","","","","","","","","","","","","","","","","","","","","","","","","","","","","","","","","","","","","","","","","","","","","","","","",""
"83069002","PORQUEROLLES",43.,6.226833,135,1981121606,"","","","",19.,1,280,1,"","","","","","","","","","","","","","","","","","","","","","","","","","","","",14.,1,10.8,1,"","","","","","","","","","","","","","","","","","","","","","","","","","",83,1,"","","","","","","","","","","","",13.3,1,996.,1,"","","","","","",3,1,0,1,5,1,0,1,0,1,"","","","","","","","","","","","","","","","","","","","","","","","",18000,1,"","",1,1,0,1,"","",0,1,"","","","","","",4,1,270,1,"","","","","","","","","","","","","","","","","","","","","","","","","","","","","","","","","","","","","","","","","","","","","","","","","","","",""
"83069002","PORQUEROLLES",43.,6.226833,135,1981121609,"","","","",19.,1,280,1,"","","","","","","","","","","","","","","","","","","","","","","","","","","","",14.,1,10.8,1,"","","","","","","","","","","","","","","","","","","","","","","","","","",83,1,"","","","","","","","","","","","",13.3,1,998.2,1,"","","","","","",5,1,0,1,2,1,0,1,1,1,"","","","","","","","","","","","","","","","","","","","","","","","",18000,1,"","",3,1,1,1,"","","","","","","","","","",4,1,270,1,"","","","","","","","","","","","","","","","","","","","","","","","","","","","","","","","","","","","","","","","","","","","","","","","","","","",""
"83069002","PORQUEROLLES",43.,6.226833,135,1981121612,"","","","",17.,1,280,1,"","","","","","","","","","","","","","","","","","","","","","","","","","","","",14.2,1,7.2,1,"","","","","","","","","","","","","","","","","","","","","","","","","","",63,1,"","","","","","","","","","","","",10.3,1,999.8,1,"","","","","","",2,1,0,1,2,1,0,1,0,1,"","","","","","","","","","","","","","","","","","","","","","","","",15000,1,"","",1,1,1,1,"","","","","","","","","","",5,1,270,1,"","","","","","","","","","","","","","","","","","","","","","","","","","","","","","","","","","","","","","","","","","","","","","","","","","","",""
"83069002","PORQUEROLLES",43.,6.226833,135,1981121615,"","","","",20.,1,280,1,"","","","","","","","","","","","","","","","","","","","","","","","","","","","",13.,1,6.6,1,"","","","","","","","","","","","","","","","","","","","","","","","","","",66,1,"","","","","","","","","","","","",9.9,1,1001.8,1,"","","","","","",0,1,"","",0,1,0,1,0,1,"","","","","","","","","","","","","","","","","","","","","","","","",20000,1,"","",1,1,0,1,"","","","","","","","","","",5,1,270,1,"","","","","","","","","","","","","","","","","","","","","","","","","","","","","","","","","","","","","","","","","","","","","","","","","","","",""
"83069002","PORQUEROLLES",43.,6.226833,135,1981121618,"","","","",10.,1,280,1,"","","","","","","","","","","","","","","","","","","","","","","","","","","","",12.,1,7.7,1,"","","","","","","","","","","","","","","","","","","","","","","","","","",77,1,"","","","","","","","","","","","",10.7,1,1004.,1,"","","","","","",0,1,"","",0,1,0,1,0,1,"","","","","","","","","","","","","","","","","","","","","","","","",20000,1,"","",2,1,0,1,"","","","","","","","","","",4,1,270,1,"","","","","","","","","","","","","","","","","","","","","","","","","","","","","","","","","","","","","","","","","","","","","","","","","","","",""
"83069002","PORQUEROLLES",43.,6.226833,135,1981121621,"","","","",16.,1,280,1,"","","","","","","","","","","","","","","","","","","","","","","","","","","","",11.,1,6.6,1,"","","","","","","","","","","","","","","","","","","","","","","","","","",75,1,"","","","","","","","","","","","",9.9,1,1005.3,1,"","","","","","",0,1,"","",0,1,0,1,0,1,"","","","","","","","","","","","","","","","","","","","","","","","",20000,1,"","",2,1,0,1,"","","","","","","","","","",5,1,270,1,"","","","","","","","","","","","","","","","","","","","","","","","","","","","","","","","","","","","","","","","","","","","","","","","","","","",""
"83069002","PORQUEROLLES",43.,6.226833,135,1981121700,"","","","",17.,1,280,1,"","","","","","","","","","","","","","","","","","","","","","","","","","","","",11.,1,5.6,1,"","","","","","","","","","","","","","","","","","","","","","","","","","",70,1,"","","","","","","","","","","","",9.2,1,1006.2,1,"","","","","","","","","","","","","","","","","","","","","","","","","","","","","","","","","","","","","","","","","","","","","","","","","","","","","","","","","","","","","","","","","","","","","","","","","","","","","","","","","","","","","","","","","","","","","","","","","","","","","","","","","","","","","","","","","",""
"83069002","PORQUEROLLES",43.,6.226833,135,1981121703,"","","","",15.,1,280,1,"","","","","","","","","","","","","","","","","","","","","","","","","","","","",10.,1,6.1,1,"","","","","","","","","","","","","","","","","","","","","","","","","","",77,1,"","","","","","","","","","","","",9.5,1,1007.6,1,"","","","","","",0,1,"","",0,1,0,1,0,1,"","","","","","","","","","","","","","","","","","","","","","","","",15000,1,"","",0,1,"","","","","","","","","","","","",5,1,270,1,"","","","","","","","","","","","","","","","","","","","","","","","","","","","","","","","","","","","","","","","","","","","","","","","","","","",""
"83069002","PORQUEROLLES",43.,6.226833,135,1981121706,"","","","",10.,1,280,1,"","","","","","","","","","","","","","","","","","","","","","","","","","","","",9.,1,5.6,1,"","","","","","","","","","","","","","","","","","","","","","","","","","",80,1,"","","","","","","","","","","","",9.2,1,1008.5,1,"","","","","","",5,1,5,1,0,1,0,1,8,1,"","","","","","","","","","","","","","","","","","","","","","","","",15000,1,"","",3,1,1,1,"","",0,1,"","","","","","",4,1,270,1,"","","","","","","","","","","","","","","","","","","","","","","","","","","","","","","","","","","","","","","","","","","","","","","","","","","",""
"83069002","PORQUEROLLES",43.,6.226833,135,1981121709,"","","","",8.,1,280,1,"","","","","","","","","","","","","","","","","","","","","","","","","","","","",10.3,1,4.7,1,"","","","","","","","","","","","","","","","","","","","","","","","","","",69,1,"","","","","","","","","","","","",8.6,1,1009.9,1,"","","","","","",5,1,5,1,0,1,0,1,8,1,"","","","","","","","","","","","","","","","","","","","","","","","",40000,1,"","",2,1,2,1,"","","","","","","","","","",3,1,270,1,"","","","","","","","","","","","","","","","","","","","","","","","","","","","","","","","","","","","","","","","","","","","","","","","","","","",""
"83069002","PORQUEROLLES",43.,6.226833,135,1981121712,"","","","",9.,1,280,1,"","","","","","","","","","","","","","","","","","","","","","","","","","","","",12.2,1,5.1,1,"","","","","","","","","","","","","","","","","","","","","","","","","","",63,1,"","","","","","","","","","","","",8.9,1,1008.9,1,"","","","","","",3,1,0,1,0,1,4,1,2,1,"","","","","","","","","","","","","","","","","","","","","","","","",35000,1,"","",1,1,1,1,"","","","","","","","","","",4,1,270,1,"","","","","","","","","","","","","","","","","","","","","","","","","","","","","","","","","","","","","","","","","","","","","","","","","","","",""
"83069002","PORQUEROLLES",43.,6.226833,135,1981121715,"","","","",4.,1,260,1,"","","","","","","","","","","","","","","","","","","","","","","","","","","","",11.3,1,5.8,1,"","","","","","","","","","","","","","","","","","","","","","","","","","",70,1,"","","","","","","","","","","","",9.3,1,1008.1,1,"","","","","","",6,1,6,1,0,1,7,1,0,1,"","","","","","","","","","","","","","","","","","","","","","","","",35000,1,"","",3,1,1,1,"","","","","","","","","","",3,1,270,1,"","","","","","","","","","","","","","","","","","","","","","","","","","","","","","","","","","","","","","","","","","","","","","","","","","","",""
"83069002","PORQUEROLLES",43.,6.226833,135,1981121718,"","","","",7.,1,220,1,"","","","","","","","","","","","","","","","","","","","","","","","","","","","",10.3,1,7.3,1,"","","","","","","","","","","","","","","","","","","","","","","","","","",83,1,"","","","","","","","","","","","",10.4,1,1007.3,1,"","","","","","",8,1,8,1,5,1,"","","","","","","","","","","","","","","","","","","","","","","","","","","","",25000,1,"","",61,1,2,1,"","","","","","","","","","",3,1,270,1,"","","","","","","","","","","","","","","","","","","","","","","","","","","","","","","","","","","","","","","","","","","","","","","","","","","",""
"83069002","PORQUEROLLES",43.,6.226833,135,1981121721,"","","","",4.,1,140,1,"","","","","","","","","","","","","","","","","","","","","","","","","","","","",10.6,1,9.9,1,"","","","","","","","","","","","","","","","","","","","","","","","","","",97,1,"","","","","","","","","","","","",12.4,1,1005.7,1,"","","","","","",8,1,8,1,5,1,"","","","","","","","","","","","","","","","","","","","","","","","","","","","",25000,1,"","",2,1,6,1,"","","","","","","","","","",3,1,270,1,"","","","","","","","","","","","","","","","","","","","","","","","","","","","","","","","","","","","","","","","","","","","","","","","","","","",""
"83069002","PORQUEROLLES",43.,6.226833,135,1981121800,"","","","",12.,1,120,1,"","","","","","","","","","","","","","","","","","","","","","","","","","","","",12.,1,11.3,1,"","","","","","","","","","","","","","","","","","","","","","","","","","",98,1,"","","","","","","","","","","","",13.7,1,1002.8,1,"","","","","","","","","","","","","","","","","","","","","","","","","","","","","","","","","","","","","","","","","","","","","","","","","","","","","","","","","","","","","","","","","","","","","","","","","","","","","","","","","","","","","","","","","","","","","","","","","","","","","","","","","","","","","","","","","",""
"83069002","PORQUEROLLES",43.,6.226833,135,1981121803,"","","","",15.,1,160,1,"","","","","","","","","","","","","","","","","","","","","","","","","","","","",13.,1,13.,1,"","","","","","","","","","","","","","","","","","","","","","","","","","",100,1,"","","","","","","","","","","","",15.,1,999.5,1,"","","","","","",8,1,8,1,7,1,"","","","","","","","","","","","","","","","","","","","","","","","","","","","",12000,1,"","",0,1,"","","","","","","","","","","","",3,1,270,1,"","","","","","","","","","","","","","","","","","","","","","","","","","","","","","","","","","","","","","","","","","","","","","","","","","","",""
"83069002","PORQUEROLLES",43.,6.226833,135,1981121806,"","","","",12.,1,160,1,"","","","","","","","","","","","","","","","","","","","","","","","","","","","",13.,1,13.,1,"","","","","","","","","","","","","","","","","","","","","","","","","","",100,1,"","","","","","","","","","","","",15.,1,993.5,1,"","","","","","",8,1,8,1,7,1,"","","","","","","","","","","","","","","","","","","","","","","","","","","","",5000,1,"","",60,1,6,1,"","",0,1,"","","","","","",3,1,270,1,"","","","","","","","","","","","","","","","","","","","","","","","","","","","","","","","","","","","","","","","","","","","","","","","","","","",""
"83069002","PORQUEROLLES",43.,6.226833,135,1981121809,"","","","",11.,1,220,1,"","","","","","","","","","","","","","","","","","","","","","","","","","","","",12.3,1,12.3,1,"","","","","","","","","","","","","","","","","","","","","","","","","","",100,1,"","","","","","","","","","","","",14.3,1,991.,1,"","","","","","",8,1,8,1,7,1,"","","","","","","","","","","","","","","","","","","","","","","","","","","","",8000,1,"","",62,1,6,1,"","","","","","","","","","",3,1,270,1,"","","","","","","","","","","","","","","","","","","","","","","","","","","","","","","","","","","","","","","","","","","","","","","","","","","",""
"83069002","PORQUEROLLES",43.,6.226833,135,1981121812,"","","","",7.,1,280,1,"","","","","","","","","","","","","","","","","","","","","","","","","","","","",12.6,1,7.7,1,"","","","","","","","","","","","","","","","","","","","","","","","","","",73,1,"","","","","","","","","","","","",10.7,1,991.3,1,"","","","","","",6,1,5,1,2,1,7,1,2,1,"","","","","","","","","","","","","","","","","","","","","","","","",35000,1,"","",1,1,6,1,"","","","","","","","","","",4,1,230,1,"","","","","","","","","","","","","","","","","","","","","","","","","","","","","","","","","","","","","","","","","","","","","","","","","","","",""
"83069002","PORQUEROLLES",43.,6.226833,135,1981121815,"","","","",14.,1,300,1,"","","","","","","","","","","","","","","","","","","","","","","","","","","","",8.4,1,8.4,1,"","","","","","","","","","","","","","","","","","","","","","","","","","",100,1,"","","","","","","","","","","","",11.,1,992.1,1,"","","","","","",7,1,5,1,9,1,7,1,"","","","","","","","","","","","","","","","","","","","","","","","","","",12000,1,"","",25,1,2,1,"","","","","","","","","","",4,1,270,1,"","","","","","","","","","","","","","","","","","","","","","","","","","","","","","","","","","","","","","","","","","","","","","","","","","","",""
"83069002","PORQUEROLLES",43.,6.226833,135,1981121818,"","","","",4.,1,280,1,"","","","","","","","","","","","","","","","","","","","","","","","","","","","",8.6,1,5.7,1,"","","","","","","","","","","","","","","","","","","","","","","","","","",84,1,"","","","","","","","","","","","",9.3,1,992.5,1,"","","","","","",7,1,7,1,0,1,7,1,"","","","","","","","","","","","","","","","","","","","","","","","","","",30000,1,"","",1,1,8,1,"","","","","","","","","","",3,1,270,1,"","","","","","","","","","","","","","","","","","","","","","","","","","","","","","","","","","","","","","","","","","","","","","","","","","","",""
"83069002","PORQUEROLLES",43.,6.226833,135,1981121821,"","","","",6.,1,280,1,"","","","","","","","","","","","","","","","","","","","","","","","","","","","",8.5,1,7.2,1,"","","","","","","","","","","","","","","","","","","","","","","","","","",93,1,"","","","","","","","","","","","",10.3,1,993.5,1,"","","","","","",5,1,5,1,0,1,7,1,0,1,"","","","","","","","","","","","","","","","","","","","","","","","",20000,1,"","",1,1,2,1,"","","","","","","","","","",3,1,270,1,"","","","","","","","","","","","","","","","","","","","","","","","","","","","","","","","","","","","","","","","","","","","","","","","","","","",""
"83069002","PORQUEROLLES",43.,6.226833,135,1981121900,"","","","",9.,1,300,1,"","","","","","","","","","","","","","","","","","","","","","","","","","","","",7.4,1,6.,1,"","","","","","","","","","","","","","","","","","","","","","","","","","",93,1,"","","","","","","","","","","","",9.5,1,993.7,1,"","","","","","","","","","","","","","","","","","","","","","","","","","","","","","","","","","","","","","","","","","","","","","","","","","","","","","","","","","","","","","","","","","","","","","","","","","","","","","","","","","","","","","","","","","","","","","","","","","","","","","","","","","","","","","","","","",""
"83069002","PORQUEROLLES",43.,6.226833,135,1981121903,"","","","",8.,1,300,1,"","","","","","","","","","","","","","","","","","","","","","","","","","","","",7.4,1,6.3,1,"","","","","","","","","","","","","","","","","","","","","","","","","","",94,1,"","","","","","","","","","","","",9.7,1,993.1,1,"","","","","","",1,1,0,1,0,1,4,1,0,1,"","","","","","","","","","","","","","","","","","","","","","","","",30000,1,"","",0,1,"","","","","","","","","","","","",3,1,270,1,"","","","","","","","","","","","","","","","","","","","","","","","","","","","","","","","","","","","","","","","","","","","","","","","","","","",""
"83069002","PORQUEROLLES",43.,6.226833,135,1981121906,"","","","",13.,1,300,1,"","","","","","","","","","","","","","","","","","","","","","","","","","","","",4.2,1,1.,1,"","","","","","","","","","","","","","","","","","","","","","","","","","",80,1,"","","","","","","","","","","","",6.6,1,993.3,1,"","","","","","",0,1,"","",0,1,0,1,0,1,"","","","","","","","","","","","","","","","","","","","","","","","",30000,1,"","",1,1,0,1,"","",0,1,"","","","","","",3,1,270,1,"","","","","","","","","","","","","","","","","","","","","","","","","","","","","","","","","","","","","","","","","","","","","","","","","","","",""
"83069002","PORQUEROLLES",43.,6.226833,135,1981121909,"","","","",15.,1,300,1,"","","","","","","","","","","","","","","","","","","","","","","","","","","","",4.5,1,-2.3,1,"","","","","","","","","","","","","","","","","","","","","","","","","","",60,1,"","","","","","","","","","","","",5.1,1,995.4,1,"","","","","","",4,1,0,1,0,1,4,1,2,1,"","","","","","","","","","","","","","","","","","","","","","","","",30000,1,"","",3,1,0,1,"","","","","","","","","","",6,1,270,1,"","","","","","","","","","","","","","","","","","","","","","","","","","","","","","","","","","","","","","","","","","","","","","","","","","","",""
"83069002","PORQUEROLLES",43.,6.226833,135,1981121912,"","","","",9.,1,360,1,"","","","","","","","","","","","","","","","","","","","","","","","","","","","",5.7,1,-4.3,1,"","","","","","","","","","","","","","","","","","","","","","","","","","",48,1,"","","","","","","","","","","","",4.4,1,997.1,1,"","","","","","",5,1,5,1,5,1,0,1,2,1,"","","","","","","","","","","","","","","","","","","","","","","","",25000,1,"","",3,1,1,1,"","","","","","","","","","",6,1,270,1,"","","","","","","","","","","","","","","","","","","","","","","","","","","","","","","","","","","","","","","","","","","","","","","","","","","",""
"83069002","PORQUEROLLES",43.,6.226833,135,1981121915,"","","","",6.,1,360,1,"","","","","","","","","","","","","","","","","","","","","","","","","","","","",5.5,1,-2.6,1,"","","","","","","","","","","","","","","","","","","","","","","","","","",55,1,"","","","","","","","","","","","",5.,1,999.3,1,"","","","","","",6,1,6,1,5,1,0,1,0,1,"","","","","","","","","","","","","","","","","","","","","","","","",30000,1,"","",3,1,2,1,"","","","","","","","","","",5,1,270,1,"","","","","","","","","","","","","","","","","","","","","","","","","","","","","","","","","","","","","","","","","","","","","","","","","","","",""
"83069002","PORQUEROLLES",43.,6.226833,135,1981121918,"","","","",16.,1,20,1,"","","","","","","","","","","","","","","","","","","","","","","","","","","","",5.,1,-5.5,1,"","","","","","","","","","","","","","","","","","","","","","","","","","",46,1,"","","","","","","","","","","","",4.,1,1003.2,1,"","","","","","",8,1,8,1,5,1,"","","","","","","","","","","","","","","","","","","","","","","","","","","","",25000,1,"","",3,1,2,1,"","","","","","","","","","",6,1,270,1,"","","","","","","","","","","","","","","","","","","","","","","","","","","","","","","","","","","","","","","","","","","","","","","","","","","",""
"83069002","PORQUEROLLES",43.,6.226833,135,1981121921,"","","","",9.,1,320,1,"","","","","","","","","","","","","","","","","","","","","","","","","","","","",4.5,1,-8.3,1,"","","","","","","","","","","","","","","","","","","","","","","","","","",38,1,"","","","","","","","","","","","",3.2,1,1006.4,1,"","","","","","",8,1,8,1,5,1,"","","","","","","","","","","","","","","","","","","","","","","","","","","","",25000,1,"","",2,1,2,1,"","","","","","","","","","",5,1,270,1,"","","","","","","","","","","","","","","","","","","","","","","","","","","","","","","","","","","","","","","","","","","","","","","","","","","",""
"83069002","PORQUEROLLES",43.,6.226833,135,1981122000,"","","","",10.,1,20,1,"","","","","","","","","","","","","","","","","","","","","","","","","","","","",4.5,1,-7.9,1,"","","","","","","","","","","","","","","","","","","","","","","","","","",39,1,"","","","","","","","","","","","",3.3,1,1007.4,1,"","","","","","","","","","","","","","","","","","","","","","","","","","","","","","","","","","","","","","","","","","","","","","","","","","","","","","","","","","","","","","","","","","","","","","","","","","","","","","","","","","","","","","","","","","","","","","","","","","","","","","","","","","","","","","","","","",""
"83069002","PORQUEROLLES",43.,6.226833,135,1981122003,"","","","",6.,1,40,1,"","","","","","","","","","","","","","","","","","","","","","","","","","","","",3.7,1,-2.3,1,"","","","","","","","","","","","","","","","","","","","","","","","","","",64,1,"","","","","","","","","","","","",5.1,1,1011.4,1,"","","","","","",0,1,"","",0,1,0,1,0,1,"","","","","","","","","","","","","","","","","","","","","","","","",25000,1,"","",0,1,"","","","","","","","","","","","",4,1,270,1,"","","","","","","","","","","","","","","","","","","","","","","","","","","","","","","","","","","","","","","","","","","","","","","","","","","",""
"83069002","PORQUEROLLES",43.,6.226833,135,1981122006,"","","","",4.,1,20,1,"","","","","","","","","","","","","","","","","","","","","","","","","","","","",4.,1,-1.3,1,"","","","","","","","","","","","","","","","","","","","","","","","","","",67,1,"","","","","","","","","","","","",5.5,1,1013.2,1,"","","","","","",0,1,"","",0,1,0,1,0,1,"","","","","","","","","","","","","","","","","","","","","","","","",25000,1,"","",2,1,0,1,"","",0,1,"","","","","","",3,1,270,1,"","","","","","","","","","","","","","","","","","","","","","","","","","","","","","","","","","","","","","","","","","","","","","","","","","","",""
"83069002","PORQUEROLLES",43.,6.226833,135,1981122009,"","","","",3.,1,20,1,"","","","","","","","","","","","","","","","","","","","","","","","","","","","",5.,1,-0.4,1,"","","","","","","","","","","","","","","","","","","","","","","","","","",67,1,"","","","","","","","","","","","",5.9,1,1014.6,1,"","","","","","",2,1,0,1,0,1,0,1,2,1,"","","","","","","","","","","","","","","","","","","","","","","","",35000,1,"","",3,1,0,1,"","","","","","","","","","",3,1,270,1,"","","","","","","","","","","","","","","","","","","","","","","","","","","","","","","","","","","","","","","","","","","","","","","","","","","",""
"83069002","PORQUEROLLES",43.,6.226833,135,1981122012,"","","","",3.,1,240,1,"","","","","","","","","","","","","","","","","","","","","","","","","","","","",10.6,1,2.4,1,"","","","","","","","","","","","","","","","","","","","","","","","","","",57,1,"","","","","","","","","","","","",7.3,1,1013.5,1,"","","","","","",2,1,0,1,0,1,0,1,2,1,"","","","","","","","","","","","","","","","","","","","","","","","",35000,1,"","",2,1,0,1,"","","","","","","","","","",3,1,270,1,"","","","","","","","","","","","","","","","","","","","","","","","","","","","","","","","","","","","","","","","","","","","","","","","","","","",""
"83069002","PORQUEROLLES",43.,6.226833,135,1981122015,"","","","",3.,1,200,1,"","","","","","","","","","","","","","","","","","","","","","","","","","","","",10.,1,2.9,1,"","","","","","","","","","","","","","","","","","","","","","","","","","",62,1,"","","","","","","","","","","","",7.6,1,1012.6,1,"","","","","","",3,1,0,1,0,1,0,1,2,1,"","","","","","","","","","","","","","","","","","","","","","","","",35000,1,"","",2,1,0,1,"","","","","","","","","","",3,1,270,1,"","","","","","","","","","","","","","","","","","","","","","","","","","","","","","","","","","","","","","","","","","","","","","","","","","","",""
"83069002","PORQUEROLLES",43.,6.226833,135,1981122018,"","","","",4.,1,180,1,"","","","","","","","","","","","","","","","","","","","","","","","","","","","",7.6,1,3.3,1,"","","","","","","","","","","","","","","","","","","","","","","","","","",75,1,"","","","","","","","","","","","",7.8,1,1011.8,1,"","","","","","",5,1,5,1,0,1,0,1,2,1,"","","","","","","","","","","","","","","","","","","","","","","","",25000,1,"","",3,1,1,1,"","","","","","","","","","",3,1,270,1,"","","","","","","","","","","","","","","","","","","","","","","","","","","","","","","","","","","","","","","","","","","","","","","","","","","",""
"83069002","PORQUEROLLES",43.,6.226833,135,1981122021,"","","","",2.,1,160,1,"","","","","","","","","","","","","","","","","","","","","","","","","","","","",7.5,1,5.1,1,"","","","","","","","","","","","","","","","","","","","","","","","","","",86,1,"","","","","","","","","","","","",8.9,1,1010.9,1,"","","","","","",5,1,5,1,0,1,0,1,2,1,"","","","","","","","","","","","","","","","","","","","","","","","",25000,1,"","",2,1,2,1,"","","","","","","","","","",3,1,270,1,"","","","","","","","","","","","","","","","","","","","","","","","","","","","","","","","","","","","","","","","","","","","","","","","","","","",""
"83069002","PORQUEROLLES",43.,6.226833,135,1981122100,"","","","",7.,1,120,1,"","","","","","","","","","","","","","","","","","","","","","","","","","","","",8.,1,6.3,1,"","","","","","","","","","","","","","","","","","","","","","","","","","",91,1,"","","","","","","","","","","","",9.7,1,1008.6,1,"","","","","","","","","","","","","","","","","","","","","","","","","","","","","","","","","","","","","","","","","","","","","","","","","","","","","","","","","","","","","","","","","","","","","","","","","","","","","","","","","","","","","","","","","","","","","","","","","","","","","","","","","","","","","","","","","",""
"83069002","PORQUEROLLES",43.,6.226833,135,1981122103,"","","","",8.,1,160,1,"","","","","","","","","","","","","","","","","","","","","","","","","","","","",11.7,1,9.,1,"","","","","","","","","","","","","","","","","","","","","","","","","","",85,1,"","","","","","","","","","","","",11.7,1,1006.3,1,"","","","","","",6,1,6,1,0,1,0,1,2,1,"","","","","","","","","","","","","","","","","","","","","","","","",30000,1,"","",0,1,"","","","","","","","","","","","",2,1,0,1,"","","","","","","","","","","","","","","","","","","","","","","","","","","","","","","","","","","","","","","","","","","","","","","","","","","",""
"83069002","PORQUEROLLES",43.,6.226833,135,1981122106,"","","","",4.,1,180,1,"","","","","","","","","","","","","","","","","","","","","","","","","","","","",11.5,1,9.8,1,"","","","","","","","","","","","","","","","","","","","","","","","","","",91,1,"","","","","","","","","","","","",12.4,1,1003.9,1,"","","","","","",6,1,6,1,0,1,0,1,2,1,"","","","","","","","","","","","","","","","","","","","","","","","",20000,1,"","",2,1,2,1,"","",0,1,"","","","","","",2,1,0,1,"","","","","","","","","","","","","","","","","","","","","","","","","","","","","","","","","","","","","","","","","","","","","","","","","","","",""
"83069002","PORQUEROLLES",43.,6.226833,135,1981122109,"","","","",10.,1,120,1,"","","","","","","","","","","","","","","","","","","","","","","","","","","","",9.8,1,9.1,1,"","","","","","","","","","","","","","","","","","","","","","","","","","",98,1,"","","","","","","","","","","","",11.8,1,1001.9,1,"","","","","","",8,1,8,1,9,1,"","","","","","","","","","","","","","","","","","","","","","","","","","","","",18000,1,"","",3,1,2,1,"","","","","","","","","","",3,1,90,1,"","","","","","","","","","","","","","","","","","","","","","","","","","","","","","","","","","","","","","","","","","","","","","","","","","","",""
"83069002","PORQUEROLLES",43.,6.226833,135,1981122112,"","","","",4.,1,300,1,"","","","","","","","","","","","","","","","","","","","","","","","","","","","",7.6,1,7.6,1,"","","","","","","","","","","","","","","","","","","","","","","","","","",100,1,"","","","","","","","","","","","",10.4,1,1000.5,1,"","","","","","",8,1,8,1,9,1,"","","","","","","","","","","","","","","","","","","","","","","","","","","","",6000,1,"","",25,1,9,1,"","","","","","","","","","",3,1,270,1,"","","","","","","","","","","","","","","","","","","","","","","","","","","","","","","","","","","","","","","","","","","","","","","","","","","",""
"83069002","PORQUEROLLES",43.,6.226833,135,1981122115,"","","","",3.,1,80,1,"","","","","","","","","","","","","","","","","","","","","","","","","","","","",8.,1,8.,1,"","","","","","","","","","","","","","","","","","","","","","","","","","",100,1,"","","","","","","","","","","","",10.7,1,997.,1,"","","","","","",8,1,8,1,7,1,"","","","","","","","","","","","","","","","","","","","","","","","","","","","",8000,1,"","",61,1,6,1,"","","","","","","","","","",3,1,230,1,"","","","","","","","","","","","","","","","","","","","","","","","","","","","","","","","","","","","","","","","","","","","","","","","","","","",""
"83069002","PORQUEROLLES",43.,6.226833,135,1981122118,"","","","",7.,1,60,1,"","","","","","","","","","","","","","","","","","","","","","","","","","","","",6.4,1,6.4,1,"","","","","","","","","","","","","","","","","","","","","","","","","","",100,1,"","","","","","","","","","","","",9.6,1,996.4,1,"","","","","","",8,1,8,1,7,1,"","","","","","","","","","","","","","","","","","","","","","","","","","","","",12000,1,"","",63,1,6,1,"","","","","","","","","","",3,1,230,1,"","","","","","","","","","","","","","","","","","","","","","","","","","","","","","","","","","","","","","","","","","","","","","","","","","","",""
"83069002","PORQUEROLLES",43.,6.226833,135,1981122121,"","","","",7.,1,40,1,"","","","","","","","","","","","","","","","","","","","","","","","","","","","",4.2,1,4.2,1,"","","","","","","","","","","","","","","","","","","","","","","","","","",100,1,"","","","","","","","","","","","",8.3,1,995.7,1,"","","","","","",8,1,8,1,7,1,"","","","","","","","","","","","","","","","","","","","","","","","","","","","",15000,1,"","",61,1,6,1,"","","","","","","","","","",3,1,90,1,"","","","","","","","","","","","","","","","","","","","","","","","","","","","","","","","","","","","","","","","","","","","","","","","","","","",""
"83069002","PORQUEROLLES",43.,6.226833,135,1981122200,"","","","",5.,1,360,1,"","","","","","","","","","","","","","","","","","","","","","","","","","","","",4.4,1,4.4,1,"","","","","","","","","","","","","","","","","","","","","","","","","","",100,1,"","","","","","","","","","","","",8.4,1,995.8,1,"","","","","","","","","","","","","","","","","","","","","","","","","","","","","","","","","","","","","","","","","","","","","","","","","","","","","","","","","","","","","","","","","","","","","","","","","","","","","","","","","","","","","","","","","","","","","","","","","","","","","","","","","","","","","","","","","",""
"83069002","PORQUEROLLES",43.,6.226833,135,1981122203,"","","","",3.,1,360,1,"","","","","","","","","","","","","","","","","","","","","","","","","","","","",5.,1,4.3,1,"","","","","","","","","","","","","","","","","","","","","","","","","","",97,1,"","","","","","","","","","","","",8.4,1,994.8,1,"","","","","","",8,1,8,1,7,1,"","","","","","","","","","","","","","","","","","","","","","","","","","","","",25000,1,"","",0,1,"","","","","","","","","","","","",2,1,"","","","","","","","","","","","","","","","","","","","","","","","","","","","","","","","","","","","","","","","","","","","","","","","","","","","","",""
"83069002","PORQUEROLLES",43.,6.226833,135,1981122206,"","","","",2.,1,260,1,"","","","","","","","","","","","","","","","","","","","","","","","","","","","",5.4,1,4.3,1,"","","","","","","","","","","","","","","","","","","","","","","","","","",94,1,"","","","","","","","","","","","",8.4,1,993.6,1,"","","","","","",1,1,0,1,0,1,4,1,2,1,"","","","","","","","","","","","","","","","","","","","","","","","",25000,1,"","",1,1,1,1,"","",0,1,"","","","","","",2,1,270,1,"","","","","","","","","","","","","","","","","","","","","","","","","","","","","","","","","","","","","","","","","","","","","","","","","","","",""
"83069002","PORQUEROLLES",43.,6.226833,135,1981122209,"","","","",0.,1,0,1,"","","","","","","","","","","","","","","","","","","","","","","","","","","","",6.5,1,5.3,1,"","","","","","","","","","","","","","","","","","","","","","","","","","",93,1,"","","","","","","","","","","","",9.,1,993.8,1,"","","","","","",6,1,0,1,0,1,4,1,2,1,"","","","","","","","","","","","","","","","","","","","","","","","",30000,1,"","",3,1,2,1,"","","","","","","","","","",2,1,270,1,"","","","","","","","","","","","","","","","","","","","","","","","","","","","","","","","","","","","","","","","","","","","","","","","","","","",""
"83069002","PORQUEROLLES",43.,6.226833,135,1981122212,"","","","",0.,1,0,1,"","","","","","","","","","","","","","","","","","","","","","","","","","","","",8.4,1,6.1,1,"","","","","","","","","","","","","","","","","","","","","","","","","","",86,1,"","","","","","","","","","","","",9.5,1,993.1,1,"","","","","","",7,1,7,1,5,1,"","","","","","","","","","","","","","","","","","","","","","","","","","","","",35000,1,"","",3,1,2,1,"","","","","","","","","","",2,1,90,1,"","","","","","","","","","","","","","","","","","","","","","","","","","","","","","","","","","","","","","","","","","","","","","","","","","","",""
"83069002","PORQUEROLLES",43.,6.226833,135,1981122215,"","","","",0.,1,0,1,"","","","","","","","","","","","","","","","","","","","","","","","","","","","",8.5,1,6.2,1,"","","","","","","","","","","","","","","","","","","","","","","","","","",87,1,"","","","","","","","","","","","",9.6,1,992.2,1,"","","","","","",8,1,8,1,5,1,"","","","","","","","","","","","","","","","","","","","","","","","","","","","",30000,1,"","",3,1,2,1,"","","","","","","","","","",2,1,90,1,"","","","","","","","","","","","","","","","","","","","","","","","","","","","","","","","","","","","","","","","","","","","","","","","","","","",""
"83069002","PORQUEROLLES",43.,6.226833,135,1981122218,"","","","",5.,1,100,1,"","","","","","","","","","","","","","","","","","","","","","","","","","","","",8.,1,6.8,1,"","","","","","","","","","","","","","","","","","","","","","","","","","",93,1,"","","","","","","","","","","","",10.,1,993.2,1,"","","","","","",8,1,8,1,5,1,"","","","","","","","","","","","","","","","","","","","","","","","","","","","",25000,1,"","",2,1,2,1,"","","","","","","","","","",2,1,90,1,"","","","","","","","","","","","","","","","","","","","","","","","","","","","","","","","","","","","","","","","","","","","","","","","","","","",""
"83069002","PORQUEROLLES",43.,6.226833,135,1981122221,"","","","",5.,1,360,1,"","","","","","","","","","","","","","","","","","","","","","","","","","","","",7.,1,7.,1,"","","","","","","","","","","","","","","","","","","","","","","","","","",100,1,"","","","","","","","","","","","",10.,1,995.7,1,"","","","","","",8,1,8,1,5,1,"","","","","","","","","","","","","","","","","","","","","","","","","","","","",25000,1,"","",2,1,2,1,"","","","","","","","","","",2,1,90,1,"","","","","","","","","","","","","","","","","","","","","","","","","","","","","","","","","","","","","","","","","","","","","","","","","","","",""
"83069002","PORQUEROLLES",43.,6.226833,135,1981122300,"","","","",5.,1,320,1,"","","","","","","","","","","","","","","","","","","","","","","","","","","","",7.5,1,4.5,1,"","","","","","","","","","","","","","","","","","","","","","","","","","","","","","","","","","","","","","","","",8.5,1,996.2,1,"","","","","","","","","","","","","","","","","","","","","","","","","","","","","","","","","","","","","","","","","","","","","","","","","","","","","","","","","","","","","","","","","","","","","","","","","","","","","","","","","","","","","","","","","","","","","","","","","","","","","","","","","","","","","","","","","",""
"83069002","PORQUEROLLES",43.,6.226833,135,1981122303,"","","","",7.,1,280,1,"","","","","","","","","","","","","","","","","","","","","","","","","","","","",7.,1,3.4,1,"","","","","","","","","","","","","","","","","","","","","","","","","","",78,1,"","","","","","","","","","","","",7.9,1,996.,1,"","","","","","",0,1,"","",0,1,0,1,0,1,"","","","","","","","","","","","","","","","","","","","","","","","",25000,1,"","",0,1,"","","","","","","","","","","","",3,1,270,1,"","","","","","","","","","","","","","","","","","","","","","","","","","","","","","","","","","","","","","","","","","","","","","","","","","","",""
"83069002","PORQUEROLLES",43.,6.226833,135,1981122306,"","","","",15.,1,280,1,"","","","","","","","","","","","","","","","","","","","","","","","","","","","",7.,1,3.4,1,"","","","","","","","","","","","","","","","","","","","","","","","","","",78,1,"","","","","","","","","","","","",7.9,1,996.5,1,"","","","","","",0,1,"","",0,1,0,1,0,1,"","","","","","","","","","","","","","","","","","","","","","","","",25000,1,"","",2,1,0,1,"","",0,1,"","","","","","",3,1,270,1,"","","","","","","","","","","","","","","","","","","","","","","","","","","","","","","","","","","","","","","","","","","","","","","","","","","",""
"83069002","PORQUEROLLES",43.,6.226833,135,1981122309,"","","","",5.,1,300,1,"","","","","","","","","","","","","","","","","","","","","","","","","","","","",7.5,1,4.,1,"","","","","","","","","","","","","","","","","","","","","","","","","","",79,1,"","","","","","","","","","","","",8.2,1,998.7,1,"","","","","","",7,1,7,1,0,1,5,1,"","","","","","","","","","","","","","","","","","","","","","","","","","",30000,1,"","",3,1,1,1,"","","","","","","","","","",3,1,270,1,"","","","","","","","","","","","","","","","","","","","","","","","","","","","","","","","","","","","","","","","","","","","","","","","","","","",""
"83069002","PORQUEROLLES",43.,6.226833,135,1981122312,"","","","",7.,1,280,1,"","","","","","","","","","","","","","","","","","","","","","","","","","","","",8.5,1,3.8,1,"","","","","","","","","","","","","","","","","","","","","","","","","","",72,1,"","","","","","","","","","","","",8.1,1,998.3,1,"","","","","","",8,1,8,1,0,1,7,1,"","","","","","","","","","","","","","","","","","","","","","","","","","",30000,1,"","",2,1,1,1,"","","","","","","","","","",3,1,270,1,"","","","","","","","","","","","","","","","","","","","","","","","","","","","","","","","","","","","","","","","","","","","","","","","","","","",""
"83069002","PORQUEROLLES",43.,6.226833,135,1981122315,"","","","",4.,1,280,1,"","","","","","","","","","","","","","","","","","","","","","","","","","","","",9.6,1,2.,1,"","","","","","","","","","","","","","","","","","","","","","","","","","",60,1,"","","","","","","","","","","","",7.1,1,997.4,1,"","","","","","",6,1,6,1,0,1,7,1,0,1,"","","","","","","","","","","","","","","","","","","","","","","","",30000,1,"","",1,1,2,1,"","","","","","","","","","",3,1,270,1,"","","","","","","","","","","","","","","","","","","","","","","","","","","","","","","","","","","","","","","","","","","","","","","","","","","",""
"83069002","PORQUEROLLES",43.,6.226833,135,1981122318,"","","","",5.,1,260,1,"","","","","","","","","","","","","","","","","","","","","","","","","","","","",8.6,1,4.9,1,"","","","","","","","","","","","","","","","","","","","","","","","","","",78,1,"","","","","","","","","","","","",8.8,1,998.8,1,"","","","","","",8,1,8,1,0,1,7,1,"","","","","","","","","","","","","","","","","","","","","","","","","","",20000,1,"","",3,1,2,1,"","","","","","","","","","",3,1,270,1,"","","","","","","","","","","","","","","","","","","","","","","","","","","","","","","","","","","","","","","","","","","","","","","","","","","",""
"83069002","PORQUEROLLES",43.,6.226833,135,1981122321,"","","","",4.,1,280,1,"","","","","","","","","","","","","","","","","","","","","","","","","","","","",7.7,1,5.3,1,"","","","","","","","","","","","","","","","","","","","","","","","","","",86,1,"","","","","","","","","","","","",9.,1,999.2,1,"","","","","","",5,1,5,1,0,1,7,1,0,1,"","","","","","","","","","","","","","","","","","","","","","","","",20000,1,"","",1,1,2,1,"","","","","","","","","","",3,1,270,1,"","","","","","","","","","","","","","","","","","","","","","","","","","","","","","","","","","","","","","","","","","","","","","","","","","","",""
"83069002","PORQUEROLLES",43.,6.226833,135,1981122400,"","","","",5.,1,280,1,"","","","","","","","","","","","","","","","","","","","","","","","","","","","",7.8,1,5.1,1,"","","","","","","","","","","","","","","","","","","","","","","","","","",84,1,"","","","","","","","","","","","",8.9,1,998.3,1,"","","","","","","","","","","","","","","","","","","","","","","","","","","","","","","","","","","","","","","","","","","","","","","","","","","","","","","","","","","","","","","","","","","","","","","","","","","","","","","","","","","","","","","","","","","","","","","","","","","","","","","","","","","","","","","","","",""
"83069002","PORQUEROLLES",43.,6.226833,135,1981122403,"","","","",6.,1,280,1,"","","","","","","","","","","","","","","","","","","","","","","","","","","","",9.,1,9.,1,"","","","","","","","","","","","","","","","","","","","","","","","","","",100,1,"","","","","","","","","","","","",11.5,1,997.5,1,"","","","","","",8,1,8,1,5,1,"","","","","","","","","","","","","","","","","","","","","","","","","","","","",16000,1,"","",61,1,"","","","","","","","","","","","",3,1,270,1,"","","","","","","","","","","","","","","","","","","","","","","","","","","","","","","","","","","","","","","","","","","","","","","","","","","",""
"83069002","PORQUEROLLES",43.,6.226833,135,1981122406,"","","","",6.,1,280,1,"","","","","","","","","","","","","","","","","","","","","","","","","","","","",8.4,1,8.4,1,"","","","","","","","","","","","","","","","","","","","","","","","","","",100,1,"","","","","","","","","","","","",11.,1,997.1,1,"","","","","","",8,1,8,1,5,1,"","","","","","","","","","","","","","","","","","","","","","","","","","","","",15000,1,"","",61,1,6,1,"","",0,1,"","","","","","",3,1,270,1,"","","","","","","","","","","","","","","","","","","","","","","","","","","","","","","","","","","","","","","","","","","","","","","","","","","",""
"83069002","PORQUEROLLES",43.,6.226833,135,1981122409,"","","","",3.,1,60,1,"","","","","","","","","","","","","","","","","","","","","","","","","","","","",7.,1,7.,1,"","","","","","","","","","","","","","","","","","","","","","","","","","",100,1,"","","","","","","","","","","","",10.,1,997.6,1,"","","","","","",8,1,8,1,5,1,"","","","","","","","","","","","","","","","","","","","","","","","","","","","",15000,1,"","",21,1,6,1,"","","","","","","","","","",3,1,270,1,"","","","","","","","","","","","","","","","","","","","","","","","","","","","","","","","","","","","","","","","","","","","","","","","","","","",""
"83069002","PORQUEROLLES",43.,6.226833,135,1981122412,"","","","",9.,1,260,1,"","","","","","","","","","","","","","","","","","","","","","","","","","","","",11.,1,6.6,1,"","","","","","","","","","","","","","","","","","","","","","","","","","",75,1,"","","","","","","","","","","","",9.9,1,996.9,1,"","","","","","",5,1,5,1,8,1,0,1,0,1,"","","","","","","","","","","","","","","","","","","","","","","","",30000,1,"","",1,1,6,1,"","","","","","","","","","",3,1,270,1,"","","","","","","","","","","","","","","","","","","","","","","","","","","","","","","","","","","","","","","","","","","","","","","","","","","",""
"83069002","PORQUEROLLES",43.,6.226833,135,1981122415,"","","","",22.,1,260,1,"","","","","","","","","","","","","","","","","","","","","","","","","","","","",9.5,1,8.2,1,"","","","","","","","","","","","","","","","","","","","","","","","","","",93,1,"","","","","","","","","","","","",11.1,1,994.4,1,"","","","","","",8,1,8,1,8,1,"","","","","","","","","","","","","","","","","","","","","","","","","","","","",20000,1,"","",3,1,2,1,"","","","","","","","","","",6,1,270,1,"","","","","","","","","","","","","","","","","","","","","","","","","","","","","","","","","","","","","","","","","","","","","","","","","","","",""
"83069002","PORQUEROLLES",43.,6.226833,135,1981122418,"","","","",22.,1,280,1,"","","","","","","","","","","","","","","","","","","","","","","","","","","","",9.5,1,6.,1,"","","","","","","","","","","","","","","","","","","","","","","","","","",80,1,"","","","","","","","","","","","",9.5,1,996.,1,"","","","","","",8,1,8,1,8,1,"","","","","","","","","","","","","","","","","","","","","","","","","","","","",15000,1,"","",2,1,2,1,"","","","","","","","","","",5,1,270,1,"","","","","","","","","","","","","","","","","","","","","","","","","","","","","","","","","","","","","","","","","","","","","","","","","","","",""
"83069002","PORQUEROLLES",43.,6.226833,135,1981122421,"","","","",22.,1,220,1,"","","","","","","","","","","","","","","","","","","","","","","","","","","","",8.4,1,2.7,1,"","","","","","","","","","","","","","","","","","","","","","","","","","",68,1,"","","","","","","","","","","","",7.5,1,998.7,1,"","","","","","",3,1,0,1,0,1,4,1,0,1,"","","","","","","","","","","","","","","","","","","","","","","","",30000,1,"","",1,1,1,1,"","","","","","","","","","",5,1,270,1,"","","","","","","","","","","","","","","","","","","","","","","","","","","","","","","","","","","","","","","","","","","","","","","","","","","",""
"83069002","PORQUEROLLES",43.,6.226833,135,1981122500,"","","","",15.,1,280,1,"","","","","","","","","","","","","","","","","","","","","","","","","","","","",7.2,1,4.7,1,"","","","","","","","","","","","","","","","","","","","","","","","","","",85,1,"","","","","","","","","","","","",8.6,1,1001.8,1,"","","","","","","","","","","","","","","","","","","","","","","","","","","","","","","","","","","","","","","","","","","","","","","","","","","","","","","","","","","","","","","","","","","","","","","","","","","","","","","","","","","","","","","","","","","","","","","","","","","","","","","","","","","","","","","","","",""
"83069002","PORQUEROLLES",43.,6.226833,135,1981122503,"","","","",15.,1,280,1,"","","","","","","","","","","","","","","","","","","","","","","","","","","","",7.,1,3.5,1,"","","","","","","","","","","","","","","","","","","","","","","","","","",78,1,"","","","","","","","","","","","",7.9,1,1004.1,1,"","","","","","",0,1,"","",0,1,0,1,0,1,"","","","","","","","","","","","","","","","","","","","","","","","",10000,1,"","",0,1,"","","","","","","","","","","","",5,1,270,1,"","","","","","","","","","","","","","","","","","","","","","","","","","","","","","","","","","","","","","","","","","","","","","","","","","","",""
"83069002","PORQUEROLLES",43.,6.226833,135,1981122506,"","","","",11.,1,280,1,"","","","","","","","","","","","","","","","","","","","","","","","","","","","",5.,1,-0.2,1,"","","","","","","","","","","","","","","","","","","","","","","","","","",69,1,"","","","","","","","","","","","",6.,1,1007.4,1,"","","","","","",0,1,"","",0,1,0,1,0,1,"","","","","","","","","","","","","","","","","","","","","","","","",20000,1,"","",2,1,0,1,"","",0,1,"","","","","","",5,1,270,1,"","","","","","","","","","","","","","","","","","","","","","","","","","","","","","","","","","","","","","","","","","","","","","","","","","","",""
"83069002","PORQUEROLLES",43.,6.226833,135,1981122509,"","","","",11.,1,280,1,"","","","","","","","","","","","","","","","","","","","","","","","","","","","",5.4,1,-0.9,1,"","","","","","","","","","","","","","","","","","","","","","","","","","",63,1,"","","","","","","","","","","","",5.7,1,1009.9,1,"","","","","","",2,1,0,1,0,1,0,1,1,1,"","","","","","","","","","","","","","","","","","","","","","","","",25000,1,"","",3,1,0,1,"","","","","","","","","","",5,1,270,1,"","","","","","","","","","","","","","","","","","","","","","","","","","","","","","","","","","","","","","","","","","","","","","","","","","","",""
"83069002","PORQUEROLLES",43.,6.226833,135,1981122512,"","","","",11.,1,320,1,"","","","","","","","","","","","","","","","","","","","","","","","","","","","",7.2,1,-4.,1,"","","","","","","","","","","","","","","","","","","","","","","","","","",44,1,"","","","","","","","","","","","",4.5,1,1008.3,1,"","","","","","",2,1,0,1,0,1,0,1,2,1,"","","","","","","","","","","","","","","","","","","","","","","","",25000,1,"","",2,1,0,1,"","","","","","","","","","",5,1,270,1,"","","","","","","","","","","","","","","","","","","","","","","","","","","","","","","","","","","","","","","","","","","","","","","","","","","",""
"83069002","PORQUEROLLES",43.,6.226833,135,1981122515,"","","","",13.,1,340,1,"","","","","","","","","","","","","","","","","","","","","","","","","","","","",7.5,1,-3.5,1,"","","","","","","","","","","","","","","","","","","","","","","","","","",45,1,"","","","","","","","","","","","",4.7,1,1008.8,1,"","","","","","",3,1,0,1,0,1,0,1,2,1,"","","","","","","","","","","","","","","","","","","","","","","","",20000,1,"","",2,1,0,1,"","","","","","","","","","",5,1,270,1,"","","","","","","","","","","","","","","","","","","","","","","","","","","","","","","","","","","","","","","","","","","","","","","","","","","",""
"83069002","PORQUEROLLES",43.,6.226833,135,1981122518,"","","","",10.,1,320,1,"","","","","","","","","","","","","","","","","","","","","","","","","","","","",5.8,1,-4.3,1,"","","","","","","","","","","","","","","","","","","","","","","","","","",48,1,"","","","","","","","","","","","",4.4,1,1010.6,1,"","","","","","",2,1,0,1,0,1,0,1,2,1,"","","","","","","","","","","","","","","","","","","","","","","","",20000,1,"","",2,1,0,1,"","","","","","","","","","",5,1,270,1,"","","","","","","","","","","","","","","","","","","","","","","","","","","","","","","","","","","","","","","","","","","","","","","","","","","",""
"83069002","PORQUEROLLES",43.,6.226833,135,1981122521,"","","","",9.,1,320,1,"","","","","","","","","","","","","","","","","","","","","","","","","","","","",5.,1,-4.,1,"","","","","","","","","","","","","","","","","","","","","","","","","","",52,1,"","","","","","","","","","","","",4.5,1,1011.5,1,"","","","","","",0,1,"","",0,1,0,1,0,1,"","","","","","","","","","","","","","","","","","","","","","","","",20000,1,"","",1,1,0,1,"","","","","","","","","","",5,1,270,1,"","","","","","","","","","","","","","","","","","","","","","","","","","","","","","","","","","","","","","","","","","","","","","","","","","","",""
"83069002","PORQUEROLLES",43.,6.226833,135,1981122600,"","","","",5.,1,340,1,"","","","","","","","","","","","","","","","","","","","","","","","","","","","",4.3,1,-3.4,1,"","","","","","","","","","","","","","","","","","","","","","","","","","",57,1,"","","","","","","","","","","","",4.7,1,1011.9,1,"","","","","","","","","","","","","","","","","","","","","","","","","","","","","","","","","","","","","","","","","","","","","","","","","","","","","","","","","","","","","","","","","","","","","","","","","","","","","","","","","","","","","","","","","","","","","","","","","","","","","","","","","","","","","","","","","",""
"83069002","PORQUEROLLES",43.,6.226833,135,1981122603,"","","","",7.,1,340,1,"","","","","","","","","","","","","","","","","","","","","","","","","","","","",3.9,1,-4.3,1,"","","","","","","","","","","","","","","","","","","","","","","","","","",55,1,"","","","","","","","","","","","",4.4,1,1011.9,1,"","","","","","",0,1,"","",0,1,0,1,0,1,"","","","","","","","","","","","","","","","","","","","","","","","",30000,1,"","",0,1,"","","","","","","","","","","","",5,1,270,1,"","","","","","","","","","","","","","","","","","","","","","","","","","","","","","","","","","","","","","","","","","","","","","","","","","","",""
"83069002","PORQUEROLLES",43.,6.226833,135,1981122606,"","","","",5.,1,320,1,"","","","","","","","","","","","","","","","","","","","","","","","","","","","",3.5,1,-3.7,1,"","","","","","","","","","","","","","","","","","","","","","","","","","",58,1,"","","","","","","","","","","","",4.6,1,1011.7,1,"","","","","","",0,1,"","",0,1,0,1,0,1,"","","","","","","","","","","","","","","","","","","","","","","","",30000,1,"","",2,1,0,1,"","",0,1,"","","","","","",5,1,270,1,"","","","","","","","","","","","","","","","","","","","","","","","","","","","","","","","","","","","","","","","","","","","","","","","","","","",""
"83069002","PORQUEROLLES",43.,6.226833,135,1981122609,"","","","",5.,1,20,1,"","","","","","","","","","","","","","","","","","","","","","","","","","","","",3.5,1,-3.7,1,"","","","","","","","","","","","","","","","","","","","","","","","","","",58,1,"","","","","","","","","","","","",4.6,1,1013.8,1,"","","","","","",0,1,"","",0,1,0,1,0,1,"","","","","","","","","","","","","","","","","","","","","","","","",30000,1,"","",2,1,0,1,"","","","","","","","","","",3,1,270,1,"","","","","","","","","","","","","","","","","","","","","","","","","","","","","","","","","","","","","","","","","","","","","","","","","","","",""
"83069002","PORQUEROLLES",43.,6.226833,135,1981122612,"","","","",3.,1,120,1,"","","","","","","","","","","","","","","","","","","","","","","","","","","","",8.8,1,1.,1,"","","","","","","","","","","","","","","","","","","","","","","","","","",58,1,"","","","","","","","","","","","",6.6,1,1013.6,1,"","","","","","",1,1,0,1,1,1,0,1,0,1,"","","","","","","","","","","","","","","","","","","","","","","","",30000,1,"","",3,1,0,1,"","","","","","","","","","",3,1,270,1,"","","","","","","","","","","","","","","","","","","","","","","","","","","","","","","","","","","","","","","","","","","","","","","","","","","",""
"83069002","PORQUEROLLES",43.,6.226833,135,1981122615,"","","","",2.,1,120,1,"","","","","","","","","","","","","","","","","","","","","","","","","","","","",9.7,1,4.5,1,"","","","","","","","","","","","","","","","","","","","","","","","","","",70,1,"","","","","","","","","","","","",8.5,1,1013.1,1,"","","","","","",2,1,0,1,0,1,0,1,2,1,"","","","","","","","","","","","","","","","","","","","","","","","",30000,1,"","",2,1,0,1,"","","","","","","","","","",2,1,270,1,"","","","","","","","","","","","","","","","","","","","","","","","","","","","","","","","","","","","","","","","","","","","","","","","","","","",""
"83069002","PORQUEROLLES",43.,6.226833,135,1981122618,"","","","",4.,1,120,1,"","","","","","","","","","","","","","","","","","","","","","","","","","","","",6.,1,3.4,1,"","","","","","","","","","","","","","","","","","","","","","","","","","",85,1,"","","","","","","","","","","","",7.9,1,1013.3,1,"","","","","","",2,1,0,1,0,1,0,1,2,1,"","","","","","","","","","","","","","","","","","","","","","","","",30000,1,"","",2,1,0,1,"","","","","","","","","","",2,1,270,1,"","","","","","","","","","","","","","","","","","","","","","","","","","","","","","","","","","","","","","","","","","","","","","","","","","","",""
"83069002","PORQUEROLLES",43.,6.226833,135,1981122621,"","","","",5.,1,120,1,"","","","","","","","","","","","","","","","","","","","","","","","","","","","",7.,1,3.3,1,"","","","","","","","","","","","","","","","","","","","","","","","","","",78,1,"","","","","","","","","","","","",7.8,1,1012.7,1,"","","","","","",2,1,0,1,0,1,0,1,2,1,"","","","","","","","","","","","","","","","","","","","","","","","",30000,1,"","",2,1,0,1,"","","","","","","","","","",2,1,270,1,"","","","","","","","","","","","","","","","","","","","","","","","","","","","","","","","","","","","","","","","","","","","","","","","","","","",""
"83069002","PORQUEROLLES",43.,6.226833,135,1981122700,"","","","",6.,1,120,1,"","","","","","","","","","","","","","","","","","","","","","","","","","","","",7.6,1,3.1,1,"","","","","","","","","","","","","","","","","","","","","","","","","","",74,1,"","","","","","","","","","","","",7.7,1,1012.,1,"","","","","","","","","","","","","","","","","","","","","","","","","","","","","","","","","","","","","","","","","","","","","","","","","","","","","","","","","","","","","","","","","","","","","","","","","","","","","","","","","","","","","","","","","","","","","","","","","","","","","","","","","","","","","","","","","",""
"83069002","PORQUEROLLES",43.,6.226833,135,1981122703,"","","","",8.,1,120,1,"","","","","","","","","","","","","","","","","","","","","","","","","","","","",8.6,1,3.4,1,"","","","","","","","","","","","","","","","","","","","","","","","","","",71,1,"","","","","","","","","","","","",7.9,1,1010.7,1,"","","","","","",7,1,7,1,0,1,5,1,"","","","","","","","","","","","","","","","","","","","","","","","","","",18000,1,"","",0,1,"","","","","","","","","","","","",3,1,"","","","","","","","","","","","","","","","","","","","","","","","","","","","","","","","","","","","","","","","","","","","","","","","","","","","","",""
"83069002","PORQUEROLLES",43.,6.226833,135,1981122706,"","","","",12.,1,120,1,"","","","","","","","","","","","","","","","","","","","","","","","","","","","",7.2,1,4.8,1,"","","","","","","","","","","","","","","","","","","","","","","","","","",85,1,"","","","","","","","","","","","",8.7,1,1009.,1,"","","","","","",8,1,8,1,5,1,"","","","","","","","","","","","","","","","","","","","","","","","","","","","",15000,1,"","",60,1,6,1,"","",0,1,"","","","","","",4,1,"","","","","","","","","","","","","","","","","","","","","","","","","","","","","","","","","","","","","","","","","","","","","","","","","","","","","",""
"83069002","PORQUEROLLES",43.,6.226833,135,1981122709,"","","","",13.,1,120,1,"","","","","","","","","","","","","","","","","","","","","","","","","","","","",6.5,1,6.5,1,"","","","","","","","","","","","","","","","","","","","","","","","","","",100,1,"","","","","","","","","","","","",9.7,1,1008.,1,"","","","","","",8,1,8,1,5,1,"","","","","","","","","","","","","","","","","","","","","","","","","","","","",15000,1,"","",60,1,6,1,"","","","","","","","","","",4,1,130,1,"","","","","","","","","","","","","","","","","","","","","","","","","","","","","","","","","","","","","","","","","","","","","","","","","","","",""
"83069002","PORQUEROLLES",43.,6.226833,135,1981122712,"","","","",20.,1,100,1,"","","","","","","","","","","","","","","","","","","","","","","","","","","","",7.,1,7.,1,"","","","","","","","","","","","","","","","","","","","","","","","","","",100,1,"","","","","","","","","","","","",10.,1,1005.3,1,"","","","","","",8,1,8,1,5,1,"","","","","","","","","","","","","","","","","","","","","","","","","","","","",8000,1,"","",60,1,6,1,"","","","","","","","","","",4,1,130,1,"","","","","","","","","","","","","","","","","","","","","","","","","","","","","","","","","","","","","","","","","","","","","","","","","","","",""
"83069002","PORQUEROLLES",43.,6.226833,135,1981122715,"","","","",19.,1,120,1,"","","","","","","","","","","","","","","","","","","","","","","","","","","","",7.5,1,7.5,1,"","","","","","","","","","","","","","","","","","","","","","","","","","",100,1,"","","","","","","","","","","","",10.4,1,1003.8,1,"","","","","","",8,1,8,1,5,1,"","","","","","","","","","","","","","","","","","","","","","","","","","","","",15000,1,"","",60,1,6,1,"","","","","","","","","","",4,1,130,1,"","","","","","","","","","","","","","","","","","","","","","","","","","","","","","","","","","","","","","","","","","","","","","","","","","","",""
"83069002","PORQUEROLLES",43.,6.226833,135,1981122718,"","","","",20.,1,120,1,"","","","","","","","","","","","","","","","","","","","","","","","","","","","",7.5,1,6.2,1,"","","","","","","","","","","","","","","","","","","","","","","","","","",93,1,"","","","","","","","","","","","",9.6,1,1002.9,1,"","","","","","",8,1,8,1,5,1,"","","","","","","","","","","","","","","","","","","","","","","","","","","","",15000,1,"","",2,1,6,1,"","","","","","","","","","",4,1,130,1,"","","","","","","","","","","","","","","","","","","","","","","","","","","","","","","","","","","","","","","","","","","","","","","","","","","",""
"83069002","PORQUEROLLES",43.,6.226833,135,1981122721,"","","","",26.,1,100,1,"","","","","","","","","","","","","","","","","","","","","","","","","","","","",7.5,1,6.2,1,"","","","","","","","","","","","","","","","","","","","","","","","","","",93,1,"","","","","","","","","","","","",9.6,1,1004.1,1,"","","","","","",8,1,8,1,5,1,"","","","","","","","","","","","","","","","","","","","","","","","","","","","",15000,1,"","",2,1,2,1,"","","","","","","","","","",4,1,"","","","","","","","","","","","","","","","","","","","","","","","","","","","","","","","","","","","","","","","","","","","","","","","","","","","","",""
"83069002","PORQUEROLLES",43.,6.226833,135,1981122800,"","","","",25.,1,100,1,"","","","","","","","","","","","","","","","","","","","","","","","","","","","",9.8,1,9.,1,"","","","","","","","","","","","","","","","","","","","","","","","","","",97,1,"","","","","","","","","","","","",11.7,1,1003.4,1,"","","","","","","","","","","","","","","","","","","","","","","","","","","","","","","","","","","","","","","","","","","","","","","","","","","","","","","","","","","","","","","","","","","","","","","","","","","","","","","","","","","","","","","","","","","","","","","","","","","","","","","","","","","","","","","","","",""
"83069002","PORQUEROLLES",43.,6.226833,135,1981122803,"","","","",23.,1,100,1,"","","","","","","","","","","","","","","","","","","","","","","","","","","","",6.,1,3.4,1,"","","","","","","","","","","","","","","","","","","","","","","","","","",85,1,"","","","","","","","","","","","",7.9,1,1002.7,1,"","","","","","",8,1,8,1,5,1,"","","","","","","","","","","","","","","","","","","","","","","","","","","","",15000,1,"","",0,1,"","","","","","","","","","","","",4,1,90,1,"","","","","","","","","","","","","","","","","","","","","","","","","","","","","","","","","","","","","","","","","","","","","","","","","","","",""
"83069002","PORQUEROLLES",43.,6.226833,135,1981122806,"","","","",16.,1,100,1,"","","","","","","","","","","","","","","","","","","","","","","","","","","","",8.,1,6.6,1,"","","","","","","","","","","","","","","","","","","","","","","","","","",93,1,"","","","","","","","","","","","",9.9,1,1003.7,1,"","","","","","",8,1,8,1,5,1,"","","","","","","","","","","","","","","","","","","","","","","","","","","","",15000,1,"","",2,1,2,1,"","",0,1,"","","","","","",4,1,90,1,"","","","","","","","","","","","","","","","","","","","","","","","","","","","","","","","","","","","","","","","","","","","","","","","","","","",""
"83069002","PORQUEROLLES",43.,6.226833,135,1981122809,"","","","",15.,1,100,1,"","","","","","","","","","","","","","","","","","","","","","","","","","","","",8.2,1,7.6,1,"","","","","","","","","","","","","","","","","","","","","","","","","","",97,1,"","","","","","","","","","","","",10.6,1,1003.9,1,"","","","","","",8,1,8,1,5,1,"","","","","","","","","","","","","","","","","","","","","","","","","","","","",12000,1,"","",2,1,2,1,"","","","","","","","","","",4,1,90,1,"","","","","","","","","","","","","","","","","","","","","","","","","","","","","","","","","","","","","","","","","","","","","","","","","","","",""
"83069002","PORQUEROLLES",43.,6.226833,135,1981122812,"","","","",17.,1,100,1,"","","","","","","","","","","","","","","","","","","","","","","","","","","","",8.2,1,7.6,1,"","","","","","","","","","","","","","","","","","","","","","","","","","",97,1,"","","","","","","","","","","","",10.6,1,1003.4,1,"","","","","","",8,1,8,1,5,1,"","","","","","","","","","","","","","","","","","","","","","","","","","","","",14000,1,"","",2,1,2,1,"","","","","","","","","","",4,1,90,1,"","","","","","","","","","","","","","","","","","","","","","","","","","","","","","","","","","","","","","","","","","","","","","","","","","","",""
"83069002","PORQUEROLLES",43.,6.226833,135,1981122815,"","","","",15.,1,120,1,"","","","","","","","","","","","","","","","","","","","","","","","","","","","",9.,1,8.3,1,"","","","","","","","","","","","","","","","","","","","","","","","","","",97,1,"","","","","","","","","","","","",11.2,1,1002.1,1,"","","","","","",8,1,8,1,7,1,"","","","","","","","","","","","","","","","","","","","","","","","","","","","",8000,1,"","",2,1,2,1,"","","","","","","","","","",4,1,90,1,"","","","","","","","","","","","","","","","","","","","","","","","","","","","","","","","","","","","","","","","","","","","","","","","","","","",""
"83069002","PORQUEROLLES",43.,6.226833,135,1981122818,"","","","",17.,1,120,1,"","","","","","","","","","","","","","","","","","","","","","","","","","","","",9.4,1,9.4,1,"","","","","","","","","","","","","","","","","","","","","","","","","","",100,1,"","","","","","","","","","","","",11.8,1,1000.2,1,"","","","","","",8,1,8,1,7,1,"","","","","","","","","","","","","","","","","","","","","","","","","","","","",5000,1,"","",62,1,6,1,"","","","","","","","","","",5,1,90,1,"","","","","","","","","","","","","","","","","","","","","","","","","","","","","","","","","","","","","","","","","","","","","","","","","","","",""
"83069002","PORQUEROLLES",43.,6.226833,135,1981122821,"","","","",14.,1,120,1,"","","","","","","","","","","","","","","","","","","","","","","","","","","","",11.,1,11.,1,"","","","","","","","","","","","","","","","","","","","","","","","","","",100,1,"","","","","","","","","","","","",13.1,1,998.4,1,"","","","","","",8,1,8,1,7,1,"","","","","","","","","","","","","","","","","","","","","","","","","","","","",10000,1,"","",21,1,6,1,"","","","","","","","","","",5,1,90,1,"","","","","","","","","","","","","","","","","","","","","","","","","","","","","","","","","","","","","","","","","","","","","","","","","","","",""
"83069002","PORQUEROLLES",43.,6.226833,135,1981122900,"","","","",15.,1,140,1,"","","","","","","","","","","","","","","","","","","","","","","","","","","","",13.,1,13.,1,"","","","","","","","","","","","","","","","","","","","","","","","","","",100,1,"","","","","","","","","","","","",15.,1,996.3,1,"","","","","","","","","","","","","","","","","","","","","","","","","","","","","","","","","","","","","","","","","","","","","","","","","","","","","","","","","","","","","","","","","","","","","","","","","","","","","","","","","","","","","","","","","","","","","","","","","","","","","","","","","","","","","","","","","",""
"83069002","PORQUEROLLES",43.,6.226833,135,1981122903,"","","","",13.,1,200,1,"","","","","","","","","","","","","","","","","","","","","","","","","","","","",13.,1,11.2,1,"","","","","","","","","","","","","","","","","","","","","","","","","","",91,1,"","","","","","","","","","","","",13.6,1,992.3,1,"","","","","","",8,1,8,1,5,1,"","","","","","","","","","","","","","","","","","","","","","","","","","","","",20000,1,"","",0,1,"","","","","","","","","","","","",4,1,210,1,"","","","","","","","","","","","","","","","","","","","","","","","","","","","","","","","","","","","","","","","","","","","","","","","","","","",""
"83069002","PORQUEROLLES",43.,6.226833,135,1981122906,"","","","",6.,1,240,1,"","","","","","","","","","","","","","","","","","","","","","","","","","","","",12.2,1,9.6,1,"","","","","","","","","","","","","","","","","","","","","","","","","","",86,1,"","","","","","","","","","","","",12.2,1,993.3,1,"","","","","","",5,1,5,1,0,1,7,1,0,1,"","","","","","","","","","","","","","","","","","","","","","","","",20000,1,"","",1,1,2,1,"","",0,1,"","","","","","",4,1,210,1,"","","","","","","","","","","","","","","","","","","","","","","","","","","","","","","","","","","","","","","","","","","","","","","","","","","",""
"83069002","PORQUEROLLES",43.,6.226833,135,1981122909,"","","","",8.,1,240,1,"","","","","","","","","","","","","","","","","","","","","","","","","","","","",12.,1,9.8,1,"","","","","","","","","","","","","","","","","","","","","","","","","","",88,1,"","","","","","","","","","","","",12.4,1,994.9,1,"","","","","","",5,1,5,1,2,1,0,1,0,1,"","","","","","","","","","","","","","","","","","","","","","","","",12000,1,"","",2,1,2,1,"","","","","","","","","","",4,1,210,1,"","","","","","","","","","","","","","","","","","","","","","","","","","","","","","","","","","","","","","","","","","","","","","","","","","","",""
"83069002","PORQUEROLLES",43.,6.226833,135,1981122912,"","","","",10.,1,220,1,"","","","","","","","","","","","","","","","","","","","","","","","","","","","",13.5,1,9.3,1,"","","","","","","","","","","","","","","","","","","","","","","","","","",77,1,"","","","","","","","","","","","",12.,1,994.9,1,"","","","","","",3,1,0,1,2,1,4,1,0,1,"","","","","","","","","","","","","","","","","","","","","","","","",15000,1,"","",1,1,1,1,"","","","","","","","","","",4,1,210,1,"","","","","","","","","","","","","","","","","","","","","","","","","","","","","","","","","","","","","","","","","","","","","","","","","","","",""
"83069002","PORQUEROLLES",43.,6.226833,135,1981122915,"","","","",11.,1,240,1,"","","","","","","","","","","","","","","","","","","","","","","","","","","","",12.4,1,9.3,1,"","","","","","","","","","","","","","","","","","","","","","","","","","",84,1,"","","","","","","","","","","","",12.,1,994.2,1,"","","","","","",3,1,0,1,2,1,0,1,2,1,"","","","","","","","","","","","","","","","","","","","","","","","",12000,1,"","",2,1,0,1,"","","","","","","","","","",4,1,210,1,"","","","","","","","","","","","","","","","","","","","","","","","","","","","","","","","","","","","","","","","","","","","","","","","","","","",""
"83069002","PORQUEROLLES",43.,6.226833,135,1981122918,"","","","",9.,1,260,1,"","","","","","","","","","","","","","","","","","","","","","","","","","","","",11.,1,8.7,1,"","","","","","","","","","","","","","","","","","","","","","","","","","",87,1,"","","","","","","","","","","","",11.5,1,995.6,1,"","","","","","",1,1,0,1,2,1,0,1,0,1,"","","","","","","","","","","","","","","","","","","","","","","","",10000,1,"","",1,1,0,1,"","","","","","","","","","",4,1,210,1,"","","","","","","","","","","","","","","","","","","","","","","","","","","","","","","","","","","","","","","","","","","","","","","","","","","",""
"83069002","PORQUEROLLES",43.,6.226833,135,1981122921,"","","","",7.,1,260,1,"","","","","","","","","","","","","","","","","","","","","","","","","","","","",11.,1,8.7,1,"","","","","","","","","","","","","","","","","","","","","","","","","","",87,1,"","","","","","","","","","","","",11.5,1,998.4,1,"","","","","","",0,1,"","",0,1,0,1,0,1,"","","","","","","","","","","","","","","","","","","","","","","","",10000,1,"","",2,1,0,1,"","","","","","","","","","",4,1,210,1,"","","","","","","","","","","","","","","","","","","","","","","","","","","","","","","","","","","","","","","","","","","","","","","","","","","",""
"83069002","PORQUEROLLES",43.,6.226833,135,1981123000,"","","","",5.,1,260,1,"","","","","","","","","","","","","","","","","","","","","","","","","","","","",10.6,1,7.6,1,"","","","","","","","","","","","","","","","","","","","","","","","","","",83,1,"","","","","","","","","","","","",10.6,1,1000.4,1,"","","","","","","","","","","","","","","","","","","","","","","","","","","","","","","","","","","","","","","","","","","","","","","","","","","","","","","","","","","","","","","","","","","","","","","","","","","","","","","","","","","","","","","","","","","","","","","","","","","","","","","","","","","","","","","","","",""
"83069002","PORQUEROLLES",43.,6.226833,135,1981123003,"","","","",5.,1,200,1,"","","","","","","","","","","","","","","","","","","","","","","","","","","","",11.4,1,9.1,1,"","","","","","","","","","","","","","","","","","","","","","","","","","",88,1,"","","","","","","","","","","","",11.8,1,1001.8,1,"","","","","","",0,1,"","",0,1,0,1,0,1,"","","","","","","","","","","","","","","","","","","","","","","","",18000,1,"","",0,1,"","","","","","","","","","","","",3,1,"","","","","","","","","","","","","","","","","","","","","","","","","","","","","","","","","","","","","","","","","","","","","","","","","","","","","",""
"83069002","PORQUEROLLES",43.,6.226833,135,1981123006,"","","","",6.,1,160,1,"","","","","","","","","","","","","","","","","","","","","","","","","","","","",12.,1,9.8,1,"","","","","","","","","","","","","","","","","","","","","","","","","","",88,1,"","","","","","","","","","","","",12.4,1,1002.5,1,"","","","","","",7,1,7,1,0,1,2,1,"","","","","","","","","","","","","","","","","","","","","","","","","","",15000,1,"","",3,1,1,1,"","",0,1,"","","","","","",4,1,210,1,"","","","","","","","","","","","","","","","","","","","","","","","","","","","","","","","","","","","","","","","","","","","","","","","","","","",""
"83069002","PORQUEROLLES",43.,6.226833,135,1981123009,"","","","",11.,1,120,1,"","","","","","","","","","","","","","","","","","","","","","","","","","","","",11.8,1,11.8,1,"","","","","","","","","","","","","","","","","","","","","","","","","","",100,1,"","","","","","","","","","","","",13.8,1,1002.9,1,"","","","","","",8,1,8,1,7,1,"","","","","","","","","","","","","","","","","","","","","","","","","","","","",10000,1,"","",60,1,6,1,"","","","","","","","","","",4,1,230,1,"","","","","","","","","","","","","","","","","","","","","","","","","","","","","","","","","","","","","","","","","","","","","","","","","","","",""
"83069002","PORQUEROLLES",43.,6.226833,135,1981123012,"","","","",10.,1,140,1,"","","","","","","","","","","","","","","","","","","","","","","","","","","","",12.4,1,12.4,1,"","","","","","","","","","","","","","","","","","","","","","","","","","",100,1,"","","","","","","","","","","","",14.4,1,1000.9,1,"","","","","","",8,1,8,1,7,1,"","","","","","","","","","","","","","","","","","","","","","","","","","","","",8000,1,"","",2,1,6,1,"","","","","","","","","","",4,1,230,1,"","","","","","","","","","","","","","","","","","","","","","","","","","","","","","","","","","","","","","","","","","","","","","","","","","","",""
"83069002","PORQUEROLLES",43.,6.226833,135,1981123015,"","","","",13.,1,140,1,"","","","","","","","","","","","","","","","","","","","","","","","","","","","",13.,1,11.7,1,"","","","","","","","","","","","","","","","","","","","","","","","","","",94,1,"","","","","","","","","","","","",14.1,1,998.9,1,"","","","","","",8,1,8,1,7,1,7,1,"","","","","","","","","","","","","","","","","","","","","","","","","","",10000,1,"","",1,1,2,1,"","","","","","","","","","",4,1,170,1,"","","","","","","","","","","","","","","","","","","","","","","","","","","","","","","","","","","","","","","","","","","","","","","","","","","",""
"83069002","PORQUEROLLES",43.,6.226833,135,1981123018,"","","","",15.,1,140,1,"","","","","","","","","","","","","","","","","","","","","","","","","","","","",13.2,1,11.7,1,"","","","","","","","","","","","","","","","","","","","","","","","","","",93,1,"","","","","","","","","","","","",14.1,1,997.6,1,"","","","","","",8,1,8,1,0,1,7,1,"","","","","","","","","","","","","","","","","","","","","","","","","","",10000,1,"","",2,1,2,1,"","","","","","","","","","",4,1,170,1,"","","","","","","","","","","","","","","","","","","","","","","","","","","","","","","","","","","","","","","","","","","","","","","","","","","",""
"83069002","PORQUEROLLES",43.,6.226833,135,1981123021,"","","","",9.,1,160,1,"","","","","","","","","","","","","","","","","","","","","","","","","","","","",13.5,1,11.8,1,"","","","","","","","","","","","","","","","","","","","","","","","","","",92,1,"","","","","","","","","","","","",14.2,1,998.6,1,"","","","","","",8,1,8,1,0,1,7,1,"","","","","","","","","","","","","","","","","","","","","","","","","","",12000,1,"","",2,1,2,1,"","","","","","","","","","",4,1,170,1,"","","","","","","","","","","","","","","","","","","","","","","","","","","","","","","","","","","","","","","","","","","","","","","","","","","",""
"83069002","PORQUEROLLES",43.,6.226833,135,1981123100,"","","","",12.,1,200,1,"","","","","","","","","","","","","","","","","","","","","","","","","","","","",13.2,1,12.5,1,"","","","","","","","","","","","","","","","","","","","","","","","","","",96,1,"","","","","","","","","","","","",14.9,1,998.4,1,"","","","","","","","","","","","","","","","","","","","","","","","","","","","","","","","","","","","","","","","","","","","","","","","","","","","","","","","","","","","","","","","","","","","","","","","","","","","","","","","","","","","","","","","","","","","","","","","","","","","","","","","","","","","","","","","","",""
"83069002","PORQUEROLLES",43.,6.226833,135,1981123103,"","","","",6.,1,200,1,"","","","","","","","","","","","","","","","","","","","","","","","","","","","",13.,1,11.7,1,"","","","","","","","","","","","","","","","","","","","","","","","","","",94,1,"","","","","","","","","","","","",14.1,1,999.4,1,"","","","","","",8,1,8,1,0,1,7,1,"","","","","","","","","","","","","","","","","","","","","","","","","","",15000,1,"","",0,1,"","","","","","","","","","","","",4,1,170,1,"","","","","","","","","","","","","","","","","","","","","","","","","","","","","","","","","","","","","","","","","","","","","","","","","","","",""
"83069002","PORQUEROLLES",43.,6.226833,135,1981123106,"","","","",7.,1,200,1,"","","","","","","","","","","","","","","","","","","","","","","","","","","","",12.8,1,11.6,1,"","","","","","","","","","","","","","","","","","","","","","","","","","",95,1,"","","","","","","","","","","","",14.,1,1000.1,1,"","","","","","",8,1,8,1,0,1,7,1,"","","","","","","","","","","","","","","","","","","","","","","","","","",10000,1,"","",2,1,2,1,"","",0,1,"","","","","","",3,1,170,1,"","","","","","","","","","","","","","","","","","","","","","","","","","","","","","","","","","","","","","","","","","","","","","","","","","","",""
"83069002","PORQUEROLLES",43.,6.226833,135,1981123109,"","","","",9.,1,200,1,"","","","","","","","","","","","","","","","","","","","","","","","","","","","",13.,1,11.6,1,"","","","","","","","","","","","","","","","","","","","","","","","","","",94,1,"","","","","","","","","","","","",14.,1,1001.1,1,"","","","","","",8,1,8,1,5,1,"","","","","","","","","","","","","","","","","","","","","","","","","","","","",8000,1,"","",60,1,6,1,"","","","","","","","","","",4,1,170,1,"","","","","","","","","","","","","","","","","","","","","","","","","","","","","","","","","","","","","","","","","","","","","","","","","","","",""
"83069002","PORQUEROLLES",43.,6.226833,135,1981123112,"","","","",6.,1,200,1,"","","","","","","","","","","","","","","","","","","","","","","","","","","","",12.4,1,12.4,1,"","","","","","","","","","","","","","","","","","","","","","","","","","",100,1,"","","","","","","","","","","","",14.4,1,1003.1,1,"","","","","","",8,1,8,1,5,1,2,1,"","","","","","","","","","","","","","","","","","","","","","","","","","",8000,1,"","",60,1,6,1,"","","","","","","","","","",4,1,170,1,"","","","","","","","","","","","","","","","","","","","","","","","","","","","","","","","","","","","","","","","","","","","","","","","","","","",""
"83069002","PORQUEROLLES",43.,6.226833,135,1981123115,"","","","",6.,1,160,1,"","","","","","","","","","","","","","","","","","","","","","","","","","","","",13.,1,13.,1,"","","","","","","","","","","","","","","","","","","","","","","","","","",100,1,"","","","","","","","","","","","",15.,1,1002.3,1,"","","","","","",8,1,8,1,5,1,2,1,"","","","","","","","","","","","","","","","","","","","","","","","","","",10000,1,"","",1,1,6,1,"","","","","","","","","","",3,1,150,1,"","","","","","","","","","","","","","","","","","","","","","","","","","","","","","","","","","","","","","","","","","","","","","","","","","","",""
"83069002","PORQUEROLLES",43.,6.226833,135,1981123118,"","","","",9.,1,200,1,"","","","","","","","","","","","","","","","","","","","","","","","","","","","",12.5,1,12.5,1,"","","","","","","","","","","","","","","","","","","","","","","","","","",100,1,"","","","","","","","","","","","",14.5,1,1002.3,1,"","","","","","",7,1,7,1,5,1,2,1,"","","","","","","","","","","","","","","","","","","","","","","","","","",10000,1,"","",2,1,2,1,"","","","","","","","","","",3,1,170,1,"","","","","","","","","","","","","","","","","","","","","","","","","","","","","","","","","","","","","","","","","","","","","","","","","","","",""
"83069002","PORQUEROLLES",43.,6.226833,135,1981123121,"","","","",5.,1,160,1,"","","","","","","","","","","","","","","","","","","","","","","","","","","","",12.,1,12.,1,"","","","","","","","","","","","","","","","","","","","","","","","","","",100,1,"","","","","","","","","","","","",14.,1,1003.6,1,"","","","","","",5,1,0,1,5,1,4,1,0,1,"","","","","","","","","","","","","","","","","","","","","","","","",10000,1,"","",1,1,2,1,"","","","","","","","","","",3,1,170,1,"","","","","","","","","","","","","","","","","","","","","","","","","","","","","","","","","","","","","","","","","","","","","","","","","","","",""
